Country Name,Albania,Angola,Australia,Azerbaijan,Bangladesh,Belarus,Belgium,Bolivia,Brazil,Bulgaria,Cambodia,Cameroon,Canada,Chile,China,Colombia,Costa Rica,Croatia,Czech Republic,Denmark,Ecuador,"Egypt, Arab Rep.",El Salvador,Estonia,Finland,France,Georgia,Germany,Ghana,Guatemala,Honduras,Hungary,India,Indonesia,Israel,Italy,Jamaica,Japan,Jordan,Kazakhstan,Kenya,"Korea, Rep.",Kyrgyz Republic,Latvia,Lithuania,Malaysia,Mexico,Mongolia,Morocco,Nepal,Netherlands,New Zealand,Nigeria,North Macedonia,Norway,Oman,Pakistan,Panama,Paraguay,Peru,Philippines,Poland,Portugal,Romania,Russian Federation,Saudi Arabia,Senegal,Slovak Republic,South Africa,Spain,Sri Lanka,Sweden,Switzerland,Tanzania,Thailand,Tunisia,Turkey,Ukraine,United Kingdom,United States,Uruguay
Albania,1.0,0.12204610322217227,1.7806708091404717,0.771441908172835,0.2871251500120525,0.3523306830441099,0.8797742819317751,0.19881891966438509,0.4079686995259867,0.4697398911076144,0.3362114075144132,0.08000840477365367,0.36674197039585854,0.09244477396252687,0.3958584366194353,0.17700600006502118,0.056655915278606334,0.29521747272426924,1.097904445462581,0.2781068657064479,0.851186152032509,0.0904268664958968,0.1321925076490663,0.3106489756509011,0.3974620470907156,0.7381077890843929,0.46053722359547844,0.23176672895493064,0.1287257433546114,0.1962293951613643,0.3148286478577685,1.2386161723957496,0.23629437499067404,0.20529035381516192,0.31236201149521037,0.4934474597944045,0.22225069644542053,0.11616352616600034,0.48900928609225236,0.1830355629885633,0.1599728907995094,0.3463908102828954,0.2628696729932847,1.292130478116547,0.48020642874105923,0.15418721179908387,0.08986646026679478,0.265858961679543,0.31772307924854193,0.29253432124439216,0.7493832938618405,1.4545882837360642,0.0922952264341852,0.42333294860263765,0.17973184527278707,0.1630345371781873,0.15412786232610917,0.033468842293569126,0.7928650174742186,0.7782333007332992,0.1383703994706227,0.22875173136023136,0.5256187590983052,0.33596954226438064,0.17124695101171983,0.37109687936638347,0.14476404695091757,1.531926875424537,0.2601852967712729,0.819276059464972,0.6541105246881677,0.14781905363820413,0.577626626649424,0.11681701887643135,0.18342718790225104,0.2832832493876047,0.20007778845572413,0.43758542325201183,0.5294897792712855,0.692614152448909,0.49554300306038485
Angola,0.12204610322217227,1.0,1.615224744732429,0.720264080039074,0.16005655071082847,0.355624429767605,0.751048360987845,0.07914283453490527,0.42519378003333047,0.4534739498300254,0.21308695799159177,0.05338876282394882,0.401083617071006,0.15851247226852383,0.30462344463297,0.22851979109972134,0.07966579402740238,0.3141802196110014,0.960095999133356,0.15943415611365583,0.7991718711547712,0.12698117724732316,0.1767833043168898,0.20955844301088453,0.4018543640724049,0.7014575167138875,0.31869789892826245,0.24598809772793956,0.03793915629236625,0.08233137180284913,0.18257897070927592,1.1438397210409048,0.10365582776916214,0.09298575328070749,0.2400944994771414,0.4798581609381341,0.10323488734521867,0.09395821203104061,0.33253010753017564,0.1894395578684155,0.054162515559662464,0.37127961154353833,0.2862003115322591,1.2527674357828789,0.38224268487513186,0.215867707189208,0.12195722572263008,0.13068468254293994,0.20499310500376045,0.17961586704759427,0.6982778890147766,1.2778314234526567,0.030235110851090787,0.33026755858230583,0.12015047339580961,0.07516795799230884,0.04578281605815971,0.0921130155672403,0.7609683967293484,0.7329667158649543,0.1354999628502547,0.28466780584444723,0.5232576312065785,0.3295062328296822,0.16486626416740657,0.21953737553382596,0.030405263059881074,1.4832900104863984,0.2620669112625859,0.7646064152095201,0.6270688012937062,0.1067668325153263,0.47026296371133314,0.026708604217666552,0.23101276808817492,0.15219036778874184,0.07617924191320985,0.397836119031099,0.3949268693748566,0.652726943986313,0.4799568002594573
Australia,1.7806708091404717,1.615224744732429,1.0,1.3728785908453074,1.7843726834927924,1.3453767802608543,1.4706820713017772,1.695203024335035,1.3024502784032814,1.3772461170932702,1.824118563459729,1.5342852934756779,1.2884906294928224,1.3864324880118326,1.5651304572166302,1.345487864041598,1.4892318983658355,1.4109391330938397,1.3249119086914538,1.745410784286328,2.0517194770205553,1.4579843264894576,1.4149110235848126,1.6694496015079234,1.420004393952967,1.2861140867603027,1.8369012692933366,1.4465149433425368,1.5851201020441867,1.6947397654379686,1.8219919184698634,1.3405482335023058,1.7404629126627431,1.654762502154141,1.503641976058995,1.4092666486881171,1.7299119423378873,1.5365935192072901,1.9863908651770446,1.4486189591268341,1.6155296267133368,1.2739008907199696,1.3237641912534326,1.1943719029084516,1.529901937491588,1.3320628241660966,1.4673492450991417,1.8074681015992677,1.7297765102259353,1.7824582308935972,1.488509863721687,1.8901718858308985,1.551960179540209,1.6384890171276874,1.598541149295313,1.6339911095356616,1.642847323529352,1.450627225671817,1.5625861377165735,1.4470702419452046,1.5121766135870172,1.2773889246390089,1.3566054429733527,1.409773131914479,1.48342744953629,1.8918759191035042,1.618719629513163,1.2631843282401884,1.5010422259754614,1.4575101772976773,1.721841809111786,1.505179959756199,1.6705039332852996,1.5930917966764209,1.3295833254324316,1.756226212359608,1.722650488051443,1.427945061885533,1.7025025601694002,1.462725698045255,1.489275573683247
Azerbaijan,0.771441908172835,0.720264080039074,1.3728785908453074,1.0,1.2443672220887172,0.7118251317289142,1.514933769029915,1.132253466986312,0.5097775858026469,1.0647315428947852,1.3390881244907444,0.9660678206952257,0.6240029467916666,0.8140745355927771,1.0895629996116825,0.6982816026066107,0.9244701888102137,0.8524739187869392,0.8969313354548122,1.0314061630771327,0.719951202800657,0.855871545689635,0.8021237230268103,0.9238228371334023,0.5749093368153981,0.6099247128280717,1.1258134947364817,0.7012404358614694,1.0890033976039257,1.130207342181998,1.2573592222886958,0.7662793720292445,1.1187085944685686,1.0565888179386524,1.3012446177696464,0.895813024463937,1.158565644310051,0.9528651675687834,1.2391695306594317,0.6962473688963198,1.0956761249074884,0.5787802866536113,0.5926344545953406,0.8014396200553973,1.351767157260348,0.7279420517720749,0.8292003258834344,1.143736197238966,1.3166707583797381,1.2981996790979775,0.5185138786862289,1.559021292561879,1.0174890859058896,1.2507967642833058,1.0263208727107287,1.1025892582294001,1.0660181382051097,0.9469932931922637,0.8042004604721898,0.6419468201318305,0.7731706127229816,1.0223136026328294,0.576449394793155,0.8956758516385056,0.9780054589658285,1.0523622231124292,1.0748724017755134,0.696184405763101,0.6008931472515787,0.594056715755816,0.5780395252152891,1.0285094202279534,1.5653281355240667,1.0068399231536223,0.8603293808053524,1.1549643539996075,1.0426497917094437,0.5448394922179256,1.1034134853770192,0.49747257574961623,0.4035992765005198
Bangladesh,0.2871251500120525,0.16005655071082847,1.7843726834927924,1.2443672220887172,1.0,0.40713966608465296,0.6089948656309649,0.06924632228655259,0.46885934034348664,0.44451684319943097,0.055715803984203394,0.16400125368406365,0.4549493940090989,0.2541176892252593,0.22725910756795295,0.3139943028983777,0.18899872855069513,0.36619697866210754,0.784932647053611,0.15066851614047092,0.7466739437870245,0.22225532419191443,0.26945640782450836,0.2080904067534358,0.4470487935101687,0.687629742721739,0.16798786380345787,0.32019612871326475,0.1139719176056102,0.07699979897098769,0.021369675283078208,0.9814175973122271,0.061107870911597494,0.1143238370247801,0.1894834211581315,0.5112401174555349,0.06250373145570338,0.18547101973944802,0.15396301953074923,0.27473664874132997,0.10432391822053115,0.4285396804575388,0.35648412296305626,1.0924275503866852,0.26638158433842596,0.3034010152904312,0.2274188415180128,0.05540144405420617,0.06387903928932785,0.060436338284814754,0.64245790204149,1.0349861424604074,0.14357447938459694,0.2787538265611289,0.16336136773932858,0.10673453137145193,0.1067667083168774,0.19625107241099332,0.7404713964993763,0.6890041700672,0.23379916221814454,0.33966116752306647,0.5514031931853984,0.36196346804849683,0.23598033886538683,0.1284833499541459,0.10629502119561264,1.178916870580594,0.3316557563912264,0.7050765645801713,0.6191739162821462,0.17297047474469895,0.3572716927328237,0.13533852487894366,0.29338837663274253,0.06363088638136423,0.10077389996928304,0.42060723527557353,0.25782364410815584,0.6152286272329656,0.4988304420021936
Belarus,0.3523306830441099,0.355624429767605,1.3453767802608543,0.7118251317289142,0.40713966608465296,1.0,1.4159871362052354,0.6629853945044099,0.38185955364821594,0.7859371691644567,0.8639016710584286,0.4970997863237965,0.38253197580174453,0.389924323978034,0.8664666664703112,0.32514061609309725,0.459923988278486,0.5029400884133159,1.3081325307246248,0.6785942702940702,0.966151119070993,0.43757540030085734,0.34890883077397494,0.7371184454960973,0.4582176161890208,0.7250360358946858,0.9921826080251658,0.4035689270785135,0.5790569066762078,0.6611208671203915,0.8253364756769854,1.3639861101076622,0.6984322471995651,0.6268003192691246,0.8146175238913032,0.6447434815062311,0.6972400514024358,0.5270225947901156,1.0347512253908426,0.3791175234088033,0.6025304678541892,0.38233811300927606,0.3645181226906845,1.6717973495803928,0.9608329057405574,0.3374523761361648,0.3892288060744985,0.7424150066284289,0.8383881127289747,0.8042303994149212,0.7635367345317999,2.0816429678414785,0.5261571162654728,0.8215392891600799,0.5726145169022997,0.6179009964914974,0.6012235529873476,0.4617880694001541,0.7368220736993901,0.7278799989361607,0.4163945498294463,0.4806994729583519,0.53156577402911,0.6482752478719798,0.4422736799643959,0.8393511081576825,0.5901455005302492,2.334589169007393,0.3359147409276469,0.8309730669373881,0.6317814528188949,0.5434417810978499,1.1500166544813746,0.5428171757946438,0.5000248331719399,0.7659674579207483,0.6329363816115258,0.655048277949499,1.0987035949722288,0.6887346632805366,0.4781636930801182
Belgium,0.8797742819317751,0.751048360987845,1.4706820713017772,1.514933769029915,0.6089948656309649,1.4159871362052354,1.0,0.49926717967915046,0.6148097982411149,0.6713892534379022,0.5288218883258785,0.5024831581642082,0.6310989900586332,0.5272773436042902,0.4743962937706828,0.5391959316667868,0.506067297558664,0.634501714409687,0.6050288249634717,0.4791869856382785,0.863859551761388,0.5250178792384124,0.5100002281504902,0.5061598676402523,0.617967076442221,0.7059564532732283,0.4992429560056216,0.5714751372073088,0.4897348704745691,0.506685941271956,0.5106587059053844,0.8106599077893589,0.4908044016604408,0.4720821634994688,0.5447891124353519,0.7215924088674048,0.5103832715823027,0.5291976679446053,0.5411495799039334,0.5133457136300538,0.4792940627977672,0.6106877030457486,0.559973353123993,1.0102464193611864,0.5882205921175867,0.5398717190916444,0.5027080334798538,0.5122307512066997,0.49808951008761426,0.5326048165639611,0.6359221631419201,1.2450880496438401,0.49476795912353927,0.5993186768106755,0.5138696584706781,0.5098816786972598,0.5025809240433865,0.5082578749974109,0.8835656520522364,0.7876964649497723,0.5119153802872496,0.6120176561833633,0.6741351585815046,0.6874568653819693,0.4769593203382616,0.5192955795258537,0.48939372346992116,0.8603357586214143,0.5293319759945535,0.691119982415815,0.748798419881448,0.46635542526763,0.42932684162611917,0.49869525998501835,0.5842366583279177,0.48448641451742025,0.5065507513238481,0.5723699321361204,0.43458662532726133,0.653465053316621,0.6115695701824089
Bolivia,0.19881891966438509,0.07914283453490527,1.695203024335035,1.132253466986312,0.06924632228655259,0.6629853945044099,0.49926717967915046,1.0,0.45306683804622244,0.4338956306194911,0.1214987634623105,0.10621554076195078,0.4293922140206563,0.20641297223951982,0.26819579429536217,0.2754468146565746,0.13453174374072727,0.33579077039132516,0.8739713260150802,0.13850957600847238,0.7812975899536756,0.17032413295859725,0.23012636118085963,0.20817782015182054,0.4312869652895859,0.7043055513816885,0.24331507841243344,0.2869251460668155,0.05870767153249303,0.017751821328613467,0.09616233320839229,1.0765280480914439,0.049053225121917454,0.09361096676340362,0.20369356433369026,0.4959274330373242,0.025893867736677283,0.13717891597625864,0.23863285036320916,0.23736165423246552,0.06283463021473153,0.4038605626498606,0.32547825701562955,1.14861027738241,0.3066287333593353,0.2619948474371687,0.18010906266424354,0.05740146273367285,0.12681008825842394,0.0937680025475218,0.6838350286229075,1.1318550356279904,0.08586622501766467,0.2906348947817864,0.11968283514997959,0.05001757206207085,0.04223713560399188,0.1444927790601091,0.7570226311595855,0.7218952641802437,0.1883606997546003,0.31106120959113837,0.5434001620054764,0.3349705252689389,0.2071455146420503,0.16082626946029852,0.04838670802310072,1.3184275583100533,0.3041716697688146,0.7491466149855669,0.6320349559547788,0.1317903682421381,0.40150979494460065,0.07397026510273999,0.25191509400975104,0.0957256942531618,0.04780185683311559,0.4175056453648636,0.32551604305956816,0.6467543138901067,0.4980842064455605
Brazil,0.4079686995259867,0.42519378003333047,1.3024502784032814,0.5097775858026469,0.46885934034348664,0.38185955364821594,0.6148097982411149,0.45306683804622244,1.0,1.10270717341615,1.1833724376283068,0.7724764866240302,0.3224506612425077,0.5648073089320589,1.1928561859100986,0.4042813073206959,0.7147747072416266,0.66693608908941,1.2842594783022192,0.9857056496252621,1.1706639868303272,0.6466646192277987,0.5617000461926163,0.9841510066982339,0.41164091535513736,0.6318528468763429,1.1901943538455222,0.510263137727413,0.8997582727903015,0.968682572889146,1.1311334321110642,1.1683232392781344,1.006245584011586,0.9544653672835125,1.1496202745999007,0.7979911753665251,1.0037456270644765,0.7609090315047773,1.2340163982269021,0.5612638599290467,0.9332839454011862,0.21020686081231085,0.37126269499604636,1.6216948094922563,1.3823403709250164,0.437363584315523,0.6224398314061588,1.0332396729572706,1.1833878734744239,1.1247902015410802,0.565863228767067,2.2400594490582417,0.8239020922372738,1.1894199407125987,0.8807139948338972,0.9242872217179325,0.8990977202894959,0.7146346825916561,0.7027394062545369,0.558660219372232,0.6139050112145714,0.7342754882930141,0.37565298812816117,0.7779072942756484,0.7907033578467257,1.0758478188440848,0.904062978156075,2.4479463301219653,0.4784736133860057,0.6625864717926488,0.6014145705128078,0.8522884287293654,1.4653874632830473,0.8336119437013029,0.6440281500090523,1.0704092975297024,0.9238802126673066,0.8091832125069344,1.2300380406302744,0.46623474234593354,0.29076283743009673
Bulgaria,0.4697398911076144,0.4534739498300254,1.3772461170932702,1.0647315428947852,0.44451684319943097,0.7859371691644567,0.6713892534379022,0.4338956306194911,1.10270717341615,1.0,0.5427906065362907,0.4298803492963255,0.5533211103140612,0.4189147135900415,0.6103382295980795,0.4719530388988516,0.42476238197641925,0.416123048935783,1.1924105808469552,0.5598141077509683,1.0787828229506555,0.4154870269261427,0.46960065809848317,0.6312203675051336,0.651369513142189,0.9994257540623055,0.6820762596383935,0.5346130272589987,0.44833140996505366,0.47755645164375365,0.5523758195309277,1.1775686315617417,0.5234320390713803,0.515907475625752,0.6056568639526343,0.6651417327542728,0.4924940717664013,0.4480682992743096,0.7011225112354372,0.5254777701007984,0.47572787761742,0.5790258936650292,0.5705589676383799,0.8269596431135079,0.5129605178430113,0.44404542220124177,0.4503114158111709,0.5369226359755672,0.5302878330802003,0.5107509012027611,0.9784447504939936,1.4104429233979698,0.43763924289697564,0.47719034018294576,0.4667237883745349,0.44673644859451844,0.4621367297239975,0.41857162148292454,0.9979375362399407,0.9937619727115459,0.4846392569613314,0.4708570674878021,0.7373226653944043,0.4812155619667158,0.5083005671601303,0.6438806286817292,0.46430725839538184,1.0237730998504286,0.5646281047176338,1.00379086502552,0.9116284815405843,0.48845720383332214,0.7695176574693271,0.4480168626380449,0.3980617052760659,0.5553878999712257,0.49457481298936096,0.7273498427383389,0.7559115721082742,0.9098600391083747,0.7459386930605618
Cambodia,0.3362114075144132,0.21308695799159177,1.824118563459729,1.3390881244907444,0.055715803984203394,0.8639016710584286,0.5288218883258785,0.1214987634623105,1.1833724376283068,0.5427906065362907,1.0,0.1902080342731638,0.46936337405723666,0.27531149511313346,0.24737232023154393,0.3372183678103495,0.21444209309713635,0.37971927828780794,0.7635105532865637,0.17735267239303762,0.7414862559288461,0.2425826672047883,0.2972232478189632,0.2436213767464156,0.46901775177467236,0.6982419654931874,0.17818165299223582,0.34611075668886804,0.14494673511325257,0.10551666174031488,0.045383664165620105,0.9614405783916282,0.1075014479374215,0.15766960378914407,0.19982646072987248,0.5295563652467495,0.09018911328913004,0.2137442831767021,0.14459335473713741,0.3041295208993482,0.14293973754216316,0.4473696901945721,0.3799464193221451,1.004627606751037,0.2345646533760614,0.32465819595293544,0.2560711995331138,0.09092020564052883,0.06288975911157939,0.0411145397224526,0.6431217269438232,0.9724316704107744,0.1726473853831725,0.279658791853039,0.17677608746333534,0.12709706237926133,0.13669698794006252,0.22045726980759825,0.7449508770477816,0.692981005813299,0.2638801707810205,0.35274712349903614,0.5679347957984918,0.37021811939032595,0.2676246621581967,0.1573426320993062,0.14140178345229204,1.0946900474250072,0.35942113027926736,0.7065443253091424,0.6281364044094048,0.19742676559773506,0.34071845624110014,0.16482151033317022,0.29995118856638797,0.10800668917030647,0.13269521227606507,0.44581669374804134,0.2626258213592091,0.6198797192420213,0.5141930340444043
Cameroon,0.08000840477365367,0.05338876282394882,1.5342852934756779,0.9660678206952257,0.16400125368406365,0.4970997863237965,0.5024831581642082,0.10621554076195078,0.7724764866240302,0.4298803492963255,0.1902080342731638,1.0,0.3827521106681883,0.11840663322786775,0.3682219671604119,0.20456340010976415,0.03432345032218959,0.2968687789898194,1.0459964261134005,0.2058629379517195,0.8420971765992732,0.08053163715788668,0.16313311675223963,0.26396282960313205,0.4056328167083012,0.7288556081399159,0.3943230680018285,0.23598317840412172,0.07516794653319554,0.12076870490825893,0.23897094225954746,1.233766224655113,0.16378834490848934,0.15407766717451207,0.2745675856989412,0.4845962251969846,0.145028735162643,0.08376291962845131,0.4039624734487602,0.1824040855231841,0.10981926698111517,0.35797310825239265,0.2728744072346136,1.252183361036897,0.4161337400922583,0.18502009690033674,0.09989710671143376,0.1829813222346782,0.25863017149451445,0.21861974243201887,0.7393778546209218,1.3391295668852843,0.03324212640528257,0.3634737536216624,0.11968263260553179,0.09237300831763415,0.07825101545695258,0.05220768598729219,0.783927917346411,0.7656356452103015,0.12112463076092743,0.2679710346660351,0.5266448124063213,0.31302898481034797,0.18149548654316808,0.2852511945255898,0.08213395600200064,1.591871790813046,0.2634229675007864,0.809804244210304,0.6516072142048108,0.11529442990511048,0.5139935059805061,0.039927075780263555,0.18978752972510704,0.21761890118249386,0.11540607408133596,0.42763705074415304,0.4691832695956898,0.6857796502685889,0.4926613807169908
Canada,0.36674197039585854,0.401083617071006,1.2884906294928224,0.6240029467916666,0.4549493940090989,0.38253197580174453,0.6310989900586332,0.4293922140206563,0.3224506612425077,0.5533211103140612,0.46936337405723666,0.3827521106681883,1.0,0.49524239479744625,1.2923581971709017,0.4106598680257234,0.6462226350047686,0.5633983009245427,1.9525118399117505,1.0216984711416455,1.6827064161367034,0.5707706327237861,0.5592543331371865,1.1007356687002918,0.6517148342875524,0.9683483567368331,1.3612554849870242,0.5434602131718183,0.8273553632104996,0.9102897942996641,1.114045879595049,1.659483588886398,1.0021850805607295,0.9631096156945481,1.0427780176431412,0.8196093506316242,0.9520620203785409,0.7137091207604664,1.3639032191720295,0.5988941700883899,0.8892620936520234,0.35832038474512407,0.44935365867863486,1.7648832435157755,1.2658419684893751,0.39967114711976137,0.5980445795264472,1.0270159021590632,1.1243298717651231,1.0444935353667728,1.0045960155843283,2.5549819292358245,0.7550236922912642,1.1597993676114113,0.7967952531619892,0.8414278493850182,0.8415805734867162,0.6318956796405895,0.9889213449716748,0.88930128105801,0.6280491549687283,0.5685502642491636,0.5598831966528627,0.6966835714663542,0.7919453274952167,1.1983488627952923,0.8510829112538645,3.2789611207844787,0.6242207802742372,1.053952942721537,0.9900457074054028,0.7897436466384078,1.421745915134652,0.7767625463106242,0.5073509547146036,1.0934281148137033,0.9014456489220583,1.1274176358529135,1.4670827852107418,0.8490868512041653,0.679324238430956
Chile,0.09244477396252687,0.15851247226852383,1.3864324880118326,0.8140745355927771,0.2541176892252593,0.389924323978034,0.5272773436042902,0.20641297223951982,0.5648073089320589,0.4189147135900415,0.27531149511313346,0.11840663322786775,0.49524239479744625,1.0,0.5449258407713354,0.12120649321870608,0.1030172882928152,0.2885386253293147,1.2907623152223884,0.3633843906572977,0.9444617641453533,0.06834229359154939,0.1298060970084172,0.40618362473377645,0.3909481585610314,0.7661551936408963,0.6078806254317901,0.20790885295786157,0.2272850606241963,0.2865674215446879,0.42959272899275636,1.4363503838176366,0.33852239841369675,0.30955581669170384,0.4179099201586631,0.506426923531523,0.3154934888565397,0.15975806502745352,0.6248428174793094,0.17150778861230911,0.2643882087467738,0.30098507638669225,0.22271972278934943,1.3947972181103145,0.5957066654332135,0.08556629555845728,0.09255594655821871,0.36135151799705567,0.445913194368793,0.3965465576671467,0.8017038506095161,1.6383656522840122,0.17658535022321323,0.515946220471453,0.23951559191289334,0.24644864007051856,0.23599610863533113,0.09760959754584107,0.818715274494471,0.8059941715272552,0.12547053496031185,0.2565061017071575,0.5106760855025249,0.33198959531420724,0.23962353059441568,0.4771174559674045,0.23885677942952432,2.0833761633412307,0.25026719070673525,0.8814412075148051,0.6876493760534805,0.22081995225674184,0.6966748573009113,0.1902974730594567,0.154569362185666,0.4005848644079602,0.27590442437036367,0.487971038187825,0.6821325282477437,0.7271007104699596,0.49458011325207507
China,0.3958584366194353,0.30462344463297,1.5651304572166302,1.0895629996116825,0.22725910756795295,0.8664666664703112,0.4743962937706828,0.26819579429536217,1.1928561859100986,0.6103382295980795,0.24737232023154393,0.3682219671604119,1.2923581971709017,0.5449258407713354,1.0,0.3486626795426298,0.2836144427042204,0.4333573290907087,0.6681889293816939,0.26697013453804785,0.7041010793663222,0.3211674898413754,0.2945805057753418,0.23212731139513632,0.4324990096657824,0.6350069387684865,0.18026145441135732,0.3498620102775954,0.23583295447637506,0.2577088748040186,0.24163889986788512,0.7713549267789963,0.21596671685438942,0.1808223211424869,0.29033939898114386,0.5342383979226849,0.2601464944596183,0.27946850777570903,0.2734960520578543,0.30671856779213863,0.20554872359973406,0.43988259404720764,0.380514888914534,1.0633823903409245,0.4062692108431695,0.3513895578361072,0.2835936871767373,0.2532778700831748,0.21870196906454836,0.289435283339604,0.5466352386982247,1.259852486291224,0.253686733038696,0.3782178173608571,0.3133066046243341,0.27408079582498046,0.25741392896083976,0.28448100403135734,0.7318772381549745,0.6322444470152647,0.294253629401744,0.3840158221416368,0.5269167818790194,0.4713833722083872,0.22800131819160505,0.2501862184983171,0.23160762211845115,0.9472984145930301,0.3317499684159099,0.5828166686423192,0.584874002175733,0.26992479681086035,0.469415993567594,0.2603824405177104,0.40535573345875753,0.18525504725425243,0.26320904417068874,0.3794539926791521,0.2501095930427444,0.5243862327556434,0.4587904967425744
Colombia,0.17700600006502118,0.22851979109972134,1.345487864041598,0.6982816026066107,0.3139943028983777,0.32514061609309725,0.5391959316667868,0.2754468146565746,0.4042813073206959,0.4719530388988516,0.3372183678103495,0.20456340010976415,0.4106598680257234,0.12120649321870608,0.3486626795426298,1.0,0.23809361358809503,0.34597646254105463,1.3901604910060699,0.5047519168212347,0.9433747598517385,0.20916018501856837,0.12310818359706623,0.5145387437881794,0.325763415511759,0.7153317293419831,0.7893677547694725,0.18622587168557939,0.37887020313385017,0.4524915401244376,0.6142623949806904,1.4352672677130358,0.4964370213519138,0.4443478725469732,0.5864859878910516,0.5292270714324403,0.4855760995652604,0.2789876387228104,0.8186817012531762,0.16982867553484587,0.4093513375663298,0.22889593884140672,0.16026553327604492,1.6252842761767978,0.8218642122132137,0.054077318251364526,0.16416461193628987,0.5284589072319187,0.6398656300664426,0.5887251716838225,0.7466868176673455,1.9783681622468796,0.3196570316080627,0.6860470511801773,0.39287207559873394,0.41261239492845303,0.39127351102147095,0.23234382434903741,0.776585526458327,0.749828588596042,0.17933423202437324,0.31954791936924093,0.45928858158747643,0.4286461903793459,0.3005750824853316,0.633741232530731,0.38753358393893633,2.6705652626658116,0.18959689336063282,0.8300652191850774,0.6351317017177481,0.3514601528522611,0.9094401835668623,0.3356143849324518,0.27469099777615347,0.5640200347757482,0.4288305988713134,0.4794766198149756,0.8618927747712295,0.6673723381240593,0.4238797986833976
Costa Rica,0.056655915278606334,0.07966579402740238,1.4892318983658355,0.9244701888102137,0.18899872855069513,0.459923988278486,0.506067297558664,0.13453174374072727,0.7147747072416266,0.42476238197641925,0.21444209309713635,0.03432345032218959,0.6462226350047686,0.1030172882928152,0.2836144427042204,0.23809361358809503,1.0,0.2908127938832832,1.1014888311608833,0.24137617839064635,0.8589388015221804,0.05984668928495775,0.1413866414568595,0.2893445057966206,0.3956983725124175,0.7328752599030142,0.4437153494657867,0.2209492292450421,0.10979566158613266,0.16256583046401069,0.28629336223769075,1.2760757845446578,0.20510210044340188,0.18559609890263748,0.30462834002913114,0.48443522053112065,0.18809136933287543,0.08617918355329705,0.45827551875682393,0.1677919843374719,0.1428382982246147,0.3420160951469605,0.2556567463184161,1.3015205369312708,0.4625682290712392,0.15889955405730669,0.07641939024801715,0.2271361952594964,0.30415829843420394,0.2642798100308264,0.7499897164374543,1.418655570709222,0.06459087981298381,0.39890203776759675,0.14711189231557587,0.13161780709127513,0.1175715959478457,0.028114355954591157,0.7897610606332249,0.7733622375921584,0.10559787344933705,0.2574702512919939,0.5197294859039401,0.3149594528001364,0.18029153675893067,0.33012033078335795,0.1183027352986924,1.6958193670356712,0.25091963539741474,0.8221140818982057,0.6546618077260662,0.13224629056308632,0.5581389722433933,0.07685631903622685,0.1790465329033403,0.25975759226967954,0.15511570412733663,0.4310874233962031,0.5171739258508894,0.6918809270844877,0.4883066984239958
Croatia,0.29521747272426924,0.3141802196110014,1.4109391330938397,0.8524739187869392,0.36619697866210754,0.5029400884133159,0.634501714409687,0.33579077039132516,0.66693608908941,0.416123048935783,0.37971927828780794,0.2968687789898194,0.5633983009245427,0.2885386253293147,0.4333573290907087,0.34597646254105463,0.2908127938832832,1.0,1.54480073008988,0.5787482392183941,1.1592840072231025,0.32028147692452175,0.3530781066725117,0.6048975643849047,0.515272694145217,0.8763856244615534,0.8082121915151929,0.31753314879386413,0.4376005706494242,0.4864444609065271,0.6211889646902099,1.5630437497880485,0.541196509501689,0.5175156078534824,0.6379349462774566,0.3566252631500728,0.5129258666773595,0.354875295227238,0.8232440676025663,0.38937191606048843,0.4729109524926331,0.4229483118829377,0.39813003776805717,1.4861422065025294,0.7590992780488274,0.3029798681098977,0.3423074622196942,0.5601596480409939,0.6302189458321203,0.5797077866114962,0.9624778353604109,1.7091180101637211,0.3985891434043197,0.6029964821553241,0.4462194589818592,0.4475244283819178,0.4447461214972769,0.34473187790588994,0.9669314282900667,0.9504327494547729,0.3618129227648532,0.33102909454513385,0.5717722295020872,0.3653908499912788,0.46219728898540596,0.683956970933953,0.44988919217850093,2.0683772230212747,0.43419963997293776,1.0165134326135525,0.8544669803273581,0.4654971163108134,0.932295826491033,0.40942596316991037,0.32848595146753556,0.600877464947708,0.48136393752881007,0.686532166833912,0.9080915322773846,0.8747903810226985,0.6396653877652022
Czech Republic,1.097904445462581,0.960095999133356,1.3249119086914538,0.8969313354548122,0.784932647053611,1.3081325307246248,0.6050288249634717,0.8739713260150802,1.2842594783022192,1.1924105808469552,0.7635105532865637,1.0459964261134005,1.9525118399117505,1.2907623152223884,0.6681889293816939,1.3901604910060699,1.1014888311608833,1.54480073008988,1.0,0.6808086207111371,0.9765208999748404,0.6945317403762392,0.6394211898508491,0.6308793690791177,0.6602420571583567,0.6620820408545782,0.6754497366606816,0.6479789466960464,0.7028373305434177,0.7340602138536378,0.759270658896829,0.6493755104319976,0.6939343478911949,0.6449988487354704,0.7925298107614724,0.7644163452089171,0.7450553795602352,0.6931865476197705,0.7680796499432381,0.6201128431710149,0.6795090221098844,0.6395250133728605,0.6377576780277501,1.1419105880204619,0.9498386518079578,0.6636197749035208,0.6469329197894103,0.7303260976375521,0.7706967432065756,0.8151142362400731,0.5639135291978135,1.8759299476089963,0.6929472028209172,0.8207111500392695,0.7465963305359238,0.7408017889913574,0.713113392663331,0.6944144004277375,0.9595870645758302,0.7404632776485386,0.6380804208275682,0.7890234015966568,0.6370666903358548,0.8208479882869235,0.6325928275312523,0.6833304800252703,0.6939998479786883,0.9331442572303607,0.6007509234129605,0.5438372093680917,0.8077763942032276,0.6961534751500236,0.8811030235258587,0.695060008975488,0.7707575200309702,0.6863045292931564,0.7064286530681455,0.617190946233406,0.6628224069903789,0.576514319541361,0.5958078726322563
Denmark,0.2781068657064479,0.15943415611365583,1.745410784286328,1.0314061630771327,0.15066851614047092,0.6785942702940702,0.4791869856382785,0.13850957600847238,0.9857056496252621,0.5598141077509683,0.17735267239303762,0.2058629379517195,1.0216984711416455,0.3633843906572977,0.26697013453804785,0.5047519168212347,0.24137617839064635,0.5787482392183941,0.6808086207111371,1.0,0.7796695675719861,0.22257088799190244,0.24963614359946434,0.17884833470068584,0.4407597182901386,0.686484743479259,0.2654334950740894,0.30983823991347914,0.15273082037893573,0.14717442039976286,0.17545481292830883,1.0917898765989336,0.1251511042787106,0.130913205160539,0.2864422772780697,0.5145986967439218,0.14663263897334908,0.19514720021796064,0.26603477013589394,0.24710926930749885,0.13950042270089494,0.41000145674137295,0.3349444507453394,1.1964808262300688,0.3681297183750931,0.2894492987204076,0.20894993679123344,0.13815577939073695,0.21089621090715482,0.20075621754497888,0.6736905473260998,1.1722548871694438,0.16159618216339822,0.33491644948170557,0.15108891854499956,0.16269278455872827,0.14557716952497793,0.20539452456112983,0.7301568090676825,0.6977310923299287,0.20834478496879597,0.36887030892386397,0.5433128514528909,0.40375609650479416,0.22269029479706887,0.1610721727224054,0.1402802670893058,1.4194286636029312,0.29791952394034527,0.7429089262303895,0.6180000325554242,0.16229929725257858,0.40512711470356133,0.15056665555904414,0.3146996679157798,0.14570776389909465,0.12728765389995986,0.4080271149698752,0.31946226679292256,0.6382228512385542,0.48866375034811343
Ecuador,0.851186152032509,0.7991718711547712,2.0517194770205553,0.719951202800657,0.7466739437870245,0.966151119070993,0.863859551761388,0.7812975899536756,1.1706639868303272,1.0787828229506555,0.7414862559288461,0.8420971765992732,1.6827064161367034,0.9444617641453533,0.7041010793663222,0.9433747598517385,0.8589388015221804,1.1592840072231025,0.9765208999748404,0.7796695675719861,1.0,0.8357514869608375,0.7529033268637518,0.8112588894392833,0.5434469305153813,0.5608968746044515,0.8609140987972695,0.7018820917406629,0.941004196182016,0.9675039771631059,0.9871180539237835,0.7357593375618836,0.9337187540175871,0.8868468705987311,1.0475253490325829,0.8905273887856806,0.9772792889173836,0.8839794111146656,0.9277021718826161,0.7014468483777468,0.9254335655089564,0.57876398177359,0.6283321947589565,0.759316711467575,1.0119154079948167,0.728217368600356,0.7903362892415516,0.9586041420775742,0.9926006128770556,1.0341853456390957,0.46347639643707367,0.9884360030523148,0.9119126842778038,1.0250503621941343,0.929310223829504,0.9653805229291409,0.9392002134372199,0.882291256398188,0.46936641915198657,0.4857808034610906,0.755919541336969,0.9410318249259987,0.572444981574027,0.9208097612429802,0.828253503763567,0.8859105757909626,0.9304565169065099,0.7018172811237963,0.5837655470372858,0.5510526439458726,0.24834522555430083,0.9184076500991287,1.1078414829356584,0.9085134257517329,0.8596748558458404,0.9264583546215432,0.922844233527008,0.5487179258798193,0.8440847388370315,0.45319983204239916,0.3896302299633953
"Egypt, Arab Rep.",0.0904268664958968,0.12698117724732316,1.4579843264894576,0.855871545689635,0.22225532419191443,0.43757540030085734,0.5250178792384124,0.17032413295859725,0.6466646192277987,0.4154870269261427,0.2425826672047883,0.08053163715788668,0.5707706327237861,0.06834229359154939,0.3211674898413754,0.20916018501856837,0.05984668928495775,0.32028147692452175,0.6945317403762392,0.22257088799190244,0.8357514869608375,1.0,0.1632992841457197,0.36292823439707494,0.4124602529713102,0.7722108034969449,0.5295641393431673,0.2266641519117921,0.17168184956338284,0.21416733331703106,0.3489093770837409,1.393672232928539,0.27004929077188805,0.25790395695705237,0.3593702013494327,0.5001166018326368,0.24061272509024306,0.12475114505368537,0.5338363034766402,0.18320588474614494,0.21146745349030074,0.33345166004245447,0.2504897674867373,1.2817077756685984,0.5057375571436041,0.13926893744469748,0.10120771985248976,0.2840768377280503,0.36976542785162997,0.313579895386692,0.8052155583133883,1.4814514153169982,0.12554031366820118,0.44311914706826583,0.1775167943557123,0.17539259450325728,0.1695994413777931,0.07307315574082957,0.8231883864408932,0.812211026926948,0.12240808612491444,0.26929985809220697,0.526893612147212,0.2990811195239419,0.23548150598746317,0.39864916847176657,0.1811053022283392,1.886563968738001,0.27155002763732417,0.8815104428782218,0.696865680933166,0.17999880025421205,0.6133566737590074,0.1308619807537701,0.1388519626390541,0.3324186258649406,0.2038267855653539,0.48529690065210745,0.6072419571591129,0.7351693744377036,0.5104745612083296
El Salvador,0.1321925076490663,0.1767833043168898,1.4149110235848126,0.8021237230268103,0.26945640782450836,0.34890883077397494,0.5100002281504902,0.23012636118085963,0.5617000461926163,0.46960065809848317,0.2972232478189632,0.16313311675223963,0.5592543331371865,0.1298060970084172,0.2945805057753418,0.12310818359706623,0.1413866414568595,0.3530781066725117,0.6394211898508491,0.24963614359946434,0.7529033268637518,0.1632992841457197,1.0,0.35761568049370707,0.32071532352586946,0.676627485118676,0.6072139202288782,0.1774137070371933,0.2637353462360308,0.33900406008234474,0.4731880742237157,1.2479042694500249,0.3599912366415383,0.29693837372243603,0.4592853343000683,0.48873194826079563,0.3680617996600506,0.1976766624827191,0.6522923006215589,0.11473305573400842,0.2773231419942791,0.2892229059081508,0.19500672720502402,1.5074436346684732,0.6894114946104675,0.11875485883785274,0.08205441404411751,0.4002434902500344,0.49273572784336916,0.467121598220647,0.6979934609844051,1.7751675993696,0.21768548033556465,0.5566695608878159,0.3053769947508567,0.31194892735193375,0.2851937400433838,0.15844309332002954,0.7380060675727288,0.7217676750327124,0.11909201260633945,0.2805422744744934,0.47263262151144897,0.41004161975211584,0.1637524184029922,0.48026637860596333,0.26920917317763415,1.8056352201993362,0.1542078654085835,0.7702460803518155,0.585199085522975,0.24776905962638743,0.7648742017075248,0.23623433890640505,0.2812150926316188,0.4112096817157409,0.31791885351546817,0.3758490412135978,0.6736960096766879,0.6367072929804178,0.42138308213786946
Estonia,0.3106489756509011,0.20955844301088453,1.6694496015079234,0.9238228371334023,0.2080904067534358,0.7371184454960973,0.5061598676402523,0.20817782015182054,0.9841510066982339,0.6312203675051336,0.2436213767464156,0.26396282960313205,1.1007356687002918,0.40618362473377645,0.23212731139513632,0.5145387437881794,0.2893445057966206,0.6048975643849047,0.6308793690791177,0.17884833470068584,0.8112588894392833,0.36292823439707494,0.35761568049370707,1.0,0.40863703359022957,0.6511151668345362,0.2817474479623692,0.285133846433235,0.2125608054703809,0.2298599688086897,0.25912934843066066,0.9621015923640734,0.1885219787077988,0.1524033148573376,0.30353098856934213,0.49718362081270373,0.23446482547532022,0.21553555380638467,0.3304574483167698,0.23259323741389262,0.1850588677019838,0.3987876901447231,0.3199733767609807,1.3392406596674273,0.5116068264942534,0.304553399128637,0.2242779922657212,0.2202280036764668,0.2901518474137085,0.3016983768246382,0.6216628068804129,1.3236460837914505,0.21445367428902803,0.4136293500729752,0.2552949066230405,0.24716845729709713,0.21612405116044206,0.24318239909803302,0.7306396826522663,0.6652909794973597,0.21404793984232115,0.39110721655233416,0.515317143659766,0.4222239300775762,0.21915623727108619,0.2091957795282225,0.19775369643210375,1.3604832347699323,0.2697140851338347,0.6719232678118281,0.5889602345647466,0.22159940434840283,0.5180907086145771,0.21150164904143356,0.3705406206479665,0.18964474272311466,0.20855692869907708,0.32278787710422135,0.31983223098268393,0.5840844745537486,0.450953852831941
Finland,0.3974620470907156,0.4018543640724049,1.420004393952967,0.5749093368153981,0.4470487935101687,0.4582176161890208,0.617967076442221,0.4312869652895859,0.41164091535513736,0.651369513142189,0.46901775177467236,0.4056328167083012,0.6517148342875524,0.3909481585610314,0.4324990096657824,0.325763415511759,0.3956983725124175,0.515272694145217,0.6602420571583567,0.4407597182901386,0.5434469305153813,0.4124602529713102,0.32071532352586946,0.40863703359022957,1.0,0.5670790432245698,1.0965996335880956,0.38473241134445235,0.7629913371118789,0.830589781759141,1.0077783195784984,1.0811383770416474,0.8562598469030591,0.7925299027735137,1.0132065048517518,0.642290506413648,0.8662408457988215,0.6062053117094857,1.1483972181635183,0.42844372515109125,0.7852787307404885,0.3171481411458062,0.3433538947587442,1.3953314005681445,1.3240332530417345,0.40197729889354494,0.49670661969781194,0.8865064797858911,1.0785708109977612,1.0067537901338066,0.5950191579582903,1.9951512666507005,0.6893645547798279,1.0356682498311944,0.7731009463201474,0.7960119365582415,0.7582818832182402,0.6012784838165817,0.7316702118626581,0.6515876050321724,0.4709681750424877,0.6705122086211803,0.3963697681367854,0.6608236702742042,0.6336163454770636,0.9213711651018905,0.7593814887884321,1.3930826917351355,0.3231770174262983,0.6747085534324719,0.5455034013884112,0.7328769762979839,1.3735630632719016,0.695410985775998,0.607266985804699,0.9286303526580812,0.7737996246628894,0.5021665026125282,1.1432737673478437,0.5477280362352396,0.3369731922445068
