Country Name,Albania,Angola,Australia,Azerbaijan,Bangladesh,Belarus,Belgium,Bolivia,Brazil,Bulgaria,Cambodia,Cameroon,Canada,Chile,China,Colombia,Costa Rica,Croatia,Czech Republic,Denmark,Ecuador,"Egypt, Arab Rep.",El Salvador,Estonia,Finland,France,Georgia,Germany,Ghana,Guatemala,Honduras,Hungary,India,Indonesia,Israel,Italy,Jamaica,Japan,Jordan,Kazakhstan,Kenya,"Korea, Rep.",Kyrgyz Republic,Latvia,Lithuania,Malaysia,Mexico,Mongolia,Morocco,Nepal,Netherlands,New Zealand,Nigeria,North Macedonia,Norway,Oman,Pakistan,Panama,Paraguay,Peru,Philippines,Poland,Portugal,Romania,Russian Federation,Saudi Arabia,Senegal,Slovak Republic,South Africa,Spain,Sri Lanka,Sweden,Switzerland,Tanzania,Thailand,Tunisia,Turkey,Ukraine,United Kingdom,United States,Uruguay
Albania,1.0,0.06644786647559549,0.018265790116062133,0.02029354750489194,0.030635244593304193,0.026769500861712016,0.02057389894446305,0.03753946958111013,0.01522491273630879,0.013902480017126946,0.04362802683821067,0.04328196381291104,0.014695567548035762,0.009347584630985296,0.010967710726628716,0.012883060058316803,0.0027898764484792734,0.010420913407831437,0.01921278828054385,0.029224263129023837,0.016749322510140243,0.023561409473397753,0.014176218034618774,0.028785581189397988,0.013779544069739958,0.016164921601596282,0.011666170482658033,0.00940070593827139,0.03921519864762539,0.03334797818026663,0.02737768752249221,0.01828090579036875,0.029820114682270256,0.029020773050681386,0.026414267478910868,0.01262263019363703,0.00917335520140719,0.004775695058362018,0.021553467449034715,0.04366959566876484,0.07370310586737469,0.012757999022373477,0.034967040401077204,0.017284725075779914,0.007824727433478848,0.010674770179791973,0.0028551274858497093,0.029483329575610433,0.031266678812993595,0.03282892792611348,0.018358048855831543,0.019220590918133162,0.04219233865600613,0.00997310735977547,0.03150353167824383,0.03773071738649052,0.03177401857498482,0.013830447508711458,0.01705791517330201,0.017399597087984484,0.011868803265349302,0.011396593333152953,0.014809085096935142,0.01091303048572739,0.03547564163304618,0.021853476477294544,0.05733892693343922,0.01819897078951386,0.04512172261877818,0.018532828143639563,0.015004867053309496,0.026932871837530337,0.022019894843425983,0.06222602059570094,0.01314021413793821,0.009660744125960748,0.028382751660534736,0.02656485925390145,0.02696243849022514,0.01776082470747282,0.016633622481564272
Angola,0.06644786647559549,1.0,0.04864380563503349,0.046943488485340495,0.035828563388895895,0.0420717333827873,0.04596705360376926,0.028911099239579557,0.051283325619626646,0.052617674066364396,0.023743859125943255,0.02357716838294641,0.05182595044411,0.057124461735794815,0.05792132048334836,0.05356915529685685,0.06385650884933282,0.056041880255450316,0.04739189352652648,0.0373364734036022,0.04973980082665198,0.043298530633422844,0.052334056338278624,0.037910267075523876,0.05281728347114664,0.05052292132481296,0.0567041812452484,0.05743462397797344,0.027236865576052594,0.03313227719535744,0.03907075276249967,0.04817181213727002,0.03665440533677033,0.03745692392942087,0.04003731803522007,0.05385889879737257,0.05769180885106189,0.07033161296724368,0.04490317886707961,0.02679674354787442,0.008560375285294524,0.054504191119092334,0.03564859161587098,0.04916543001569687,0.060262478466487066,0.055829193725308625,0.06593851184349848,0.03701731302439146,0.03542876814925536,0.033664893651627455,0.048714419473148536,0.04734391312191974,0.02438181145301973,0.057017656420285966,0.03513150994877987,0.028740438999157993,0.034804615059047625,0.05272446334626742,0.04947258889672624,0.04905451173112805,0.05458460708137103,0.05553922832212918,0.05192991826608295,0.05581371662324594,0.031155800233617706,0.04470277721908982,0.009203369545273862,0.0486580697952086,0.028550798797803315,0.04821797534394043,0.05298754729215547,0.03974555719804664,0.044429856274399035,0.0043917585555787375,0.05333780592152956,0.05803932443752123,0.038260271389646786,0.04176639192942331,0.03950082451536359,0.04891790025219574,0.04983005531805355
Australia,0.018265790116062133,0.04864380563503349,1.0,0.006287560665422477,0.013528743548548787,0.010542114559262763,0.004733763320609349,0.020052035541329387,0.0045005298591867405,0.005921772690218457,0.0271066278256276,0.02509275261637207,0.005222222083866985,0.009079660630959078,0.009461957039287348,0.005595255894927215,0.01578261543036846,0.008000179237142566,0.004515469504016048,0.01150170231970881,0.0025593125405145405,0.0059428164253662015,0.004385001907101127,0.010765301607358592,0.005074598242435032,0.005484719824210805,0.008396627079671572,0.009557075742570427,0.021656735096007067,0.015802583850378037,0.010257426467612817,0.004166884457985446,0.012323525006516099,0.011484941259004722,0.008789157337057193,0.0061404200627933605,0.009413990471288873,0.022536659864438986,0.004780253784055382,0.02540381567135665,0.05649367829272588,0.008273728262632639,0.017200464035933564,0.005743910290153095,0.01390442713134354,0.00801444540678938,0.0180644120483825,0.011937404473594704,0.01456616679993635,0.01586262584956955,0.005803955144393988,0.003167337110450269,0.0242807458669388,0.008960598846636334,0.013567002855471412,0.02017191763167258,0.013983768166381956,0.004842131207460143,0.0027308004986800576,0.003080285032448419,0.006480576700802247,0.007367258182338353,0.006512118206256053,0.007777214010217666,0.01761407935148639,0.004693009955982209,0.039751733687989246,0.00426245421095805,0.027345587174793854,0.006629454823366007,0.009276520141497399,0.008977238707584463,0.005241679040137273,0.0442854728744519,0.005772389469475588,0.00963020904672832,0.010557528499138283,0.009121331550511518,0.009844179565870628,0.005205288527372984,0.0028678527284473235
Azerbaijan,0.02029354750489194,0.046943488485340495,0.006287560665422477,1.0,0.013781597989980257,0.009666924176711143,0.007410403454792307,0.01943904486464425,0.008615422015122614,0.006877228715433435,0.027393369290290185,0.023597978549682423,0.008487944502567207,0.011298111015104933,0.011281007482249639,0.008708062038757416,0.01786873814720348,0.010240471483902822,0.007008460558436095,0.01162324018366449,0.006432093066618715,0.006105949203522383,0.0074123797691220674,0.009704791704666173,0.009392475597210008,0.010291529189212575,0.010138397502818761,0.011954954578522298,0.020809456604913092,0.015502040343766482,0.010902344364982431,0.005778017414492605,0.012225304086671279,0.011166082926811675,0.00923353815382845,0.008573164077105466,0.011328719297661733,0.024687587946524307,0.00632381107939911,0.02339552049283622,0.055239401760136954,0.011515930390855134,0.014871444919548128,0.005477375195827372,0.01339544297930385,0.010453151726016465,0.020240471000762313,0.012063940418029757,0.01507698155297923,0.016312374684173844,0.010476608770900613,0.007501727563875662,0.023062716384517866,0.010653026398782059,0.013500538554301833,0.019597593085777826,0.013565231968432912,0.0072149769392609656,0.006108961471072928,0.006834308697957083,0.009086918696099709,0.009275938321805465,0.010451532850996424,0.009963755912285984,0.016754792390270435,0.005635141498409749,0.03842931554405136,0.0045091888068756,0.025004905943493073,0.010581454555006111,0.014334538522950928,0.009034805498263968,0.007803419943342533,0.042566487223600576,0.007668747586804427,0.01157842455521123,0.010552463009918054,0.006286835199257342,0.010977067657840902,0.009908918953258418,0.006420229979153179
Bangladesh,0.030635244593304193,0.035828563388895895,0.013528743548548787,0.013781597989980257,1.0,0.00786723414512471,0.010269256324405274,0.006991845347717238,0.015455592199638366,0.017306775274253863,0.013752104181065074,0.013327468947873134,0.01613771736552834,0.021299603582485862,0.02264151389870094,0.017752207574722678,0.028028601164442123,0.020277064614315474,0.011565891670585764,0.002891195727380848,0.01399292211262949,0.008147045182677405,0.016591593758455047,0.004554952597682799,0.016997148375266464,0.014695545990605005,0.021259756737722717,0.02161007033773145,0.008665095452344522,0.0032343123606291438,0.00329375358016391,0.012474866563492027,0.0015851482196586125,0.0028219689284604272,0.005351340666175748,0.018070730666453344,0.022003450128566814,0.03452495081992322,0.009158721243687808,0.015549704326184388,0.04317042902033497,0.01895233590839467,0.013106572861270602,0.014815343105123628,0.02617101896828781,0.020000710583144694,0.03013431722878614,0.0017555606511828192,0.0016074032480544156,0.002544283255712133,0.013229547825141944,0.011703609067078298,0.01186511106809555,0.022041804472418786,0.004351493134812963,0.007427336537682072,0.0026741115646836187,0.01701500992596413,0.01377593261828674,0.013276051611861564,0.018766998502241672,0.019925206209625516,0.016148319973084236,0.019993759791808154,0.007734661323837465,0.009178482511411847,0.02670389501748917,0.013624394241608466,0.02008204783858177,0.01300814352715862,0.017378574579528887,0.004765179717191213,0.008615464071907438,0.03166865977080595,0.017584702416382717,0.02241621148723615,0.0032643092499536393,0.009502001971693324,0.005079798084030153,0.013473014163729282,0.014063485604574585
Belarus,0.026769500861712016,0.0420717333827873,0.010542114559262763,0.009666924176711143,0.00786723414512471,1.0,0.009372582035514141,0.01322442160629085,0.013889100058910805,0.014233520017170332,0.0207796337918316,0.018643510794828465,0.014387793508266194,0.01857097671472083,0.016717587633399904,0.015121278789183599,0.024559580318634765,0.017600258360355347,0.010237350850651966,0.006915269530847385,0.011367978095827146,0.005859772761625034,0.01339449376802536,0.007593994629189948,0.01459278649600081,0.013957842206880332,0.015512498150715575,0.019122003064036743,0.014882736881215592,0.00917536543328906,0.00713006551968731,0.010590958074511114,0.00678589566820185,0.006347386651051604,0.007412959900951164,0.015258842897335824,0.017598416641754298,0.03070310592930137,0.008853450712736462,0.01890449254232326,0.04966053762956534,0.017913290146317335,0.010172900634733605,0.012974292931173179,0.021362862991571772,0.017629575721725146,0.027006859459550614,0.006719114278571216,0.009161942391492501,0.009800950856585493,0.013744081915431926,0.010418947730070433,0.017701183195731378,0.017952837447397372,0.007820506443465129,0.013362678690426615,0.007437996986251978,0.01361990456798961,0.011104784718606858,0.011473661453278137,0.01570849260418557,0.016400325754793582,0.015548609167031439,0.016452248661476546,0.01094014650567399,0.008083822999335178,0.033060945436894765,0.010303951923696606,0.019643122567871485,0.013419944109831721,0.01858389827218113,0.005136026262069047,0.008692421037113153,0.037766484327759996,0.01476326936283679,0.017239661648654137,0.00550028233129249,0.00816880582337202,0.009646836286921593,0.01353494200349034,0.011547268043201027
Belgium,0.02057389894446305,0.04596705360376926,0.004733763320609349,0.007410403454792307,0.010269256324405274,0.009372582035514141,1.0,0.017083136972967553,0.005989443188104231,0.008672791924080893,0.023455413704087772,0.02281075009866077,0.006811201848154878,0.011324649405079091,0.013168334182102224,0.007829320457480499,0.018044782285268745,0.010493956487267638,0.002680683007409509,0.008920556520570078,0.004370643374913156,0.0048182051266770064,0.006810214846467895,0.008212502974541024,0.00719102834823028,0.005136205018946718,0.01170275803555196,0.011704161775121865,0.018750886684570124,0.01284081757412889,0.006982212091281844,0.0046404759577445215,0.009322441792706743,0.008517907533565372,0.006062638252653578,0.008034239914648009,0.012141985987755422,0.024712883960607633,0.0025685369275673595,0.023147952463240265,0.05342712493710811,0.00969239835843621,0.01608336773523708,0.006927313291006771,0.01733662143018512,0.010063987367859161,0.02025891381155918,0.00896054078508243,0.011027418885712034,0.012501056851618862,0.004994438152522768,0.0035779829607822597,0.021618622612929468,0.012572045131459193,0.01115502175774434,0.017235047066788776,0.011270289009823003,0.007316214794753423,0.004436030630677306,0.004144257408897415,0.00879653260330936,0.010061085268012996,0.006984060201610084,0.010086125483479957,0.014910959084146212,0.002888557017689907,0.03692549318640512,0.0056118995546974105,0.02550528742224435,0.005648971186859168,0.00971783810396166,0.006510187673248359,0.0021307051803336266,0.04167789347954165,0.007917352265170603,0.012571407777798846,0.007997200687017914,0.008518768632467992,0.006468656200698965,0.005200236433146943,0.004562150808124999
Bolivia,0.03753946958111013,0.028911099239579557,0.020052035541329387,0.01943904486464425,0.006991845347717238,0.01322442160629085,0.017083136972967553,1.0,0.022411894040077367,0.02380707249798447,0.008127918456827433,0.0066625307041911245,0.022938222133531926,0.028227479349095252,0.02923302571692685,0.024665402563063838,0.034963841497533704,0.02713093258879519,0.018518588116323922,0.008736016364437072,0.020830931280154737,0.014564591004021023,0.023426645784474474,0.010073058849140401,0.02396170364963247,0.021654698373554857,0.027917565422325916,0.02856928223251443,0.0020125549435305507,0.004261827026128124,0.010170390012943047,0.019261073859347715,0.00776724026133674,0.008580651703216112,0.01173537119737502,0.02494779956512705,0.028800234903784194,0.041505766126512744,0.0159921392449941,0.012162223843598989,0.036469518190995726,0.02593676337678867,0.01342709832594707,0.02093719944706489,0.03234686305036833,0.026944173120368634,0.03710679470592013,0.008151535585514676,0.0069768551903497305,0.00488538133653132,0.02019964812252031,0.018472588131494598,0.005004211666032641,0.02850544494947822,0.006612045982019165,0.0014925613668132895,0.006079227087663756,0.023823585883273386,0.02057250405520518,0.02014357559949813,0.02568033212426671,0.026675411138720483,0.023136732317473423,0.02690765163960706,0.0054438552418928626,0.01583214261233688,0.019842882685722627,0.020040293740640248,0.0163744177349557,0.019845133836239422,0.02436506914449059,0.011080169053336782,0.015522699348606063,0.024702477428403417,0.024427983743168517,0.029174054482919605,0.009511806605405728,0.014735635061358481,0.011259347128114789,0.020435059320925847,0.020919076760776107
Brazil,0.01522491273630879,0.051283325619626646,0.0045005298591867405,0.008615422015122614,0.015455592199638366,0.013889100058910805,0.005989443188104231,0.022411894040077367,1.0,0.004168494642232259,0.028465042857421827,0.02839115299393048,0.0015831885891641874,0.005880023258605883,0.008668200815493696,0.002412436798127398,0.012580650980019235,0.0053324172929059095,0.004180229010972631,0.014579487316352974,0.002853648461664722,0.00942991304538923,0.002470631869088947,0.013749669015698794,0.001906713557999259,0.0030358093637641507,0.007669868566330827,0.00615742299680361,0.024089237399204662,0.018299472361026758,0.012247285017177924,0.003728453704764228,0.014768767656226258,0.013974553218299593,0.01124623239424901,0.0038347270886206868,0.007042418682254737,0.019140805177024246,0.006586801895625279,0.028711188308602507,0.058480485083907296,0.004181449738680449,0.02097544090584703,0.00393815924312177,0.012588925473777584,0.004553939130991475,0.014701769487394555,0.01448298360295965,0.01604728673610386,0.01762405571796948,0.0036938621118147177,0.0049960321066729405,0.027162688765401788,0.0076947763617099705,0.01671702908748464,0.022658413787510757,0.01685417990693479,0.0028979751211266453,0.002926802729535791,0.0026716156313805212,0.003442003823207871,0.005107776548373951,0.0029419565055367777,0.004695373078515139,0.020541810839397948,0.007132669770756978,0.04214669457833537,0.004834817206459449,0.030915307362105397,0.00448653695884126,0.005742510578631215,0.012053447221258952,0.007272302575176222,0.047113400227153865,0.002890070051127148,0.007652362455023894,0.013593255418948895,0.012060304260230546,0.011818513981312357,0.0029592462165042212,0.002490405939479768
Bulgaria,0.013902480017126946,0.052617674066364396,0.005921772690218457,0.006877228715433435,0.017306775274253863,0.014233520017170332,0.008672791924080893,0.02380707249798447,0.004168494642232259,1.0,0.030980102559069186,0.029500546633338974,0.0035540878508553914,0.004803700906444254,0.006162586791330471,0.002906519921235477,0.01136699017316761,0.004094866269235109,0.007470306384707275,0.015557397976625257,0.004959311787286889,0.00999760760975369,0.003185839160857428,0.014888401719022832,0.0042590212931242575,0.0064938081309267705,0.005275662762474799,0.005627488012852833,0.025440126899806986,0.019552787147814804,0.014064507338201271,0.005132042540122082,0.016071628183775007,0.01523552992508134,0.012641033186171732,0.0040837454481371955,0.0050807274565226376,0.018028208965681802,0.008426331871641709,0.029836619163155678,0.06027484288426854,0.005588351458519803,0.02146815450493105,0.0038067352314974986,0.009072159282613785,0.004215823464540918,0.013618785836349942,0.01571170506942775,0.018430840462600795,0.019676341961565386,0.007298066133826177,0.00737200445265005,0.028294728245708008,0.004952273302545815,0.017758906248256094,0.023928617125718348,0.017960132290711806,0.002711327745105389,0.0047843486373417045,0.00514702018903476,0.003020490380812194,0.003792112984731014,0.005833214559964005,0.0039053148401157075,0.021600268421140937,0.008350091279784297,0.04360977790262772,0.004757391627096789,0.0316312328547978,0.0073725957221063175,0.008608116487210528,0.013138982417753646,0.009366348033174536,0.04833657348185592,0.002146530161283578,0.005664796001706667,0.014641178678449352,0.012864327689542324,0.013683945260533802,0.006434862463149843,0.004638072699253744
Cambodia,0.04362802683821067,0.023743859125943255,0.0271066278256276,0.027393369290290185,0.013752104181065074,0.0207796337918316,0.023455413704087772,0.008127918456827433,0.028465042857421827,0.030980102559069186,1.0,0.009425346146999832,0.029442493613505732,0.03432747598427734,0.03621070264295584,0.030870932630073913,0.04092698205427126,0.03360442508638378,0.0244550652378536,0.016294086166872182,0.027344537849870065,0.02189049546407858,0.02991950223864992,0.017828663237436038,0.029914914193296005,0.027580108481832937,0.03478184630969759,0.034413069134316375,0.007548010421654851,0.01189407251775302,0.016922838481526366,0.026042002427185136,0.015222124843615164,0.01623036333285615,0.018667783107700203,0.031226095180696876,0.03536011576093345,0.04726677622948653,0.022655710256711016,0.016245773636421212,0.030178612649716195,0.031101266081999927,0.019949529129598027,0.02856490836437181,0.03991827152628982,0.0329769638742062,0.04274198261203716,0.015500407371573122,0.012550332821904882,0.011316775590263124,0.025450572031782193,0.025056651869580053,0.008180728688669706,0.03566043230630913,0.014191519569003226,0.007943777384853407,0.013831592472781533,0.03039879669323027,0.027211297351821945,0.02660705750150552,0.031856189995462,0.03333616051622578,0.02886697081972323,0.03294088969036548,0.012750521278554151,0.022833269715047528,0.014569191494876189,0.027328712162257175,0.020131000875384112,0.025122918878351125,0.029554582716244084,0.018483762783207503,0.022024728807808397,0.020097197067928917,0.030932967439266722,0.03581143472357088,0.01700284244794896,0.022841552660379065,0.01739877350028344,0.02587782123337407,0.0274122462047369
Cameroon,0.04328196381291104,0.02357716838294641,0.02509275261637207,0.023597978549682423,0.013327468947873134,0.018643510794828465,0.02281075009866077,0.0066625307041911245,0.02839115299393048,0.029500546633338974,0.009425346146999832,1.0,0.028663008624110947,0.034083554113238906,0.034368855852812456,0.030498660954799514,0.04079585248014782,0.03289738322384414,0.024390206284258795,0.014060125086805462,0.0265370328624223,0.01984189821442217,0.029105784682406356,0.015145190091740462,0.02990868531251441,0.027660789152283947,0.03321107728625031,0.03450589935359453,0.004943544790548129,0.010169298713514961,0.01624140053001673,0.025063328325637912,0.013683608696471516,0.014463762626816559,0.017902722463638436,0.03065983165805166,0.03436162051866838,0.047523628993724025,0.021824517629395895,0.007211873697338523,0.03166699914522889,0.03215950695023777,0.013632891111397713,0.026329014272782926,0.03681267197249271,0.03285060765629855,0.043059621282207534,0.01392045883099777,0.013487855552454233,0.011272369651186267,0.026493409844876456,0.024283354573719055,0.0017354270497288104,0.03367110481537512,0.01177849855153333,0.00590721808707113,0.011540522990634891,0.029458515315829412,0.02622405373556175,0.025942404156778547,0.03149369286078278,0.03213870051061952,0.029233197121328037,0.03264285198581838,0.008415874344521347,0.02143061563444931,0.014846391410483762,0.025175446529193936,0.011333826632251598,0.026331620031914423,0.030592597603783966,0.01636388707438996,0.021290674666569483,0.019201109193845097,0.030153977865429185,0.03463572790685289,0.014899261304212916,0.018441119081898473,0.0178663128762922,0.026752307019310407,0.026677366392515636
Canada,0.014695567548035762,0.05182595044411,0.005222222083866985,0.008487944502567207,0.01613771736552834,0.014387793508266194,0.006811201848154878,0.022938222133531926,0.0015831885891641874,0.0035540878508553914,0.029442493613505732,0.028663008624110947,1.0,0.005445846680847578,0.008122497422584597,0.0020865309440336044,0.012172850433037766,0.004551892574391019,0.005350681698010208,0.01501161239891971,0.00372619671408663,0.010036794333788505,0.0023237271103338647,0.014090037736965372,0.0029124540954302658,0.003974708412476798,0.007139791161888124,0.005852885837414636,0.024606061134477376,0.01869680559033399,0.012847059422739462,0.004190342477029414,0.015177855468256748,0.014373620761184792,0.011823584195017644,0.0035697325078691985,0.006284299070652394,0.01886534103767202,0.0071777469711532095,0.029159246943377688,0.059306396564488495,0.003697342720770451,0.021627528784092624,0.003916301666751689,0.011721151554497237,0.0041997530651740915,0.014407339611315328,0.014809071770806979,0.01695990476844864,0.018383553274503427,0.004572659409850118,0.005522081311086013,0.027497432824449174,0.007009734492601988,0.0171347290362604,0.02309077776364472,0.017149605106446947,0.0026130987880345654,0.0037128272263798378,0.0035065460005507605,0.0032341726956950467,0.0042524718894997055,0.0032835319538420463,0.004270281298305056,0.02099692173025073,0.007628379830976788,0.04278069506363906,0.004830551676864077,0.03139842130276256,0.005023040114949536,0.005911658192543501,0.012437532754839374,0.007937838097230891,0.04755078041977863,0.0021999767286571483,0.007021729254924646,0.01399509365791793,0.0123401338459841,0.012325249624134619,0.003865761241914121,0.0033815184588624897
Chile,0.009347584630985296,0.057124461735794815,0.009079660630959078,0.011298111015104933,0.021299603582485862,0.01857097671472083,0.011324649405079091,0.028227479349095252,0.005880023258605883,0.004803700906444254,0.03432747598427734,0.034083554113238906,0.005445846680847578,1.0,0.005928685755258974,0.0035881369088737475,0.00673698610526478,0.0024919684026778357,0.009891180799587625,0.020104142578757048,0.0076532478308437,0.014623714316380203,0.005213652870187511,0.01952080245112295,0.004692970050930176,0.007354134579195213,0.005402172712230515,0.002549923412275955,0.02990441911100615,0.024066399318354362,0.018057757595537377,0.009020323133516089,0.020536315589335354,0.019739182046694084,0.017087799041836563,0.0040947231100549805,0.0034103512273734853,0.013463922169581864,0.012275186076698663,0.03445481852749413,0.06436040080191027,0.004160184260290315,0.02616871943299506,0.007959770711574676,0.008072108935524548,0.0013732380193859097,0.008992200063243517,0.02021977061177494,0.021927009831314192,0.023484643706167575,0.009269728045561039,0.009995372622256308,0.032927023161328874,0.004264423004034595,0.022326114305338637,0.028440376681516364,0.022547541647196495,0.004961092988323452,0.00797695932914009,0.00814124585816309,0.0029818184109808243,0.00255797515884957,0.0060006961901183705,0.0031700473590090122,0.02622377701895414,0.012677912457383006,0.04800218435250005,0.009447502693063214,0.03629888237203453,0.009337955331511816,0.007789270254965836,0.01772014615269088,0.012840941023987204,0.05292710830253536,0.003988752000702838,0.004296441737028934,0.019208492762340292,0.01742897011713364,0.017647853511729088,0.008594565257101108,0.007427942425460616
China,0.010967710726628716,0.05792132048334836,0.009461957039287348,0.011281007482249639,0.02264151389870094,0.016717587633399904,0.013168334182102224,0.02923302571692685,0.008668200815493696,0.006162586791330471,0.03621070264295584,0.034368855852812456,0.008122497422584597,0.005928685755258974,1.0,0.006693421235706419,0.008747373505037074,0.007109062495783592,0.012056734843704639,0.02066746080831819,0.00895283206535702,0.014675082576826112,0.006450221672133799,0.020043025060119055,0.007684599056865014,0.010729580484910765,0.001821060611957482,0.0069518757267238085,0.030863398130134667,0.02497304702635823,0.019363866620783415,0.010172760764683436,0.021481176423342803,0.02065501368926367,0.01803702938223256,0.007516550279050812,0.003803810775759163,0.014808441990013856,0.013557333527297419,0.03439924963734758,0.06570227526888439,0.009484756458545825,0.025197952798900004,0.009115027299342113,0.00707266132282537,0.0067409253864124,0.011134814357381511,0.021092359310073035,0.023668200283106143,0.02496635913683466,0.012201704596123972,0.011264906728009363,0.03355096540328747,0.004776725784185756,0.02281381064267436,0.029355971318564614,0.023192713295791326,0.005945380622723568,0.009025907500390678,0.009672332475117321,0.0056412009245102555,0.005235399115474919,0.010509584838137938,0.007178472463679357,0.026812759324121596,0.013466765341580486,0.049005380660562294,0.009275539908540553,0.03506908926877112,0.012821857679731583,0.011503731992968131,0.01820496808694295,0.014192541626425996,0.05356391262962491,0.006468905546617443,0.0026528843177920625,0.019734041064342095,0.01721114040674679,0.01881213547713696,0.01158427834500016,0.008855646109955095
Colombia,0.012883060058316803,0.05356915529685685,0.005595255894927215,0.008708062038757416,0.017752207574722678,0.015121278789183599,0.007829320457480499,0.024665402563063838,0.002412436798127398,0.002906519921235477,0.030870932630073913,0.030498660954799514,0.0020865309440336044,0.0035881369088737475,0.006693421235706419,1.0,0.010308765219532976,0.003689383666434921,0.00641813864874642,0.016516385036130662,0.004093583258992337,0.011057361249385092,0.0017506551927806541,0.015945437999046172,0.002106639802794564,0.004493786386968878,0.0057568758731005275,0.004115476488593601,0.026341904344470785,0.020493279368132184,0.014498602220828405,0.005435728033690634,0.016963647453572036,0.016165926449511994,0.01353396928044343,0.0027852105364931886,0.004710427766503597,0.017052058534808096,0.00869813952291076,0.03087353792891276,0.06085042177257164,0.0031131283552176207,0.02261220400967621,0.0048541644963108355,0.010372580052295218,0.00250833633339367,0.012580294493389682,0.01664213311663407,0.018431077907667664,0.01994852786750984,0.005958883152168669,0.006604937488965248,0.029351244239058258,0.005537452747788415,0.01873862258568975,0.024869951860524795,0.01896428370708501,0.001788297817348347,0.004403937046431943,0.004556628854883827,0.001245953512967822,0.0031985245143649685,0.00403720115963517,0.0033750699679173765,0.022645676139812682,0.009089885386563011,0.044455987907118306,0.0058891747793566665,0.03272691670235786,0.006424487453646044,0.0064085229563110606,0.014136062344097793,0.009253128787534658,0.04936124997086353,0.0014894083419284372,0.0054417015641058004,0.015620995759509732,0.013841043051982993,0.014087933613606583,0.005275567648021469,0.0038410160776970502
Costa Rica,0.0027898764484792734,0.06385650884933282,0.01578261543036846,0.01786873814720348,0.028028601164442123,0.024559580318634765,0.018044782285268745,0.034963841497533704,0.012580650980019235,0.01136699017316761,0.04092698205427126,0.04079585248014782,0.012172850433037766,0.00673698610526478,0.008747373505037074,0.010308765219532976,1.0,0.007899551512458757,0.01653481980082366,0.026772310268767547,0.014272681654609065,0.021178080787486918,0.011733708182560575,0.026254198956579766,0.011107407237497268,0.013454477031664093,0.009443940933707446,0.006740830052592951,0.03664087172490346,0.0308014463120678,0.024793703655175945,0.01574110041479572,0.027271612795600995,0.02647413361823662,0.023819295680438026,0.010180917023431423,0.0069612319473577825,0.006822515265018204,0.01900690469306274,0.04117787365434143,0.07103020428127445,0.010038927435421714,0.032645243852507194,0.014694045932997219,0.006646008358477203,0.008028852658958781,0.0028450775204354023,0.02695071304353388,0.02859638507449461,0.03020407299198766,0.015634053666808822,0.016704665313614968,0.03966000920846584,0.007570354873040873,0.02902395526084932,0.035176700651164926,0.029267265073563104,0.011417930825509329,0.014600320778560856,0.014861728059111005,0.00930320380339252,0.009025612397313646,0.012084448217735373,0.008580277328549376,0.032953899523279255,0.019370281270689176,0.054726386368795406,0.015900094613501628,0.04280841162245426,0.015848700008552395,0.012576247549182224,0.024436525162837293,0.019522116383964512,0.05966402588204148,0.010645903264261191,0.0074363176760948975,0.025905575320454143,0.024105640792420464,0.02438298271558059,0.015050564398517914,0.014118492460238136
Croatia,0.010420913407831437,0.056041880255450316,0.008000179237142566,0.010240471483902822,0.020277064614315474,0.017600258360355347,0.010493956487267638,0.02713093258879519,0.0053324172929059095,0.004094866269235109,0.03360442508638378,0.03289738322384414,0.004551892574391019,0.0024919684026778357,0.007109062495783592,0.003689383666434921,0.007899551512458757,1.0,0.009217001894210815,0.018917870773674336,0.006741729458060499,0.013531564635881815,0.004806621138596174,0.018367177837747568,0.00459895906779569,0.006661072276853309,0.006550401239183044,0.003103586930914325,0.02880504026206002,0.022927457922829943,0.016993053973617087,0.007878179727453185,0.019400062709527443,0.01860035848018199,0.016015497404898178,0.0030665046316224486,0.004693485427030295,0.014656787842059593,0.011138868987772315,0.033278507085122956,0.06343954918658065,0.0043801963553098434,0.025093384970776428,0.006941236675666677,0.008896245683336,0.0026692685443273864,0.010184585193465346,0.019063146276657977,0.02111031489254589,0.022514481106267067,0.008636812026764522,0.00899171408778777,0.03177322633882797,0.004572059139789307,0.021133024904842094,0.027311687251558484,0.021368062371556692,0.004631587613211114,0.006917361531245603,0.0070143464762408006,0.0037999682990725817,0.00306158370466018,0.00544904729850029,0.0027071067023832617,0.025060838408394223,0.01148465976189226,0.04695688049970487,0.00836525000230083,0.03517997832809703,0.008551850137203868,0.007639186063423154,0.016537059630794503,0.011746580926952922,0.05180645582196155,0.0034586572141352234,0.005574289183778382,0.018015385528727126,0.016241993514749732,0.016550251678156745,0.007968120213331561,0.006454799024205211
Czech Republic,0.01921278828054385,0.04739189352652648,0.004515469504016048,0.007008460558436095,0.011565891670585764,0.010237350850651966,0.002680683007409509,0.018518588116323922,0.004180229010972631,0.007470306384707275,0.0244550652378536,0.024390206284258795,0.005350681698010208,0.009891180799587625,0.012056734843704639,0.00641813864874642,0.01653481980082366,0.009217001894210815,1.0,0.01054135956109826,0.003446706111688293,0.005802901261261646,0.005606899023619935,0.009830256926825636,0.005570802435632227,0.003868600211835645,0.010624856657666408,0.010147009934885504,0.02019593724532432,0.014374654860361383,0.008349248085260795,0.0028482299540021835,0.010844238445135905,0.01004765484159694,0.007355392914358884,0.006773664704782107,0.011007683838979692,0.023160805764889127,0.0032421540684438263,0.024785080588114444,0.05449548644568878,0.008064551258565459,0.017162263773188642,0.005578297520536545,0.016203825907548233,0.00858923325623305,0.018677937577274355,0.010531144705870413,0.012064742480998297,0.013727834129705206,0.004300914014696927,0.003687840165644815,0.02323703691400562,0.011454271881336492,0.01266482004935637,0.018745482078145963,0.0128572488787671,0.00615336446833108,0.0032938465735828917,0.0027573252225102938,0.007403718156525046,0.00894867440692509,0.005543553639905397,0.008613257108585588,0.01659036527494259,0.003696139809755826,0.03824650217043411,0.004113131271504676,0.0269408232797729,0.004157125276854467,0.008790658613408034,0.008028625416826673,0.003696857128304093,0.04322106385655416,0.006687158002771127,0.011455003685608962,0.009536808528585683,0.008542813085203022,0.007929121819280495,0.004030218931238407,0.003391492014102622
Denmark,0.029224263129023837,0.0373364734036022,0.01150170231970881,0.01162324018366449,0.002891195727380848,0.006915269530847385,0.008920556520570078,0.008736016364437072,0.014579487316352974,0.015557397976625257,0.016294086166872182,0.014060125086805462,0.01501161239891971,0.020104142578757048,0.02066746080831819,0.016516385036130662,0.026772310268767547,0.018917870773674336,0.01054135956109826,1.0,0.012499632278442889,0.006236903311900235,0.015050999418284802,0.0038037705278965678,0.015944991206276134,0.013924555020383641,0.019402229647502572,0.02057613693364609,0.010291025170190819,0.0045621734097787605,0.0032289505291755345,0.011166740638885096,0.0019868903232889163,0.0025057828990245608,0.00487186456710398,0.016601643631694262,0.02035557679916176,0.03356604041020074,0.008005811530286741,0.014702250220848067,0.045094211102095424,0.018502550466319552,0.011713652273961957,0.01298697680928585,0.02364561836759419,0.01891927628195444,0.02909591613057521,0.001961638324718655,0.004363917460199977,0.005024330495859047,0.01302652998454071,0.01078512941143584,0.013006953320213625,0.01980856629798678,0.0034255011765894046,0.008859413616445778,0.0029729737143720384,0.015399668198487006,0.012173691044052172,0.01199430329098732,0.01748256762689394,0.018208880889258913,0.015498344418204758,0.01858273445398473,0.007034759565918207,0.007465088008970418,0.028337930095966024,0.011412138934553579,0.018781810035132667,0.01296987643911667,0.017026121880481256,0.003538614158121665,0.007312796935346253,0.03306670530396888,0.016131220371005017,0.02070883906002956,0.002099795021486438,0.007690144137518152,0.004904501053469598,0.01322987316418516,0.012676525333707321
Ecuador,0.016749322510140243,0.04973980082665198,0.0025593125405145405,0.006432093066618715,0.01399292211262949,0.011367978095827146,0.004370643374913156,0.020830931280154737,0.002853648461664722,0.004959311787286889,0.027344537849870065,0.0265370328624223,0.00372619671408663,0.0076532478308437,0.00895283206535702,0.004093583258992337,0.014272681654609065,0.006741729458060499,0.003446706111688293,0.012499632278442889,1.0,0.0069704924989113255,0.0025988310912949827,0.012039153622821356,0.0035494570244356577,0.004819876735625987,0.007487192614998232,0.008183708968927067,0.02250376756429976,0.01661472472557216,0.010705748588406975,0.003154776648603682,0.013089295719249787,0.012288336517884413,0.009717738975713465,0.004998091819203439,0.008025624418257854,0.02107652683215775,0.004844115154906573,0.026924904670556343,0.0571586406616171,0.006813377133421802,0.018524625169510225,0.004509173508132629,0.013240945999856719,0.006584546517941818,0.01661647207622893,0.012741979221868325,0.01483436661887694,0.016235077922847393,0.005316121531285177,0.0033910493051042055,0.02544714635231208,0.008388001950380478,0.014759330920238872,0.02100258795612908,0.015024732847618787,0.0030559478780931293,0.0006572957678009224,0.001375243080884881,0.00498859702956407,0.006183964170487359,0.005150006063022483,0.006294069586292262,0.01872729294851571,0.005106435849666929,0.04066346506203577,0.00352976451987484,0.0286788312896746,0.006063982359101689,0.00810087275562905,0.010184635566378088,0.005431128986218495,0.045492929066086533,0.003695374465369879,0.008469008092266354,0.011639772151290894,0.010302741271771276,0.010245168093224002,0.004516583699970421,0.0007800930440651975
"Egypt, Arab Rep.",0.023561409473397753,0.043298530633422844,0.0059428164253662015,0.006105949203522383,0.008147045182677405,0.005859772761625034,0.0048182051266770064,0.014564591004021023,0.00942991304538923,0.00999760760975369,0.02189049546407858,0.01984189821442217,0.010036794333788505,0.014623714316380203,0.014675082576826112,0.011057361249385092,0.021178080787486918,0.013531564635881815,0.005802901261261646,0.006236903311900235,0.0069704924989113255,1.0,0.009455698510807872,0.0060207778736060145,0.010409679111260858,0.009344677675841996,0.013405831603786295,0.01514888218336695,0.01618847601073277,0.010311003748311271,0.005228986383970165,0.006101342439046117,0.006834911821740262,0.006028288798411273,0.0041301334788303576,0.01121659663256797,0.014550928867480276,0.028000595543183827,0.003546264007233231,0.02017636038660624,0.05102976280572704,0.01361128730522215,0.01218346763470745,0.008567399026096609,0.018073683063883517,0.013525002563461633,0.0235654010065913,0.006455081785463051,0.009371275154100462,0.010580769768876402,0.008734394425671132,0.005731890792202277,0.01891705581496694,0.014174044058083271,0.008167492743574015,0.01468546712581719,0.008518729676181449,0.009760463612970222,0.006654789082293874,0.00676086025321947,0.01193650748939445,0.012381889224517748,0.011126757525618938,0.012880406783485654,0.01214280348844228,0.0029277086036860137,0.03433821051111929,0.005717605455886912,0.022128857814582077,0.009140191356678661,0.0131007324612109,0.0035679901401250887,0.003976186342252385,0.03897275242834935,0.010644907389348266,0.014794211198286151,0.005058962214652437,0.005955058703130318,0.007071486660651982,0.008740605137818736,0.007244693154036832
El Salvador,0.014176218034618774,0.052334056338278624,0.004385001907101127,0.0074123797691220674,0.016591593758455047,0.01339449376802536,0.006810214846467895,0.023426645784474474,0.002470631869088947,0.003185839160857428,0.02991950223864992,0.029105784682406356,0.0023237271103338647,0.005213652870187511,0.006450221672133799,0.0017506551927806541,0.011733708182560575,0.004806621138596174,0.005606899023619935,0.015050999418284802,0.0025988310912949827,0.009455698510807872,1.0,0.014622416775476682,0.0025313292887027936,0.005189663440427624,0.0053119336629944,0.005776138281125934,0.02509896761231968,0.01920604584478054,0.013304574120650564,0.004201943257520202,0.015681482706185013,0.014880042741539359,0.012313902989359509,0.0035514892452527076,0.0054406298055077644,0.0185524773637404,0.007442396264873107,0.029493391492585272,0.059756349707063186,0.004547045825783037,0.020974822025550746,0.004123183800966683,0.010896497758315098,0.004252459820620203,0.014109705005152358,0.015330343493833132,0.01741866170130841,0.01883157820211676,0.0060929836312379115,0.005437115221901253,0.028031836054561967,0.00594343017692931,0.01732743680023885,0.02359514436170842,0.01760374123477321,0.0006700976403461632,0.0028817578720483294,0.00332644788940487,0.002482199353483401,0.003981840747858617,0.004865694725567184,0.004328917962801331,0.021308358152033986,0.007678976486023053,0.04326100823645227,0.0042522591657468975,0.031124427938836446,0.006825006284916994,0.007618517154741348,0.01275815378943459,0.00800298198204584,0.04808231127382766,0.001818841748424041,0.005893852407939638,0.014206545852639411,0.012393055017399368,0.012838317961001785,0.005338838768597919,0.0025311217526282057
