Country Name,Albania,Angola,Australia,Azerbaijan,Bangladesh,Belarus,Belgium,Bolivia,Brazil,Bulgaria,Cambodia,Cameroon,Canada,Chile,China,Colombia,Costa Rica,Croatia,Czech Republic,Denmark,Ecuador,"Egypt, Arab Rep.",El Salvador,Estonia,Finland,France,Georgia,Germany,Ghana,Guatemala,Honduras,Hungary,India,Indonesia,Israel,Italy,Jamaica,Japan,Jordan,Kazakhstan,Kenya,"Korea, Rep.",Kyrgyz Republic,Latvia,Lithuania,Malaysia,Mexico,Mongolia,Morocco,Nepal,Netherlands,New Zealand,Nigeria,North Macedonia,Norway,Oman,Pakistan,Panama,Paraguay,Peru,Philippines,Poland,Portugal,Romania,Russian Federation,Saudi Arabia,Senegal,Slovak Republic,South Africa,Spain,Sri Lanka,Sweden,Switzerland,Tanzania,Thailand,Tunisia,Turkey,Ukraine,United Kingdom,United States,Uruguay
Albania,1.0,1.0574869617875584,0.3140147024667828,0.3219271639114954,0.4986554909013625,0.43087003695284165,0.34727909326462625,0.6089201340948187,0.24886720236861806,0.22004977036675025,0.7212191614113197,0.7064217151217843,0.23123009001367684,0.15284878852009195,0.18758388455524438,0.2156064490882313,0.05252808056275894,0.17403657435792017,0.31498303857176896,0.4672229658008561,0.28521778408473064,0.39204380270793926,0.239940811860148,0.43933816767606015,0.23904328961387714,0.2765763497040839,0.20159149393065764,0.16886543977922108,0.6351090748108821,0.545626852389559,0.4470222330940028,0.2916518855931776,0.4785422693966409,0.459871419556946,0.4302506740529458,0.22321403882937896,0.16168947239906578,0.08138419388860219,0.35192224633911856,0.6815115762610724,1.1544975945903964,0.2024721869340282,0.5734551140457633,0.2590869635918338,0.15489091861924778,0.17480955317570018,0.047781008736514155,0.47802738956155966,0.5101213185913367,0.5474224049859872,0.29560726797500136,0.32301191893613646,0.6840628875907938,0.1799332305787893,0.5230703188276933,0.6242147016488816,0.5182164215594759,0.23078569356873524,0.2836249723291009,0.2851110599868798,0.2062082815015089,0.17999239185318447,0.24275417700144625,0.1821313412175845,0.5614555238404891,0.35276859634553115,0.9148988042982908,0.2866656696279898,0.6870250166859946,0.29630256557171936,0.2814487077952484,0.43818669445739605,0.37090698843111264,1.0057731723272356,0.2088196191134845,0.17079731310002724,0.46092424057350184,0.3971560415928202,0.425574512309584,0.2850060455520426,0.27816407656126135
Angola,1.0574869617875584,1.0,0.7612684298016381,0.7671963410169532,0.569275681272816,0.6662445290696027,0.7257115426722361,0.4579130860817178,0.8166011321315196,0.8514174087651906,0.37445138991673765,0.3644292897217865,0.8342825014281612,0.910393152279155,0.9002595278674337,0.848713623317135,1.0143850321969752,0.9006040228966854,0.7561293559385883,0.6002417757223211,0.7815202844268123,0.6790220328594075,0.8257516300785129,0.6300113426021243,0.8300325072022823,0.8018872924920345,0.8874940129741173,0.9047096556946658,0.4319045434619524,0.5211933081675653,0.6198369152215207,0.7763357722226149,0.5870194349506093,0.606394275806219,0.6411272334272112,0.853808174328001,0.9151399812686002,1.11197028619051,0.7133662832473678,0.433391398358262,0.12681157539475538,0.8729417706293848,0.5581903371379177,0.8167220028061992,0.982047952234695,0.8889478737573332,1.0371225134871278,0.5879345214889783,0.5616670107489236,0.5246828302248696,0.7816576771461022,0.7515715686910054,0.38374069909528286,0.9110269126153799,0.548016991552113,0.444515962255672,0.5483408310393896,0.8353190573494415,0.7816095013173017,0.7792468665327532,0.8609734141005214,0.8858810710068544,0.8346052806178795,0.8945796555989958,0.5216624828025771,0.7120055663289685,0.14944976013328562,0.7821713217518589,0.4805890634090748,0.7859397945288966,0.823463531983227,0.6312682987279222,0.7000210534249457,0.06358805031414279,0.8563299812734249,0.9113995244789191,0.6048835209623239,0.6905187313246025,0.6480733824086924,0.7878554013279669,0.7883752126761431
Australia,0.3140147024667828,0.7612684298016381,1.0,0.11724989676605763,0.20738390628250755,0.16594804451546522,0.08900500619008345,0.31243992902116735,0.09473462802584874,0.11737293324721668,0.4337167512931645,0.4041128142067633,0.10882382821152846,0.16900755214713253,0.15813095623895737,0.11109421527171738,0.2683949751664223,0.16533864207227034,0.09103843106090112,0.17869873402725728,0.0571583495152373,0.09852120168060621,0.08644934926935306,0.1565197950782388,0.09617776389520753,0.11343966565861942,0.1475586046317902,0.16862493616079743,0.3350352229097878,0.2484187109271245,0.15785167449090856,0.08320634541556207,0.18679788526607533,0.16982721110924795,0.13258412105133344,0.12688247378988285,0.1701275303760809,0.36758530828373964,0.07885837484796787,0.39276136027711167,0.8628267499097819,0.1594305207856184,0.2920521754911692,0.11761622592654325,0.2537653722990691,0.1513182936568897,0.29244718668474673,0.18641752178956097,0.2201329445603877,0.25383274331620465,0.11228367384056961,0.06694634549064818,0.38251600839314676,0.16333480859780267,0.2212484397683715,0.32438251650124067,0.21960088343601014,0.09547633903315048,0.060483339931481375,0.0697012361908122,0.11760438351271722,0.1539654210903623,0.1330563233484481,0.1624724557395568,0.27100000674940905,0.07881586379253037,0.6179073650436888,0.08665821178740234,0.4168723707103406,0.12024779613659736,0.1626222541460526,0.13974325675874413,0.09471238902219956,0.7077164376394985,0.12165398891933388,0.16563159924451412,0.16685811545847543,0.14533451595238994,0.15269406877481187,0.1032747926883056,0.06205415302454067
Azerbaijan,0.3219271639114954,0.7671963410169532,0.11724989676605763,1.0,0.23824468557277678,0.15734632347159208,0.13967280957039593,0.3329255677217206,0.13881737279583456,0.11992935049007511,0.4664815502756114,0.4128350276275405,0.14192850383851607,0.18837217512243581,0.16738550925172258,0.14483077689819626,0.2787861060209185,0.18592112950718248,0.12239561000473181,0.2019112109797068,0.110808991659459,0.12115804112209509,0.12167044599480836,0.1663019733474408,0.15232588823667098,0.16913110765904504,0.1485323643021086,0.20340594675798682,0.35076585165291624,0.27179444131130154,0.1931664475367205,0.09771037709539938,0.20995379875111303,0.18594072762073643,0.16894855924025687,0.16019728958320326,0.17297235507603168,0.3758707466750902,0.1248146711887267,0.36680545245969226,0.8714782100493711,0.19126231864911947,0.2633343236035482,0.09325962775000057,0.22830729322773424,0.17820212243963895,0.31279493895341404,0.21350555985103858,0.2557143497742183,0.28819615876186166,0.16864337656542022,0.14235256611443933,0.393119563671677,0.1695087307824865,0.24859411206368645,0.3453371250167931,0.23980207941107054,0.11984151642459512,0.10589543642548561,0.11578638608612883,0.14793176635580954,0.16707354742289698,0.17233241294666599,0.17827387303585704,0.2663290567136745,0.11309504174249432,0.6286650137619952,0.08150110665261609,0.3755888071530062,0.16499280853710663,0.23673501125049393,0.16406203496031257,0.1441525183603016,0.715574935050044,0.13449799310525531,0.17105814055119326,0.18933608181152764,0.10131860966426996,0.19340193722602395,0.1561083088940264,0.10705714056245207
Bangladesh,0.4986554909013625,0.569275681272816,0.20738390628250755,0.23824468557277678,1.0,0.17761252133436395,0.16824137156706853,0.11253043749877886,0.25165271411123447,0.29657380936593325,0.23349297447360787,0.22228199568331228,0.27170153007839737,0.34836378891644804,0.35039586610295825,0.28538729815908837,0.45469902226115244,0.3424066086630612,0.19716191247523931,0.06307514579592131,0.2195227998538637,0.13393223880275223,0.26436681761882214,0.09353039309581661,0.2660347717392668,0.24098747542054758,0.33914014578162693,0.3420735488252386,0.14275485905496027,0.05362471226813113,0.052442063164568835,0.21860788191106822,0.0319299398344151,0.06016304919945971,0.0886158410741573,0.29602067568288715,0.36037123777647145,0.555339578313849,0.1488348776338317,0.25727969440073967,0.6675591898293638,0.3096310267061929,0.225910730198679,0.26723021146567044,0.44130645200236984,0.32557490766234126,0.47570499825490037,0.029412859651746164,0.026296211336763173,0.05500664329791247,0.21878441167698257,0.19414525089574317,0.19575425299978938,0.36083071938187644,0.06943569367494017,0.13147671966782767,0.045380038695567906,0.2755536100055657,0.21979524478540513,0.2151946770272767,0.2993928349062123,0.3267189789909802,0.273412066160814,0.33870249240630174,0.13351808841316454,0.150875686897591,0.42242055573824744,0.2294518553027054,0.31248685198709153,0.22846940335149918,0.266798774129318,0.09017382171152728,0.14071542671351947,0.517068317235588,0.2967801032780368,0.3582880558757393,0.055597363993182984,0.1819681314491519,0.09443627516317747,0.22370397787549068,0.2269216562111336
Belarus,0.43087003695284165,0.6662445290696027,0.16594804451546522,0.15734632347159208,0.17761252133436395,1.0,0.1528148830984568,0.24748236207412147,0.21787577491935176,0.23022311894462397,0.38206470013456867,0.31181936972337393,0.232008359110778,0.2900682241471306,0.26524050650153963,0.23529451844217578,0.3854257872328267,0.2854850621087912,0.16571782816857797,0.14001786871452784,0.1757450000177202,0.10077770271731923,0.20882777124557647,0.1457488889667012,0.22580247944389806,0.2244030298645135,0.24620987512836764,0.29184414176034973,0.25705253715245957,0.19343603017945363,0.15039240326705192,0.17727901601601762,0.15194018340275414,0.13184928425382997,0.15010416346683744,0.24461887676248123,0.2775851300730703,0.4781350312116522,0.14532770081702678,0.282908175922661,0.7720806272537634,0.2798926262908635,0.19389824389158086,0.20664197608455537,0.348498585083598,0.2755523552138417,0.4160866376355117,0.1577482771908478,0.19135102679408433,0.21542946003407995,0.21907101269827903,0.17253064416861916,0.2945909847840917,0.2813184973764756,0.16033092945982771,0.2538133314300852,0.16336867837295477,0.21283206218455455,0.17510269417192925,0.18225538932024804,0.23947571427419637,0.2695246048417475,0.24833127594885968,0.26470048283592945,0.1716313012552093,0.13604341582075818,0.529628917314689,0.17264088511735606,0.292259916193421,0.22845623779357335,0.2880836525089462,0.11200739915018137,0.14917052842098938,0.6135120201315808,0.23418190732409433,0.2723768202039718,0.13304554987950143,0.13566205830283806,0.17808958461338925,0.21481022057163204,0.17885686924684271
Belgium,0.34727909326462625,0.7257115426722361,0.08900500619008345,0.13967280957039593,0.16824137156706853,0.1528148830984568,1.0,0.2750398063997991,0.10992731583806986,0.15410290694682233,0.3928942919595956,0.37267582598354204,0.12830947243190988,0.19832914786234157,0.20520857451690167,0.1379951033476129,0.30180799854253043,0.18893616775632877,0.05300485649491975,0.1401293272966709,0.08109651117356861,0.08748641887852165,0.11841092684986639,0.1292183477280826,0.11971261883893139,0.09199458635416115,0.19252781754332102,0.18545523335339367,0.2991434110190398,0.21278587558529183,0.1198213870447906,0.08158267021935865,0.1495427204536364,0.13302334669386087,0.1084011663897807,0.1388225818472101,0.2088170237602994,0.39867408208157923,0.05590049804494425,0.3703405811861779,0.8240952023164324,0.16664628838813178,0.2861620080267671,0.13744029434323884,0.2956632561508841,0.1775608066591682,0.32435856182934536,0.1503892945272936,0.1784021836994473,0.21612466340399153,0.087280079939476,0.08524895864665694,0.34895086965044536,0.21271325579333067,0.19174536979014314,0.2894663766727016,0.18654265039937484,0.12852945600187216,0.0819894837362468,0.0794734065701618,0.1492737982198036,0.17505013690947424,0.125116354298362,0.18599278782209708,0.2361636172368648,0.06096481127064928,0.5809736754232352,0.09724910269033228,0.4003892953256197,0.10250935839023614,0.16259012471187084,0.1078792658262255,0.043674431788125134,0.6733884493351706,0.14919653873854177,0.20777098006917097,0.13464422225854925,0.13936251317093723,0.10257231009277128,0.09256319768540125,0.08578571797711287
Bolivia,0.6089201340948187,0.4579130860817178,0.31243992902116735,0.3329255677217206,0.11253043749877886,0.24748236207412147,0.2750398063997991,1.0,0.36322017775543286,0.40409274977958826,0.1418168002197575,0.11795482838153169,0.3825141005906008,0.45919590594993515,0.4550418133142795,0.3961781783089162,0.565170848406749,0.4518924495496643,0.3057588782957289,0.15127345620492735,0.3288152466333617,0.23193713316923892,0.3739092663807065,0.18595550365436936,0.37686227435031583,0.35083613509366957,0.44349041492933766,0.4529854440245255,0.04163608304671799,0.06531456974522934,0.16356155054215563,0.326716280439926,0.1324941629195496,0.1563790628697612,0.1905820689002495,0.40467115298042355,0.4681178220197965,0.6652227307011734,0.2591294553167261,0.19626788033237433,0.5586221533204816,0.42125286488741503,0.2239767367260998,0.37251726498329374,0.5446990929619702,0.4368181645940369,0.5868030388009174,0.13207446494005803,0.10832314447239784,0.07149524578014942,0.32996694051855857,0.30136676007735386,0.09045298032417416,0.4668435271886812,0.10547394072501029,0.03114856514102377,0.09667871032739395,0.3845793149716376,0.32910400867196504,0.3257913982056929,0.4094560375844017,0.4358588704045323,0.38400708226300756,0.4473801245867623,0.13189695448182326,0.2591999039565392,0.3111609119605539,0.3346884724215524,0.26961095412015273,0.33764516395164723,0.3741528221268872,0.1837043406324518,0.24790222765306752,0.4051750262456567,0.4063292849488505,0.46498263912289967,0.1519770092942796,0.26457995621226454,0.19885468525197322,0.3354251264570287,0.33635364500036874
Brazil,0.24886720236861806,0.8166011321315196,0.09473462802584874,0.13881737279583456,0.25165271411123447,0.21787577491935176,0.10992731583806986,0.36322017775543286,1.0,0.07781321201751507,0.4774318354159713,0.4645195170609458,0.03217187178673029,0.09761272642886713,0.13386575368211107,0.037813437129110485,0.20422372997750995,0.1046272713876304,0.07900696959491145,0.22460228830266854,0.05227055921249139,0.15711823465965732,0.039017923815764945,0.19919094169931897,0.036019909555875786,0.0654908434130402,0.12647489031556897,0.09773617974645188,0.38969997027644265,0.30014848310238074,0.20003121924873274,0.06597655057115637,0.23260220119433173,0.21494062346555767,0.18661534811144068,0.07771289205622085,0.12408521419140825,0.3066518637158177,0.10585694230236299,0.45579158645280354,0.9135202079643324,0.07097651830858437,0.3629464202113222,0.08419230781136636,0.21869343451144146,0.07426932836571208,0.226045156552594,0.2325733578364667,0.2623461725516245,0.3014415050977319,0.06547571883659178,0.0917056585957387,0.4404240384742692,0.1377399152337844,0.2811129035132981,0.379435291620889,0.2737703370646838,0.04822883073163079,0.04947604409735148,0.04159599383546508,0.0576745626806684,0.08793868250655544,0.059987556835401315,0.10326674564332437,0.32429101063503785,0.11006284625470648,0.6715145967955394,0.07896253551349437,0.4771574796449381,0.08116195388731035,0.11389471053910726,0.19697161522280776,0.12943532360790136,0.7648283524050153,0.05703191899688641,0.12862651219957238,0.2172899668128502,0.18656387868828178,0.1811951117931639,0.049669353110423024,0.04583662553650089
Bulgaria,0.22004977036675025,0.8514174087651906,0.11737293324721668,0.11992935049007511,0.29657380936593325,0.23022311894462397,0.15410290694682233,0.40409274977958826,0.07781321201751507,1.0,0.5264938953048499,0.4973416880881236,0.06841155600915445,0.08340263492145812,0.09865174408845123,0.0606406956005745,0.17586579364192542,0.07977869142202208,0.12416169420718455,0.26296269775421227,0.09368238560679418,0.18529181971298442,0.060876024062688223,0.23051556597214107,0.08151235407923785,0.12126164546015177,0.08726135043704127,0.10519170992175472,0.42732839106696835,0.3406777485790864,0.2453079872016479,0.08775360779667869,0.27316861881073423,0.2519338765482333,0.22366140711749577,0.07928955235833941,0.08399459139981459,0.2764948942000388,0.15179917853099692,0.46912614963609356,0.9512052335684948,0.10239099094602254,0.3648835233969534,0.06289758461061871,0.1595980143532843,0.07617757898289976,0.20700553911453526,0.2744893380475003,0.30999449130099355,0.3477163787998567,0.12858367461854042,0.13458250726935903,0.4750252817891249,0.08371282779494253,0.3173241096123113,0.4191124897044525,0.3112832409805268,0.051528835580639434,0.08927132406349723,0.09426196792258118,0.06089618485166076,0.0775147958337217,0.10206248458805231,0.07490870381423442,0.3489369376596951,0.14938461453977567,0.7090157100492355,0.08206576795164913,0.48063010965976777,0.12547722011220677,0.1766931334441456,0.22908898518013412,0.17223652627453367,0.7998231548622579,0.04532067811732941,0.09012429180948792,0.2551026486439436,0.18755029559915065,0.2288903087441258,0.11361977237461723,0.08385934669027727
Cambodia,0.7212191614113197,0.37445138991673765,0.4337167512931645,0.4664815502756114,0.23349297447360787,0.38206470013456867,0.3928942919595956,0.1418168002197575,0.4774318354159713,0.5264938953048499,1.0,0.1584084439997844,0.49812824671980355,0.574219122526463,0.5780438866607093,0.5122841548933637,0.6790995125920426,0.5671081338760192,0.4242364468981294,0.27887456488914714,0.4486883962968831,0.36275045518066495,0.49332840627828867,0.31443739978076424,0.4896341725505151,0.45854275931885624,0.5689337344908587,0.563645946907671,0.14490376366243965,0.1988195955160781,0.28460645579163063,0.4483251445031757,0.2608971123049053,0.28723164599205464,0.3125869117451897,0.5197813417933973,0.5903302447666219,0.7769895010188402,0.37962851517586677,0.2861830088693905,0.461136336696504,0.5284986659139433,0.3488999974135848,0.49710731421532073,0.6710439275470996,0.5503538468093242,0.6954749197704261,0.2580388073303906,0.2209406427814871,0.18336370325076007,0.4360863942984494,0.4179607632245839,0.1455937911879773,0.589476846580279,0.23574982570675368,0.1401332098861496,0.23242977289046982,0.5054372785365594,0.4497311576667693,0.44386830428645896,0.5270210250548151,0.5529304515247049,0.4925868176403469,0.565728280295705,0.2595609871868208,0.38297906430140116,0.22918956381471298,0.46020238559260246,0.3684888544744315,0.44501214566274394,0.4632999369946868,0.3148568579123716,0.36651021261762556,0.3253332116903358,0.5262853957927851,0.5877385275131513,0.28259177349963477,0.4001933904333484,0.3102324753996001,0.44451729725689504,0.45696777454539345
Cameroon,0.7064217151217843,0.3644292897217865,0.4041128142067633,0.4128350276275405,0.22228199568331228,0.31181936972337393,0.37267582598354204,0.11795482838153169,0.4645195170609458,0.4973416880881236,0.1584084439997844,1.0,0.4828310130317276,0.5574984931928718,0.5417390050801275,0.49462419935813157,0.6617378545346843,0.5497059576447426,0.4042955360191541,0.24979979669077895,0.42484253861053733,0.3186245974386747,0.46957580146435013,0.2816313573492285,0.47696783039892293,0.4546522808691332,0.5284503543752127,0.55277838701516,0.08450721855538347,0.1697643876769576,0.2687896473459239,0.42356470571453186,0.23566455562631353,0.2538502022649733,0.28812355820220137,0.5019034892014609,0.5584213447891794,0.7607598590219096,0.3592420973559416,0.14480366894421687,0.47495204102215266,0.5258092824948651,0.22576287179599872,0.46499011040376664,0.6285839960432852,0.536781118612535,0.6859905543726806,0.2367968534069796,0.21947492330968915,0.1831862192714441,0.4365888195671003,0.3986066007159398,0.03179329913102705,0.5554020088013607,0.19148962395600022,0.09683322806873763,0.19191143181902753,0.4790221827199681,0.42548620027120776,0.4253011988217086,0.5053643720148651,0.5330361050452233,0.4879132341981517,0.5427292574803498,0.18031357751264662,0.3568739236556405,0.22615714294731307,0.42726042497668193,0.2240910428549556,0.44286211109064577,0.4840672569322862,0.2734694375799625,0.3464756192556102,0.30914758580565166,0.5023340617958458,0.5533759574535264,0.2490081466927525,0.3414607063927266,0.3065227012762926,0.4408082723474908,0.4321492484359855
Canada,0.23123009001367684,0.8342825014281612,0.10882382821152846,0.14192850383851607,0.27170153007839737,0.232008359110778,0.12830947243190988,0.3825141005906008,0.03217187178673029,0.06841155600915445,0.49812824671980355,0.4828310130317276,1.0,0.08193194870097563,0.12534412765544586,0.035349815894216735,0.1872241208817859,0.08668619915484986,0.0952777046874099,0.24258832455218632,0.07269902747822572,0.1748445649444827,0.04629769473648849,0.21373573707045873,0.05262804950241469,0.08005753012507819,0.11844205201627168,0.08792864756635882,0.40855916193765174,0.3197320148485609,0.22026312938591341,0.07627290828273134,0.2513750892474681,0.2324691174923047,0.2060418875171196,0.0726990548616048,0.10974166509594903,0.29013382837706536,0.12624682706558824,0.46925164634855904,0.9311508362512753,0.06600948473699815,0.3751666740919665,0.08142556562308337,0.20103018975637524,0.06097231752073544,0.211393502860466,0.2519149086589494,0.28297821132073625,0.32242394500221133,0.0846841947497781,0.10700688000491636,0.4588354096509813,0.12541713633710697,0.30084055856251685,0.39922492584644614,0.29281253392325474,0.04756051037301483,0.06805353267589018,0.06310371796598589,0.05323801301964958,0.07052158211067994,0.06219844050942581,0.08839440348903217,0.3389973882803624,0.12840509364983765,0.6897802148857479,0.08448613858906738,0.48637971782964273,0.08908637131875985,0.13026104796901186,0.21490411801897732,0.14919747819355172,0.7829973595520696,0.04262232537144843,0.11729307990338805,0.23609535508333448,0.19069863304845588,0.19803671728420985,0.06741880238544298,0.06383691182845155
Chile,0.15284878852009195,0.910393152279155,0.16900755214713253,0.18837217512243581,0.34836378891644804,0.2900682241471306,0.19832914786234157,0.45919590594993515,0.09761272642886713,0.08340263492145812,0.574219122526463,0.5574984931928718,0.08193194870097563,1.0,0.09483844419011768,0.06418378872517445,0.10706555979310353,0.059136527430926684,0.16498110509624825,0.3181652508918575,0.13528051205835573,0.24344432512687725,0.09057797917201778,0.29029139605398785,0.09223964292540701,0.13506181527775402,0.09582985875895844,0.048360861825407275,0.484660385078027,0.3957187931293077,0.2964835715341788,0.1435324733816635,0.32807889129033463,0.30887028116622134,0.2799839989015246,0.09017006776323384,0.05860201226796009,0.2116706327484811,0.20085095335655742,0.5387628538808885,1.0076939941175218,0.07012442319389611,0.43648075715236073,0.12098704158289351,0.1471411585444444,0.0253860132458795,0.13331217791099226,0.3282733770028932,0.3594158059270918,0.3981217296746088,0.14999895608537744,0.17522743664698565,0.534302929773944,0.08933506637906094,0.37415583358775,0.474709817729487,0.3681569232050555,0.08229641841960629,0.13342838179390457,0.13415389410734935,0.05751331089614427,0.0518717403824052,0.10421587545799145,0.06112286320697868,0.41239964659567274,0.2023846493130782,0.766488406616124,0.1433673775227273,0.5511401034225474,0.1543772734760856,0.1637741823962991,0.28807537819082135,0.2213781861291097,0.8586734671292439,0.05977000208539412,0.0729201817489318,0.3112083609905953,0.2572702172171544,0.27627096624641584,0.13718108137785462,0.12701072769467975
China,0.18758388455524438,0.9002595278674337,0.15813095623895737,0.16738550925172258,0.35039586610295825,0.26524050650153963,0.20520857451690167,0.4550418133142795,0.13386575368211107,0.09865174408845123,0.5780438866607093,0.5417390050801275,0.12534412765544586,0.09483844419011768,1.0,0.10077107806691517,0.1476895675030343,0.11583748102389714,0.18417742941536577,0.3153539248024114,0.13738414720713668,0.22719121909975856,0.10069769880289031,0.291817824847767,0.12273532818092962,0.17381799684918928,0.038502079422934155,0.11222331263034631,0.47743607577033964,0.3902076119626523,0.298936753785537,0.15931093328113238,0.3275726934567614,0.30874977569566375,0.2794357444955736,0.12250677461067264,0.0609951664902352,0.23999811559051604,0.20675171082519292,0.5131987465708123,1.0045716153559447,0.14763076596053726,0.3970168887629694,0.1348566422063374,0.12898251083396423,0.10197750404621284,0.1772691302953199,0.32669771204621656,0.36494327315149727,0.39709807249030243,0.19378767990142828,0.1822641420476375,0.5225374701871154,0.0816329936265185,0.3615112274153332,0.4656778631706025,0.36004603445600075,0.09204253501972735,0.13763337070978002,0.14933111132819105,0.08593127971698919,0.08950824596444035,0.16102457755827063,0.11238131456519565,0.40553751056218607,0.2037276300309394,0.7596213925757604,0.14052582358352197,0.5209907098501388,0.20127154864020097,0.20598649829154414,0.2790188655500239,0.22435668347001594,0.8458683607122426,0.09614479034139181,0.04305900765904485,0.30457954028493817,0.24513241128584057,0.2924496814284832,0.18000237126746504,0.13410968069384496
Colombia,0.2156064490882313,0.848713623317135,0.11109421527171738,0.14483077689819626,0.28538729815908837,0.23529451844217578,0.1379951033476129,0.3961781783089162,0.037813437129110485,0.0606406956005745,0.5122841548933637,0.49462419935813157,0.035349815894216735,0.06418378872517445,0.10077107806691517,1.0,0.170072211641429,0.08064023994342016,0.10699503939068848,0.25625349283471976,0.07178840053521496,0.18124096598842365,0.030593629706949663,0.23055154299107972,0.03938309518711597,0.08842288344907683,0.09494128508052485,0.07092485432492826,0.4217132986865185,0.3323686679896826,0.23331189799774454,0.08798603321976936,0.26531294800032906,0.2468366121707139,0.2176591458854634,0.06708644955961185,0.08798676566603839,0.2730725280100208,0.13757604774917154,0.48062191762471573,0.9469255194269733,0.06413791948696396,0.3811781157461975,0.0859326355001191,0.1861411071583227,0.04384397003507497,0.19393017795698925,0.2652204312612178,0.29675351568248926,0.3348101258553032,0.09913454167376495,0.1169732918389523,0.47144976479400463,0.1074462247226204,0.31094238289915754,0.41122437779140736,0.30486438387869863,0.030104633823931158,0.0702662318580348,0.07101833276752188,0.023148364474343746,0.059803671507767914,0.07182807227586763,0.0785457977085379,0.3530880643141274,0.13967427512461728,0.7043752721605795,0.0907617197337896,0.4979775109878656,0.10969077806026958,0.13031417479151208,0.22559785067931018,0.159349584251433,0.7964510420600588,0.031348733395546835,0.09256777087859663,0.24803955477807238,0.20613325622380793,0.21664429358913215,0.08453243902761239,0.06445565419709667
Costa Rica,0.05252808056275894,1.0143850321969752,0.2683949751664223,0.2787861060209185,0.45469902226115244,0.3854257872328267,0.30180799854253043,0.565170848406749,0.20422372997750995,0.17586579364192542,0.6790995125920426,0.6617378545346843,0.1872241208817859,0.10706555979310353,0.1476895675030343,0.170072211641429,1.0,0.13237717599011,0.2691257416633642,0.4238788261755151,0.23947043177000388,0.3462984673342725,0.1939770997280056,0.39551507176251677,0.1943762443489657,0.23399191863824778,0.15672822464667255,0.12470958757458983,0.590151534983479,0.5015825502302873,0.40287128419569707,0.24728613387067838,0.4344381829602838,0.4149389314254235,0.384810196807434,0.1798520467584079,0.11387248639346856,0.10995295531895263,0.30725778086817795,0.6378112904438143,1.1114903119852133,0.16126814708010462,0.5295979406386184,0.2155711806969948,0.13046454395091736,0.13049657199781606,0.04393211584731707,0.43451905634843935,0.4655025917273164,0.503809174588209,0.2522320228592359,0.27736519245572133,0.6391663938202611,0.13675834280434146,0.4787084921768531,0.5800433385328362,0.47371591876187263,0.18440176645523615,0.23841790002845265,0.24063830068519715,0.15858561220877238,0.13990646846269109,0.20068978987922736,0.13701362777817575,0.5151191594096233,0.30837902191054056,0.8713951115770909,0.24391297935970987,0.6445326139577849,0.2535331105211327,0.24734431450130076,0.392586994885729,0.32584166110822393,0.9626569419609772,0.1628303516649692,0.1246890834808681,0.41691233342488787,0.3542191169204291,0.3819327937864173,0.2411656325484745,0.23164674165351082
Croatia,0.17403657435792017,0.9006040228966854,0.16533864207227034,0.18592112950718248,0.3424066086630612,0.2854850621087912,0.18893616775632877,0.4518924495496643,0.1046272713876304,0.07977869142202208,0.5671081338760192,0.5497059576447426,0.08668619915484986,0.059136527430926684,0.11583748102389714,0.08064023994342016,0.13237717599011,1.0,0.15516595311266382,0.3105569867281511,0.13953274590030398,0.24072066791220975,0.10092615110242542,0.28311541955762065,0.100027086269786,0.1232683044151612,0.11339621821279536,0.06297772719229676,0.47701280526066525,0.3893246046259491,0.29146940432297824,0.13082825195034534,0.32177984907365664,0.302279822517507,0.2712599269932132,0.05894692185200666,0.08483695529943051,0.22678139599116565,0.1986440178184805,0.5288634340674891,0.9973798287704783,0.08639488489364686,0.42875055040840104,0.12271344115197039,0.15770203915730002,0.06086034707066618,0.15809110187874803,0.3224238105394045,0.3535073456383815,0.39246097808050767,0.1454725166715403,0.17181370910411822,0.5263707392182246,0.08796068724714112,0.3678842969203243,0.46799263572295025,0.36195329681124333,0.09360123049179878,0.13669176524569865,0.13656208211325285,0.07876518530224398,0.059334389119796806,0.097530373867456,0.05796144206878662,0.40214520881104676,0.19968719415191694,0.7571451450638302,0.13637154863661816,0.5411322964969836,0.1343102644433204,0.1727213708259664,0.28060019565399713,0.2110446250892211,0.8494968924479128,0.07359753703041491,0.09742478311169801,0.3057998769917584,0.24789426781968793,0.265697772300515,0.13509689731571883,0.13087557001697342
Czech Republic,0.31498303857176896,0.7561293559385883,0.09103843106090112,0.12239561000473181,0.19716191247523931,0.16571782816857797,0.05300485649491975,0.3057588782957289,0.07900696959491145,0.12416169420718455,0.4242364468981294,0.4042955360191541,0.0952777046874099,0.16498110509624825,0.18417742941536577,0.10699503939068848,0.2691257416633642,0.15516595311266382,1.0,0.16843521501136768,0.06371499868167778,0.10881980006005104,0.09116283565059807,0.14859201692901358,0.09573916724352827,0.07379782148714344,0.1684250041748563,0.1563913783109937,0.32973281393065784,0.24370857896352566,0.14734543753868812,0.047675426460117416,0.1766944062284453,0.15665639660638989,0.1339800446214639,0.10893179811985514,0.17793183611588564,0.36731431125466246,0.06503265258877897,0.3959253567942958,0.8532263092282316,0.13363923062696612,0.3109504550554208,0.10769817141085142,0.26742104618262175,0.1447444202292967,0.2934341027694199,0.17894667492831756,0.2072673439088325,0.24797955161792332,0.06997503805078983,0.07987493691704377,0.3799019382012568,0.18467051772551968,0.2256144455448078,0.3217731852051457,0.2168413410508758,0.0991433657882183,0.061456197958497244,0.055556442096604916,0.1191250082386789,0.1437237745262296,0.0983211222797624,0.15202122534775284,0.2600842936620599,0.06843180648594226,0.6115233517298808,0.07593779947618143,0.4192448324579493,0.07531519958793419,0.15430473272253134,0.1392041495925616,0.0727014499162858,0.7048923870167509,0.11445333127151677,0.1801965194557707,0.16285494049735333,0.14505202841484915,0.12788873592049751,0.06845884581610552,0.06178877211789952
Denmark,0.4672229658008561,0.6002417757223211,0.17869873402725728,0.2019112109797068,0.06307514579592131,0.14001786871452784,0.1401293272966709,0.15127345620492735,0.22460228830266854,0.26296269775421227,0.27887456488914714,0.24979979669077895,0.24258832455218632,0.3181652508918575,0.3153539248024114,0.25625349283471976,0.4238788261755151,0.3105569867281511,0.16843521501136768,1.0,0.19108159799917365,0.10459305716860108,0.23416920455188833,0.061080821354903454,0.23717380679353378,0.214989409224711,0.30470200670167574,0.3137127630046508,0.1767617406652331,0.09303905964412004,0.05256149711680238,0.1878768012309671,0.04169467948233593,0.04440033839579426,0.08423517311907089,0.265109697580399,0.3270202407852883,0.5242162362215457,0.12271967211638891,0.26045978324958435,0.7008211042289384,0.28497801302585984,0.21351089805821355,0.23031282919517249,0.404026294934967,0.29655357242483454,0.44776782039583185,0.04462852283052776,0.08116740129250447,0.10709263336186696,0.19770171751194562,0.16858052712847854,0.2257433418562318,0.32668802520844575,0.0757763869396059,0.1684813892157829,0.07011678665269105,0.2438810316451112,0.18966770963501983,0.18638398669663372,0.26993300516855656,0.2927763165004515,0.24657292371820017,0.30364287055092737,0.1365459340299291,0.12065967603274848,0.45590514258367043,0.19356783772742303,0.301780825498191,0.20780330043502132,0.2555152887518106,0.06209052933175436,0.11459232484507324,0.5481372780424573,0.2641147181133553,0.3250511563924031,0.04204557897200042,0.14493479085503297,0.08368364235464042,0.20229300894430982,0.19769315305957028
Ecuador,0.28521778408473064,0.7815202844268123,0.0571583495152373,0.110808991659459,0.2195227998538637,0.1757450000177202,0.08109651117356861,0.3288152466333617,0.05227055921249139,0.09368238560679418,0.4486883962968831,0.42484253861053733,0.07269902747822572,0.13528051205835573,0.13738414720713668,0.07178840053521496,0.23947043177000388,0.13953274590030398,0.06371499868167778,0.19108159799917365,1.0,0.11063767402263316,0.04603718485123763,0.1690032620657788,0.0633511328034971,0.08557824636489066,0.12655134438069837,0.13469971033649494,0.3533319662520254,0.26420748384520065,0.16730225810240298,0.055439986325972496,0.1987947288253473,0.18089775253316842,0.15151599614375144,0.10095307304398625,0.14316045602821117,0.34117596629966757,0.07257006029141391,0.41433400616780636,0.8818222799415977,0.12006713725151082,0.3166661976414768,0.09038292540390076,0.23512382928735726,0.11546354688453035,0.2634259136218204,0.1984631189356977,0.23206464708652527,0.26824417546198465,0.08511062600983717,0.06888553589980016,0.40230875871925253,0.15217017432535052,0.241672058971747,0.3423411977096868,0.235849933165936,0.0583649751965838,0.011256931998891393,0.02537931538489152,0.08198015991065953,0.11847795895516715,0.09930827830835351,0.13462652852034657,0.2881909835801655,0.07398096689833124,0.637333365178622,0.05890903600975068,0.4366411146927202,0.10134055986003723,0.13714147368708798,0.15685384075128594,0.09625109847878896,0.7283791698236278,0.0857989845527347,0.14079852755161903,0.17956891994970806,0.15499133217334332,0.1601882556690638,0.07300752353440354,0.015366550279586748
"Egypt, Arab Rep.",0.39204380270793926,0.6790220328594075,0.09852120168060621,0.12115804112209509,0.13393223880275223,0.10077770271731923,0.08748641887852165,0.23193713316923892,0.15711823465965732,0.18529181971298442,0.36275045518066495,0.3186245974386747,0.1748445649444827,0.24344432512687725,0.22719121909975856,0.18124096598842365,0.3462984673342725,0.24072066791220975,0.10881980006005104,0.10459305716860108,0.11063767402263316,1.0,0.15368245524932075,0.0926471397876676,0.169046459699285,0.1652711065891172,0.21289810981055643,0.24269278703872635,0.25187843132938703,0.16741516976756574,0.08914661953074426,0.11933986384157612,0.10870435043566826,0.09018005306452996,0.07650239410762406,0.19602665089437585,0.24138045446972972,0.4467322395746503,0.06488560205114755,0.3074156777205032,0.7830854090342311,0.22433550514804584,0.215979363085561,0.16116901912999726,0.32000175718201046,0.224679221619035,0.3725419789732941,0.11012067070471375,0.15045059502380578,0.1803044699772553,0.15442921703087517,0.1064081145531514,0.2977061757056987,0.24287118152869624,0.14204609830622558,0.24234449633143268,0.1355113378435301,0.16238154058660428,0.11154577623133294,0.11681715968233705,0.1896807624810542,0.22110454249077752,0.19232304011715207,0.2327217974122786,0.18786128649107658,0.057051341328520515,0.5365095243296266,0.11857136555291241,0.3352439171660959,0.16477842140175816,0.21536347023958105,0.05970845299732578,0.0709599647595694,0.6251802479119435,0.1882135043796861,0.23633602420839966,0.08406602845676933,0.10314468349909664,0.11347196330984856,0.15078148879575543,0.11766342058089685
El Salvador,0.239940811860148,0.8257516300785129,0.08644934926935306,0.12167044599480836,0.26436681761882214,0.20882777124557647,0.11841092684986639,0.3739092663807065,0.039017923815764945,0.060876024062688223,0.49332840627828867,0.46957580146435013,0.04629769473648849,0.09057797917201778,0.10069769880289031,0.030593629706949663,0.1939770997280056,0.10092615110242542,0.09116283565059807,0.23416920455188833,0.04603718485123763,0.15368245524932075,1.0,0.20905372855182439,0.044153470482961636,0.08957591893183402,0.09088659692028582,0.0960555393833453,0.3983490601785561,0.30947658296101754,0.21207175557842026,0.07111078982176545,0.2431798194921662,0.22425662538939758,0.19514876417785282,0.07511749511274211,0.09915556865961651,0.2965190449016262,0.11607011099591859,0.45384287085535074,0.925684893557017,0.09106697755022751,0.3523179183873349,0.07739338264688608,0.19482790371762243,0.07315891771341573,0.21951040044849787,0.24314904980947483,0.27675733254878393,0.3136318721830194,0.09855311292793097,0.09920346656342281,0.4471399452227686,0.11380557657197571,0.2865733877937187,0.38783652258178297,0.28092217625064486,0.015229365915681133,0.04517668383515075,0.05259192194971775,0.038008275102013905,0.07801981018685221,0.0849108264515219,0.09584406412021008,0.3290075019170705,0.11656462698360608,0.6819534909301029,0.06914084249429531,0.47111781603462377,0.11001587148557979,0.13936682300425324,0.20062453725938473,0.13808783164810212,0.7729438898752575,0.0440983899058279,0.09891580871453128,0.22425406034307857,0.1823902690534671,0.2000426316678945,0.08355441375526769,0.03925840477716156
Estonia,0.43933816767606015,0.6300113426021243,0.1565197950782388,0.1663019733474408,0.09353039309581661,0.1457488889667012,0.1292183477280826,0.18595550365436936,0.19919094169931897,0.23051556597214107,0.31443739978076424,0.2816313573492285,0.21373573707045873,0.29029139605398785,0.291817824847767,0.23055154299107972,0.39551507176251677,0.28311541955762065,0.14859201692901358,0.061080821354903454,0.1690032620657788,0.0926471397876676,0.20905372855182439,1.0,0.2162800053894712,0.19850899330513247,0.2791081241036869,0.29155060268574307,0.20854046136323293,0.12907733323626547,0.06681070500684146,0.1596821875985842,0.0670409708321549,0.048521514765192654,0.07301545762699761,0.243097151263625,0.2982878122878281,0.49780622802032065,0.10291914148004724,0.2743708544278351,0.7292543055009172,0.25947019830428436,0.21700806367955158,0.1934214918413013,0.370084776043997,0.26967946910128265,0.42147859910448204,0.0744964072238349,0.11007109189004563,0.14433450253893482,0.17696256477841174,0.14691448307400526,0.25685900841863724,0.2967070687297843,0.11811770561812596,0.20499662955747083,0.10313079087667758,0.21723658290837336,0.16613499383665994,0.16259605691264517,0.24418349762782987,0.26750536540018305,0.22322650295021904,0.2770627028695303,0.14905486892764716,0.09887250556046655,0.4864326789378085,0.1658750547228137,0.3078563893392211,0.1815024236511909,0.24585962828388105,0.0654465432525452,0.10562345607917632,0.5796925496961682,0.23475424951293608,0.29840009198561873,0.06482675666906457,0.10436590567167947,0.07371020117688225,0.17742455843818103,0.17257298530676332
