Country Name,Albania,Angola,Australia,Azerbaijan,Bangladesh,Belarus,Belgium,Bolivia,Brazil,Bulgaria,Cambodia,Cameroon,Canada,Chile,China,Colombia,Costa Rica,Croatia,Czech Republic,Denmark,Ecuador,"Egypt, Arab Rep.",El Salvador,Estonia,Finland,France,Georgia,Germany,Ghana,Guatemala,Honduras,Hungary,India,Indonesia,Israel,Italy,Jamaica,Japan,Jordan,Kazakhstan,Kenya,"Korea, Rep.",Kyrgyz Republic,Latvia,Lithuania,Malaysia,Mexico,Mongolia,Morocco,Nepal,Netherlands,New Zealand,Nigeria,North Macedonia,Norway,Oman,Pakistan,Panama,Paraguay,Peru,Philippines,Poland,Portugal,Romania,Russian Federation,Saudi Arabia,Senegal,Slovak Republic,South Africa,Spain,Sri Lanka,Sweden,Switzerland,Tanzania,Thailand,Tunisia,Turkey,Ukraine,United Kingdom,United States,Uruguay
Albania,1.0,0.0326611536492827,0.01895780078187752,0.007631120365611384,0.007633147668326734,0.015123187821089793,0.029356511406134652,0.011219086316308163,0.00749814916451112,0.018079737059195713,0.029985645901227535,0.021859738070596775,0.01073532498151364,0.014344478501859197,0.00535628487076564,0.013853092075424012,0.005757297170975201,0.02131573939548137,0.03856524284021217,0.031964601476315135,0.019996100212400798,0.014810105648764787,0.02094963566756855,0.014362654821778243,0.036527404431539616,0.03360800588849552,0.06271822811275367,0.027794970758565227,0.011177212633586574,0.013959285927888325,0.022162133301692356,0.036180710543143264,0.005980932065374307,0.011375618184681037,0.019514242423780224,0.043664563386659735,0.03172831974414544,0.03342283297482525,0.009019802425402915,0.010614618710284839,0.012120466654154376,0.02954420155788256,0.015399733567286017,0.012979694276588604,0.015603992400510946,0.0040614593496305544,0.012636985187081985,0.030644426159937895,0.011238882072720951,0.002881367188616105,0.02113530589653786,0.015177498361176331,0.012276792534867798,0.0186724275822586,0.029176657677306147,0.019812036148717755,0.008302965225428671,0.015947775819845102,0.027934025237772827,0.01097698586398367,0.011328690930606327,0.02510107673529585,0.028032201675144617,0.027325175624611838,0.010787820317765841,0.024645180726679497,0.03307213484000979,0.047928340529788574,0.008523656772714642,0.025887251080204374,0.0090019818626797,0.03374935762755939,0.029376716184946288,0.02688962224014408,0.015368584854926178,0.015964143188224998,0.004639676758232184,0.006469873536909055,0.027290642188848007,0.01975023728239815,0.012675025418064064
Angola,0.0326611536492827,1.0,0.04972307605929053,0.028686596147277216,0.028495045642687584,0.04340120232009174,0.06071939295819483,0.025586630156532682,0.02964554077523866,0.04733177564492423,0.014129754225143601,0.01406306058209129,0.04124194029708165,0.04512007170757555,0.03560394456873026,0.04252304704689095,0.0349472214935802,0.04818752945346969,0.06957809229197665,0.06255392426533281,0.04524626532867354,0.044611810204590235,0.05070513084001746,0.043271795952189766,0.06676228938061715,0.06391160922933417,0.09427424802803873,0.057609712045041214,0.022085500535278017,0.02328598130575793,0.049463586794439324,0.06725176975765748,0.030155338076290294,0.04151079374733326,0.050025293084911555,0.07321196848406075,0.0629634885705811,0.06422089663377337,0.026167318427430707,0.0314966730163143,0.03352339582445117,0.05967481626086857,0.04621703751984447,0.0382253902767841,0.04430297236532162,0.030633006012520482,0.043952145567514825,0.03267815641308491,0.025773969809516614,0.03161021997867302,0.052156889110028325,0.046304329118594285,0.0438413079428988,0.04640540474032987,0.059460840464392,0.029584804049846942,0.030755351028725092,0.047379149995906554,0.022836133399759522,0.022325595393025116,0.041647921081884906,0.05569791471336296,0.05851911000135269,0.05757251798836531,0.04146063409854661,0.05494384683100084,0.033805636620623414,0.07883821463712071,0.037921610104705794,0.057415293306891886,0.035359317936434216,0.06449337664191003,0.05913311910863898,0.018410483271963478,0.04582965860945001,0.04135562762312713,0.036515992561996655,0.031899902467154975,0.05831519884978434,0.04984631869066516,0.034280904403619965
Australia,0.01895780078187752,0.04972307605929053,1.0,0.024603984125647592,0.025134049558151197,0.01680361104780134,0.013676447368805212,0.02668115954125112,0.024186647383615013,0.01058183795370179,0.04761942786780246,0.040168566270883256,0.014820494184215209,0.012920408114936948,0.017747347714095606,0.018748437690795827,0.018337883083279556,0.01821266199844458,0.021342117754904338,0.015584345554752133,0.01793717314146835,0.014938981412889235,0.012980295951232141,0.012563346809898289,0.01909173769307848,0.01753600357671299,0.045642368683587196,0.012349446653030357,0.029042509420757222,0.029581276454506675,0.019934730138061255,0.018470597560320087,0.022820289994119346,0.015194373499468434,0.009801555544518736,0.02734989717482624,0.014230171896951811,0.016252271712207916,0.024847399819658552,0.023537636511774738,0.022656097509948014,0.013290839877025775,0.011920358551955322,0.021535946141703375,0.013819762817052099,0.020544189745009732,0.012985854051766487,0.03900586539830559,0.02462913606279767,0.02003121135884948,0.008374578322993128,0.010285053862554445,0.015893558559419218,0.01641002237336823,0.013416127132437991,0.03245156548925509,0.022149001749325947,0.010239562472927299,0.04358285753343891,0.029387501608605718,0.014856701273904217,0.010548125879234855,0.011686893150867234,0.015613775148036512,0.015464796650811075,0.015303846985485453,0.044423057039312534,0.03019416473335976,0.01583674048522973,0.013657187853733384,0.01961779804345713,0.016869749401108684,0.014809625820045311,0.04353969592266842,0.015613427916973876,0.0192238854552567,0.014925914003469213,0.02026856393177112,0.011772441283749652,0.011268973850590051,0.02064820141769895
Azerbaijan,0.007631120365611384,0.028686596147277216,0.024603984125647592,1.0,0.005161073524652618,0.017014686478871967,0.03326490012143015,0.008300172095402611,0.00502053876146277,0.023536354769980575,0.028065492250750963,0.018950104295622466,0.013346572742836803,0.017045026193497063,0.007932384134115218,0.01614217303463353,0.008049908244821671,0.022380182362748326,0.04158423448369891,0.03456622804154332,0.022103804879481468,0.016700092947768183,0.022920675590368533,0.018545961835936094,0.03881908304648303,0.035910917348885026,0.0676616415185457,0.0297437937761033,0.008111501541542875,0.011521792139063652,0.02244867422124431,0.03945462461368128,0.006201307473679666,0.013322857738484097,0.02191857067582551,0.04558887455763624,0.03528359689283832,0.03623617997479718,0.009411708339529827,0.008838834504640356,0.008379546096987036,0.031705418781192735,0.018756547739702034,0.015581972572954711,0.020380003725661823,0.009001215137592826,0.016081158090808897,0.03048327664528858,0.009651894423103104,0.007687578121570773,0.02442495793885144,0.018728303196683956,0.016269733352730294,0.0204181939223372,0.031514926180871795,0.019668320701894216,0.006787422788119665,0.019360709644356953,0.025910861638173157,0.008363242061846847,0.01337032024950922,0.02771886973330979,0.030609752434812974,0.03208524954299082,0.013760602835684454,0.027091501590457444,0.03105457888734282,0.050845473939456785,0.011784416760829869,0.02969781184844923,0.01135888563311347,0.03652440149381447,0.03130447595766649,0.024962530027862317,0.017925258194430967,0.016081588332841807,0.009943614347490573,0.011002681110131182,0.03037916120257948,0.021853075440877806,0.011521010417742847
Bangladesh,0.007633147668326734,0.028495045642687584,0.025134049558151197,0.005161073524652618,1.0,0.01651423385463408,0.03359542621069505,0.008230646210579673,0.0037111369189614923,0.02379609467324003,0.028341145680069953,0.01890378863597153,0.013790090379237377,0.016665646120973803,0.007474472723455179,0.016927978880590378,0.007640422035570002,0.022274846494439275,0.04159007039107979,0.03460401148836974,0.020867544149591556,0.016976720316628658,0.02327047314696266,0.017773194741072397,0.039137644746622215,0.036113089591277354,0.06804817438316797,0.030115822889171393,0.009621079928423001,0.012328574821972978,0.022027123154557772,0.03956652424453943,0.005435095978570537,0.013558890880310986,0.021996504359461516,0.04585184855084763,0.03552232155687003,0.03623094656447324,0.00937192196246779,0.009946354343746938,0.008585511836359432,0.03203020254419189,0.019236773806832027,0.015483743204288263,0.019753652474180657,0.008816825435811405,0.01610495550775039,0.02990412580706342,0.010193148398711658,0.007223761611282024,0.024762792153528123,0.01866492679262696,0.016681338508632015,0.019711689906865257,0.03154751371253014,0.019609618867934716,0.007268144219206575,0.019326397068734326,0.025466802309453675,0.008787694484055246,0.013582182768227997,0.027868076318323703,0.03078715593866503,0.032589262499316776,0.013664837934712359,0.02696662100627277,0.029973400524743156,0.05094430729371682,0.010475367122024614,0.029901183048431573,0.011513026938499385,0.036586892300308954,0.03154436196694138,0.026042763652619195,0.018030871142135495,0.016676819201807982,0.010562848597431333,0.010040182503945266,0.030336551360198034,0.02208368655101187,0.010265991076933302
Belarus,0.015123187821089793,0.04340120232009174,0.01680361104780134,0.017014686478871967,0.01651423385463408,1.0,0.022540431123346447,0.02391050856815226,0.01598024795672589,0.020304270008809935,0.04471604669839371,0.035203948744668416,0.013656013349376833,0.007695236936773548,0.01021168550485038,0.01634342657366972,0.012244584729330254,0.010442271312299072,0.028570021805661285,0.022467257208851846,0.008488711174294464,0.0041247847068794355,0.008152557054979321,0.014123735919052954,0.025627301270580913,0.02444133497893727,0.05729406486378733,0.017352112303307982,0.024919478608898985,0.027817146502245288,0.009849086265808769,0.027808546473956745,0.017891003636847907,0.00787302472615355,0.010060189468756017,0.03148212520362822,0.023932643317768513,0.023865389875132082,0.019608037292178845,0.017847764963822555,0.01015946954907761,0.019319460941373233,0.016701459447671842,0.017064742608549614,0.01854238001127473,0.01785031213785399,0.012131107879720045,0.04098567543239334,0.018480891356955957,0.016815709020338472,0.015841131820779234,0.011933090215918214,0.014408599141722827,0.008495706225590928,0.018387955082998866,0.03316369429814184,0.01869150096341398,0.009929693571913933,0.04150904832707992,0.024532033508402874,0.005841830093487486,0.017318596184701367,0.02042281423069035,0.025900771969987642,0.015316366441702397,0.016016193362677972,0.0404811434511565,0.036612997929373337,0.010229424573719637,0.02001740706844635,0.013886726479187554,0.025400468652454065,0.01887761624011155,0.04193162224163159,0.010438023875393485,0.012801002909616891,0.01406820409286267,0.017284335064599837,0.019024580387639194,0.01200822630336848,0.013363775956267797
Belgium,0.029356511406134652,0.06071939295819483,0.013676447368805212,0.03326490012143015,0.03359542621069505,0.022540431123346447,1.0,0.036525778607083316,0.032317400900666454,0.015945503068196833,0.059324605992403225,0.05076209126781864,0.02195034940928277,0.017940012482023558,0.026189836121322432,0.025032626661826,0.026282306362888537,0.020884626657390683,0.01114558000510802,0.004795070082569607,0.01932318205467482,0.021397707256448878,0.017235913483706043,0.020687272079971196,0.007827674587477065,0.005583399756859981,0.03505046031610998,0.006452138716534604,0.03996406361720824,0.04029879714818414,0.020894353954476898,0.013614619581167355,0.03185050078149197,0.020715474917573046,0.012883663860739695,0.014697870577368736,0.006303268678247325,0.005827946494168462,0.03540474412677366,0.03041129443701441,0.029943472703315058,0.006256668638493626,0.015553998353260944,0.029875388223500887,0.02131205366291816,0.03121837771651248,0.018483364550737957,0.04684855521720286,0.03530949732774599,0.030735076671739883,0.009087385511382067,0.015813499050492272,0.022114183537465318,0.018928500275493004,0.006478723153332217,0.044104267118646776,0.031173923018595708,0.015998985827201207,0.052676014593807885,0.03921868702901591,0.021904999692153655,0.007813993327054479,0.006450114947437953,0.013950405316211443,0.023565147968743462,0.014052340551747134,0.05012135893940332,0.0188058001672374,0.024347738245056642,0.00835995813706795,0.026725481816803107,0.005201221159701694,0.007577839664689191,0.0558517872287434,0.017637490064982723,0.023514796265262646,0.025533173810557683,0.03129969901717527,0.004703401583693296,0.01255127473152967,0.02881839302344721
Bolivia,0.011219086316308163,0.025586630156532682,0.02668115954125112,0.008300172095402611,0.008230646210579673,0.02391050856815226,0.036525778607083316,1.0,0.008959511032993365,0.02647099299467811,0.024004998073420422,0.015145233083262452,0.016552368456526054,0.02331149069731693,0.01398984822106741,0.01805265537418123,0.01199355379582806,0.02813440309565762,0.044849677509473336,0.03880753142629601,0.028931131968711048,0.023051008374781124,0.027381000932343927,0.018200607575207535,0.04276251304667831,0.0406252434073882,0.0698601989186137,0.03479328902843152,0.007466950641681181,0.004872686689842808,0.029524580130466264,0.04272010768228101,0.0073188412318480256,0.019268374963856506,0.026715876645264626,0.0507830751762188,0.03802406014831527,0.039663691484295494,0.009664374810215601,0.011772539957810227,0.015407738608144862,0.035926532522394826,0.021694224856268016,0.01364140398354825,0.019949290534260044,0.008190364999848668,0.019241625427224116,0.02436703973667768,0.012169335725424385,0.01016797999697186,0.028077319577645487,0.02151911821229834,0.019032589774227605,0.026592197865014232,0.036059301317853516,0.01577822726531981,0.008099154499580466,0.022905750478554705,0.02021666312871111,0.005726603893545067,0.019942709287588088,0.03133146472593381,0.0347619022849584,0.035344493969498264,0.017555837128588266,0.03169802159206843,0.028683209353901513,0.054229556063389146,0.01583107681939757,0.033063648823630484,0.014481577761973972,0.03995980574238057,0.03768039866896559,0.020049038666711268,0.024973704319826387,0.017741640391423206,0.01325948224869526,0.013672940958036265,0.03443459769970898,0.026771730744583454,0.015840949156824387
Brazil,0.00749814916451112,0.02964554077523866,0.024186647383615013,0.00502053876146277,0.0037111369189614923,0.01598024795672589,0.032317400900666454,0.008959511032993365,1.0,0.022926751047037317,0.029208009752439822,0.019771696895796078,0.0129563210561914,0.015661420541860174,0.0069729831463592185,0.01588619999633705,0.007005777595844312,0.021952185790584913,0.04023408785155274,0.03330811413052657,0.020417917489429865,0.016043744069825783,0.022143959439333526,0.01623173960011932,0.037885895830771774,0.03486094435408421,0.0667804634106552,0.028923975887834893,0.009787307933133906,0.012437378092775066,0.021096738637628818,0.038452970979965036,0.006508659326507997,0.012492667665278415,0.020727889296273505,0.044695628258054405,0.034196748780734386,0.034905557812800865,0.008924870361385978,0.010261694547674954,0.008098542586324814,0.030797330567604357,0.01825110449274938,0.014431962635350978,0.019036497657809463,0.008363457214872706,0.014761621980549864,0.03232651174316067,0.008257550590622047,0.007117115114298956,0.023550717824080244,0.017349021625959003,0.015627422583618426,0.018892394252103945,0.030266982933219964,0.02164269294460024,0.007517892626097649,0.017916412518161385,0.02600514153141583,0.009547407118634953,0.012586306306157213,0.026636427019153284,0.029680425253957417,0.03168272593703674,0.012957246458020717,0.02564480348709995,0.03254283163198322,0.04961013069215971,0.009507262809448263,0.028587231920873778,0.011243157620318908,0.03533216162228754,0.030355477944809747,0.02676522817859864,0.017193285540555964,0.014984050618982035,0.010102626842823271,0.009185202663310396,0.028924587129937514,0.020862337764258873,0.009764980368962008
Bulgaria,0.018079737059195713,0.04733177564492423,0.01058183795370179,0.023536354769980575,0.02379609467324003,0.020304270008809935,0.015945503068196833,0.02647099299467811,0.022926751047037317,1.0,0.04569667598075612,0.03873156997690554,0.014784457569151643,0.016366466587369444,0.017192421075265737,0.018527823025989862,0.01917420848749522,0.0219671299381387,0.024260672068127577,0.019544697286738348,0.02102006839256848,0.019269107241007694,0.01804712361408465,0.01603299359890251,0.02307998023019523,0.020484849393588668,0.04859455037966529,0.01591135721885471,0.026924876278727656,0.029209837655954453,0.024062124782266773,0.02198008707669817,0.021439297025506048,0.015725431899251557,0.01366996831487321,0.030046860436698433,0.018923640504328827,0.02030379855511291,0.024374584525503246,0.02324040347723808,0.02384133544549649,0.017169737698075845,0.010991961609360747,0.02379712561060774,0.015683734143069956,0.019659764081050763,0.01331079128901895,0.035865888994999505,0.02373794453123464,0.019209223297408765,0.010281489907824418,0.012715282439700977,0.018316382454114703,0.019942122697077472,0.016746301169049755,0.03062620710455094,0.020972276095745337,0.01228233999433897,0.03974144456686368,0.02772770989287415,0.01601367783516775,0.013088394625402445,0.014953381088928611,0.015527549588918658,0.014973258686450818,0.01629566954057253,0.039974651543086305,0.03364470724726887,0.015235472959297187,0.0135118649182003,0.019214534268242687,0.020000650718925872,0.019156932333344368,0.04136816407267351,0.015467797395313416,0.023254807064420784,0.015309308836879575,0.018311150230322204,0.014759265668457314,0.01156906682276108,0.024405057998154282
Cambodia,0.029985645901227535,0.014129754225143601,0.04761942786780246,0.028065492250750963,0.028341145680069953,0.04471604669839371,0.059324605992403225,0.024004998073420422,0.029208009752439822,0.04569667598075612,1.0,0.01095332452804815,0.040143903806574906,0.04403162973084275,0.03492509382086715,0.03873690945136597,0.03341840086992242,0.049911131641281824,0.0684627949824437,0.06193441970881003,0.04831705235200825,0.044751622285006204,0.05092553211475842,0.042046537308996365,0.06648001611428023,0.06358258308813945,0.09201993389800046,0.0577763395647626,0.020168321034278503,0.021219152885542394,0.04983471786242001,0.06603423904529591,0.027716257586949917,0.041350729265258394,0.04949648805565842,0.07364994807767433,0.061627428935170994,0.06337203158361139,0.025578608157654743,0.03157400364407001,0.03533328121606415,0.05951458206068886,0.04535548117704609,0.03590227743372819,0.04251376627126034,0.02811709575829891,0.04258235374970517,0.03072316965360117,0.027628014315737665,0.028859156505105184,0.05109018039286391,0.04512539353390713,0.04178038276148039,0.048052311502519526,0.05915842756299953,0.023071106484040208,0.028710068747524072,0.04586885045666685,0.017483239100668648,0.02045848553527927,0.04130414409392878,0.05505118821500783,0.05801783361596498,0.05598354645406743,0.040499856832153854,0.054611270996341,0.03331086867562657,0.07781308229278527,0.03777992313172976,0.05580108582042927,0.03487690377572394,0.06368656006886261,0.05926612666396852,0.017609018478402527,0.04429141404595252,0.03998843963401453,0.034105216676826124,0.0302269430659701,0.05725760841409967,0.04973575799539358,0.03341491676545595
Cameroon,0.021859738070596775,0.01406306058209129,0.040168566270883256,0.018950104295622466,0.01890378863597153,0.035203948744668416,0.05076209126781864,0.015145233083262452,0.019771696895796078,0.03873156997690554,0.01095332452804815,1.0,0.03153345932304897,0.0349523921208019,0.02565331085107613,0.032217746923125776,0.024657141783739196,0.040464965710416044,0.059964891475689404,0.053066504979318085,0.039577639770051264,0.03559187932015641,0.04186788183879995,0.03302855506892318,0.05765131665810229,0.05462796230557154,0.0845215887204707,0.04869384757090656,0.012431292088944966,0.011426334831665845,0.04033954882203724,0.057639360493070904,0.019755724942391875,0.032148724266401835,0.04049361917758582,0.06446275402722702,0.053141131885225276,0.05465185230700253,0.01683962471934171,0.023909369619411064,0.025905924187308547,0.05056594960858008,0.03658104451079787,0.026806637205827835,0.03407173851096712,0.02035803278643375,0.034097585705404124,0.026567739385594025,0.0196796664833352,0.020452650076014614,0.042388003846020816,0.03649371348688415,0.03385586169301784,0.03855189324602285,0.05003349858947468,0.020654723351394327,0.02045514378253063,0.037444164767459834,0.01373021532451008,0.011609184163737634,0.03215327846780229,0.04627735913423627,0.048981677996730824,0.04832672305395869,0.03197481772897383,0.04540839528226467,0.030188663060439606,0.0693438277197923,0.028453856235588916,0.04748104793474784,0.02542297059231021,0.05499228807856715,0.05012503044512331,0.012790366076732465,0.03521518630632401,0.030744356430750044,0.026079326504833845,0.022918386585692934,0.048569433224884204,0.040632278042691435,0.024147321274019442
Canada,0.01073532498151364,0.04124194029708165,0.014820494184215209,0.013346572742836803,0.013790090379237377,0.013656013349376833,0.02195034940928277,0.016552368456526054,0.0129563210561914,0.014784457569151643,0.040143903806574906,0.03153345932304897,1.0,0.011256240447973695,0.009262198232115056,0.010040191061413057,0.00958405101069578,0.016662518297811554,0.028474171366136235,0.023462208346581245,0.017866704138819845,0.01309296482056096,0.013965850014874926,0.012921043334331328,0.026687598053591777,0.02502678210131837,0.055076038558615516,0.01963635506884515,0.020657975421279853,0.020498821011559618,0.019194439300308282,0.026253050173013232,0.012901408774496931,0.008399378147778535,0.01269177279433793,0.03495414310317891,0.022670658383792428,0.023241702657714004,0.017428556593710762,0.014039334542606871,0.014947102521436552,0.01950785683036492,0.008851499620565221,0.013300964013638101,0.013377864857648419,0.012522232287488904,0.0065825576576299455,0.031157920383724492,0.018454330210855442,0.011829303060747868,0.013765434520385375,0.009110323918656248,0.00782172183363979,0.012255551201598418,0.020110005573353358,0.02362119125894535,0.01177754493845112,0.010934513833592745,0.034507520659184374,0.02003015492476587,0.010688243032868826,0.016113822280951547,0.018981255170267605,0.020946846313169475,0.008551774712456082,0.01607447484246224,0.034431201200344826,0.03781808792277129,0.009382630617135589,0.018712414915573822,0.012843369318005159,0.023784431506771165,0.022840052243990338,0.036362323255767715,0.014713071227221852,0.014173168786826092,0.008154635204496472,0.012570889669272386,0.01881258350691456,0.011275319966589458,0.01572553386739342
Chile,0.014344478501859197,0.04512007170757555,0.012920408114936948,0.017045026193497063,0.016665646120973803,0.007695236936773548,0.017940012482023558,0.02331149069731693,0.015661420541860174,0.016366466587369444,0.04403162973084275,0.0349523921208019,0.011256240447973695,1.0,0.009725232156515608,0.014758601258013634,0.011482151988142049,0.011650388319909898,0.025541787847952684,0.018322057531609294,0.009539777996987487,0.006292941925710575,0.00793576807915367,0.012199183146082187,0.022713846074237626,0.02033108433872759,0.05277793207702537,0.014782565054555387,0.02429954054847894,0.02722143339775532,0.010707647669640163,0.024223972969172544,0.017143629245121472,0.006479038266325767,0.00689313537474619,0.029646384085908317,0.018958019078306392,0.019754874059230525,0.019780965290221643,0.018007220492074257,0.012924485145302351,0.016000565081692352,0.012665497050155511,0.017907889236118586,0.01549329097326965,0.017253104068332366,0.00817673086767183,0.04073722829114814,0.019625917180839076,0.01613730211275232,0.011965882987940291,0.008087855324771999,0.011902118165888303,0.009652872561980774,0.015224396826588443,0.03227708758234873,0.01810810257451371,0.006766399493633758,0.041264823662692095,0.023958899316886346,0.005665135555665943,0.01406752390157541,0.0159469362261036,0.020663967902259068,0.012624310398304917,0.01247269475364835,0.041889642908790756,0.03440175349650249,0.009427971950170491,0.015197171226039675,0.01229395731997614,0.020943664810864463,0.01564429129621663,0.04122927100351981,0.006745343701940657,0.010561933905213048,0.012141521429846334,0.0162819138297001,0.014097617362521589,0.008882876668690946,0.012922705341734647
China,0.00535628487076564,0.03560394456873026,0.017747347714095606,0.007932384134115218,0.007474472723455179,0.01021168550485038,0.026189836121322432,0.01398984822106741,0.0069729831463592185,0.017192421075265737,0.03492509382086715,0.02565331085107613,0.009262198232115056,0.009725232156515608,1.0,0.012229652941688223,0.0049824862220656805,0.01664190585480973,0.03446750353646046,0.0274689227832596,0.015022710991540891,0.009978489579774095,0.016218347424018776,0.011533455619524069,0.03201365106760458,0.028986633013877282,0.060649290298348445,0.023041861728026275,0.015012042397029697,0.017900404267989133,0.017358668826791705,0.032468327810879674,0.008070278561940127,0.007453569248197534,0.014861700953957887,0.03882459471231183,0.028158351385921224,0.02910729802843854,0.010594248639542652,0.010945988838446604,0.008279731280746704,0.02491729948491446,0.01193631356004999,0.01180439403586138,0.014395212660015762,0.007941046712766513,0.00985684362910945,0.033432398086194914,0.012251129357152057,0.0069383707665258065,0.017340040969256124,0.011311811184820176,0.01132081546554666,0.01387532890468826,0.024413934579311576,0.02386600317723186,0.00963386058281239,0.012153292028499166,0.03200073728375764,0.014697291341922523,0.006501972594771226,0.020668893484664976,0.023397817524417466,0.025533450984074692,0.008652259751034388,0.019948891194662553,0.0342515876431802,0.043816886576049346,0.004863899202591885,0.02255759498476208,0.007703483909332963,0.029408750463299427,0.024501437308605826,0.03203308872633308,0.011471114999610092,0.012890983430958243,0.005557639834928532,0.007667310276992026,0.023181720807061018,0.014979121269476923,0.010011091518523398
Colombia,0.013853092075424012,0.04252304704689095,0.018748437690795827,0.01614217303463353,0.016927978880590378,0.01634342657366972,0.025032626661826,0.01805265537418123,0.01588619999633705,0.018527823025989862,0.03873690945136597,0.032217746923125776,0.010040191061413057,0.014758601258013634,0.012229652941688223,1.0,0.012654869131829885,0.020170389292451272,0.03073174766855619,0.027177376629843708,0.020911439198686294,0.015716481864530223,0.017368536203887317,0.015131870565611178,0.03036588144412335,0.028884577386100847,0.055264115660011416,0.023492473194025025,0.02125009157448031,0.022252079127497302,0.022552794465886778,0.028062410185048164,0.013733798225355127,0.010236604170912576,0.016886994887180696,0.03886303739595287,0.024610444512217236,0.02700438009193248,0.02100682505255635,0.012949494051318773,0.019312425370862165,0.023089294862253803,0.012426517860312965,0.011943065775777676,0.01602189728586859,0.015153606801186999,0.008740697586769658,0.02752204607900618,0.020043834193050492,0.014322369775440416,0.016918389576021056,0.013611675223548446,0.009929872320001778,0.018162262796134535,0.02397909910813784,0.021014687010539268,0.011837356372078186,0.013579258090119816,0.03269285576481669,0.021539063994016335,0.01264584026372279,0.019283905108638796,0.02265766653142539,0.02384499241703388,0.00991939870650009,0.019620425778243425,0.03110384033938357,0.039483193094323646,0.012270350741384613,0.020980254296693906,0.01644031183584107,0.027055380398653753,0.026504715646478508,0.035408805820786066,0.0176615284154599,0.018538784433722203,0.010898045373589888,0.014450813234925404,0.022592606346814623,0.015147976824353437,0.02025540156128104
Costa Rica,0.005757297170975201,0.0349472214935802,0.018337883083279556,0.008049908244821671,0.007640422035570002,0.012244584729330254,0.026282306362888537,0.01199355379582806,0.007005777595844312,0.01917420848749522,0.03341840086992242,0.024657141783739196,0.00958405101069578,0.011482151988142049,0.0049824862220656805,0.012654869131829885,1.0,0.017771497255475718,0.03549545057071163,0.028600880489290124,0.01752461077604344,0.011685354783861493,0.017554225983206415,0.013330052464227719,0.033195154854206745,0.030290343494502076,0.06118408730802448,0.02456950115252171,0.013857470188022554,0.015793635217241083,0.019724787652576802,0.033953043885573846,0.006121068875435964,0.008931851035940042,0.016193852123700204,0.04023569626763186,0.02853469853876273,0.030117394783213586,0.011208797426266933,0.010073475243202455,0.008554530726364794,0.0261696091297871,0.013984139106146145,0.012881122856970167,0.016486641365263868,0.007173342951444305,0.010048578040038416,0.03183401248925875,0.012673274765109611,0.006585485739913292,0.019067412256637654,0.012394676559431021,0.01063131043658387,0.015182963630044939,0.02574003509879714,0.022067718475113792,0.007853439913572699,0.012985775616694601,0.03021480034120752,0.01312220353858472,0.008766770812688682,0.022741230471612885,0.02476120640904721,0.02639445306764914,0.010639121900093574,0.021200524769384516,0.033521289558564184,0.04474621600780432,0.008017125166455705,0.022825090294893966,0.009805430434535006,0.030715074118063054,0.02607579705897679,0.03027956212615533,0.014483123201580884,0.013911175014499861,0.006118670144366425,0.008868872746246039,0.02397077024935684,0.016982026551101134,0.00995744042447627
Croatia,0.02131573939548137,0.04818752945346969,0.01821266199844458,0.022380182362748326,0.022274846494439275,0.010442271312299072,0.020884626657390683,0.02813440309565762,0.021952185790584913,0.0219671299381387,0.049911131641281824,0.040464965710416044,0.016662518297811554,0.011650388319909898,0.01664190585480973,0.020170389292451272,0.017771497255475718,1.0,0.025998490626066417,0.01970109477930122,0.012878544121630269,0.011056744704488282,0.009748865669851234,0.017037783995556513,0.02245632136405159,0.021870073491473227,0.05468514513596157,0.015486748078302673,0.03005484723448952,0.03189630926700466,0.015730040941290192,0.025907033687700844,0.02329862944732738,0.014501563282984008,0.011768416182288572,0.028318258094821903,0.022561429046661766,0.02131413478728108,0.024944260026385653,0.02103519346961549,0.016630510543457804,0.017464815188708308,0.01642755145972884,0.021207487439421326,0.02023482889922573,0.02291868491159306,0.01407842977860015,0.04222034274336762,0.026826759287245802,0.022865647332596658,0.015946749476288057,0.013835051045690744,0.01619072473001472,0.010631853901012824,0.0162385869508381,0.036146074986294095,0.023058256421328572,0.013399609812504359,0.04413667082967874,0.02957767030633665,0.01326389879640837,0.018561029079091636,0.02023678813718988,0.0260303469712664,0.015934987714262966,0.016226487807662657,0.042628473402399794,0.03289889204122381,0.016514292807001,0.02053393209214122,0.017855206559744017,0.02280038420956248,0.01770488099828615,0.04697768130312562,0.01572633985975492,0.01840761837451717,0.019332808937091914,0.02226712731593554,0.01783110554200805,0.012520642636909654,0.018584038376645653
Czech Republic,0.03856524284021217,0.06957809229197665,0.021342117754904338,0.04158423448369891,0.04159007039107979,0.028570021805661285,0.01114558000510802,0.044849677509473336,0.04023408785155274,0.024260672068127577,0.0684627949824437,0.059964891475689404,0.028474171366136235,0.025541787847952684,0.03446750353646046,0.03073174766855619,0.03549545057071163,0.025998490626066417,1.0,0.009606427210634146,0.025495053536890862,0.026997443265055744,0.021843211698627175,0.027037327425147903,0.008839104841250086,0.009054609651301488,0.029435260796816246,0.012299273918347856,0.04907135027999016,0.048901940055961775,0.024590350627423284,0.008943816190455502,0.04082370832004419,0.02843486595661644,0.01971312104499586,0.01226654155815246,0.010877706905256001,0.008444315258722867,0.044658122950177216,0.038082330543645286,0.03699234960340447,0.010748418599831479,0.02345764851958502,0.034690762736210794,0.027371990087616708,0.040345699899472155,0.025955059363274566,0.05199863181081963,0.04418987876634013,0.03964526599914068,0.017578581664814005,0.0234757293340375,0.028449115924085642,0.0240810960907235,0.011247879844863263,0.051405215453279196,0.039819934304840696,0.022629785479196893,0.060220995172208705,0.04846155668411405,0.02851222343434346,0.013885849013109814,0.013001873053900796,0.016867306293917902,0.028825645702954608,0.01770698466062522,0.05539953010955472,0.011297587848966766,0.031792858004597975,0.015680787245132593,0.034806916567286836,0.008123811251570414,0.011928497929525377,0.06421550949462451,0.024893361396454428,0.030085980038074854,0.034360327562799206,0.03845378163648458,0.01230028483765108,0.01975180323074996,0.03720954602827697
Denmark,0.031964601476315135,0.06255392426533281,0.015584345554752133,0.03456622804154332,0.03460401148836974,0.022467257208851846,0.004795070082569607,0.03880753142629601,0.03330811413052657,0.019544697286738348,0.06193441970881003,0.053066504979318085,0.023462208346581245,0.018322057531609294,0.0274689227832596,0.027177376629843708,0.028600880489290124,0.01970109477930122,0.009606427210634146,1.0,0.01900408465280699,0.020946459082101816,0.0163156902494739,0.02197810280795273,0.005031314694012919,0.0037814918784889557,0.035202612509155067,0.005643330308316957,0.04212069185229679,0.04266619116011783,0.018331004183778494,0.013870466189964405,0.03438893234992249,0.02146223840952201,0.01273310618427822,0.012165528811317876,0.005929617090632521,0.003813365708403859,0.037768948098547875,0.032583174181757,0.030177543908127248,0.0060198850943537306,0.017812492927290684,0.030893022957351805,0.023392362038349577,0.03382702953337224,0.02001815321819878,0.04977140849821911,0.03716524194027902,0.03325460375793018,0.011278531466719826,0.017490963324695886,0.023112456799023753,0.018369424229263926,0.005142074179744866,0.04677937738853364,0.03338550117989298,0.016479719793558993,0.05631161135520048,0.04165911962997523,0.022038980793600026,0.008097823379605469,0.007415263824873567,0.015387336153158768,0.024440058034682348,0.012540967209855973,0.05217341549394387,0.016501123159785823,0.024992014030461626,0.009799182138001674,0.028151504019579696,0.00545084404272496,0.005148843567673127,0.058359992594872526,0.017947266983123638,0.023125497002009682,0.028031695999899298,0.03304809547222591,0.00605801560470169,0.01310995969053227,0.029964904288816215
Ecuador,0.019996100212400798,0.04524626532867354,0.01793717314146835,0.022103804879481468,0.020867544149591556,0.008488711174294464,0.01932318205467482,0.028931131968711048,0.020417917489429865,0.02102006839256848,0.04831705235200825,0.039577639770051264,0.017866704138819845,0.009539777996987487,0.015022710991540891,0.020911439198686294,0.01752461077604344,0.012878544121630269,0.025495053536890862,0.01900408465280699,1.0,0.009330904827241804,0.011330457121043974,0.015247087542670457,0.022362541552283104,0.020545254002845476,0.05337334876844584,0.013614169994747377,0.029894674489664683,0.032800007243939916,0.013752760782725432,0.027099611439095537,0.022793718629502243,0.01178011709008262,0.010540415779999306,0.028514720630481768,0.02236731865018372,0.02032659039839663,0.02292545232694706,0.021381894233535998,0.014729904230406637,0.01583901172323321,0.016717275298827834,0.021645721967493953,0.017964185165752426,0.022856706512130683,0.013083844023728386,0.04518092699312114,0.021563671423921654,0.021723479242023308,0.01587476651348249,0.011587773122512092,0.018407765410018186,0.009454849004191166,0.016331729117118183,0.03835948502268103,0.023773843742258143,0.011406404985272832,0.04547774987398003,0.029641261098345147,0.009654006973048863,0.01716560480792043,0.019791728670022764,0.025929622857709354,0.016072937934419464,0.017202053568846718,0.044865176773208705,0.03424181899461297,0.013711179853258721,0.019565176331201466,0.016644516658294375,0.021845396398524567,0.015159069085036104,0.04686541373237441,0.00998445847683088,0.01664846036870069,0.01792168740095024,0.021368608963655562,0.01703221256188424,0.012491481090440808,0.017962838886735676
"Egypt, Arab Rep.",0.014810105648764787,0.044611810204590235,0.014938981412889235,0.016700092947768183,0.016976720316628658,0.0041247847068794355,0.021397707256448878,0.023051008374781124,0.016043744069825783,0.019269107241007694,0.044751622285006204,0.03559187932015641,0.01309296482056096,0.006292941925710575,0.009978489579774095,0.015716481864530223,0.011685354783861493,0.011056744704488282,0.026997443265055744,0.020946459082101816,0.009330904827241804,1.0,0.00656470521750064,0.012461375993690628,0.02364597765959644,0.02317513021002356,0.05599479855755734,0.016206605913471322,0.02474182631219653,0.026948127804895614,0.009264269267281482,0.026425284634148134,0.017337018192351537,0.006761549392689462,0.008530364517638847,0.029554514415006016,0.02216742331139585,0.022085774951427235,0.02021928681527881,0.01736924441911418,0.011290413363767585,0.01792499714022165,0.015238430622141115,0.016172715034925424,0.016709047550312627,0.01698882147142825,0.010725233891956893,0.040519536060153016,0.019249848279909946,0.016313730359807058,0.014598412570514105,0.009983392178471166,0.012254281919015097,0.009157187213533044,0.016859121349740464,0.03231349955889896,0.01780614538445112,0.00818558020575402,0.04153198271414276,0.024351498856831248,0.00443146557483213,0.01652368446279867,0.019008941066581055,0.024748285472230347,0.013340072976542584,0.01438773340694868,0.04110578034722298,0.035168212870127495,0.008952693953103037,0.019035104435375184,0.013754152551806221,0.02425162286494453,0.017716498147383516,0.041441133760378134,0.009956262793896751,0.010365494140926568,0.012532615259009268,0.016703814248871577,0.01765828965680016,0.010885215468223644,0.01343947275529186
El Salvador,0.02094963566756855,0.05070513084001746,0.012980295951232141,0.022920675590368533,0.02327047314696266,0.008152557054979321,0.017235913483706043,0.027381000932343927,0.022143959439333526,0.01804712361408465,0.05092553211475842,0.04186788183879995,0.013965850014874926,0.00793576807915367,0.016218347424018776,0.017368536203887317,0.017554225983206415,0.009748865669851234,0.021843211698627175,0.0163156902494739,0.011330457121043974,0.00656470521750064,1.0,0.012260655079601971,0.018134122761160845,0.01875060976002892,0.05077048210646567,0.012310236712160433,0.03097654825986916,0.031463549353652295,0.010661928658968256,0.020823928234706184,0.02338645671290673,0.010293597920752509,0.006676496336119606,0.024902259338925523,0.016644254802792167,0.01671929216893477,0.026509828381540375,0.022713848703916583,0.01757472840233873,0.012811581100873675,0.013200577275785374,0.019694676283921898,0.015795726757961082,0.02282143291778444,0.01050538845169037,0.04164065543297293,0.02550099863988392,0.022210967313027512,0.011835755394024261,0.00965432175471501,0.014665941274950155,0.00997448656821457,0.01212350750343268,0.03592602048890833,0.02280319878002349,0.007488877319560354,0.046971859555045584,0.03058127844315806,0.009750621069583647,0.012123298472737956,0.0153747822350012,0.02115773657299238,0.01459129874981548,0.010768774098808115,0.04420276674258798,0.029149283838631846,0.013686702726831429,0.015271877177125241,0.017989855175144124,0.0193632561525067,0.014405896084419362,0.047293181905356245,0.009742991988108216,0.014057413334189346,0.01699791577793254,0.022125492400885047,0.013722031676614198,0.007978560072117565,0.01904635941560544
