Country Name,Albania,Angola,Australia,Azerbaijan,Bangladesh,Belarus,Belgium,Bolivia,Brazil,Bulgaria,Cambodia,Cameroon,Canada,Chile,China,Colombia,Costa Rica,Croatia,Czech Republic,Denmark,Ecuador,"Egypt, Arab Rep.",El Salvador,Estonia,Finland,France,Georgia,Germany,Ghana,Guatemala,Honduras,Hungary,India,Indonesia,Israel,Italy,Jamaica,Japan,Jordan,Kazakhstan,Kenya,"Korea, Rep.",Kyrgyz Republic,Latvia,Lithuania,Malaysia,Mexico,Mongolia,Morocco,Nepal,Netherlands,New Zealand,Nigeria,North Macedonia,Norway,Oman,Pakistan,Panama,Paraguay,Peru,Philippines,Poland,Portugal,Romania,Russian Federation,Saudi Arabia,Senegal,Slovak Republic,South Africa,Spain,Sri Lanka,Sweden,Switzerland,Tanzania,Thailand,Tunisia,Turkey,Ukraine,United Kingdom,United States,Uruguay
Albania,1.0,0.5417021239189309,0.4142897490863553,0.1349397212346295,0.12994074529555538,0.24259589057279096,0.722569087372708,0.20866207847871915,0.1698536010315016,0.4298463915582895,0.47313228459744605,0.3426495502354768,0.1994360313855859,0.16745961810002777,0.09380617773236263,0.21656338365929062,0.10228175357728594,0.35873477743728904,0.8946168328364332,0.6713741548534282,0.30781142244441384,0.2086558418502451,0.3483593393255461,0.35665834282288333,0.8260974638395429,0.8360333668847939,1.347471384070855,0.6905939640669008,0.1977719708518009,0.22680129258039303,0.29418633542864686,0.7270589334696338,0.12789282255069775,0.12305319401681636,0.2828839817992672,1.1472372083788036,0.5423684505839953,0.7704481038371612,0.20370724438439794,0.26781693715847066,0.18903682572824435,0.6999988043661884,0.1871462446705498,0.34748355095312283,0.3283560934602787,0.10579441401908637,0.12832999724280234,0.6098134835120409,0.30296375114951,0.11039969075317363,0.46843309202906525,0.19541111731356503,0.14353673233294392,0.30658992449126743,0.5805801442029914,0.3656962753829366,0.1931443448937089,0.20892620325586767,0.5310446715011865,0.16636163224673892,0.1377183733238926,0.534571044069919,0.5367786397038935,0.3799266774162608,0.14544280532382098,0.19573785011346154,0.7217761151816251,1.0178725397383273,0.14506904777642507,0.4459772207770621,0.2583448311128641,0.8603066365315528,0.6398155578434193,0.42735625236854946,0.2541276670407704,0.3432927747744075,0.12339341365970166,0.23220528865059162,0.5510104687314356,0.2880061506230441,0.2397376202101875
Angola,0.5417021239189309,1.0,1.2172923568191363,0.3809295510643015,0.5377893660398231,0.8008503369304623,1.428135725243583,0.4538268590408136,0.4302581379592498,1.1392779105351545,0.36403121823218054,0.2864377358658332,0.7977430986744392,0.7542212103471437,0.6392390867881474,0.657650544310389,0.6416620874077437,0.8093481567909455,1.635945179403559,1.3575996587532269,0.8702224335202239,0.8210699966873608,1.031282031867754,1.0683442243328352,1.4557121598179443,1.4811914402081132,2.1528901882692466,1.4243838412749015,0.3906037481296899,0.3572289239279101,0.6869071632165651,1.3588747309336484,0.5332057006032165,0.6255106071837417,1.0453432226207817,1.6714204812946787,1.2387610547180523,1.378583917296416,0.4672274095473034,0.4862508628825452,0.5490933830008449,1.3616096883600175,0.8920683216996455,0.6755603986735343,0.9720250501881899,0.5228744484208927,0.7230942472045709,0.728869262497497,0.3395387132042696,0.5284125827098787,1.3820463029147885,0.8975091832856007,0.7193378221744944,0.927729162330758,1.3384147470560475,0.6250176038693762,0.5820104992707416,0.9142912797639919,0.3847764586055763,0.42231632613273573,0.6953691074349282,1.317314126626719,1.2853520293249077,0.828792819658593,0.6696478532911467,0.7774201046718143,0.795036970322144,1.5184343138714438,0.7381610683590746,1.090449247214606,0.6517729501479536,1.4896503598221122,1.3271756800444898,0.2868377928632166,0.8940847663611984,0.7760718917782286,0.7159036613093857,0.5493242508786085,1.3434276000607508,1.0583464082270715,0.6579624465130408
Australia,0.4142897490863553,1.2172923568191363,1.0,0.5667000320184103,0.4933019612871017,0.303264070432363,0.2479407638034567,0.6613261147302125,0.5387600759420159,0.3225405782952444,1.1179434834257735,0.8996889433616111,0.3491433810712148,0.2888347607291168,0.3769465356327171,0.48679722092456224,0.343505552087633,0.37096289990981907,0.3933369919412253,0.27678134609326466,0.3072859365936793,0.3253606705370726,0.26651422203186936,0.2824748859254905,0.3632849518843828,0.3490767738961084,0.8544207439836601,0.2432647978971354,0.6611313631611891,0.7281216571934013,0.351918358156799,0.2917056870908931,0.47121762375969095,0.3955511991586902,0.20236291990270405,0.4744791390369205,0.20988829938224582,0.33959808799131264,0.5646276381604478,0.5791945954264539,0.4270857531765835,0.23158490466135007,0.29125893119792584,0.4353637697089434,0.2671738629694092,0.4798512236440097,0.32170572004246406,0.7408871807839195,0.5761355052768357,0.46881214333523136,0.1773563211062627,0.2639534993810661,0.39766311657400616,0.2905796397913094,0.22935382047276948,0.7583730204867505,0.5503207527985603,0.24930543379794395,1.1211402205274317,0.6449124971380971,0.33585248374578863,0.20611518341142582,0.21812100897872566,0.37819859767064273,0.3910276203916065,0.3160610649658571,0.8956194080417239,0.46665557898052684,0.35534399983994824,0.25669939842966294,0.4261512425484569,0.34229258561298614,0.2432784231174794,0.9171548836067381,0.2927278509049614,0.3849619189880731,0.3632900148231302,0.48718652639212334,0.20593126738738454,0.2216548311247765,0.38212734664730186
Azerbaijan,0.1349397212346295,0.3809295510643015,0.5667000320184103,1.0,0.16836287386065088,0.3272114036043264,0.8141243655695151,0.1746241399383482,0.16992515474341296,0.5622961845903435,0.2953886411824845,0.16858312696824948,0.2990935074699855,0.2391918925767152,0.17825318328298673,0.2668548033599353,0.18978155501907412,0.4314607272346754,1.0545325125506662,0.7609960421868239,0.4077685226156994,0.3078421640011548,0.47044168181008167,0.4982218811417277,0.9010909940575007,0.9276972098459155,1.6299805846210982,0.7874430445498423,0.15406965783985616,0.1593304360787221,0.2935296822695376,0.81770684103307,0.1830249306494253,0.18950636810120938,0.39558534620724906,1.1899543821072984,0.6145754547609734,0.8274483212134007,0.2202652662064466,0.2438277768877837,0.18038597611014756,0.7589221379138773,0.3069275825392743,0.37113556296981537,0.4866598993193353,0.1992530665989845,0.20029568755295338,0.5495852487953751,0.2559912555693381,0.15138514161150962,0.6312074379496353,0.296454935490236,0.2453315678801688,0.3995373998702417,0.679152154521351,0.3383278471718451,0.17971533663451408,0.3268269657013926,0.3307581108419656,0.13302318030227298,0.21917035591824513,0.6189012036188201,0.6285331758284989,0.4681352660260815,0.25795833830093584,0.2733408925153147,0.688671151305636,1.06980256434032,0.26009119438996675,0.5080846980707766,0.32353210387858233,0.9094985731876113,0.7100516713764065,0.2960023935164655,0.3475474430391361,0.41335870733727403,0.235935257371592,0.25375043618715315,0.6409306891053356,0.3994390228805325,0.2843035435808539
Bangladesh,0.12994074529555538,0.5377893660398231,0.4933019612871017,0.16836287386065088,1.0,0.2852719349653937,0.7558208439505991,0.1301111604698243,0.11659531051393149,0.5348445005933229,0.4913370114044124,0.3063216269270242,0.21394879791099464,0.1740570797279603,0.14467459379065137,0.2693990702453949,0.17172678473357464,0.372407210978754,0.9797134681107783,0.7172734438150623,0.3701815278759073,0.24374593321582333,0.4452011000392661,0.40755806644760634,0.8884746521564248,0.8961583445299204,1.46848702839371,0.7838979980616378,0.2188163432391161,0.21118210520994232,0.2527451706314282,0.7995293808515884,0.13054817535325514,0.16536096999580172,0.34931572099972563,1.2177903144293951,0.5717505670325488,0.8128740670124408,0.16979929734258384,0.2797271182367733,0.18496633126476028,0.7411481414493364,0.2824248696714602,0.32525574646212874,0.4271300592847166,0.13871251704978432,0.17952977493411504,0.5527986780641945,0.2667341297378927,0.10962423749607486,0.5610971492457734,0.26501973430811065,0.24441314925289448,0.3150587195036706,0.6446308605890392,0.3244222655848068,0.21093693813539108,0.2878470531414665,0.4958401930366299,0.170174268873859,0.1600714707485614,0.59161307089973,0.5864716994223531,0.42579154634738453,0.20300798192936215,0.23950746770087983,0.7202469744409424,1.0661684158091256,0.21737253314229374,0.5320245083939708,0.26546387379775216,0.8781738888286845,0.6988313642046146,0.37444483318424393,0.30830520018887997,0.35009162311236325,0.1794147862905238,0.2406465017475479,0.5799518915088019,0.377339963424381,0.22276199193339302
Belarus,0.24259589057279096,0.8008503369304623,0.303264070432363,0.3272114036043264,0.2852719349653937,1.0,0.44554005516393286,0.3643422238125411,0.29155077796531026,0.42304476515879785,0.8220104614710803,0.5781709121029575,0.2553622207797005,0.13374680400252864,0.18759259155090202,0.282851866053513,0.2217235468686387,0.28201549491122113,0.6337379050545977,0.43298193663109763,0.1785976558176213,0.1336922285571101,0.21832184357104495,0.29376371003601737,0.5983101866564855,0.586772149463721,1.2630293067114884,0.40618779900771806,0.3738315500650449,0.4158068699214198,0.15542527537254053,0.5083224693025794,0.2674638041257986,0.17952560005064858,0.15484866769687108,0.7576171174302735,0.3323138366562306,0.5637959741539464,0.3246725127043828,0.3852865759980367,0.15905719192283593,0.4310943166610668,0.2779447236708947,0.27977370009154223,0.3187187985225035,0.26397321119427686,0.22325236241593457,0.7405367516353658,0.3895827736219047,0.28189065741601194,0.334768653491861,0.18395455412040665,0.29459835143773344,0.2773606693223629,0.34648635496510155,0.5376109514012563,0.3224420614282313,0.19438117857756682,0.7721312809758343,0.4149728261225727,0.17562046885074328,0.33297609397293554,0.38832300290671024,0.4096643871038002,0.28897853155700065,0.18773934481195642,0.7945096377741924,0.6823667491024086,0.214024236054511,0.3436461944242681,0.2990943726033441,0.5526659294571069,0.41743483499245715,0.640637229363784,0.17555999939430592,0.2818200519120731,0.22877084917887344,0.3656325267454569,0.306739519232879,0.22349677061226145,0.26560715452174916
Belgium,0.722569087372708,1.428135725243583,0.2479407638034567,0.8141243655695151,0.7558208439505991,0.44554005516393286,1.0,0.9061264964562743,0.7578479436748131,0.4229220106861001,1.415508797239809,1.1619036107252083,0.5277369224174466,0.3957840379938662,0.6006546759351589,0.6342569984775022,0.6117773433107401,0.42458141752249995,0.22805094661890712,0.12024170923292268,0.39565273480493435,0.42047562442983444,0.3226928538166155,0.3910610533219082,0.11551121581889232,0.14874818418812283,0.7161753297652687,0.14929894032470636,0.965288703102962,0.9686223542184615,0.3952723876768144,0.3080250073982765,0.7778541949320139,0.5246325103818164,0.272863523075511,0.24194965516497985,0.11921391665537012,0.11239343796372109,0.8249445359069488,0.835729320627992,0.6331905205227686,0.1094163870096437,0.41727185766584807,0.6369866314676563,0.36187268554078095,0.7692838940932845,0.47630176123503404,0.9973833917547523,0.8320545594986073,0.7460006801959457,0.1591103054687301,0.39498520784557845,0.565907956432446,0.39157625686936953,0.13520791147676361,1.0682650837566585,0.8018703560118952,0.36064783885634133,1.447186586410247,0.9564000878628229,0.49956188872692847,0.14424908460161784,0.15673700114397773,0.38307790621520915,0.5708120005207472,0.33400415357502,1.2142414876780705,0.33691264037000573,0.5668468677323362,0.2676706556982149,0.5834945052688107,0.14724937413481512,0.10884465606024343,1.285774706780826,0.38043553653634216,0.4941667388882646,0.6299548796737996,0.7555838478190566,0.11587160578195607,0.2910788307085901,0.5610178506673001
Bolivia,0.20866207847871915,0.4538268590408136,0.6613261147302125,0.1746241399383482,0.1301111604698243,0.3643422238125411,0.9061264964562743,1.0,0.14021106538783226,0.6287022157186982,0.38333391917513177,0.19696315424370783,0.30387550528740537,0.2847153409139953,0.21230242336370947,0.2644360658552501,0.24253008841326273,0.4663650920736075,1.1436182111631337,0.8680372804841126,0.48365714726636544,0.38096715273189197,0.5567702697939612,0.5443645978565548,1.004816725909638,1.023263663348238,1.6393436653489022,0.9009718948096139,0.17095943819246215,0.160613609389693,0.33509397872087154,0.9196668688663827,0.1452374459549882,0.22562186774955822,0.48287115074433784,1.289333166026254,0.6956423218931653,0.9296737647301857,0.2107514483713671,0.2607748949146679,0.22559182010960718,0.8538647320686081,0.3606758680174833,0.3048690740200732,0.4798445270193774,0.17517107945957533,0.2508723789998888,0.5086744981044471,0.2795782160363095,0.14967229578976599,0.7235625849727625,0.3440112497623542,0.29170504680536413,0.45614129463733105,0.777886635161303,0.31513543627499524,0.20671916941697743,0.41651030607649064,0.41119617115090806,0.1378406463211045,0.2636506606798664,0.7006387781140079,0.6842271605263196,0.49476680673627677,0.2879835337900716,0.2798946817004674,0.6653082038779099,1.1902233576020755,0.35223559151676126,0.5759625860321183,0.3348309814905445,1.0328762460601595,0.807050982260598,0.2598749382096551,0.41436478117631625,0.4106281495729273,0.265638292647306,0.25364438435397785,0.7066550820130196,0.48975949232289717,0.3088369177742965
Brazil,0.1698536010315016,0.4302581379592498,0.5387600759420159,0.16992515474341296,0.11659531051393149,0.29155077796531026,0.7578479436748131,0.14021106538783226,1.0,0.5418690222770142,0.37126144528332294,0.2330514621088415,0.2780270169669068,0.19481532454867279,0.17898295273050488,0.28029189460000853,0.19201164450496103,0.41003082053356055,0.9984466852188294,0.702441131298343,0.37961011145764223,0.29001591505744384,0.43532251532115374,0.4384385895292578,0.8723141559845364,0.8748269288199306,1.589099898098917,0.7565753432603642,0.18776509598311578,0.18058150996808087,0.2567743075744277,0.7783059558581664,0.14947426449067858,0.16871988779854413,0.3839094587661597,1.1890098629038177,0.575641872235112,0.8006298166282753,0.19098061016692205,0.2410689731177468,0.18310146818664902,0.7057637651341931,0.2682394547408251,0.3582915050221369,0.4296637709838601,0.14225678003514386,0.19055364336855954,0.5899912012580764,0.23604532945317103,0.1323547361794278,0.5848486779177263,0.24901795603794616,0.26596124389748727,0.3294297304659517,0.6219160512134696,0.32867576154337574,0.23636975264374754,0.2885733883210602,0.4881338297013757,0.14378753078073453,0.18323343722637217,0.580781949691742,0.5545469282719465,0.3974192131332441,0.21854692784934196,0.23489361079230595,0.7004145406042309,1.0301881646310707,0.24014892499013218,0.508075505839281,0.26394261874410263,0.8456323261884563,0.6870767221830845,0.2895581625804751,0.3255208669878424,0.34924053972491986,0.19789903474942314,0.25810997901286387,0.5864240981548523,0.3578281920330476,0.2299918620082455
Bulgaria,0.4298463915582895,1.1392779105351545,0.3225405782952444,0.5622961845903435,0.5348445005933229,0.42304476515879785,0.4229220106861001,0.6287022157186982,0.5418690222770142,1.0,1.0332961534937213,0.8773647585433018,0.33526454982650317,0.3496020813805858,0.40297233050601355,0.4958474983085037,0.4463947080014149,0.4227912628008189,0.5083807252035788,0.47486069801434083,0.4188748577363026,0.4075660465780184,0.34207079089370823,0.3619848214580485,0.5100114345165129,0.484525070490105,0.7699803608432509,0.42781134174983804,0.67557927865625,0.7002207366059856,0.488666917461039,0.4046398229316185,0.5281744504308039,0.4131963390879729,0.34874506300881425,0.5612100617434375,0.3612236033524287,0.45835778578801334,0.5580252970667116,0.5776069706097803,0.4773143709865475,0.4185892611212884,0.31879601279728015,0.535261985580605,0.3412573743139361,0.4975986523975441,0.357774668761184,0.7470487404462163,0.6309518111511803,0.45653242828335044,0.3339724152200628,0.32800320591480425,0.38519765022281316,0.3955603617198878,0.4232912413234059,0.735568876180404,0.5370763878523762,0.31035266872206896,1.0137450143918547,0.6558865699972019,0.3722445914803371,0.3208224454790788,0.3367909873452646,0.45386783534027203,0.3549096268362527,0.34804790570527605,0.8283521191850773,0.5330953037783427,0.357833950014978,0.3213738847546193,0.4901825272014312,0.4522878474915397,0.4079234288210129,0.9932936287434666,0.31326983960279253,0.4506778425749519,0.36936073438826555,0.43840060159935784,0.3589037755763411,0.29486075669594297,0.5035699844669351
Cambodia,0.47313228459744605,0.36403121823218054,1.1179434834257735,0.2953886411824845,0.4913370114044124,0.8220104614710803,1.415508797239809,0.38333391917513177,0.37126144528332294,1.0332961534937213,1.0,0.2770826789496141,0.6602562363171331,0.6812260604695379,0.5451827124094712,0.5244904763157606,0.5589619589262678,0.8712764359696598,1.7245041230831992,1.319620398522358,0.9274802686531901,0.8069455296038675,1.0190805478885931,1.0149551555081864,1.4565145519726117,1.5024509442004184,2.2616388550065687,1.3852981881183735,0.277426895043298,0.3037513181257017,0.7144789637429156,1.379297938782087,0.4182025464102952,0.5437022353113745,0.9410436243156105,1.7679872841351614,1.1600339369900072,1.3635817450762482,0.4836144449633491,0.4564459830219372,0.47453547009771657,1.3348706128527466,0.6847349865348973,0.7210921946728215,0.9129555991999484,0.5151891114172094,0.6010139416525677,0.7326890047830986,0.4036419241274211,0.4581210346027827,1.2377844473187398,0.7419247844846844,0.5681040592438544,0.8679789689757128,1.2413185007363892,0.4736550504173161,0.4475304580752082,0.8042952918994656,0.351551047064629,0.32823758949663046,0.6366959007215329,1.1646453652111517,1.1436080400192847,0.7759615196632824,0.6286388144506609,0.6212545836731902,0.7068149811073304,1.6476626494684916,0.6342224301045738,0.9708135789612615,0.6849144330312771,1.5229297587526318,1.2576514880519962,0.2896391013499829,0.8423512118323755,0.7443196024269791,0.6227595501971819,0.524281250549482,1.2551752305239328,0.8955996909349584,0.6077841443191878
Cameroon,0.3426495502354768,0.2864377358658332,0.8996889433616111,0.16858312696824948,0.3063216269270242,0.5781709121029575,1.1619036107252083,0.19696315424370783,0.2330514621088415,0.8773647585433018,0.2770826789496141,1.0,0.4989185680349271,0.47408473446249594,0.37456053497856817,0.40185161623874893,0.36305700512426886,0.6174252613666964,1.4646917544391589,1.1357155344020846,0.7123000761639064,0.5813518020968398,0.8035551583643591,0.7273904583987161,1.3137320499875444,1.307304418754403,2.060214026969413,1.1678830943351701,0.16271633716549583,0.13371625329297704,0.4773645963212556,1.1681304543719824,0.28458215015385346,0.381890168562923,0.710195976561188,1.6046366769313136,0.9475947231940685,1.212889288602911,0.24760786930945608,0.2504526752920554,0.32279291350812817,1.0860812928004866,0.5264653899326344,0.45989791122501694,0.731157179515253,0.3377289851568658,0.4075503994921204,0.576583732676462,0.23192170125489364,0.29724602844281467,1.008868635286515,0.5433997627956253,0.43999088872498604,0.6513340216892194,1.030201940447188,0.4059838165894163,0.28996451474218066,0.6077179266524022,0.3481639205886332,0.24497198277737683,0.45187700432518807,0.965681647628475,0.9136080495243714,0.6425571280165767,0.46335669934771684,0.4484892271664189,0.8114481556094855,1.4795239912474576,0.513440658868735,0.7856785095638277,0.49900877440440067,1.2663157648558363,1.0766903538770218,0.25513802921685474,0.634517002042427,0.55893675199629,0.44728659434370543,0.3776333630673376,0.9750068775515639,0.7107837287103728,0.4103281180082623
Canada,0.1994360313855859,0.7977430986744392,0.3491433810712148,0.2990935074699855,0.21394879791099464,0.2553622207797005,0.5277369224174466,0.30387550528740537,0.2780270169669068,0.33526454982650317,0.6602562363171331,0.4989185680349271,1.0,0.191577635785764,0.2055759219923399,0.31127154057188133,0.19920393575994763,0.3004102289853775,0.6763278049511002,0.5158616140654699,0.3355382015238815,0.26407069697466773,0.2734730695273512,0.27683557691708066,0.6322161535212649,0.6226866616501225,1.0319051585265175,0.4832444844259577,0.3209305058356733,0.3559920413794996,0.31398784221674764,0.5708196134158078,0.2411813429748239,0.18535948330152502,0.26864303610676654,0.8087639471674191,0.39583026600606425,0.5728400526199804,0.2772619740930502,0.33753844347371664,0.2914602172838145,0.49325105076428216,0.17595591452013656,0.3549349878965872,0.311766903072739,0.22274301463109944,0.17957987351659255,0.5859751752685382,0.4337089588615037,0.20445605092441652,0.36046594022709555,0.21987167029609903,0.19147848373714188,0.2819611614267739,0.4397172463028023,0.43211567040004584,0.2745303517928376,0.2424263035425687,0.6726894524550268,0.2883179812199114,0.22779165673122959,0.37594115248929794,0.3865146058396881,0.3208733569361795,0.21525533854042309,0.207740775894181,0.6640364440474491,0.8135941674336677,0.18828686875047138,0.307433308454848,0.28491512800635754,0.6446414243483565,0.4716736066971692,0.5877344291648279,0.21687149628285232,0.3178540543469899,0.17248205648910744,0.26360795263461945,0.37363310937757266,0.24579080649562982,0.27086934870727475
Chile,0.16745961810002777,0.7542212103471437,0.2888347607291168,0.2391918925767152,0.1740570797279603,0.13374680400252864,0.3957840379938662,0.2847153409139953,0.19481532454867279,0.3496020813805858,0.6812260604695379,0.47408473446249594,0.191577635785764,1.0,0.11729096572915362,0.22928550935244946,0.15762002067853484,0.2901247178188894,0.6013993483663782,0.3780944003309836,0.1854535116634899,0.1179526125820215,0.17286707029436757,0.2342144792160234,0.5171270622008453,0.5000531258309512,1.1980557801960572,0.3655028504837099,0.3037204553795964,0.3498734591792978,0.18913448455457424,0.48956875178056447,0.19605533862252628,0.10691191271023395,0.12961756260966675,0.7507693631214982,0.2714236350355506,0.450237992776775,0.22790473106565623,0.30591906435464983,0.18103402020724105,0.3709885776400251,0.18124904937423228,0.3149673744127399,0.3030718804095772,0.19257311758059342,0.09465641312331255,0.6357593666928048,0.3679845759291759,0.17714702634182947,0.2774452735405326,0.1373951348899374,0.21536103586350613,0.2364658159087566,0.31304641671788713,0.41471110342284223,0.23984732952135823,0.10348726465741531,0.6960131760209113,0.27362197707259717,0.08746567294030169,0.2875403199924921,0.330388373151313,0.3375204975895188,0.19440260370035564,0.19204525994138244,0.7798121226844075,0.6781644001463373,0.14939647362100333,0.2891406679848887,0.24545284609655138,0.4903483129360202,0.36984713637400785,0.5559268643830066,0.13833850431280242,0.27738960436318216,0.12711283440136192,0.26838532129944226,0.2688442237333798,0.18982095734139293,0.21389507604208796
China,0.09380617773236263,0.6392390867881474,0.3769465356327171,0.17825318328298673,0.14467459379065137,0.18759259155090202,0.6006546759351589,0.21230242336370947,0.17898295273050488,0.40297233050601355,0.5451827124094712,0.37456053497856817,0.2055759219923399,0.11729096572915362,1.0,0.22797232048352145,0.11851433313191687,0.3581845092105068,0.801405783450487,0.5597830852141354,0.2564503663918447,0.15665559130485188,0.3077818889444782,0.3055839214907137,0.7347150777979714,0.7246596832219385,1.3152025518498904,0.6050595830480462,0.21744639539460506,0.2673603839938684,0.22370636985690978,0.6602577432524549,0.152267565805536,0.12929728864596776,0.21269187557057878,1.0756816100172213,0.447753664417641,0.6752373751861313,0.2272099043798229,0.29528960228619283,0.13586820714845435,0.5843738997091925,0.18129353466635434,0.3299019266815105,0.32841461375065606,0.15846219143911053,0.08277494904908514,0.6576726729562201,0.3484918155088484,0.1214875195000405,0.40572672072375493,0.1528083240957921,0.17267260667169568,0.28343048023561596,0.4881918080043507,0.3907962969050135,0.18135044985844007,0.16352734002542604,0.6072395687842381,0.2118618024438736,0.06557514638143944,0.4512650638693697,0.44334628271061916,0.3593334093435935,0.16106297247374457,0.17275217486343167,0.7225322940424044,0.9048617669324865,0.1349327742053976,0.40294678802099404,0.25011232421953566,0.7341351351701161,0.5408330694694896,0.5043121019036403,0.20701201434155198,0.3162675605896399,0.12388072803131073,0.2574954164420271,0.44278854963924674,0.2446713522983705,0.25499608291350495
Colombia,0.21656338365929062,0.657650544310389,0.48679722092456224,0.2668548033599353,0.2693990702453949,0.282851866053513,0.6342569984775022,0.2644360658552501,0.28029189460000853,0.4958474983085037,0.5244904763157606,0.40185161623874893,0.31127154057188133,0.22928550935244946,0.22797232048352145,1.0,0.2329901324592847,0.5225001952953712,0.7838474628694273,0.6509738624732307,0.36206658052067875,0.26182011625652424,0.3608499920643913,0.432926322251603,0.7497652178961096,0.7419591533085572,1.2245519663829263,0.6180296971643715,0.2932893382113811,0.3045586241266608,0.3248599446909851,0.6596678698762403,0.1758953214861356,0.2117880300555691,0.3084981233446035,0.9589423501596588,0.4930867961946859,0.6777774996760497,0.3458780262419216,0.3062311971088672,0.3036592679174207,0.6023736738855294,0.2954893178087158,0.27309112633151117,0.4690303354485734,0.239731584966397,0.22519008549631067,0.44343136237836567,0.3677561960801037,0.24578096182524456,0.4732707342248119,0.2439568844507503,0.2929057781473412,0.356179385168194,0.5350657695012775,0.2937125868932669,0.19456576711767304,0.26343516979817566,0.5058168993001757,0.2912324490238413,0.2151993009821457,0.5009826320556481,0.55559780673117,0.4343631898096382,0.28218638209700186,0.24849874023881804,0.6769585159053342,0.8984793408254736,0.25286394370797777,0.4659056280275338,0.33388813253329935,0.8230797695027098,0.5678536829567413,0.41426693242938983,0.2888367436070413,0.4333772071422976,0.26134534947178,0.3321620679152165,0.48638661544498507,0.3147702427326567,0.421731601461224
Costa Rica,0.10228175357728594,0.6416620874077437,0.343505552087633,0.18978155501907412,0.17172678473357464,0.2217235468686387,0.6117773433107401,0.24253008841326273,0.19201164450496103,0.4463947080014149,0.5589619589262678,0.36305700512426886,0.19920393575994763,0.15762002067853484,0.11851433313191687,0.2329901324592847,1.0,0.36048938266565367,0.8274521092446595,0.6113090758275428,0.31801263290954185,0.20228817082841746,0.3622032144350226,0.31716589473471485,0.7532547742376772,0.7377959051034687,1.3030391865508626,0.6130598426419113,0.23633427140326346,0.26670097634008183,0.25695311418289335,0.6629300528558923,0.14888932003686922,0.1518874082440006,0.2776636328313542,1.0291705884838473,0.4717345917325027,0.6679707382197365,0.21307015853771089,0.2646336811259793,0.18269828023672954,0.5757422881714673,0.24257724117757817,0.3098056425361656,0.3748917957480593,0.1474367665931266,0.13020589495244086,0.6140399192571961,0.3395164947213467,0.1378717804465607,0.4408629018733724,0.17079424126806958,0.15657042947008568,0.259428667227114,0.5147556041296995,0.3677056992228312,0.2084345783940864,0.22206758918684663,0.629756401940359,0.20529118704887703,0.12700000278256074,0.44715540097085804,0.44786387654774595,0.32212355498512363,0.19780584672136164,0.18474729169244153,0.6677786700050654,0.937532054698969,0.18997614706544738,0.4111681998321407,0.22882710239467435,0.7157714902751133,0.5488383482223858,0.4419964304986393,0.27236458237948336,0.3204075576467326,0.15388594059865685,0.21495563636601836,0.4834917535400419,0.2960549353194519,0.20907324507312836
Croatia,0.35873477743728904,0.8093481567909455,0.37096289990981907,0.4314607272346754,0.372407210978754,0.28201549491122113,0.42458141752249995,0.4663650920736075,0.41003082053356055,0.4227912628008189,0.8712764359696598,0.6174252613666964,0.3004102289853775,0.2901247178188894,0.3581845092105068,0.5225001952953712,0.36048938266565367,1.0,0.5382959714099647,0.38330257465252365,0.25696047625343005,0.2861136308366792,0.2537504018221338,0.34612451950742856,0.47738441216069283,0.4938779882207204,1.0002952807090146,0.35713728862013533,0.5328882342187057,0.47961857810561154,0.3101708630674092,0.45778599626060323,0.4408680667150325,0.30730392867991174,0.2506543941351694,0.49749609118970295,0.3820449696840565,0.5011602618108698,0.39094134157721566,0.48965701943400797,0.38297114130861887,0.42093699696396564,0.35732588903488344,0.32683945029104466,0.315165326258515,0.32444289493140643,0.3150288329745417,0.8007040745796896,0.5030962716043701,0.39233545295250466,0.35100734995001215,0.3172961244513944,0.38479704329040443,0.3372351919835,0.3492952610986214,0.6922106921871987,0.4789623674886114,0.29982585699209807,0.7806083717557755,0.48362362739174836,0.329109764134591,0.3894509407573392,0.343497512452299,0.44210415263657665,0.35128500843281973,0.3453266702774412,0.8835488029935663,0.5166226657746447,0.3637971648496844,0.4266286924064354,0.36354083003679943,0.4899041295412964,0.41525784337391125,0.7068540311570487,0.2445273294747442,0.3779820650993354,0.3692713976098016,0.3910845276377749,0.33894423042073474,0.3233557122465019,0.30950080123764023
Czech Republic,0.8946168328364332,1.635945179403559,0.3933369919412253,1.0545325125506662,0.9797134681107783,0.6337379050545977,0.22805094661890712,1.1436182111631337,0.9984466852188294,0.5083807252035788,1.7245041230831992,1.4646917544391589,0.6763278049511002,0.6013993483663782,0.801405783450487,0.7838474628694273,0.8274521092446595,0.5382959714099647,1.0,0.24435339379882093,0.5185491310666788,0.601876905072851,0.4374901467442899,0.47327299214300766,0.22698390101378924,0.2134446300510827,0.5269586828298711,0.23461694458628496,1.2235204831615911,1.2419402403047908,0.6079478696861044,0.2843665940765696,0.9770361912329594,0.7080004360831893,0.4501516611426833,0.22735793391723247,0.2718257644248352,0.22130834581210962,1.0560058771003917,1.0017197070308792,0.9123899584564018,0.23829477640098617,0.5444806579800768,0.7440394227100412,0.4323851246941249,0.9358804260908709,0.6659310972908419,0.989503020578492,1.016360801080075,0.9341302915804176,0.2870081817358551,0.5707555623022297,0.7239879806678278,0.46737935537748143,0.2547254501137437,1.1841009362478723,0.9728817651513118,0.514660363735427,1.644261950665035,1.175686887512383,0.6781955763799284,0.319912424859687,0.32764216046991385,0.5039100264260165,0.698024881007454,0.5075426278381413,1.2781346286351776,0.26525809697310704,0.7121199791704027,0.3549242867363924,0.6980124992741659,0.2487327508770023,0.2767289433459358,1.560417937715112,0.5319000937932469,0.7014314684164834,0.7529680822798698,0.9204484183450227,0.26445351793480926,0.44163188984407475,0.7621598118944696
Denmark,0.6713741548534282,1.3575996587532269,0.27678134609326466,0.7609960421868239,0.7172734438150623,0.43298193663109763,0.12024170923292268,0.8680372804841126,0.702441131298343,0.47486069801434083,1.319620398522358,1.1357155344020846,0.5158616140654699,0.3780944003309836,0.5597830852141354,0.6509738624732307,0.6113090758275428,0.38330257465252365,0.24435339379882093,1.0,0.38760079017065907,0.39861984342923096,0.31481673111798547,0.40944180545315756,0.09301701252339065,0.12169157596934868,0.657223811055535,0.11056808241700775,0.9036869843361983,0.9134091466804264,0.3814361060498529,0.3463394079431278,0.743258024435999,0.47579681755561654,0.2461166930549993,0.18056990460741149,0.13671996435871045,0.08092319622198241,0.8497730352827063,0.8208067288641806,0.6045559113192124,0.11344269951189084,0.399623975000611,0.610753705793185,0.4817082275912511,0.694905873381878,0.4566585981077985,1.038161339091012,0.9116083144088247,0.7550880787470478,0.21884987495429198,0.40004432357316233,0.5381478036779728,0.38688384231180317,0.10783574224129092,1.0484199794955782,0.7716735219979569,0.3474629717269613,1.403040689723597,0.9231501837354222,0.4615984775228228,0.18668310234591376,0.17170291337116225,0.4125702324014239,0.5616547252263715,0.3288359643812616,1.2016288446951338,0.29620279782229075,0.5140499213166255,0.27863100693823517,0.6005458106068737,0.1667001851529754,0.10769581803351913,1.3064418121738006,0.3547586849821567,0.49540832296217496,0.6054401773070448,0.7253759377402431,0.13212612253596756,0.2760089889073375,0.5641447798878272
Ecuador,0.30781142244441384,0.8702224335202239,0.3072859365936793,0.4077685226156994,0.3701815278759073,0.1785976558176213,0.39565273480493435,0.48365714726636544,0.37961011145764223,0.4188748577363026,0.9274802686531901,0.7123000761639064,0.3355382015238815,0.1854535116634899,0.2564503663918447,0.36206658052067875,0.31801263290954185,0.25696047625343005,0.5185491310666788,0.38760079017065907,1.0,0.15623852308602323,0.18975416622638505,0.24537837427676237,0.4173348524215261,0.46333878395925354,1.1116036203639847,0.29419275999744976,0.5213004227633519,0.562157928489733,0.23972628396428497,0.4828803915164017,0.37994233534662036,0.2527887594032967,0.1681629782522232,0.55527741495959,0.34647204654449126,0.45347581715465146,0.4002776802327547,0.4995727440660436,0.28368710164357436,0.34328333143011325,0.303916347465065,0.3129895850751484,0.2781824787122209,0.338226444780397,0.2828082488310357,0.7457596011255708,0.414385344685577,0.36736767707388784,0.25135058254605924,0.17859540036409957,0.3581965784300939,0.2708747598394136,0.3037087004480169,0.5950711673260995,0.40341843363768526,0.21708958233746525,0.89910985232555,0.5109413496223579,0.2103562587035783,0.30834949992574484,0.2909956465005843,0.4301486081028476,0.33357611582580005,0.2810041838157586,0.8291594639337012,0.49641866493798026,0.2708880697168368,0.3529251942713213,0.3101806755732506,0.48099343707951564,0.303147391353872,0.8075321079561655,0.17237067843358808,0.33188879705796726,0.30229112606021724,0.41609695636010324,0.26455850279878007,0.22556970770536972,0.24278555635353294
"Egypt, Arab Rep.",0.2086558418502451,0.8210699966873608,0.3253606705370726,0.3078421640011548,0.24374593321582333,0.1336922285571101,0.42047562442983444,0.38096715273189197,0.29001591505744384,0.4075660465780184,0.8069455296038675,0.5813518020968398,0.26407069697466773,0.1179526125820215,0.15665559130485188,0.26182011625652424,0.20228817082841746,0.2861136308366792,0.601876905072851,0.39861984342923096,0.15623852308602323,1.0,0.17896319175113581,0.27334901346283114,0.524732486007493,0.5357241807612967,1.230826651546507,0.3646775688624286,0.39936244104959817,0.4433267854729037,0.16235205183254428,0.4965687863129883,0.2704247725475205,0.1804512970754968,0.13513186800352425,0.7133184990168463,0.3172303452824903,0.5062427599555441,0.31770515098799457,0.39178168599037455,0.20565486397548555,0.40973479475597907,0.2537067643394878,0.3240231803923127,0.3542539833542591,0.25030276723935563,0.1977789233478575,0.675879395181039,0.3801870113737754,0.2478497311518104,0.3086845843157244,0.14381177221880312,0.28419214713543794,0.2420806059762434,0.32976961214319744,0.5109382261409298,0.3132114056675673,0.15984614372813125,0.7677706868064463,0.3721378947413112,0.11452880903690937,0.30954246848740685,0.36394275827425243,0.4116937194443513,0.24047885705124147,0.1973167484611325,0.8074134953931646,0.6482547529035012,0.17784121977715436,0.34153763607679244,0.28208927946651974,0.5001009537702348,0.38503723900260967,0.6575093677580428,0.15628331956337488,0.2850862590559382,0.20541813257268057,0.3709260905856737,0.2936557933818219,0.19669251072694197,0.24108309619445467
El Salvador,0.3483593393255461,1.031282031867754,0.26651422203186936,0.47044168181008167,0.4452011000392661,0.21832184357104495,0.3226928538166155,0.5567702697939612,0.43532251532115374,0.34207079089370823,1.0190805478885931,0.8035551583643591,0.2734730695273512,0.17286707029436757,0.3077818889444782,0.3608499920643913,0.3622032144350226,0.2537504018221338,0.4374901467442899,0.31481673111798547,0.18975416622638505,0.17896319175113581,1.0,0.2514377921657858,0.42692940043402594,0.41936142859431813,0.9872275768766887,0.28229631864151616,0.590675704163627,0.6474571678958296,0.24596667614037035,0.3433517996531221,0.4371664065071995,0.24844077524991964,0.1382884758740394,0.6050687074528223,0.2596221587253959,0.40985316660640947,0.45686390968078916,0.5348517889131001,0.3995116031839856,0.3068392163529894,0.2385422602280024,0.4007518929024592,0.3390461379061193,0.38397852817608685,0.25579678559253916,0.82933191395187,0.4933577349094677,0.41025914281426845,0.22107912945045496,0.1925537675251548,0.3860735168691474,0.26191430664982285,0.26699188916469285,0.69711857279941,0.4877611021172199,0.16716047323647112,0.9585668222619237,0.5926112622369759,0.22876089438646874,0.24595257985596175,0.29245468075851616,0.40113614975218215,0.25537799165949515,0.24163545492261,0.9394407075357079,0.5066182685001106,0.2567215873641633,0.2861732502287935,0.35485709733108906,0.40773332545596075,0.30451314119885586,0.9061130371002581,0.1625104399635969,0.34824717019483525,0.2897865644496268,0.4500816652947392,0.21932177786442641,0.16208123274526431,0.36021714368646474
Estonia,0.35665834282288333,1.0683442243328352,0.2824748859254905,0.4982218811417277,0.40755806644760634,0.29376371003601737,0.3910610533219082,0.5443645978565548,0.4384385895292578,0.3619848214580485,1.0149551555081864,0.7273904583987161,0.27683557691708066,0.2342144792160234,0.3055839214907137,0.432926322251603,0.31716589473471485,0.34612451950742856,0.47327299214300766,0.40944180545315756,0.24537837427676237,0.27334901346283114,0.2514377921657858,1.0,0.46294728109471295,0.45582195023931665,0.8934215515990648,0.30823205612499294,0.5819671086601159,0.5616611612185604,0.3636867688543411,0.44206515701435367,0.41993655966079707,0.3528313835890324,0.20887274232409686,0.5384215960952548,0.3322227268226064,0.47106005973201825,0.4272963365512749,0.5291357018409639,0.41735477441343116,0.3735946365955748,0.24173047436971365,0.27537280332282305,0.27415381276702944,0.4063996213545629,0.2732354913557177,0.807503040537908,0.5523334971025495,0.3538678512119849,0.2700312975732,0.2345993496563426,0.3688419197284624,0.25314010030837936,0.32868790784420876,0.696507542456484,0.48097733684882266,0.2062911564371412,0.9799923241358164,0.5900437876981091,0.2706890079177264,0.29230309936494736,0.33997469351329623,0.4196004148689394,0.308117512772115,0.29299400666135766,0.9366445854217946,0.5656142239481867,0.25652301879925854,0.34463907803143645,0.2984660351763297,0.47794528349335197,0.3462071950393797,0.8075591761347375,0.22055120724839652,0.3839661315486864,0.2729694781783737,0.41347416183146296,0.2905626861706237,0.21382906077387895,0.3477010445496466
Finland,0.8260974638395429,1.4557121598179443,0.3632849518843828,0.9010909940575007,0.8884746521564248,0.5983101866564855,0.11551121581889232,1.004816725909638,0.8723141559845364,0.5100114345165129,1.4565145519726117,1.3137320499875444,0.6322161535212649,0.5171270622008453,0.7347150777979714,0.7497652178961096,0.7532547742376772,0.47738441216069283,0.22698390101378924,0.09301701252339065,0.4173348524215261,0.524732486007493,0.42692940043402594,0.46294728109471295,1.0,0.13680155193528135,0.6202836027050103,0.15927874401161113,1.054803448064427,1.0575879769639827,0.44750144032334366,0.3807075083187821,0.8967628860843648,0.6107949079359744,0.3767634137349837,0.17228382636054446,0.16132994252499824,0.10966496542646079,1.0122800004861392,0.9247194704967963,0.7816588515914512,0.168231329831794,0.5332709503467712,0.6920429161066958,0.48767822808013683,0.8531653981249834,0.6076547618688322,1.0626646714266774,0.9769857403403857,0.9191295571892312,0.2399517704244178,0.5341136753530169,0.6079507188777538,0.45176257932672254,0.15782717225185044,1.1636881227986522,0.8882303678243881,0.4842651346623991,1.4767628632636085,1.047962593241865,0.5968086899111323,0.2543044296048157,0.20964066444659074,0.43443611516494557,0.6746712929868949,0.3783374177004283,1.2090543529026896,0.3002010496897611,0.6647727037426427,0.3346451195770074,0.6346584357778704,0.17057981505532877,0.14057120484171876,1.4561888908678087,0.49346026734749626,0.6040506433149723,0.7483701562194132,0.8604033916222068,0.19485239205708577,0.40208701331611957,0.6624857555473154
