Country Name,Albania,Angola,Australia,Azerbaijan,Bangladesh,Belarus,Belgium,Bolivia,Brazil,Bulgaria,Cambodia,Cameroon,Canada,Chile,China,Colombia,Costa Rica,Croatia,Czech Republic,Denmark,Ecuador,"Egypt, Arab Rep.",El Salvador,Estonia,Finland,France,Georgia,Germany,Ghana,Guatemala,Honduras,Hungary,India,Indonesia,Israel,Italy,Jamaica,Japan,Jordan,Kazakhstan,Kenya,"Korea, Rep.",Kyrgyz Republic,Latvia,Lithuania,Malaysia,Mexico,Mongolia,Morocco,Nepal,Netherlands,New Zealand,Nigeria,North Macedonia,Norway,Oman,Pakistan,Panama,Paraguay,Peru,Philippines,Poland,Portugal,Romania,Russian Federation,Saudi Arabia,Senegal,Slovak Republic,South Africa,Spain,Sri Lanka,Sweden,Switzerland,Tanzania,Thailand,Tunisia,Turkey,Ukraine,United Kingdom,United States,Uruguay
Albania,1.0,0.33847329346203253,0.7481355704357336,0.5464245261966659,0.8681239034121194,0.2625613862111821,1.0516567162548367,0.23787213524748357,0.9911979070309156,0.2423260218888872,0.9734328439494799,0.19342868559739557,0.3538221973146424,0.21931024741694666,0.9908829420045283,0.1731735475401308,0.29339097654853813,0.9089876240143294,0.29886883079559934,0.19487802472854585,0.597997689628436,0.2804829513039372,0.17575997265601043,0.2118326797219645,0.18089515235026885,0.25253791051906826,0.34799508672781504,0.4851099434673415,0.8902934609013791,0.2519440396763164,0.8967701116188498,0.4302285342606813,0.18849792555849937,0.21004651558430215,0.6725483114238217,0.5069469949764513,0.18233809073397633,0.8951236026913126,0.4424032290221652,0.1920876275597755,0.22223121339754529,0.3374506785484528,1.8822354176444407,0.4401432500390546,0.18014936768906392,0.2903735666958415,0.2043060077936306,0.17133299088491477,0.16977618662920405,0.21553493416083006,0.4007569972961791,0.2985912801261806,0.1759213063832596,0.19685707236328692,0.5755011056483683,0.9539132612457525,0.27376427301739326,0.3427538319338634,0.2635222134317137,0.22011001276101078,0.9417230312624595,0.17877460686692362,0.4497003415246519,0.44153970682372407,0.2566468349571942,0.22870568790550744,0.183800595229594,0.5654044274872799,0.1808317384065063,0.4317689007154578,0.35038718608503056,0.17775860629952941,1.2719963346018426,0.16655801215886973,0.7564307604804303,0.5066745644204623,0.5362523671247267,0.19436457503395524,0.281763501430164,0.21082617160111425,0.33022309353295726
Angola,0.33847329346203253,1.0,0.5625999582303175,0.5345790883877715,0.5931565249378217,0.2012379117290844,1.0495837051381747,0.16812371632478165,0.8043202762628334,0.19020833244160837,0.7488963596769929,0.26927958336394175,0.18990168152881093,0.25837515643651715,0.7238235984626816,0.18816166122743755,0.19676533096353924,0.5684585399886218,0.23782571982774992,0.1944946840782785,0.40477467306368076,0.18181480548295584,0.18130126178849554,0.2828821630946213,0.2761019649318579,0.18685322412228655,0.3874139371300346,0.2945249723681332,0.6018576813282638,0.27330367753042306,0.6989952805150389,0.22551625298537864,0.22419627246821344,0.18087267217698458,0.6070865496611714,0.5627130132693733,0.2018089444946787,0.6733735508855913,0.1101719856018112,0.25654269584605877,0.16211789842155103,0.20628167452258717,1.7350050149364904,0.40017166513528984,0.20139273089614929,0.32946905352241596,0.2053900912524443,0.23401816996112695,0.1826994429933502,0.20732337804873713,0.2858087879238715,0.13789731507977382,0.1672148315301048,0.17864684865674563,0.441501504907192,0.7069236997881015,0.19757970263102398,0.2695397232493336,0.19773553596871224,0.12246774494684722,0.7921354082283235,0.22751120761521,0.29979475879244655,0.30149598612440714,0.19362701394362491,0.2625725314205251,0.19134700007851188,0.5243504647700596,0.2080049735710181,0.41397253118016625,0.18594443300612265,0.1523186023157264,1.1073194581660597,0.2205302080810303,0.5064308969490523,0.40850164930098987,0.2575339208673749,0.18936419511520627,0.3034404906390094,0.1804231228994207,0.2901680124889648
Australia,0.7481355704357336,0.5625999582303175,1.0,0.48359413848538946,0.21679340584598406,0.2965479485680377,0.771232544371139,0.3154420851829021,0.7109603762943651,0.30683410297658686,0.47527120916745913,0.42083509034646466,0.25719269506734027,0.41461408213267975,0.34920016350263866,0.3684228298167407,0.26926164976830275,0.5405007300491732,0.3176981935033536,0.3627913987064506,0.2606785445279745,0.2956095232736524,0.34542408655408624,0.4244868521589048,0.42015450078541233,0.31151989212910086,0.5106522170851374,0.4619909620504409,0.340948287477783,0.4409354410831341,0.5251908200821084,0.2399951189667809,0.39829080895058117,0.32058153566756475,0.633682144261159,0.5629989183866094,0.34509836813478634,0.196692606748797,0.2888827421091087,0.3968629813839116,0.31202956328429715,0.24274857664804234,0.8642720722525165,0.507169924657029,0.3764509154317059,0.47376397357685013,0.3236295511420985,0.38464856454429036,0.3624111216986275,0.3993584805395965,0.2240559910459812,0.2992459564760442,0.34817402240857126,0.33817333799068355,0.3353405556791341,0.56297921013745,0.27708608844094973,0.25298374037114857,0.3011274867753469,0.3349539728076931,0.7108068579402986,0.3892707453078569,0.19726379524377885,0.25675294787166825,0.28994143042954157,0.36679575640812717,0.37036770253672185,0.5841715462140337,0.33388009623753984,0.5159985011862104,0.2628724554913051,0.36016629001174777,0.4697252663806048,0.3779561771160052,0.18928056005183067,0.5260971888683175,0.2541207667394893,0.3327154520966763,0.46229405562564646,0.31802698794976414,0.4565051870767384
Azerbaijan,0.5464245261966659,0.5345790883877715,0.48359413848538946,1.0,0.7565816661743352,0.3761249661430437,0.3796772862654915,0.3869764777526469,1.0019334925730006,0.38938237601275555,0.8288570381515596,0.3769513146086782,0.4420424487265426,0.39195336112565177,0.6715993122562159,0.3929522813991565,0.4066022462294107,0.8453640004746008,0.3664761365821507,0.37512975534073456,0.5670502375106286,0.4352426306864499,0.3872828473765565,0.34429858714730255,0.3742968839840954,0.36095749789234327,0.4155956413229727,0.6688527876963106,0.8438104503266951,0.4840651576115401,0.9709025130980813,0.5332407738837031,0.39820764052024604,0.3769678321337668,0.5927651292210032,0.5967450771792966,0.36226948604525466,0.7646429142738639,0.589821153548641,0.36743977224090496,0.3927044944279888,0.45409986866972163,0.4915270320105159,0.6469396336476526,0.4037068956170684,0.4725831693312446,0.37328147800190964,0.3568430452192261,0.39228320524499444,0.42742345131972237,0.4564672168089116,0.4153696474540157,0.4004912380145509,0.37747375329799276,0.5417297806295217,0.7703798725716676,0.40022984566396747,0.3908508845001757,0.3697977032714803,0.42874757782575695,0.6074647524265203,0.367819885975389,0.5056143089171864,0.5473479892007623,0.39068949021794025,0.34703895854241457,0.3907046921853019,0.5480654197755785,0.3638210782156537,0.6040035593829304,0.465548748050013,0.43482367699027996,0.8369537831097613,0.37227685136860855,0.7156954375979402,0.6749802179363993,0.627353870643202,0.3685294411296805,0.5479683697575606,0.37701132094585255,0.489243221558662
Bangladesh,0.8681239034121194,0.5931565249378217,0.21679340584598406,0.7565816661743352,1.0,0.3337836849945287,0.7698402702781094,0.34312020498673096,0.663573129887209,0.3445766128413048,0.36796778661365104,0.4425092473229817,0.27790554782224813,0.4297577724979944,0.28134525507354435,0.39313484363798695,0.31062668079037115,0.45774573020574183,0.3586947767366093,0.3887408716049551,0.23302875495583958,0.32000823667009787,0.3771307420405944,0.44689671560293714,0.4454595514621002,0.34652427101693634,0.5098475449631176,0.4463589261282951,0.25068733609217425,0.44798982832377654,0.43820125910668456,0.25232875307672525,0.4166225154557972,0.35580414730514026,0.588329874702313,0.5843303755585589,0.38004692792402306,0.11127028325611008,0.2846032261687382,0.42814124835897865,0.3446023913309762,0.28561657881914004,0.7905676287850815,0.4843724320536914,0.4011027488730947,0.4758683499511351,0.3615953800416173,0.41365177121027785,0.3875693296383752,0.41267078314387906,0.28141815950349885,0.32775169001939575,0.37510836006360654,0.3671859455681576,0.3231675508636744,0.4879325705036397,0.31986964256564066,0.3055893083673976,0.3299924012314035,0.3557113283750537,0.653594772676505,0.4129869594019117,0.2419058722291511,0.2856428076752302,0.32962882578339603,0.3922033678089461,0.39184720052343813,0.5527445300257537,0.3748115198348372,0.493645762921631,0.2825711213580326,0.38136612576224693,0.4151147048588374,0.40449117024883663,0.13199744020657633,0.5068025911761382,0.23584662322312003,0.3656123998702006,0.4614923233663243,0.35269903398457264,0.4536356938312309
Belarus,0.2625613862111821,0.2012379117290844,0.2965479485680377,0.3761249661430437,0.3337836849945287,1.0,0.8265676481920409,0.051248332797098034,0.8286513751107007,0.0447338313235362,0.7250312582021351,0.21938356132768702,0.10473721406659091,0.20576925580666042,0.6063700245645934,0.14296674128381573,0.05486923874743184,0.6135596000819804,0.1072106526002822,0.12457619378281869,0.3230799688222337,0.10406314678225903,0.10238664950552291,0.2242213598486312,0.21570211849063464,0.06199377219599007,0.3583262812430533,0.4063089731139745,0.612515737648526,0.2827285409180915,0.7480901922583036,0.20031555264216389,0.1878614540012557,0.05724015452192561,0.6294547863594975,0.4436067358744913,0.0933369276019927,0.5652413399338594,0.24098483396456222,0.1819933430892083,0.054754904787471796,0.10548990797153827,1.11315438389058,0.44771655339049776,0.1544230885236145,0.3274816926343122,0.057206481646079846,0.15630780739965627,0.13197473987457886,0.2081833959408804,0.14834081029549678,0.10722138691601835,0.1121723333880576,0.08357097234053205,0.3451167127960443,0.7475510435957193,0.04445865013052008,0.09832940348387421,0.04914801947615536,0.1167405887204231,0.777196080899482,0.16759241905683697,0.1948109076359523,0.2501007905191782,0.026832980332720684,0.14317703241742816,0.14250427829833687,0.5402231762575391,0.07696110908754836,0.4485508011961764,0.11072608485623274,0.14978692909871963,0.8637115311933636,0.14457900907850282,0.4558504514745052,0.4644888566806134,0.2958304330251606,0.07055745932215507,0.33312204115508554,0.053507552393055755,0.30843563147347725
Belgium,1.0516567162548367,1.0495837051381747,0.771232544371139,0.3796772862654915,0.7698402702781094,0.8265676481920409,1.0,0.9062466407910998,1.4729569923036097,0.9065731759369311,0.9500687675368539,0.7498785575292248,0.9914991471989358,0.807969439914918,1.0374237588744826,0.8704531407480072,0.9476483382980244,1.1834424050975971,0.8301073699271192,0.8442153850031334,0.9661791522665149,0.9648767856399815,0.8838231093059524,0.6874623996586856,0.7423423760721605,0.8717700721042435,0.649946268076308,0.9495034373833617,1.0889222715477103,0.877657446077721,1.1971964333039717,1.0651756819920755,0.8385476929255367,0.8870347713676985,0.5508827319348216,0.8622277612952752,0.8406385126333542,1.17643719614887,1.1243139678191179,0.7566185307966475,0.9210076975476378,1.0149776764775116,0.31170450146274425,0.8921069115336397,0.8696838961293353,0.7823015599538664,0.8685367998739771,0.7843412139276608,0.8826250949481831,0.869291008125637,0.9858538760512268,0.9731201025692745,0.9098305505232233,0.878473750386825,0.8689773796597904,0.7245298296264414,0.9357291406858125,0.8976589923403282,0.8856736973298259,0.963156339832138,0.4886540426602751,0.7941456886721423,1.0429803515028524,1.1038598610252532,0.9156253911879285,0.7881762494849325,0.8701688618212482,0.5541983819245675,0.8509807871406359,0.8072280441915622,1.0100837901889306,0.9568232645663898,0.9210614438013126,0.8251590603368432,1.1639743399648341,1.1410398575276364,1.1142466282601844,0.8668794471865233,0.9729267461982668,0.8900288148357633,0.9424178219816087
Bolivia,0.23787213524748357,0.16812371632478165,0.3154420851829021,0.3869764777526469,0.34312020498673096,0.051248332797098034,0.9062466407910998,1.0,0.8325824434740658,0.04878545574918181,0.7619802055763615,0.19589192019244173,0.1260979092041804,0.1776958914183232,0.6746254129458981,0.10792020063468606,0.09044000978770597,0.6276748567123496,0.12406344495539086,0.09310872466003164,0.3615456523003086,0.10421564563944191,0.06893879036667266,0.20413163462091277,0.1944164972988319,0.06414425254132468,0.33794436437414205,0.38880005017646346,0.6535390984393402,0.25362403789746196,0.7590899521430305,0.22379084274251113,0.155607863111826,0.03437934391926935,0.6227802978391273,0.4504453367188961,0.0706320736299059,0.6333532569248543,0.2379536768872961,0.16482279442082967,0.024639897389253144,0.13933507480799034,1.2488246365263187,0.4276846404495938,0.1228158280593602,0.3033407943311164,0.05046261828585982,0.1328295469084556,0.09566571553834467,0.17356348154015813,0.1981564700627901,0.1058528389278174,0.07327521125834155,0.0462350727119968,0.3762517097014235,0.7704540139697268,0.07994217207150756,0.1512040079045941,0.06200897898007559,0.07417110868697388,0.7947195832669821,0.13872171062300817,0.24246725637220173,0.2802322623248628,0.05767565460646679,0.14033961659259292,0.10595339356827947,0.5298236166165634,0.06683231492085538,0.4292074174093029,0.1292779040168706,0.11127778594892358,0.9562021675375436,0.1160300344750483,0.508144771473773,0.44348980294653295,0.3164149928843054,0.043153303937637846,0.3061140445155721,0.02970287969924774,0.28034660003088013
Brazil,0.9911979070309156,0.8043202762628334,0.7109603762943651,1.0019334925730006,0.663573129887209,0.8286513751107007,1.4729569923036097,0.8325824434740658,1.0,0.9791459867841643,0.5413489270351612,0.8079217974747875,0.9682418461118327,0.8447958052540934,0.8619855413767407,0.8643156143855781,0.9976317913234813,0.8188627778486367,0.9754983332651213,0.8917728970820497,0.865979861585072,0.9468742740634414,0.9126467164581966,0.8102627534581441,0.8250349375487762,0.9567902619600428,0.7039912950286994,0.6330405176690356,0.6683886152546175,0.6958174254059736,0.4607370186149402,0.9192954338131467,0.824756385533704,0.9521320977086747,0.5845450799248552,1.0099944392162827,0.9313938170658783,0.8407272091048102,0.8520650199292065,0.8642102849613691,0.9479226405707843,0.9997123300247873,0.6295031288410142,0.5200877822592503,0.8599780867823544,0.6666400067149147,0.9717692052860464,0.8763241401063131,0.8771683879191842,0.7796977503635029,1.0544541472720144,0.9318502828454672,0.8960467331404333,0.9265744875592109,0.8347381734981982,0.5686837800758772,0.9978031850346889,1.0391138968728986,0.9718221326687347,0.8820247041765072,0.5975843105025775,0.8525529401422113,1.008083468855528,0.9749311332662076,0.9899230879261659,0.941502370182008,0.8703732821516555,0.5853512776151051,0.9576613372571354,0.5414327809274679,0.9638140680667309,0.8501614177588539,0.6734856011762242,0.8875768416015014,0.8338529179439368,0.5326786517218179,0.8435462616549192,0.9443295255800855,0.6295414769930574,0.9540765815131905,0.7305982224675633
Bulgaria,0.2423260218888872,0.19020833244160837,0.30683410297658686,0.38938237601275555,0.3445766128413048,0.0447338313235362,0.9065731759369311,0.04878545574918181,0.9791459867841643,1.0,0.773735003002439,0.20435776139676595,0.12734513834798908,0.20234110256080512,0.6257183280606735,0.12498586872163248,0.06977421589180419,0.6458058826691575,0.09484181550130621,0.10856160343954831,0.3627068164800164,0.12265355526402677,0.08102729577970973,0.20996959530404458,0.20031792038080865,0.054490568565713264,0.3534049398197501,0.41141652582250526,0.6553945497340311,0.2698060392811174,0.7724505431984644,0.226662740040134,0.17497875852123826,0.03892008561462741,0.635988140721607,0.44980509216416564,0.07384939099891284,0.603076495935561,0.246113150705165,0.16222411161326333,0.04244846377767876,0.12171052469470121,1.215261772987116,0.4425313280848651,0.13817135167241898,0.3165143474494443,0.05535172109726972,0.13998764491335786,0.11714131193334765,0.19166065876145463,0.16293852791318206,0.11263695775911686,0.09457464257690826,0.06894965447476015,0.3866635058834961,0.7903547205105452,0.05898608438899054,0.12176426510906374,0.07868213297742177,0.10306156619184653,0.8031538628769817,0.15281224103443697,0.22132325764525765,0.26418179573683903,0.04113427808634137,0.16194783694199447,0.13227883005642418,0.54031239671826,0.0598487313504015,0.4429847406006643,0.13400843388148195,0.13371218317628702,0.9217969043066052,0.13429266314980198,0.4929035685516415,0.4688604645519116,0.32137485778470287,0.060216340302355495,0.32176450984492,0.04171266150245121,0.3095749496428985
Cambodia,0.9734328439494799,0.7488963596769929,0.47527120916745913,0.8288570381515596,0.36796778661365104,0.7250312582021351,0.9500687675368539,0.7619802055763615,0.5413489270351612,0.773735003002439,1.0,0.5782875432782562,0.5615026142473519,0.5940115937265511,0.862036760114794,0.5703521997209425,0.5973204121035504,0.5027160606809055,0.6398374392344196,0.5842891766424955,0.44648785595854884,0.5537095021486357,0.5837748764548557,0.5881091637790696,0.5892589372760163,0.6038452389357004,0.5877465725326986,0.4910650053405792,0.26839830471947973,0.5210319756641987,0.27055117094013864,0.49629905867831303,0.5683030419836427,0.594413709965313,0.4704669412070374,0.8528906485544876,0.6007886296301927,0.4833849101823833,0.4957729222302381,0.5990722661552234,0.5821220049619997,0.5798259584521867,0.7507191259105349,0.410681332644968,0.572433306646627,0.5184784979317487,0.6063137980764743,0.5956351383728898,0.5720001222043374,0.5414837484655992,0.6365018801587163,0.5724186851774271,0.5712215725117106,0.5859850910455681,0.4661756380856595,0.34366015678988937,0.5994702354348247,0.6363393111700713,0.5906190656519228,0.5499010429268496,0.5234562153357771,0.5832290346541595,0.5722247060934913,0.5444399199846153,0.5997161345401745,0.6245617217434762,0.5724725221837098,0.4487553032905761,0.6100341470037906,0.41741545950401776,0.5475052186870777,0.5492433257377257,0.5621722803858951,0.5922557059654977,0.41344608500378627,0.5474274680323062,0.43723736410846054,0.5954265840007943,0.5034352873799456,0.5926427028601577,0.5650871854882289
Cameroon,0.19342868559739557,0.26927958336394175,0.42083509034646466,0.3769513146086782,0.4425092473229817,0.21938356132768702,0.7498785575292248,0.19589192019244173,0.8079217974747875,0.20435776139676595,0.5782875432782562,1.0,0.4402799267540432,0.13472721370266139,1.0415417695519866,0.13454243809321,0.37511111262119184,1.0400605554247244,0.30491494759863913,0.14778079453098156,0.7415797457372822,0.37974082507549156,0.18548507661122668,0.05137944648669983,0.029025032879919598,0.27785999307498316,0.228472912072488,0.5661407662339897,1.0694035491281388,0.14999032313700558,0.9425576412459493,0.5697113722171261,0.08718867374512146,0.24626401364848646,0.5957068755979216,0.5479645274000188,0.18648473232725626,1.0617765473046419,0.5501408913682624,0.09212549483490183,0.27037390639947606,0.44839194916620323,1.5969927425674315,0.4019974425327202,0.12248968838295252,0.17077692170930517,0.2545376495274833,0.0917325263621144,0.15458024187613623,0.11747042579508052,0.5029915674455732,0.3415662746323043,0.1899075175439235,0.20880427545329205,0.7179220953433618,1.0361404888943255,0.3565771315749147,0.43396378317961076,0.32736175925856076,0.24392756608417487,0.8859851175516897,0.08282617299361371,0.5868731512332885,0.6140639454544305,0.3263596652061218,0.2742202883307064,0.1477986884083947,0.47741373579298924,0.21849193596604682,0.368962889924017,0.4447294712441492,0.19315302763865724,1.4010696523868258,0.1253066536386606,0.9354930903591637,0.49206322570691224,0.6936421618987485,0.22319997221056567,0.24024637433984747,0.255304801961126,0.27196627416167707
Canada,0.3538221973146424,0.18990168152881093,0.25719269506734027,0.4420424487265426,0.27790554782224813,0.10473721406659091,0.9914991471989358,0.1260979092041804,0.9682418461118327,0.12734513834798908,0.5615026142473519,0.4402799267540432,1.0,0.2508610336015925,0.5314744569174833,0.19371597696600623,0.06733160789356968,0.5273900196607456,0.15748586201290693,0.18420341026535192,0.2345195575054136,0.09298241334073916,0.16138520434630652,0.27740141866955914,0.2705722356309472,0.12148669844561785,0.38936930429605016,0.37770048075389495,0.49156369379165715,0.31106265191151744,0.6720055195437041,0.11188823887223465,0.2346279651288874,0.12505339133543783,0.6172357122694593,0.46131822646247,0.162523711473663,0.4555148019584438,0.16603874426015552,0.2427459428678416,0.1090723733311858,0.05756163083578966,1.0861619167649903,0.4444283875569254,0.20622687028694783,0.356767814905801,0.13144471140074243,0.2184003597913564,0.1828411949831766,0.24324174812180047,0.11804594233684378,0.12187050303381174,0.16208104122382075,0.14486806706785968,0.28358233022658075,0.6613167432066092,0.07677831569698507,0.1001212034356504,0.08916240890900946,0.14366226932988732,0.7466572515460694,0.22206213818731083,0.12231621041295969,0.18466432400424657,0.08634823633636388,0.18996999766634415,0.19125140721370534,0.5400805804414174,0.1515179939071739,0.45081509134432596,0.0513752612755768,0.18433756276057037,0.7853893705615801,0.2034480805151445,0.3399941284223014,0.4527352445566235,0.1959648058806475,0.13890876776237387,0.3503206565371689,0.11885867931371756,0.3231106698677528
Chile,0.21931024741694666,0.25837515643651715,0.41461408213267975,0.39195336112565177,0.4297577724979944,0.20576925580666042,0.807969439914918,0.1776958914183232,0.8447958052540934,0.20234110256080512,0.5940115937265511,0.13472721370266139,0.2508610336015925,1.0,1.0848935221193796,0.13724140838321292,0.34930690314198626,0.8675194484060509,0.32574232517729607,0.14866654198058754,0.6326867684070682,0.3074790066914555,0.1781696435336323,0.15771172428016628,0.13270053312181188,0.2753852365031396,0.2288610654046154,0.4605032737608638,0.9160556552219683,0.17154360840069846,0.8512651260008047,0.48665921823393377,0.08049642073927668,0.23045751336786002,0.6045243324921598,0.4768892661163045,0.1888634494535558,0.9932739554142541,0.48338619855299325,0.17648552965480063,0.24432411418715833,0.4114709381564717,1.5236855578273183,0.40327099790651855,0.12585167823907598,0.21315750090519736,0.22350760237678877,0.13296032144989103,0.1362766987204963,0.13997797267763396,0.4857067164019986,0.32175022017000254,0.16819569858603184,0.18465336775156435,0.5880077449882285,0.8971330979540847,0.330545958189583,0.4144134292760174,0.2791752426497901,0.20940927735017434,0.8728110895629372,0.10987105876878063,0.5388387504980503,0.5548348917047077,0.2987673253566303,0.2026570602996434,0.10834040190058056,0.5117757241570174,0.215897794708885,0.39006118348435354,0.379424338695207,0.16788813510602987,1.274127424636159,0.10009279167501879,0.8401838205477854,0.4154735545071534,0.5867227322264869,0.19926512902626226,0.2447783222355138,0.23229166246401095,0.19443886157754806
China,0.9908829420045283,0.7238235984626816,0.34920016350263866,0.6715993122562159,0.28134525507354435,0.6063700245645934,1.0374237588744826,0.6746254129458981,0.8619855413767407,0.6257183280606735,0.862036760114794,1.0415417695519866,0.5314744569174833,1.0848935221193796,1.0,0.4277250730870084,0.3530855286815636,0.5680596340665496,0.35477131402148915,0.41603720581050385,0.3797745362780785,0.39183438371433094,0.41261373228869364,0.45566327328225353,0.46713343561789633,0.36413243209945095,0.5211640124955818,0.5306699086910097,0.46626960723976335,0.49648529565464805,0.5895830467762662,0.36934198890710473,0.45075697477371,0.38885346852968644,0.6187203899679473,0.6099291601969115,0.40617664884290383,0.31557575695634466,0.37380119189566574,0.44274753186877475,0.3847111424499331,0.34978790060633036,0.5974815284436034,0.5594565525657934,0.4366067788536596,0.5166506747233219,0.3990904447264053,0.4346390677139054,0.4254035540487214,0.44956319694188157,0.3239251149985975,0.358554620694377,0.41683100685752045,0.4020081167474135,0.43787551997443336,0.6033987746694917,0.36286865632009996,0.3386295751873129,0.3718528140495669,0.4043355169564979,0.612201228870728,0.4374406108231456,0.3351083775181471,0.3968171999692927,0.37029786915718127,0.42368588253105,0.4289948468194886,0.5806178733859253,0.403558376341274,0.5613671162917028,0.36124134881368836,0.4321820879956717,0.4483630538976532,0.4360415848971763,0.34905552376979937,0.5731762553566186,0.38554599910410237,0.3993586371784483,0.524205235874958,0.3884524494981073,0.49841017436782115
Colombia,0.1731735475401308,0.18816166122743755,0.3684228298167407,0.3929522813991565,0.39313484363798695,0.14296674128381573,0.8704531407480072,0.10792020063468606,0.8643156143855781,0.12498586872163248,0.5703521997209425,0.13454243809321,0.19371597696600623,0.13724140838321292,0.4277250730870084,1.0,0.22280816769395043,0.7963168092167963,0.19508164390038116,0.039712287230063474,0.5455422646976964,0.22177658293335334,0.05588231238758717,0.13225782893762897,0.11661756973337098,0.14778976229624377,0.2868559836437501,0.4167707098049461,0.8450388701691665,0.1781314336691489,0.830442474360927,0.3772270622422447,0.06691245801662915,0.11244810837976062,0.6134133429043155,0.4936756285382515,0.07544676318820896,0.8513004333866482,0.34952635334563126,0.10097331023105445,0.12525233348834786,0.28108570206777866,1.6108194062037178,0.3916918102057885,0.03629123082603701,0.23392663669034178,0.1302645633506219,0.06060878030962472,0.02584085727739324,0.08628030834576711,0.3448062371011474,0.19064657976504845,0.0506937057994676,0.07673559977598558,0.5397568064689894,0.8927856890418547,0.20813850203000978,0.28981525210639,0.18590597242335877,0.0925512784860447,0.8464420657105886,0.05343627648822554,0.4075085184471191,0.42826561293691245,0.18274570876624632,0.18394821379989965,0.03967039304346175,0.5048170380704039,0.10531292939930836,0.38665916731103056,0.27325624656172737,0.06284800920890025,1.2008387813638537,0.054620278912544104,0.7135694148307774,0.43244431515483656,0.4769082068202377,0.09628681976749622,0.24496944770314633,0.11920473644820985,0.24214285706681998
Costa Rica,0.29339097654853813,0.19676533096353924,0.26926164976830275,0.4066022462294107,0.31062668079037115,0.05486923874743184,0.9476483382980244,0.09044000978770597,0.9976317913234813,0.06977421589180419,0.5973204121035504,0.37511111262119184,0.06733160789356968,0.34930690314198626,0.3530855286815636,0.22280816769395043,1.0,0.5910733655742136,0.11359557713819715,0.15487549913685913,0.29182804451274597,0.10218800311028517,0.1284049478369994,0.24885247937501603,0.24166591038263538,0.0787834659346772,0.37946243296295457,0.40214134519330313,0.5627212044949531,0.3003004403659742,0.7203251576679232,0.1637707732111003,0.214813962863233,0.08487480846118224,0.6327443496686522,0.4584692198796389,0.12341269849815406,0.5011894133697623,0.204497366589573,0.20713903922142074,0.07502834568703082,0.053733329881043436,1.1125728524952376,0.4515114513885355,0.18176750565120978,0.345264448651451,0.09275954416508711,0.18570884331081627,0.15863205923890977,0.2275849346419052,0.10099258819551524,0.10495960671509931,0.13615628177755904,0.11458533539248254,0.3304507332452705,0.7243999711832697,0.017193193555599555,0.06569134311028223,0.06990296100190001,0.13041159862098492,0.7740025445340938,0.19555283581739016,0.145382315887448,0.20277348632865397,0.03631840246647877,0.17529814856971535,0.17151283164906153,0.5461101097275805,0.1065194673336656,0.45464608664036,0.08847018411521176,0.16705504805147192,0.8200691403674522,0.17689274792821738,0.39733575745604305,0.46950953659354455,0.25552213556436826,0.10390871232085624,0.34466234289100084,0.08107946716810323,0.3272145361017442
Croatia,0.9089876240143294,0.5684585399886218,0.5405007300491732,0.8453640004746008,0.45774573020574183,0.6135596000819804,1.1834424050975971,0.6276748567123496,0.8188627778486367,0.6458058826691575,0.5027160606809055,1.0400605554247244,0.5273900196607456,0.8675194484060509,0.5680596340665496,0.7963168092167963,0.5910733655742136,1.0,0.6421164793686649,0.536538846984649,0.6307078789322942,0.5444968842734655,0.5439128892078733,0.562991125837988,0.5594888280118568,0.5879558673889563,0.5707843037834543,0.44291685946803866,0.6237152136781668,0.496301060378311,0.7281259554342517,0.5660757421746744,0.5128949601502274,0.5682364783170661,0.6091329611445152,0.8077481775866594,0.5680619816202068,1.0603389836623145,0.48246821384518596,0.5748108736198252,0.555001690575778,0.6300039101802745,1.0180236265224245,0.5098508865823745,0.5233973440444697,0.5223186286644887,0.5837514211323118,0.5568537586152611,0.5198363730236565,0.49090197999674434,0.7372057506721225,0.5513423394583715,0.5237331772983346,0.543256660436724,0.6133678156314292,0.5449517327813364,0.6142346715614865,0.7044538867380812,0.5794566606336552,0.4951693973573038,0.6736228045115511,0.5365754775148011,0.7180205908447381,0.6800715298724626,0.6001726305253973,0.5872500357486624,0.5122077628422391,0.5751345944984806,0.5879870649201764,0.5192722157143479,0.5629072919498289,0.494936628383198,1.3253758426551558,0.5410082196176949,0.7792607631264626,0.5098858059763712,0.515183883303362,0.5612876334250343,0.4965077150615749,0.5667312166779801,0.47366455685473224
Czech Republic,0.29886883079559934,0.23782571982774992,0.3176981935033536,0.3664761365821507,0.3586947767366093,0.1072106526002822,0.8301073699271192,0.12406344495539086,0.9754983332651213,0.09484181550130621,0.6398374392344196,0.30491494759863913,0.15748586201290693,0.32574232517729607,0.35477131402148915,0.19508164390038116,0.11359557713819715,0.6421164793686649,1.0,0.13719312537085707,0.4153130677071353,0.20597300669561014,0.1318378960109073,0.21164686840851393,0.2147317883116867,0.0723702745885654,0.36491546316366497,0.4711714581165064,0.7162993251091604,0.29546038557981036,0.823938256918361,0.2903420879430404,0.20584616206775636,0.10467777728372098,0.6390033454087578,0.48303331816533746,0.11410928535320976,0.6129857263613635,0.2883630373943828,0.16099408470065923,0.11612476518390985,0.17257411250652674,0.9868297718577427,0.4759730576664828,0.16884353681342107,0.3341538742559512,0.129157598606387,0.16015524055396438,0.16327609279129796,0.2158351193210563,0.17575257078463305,0.13304634611694005,0.15125370146646638,0.12730933527992694,0.4452747693688439,0.8397935341634132,0.12165011704730326,0.1471542947346111,0.1477014849864962,0.15882407921494093,0.7668694054411415,0.17547405112549994,0.2608824866424624,0.33262802034956473,0.1143757026764365,0.215748104692737,0.17559233374971514,0.5410009691023644,0.11210036088691458,0.46742414094550705,0.1991821399600177,0.18838274508166317,0.8842176404045815,0.17431936903893622,0.529393050423887,0.5087200844249172,0.3831502972951239,0.1237359877148534,0.3605436537520929,0.1137521923010177,0.34472525909969143
Denmark,0.19487802472854585,0.1944946840782785,0.3627913987064506,0.37512975534073456,0.3887408716049551,0.12457619378281869,0.8442153850031334,0.09310872466003164,0.8917728970820497,0.10856160343954831,0.5842891766424955,0.14778079453098156,0.18420341026535192,0.14866654198058754,0.41603720581050385,0.039712287230063474,0.15487549913685913,0.536538846984649,0.13719312537085707,1.0,0.5144662397542655,0.21043674823293979,0.04904284701399451,0.13414931341729172,0.1240544436075482,0.12036626382108619,0.2931752629907252,0.42992357132491876,0.8256376223556727,0.19865376917792096,0.835812734717169,0.35871518299303784,0.08539878743233903,0.09233958473523672,0.6176835873069967,0.48347020981141264,0.05498742612994217,0.8103198638665307,0.340516955215982,0.0942839570497557,0.10882337929435165,0.2593777453478178,1.4127993358752338,0.41043879180278,0.05129067307886378,0.2490160447971129,0.11125811241678259,0.057434602747601975,0.04619658126915032,0.10903219273117246,0.31440413819903296,0.17080563205047897,0.057248104565016694,0.061140912129641456,0.5124514352010686,0.8877008319420597,0.18559811302197118,0.26013492202012684,0.16458402118044055,0.09576472071466674,0.8341908166568747,0.06144736748084502,0.3799170963665941,0.4131228983747688,0.15992744063369752,0.17340380009844106,0.05311616520589263,0.5103766889395888,0.08681879775990532,0.4032084664100402,0.2524992731881657,0.0883965916755475,1.1359214398068123,0.05752303797802562,0.6815414124317475,0.4471119175626922,0.4592295374679456,0.07848462133873203,0.2694475970272192,0.10124714683583054,0.25666637714057683
Ecuador,0.597997689628436,0.40477467306368076,0.2606785445279745,0.5670502375106286,0.23302875495583958,0.3230799688222337,0.9661791522665149,0.3615456523003086,0.865979861585072,0.3627068164800164,0.44648785595854884,0.7415797457372822,0.2345195575054136,0.6326867684070682,0.3797745362780785,0.5455422646976964,0.29182804451274597,0.6307078789322942,0.4153130677071353,0.5144662397542655,1.0,0.20064786618543112,0.29990951052667625,0.38934344834306445,0.37887889737670066,0.29000993269086495,0.45834666114968714,0.3825834301781379,0.2932569269704939,0.3854741835418773,0.5343035474738446,0.13293223772776283,0.34186726101331455,0.28003685622451235,0.5691375822372238,0.48988225421013243,0.30672100631454413,0.3204870564536977,0.24771247214868988,0.36810302497611663,0.2660450840449564,0.21510929567553458,0.9177605212011246,0.44877710834143014,0.3264026414550353,0.42149056277765323,0.27228125680254706,0.34397204703057693,0.30800522430713717,0.3478384444044114,0.24975846210498143,0.2772949134428744,0.29388637920961014,0.2866195519958291,0.12579161860967975,0.47078603117379225,0.24528488697481474,0.2479903975678015,0.23715231191793537,0.2778307679768688,0.6440697916806944,0.3422942646349277,0.17814132259460563,0.2040129549345353,0.2505164186329425,0.28784602840269996,0.3101282541234274,0.5224244372367568,0.29841364547602717,0.4588219612478597,0.17852728622152528,0.30077908369410195,0.6221324504084706,0.322178865733029,0.19513034416845038,0.4669629797743581,0.1464836574483423,0.28321504609440734,0.4028675056473101,0.272937735866316,0.38459074711698005
"Egypt, Arab Rep.",0.2804829513039372,0.18181480548295584,0.2956095232736524,0.4352426306864499,0.32000823667009787,0.10406314678225903,0.9648767856399815,0.10421564563944191,0.9468742740634414,0.12265355526402677,0.5537095021486357,0.37974082507549156,0.09298241334073916,0.3074790066914555,0.39183438371433094,0.22177658293335334,0.10218800311028517,0.5444968842734655,0.20597300669561014,0.21043674823293979,0.20064786618543112,1.0,0.1398776790584652,0.2647628820663109,0.249514814634707,0.14376261417686736,0.37111592647830033,0.35670223384031025,0.5326313577038058,0.28711187421909784,0.690012677159811,0.13548178485510984,0.20707034564811191,0.11647443242062695,0.6120465366150244,0.4371263197466025,0.1483042864369175,0.5532517807170508,0.20754021849981016,0.2341597916028009,0.09972366021608352,0.11382256700245923,1.2351862244716436,0.4274140871379642,0.18389723425264703,0.33601247072506074,0.10403828800718756,0.19949832642311344,0.1540359817633018,0.22439758030363938,0.19182815340541162,0.15081294281891572,0.13329654304862748,0.1231163658342534,0.26854488601220894,0.6594336460766115,0.09917933599626143,0.15242500887468832,0.07319354076085309,0.12459317375420455,0.7581894962948171,0.20128585554015954,0.18479984099152577,0.19513597861606888,0.09434364769337987,0.14423453988642915,0.16086044532782526,0.5341611388820035,0.13626785714153278,0.4354530786928741,0.07584811923747091,0.15161004267487943,0.8960951127845351,0.1717818257566902,0.41139383634558635,0.43324882175656315,0.22555460422079499,0.11658917794135162,0.3206099753790534,0.10562744929225563,0.2944699828159167
El Salvador,0.17575997265601043,0.18130126178849554,0.34542408655408624,0.3872828473765565,0.3771307420405944,0.10238664950552291,0.8838231093059524,0.06893879036667266,0.9126467164581966,0.08102729577970973,0.5837748764548557,0.18548507661122668,0.16138520434630652,0.1781696435336323,0.41261373228869364,0.05588231238758717,0.1284049478369994,0.5439128892078733,0.1318378960109073,0.04904284701399451,0.29990951052667625,0.1398776790584652,1.0,0.15960350615630223,0.14441673690145612,0.09835207310049517,0.3129461423739664,0.41029633827659906,0.7678803290795652,0.21546021139751798,0.812633667879748,0.3091534707120779,0.10957515606095584,0.055547453080608954,0.6260354022472179,0.4664454836255434,0.03183973452347317,0.7512063013397106,0.3015360487173052,0.11564594876044913,0.0699165082663543,0.21229123766890443,1.4615941227730527,0.4130269760544769,0.07163824012352618,0.26762111055127547,0.07456835014674396,0.0801762183677302,0.04495149512819295,0.1308375847567681,0.2703248808054171,0.1504472383205483,0.027618492240748912,0.030811413222023607,0.46831812769278985,0.8560755080916029,0.14345094495680066,0.21955886727921742,0.13021995989536317,0.07303940631531752,0.8363402247449491,0.08823303601584327,0.3287861782451029,0.3541140424131781,0.11998816203024518,0.15826416302150592,0.06570191828952951,0.5217425240375793,0.05219975125849466,0.41058880600328646,0.21071529351816715,0.074789325925295,1.0909408133603926,0.07014331884346726,0.6217460244089942,0.4480411592923629,0.4075534559407057,0.04464770003834961,0.2742985142728262,0.062325918392818536,0.269245029420812
Estonia,0.2118326797219645,0.2828821630946213,0.4244868521589048,0.34429858714730255,0.44689671560293714,0.2242213598486312,0.6874623996586856,0.20413163462091277,0.8102627534581441,0.20996959530404458,0.5881091637790696,0.05137944648669983,0.27740141866955914,0.15771172428016628,0.45566327328225353,0.13225782893762897,0.24885247937501603,0.562991125837988,0.21164686840851393,0.13414931341729172,0.38934344834306445,0.2647628820663109,0.15960350615630223,1.0,0.058842914705171744,0.27436025846656975,0.2299088474376232,0.6152829826166387,1.09981672934893,0.1877957724090194,0.9819391237729391,0.5798061380844318,0.12242701281286798,0.25208482354323497,0.5896097430733293,0.563421804450756,0.19252618546271286,1.0542179008057968,0.5686441225570262,0.09337317668704839,0.27826214899153073,0.4513713736554685,1.3230313525828752,0.4357832891144694,0.15083630831800326,0.1929429091110919,0.26247320464295565,0.1034437501963663,0.17593859503269696,0.14615319439257746,0.4980225923930969,0.3448191118883669,0.2088824359598195,0.2198576282319553,0.7140232166379893,1.0564308453747127,0.35827539231952216,0.42651887053898135,0.3294230001026885,0.2623195915262984,0.8617338792920621,0.09964282643090534,0.5860218804096705,0.6191161387564882,0.32939086261646067,0.27985802259164627,0.1713114973125785,0.4726870402129917,0.22357113278779678,0.39020985895218097,0.45390220601090314,0.22119388768963918,1.3727713486466244,0.14745316660567503,0.9393252095973957,0.5240520784827127,0.7114811986014277,0.23121174690532617,0.27984433223728006,0.2613935512548303,0.2978569706604577
Finland,0.18089515235026885,0.2761019649318579,0.42015450078541233,0.3742968839840954,0.4454595514621002,0.21570211849063464,0.7423423760721605,0.1944164972988319,0.8250349375487762,0.20031792038080865,0.5892589372760163,0.029025032879919598,0.2705722356309472,0.13270053312181188,0.46713343561789633,0.11661756973337098,0.24166591038263538,0.5594888280118568,0.2147317883116867,0.1240544436075482,0.37887889737670066,0.249514814634707,0.14441673690145612,0.058842914705171744,1.0,0.2729384198563779,0.2368311917956347,0.5722083408858419,1.0626972485751092,0.16671632418264068,0.9565384327662906,0.5581353634394002,0.09735679822181809,0.2388639998338749,0.6069743621362942,0.5293046374315311,0.1785926434510956,1.0427903915351657,0.5491985723873114,0.08487390936494096,0.2642574165689964,0.43662700079830696,1.5768589574334977,0.4163471769117941,0.12500481176154385,0.1857061051379582,0.243286232884638,0.08648863299247544,0.1547620716332537,0.13633458620223415,0.4879394710640686,0.34250452491834094,0.1875081721992712,0.20409519734052733,0.6998617937925339,1.048007281598866,0.3457306250567754,0.4195180534816429,0.3189131297845479,0.24591909809540674,0.898830175158398,0.08508819720564645,0.5710619931603479,0.5991793865029031,0.31598768623759343,0.2653543730777979,0.15029584437308327,0.4904851412896228,0.20729888169859062,0.383219306796553,0.43512824193423816,0.19624225191113293,1.373699095502759,0.12036116901033049,0.9192195897256302,0.5083346238628399,0.6829957264707905,0.21553145589770206,0.25176821058040205,0.24754571307050877,0.2884994394195526
