Country Name,Albania,Angola,Australia,Azerbaijan,Bangladesh,Belarus,Belgium,Bolivia,Brazil,Bulgaria,Cambodia,Cameroon,Canada,Chile,China,Colombia,Costa Rica,Croatia,Czech Republic,Denmark,Ecuador,"Egypt, Arab Rep.",El Salvador,Estonia,Finland,France,Georgia,Germany,Ghana,Guatemala,Honduras,Hungary,India,Indonesia,Israel,Italy,Jamaica,Japan,Jordan,Kazakhstan,Kenya,"Korea, Rep.",Kyrgyz Republic,Latvia,Lithuania,Malaysia,Mexico,Mongolia,Morocco,Nepal,Netherlands,New Zealand,Nigeria,North Macedonia,Norway,Oman,Pakistan,Panama,Paraguay,Peru,Philippines,Poland,Portugal,Romania,Russian Federation,Saudi Arabia,Senegal,Slovak Republic,South Africa,Spain,Sri Lanka,Sweden,Switzerland,Tanzania,Thailand,Tunisia,Turkey,Ukraine,United Kingdom,United States,Uruguay
Albania,1.0,0.5113129120971657,1.857099432095997,1.9017541924718648,1.7907716333442665,0.3718067962019719,0.8748118752253832,1.9684899084759984,1.3404298088055795,0.3507964896087252,1.2465627262555437,0.3209354424404735,0.48019932409411015,1.9667078175080366,1.7902658065957158,0.279648427225087,1.959096765790468,1.641300522325779,0.41883782060900016,0.30873675220049773,1.8687550726704858,0.3989840582431588,1.9813415107457863,0.3438508164073034,0.2959679891791573,1.9663905717780021,1.9115503542676118,0.7941601514024472,1.710005402335866,1.9480083955175576,1.4614002700281528,1.919548826604984,0.31571537989654397,1.9755543440776615,1.0315586387394786,0.6586645752577316,1.9806768120189195,1.7996082830957254,1.9022081684096304,0.3040562048526351,1.9727235805358465,1.9491756922451313,1.665673384067345,0.8184950343647555,0.29366520048091327,0.5212911800415342,1.9773807545742053,0.2726232936400754,1.981446512403451,0.368897476941921,1.9363163632905644,0.4308630676726623,1.980779479644448,0.30169935948022075,0.6906142636163609,1.4543414660317548,1.9638070677792967,1.9507010942916616,0.37372429005659835,0.3456256071962814,1.658150534912878,0.29026219695632327,1.9234561781382538,0.5407695673693306,0.36215707331565633,0.3326009738629085,1.9777578842015886,0.9191810947001822,0.26822370788923533,0.7934990704495992,1.9410668894409404,0.28829205881342534,1.0579791705672565,0.26590730897987547,1.8251028732983656,0.8911102233555618,0.6906808748640751,0.2922649285894406,0.5119799390426373,1.9755645552907934,0.5752608257323438
Angola,0.5113129120971657,1.0,1.8986482261975282,1.8520995011690102,1.8840725535710747,0.34182140159712415,1.0959955033971982,1.9770993186630679,1.4152101720491113,0.3315060257368373,1.0848748944997881,0.5645056287779999,0.3056778840918885,1.927848943280532,1.8622159538566334,0.3760406980973344,1.973783440759692,1.837243810026073,0.402129217240039,0.378625965580233,1.924635017273788,0.3091641332223991,1.970018410837792,0.5821750786079217,0.570830571573678,1.9729278868406355,1.809036923442279,0.5762109894654959,1.8417692558404481,1.900269867316038,1.6102055146127738,1.9703144992913264,0.4682296373965281,1.9731666318200547,1.3218068533230594,0.8518624616519104,1.9642036865708696,1.8655503500705843,1.991715504915765,0.5067693613686267,1.9786783070523455,1.9734614282595992,1.5117622136391922,0.9728819326728531,0.4058792179852177,0.765523709045327,1.9662889232881173,0.463370815574489,1.9671159021484355,0.44314930053389184,1.9558164529686415,0.24024676287097846,1.9737833697956708,0.33420684059125827,0.6052387123756947,1.6612238817753253,1.9729556268830748,1.9571620893573722,0.33770654214000484,0.23447136100606758,1.526912290172104,0.4608315088742173,1.9545911579057618,0.4324865152125649,0.3283094055393833,0.4680603653887863,1.963142340701483,1.1652859309529087,0.37759453850209274,1.0174490440203694,1.9772931721798697,0.30452687920210814,1.0000277128170538,0.4358171372229057,1.9034874146759864,0.9165757641220827,0.38124161126309963,0.347429310949316,0.7083880050228489,1.9735223547758751,0.636488175679228
Australia,1.857099432095997,1.8986482261975282,1.0,0.6858913976609665,0.2767434408111172,1.932312672479774,1.794514291224746,0.5822263745192127,0.9922801302126939,1.9249844149969533,1.8620302256402403,1.7993605175182183,1.9516831075825156,0.8715878632295684,0.3876418046341925,1.85555554411119,0.45373081264802406,0.9843873034897349,1.9272113576416008,1.8684451913027913,0.4082021687832263,1.9272882062593797,0.6648782034876437,1.8066571397643165,1.8082092452991105,0.5531985163105552,1.1251769691433127,1.6833537382577806,0.5093960754305502,1.0329867191795423,0.7747291054566866,0.4027421642091059,1.8133749341844347,0.5871433739997332,1.3912116790939504,1.7853187283965593,0.6462602299698293,0.23649682039682013,0.5221627291947011,1.846172366015948,0.5739959924860204,0.39789592234170734,1.0616152196723678,1.478031003023617,1.8467728662317258,1.6617467207067027,0.5856777940549865,1.851166487706833,0.72987496514083,1.7991124505997955,0.33626191259843474,1.9256276473620058,0.6866341624172417,1.8933801555318215,1.922601889007717,1.0112732135234452,0.47120037144446775,0.3952842896327413,1.927496071040916,1.8857738481734738,1.296643913201147,1.8373896784191222,0.2969668232539394,1.9601662534760484,1.9356456455231525,1.8813927326261595,0.7563487111830397,1.4949309577228385,1.9054324847532198,1.4834269004287242,0.4540631084631621,1.8560845111924553,1.935038302009971,1.852581848764797,0.26080334061119514,1.4508521126637117,1.953284208189495,1.9014484869789452,1.6465122754465211,0.5820519210893211,1.6850378330347373
Azerbaijan,1.9017541924718648,1.8520995011690102,0.6858913976609665,1.0,0.7473117657894373,1.9363375780574394,1.9461026139948754,0.5378671373932097,1.2153280500897559,1.9310285322878666,1.6822713347231308,1.9167059890376392,1.916118443721904,0.6162672907566714,0.5927117242693941,1.9131478866201757,0.5232244170126553,1.1143641554108976,1.9453730754690581,1.924647595552925,0.7360915055067424,1.9044690672827727,0.5546070279952859,1.9330085346012622,1.9194611226795237,0.4799131378071014,0.6802947203034467,1.6210710364952379,1.045064229959173,0.7908602344713948,1.2338579788726602,0.697407816907102,1.9031747750974763,0.5198397449454207,1.7576929981859046,1.8108587827892761,0.5093093971722126,0.7483396001649967,0.779915150582502,1.9298261672668695,0.5423728307878429,0.571358546394613,0.6986958878221646,1.658974243710215,1.907299573725168,1.8458823357107015,0.5185607435292159,1.9308467627730685,0.5827830703193896,1.8864623799432525,0.5326484047411713,1.9233131198346167,0.5846567339446038,1.9261468241303494,1.8428397588856158,1.481115935945031,0.5212493622182122,0.4800775813912099,1.935045639297201,1.900092503219156,0.8663697090254507,1.922732441304062,0.600234680794745,1.883740498341618,1.931563486589748,1.9340344242232526,0.5890195609944091,1.8019982020787664,1.9358512411817141,1.72277139251703,0.6175146327663493,1.889682639491877,1.8370055899974893,1.921307652134115,0.7889044319874836,1.6261019741870322,1.823753918322569,1.9313855316903252,1.7752656922627836,0.5217150287864876,1.8248371569550366
Bangladesh,1.7907716333442665,1.8840725535710747,0.2767434408111172,0.7473117657894373,1.0,1.9073116841741091,1.7535285372994263,0.658100831736702,0.9438463520117925,1.8971940928830007,1.912164302849321,1.7465875335414258,1.9396668450557848,0.9488029240286748,0.30972030423031005,1.8160803703324333,0.5425566669886541,0.8304697329981691,1.8998460996667297,1.8329664888514186,0.37603506370320905,1.907199828434427,0.7610936025181532,1.75591394745244,1.7534731406582378,0.639622528667018,1.1973008514384793,1.6615104572779276,0.39048716428849634,1.1260120706374703,0.6643752111185017,0.43935368895904164,1.7702392847756192,0.6796117470486727,1.3144835541662705,1.7472577504094908,0.74470604878669,0.1360223664359721,0.5354707412722756,1.798183595021606,0.6608097355594736,0.4851362413602548,1.0896954798412835,1.38733829885201,1.8051093857332923,1.5941609786336464,0.6822208846890022,1.8070712639212494,0.8202363949557154,1.7574776997186172,0.434466453732682,1.9027741915704193,0.775911018312497,1.8618391802787073,1.9220994492078463,0.9293693322577843,0.5646065949384255,0.49269117948811186,1.9058102515585114,1.8578286676006486,1.3510649284074503,1.794798748490648,0.375378045493128,1.9465124901973423,1.9097445828290505,1.8515743856442852,0.8398935375642653,1.4155072767499404,1.8683536514992505,1.3889009888243566,0.5044080229010659,1.8192011755351802,1.948056921055068,1.8116448749365897,0.18741831995694141,1.4126041501910211,1.95660916498399,1.8692887745867688,1.5767661476228003,0.673103915430267,1.6514827753794088
Belarus,0.3718067962019719,0.34182140159712415,1.932312672479774,1.9363375780574394,1.9073116841741091,1.0,0.8384570577190688,1.9980880969715966,1.4810826270397228,0.07375486707342463,1.041376133973711,0.4194805525791143,0.16350948197660786,1.9605802875450065,1.9045770652497687,0.2666470036069203,1.9981447699680701,1.783265376538965,0.16921252998280628,0.2263397013013994,1.9485659975564105,0.17249228505517836,1.9916389752733408,0.41904257384940663,0.40625219433187404,1.9973705680948421,1.8706148227538275,0.8074949863699203,1.825039984771365,1.9099397009123045,1.6134803737397365,1.9766382779024294,0.3640412375984412,1.997622852410939,1.1645468504885805,0.6521321017539633,1.9933616082352992,1.9013401489074437,1.9613694787826004,0.3285746986197834,1.9978214349772212,1.9935467065858044,1.6902413047186156,1.0011517240013699,0.2898314236883856,0.6864654703113701,1.9976728600525342,0.2856268614936108,1.9849806106614838,0.4132128393164132,1.9890650267220962,0.17842652824487923,1.9895785463076308,0.14732969862937068,0.5005439789778187,1.5752448588435684,1.9987591121625479,1.9948001273285654,0.08054276831491129,0.21242856570728672,1.6380935914200647,0.31373386709212236,1.981492151894107,0.3561289722298284,0.04336612411111863,0.24423151575201354,1.9820888612814278,1.0403615140751723,0.13096804887178648,0.9881923877775616,1.9923182080617747,0.283064453609251,0.837634760536768,0.26643557666991785,1.9180783188854735,1.007974746301999,0.44558936305164704,0.12207332545648909,0.7204087800637679,1.997928694727362,0.6404142582318993
Belgium,0.8748118752253832,1.0959955033971982,1.794514291224746,1.9461026139948754,1.7535285372994263,0.8384570577190688,1.0,1.795893814068087,1.6620754292232516,0.8466586294691282,1.2050762921636293,0.8280551129484177,0.9133664655477252,1.7838543373131843,1.840496417056355,0.8989151688725683,1.8082700183752234,1.443952624093268,0.7765652126724367,0.8639762741070356,1.7271978705361928,0.9459625662204211,1.7979013861317772,0.7707784850489372,0.8101572831535745,1.821001892650847,1.8146332074159175,1.4557916281443823,1.5626158436608482,1.7224369451786976,1.5274757544111712,1.7243329423795997,0.9091589577236232,1.8086137994042046,0.8354066475273725,1.0011279605043937,1.8189859176205951,1.770386307339858,1.6654536829396775,0.7922908559143506,1.7950715489245772,1.7906136300370294,1.9433681857328555,1.2228510267458255,0.9067628861879407,0.9467184294524685,1.8134113286202103,0.8202020737229357,1.7827143595423218,0.9594776574169236,1.8236445865099138,0.9079395004632105,1.7801645659292877,0.873223587576849,1.0422601893132246,1.175208564751584,1.809645602488893,1.8354124630833437,0.8588964230281435,0.9652302487994641,1.8615973777745358,0.8485902314258021,1.7903972716504528,0.9596754917356104,0.8507598600362551,0.8477307850636141,1.7798230774769226,0.815572907029703,0.8228662535194391,1.089224131320079,1.7610049747367935,0.9786981449508874,0.8512236309124827,0.8635793015314451,1.7197977662297235,1.390448089664479,1.12489268452203,0.8535796494456919,1.119681323523086,1.8063675449155776,1.1088048704019275
Bolivia,1.9684899084759984,1.9770993186630679,0.5822263745192127,0.5378671373932097,0.658100831736702,1.9980880969715966,1.795893814068087,1.0,1.396430853330793,1.9983981710783267,1.6773822318370217,1.9646365931537726,1.9905038141686333,0.33952972575238566,0.6674418895320293,1.9899362149092377,0.14093478800761677,0.8851509544756633,1.9904332143814356,1.992889562553527,0.49251328629390906,1.9927036602775858,0.12244943371514469,1.9632535710736978,1.9661650857943342,0.10556587355009849,0.6662243380388329,1.8526893084916005,0.8563170003801722,0.5299986007550822,1.2305544498354422,0.33492491508949107,1.977324413835271,0.05827350762275451,1.6366770023948916,1.888564641235871,0.12279671425901291,0.6838649084895456,0.37982583244942486,1.977702086283625,0.04167526031572508,0.21015250714617095,1.1082425072143427,1.7614047876877466,1.9867674938205724,1.8965170042891244,0.08463254173215319,1.9852624088873367,0.17642264053440704,1.9704363440931132,0.2771096928061973,1.9923493142609994,0.13242186251047025,1.9983578601709542,1.9282024413429095,1.2489160239357886,0.12586403421748155,0.22017907134043424,1.9974584365501948,1.9955178019668234,1.155975127268717,1.9831642039990935,0.3339959329295816,1.9609521197898796,1.9978531619512552,1.9858410854041222,0.1974381845409956,1.7206135702344625,1.99678343480389,1.7648139993767187,0.2019471393162328,1.9890773408719509,1.780588656137555,1.9886226761733286,0.6195007153131245,1.7637087747676077,1.9448168247785327,1.9986195363870671,1.8888552686979225,0.05024637685267477,1.915435778913722
Brazil,1.3404298088055795,1.4152101720491113,0.9922801302126939,1.2153280500897559,0.9438463520117925,1.4810826270397228,1.6620754292232516,1.396430853330793,1.0,1.469049050934844,1.783504071151262,1.2796428973950456,1.5243220157792254,1.5838934080318117,0.8688905022461361,1.3288898630455963,1.3017478326790304,1.4513619302246152,1.5234589259109879,1.3625821458298397,1.2309529579252776,1.4371753609269706,1.4457104269545864,1.3173763788812634,1.29293384975633,1.3452413327879431,1.6600882836358786,1.0955051173758559,1.0305897587625659,1.6595581326376787,0.6413341558874452,1.2834882658358204,1.2559093524398341,1.3918118155226884,1.1718535400465278,1.300215163744945,1.4215004925496353,0.9223592607192391,1.3083997053845182,1.369867001279861,1.3904567536158654,1.2718677372685552,1.1501242880847058,0.9540201820273393,1.3152466791662938,1.1037246341293931,1.4004084850350835,1.3463014140986378,1.493987718689941,1.2482826846904786,1.1994998574312912,1.4843350094245364,1.4686031616269803,1.3929559841801127,1.4866768324832431,1.2170566853417955,1.317116464409267,1.2460867858623308,1.4615475751600548,1.3690276249423445,1.284104574222644,1.3139851349818752,1.195080872293442,1.569176094287914,1.4843391235929684,1.3696120243915104,1.513771631179289,1.2399695098400694,1.4285730767229943,1.0044551389986873,1.3221840189527718,1.308500042833367,1.846852464930809,1.3185199331659831,1.0426895993264613,0.6928392082346163,1.5536425235548483,1.4099007866960949,1.0127891622287035,1.3934029387706504,1.0226297889199036
Bulgaria,0.3507964896087252,0.3315060257368373,1.9249844149969533,1.9310285322878666,1.8971940928830007,0.07375486707342463,0.8466586294691282,1.9983981710783267,1.469049050934844,1.0,1.083964997347319,0.38619719850039097,0.19638086306479896,1.9626179567430406,1.8979383911000747,0.2300295841313821,1.9970673499896352,1.7720651543772694,0.14851653493195707,0.19501469773421776,1.9373369702959897,0.20033984513545958,1.9948963420818426,0.3882366678871608,0.3730846692057625,1.9980094671574544,1.8766203126203567,0.7883477092339185,1.8110809195869286,1.921008227701294,1.5937589734575273,1.9711233726678357,0.33482799772548744,1.9989248823154013,1.1487783407697154,0.6593485021521701,1.9959374885831622,1.8905409695515956,1.9614819210878944,0.28976784993598065,1.9987217640422952,1.9916232463788506,1.6739869644991086,0.9579826127687551,0.25608216240121273,0.6530190816148684,1.9978661115269565,0.2530793624326012,1.9884847195053574,0.3744191573969516,1.9870360162019525,0.18513766913657986,1.9927972841934536,0.12015331504621826,0.549082939452775,1.559287121389013,1.99786173042672,1.9921565663647272,0.12762618487253663,0.1846547365807655,1.6471502149748471,0.2828278111299663,1.976682905729383,0.3684637659901231,0.06579428479751463,0.27383188385191043,1.9849536864026394,1.0145699170072426,0.10079726152227012,0.949564957393941,1.9890447846276809,0.24852117672472368,0.881042232112239,0.24481791834901628,1.907775605761775,0.9957069029107019,0.4725715064748125,0.10305737460410289,0.6799201079272221,1.9987705671552516,0.6342551458719013
Cambodia,1.2465627262555437,1.0848748944997881,1.8620302256402403,1.6822713347231308,1.912164302849321,1.041376133973711,1.2050762921636293,1.6773822318370217,1.783504071151262,1.083964997347319,1.0,1.3614868708435548,0.9387339433468718,1.5248978603317533,1.8397180498141834,1.2474116942971194,1.7314305326700923,1.7839324462181079,1.1073657320870256,1.220511180637038,1.8825842435515023,0.987057908044549,1.6121908676137084,1.3498609664241425,1.3489958603023893,1.6735518526749047,1.3424970751352208,1.3796740838606731,1.948881559777493,1.3380642657067419,1.9558410336140029,1.816737176286115,1.3135397425134987,1.6603504111409029,1.7029776997079038,1.1930626194286147,1.6209364611058636,1.921249672034426,1.7466829678466549,1.2982290790554685,1.6732750140040185,1.7623964859673098,1.6658772695263766,1.7507244348497473,1.2683079208904176,1.5463794852413069,1.6714310683096787,1.2641705510300238,1.5831603638386371,1.351754956344447,1.7722760076997053,1.0673429467069568,1.6092270963103315,1.1501960091561543,0.7287995088604999,1.8555581090259439,1.7238073500070812,1.7585431069314408,1.017946973247185,1.1601692279181786,1.1914441573601986,1.281737743686064,1.8178596124550195,0.8415629309267053,1.037050902675479,1.0892633372590956,1.5757996444786397,1.6989023411368447,1.1401577770986702,1.7424788310541026,1.768260373051964,1.2286730934275962,0.528327216585994,1.2361465428568372,1.9147169216221718,1.595781332914752,0.7775709049835016,1.12961263909568,1.5526879250613235,1.6685484114848173,1.39701315465349
Cameroon,0.3209354424404735,0.5645056287779999,1.7993605175182183,1.9167059890376392,1.7465875335414258,0.4194805525791143,0.8280551129484177,1.9646365931537726,1.2796428973950456,0.38619719850039097,1.3614868708435548,1.0,0.5571819885447132,1.9890061276598772,1.7818590232858686,0.20150158358016002,1.9411397077653285,1.6659281947522433,0.39743484172366733,0.21719794585649538,1.8205242043329437,0.5065145508251682,1.9820045390249266,0.07825375196448493,0.04453805808046016,1.9645006101447902,1.9660236038202406,0.798964976772432,1.6170857306111563,1.984753003466849,1.3386551605382704,1.8768078452881356,0.13556446383660598,1.9706505446384472,0.859116894432224,0.6777775876046721,1.9823254759658493,1.7378587151579954,1.8769352507923507,0.1357903244654212,1.9648666948355415,1.9210376117282808,1.6740333090387614,0.6615402817545377,0.18478570132058605,0.2828498037888946,1.9689030299524701,0.13651395480704798,1.9866991575233737,0.1841383118254543,1.911391729415228,0.4563365330631858,1.9806719587010622,0.2983320710405688,0.8228647764656286,1.3284131760513542,1.9457525534542612,1.928758827993917,0.4380785670090609,0.3525581643751173,1.7567314839111996,0.12550532001001524,1.883609777082005,0.7066395473808027,0.43152494453133394,0.38419510047091526,1.9875770679001337,0.7094915696968,0.30450169905725244,0.6118861726655275,1.9178847870526219,0.28909918871697315,1.1430089213869021,0.1874847460113812,1.7586062346786786,0.7869442824991342,0.8152147080115089,0.31450230397189755,0.3991176422870682,1.9685546195266679,0.44065831420984164
Canada,0.48019932409411015,0.3056778840918885,1.9516831075825156,1.916118443721904,1.9396668450557848,0.16350948197660786,0.9133664655477252,1.9905038141686333,1.5243220157792254,0.19638086306479896,0.9387339433468718,0.5571819885447132,1.0,1.932717523375366,1.9231090528404398,0.3859637285579147,1.9968798502657479,1.823802291994694,0.2634730529031871,0.3569362375486562,1.970401566682719,0.16298466435955625,1.9763369902779218,0.5558789892634842,0.546602897880197,1.9886239907015226,1.8207542407960744,0.8114827326105635,1.878437579844748,1.8712128581071128,1.6845063405233895,1.9919249338029639,0.4868453375347372,1.9871790004020138,1.275722319576376,0.7175491676404055,1.9771300151570415,1.9318683829020942,1.9794286281300209,0.46921316342039665,1.9902451760996098,1.9978616846614823,1.6626265847048245,1.0984570256409065,0.414010266169505,0.8120830465400267,1.9861442262035738,0.4263199376011298,1.9670325870611287,0.5183299665363734,1.9923425670370842,0.21535919420981173,1.9751962332366053,0.2715439894254759,0.4315564828519548,1.6482759457049911,1.995855516554993,1.9940282176906037,0.15444504735163173,0.278497198554303,1.571435099122433,0.44425933876381835,1.9919672549002405,0.27688619340591036,0.14768731314594125,0.342776023729734,1.9631063493863723,1.1564720275715987,0.2739498123058417,1.0984479872225927,1.9981580054633785,0.37227026160371973,0.7850406942825355,0.39987887717935783,1.9506928323277746,1.0638717083583313,0.3118704779749695,0.25525107958077914,0.8231842063813575,1.9884713886872185,0.7194624899301619
Chile,1.9667078175080366,1.927848943280532,0.8715878632295684,0.6162672907566714,0.9488029240286748,1.9605802875450065,1.7838543373131843,0.33952972575238566,1.5838934080318117,1.9626179567430406,1.5248978603317533,1.9890061276598772,1.932717523375366,1.0,0.9322665254256445,1.988103296313809,0.4683870081888571,0.9833087034801378,1.9505026668454863,1.9867321974359462,0.7370168144151525,1.9532733252179852,0.2713043507344413,1.9839790896172447,1.9884648773890605,0.38903097590354474,0.3801305908590179,1.8538728846867762,1.1166264994586161,0.30417695187682514,1.4638639505470155,0.6254919050336789,1.9956265347601416,0.33499548790467387,1.766793330255287,1.9097633444847304,0.2818019974743317,0.9678223757791558,0.6616964250618615,1.9810516450031894,0.3545525377163992,0.535276122377179,1.1003970613082148,1.8523934937060529,1.9898567419057842,1.963783830008428,0.3214923148705993,1.9891593912719179,0.2146262391816672,1.9861354397799176,0.5885180365052459,1.9475302556735707,0.2599854031123093,1.9807393155588806,1.8724135957631696,1.4207696070260611,0.4479162861496047,0.5207436787502339,1.9621042640062218,1.9738596409525107,1.0863472034364052,1.9923143649752444,0.6429350350097018,1.8817189894446815,1.9570533355773425,1.9786032797887434,0.17180003295591284,1.816380394465772,1.9750334988913165,1.8649886221988619,0.5068984014933637,1.9818356149961485,1.6534700362810333,1.9938376362138912,0.9101998349869476,1.8654102806055393,1.8556059741299498,1.9783104159316445,1.949644080994533,0.336655989122468,1.9722866074097263
China,1.7902658065957158,1.8622159538566334,0.3876418046341925,0.5927117242693941,0.30972030423031005,1.9045770652497687,1.840496417056355,0.6674418895320293,0.8688905022461361,1.8979383911000747,1.8397180498141834,1.7818590232858686,1.9231090528404398,0.9322665254256445,1.0,1.827109225749575,0.564525927152458,0.96272967659591,1.920196021540441,1.8468412474207991,0.5935103719600284,1.878933348353733,0.748676375665467,1.7996859496606348,1.786176628222149,0.6092982191603746,1.1218923362052198,1.6087518076167127,0.6768468095977853,1.0805352526297292,0.8133268445495577,0.5964571062023369,1.786440482311085,0.6737871067905692,1.4571870350936058,1.7138968866008744,0.7196912009019314,0.3686961300975539,0.6250840256433751,1.83135529695634,0.6688501919881298,0.5445205062182396,0.9890092079091624,1.458253321496684,1.8176622877747266,1.64898992769663,0.691496569975353,1.8292846206851325,0.8087340963766133,1.7798573636087216,0.46101263935316283,1.9062623143313648,0.7748574914575938,1.8640915462472134,1.8529730156025077,1.1622532942450345,0.5869900833189043,0.5090589568729195,1.8965059851831505,1.8529848999886012,1.1281269672632412,1.8157078360823218,0.4846548904208617,1.9093540562150295,1.9042269523547182,1.8418788896679588,0.8288208982429015,1.5642858046903803,1.8740344020097282,1.483961296252329,0.5941227352089614,1.8156834406992186,1.936561555049416,1.8204827285879954,0.46504015612392824,1.4030500901118526,1.9008682316237955,1.870453413825074,1.5957691413110504,0.6751033438403309,1.6537073684451282
Colombia,0.279648427225087,0.3760406980973344,1.85555554411119,1.9131478866201757,1.8160803703324333,0.2666470036069203,0.8989151688725683,1.9899362149092377,1.3288898630455963,0.2300295841313821,1.2474116942971194,0.20150158358016002,0.3859637285579147,1.988103296313809,1.827109225749575,1.0,1.973914189106502,1.7429082871402055,0.2870015888926287,0.06651831143548709,1.8823531249634065,0.33355143337996646,1.997891698823458,0.2300025739998612,0.2042075654713027,1.9872132891643928,1.9297257862453026,0.7020799439278558,1.718980210173896,1.9708545426686161,1.4517565276152484,1.932556318585328,0.1191127482818635,1.9921910463837154,1.0319313685655254,0.6722943677962641,1.9962898738797812,1.8051306735703978,1.9353457377967502,0.16982426576121035,1.9903699541876494,1.9611824192952103,1.6376802606432188,0.7724157905972948,0.06264165865803294,0.4497355545899341,1.9896963755529462,0.10271850643935648,1.9995172761549185,0.15619704127384917,1.9487049330929478,0.28982160372897947,1.9982156781514158,0.12447217028554121,0.6857711521440131,1.4637627905851922,1.9767675252057981,1.9608375374088212,0.27968420794713894,0.15311972814099853,1.6805713333027936,0.0924127759412317,1.9312957146425074,0.5519313510939508,0.272204733376964,0.2885780265439446,1.9988371442042643,0.8841939014678449,0.1660164766845397,0.7627915508487163,1.9611119198283833,0.10801430824307945,1.0636673292660757,0.0929111416819422,1.8325210493791282,0.8149719014987705,0.6346711525572428,0.15358126212021958,0.47645101648929317,1.991269827543523,0.4519537351538523
Costa Rica,1.959096765790468,1.973783440759692,0.45373081264802406,0.5232244170126553,0.5425566669886541,1.9981447699680701,1.8082700183752234,0.14093478800761677,1.3017478326790304,1.9970673499896352,1.7314305326700923,1.9411397077653285,1.9968798502657479,0.4683870081888571,0.564525927152458,1.973914189106502,1.0,0.9016519602746236,1.9915134106263355,1.9789892964568156,0.41702378985870714,1.9924491773969086,0.2351410567832227,1.9420231372809806,1.9444931929257594,0.13364909247576942,0.7736900578202968,1.8239283779381077,0.7600890550696219,0.6492555522600373,1.1264785986032777,0.2550491920866802,1.9536222367307814,0.14829854908530998,1.5885488728342239,1.8745967350470605,0.22094530026186543,0.56006620528718,0.33959003006735955,1.962744935691947,0.13118146773842024,0.08375210846318759,1.0857244411326252,1.707321955026085,1.9690112293668554,1.8555077733292253,0.16048595714045588,1.9693750516799762,0.30198788262673903,1.9453353015810217,0.14568632188051414,1.9919624555438538,0.2540207593820428,1.9892169017602952,1.9387781581206747,1.193947733219659,0.02785972747587318,0.09866635297849491,1.9965428997501284,1.9851187753197703,1.176586641943223,1.9642879761210243,0.20733046036122463,1.9782010301727349,1.9990941770574557,1.9762774357926414,0.3303779404375481,1.6787189309965609,1.9913376439284964,1.7117523144517135,0.14352790870933807,1.9735919273178892,1.82997287146045,1.9717341624855327,0.5031020496670158,1.6989653509431115,1.9609081602433245,1.9914683812326035,1.8471407289198973,0.1414204161096359,1.8729366309874262
Croatia,1.641300522325779,1.837243810026073,0.9843873034897349,1.1143641554108976,0.8304697329981691,1.783265376538965,1.443952624093268,0.8851509544756633,1.4513619302246152,1.7720651543772694,1.7839324462181079,1.6659281947522433,1.823802291994694,0.9833087034801378,0.96272967659591,1.7429082871402055,0.9016519602746236,1.0,1.7453448653576822,1.750469994374094,0.7270969810447739,1.8192761616853341,0.963219150817681,1.658773766468855,1.6585683738465447,0.9339073123792071,1.18845089464634,1.7777454786741282,0.7865227527852009,1.1235056433986819,1.1040038779395485,0.7753460090299761,1.727036291171485,0.9357124924831473,1.2485167834410253,1.670775456273643,0.9786334206188647,0.9163349298649657,0.7544250972263562,1.6765860099328707,0.9090720876193691,0.8832275909104481,1.387552853167167,1.442106822097095,1.7344973534877899,1.5822233602542033,0.9386739648646011,1.7098429619609485,0.9613993719623725,1.7266922806040474,0.9279989189220067,1.796459329866632,0.9432775224477913,1.7710768059047934,1.8528422241487725,0.9083364350849918,0.9112096137041065,0.9309798807585454,1.7991724016128343,1.7942727677454426,1.5798079496514839,1.7195187772660245,0.876935733087469,1.7906497829604102,1.7809385902442092,1.7705297332770966,0.9479162504039919,1.3165661529654398,1.7420900273262843,1.4013446677550079,0.8000861602321352,1.763766742505568,1.681628089407156,1.7372668482548994,0.827649973991895,1.6822531713702957,1.8703004296620087,1.7663383713220355,1.6021797964416709,0.9265915980011485,1.7596808090510034
Czech Republic,0.41883782060900016,0.402129217240039,1.9272113576416008,1.9453730754690581,1.8998460996667297,0.16921252998280628,0.7765652126724367,1.9904332143814356,1.5234589259109879,0.14851653493195707,1.1073657320870256,0.39743484172366733,0.2634730529031871,1.9505026668454863,1.920196021540441,0.2870015888926287,1.9915134106263355,1.7453448653576822,1.0,0.23853834537296936,1.9181965129455505,0.33051179169604317,1.987296163482828,0.37898406829978354,0.3868870782640815,1.9966821495924985,1.8723053997262382,0.8557368845912984,1.7922661320456128,1.91360356528187,1.596065932533854,1.9545272237707512,0.38120440829617863,1.992643371356236,1.1136830922618335,0.7184422627984921,1.990832227823683,1.8903116476915443,1.95155849354516,0.2770018510584233,1.9909534633064103,1.9839648956539964,1.6926690331218197,0.9577438906526762,0.30184476930516013,0.6594364501273843,1.9888681862693562,0.2807167000515225,1.9789287836255058,0.40439791419391735,1.9856057858251284,0.2117209488441093,1.9826648165754115,0.2157368976124908,0.6410632037251243,1.5160964155302,1.9913223390655233,1.988910718486593,0.23572427271433596,0.27476357593841694,1.7091976789364967,0.31479413921734417,1.9687529642140678,0.45589940228006853,0.1784907280015401,0.36386785156909124,1.9749364325439887,0.9576008357397291,0.18377046650709616,0.9367370808887833,1.9768300705935127,0.33774675195995996,0.8510660082223976,0.30947924089979273,1.8983138979805294,1.0484478118709883,0.5455886361675171,0.20647386486047364,0.726601121927578,1.991304922807026,0.6914974575494733
Denmark,0.30873675220049773,0.378625965580233,1.8684451913027913,1.924647595552925,1.8329664888514186,0.2263397013013994,0.8639762741070356,1.992889562553527,1.3625821458298397,0.19501469773421776,1.220511180637038,0.21719794585649538,0.3569362375486562,1.9867321974359462,1.8468412474207991,0.06651831143548709,1.9789892964568156,1.750469994374094,0.23853834537296936,1.0,1.8920306561691402,0.3197094186229703,1.9983671694278924,0.233180348092547,0.21716012434398285,1.9914716703678716,1.9261932876446517,0.733855243022543,1.730716488246586,1.9636598735379163,1.4747969993696384,1.9376535351595838,0.15240156784329903,1.9946983516920207,1.0338769147620073,0.6653183406062454,1.9980210361727897,1.8214380612114456,1.937686166649355,0.1583096329997847,1.99266548166268,1.966568026721578,1.6573991425188779,0.8083262777167344,0.08868170446187945,0.4780289569579581,1.9924148281817993,0.09744050657158078,1.998443519735694,0.19774401804894381,1.9571088544347957,0.2609715200386686,1.9977058564403174,0.09954739773840558,0.667465627330694,1.4705835260895013,1.981350277043217,1.9681461193147705,0.2495642130561806,0.15925717879174742,1.6921190219175706,0.10643269127546154,1.9394174460530367,0.5385218700493108,0.23941400323310616,0.27497647032243505,1.99790054534761,0.8863469048288548,0.1372794344015277,0.7929851921184728,1.9662907020333595,0.15263202854624247,1.0205205604481893,0.0981502051625399,1.8446042558512887,0.8549528578602613,0.6186221220875128,0.12575959790561758,0.5254956915340534,1.9936472024837175,0.48379256705308643
Ecuador,1.8687550726704858,1.924635017273788,0.4082021687832263,0.7360915055067424,0.37603506370320905,1.9485659975564105,1.7271978705361928,0.49251328629390906,1.2309529579252776,1.9373369702959897,1.8825842435515023,1.8205242043329437,1.970401566682719,0.7370168144151525,0.5935103719600284,1.8823531249634065,0.41702378985870714,0.7270969810447739,1.9181965129455505,1.8920306561691402,1.0,1.966416937432237,0.6005266117779406,1.8189327858434152,1.8274398532784142,0.5316924770465201,1.0297945346993016,1.7590062808107936,0.4587857325255384,0.9627532100613695,0.8853447204638694,0.22515639093130996,1.8526562542676128,0.5289383484558292,1.3919748821276787,1.8582483892499193,0.5954970566381887,0.37553532411189317,0.470809487336095,1.851224245022917,0.5041822345076569,0.3597925812929022,1.0914931270694281,1.4909488041028156,1.8746961086876932,1.6957861616697778,0.5028099252290494,1.8707315521837722,0.6440442354134615,1.8309048846607074,0.3798107742371484,1.9311891263204806,0.6017080068629149,1.9193113555236492,1.990305174025778,0.9248694849601916,0.42610534355909424,0.3897749353183223,1.954880266532981,1.9155902197788002,1.421887132583626,1.8643872263394088,0.269019422449835,1.9742690874133375,1.950120240972679,1.9300025393062434,0.6535612761535349,1.452343291727188,1.919580476521577,1.4875080620388919,0.31097540283789893,1.8912148275233533,1.8972068705951235,1.887270888642806,0.26931084982373765,1.5890373204284425,1.983876475457177,1.9252559085569778,1.6988906688683416,0.5132146929948677,1.7814997716632137
"Egypt, Arab Rep.",0.3989840582431588,0.3091641332223991,1.9272882062593797,1.9044690672827727,1.907199828434427,0.17249228505517836,0.9459625662204211,1.9927036602775858,1.4371753609269706,0.20033984513545958,0.987057908044549,0.5065145508251682,0.16298466435955625,1.9532733252179852,1.878933348353733,0.33355143337996646,1.9924491773969086,1.8192761616853341,0.33051179169604317,0.3197094186229703,1.966416937432237,1.0,1.9829700037724123,0.5206369525809879,0.494134125649816,1.9846915522259196,1.8488154534372871,0.7582789654485004,1.8560254996791705,1.8942839133311418,1.6335377886218694,1.9887669134849366,0.42031542287932916,1.9893663239115553,1.2456804404275228,0.6429229015772658,1.981783994097709,1.9034157731716395,1.9683254279763844,0.4459448501891777,1.9922040186642005,1.9920029074371628,1.656611798602306,1.050106954266115,0.36234308174715585,0.7519506668437844,1.9917896054238147,0.3814037640163658,1.9776773206226117,0.4709108008132116,1.9806030374359729,0.2616106129339224,1.9839653736711251,0.22546024381762025,0.38679389725957525,1.6400082125197397,1.9934082890059523,1.986895102425162,0.12288565326204894,0.23700947393673444,1.540900873947642,0.3942313785192708,1.982594797882617,0.28419150097520834,0.15742087588941076,0.2492116009295064,1.9751934970335085,1.1450378368843568,0.24074132972484774,1.0531810104523793,1.9961904555705225,0.30016454178263346,0.8663996456962729,0.32913700610091956,1.9303623928308458,0.9806824466579186,0.3521865998321124,0.20897515769183017,0.7386255093330365,1.9913275022479078,0.632632474479667
El Salvador,1.9813415107457863,1.970018410837792,0.6648782034876437,0.5546070279952859,0.7610936025181532,1.9916389752733408,1.7979013861317772,0.12244943371514469,1.4457104269545864,1.9948963420818426,1.6121908676137084,1.9820045390249266,1.9763369902779218,0.2713043507344413,0.748676375665467,1.997891698823458,0.2351410567832227,0.963219150817681,1.987296163482828,1.9983671694278924,0.6005266117779406,1.9829700037724123,1.0,1.9796540162248086,1.9831148734198187,0.15469281985310562,0.5876907864100877,1.8617214704803657,0.9526761077795869,0.4248276030135437,1.3117049170733666,0.43824539152477926,1.9898738504551465,0.08981827842752617,1.6843054045544714,1.8898749073049024,0.05281720353157351,0.7803990806304361,0.4533361296446629,1.9900273757873361,0.11282971164480447,0.3055421390887964,1.1245534704207296,1.8121929375287853,1.995935986762035,1.9286645246155232,0.11948186775381887,1.9951257159823435,0.07880043741987026,1.9849895388391345,0.3630491631017406,1.9859737581115564,0.04746157051953886,1.9993364987847895,1.9008604893741954,1.3174972694220537,0.21580683000837556,0.3068365045448162,1.989767627170153,1.9960902315980384,1.1098386253713552,1.9938347690747749,0.4328563118394206,1.943671743938426,1.9915084997685166,1.9835800280175973,0.11641405925109369,1.7663087072949955,1.9982103294746636,1.8163805839340816,0.31342302879239536,1.9955853382882645,1.7351727007342173,1.9962307532464358,0.7213323143394941,1.7930141740882788,1.9183321398158117,1.9986552600894103,1.9224222097570887,0.10053528821539127,1.9307113851708169
Estonia,0.3438508164073034,0.5821750786079217,1.8066571397643165,1.9330085346012622,1.75591394745244,0.41904257384940663,0.7707784850489372,1.9632535710736978,1.3173763788812634,0.3882366678871608,1.3498609664241425,0.07825375196448493,0.5558789892634842,1.9839790896172447,1.7996859496606348,0.2300025739998612,1.9420231372809806,1.658773766468855,0.37898406829978354,0.233180348092547,1.8189327858434152,0.5206369525809879,1.9796540162248086,1.0,0.08901530911927884,1.966243046329751,1.9660398026975565,0.8526914087933947,1.6160058830869055,1.9769742594770092,1.3535910543585359,1.873757409829026,0.1878989306100581,1.9698857733089994,0.8376475454587466,0.7152303418310777,1.9815747572674691,1.7472472972535313,1.8738751300521854,0.1354952351697156,1.9635692481938254,1.9213819814411275,1.7023397235475808,0.6937630015499902,0.22436878817354855,0.31336076280826586,1.9673608157471258,0.15201495170149837,1.9831732812459373,0.22487966305938373,1.9145391910393357,0.45328363568701757,1.9771630289567907,0.3108738847520821,0.8345416569197475,1.3066625528458171,1.946156200078024,1.9318751803775733,0.438823928240558,0.3736851275359672,1.7797893233512563,0.14909086130622057,1.8851057143698544,0.7089662757995806,0.4320022816556119,0.39322387553679683,1.9836599545764693,0.6827884142410002,0.30856179859181,0.6269452149573074,1.9154645924897133,0.3262429895061034,1.1181321336673693,0.21856863696832637,1.7624422275769995,0.8267681701574933,0.8269872762793252,0.3228959598539639,0.4554131703500857,1.9676514753051844,0.4785211631797088
Finland,0.2959679891791573,0.570830571573678,1.8082092452991105,1.9194611226795237,1.7534731406582378,0.40625219433187404,0.8101572831535745,1.9661650857943342,1.29293384975633,0.3730846692057625,1.3489958603023893,0.04453805808046016,0.546602897880197,1.9884648773890605,1.786176628222149,0.2042075654713027,1.9444931929257594,1.6585683738465447,0.3868870782640815,0.21716012434398285,1.8274398532784142,0.494134125649816,1.9831148734198187,0.08901530911927884,1.0,1.965902775771889,1.9641722764432388,0.815588656486452,1.6255490238505965,1.9813135181671442,1.3525353748051512,1.881290609260504,0.1507710682380017,1.972538715977398,0.8610729693322109,0.654837468842494,1.9839111566166465,1.7476603136681363,1.8764111190819428,0.12441491534669341,1.9665739838973633,1.9252721244958122,1.6848123009272566,0.6820644129846207,0.1879835528798918,0.30539722021071125,1.9717608430275084,0.12810279049826082,1.9867505125303722,0.21303620201681428,1.916797871766719,0.45770904531139606,1.9812583562721284,0.29086953210002436,0.8058977213042414,1.3354845783965372,1.949205094228869,1.9337202970176492,0.42614053225914617,0.3550917985764938,1.7537152565267766,0.12831417307843576,1.889775564634266,0.6892297595387992,0.41711951010785603,0.3704966532908592,1.9872271608365342,0.7203993724537474,0.28784606318137007,0.6303346321728571,1.9211980047053687,0.29309165920556174,1.1248574249807335,0.17936470463410703,1.7667253971023305,0.813768993859052,0.8068345998527638,0.30283306804074117,0.41606629816251145,1.9705963787682168,0.466611123780337
