Country Name,Albania,Angola,Australia,Austria,Azerbaijan,Bangladesh,Belarus,Belgium,Bolivia,Brazil,Bulgaria,Burkina Faso,Cambodia,Cameroon,Canada,Chad,Chile,China,Colombia,Costa Rica,Croatia,Czech Republic,Denmark,Dominican Republic,Ecuador,"Egypt, Arab Rep.",El Salvador,Estonia,Finland,France,Germany,Ghana,Greece,Guatemala,Honduras,Hungary,India,Indonesia,"Iran, Islamic Rep.",Ireland,Israel,Italy,Jamaica,Japan,Jordan,Kazakhstan,Kenya,"Korea, Rep.",Kuwait,Kyrgyz Republic,Latvia,Lithuania,Madagascar,Mali,Mexico,Moldova,Mongolia,Morocco,Nepal,Netherlands,New Zealand,Nicaragua,Nigeria,North Macedonia,Norway,Oman,Pakistan,Panama,Paraguay,Peru,Philippines,Poland,Portugal,Romania,Russian Federation,Rwanda,Saudi Arabia,Senegal,Singapore,Slovak Republic,South Africa,Spain,Sri Lanka,Sweden,Switzerland,Tanzania,Thailand,Tunisia,Uganda,Ukraine,United Kingdom,United States,Uruguay
Albania,1.0,0.7485431655543906,1.7809795459665512,0.5809539319679826,1.9250122982094846,1.632458956378273,0.41195477298134314,0.6749525001065602,1.9585709072589947,1.3036535363712323,0.40131616285561467,1.8683755042865282,1.4177022791123428,0.2789104398156384,0.687066141320094,1.9513167414237085,1.9781520190560642,1.5551549266566385,0.3380399663928447,1.9371554954121435,1.534248994060133,0.4799513036649438,0.30993124149730084,1.7664699651358449,1.8701789531094253,0.5072870223490397,1.9762010120099325,0.31318995578486203,0.24448627983028642,1.9479290170256383,0.9125681592060484,1.4999562713644579,1.906122237088525,1.9652921964896055,1.2135436974018483,1.8766801886999542,0.28727592952713943,1.965212042814143,1.9698285169588416,1.8751098933874573,0.7660349615810123,0.4921004231602064,1.9770970429077745,1.719529085524205,1.791652930090611,0.3062163676629525,1.956296792872898,1.9224364450974685,0.7152183638895812,1.835591735424024,0.6934587849509976,0.3357720614666152,1.1465895044887435,1.9758975994720436,1.9746393389037868,1.9057299675770931,0.2961844777891369,1.9762563800820216,0.42921207529747185,1.916841679167773,0.5791267100085689,1.9709838226637393,1.9714138461144914,0.3553882508291779,0.619626389620987,1.2803134271997894,1.9601235028387693,1.9355245677386026,0.4583975182146281,0.4870726847960689,1.7940554772007005,0.28153559040436305,1.9051988433923106,0.712946692609416,0.4315509881368673,0.4504169122344424,0.3238920564625657,1.9763066373207892,1.050986440301696,0.6854259208635498,0.3115237554219711,0.6489130016964691,1.9137706587768972,0.3529167219591037,1.0219107252226547,0.28720283692094767,1.7317597347493647,0.8009989851438134,1.9779473293500949,0.32252671599801425,0.3971936624449561,1.9676382106429375,0.529626777104381
Angola,0.7485431655543906,1.0,1.8992731869349981,0.28183965717642706,1.8305997170975636,1.8654521417469945,0.46568382126754215,1.1068800019989642,1.9516441302569199,1.4034219399518562,0.45802525236839464,1.7387343562441362,1.1267679096797159,0.7104626618457837,0.30747136455881524,1.7961736501006764,1.8695409657019173,1.8181905974610564,0.5082264148878951,1.9602897628648202,1.8229370443994204,0.47674060403063445,0.5509230565147798,1.949138385817906,1.9161553326149108,0.37816227506247263,1.9334180268881933,0.7038465980331687,0.7347814635115383,1.955634710699258,0.5717752150733421,1.8012082102321045,1.9524030934989833,1.8538425543495853,1.5520642365356463,1.9682526666315894,0.6347569471799113,1.9459373416974013,1.944261587535918,1.9064841055459376,1.2843324254675188,1.0475326209294173,1.9260532744186618,1.8643088457003887,1.9884956004038346,0.6359282067320408,1.9578247239481668,1.9639962500411117,1.1921295009551904,1.5381792612397835,0.9856244680934415,0.5382700100727741,1.44822828545824,1.887464411878854,1.9285378827424609,1.9654411948273007,0.5991427520769652,1.930719836558022,0.5255974272063432,1.945805632371735,0.28814030758694203,1.8799334848811393,1.9430655058151576,0.47619532008481674,0.6696486678485876,1.62071536036333,1.942937112913305,1.9422564581545183,0.42578044503921514,0.3178245333675294,1.5520198640316718,0.618860041371914,1.945735196520225,0.43205687705705653,0.4348858223734635,0.42485262984012273,0.6088999726845907,1.9230727017305478,1.0432519383170618,1.1673948741802516,0.5261048466877137,1.0314804373822044,1.9688469101311263,0.4528397572453958,0.9893976992539238,0.5854440211946886,1.9007372346510951,0.9212601227414032,1.9214634456526178,0.5096056515796075,0.8282184258980576,1.943454393364219,0.6993133180247956
Australia,1.7809795459665512,1.8992731869349981,1.0,1.926314225501384,0.7740016736834924,0.36638034305679895,1.9023539378453733,1.7487067685323638,0.6654802053706375,1.0144779177788066,1.8961156792282612,1.3763565695427686,1.8362781776363144,1.7593996481198346,1.9499343781217522,0.8832919053221744,0.9609459804847468,0.5469910326237568,1.8289536665629784,0.5244271064343141,1.00325425251687,1.9060217616607609,1.8300865024669382,0.47794579985774743,0.48182824053621953,1.912646114890526,0.7587150525412644,1.7712881367432949,1.7600057084814131,0.6185150454251132,1.6869323762311135,0.6303990991245998,0.44239779460961126,1.0732977280169769,0.9174894415359887,0.4264545716564217,1.775306003728139,0.6750846416352492,0.7109160062031088,0.4227117885172886,1.4373037561987,1.6701465182012052,0.7500382122873137,0.2482990855893935,0.5281843793240333,1.8101537560089873,0.6451024350392915,0.4618696194695189,1.6884660131248366,1.1384116167960476,1.4982410927867373,1.8189831150611615,0.9930462602150424,0.9656686526799023,0.7045658008881471,0.9059322533731115,1.8167582382771856,0.808574340342769,1.7851633471125707,0.42236817859829756,1.9181476105521489,0.8297865095507981,0.7611986321359783,1.8638085963741127,1.889823387132589,1.0696347394544596,0.599886872530202,0.4905559622137979,1.9071075494145753,1.874659956426218,1.2832016760350884,1.7987241304007229,0.3885576016150944,1.9579494928164152,1.910779156682115,1.889068253865506,1.8406883777944405,0.8370764882172849,1.8805945903718693,1.5110796764284635,1.8688131187242796,1.503397033170103,0.5027025275523234,1.831353613149608,1.9293244440539759,1.8168309994664191,0.27742913256289153,1.470570394349233,0.7600844022543697,1.864725747839901,1.6292274777687075,0.6790934657051475,1.6782986518553913
Austria,0.5809539319679826,0.28183965717642706,1.926314225501384,1.0,1.8936793313705857,1.868975364121571,0.23709326871200045,0.9331638116402694,1.9864453963599744,1.43984728449127,0.2439376045523219,1.740888983013816,1.1003729598799796,0.5751820455634217,0.18356261289109854,1.8728438311868734,1.9217644349660172,1.8025044798376761,0.3763638603509294,1.9926509340664633,1.7908833545595848,0.3050515614028463,0.39242490320158224,1.95148373680816,1.9663686982335409,0.14489693447722343,1.9709772803580565,0.5738156403439411,0.5854686024317088,1.9846273605022078,0.7083306746449961,1.7847747091353061,1.990706790910583,1.887042125910357,1.532956845338606,1.9904855964126977,0.500023363330428,1.9821145703333733,1.9801846108998897,1.957679598962482,1.1707138465237683,0.8404819695921018,1.967905893534037,1.895105972160904,1.9637314299697066,0.4895834702162088,1.9884500489619958,1.9944531381076873,0.9959094455361407,1.673756316935531,0.974705366850142,0.4025492275418578,1.452442254180347,1.9222562510414927,1.975332278481504,1.949108043321411,0.44744411159626096,1.9649554242830616,0.4659995022477066,1.9853368824080742,0.20782094605908752,1.9301704229713927,1.9748918881966182,0.29619395260108017,0.45049366733777135,1.585111416686152,1.9853850647596665,1.9850813884068135,0.2049616373073192,0.2202524571943787,1.6198749082584458,0.4737630772938745,1.9856820568465043,0.31036132062756605,0.2054502947152656,0.23727105980637345,0.4091424854796081,1.9597048511671675,0.9216998308446269,1.073307455193785,0.33043987460152896,0.9924656632996759,1.9978727402612413,0.3361283685585793,0.8357203429037625,0.4224206848692482,1.9183333464644836,0.9480293288615442,1.9657320092369355,0.31434234602183514,0.7524435542749343,1.9816112713261986,0.6508060588860229
Azerbaijan,1.9250122982094846,1.8305997170975636,0.7740016736834924,1.8936793313705857,1.0,0.9634447112719475,1.9496330992026185,1.9584703945111785,0.4794537386911637,1.2934700829831098,1.9455366448826428,1.0380067923358889,1.564488947013216,1.9393179207623696,1.8981874813603958,0.3391882844755021,0.527223050082045,0.9790620634441386,1.9337976687544143,0.49495366327491347,1.2124338060599233,1.9530638971614689,1.9445138192119797,0.8637436744287116,0.6879501339476446,1.9154412328707677,0.48025827728844933,1.9509706068179757,1.9405018285366389,0.4457449814317269,1.631248233410241,1.2457718013043964,0.6044066972695219,0.6699027221169336,1.4477103769142134,0.7033759991022798,1.9298243624828564,0.46025822924612203,0.4920367155367008,0.5486151953535644,1.83634080455694,1.8565059480739985,0.43963261369472895,0.8512846131788392,0.8870236036153516,1.9484812854878246,0.4922147258669135,0.551416221293925,1.9244675626105772,0.6169276142599235,1.7506115254595007,1.9302572037366519,1.4367201167851997,0.5810090056809037,0.4480556786593083,0.7969536206428696,1.9489856029732158,0.5043666066320438,1.9097859648894502,0.5119842687871633,1.9221817404979302,0.42132765454340215,0.5122574522120319,1.943166616871423,1.8783330162450258,1.5788549874687514,0.4591092391776544,0.4494434066227346,1.944502903313803,1.9107301858716317,0.7356388287817961,1.9435791333610837,0.5761158278083464,1.8721795571950777,1.9437497297603301,1.9445087031292643,1.9514941555587437,0.5069970776636279,1.8308484250236827,1.8633556126812691,1.9519024384702552,1.8025889432894489,0.5964535724987357,1.9149022979975039,1.8424823933892127,1.9421568926190504,0.8937593005334821,1.7073365715902495,0.43542359164684974,1.9486044241930323,1.8447621292559526,0.45833412386372296,1.8676019972733229
Bangladesh,1.632458956378273,1.8654521417469945,0.36638034305679895,1.868975364121571,0.9634447112719475,1.0,1.8184557454612433,1.6245166847127628,0.8668383390927064,0.9408630418511,1.809485990512861,1.524131152110088,1.913417803146954,1.6289698420989416,1.9116025805240877,1.1040296797784257,1.1568682520955371,0.34557641435193626,1.7261522028339813,0.7385779045569671,0.8259462492558592,1.825802488024405,1.7247063886784462,0.453703297800289,0.6220288228694012,1.8450897550996248,0.9727136356450357,1.6462245697098055,1.6247785154982997,0.823896010944419,1.645589162968488,0.40660039637628553,0.6372614487558436,1.2661428104827475,0.6995975002858356,0.5813220006709213,1.6565064585179974,0.8887778980151325,0.923345639545391,0.5886840593633645,1.2600474886249187,1.5192959140808229,0.9680962489328213,0.23528286954486896,0.5584564333030471,1.6919330198154792,0.8512098005028914,0.6764019390892847,1.5586775179173897,1.2994278505122674,1.3336718467341835,1.7119744797415024,0.7900327579499439,1.166768711855329,0.9262520732747734,1.0337511987852817,1.7036107983405584,1.0132723705341047,1.6846164525539644,0.6545764555793859,1.8555648666865407,1.052817005329038,0.9654271194504613,1.770255739915984,1.827579613723,0.9171411566533545,0.8255745554274619,0.7203286572314861,1.832719570567433,1.8000796978146678,1.4285642198579362,1.6829999327561822,0.6105243806109063,1.9168826229444442,1.829810364767982,1.8118578082095238,1.740048064568407,1.036834346510344,1.8606912207149215,1.3377150704333765,1.7667298630781458,1.3300920109747318,0.6811699661391539,1.7330036360943792,1.9081602300820193,1.7058785827128444,0.25470338149819544,1.3664264202545726,0.9778038800902055,1.7668379529718228,1.4748897474680958,0.8937785306303309,1.5759760619319945
Belarus,0.41195477298134314,0.46568382126754215,1.9023539378453733,0.23709326871200045,1.9496330992026185,1.8184557454612433,1.0,0.7336442710354097,1.9984493774065388,1.4374689112605021,0.066622784951036,1.7758606817892335,1.1934410455314117,0.3947033742468313,0.3181580915823558,1.939782090431754,1.9618743740853712,1.761803972910194,0.2396627215949064,1.9964018890212374,1.7156412219247614,0.16299513134601826,0.218513520461882,1.9054768496027277,1.9534623317856912,0.19009227653637234,1.992456272193421,0.38542698334054604,0.3973422906901277,1.996912485255363,0.8328287290799194,1.6943770188601832,1.9816948062480575,1.9276906517867471,1.4390198981385778,1.9665781321839313,0.343021399355698,1.9980609899907715,1.995943806246871,1.9585901554913057,0.9878912578929095,0.6930842853402278,1.9933966178259213,1.8636898362875591,1.9139159030913888,0.30437013383015615,1.9978688760791938,1.9904677422834882,0.798867695036815,1.779743365705539,0.8848196226385487,0.26235275038182204,1.383663147216967,1.9576802206941277,1.9968541564048534,1.936844519281867,0.26555759278624863,1.987252360956149,0.3739217118271732,1.9876513941372016,0.24094486880910368,1.9729078081525748,1.9915099520237727,0.13358044815055697,0.44960552365695944,1.4530418089578547,1.9988062082362328,1.9945104810550862,0.09518198703360471,0.22646486899240703,1.7343422355138027,0.29769455661252897,1.9803013581017421,0.4297271508632962,0.05186361285963569,0.1043425996876612,0.23477164281166246,1.9843500866421295,0.8762974244666755,0.8922870570599402,0.12941713391860862,0.8646454744500902,1.98847783109319,0.2532608744030309,0.8109078456265384,0.25150447145791915,1.874328498725329,0.9137375337180906,1.9926642817784759,0.1231767748088832,0.6399486865724685,1.9981852899937267,0.5706229367319966
Belgium,0.6749525001065602,1.1068800019989642,1.7487067685323638,0.9331638116402694,1.9584703945111785,1.6245166847127628,0.7336442710354097,1.0,1.8461239750254845,1.5648653553091485,0.7406775432018138,1.6572637136897204,1.3735557075160882,0.6628574774343262,0.9356824294144099,1.9661339939945048,1.868380052575569,1.628743010486182,0.7688783552105216,1.8378252121872014,1.3852048216883852,0.7090652886335417,0.7164414283849955,1.6385196836530616,1.7740927946641531,0.8690458721875917,1.8592545873692188,0.6276256337834012,0.638724128688448,1.8534640316529347,1.3944931237092426,1.4005242712952237,1.7985462084405506,1.8275512076938711,1.2902303993813358,1.7404953808236836,0.7363856710062979,1.8573214113005017,1.849489365951638,1.8291750980195656,0.6417863972570886,0.7347022358071993,1.8749551425892943,1.7116506634108293,1.6186853275979762,0.6557580376914494,1.8395660281103507,1.8165466150452592,0.27636688587488917,1.9623271138427623,1.0202982821806919,0.7684085117447688,1.3557233413039917,1.848264994851181,1.8707657948585124,1.6863399502682848,0.6833582060938551,1.8494294281352222,0.8405648049290326,1.8443337154178407,0.872842894280806,1.9100569375511511,1.841622673666084,0.7516374758559626,0.8952617514957153,1.0631444120023497,1.8605075596001823,1.8619299726025929,0.7770803069200358,0.8893349056184392,1.910570397111726,0.693760154480025,1.8166629125468312,0.9660827814349482,0.7586503944689299,0.7697730867389952,0.7014510844299031,1.8510131546961162,0.7863533523767141,0.6286899426724485,0.6967373727178324,0.8891391654949559,1.791513886876102,0.8409751265435338,0.8538036822762254,0.7159844649434108,1.663056442957299,1.2059200480350105,1.8778958022476462,0.7207631916524169,0.8793083763586754,1.8586287461966344,0.9400477797284505
Bolivia,1.9585709072589947,1.9516441302569199,0.6654802053706375,1.9864453963599744,0.4794537386911637,0.8668383390927064,1.9984493774065388,1.8461239750254845,1.0,1.4355950255090713,1.9987045204196452,0.8648352409531563,1.5781201028040535,1.9668840448084481,1.9726658563382122,0.5112792518053448,0.3520557181575045,0.9753783536542762,1.9916790340921808,0.1548475743705529,1.0105916702023787,1.9914896091440246,1.9921876635719806,0.6186425728645046,0.4658020024638344,1.9913268258147356,0.1282599391776673,1.9678726609499568,1.9652001667802956,0.11069217607861803,1.8394347736125083,1.085892935373655,0.30890620504230454,0.4839478554264052,1.4207221226164242,0.38418975097379376,1.9779672993944823,0.05402335548744227,0.07747098764632511,0.4590915816767718,1.744432804427732,1.8736993079489541,0.1351346840449541,0.773382620914902,0.5705574045824481,1.980192000721401,0.04945450868458537,0.22934887442531496,1.8189509850800964,0.9434958890748609,1.815690985536091,1.988804650401634,1.4806744242939054,0.3623111168937749,0.10767520515050459,0.43119370771902665,1.9865326847079798,0.17068070508424893,1.9757754603547404,0.2763053449418018,1.9861649040055773,0.3247927240735383,0.12287735481571899,1.998500049873509,1.9420757724245667,1.3858305282289705,0.1176606712212787,0.21048425915990354,1.9971295758099534,1.9931775810507493,1.0049510971837243,1.9833747286220684,0.331337060699603,1.9475851804437176,1.9980333429129256,1.9989702860702283,1.9865722589874601,0.1959533393445712,1.7745249902155846,1.796850043411838,1.996527472484959,1.8216923972097678,0.23104595413744003,1.9911716515807478,1.797589025121428,1.988857244912764,0.7350088295451066,1.8077019114575958,0.1455775938044172,1.9978945845240663,1.9101654395345489,0.05412493975678104,1.9329237727849635
Brazil,1.3036535363712323,1.4034219399518562,1.0144779177788066,1.43984728449127,1.2934700829831098,0.9408630418511,1.4374689112605021,1.5648653553091485,1.4355950255090713,1.0,1.426148843085422,1.8365662810462031,1.7867690032461923,1.2522391267989812,1.5061659231865852,1.3388586496551982,1.595364449798875,0.8840942697250274,1.296628708752852,1.3437882824698677,1.4394229178152762,1.4820164848760269,1.324466713001434,1.2792997449604537,1.275609683434986,1.405255166155297,1.4821009671793957,1.283487229737501,1.2636277499512254,1.3864216415124881,1.0871036528855895,1.022263408475828,1.2997578098908191,1.6566697636443952,0.7030191872665317,1.3102425999736178,1.2327326411578263,1.4328849343265415,1.4626071330190509,1.2005895068219987,1.1747296394823956,1.2785131044556044,1.4626993604016543,0.9331659402402742,1.311220082434238,1.3292817718669303,1.4281179883702828,1.3123431165214545,1.5035686650266253,1.3040991663251353,0.9710285179482447,1.283319094890599,0.5670989909699574,1.5917542636580904,1.4449159921180414,1.626709380484239,1.309494263250771,1.522857840025835,1.2240417531531538,1.2489875192675373,1.4553586532046787,1.4317689347706943,1.500091813992182,1.355008735161618,1.4435318583939223,1.1965475232637621,1.369649585988208,1.2975064624987507,1.4242364935695444,1.341289467901499,1.3595109504736815,1.2814399810226917,1.2414318152521253,1.5491368218555175,1.4435323094434471,1.4015205044383447,1.3297634628109505,1.539807161389238,1.8226272684362508,1.2250854770750355,1.3843585931784477,1.0222979978029823,1.3562667874063696,1.2797184756155686,1.816770405137461,1.285335472214137,1.0482435735733564,0.7256900172595688,1.4709413203002775,1.3679534560740008,1.0481509812485783,1.4353789017981793,1.0254144040603437
Bulgaria,0.40131616285561467,0.45802525236839464,1.8961156792282612,0.2439376045523219,1.9455366448826428,1.809485990512861,0.066622784951036,0.7406775432018138,1.9987045204196452,1.426148843085422,1.0,1.7919620288869402,1.2257016607718445,0.36949908066917775,0.332949458001892,1.941759627025696,1.963240920687682,1.7565839703492852,0.20729261894028922,1.9955710818012906,1.7053079017421364,0.14474110488721129,0.1946959344738779,1.895477588213992,1.943961293737528,0.2107609176380509,1.9949450751991247,0.3607025087680392,0.37416400753396833,1.9975202083110672,0.8159547277524738,1.6818563152368393,1.9769492611955497,1.9355501643724478,1.4217275911305978,1.9618637328635367,0.3206799776257713,1.9991127886590134,1.9977213213412388,1.948516846091799,0.975955237817174,0.697365680834716,1.9953389978248646,1.8539906327771642,1.91424843599354,0.272671721513354,1.9986514645293714,1.9889081217624733,0.8072024296897714,1.7696481431474451,0.8469307206276475,0.23274196040376716,1.3624699780175906,1.9640288595650706,1.9969562770138483,1.9427905420113523,0.2387366043765989,1.9899453595850503,0.33852924732546436,1.9860031462799494,0.24330821469634792,1.9773296081600629,1.9940597017502655,0.10982134764893219,0.4936665488701011,1.4384557202599708,1.9980040767250131,1.9923842821795663,0.12970909369542535,0.20380587808439202,1.7404203779322234,0.2738610491035769,1.9762063476536542,0.43781182905831134,0.06766012741936024,0.10560116663402233,0.25860211119545506,1.9864992439629359,0.8738753746739272,0.8727123803772151,0.10652480259231797,0.831625620180644,1.9857713959068082,0.2227443952817027,0.8500655007190678,0.23405182713070183,1.86503868406764,0.9027928290496536,1.9943633066583522,0.10952173864128836,0.6086925651613647,1.9988367953642854,0.5650460247329232
Burkina Faso,1.8683755042865282,1.7387343562441362,1.3763565695427686,1.740888983013816,1.0380067923358889,1.524131152110088,1.7758606817892335,1.6572637136897204,0.8648352409531563,1.8365662810462031,1.7919620288869402,1.0,0.9615428219387504,1.9002990205088908,1.6762863511132062,0.9157942550584433,0.6393020181222884,1.553228982579093,1.869708295835852,0.9852400992642587,1.362055422154286,1.765620616263693,1.8593075433085275,1.2802167097431822,1.2007760223205526,1.7574514363968876,0.7671394502448351,1.8863788840882438,1.8951776493399333,0.9080975898959808,1.8389997804580378,1.616678751772348,1.1019949495224188,0.4480156404047762,1.8541847047877236,1.1288998470323701,1.899973723249316,0.8495248071076593,0.8092026014098174,1.2337847707187117,1.8480690885242625,1.809100292627466,0.7902142789161811,1.4796528418914852,1.151961861700762,1.8683415603403732,0.87103896260032,1.0387540937430364,1.668972449233686,1.1996177264007142,1.9817630312936043,1.8762377808595716,1.9062857785518172,0.5620973132032442,0.8424384816522572,0.6696241383227455,1.8686718038142547,0.7177763867048782,1.9024275751006592,1.0848036737367721,1.7523448282845364,0.7804199516780087,0.7568453408857475,1.8314282914389555,1.6569328193585673,1.6800085293988967,0.9355643875239956,1.035605872775732,1.7666545058195298,1.824180608407182,1.0100532754634086,1.8813061021759065,1.1314671626533948,1.6283192339137156,1.7703081094039614,1.7952934168997023,1.8164639909258893,0.7008479009792058,1.3562608948668022,1.8775388433632088,1.8224560191685903,1.966904801254862,1.0286089666916662,1.8715128414331745,1.2750417647684147,1.8696640781135174,1.4284065394453838,1.9558479770772559,0.7857764239059585,1.8257577871870023,1.9705836475844642,0.8504938202884651,1.925368462119454
Cambodia,1.4177022791123428,1.1267679096797159,1.8362781776363144,1.1003729598799796,1.564488947013216,1.913417803146954,1.1934410455314117,1.3735557075160882,1.5781201028040535,1.7867690032461923,1.2257016607718445,0.9615428219387504,1.0,1.4749601373798322,1.011570467171128,1.4179384030055604,1.3945967378145778,1.8483907634575145,1.3618271564997022,1.6499961690648821,1.7878572979899905,1.2275199376379349,1.356013765377951,1.8450579817446087,1.7994544958232548,1.1141324686437004,1.5015957283056194,1.4606622592643808,1.4720748326439728,1.5875952391337365,1.4025884184739348,1.9519360488053756,1.739260085885066,1.2427789448893294,1.9486988223439106,1.7641513437156027,1.4351015460574141,1.55895721279671,1.5373120491997965,1.8035106113047656,1.7256115250125532,1.4500635044763899,1.5065066739439732,1.9034243891420748,1.735971823207523,1.416074199527523,1.581981655463665,1.6885787157607242,1.4243501614624148,1.4687953171046746,1.7723489335430673,1.3820803967314428,1.9243719130822166,1.3329948265622797,1.552748675911971,1.4557945749112595,1.3874246845523321,1.4751733913445353,1.4352544844705575,1.6942250379544486,1.1590629671464647,1.418638019086072,1.5071147490957972,1.2840827649673199,0.9779458225777713,1.866185624417328,1.6134788479775983,1.670018394027277,1.1549849221472999,1.253833838653514,1.1205821659658919,1.408050309151784,1.7414231644097085,0.9302028129674339,1.1785812551011023,1.2220270290333461,1.2622005373905645,1.4635995311602805,1.0136855064550787,1.7234424353142506,1.2865187150903363,1.7639167050005262,1.697481344921036,1.3429564759952175,0.7072568511566163,1.3679132866259185,1.8999099803721504,1.6384797218876084,1.5036805010704863,1.27925903741987,1.6186033339019292,1.562356674727522,1.4808138380547475
Cameroon,0.2789104398156384,0.7104626618457837,1.7593996481198346,0.5751820455634217,1.9393179207623696,1.6289698420989416,0.3947033742468313,0.6628574774343262,1.9668840448084481,1.2522391267989812,0.36949908066917775,1.9002990205088908,1.4749601373798322,1.0,0.6654142858520203,1.9634676223781706,1.9926763373696872,1.5938780826379464,0.21722122120360096,1.9388628438664333,1.5754782838777857,0.4074623245962128,0.19532283441575368,1.7635646033504635,1.8438003679287127,0.5173618732152443,1.9847423052719926,0.07304407994825943,0.051299830479881715,1.9607715703269502,0.8734717113248772,1.4569622901110362,1.8921846430584857,1.9900005531283622,1.1443228089741306,1.8627898055713394,0.11449137133120964,1.972554397558932,1.97654604774889,1.8537066424107964,0.6740060104475308,0.5773652442757411,1.9856451912284014,1.6914195995298582,1.8011255728328823,0.13073380964256023,1.9637274544592398,1.9175684031476334,0.6929991429242807,1.8142908532368907,0.5638700371384449,0.195523787562833,1.0996933619760887,1.9966284286945206,1.9760969535071442,1.9315740201234564,0.13913115391136927,1.9881144276214695,0.244487115554307,1.912830180214396,0.5242675081987906,1.9888151994145349,1.9814715168862047,0.2906667819196518,0.7182370953056384,1.195448588332995,1.955862460322715,1.932791329767641,0.4400777037650559,0.41579249523765116,1.8412853542510335,0.1128887483742296,1.8889541673006682,0.7648117115397555,0.4211532500079683,0.3779991957329305,0.3259695947925901,1.9898252314369635,1.052476952704142,0.5612817822333822,0.27801362711415095,0.506364962926939,1.9127340304707352,0.28882316380648876,1.083359560950154,0.17221883778640162,1.7017320937961307,0.7091447788037618,1.9868439415532726,0.28497006254512497,0.3219205875973323,1.9724689255943422,0.3959845309564077
Canada,0.687066141320094,0.30747136455881524,1.9499343781217522,0.18356261289109854,1.8981874813603958,1.9116025805240877,0.3181580915823558,0.9356824294144099,1.9726658563382122,1.5061659231865852,0.332949458001892,1.6762863511132062,1.011570467171128,0.6654142858520203,1.0,1.8566196513418065,1.8890311092240548,1.8632532594035887,0.4743199808181626,1.9881799703195862,1.802634737921925,0.3366342589907944,0.49363153633750717,1.968497474137895,1.965113415765932,0.23459679489149235,1.95003224415964,0.6472572647751021,0.6780490429210838,1.9774760032777112,0.8038477961461731,1.823738256333204,1.9879790720158454,1.845461703307632,1.6014991993244938,1.9915690782253266,0.6044886075366556,1.9678676824186694,1.9620224719093267,1.9681903596533266,1.219320171810711,0.9449185156534294,1.948723126749204,1.9270750217435506,1.9722837850397514,0.5707510849215519,1.976410133716849,1.9923054931148296,1.0168727287788413,1.6645539706991244,1.0694191157725987,0.50358428393194,1.5340003194691079,1.8884848380037742,1.9570568606585355,1.927265946157627,0.5338028550346636,1.9418761154516984,0.5530849456128492,1.9858591365492808,0.23651717468921651,1.9092571663855085,1.954410734524491,0.39368172659622935,0.5012097104699421,1.5945545454138983,1.9730643292674293,1.9833832384582815,0.2645749744654988,0.31461677413537886,1.6072889528097831,0.5662557437016876,1.986347401520768,0.27223659310671666,0.28232695621684195,0.3093389193730468,0.4882789170016491,1.9349525811425037,0.8489415106775855,1.1293075706761138,0.41997650805538883,1.072089649880097,1.9934754790783167,0.45551654515463397,0.7703326938823656,0.5203505154689145,1.9438516303749829,1.0362753771809945,1.9462362824008614,0.4117081929587209,0.8716509046629825,1.9665969582960252,0.7379752881370947
Chad,1.9513167414237085,1.7961736501006764,0.8832919053221744,1.8728438311868734,0.3391882844755021,1.1040296797784257,1.939782090431754,1.9661339939945048,0.5112792518053448,1.3388586496551982,1.941759627025696,0.9157942550584433,1.4179384030055604,1.9634676223781706,1.8566196513418065,1.0,0.4638245642858696,1.1254255561361874,1.9400857293174374,0.5622486507986064,1.3347702063206557,1.9502137355337492,1.954351389954315,1.0135579688468965,0.7942553158335796,1.888231316492119,0.4552045098807923,1.96876258718775,1.9678876288754796,0.4967832492340742,1.6452050291687552,1.3680522272061957,0.6937934483968954,0.5389708206527268,1.5564221498519883,0.8057869750144036,1.9475503394137033,0.4769954539241235,0.48858976495546297,0.7170463601514183,1.8920648486348193,1.9101911505627942,0.4151461202129993,0.9819238851835045,0.976673193680459,1.9691440968574865,0.528822636249403,0.6264747722334254,1.9530301730084545,0.6304388659367112,1.8344544237194418,1.9424556628560128,1.5397905517321915,0.46843055076729806,0.4496914335038196,0.8200028261540313,1.959983175124127,0.48235627316452345,1.9203623100567913,0.5748555351644994,1.8950369446984539,0.2588417306019238,0.5048583579914335,1.9409259986665015,1.8441654448471296,1.6359589235558658,0.4905055539301229,0.5274187576995396,1.9209488982378997,1.8987303499683967,0.5920740176214028,1.9576105844148852,0.6615406620589785,1.8247540501474102,1.9317882554490788,1.932471842724137,1.938479856576422,0.48093103691360706,1.8238635121093565,1.9250740039726533,1.9538960210744394,1.8731822986191438,0.6770073482050584,1.9191657512402736,1.7896435954829282,1.9499852839839977,1.0241264207689134,1.7193431905032655,0.41146231318534404,1.9476511558925218,1.897186987932666,0.47748675927666534,1.8637954179732321
Chile,1.9781520190560642,1.8695409657019173,0.9609459804847468,1.9217644349660172,0.527223050082045,1.1568682520955371,1.9618743740853712,1.868380052575569,0.3520557181575045,1.595364449798875,1.963240920687682,0.6393020181222884,1.3945967378145778,1.9926763373696872,1.8890311092240548,0.4638245642858696,1.0,1.23793716485735,1.9845353745271217,0.49564144235262253,1.1567960411506153,1.9476972695680468,1.9881145834389273,0.8937667496153812,0.7080077010847899,1.9418921308413604,0.26268915182585284,1.9883193313107623,1.9928143203218542,0.42058647432081087,1.8096266388933053,1.342332857105483,0.6136878419957961,0.2453382103546539,1.6329345611368324,0.6939352074001848,1.9961871916012766,0.34025902386618595,0.30979658820841044,0.713790962935753,1.865989899427859,1.934294061382531,0.26347522307583016,1.0603839580104493,0.8693918703039291,1.9847901322257513,0.38254832193454497,0.5664430907670158,1.8679836585584157,0.8287865420371753,1.8952472289120401,1.9871461034710984,1.6665852534273244,0.19629108147136848,0.29456438366524546,0.5138286205774784,1.9893967932709469,0.2231258997915985,1.977804267143109,0.595151562203266,1.925159800669534,0.3202851101375275,0.2763957017737306,1.97857978678331,1.90095663519836,1.5566870274507882,0.4149498101459891,0.5193593397187247,1.9554632303800077,1.955644141375499,0.8772831369385742,1.9933373665408427,0.6442907800694528,1.850995443441459,1.9552550207861044,1.964979429726196,1.9830007590578995,0.18112492825199367,1.6687013537214415,1.892739520318091,1.9776833452567066,1.9099951149840373,0.5554242899935885,1.9785078491606922,1.6901706208849547,1.9929415256854681,1.0314297532042596,1.8880875685762204,0.24508797014804187,1.9800801973915878,1.9688925403480644,0.3314904464417796,1.9735369448706706
China,1.5551549266566385,1.8181905974610564,0.5469910326237568,1.8025044798376761,0.9790620634441386,0.34557641435193626,1.761803972910194,1.628743010486182,0.9753783536542762,0.8840942697250274,1.7565839703492852,1.553228982579093,1.8483907634575145,1.5938780826379464,1.8632532594035887,1.1254255561361874,1.23793716485735,1.0,1.6812822844708988,0.8601400514441511,0.9639960508304452,1.7951779389064804,1.6765477268742288,0.6845492254189581,0.8674297534746876,1.7732649989862521,1.0636557008944454,1.6220513333738864,1.5837258753016115,0.9062400056092287,1.57544312332047,0.6512941201966714,0.8329269060753735,1.3135599713118424,0.7724022512853721,0.7928545589976248,1.6069782087574198,0.9871485448743673,1.0247337646155967,0.7839128847338891,1.2935829834347412,1.4049050197918849,1.0543375919078117,0.5081554145982213,0.6951106987585688,1.6613685208327074,0.9562719904947338,0.8231730474663018,1.5493444837634207,1.3431594441402852,1.3425792859476111,1.6677252504789435,0.7951132086171323,1.2220036243517562,1.0368932708584773,1.1075629101782851,1.664519729887274,1.0990709294440253,1.656063381483434,0.7885766821790996,1.819810462738845,1.0928565962125623,1.05884037965648,1.7172862891380563,1.7073748312327544,1.1077153796633283,0.9523079940502186,0.844697472329705,1.77518461923647,1.7518522862761903,1.3372500832041956,1.6391634337718963,0.7940028681186065,1.8482365201437039,1.7733716963947281,1.7644800260691662,1.671017972514689,1.1228481352988675,1.86385096424261,1.3794134658348767,1.7141217157838786,1.3524791173798465,0.8450322166396153,1.6755476883102052,1.8582177461762734,1.6542447914066467,0.5674679799113083,1.3133198335218785,1.0642986919282527,1.7097066892903876,1.4202975714617834,0.9986173226567312,1.5252603139593142
Colombia,0.3380399663928447,0.5082264148878951,1.8289536665629784,0.3763638603509294,1.9337976687544143,1.7261522028339813,0.2396627215949064,0.7688783552105216,1.9916790340921808,1.296628708752852,0.20729261894028922,1.869708295835852,1.3618271564997022,0.21722122120360096,0.4743199808181626,1.9400857293174374,1.9845353745271217,1.6812822844708988,1.0,1.9748296073859417,1.671471542423125,0.2721427775065063,0.08495599407454837,1.8490154367680376,1.8972757701783296,0.3321795959581777,1.9980833078929667,0.22098290779066068,0.2414812053631699,1.987591051951046,0.7527776849024563,1.5872313685434725,1.9411205650792638,1.974474142083304,1.2839996748700733,1.9249800863431736,0.1484422246304299,1.99372058508488,1.9959858092820135,1.9004048793589339,0.8686905332178272,0.6776458381858302,1.9966459244308856,1.7711822447313126,1.883411538001681,0.16229659499706872,1.9911142177751886,1.961296781016208,0.8224985875092745,1.7584417021939187,0.6757832208563268,0.05860511197673567,1.215032461920929,1.990371061693666,1.9917025821376635,1.9662640740611053,0.1049937047654946,1.9993296727671879,0.14962923891956217,1.9523045309526694,0.3352371274820559,1.983271243119829,1.9986033382080308,0.11055601655728832,0.6108622430355921,1.3427909293236717,1.9816466948209566,1.9656305521530009,0.26765505820857316,0.20147737820250627,1.7703456783416551,0.11991261682764374,1.9363173827453821,0.5950657485401206,0.25259191001088066,0.19822020133814963,0.25822136012450186,1.998321789574974,1.0138897381661207,0.7555261696016792,0.14772877381798918,0.6611371518295894,1.9599111496796946,0.09831753365347877,1.015203792147187,0.10137844581071681,1.7905038643155673,0.7357734664383019,1.9963827775186904,0.1378292973553317,0.43592579059847053,1.993152496487779,0.3984614576616026
Costa Rica,1.9371554954121435,1.9602897628648202,0.5244271064343141,1.9926509340664633,0.49495366327491347,0.7385779045569671,1.9964018890212374,1.8378252121872014,0.1548475743705529,1.3437882824698677,1.9955710818012906,0.9852400992642587,1.6499961690648821,1.9388628438664333,1.9881799703195862,0.5622486507986064,0.49564144235262253,0.8601400514441511,1.9748296073859417,1.0,0.9945270621545557,1.992402411110269,1.9748964304264345,0.5300316846787947,0.3923192550575441,1.993335466441674,0.26188167538393503,1.9426410720477467,1.9374546054329853,0.1279670685204398,1.8208791507062565,0.9758803240985443,0.20465665271583572,0.6202954934224845,1.3147796602760282,0.279128983087218,1.9509655196199738,0.167751384830015,0.20692847663915376,0.36001364857756774,1.6875719887287939,1.8392210869991965,0.2587720313221584,0.637810982004429,0.4861346446205266,1.961385094226531,0.13251443995250176,0.08681031592287637,1.8005148527870711,0.9771879787685812,1.7606993185305526,1.9698780902357391,1.382246237987432,0.4970949997486739,0.21762437143916102,0.5077169452798438,1.967709700270759,0.31272867580143116,1.952628179398045,0.13817901910873276,1.9909454222719665,0.40915443501647103,0.25968939544004654,1.9878810512238534,1.9458582329226317,1.3178802927931497,0.1199394109845359,0.09426410413065779,1.9967743106771005,1.986796585993581,1.0570464272970377,1.9608856898496616,0.19949009837034695,1.9718191063939765,1.998427168146009,1.9937645913873052,1.9723560041960364,0.3441479807659254,1.8175465852276191,1.7463465381675343,1.9875329939574902,1.7666997827784239,0.1443463865471935,1.9752985361841877,1.8422401970313769,1.969101391120026,0.6038239524452028,1.7458568295894537,0.2714938962483187,1.9874659842156783,1.8652788309006156,0.17307917970355308,1.892237258567651
Croatia,1.534248994060133,1.8229370443994204,1.00325425251687,1.7908833545595848,1.2124338060599233,0.8259462492558592,1.7156412219247614,1.3852048216883852,1.0105916702023787,1.4394229178152762,1.7053079017421364,1.362055422154286,1.7878572979899905,1.5754782838777857,1.802634737921925,1.3347702063206557,1.1567960411506153,0.9639960508304452,1.671471542423125,0.9945270621545557,1.0,1.6907045644844103,1.6653252280426754,0.6385198545685691,0.8413867158149466,1.7700907346349628,1.0949296872593495,1.5760255580071554,1.5619868609869894,1.0318738670755307,1.7641890157588818,0.7884851656567494,0.9060709343649794,1.2445624633676258,1.096129824054015,0.8397075935728653,1.6340204080602236,1.0551540616341786,1.0628800737544741,0.9336340203359457,1.2306144900812568,1.4954992827275249,1.110625036688304,0.9256355512991902,0.7638790587512558,1.5977331229169522,1.018735696225666,0.966863092027407,1.3617471507418442,1.4553194095488886,1.3954336506749365,1.6599929501458737,1.1798610972119425,1.2013899441574838,1.0794542235681546,0.963094671933943,1.630015606010864,1.0940902050334365,1.6662340880421331,1.0099038178591118,1.7591140556256586,1.2317646260329613,1.0680955425810756,1.6992285927472424,1.7777954917016006,0.9052289897055023,1.040620323363765,1.0262291147633162,1.7421616940904798,1.747999857001082,1.593916725580608,1.6314629024681322,0.9609637814725899,1.768563146721574,1.72023777977193,1.7366038852984478,1.681717315983564,1.0915529163549038,1.5405728149301496,1.281853801981815,1.6654849859022778,1.3555350890579836,0.8912939437278549,1.694455729541881,1.6554423769695787,1.653052343621979,0.8352112299564872,1.6297607441980977,1.114378821820553,1.6870369397444116,1.5137199119477858,1.0536118327792674,1.6864451384346675
Czech Republic,0.4799513036649438,0.47674060403063445,1.9060217616607609,0.3050515614028463,1.9530638971614689,1.825802488024405,0.16299513134601826,0.7090652886335417,1.9914896091440246,1.4820164848760269,0.14474110488721129,1.765620616263693,1.2275199376379349,0.4074623245962128,0.3366342589907944,1.9502137355337492,1.9476972695680468,1.7951779389064804,0.2721427775065063,1.992402411110269,1.6907045644844103,1.0,0.2569901975470628,1.8893635771306663,1.9284261592541536,0.3109040123910429,1.9863596536868482,0.37965599892734403,0.41721082524791325,1.9971782196791414,0.8649486311010163,1.6807468504045089,1.9675291369003953,1.9233246480991355,1.4428803019880816,1.9516939912235487,0.384174172556114,1.992974294769697,1.9891182038534307,1.9421664456775756,0.9757571951812445,0.7670202268243423,1.9884683221636754,1.8623384048662528,1.9153479217640326,0.28925131114297176,1.992344775281097,1.9847468340222707,0.7917243362309102,1.7645817875765841,0.8624628428554936,0.28954499404361844,1.4011087524504795,1.9547064061667025,1.9871230991462676,1.9289861141113351,0.28584923276245044,1.9796624650645709,0.3708149976976509,1.9867251415417504,0.23250999452779292,1.9802802224293516,1.984194377377361,0.2092960441112834,0.5861625986112583,1.4123257077444515,1.9912455762765193,1.990537648339739,0.21694837095493594,0.26249810152888375,1.7733724621347933,0.32675017411267365,1.9714262950638166,0.4839997849197458,0.16456881670647427,0.16159067521774692,0.3552193975861285,1.9753017074090558,0.8124711854259412,0.8558561218470985,0.1983072651682317,0.8395315557098962,1.9778819782629837,0.3132063078759386,0.8204648773000202,0.3107225358827708,1.8656025492644892,0.9612335418688369,1.9867345207030336,0.2166159731849731,0.6714454160824176,1.9913321707384812,0.6282638581656336
