Country Name,Albania,Angola,Australia,Azerbaijan,Bangladesh,Belarus,Belgium,Bolivia,Brazil,Bulgaria,Cambodia,Cameroon,Canada,Chile,China,Colombia,Costa Rica,Croatia,Czech Republic,Denmark,Ecuador,"Egypt, Arab Rep.",El Salvador,Estonia,Finland,France,Georgia,Germany,Ghana,Guatemala,Honduras,Hungary,India,Indonesia,Israel,Italy,Jamaica,Japan,Jordan,Kazakhstan,Kenya,"Korea, Rep.",Kyrgyz Republic,Latvia,Lithuania,Malaysia,Mexico,Mongolia,Morocco,Nepal,Netherlands,New Zealand,Nigeria,North Macedonia,Norway,Oman,Pakistan,Panama,Paraguay,Peru,Philippines,Poland,Portugal,Romania,Russian Federation,Saudi Arabia,Senegal,Slovak Republic,South Africa,Spain,Sri Lanka,Sweden,Switzerland,Tanzania,Thailand,Tunisia,Turkey,Ukraine,United Kingdom,United States,Uruguay
Albania,1.0,0.1057406869316517,0.09893757086743668,0.1279246067296732,0.07983741903618827,0.03708937795588135,0.023600370340037036,0.35818687857172793,0.05470473264081138,0.11876529316907444,0.05877098699726921,0.1386867467879185,0.021704825188807925,0.17277017144746212,0.0803130190169028,0.15727879403454362,0.4613707023510414,0.057923150257851774,0.013992915056449062,0.03357872800685888,0.09160780158183585,0.017732253098527634,0.438940189717939,0.08683097177763299,0.055480420836793054,0.13580956108869666,0.11853999256416822,0.04072114980668151,0.21296292492177943,0.22418588746373802,0.043368570417466556,0.18971604902009223,0.06588347550086934,0.4891911930881514,0.03170206678521886,0.025704384444858952,0.30922992861761694,0.11501442312915891,0.2827721435443198,0.14254101039740402,0.25403827499571996,0.2609892771412281,0.08162638699053856,0.027965411765559473,0.16681104984814657,0.05552580217544892,0.32145269019829203,0.16012572699313332,0.41732542001812334,0.17736974081807094,0.287786920646965,0.04386675025530612,0.4285405266427389,0.17425844012836741,0.022483923000747696,0.15893026098006752,0.1556596095390201,0.0998631180699337,0.22123259212840451,0.058983512546673084,0.09207764731166851,0.03670202293070893,0.20379190520378007,0.02421351591144466,0.1463658271968909,0.06537363276206073,0.3559318203216336,0.027209988233607457,0.10662455483705441,0.06605938918595661,0.4698540416997931,0.04261044880677986,0.03422800854064931,0.014318318542088926,0.17812751406335708,0.030716881580375277,0.11681706624807989,0.13236163508237725,0.015157215320041051,0.29755257324368783,0.029018809201550033
Angola,0.1057406869316517,1.0,0.31804932586005796,0.34188409674848486,0.29556429104932225,0.04793442422876773,0.16650772818282228,0.5544008941840438,0.21929279011488895,0.05952020296446561,0.20012511772819583,0.08869481677346633,0.09452464681413872,0.3100904543578356,0.27043480605531844,0.0820632977675046,0.6840428260388766,0.2064747401361469,0.09912718955752872,0.06636229387944409,0.27945085330736935,0.1530427237950449,0.6681154462962172,0.07181923268058754,0.06619744321933205,0.3336514174452434,0.27403677288486267,0.18798166634974178,0.2812125452606281,0.32081922731421963,0.23742639668141188,0.39807511762518455,0.06914836190406301,0.72304069531443,0.17471348333550793,0.17017939218162909,0.48663650509532413,0.3437224635698112,0.44177468110109974,0.10447868129366517,0.4061004376642564,0.4561599698816816,0.2600440847676134,0.1689296314739652,0.09259348661278813,0.10755615724123085,0.5050804834086383,0.11103627495258869,0.6091952816379558,0.10676993237404514,0.4957090674130964,0.05681944673611458,0.6507398993808244,0.11221493313655323,0.16815095033279842,0.24741705851265314,0.3534091898401558,0.2704071758803023,0.1517867921562752,0.04962371566468368,0.25673062441254524,0.06823827952553346,0.42819638665468207,0.11578775606707042,0.08110404585015665,0.056310330531759156,0.48370969724567425,0.1508378193835174,0.06054060273959805,0.143636092740891,0.6896896855394441,0.06020536207475441,0.1706146436231477,0.12718593812055964,0.36665125263099285,0.21477884943147038,0.038633402483579826,0.07370984029183048,0.13938586147842177,0.4682105227698961,0.19561266064822666
Australia,0.09893757086743668,0.31804932586005796,1.0,0.03261296908791306,0.015642224654828646,0.21922286192433,0.0702391933582262,0.13858099561851592,0.05491838371441915,0.3299207368334661,0.08017348013026188,0.35488777755530077,0.18280046676048722,0.040530114480215484,0.025159590672436283,0.378735502657499,0.22799417128100447,0.027864343877813502,0.15005357400295702,0.19308560351597517,0.020577518232399783,0.10434627076509892,0.22087211904002335,0.2623651558772849,0.22143656043451498,0.025737148501741275,0.05187341400605483,0.07309022823904437,0.1603330220115787,0.08289773936468675,0.02984382584791412,0.05342294375049292,0.23461137325402248,0.25565851248338867,0.0524623429821971,0.06479793237055806,0.10112725006537576,0.03084200774013704,0.1428595307412392,0.36169460636241424,0.06243861175848675,0.07202668022615583,0.033066013160281044,0.07561109390150861,0.38618912142924977,0.1493681464710348,0.10901736757919289,0.3808086895412035,0.19352153318168985,0.3997008142172933,0.09231556459653467,0.21447469345617035,0.21180951679549323,0.40205587212574456,0.08866108423497318,0.12010259258300485,0.029741792865940975,0.025007133053012387,0.44941477841947763,0.2462283599950585,0.04084664201077878,0.1921109245347832,0.054283949125745024,0.14878564339538705,0.3694998233991392,0.26294328687344504,0.13757787832384227,0.0738316112563202,0.31202711607182004,0.1236459019209512,0.23981132489247056,0.22350252940513174,0.08343568501885293,0.10851713421052145,0.0849221537907627,0.048985299989403236,0.2669285586161235,0.3412773602061475,0.08917149590507295,0.09225276088712459,0.059981800777438726
Azerbaijan,0.1279246067296732,0.34188409674848486,0.03261296908791306,1.0,0.03782776239223021,0.2643620955140352,0.09169971054461298,0.1240799022366195,0.05816710280842324,0.3748136098049575,0.07980307876257062,0.395947410788644,0.19320459670372886,0.028547878811830907,0.03982992269029495,0.42117315425949275,0.21365074188883484,0.04776288760010622,0.17779977402901823,0.2542922865450583,0.03634629789288285,0.10875217779992505,0.2026035060495927,0.3124856505560359,0.27690842899342083,0.023836342356934964,0.03721584577105161,0.0777409810032535,0.15901298446731066,0.05473646670793589,0.06103079936780073,0.03442172395600948,0.2953017307000731,0.24655633634159868,0.08978301497873933,0.08913146275942643,0.08915690969697881,0.05483453087386392,0.14288738583125862,0.4111867035095542,0.04326801633618435,0.049590454306067955,0.029617136205391886,0.1094007053364617,0.4187357662953586,0.17842749035854608,0.09342228984567594,0.4196186301333925,0.18550455216530487,0.44837162490331023,0.06870956349166613,0.2508181556867509,0.1936889371822704,0.4368957072335518,0.08786625411723956,0.11945529835150287,0.021549831785640156,0.037307427178826014,0.4915024617361482,0.3089383999628681,0.029009539572347254,0.2502509914557718,0.03317659808386855,0.14263671627019878,0.4052463983789995,0.2841709177019429,0.1295635286129855,0.10755662925344209,0.3612522207869323,0.13724924018416304,0.22691713122053034,0.2870293305225572,0.08375813305454899,0.13970457102839715,0.08551898521657358,0.05756155475941288,0.25119119873844464,0.3865735525200043,0.13114311193427103,0.07349237973711081,0.07141147881459123
Bangladesh,0.07983741903618827,0.29556429104932225,0.015642224654828646,0.03782776239223021,1.0,0.19521392734409593,0.05578260835922719,0.16924322000098524,0.033277354624751926,0.302475764811343,0.0771899741807687,0.3403060400134719,0.15954349846691623,0.04796599226918383,0.019211768581098465,0.3564974706693522,0.2637610070571892,0.020286697665318182,0.12900379856678104,0.17870597483925837,0.018036262522155427,0.08380011807627238,0.252102906172594,0.25209843418124844,0.2080480874842004,0.02816558776953093,0.05548125146491045,0.05621792306074491,0.1654190023631532,0.08962613158953789,0.017943717749169336,0.06455244161002013,0.22263277487829178,0.2880607935884919,0.039640368691041955,0.04830098695665619,0.12482072609845757,0.03470525091265389,0.161927369691014,0.3433083026999122,0.08346829511482406,0.09527404627410757,0.033114695319219456,0.06137784890884784,0.36392168224686694,0.13763312279543186,0.13494733900690428,0.3595567810431227,0.2283535615533937,0.3865828308932426,0.11847922908568606,0.19263603639018015,0.24196997045466048,0.3720050830161588,0.06565960164220236,0.11420583380265861,0.03391629335078175,0.021817718158202576,0.4161128286265098,0.2278493951928026,0.0465042193956732,0.1780290594742221,0.06653130043820848,0.12828508132177,0.3369311559209594,0.23871983083346354,0.16810949984104415,0.06071274487052852,0.2877015548277012,0.11325991101651961,0.2765636447303325,0.20763609517012574,0.06024169774130689,0.09021563537119762,0.09915333511612653,0.0305206186112906,0.2521036908646589,0.31385112227756123,0.07232138020063528,0.11923805605879617,0.03595879526396334
Belarus,0.03708937795588135,0.04793442422876773,0.21922286192433,0.2643620955140352,0.19521392734409593,1.0,0.0822344557093502,0.5267235226067378,0.1276453897792647,0.05968849807519741,0.12300775383707388,0.07520417360788129,0.03269987493620577,0.262119190643325,0.16916355784938125,0.088818829370363,0.616259611332479,0.12033684471119405,0.02863336875551084,0.020343222527123866,0.18431269123209287,0.06585777833516857,0.6114470418682331,0.04871839105995321,0.031151946234311723,0.24697341764597178,0.20223201253241865,0.11237857946059363,0.22714851513776174,0.2815269070303786,0.13945953035035966,0.31767957964540094,0.034982789456459995,0.6512378357393429,0.08608130245160597,0.0825746556221488,0.4757896081714599,0.23214565833555104,0.360200271167188,0.09211611954231647,0.4086169787457955,0.3864636968551648,0.17790934017114374,0.0857938678840649,0.08814217481053682,0.059184455575111594,0.49197795044113013,0.0977012101345015,0.5951236069369199,0.10505088343643387,0.4206689065913708,0.022819022359318403,0.6024992594817816,0.10787053051348555,0.08418539412444911,0.21520813897049518,0.2809480452727115,0.1810848953705085,0.15021206010258356,0.016842878664063782,0.18681428791719182,0.02498563615020069,0.3299664253210964,0.04932199687035421,0.08262449837110217,0.02589340300657461,0.522374883567277,0.07362519196788281,0.05010714568114219,0.09205524863945613,0.6236404581563084,0.017466071759443397,0.0932633977046769,0.04765297161687504,0.26291624188421703,0.11592653804229155,0.06600812967077924,0.0680224281645086,0.06421504076735465,0.46367975891538604,0.10254339785684272
Belgium,0.023600370340037036,0.16650772818282228,0.0702391933582262,0.09169971054461298,0.05578260835922719,0.0822344557093502,1.0,0.2708263636713479,0.021511941321051525,0.17703021338110211,0.03663840733118098,0.1976452106051731,0.053639471141928935,0.10867860314489491,0.04147065343929732,0.21795858824435535,0.37462009975250476,0.03247995604175846,0.03968119172223977,0.07486012660979485,0.05518767393654153,0.015430746556917813,0.3525611818905581,0.13195089353578585,0.0982506098435417,0.09202415522322638,0.0664566563808403,0.03656378031742755,0.20984110347963997,0.1911990186456264,0.039678886921741374,0.15326472444279535,0.11809673017042266,0.3990888905755857,0.023137051298683542,0.011034865125068238,0.23098903629941037,0.09128437887515892,0.26020311803226415,0.2108306563738288,0.18099157385881007,0.1934515107856867,0.045015044032601315,0.03715639147406033,0.2207323611578025,0.07633080347757157,0.23762182012813488,0.2226770571152058,0.33364133943839447,0.25061368066685247,0.20416433217786578,0.08333647562502314,0.3448878760834499,0.23487511278323192,0.01634260235947252,0.16355796779712134,0.11313816582918093,0.0486717825907223,0.3121470220078001,0.10919761518325202,0.05086051605018557,0.07866852122523682,0.16138693976224786,0.037666674254297344,0.20541052810320581,0.10929745001102331,0.2775611551799046,0.029498635046618787,0.15847280218243423,0.0885652948112739,0.38099032412910205,0.10129936964807656,0.011975582701951565,0.02435951851666901,0.1591628119832304,0.01999509486373277,0.16264024019479126,0.1872602032323323,0.03176972142849502,0.2163069137161941,0.014245776778433777
Bolivia,0.35818687857172793,0.5544008941840438,0.13858099561851592,0.1240799022366195,0.16924322000098524,0.5267235226067378,0.2708263636713479,1.0,0.2136984145758615,0.7323792835513357,0.2597478248018818,0.6587070873667112,0.410699524598255,0.1250696105264543,0.19006991194103373,0.7341268826380191,0.06419931858183037,0.21370166252675188,0.4019098875742879,0.5022080594190348,0.17885443701955264,0.3154389795017508,0.05954674786686162,0.5735302018305706,0.5382369046211608,0.14127612211189122,0.14332355152856988,0.2759010087167363,0.1314444963863611,0.09238061991002006,0.2241298614529841,0.10614370806979168,0.5359050300145912,0.0915449187875502,0.2843635910122997,0.27904702596278763,0.027740676222355543,0.13234270132891007,0.053104675884556585,0.7011301860258317,0.06469335391742709,0.06176198063057786,0.18551580825361969,0.31457321752974027,0.7116724681198892,0.4132250342146113,0.02260449875116255,0.7567537482111759,0.04931030661010871,0.6421102605888462,0.046670461684395204,0.5023803989328935,0.04774966736278968,0.8098552820810307,0.2843553566438853,0.2083914065486425,0.12077921555434146,0.17816697999343356,0.8584179249010871,0.5528087112989872,0.1774448568046881,0.5102797309572908,0.08541612395330705,0.3604161036043163,0.768192608636715,0.5660132188806952,0.034834065856458374,0.3257375102956541,0.7068423387235616,0.3560120141403811,0.05934789019631806,0.5340066513855157,0.26216313997680996,0.35488780157267197,0.12784147011485886,0.2387565025241007,0.46769677121890507,0.7450587587484667,0.3450477621215454,0.0314435931168742,0.24903125176283966
Brazil,0.05470473264081138,0.21929279011488895,0.05491838371441915,0.05816710280842324,0.033277354624751926,0.1276453897792647,0.021511941321051525,0.2136984145758615,1.0,0.23032133942111807,0.04667065308178883,0.25222122884267506,0.09717032635043182,0.06254349537284132,0.01721639303600625,0.27254648392152586,0.3223561173987476,0.02917225039987706,0.07381471045429891,0.1249881800874863,0.03120550481246087,0.05161914782822652,0.28966516079488036,0.19201535673152562,0.15402923392982884,0.048953684364299865,0.04628397398939524,0.04924445229055863,0.19612097453715344,0.13251491903735138,0.03188968312238505,0.1103086765197803,0.16935205558044694,0.3455772900693796,0.02582273699442561,0.024553052880346288,0.16679218866439852,0.07700228947310844,0.22564355633343502,0.2717040587889597,0.12384233998519337,0.14018445296292784,0.021018611791258496,0.049026902564323405,0.2681414521609611,0.12193919502021561,0.17868637108498447,0.2792679753484353,0.27362257798183964,0.31230448182779647,0.14704663480440935,0.12628455003453798,0.2823275508618972,0.2834479861693199,0.03969314220583231,0.13829796421969776,0.06527494942296444,0.027501597045251847,0.36746701017754735,0.158348941404067,0.03436113620157924,0.12911467511576638,0.10983037474379409,0.08112276907571497,0.25095577195246577,0.15377065730499914,0.21826048230058742,0.04669277216136211,0.2119525695071161,0.11041653386113337,0.33100249557530415,0.150485255328342,0.024421583274657405,0.06018005149552119,0.1435538500852058,0.01684535441875154,0.2091805828794394,0.24216363686795941,0.05778217681712061,0.158750130097159,0.012130022094565401
Bulgaria,0.11876529316907444,0.05952020296446561,0.3299207368334661,0.3748136098049575,0.302475764811343,0.05968849807519741,0.17703021338110211,0.7323792835513357,0.23032133942111807,1.0,0.21228006351473724,0.05649082580029344,0.10933657728109641,0.37313359026738124,0.2682948011189069,0.044639456934165905,0.8527820109643263,0.21038145001433226,0.10545591219287931,0.06969096566670041,0.27918660047177046,0.15687172742763564,0.8281625548771054,0.04639322528289466,0.05035848539491103,0.341457309682336,0.3260950235319837,0.20251093640182274,0.3564646878178356,0.4416985185405041,0.24699061839778616,0.4264564539569613,0.053116508625888265,0.8905780541526955,0.17546549799775216,0.1760379129557454,0.6698501499669184,0.3589426801996385,0.5194578029931574,0.04479563893239799,0.5189950451517279,0.5031360399686869,0.27538693756335425,0.17600390679164757,0.048959849025772245,0.09401977194557731,0.6663230950396386,0.05047350145845941,0.7863640292863969,0.06632543839405597,0.5428326086297827,0.07588877853651005,0.8149337485759067,0.04232940471250282,0.17444250722658708,0.28779686404348775,0.3786439727497724,0.2770084659111484,0.06913664984227874,0.062498634437055944,0.2908169881714915,0.06524868223665126,0.44616041336108464,0.12381893239349137,0.0296421409830194,0.05419502250455485,0.6484830223829352,0.15531732720313268,0.02108969572472047,0.13589300513545344,0.776871290660959,0.06461798004597946,0.18090547343907593,0.132421127996376,0.418839565154294,0.2178043912041017,0.09016759142573505,0.026695574836682945,0.14786464286768755,0.6156328793880165,0.19917039765914782
Cambodia,0.05877098699726921,0.20012511772819583,0.08017348013026188,0.07980307876257062,0.0771899741807687,0.12300775383707388,0.03663840733118098,0.2597478248018818,0.04667065308178883,0.21228006351473724,1.0,0.21929706005022612,0.06876818752009789,0.06207289981832276,0.05521098795944493,0.25195276262310795,0.34567031715515617,0.028529262403827332,0.07382303477616231,0.10952279505319323,0.04742326303613337,0.03466522985151366,0.3480905344798966,0.15538040141614545,0.1248343364064774,0.07103185846667262,0.04213016267359637,0.032990290756095664,0.22905091903371183,0.13841874549506517,0.07379588017587055,0.1467703223677118,0.14563483091869486,0.38355626387315167,0.06044971352855569,0.034669107567372126,0.21901213829575164,0.10313592408771796,0.2744057029467062,0.23380479991487546,0.16515439941795962,0.16973412969979904,0.04682087497432583,0.07897951826255847,0.2533409920925358,0.0985235829307593,0.2248929157901986,0.24594029597413058,0.3311648189192863,0.26836821979979575,0.17912956030319835,0.12175754689701568,0.33827241041896344,0.2749328673660102,0.02548259722939042,0.18287273232817666,0.0939815523636601,0.042656075754968326,0.3315583786952756,0.14419462106866104,0.039959522509518675,0.10775039704921602,0.14185938969688042,0.04217316099235269,0.24733718861131196,0.14713384391259668,0.27298149682538375,0.0682394257503516,0.19726332870626012,0.11398979156682584,0.35590326671385897,0.13294948182100688,0.01976355203241939,0.05329763984347577,0.16564034581076584,0.04596851612986477,0.15099545000510706,0.2253775564318794,0.0709017320809559,0.2013420842476486,0.04329458021231533
Cameroon,0.1386867467879185,0.08869481677346633,0.35488777755530077,0.395947410788644,0.3403060400134719,0.07520417360788129,0.1976452106051731,0.6587070873667112,0.25222122884267506,0.05649082580029344,0.21929706005022612,1.0,0.1204442505754996,0.3827727783033367,0.2960905073404327,0.03399732482772752,0.7568967929441103,0.2284802542606727,0.12095701032627124,0.0879785409983175,0.3036993182010036,0.17325136103653868,0.8188092345100413,0.04311835953613932,0.055281635695905496,0.36324521896068046,0.3335898749593938,0.22197063205069212,0.3100423320637533,0.491396632032715,0.28238952064217493,0.42798561480758845,0.06566518799970622,0.8640745334763531,0.20743264478408827,0.2041096371458267,0.6413172339685467,0.35809304187858754,0.44805638478494464,0.03389632405458348,0.5239198343034099,0.4847328391905007,0.29564181523096555,0.21073878143627278,0.029376130501147596,0.11825879404886691,0.6266552665037727,0.034450161644101474,0.8022320412285946,0.03286201407863712,0.5101714337090091,0.09328253547062235,0.7952244528676581,0.05121446344424957,0.19873202423600345,0.2723186045284124,0.40611902508846764,0.29613966047873885,0.08832713587697796,0.0804358888501839,0.3091495511340255,0.08579798009465725,0.43993844133918447,0.12353159777357947,0.06112181136940825,0.06281219173738165,0.7184019310398102,0.18736934657606866,0.04392253500825097,0.17084535412944452,0.6853494916400378,0.08045791124990362,0.20497112994314654,0.15693426408491715,0.3700938212710785,0.24853117063391564,0.12516035746304421,0.04708578581600789,0.17853282766872805,0.5874253051821763,0.22824771975164282
Canada,0.021704825188807925,0.09452464681413872,0.18280046676048722,0.19320459670372886,0.15954349846691623,0.03269987493620577,0.053639471141928935,0.410699524598255,0.09717032635043182,0.10933657728109641,0.06876818752009789,0.1204442505754996,1.0,0.1652278379999818,0.14074306498387515,0.1451320282376875,0.5004554800716551,0.0934576555770052,0.013127163002974424,0.034382202911778015,0.15603696380224114,0.03737752912516529,0.4968746009116066,0.07549886431116884,0.051049282965773574,0.19686627172356352,0.139880859083817,0.06711208154094145,0.2123919474407805,0.21679081184082535,0.1009265822071882,0.2632851942553298,0.05215470794247923,0.5384226298599502,0.05791661180687144,0.05310900622442746,0.3677190639766559,0.1858806695114109,0.3224025990653566,0.13111188919832034,0.30777958247322046,0.3182270670569457,0.1245220622509618,0.06401957119649032,0.13890169466993157,0.06406250570544297,0.3773217424107179,0.14623022939008468,0.4802312572264449,0.16530531935407503,0.3312267278815565,0.03785632711024803,0.48792681852515507,0.16303282417443457,0.053486866351513784,0.20389092756493357,0.22679180647939007,0.15078250745323377,0.21347763661285124,0.048996797866520225,0.11715276598005692,0.036039414124693914,0.2821621604688623,0.02815341580341496,0.13754677782576524,0.048070455162817466,0.4225994749458924,0.05819948600819591,0.09581194194599071,0.09499169855374556,0.5078702317117098,0.04058692498164379,0.06334630626531271,0.028410883669415216,0.21352839096693216,0.08315881716947157,0.09322436487863658,0.11720326339614118,0.05027246225476911,0.35146000617494433,0.07046093676621029
Chile,0.17277017144746212,0.3100904543578356,0.040530114480215484,0.028547878811830907,0.04796599226918383,0.262119190643325,0.10867860314489491,0.1250696105264543,0.06254349537284132,0.37313359026738124,0.06207289981832276,0.3827727783033367,0.1652278379999818,1.0,0.03907274318814824,0.4114018284095294,0.21046773028123056,0.05051877343247835,0.17928012438570343,0.26111166621498194,0.030653069058456356,0.13339876772392847,0.21124795733158022,0.31541678601654755,0.2843315997374115,0.017168371002477173,0.017544581273039123,0.11366314648016573,0.16805606703307363,0.04421170933662971,0.07619913427804773,0.04889206624111911,0.30688263995278203,0.2465007091480594,0.104546548215431,0.11660816266826168,0.0907415834268879,0.0646733756198907,0.14778330670423562,0.39383956191602887,0.044615594022142935,0.05290148205035655,0.043003531761663744,0.13220603548730334,0.4103647921211182,0.2098424216129824,0.09366918877095096,0.40776872306443435,0.19516988083656844,0.42961923944255065,0.06389912903476591,0.2460605412007965,0.20222439491188188,0.43377620375390885,0.11021668790041608,0.11774438146459154,0.02136417017990286,0.028072190545014142,0.4909864182161866,0.29509718953632064,0.04250974390459167,0.26317861833439693,0.0447345628283673,0.13489900479717806,0.40759099925664116,0.27550376294212464,0.1367113085154599,0.13326553666823798,0.3574490871949003,0.1533017844018795,0.22145716899833154,0.2864097347648951,0.08688681615970564,0.1735511615421958,0.09694488122925282,0.0871816996396304,0.2271628519730187,0.38485235561653064,0.1627861811029943,0.07669918666915451,0.09791651129439505
China,0.0803130190169028,0.27043480605531844,0.025159590672436283,0.03982992269029495,0.019211768581098465,0.16916355784938125,0.04147065343929732,0.19006991194103373,0.01721639303600625,0.2682948011189069,0.05521098795944493,0.2960905073404327,0.14074306498387515,0.03907274318814824,1.0,0.3256506173303165,0.2823139522767269,0.0202993900268002,0.11044482086609494,0.16569664571136927,0.012000312274760977,0.08001746766633444,0.26172045144328443,0.2371733197386354,0.19384713835822798,0.0289345723723336,0.040627926558384986,0.05605005974123667,0.17938523649313198,0.09835892485829098,0.027922912287379864,0.0812489733055391,0.21354144496364483,0.3173409636592496,0.03560398674535484,0.037131761960243204,0.1420837815384167,0.05392154530292309,0.1942990013572791,0.3232097048660053,0.09364776285429824,0.10187606218949646,0.02453444458137824,0.058300864279861475,0.3165714603073233,0.1435506117981142,0.15464066012658312,0.31751119974124425,0.2532170768710402,0.3620022405993861,0.12139169863061419,0.16660480503816627,0.2521021277545267,0.33488923658113207,0.06574306591860143,0.12686161131049695,0.03974323701563956,0.011787666378013373,0.4000358448582588,0.20760498839206296,0.03397066055326675,0.16950487883702986,0.08091628881195187,0.11481543485097012,0.29739672574235093,0.20174613920500853,0.19346223510950525,0.05424058228982975,0.2596538119266185,0.11349828108288049,0.3040124847579438,0.19419940186567583,0.05172955932161222,0.08592707232933233,0.11768349989036048,0.026735863545492622,0.23830344410350102,0.2816296541990765,0.07385942767247772,0.12757939934800475,0.02795688963047316
Colombia,0.15727879403454362,0.0820632977675046,0.378735502657499,0.42117315425949275,0.3564974706693522,0.088818829370363,0.21795858824435535,0.7341268826380191,0.27254648392152586,0.044639456934165905,0.25195276262310795,0.03399732482772752,0.1451320282376875,0.4114018284095294,0.3256506173303165,1.0,0.813319195471734,0.2582159884531263,0.14772980445996353,0.10740701769062899,0.3330433588992138,0.20439845535777168,0.921317264474186,0.04754691809245162,0.06744928606559161,0.3868819121479625,0.3641689897395105,0.24696815702971528,0.35101250056787714,0.5291348001984427,0.3008788065918081,0.4849634512635458,0.07864037186059122,0.966813252821322,0.23419858879624197,0.2250053826930076,0.7227181723653571,0.4118562142415073,0.5120862734587324,0.035960148470617764,0.5687264991709253,0.5547734562226818,0.3201858471356456,0.22726988293488706,0.027177216233144758,0.13012627879207925,0.7153743445846741,0.03922842877869523,0.9040431061237146,0.0335420733004069,0.5767936801150825,0.10695023890216696,0.8902157058561144,0.0293784126330707,0.2195139467509238,0.3157807635358747,0.4276271862764831,0.3233517760901107,0.06382889815168621,0.09251083112275332,0.3359756114420844,0.10446199991533037,0.49542632349390847,0.16096008134739845,0.04298064850601624,0.07423886827337947,0.7893583960605575,0.20987904183014905,0.03322515251609387,0.18000824811618713,0.7365889656987807,0.10092636993786333,0.21980178124612101,0.18117059822307108,0.44106644337757983,0.2722712582582455,0.1301779152303695,0.03066459567608501,0.1963715712889196,0.6634098108454604,0.250862979114117
Costa Rica,0.4613707023510414,0.6840428260388766,0.22799417128100447,0.21365074188883484,0.2637610070571892,0.616259611332479,0.37462009975250476,0.06419931858183037,0.3223561173987476,0.8527820109643263,0.34567031715515617,0.7568967929441103,0.5004554800716551,0.21046773028123056,0.2823139522767269,0.813319195471734,1.0,0.3197088155979967,0.49211129279118593,0.59329883013242,0.27229692216530305,0.40258070575910654,0.05214603376635024,0.6765557725998081,0.6444646094950126,0.23787305377833648,0.22891036912651028,0.3664694735838908,0.1835169445033695,0.14996730473970576,0.3211769816106145,0.18827418776201432,0.6572490830995403,0.048850271706115195,0.3877066144524024,0.3778287015925236,0.07549430277622435,0.22727988686262804,0.10392595418075956,0.8180036579723686,0.1451891168834551,0.13924755530760438,0.2775523127777242,0.41345882539901413,0.7929485524300803,0.5253249735042758,0.07310940649130176,0.8430634712471337,0.06405841500672843,0.7354293196627597,0.11255178984079175,0.589438519064235,0.053426934735624404,0.8950596294121185,0.3771813243233012,0.29731817202200794,0.2127384921901062,0.271200647314334,1.021434051382026,0.6410166517165756,0.2701759555771287,0.6050192604739753,0.16474116553062912,0.45622672996005553,0.9093850944906426,0.667679769311757,0.07660560183527754,0.4240775672935718,0.8188753539239757,0.47639473762680185,0.04329406799013319,0.6256649657623745,0.36108062835194377,0.4472276293347258,0.19422459806501172,0.337000311447443,0.6209773407906551,0.8352477378043601,0.43984413595745353,0.09960795094613245,0.35180251639761495
Croatia,0.057923150257851774,0.2064747401361469,0.027864343877813502,0.04776288760010622,0.020286697665318182,0.12033684471119405,0.03247995604175846,0.21370166252675188,0.02917225039987706,0.21038145001433226,0.028529262403827332,0.2284802542606727,0.0934576555770052,0.05051877343247835,0.0202993900268002,0.2582159884531263,0.3197088155979967,1.0,0.07572746837939637,0.11235372665809712,0.018155254348196675,0.050115589233558605,0.30081835633520676,0.16600900091465423,0.13426642427001773,0.03293604260385852,0.051552706495510026,0.04712127232928959,0.19314279682410276,0.11423816458482675,0.0224548534919711,0.08233315061197288,0.15430199434183584,0.3482076771149797,0.03257157006506339,0.04109828558657769,0.16341128797979965,0.057280157617868005,0.19966630644737696,0.24569310881369658,0.11086856720462421,0.12163577249967561,0.030436842671412057,0.050843971254873555,0.25381674099317764,0.11301459129880939,0.17758864989396508,0.25236634460602525,0.27681198378609145,0.28607802885673717,0.14896840162068514,0.12157391862694375,0.289768696018911,0.2750305831496391,0.0443846590926133,0.12039895238480378,0.042827627533003065,0.02082579900053569,0.336542329247946,0.1489248024025936,0.0422128002166586,0.11448291445067613,0.0887201299324592,0.07560200200479159,0.24479042888152647,0.15037767120346346,0.20955762688206955,0.04954031578995863,0.19695479195140028,0.09753153141920065,0.3374134411967961,0.1359289850786291,0.039771441998316254,0.059793993024455094,0.130508708168354,0.022510763704778308,0.18129551117329762,0.22210021536348173,0.05915339299012057,0.15367027502661412,0.028854027577856045
Czech Republic,0.013992915056449062,0.09912718955752872,0.15005357400295702,0.17779977402901823,0.12900379856678104,0.02863336875551084,0.03968119172223977,0.4019098875742879,0.07381471045429891,0.10545591219287931,0.07382303477616231,0.12095701032627124,0.013127163002974424,0.17928012438570343,0.11044482086609494,0.14772980445996353,0.49211129279118593,0.07572746837939637,1.0,0.02558457282786525,0.12733125959232658,0.02627027048551253,0.4833749535349643,0.07742134302708278,0.04645818806864055,0.18145453256518723,0.1313499802784797,0.05973364348798399,0.20805751456714808,0.22442503462501448,0.08148246253991268,0.23750081063790351,0.05196131038558047,0.524923119467536,0.04533927231146842,0.04053700989084555,0.3604151612359215,0.15538233066699775,0.3058054798313559,0.13734473257006163,0.30649728670511445,0.31329053876615753,0.11189696302580146,0.05171930670293717,0.1414058017680564,0.05107445121903992,0.36832626490656617,0.14617205841948275,0.4678804684191985,0.17137644572781144,0.3283557325019121,0.0353848890008473,0.47464951782323883,0.16407211545965647,0.03971204067146855,0.19324034932413944,0.21217774783412865,0.12142053957296117,0.21662235809596883,0.04571372970402124,0.11168544647161868,0.030725841422907074,0.2576668485192759,0.02148200471757744,0.13637008708610845,0.05178376149844163,0.411360164869804,0.04336357310107908,0.09433443690447449,0.08268233367517827,0.4992033903443776,0.033156306712365385,0.050031924612246814,0.017303339555827885,0.1903535482718134,0.0630264378281318,0.0982400795183449,0.11696696326041475,0.03409897350811339,0.3462831819535031,0.05318980621796224
Denmark,0.03357872800685888,0.06636229387944409,0.19308560351597517,0.2542922865450583,0.17870597483925837,0.020343222527123866,0.07486012660979485,0.5022080594190348,0.1249881800874863,0.06969096566670041,0.10952279505319323,0.0879785409983175,0.034382202911778015,0.26111166621498194,0.16569664571136927,0.10740701769062899,0.59329883013242,0.11235372665809712,0.02558457282786525,1.0,0.18149050866461142,0.057525975357364784,0.5826705421573839,0.04551774084416041,0.02350036183404028,0.24151924749980525,0.20296179568351153,0.10268635240513718,0.21154109177572783,0.29888637695300924,0.1309840558553657,0.26233834437509457,0.02797682248304481,0.6244883831643885,0.08900588639583082,0.08016622274014815,0.4593360764958897,0.19603131155447714,0.32760648374389734,0.1010780901686778,0.3669680150648753,0.3322389111304319,0.17264725484353521,0.08408676154233394,0.1040271316537732,0.04272675702357706,0.46079706117229746,0.11104315115598137,0.5655346011253792,0.12696549128172785,0.36786493260716224,0.024380280022062245,0.5736816716485109,0.12347785701845854,0.07614392547339399,0.18460854935247184,0.2677714314262053,0.17672246120525645,0.16459933668762983,0.021701023265344982,0.18564441822388056,0.01542754579780345,0.28342141636169194,0.04014813469072573,0.09476505376307295,0.039463866406851345,0.5072995424161989,0.07237172689004007,0.06390433181381958,0.07505462774395541,0.6030442017398566,0.013544974159586914,0.08197224092210809,0.04113376919030198,0.21863807840612343,0.10747843994727732,0.08643159508601686,0.08169271430298711,0.058178336805507935,0.443978244061233,0.09845871587941415
Ecuador,0.09160780158183585,0.27945085330736935,0.020577518232399783,0.03634629789288285,0.018036262522155427,0.18431269123209287,0.05518767393654153,0.17885443701955264,0.03120550481246087,0.27918660047177046,0.04742326303613337,0.3036993182010036,0.15603696380224114,0.030653069058456356,0.012000312274760977,0.3330433588992138,0.27229692216530305,0.018155254348196675,0.12733125959232658,0.18149050866461142,1.0,0.10221566998006695,0.2620071616858751,0.24877484679629913,0.20905788765015434,0.022776961146522223,0.030400271511875937,0.06322823963102725,0.1854199188207596,0.10081272277659356,0.026029045000444645,0.07571496070077938,0.22810263921502136,0.30594150867916614,0.04180928709481535,0.05274674674991092,0.13510271766450477,0.04848454100966268,0.18839144325774146,0.3263563315236757,0.08776198608318836,0.09689365123234042,0.025280574566208164,0.06540382774638587,0.32684124618214894,0.1482479038658265,0.14637457932462883,0.3255811412835898,0.2465464549202473,0.3641208821066249,0.11444655486120298,0.1822352599439908,0.2520843834377804,0.34596954745295944,0.08264175597039083,0.13303276921216675,0.03503762166579466,0.0091053447486808,0.40754495529733237,0.2198157237743805,0.0335144457302646,0.18721715248543255,0.07676158673325922,0.1286671981166406,0.31176180514209234,0.2156935592414758,0.18383452706138118,0.0659934173806743,0.26881951423601136,0.11520998103997473,0.2903657658169289,0.2066356439819352,0.05859934012836168,0.106317922420084,0.1159605629376535,0.034540248384414884,0.23681562202542705,0.29177539264963176,0.08216903861076952,0.12168671934214373,0.04382382870577836
"Egypt, Arab Rep.",0.017732253098527634,0.1530427237950449,0.10434627076509892,0.10875217779992505,0.08380011807627238,0.06585777833516857,0.015430746556917813,0.3154389795017508,0.05161914782822652,0.15687172742763564,0.03466522985151366,0.17325136103653868,0.03737752912516529,0.13339876772392847,0.08001746766633444,0.20439845535777168,0.40258070575910654,0.050115589233558605,0.02627027048551253,0.057525975357364784,0.10221566998006695,1.0,0.3985801863441748,0.11742030945367407,0.07820337968901034,0.14599247745716082,0.08879482733394542,0.03505629402347876,0.21585730074600462,0.21360968933980212,0.049524471863718444,0.1868425603842283,0.0956624194619444,0.43531428672321576,0.04117307042731788,0.022330552811118426,0.2731608107084671,0.10407135341176871,0.2785014051315978,0.18909093956024914,0.2230594625208721,0.23252825864830512,0.07071256409960605,0.03728983693437002,0.21270910939045223,0.056383115301494285,0.28296721990036044,0.19529613302018492,0.3794184472848305,0.2212986510141686,0.2452597208649699,0.07048928096079762,0.39020022495397544,0.219052970070568,0.013843319650605979,0.1683540902078278,0.1648464676413233,0.10628641020375393,0.26756018705166984,0.08882839622199182,0.07489564784811945,0.06039053696147542,0.2065766962931703,0.01751914934138188,0.18648448494567887,0.09152832337680006,0.3229593562493596,0.041919766797748725,0.14018918899166452,0.07886970222126322,0.40986774839769,0.07962044423553974,0.024948549311746893,0.009847571278274736,0.16863656212310046,0.025376761088993116,0.14362818248656378,0.16902159420368465,0.028186116478213286,0.26109106335601645,0.02490438013711735
El Salvador,0.438940189717939,0.6681154462962172,0.22087211904002335,0.2026035060495927,0.252102906172594,0.6114470418682331,0.3525611818905581,0.05954674786686162,0.28966516079488036,0.8281625548771054,0.3480905344798966,0.8188092345100413,0.4968746009116066,0.21124795733158022,0.26172045144328443,0.921317264474186,0.05214603376635024,0.30081835633520676,0.4833749535349643,0.5826705421573839,0.2620071616858751,0.3985801863441748,1.0,0.7263326204857876,0.6659114183465898,0.2203753058812559,0.2315548117090048,0.35424935022011494,0.21451971204910097,0.142380767816963,0.30182743995982675,0.177758840662032,0.663211346738577,0.044868214963576986,0.3601953411340725,0.3529792003571851,0.06702797834872393,0.19664549592039002,0.11091366982747847,0.8902257048104629,0.13312470411546048,0.12997882197419353,0.2662023827716401,0.39458963127993396,0.8905255087678439,0.5422439727733135,0.06759768496461013,0.9405556902034604,0.035176541087602625,0.826128903773456,0.10242033742802881,0.5893929665422522,0.022865119883855617,0.9896613303580173,0.3691244918845714,0.330265338657484,0.19779350415417596,0.2575488822851598,0.9893076044583082,0.6345460911248353,0.2608477801601422,0.5918735704848019,0.15135094875298935,0.45010664820039226,0.8705332563478962,0.6735046161073427,0.059150178804343284,0.40199141635909363,0.8347861491436006,0.4974944176362194,0.05847327388273402,0.6151259272249638,0.34860375460764215,0.43209198735357857,0.17892605985849452,0.3139513696803593,0.594902082709241,0.8832272827277745,0.42603203698415526,0.09090487313332052,0.3247374834591923
Estonia,0.08683097177763299,0.07181923268058754,0.2623651558772849,0.3124856505560359,0.25209843418124844,0.04871839105995321,0.13195089353578585,0.5735302018305706,0.19201535673152562,0.04639322528289466,0.15538040141614545,0.04311835953613932,0.07549886431116884,0.31541678601654755,0.2371733197386354,0.04754691809245162,0.6765557725998081,0.16600900091465423,0.07742134302708278,0.04551774084416041,0.24877484679629913,0.11742030945367407,0.7263326204857876,1.0,0.02081228510023811,0.30081377547058713,0.2634345198488305,0.16093038726032236,0.25654182162090355,0.4299837331953621,0.20282266606310229,0.33579696995376374,0.03205994282217331,0.7722313465418482,0.15402745712379157,0.14184623481839437,0.5454177691753478,0.2693798848034229,0.3818144890676419,0.049325249822936124,0.4360494726259064,0.40095859598023387,0.23311287304099618,0.14779509637364124,0.04832216845812232,0.06467373141630306,0.5373074884990052,0.05751498413854883,0.7086913088677623,0.049761250088515036,0.433476913004779,0.052875846805390536,0.7046197754655831,0.06608841778092575,0.13021431479209414,0.22283845191011237,0.32505828624040733,0.2409549976067011,0.1057397652097436,0.0451281202493663,0.2416367502108884,0.0434151425424851,0.35037141748345424,0.09565403816036358,0.06358956886263253,0.03705138021472021,0.6250508953899518,0.1332511123893023,0.03623533051049385,0.10961510602919239,0.6583276844367001,0.04746576426802554,0.1292898716211041,0.09825038227614172,0.2903741103568491,0.17634185423170345,0.11600610797082872,0.04385420250605354,0.11928823268185293,0.4968586433232509,0.16474384327362904
