Country Name,Albania,Angola,Australia,Austria,Azerbaijan,Bangladesh,Belarus,Belgium,Bolivia,Brazil,Bulgaria,Burkina Faso,Cambodia,Cameroon,Canada,Chad,Chile,China,Colombia,Costa Rica,Croatia,Czech Republic,Denmark,Dominican Republic,Ecuador,"Egypt, Arab Rep.",El Salvador,Estonia,Finland,France,Germany,Ghana,Greece,Guatemala,Honduras,Hungary,India,Indonesia,"Iran, Islamic Rep.",Ireland,Israel,Italy,Jamaica,Japan,Jordan,Kazakhstan,Kenya,"Korea, Rep.",Kuwait,Kyrgyz Republic,Latvia,Lithuania,Madagascar,Mali,Mexico,Moldova,Mongolia,Morocco,Nepal,Netherlands,New Zealand,Nicaragua,Nigeria,North Macedonia,Norway,Oman,Pakistan,Panama,Paraguay,Peru,Philippines,Poland,Portugal,Romania,Russian Federation,Rwanda,Saudi Arabia,Senegal,Singapore,Slovak Republic,South Africa,Spain,Sri Lanka,Sweden,Switzerland,Tanzania,Thailand,Tunisia,Uganda,Ukraine,United Kingdom,United States,Uruguay
Albania,1.0,0.12130641425242922,0.09290323144062992,0.11325115939923396,0.10854014565557812,0.08214941448878935,0.05799223830439912,0.04411678045972465,0.24370758407331897,0.05719904507694969,0.13689260381188106,0.11246261747288284,0.06703135976353095,0.1718259008186018,0.04586693342733564,0.0840698103246145,0.12468156823325863,0.06779541307929704,0.17120346957728005,0.3168840572831246,0.07093330713025688,0.02917538733303719,0.05103659512375194,0.10669957406773782,0.08185703065371555,0.03194576298488631,0.3280730433361662,0.11166774177854798,0.08527817582508389,0.09899771229048242,0.047167457241513236,0.1953662173987329,0.1452150878618331,0.19017020630916054,0.06113094493227712,0.13534436152326534,0.09112610412345795,0.36052052118532046,0.22481672012650236,0.17647338356581857,0.04116107551820739,0.031830401692565506,0.2188631109797615,0.1148841948841517,0.2186887858047259,0.1754078068737527,0.1604789323308399,0.16272000387565191,0.08354195705157397,0.08162436305786822,0.03834683642677017,0.16971865572134562,0.0777862288825953,0.29523705804222006,0.2233603786124241,0.14791536775915934,0.18495477975285443,0.31090032130371037,0.1829420691534319,0.1827954548739433,0.0604635517462571,0.19165730433877406,0.31033521052734514,0.188882110818525,0.037917600941094254,0.1290622076156224,0.11426631839781094,0.07733203376739196,0.22195569765952033,0.07243852863985555,0.08338155681272168,0.05578860735162171,0.14289267950934137,0.040241116772117724,0.16173458189582546,0.14334224196233086,0.08230556269359783,0.26070777626688885,0.05174966575919129,0.0382841705449961,0.12840926982852918,0.0710223187297338,0.3071927767060242,0.06327583526771215,0.05157644442520824,0.017434083914779703,0.16602202341832642,0.045237931358181487,0.2496995984312825,0.1494786569947221,0.023864258238805836,0.19810594939736245,0.04318571791714575
Angola,0.12130641425242922,1.0,0.19525142187332095,0.04405427815537548,0.19737065551091232,0.1894331215520598,0.07807548021407684,0.14942744517258924,0.33717060228917567,0.15619474156311997,0.08474602009934541,0.19558034849621614,0.14720166676366656,0.15102506239978897,0.0911963720827781,0.1747074034973281,0.21194507670312082,0.17364321672279812,0.11722725970605323,0.4129760880490304,0.17892802259419174,0.10489961761147762,0.08776503903949699,0.21443990777471758,0.1810340630756537,0.12363550135673708,0.4150969098790362,0.11333489604602312,0.10981232962539654,0.1968000261460604,0.12606094596216993,0.302264761524824,0.24453635389222886,0.2699619891644985,0.16896325123824202,0.23854096308395442,0.09611039896360644,0.4506247660506319,0.31646063921859074,0.27136447076157927,0.15396278454700596,0.14375020320501988,0.30714073315486023,0.2176922044850139,0.3327983802957654,0.14100907354228326,0.25660315702310155,0.2621111663167372,0.16577851361085366,0.16435852155105685,0.13697257729596668,0.12076050335699864,0.1766370520476078,0.37424921513312726,0.3120943127142174,0.24878941930586518,0.1426459630692059,0.3977124723351706,0.12693080687504704,0.27986847552133154,0.06711407028737287,0.2746988929527323,0.3999877793546339,0.12620750945703696,0.13409563482036993,0.2294057593317525,0.20995379592091756,0.17542651260988212,0.14553185348136552,0.057516809073724265,0.16655855204022516,0.09345309714201606,0.24153639328010712,0.10895981691108188,0.09706983657442768,0.08244204635852403,0.09083940091407515,0.3472740636367431,0.1456950288096039,0.1480010380405472,0.09242498933021616,0.14206484366794675,0.407182965679996,0.07353914772244213,0.14738342113528335,0.1182747370523705,0.271341552607464,0.14378677547478422,0.33616081082056104,0.1021719868200335,0.12474599188064221,0.290468303550975,0.14283242870232896
Australia,0.09290323144062992,0.19525142187332095,1.0,0.19771269766783436,0.039971776977194035,0.016712443749509493,0.1460650857067416,0.05958086101428626,0.1562624242533577,0.0429683477292034,0.22678318993534394,0.07581802774028076,0.07352314808572,0.2549174647338354,0.11435897088781305,0.03670379745555628,0.058275642702707936,0.02816768256777821,0.2579988523566967,0.22638931113340546,0.04120455562716872,0.10367490438585344,0.1384511689854512,0.03069057122354149,0.024729290843887287,0.078546165050627,0.24185380405948187,0.19528169338659607,0.17008493303376582,0.02795740178709282,0.07125527427916956,0.1451219588565207,0.056003595156194165,0.12289692252898228,0.04006190801830114,0.04797774395281781,0.17585146588697304,0.27207795196265755,0.13847599087222554,0.08849397702015097,0.05995735518555844,0.06817207567250669,0.13366910637368704,0.032556991576023805,0.14098103352097605,0.2615743428144506,0.07479285719176254,0.07245846421718595,0.14309118337492682,0.045547870256849754,0.07322466741066899,0.2558441557739618,0.06555787871078128,0.21855079766996793,0.1363907167775296,0.0790053021704753,0.27178458626710117,0.22684219617462076,0.2638816276628092,0.09148270410165532,0.14055366079967274,0.11145240342119292,0.2247875914209691,0.2777764293229195,0.07242711031166868,0.11440188739350388,0.033669009658414066,0.02925104279828245,0.31112564095140527,0.15608091210395478,0.05257672631364869,0.14229501274016707,0.05204599142319998,0.09894824302253526,0.25185744524093717,0.23110631060830886,0.1704244742662846,0.17849267526125295,0.06955518921580942,0.075241562490894,0.2188919925986342,0.12215519090726329,0.21826588831281474,0.1495162958145306,0.06327160325633789,0.0872021807465535,0.08583318818285435,0.05370759816574519,0.1642124944417408,0.2393542664653462,0.0879921065496553,0.11132643276707341,0.05628402150438047
Austria,0.11325115939923396,0.04405427815537548,0.19771269766783436,1.0,0.20295845198550816,0.19021600631880048,0.05914939360511912,0.14618450396783042,0.3436790907649808,0.15717360761251956,0.0523884530949896,0.19630644164385236,0.14670015110069903,0.1289548146808556,0.08798628745005933,0.1787542960675662,0.2174107804449487,0.17355462784475917,0.09798258962986407,0.4198771975468005,0.177855995113147,0.09902994719863713,0.07328700187268364,0.2152053098626194,0.18401416274144552,0.12141185068497196,0.4230753857394531,0.0926585344489673,0.08827850821461158,0.19933068577485913,0.13065690099724678,0.30001395256483315,0.2495867332471855,0.27530066165024836,0.16841022512456602,0.24156293782147856,0.07623116594228031,0.4586281072303931,0.3228508246425319,0.27912778254065607,0.14924780517949424,0.13667742858335655,0.31436186767268315,0.22134532331063497,0.3292213123671963,0.11806182654907033,0.2610226200901492,0.2666141967862759,0.140529666053163,0.17105569051324152,0.13687673371408765,0.10043611544839505,0.17755144370558298,0.3813327560678571,0.3202089357647298,0.24739156786195118,0.11982716580950008,0.404871743563844,0.11789801018820101,0.28606782125564284,0.06287262459727805,0.2825445579149994,0.40668695405664923,0.10297280438937333,0.13027933449101603,0.22492264752656427,0.2141215248441798,0.17758728268061788,0.12309446532871868,0.04886296351373368,0.17053930898892786,0.0781413303154758,0.246704644908303,0.10591301295419518,0.06710706852173394,0.054994374603435904,0.06329893958232177,0.3543035740715371,0.1427098279941651,0.14250584759607238,0.06135529394778774,0.13775579505037577,0.41337329600589795,0.0618206055365747,0.14511686001396784,0.11331550180563733,0.2743706350472088,0.14498399905218712,0.344356510766617,0.07282564364146912,0.12060045810960188,0.2967148523372558,0.14273749816882314
Azerbaijan,0.10854014565557812,0.19737065551091232,0.039971776977194035,0.20295845198550816,1.0,0.04808875160616786,0.1572963875051442,0.07397055555192192,0.1432930232708453,0.054189073631852616,0.23841022218629998,0.06129836936336533,0.07048961250209947,0.2761445738564078,0.11946797459631593,0.029983069679110075,0.03489501677502271,0.04700575471469707,0.27365539855815496,0.21852538491339676,0.05577654272289465,0.11452966680466224,0.1538655700686586,0.05140412757229457,0.03775651249158432,0.0870158451296513,0.22553841511218625,0.21606554581105858,0.19042902560715455,0.024540178748401573,0.07641546327442633,0.1755861031888387,0.058502837406255406,0.09884467528552017,0.0696043942598474,0.057487464246717454,0.1943945656557993,0.258338186120409,0.12415255060058213,0.08689173233922842,0.08432785630097805,0.0837774607491824,0.11583540544640233,0.05846368230442767,0.1519265348729608,0.2799200202076383,0.06332552681308162,0.07049702024556147,0.1663883048308364,0.03521407917775859,0.09301789137154398,0.27192029384573746,0.09475402352519025,0.19649561133638027,0.12075213123542657,0.07170719064314932,0.2897371322932399,0.2092284886345039,0.28069434530470094,0.08821336291253216,0.14881627920726698,0.08907708357791984,0.20938608795264707,0.2917160780225078,0.0803277814602759,0.14959391499027913,0.02635558949560109,0.0368209323938492,0.32193149129877796,0.16629565117029715,0.037995448524658734,0.15974616633196442,0.055056629320147,0.1026533998671407,0.2622837534046559,0.2431710870940006,0.18611840847113717,0.1595183042196533,0.07611382392067233,0.10063858550081861,0.23300978747828502,0.14782591406619114,0.2146983475008381,0.16284564615995403,0.0693882982996637,0.10156831059207148,0.10594653510640967,0.06904788082683903,0.14606395449142448,0.25357961028559894,0.10711591181558881,0.09695862614239682,0.06956838682554564
Bangladesh,0.08214941448878935,0.1894331215520598,0.016712443749509493,0.19021600631880048,0.04808875160616786,1.0,0.13735052878254966,0.05232025020627028,0.16654442341102946,0.03826259918446754,0.21744428322018966,0.08087473306840617,0.0725232003931003,0.24367021631827634,0.10836494612645974,0.04052381119075967,0.06728754402965155,0.020341382055912124,0.24798130374680083,0.23620625664688646,0.03201810507376529,0.09578729059778304,0.1288565764990436,0.031256063823887785,0.025438725280925136,0.07194614933542505,0.25295114374106614,0.18443941340830824,0.1588160697330213,0.03542537657438367,0.06601714367328011,0.1418694632216686,0.06562845052044314,0.13335298758169706,0.028881222267346657,0.056113122612952836,0.1654551465836214,0.2826997890600084,0.14946395944195326,0.09665880041772389,0.04981560949262623,0.05880439452799681,0.14506727767825348,0.03574790837527141,0.14501452966679082,0.250685164126622,0.08543396663441186,0.08272241871138489,0.13272912411613325,0.04794337508370916,0.06273236655762782,0.245631140707598,0.05564206608380256,0.22975377625304502,0.1477669813086549,0.08580008263413404,0.2611538982552534,0.23774592233632896,0.2543404613640083,0.10189249941980834,0.13308177211728267,0.12330941800054326,0.235484247228327,0.26806871192453663,0.06626128953771791,0.10749686525523768,0.04430858405320051,0.029976048480016792,0.30234290358687366,0.14796451721348597,0.05496091766484974,0.1321951698127724,0.06247064533453186,0.09296946965385834,0.24271880021916148,0.22242265158605176,0.1607935307579196,0.18928691858573563,0.06490811455304012,0.06424546591059334,0.20875187710419904,0.11055326107612425,0.22676757893350824,0.14022355516319573,0.05864455153103195,0.07844133897119261,0.0892394640294116,0.046987837914746665,0.1755872815501831,0.22944491320803384,0.07730075381353178,0.1223602150419961,0.049845658403359916
Belarus,0.05799223830439912,0.07807548021407684,0.1460650857067416,0.05914939360511912,0.1572963875051442,0.13735052878254966,1.0,0.09226183234496717,0.2952635211514746,0.10661384806226075,0.08269587262165609,0.15098444572607922,0.1015919904718517,0.13527411645486248,0.0447036976629398,0.13142694737555013,0.17105221719190183,0.12180734782434276,0.1242709710432204,0.37031487220715253,0.12441147782809556,0.04565038880744087,0.02303311694551664,0.16149049526127815,0.13292022223856087,0.07125306374892937,0.37723359483066643,0.07813867275840256,0.05929101278317261,0.14957354788533447,0.08616152936764969,0.24497222452694653,0.19826272048104762,0.23252746290396437,0.11472162649447744,0.18884968804285898,0.05774288449673837,0.41160032626301074,0.27500395362951274,0.22971956542595293,0.09278632860039161,0.08265026048093214,0.26809050240070254,0.16938403315573708,0.2733005984963042,0.13245236878525002,0.2116710964431639,0.2157192783822955,0.0896908756968414,0.12612567080126524,0.0851663159678062,0.12395536299395446,0.12748164621127325,0.33934329176832184,0.2732496207472672,0.19649500288855962,0.14001720675298351,0.3592864912727875,0.1407304152849632,0.2361454184584109,0.02560435299195358,0.23891845682370985,0.3598119407703697,0.13765751277261007,0.08005119837031577,0.1693128687378272,0.16466969351629684,0.1273293529735007,0.16701967844826265,0.02804702625034986,0.12687952890201418,0.032123698543521456,0.19583055684963094,0.06085141064456202,0.10662093806756347,0.0883084601885238,0.04035395072674118,0.30875253706850153,0.09175892670831086,0.08534887910935873,0.07827837499582019,0.09216001618212499,0.36158880160958345,0.029050893671655278,0.0944289475090517,0.05925324499600321,0.22072862393033657,0.09422671199007185,0.2987600144438508,0.0988267001129886,0.06832435932795457,0.24867967166864563,0.09131328134904215
Belgium,0.04411678045972465,0.14942744517258924,0.05958086101428626,0.14618450396783042,0.07397055555192192,0.05232025020627028,0.09226183234496717,1.0,0.20434987716209085,0.02346845920411985,0.17401079462256636,0.07257803020337482,0.03822876862181575,0.21120942716435398,0.0617735807353557,0.04753826468369937,0.08441138024876035,0.037196174275449266,0.2108383405983355,0.2793980230207974,0.03723922400128802,0.04905697966255382,0.08890283964293055,0.07242531555262709,0.04390111295048341,0.028057755535578127,0.28768376973639137,0.14943223611311962,0.12469345306202152,0.0599826166934177,0.04257448242519666,0.1802990863313019,0.10780077152924812,0.14949895402633617,0.0418922450141056,0.09801618867547669,0.13104258574499586,0.32115165370486903,0.18455872473159102,0.14299752147791137,0.02390570474342955,0.02447615567177033,0.17885641562534838,0.08668215131563634,0.1861104698298026,0.2140907634730048,0.1208344291185749,0.1249041985958004,0.09778437112578242,0.049645983556588044,0.045258217888208545,0.20939844986591594,0.07655557988040272,0.25445987523029695,0.18342266004417243,0.1070435682827167,0.22429013790753496,0.2701426670445483,0.22124565197916163,0.14655642330052304,0.08830620350417163,0.15332835685160723,0.26975535400819534,0.22784598786285476,0.024223973088932454,0.11888712930395279,0.07485531403300562,0.03889253877455186,0.25843287796317094,0.10704011991612984,0.052382643328599335,0.0944915410952273,0.1060820911965873,0.04716315988851822,0.19839758274752986,0.17935226221147735,0.12046222541331825,0.21996552485311094,0.01981532997180877,0.038769439388646666,0.1673654046201559,0.096284273308137,0.2702392511593118,0.10231503655309192,0.016752113027939657,0.03715208221962137,0.13843963726965391,0.026649564611340923,0.20974553254615502,0.18864208457937656,0.05131265435372014,0.15830516915354306,0.018195229642521828
Bolivia,0.24370758407331897,0.33717060228917567,0.1562624242533577,0.3436790907649808,0.1432930232708453,0.16654442341102946,0.2952635211514746,0.20434987716209085,1.0,0.18999780131037933,0.377171123187934,0.1581405351605597,0.20045678729666824,0.40896017530860057,0.25753705738876714,0.1657861000855156,0.12783185829522037,0.17764826680096293,0.41206768493379964,0.08315288028379048,0.17612540954834588,0.2510692943232258,0.29133550243359935,0.14356189730023294,0.16426460529877895,0.22477936568265092,0.08808209295684868,0.3488657168277309,0.32398967070574947,0.14621070208267717,0.21757189855787265,0.20043184237669898,0.10404187274208117,0.09464869336767016,0.19414504711884947,0.1146114601944332,0.33082150745478517,0.11748845840364347,0.024328770395367745,0.09411284006434653,0.21095479888482732,0.21718583610390785,0.03564150787725497,0.14693333186207128,0.1055191974216655,0.41465941321544525,0.08399450149929154,0.08555420599884285,0.28041742855788193,0.1746086449728896,0.22621939974604005,0.4100528746175678,0.21063893025295874,0.09204422613136373,0.029084279645363822,0.10958328208076493,0.4257072346665197,0.07581577350356737,0.4178721997847666,0.07255340122485197,0.28705747960009104,0.07465670748749229,0.07109997389027392,0.4307313607878381,0.2166938481503471,0.22346185587880968,0.13145311124998804,0.16863526070275595,0.460532027685314,0.306494403963003,0.17512964760664976,0.2960951671712418,0.10715022218161252,0.23983504468476535,0.4011176204800048,0.38208260307249575,0.32227377272413055,0.04159471703210544,0.20648121092678842,0.22607117884870978,0.3708164658934313,0.27230632067699373,0.08500518558340685,0.30240840505195626,0.20171558481772078,0.23832058718103,0.1298529594963335,0.2053966900288199,0.028214482938358574,0.3919549251351982,0.24244294155735033,0.04749736787144934,0.2055999620324667
Brazil,0.05719904507694969,0.15619474156311997,0.0429683477292034,0.15717360761251956,0.054189073631852616,0.03826259918446754,0.10661384806226075,0.02346845920411985,0.18999780131037933,1.0,0.18846851314401786,0.06834997851183065,0.03895916418987117,0.22502581602722696,0.07239099415047885,0.02838561126087512,0.07084877175075109,0.02131199998236084,0.22346944088659487,0.2644062621109764,0.03335885996705703,0.0636684294765611,0.10225471797984552,0.06197468401497056,0.02862361554958949,0.03656562085519538,0.27352044769807327,0.16398436631229948,0.1388175021852357,0.04417789959170007,0.03546444697966952,0.17582466460204496,0.09318358580642574,0.13838213036041808,0.034525238581945575,0.08525837245757592,0.14334973866168188,0.3065073319313925,0.17036953839478733,0.12654499380230727,0.034932931061302,0.03443561142871669,0.1637766716284084,0.07111580313203045,0.17787290601078456,0.22882142333630395,0.1063857271487783,0.10994304043680254,0.1184554481618544,0.030154198864399823,0.047552106927277474,0.22189527605778872,0.0688209601420696,0.24200742125893773,0.16828720538517222,0.09981540578125185,0.23841753396681212,0.2568047781095121,0.23190667040956695,0.1300943631010675,0.10021672766182856,0.13663630029805815,0.2564160768900239,0.24141242087752862,0.03152955380427579,0.12423393491596198,0.05880380979039924,0.021740112342999048,0.27239498038057186,0.11753401769190873,0.03472163797299282,0.10780632931660847,0.09026265967834776,0.05692654114861068,0.2128100093831344,0.19305861090590834,0.13431093279472392,0.20671717666092018,0.03325922474616167,0.05167913966456603,0.1820291903716715,0.10355628389208778,0.2569921696371088,0.11305673730388678,0.024891754417827063,0.04891671785789519,0.12596303224474378,0.01854456762280338,0.1947046299160508,0.20278804075627402,0.05798784897176949,0.1434264849681047,0.016070482793409363
Bulgaria,0.13689260381188106,0.08474602009934541,0.22678318993534394,0.0523884530949896,0.23841022218629998,0.21744428322018966,0.08269587262165609,0.17401079462256636,0.377171123187934,0.18846851314401786,1.0,0.23137868836680792,0.1827168914016919,0.08540293717011843,0.12347049455371191,0.21336833461299445,0.2526167849300295,0.20296275188572635,0.05607465880230872,0.4517168087279441,0.2047011487646905,0.12680528842107924,0.08945972565002372,0.24123426880970006,0.21434041924529793,0.15340012550608623,0.45907849548778584,0.06756881104828909,0.0773909311339912,0.23168035715154192,0.16525992124690259,0.30900166835853693,0.27924836884406257,0.3129947346767904,0.19281093284112355,0.2695860112939631,0.0682748885200022,0.49346060560007265,0.3570935123045189,0.3086888156116843,0.17185051453546366,0.16330439339620695,0.35009976084844613,0.24785215390332196,0.3509811829891322,0.07020387985512024,0.2937518482562688,0.29723912605463676,0.13926041095438077,0.20678393012653432,0.16015865970912327,0.05915494055618004,0.1975932965351536,0.41984566702181153,0.35508780652072974,0.2776322040026593,0.07209302733439005,0.4408642017509187,0.08437391232350674,0.31743975363301985,0.09481041391666827,0.32057399368290607,0.4416435045767789,0.058709543196163436,0.16235575498514457,0.23008894568080637,0.2466612469190595,0.20933927221048254,0.08906678385467182,0.07641269322392123,0.20792522658968882,0.08839667587627882,0.27688785087940276,0.14063893095394236,0.027700785801765597,0.020691894527918378,0.06726690457248369,0.39021121753884247,0.17260885257161696,0.16078369451862726,0.020592514014193593,0.14316190382433236,0.44207016315973446,0.08083351216532242,0.1767247031549157,0.14035114946125402,0.29672395531697543,0.17517234361230094,0.3806249708031053,0.026130465347530996,0.14279919814830444,0.33071003221230866,0.17311976703871712
Burkina Faso,0.11246261747288284,0.19558034849621614,0.07581802774028076,0.19630644164385236,0.06129836936336533,0.08087473306840617,0.15098444572607922,0.07257803020337482,0.1581405351605597,0.06834997851183065,0.23137868836680792,1.0,0.05271898393799425,0.279386746978656,0.11187627485436223,0.051572072058500486,0.04213131851559708,0.07210527849481835,0.27445599249872904,0.23898869389522834,0.06817349849793915,0.11024303626438094,0.1545195053934676,0.08030277616408207,0.06114542828296949,0.08730374712097883,0.23276804869881512,0.21745244010700576,0.19368557274899628,0.05107134769988088,0.09293452132244272,0.20741162486398645,0.09022230221631083,0.08350356114537029,0.09561446409180487,0.08605785510750702,0.19886313901278782,0.2705690875744913,0.13569177206051158,0.1288205138342385,0.0921164165443138,0.08897806977331243,0.12830421715816287,0.10238174605281246,0.16840135192837005,0.27927156551027416,0.08310283461648972,0.09899286801741902,0.15288438220531056,0.061356745778970184,0.11282967920130864,0.27366177714066037,0.13158959570920534,0.1901272070714763,0.13605944857564256,0.06243241707115369,0.28900499354552234,0.213159422790205,0.2866962627961857,0.12024703395527442,0.14297684425737392,0.10301748993881611,0.215193893918495,0.287888127491909,0.07887866713735137,0.16231420813172018,0.056824755441145056,0.055904348262761853,0.3114428094031621,0.16626310095342559,0.0546393189480268,0.16205595699670033,0.09055604803561765,0.09558253105090853,0.25300046996570885,0.2364458470989159,0.18192186806540822,0.16315350788330463,0.066201645532446,0.10859239200240148,0.22831936909712147,0.16707225425647096,0.2346424486292908,0.16639174632335585,0.061838362072296295,0.1049806349450537,0.144831912497214,0.08470180135391686,0.1572871433865368,0.2491656957625399,0.12188764664422692,0.11372239694187611,0.07867530990814954
Cambodia,0.06703135976353095,0.14720166676366656,0.07352314808572,0.14670015110069903,0.07048961250209947,0.0725232003931003,0.1015919904718517,0.03822876862181575,0.20045678729666824,0.03895916418987117,0.1827168914016919,0.05271898393799425,1.0,0.23199073774970366,0.06183822014453839,0.0438688367756576,0.07518713480101392,0.05446703380141903,0.22467652213000291,0.27892912010207643,0.05868466577334385,0.06311201693014434,0.1056628569042496,0.08974685376318414,0.05634025006863186,0.0386655764913642,0.2788579871430536,0.17076946844682597,0.14688149919334387,0.0616861133339906,0.05029490158118481,0.21039401473977135,0.11497284070527686,0.1316343373947114,0.07191218849824588,0.1083493498763778,0.1498775079082261,0.31508992584372286,0.17877627771199237,0.15185888159475838,0.06055392358993993,0.049715296444772614,0.1707981672362867,0.10447850988106439,0.19795290207756647,0.2321409693932331,0.11887674166894514,0.12869625278678826,0.12230121727834442,0.046950525286772876,0.07569409734576653,0.2241870379783503,0.1055490642328893,0.23831514154523192,0.17768923803694253,0.10442436390567184,0.2405186766532957,0.26048432009210615,0.23718519418381756,0.14932986612502389,0.09390368681650008,0.14046859483684881,0.2619344828778687,0.23834525233652448,0.031295701018016896,0.15284165647966444,0.07594903485372849,0.04646327596987947,0.26289769757894826,0.11563311864224797,0.03808194934012451,0.11373294364486855,0.1128306802512122,0.045152738038341265,0.20457393879550326,0.1873621398603429,0.13232285643992656,0.21012079704567926,0.03133895462158192,0.0753450616577189,0.17946675037244006,0.12888992073221175,0.273941489661721,0.11586332218661688,0.023098652060067396,0.058134052579360926,0.15768022530281892,0.04725495549162733,0.2010188117984293,0.19978820883259366,0.0783865940457131,0.15387135804391372,0.039728035444094326
Cameroon,0.1718259008186018,0.15102506239978897,0.2549174647338354,0.1289548146808556,0.2761445738564078,0.24367021631827634,0.13527411645486248,0.21120942716435398,0.40896017530860057,0.22502581602722696,0.08540293717011843,0.279386746978656,0.23199073774970366,1.0,0.17716335086570983,0.252842612371285,0.2939690370188566,0.23470977063292656,0.04899282621218933,0.47608864572155246,0.2364041360991825,0.17131351486751048,0.12730987874313185,0.2666802134447392,0.2477695695616225,0.19650673188629705,0.4947393249012487,0.0630723405632222,0.0869579642435974,0.26745580367028343,0.20532972739279906,0.29737029044962715,0.30631627467856865,0.35984167759174385,0.216073164792864,0.29554859988058807,0.08421375843862912,0.5248092535717239,0.3913422982719244,0.33105156894039256,0.1997385388089021,0.19845596033514062,0.3865867666292039,0.2677778856066204,0.3653878431037424,0.029936610730865336,0.327137452397797,0.3249853565253529,0.1572768022110876,0.24724516330996898,0.18558374736093405,0.04405682825119088,0.2086285457219326,0.4649706977574176,0.3894135490431364,0.31411384905379924,0.034814324370432324,0.47851190577105857,0.056664914478643774,0.34353837372683954,0.14962297650561726,0.3606624512278989,0.4768086253375932,0.0696809830057593,0.20529236862003367,0.2256578357063969,0.28119471065505425,0.2454971468078961,0.11827353156481556,0.12814157855474587,0.2517153661809316,0.11907019281656842,0.30383695725309423,0.19186239033249883,0.0933850243912089,0.08584412460316916,0.10795177381841882,0.4290324738882984,0.21583764948576542,0.1841672059122771,0.07186438594209364,0.14319545866040548,0.46247290517290807,0.12167193562506491,0.2195277280569106,0.17795153274777087,0.307019287661184,0.20951053500336791,0.41732498346292496,0.06544857814293062,0.1697827155576124,0.3644841694052507,0.2099606953530774
Canada,0.04586693342733564,0.0911963720827781,0.11435897088781305,0.08798628745005933,0.11946797459631593,0.10836494612645974,0.0447036976629398,0.0617735807353557,0.25753705738876714,0.07239099415047885,0.12347049455371191,0.11187627485436223,0.06183822014453839,0.17716335086570983,1.0,0.09318591784261104,0.13133549254038956,0.09105883181466065,0.1650349865062812,0.334456884993027,0.0942712483220139,0.023933425677464343,0.052971210303751966,0.13167447665023294,0.09842124325088479,0.03703238597211032,0.3377167817807245,0.11751662559261099,0.09684837126712044,0.11337333831681382,0.05309561315876484,0.23258936481325504,0.16395573199722088,0.19166414547516286,0.09080769098509006,0.15620576105027076,0.09626005655131306,0.3731679181341663,0.2366126796141743,0.1964781468261379,0.07090863395535665,0.05915956293588063,0.22875110074905233,0.1408883487042478,0.2468016986144919,0.17469894001242414,0.174738292540839,0.18093214913445274,0.10353466526239759,0.08712411409271056,0.0673819278413577,0.16500287383678675,0.11226669330428211,0.2983715801772643,0.2342565672437225,0.16177923242028744,0.18240075795375338,0.3196949624642,0.17786029484404145,0.2011458515125948,0.03477922918615397,0.1985656105639111,0.32096089189303295,0.17873782870449648,0.04684933250396257,0.16067393863982163,0.12786000072299886,0.09180002840005444,0.20471439305407163,0.05529899990837675,0.08731027566964132,0.0626672256928337,0.16151577234284514,0.023386255651182148,0.14568257617236186,0.12745481338621895,0.07998108136489517,0.26900326248682505,0.05735636084124671,0.07150471984939391,0.12115009444947025,0.10022690952136772,0.32750490348777433,0.05968418967390327,0.05913993550936499,0.037438274951818354,0.19508524989518977,0.06345938225845618,0.2590841361433481,0.1412465935113417,0.05819633243762665,0.2105965688912986,0.058924347525302345
Chad,0.0840698103246145,0.1747074034973281,0.03670379745555628,0.1787542960675662,0.029983069679110075,0.04052381119075967,0.13142694737555013,0.04753826468369937,0.1657861000855156,0.02838561126087512,0.21336833461299445,0.051572072058500486,0.0438688367756576,0.252842612371285,0.09318591784261104,1.0,0.04498789568054508,0.030089803857096847,0.2496785343593447,0.24195465575129887,0.04023693285714109,0.08848937851924256,0.12897735481708716,0.055046712981957825,0.022676878055838304,0.06030080412883723,0.24780676683493158,0.19176345595488356,0.1667703928060393,0.02343036908247603,0.05463172747985075,0.1799340683250893,0.07504987938999433,0.11213531262579196,0.05367424067597486,0.07019917561698844,0.17067053220716732,0.2816690917115336,0.14552703682284632,0.10935439297218995,0.06121478226025713,0.06024154786220156,0.1378571055360097,0.06540842739021956,0.1658916661792548,0.2561075826031015,0.08302872752182927,0.0897929982369867,0.14305558651830036,0.01851029895932048,0.07340789370758057,0.24836158283933674,0.08526417563511912,0.21515080120224994,0.14305908895359787,0.08104194191563784,0.26545740220118386,0.23100221532655993,0.25788655210698247,0.10931936078105554,0.12290626800214544,0.10932309530607627,0.23123454723812265,0.2670162620228837,0.053659603350543955,0.13831781358927797,0.03658549914589866,0.014519508620451529,0.29620093800555775,0.1415723369860174,0.019446441205467985,0.1351247578530249,0.07202363998155818,0.0763335255400295,0.2369968259745851,0.21778800628650008,0.1602132069131714,0.18074446276114234,0.050517144045060546,0.07841137515563151,0.20799310504651272,0.12965404105702927,0.23659163600984245,0.138677191070224,0.04216930034863571,0.07593408260511321,0.11865980039820358,0.04453954076132095,0.16859010679411474,0.22861496065791675,0.08530130538044349,0.11881779067891596,0.043293479373195415
Chile,0.12468156823325863,0.21194507670312082,0.058275642702707936,0.2174107804449487,0.03489501677502271,0.06728754402965155,0.17105221719190183,0.08441138024876035,0.12783185829522037,0.07084877175075109,0.2526167849300295,0.04213131851559708,0.07518713480101392,0.2939690370188566,0.13133549254038956,0.04498789568054508,1.0,0.06696803164234633,0.2911040555753395,0.2078977480883719,0.06506038136717525,0.12714694934109255,0.17013885465231385,0.05878855921983967,0.05028566109283296,0.10123796651278137,0.2075963355088494,0.23223822790999946,0.20772625788133275,0.033560155406766684,0.09695084132253533,0.1856113955212863,0.055559967179115016,0.07098724170813578,0.08998172006992285,0.05605762663845566,0.21288476933753428,0.2431086963491435,0.10676247924340254,0.09005977167152752,0.09842630569280111,0.10015095227307877,0.09881210469231165,0.07636116302332398,0.1464772376569326,0.2961248230947717,0.049792069409758416,0.0650844531549138,0.17394843077364466,0.05345170847715326,0.11340230823461726,0.2899443389101479,0.11978981201079371,0.17340321293811,0.1044189765736723,0.05067537151057682,0.3064030654801362,0.18955604208824708,0.2995619121565691,0.08487416544944688,0.16154244951310615,0.07467582760358014,0.1906616587964471,0.30775510997472527,0.09421142196551513,0.1556914642074575,0.027916633717030695,0.05077071735914133,0.335386707284213,0.18241285327129134,0.054304291509101675,0.176579747431487,0.05615534167383781,0.11390047134404262,0.27582663771205157,0.25763959728868885,0.20163296314296497,0.13856283239998332,0.08283865175398226,0.11489895766097903,0.24811088385883706,0.16786617181217667,0.20316671189552457,0.18058354905770205,0.07815586614455605,0.11746420792743276,0.11459630312994529,0.08798524539502096,0.1288234820903774,0.26923694608118104,0.1273773741130892,0.08161034124328836,0.08568911432780162
China,0.06779541307929704,0.17364321672279812,0.02816768256777821,0.17355462784475917,0.04700575471469707,0.020341382055912124,0.12180734782434276,0.037196174275449266,0.17764826680096293,0.02131199998236084,0.20296275188572635,0.07210527849481835,0.05446703380141903,0.23470977063292656,0.09105883181466065,0.030089803857096847,0.06696803164234633,1.0,0.23616204867642626,0.24994602849542363,0.028267666960962664,0.08032438908168509,0.11550008876133837,0.04652197593231996,0.023774901453840497,0.054315332971566495,0.26263545485106315,0.1748298333680542,0.14865655347428727,0.03534291667271333,0.050444273557138236,0.1604153732581129,0.07992491509752851,0.13404606255881557,0.028804099052406988,0.07112692237063589,0.1543309663838403,0.2940556698208868,0.15918027048080152,0.11255940869736904,0.04092135517287156,0.04287698575000219,0.15347285393233256,0.054806391557223,0.1605301335523649,0.2403436473948346,0.09461667783827195,0.09596639037036975,0.12465956888848347,0.0374847217039134,0.054929371625276745,0.23418868386755276,0.06105679132183379,0.2345995636734071,0.1576588025597712,0.09019423791809707,0.25023824998204114,0.24648816212281993,0.24429332376201235,0.115693646885171,0.1175277131073161,0.12812230535230634,0.24524023463512606,0.2548761212784524,0.047352755249006284,0.11883759781904958,0.049670574712522356,0.020038508121081954,0.2874104396749608,0.13328520460396992,0.04044957738128633,0.11999877929198301,0.07672269735332467,0.07478744904316753,0.22769864799581083,0.20813789917431785,0.14684969063061637,0.19713150672847574,0.04902150119503721,0.05768309987945205,0.1953006182829809,0.10799483449129192,0.24206908195584387,0.1265627125416374,0.04104465887398329,0.06347474375323536,0.10909089082299508,0.03216279677491326,0.18433647665958594,0.21595514254970682,0.06639602243793732,0.1321116568057591,0.03348427279802812
Colombia,0.17120346957728005,0.11722725970605323,0.2579988523566967,0.09798258962986407,0.27365539855815496,0.24798130374680083,0.1242709710432204,0.2108383405983355,0.41206768493379964,0.22346944088659487,0.05607465880230872,0.27445599249872904,0.22467652213000291,0.04899282621218933,0.1650349865062812,0.2496785343593447,0.2911040555753395,0.23616204867642626,1.0,0.48288320586103534,0.23913881036974377,0.16547294015549868,0.12243250061056588,0.2728100915308331,0.24839292812230246,0.19122416470800532,0.4960293412249186,0.0730976338832469,0.09469118737390957,0.26739255912690274,0.1991752079889859,0.32161884313311373,0.3107728366320101,0.35521602350476855,0.22111696146981438,0.3012142797569536,0.08398077767234055,0.5283124113650823,0.39309920151797423,0.3367033615979714,0.20387130246087962,0.19894451115773756,0.3866591451751435,0.27447041968818636,0.3798784110984836,0.03715316204330468,0.32906941410809043,0.3294635646689094,0.17128783905626133,0.24245643466704833,0.18788844233591964,0.01318451292740126,0.21738451705160536,0.46151429766083457,0.39041107575884426,0.3167949549098875,0.028487953196690653,0.479192348105093,0.03546122054249602,0.3481008936918476,0.13490413777817786,0.35771522756991847,0.4789079152343783,0.03103887886987633,0.20089644890621072,0.24647401556978513,0.2815709429206609,0.24474544122408143,0.08144528392790903,0.11154028494103091,0.24571824613135768,0.11723137087013044,0.3079724468017277,0.18226704069645175,0.05645788040957027,0.051958177264200545,0.10029964650129151,0.4288492154778989,0.21268542357592693,0.19035212885726607,0.05191410074476533,0.15593154797078915,0.4718653530838795,0.1115563736066318,0.2161207814575521,0.17531951105506519,0.31955451445191546,0.20798949709948675,0.4173067416414514,0.036426198746978236,0.17127432109422983,0.36609504156706724,0.20796230053169903
Costa Rica,0.3168840572831246,0.4129760880490304,0.22638931113340546,0.4198771975468005,0.21852538491339676,0.23620625664688646,0.37031487220715253,0.2793980230207974,0.08315288028379048,0.2644062621109764,0.4517168087279441,0.23898869389522834,0.27892912010207643,0.47608864572155246,0.334456884993027,0.24195465575129887,0.2078977480883719,0.24994602849542363,0.48288320586103534,1.0,0.2504097690738373,0.3265351547404113,0.36405239444138804,0.21347115736722577,0.23859736268499987,0.3003413338266087,0.07068038164739694,0.4181898135350511,0.3934965625806418,0.22181436644164892,0.2914206788022339,0.22922682026652405,0.1740941184836539,0.17510338348716628,0.26264218837852077,0.18402200102292754,0.4006019300571382,0.06302407425815396,0.10512801610000705,0.1518899156009334,0.28248955432430795,0.2903057309633507,0.11542933964747694,0.21007313779395592,0.13648957831351874,0.4844908200242772,0.16079682431186243,0.15511551029646742,0.34981062851136896,0.2505956284459414,0.29635035986605646,0.4802775211640831,0.27227990641449434,0.12766582377265123,0.10767775908988207,0.18687922035327895,0.4956355287034297,0.08181288778369215,0.4863896855559117,0.13600958739938757,0.3629459428867082,0.15056017252393072,0.0681532138474885,0.5031781751478058,0.2922455534381419,0.2780521358511807,0.2069399044836265,0.24371134570816297,0.5354448153140573,0.38070334535844824,0.2518049624077011,0.3677523724571251,0.17615742787539498,0.31716249948854025,0.47637848938149396,0.4561557560631032,0.3948028894932892,0.10015429861993627,0.28360973123352035,0.29633341113695855,0.44405621374794463,0.3368473847924635,0.03840433998425072,0.3751057825832787,0.27850625697746945,0.31207075323454975,0.17582691624105412,0.27818896103860746,0.09412420723638053,0.464740510444132,0.31294010873246797,0.12677522273679204,0.2796841231289847
Croatia,0.07093330713025688,0.17892802259419174,0.04120455562716872,0.177855995113147,0.05577654272289465,0.03201810507376529,0.12441147782809556,0.03723922400128802,0.17612540954834588,0.03335885996705703,0.2047011487646905,0.06817349849793915,0.05868466577334385,0.2364041360991825,0.0942712483220139,0.04023693285714109,0.06506038136717525,0.028267666960962664,0.23913881036974377,0.2504097690738373,1.0,0.08144453410615775,0.11905751548241453,0.04213593629205065,0.02584218126545396,0.06005222847231462,0.26142776548637975,0.17574133181532084,0.1505526544644389,0.040371866485890806,0.06186923876760009,0.15916500302632577,0.07952970836577589,0.1316844230580917,0.04019631157990152,0.06969145275452082,0.15871442901947125,0.29339873059155136,0.15831651434116786,0.11360757208512867,0.04239171777056043,0.05017251094791439,0.1536047539325223,0.06282259001214176,0.15776041298830026,0.24044830144622503,0.0947547010255113,0.09754831074327217,0.11915827972064219,0.04538565052962844,0.05980569902047895,0.23713910619642894,0.07248585704236765,0.2328426526221147,0.1570800493475017,0.0841756606165289,0.2517748830532408,0.24429441408540747,0.24799454204048235,0.11924558848658681,0.11999254245920281,0.13216584728819317,0.2432411545218645,0.25774699218317276,0.05529507058829004,0.11044261909134934,0.05245673556804082,0.0289433497295914,0.2900178873308618,0.13770616257075619,0.05297553001943506,0.12333359098163994,0.07926458154018998,0.07749469814504414,0.22940429956153874,0.21111377623737063,0.15112204541906213,0.19432761168202128,0.04585874051248097,0.05692436552827565,0.19681204974527822,0.10934651169669797,0.23957512101051653,0.13141296288758075,0.04278950325035674,0.06828009181254095,0.11122223422343323,0.04569325286572583,0.1841268933393489,0.21863224888523408,0.07310031353700612,0.13185058540708008,0.04306947388087586
