Country Name,Albania,Angola,Australia,Austria,Azerbaijan,Bangladesh,Belarus,Belgium,Bolivia,Brazil,Bulgaria,Burkina Faso,Cambodia,Cameroon,Canada,Chad,Chile,China,Colombia,Costa Rica,Croatia,Czech Republic,Denmark,Dominican Republic,Ecuador,"Egypt, Arab Rep.",El Salvador,Estonia,Finland,France,Germany,Ghana,Greece,Guatemala,Honduras,Hungary,India,Indonesia,"Iran, Islamic Rep.",Ireland,Israel,Italy,Jamaica,Japan,Jordan,Kazakhstan,Kenya,"Korea, Rep.",Kuwait,Kyrgyz Republic,Latvia,Lithuania,Madagascar,Mali,Mexico,Moldova,Mongolia,Morocco,Nepal,Netherlands,New Zealand,Nicaragua,Nigeria,North Macedonia,Norway,Oman,Pakistan,Panama,Paraguay,Peru,Philippines,Poland,Portugal,Romania,Russian Federation,Rwanda,Saudi Arabia,Senegal,Singapore,Slovak Republic,South Africa,Spain,Sri Lanka,Sweden,Switzerland,Tanzania,Thailand,Tunisia,Uganda,Ukraine,United Kingdom,United States,Uruguay
Albania,1.0,0.01218246196405748,0.009807132873051022,0.009471776431760675,0.009193344264294516,0.0063361239392309065,0.005835021538456503,0.0054127076411211806,0.012848507103831338,0.006534682197901658,0.00955130042738891,0.008541697989577815,0.0070001260803759305,0.010127099998751565,0.007049421330548061,0.0074088074840452205,0.008181077111728358,0.005508314886457465,0.009320104886255261,0.018817102430134017,0.005710392969064135,0.006157427898847523,0.005867037761996235,0.007250372644178845,0.0068177469378506664,0.005477703649303346,0.01777434400837273,0.008222078434600261,0.005970242717018417,0.0072634015414696235,0.00807101898078372,0.017841747570945112,0.009945254401226723,0.011447081925248547,0.0078090424082782155,0.009473795296584531,0.007239496392053525,0.019386682770481337,0.012816370250182226,0.013447800301101041,0.006500063379320526,0.006346684656066294,0.012876380472245257,0.010234131923645749,0.015264392350425121,0.011007215291301813,0.009759609697079338,0.011250250171166922,0.013793079958217904,0.008551628658248774,0.006386053357141254,0.010266726268306114,0.009987899532980304,0.01609401363985377,0.013445314075953483,0.008900368113163465,0.010470622354547564,0.016181270942790326,0.012975212334282957,0.012878839358621743,0.007775605960899745,0.013074426563804125,0.016174442704390633,0.010420890055699501,0.005556902634268305,0.017267152398945437,0.008680510894951426,0.006763333295122893,0.013073801064550524,0.007144538666747368,0.008159139360258923,0.005643643491838647,0.010926444618788774,0.006365768957668074,0.009651381585722095,0.01072933646254785,0.0076761419984452675,0.013732983006917937,0.008234357041598235,0.006431919049725216,0.007106309443919064,0.008078313262895995,0.016840536142916886,0.005228303960355275,0.005600752985753071,0.00518172356882625,0.013900899423289923,0.006921278895878338,0.014100720433018559,0.008164381864397503,0.004859415839967876,0.011858179393167844,0.006376695192088354
Angola,0.01218246196405748,1.0,0.014107914856816868,0.007512927383933475,0.012579325614198094,0.013513376287418248,0.009567103520593609,0.011474878127239956,0.01782019127240177,0.011123412876204136,0.010688317741999557,0.012479814662969786,0.01062176640841067,0.014607474490771669,0.00866540958742826,0.011085493617405363,0.011804779673484242,0.012772854229880379,0.010337191420925077,0.023245958016644995,0.014425758011126586,0.009578601622258475,0.009873964865952984,0.01441493008835634,0.011637690980393859,0.00996338781307445,0.020824538616438768,0.012430533187098122,0.012653723244451838,0.012530916611544747,0.009617557625725977,0.02454231009955599,0.014680298515566131,0.014399047457226224,0.013142939371985714,0.014936712978149186,0.011400775744299046,0.023068040097990936,0.016780892037871725,0.01661882476456948,0.012698100527981414,0.01329675789525215,0.016133052787716453,0.015210025156463455,0.024187506030728882,0.014007929013907228,0.01474009433189284,0.015930455487582172,0.0200400217345595,0.010172659230601105,0.011003460739123287,0.011564705089938208,0.01507865641756754,0.01873286461654875,0.016306205632698762,0.016216469209322477,0.013167939566459287,0.019680038237968885,0.010592922250189896,0.017090320266608373,0.007404463516226384,0.01551974436402454,0.020186977678783347,0.011185668914026878,0.011131769936760115,0.022788865737005098,0.012778674533096408,0.01155320008762374,0.012597401085478476,0.007148297481353328,0.011408947651109884,0.010590062575911307,0.014915214644367424,0.009742382686153002,0.010874255334342327,0.009888487098905396,0.01276842945631775,0.01732699389774662,0.011768017784673816,0.012652921256035529,0.011367826276628521,0.013215193490425787,0.022791947285546746,0.00872201018442234,0.010984827908366393,0.010395662081601625,0.01914295173206747,0.010987653793229055,0.017040634428082967,0.011225529223371123,0.011245971725241923,0.015760124542047445,0.010775601828399275
Australia,0.009807132873051022,0.014107914856816868,1.0,0.012658761502357374,0.006565701533170731,0.004994052732201248,0.010014577208019319,0.007170026024439583,0.009092403094987475,0.0051935272272657295,0.014031735889210261,0.009504745612260515,0.007751882099272525,0.014003557385560516,0.009043782690961712,0.005519728115566192,0.007705557208049393,0.0052572152418063,0.01342368652172975,0.012031307579435676,0.01166163603884793,0.008621722879311166,0.008564213797967976,0.006586820518447823,0.005670937512817104,0.006956109755933201,0.012351422501043948,0.01176739397668934,0.010519296589647967,0.004917526585597882,0.007152300369519065,0.014224322184268683,0.0055417159280581555,0.010265686433453759,0.004151733154279821,0.005132289642367352,0.009330209902557066,0.013445978546938275,0.007867706418276423,0.008594678680038081,0.005965076702253937,0.007227057553434054,0.007905857665349484,0.004894144468481941,0.012526162886771077,0.015726182460619225,0.005460228232192337,0.004914235505004858,0.015253566870369835,0.0067861473328681985,0.006720096196263272,0.013710109561239452,0.006988416533730442,0.01342497871281547,0.008249394465618204,0.008788999501312789,0.01495031493246598,0.011939654254232717,0.013569381590671956,0.006345866750658208,0.011303842026103085,0.008700750498032334,0.01155895216501692,0.014709776156074522,0.006772116217730944,0.016526180735840862,0.00490540413192027,0.005012475888528544,0.01782748061396218,0.00959456813425037,0.007323621721398755,0.008589884847773439,0.004937013729322514,0.009476190093315092,0.01559081435176848,0.01307442150655585,0.0110857788827506,0.01087606553735273,0.008565284736575815,0.0071998405213227505,0.013773939854490734,0.009430657548324877,0.01298465782364981,0.00894867875046639,0.007408278431270417,0.006847545420388161,0.007872958660141005,0.005032507030525013,0.009187672018176076,0.01360051101432936,0.006379260061993535,0.006800760456685857,0.005461651797537347
Austria,0.009471776431760675,0.007512927383933475,0.012658761502357374,1.0,0.011157728107910575,0.011849887123622673,0.005024817418030483,0.008930466891222854,0.017567980757586844,0.009099612440121592,0.005379553459523351,0.010273458895096113,0.00800020612156779,0.011166063463189999,0.0056353708627535585,0.009774349276498047,0.011108765201285726,0.010557971338696707,0.007245038031129746,0.023047807280523087,0.01283779701433998,0.006519651645371148,0.006298227342616634,0.01269061928838389,0.010521407876221436,0.00713577971974696,0.020936332892904676,0.00976358566500336,0.008760778614911287,0.010743408030956176,0.008433180958362365,0.023444468381205494,0.014317075898887626,0.013498773640586046,0.011233633107599377,0.01388818006137472,0.0077703514834431865,0.023162300437858833,0.016435680104787437,0.016708311987209616,0.010039618180550087,0.00909473823191995,0.015865358472377158,0.014442724065461694,0.02111913328751379,0.010527817368242124,0.013599807541978414,0.015051891644606108,0.014917245481411276,0.009478193058636519,0.009402821690072559,0.007870139107309625,0.01422518746032333,0.018431142895070227,0.016580887652922722,0.01297631747086337,0.009476104764318228,0.01935776293525213,0.010120183810300302,0.01692101915415896,0.006554020433957787,0.015502232411176988,0.019789389440610455,0.0067091814215720705,0.007720103560102266,0.0220250171046525,0.011646768900227958,0.00985710962361939,0.00873061093359829,0.004820357901461687,0.009570405033072188,0.00721995188920086,0.014435619195364053,0.0068859410668349,0.005942307121001157,0.005710714666091374,0.008839961129865967,0.0170550411741261,0.008675995456310393,0.01037934068214993,0.006899691099746139,0.012091307262639057,0.023114674776412984,0.005936001181220237,0.008128317763374844,0.007411075250001923,0.018418618676186813,0.009416843735719885,0.017215081398670316,0.00652649761832207,0.008817786639419444,0.015222198425699529,0.008717873569229326
Azerbaijan,0.009193344264294516,0.012579325614198094,0.006565701533170731,0.011157728107910575,1.0,0.00579069486395923,0.00986919168589366,0.007481943132091408,0.00819238779240927,0.005000846079273702,0.013805580526010391,0.00851955725382444,0.00744540938641942,0.01566210149574825,0.008130766990855935,0.0042804461360688014,0.005754451181180395,0.005138442964168944,0.013939178996114986,0.013112290509969657,0.01002080688336936,0.008198423962511673,0.009208177503635112,0.00697526891932821,0.005524528671195034,0.006441351694369384,0.01178825018225631,0.013369360315511192,0.011542442179013845,0.004350185807564039,0.005918076742601333,0.018009771679319858,0.0066214710473177455,0.009008628414822202,0.006409718163989191,0.006906842872162308,0.01074184421439318,0.013237084997522245,0.007682945924607373,0.007622097625353728,0.007825407903934503,0.007310259938362886,0.006893292995327332,0.007097678499677581,0.014707757580173373,0.01617077229891835,0.0053223543188764474,0.006724901425693606,0.017015719099874187,0.0038051494118134022,0.0062567121488726575,0.013856609838400775,0.008861241402732799,0.012116783606619665,0.007728467827513805,0.008485575055573121,0.015927338095210394,0.010684565985795424,0.01468083946861599,0.008144022724261415,0.010691480659532574,0.007994425542987082,0.010839010163818916,0.01519865455748396,0.006345638666531007,0.019912686949806784,0.004739608208208344,0.004821841949855749,0.018204819391539267,0.009154647027155727,0.0043869693756686395,0.009456660892022798,0.006524961922080511,0.008633361918190287,0.015013944585391709,0.01363496882295892,0.012334079684220223,0.009035294719236807,0.00818192197933099,0.00897516638097194,0.013585760141769126,0.010231059273718835,0.013934979695173617,0.008962028785199597,0.006883713333447095,0.007010973225332502,0.011017045328524185,0.00585266591072396,0.008079195401909175,0.01396494315017033,0.007008434954012082,0.006281685314240326,0.0059169791906202975
Bangladesh,0.0063361239392309065,0.013513376287418248,0.004994052732201248,0.011849887123622673,0.00579069486395923,1.0,0.008534430454191272,0.005135480396305689,0.00820318463838427,0.0036424293641134113,0.012965879647700271,0.00841844447682328,0.006874126701118872,0.012478876584096929,0.008121483735876438,0.004236157692190197,0.006322611602253829,0.002011551107549604,0.012148673357926767,0.012856466243609104,0.007866062875327937,0.007272003926800098,0.007241908944272072,0.004104425750563685,0.003619309416604472,0.00534582377532485,0.012988787656794254,0.010241949158697158,0.008474081947643234,0.0033094750823359225,0.006263591396622595,0.013815080712860299,0.004593217028761415,0.00983893474522654,0.0029455409471161043,0.004206700314396095,0.008190454322917585,0.01407498474262889,0.007906814847927261,0.00818607979273056,0.004636174291709249,0.005614931142287812,0.00809535706713834,0.004115937630998271,0.01161550892813064,0.014221815330125207,0.004771979787674954,0.005272428677545495,0.01461793594075639,0.005981251579978365,0.004424416047460553,0.012446556656543156,0.005982969502532206,0.013378142023269132,0.00856929848257136,0.007376933282306532,0.013502563687831844,0.012116050122003527,0.01337783223618713,0.006824883497990035,0.009557517386459262,0.008908835380320605,0.011655927262981118,0.013725345877905788,0.00522570798238472,0.015913179580313703,0.004089818663744664,0.003395811892768583,0.01689425997745776,0.008528378930068406,0.005993386185069208,0.007046422637038136,0.0049991411728717286,0.008150952805650284,0.01411399647988906,0.012732165722557772,0.009855817637714794,0.010421248607234397,0.008232555949829254,0.005388909053035016,0.011736061845231542,0.0071543635218641825,0.012080511954157151,0.007345586521448543,0.005647400287609339,0.005017458577580364,0.0080525876654358,0.0037180342007538995,0.009450099009351572,0.012118211962172542,0.004215750413149857,0.006780469309864581,0.0040278412107056715
Belarus,0.005835021538456503,0.009567103520593609,0.010014577208019319,0.005024817418030483,0.00986919168589366,0.008534430454191272,1.0,0.004954716901940624,0.014920837286334337,0.006311707167998786,0.005222044245670416,0.007467438166232511,0.005485589904007617,0.008521236661812582,0.0038164047695321847,0.007577535566169873,0.008791495938372008,0.0074750972547109286,0.00633252250875172,0.020549373261504602,0.009508481287728805,0.003025419535473292,0.00259387141773281,0.009191662028939859,0.007435981396554265,0.00420692041851488,0.01883846280384217,0.006262878518587075,0.005010465268069161,0.007955169945693664,0.007383009023176534,0.019583335860439484,0.011280627245291318,0.01155593199607543,0.008117600511214781,0.010539861693616693,0.005008857538270738,0.020970982537069017,0.013900568594868483,0.014745677249934848,0.006017410152933459,0.0060647158380987285,0.013801637429229683,0.011634479990960364,0.017227463984170254,0.00862054261199585,0.010848374322457256,0.012207997576288992,0.011535159875821004,0.00817468984330346,0.006669350894447791,0.007133320210363121,0.011702005469968567,0.016744992555184142,0.014412350594484561,0.009555901848888064,0.007699089311335476,0.017266924542751676,0.009935630054566694,0.014327380841595353,0.004828957734522828,0.013960680808890083,0.017381932290355468,0.0065166700243171494,0.00471098709887228,0.018044684151967215,0.009025516610610983,0.006970408821583776,0.0092990537982944,0.003744876433899941,0.008392291477437561,0.003418573150299559,0.011725506800223447,0.005139317016469663,0.005994456180026989,0.005619080717827294,0.005877563342846247,0.014932192458912375,0.006189102892047542,0.006091721421649463,0.004797882053802891,0.008949092696705485,0.019753106698133654,0.0035986273477074658,0.004550041948187762,0.003856583557541388,0.015314213141559669,0.0066827465443877986,0.01523993291412616,0.005010572844228815,0.005866390824496417,0.01283060351887921,0.005689859550890789
Belgium,0.0054127076411211806,0.011474878127239956,0.007170026024439583,0.008930466891222854,0.007481943132091408,0.005135480396305689,0.004954716901940624,1.0,0.010600605131905378,0.00329362033058138,0.009382813856780074,0.005177269493909792,0.0039597587899258355,0.010774212203422118,0.004802082980727604,0.004567032034059427,0.005433228619479772,0.004607684718427419,0.009890207610945336,0.016393767864108382,0.0074803224415085755,0.0034601096412518457,0.004582822751139639,0.005410267420494888,0.0036631431240453866,0.0027437771280349604,0.014739619308231242,0.007678029381199888,0.006614424200730577,0.0041755874329548704,0.007013531934310072,0.016490508073777322,0.007058166075149424,0.008487060687198403,0.005228026961172352,0.0061757366739980234,0.006873197577339638,0.01674140576448597,0.009646647594151011,0.011271215581501952,0.0030823378277658295,0.0051120855384242485,0.00985445505013184,0.008366384676528983,0.013817620850003015,0.011566249157592624,0.0066751585259166865,0.008131980173766332,0.01175261667007984,0.006190683312660963,0.004868721806651574,0.010628521071579782,0.009576471503096554,0.013227504745606189,0.01038675732409592,0.0059818538037778035,0.010950086696214697,0.013173989075463601,0.011992271403888517,0.010520146387220564,0.006328411453720879,0.010683067793030033,0.013155183560500933,0.010822878060752028,0.003418267916344216,0.015717941427727908,0.005178863713794859,0.0034174884482583517,0.013460207596062675,0.006004664590947196,0.006171123739887381,0.00466554917229917,0.007780865547050384,0.005143712096478351,0.0104659297619307,0.009361843888838959,0.007981559154102029,0.010975731950094351,0.004853712531661372,0.0034803036019594724,0.008631473852255999,0.007716767231771948,0.015150781125863577,0.005654021232548089,0.0022772766045568195,0.002619104467082325,0.011861820885273995,0.004420387001932779,0.011294417908940502,0.009219330164187382,0.004656839571222272,0.008738513936309797,0.0031377499472096115
Bolivia,0.012848507103831338,0.01782019127240177,0.009092403094987475,0.017567980757586844,0.00819238779240927,0.00820318463838427,0.014920837286334337,0.010600605131905378,1.0,0.009225216827375801,0.019361016906404772,0.010326119854414128,0.010957247715032772,0.020044959130368308,0.013090966659350297,0.00814297071106473,0.007297772123519441,0.009014488631088337,0.019441302072247653,0.008063092333745945,0.011088487967429245,0.012831051018253332,0.014302532963410169,0.008009257861887402,0.007939154497876544,0.011115265561935973,0.005692970652795198,0.017229204481374296,0.016012438166031213,0.007356111165100588,0.01113207790090971,0.016258082935753065,0.005361004144241994,0.008059708127234102,0.009614132180972266,0.006337522479150364,0.015945916361411492,0.0069742295754969905,0.002963387793923825,0.007359163365047884,0.010788057785084319,0.011867469551937347,0.0034465211362010952,0.007979790103736046,0.012212819016338698,0.020936901066044622,0.0046237652590176564,0.0054747712714223445,0.019326855907906365,0.00892409843138822,0.010825477693436853,0.019591228038510166,0.011491936167821336,0.00821937697246531,0.00356882367893425,0.008785124352888854,0.02068807993211972,0.00508713145074664,0.019881759284998825,0.0059070559626954455,0.01468298170837093,0.006861874653174038,0.004560735026455826,0.02090769832453437,0.011174661581549106,0.018164038552451987,0.006527553743067528,0.008295920120238522,0.023270212687290792,0.01469896194816853,0.009463837812892038,0.01434479141012156,0.005969921618106935,0.01279150679301819,0.02047818956679921,0.019156721942929954,0.016608896305255482,0.004495923241064636,0.012153228529589655,0.011674605838755863,0.01858766706207069,0.013427682478173459,0.00723106252786269,0.014429682110031102,0.010625207410826457,0.011593703531147628,0.009599128058467457,0.009930399804797693,0.003504827094241725,0.019365211830806674,0.011728069402759455,0.0032787285738063764,0.010011070136549014
Brazil,0.006534682197901658,0.011123412876204136,0.0051935272272657295,0.009099612440121592,0.005000846079273702,0.0036424293641134113,0.006311707167998786,0.00329362033058138,0.009225216827375801,1.0,0.01081348357205558,0.006235092443488015,0.004070444174966427,0.012042394852590304,0.004995294262001351,0.001904297237266564,0.004860043856853298,0.0030873493619320742,0.010659717646871902,0.01448628173865151,0.008468295008842934,0.004785100740911409,0.005483727972468778,0.005326232891793734,0.002526237334279171,0.002422420198001949,0.013204316721231334,0.009327570640075384,0.007959859262983881,0.002145890138029862,0.004875393458573895,0.016310994406174905,0.005600059711240122,0.008251847943343594,0.0034442497986904444,0.005240449941460975,0.007202291864837848,0.015009133750959892,0.008169328629049512,0.009321027181425369,0.003654549320009735,0.004860267121137087,0.007992926149841576,0.006202223045772991,0.013580221706396039,0.013143568815941217,0.005033719155074736,0.006278601470406854,0.013707042125786382,0.003945047727131728,0.00395728072910673,0.011050980955430442,0.007809231718561839,0.012502729486610924,0.008658070228628544,0.006948892170039787,0.012284972575395828,0.012085623784861305,0.01182733588476484,0.008285166896412637,0.007285949202232293,0.008485581125572053,0.012001296978347457,0.011891622135111928,0.002926323654643712,0.016629940938461898,0.0030153713973128356,0.0012843777299279323,0.014670685007661123,0.005976701201324795,0.0040112815220449535,0.005611848448380754,0.00573102036841914,0.005757942190599657,0.012024230257964955,0.010263558525705934,0.008643591211941111,0.01013750255543864,0.0058387522697303336,0.005001520801150603,0.010313281337676929,0.007782730876596825,0.014334821257584065,0.005769430230607506,0.003337994933395892,0.0027250145065000676,0.010300007334241149,0.00209366784213445,0.009548764828833862,0.010589211957712502,0.004087465538570575,0.006945216160825431,0.0012804794604655528
Bulgaria,0.00955130042738891,0.010688317741999557,0.014031735889210261,0.005379553459523351,0.013805580526010391,0.012965879647700271,0.005222044245670416,0.009382813856780074,0.019361016906404772,0.01081348357205558,1.0,0.011535531601005473,0.00990273554681786,0.008209262844177962,0.0076362850163337204,0.012022315784123428,0.012791191917375351,0.011926186578830324,0.005640071342440467,0.024903541600600685,0.013091159355305786,0.007002516388273149,0.006419145655824455,0.012839802074836761,0.01179642958416628,0.008750367073502834,0.023233545334164097,0.007336118922427886,0.00689132141569778,0.012431105143665884,0.01119824807592512,0.022566957293800875,0.015630620001231242,0.015445503668936131,0.012225227403887994,0.014775834830943255,0.007329577037942896,0.025362416112433086,0.018360017957914213,0.01848393360375071,0.01014566875368875,0.009687754838479725,0.01820752259735068,0.01586067862339184,0.020906338418294087,0.00712668001395285,0.01531279178049557,0.016587076356439537,0.012491419173614992,0.012097229994032583,0.010249954535010495,0.00673287061834813,0.015171985987363116,0.020775616120618994,0.01872880901118527,0.013489283041605911,0.0064805444940005275,0.02147779933348908,0.009849081387975528,0.018801223119864416,0.007682288484261953,0.01824916605110565,0.021736079668087185,0.003979092081965218,0.009303353466406499,0.020113493095541887,0.013487854711362915,0.011481735946944023,0.007525483957387595,0.006674336076572848,0.012365769019658667,0.006856290705138354,0.016063542124543445,0.007905860765783168,0.0033650894733581287,0.005481333653445905,0.00837076522870832,0.01890438079296195,0.008784897043716662,0.009810372654153665,0.004197940187288671,0.011523707383183021,0.02401648290540502,0.0067766333844506725,0.009268471492958296,0.008479647256340716,0.019198234836962074,0.011110361822718866,0.019600837507138296,0.003942255434172932,0.009554693851093069,0.017257138790130393,0.010247369877283778
Burkina Faso,0.008541697989577815,0.012479814662969786,0.009504745612260515,0.010273458895096113,0.00851955725382444,0.00841844447682328,0.007467438166232511,0.005177269493909792,0.010326119854414128,0.006235092443488015,0.011535531601005473,1.0,0.004036211038047888,0.014918243032473208,0.006022882875946756,0.006128678849358761,0.004971936729473056,0.007639743886069099,0.013407230344482142,0.01684781273225148,0.009065963061034386,0.005893532834489895,0.008334496677094365,0.00816905537975153,0.006155748409571187,0.0057274664417982695,0.013161727536037336,0.011748280720444473,0.010869937593265069,0.006000745399132204,0.00861083486500927,0.019933869771882076,0.00877383030456855,0.005407251025017856,0.008947024842309642,0.00834136494953379,0.011025366955900345,0.01594157104397301,0.009017949317999732,0.013080694351740002,0.007089912677821744,0.007539589252465182,0.00910974833664843,0.011176535934308755,0.0154105722790812,0.014649974003929138,0.007238488293386913,0.009502277893591336,0.013330739116883348,0.007180337816286413,0.008744343552600977,0.013761370031714492,0.013256542779985555,0.010275911009317278,0.009871871221073318,0.005525109072398219,0.014436176848436209,0.011254446612941787,0.015498557272953637,0.011822893815148488,0.007866473336128815,0.01028196743960784,0.011525991477284852,0.013663778716731162,0.005785791561268925,0.017916067295259415,0.006544272671836768,0.005798146569753305,0.015067326567568741,0.0087485749749177,0.007563149068636336,0.008863512732478289,0.009529480304815988,0.006818304443749732,0.012205885821604033,0.011484183226402869,0.01046462953407278,0.009060250368170063,0.005952310708231209,0.0077810725354005555,0.011445334868585318,0.012074463413005325,0.01601798734164416,0.00925847116907771,0.003994932900769,0.0065738514591068544,0.014559471252925095,0.007363112253818342,0.01026324735966382,0.01212963252272246,0.009058383690532516,0.00863931575368356,0.00623387952223275
Cambodia,0.0070001260803759305,0.01062176640841067,0.007751882099272525,0.00800020612156779,0.00744540938641942,0.006874126701118872,0.005485589904007617,0.0039597587899258355,0.010957247715032772,0.004070444174966427,0.00990273554681786,0.004036211038047888,1.0,0.013070386042993088,0.003912442183997611,0.004186343729825582,0.005342531928255995,0.005750756677340721,0.01111430726910514,0.01683386073750808,0.00923890718323709,0.004758053653016004,0.00612553787811515,0.007841490778947888,0.005240647386327517,0.002958014534246433,0.014188065176707723,0.010159474208423612,0.009017189276070906,0.004727636343422702,0.006510421265871028,0.01936557442201282,0.008454975459300245,0.006614471489243027,0.007086385620738538,0.008068640807902374,0.008480460262884874,0.01657431861416598,0.009610305217193733,0.012712619864219562,0.005557872144034737,0.005860946692794693,0.00935837860154271,0.009756540171460649,0.015461392163893126,0.013597597752972996,0.007093511885157562,0.009003029701199504,0.013471288249872595,0.005931978076297351,0.007207224823907145,0.01177762679859719,0.011097882289196939,0.01161732728291201,0.010304982292907624,0.00689413507559933,0.012613675498768732,0.012680650357334908,0.013221585395255836,0.01094460515098857,0.006581855446858265,0.009312145939083659,0.012914518961948852,0.011452646820083488,0.0031003880557140574,0.017974698446376624,0.005662240473381501,0.004238316588475864,0.012890243702753029,0.006181628060007946,0.005209617325615211,0.006609925189273988,0.008763526509138624,0.004442533207301155,0.010652523745296455,0.009509346856174546,0.008214029230483304,0.010592357832751023,0.005448480326532747,0.006862697151195656,0.009771716328275419,0.010807450945546583,0.016656693174706628,0.006507664007291381,0.0029007897429933916,0.004167501309181875,0.013691191775914203,0.004994243000374968,0.010767346035944788,0.009997529468519178,0.006580313010208568,0.008824574397132402,0.003933011310473325
Cameroon,0.010127099998751565,0.014607474490771669,0.014003557385560516,0.011166063463189999,0.01566210149574825,0.012478876584096929,0.008521236661812582,0.010774212203422118,0.020044959130368308,0.012042394852590304,0.008209262844177962,0.014918243032473208,0.013070386042993088,1.0,0.011250524973716128,0.013769081177240832,0.015394796636656332,0.012375187886642056,0.005057832272867548,0.024298056593035206,0.013387115858075234,0.009834121063382068,0.007575222799413861,0.012950080561477017,0.01270114168525326,0.010991417952202265,0.024564591164151744,0.0040489048862139805,0.004632344078478294,0.01373408243081014,0.012915488370931297,0.017619859284698496,0.015416514739173966,0.018833783673465686,0.011368699489711007,0.01446127001902597,0.005861307471206746,0.026003997084980034,0.01941490152216936,0.018077115601388694,0.009953218612111568,0.01105082527222467,0.019668568847070526,0.014460137950255393,0.018609580380036305,0.005126269337097853,0.016256471961372084,0.016467995271689087,0.011525247462597457,0.014277907330025584,0.010235630107254848,0.005792271116429744,0.012989224700578356,0.023769767143633113,0.01986952482261723,0.015204143215166242,0.003354140546961189,0.023396317841948545,0.0082604708237153,0.018229903647882066,0.010610644467494554,0.019916108844062457,0.023111574839235212,0.00642076129187873,0.011441257616924619,0.016626881452904644,0.01449217761198883,0.0127832491635275,0.01070516749022869,0.009375028794439206,0.014768381010996687,0.006951810583891221,0.01577644512454728,0.01187592226877465,0.008958258514688367,0.008544567952379897,0.008524202193830752,0.021218457988214465,0.012245083781463696,0.009025691386422532,0.006506814890726363,0.008451287603907565,0.022737693786369053,0.008265446098435136,0.011599464322499259,0.009683348245022946,0.016567831587713504,0.01176325087029078,0.02116871544591638,0.006212095751336331,0.009492595318361058,0.018261267477514637,0.011392567435758352
Canada,0.007049421330548061,0.00866540958742826,0.009043782690961712,0.0056353708627535585,0.008130766990855935,0.008121483735876438,0.0038164047695321847,0.004802082980727604,0.013090966659350297,0.004995294262001351,0.0076362850163337204,0.006022882875946756,0.003912442183997611,0.011250524973716128,1.0,0.005624348457470244,0.006728463839401623,0.007138726947365041,0.008402529015926481,0.01900779247956387,0.009402001196957104,0.003000818047965937,0.004685459874473221,0.008869195190567525,0.00603358786034036,0.003139403707021409,0.01656390043587596,0.008398145108778251,0.007659448717789398,0.006532560777060122,0.00620618853685117,0.020173412181113543,0.009780139501465338,0.009332553999082373,0.007709978670422407,0.009519071632626643,0.007058825372496863,0.018949205956433478,0.011933737369339913,0.01322249497155828,0.006043844408691298,0.006642313377759445,0.011581951521509254,0.010808139024699277,0.01746546684061017,0.011095607297697293,0.009249522159801382,0.010854848565082452,0.01346475914914577,0.005919480201598732,0.006380098982443203,0.009092484255178323,0.011562510916043135,0.014358565408691721,0.012120344011460261,0.009094729811814313,0.010258140999602577,0.015074357604062186,0.01039070688741541,0.012834637647907467,0.005000670563712926,0.01170685999378116,0.015380643398252035,0.009023224012291449,0.004353598960826208,0.01791943673483112,0.007205681004378151,0.005587020907522554,0.010991401709151818,0.003306414573190871,0.006504394014107949,0.005181180348987858,0.010182258874046364,0.004289306925544003,0.008319842970938397,0.007038865085125219,0.007815908542825309,0.012756855363270553,0.005300207638819872,0.006785668523647971,0.007708358624107539,0.009446200670581089,0.01854996188023047,0.00475241398294899,0.004030288049429245,0.0037803150442263147,0.014758588789840509,0.00568002303697663,0.012985682116723508,0.008066002576062437,0.006371653920762905,0.010876066798793074,0.0046428699971316385
Chad,0.0074088074840452205,0.011085493617405363,0.005519728115566192,0.009774349276498047,0.0042804461360688014,0.004236157692190197,0.007577535566169873,0.004567032034059427,0.00814297071106473,0.001904297237266564,0.012022315784123428,0.006128678849358761,0.004186343729825582,0.013769081177240832,0.005624348457470244,1.0,0.003911576359186402,0.0037268305218990626,0.01206353683063337,0.013736507137665178,0.008720980052752516,0.005958215827703571,0.007048800901071726,0.005837141038325664,0.0027977906924345,0.0034820364461345403,0.011929735273894113,0.010995344631289225,0.009672401761426294,0.0018885797940459777,0.004805917257943454,0.017202355132708135,0.005292738480995929,0.007097139415954996,0.004675555157567386,0.00543468889217109,0.008864752650892519,0.013851849875776976,0.007089171665436112,0.008916156520917325,0.005311290005924031,0.005932496180722029,0.006642453372825542,0.006376925978098949,0.014132667539355664,0.014704570736183939,0.004270477525617205,0.005918770067541326,0.01526275532292175,0.003194810350455449,0.005095944214876965,0.012468772797434136,0.008349887647196201,0.011081063424457286,0.007436732081521205,0.007227604647222261,0.01386192080729393,0.010842996678999883,0.013021283875951932,0.007651755867513106,0.007902975034255619,0.006960880895624925,0.01089020958587412,0.013258719712645327,0.003952231308802124,0.017436316218708923,0.0024115502980583,0.001735658607795435,0.015706855810789223,0.006902791301619274,0.003204566628076046,0.007279662021723946,0.005403244616272689,0.006081940422284379,0.013127850085378314,0.011517469477053592,0.009883606293925382,0.008860742285957486,0.006610694041766119,0.006593751585639362,0.011626394997394693,0.009088733859053797,0.013811706525124675,0.006930114989214411,0.0042046476557381,0.004323580159011823,0.010611100589114852,0.0029880381109188255,0.008138707994706283,0.0119686190253628,0.005378292880540146,0.005887073529386131,0.00271430550785314
Chile,0.008181077111728358,0.011804779673484242,0.007705557208049393,0.011108765201285726,0.005754451181180395,0.006322611602253829,0.008791495938372008,0.005433228619479772,0.007297772123519441,0.004860043856853298,0.012791191917375351,0.004971936729473056,0.005342531928255995,0.015394796636656332,0.006728463839401623,0.003911576359186402,1.0,0.00602582501187452,0.01375515478678585,0.01431314830791013,0.00782353310398168,0.006582403460442455,0.008830879026410521,0.005557659331350411,0.0035985658230608827,0.005488569144836335,0.011167494677003514,0.012296646489620209,0.011223845665371632,0.003944046788166019,0.006849381598187346,0.018310661068330705,0.005826049002480841,0.005106938741284657,0.00735724512843949,0.006028759760958173,0.011274780728169391,0.013496823449404382,0.00670032110760151,0.009369886277214485,0.0069115980223154,0.007852610412503812,0.0064703234143427945,0.00862077095035882,0.014979695905748339,0.015476797605681093,0.004749056870430251,0.007210984322375694,0.015937426344279578,0.004323525126425581,0.006638205778682327,0.014285050558563012,0.01083625603073564,0.0095594307172109,0.006853078784832219,0.006415252539218194,0.015289518430670255,0.009355885698675572,0.014987639078628413,0.009241577698573212,0.0084777416926851,0.008074927978064486,0.009772433001800217,0.01481317631266766,0.006219985810309699,0.01743932720222565,0.004111721725996093,0.004015276638471746,0.017087683118466587,0.008625065977386806,0.005723992306538885,0.009183083185043933,0.00693441797216588,0.0063842282119374845,0.013881192426486857,0.01318145056415229,0.011947714129139633,0.006523378326806817,0.006330063429457072,0.007585648844130051,0.012545879837769782,0.010253927493517534,0.013173802255662254,0.008783048655629741,0.004982599894680009,0.0064372325346768395,0.01216569665941106,0.006116846572173102,0.007460826756037685,0.013411052425667714,0.007506529591604235,0.005871435379230481,0.005446178842332966
China,0.005508314886457465,0.012772854229880379,0.0052572152418063,0.010557971338696707,0.005138442964168944,0.002011551107549604,0.0074750972547109286,0.004607684718427419,0.009014488631088337,0.0030873493619320742,0.011926186578830324,0.007639743886069099,0.005750756677340721,0.012375187886642056,0.007138726947365041,0.0037268305218990626,0.00602582501187452,1.0,0.011604264589799329,0.013904135592621875,0.00801761529830406,0.006499738492301648,0.006460798861362646,0.004823142438394112,0.003970151787564679,0.004314649223989763,0.013542623935018589,0.0101849818520199,0.008090547721277465,0.002964001326450935,0.005767075015479502,0.015438078074371647,0.005932846048489483,0.009375356015493174,0.003737640646652577,0.005469174683600709,0.00767294973368517,0.014824544609324907,0.008498964398705764,0.00932201469592313,0.0046675863654033695,0.004575820106711136,0.008477304775153802,0.005648533234004786,0.012502322942987414,0.013917206830110067,0.005230688019157325,0.006325457053186902,0.014354090272747115,0.005663048610207009,0.004657831294661011,0.012003789030010632,0.0068432728265374705,0.01321959597216032,0.00922913824798987,0.007021133761420037,0.013162517918958559,0.01242383548167543,0.013354738014531256,0.007947344386834001,0.009058030394736152,0.008911217744476974,0.012153602791607248,0.012845293841581569,0.0037437272415465363,0.017104319238330685,0.004444994315445097,0.0030387122819279617,0.01590907761550613,0.007734751118498959,0.004903657940929996,0.006429895085806975,0.006221533264600141,0.007126815502164242,0.012996720165290828,0.011865001252722742,0.009097504168605889,0.010619821929769077,0.00737806878002789,0.005680827759205464,0.010876311751523074,0.008008428834343795,0.013528997045483201,0.006471667974944111,0.004727411423987451,0.0042711714314738435,0.00974015942648617,0.003447342159675339,0.00984605597513285,0.011141445744047731,0.003747334072403653,0.007380252407069338,0.0035049144842909654
Colombia,0.009320104886255261,0.010337191420925077,0.01342368652172975,0.007245038031129746,0.013939178996114986,0.012148673357926767,0.00633252250875172,0.009890207610945336,0.019441302072247653,0.010659717646871902,0.005640071342440467,0.013407230344482142,0.01111430726910514,0.005057832272867548,0.008402529015926481,0.01206353683063337,0.01375515478678585,0.011604264589799329,1.0,0.024326990154599874,0.012959303143044791,0.007947752051413595,0.005991522113916918,0.013027081370146788,0.011625232790880534,0.009122286205232352,0.023664972444931074,0.0049629817603715305,0.005407193031528151,0.012639851318598693,0.010780803961730374,0.020459062485326206,0.014972633646381944,0.017164719880152814,0.011111559112140025,0.01439326626824711,0.005090930789519784,0.02546238887263803,0.018617767523159787,0.017541132798174704,0.009796767065305922,0.01048293681633938,0.018507091259125388,0.014353950704921858,0.020620985731689277,0.005782724756390913,0.015514000519740482,0.016144044659196617,0.013774896347186087,0.012141918262735214,0.009251861316999965,0.003655139582974893,0.013067020466140604,0.022250883910507304,0.018783069392146908,0.015110018816794664,0.0036058603640936613,0.022441441187808595,0.005803081678767743,0.017811459096970857,0.007880684698736115,0.018321696806542862,0.022441150390782275,0.0033212679664326953,0.00989637570546157,0.018536963917273098,0.01339329089875309,0.011544407023845873,0.00790815354756072,0.005890018588620422,0.0126784256506205,0.005741565190411631,0.01526557358389049,0.009581317996760612,0.005985272100477103,0.005451783892630179,0.0077017584905019875,0.020082050769891023,0.010855626717954717,0.009280895664426988,0.0046820477852994626,0.008952356391096436,0.023275110437570534,0.005680366117245545,0.010219817657130837,0.0082542356854837,0.017500392994611407,0.010377029327720708,0.01996143235837664,0.004021808892985035,0.008615797571492714,0.01738666471950886,0.009988223001058059
Costa Rica,0.018817102430134017,0.023245958016644995,0.012031307579435676,0.023047807280523087,0.013112290509969657,0.012856466243609104,0.020549373261504602,0.016393767864108382,0.008063092333745945,0.01448628173865151,0.024903541600600685,0.01684781273225148,0.01683386073750808,0.024298056593035206,0.01900779247956387,0.013736507137665178,0.01431314830791013,0.013904135592621875,0.024326990154599874,1.0,0.01811305584300813,0.018652414915435754,0.019282555958705577,0.013505053834727946,0.013852554098610808,0.016793105896608908,0.007433767878513548,0.02202014181769425,0.02083186193217129,0.012884927979648953,0.015980650917295773,0.015081747705995477,0.010205222712247945,0.014803785399756873,0.013301981650028879,0.010803502424916539,0.020051734256856593,0.004765502298671308,0.008184209522439638,0.00954012987002921,0.015642475304624887,0.016507348122581877,0.00866067930855322,0.010256006170225065,0.012809361697964292,0.02616724703475928,0.010131616424913463,0.00850267120318494,0.023344865257223662,0.014624803254765813,0.015817301006902776,0.024237915430445123,0.013719222032807343,0.013315159116547941,0.008453464265743857,0.014621625052330615,0.025602412650914234,0.009417146235593395,0.02367915330070807,0.006907923549392008,0.020631359189720026,0.010550147620930232,0.007896863988130831,0.025883605311907767,0.016466100606601766,0.020922576092157724,0.011939299039784254,0.013783977510186321,0.02872937595187203,0.020068912086159373,0.014676920932491939,0.01923957003115861,0.009340658918726341,0.01911993455176128,0.026425639944789803,0.02392956898981896,0.021360717769778943,0.011268145514455732,0.017878885173049957,0.016513913792068766,0.024387068888177373,0.01774491971979448,0.007541128858352903,0.01966574893721991,0.016633197893821193,0.016947565670265476,0.00902132929723641,0.014509355651060962,0.008255103065686156,0.024588430491450267,0.01655051236081519,0.008712876875823786,0.015104222218705922
