Country Name,Albania,Angola,Australia,Azerbaijan,Bangladesh,Belarus,Belgium,Bolivia,Brazil,Bulgaria,Cambodia,Cameroon,Canada,Chile,China,Colombia,Costa Rica,Croatia,Czech Republic,Denmark,Ecuador,"Egypt, Arab Rep.",El Salvador,Estonia,Finland,France,Georgia,Germany,Ghana,Guatemala,Honduras,Hungary,India,Indonesia,Israel,Italy,Jamaica,Japan,Jordan,Kazakhstan,Kenya,"Korea, Rep.",Kyrgyz Republic,Latvia,Lithuania,Malaysia,Mexico,Mongolia,Morocco,Nepal,Netherlands,New Zealand,Nigeria,North Macedonia,Norway,Oman,Pakistan,Panama,Paraguay,Peru,Philippines,Poland,Portugal,Romania,Russian Federation,Saudi Arabia,Senegal,Slovak Republic,South Africa,Spain,Sri Lanka,Sweden,Switzerland,Tanzania,Thailand,Tunisia,Turkey,Ukraine,United Kingdom,United States,Uruguay
Albania,1.0,0.3668024595178329,0.6783859058897901,0.3330203014103002,0.30345080694041243,0.41501554774611643,0.7640900895863533,0.34540171717895185,0.35951390713024933,0.9834569137791955,0.9779775579849053,0.7064042377620988,1.0936732758242798,0.6893805460498521,0.4310244255480995,0.45081769368130625,0.4694275785433227,0.41753625175498027,0.7303415640422196,1.0007157610040804,0.8512351955806264,0.5774200632975167,0.6647602993988774,0.4251628951561514,1.3546201012712769,1.0324370055651988,0.7570927945663634,0.4697616737425232,0.32391404837345533,0.285956470643083,0.5100073509579387,1.0946553385662074,0.2854872970840195,0.39571151176791136,0.3423145770161871,0.4945578296719532,0.36076959675707954,0.38281623080507515,0.4048810595904123,0.39232464233818953,0.5565582648536591,0.37963503168035906,0.3437365965519163,0.34644776086065304,1.197411318277121,0.30161532892371284,0.31546336154624516,0.4865349762317932,0.329223076446349,0.2785416507670849,0.5146448735640864,0.24689029243640026,0.5357510571130423,0.8986876783473084,0.41415357971065536,0.3086689839154958,0.31096861151068084,0.3821027709835371,0.3506855086147495,0.3289503982200445,0.31312070767640743,0.3189015024247413,1.3280173628668412,0.6633484590427801,0.3243111695571348,0.33992523956708387,0.3133508537564566,0.38729471948750716,0.3813229378428322,0.44949471279178366,0.28567143169782816,0.8099789126236195,0.6744686880541296,0.29444911415455105,0.36022984963877963,0.33904117036068443,0.28152956007330476,0.9595664626168758,0.35471535612122335,0.35305364057047367,0.714739993573839
Angola,0.3668024595178329,1.0,0.5707238742580093,0.13682155670265855,0.15466316858057533,0.19961260803891728,0.5312152982953476,0.23689216391912515,0.25094070434033655,0.8128540241198442,0.7804286123001005,0.6203104425551537,1.2570512957726832,0.59648352229275,0.25433399400190354,0.4155679882601211,0.22465607661801779,0.3758627861170567,0.46149445040762593,0.883735388064346,0.5641771214423354,0.4438621833710518,0.651391664051899,0.3295027919646266,1.3388860156085731,1.3080990319639911,0.50076232777683,0.183060755917398,0.11665915938419948,0.12774784696482896,0.5826297040560225,0.9045754778673283,0.14800476604074683,0.34583655729992097,0.21112829884102724,0.4185973718469863,0.36931972895298404,0.2764389663140059,0.21429561833957292,0.2850978478940955,0.42420954595394317,0.14190090312424297,0.17437161577928278,0.24685242496572368,1.2626112418866045,0.13911823611972732,0.20714683911057144,0.35898011034350774,0.11124241735454454,0.13889572421640187,0.31637815748629405,0.25604935962849795,0.3869122144271201,0.9436234569936174,0.2624693299940818,0.26562859685861095,0.20352563555287653,0.11300596859120494,0.1751970766008308,0.11885667645001301,0.1625974982692566,0.282601648742441,1.3414862320509757,0.3971625836813665,0.10432830300482573,0.19967150853421198,0.16719405783742558,0.15173191558455493,0.19241019807242785,0.4212732042498229,0.19728115475436456,0.6584862816807492,0.3728250306242958,0.16655129143108063,0.09954975952622223,0.14650504220243393,0.12364456621283654,1.3389360843571543,0.27494421634055743,0.22988874051376937,0.8677512816322944
Australia,0.6783859058897901,0.5707238742580093,1.0,0.8842569819963679,0.853089459576145,1.002233163547178,0.5907352906472179,0.8394322054550605,1.0536539233980742,1.6047518990404028,1.2388448324375803,1.5086021963496896,0.9179027802686763,1.6714174663255081,1.1244006891588254,0.762119815844442,1.101549787687644,1.0025498063880343,1.5928897822045214,1.6200435941945726,1.4294651192090835,1.455215755309033,1.3626808137597959,0.8976824182249024,1.0915599102145142,2.536937768646056,1.5707924821943535,0.9330328903295919,0.8105476144608039,0.7319258595257252,1.291388877918512,1.563976371526471,0.7491159620516405,0.7032004871207886,0.8130249314528153,0.8177963744815303,0.6464883430762898,0.5745674144932846,0.9929802480641001,0.9778496561328767,1.231994201733314,0.6592466591686065,0.5759276443795485,0.7707471572828619,1.627960580536581,0.7859150149545078,0.9026843750898762,0.5963616022210528,0.8194275166793605,0.7744769182025419,0.5483983105653899,0.702817440375599,1.1005057518273342,2.1923075935455234,0.9728922222515215,0.9627142473407466,0.786849475767418,0.8813839921199881,0.6591699024705427,0.8686237501912786,0.8560685719385295,0.7663584470601102,1.5072354808504664,1.0454802095411106,0.7303501486872748,0.669141575668257,0.7443018474276677,0.8325088349025876,0.9102289676235368,0.6347870918745332,0.6423980751479611,1.8763893360556851,1.3827886859971772,0.7700200701254171,0.8270134644458622,0.573843589197607,0.718440237374534,1.113086781650221,0.5889792968314086,0.8467985990941759,1.901343853450972
Azerbaijan,0.3330203014103002,0.13682155670265855,0.8842569819963679,1.0,0.07824952940012404,0.12056475282049578,0.5630094339044451,0.1973791983278046,0.14015987763257548,0.7533556538237227,0.7902760990897681,0.5027160425196225,1.2055213527571849,0.46813053012391387,0.14430048497614753,0.40459676061267924,0.15944857257663428,0.28698725531738867,0.3573137031192412,0.8120043189948768,0.48199596082942,0.34245321257070716,0.5351228073084812,0.2784074464604502,1.2651396636524497,1.0283651282540227,0.4264881868839286,0.15734060748544937,0.0910227576945969,0.10402617805295378,0.46484642606317184,0.7509324811364224,0.11860438730017143,0.3411947547931026,0.16339864509054175,0.398967809804014,0.35708551587715615,0.3040417972198771,0.13212754893737141,0.18528880820383267,0.296298525911455,0.19866982063914054,0.21716404453617533,0.21310140914319003,1.191486027215603,0.07957183164423012,0.11394417777161825,0.38192349640613915,0.08379409426664595,0.1052013469137673,0.3506315435354367,0.21672313889673367,0.3109298195177138,0.7735892903723961,0.17744865372599217,0.2011625482569571,0.18438387163423542,0.1129583279229761,0.18710258423731668,0.056132933229102226,0.09479786535637946,0.26162347437417177,1.191341902259326,0.4201019328388442,0.12006068684826778,0.20560520512454536,0.1679977336494009,0.1094265886473838,0.1304800393298119,0.42889328689259226,0.20619072454698412,0.5344884031697136,0.3056267241771155,0.14885115461935802,0.1487326485853344,0.197763790453771,0.13462136614366874,1.205866601459546,0.29515893319639136,0.18867436925709066,0.6789910318680942
Bangladesh,0.30345080694041243,0.15466316858057533,0.853089459576145,0.07824952940012404,1.0,0.14630202802104308,0.5952708504130314,0.14927247293568965,0.12741659581071313,0.7819489946462067,0.811618791352736,0.5000413204461585,1.1820399686093388,0.47164031048505084,0.1730169303230119,0.36479055337100574,0.1763785387410261,0.2637124247011536,0.411355843186141,0.8266553010335798,0.5244782661432077,0.3496708649233554,0.516376914862479,0.3072376904380179,1.2589774775739586,0.9912753536080208,0.45518503053442594,0.20861839510324026,0.06659065858975845,0.11233793260064186,0.4133125693070865,0.7835020590334193,0.08311231374331916,0.3168340479524306,0.13569157937507606,0.4223942796856955,0.33728418793513887,0.31182041509207453,0.123219332485728,0.14972367010302357,0.3075308945209413,0.218008859768064,0.21609088501960597,0.17564289705300257,1.1839009567483758,0.09357164268683679,0.06863209738112742,0.38331896770403145,0.08359645775424364,0.09242621592289435,0.37333343868636376,0.21477277913786785,0.3139621399534432,0.7407934535116916,0.17063882770055935,0.20419394210223987,0.1592411363461147,0.15387880789004835,0.173451647932501,0.0652524596271626,0.07328663996628774,0.21317022137136374,1.2580519316771468,0.45358283419621154,0.1294072362276031,0.1923040539999048,0.16087609688873442,0.14770869749059895,0.1527405913940356,0.41496151019780936,0.20803131090402932,0.549424620423191,0.3553240669451243,0.12659641114132042,0.16552518035146496,0.20191880441921392,0.14590881400334227,1.1210436300715292,0.2804811725646586,0.158469513409637,0.6390094843129965
Belarus,0.41501554774611643,0.19961260803891728,1.002233163547178,0.12056475282049578,0.14630202802104308,1.0,0.5508837448670685,0.1835972457892633,0.13790049387648626,0.7358126421591596,0.7523579553867342,0.40326556831161886,1.029998595162056,0.36113324967630167,0.11714632688594799,0.42038440799468046,0.10645261340512843,0.27472030543301507,0.3003678538163624,0.7138712713675545,0.39702081118674715,0.30686844455567786,0.44625014940625835,0.2554827537252289,1.0420428131361297,0.9278594014678955,0.3162617976908667,0.16570852166583872,0.13815191726526038,0.17563535490687204,0.4353212604831196,0.6422026451838095,0.16740420439430045,0.3762888594578022,0.19432534782312946,0.4272296997835542,0.3972877048314917,0.33489142888416157,0.14528200795213309,0.16799886228477504,0.23196612929187727,0.22386551019786102,0.2649486930305842,0.2075592041898886,1.089896880790299,0.13606372301432232,0.13592980847476221,0.3875806617225481,0.1355603353734477,0.16779572665553114,0.35800243047907526,0.26473784064773787,0.2854786435599564,0.6527818888048984,0.1609453282054986,0.21501194719365194,0.2188809576044954,0.13573442086378598,0.22579032438184476,0.10290811933804263,0.12228660418036258,0.2880879211945621,1.0726178534064346,0.4075174620571091,0.1894196481114929,0.24014469323366502,0.20700171005896098,0.13548341452433024,0.12192846376946452,0.4617241872792711,0.25873884637966044,0.43084444538544153,0.2575505581967244,0.19732582819172742,0.17737833239034073,0.231373561476269,0.19205609431479984,1.1352749799337734,0.332031385715684,0.22052391156331744,0.6337201057071259
Belgium,0.7640900895863533,0.5312152982953476,0.5907352906472179,0.5630094339044451,0.5952708504130314,0.5508837448670685,1.0,0.9453091539081994,1.0118973032077876,1.4614386753024156,1.0557510348449666,1.286318471400199,0.7692802888469338,1.2179165366956104,0.9944645404007812,0.7723970837791402,1.0167960187172906,1.0639292815138754,0.9639309468527962,1.3940727227725733,0.8769805306247155,1.1676049604498469,1.4341668590167833,0.9013742876062582,0.7683114675809931,1.6410263015904363,0.9955288588973524,0.82475386265711,0.8167301282404454,0.7314681291951599,1.431044356620545,0.9261221065998525,0.7694645164348624,0.6413927566114748,0.8697887032736741,0.7469723408265068,0.6125377302707574,0.6113450832526457,0.9879275425672148,1.081079113018449,1.1923991459533876,0.706198385589448,0.5403386910214312,0.8961253743754192,1.4339854963959904,0.7881817693340873,0.9357726838742115,0.6061039636165604,0.788122577383559,0.7593278921374809,0.49764077745716,0.7486542484311991,1.1764785997984333,1.4374389047567953,1.0323356349182717,0.9040543364812145,0.7733295452892137,0.7839478545851322,0.6895005713424173,0.8485742655325985,0.8872835649489611,0.8062448191896406,1.261571064356101,0.7587087558956933,0.7038432504496974,0.6891669981158574,0.7033137207894824,0.8006321474565842,0.9107833904374308,0.5416345698730298,0.5834004952131393,1.1716448267788795,0.9729804333611547,0.7512332379539075,0.7961683435532306,0.6028615936835372,0.679269135503131,1.8313007647203605,0.5408715603424081,0.8924526237976111,1.8281752964718474
Bolivia,0.34540171717895185,0.23689216391912515,0.8394322054550605,0.1973791983278046,0.14927247293568965,0.1835972457892633,0.9453091539081994,1.0,0.19210514655144736,0.8400389258075772,0.8190106545072483,0.4782693600484469,1.0022717321491066,0.45808847124864344,0.2530550694732751,0.36920476695430193,0.22216634268065383,0.28190916366934105,0.4818275066963737,0.8260168630466607,0.5574863477523712,0.3830992594814921,0.4666352058869003,0.34869491081065074,1.072291091669301,0.9839755028910345,0.4509659570041365,0.27479775906546705,0.14575532468857763,0.20408443774345547,0.34769017751397174,0.8108319785966797,0.15134442720806804,0.3509579206591592,0.15405161620738592,0.5153373916908696,0.3578948656437067,0.3578043039802619,0.18708002983130578,0.14961892352914077,0.3119682662346755,0.265128505152283,0.2663085073602572,0.137247190889652,1.1554773108151857,0.17885260481380857,0.13683550687361312,0.3901418239197874,0.18292475416066437,0.18888783784747293,0.4036698594708232,0.2688119028991954,0.32055378574204524,0.643015925640772,0.19423412313413696,0.2696930567628172,0.21838011320377815,0.23851305943835724,0.23659453060088254,0.16836165079518647,0.12235646897582457,0.20829073196899386,1.2673708550092506,0.50004020168572,0.21058705001891592,0.2297208830186133,0.23872175617670857,0.23051925507488272,0.20052750506873587,0.41937420466158765,0.2704525210193251,0.5569183161710147,0.40954665683239416,0.2161172980315739,0.23016580297607195,0.23767639841700594,0.23236798807529732,0.965630939532444,0.3103371764391886,0.18850662816733474,0.6404959260743481
Brazil,0.35951390713024933,0.25094070434033655,1.0536539233980742,0.14015987763257548,0.12741659581071313,0.13790049387648626,1.0118973032077876,0.19210514655144736,1.0,0.7044229639532539,0.772410573753019,0.35991084253092964,1.030672128584602,0.32978344084566713,0.08911261037521065,0.4095846974268028,0.1452677077961344,0.24559188182471448,0.3135813182892796,0.7271534573272865,0.3898573982933404,0.21995717004892293,0.39865901838315454,0.24388960093005485,1.0585367842847477,0.8044482512518655,0.3678753378974351,0.19859370038211735,0.14241702766044514,0.16837526141645143,0.3140161195648844,0.6071132519781979,0.17024041014741717,0.3746280037050859,0.1507012206973065,0.4074658720063132,0.3832139175968803,0.33626219647971956,0.13247400822209898,0.12836138427495827,0.20453494283210538,0.2502965071540702,0.2825332691491211,0.19174413312624264,1.0462181194497036,0.1372749473639338,0.10074398348875295,0.41820792915825167,0.1624174698768591,0.17282324057139992,0.4009594035687823,0.22537664498976123,0.24067032277675887,0.5777820727156812,0.15769429942798918,0.2117183184934293,0.21938236092246316,0.17788874248357092,0.23255222254495544,0.11765286932161999,0.11052835123569765,0.2693062930590497,1.0792023134468447,0.45673486820524284,0.19859175468349835,0.2511808570156171,0.22878283200751648,0.1759083666392627,0.11373550351781606,0.4582273541331627,0.27158867291076616,0.42329021717795917,0.2798961780829119,0.19984926156831553,0.18800961234241123,0.25344913939880853,0.19912968126307912,1.012820561391878,0.3365203580176923,0.20648192179245742,0.5392070099031941
Bulgaria,0.9834569137791955,0.8128540241198442,1.6047518990404028,0.7533556538237227,0.7819489946462067,0.7358126421591596,1.4614386753024156,0.8400389258075772,0.7044229639532539,1.0,1.0156345966454106,0.7426266051177846,1.277985762083787,0.7190947992357549,0.5693940392073121,0.6943074414968387,0.592743389013699,0.6014838009978243,0.6955847253965566,1.0047310880182547,0.7529476842284436,0.6126604662782286,0.7954187902752707,0.5948266170011111,1.4091277669401512,1.0475665163593324,0.7744622914566764,0.5789863131040576,0.5509255574499664,0.5288449650918956,0.6948859236940618,0.9310782293684535,0.5518754662234154,0.6479161546819843,0.5519219736239711,0.7198045727359944,0.6532001006522701,0.6651259869506687,0.5640829410606223,0.5764619766516144,0.6153730897132275,0.5982885581966224,0.5831811120002769,0.6104548750724327,1.2645571259263508,0.5474670164555029,0.5407719311033703,0.728835729001324,0.5531919913798998,0.5485166085814435,0.725097873093968,0.568302314713592,0.5592197409024806,0.9273254455831746,0.6112864639299306,0.5983603077891614,0.5751418199778567,0.5706025935254408,0.587191062179414,0.5489333969406318,0.5341779089212024,0.6053623606909139,1.131022513017263,0.7669696675129356,0.5456722062987023,0.564647485292083,0.5791942414298209,0.5652155634424939,0.5682183564635297,0.6923116629641738,0.5776364832805431,0.7714652240018625,0.5937813077890564,0.578310410979242,0.5600267007266962,0.580727265259661,0.5764257716527256,1.1619582337191166,0.669834014469547,0.5679902234261238,0.8916950000186973
Cambodia,0.9779775579849053,0.7804286123001005,1.2388448324375803,0.7902760990897681,0.811618791352736,0.7523579553867342,1.0557510348449666,0.8190106545072483,0.772410573753019,1.0156345966454106,1.0,1.5380022084594545,0.7598092197908023,1.6883103502467662,1.4226277748713156,0.942274330640515,1.3825718722027436,1.3580065933404968,1.2457181133255784,1.527572293659311,1.2459001930572071,1.696147919070166,1.395800509982816,1.1680739303809005,0.8286719411291409,1.570813907218496,1.3988702043050056,1.1538579938880826,1.1289034576705768,1.0355521051346745,1.4785130437894602,1.3740843782747114,1.0622592874720254,0.8695961705110553,1.162579713807354,0.924111132052709,0.8387238544782813,0.8697102567901117,1.2884437587809894,1.3232286654319787,1.527431992203886,0.9808765913595622,0.8251990982053024,1.1201736720008437,0.7597878218223463,1.1113798701585846,1.2570314318385019,0.8115517571546909,1.0976280035299735,1.0583036305514495,0.8337063582072569,1.002643300189232,1.4095291088524744,1.3290490366917036,1.316831163733608,1.2292507718017842,1.0649300429602164,1.1131351190981964,0.9988165697295274,1.1924067733048471,1.211158575935215,1.045075900125841,0.9345057432132329,0.8693647506271989,0.9790566630417238,0.9622607939358085,0.9974485290962396,1.1260525617804338,1.2728218816064398,0.7773453285369422,0.8590870597343067,1.5218206887926895,1.296727726238167,1.0463370988404097,1.1370774852320027,0.9025698713718732,0.9819731444112302,0.9100091013609981,0.8599577927874359,1.118480935029212,1.7567090371168703
Cameroon,0.7064042377620988,0.6203104425551537,1.5086021963496896,0.5027160425196225,0.5000413204461585,0.40326556831161886,1.286318471400199,0.4782693600484469,0.35991084253092964,0.7426266051177846,1.5380022084594545,1.0,0.770613263943461,0.29372369606149284,0.2790780664250907,0.5388469405209481,0.27703133412473685,0.4045697018957497,0.36111365165943476,0.6321257140610462,0.3196512108582322,0.34576628754524114,0.36412001437754876,0.3207927604639084,0.7718327668824195,0.7474359881827788,0.3265841556558011,0.30513558161569776,0.33494677260664146,0.35733845730507846,0.4137877563859313,0.4838939710246771,0.3603445613563445,0.5162744080438835,0.3407354089109479,0.49356885384031923,0.5092129953381963,0.44097123007566486,0.32080604756648856,0.31219740674833735,0.2761479285914655,0.3747079243641635,0.41277135525997244,0.32345251333907954,0.9520934922746265,0.3328604079987961,0.33009655355482437,0.48496170453662835,0.3525652217858811,0.3675869366646182,0.456786020086117,0.3881168192411611,0.30113155242428685,0.4320648727277816,0.2982051000878051,0.4003070745349427,0.3960606657836523,0.3313853665416317,0.37382870671424806,0.3211517575122043,0.32444219317167317,0.451105483667075,0.9303456664791095,0.4977420056745206,0.36945858685457866,0.3908286886744773,0.392827799682359,0.31532838480300884,0.27917685915688734,0.5595896165717242,0.42361335815401574,0.43116698145182486,0.32809431708514447,0.38173165948855287,0.35850579150212686,0.3823667566479454,0.366632445901798,0.873880470708532,0.46227466311719967,0.38491681191593136,0.593977922950792
Canada,1.0936732758242798,1.2570512957726832,0.9179027802686763,1.2055213527571849,1.1820399686093388,1.029998595162056,0.7692802888469338,1.0022717321491066,1.030672128584602,1.277985762083787,0.7598092197908023,0.770613263943461,1.0,5.516344045270325,2.2169851662794318,0.9074013032016649,2.7443463938087986,1.5415796204550154,2.8769166838692093,3.223294940675289,2.040553784859054,3.40300083262582,2.668630519500926,1.4598680231067287,0.7821661928713854,2.6755302473950886,4.680129332791301,1.7659229847820894,1.514968218477951,1.2805805191219637,1.6583292012248434,2.9421628303437513,1.3089054981644448,0.9560059793843368,1.4085233327845057,1.0458035780154082,0.7840978968301728,1.0524163387114729,2.074532785671627,1.686122952628195,2.7041324027150497,1.3046153791692747,1.0652043915875793,1.3144397736031648,3.172674711566402,1.3795464167235922,1.5709564684396258,1.0419485993638875,1.5344222578508386,1.3664218074185195,1.0868072559347866,1.1186201113126466,2.293137053786852,2.993554209232709,1.8864334226325916,1.5544500192497253,1.3104562566529507,1.6494859859393276,1.165587953186938,1.6615323388780867,1.5838233768006362,1.0906988417543961,1.1279351965727764,1.823199650875803,1.3696764820604286,1.1577993020857886,1.2847111323924079,1.583125596367037,1.7420464553357546,0.7667563705415301,1.065518432003156,3.8790293648445884,3.0020505845882854,1.3248512061519233,1.5405674859695286,1.1155353741266425,1.2549914341000288,1.1701860373001542,0.9465642115131827,1.4726435952568655,1.7339151112328124
Chile,0.6893805460498521,0.59648352229275,1.6714174663255081,0.46813053012391387,0.47164031048505084,0.36113324967630167,1.2179165366956104,0.45808847124864344,0.32978344084566713,0.7190947992357549,1.6883103502467662,0.29372369606149284,5.516344045270325,1.0,0.2360088823912422,0.5291362428464987,0.2587720377212899,0.3232800851578287,0.2832467161189971,0.641835722942381,0.2692110816914429,0.26479766400689686,0.32923362073845597,0.30103208641136514,0.7747056982445774,0.62849964600415,0.2529270912013614,0.29436880795389053,0.31676158664634724,0.33462701460193883,0.35884675562532725,0.39180980296095724,0.3410961077480563,0.497697915052238,0.31956739460513,0.4851532946424293,0.49604875169885787,0.4414931295437323,0.2942766027213837,0.3019743677229899,0.2555026485798212,0.36183308197234026,0.4003186435539814,0.3276145020523873,0.8999587668300496,0.3089123183621341,0.30166934128886463,0.48770095804800917,0.32249903679712527,0.34128064055878543,0.4470015279539374,0.37201986366051837,0.3677197126484094,0.3999700213875582,0.3100349590855116,0.35328003149036874,0.3831001912585722,0.2935231565078612,0.3775227408285221,0.290468083502884,0.29549520199931195,0.42330069241958096,0.8772290608244768,0.47598624175826365,0.3505098706653097,0.39582019962278026,0.37158525318983665,0.3038910143207719,0.2615385080006047,0.5370263030484612,0.3980133366090954,0.263428838118077,0.27681875695667696,0.35785379191681876,0.31529494672856523,0.3676156863957291,0.3407383543984348,0.9547420124367825,0.4459929344023729,0.36232130735727963,0.5382030783005202
China,0.4310244255480995,0.25433399400190354,1.1244006891588254,0.14430048497614753,0.1730169303230119,0.11714632688594799,0.9944645404007812,0.2530550694732751,0.08911261037521065,0.5693940392073121,1.4226277748713156,0.2790780664250907,2.2169851662794318,0.2360088823912422,1.0,0.44269393147144886,0.12402204579120496,0.2562151076227095,0.23753626151670826,0.6861902381608868,0.33145597929561205,0.21283279113456469,0.3940024814355206,0.23025477184327506,1.041411994863098,0.8120611661249216,0.31818937018466614,0.1648493767073607,0.16318560651151073,0.17897060255441663,0.3710367791323569,0.5519282527026117,0.19936424588624146,0.398044406232459,0.18174724799853034,0.38917217113729824,0.4036146958234381,0.3399084022860374,0.1490556549858186,0.1741128031006189,0.1883276700000569,0.24096968433053614,0.28865190159353793,0.22227687027814197,1.03396313172359,0.14606403145719357,0.1497230463735452,0.4172375791620472,0.17023570909257396,0.19345362547008982,0.3833734046949888,0.24206863502263068,0.261562051594974,0.5965782794145291,0.17539582366889453,0.22977450354283277,0.24950782454286594,0.15744330641133228,0.2430127137392904,0.1272192875767058,0.14672608103773987,0.3114158331796448,1.012175593498376,0.4318865281555867,0.2065482618615472,0.27188264721653294,0.23842599571114426,0.15621450876404555,0.1019779585834808,0.4729066503345817,0.27981723303747386,0.38863435215747727,0.22317393853992967,0.21715129010220685,0.1796608171451853,0.25665124252466903,0.20159881733794582,1.0615716122770817,0.34786241200148377,0.24191105093147502,0.5539641337917334
Colombia,0.45081769368130625,0.4155679882601211,0.762119815844442,0.40459676061267924,0.36479055337100574,0.42038440799468046,0.7723970837791402,0.36920476695430193,0.4095846974268028,0.6943074414968387,0.942274330640515,0.5388469405209481,0.9074013032016649,0.5291362428464987,0.44269393147144886,1.0,0.7032951971724315,0.8234125375048724,1.0523050275366688,1.5184831168692905,1.1992216858924216,1.004624257713771,1.151254605361877,0.9603686716136545,1.9044975698903248,1.58352969690249,1.0426881720804182,0.7990099011171578,0.5379375053948396,0.6379953488173813,0.9220328535712192,1.4868626444638604,0.4738789771659386,0.23435184175773002,0.6881684393761917,1.0502089838927846,0.5429663367768985,0.6542323425744692,0.605272138006607,0.6243743610023225,0.9625820755860085,0.6533436507150981,0.5130395840831328,0.6358151201805952,1.8797239215446508,0.6663678924172226,0.5716381193281479,0.5639382404823833,0.545798671049463,0.49692586507619163,0.7639616087698203,0.7371499021776926,0.851557477984551,1.3160832483082734,0.6179830902122029,0.6028669556293641,0.39426561383458153,0.6826424408381905,0.5730440942000714,0.5996010174865025,0.5936970091669872,0.369652848068495,2.164794454132733,0.8035754483949412,0.5481383570606841,0.4648714714592683,0.4509516488348298,0.6868872947522832,0.766326459346224,0.5666855241367161,0.5132600964764537,1.140766325738652,0.9859146990641139,0.4546934742004686,0.6920572131075079,0.6261615676784821,0.608139675264911,1.5809032652108834,0.5144269396900485,0.44485382244085503,1.1842514528036263
Costa Rica,0.4694275785433227,0.22465607661801779,1.101549787687644,0.15944857257663428,0.1763785387410261,0.10645261340512843,1.0167960187172906,0.22216634268065383,0.1452677077961344,0.592743389013699,1.3825718722027436,0.27703133412473685,2.7443463938087986,0.2587720377212899,0.12402204579120496,0.7032951971724315,1.0,0.3098134099292638,0.2750588029699708,0.7038619002743169,0.3502091527876085,0.28398028227108363,0.4616216788894295,0.30884079209134285,0.950232912136795,0.9662019093010169,0.29501607028243565,0.1576568143043595,0.15120955333380973,0.2098796941014919,0.4552818460720007,0.6071371900752287,0.19200744068928433,0.3862067280909494,0.2160177669431197,0.43705265458902565,0.42023023296718415,0.3508112118508285,0.10634070343976304,0.1692948524943204,0.24602190099140947,0.24205760297991283,0.27949431227377497,0.22995345625455907,1.090022768253912,0.18203369800087946,0.16355037414929194,0.39803172769927064,0.15843357554282625,0.1939211254253578,0.3711184531798349,0.2998372799427039,0.26758842080504264,0.6240730830516074,0.15383236091646613,0.2529178396781665,0.23865351524350623,0.1556380029736997,0.24613832116560325,0.12938402330973478,0.15420847625435272,0.30091916692165505,1.0192305463801847,0.4021369711387397,0.20011763380905287,0.2572289993854327,0.23399558526006004,0.15830934183817147,0.1471427217390663,0.4733367591318241,0.2873712888542982,0.40831359028303926,0.22579504526684824,0.21376922552855027,0.19142398639358796,0.2589939113757836,0.2167927653490419,1.1785076376784391,0.34256298824830295,0.21574165944697554,0.6659252566623307
Croatia,0.41753625175498027,0.3758627861170567,1.0025498063880343,0.28698725531738867,0.2637124247011536,0.27472030543301507,1.0639292815138754,0.28190916366934105,0.24559188182471448,0.6014838009978243,1.3580065933404968,0.4045697018957497,1.5415796204550154,0.3232800851578287,0.2562151076227095,0.8234125375048724,0.3098134099292638,1.0,0.470439216414676,0.8093327891781078,0.553356345182546,0.38669045158944215,0.428884564079385,0.3634482452124534,1.060196610671419,0.8619432844416159,0.4585840639921767,0.32029129383976024,0.2612820984471528,0.25513885284406973,0.3695896993783615,0.7434318757934198,0.25480878363776177,0.427834228078825,0.21227918192817874,0.4976065612006776,0.39185077994475975,0.43797665052738866,0.2616728158049809,0.2548515159154469,0.3024270373373128,0.34586538368238806,0.3395818793609562,0.2305495906830806,1.09468717780869,0.24077692318136604,0.2311251518404329,0.4689210380066669,0.2643492744924795,0.2677941983215813,0.4512034845863043,0.29063792481414846,0.408777302218634,0.6242210740594362,0.3072734589843565,0.33390432882647453,0.33133226745450484,0.2862589115997189,0.31241213152766567,0.24840118300043584,0.23541983261149033,0.3192979335874155,1.1681849076736384,0.5503994526192867,0.29533691681882535,0.3396296245714135,0.3183950879238478,0.27379116685091043,0.26661437799945953,0.47642602359106356,0.3252172860120765,0.5185990097231671,0.4122549941098062,0.295490656168245,0.2985266585039462,0.30642869002712275,0.2939884415229246,0.9477598500273084,0.3900413503585265,0.2940967652579162,0.5679224109904004
Czech Republic,0.7303415640422196,0.46149445040762593,1.5928897822045214,0.3573137031192412,0.411355843186141,0.3003678538163624,0.9639309468527962,0.4818275066963737,0.3135813182892796,0.6955847253965566,1.2457181133255784,0.36111365165943476,2.8769166838692093,0.2832467161189971,0.23753626151670826,1.0523050275366688,0.2750588029699708,0.470439216414676,1.0,0.6803862712116584,0.23983048171634225,0.2878201604319875,0.536826515835843,0.3347234178073843,0.9186047991477281,0.8624682567103135,0.284560275418175,0.24670344527050012,0.2978158446352617,0.31014549602432573,0.5559825890830612,0.4226607752135492,0.3325166845335504,0.4712583217665726,0.34146227079624497,0.4434485137289826,0.4945947281706956,0.4122852823825882,0.28088823900849835,0.34788144531291837,0.318023979859201,0.3329663678973594,0.37246687180143795,0.3856885702323126,1.0688108072279472,0.29250849744373,0.3144733145922973,0.47626658789114784,0.283836024556943,0.3140709858278468,0.41980940741504974,0.3783211786657206,0.40152439017154984,0.7085737253992752,0.3156919083538269,0.33422699405856254,0.3561055383551059,0.24558107297261889,0.35644642592093706,0.26765402416804907,0.3064086707229781,0.43761084944896816,0.8290085359506462,0.42906768698339104,0.3102180441064309,0.38444137669330947,0.33186151554359594,0.26928700141963535,0.270657545442676,0.5303989511660324,0.3661264033943125,0.3397008140015858,0.2105886368556167,0.32630256014922987,0.2873064150148187,0.3536616961484953,0.3038175167666958,1.322212782506979,0.4252887190788983,0.3638252272849925,0.6890448006829755
Denmark,1.0007157610040804,0.883735388064346,1.6200435941945726,0.8120043189948768,0.8266553010335798,0.7138712713675545,1.3940727227725733,0.8260168630466607,0.7271534573272865,1.0047310880182547,1.527572293659311,0.6321257140610462,3.223294940675289,0.641835722942381,0.6861902381608868,1.5184831168692905,0.7038619002743169,0.8093327891781078,0.6803862712116584,1.0,0.8918206577288957,1.1265180860196278,1.141306546840871,0.8383027977663692,0.8753901437296633,1.6230366649823351,0.7659907075577279,0.6819108363562438,0.7137624112601993,0.7128108807200813,1.355199436655115,1.2781906413585074,0.7199400399554046,0.7381541233591071,0.7985400410991962,0.7650553356852852,0.7642912151381136,0.6497520192799069,0.787825150477614,0.8742509862031947,1.0089388371826156,0.6157812313184288,0.6375831903137373,0.7645694541560777,1.0073024914358057,0.7303162180903245,0.8216649270226811,0.6500080965719925,0.6996066819156895,0.7150928211188478,0.6083958400213392,0.774307738754178,0.9189210018465871,1.3099465589843522,0.7871950045619858,0.8335077749893248,0.7254212031354749,0.6717484909174941,0.6598714907221004,0.7263971217643669,0.7755903697724909,0.7981242960327143,1.001804305347799,0.6696422647257757,0.6679155829591737,0.6824711130290662,0.6718315026525907,0.6753980417967986,0.7686495721786116,0.756755472138189,0.6756181542971721,1.204384597284697,0.8155835367108321,0.7143629451730583,0.7053527050769789,0.6423634625396655,0.6706261674972082,0.9777709029606461,0.6964912430437843,0.7745854562638121,1.8001469369029663
Ecuador,0.8512351955806264,0.5641771214423354,1.4294651192090835,0.48199596082942,0.5244782661432077,0.39702081118674715,0.8769805306247155,0.5574863477523712,0.3898573982933404,0.7529476842284436,1.2459001930572071,0.3196512108582322,2.040553784859054,0.2692110816914429,0.33145597929561205,1.1992216858924216,0.3502091527876085,0.553356345182546,0.23983048171634225,0.8918206577288957,1.0,0.29824623110252363,0.5195084546244577,0.3254230855093261,0.8697896881417473,0.9450169853445056,0.26410829676252284,0.2640284176609698,0.3457796403914279,0.3502069590734404,0.5824789699317338,0.40621899932546846,0.37997448270354844,0.5108178676894994,0.3695699727237124,0.4464414967075229,0.5262177106254787,0.4298296390478987,0.3382421573770712,0.3995114087125192,0.3604841471110735,0.35832389991143926,0.3994503394770861,0.39986097357474915,1.0555959526919492,0.33652681581504484,0.3710591761416515,0.494528729337021,0.3428393306181582,0.36948882305427017,0.43199429663360395,0.40197468532391323,0.39889498222653735,0.6017042792041826,0.37185877838706216,0.4045053823339017,0.407534994692813,0.2867445712663655,0.3831210976081959,0.3204616271951221,0.35087407259811687,0.47929101121484785,0.8590409912735314,0.449275821386316,0.35319533397915087,0.4141996269478107,0.3864710270956083,0.31001198666193786,0.2938056911321219,0.549087226274793,0.40859626155501,0.363822845958282,0.23183809103806483,0.3844108234306519,0.3158516608399564,0.37152356149861765,0.3412520566102512,1.3182812105931032,0.45154731787203,0.41451336502228503,0.7915368070145036
"Egypt, Arab Rep.",0.5774200632975167,0.4438621833710518,1.455215755309033,0.34245321257070716,0.3496708649233554,0.30686844455567786,1.1676049604498469,0.3830992594814921,0.21995717004892293,0.6126604662782286,1.696147919070166,0.34576628754524114,3.40300083262582,0.26479766400689686,0.21283279113456469,1.004624257713771,0.28398028227108363,0.38669045158944215,0.2878201604319875,1.1265180860196278,0.29824623110252363,1.0,0.3733877517074999,0.3028266874017891,0.93544226863991,0.7064751069679462,0.33018320504059523,0.2601342284761624,0.2562645404283009,0.27141309715457085,0.32330280157283214,0.454095780648371,0.29218024334564974,0.44726221709632946,0.24186913301223695,0.4383415813581127,0.4583600063123428,0.396277727109717,0.23525794226947086,0.2504525641893652,0.20778630314497762,0.31575183533288637,0.3632904082339841,0.29761982490532074,0.9858775129061941,0.25516921295558553,0.2434194215994669,0.4828841380149887,0.2695831916835444,0.28783614549006115,0.4467025432789805,0.3219588980997525,0.2786309791687136,0.48982028493149726,0.27045182814166896,0.3158660578502784,0.3210892748563929,0.25680467047419214,0.3289213461222482,0.23716958030937552,0.23710876966349181,0.359936548298432,0.9377247622924426,0.4853062755638445,0.28913828730559366,0.35634457922406093,0.32650149760773767,0.2796243264233929,0.21791503158269193,0.5160260214565439,0.35782890338518497,0.3172277221714631,0.26178157752606956,0.31343168986738945,0.24396683778138034,0.3328623080494909,0.29253372197084754,1.0237244497211297,0.4148582165903691,0.3025351323083818,0.5595708327419314
El Salvador,0.6647602993988774,0.651391664051899,1.3626808137597959,0.5351228073084812,0.516376914862479,0.44625014940625835,1.4341668590167833,0.4666352058869003,0.39865901838315454,0.7954187902752707,1.395800509982816,0.36412001437754876,2.668630519500926,0.32923362073845597,0.3940024814355206,1.151254605361877,0.4616216788894295,0.428884564079385,0.536826515835843,1.141306546840871,0.5195084546244577,0.3733877517074999,1.0,0.3956230220926947,0.7420962712160595,0.734310724483558,0.36949310929916435,0.3641354786754511,0.36278522590146345,0.3700522617126546,0.39237895772607984,0.5839279854228346,0.3749773626556208,0.5304638186885495,0.3354482430189512,0.5209185940787614,0.5028394313767668,0.46248385856119484,0.3559265765994734,0.31795800200226576,0.2960114913365246,0.3873734551621289,0.4255899362538305,0.3201050564441992,0.8983894057097646,0.3470256381630461,0.3487936560299428,0.5011729844042667,0.3721915251170808,0.3904556774275775,0.47584830496505764,0.39886489137100334,0.37184286584119536,0.450596479496936,0.34706866216751786,0.43443688177051565,0.4306608049895574,0.36611382775479734,0.38896774632136566,0.34694256147910457,0.33984725245074016,0.42406072617295204,0.9272852472057055,0.5439756650928437,0.3935658725242515,0.422328683807457,0.42417295264617366,0.3615188443170868,0.3043805876949017,0.5594546497727971,0.4408553178417289,0.4660816357604973,0.39132813747251954,0.4051227978864719,0.364301784690766,0.3887967364973645,0.3921662445814348,0.7817976542711268,0.4518459072381757,0.4121376347022727,0.49050681713538724
Estonia,0.4251628951561514,0.3295027919646266,0.8976824182249024,0.2784074464604502,0.3072376904380179,0.2554827537252289,0.9013742876062582,0.34869491081065074,0.24388960093005485,0.5948266170011111,1.1680739303809005,0.3207927604639084,1.4598680231067287,0.30103208641136514,0.23025477184327506,0.9603686716136545,0.30884079209134285,0.3634482452124534,0.3347234178073843,0.8383027977663692,0.3254230855093261,0.3028266874017891,0.3956230220926947,1.0,1.2645542986125595,0.9782983872647837,0.45686063273988414,0.24835219829635846,0.26650976441682567,0.23011488878175443,0.4622688243638176,0.7805315635323733,0.28146947739779465,0.46179397528073435,0.255047668716173,0.39681375734166086,0.44012393506649444,0.34414395244837037,0.3188940077459552,0.32686764686322783,0.3500674499956589,0.27363346719315224,0.3249522185946801,0.2718853835286637,1.0932383019934835,0.2115468158019064,0.27694769664798774,0.4379822038497177,0.2750697286742035,0.2794968266668554,0.3969860504646919,0.23155179001445098,0.3604767135513245,0.7165385854696715,0.31400326474265183,0.30973357554854575,0.32822466310683673,0.2338848620063025,0.2908214761486974,0.24333224916252166,0.2501603359724101,0.3950604606544817,1.2367296320291712,0.4894810975934498,0.2807193411958956,0.3193976150935069,0.3072499433558994,0.2318639045825216,0.19690672915262092,0.5047232736048671,0.3165182269443412,0.5892454312490598,0.37764233813592313,0.30532249871603945,0.255385264868022,0.26029536977717166,0.2431248666721986,0.9688313982112496,0.39117782067888557,0.352317739369553,0.6884314476394844
Finland,1.3546201012712769,1.3388860156085731,1.0915599102145142,1.2651396636524497,1.2589774775739586,1.0420428131361297,0.7683114675809931,1.072291091669301,1.0585367842847477,1.4091277669401512,0.8286719411291409,0.7718327668824195,0.7821661928713854,0.7747056982445774,1.041411994863098,1.9044975698903248,0.950232912136795,1.060196610671419,0.9186047991477281,0.8753901437296633,0.8697896881417473,0.93544226863991,0.7420962712160595,1.2645542986125595,1.0,1.7920957956834458,2.6113832252950284,1.5921807625112,1.3885629446747536,1.1429149056584917,1.2751683012443071,2.211632549818556,1.196144862355705,0.893060355794382,1.232375787445096,0.8625376995107438,0.6609869511603982,0.8926328989013623,1.9363848484054202,1.5154688421120353,2.404915233547683,1.1717365202947252,0.9672152637169891,1.1264714425022186,1.434144666475294,1.2407354313431924,1.4299233195300711,0.9566652545036549,1.4232506445825495,1.2442654028111146,0.9871662517361557,0.9291472154671396,2.0202510505313596,2.064397784140458,1.648578553830493,1.3656694738491906,1.183796263810951,1.483072614864954,1.0476218272989637,1.53036909835519,1.4443283475579118,0.9938803646057441,0.9404963271815366,1.350374336146393,1.249934096615035,1.056416686448616,1.156822758162786,1.458617789980642,1.5919420910934423,0.6647913438921075,0.9413038672271837,2.860662143209183,2.1214860477506132,1.2079583702234127,1.3806673339341733,0.9941281033623086,1.1129728947583268,0.9710707331269035,0.8463281971369013,1.3454026758002,1.2907784765109713
