Country Name,Albania,Angola,Australia,Azerbaijan,Bangladesh,Belarus,Belgium,Bolivia,Brazil,Bulgaria,Cambodia,Cameroon,Canada,Chile,China,Colombia,Costa Rica,Croatia,Czech Republic,Denmark,Ecuador,"Egypt, Arab Rep.",El Salvador,Estonia,Finland,France,Georgia,Germany,Ghana,Guatemala,Honduras,Hungary,India,Indonesia,Israel,Italy,Jamaica,Japan,Jordan,Kazakhstan,Kenya,"Korea, Rep.",Kyrgyz Republic,Latvia,Lithuania,Malaysia,Mexico,Mongolia,Morocco,Nepal,Netherlands,New Zealand,Nigeria,North Macedonia,Norway,Oman,Pakistan,Panama,Paraguay,Peru,Philippines,Poland,Portugal,Romania,Russian Federation,Saudi Arabia,Senegal,Slovak Republic,South Africa,Spain,Sri Lanka,Sweden,Switzerland,Tanzania,Thailand,Tunisia,Turkey,Ukraine,United Kingdom,United States,Uruguay
Albania,1.0,0.5427534560758575,0.9229442596190127,0.46601838454172845,0.431259861929827,0.5775867266299417,1.0485009923782658,0.4999604048457412,0.47221804780715865,1.839700768742719,1.561844122047527,0.8528223563301239,1.2104938354883152,0.7742710395238404,0.5596868026721377,0.6607449739035594,0.6489197515115619,0.5425344304855144,1.825084194031376,1.5481821399836855,0.9164928680051787,0.6481861337967838,0.8154900456931483,0.546274513471698,1.0972004662005608,1.7511577736994743,1.7672296961553635,0.6496675109925161,0.4762719533529516,0.40770806942203386,0.6076556299987073,1.7210983962996085,0.4252321270463869,0.5800868116663485,0.4814008939819514,1.9021054001082474,0.5202101216901032,0.5762428307945469,0.5652898327604672,0.5380781994574984,0.6820558708161848,0.5741254344620451,0.5384986886669707,0.5197097916814158,1.3573264538823613,0.43015407371602554,0.43823884083460196,0.8056043102049594,0.479786932272963,0.40835772579357443,0.8414920040186804,0.3397318564574551,0.6722335789229558,0.9582524777041102,0.5941997608072235,0.4212319913315227,0.45706580321541307,0.5447403698424916,0.534880709479891,0.4712509178971231,0.44332592959227357,0.4586475325040406,1.661292249834872,1.7669502556316312,0.4804464171453543,0.5219448985385491,0.4722485219162208,1.9200027096684689,0.527192764015998,0.6397329015784878,0.42933451906130055,1.8101251131580485,0.7893110979967317,0.43660146511569475,0.5061492480401037,0.5230877042451524,0.41478415559806153,1.5173070223739302,0.5492074370512341,0.5127677526878002,0.8165693992256632
Angola,0.5427534560758575,1.0,0.8984961369525355,0.22950726160216606,0.25658557315040237,0.3147775715262562,1.0305286334183685,0.3709221109248998,0.37713725028114703,1.8265655224022954,1.6916797584233694,0.7274080301759155,1.3595284718675926,0.707446127992489,0.38222280577054196,0.6722155255753358,0.3451910168509658,0.5382424983094298,1.8991028744656078,1.7482512874184055,0.7287017646693019,0.5656830722168484,0.7302338320134124,0.49583568866623395,1.351857297760225,1.6995645121225567,1.8830607074313597,0.3043154818201583,0.1994268664415792,0.22169245388900122,0.6803999378214449,1.7365564604094343,0.25756080162714035,0.6067526906202299,0.337605086664934,1.8895278624829117,0.6340951774335896,0.5008488687994864,0.3380999227736468,0.4218062472685458,0.5594896978299744,0.2531991824496509,0.33358666263463577,0.396288741827068,1.5275655656011173,0.23635331703400242,0.32870135188818456,0.6687805167506718,0.19340753439936684,0.2438568333264868,0.6194756760446262,0.42439463351441736,0.5204954818565357,0.9242994158814928,0.4082768581506507,0.42873834890153,0.35178123914428255,0.19601883761203792,0.3121801395304077,0.19997513507344342,0.26468714866429105,0.46068309150844716,1.6419380829606118,1.8731777064281652,0.18764950852056267,0.3554860937586972,0.3033914037032507,1.982813049352947,0.30460429821069024,0.7306261193607682,0.3708224557771471,1.8515090312070783,0.5232566907919269,0.2948309127894679,0.1675712424354627,0.27095853196474623,0.2249006703914954,1.6126209510955902,0.5155246872164557,0.3770149493756949,0.873530344321745
Australia,0.9229442596190127,0.8984961369525355,1.0,1.0019306284651375,0.9982611164586469,1.0433446255758239,0.7963600967637026,1.0109352890484753,1.052160170454587,1.5893342627830593,1.5598520690901827,1.1591869302771192,1.3684006039214782,1.2094600468485166,1.0697160667980514,1.1257014264871026,1.1011383213105645,1.0847273078841957,1.5483551432494307,1.6346591436835098,1.2175429464794325,1.1931495456558108,1.1122804033886666,0.8511707147655083,1.1730039270679462,1.5007683266035436,1.5744738786023504,0.9873062765686412,0.9828368672639276,0.8886371296367896,1.1863418299170723,1.3778922835587522,0.958833739160251,1.0928051266733383,0.9834365200054935,1.835593611896288,1.0106898416117829,0.7028565718607268,1.1086139313287655,1.1032965952378548,1.2017083843846705,0.7887080854945688,0.8212723448953902,0.9374210935172175,1.396229156441361,0.9237448792306318,1.0411539219486514,0.8666773594115522,0.9834977724905354,0.9638559986278713,0.7643585192461204,0.8160725550320387,1.0898909624343005,1.3542108900330148,1.0858267852741743,1.0170046963182002,1.005319693337992,0.9363242626811135,0.8509683306481093,0.9793348128968751,1.0001247338514154,1.0381009037728355,1.6315245186861578,1.7630225485449076,0.9299362529261446,0.9096968466461276,0.9438059398466236,1.766644726187578,0.9481693339614669,1.0627645365654743,0.8845687043430044,1.4894055272910818,1.166151986985103,0.941746131329659,0.9020370298165042,0.7553916393249875,0.8419953416004813,1.42157684362233,0.8294277438339188,1.097145485776793,1.229629250221715
Azerbaijan,0.46601838454172845,0.22950726160216606,1.0019306284651375,1.0,0.13473985499183738,0.2002225735582509,1.1325873160603324,0.3235265000080805,0.21984597802533168,1.8475549601954515,1.6401258418051547,0.6350299429945472,1.3129237948189265,0.6004142537679119,0.22730412212204865,0.6711998822737993,0.25970159860492775,0.42695063355049273,1.9328478930699298,1.7299841817443806,0.6680170117558851,0.46090473869623316,0.653067160810214,0.43869051028435985,1.3377597173945355,1.758453725273003,1.8994388172458463,0.27446698797190866,0.16192678362618998,0.18622225325840325,0.5716801516453558,1.8037323239504433,0.21341022643374774,0.6078263228987772,0.27065331295323924,1.8934343536772538,0.6152522580765911,0.5692824279990304,0.21764106262784394,0.28579375903598914,0.409408472090957,0.3713397889741284,0.42809065922928885,0.3579168137573268,1.4771279619468456,0.14012856933889994,0.18754633771323534,0.7347866789340913,0.1515535790127478,0.19079839062804754,0.7168519858034849,0.36754505478021354,0.4364559690288046,0.8338771751093462,0.2881441033763877,0.3373904970948831,0.32927314574363037,0.20587217548614795,0.3454728942172653,0.09856675660527413,0.1604079602647584,0.43975982315826573,1.6310148965123945,1.837526990090892,0.22314775662527433,0.37727919763650947,0.31543538586612224,1.9903260576563344,0.21678449674361475,0.7465284622240287,0.3964482943665491,1.8828669849860336,0.4535058410705808,0.2727326054043999,0.2636857077238305,0.38069499279992747,0.25432838095307625,1.625036389717262,0.5697673643418598,0.31986627071382934,0.7631908385208817
Bangladesh,0.431259861929827,0.25658557315040237,0.9982611164586469,0.13473985499183738,1.0,0.23633683155758953,1.1305791276913355,0.2364728510284196,0.1932208422274876,1.8480477964139006,1.6191133894699483,0.6264284604861826,1.2451051397888355,0.5960298635396444,0.26444123266851155,0.5775988255679028,0.280699906806085,0.37815400062132326,1.9137226494073314,1.7170598345834123,0.7123365634094557,0.4574467222531364,0.6264148726076868,0.46553951055254833,1.2928189030022144,1.769937918765573,1.8864560940784008,0.3527680543706352,0.11409983165391026,0.19270410189479795,0.4974086747495638,1.7934456776173826,0.1437326101288133,0.5358844848815034,0.21585844306076718,1.8936544080878708,0.551362204750407,0.5562792468991077,0.19723554974338245,0.22489462409469113,0.41660392731646545,0.39212604864307604,0.4063595239511682,0.2842798730572821,1.4375084076724798,0.15830745819461114,0.10912987051255248,0.7091264966032067,0.14553619892403277,0.16106460380479964,0.730754186687778,0.34775815941958266,0.43162574009528104,0.8133788021219421,0.2702907667211247,0.32981158952974216,0.2727484534908495,0.27051014969799375,0.30581667849243005,0.11057856119880545,0.11982287257252806,0.34334694915014213,1.6088521252654115,1.8206087660831607,0.23113136312603916,0.3385738274489877,0.2893207993745617,1.9835318022201984,0.24544555344631128,0.68143735831536,0.3814215950700464,1.8787352298614226,0.5177284459005602,0.222331506153348,0.28208068157058586,0.371067730239153,0.26354293109787896,1.6412263130780202,0.5128337404238925,0.2598727261939924,0.707189894169886
Belarus,0.5775867266299417,0.3147775715262562,1.0433446255758239,0.2002225735582509,0.23633683155758953,1.0,1.2282384902520416,0.30916671758386927,0.22405680290450145,1.8394827881116877,1.5915687847869144,0.5209147699292698,1.3351832143408853,0.4753039750858203,0.1923120591145701,0.7142467316047223,0.18128553922751664,0.417759575065866,1.9458031023329283,1.7753574894155186,0.5940466978470417,0.43202940390482875,0.5527015271630774,0.41874976629856414,1.3989600044688721,1.8080736063590317,1.9381975342455486,0.3073013438693137,0.2564742556582286,0.3305832726404443,0.5393045302412526,1.8455242044219196,0.3131666139802237,0.6975843404682774,0.33503948915843623,1.8587517528091082,0.7151745659382022,0.6625952486130149,0.24983867341634913,0.2664373031349607,0.33071328683695633,0.44121220939325917,0.5522720588242095,0.3580495305511342,1.4320682194405145,0.25034318101500586,0.23123625770076564,0.7725965428760768,0.2564899716962551,0.31773195235243984,0.7736659366102997,0.4694134663035967,0.4167113225699049,0.7435041959954042,0.26994169920109606,0.3717143972538828,0.4056926227133367,0.2612882711362489,0.4361360224450518,0.18874275612682057,0.21504962454557588,0.4992736715883781,1.6105836028030103,1.8236906503496002,0.37197936785654273,0.4591215057342701,0.4052586137172291,1.9836297127341211,0.21118011683253868,0.8466321166007497,0.5236285524204325,1.9173821897280956,0.41004579205291136,0.3762770215265702,0.33175139013916616,0.46906326693298167,0.3822683590567403,1.6627213511364165,0.6715574511734086,0.3887055025766893,0.690150269275518
Belgium,1.0485009923782658,1.0305286334183685,0.7963600967637026,1.1325873160603324,1.1305791276913355,1.2282384902520416,1.0,1.1552708270605072,1.257998982170689,1.5173960133589814,1.748272993284849,1.486655065777797,1.2615426125555138,1.50575961452357,1.294488920063654,1.055749760303432,1.2729840143326014,1.2650211534624967,1.3773081795273394,1.4076087281136769,1.5030377995129154,1.4174921099080193,1.4440931978812588,1.2007098470872108,1.1165665804680684,1.1525167487592214,1.3752697316310871,1.1500766604063222,1.0965514682492197,1.034631817012671,1.3993931563020114,1.0732689209803452,1.0473628118963596,0.9370638494486105,1.147812191381889,1.720681960368331,0.970660652646932,0.8975549601120114,1.2197298021078087,1.244474800697776,1.3856842468520252,0.9929674565139618,0.8071921475426558,1.1428754903703424,1.687165205645302,1.0851621197139034,1.1773471966266709,0.8429090570165456,1.0677986952009477,1.051157989163451,0.7074439492013647,1.0495050008920064,1.2859550098267225,1.574579081418438,1.2368410009827162,1.1608039100735312,1.04789730422823,1.1014955692483948,0.9634910507313191,1.1349950548412777,1.1467408696761348,1.0499738112841006,1.4660578390611365,1.7772615654888477,0.9938549289715677,0.9496535368850492,0.9973257972019703,1.67355441270258,1.1977789494042377,0.8539832054267983,0.8885961395838882,1.2518706286852885,1.3447535934960566,1.0384708474586546,1.095946597655997,0.8807298560220298,0.986492982584712,1.5045537811588618,0.7967894939042169,1.1374377405354075,1.4795076860458751
Bolivia,0.4999604048457412,0.3709221109248998,1.0109352890484753,0.3235265000080805,0.2364728510284196,0.30916671758386927,1.1552708270605072,1.0,0.2819147091166147,1.8343915846205734,1.588135812603717,0.5861374657313675,1.18503190690205,0.5610802144761161,0.3773212838183916,0.5698799176415615,0.34856426904169946,0.388841369869414,1.8763305937791133,1.7119952760386292,0.759686162925957,0.4888132083866552,0.5453439243885857,0.5018917773368453,1.2439039725301642,1.7870667504879267,1.887696538977453,0.45534995845055476,0.24200748909099667,0.3377255903215696,0.4047817710873109,1.7779691569618004,0.2528935717613428,0.5757809548254178,0.23530014731822643,1.8490640475475042,0.5652561746787436,0.6134727253612632,0.29449847153875136,0.21910291994413664,0.41411309558731646,0.45949562911528863,0.4828864493991176,0.21204478379923297,1.368503007239411,0.29127364629105373,0.21079506726575054,0.6925599411866776,0.309487895490764,0.31936655128419167,0.7582887354164888,0.41505517528161917,0.4316467887184674,0.7148101867123345,0.30158113327586267,0.4210340430670693,0.3628707521060411,0.40890545883455404,0.4019792099281854,0.2770917797314116,0.19333234490076637,0.3223885753978027,1.5351474213787273,1.778615344004828,0.36552894414689796,0.39060456137274957,0.4166093171474859,1.9617842715966183,0.3101908611322218,0.6589292392550584,0.47876850630462214,1.8744739892835955,0.5997610477324953,0.3678855018933829,0.3783411973755309,0.41756825502216666,0.40483538645404005,1.7002445177252292,0.5404922706064937,0.302532178095247,0.6815697447680089
Brazil,0.47221804780715865,0.37713725028114703,1.052160170454587,0.21984597802533168,0.1932208422274876,0.22405680290450145,1.257998982170689,0.2819147091166147,1.0,1.864361125343519,1.556333713228295,0.48844735876049034,1.2830103689547907,0.44965725196806366,0.14667641688818228,0.6886696251345823,0.2504222395495284,0.3783765846477192,1.9407349888369707,1.717907535554563,0.5790711723282849,0.308257885805758,0.5271204093229717,0.3980451833819689,1.3115809356931025,1.825413280229759,1.9098953281026176,0.36644860843754234,0.2626555753072559,0.3112472501784049,0.40077674873418206,1.8600148963501206,0.31593577002567497,0.6768802304243338,0.25778458431230844,1.8818503569549416,0.6707531358642878,0.6468842350097206,0.2281482403967639,0.20625461617180163,0.2987547952704858,0.48827879472352187,0.5761734709262996,0.3343011587836148,1.360872985290964,0.250349818703918,0.17118042961902372,0.8394898330608328,0.3050650470889935,0.32322609650028344,0.8675077878426045,0.391428401263288,0.35425590390059997,0.695829238094994,0.26810519218490225,0.3640246153039756,0.4015509640259614,0.339719803101253,0.4432904018541065,0.2147038057462824,0.1938186321612134,0.46247243779589087,1.628879267102025,1.7773235735715063,0.38307243565768784,0.4749722360152416,0.4425213491286804,1.972416823271429,0.19726468063155547,0.809289606592022,0.5367617161019655,1.9163282854233934,0.445412961699675,0.37644847449447666,0.34677508887633046,0.5060832476335206,0.3888476627860774,1.607759428080096,0.6649424013874299,0.3620394739623576,0.6442586394064612
Bulgaria,1.839700768742719,1.8265655224022954,1.5893342627830593,1.8475549601954515,1.8480477964139006,1.8394827881116877,1.5173960133589814,1.8343915846205734,1.864361125343519,1.0,1.276491519660986,1.8145603538644937,1.5440773777237646,1.8293455353495125,1.8532053749884316,1.7545913924991043,1.8271503251841776,1.851479470270667,0.8674485121195302,1.3396540219756463,1.807752694997994,1.870165060052978,1.766320989257409,1.857219677779728,1.657092292257541,1.1040113039295716,1.000412392013428,1.8286316491849692,1.8351300217534825,1.8574405753491439,1.837112766273773,0.9291894807108518,1.8333876008595875,1.7771825909780943,1.856956698365923,0.9415479715333364,1.7941913312776667,1.7277022208999426,1.8430047297817567,1.8515572654461177,1.8596611072346168,1.7902628904774798,1.797821874419883,1.8085625323583978,1.2804105830452854,1.8434105598181305,1.8613456775146497,1.6211505618967157,1.8294444600114794,1.8333180401257656,1.5941832631370083,1.8494178974648476,1.8917428138878425,1.7466401175243271,1.8032640333701242,1.811624306762909,1.8186029967612207,1.8182470208972683,1.8048336363632635,1.8396336961500779,1.8612720884750866,1.8172024477830155,1.1991857300402997,1.1630600247330627,1.8336211866550487,1.8314859414419071,1.7999916542984438,0.8175220908649988,1.8427871451916276,1.779240325783925,1.805944387336584,0.8771925121821946,1.8735376931025538,1.8012760242424692,1.8372753928605923,1.8067444635637147,1.800816649932279,1.32147892242126,1.690783685822963,1.8364152664672935,1.6486227440279189
Cambodia,1.561844122047527,1.6916797584233694,1.5598520690901827,1.6401258418051547,1.6191133894699483,1.5915687847869144,1.748272993284849,1.588135812603717,1.556333713228295,1.276491519660986,1.0,1.413640158699735,1.4197378622077563,1.40306268115629,1.55352825835805,1.6772608054388904,1.6205758624817506,1.4787864764036693,1.2577377898260562,1.3261406127785325,1.4792538994361084,1.4892918721573665,1.373261284826555,1.4997558403103728,1.298533540785433,1.619274427000802,1.3026880612275964,1.650171879535568,1.6634338610520454,1.6420137130891292,1.4298877708016366,1.5666079804576718,1.6631821624113106,1.7072785445448337,1.5868858105358887,1.405688018259416,1.623318614919621,1.6700087326779318,1.6524000673977521,1.5781366119503621,1.4732113253165946,1.6967642701610735,1.7380590302242118,1.539963325947479,0.7260322769733633,1.6040510933167413,1.6061936682759737,1.7717685913946184,1.6745019189251993,1.6737307732373836,1.7127812702841463,1.5670242987961893,1.5990245331763566,1.365234771862038,1.6186003539569904,1.6156964638616806,1.671346896874027,1.6638949065157271,1.6169589361626968,1.6421021179860265,1.6277587845007826,1.6330698089191038,1.446565662400842,0.8064495563602248,1.7225706837736845,1.6891861933084078,1.684578320035283,1.1329914108227603,1.5711820221467403,1.693845180456799,1.709238429928884,1.3793167629019285,1.621107263938585,1.6792531698848028,1.6409559018406874,1.6741036011768278,1.6515849013136168,1.2491447351976113,1.6658700786312106,1.6880271873112875,1.2569480717299473
Cameroon,0.8528223563301239,0.7274080301759155,1.1591869302771192,0.6350299429945472,0.6264284604861826,0.5209147699292698,1.486655065777797,0.5861374657313675,0.48844735876049034,1.8145603538644937,1.413640158699735,1.0,1.316903730558564,0.4080224895254608,0.4801060332440466,0.952374666519009,0.501383405414973,0.6476232264277219,1.9022465636221886,1.7901812110682171,0.5179891435230052,0.5045898892929385,0.49023728022253743,0.5406612734548022,1.397312781873927,1.8695579439498058,1.9165262177137967,0.6050236645322706,0.6495403452476671,0.706717514629439,0.5185061832990615,1.901561570031185,0.7034940965963349,1.011130832691808,0.6092221649984603,1.7815865433951499,0.9720629088173746,0.9067497129102509,0.5790443578412479,0.5147406615255632,0.41723490738072133,0.7800729311297575,0.9168258145176664,0.574954599395653,1.248123162150775,0.6431199606303533,0.5815980784362184,1.0167533359522323,0.7073337378877023,0.728992045392603,1.0796157018439483,0.7120613031617898,0.4498823007854929,0.5389426957884571,0.5176737593199957,0.7150083731573539,0.7606387922239404,0.6827164747109369,0.75401741607484,0.618037371526581,0.5939037608760932,0.8183269777255495,1.5579040864154263,1.66011743754524,0.7666819993396095,0.7753440127015491,0.8092083606259318,1.8984888775813276,0.5041600534124558,1.1087416451702208,0.9139064811540909,1.9005143552337125,0.5740308269917429,0.7593536402751698,0.711017510141024,0.823694833663591,0.7709883747942137,1.657773189420823,0.996581206247852,0.7046995620408624,0.6875356806457151
Canada,1.2104938354883152,1.3595284718675926,1.3684006039214782,1.3129237948189265,1.2451051397888355,1.3351832143408853,1.2615426125555138,1.18503190690205,1.2830103689547907,1.5440773777237646,1.4197378622077563,1.316903730558564,1.0,1.394881980860755,1.3564648381034978,0.9751204686034138,1.3485176127315233,1.20109894059676,1.2856914109610202,1.329104984089727,1.5979473029748223,1.387685664581787,1.2383217019184292,1.3915895830663578,0.853397437477519,1.4852192161117006,1.277523436973825,1.428597410400935,1.2662749654014895,1.2709271162136992,1.1402846707940895,1.3176872580092298,1.1963888866479744,1.0366829399724764,1.2273078804593835,1.4692553331100076,0.9504903932929475,1.2325358593621119,1.266460235999299,1.1700952823500772,1.2900994897624154,1.335735258727711,1.1884143232353384,1.1833816920295783,1.3303960405783235,1.2871745727787256,1.2117554153339183,1.104602194192037,1.2912586755839586,1.2389100133041369,1.3057087817010686,1.213488957344228,1.2135436545980913,1.3148933437496189,1.2216526896185795,1.263343606408561,1.1977853027161462,1.4171341160982753,1.2055003953333334,1.308540404710629,1.2494979569734017,1.0836688780511323,0.9861483988251551,1.3336767151730597,1.2779236248404875,1.1315358012388954,1.2465604169571949,1.4859465634057432,1.335712582679199,0.9335499821689546,1.197357050381724,1.3291832782768973,1.469699570561642,1.2204584701866437,1.3927928059370698,1.26791500399264,1.3313026063394038,1.7164333144033472,1.116821054615774,1.1821251598778169,1.1609096183805312
Chile,0.7742710395238404,0.707446127992489,1.2094600468485166,0.6004142537679119,0.5960298635396444,0.4753039750858203,1.50575961452357,0.5610802144761161,0.44965725196806366,1.8293455353495125,1.40306268115629,0.4080224895254608,1.394881980860755,1.0,0.42152758912963195,0.9573618569401461,0.48588611383464786,0.5182638260135755,1.9382826173403902,1.711530006891965,0.4581882893937612,0.402545791308961,0.45204984278144067,0.5385037688637037,1.4351474451380501,1.8913139642611125,1.9484297250500364,0.6111102046018937,0.6393540083015691,0.6883399746005027,0.46323253220114324,1.9310683483328883,0.6893475467951612,1.00065211253555,0.5953047474796989,1.7631287068445083,0.9790361509662697,0.9831171696497788,0.5481236826239583,0.5125430476653475,0.39828416035882913,0.7961221733080271,0.9291430087162892,0.6114832097747781,1.2153124470295849,0.6198840150876712,0.5479934806927356,1.0932639234636825,0.6660043240592833,0.7002169826404517,1.117695575338983,0.7154436405015966,0.5897036011270536,0.5202136968588894,0.5663076880622491,0.6525092058019104,0.7686675539103183,0.6250915803047515,0.8032790902718698,0.5789477849013919,0.5598120781115173,0.7790817184573947,1.6102240660822205,1.6678945982564382,0.7578443121494436,0.828757124396343,0.7959943507707189,1.8973010461422901,0.4946073480775232,1.078740906728571,0.888820410200921,1.9628382740161876,0.4945235134947355,0.7363922228228982,0.6470862837038535,0.8291069419946295,0.7467461780279223,1.6143940108218169,0.9903821650053728,0.6844599641039771,0.6172190457292717
China,0.5596868026721377,0.38222280577054196,1.0697160667980514,0.22730412212204865,0.26444123266851155,0.1923120591145701,1.294488920063654,0.3773212838183916,0.14667641688818228,1.8532053749884316,1.55352825835805,0.4801060332440466,1.3564648381034978,0.42152758912963195,1.0,0.7839989734901786,0.2206810834847797,0.40949084533302227,1.9644273566714852,1.7518398492556528,0.5085588578613838,0.30879360944207407,0.5262746031854321,0.3947431202944512,1.3810519678360327,1.8238381361621625,1.9302327887162358,0.3173782451621828,0.3149389282444284,0.34833893690297735,0.4836545270521159,1.8798685881314665,0.38831167359403024,0.7648600894537079,0.32568344217218315,1.8782692240828573,0.7496831762244365,0.6943539650822903,0.2662826129753379,0.2893128010319994,0.28257771758230155,0.4934270756150921,0.6238564088656893,0.40420870596884007,1.3826806460386296,0.2795574895570893,0.2653595406654908,0.8807800490142227,0.33493886734104694,0.3800143496329998,0.8763778326188595,0.44355463182969707,0.3982840059238881,0.7222359840347965,0.30817134709867094,0.4138155056890679,0.48077510864316886,0.31472232093533165,0.48822974317757895,0.242589165872543,0.2688443024971428,0.5624285813052877,1.6471163921815162,1.7818697588136212,0.4190987710432631,0.5418120570816084,0.4852223289839805,1.97631050645559,0.1843236352268803,0.8956188126235988,0.5859589013043249,1.9269267096074938,0.36619580484113173,0.42936825922312516,0.3476660567000689,0.5422376034741578,0.41527861439406166,1.5987363479191583,0.7310252096540623,0.44280925367228624,0.6625801388691901
Colombia,0.6607449739035594,0.6722155255753358,1.1257014264871026,0.6711998822737993,0.5775988255679028,0.7142467316047223,1.055749760303432,0.5698799176415615,0.6886696251345823,1.7545913924991043,1.6772608054388904,0.952374666519009,0.9751204686034138,0.9573618569401461,0.7839989734901786,1.0,0.7157806091170704,0.734413419338846,1.7369497455453349,1.6263544164451187,1.109699473458328,0.8642861393571826,0.9531885868500357,0.9109200773180292,1.2307260245685308,1.699260641009316,1.7323098844887996,0.846950121222182,0.5641583209368233,0.6662153229430888,0.7353122941756556,1.6109115905648643,0.49854397450140275,0.2301193521548749,0.671039990190267,1.7580823920212443,0.5234437982564235,0.6888407207513738,0.6110318336872924,0.5993643544082196,0.8511329158735873,0.7121931661610714,0.5681768686057421,0.6300536211982004,1.4993794763615578,0.6898220340589964,0.5675142806149353,0.6161951767158212,0.5784731422712321,0.5264900497884609,0.8584564987645855,0.7304298714233547,0.7671634467569952,1.0193111238683552,0.6192089654416122,0.6000335149232874,0.40496959848878755,0.7371273023257218,0.6011186454792761,0.6286157386244453,0.6035429952623808,0.3611701205299843,1.4851333744403628,1.7999358775096592,0.5924425437488878,0.49190124248158595,0.4820187067089426,1.8600279047846975,0.7775249928640602,0.5383069270915596,0.5535688378928574,1.7533261306969528,0.9561422282136949,0.4851544858029352,0.724202841831106,0.6806858305806444,0.6588558291247083,1.6888563690833578,0.549566214499976,0.4503872377260988,0.8684166807149848
Costa Rica,0.6489197515115619,0.3451910168509658,1.1011383213105645,0.25970159860492775,0.280699906806085,0.18128553922751664,1.2729840143326014,0.34856426904169946,0.2504222395495284,1.8271503251841776,1.6205758624817506,0.501383405414973,1.3485176127315233,0.48588611383464786,0.2206810834847797,0.7157806091170704,1.0,0.47517442249628516,1.95176187601912,1.7811613327085358,0.5374276444492059,0.3997846215370254,0.5618733168790356,0.5245485945000826,1.4515203918948951,1.801351167115264,1.944420932625984,0.29848509556039277,0.2832557368805127,0.4037453666328926,0.5525164271298277,1.8546573559021886,0.36279102555205517,0.7203140610413857,0.3756824156469879,1.8400062238360178,0.7738449961914606,0.710349951037135,0.18265954015158167,0.2669480840245831,0.35226543477340405,0.48647235077569934,0.594263507131155,0.3971286557638796,1.4362411909648602,0.34193825924647886,0.27980504025467867,0.8039344927920846,0.3042973776211065,0.3723655312447928,0.8300095248131303,0.5455696770810305,0.3874819110787308,0.6840939614191888,0.2573895750672577,0.4442850920317618,0.4459283798464248,0.3065892684637558,0.48246475396471383,0.24038350860601546,0.27342137643154624,0.519886218875049,1.617040129997721,1.8179361185303873,0.3989326033065474,0.4963264523411364,0.4664722391446749,1.9766259047605543,0.25848362781841255,0.8865967618602908,0.5975884139093065,1.924555195721937,0.3675312077648171,0.41288715260532644,0.3641037668702549,0.5384442734588321,0.44196634636288057,1.6659312769236048,0.7041020431882863,0.37862138711978616,0.7129318894781764
Croatia,0.5425344304855144,0.5382424983094298,1.0847273078841957,0.42695063355049273,0.37815400062132326,0.417759575065866,1.2650211534624967,0.388841369869414,0.3783765846477192,1.851479470270667,1.4787864764036693,0.6476232264277219,1.20109894059676,0.5182638260135755,0.40949084533302227,0.734413419338846,0.47517442249628516,1.0,1.8797020001512819,1.6743257940294467,0.7743625568119785,0.509180317967484,0.5301275097994074,0.5394074613312726,1.2498581737594476,1.7888606538721725,1.8745551117337145,0.5397289517481111,0.44701008718024615,0.42782362149239866,0.4536800785351422,1.809792134679408,0.436675829229104,0.7228303883917755,0.3308296289882208,1.858574506779521,0.6243914569726001,0.7888939536468751,0.42139896151779127,0.3866096922868589,0.4107206703485626,0.6217857765887244,0.6278091600155141,0.3693636566388685,1.3153123656014107,0.40000284429744243,0.3655893699603299,0.8735567575343185,0.4571472767640719,0.4621867682723269,0.8678183455121153,0.4550509241753937,0.5768796538604138,0.7409921887356309,0.49821510523562185,0.5408619159923075,0.5729986307564792,0.4996119901477984,0.5449017195866882,0.4187492993014965,0.3830197552810465,0.5134679180327416,1.551673134343533,1.7010420306263676,0.5233615409631888,0.5991791893665673,0.5710745405295047,1.9444350527617447,0.4254095698087386,0.7600410317273196,0.5834986228534044,1.883709464046416,0.6074245094201912,0.5152971699198481,0.5049797359603191,0.5510856865050136,0.5231382026653422,1.6907238271194196,0.7016583477663787,0.4857525261861654,0.6514580074951986
Czech Republic,1.825084194031376,1.8991028744656078,1.5483551432494307,1.9328478930699298,1.9137226494073314,1.9458031023329283,1.3773081795273394,1.8763305937791133,1.9407349888369707,0.8674485121195302,1.2577377898260562,1.9022465636221886,1.2856914109610202,1.9382826173403902,1.9644273566714852,1.7369497455453349,1.95176187601912,1.8797020001512819,1.0,0.979580864181467,1.961825561204359,1.9531974372097776,1.8692974368942745,1.897945318882525,1.2413634425164075,0.8490534982596596,0.4704764770639934,1.9350498561903995,1.905770839235796,1.8900136992170495,1.8674481688694466,0.5384463631239,1.8781852461652473,1.7481013700823131,1.8902252407940343,0.89143089665374,1.7186576174530648,1.7645390882581677,1.9326787535462546,1.911583483887239,1.9410286595131439,1.8569564641563259,1.7932083424995007,1.8552612591557263,1.3989752701204294,1.907378225321857,1.9139535369879797,1.6736408911462675,1.9112759919345315,1.8895562568537871,1.6897498354796927,1.8469078866081265,1.8989799545390216,1.8293720736373988,1.9180542121879876,1.8971361152617099,1.8642622653423442,1.9303996397777938,1.8421012674686794,1.9263121271552524,1.91104761360265,1.8186824433514663,1.0858494006151067,0.9441789068649912,1.8829173763748797,1.821729512610621,1.865652377909706,0.5639122219416502,1.930974260555129,1.6487028579767573,1.8152589250559468,0.46774500364791677,1.9681317683786692,1.879041069102356,1.908461519781287,1.8210990081148328,1.880318300283006,1.3153658675528608,1.7394089836972744,1.878070493257291,1.8392616061757838
Denmark,1.5481821399836855,1.7482512874184055,1.6346591436835098,1.7299841817443806,1.7170598345834123,1.7753574894155186,1.4076087281136769,1.7119952760386292,1.717907535554563,1.3396540219756463,1.3261406127785325,1.7901812110682171,1.329104984089727,1.711530006891965,1.7518398492556528,1.6263544164451187,1.7811613327085358,1.6743257940294467,0.979580864181467,1.0,1.744564640196252,1.696874979173772,1.7548474330317272,1.7178052870084854,1.1194956447367008,0.9910879169743908,0.7986519943521119,1.7514418511551777,1.737639140304867,1.7033970983937647,1.6387510975992035,1.1013145920178222,1.7096633239313623,1.5979896335677535,1.706010772054264,1.1230226753763262,1.5803099260275448,1.7419229165171597,1.7278284566313358,1.7201167538066435,1.7321728674910641,1.7916783892167123,1.6786541154980996,1.7541303313446432,1.3604881779982734,1.7191548970058936,1.707268941094326,1.7357326308572618,1.7250092538157877,1.7073152078212006,1.7202783089308022,1.6752953592670987,1.7254616905709736,1.677435245773886,1.773160849618812,1.6864540092498805,1.7102511378340044,1.750397534008071,1.7427787450732568,1.74305697164841,1.7209068312675109,1.6527076205493834,1.2384076117633709,1.0640218151599146,1.7166928509573598,1.70557524313166,1.7308142583867268,0.9547060979641542,1.755393109222167,1.45210375935098,1.6577116638321447,1.0296704373536378,1.712660083514664,1.7086613658592835,1.7446082657547592,1.7118891323419345,1.7189165607660697,1.1703043959426715,1.626236459340507,1.6946111016914314,1.6876102954696404
Ecuador,0.9164928680051787,0.7287017646693019,1.2175429464794325,0.6680170117558851,0.7123365634094557,0.5940466978470417,1.5030377995129154,0.759686162925957,0.5790711723282849,1.807752694997994,1.4792538994361084,0.5179891435230052,1.5979473029748223,0.4581882893937612,0.5085588578613838,1.109699473458328,0.5374276444492059,0.7743625568119785,1.961825561204359,1.744564640196252,1.0,0.4523795786550682,0.6973603088648735,0.6156555174241672,1.5759455524645485,1.8224373171367512,1.9498170362497274,0.5579394215838582,0.731331986474254,0.7682959453849002,0.7620027242340941,1.93471246722369,0.8172220465512099,1.1169254952327081,0.7298879974681389,1.782552080446438,1.1688356084020113,1.0128431869682324,0.6423151180442231,0.6966030457933802,0.5668695534606276,0.8263678014098144,0.9958235330304821,0.7870118767903881,1.341279437760341,0.7177832007050399,0.7081871099610674,1.204529177547318,0.7435264873161255,0.8053450253937519,1.1581968061977563,0.8395864316764594,0.6362845716534204,0.6655226313350718,0.6918941937833718,0.7936352997224377,0.8624614605761893,0.6313291830409983,0.8638981853044994,0.6668741987733676,0.6976024225719588,0.9448768753500226,1.7366040591938785,1.714333380600204,0.8027868065869491,0.9214060602058947,0.8813220808148872,1.8830273923281315,0.5780388647287156,1.253481236771691,0.995025207061975,1.9369883690160743,0.406999487319557,0.8441671481532491,0.6753442048501711,0.8968474709111314,0.7929738764962161,1.4640572757495172,1.1012354989410102,0.8146711888424555,0.8918029703653939
"Egypt, Arab Rep.",0.6481861337967838,0.5656830722168484,1.1931495456558108,0.46090473869623316,0.4574467222531364,0.43202940390482875,1.4174921099080193,0.4888132083866552,0.308257885805758,1.870165060052978,1.4892918721573665,0.5045898892929385,1.387685664581787,0.402545791308961,0.30879360944207407,0.8642861393571826,0.3997846215370254,0.509180317967484,1.9531974372097776,1.696874979173772,0.4523795786550682,1.0,0.5159831974230602,0.5350025731963903,1.3543973306241348,1.8464792227196964,1.9163885456774545,0.5201436443495044,0.5038475244096374,0.5375372176727415,0.4277122769899745,1.9110209112245058,0.5784622889999511,0.8608622182676816,0.43798294687854306,1.834028961309945,0.8586981185278092,0.8274924682042722,0.4303204161879448,0.423990580776608,0.32048757800287564,0.6621889952550268,0.8008511373203858,0.5514310730622001,1.29650673078491,0.4992249827923659,0.43801966293784866,1.06233718757513,0.5414556248074901,0.5757134851747424,1.0760636999359998,0.6025177881518874,0.43300414271705057,0.6228340643096586,0.49122427567651905,0.5816784636352466,0.6261933627004961,0.528661092953024,0.6746022095992765,0.46220690750824406,0.44088404262172826,0.6479938903853748,1.6563651655614668,1.6816422775351731,0.5977055542379829,0.724123759344808,0.6794454377219773,1.916739224264644,0.40514365992179685,0.979296080190334,0.764629839196013,1.948052225617056,0.447245191729323,0.6338124862700836,0.4785439857312871,0.717421429899601,0.6175769781890383,1.5083216552941519,0.8876136243974591,0.5602722591977652,0.7070774078999924
El Salvador,0.8154900456931483,0.7302338320134124,1.1122804033886666,0.653067160810214,0.6264148726076868,0.5527015271630774,1.4440931978812588,0.5453439243885857,0.5271204093229717,1.766320989257409,1.373261284826555,0.49023728022253743,1.2383217019184292,0.45204984278144067,0.5262746031854321,0.9531885868500357,0.5618733168790356,0.5301275097994074,1.8692974368942745,1.7548474330317272,0.6973603088648735,0.5159831974230602,1.0,0.640059545464776,1.316246442286984,1.8645913645035752,1.8965475120745896,0.6939795677534549,0.6754070170040859,0.6860628344379195,0.4966263559926381,1.8562574331330373,0.6986689391686443,0.9994893598159363,0.5685681374739581,1.7829035486932516,0.9121082488536719,0.9001620765591328,0.6247446640302997,0.510259712665418,0.432999740805488,0.7562443832658952,0.8847203242138502,0.550191068639489,1.1177992049243708,0.6320745271513047,0.5909712613711806,1.0124293349098314,0.707867277524934,0.7374945504468089,1.0462860544507155,0.6897721164093963,0.5454819914669043,0.5957978258780907,0.5945516340867669,0.7463308507952786,0.8027850737495564,0.7157188301780852,0.7426490712165491,0.6363695907100324,0.5956036137216414,0.7317871125823636,1.4918162560001678,1.5926235194221416,0.7743714385050848,0.8118566456449591,0.836647068423508,1.8775448051022818,0.5220762101520205,1.0453389721436508,0.8934823913407152,1.8860823779198834,0.6591171087339669,0.7665908322997469,0.675387265231415,0.7812093893866564,0.7786084788234912,1.640576531212094,0.8963079051783701,0.7403888843082993,0.5456080212911983
Estonia,0.546274513471698,0.49583568866623395,0.8511707147655083,0.43869051028435985,0.46553951055254833,0.41874976629856414,1.2007098470872108,0.5018917773368453,0.3980451833819689,1.857219677779728,1.4997558403103728,0.5406612734548022,1.3915895830663578,0.5385037688637037,0.3947431202944512,0.9109200773180292,0.5245485945000826,0.5394074613312726,1.897945318882525,1.7178052870084854,0.6156555174241672,0.5350025731963903,0.640059545464776,1.0,1.2717210345749828,1.7895062272584696,1.880902743967778,0.4370495354587152,0.490970577632302,0.41894011139304654,0.6064233888794658,1.8177043309348357,0.5262648022115838,0.8780686366619046,0.439432226140805,1.8986855100292597,0.8018689467497473,0.6497566320027339,0.551330423621328,0.5367618583377948,0.5091833346801082,0.5215881307820703,0.6632653709468254,0.4806027234665427,1.348074272084181,0.37912076119882415,0.4732740503008354,0.8942569863791188,0.512140120683135,0.5215747947720248,0.8317173183109332,0.3942613950168373,0.5347307318710641,0.8354252814819032,0.5377084537803577,0.5219050259713564,0.6072293275585441,0.42709744263769767,0.5559901111077924,0.43752035233714653,0.4383934606488289,0.7114385451886504,1.665121316113157,1.7811966012969125,0.5379264793680791,0.6123804208731053,0.5905427598260737,1.9549590903396434,0.3324409407573649,0.935440102109965,0.620688775061326,1.8618064637398177,0.5619049996303745,0.5741396871374581,0.4590749581382909,0.5093755748763131,0.4606471700334392,1.5508499696116618,0.7876159385189615,0.634995968655663,0.8151226197068154
Finland,1.0972004662005608,1.351857297760225,1.1730039270679462,1.3377597173945355,1.2928189030022144,1.3989600044688721,1.1165665804680684,1.2439039725301642,1.3115809356931025,1.657092292257541,1.298533540785433,1.397312781873927,0.853397437477519,1.4351474451380501,1.3810519678360327,1.2307260245685308,1.4515203918948951,1.2498581737594476,1.2413634425164075,1.1194956447367008,1.5759455524645485,1.3543973306241348,1.316246442286984,1.2717210345749828,1.0,1.3833494146302818,1.1656977895154288,1.4240448934664167,1.3153248554689805,1.2322783089168783,1.179298056611784,1.2618582844429664,1.267836482338414,1.186168166981591,1.217697913840778,1.6159829916237083,0.9831617816133816,1.1963086339126217,1.3822989308225515,1.28739151238043,1.3289057882713342,1.3128101034918873,1.20684910544123,1.2387817493910298,1.2787173381796155,1.270461179970386,1.2785205575300334,1.289018607593583,1.3434140576652904,1.2925454218345396,1.3407134292978813,1.1206373846602975,1.2702110725001887,1.4413419922748862,1.368931592336793,1.3339817286147784,1.285874401094087,1.4202339880244579,1.2364600792625924,1.3476250196393196,1.282730982600339,1.1854066945689508,1.2493552281862073,1.204772358380399,1.2931949690595843,1.2223329134775556,1.3176527533098084,1.4518904990671375,1.3301022509856013,0.9534008824712539,1.205679754056564,1.2516669595822025,1.4852355509699484,1.3104442842217647,1.33474496996222,1.2268362169274432,1.3054183967179107,1.4023232628897941,1.1746084093571019,1.3026088721468325,1.3554503835937335
