Country Name,Albania,Angola,Australia,Azerbaijan,Bangladesh,Belarus,Belgium,Bolivia,Brazil,Bulgaria,Cambodia,Cameroon,Canada,Chile,China,Colombia,Costa Rica,Croatia,Czech Republic,Denmark,Ecuador,"Egypt, Arab Rep.",El Salvador,Estonia,Finland,France,Georgia,Germany,Ghana,Guatemala,Honduras,Hungary,India,Indonesia,Israel,Italy,Jamaica,Japan,Jordan,Kazakhstan,Kenya,"Korea, Rep.",Kyrgyz Republic,Latvia,Lithuania,Malaysia,Mexico,Mongolia,Morocco,Nepal,Netherlands,New Zealand,Nigeria,North Macedonia,Norway,Oman,Pakistan,Panama,Paraguay,Peru,Philippines,Poland,Portugal,Romania,Russian Federation,Saudi Arabia,Senegal,Slovak Republic,South Africa,Spain,Sri Lanka,Sweden,Switzerland,Tanzania,Thailand,Tunisia,Turkey,Ukraine,United Kingdom,United States,Uruguay
Albania,1.0,0.019134771040653673,0.00903372331735576,0.03453515553995132,0.023669811951568892,0.025082316301702573,0.009688839271201618,0.029131886410505493,0.019677832198304192,0.02956298178153106,0.015599580572282465,0.009500802916469476,0.01455510538119104,0.012646436606810854,0.01551241631799818,0.030402350505059073,0.01714064984447455,0.0163175611258651,0.029793968380449065,0.013984566472833889,0.021684968178431196,0.014792231588307685,0.010110311955098601,0.005519968584655415,0.012237162624524536,0.014920188034459462,0.04603350467738009,0.007267117931402896,0.028225695531141903,0.036347988873685046,0.011458474570111746,0.025153319228126178,0.029870762689279212,0.041361478742838124,0.012471452710415585,0.020395743027017722,0.006844917942557796,0.00630188255411714,0.03172092849920272,0.017906725623516424,0.023375715768207263,0.014587297839255125,0.00908962709642938,0.00900781819497808,0.013529133473449742,0.03559409588567709,0.010811612270380877,0.04291139037079068,0.0327912455045201,0.020127211789347347,0.00967049728967537,0.00595185507457848,0.00889421134306777,0.01375973818969578,0.007192103202211089,0.04777885304453146,0.029641527731085773,0.025030670554080828,0.03585505227931983,0.0391169121053761,0.020617576164494767,0.006054390551756549,0.01539800024091784,0.024948986355720557,0.011104190744839666,0.02537587258713383,0.03764474585926053,0.04874334986551776,0.026223976920042455,0.007399401458987992,0.03498816379401415,0.01660518308949117,0.009092289281392356,0.03244711828947333,0.016590657301651195,0.012371063711443557,0.044197125281612994,0.012918922184529844,0.005665924483057002,0.006126565404417531,0.012076822530823076
Angola,0.019134771040653673,1.0,0.02437912662180463,0.015637897166001082,0.007434570130147989,0.00954072861393704,0.026110293883615646,0.017296942454226492,0.009895641270751829,0.04790383228922817,0.03349701488146878,0.020461712616397988,0.03215318907225815,0.018208598028365712,0.011086004404066789,0.02395546903712763,0.010509412554064335,0.01327802539357555,0.048603470912335536,0.03138030559728121,0.0181493486327751,0.015496555087304877,0.020701167414266797,0.018758360602101426,0.030190582049874057,0.03115092665923548,0.063742541318195,0.020456996521666444,0.009272577653053967,0.01969770105808553,0.018314912182995885,0.04216889375441991,0.013385759939916827,0.03316994716607262,0.009601277297260076,0.03764022755537065,0.02000302795893544,0.022568524829942913,0.014595113412808884,0.01254991918696512,0.016571107324681242,0.007143117452842758,0.013319502070345197,0.01411618465328524,0.03159790785598159,0.017309489549406684,0.010317120922651874,0.032095814009763524,0.014133170803099244,0.006271706477170701,0.01654164784078595,0.01484435673004606,0.017654652749502064,0.022729869883941153,0.022862789445837486,0.03256225010681847,0.01585971786520434,0.006434626318759959,0.021094253396288058,0.020206120124428222,0.007111270195972385,0.016540433756139755,0.03234162569670361,0.04271858519114419,0.008660098137333611,0.010408822968429895,0.021516342607347964,0.06734440592332311,0.010313448106651746,0.02246481401229154,0.019794911318684973,0.03400144713507513,0.023921293993011773,0.015594571244124125,0.004268382650961132,0.008171733451922644,0.0278069859253962,0.030500305559365316,0.022090864427045186,0.020096547121198273,0.02092199391115917
Australia,0.00903372331735576,0.02437912662180463,1.0,0.03999763232424831,0.028837014330627304,0.0301571312547367,0.007809118532748166,0.0344468120238563,0.02469954191212715,0.024016072659405384,0.013708880205974997,0.01264508968961692,0.01369143882332075,0.01712560668597567,0.02052622836652987,0.03361320176944333,0.02220859992335931,0.021465224399901988,0.024243548277017454,0.011135289152699401,0.023762505094802207,0.02025458984872156,0.013675669681162971,0.008119466871459532,0.008956093521656038,0.01158241609027943,0.04078514681287895,0.008755921731904944,0.03331048460942222,0.04190682202716317,0.017961586480869682,0.019866845972595297,0.03544315839484477,0.0451049859094321,0.017340709293296522,0.017366291703674576,0.010480392035152377,0.006147008541987806,0.0367369761506883,0.022893786192353053,0.028632489517443103,0.018241892385389966,0.011769233306144686,0.013394594240166945,0.013507228909709066,0.0411920189306142,0.016699588674619337,0.04365863644058027,0.03834170080938894,0.025588617203140946,0.009992945853904624,0.009816232342268411,0.013237116004075553,0.017903268626398027,0.009298282707075714,0.052416944287649425,0.03499546584769873,0.03047541482881439,0.03938622390513446,0.04454709516686671,0.025633039137543476,0.012032989326156223,0.011684552705791662,0.02175277940048893,0.01622088163668288,0.02841213708164449,0.041810141179009316,0.0431663660113547,0.03124307685968723,0.01015383644191273,0.038637269939243574,0.012056451746421594,0.00900408490954307,0.037829387847035725,0.021756107057876384,0.017038789557680116,0.04901613975811394,0.010671558415151699,0.006886519529180383,0.010850101252882483,0.01814965230247615
Azerbaijan,0.03453515553995132,0.015637897166001082,0.03999763232424831,1.0,0.011210996232261633,0.012015000835323704,0.04125253008185301,0.011681527573941312,0.016711263946842206,0.06350821982520911,0.04889951011782234,0.03521000491956765,0.04734838284151905,0.0309330574360609,0.021427761694173108,0.026052359936060334,0.02141372130529201,0.021820064424478404,0.064234501450348,0.047000796252518656,0.026440388146620114,0.024584657718313505,0.03531757701961621,0.034166571050192135,0.04566896256964753,0.0466341025528241,0.07858120474484546,0.03533335130743458,0.007493184065378395,0.009341631018436223,0.030417774498520057,0.05771355364421061,0.007804095861209415,0.028505066239014866,0.02435588126776081,0.05262323883146679,0.03555169688066147,0.03799952415697658,0.007744275597021828,0.02038447499993932,0.018475235385368525,0.02240862278474731,0.02885708885609903,0.02940482358180631,0.04715653131165439,0.006335164309344203,0.02528441531848274,0.029706815614415603,0.0051169844159792335,0.014424140232599223,0.03206301312111868,0.030390331269052516,0.03194740638682444,0.0366014949852568,0.03781353481069959,0.02161177753359128,0.011264317566402785,0.010326980942064705,0.0142302189985929,0.006730898596388788,0.015171101555636883,0.03200830720008528,0.04744469830778891,0.05785146877081725,0.024039589375050442,0.014241791633591763,0.012681175172999635,0.08292912288851395,0.01034425260470168,0.03809135886571572,0.017148276886554754,0.049433617524973494,0.038510953070081844,0.008197483302827229,0.01827465135596099,0.023151007331280806,0.015430420694538309,0.04605463962347966,0.037722102976199774,0.0353290093234684,0.03381340853880925
Bangladesh,0.023669811951568892,0.007434570130147989,0.028837014330627304,0.011210996232261633,1.0,0.00725392846753384,0.030690784164296284,0.012207363428083538,0.007133027737437524,0.05230404064499047,0.037864679028540175,0.02464903322688079,0.03649193078229328,0.021537356986075236,0.012187241978072664,0.019989437327646308,0.012125953538324592,0.011741115032445147,0.05303338194496462,0.03579101795706092,0.020477137821952894,0.01586821111869365,0.02497228591575353,0.02312499091075069,0.03456578860857071,0.035521444071564816,0.06834260220931666,0.02465901890035286,0.005082355594041903,0.015789798163988226,0.01938620878247937,0.04666199247861486,0.009204359759138433,0.029020881899090443,0.013309616461786447,0.04196017487537512,0.024393219873146424,0.02693845333515766,0.0094336147852024,0.010614846981792183,0.011936778924695588,0.011916526166957106,0.01790541030006645,0.018431200825542116,0.03598764901277555,0.013181109440190627,0.014498354173041737,0.03175127386249839,0.009789061243431946,0.005281980930243876,0.021117363447437518,0.019230044412300112,0.021842375713092707,0.026741668696592637,0.02716496329359743,0.02850159385999286,0.012107853868808804,0.008617244958558912,0.016803796000769793,0.015852246349556558,0.0047828394227798785,0.020902108014011222,0.03667262352074223,0.047061435576621444,0.013011462800152623,0.00952867878975756,0.017705373407375075,0.0717440020286765,0.007508954245671765,0.026901602073837173,0.016901375369263404,0.0383704708112808,0.028075689411995154,0.01169518830648573,0.009069091812960013,0.01249264773444389,0.023834537128623757,0.03488385773531051,0.02652676932944592,0.02443792047643986,0.023100501834774384
Belarus,0.025082316301702573,0.00954072861393704,0.0301571312547367,0.012015000835323704,0.00725392846753384,1.0,0.03220822408743467,0.014401036247178131,0.0075741272708643725,0.0533932064144746,0.03829924625431898,0.02363335099324146,0.0364988172368252,0.01962635573972474,0.010206665363841422,0.02312986109928336,0.009699603986712305,0.011760216859810303,0.05411698059008825,0.036792981529438225,0.016952937958727696,0.013708617061177613,0.023663513796948695,0.023628829215612598,0.035234038420390044,0.03625229843358899,0.06987710992698289,0.024591069155257505,0.009647696864673925,0.01954132626161362,0.019699031260241025,0.04804272729730686,0.01344027217819265,0.033838254191121624,0.013817961041196675,0.04135119147645036,0.02533529170176793,0.02761041815124611,0.009231869646138384,0.009091210887122735,0.010137964691779636,0.013456666660781916,0.019691211863272724,0.01870922167907043,0.03667674383771206,0.01631995142158385,0.014626979712474814,0.033283761202667475,0.01194721189944237,0.00999764111127595,0.022753808179412218,0.020407262194641333,0.02015457908825212,0.024800562913628015,0.02685775802549444,0.030463767030461535,0.015007490538325187,0.008433319967448605,0.02078992770402795,0.017847689059959742,0.006478420387512576,0.02190103647257223,0.03639406321560935,0.046517918476974965,0.014862207090160874,0.014644397027259542,0.02045467884783891,0.072428601497707,0.006690843203167375,0.028031833747432604,0.021141544705079413,0.039032019192834035,0.02745089318621327,0.01491391968957912,0.009961276544157705,0.014929880520863815,0.02650142894529451,0.03590740271035392,0.027787189849687064,0.024590942368695645,0.0231030433407185
Belgium,0.009688839271201618,0.026110293883615646,0.007809118532748166,0.04125253008185301,0.030690784164296284,0.03220822408743467,1.0,0.03722605782717523,0.02725369079268094,0.023773218434304078,0.014126146513602757,0.016124086135322565,0.013045314272308877,0.02007962075705517,0.022836489484218514,0.03237022125202324,0.024640618196057243,0.02380728756227396,0.023420652670969176,0.010301464865875914,0.0279872585710824,0.022758006489567773,0.016254087237484668,0.011822514601706129,0.00837959055483857,0.008391382910742547,0.03766962010365445,0.00982920542531154,0.03526731930907827,0.04284117914453778,0.0199769605353458,0.01691843208611193,0.03655013615704103,0.04420473790127112,0.019960494135129733,0.015289867457550793,0.009559214222797142,0.006952299562249576,0.03894537484840525,0.025277332775176246,0.03122503600258345,0.02082474183316336,0.01279596563429179,0.01606063436709334,0.01440839198440832,0.041961418115544706,0.018349203671203324,0.043834795796770416,0.03940047765956233,0.026942788931017606,0.009690315115460806,0.012678669855290437,0.015051348345292958,0.019287999580788393,0.01000827929221986,0.05369407768756589,0.035999783845802956,0.03187069284231482,0.04001608595565758,0.04593983142217709,0.027999651267646943,0.012112902645833422,0.010643344194907554,0.02119527753432054,0.01815533892895019,0.029695843328684423,0.04365751767500998,0.04247053995540256,0.03353031235980586,0.007452331043006156,0.04075580077255284,0.009735617642807936,0.010845276915231798,0.038874833303695296,0.023773128990151438,0.018651233986322926,0.050456888051470174,0.011252594114696151,0.006533293494332851,0.010364500312163107,0.01921347802735327
Bolivia,0.029131886410505493,0.017296942454226492,0.0344468120238563,0.011681527573941312,0.012207363428083538,0.014401036247178131,0.03722605782717523,1.0,0.01603258411637735,0.05751729467123385,0.041697782577973665,0.028614782195656187,0.04041642522844202,0.026998537781700884,0.021409776322630757,0.021582789267507438,0.02022727001028021,0.01755997841520652,0.05704883750949876,0.04021599393493942,0.02797626076377053,0.02268179865635222,0.02858981126485469,0.028202067062186965,0.038951276963835865,0.04075867542927076,0.07470944039252907,0.030318606616897892,0.009867495826829803,0.013740308428377451,0.022756018003729932,0.053060404660897786,0.00859684263117299,0.02800924015859849,0.01830129121559347,0.04544461565476693,0.030239720410081883,0.032357138696250405,0.011588173690040034,0.01595194066405044,0.015586219540021444,0.02153704630543716,0.025434093057051604,0.0224087767327277,0.03938414704105313,0.011115351812690058,0.020583867415637225,0.028084039656789593,0.010911366741917613,0.015385881613585322,0.028498260350245563,0.025337669728143202,0.026175712623953712,0.030820002831676487,0.03174682344717261,0.02575590299436473,0.013569914830170442,0.017371610546656025,0.014505272062366818,0.013029070732944958,0.012963274285241475,0.02622133490958665,0.04062868448407275,0.05049747515713597,0.02137227386041111,0.01444577224366118,0.01669727938994568,0.07493828511585501,0.012265030096659168,0.03228053707033123,0.02072669587170112,0.043601030243298124,0.03339964400388061,0.012399269277857604,0.018300600691227478,0.020257880826829482,0.020104341136681157,0.04008084501408796,0.03220498439325825,0.029097938605765504,0.0269554483297407
Brazil,0.019677832198304192,0.009895641270751829,0.02469954191212715,0.016711263946842206,0.007133027737437524,0.0075741272708643725,0.02725369079268094,0.01603258411637735,1.0,0.04777302104683,0.03228688828057468,0.018544193606284523,0.03064741997492804,0.014933050545625813,0.005963099669917024,0.024827356426273282,0.0073736599262442205,0.007950698112858218,0.048219489656701635,0.03091297070950693,0.014522411846529614,0.008951931428910686,0.018725255068504733,0.017652299716996705,0.029292726785736533,0.03041966039025869,0.06483439525544903,0.018739333136150754,0.011367839015908201,0.022397476001541884,0.013773002869549782,0.04306791067744005,0.01623336257341464,0.03450796250845693,0.008584577958533865,0.03592279263046299,0.02004030379344948,0.02198623268224959,0.012674293534023148,0.005353957749573316,0.008526736009629655,0.01151871096599063,0.01567282150263868,0.012737381994380317,0.030665936917315638,0.01978774834438404,0.008932738175427475,0.037875934279103865,0.016029040917235903,0.00930872362277257,0.018830172907070012,0.015062839311668363,0.015486528549301883,0.020246612376783595,0.02110379293878179,0.0344802584310998,0.01758957348568963,0.011453311914312722,0.023666382336852716,0.022172999877895224,0.005860278433362241,0.016336554376707512,0.030733434682806537,0.041142175099349455,0.011397813955572154,0.01589481602002184,0.024331532680521444,0.06642703221941537,0.008037726476741,0.022340990072389908,0.022932168613306395,0.033327078193697,0.021824997782727857,0.018348074997307052,0.008876781612208761,0.01318292051021117,0.03043728385676988,0.03028022188791399,0.022354861541297365,0.018641253792428054,0.017144593415550437
Bulgaria,0.02956298178153106,0.04790383228922817,0.024016072659405384,0.06350821982520911,0.05230404064499047,0.0533932064144746,0.023773218434304078,0.05751729467123385,0.04777302104683,1.0,0.018970279285952376,0.033420681074492434,0.018727511577924665,0.03726374788364816,0.043642749461753526,0.05174827877931273,0.045236247562997524,0.04324083011035451,0.014974983620803376,0.017989393781385303,0.04444623749327697,0.042566127035053414,0.033086970869624484,0.030242768690971287,0.019202156420146034,0.018784680065794115,0.025706925968951678,0.02908505220689349,0.056556419252813996,0.06568361892873992,0.03808790301772953,0.019524935397109932,0.059131635556531024,0.06577380883272657,0.04039848643932946,0.016248349306047218,0.02806380145286245,0.02582417424393699,0.05985254613641262,0.04563559087636769,0.05145559110061272,0.04145648275811497,0.03473157972118282,0.03588893864178579,0.020781416066376575,0.06491254570238032,0.03891999614450054,0.06205698669787167,0.06197238078002658,0.04916221980627431,0.03152006584576481,0.03312950899594978,0.03523036878932053,0.03547074846304782,0.027346958677632142,0.07618642823049707,0.058779464413830626,0.05403802921181024,0.06252708972310532,0.06807491306808022,0.04876945421083259,0.031740428925369296,0.01872542500379729,0.01616022691832322,0.03954961077084623,0.05144730683300819,0.06566746348842566,0.02296849406726927,0.05438381260808019,0.02595859064722861,0.062312253573076876,0.01610099509354544,0.02650850918308724,0.06166572193948811,0.04525213364774963,0.040780781629665766,0.07289429834803239,0.018428537196093286,0.025872446239603768,0.02946493366073316,0.03299256982952997
Cambodia,0.015599580572282465,0.03349701488146878,0.013708880205974997,0.04889951011782234,0.037864679028540175,0.03829924625431898,0.014126146513602757,0.041697782577973665,0.03228688828057468,0.018970279285952376,1.0,0.016982399099260703,0.010144421076730819,0.020337820154404093,0.02829955210626063,0.0403022349768433,0.02967815712738538,0.02768620593539418,0.018479243190569632,0.006959531763432599,0.028181629607817754,0.026016320162541375,0.015934245114571605,0.014740198088013304,0.006959607729408983,0.008885327099273928,0.03755915400112255,0.013710035546741137,0.042097671538190634,0.05185752690620477,0.02115526906715137,0.021619710058631985,0.04500626786870325,0.05394731228480073,0.02471258912825849,0.01129281070095602,0.015291556624636899,0.012180459535467382,0.04435709881602259,0.029938513160870137,0.03545183249745162,0.027878330634715117,0.020601375862099657,0.01975209552457896,0.004168327171233214,0.0507155318694378,0.02369860496515453,0.052413354285575184,0.04762328657851835,0.03490763903047315,0.018280874900690164,0.01939210317533191,0.019209232313601318,0.01794245063407889,0.01159201853136217,0.06315156564663052,0.04510800235130249,0.03964634066456436,0.04958024504445776,0.05361506781798937,0.03374750839224614,0.016963298450463384,0.008319748501720658,0.009972085197027728,0.024876671287525003,0.03885107727991851,0.05313870976153181,0.034142608280796106,0.03938960118831259,0.013713501297363066,0.050348285226061266,0.008971095478295462,0.011070461155737487,0.0479954296107989,0.030868213764114676,0.02731560967596181,0.05978401054365196,0.0079271878645359,0.011730994230436291,0.013770730866956056,0.015499327275930527
Cameroon,0.009500802916469476,0.020461712616397988,0.01264508968961692,0.03521000491956765,0.02464903322688079,0.02363335099324146,0.016124086135322565,0.028614782195656187,0.018544193606284523,0.033420681074492434,0.016982399099260703,1.0,0.016951577933792553,0.006178859902848811,0.013834786911307012,0.03327326154826666,0.014560898696328867,0.016837097716767335,0.032996455872435125,0.01618407152689176,0.014158049974386511,0.011281141652461073,0.00518103634469361,0.006813573016078668,0.014513000791248782,0.017209592293625963,0.051259223714813895,0.007352467185518131,0.029142375312304236,0.04006148281953294,0.009710287836295857,0.030306884061691523,0.032842516224185485,0.045146312928424956,0.01278662954679663,0.018915580181324,0.01359234268117589,0.010002905776695926,0.0297951122021952,0.015389365048334052,0.019205070402076255,0.017058976377658124,0.014481553168382667,0.008770407423126167,0.01489207158099453,0.03769572120241789,0.010293617714674994,0.045308755441455975,0.034426326276291774,0.02270283677070074,0.014466300930285083,0.010443648526021022,0.006186472972857785,0.006118997584513877,0.0075618319761539265,0.05158985624294489,0.03363912562606388,0.02656506460134959,0.038617405450164316,0.040479896512871434,0.020414058206019273,0.009809043902904569,0.015174901253803977,0.02388174188470965,0.013707820675324731,0.02724966923204073,0.04171010661270468,0.05031831242411678,0.025615147443097556,0.014643887001258332,0.039037463684318215,0.019270746685199677,0.00864600529961899,0.03603613331440534,0.018875223707540842,0.016987298148001158,0.04818032948973474,0.01599747644404627,0.010737466038962825,0.00895611528702008,0.009970799463667315
Canada,0.01455510538119104,0.03215318907225815,0.01369143882332075,0.04734838284151905,0.03649193078229328,0.0364988172368252,0.013045314272308877,0.04041642522844202,0.03064741997492804,0.018727511577924665,0.010144421076730819,0.016951577933792553,1.0,0.020878079152077476,0.026458255906856947,0.03748928838906889,0.027701148847805078,0.026231071395578856,0.018099194838945672,0.009546064911043315,0.02995020740311095,0.02442291976747849,0.016522780273923423,0.015271632451615998,0.0074616387042542465,0.011319074305360187,0.03652198720277647,0.013661686455989688,0.04077157327328187,0.050833049643964165,0.020421015960563577,0.0179406205555937,0.043933676544652786,0.05154603098323922,0.02325726495107666,0.013316315914797833,0.013399392250214017,0.010829964108310176,0.04235488477517206,0.02794092786320771,0.03339436211593886,0.025267945386193383,0.019433925811485106,0.018260081444743278,0.01112613327252085,0.049454472701994066,0.022064024267956693,0.04740409530727745,0.04628009976911615,0.03383043534901333,0.01782166993824485,0.017831442367533448,0.01709344161379036,0.01891059770932518,0.01082849562403688,0.06115536234047201,0.04398072446670176,0.0383396174609208,0.047406388425539105,0.052269127980411355,0.032190764818151044,0.015651978568815318,0.007345485805650473,0.012569648200034,0.02350946510097651,0.03579040650812254,0.05132049873004328,0.03596007732260743,0.03781498870354675,0.011327133128930866,0.048040982763437434,0.009983403178904648,0.011990386129578498,0.04696480166224209,0.0295951872320241,0.025828817547328888,0.05845547491395239,0.012161612353135096,0.010915715590959562,0.012061827143113915,0.01622437141415847
Chile,0.012646436606810854,0.018208598028365712,0.01712560668597567,0.0309330574360609,0.021537356986075236,0.01962635573972474,0.02007962075705517,0.026998537781700884,0.014933050545625813,0.03726374788364816,0.020337820154404093,0.006178859902848811,0.020878079152077476,1.0,0.009990902702852723,0.03275844324301848,0.011271959127885114,0.01356025161329751,0.036339027946046834,0.02045416860146386,0.01102559278473651,0.0080672304994797,0.006273346840722778,0.01024303966547948,0.01866548474847818,0.02185542115928846,0.05573626935482408,0.010862469512991859,0.026149825115887062,0.03721486301049012,0.009286770746089011,0.03495214577778108,0.03060289643007418,0.044304027125536716,0.012361128365383684,0.02311472776981336,0.01763153071284287,0.014288799661444494,0.025626888942116465,0.013629380146645305,0.016351560771399945,0.017773061361616858,0.01739419134264224,0.010405420821517656,0.018145992776299247,0.03458764884482585,0.00930192010302163,0.04568395036640554,0.03029271432365559,0.020013741328707747,0.017501461100898126,0.013645100527559958,0.008965786392147908,0.007612342994326375,0.011844782903565033,0.048385412406627956,0.03180356212599919,0.02251817548611733,0.03811361613699455,0.0364451195871966,0.01783558878010649,0.01236379726960099,0.019730123777812046,0.027357141276612047,0.014702595480464029,0.026652504936578003,0.03890399686987407,0.053574433061961774,0.022505949748161655,0.018563187933679177,0.036463591328054386,0.023715935301659354,0.012264146817135923,0.03298317822556458,0.016721861500891257,0.01880560937115264,0.044965774198320554,0.019872488731773684,0.014960430143016658,0.01235934618931392,0.00936079502386138
China,0.01551241631799818,0.011086004404066789,0.02052622836652987,0.021427761694173108,0.012187241978072664,0.010206665363841422,0.022836489484218514,0.021409776322630757,0.005963099669917024,0.043642749461753526,0.02829955210626063,0.013834786911307012,0.026458255906856947,0.009990902702852723,1.0,0.02810467433395533,0.005035542806172967,0.008721649581003656,0.04421564979932757,0.026894877064315557,0.011166387824491988,0.005657264443776305,0.0139006843676222,0.013659345491328438,0.02528914379906657,0.026331736188215125,0.06049449124995858,0.014624380507154856,0.01655640283170319,0.027609935973224174,0.011186905078827775,0.03859603493064742,0.02134141807006708,0.038519429396196625,0.007664800643827749,0.03137885127703511,0.017092404666831755,0.017818933959347645,0.01659908375402375,0.007260875702647839,0.010938123011913322,0.011228552008469617,0.01358466790206839,0.00954998925255644,0.02666064196896796,0.024985156704097636,0.0064220011390384016,0.039827360122250174,0.021031834020428908,0.010494588732270615,0.015396561290161594,0.011304469122171656,0.010735834327864494,0.015246063490703595,0.016817812039308582,0.039123105340215056,0.022411255634768028,0.013523472333172807,0.028922762910015238,0.027193837881356635,0.00893653456623269,0.01384213035906177,0.026364501853911905,0.03660993958322698,0.009960159843919464,0.018491754189218803,0.02937385018994442,0.062399876335813544,0.012655468984555166,0.018588044433133485,0.02691597825104859,0.029199491027934562,0.01741319903290866,0.023385086717110818,0.008977073061335654,0.013167701260268182,0.03552012110616814,0.0261670675465609,0.01814534741619003,0.014568460966815302,0.013376972596653148
Colombia,0.030402350505059073,0.02395546903712763,0.03361320176944333,0.026052359936060334,0.019989437327646308,0.02312986109928336,0.03237022125202324,0.021582789267507438,0.024827356426273282,0.05174827877931273,0.0403022349768433,0.03327326154826666,0.03748928838906889,0.03275844324301848,0.02810467433395533,1.0,0.026600597163285077,0.024811752407204818,0.05062346779975918,0.03927718180949383,0.034824366580853625,0.02988305148874862,0.032483227954855004,0.03296726310594727,0.036335898564780124,0.03868619697867966,0.06464483687521148,0.03299739649996989,0.01978720927244618,0.025930119371089716,0.027762120331152343,0.04361999134029556,0.01852763854204802,0.015086350494960874,0.02620730088249223,0.04554738092062305,0.02702898985484172,0.03161447957715001,0.023401945993581984,0.02315792334114563,0.027785757636445287,0.02581448408302315,0.02651737685490899,0.0275445793765859,0.03835177821710117,0.026152043246055183,0.026273656936704057,0.025568655202147277,0.022656741646382667,0.020554928397800168,0.02846011546669722,0.02934485425467942,0.030591386490400448,0.033689820555863316,0.03266359568646993,0.03199824400973695,0.015560282181664121,0.02461344740162816,0.02123480326461545,0.028923613557109405,0.02172201265412568,0.02664880027155776,0.039611219126308855,0.04897549495934077,0.025883450252436976,0.01793812316479639,0.021295289962236844,0.07034186367091363,0.024607766000463098,0.029514551625788057,0.02113877442237357,0.04007763056012035,0.03490542250518987,0.020090349645821185,0.025496808774268378,0.025051828850789926,0.03056057058884707,0.03971820726297095,0.03061643713627633,0.030390841019408414,0.029823071828069862
Costa Rica,0.01714064984447455,0.010509412554064335,0.02220859992335931,0.02141372130529201,0.012125953538324592,0.009699603986712305,0.024640618196057243,0.02022727001028021,0.0073736599262442205,0.045236247562997524,0.02967815712738538,0.014560898696328867,0.027701148847805078,0.011271959127885114,0.005035542806172967,0.026600597163285077,1.0,0.010753318111778043,0.04565228756178792,0.02836069908380827,0.010809560626603465,0.008487066144929497,0.014598027693416579,0.015098942425542794,0.026735425210789816,0.027873441613097526,0.06226178538190186,0.01615140328082596,0.016797073696092207,0.027915645997149918,0.013181387930661453,0.04041976117328178,0.0210953251391297,0.037378936326220795,0.008669733297679892,0.03237235508108663,0.018338325050978363,0.01944041456699583,0.01538094799682735,0.007007804792279144,0.00977004117855009,0.011001095284021272,0.01405228276644961,0.010967303042178125,0.02796115605549045,0.02530080267670649,0.007523689292936765,0.03797483541193887,0.021200126574441966,0.010714804814559126,0.01698238701251095,0.01380191794393247,0.011054579083146084,0.015730537607164,0.018101918523512374,0.039405663956267954,0.022367680086785448,0.013434814525461214,0.028702912575441424,0.027400186770825126,0.008326237350897743,0.014479039224389067,0.027493522527811273,0.03749597395005058,0.00982466293693196,0.017705821174910763,0.02974209092322243,0.06365741438452925,0.012703090208246027,0.019876565859518733,0.02725899148148809,0.030788062815328705,0.01878774823951061,0.023741553075684377,0.00915322583286099,0.012912405151865005,0.0359341609903327,0.027744539970661505,0.019806034138918103,0.015910005986203738,0.014837024953345743
Croatia,0.0163175611258651,0.01327802539357555,0.021465224399901988,0.021820064424478404,0.011741115032445147,0.011760216859810303,0.02380728756227396,0.01755997841520652,0.007950698112858218,0.04324083011035451,0.02768620593539418,0.016837097716767335,0.026231071395578856,0.01356025161329751,0.008721649581003656,0.024811752407204818,0.010753318111778043,1.0,0.043271836623460916,0.026469213070583794,0.0172864572967551,0.011410081436964353,0.015573290112194778,0.01533958124558493,0.024610609264778587,0.026875083140141164,0.060768746981900816,0.017506378880096884,0.015890318777579952,0.025929987603904255,0.010608482138170158,0.039402933181080346,0.019502990703081483,0.03482826904158848,0.007972372359757871,0.031902511573282395,0.016548569399253532,0.019358612261505027,0.017583299511931254,0.007524702555517941,0.010959570673378298,0.014179431641946428,0.014524218643225178,0.009458228830518776,0.026001729451091124,0.024418772466095452,0.009035123108439416,0.035814953276897765,0.02055485591409796,0.01036278763593148,0.016872474714629358,0.012901372803683121,0.015037285006349944,0.018745963804681288,0.01869994613716201,0.03698962274478417,0.020949413429995196,0.014219727089586038,0.02660749854027054,0.02650453070881836,0.008316520086311485,0.012941179278687742,0.026862615333969393,0.036558965987027785,0.01240132426847274,0.017463035663560656,0.02753566992267143,0.061566535156737816,0.013963721775414877,0.018462164455468368,0.025144644649798733,0.029095498396054503,0.02004150588694955,0.021755453589106483,0.011905578898669417,0.012964698832764162,0.03347115483957738,0.026978317554948766,0.018685473798154092,0.016201540237956936,0.014298752499577358
Czech Republic,0.029793968380449065,0.048603470912335536,0.024243548277017454,0.064234501450348,0.05303338194496462,0.05411698059008825,0.023420652670969176,0.05704883750949876,0.048219489656701635,0.014974983620803376,0.018479243190569632,0.032996455872435125,0.018099194838945672,0.036339027946046834,0.04421564979932757,0.05062346779975918,0.04565228756178792,0.043271836623460916,1.0,0.01732582027737857,0.04419905758680586,0.04203327087546278,0.03193268833982198,0.030567732875892956,0.018929064772670322,0.017884889929838724,0.020108977908870874,0.029591285084088897,0.05732992762145581,0.06604511474596902,0.03713494123161843,0.009278856513645966,0.059661734055409685,0.06472818332661157,0.040641651777717336,0.014909458799036247,0.028805047696344274,0.02650800699762788,0.06033796021841175,0.04592381324674545,0.05146417432554161,0.04219975587579153,0.035381526150817175,0.035708620614405266,0.020010618206264617,0.06535279059486249,0.03951203056464401,0.059682825778944196,0.0625757562766576,0.04983152764112778,0.03217444738204782,0.033896764775242984,0.03518627399510068,0.03399480915863909,0.027579037577285855,0.07628870019738741,0.059124161661751176,0.0547171704445233,0.06285842994221673,0.06878415309015116,0.04945037263808863,0.032318321207510985,0.018535336817419187,0.01336979030156396,0.04032366819065758,0.05196217709545165,0.06571876504437885,0.02033829550892437,0.05504886351605005,0.026181518460939378,0.060913853423670145,0.015085027650713507,0.026870086816578726,0.06181571028223798,0.045964207407201495,0.04121310677048783,0.07269165810560992,0.018259442547979884,0.026512635425460524,0.029751152521564232,0.033058784921560246
Denmark,0.013984566472833889,0.03138030559728121,0.011135289152699401,0.047000796252518656,0.03579101795706092,0.036792981529438225,0.010301464865875914,0.04021599393493942,0.03091297070950693,0.017989393781385303,0.006959531763432599,0.01618407152689176,0.009546064911043315,0.02045416860146386,0.026894877064315557,0.03927718180949383,0.02836069908380827,0.026469213070583794,0.01732582027737857,1.0,0.027213113912554147,0.02521847433124918,0.016456954013311726,0.013584942397043418,0.0038998607761642034,0.0036637909794804023,0.03531856625166863,0.012271382363488856,0.04004872466274158,0.050101229273082096,0.021139508911658233,0.015935643982337287,0.04297984712605361,0.0527750465486239,0.023494310374583147,0.007332534909853832,0.014299643566975249,0.011254647807705747,0.04304529655816701,0.028661467727269227,0.03433238836734345,0.02691785057096185,0.01913947369632448,0.019218118533486973,0.008213769538349123,0.04848491358478177,0.022186632412572925,0.051435765782764285,0.045433647604421576,0.03288573810869187,0.01674604472189632,0.01812063625601378,0.018401665751199038,0.018373243463909703,0.010385268635511907,0.06152575422705484,0.0435339122070959,0.03751249551627568,0.04831826862668177,0.051561281338884865,0.03212657822896595,0.015246331431677215,0.004994891388337396,0.012845027405248842,0.023032047950479733,0.037457450631316794,0.0516192937912614,0.03597895748738154,0.03772459722589613,0.011449438066818153,0.04891153101867864,0.00428951666963176,0.009572954905221287,0.04617916083816726,0.02875570545439573,0.02586891154730156,0.05817043083568689,0.004474066028289632,0.010023231628010108,0.01248096669136111,0.018046938690908166
Ecuador,0.021684968178431196,0.0181493486327751,0.023762505094802207,0.026440388146620114,0.020477137821952894,0.016952937958727696,0.0279872585710824,0.02797626076377053,0.014522411846529614,0.04444623749327697,0.028181629607817754,0.014158049974386511,0.02995020740311095,0.01102559278473651,0.011166387824491988,0.034824366580853625,0.010809560626603465,0.0172864572967551,0.04419905758680586,0.027213113912554147,1.0,0.010278807585109387,0.015836509537681058,0.017783371526225555,0.026304427628531482,0.027471404168908465,0.06178637211559268,0.018300915963426423,0.024500266038307763,0.03458621994681736,0.01817818907993177,0.04035234679075385,0.029634302834184688,0.046905089666036535,0.016349656907395243,0.030014829209502845,0.026012672907578853,0.022367486310346282,0.021962193814339014,0.015363808781382896,0.015613801046323605,0.01861400500080249,0.02303993841044965,0.017426817042398207,0.026153658892433537,0.03156542680300537,0.015463069301709386,0.04811081040627706,0.027566844281234758,0.019331296265176358,0.024405612137263007,0.01999418350508419,0.014801411890711212,0.015457682858183754,0.019852292317428244,0.045165977928088234,0.029617918663374685,0.0184063264500974,0.03621632127651492,0.03212326943011964,0.01764068368666394,0.020829196869929154,0.026148558332847887,0.035179016306239486,0.01881370781987566,0.02612832153973602,0.035347937513035846,0.06164567108679308,0.019478758429421133,0.02679535513908448,0.03453210167270808,0.030123945106845254,0.01882446125253997,0.030551218022710942,0.01572772785909268,0.02145808195063187,0.04109309861115424,0.026857139976778827,0.02351476204802298,0.01999624610949829,0.018123947683817605
"Egypt, Arab Rep.",0.014792231588307685,0.015496555087304877,0.02025458984872156,0.024584657718313505,0.01586821111869365,0.013708617061177613,0.022758006489567773,0.02268179865635222,0.008951931428910686,0.042566127035053414,0.026016320162541375,0.011281141652461073,0.02442291976747849,0.0080672304994797,0.005657264443776305,0.02988305148874862,0.008487066144929497,0.011410081436964353,0.04203327087546278,0.02521847433124918,0.010278807585109387,1.0,0.011448031504583869,0.012997519207772016,0.023637211275160996,0.025802299794794332,0.060093808315044,0.01411668750450853,0.02014176806250151,0.03116017859623854,0.009766800844874718,0.03867584463521501,0.025023791822750923,0.041258024411426196,0.010177696071074278,0.028213661545257025,0.01886582525508091,0.01721136563153634,0.019575908340127623,0.009701122498829371,0.011709279359872737,0.014714518941350951,0.016398828484810033,0.010664720645302226,0.02401297371263054,0.028507364614151758,0.009037990203843238,0.04507165204655121,0.024217271685537296,0.015733537582186572,0.017700319262800274,0.013303876295138347,0.009226570633044592,0.01271606254849465,0.015438877465351782,0.0424002515117817,0.02582412401223507,0.018465456571140147,0.03258417359383432,0.03039469832823643,0.012839188894349887,0.013488062422188146,0.024146864281113123,0.03343718521074754,0.012934226347355016,0.02370656468342553,0.032831194675018036,0.05956333781807732,0.01622392173932785,0.019675623248568305,0.030768926677350865,0.028351274635679578,0.016326279942873126,0.02691709413829381,0.01241185079794905,0.01722987806850578,0.03892904625230596,0.024966348669440048,0.017502760376071264,0.013745017901103622,0.012779678232553379
El Salvador,0.010110311955098601,0.020701167414266797,0.013675669681162971,0.03531757701961621,0.02497228591575353,0.023663513796948695,0.016254087237484668,0.02858981126485469,0.018725255068504733,0.033086970869624484,0.015934245114571605,0.00518103634469361,0.016522780273923423,0.006273346840722778,0.0139006843676222,0.032483227954855004,0.014598027693416579,0.015573290112194778,0.03193268833982198,0.016456954013311726,0.015836509537681058,0.011448031504583869,1.0,0.007753546243578563,0.014511372642331224,0.017904472801095143,0.05157090352881857,0.00898395355449155,0.02938496015349726,0.03995077006153903,0.009231059085136965,0.031076400879981217,0.03284305789783064,0.04393783683712237,0.012236074390647503,0.019217194039311297,0.013112855582543461,0.011579047853384233,0.029829084745995733,0.015138280572746583,0.0197095838881725,0.016584580336550477,0.013882522346648019,0.00859478968430345,0.013848316304875093,0.03798778308275954,0.010497570916044748,0.04402928825974459,0.034708137189834336,0.022730534790197602,0.01381060541364196,0.011061157232926696,0.006491112533814783,0.0074184211530551325,0.008584641889065558,0.05127163832892709,0.03327814680327415,0.026885098164911556,0.03845088622094299,0.040799701849926755,0.020639167707579398,0.008900227311793338,0.015610760891491911,0.02295959667667184,0.01354777955542871,0.02713572969639285,0.04135925752421677,0.049429410432284625,0.025699796382423746,0.014387129516259783,0.038658246256162376,0.019579974514530588,0.010207733062199516,0.03604874248973772,0.018615324861447693,0.01690754698753325,0.047951609476231796,0.01666337276850292,0.010845206455851244,0.00956395232435164,0.008607369174320204
