Country Name,Albania,Angola,Australia,Azerbaijan,Bangladesh,Belarus,Belgium,Bolivia,Brazil,Bulgaria,Cambodia,Cameroon,Canada,Chile,China,Colombia,Costa Rica,Croatia,Czech Republic,Denmark,Ecuador,"Egypt, Arab Rep.",El Salvador,Estonia,Finland,France,Georgia,Germany,Ghana,Guatemala,Honduras,Hungary,India,Indonesia,Israel,Italy,Jamaica,Japan,Jordan,Kazakhstan,Kenya,"Korea, Rep.",Kyrgyz Republic,Latvia,Lithuania,Malaysia,Mexico,Mongolia,Morocco,Nepal,Netherlands,New Zealand,Nigeria,North Macedonia,Norway,Oman,Pakistan,Panama,Paraguay,Peru,Philippines,Poland,Portugal,Romania,Russian Federation,Saudi Arabia,Senegal,Slovak Republic,South Africa,Spain,Sri Lanka,Sweden,Switzerland,Tanzania,Thailand,Tunisia,Turkey,Ukraine,United Kingdom,United States,Uruguay
Albania,1.0,0.40923242090446504,0.41357359419662654,0.4739123035462604,0.3321342598471575,0.4246741991932202,0.537007560114934,0.47667747244320086,0.4204589377631841,0.3785322331843995,0.4257846209088391,0.3943668835311029,0.43664741479931746,0.386034373178759,0.3875929788352538,0.40010355527698616,0.44266524912729666,0.415788033581532,0.31926787339615637,0.4021871300620259,0.5405121816436065,0.46784556774144337,0.7994711453146961,0.32341589864231085,0.36730953037090197,0.4082215743247181,0.47909745909418994,0.39548711313032564,0.4566179689062124,0.648394914816274,0.6067375331986335,0.4633469795650041,0.4053218613580938,0.44361399408083163,0.3558858341614574,0.5091017409444702,0.48259058768618646,0.3944070737920036,0.45471147146772783,0.42604644485218307,0.7124872388288321,0.3816371258075267,0.34047723828486914,0.3710598170989378,0.3243626760692285,0.6219079648994194,0.3469549328636139,0.42695249310959205,0.38379539538044827,0.4129316754256491,0.5555098572630781,0.44020706368165363,0.39774457038335753,0.34811237603217904,0.3690514313221791,0.5461079085285503,0.4440883583750216,0.49647990236662815,0.3847964072434336,0.3821869372737653,0.431055471400457,0.35029918600026,0.5858933840324121,0.35945788922675076,0.3651289810955965,0.9190503429713974,0.382888537517972,0.30536974827454144,0.36619056405893025,0.42167785480210157,0.38325906963000256,0.37688433391523796,0.3992591986536387,0.32318593850750915,0.5007846956194985,0.45473653462189934,0.3939675822220566,0.39968428153835994,0.5738468506778631,0.8241506206826343,0.5671658242521205
Angola,0.40923242090446504,1.0,0.3423062627572706,0.19145858043545,0.36736389141165954,0.2610790389114908,0.28645262020606527,0.3705555475391477,0.13709906376278025,0.481663130567299,0.28828177922726955,0.17996067991926473,0.29787663743771386,0.13814831449850215,0.16663617831722896,0.16147797979305642,0.29404174571817443,0.34254713480932547,0.34705752870952683,0.34287282521721935,0.3419967902126714,0.23693480304712183,1.1386139085322937,0.44096669562849905,0.4379276918244269,0.3054840191656626,0.23847682383829372,0.13814624659660465,0.25277321548558523,0.6588178793730409,0.5457450519291873,1.0472343014558296,0.18574302105932075,0.20670721952605214,0.2218639023196265,0.7398113916509919,0.6386835796680227,0.2489738868509758,0.21079675483408541,0.2193837303353167,1.0227315702508784,0.32191944908227244,0.3386884949432354,0.3328495206762469,0.3184073343878372,0.4815485600328364,0.5948953204413063,0.22808314086740625,0.13712523367138604,0.22459742091918963,0.3559248423044641,0.7319315860673727,0.2436885190898062,0.3204082014274835,0.20037940480322933,0.32466478404526333,0.24803440786926656,0.39155955987697416,0.20131802325373532,0.1746822179892203,0.2887261507093732,0.16676026815317002,0.5433310822063904,0.5124023067643799,0.2754778291199141,1.9649739825795016,0.20666640556015872,0.3084105530811616,0.4056454061581523,0.7609050505302559,0.18815434636272302,0.27027727244907296,0.2987323726807864,0.3936360073720529,0.5538762635235226,0.28815298736045847,0.44614476509173434,0.2750533092991255,0.5297934256676112,1.3279425374026785,0.35015166772541984
Australia,0.41357359419662654,0.3423062627572706,1.0,0.352456862852847,0.14938092947757156,0.1854555830946762,0.4473386447658437,0.31317242376055243,0.26718863486892186,0.37058294040473466,0.26781550350266814,0.18629615687102652,0.2729555538839693,0.19757775970549388,0.19942576021969521,0.1773395936052457,0.3109154865505476,0.3406177505848203,0.21233106808211968,0.2796793406329007,0.39904522580289675,0.33867537941636927,0.9876208219626289,0.3103532965346961,0.23716593029765445,0.3567915681641612,0.35212030647932346,0.2553713322867579,0.3128084465349687,0.47830645916637315,0.4590916646061173,0.6018087679227639,0.19025075325148635,0.2763401990859041,0.13097661069356462,0.5006985600400462,0.4644870522190434,0.1851414181632153,0.32300483755549053,0.25703755271521134,0.7464099481403444,0.18461954924658952,0.16835978982380803,0.29568512358282806,0.23431456785084293,0.4633165569845354,0.2788452225073706,0.20867813313904976,0.2225073786397717,0.24398166472095636,0.46481011048793325,0.3366954178751953,0.17223318115088335,0.16906321841651697,0.15428931400779172,0.45593352080016886,0.29108531912490615,0.3044508142069438,0.19671165763893306,0.27740214410736586,0.3073721968734541,0.23527901438580218,0.5550300779005122,0.25002875856301576,0.16159574600845744,1.3158460202677789,0.19788698626348214,0.19156122098662548,0.2756554171755433,0.48747011535980667,0.22464881177218388,0.22443617072449196,0.2919792037780623,0.14756586546679767,0.44158713330580784,0.25093804083333443,0.3458257225088345,0.2363975965424818,0.4565325056270572,0.7665705823949187,0.37978875149380203
Azerbaijan,0.4739123035462604,0.19145858043545,0.352456862852847,1.0,0.5329103835326694,0.43053353582197207,0.3492516213855789,0.5471708399672426,0.24016777712428083,0.670071885576323,0.36547777313710844,0.30303803239590116,0.41863963332712734,0.2927261662641851,0.2818241446166719,0.2898886624286232,0.4416417333916995,0.4068803655940718,0.5524859030391096,0.4997503633697532,0.3696103506073933,0.2713292873300091,1.1372923536977333,0.6179207031061734,0.6311450073822168,0.48983540880483245,0.2845306162845354,0.29697268297952084,0.3052517611787629,0.8345625257932096,0.6116561489784268,1.2876610011937621,0.30041499020002943,0.27090807679682233,0.39748138193258986,0.9431377105065011,0.7776213199627465,0.38007576418556727,0.26771828045035784,0.30049451153794077,1.1508351922461728,0.4776114017194825,0.4940121369153821,0.4716533818463555,0.5302138283372176,0.6110628385489635,0.8131082242064667,0.34837547489374815,0.2638214189956028,0.31288799723026806,0.37745850421908694,0.9832868450065061,0.37065826952597086,0.48444748141690824,0.3707829802360346,0.32594681640718476,0.3108781498932092,0.4532171449433152,0.3448146760604238,0.319622530409365,0.35482770411481274,0.2955303214437087,0.5725173451332904,0.7059791051069481,0.45096142063924477,1.850318919140458,0.3251008560059662,0.49165511024474773,0.6151097824469893,0.9731059705777493,0.29851743700031175,0.42694653609007677,0.449987498876462,0.586881084003093,0.64660309772136,0.41878957911088277,0.5365763830262356,0.3871328248589281,0.7278143309730822,1.5275777424466077,0.4007486684394046
Bangladesh,0.3321342598471575,0.36736389141165954,0.14938092947757156,0.5329103835326694,1.0,0.27467081834340695,0.4585418736951621,0.40009407842156136,0.26571059719339185,0.36847908057274725,0.23058131616392716,0.1877148930995366,0.25784738853398614,0.21068810110151748,0.18756343676888648,0.19833553790925007,0.3851921423293559,0.2762601561732498,0.20618104374485977,0.23746913059784794,0.4161920889674112,0.34718485855259634,0.8872137969507082,0.26736299009224546,0.18030722899261464,0.3470907053384002,0.3568239665033166,0.26516020238269594,0.30363078927186116,0.48555848771108134,0.4508600309451971,0.5838674398820453,0.19195495663677684,0.27333655576518673,0.14545781846847017,0.5662197245698055,0.3945477473564781,0.1624878877718733,0.3165459795730231,0.24321483722002232,0.8067397920081545,0.15227090661925205,0.10469488330744857,0.2718805027975466,0.23111352363851692,0.47816269541590256,0.2204165366298654,0.2368622096532095,0.21085389704782023,0.22340172135697087,0.4920863215880763,0.32437544526463746,0.16952650858626295,0.13931925988674018,0.16049388185792385,0.486038376527782,0.2862467598404029,0.28223890755985825,0.19270544980910578,0.3026224721086244,0.26784740424356707,0.21130437999670262,0.523657030108727,0.17274047044726795,0.16106654167631873,1.237468367543911,0.17137908128313928,0.16100609744982322,0.3257859766115253,0.5011394835754439,0.20031481076205668,0.1697561309772393,0.2787554949985741,0.12515170839974887,0.3955463654614525,0.2662699453177108,0.25376226859483886,0.2020154001824135,0.4839955328146469,0.7807141212248485,0.410579354984562
Belarus,0.4246741991932202,0.2610790389114908,0.1854555830946762,0.43053353582197207,0.27467081834340695,1.0,0.39640903723637627,0.2844215419517117,0.24528616424517677,0.33607684145582967,0.30100451594200883,0.2049902870631378,0.3147273621152052,0.19248311781150787,0.21179217068787798,0.1649409609840141,0.2243605882342894,0.3665999092859393,0.2167244310576486,0.3473491407162044,0.3494238399961832,0.3180635053830224,1.0939454596201,0.3413205219902124,0.354535757829011,0.33093618195686797,0.3403543027666461,0.2276069371794958,0.31714490045363,0.48503074505295535,0.4597827586023373,0.6740762457834896,0.2181367824392693,0.27994047075629264,0.16534442324993107,0.500663047961085,0.5650452264503518,0.2327042989923541,0.3071547285899143,0.2692263163124527,0.7826024260873802,0.24474211421268374,0.28397116218571,0.2843676328275326,0.22765429799074915,0.48572038793257916,0.39371572340270344,0.22974149694436863,0.2215865331456072,0.26995190177823153,0.4222753241796492,0.4686206372247101,0.2259122149702636,0.2579067607614268,0.17019891057249675,0.41035763063644737,0.32018621143961434,0.369406048827514,0.21072383621377053,0.20586322898501946,0.33878253135361663,0.22712077787490323,0.5612562108002553,0.37074898920884103,0.2066754247033484,1.7538381841070285,0.23547711948216987,0.2574647179097401,0.2566448995103002,0.4979548174579237,0.2454544103261199,0.2706673028735547,0.3306050853008902,0.2273183719115111,0.4832601118374747,0.2815262001452942,0.39476376249187134,0.2569743659305123,0.46171115193336365,0.9205452095386557,0.37617957787164424
Belgium,0.537007560114934,0.28645262020606527,0.4473386447658437,0.3492516213855789,0.4585418736951621,0.39640903723637627,1.0,0.7615272023978754,0.3235910445457435,0.9630074034537721,0.4726636812578747,0.44852884977009866,0.464515994131236,0.421660753992214,0.44217772727861976,0.4681241645835016,0.6840569665813195,0.5612259086147784,0.8176083722628604,0.6158160173370267,0.4756520236611132,0.33743022320173405,1.1906559851421346,0.9252893206597651,0.7905477753257775,0.6469939790373322,0.38246312260987236,0.40254877114837395,0.36629489549130256,0.9967561395634681,0.7556828503437327,1.6520429099410103,0.43947586845066544,0.36933828716623623,0.5740635928352742,1.1952640299525614,0.9318621908106317,0.5074928884068148,0.30644207630820836,0.3969811092168178,1.3701206793867455,0.6298587223355759,0.6812081091695259,0.7901410881952208,0.7926859483129581,0.5863803158014486,1.1633932955689081,0.4979333338924971,0.4076398291918017,0.4090294912303738,0.3741077699436068,1.3060709280939895,0.502729855040136,0.7123546336511477,0.5347867539700153,0.36624270271042947,0.39166708545199197,0.6154400236773843,0.4974626509892054,0.5769399979730048,0.43991485391437857,0.5191398429367421,0.6278159509709526,0.9082570913067359,0.5799688724536158,1.7913014034560972,0.45924524681039564,0.7187282278958314,0.8704011824353376,1.2916405479328645,0.4359486941210319,0.5553744418322294,0.541460203084646,0.8689451810062814,0.7409875786305906,0.5058240052429622,0.691674860494726,0.5135471136078211,0.8146653139135732,1.9003346223594622,0.46882606809762006
Bolivia,0.47667747244320086,0.3705555475391477,0.31317242376055243,0.5471708399672426,0.40009407842156136,0.2844215419517117,0.7615272023978754,1.0,0.3303056954203405,0.524572556975636,0.39191646726509555,0.29986764039520647,0.4064395694327841,0.3029156107535025,0.30793186032679215,0.2867577518924665,0.2981161710557409,0.45462467793701683,0.3467050569687005,0.41171527651659046,0.4485585536409757,0.36712354414013826,1.1283879725877684,0.3781842498927789,0.47683552856800787,0.3721584011532285,0.353635351828858,0.28244011607800845,0.3730938699594466,0.7044954143890296,0.5736221341798361,0.8430196888352094,0.3107790155655741,0.35418767696533165,0.2930766127704511,0.5239674892458162,0.6491591447145203,0.3506192021869799,0.37762045740190486,0.3488625630922617,0.8802419074278661,0.3686653462549999,0.3516199138975291,0.3364715258464251,0.3339846427070729,0.5838437825520398,0.5096617943492676,0.333706152702002,0.31227824035563795,0.3456708491736288,0.45582693822772885,0.538264764425981,0.3245379071945726,0.3385275832154114,0.2832095317385185,0.4361267075929617,0.3629001983468467,0.45784732126381844,0.2839281598212693,0.29691220397162327,0.4003083395808288,0.3004346767606544,0.6173877453094015,0.5062771193275949,0.3530457324248994,1.3298899747325001,0.3248410595692339,0.3528369275703423,0.3597653652304703,0.5893487251132,0.32462351976720427,0.4099252663994865,0.3784494235996391,0.3817559037430334,0.5810448903828069,0.3598612363527571,0.51816288357953,0.36505084283996786,0.47510055689712233,1.0456504729159641,0.4407107476972907
Brazil,0.4204589377631841,0.13709906376278025,0.26718863486892186,0.24016777712428083,0.26571059719339185,0.24528616424517677,0.3235910445457435,0.3303056954203405,1.0,0.6155173918016756,0.21131775408175982,0.1399867766838236,0.24093694975420302,0.139935080486964,0.12513677303345602,0.15682522360965323,0.467008409297873,0.2756116827440279,0.4387224811858906,0.31239154836515454,0.30646377504146033,0.18574943471381486,1.2395659093978437,0.4835863613764757,0.4459850982374645,0.38253707854771474,0.21174579444236882,0.15362024054606874,0.16883997673029247,0.6787560323410113,0.534814881041885,1.1288485408459072,0.14108008022714175,0.12599980579858433,0.2576054488274089,0.9003243465643899,0.6263854845542585,0.20236022453527336,0.1148533750170863,0.13755980180122124,1.1351245789521902,0.30991807194248944,0.3382578718125304,0.39618947754732087,0.42253817407969835,0.46912125366501767,0.633510979993173,0.22318055003080603,0.10085162902878125,0.13902739144778242,0.33558847908253725,0.7662461765160343,0.206441608180617,0.3541690347237832,0.21617269865140143,0.3384346310062831,0.18390844158716557,0.349372661960765,0.1810705357575789,0.30432116427997913,0.21043344039507833,0.21118404640052124,0.5133286367088146,0.5084495514022227,0.27921349727998585,2.594446557847959,0.1526751773483977,0.3758616623976884,0.5547715388383303,0.9000966628622249,0.13389148224418793,0.25012560232622344,0.3170408929984152,0.4543694555157653,0.5191363561551949,0.26401184044421305,0.3865556210208451,0.22029573140499087,0.5711204677270271,1.3942371410042458,0.32173521283324347
Bulgaria,0.3785322331843995,0.481663130567299,0.37058294040473466,0.670071885576323,0.36847908057274725,0.33607684145582967,0.9630074034537721,0.524572556975636,0.6155173918016756,1.0,0.39859231685475643,0.3308466180014222,0.3921925127898688,0.2908560391817298,0.32191376213366835,0.3100316489691541,0.27804551610212,0.41779974831551253,0.2361138848009304,0.4210943890457916,0.4511010121042762,0.40295998956015167,0.9476260462643512,0.4067693988391249,0.38097202897059,0.3407767815746521,0.4204726923100181,0.32907367742370897,0.405643534955543,0.5442515778799538,0.5858357694697486,0.5351209604031526,0.33400859825098256,0.3691554367841206,0.28332531358600677,0.43854216214747876,0.6042794387256321,0.3469800949862756,0.38057796858045073,0.3717428145026216,0.693869450855787,0.36430967456563706,0.36960120392933077,0.3448912105858379,0.22622839564190841,0.5334573749221431,0.40572162816936297,0.35297200861663625,0.3099366481228804,0.3690801425434544,0.47234584731143625,0.5539077936331933,0.3562955182149882,0.31795243531183726,0.28957849934666535,0.46261790094034794,0.39750385900085655,0.4717514919326992,0.3317489284211185,0.25755844920111837,0.4166975526326099,0.29155020661891273,0.6075443927103296,0.4316222052186543,0.2968677131907364,1.2822402915967879,0.33919094597401944,0.26421017699212396,0.2386393846264739,0.3901087901755876,0.34362541534537583,0.31632254317969427,0.3793992475503486,0.2831856211320434,0.586719378532941,0.4004068314469026,0.4621071258308275,0.3726640892716164,0.5068812566548889,0.7721802064606639,0.4653742565472699
Cambodia,0.4257846209088391,0.28828177922726955,0.26781550350266814,0.36547777313710844,0.23058131616392716,0.30100451594200883,0.4726636812578747,0.39191646726509555,0.21131775408175982,0.39859231685475643,1.0,0.1852966582038116,0.22735439004212768,0.2703274073350053,0.1829875420790885,0.23588239980988734,0.6648364197478989,0.22970628738336024,0.4969724434514609,0.29733974367725075,0.36254889233745013,0.2593593432720634,1.0889072242186943,0.4620362699858902,0.4031362289280724,0.4901968723255625,0.3083273213935099,0.2986718412168396,0.1515546550040277,0.6713096655708567,0.43610349393363684,1.048432146134987,0.17941917250356448,0.173499777305095,0.3113331999342749,1.0118285575833508,0.4691921308680767,0.16630023076601258,0.22108992115019588,0.11898245488547521,1.243121922440997,0.2651227241942964,0.28540236619636844,0.4284823826558253,0.48617912875000147,0.5216387676859608,0.5273269157004928,0.29403874857509227,0.2303781212553568,0.11072150691090422,0.4697127318162707,0.6403638020182799,0.1818917493841906,0.3504223899362665,0.27355440847496126,0.49988828143034514,0.23284760306079705,0.2373228307130253,0.24108663483331677,0.4691592270616058,0.1165256897518234,0.2994540851723969,0.44448903073085694,0.40222884904168593,0.3219044905903512,1.9201288119002478,0.14865034287626572,0.40074744851647776,0.6758096297929697,0.9346496236070743,0.16621657446913768,0.26433880588193515,0.354860685342796,0.4473632203094392,0.37919368363035943,0.26013659237101006,0.24582828617847066,0.20109444566188991,0.6387201458834731,1.2557749482562248,0.35211713205940665
Cameroon,0.3943668835311029,0.17996067991926473,0.18629615687102652,0.30303803239590116,0.1877148930995366,0.2049902870631378,0.44852884977009866,0.29986764039520647,0.1399867766838236,0.3308466180014222,0.1852966582038116,1.0,0.20122698152997226,0.09780718142028524,0.04228055542543961,0.06592989737032114,0.414259826104335,0.2608665235234063,0.3264838940521768,0.2506300271546764,0.3207721941254619,0.21655215710854842,1.165118997907807,0.3601103713786378,0.32647192665363,0.35362310427845584,0.24125925885556054,0.14895326977156537,0.1812525130711237,0.5869156351470375,0.4488984064409322,0.9111998275116989,0.039463853468641806,0.14027672372718217,0.14910524643240267,0.7693332737888685,0.5034234578024678,0.09904228322557412,0.19038522570494443,0.11220786397290082,1.0302509741510124,0.19575975921746624,0.20402383905597044,0.31323589297333615,0.32436470532906553,0.44945951421176417,0.4554747363536344,0.14174761525075064,0.10166228553451488,0.0944657358798765,0.39041574959556197,0.5447599669666475,0.07561471459480786,0.2350108745038033,0.12110269080286126,0.3871114471132081,0.1772977765316301,0.2663322456465595,0.11563510200918742,0.2808797346630923,0.18971012861540135,0.17106017521031996,0.505417445625172,0.3606847778236982,0.18119044689520514,2.06739078895332,0.054653982555734164,0.26442629388093253,0.44867878374647396,0.7537216527767878,0.07927387289723882,0.1852260189293776,0.26021935417838093,0.3074793428100853,0.42805502538358603,0.18302983136386425,0.3111874765062225,0.14362711284649057,0.5109961912910883,1.1126866894911582,0.31729181712233334
Canada,0.43664741479931746,0.29787663743771386,0.2729555538839693,0.41863963332712734,0.25784738853398614,0.3147273621152052,0.464515994131236,0.4064395694327841,0.24093694975420302,0.3921925127898688,0.22735439004212768,0.20122698152997226,1.0,0.22695216312987868,0.2280620952521596,0.2636776238690082,0.5857526185679961,0.3260440212051905,0.47412032855697567,0.2369942255523292,0.4428430431966365,0.29749445477825154,1.1997620664038222,0.5079475679254088,0.31464208306365754,0.46639033039568306,0.3488351041426878,0.2849319291256903,0.23209832697781455,0.6530449285158441,0.5829349604362566,1.0237804803049042,0.20415254423564086,0.21148525870221474,0.27335012404557507,0.9122464550052987,0.48827437466894613,0.178670511422545,0.2542887545273048,0.2027819150091387,1.1742325485676712,0.25345578947624814,0.28077625375622933,0.48204083345538074,0.45958434880508364,0.3563005579488683,0.5511756191146747,0.26976892752328796,0.23841688780522394,0.18284283411793004,0.468246323006691,0.6617368882778225,0.19352926655663277,0.33773054629930244,0.2739925251839424,0.4856545495881269,0.2378407038890066,0.34270214873047167,0.260773337964165,0.43359455899214855,0.2136301553563615,0.32551165393963805,0.5547654376146314,0.39726200535720246,0.24367554112428316,1.6381226645280529,0.18685755140429858,0.35564412312843174,0.5840310648837792,0.8909745156354364,0.19976485842303682,0.2271526588329666,0.2886110381631052,0.43673981746880597,0.4509385886799267,0.24765500633166865,0.37283343043692757,0.2516063319621018,0.5779503409388177,1.1573337076055166,0.3919764218113107
Chile,0.386034373178759,0.13814831449850215,0.19757775970549388,0.2927261662641851,0.21068810110151748,0.19248311781150787,0.421660753992214,0.3029156107535025,0.139935080486964,0.2908560391817298,0.2703274073350053,0.09780718142028524,0.22695216312987868,1.0,0.09471068273691545,0.09815836499360985,0.3402110377559908,0.29061070377645315,0.2954575751665765,0.2579445638834572,0.3373128100015221,0.2291973752992751,1.1894124280721101,0.3841908097760848,0.31415597026947895,0.31531433505925976,0.25649259701539495,0.12186531210912945,0.21808993847286248,0.5787094985052824,0.5089818445225294,0.9034578481546608,0.098282894551553,0.16324090623350093,0.14196205945148493,0.713878071779845,0.536352457196733,0.13816408207809738,0.19398539994297312,0.16239953090878753,0.9928215708509723,0.2311927801369521,0.2365594977019361,0.32222826505782254,0.28545927286604844,0.41156094883035554,0.48261241558752327,0.15134059785636164,0.09481974331838426,0.14844502018248948,0.3753211005776769,0.5871947993625805,0.13705235678133112,0.23830611936290708,0.1251917342478843,0.36747418905374896,0.19370731959439902,0.3234601663029953,0.1452219317214329,0.2187230286077924,0.23123621852192935,0.16033922561327868,0.5386649928827139,0.3861957118235447,0.150178794461108,2.0374915231237707,0.11367862890195747,0.23584710096191935,0.38495273441537486,0.7209808146347987,0.11844412819190035,0.16906859157599405,0.23340435815165575,0.30622537709034764,0.48089486716979307,0.20909209280041893,0.36576482004161764,0.1982050568653974,0.4789043401803301,1.1155025853452445,0.3387811097877469
China,0.3875929788352538,0.16663617831722896,0.19942576021969521,0.2818241446166719,0.18756343676888648,0.21179217068787798,0.44217772727861976,0.30793186032679215,0.12513677303345602,0.32191376213366835,0.1829875420790885,0.04228055542543961,0.2280620952521596,0.09471068273691545,1.0,0.07316768437446175,0.411627681854589,0.24130692717864735,0.3229670444236539,0.25510908953049405,0.31975456931144863,0.2157110219095405,1.1640223423274436,0.35251602291517437,0.3383152698062133,0.33695816002883283,0.23079345231509832,0.14879528852836302,0.17963131421971004,0.6032904803479973,0.45398324417475866,0.9193807078386382,0.05539747155099938,0.13285939931889726,0.15756118616952922,0.7738613859830805,0.5039437478694921,0.11751322585615429,0.18181926816260113,0.11057572401522166,1.0367689564227496,0.20914116784415682,0.21016181523691593,0.2938966584710959,0.3141674249513545,0.4638000177074175,0.4553013109657947,0.1585892385654012,0.08184648185349368,0.09799775937434753,0.3902906132966096,0.564585575558117,0.10854330778238817,0.23472446664712535,0.12265150685564609,0.3834933570650144,0.17914617119839252,0.2699726675468951,0.11260205204869793,0.267043488003003,0.18324764205545213,0.14212282933216389,0.49840297192686933,0.3719468479338485,0.19963698235220062,2.0748859833751,0.055060443086355326,0.257223292575191,0.4504165413447495,0.7488808543798172,0.06680530792554833,0.1818621861384773,0.26174594381184013,0.31061824121286163,0.4427436912697316,0.20219351001845634,0.3031424843494901,0.14989344633995436,0.5212972714142553,1.1372688098421009,0.3242441167260243
Colombia,0.40010355527698616,0.16147797979305642,0.1773395936052457,0.2898886624286232,0.19833553790925007,0.1649409609840141,0.4681241645835016,0.2867577518924665,0.15682522360965323,0.3100316489691541,0.23588239980988734,0.06592989737032114,0.2636776238690082,0.09815836499360985,0.07316768437446175,1.0,0.3569787843585599,0.2712564970942695,0.29467446730925473,0.2802325132778871,0.2989643649879895,0.23199363773364065,1.1481442198710237,0.34659719331979183,0.3433606453649801,0.3332135217968028,0.25346105676330694,0.1528155388985203,0.2095608118457605,0.5581358982876108,0.43288133664832057,0.8738588193012476,0.08030568401568329,0.1606987432495716,0.135350773719047,0.7184311271704072,0.5258669554146082,0.12826231062454588,0.20729039035075614,0.14586860459374532,0.9880292271074043,0.20246533162011046,0.22595062037775493,0.28186265793324544,0.29042818678269494,0.46519262845249826,0.4398560329571647,0.15140552910667857,0.10969262104319925,0.14047764868139984,0.38446380139515124,0.535529423608996,0.11626616258399776,0.23121183157034395,0.09969053261017946,0.38023252621203585,0.212877340585675,0.28195278733602225,0.1106734792087679,0.2342079059632375,0.2279487215702509,0.1583477802321652,0.5127005132112252,0.36643186121574034,0.1803222369605119,2.1003953680690532,0.10405256514870632,0.2605803151114733,0.40930106296753377,0.7028070386026772,0.1206155233195222,0.20400469961071163,0.28278778524410986,0.28277422879503067,0.44311119334822263,0.20732909841121389,0.32207539340820474,0.16095088817579495,0.4932265389687807,1.0902400996541188,0.31430646476194135
Costa Rica,0.44266524912729666,0.29404174571817443,0.3109154865505476,0.4416417333916995,0.3851921423293559,0.2243605882342894,0.6840569665813195,0.2981161710557409,0.467008409297873,0.27804551610212,0.6648364197478989,0.414259826104335,0.5857526185679961,0.3402110377559908,0.411627681854589,0.3569787843585599,1.0,0.43190608335265207,0.2818699509424171,0.4278041893716016,0.40489540296505583,0.35977362236212,1.0700584595456482,0.43786018849849306,0.4522669219719706,0.36232339287230836,0.3637888554253329,0.2725888334138936,0.3699061830244468,0.6135110332818522,0.5718536909798417,0.7870981703087687,0.29516182919069883,0.3311040656709786,0.28430671761607534,0.45311359564005715,0.7052845213135019,0.3360395900515855,0.34704522466784843,0.3463899923508203,0.8205660134993895,0.3882559424609577,0.38410669439721484,0.3378152129442287,0.2737711501237861,0.5385359720033216,0.5315449341427921,0.30284921531471964,0.2811900711993959,0.3412507678102091,0.4150690230932777,0.6188789311789658,0.32807518558791215,0.33052129111951356,0.2745244959847375,0.4040541385159982,0.35759641665098024,0.45697140321175395,0.2956244647733319,0.18634289148807695,0.400498930272417,0.2764125513100952,0.5960089969802574,0.5207244877227715,0.3104668383877858,1.5334880610578192,0.3203429027677793,0.3277764595389086,0.23620758010766316,0.5320799913079692,0.31875350947082554,0.36155282613599854,0.3972656170823693,0.348250531234988,0.6064790826279727,0.36122230350523493,0.5175376347132443,0.3619148990641342,0.48829942700812323,0.9947691742263487,0.4131082416053337
Croatia,0.415788033581532,0.34254713480932547,0.3406177505848203,0.4068803655940718,0.2762601561732498,0.3665999092859393,0.5612259086147784,0.45462467793701683,0.2756116827440279,0.41779974831551253,0.22970628738336024,0.2608665235234063,0.3260440212051905,0.29061070377645315,0.24130692717864735,0.2712564970942695,0.43190608335265207,1.0,0.5037335236234541,0.3487780037479089,0.44129688043883386,0.3611993501760682,1.047605174384242,0.4449029864637175,0.4843658757368338,0.4550294447877427,0.3423177456890882,0.34313409262873973,0.282552705204483,0.7605496044320746,0.5600103130028601,1.0259438260656484,0.30174881480817783,0.2736296668400277,0.3946993071907372,0.967870308936052,0.5575126196697058,0.314002580136419,0.2822552577652389,0.27662365721241483,1.2607212668149415,0.39067833799878604,0.36225729237576215,0.38265976651316924,0.47524060238735644,0.6377702479584141,0.5455347216030302,0.421019910924937,0.270566846471201,0.25648692555577124,0.5058479798747754,0.7351788181084401,0.34047598815390956,0.38139216093634903,0.3399160157027263,0.5416964999571902,0.31497869585418764,0.38942552261946956,0.2937047993404195,0.4319604235700811,0.2300511236506455,0.2863779655216563,0.4818678250478344,0.4691803213917154,0.4042825952075439,1.517437572887325,0.2659880045384247,0.4369866482754966,0.670452060440754,0.8708172886688286,0.265716085124659,0.3503377738119735,0.4242294051327076,0.5011675842185628,0.5311123630731398,0.42203571989815925,0.2501531088521844,0.31095602290044033,0.631384638676651,1.2830795521191334,0.4767531093630971
Czech Republic,0.31926787339615637,0.34705752870952683,0.21233106808211968,0.5524859030391096,0.20618104374485977,0.2167244310576486,0.8176083722628604,0.3467050569687005,0.4387224811858906,0.2361138848009304,0.4969724434514609,0.3264838940521768,0.47412032855697567,0.2954575751665765,0.3229670444236539,0.29467446730925473,0.2818699509424171,0.5037335236234541,1.0,0.3064035715472948,0.40515704953373993,0.3537851496235054,0.9335315166905463,0.2369965616804288,0.2811921943800292,0.27202627505868665,0.3539805194750724,0.23710101290948948,0.34060966075826515,0.4942905080063453,0.49365560810545306,0.4877269029366453,0.24182924464297115,0.30759945726993365,0.17245029949799484,0.4039362277238091,0.5132519354475302,0.24746934727133726,0.32846887127579705,0.29326850759363887,0.6974841102299275,0.24804796028846948,0.22399483964587322,0.20675566068962423,0.10920940760941605,0.4942815148612541,0.26254721969991146,0.2690604977256538,0.22336130143652463,0.2828945564350834,0.44920759773713376,0.35804884161960504,0.2491363056763473,0.18969411119934376,0.17617452902744335,0.4401022120847039,0.3267695538577439,0.38713823163655275,0.21513788523993532,0.21561916300119632,0.33694047286454715,0.18649719705983642,0.5571005466149744,0.295372644642765,0.19949779554513722,1.2957297784294548,0.2388282381513449,0.16249324019681205,0.17293065419217457,0.3588576694251252,0.24899181476164542,0.23866161672106226,0.2969330354944487,0.13193611934177027,0.48685815930669124,0.3111095354998711,0.35590974019075217,0.2640720299374657,0.42375251607578507,0.7797581355349301,0.4215417540226618
Denmark,0.4021871300620259,0.34287282521721935,0.2796793406329007,0.4997503633697532,0.23746913059784794,0.3473491407162044,0.6158160173370267,0.41171527651659046,0.31239154836515454,0.4210943890457916,0.29733974367725075,0.2506300271546764,0.2369942255523292,0.2579445638834572,0.25510908953049405,0.2802325132778871,0.4278041893716016,0.3487780037479089,0.3064035715472948,1.0,0.4956502626501481,0.35332693441873514,1.1111334747025576,0.39098714459522327,0.2619287680761684,0.3845310974441409,0.348852866949004,0.2745040896200303,0.29114568688408543,0.6691481430233391,0.6128385697817609,0.8853613342316786,0.24803466070937696,0.27913323579433097,0.26630459700578607,0.7677542120291079,0.414539723884814,0.21746509428709512,0.3041960925249462,0.25663993455144374,1.0606352530161098,0.24793296216454952,0.22911420387379278,0.3987424565044691,0.3666138906088253,0.4556792394220666,0.4311319466025254,0.30794429492877123,0.24458586189477474,0.24094975023396809,0.5066401220200648,0.5791978707840366,0.23730391822055372,0.2891384509433849,0.26478902526889314,0.5070373000547079,0.2924467759772889,0.3659452086505511,0.24712731202751462,0.3865836963734716,0.2440149139644176,0.28428212025643373,0.5419113266476431,0.29630415977629365,0.2691611322584047,1.24998956292585,0.21291684446989867,0.298511418879665,0.4890284684455955,0.7207809035685223,0.21197064842609886,0.21976109639532918,0.27567855973212557,0.3697561087918069,0.4719589342759344,0.2904129914269152,0.35459862913187556,0.2839913235530598,0.5439686571629018,1.0998402677719774,0.45728397156540923
Ecuador,0.5405121816436065,0.3419967902126714,0.39904522580289675,0.3696103506073933,0.4161920889674112,0.3494238399961832,0.4756520236611132,0.4485585536409757,0.30646377504146033,0.4511010121042762,0.36254889233745013,0.3207721941254619,0.4428430431966365,0.3373128100015221,0.31975456931144863,0.2989643649879895,0.40489540296505583,0.44129688043883386,0.40515704953373993,0.4956502626501481,1.0,0.3450404760940048,1.3162497678759526,0.7143414839847287,0.7421537380238711,0.6735601264773302,0.4196438109424222,0.45361951185443555,0.307052356206567,0.8962053534300843,0.46335013177802076,1.5061883628143553,0.41447464946779644,0.329686581780321,0.5600582285608633,1.336193616675462,0.7483525787666812,0.43312875288281233,0.32626015141364445,0.3250767340212661,1.438894927547181,0.530808064394998,0.6068468910485418,0.6402128011495127,0.7607880844603627,0.68669436113551,0.9065676581219625,0.47000697156019616,0.42650226052538687,0.3533010515524292,0.4173203361038768,1.0457120259143269,0.43793774308466654,0.6733567629436641,0.5036719357758714,0.49726470405231055,0.4279160869502336,0.472159824289297,0.4378342754688168,0.643017268859666,0.3758726722460298,0.5081288793380433,0.5007152774167377,0.72882881284293,0.5683992682539346,1.9741072714934904,0.41285121548327935,0.7094808471023007,0.9906648444890996,1.2997425546631445,0.3994379171499501,0.5369465618322985,0.594235294649967,0.7607559496455482,0.5381471595656385,0.46259844250023274,0.4745710081181251,0.39147115683247063,0.8629182742564904,1.9290095601169386,0.45473507611742287
"Egypt, Arab Rep.",0.46784556774144337,0.23693480304712183,0.33867537941636927,0.2713292873300091,0.34718485855259634,0.3180635053830224,0.33743022320173405,0.36712354414013826,0.18574943471381486,0.40295998956015167,0.2593593432720634,0.21655215710854842,0.29749445477825154,0.2291973752992751,0.2157110219095405,0.23199363773364065,0.35977362236212,0.3611993501760682,0.3537851496235054,0.35332693441873514,0.3450404760940048,1.0,1.3427000956382327,0.7120640717595123,0.6326374975975422,0.6268568689789735,0.21713010482664427,0.3165941282023489,0.15242711037193887,0.9060839333297738,0.6122597208222379,1.467653074629362,0.2804606406135586,0.20509501464293645,0.4546947245656893,1.176864957363843,0.7143994955881026,0.3421754900680685,0.15761357254636868,0.1991941973086821,1.3014802016695015,0.46979121213385355,0.5024036717216372,0.6384596505863318,0.6976478285208413,0.5778414490714325,0.8881249407639525,0.34801366303887266,0.30459650261935267,0.22123242888563063,0.3329962170263855,1.0017437526610937,0.3269815323361222,0.5556101311021989,0.4193410392879498,0.28696820799029665,0.21723214674544794,0.3981196703951414,0.37558211571573175,0.5497208402816548,0.24148022963141688,0.4170655342862977,0.5064406991942226,0.7072359523310501,0.48116470926752597,3.180810421479598,0.28993617917757625,0.587927672835982,0.8402837248344838,1.2320622921033404,0.2594042518899607,0.42568114321763134,0.4396922700212732,0.6925664411678574,0.5685061553912569,0.3508237524585992,0.5112277074393672,0.35958124380290374,0.8227919858028233,1.728540603735775,0.3698545015763957
El Salvador,0.7994711453146961,1.1386139085322937,0.9876208219626289,1.1372923536977333,0.8872137969507082,1.0939454596201,1.1906559851421346,1.1283879725877684,1.2395659093978437,0.9476260462643512,1.0889072242186943,1.165118997907807,1.1997620664038222,1.1894124280721101,1.1640223423274436,1.1481442198710237,1.0700584595456482,1.047605174384242,0.9335315166905463,1.1111334747025576,1.3162497678759526,1.3427000956382327,1.0,1.0530968557419222,1.2956671874359915,1.3602919293282614,1.488462457785523,1.6363074543916778,1.1390255216210414,1.5230629691316133,0.7494498068102948,1.345002532140738,1.4350188279624518,1.3493532119364178,1.5688551168748723,1.6780991431466687,0.8368016265976324,1.271301971764413,1.4052548489907433,1.2057760322007214,1.9381541314000164,1.1954999022183992,1.1534682752802936,1.178835982294777,1.4345062520232867,1.8759835204489586,1.0144304873793302,1.6003366153444314,1.4881723653346504,1.209596201686106,1.372073063327658,1.0518557214679622,1.323347105371291,1.3139504294566022,1.4773152112584467,1.5560366562199441,1.3963670306479374,0.9086120894789901,1.3541281415311313,1.7232494724560847,0.9703837643674809,1.3447633349145671,0.6347117783768399,1.007628179240171,1.6124870594877376,0.9054066509917136,1.2851320207829806,1.3841694480846933,1.8277098980803146,1.4152723464550023,1.3097853539731419,1.3576841831487028,1.398702000769585,1.3871409224394222,0.7010308322926156,1.3966018267482478,0.7067810001530107,1.1532423120753996,1.4302135226085964,1.5609005181317706,1.1572914782628814
Estonia,0.32341589864231085,0.44096669562849905,0.3103532965346961,0.6179207031061734,0.26736299009224546,0.3413205219902124,0.9252893206597651,0.3781842498927789,0.4835863613764757,0.4067693988391249,0.4620362699858902,0.3601103713786378,0.5079475679254088,0.3841908097760848,0.35251602291517437,0.34659719331979183,0.43786018849849306,0.4449029864637175,0.2369965616804288,0.39098714459522327,0.7143414839847287,0.7120640717595123,1.0530968557419222,1.0,0.4100073269784013,0.27389700977545883,0.35175100695271494,0.28682203221746266,0.35998243540299557,0.6990406486150049,0.47492240875509284,0.6271914864483833,0.3026635084914273,0.3400063450683625,0.2703558780819376,0.5324076550144629,0.48105741866212004,0.3172638831642578,0.3682836871910349,0.31987005575003025,0.8641071418293846,0.308223820417786,0.2603743153551541,0.17415302370572033,0.23686169969853593,0.622895887305423,0.3053017814125959,0.32793993867961163,0.28787494563469185,0.3147198020004846,0.496725158679584,0.3563025982589384,0.3033449364188912,0.2866818990634554,0.25763740023788834,0.48254505136148973,0.3610721030880993,0.39783606360496815,0.25032116284357786,0.2942012396925618,0.34694326252318114,0.22484624642340487,0.516051873061624,0.34268856930612474,0.3295769762678406,1.1789145627289555,0.2819462411642555,0.2729550522028838,0.3613420302520881,0.4765223558293958,0.28114388669458334,0.3357367996975022,0.34966498727596196,0.2695940085578782,0.463137442793067,0.3636137203814414,0.3292954504858912,0.2876893523211041,0.5221059923766452,0.9970169060594988,0.48213965820440174
Finland,0.36730953037090197,0.4379276918244269,0.23716593029765445,0.6311450073822168,0.18030722899261464,0.354535757829011,0.7905477753257775,0.47683552856800787,0.4459850982374645,0.38097202897059,0.4031362289280724,0.32647192665363,0.31464208306365754,0.31415597026947895,0.3383152698062133,0.3433606453649801,0.4522669219719706,0.4843658757368338,0.2811921943800292,0.2619287680761684,0.7421537380238711,0.6326374975975422,1.2956671874359915,0.4100073269784013,1.0,0.4006586536818967,0.4060586484692292,0.3057503709168174,0.35011533252611843,0.4967208561245823,0.5702224045903617,0.6351257913568477,0.2545076753353008,0.3236320473134857,0.22400048140552475,0.5950208460158593,0.38922318218942226,0.21364541300418102,0.35422450113259146,0.3047239131987476,0.8183098510890223,0.230676858480231,0.18846144590079297,0.3692282910562057,0.28798106779951493,0.425785083082195,0.3030443566351078,0.298616596097281,0.26625136857935106,0.2812246911881487,0.5228553177662683,0.44057290423821277,0.23991202721326765,0.19520553376102515,0.24485295270029114,0.5167603237010167,0.3294617030904718,0.36577706929356457,0.2759707182051377,0.35439443331817105,0.3047141427768862,0.28436897006879897,0.5882329268945009,0.22145914956946872,0.2048703078096724,1.0419833626286,0.23710065747641004,0.19733267958166356,0.35610265279780406,0.5462705096029834,0.25310216317716416,0.1755326647269593,0.2814500909214504,0.23698105065017996,0.4755987552540588,0.302993335990288,0.3565528340220501,0.30073847795866365,0.49642648442782306,0.7942187700445645,0.4551494663426374
