Country Name,Albania,Angola,Australia,Azerbaijan,Bangladesh,Belarus,Belgium,Bolivia,Brazil,Bulgaria,Cambodia,Cameroon,Canada,Chile,China,Colombia,Costa Rica,Croatia,Czech Republic,Denmark,Ecuador,"Egypt, Arab Rep.",El Salvador,Estonia,Finland,France,Georgia,Germany,Ghana,Guatemala,Honduras,Hungary,India,Indonesia,Israel,Italy,Jamaica,Japan,Jordan,Kazakhstan,Kenya,"Korea, Rep.",Kyrgyz Republic,Latvia,Lithuania,Malaysia,Mexico,Mongolia,Morocco,Nepal,Netherlands,New Zealand,Nigeria,North Macedonia,Norway,Oman,Pakistan,Panama,Paraguay,Peru,Philippines,Poland,Portugal,Romania,Russian Federation,Saudi Arabia,Senegal,Slovak Republic,South Africa,Spain,Sri Lanka,Sweden,Switzerland,Tanzania,Thailand,Tunisia,Turkey,Ukraine,United Kingdom,United States,Uruguay
Albania,1.0,1.8546936849147289,0.5645810673607263,0.8902971085729865,0.4376316031001495,0.648766580857928,0.9868230042379624,0.7117931698249227,0.7694284401492764,0.49120127302018374,0.7073158121777766,0.6628069032679715,0.6681034529311564,0.6459905635686454,0.654702330431169,0.6753208804780846,0.7294895241834303,0.6314374961899926,0.4339026518923718,0.5699009614220922,1.0108440828406287,0.9191349606205753,0.9532657257812365,0.4313274318319503,0.45164050158589625,0.6235275365274411,0.919631284018681,0.6817684372790269,0.8663237598893573,0.6723107850683633,0.8810689843726451,0.44755524470836744,0.6868264815708395,0.821858243546968,0.5325293556226093,0.6214768945498491,0.598477421627904,0.6144973106659054,0.8666695738390101,0.7573753384580674,1.8760990249794378,0.5357510039543316,0.4691699563628744,0.5436190296229788,0.45975679415912174,0.7929684365528138,0.41319812063439,0.7034141414407521,0.649069060262443,0.7122378249324146,1.2513235519613073,0.4774146532672426,0.6291842567091448,0.4832830761686618,0.5720626318832659,1.2488535664214868,0.7741199750884407,0.7774312322641723,0.6169523273993375,0.6328828069251229,0.7364435556416011,0.5645122010077863,0.9871454734363198,0.425968325879534,0.5159775794423485,0.9046749604399918,0.6252903389350083,0.42482440085435214,0.5060791672058058,0.5056454552049591,0.6433528024819771,0.5525751817531868,0.5836633657905633,0.4182809253876556,0.6677637535060423,0.7259875773309691,0.5398466801743114,0.6198432621218966,0.6960426713077733,0.6797339432984284,1.0955317730881446
Angola,1.8546936849147289,1.0,1.9359440562144827,1.9688827679975058,1.9288433544924628,1.9582460264219363,1.928177870134831,1.9264475298439414,1.9816407481529243,1.914481398930888,1.9211393341431315,1.9718747324584833,1.9276638727986413,1.984455121541411,1.976124017287167,1.978230340337867,1.949659422989122,1.9126412695188395,1.9446953516401022,1.9257580022744782,1.8739612811156623,1.9323024764608976,1.548202881595035,1.9149432916583522,1.9109962763825747,1.9489041809462564,1.938812101474644,1.9838488723350458,1.9239868843951633,1.8484411861772283,1.8043744586934718,1.7809489315222895,1.9694668190690505,1.9542888750645608,1.9681538859206273,1.817783623106144,1.828705789464261,1.950768656547308,1.949711842652886,1.9509427606503578,1.087625910273467,1.9354220449066792,1.9336251012150067,1.9420444900077272,1.9519133849956207,1.8603809330793872,1.8852103989666222,1.957327580857899,1.9843670227811159,1.950554966701696,1.8198666241811423,1.8450654160724589,1.9516671250200848,1.943995549987605,1.9718871741630664,1.8615779174882545,1.9387846146178105,1.874466132503151,1.9690146044475716,1.9802915371066454,1.9163096818524035,1.9806873476901805,1.7150749237813256,1.89059376256183,1.9522288922103745,1.5424646286135562,1.9639601607296004,1.9519455237242351,1.9294730789265742,1.836045505869039,1.9690837000770867,1.9514965563725892,1.942162392485416,1.9308397627382186,1.8098931857727225,1.9312629262268262,1.8774599182357161,1.9405317167349332,1.8773569965102042,1.73320404608473,1.8622235155435327
Australia,0.5645810673607263,1.9359440562144827,1.0,0.6965686209103542,0.22458519602368338,0.2962200939694017,0.8813219493391106,0.47368914866944534,0.5356481482557668,0.5078680434574665,0.5030933177688544,0.34463814085194755,0.46852406992876,0.3594400724655654,0.3738288308251177,0.3259716293368103,0.49403141555210306,0.6191684971118003,0.31620698462730196,0.4505399841747961,0.8096523288763338,0.724146943565589,1.0139664425591408,0.47482308931516354,0.32935206488150975,0.5994658682860622,0.7445376610553739,0.4832989041676749,0.6552044050716639,0.5723580490420487,0.7536330883182233,0.6297107563705691,0.3532280121287014,0.5610048938618812,0.21533483257757785,0.5993402115717301,0.6379612592954271,0.32288225810600935,0.6828851835670415,0.5068748052246337,1.8516137848588097,0.29247556549096865,0.2625074924490295,0.4938082880429418,0.3601092001759349,0.6587961435195907,0.3695585800589191,0.3685238894222381,0.41680445246012404,0.47035669395428575,1.041888769883649,0.41621614250055516,0.30150162706022854,0.2630311121422523,0.26505360820290563,1.0238909480229854,0.5608289886756977,0.5246493962615597,0.35185080552613845,0.4845934411516638,0.5991475158393356,0.42506107795849457,1.0529394767060662,0.33951357684629224,0.255364642255823,1.1048205472374641,0.3622159380479471,0.29320846767681147,0.3849069665993464,0.5820160823960114,0.4228001291333361,0.371518182972571,0.4826547301169456,0.21285818393599207,0.658945042430179,0.435507882029996,0.5653770263460495,0.416448281129711,0.6252790241854341,0.7459882782918152,0.7345966213956368
Azerbaijan,0.8902971085729865,1.9688827679975058,0.6965686209103542,1.0,0.7004807261296698,0.6160834126059591,0.6154081462979748,0.7255705897129798,0.4415665946799523,0.7376527990216408,0.660689911110307,0.5210385405597941,0.7156934955729121,0.48938208399968447,0.47999991785187707,0.48658559392048645,0.6156719338146903,0.6452670306355486,0.674199427484352,0.7499948719290803,0.7061586868238182,0.5495185621706182,1.3459686657086012,0.728879207384256,0.7924712448176464,0.6782961475369974,0.5421400509062165,0.5093961486146434,0.6192747283408234,0.913204054680479,0.907413733608397,1.0703442986106455,0.5209680894818127,0.518747083929627,0.586798380731101,1.0086194870443514,0.9296675287773946,0.6299139044526013,0.5309929465811948,0.5629016448738982,1.5747995463910638,0.6974636378392515,0.6824495878892479,0.6094710628283239,0.6656400723960673,0.9152370179821424,0.8193532385883815,0.5809889488065637,0.44333700649789476,0.5747109131034375,0.8391309023848305,0.904065082007303,0.618873491807446,0.6447793318772335,0.5729360021505187,0.6814102523504059,0.5714493998237464,0.7453169034925419,0.558220308034683,0.46999917047542883,0.6600304278988378,0.44654023760136424,1.052628656759759,0.8352201144483268,0.665253847266311,1.3552241064764814,0.551536632139169,0.6288057023160961,0.7291972539723177,0.9645541275611117,0.5149644799821623,0.6455162478249944,0.6708626753178135,0.6987129851370736,0.9569332380905767,0.7170580609527729,0.7773215384954358,0.6348006587612639,0.9207870120342977,1.09454173185934,0.7885270281182638
Bangladesh,0.4376316031001495,1.9288433544924628,0.22458519602368338,0.7004807261296698,1.0,0.41882003096449144,0.8586629606914472,0.592094523064024,0.5006251159446151,0.488191121340307,0.4024422579666915,0.326578040762132,0.41468614608596793,0.36272113466357964,0.3302620052529909,0.34364319046762876,0.600600989146564,0.466772901980384,0.29378115119068815,0.361793413730953,0.7796384430005252,0.6941777167902206,0.9279130397827435,0.3907880816742524,0.23730557440914005,0.5607096716121591,0.7100535758304487,0.47574342108351153,0.5913879794946122,0.5468071326901186,0.6848038221381115,0.5978642252377616,0.3350091860768654,0.5188763903450837,0.22691613149486634,0.6695197066580364,0.5144826223892953,0.26537334585646377,0.6236239983111657,0.44757900148066837,1.8332965299302013,0.22709602044628813,0.15460055283206214,0.43127364954613345,0.34166324055330055,0.6390015786353073,0.2816018542890672,0.3950062533893736,0.37267043913669085,0.402105894452707,1.04332020582836,0.3830139624006971,0.27879015433380494,0.2057595220699264,0.26077637944618104,1.0456568510755155,0.5178944684249658,0.453272525793326,0.32540759060988933,0.5091782774551923,0.4844458550448942,0.36179058205895237,0.9135006152605835,0.22332737791524948,0.24045722187302523,1.028808180137375,0.2942370510139274,0.23570497340993513,0.4440288387327502,0.5970213014624326,0.35362043098115864,0.26363409884831634,0.43697227548440304,0.17179092258921885,0.5512866706594655,0.43473969003653157,0.3868532856755531,0.3321519712852622,0.6362936777472668,0.7119792695613829,0.7463309119708995
Belarus,0.648766580857928,1.9582460264219363,0.2962200939694017,0.6160834126059591,0.41882003096449144,1.0,0.8185509034262652,0.448371530432543,0.5241091326885338,0.4586734122208708,0.6120910921240542,0.4059437510131189,0.590795855127072,0.3728325238772792,0.42260302642265374,0.32137795239415523,0.36551763584329605,0.6972796989551412,0.328308099452071,0.5991436932818172,0.7439108105029408,0.7388497206869733,1.172304322163825,0.5231884980407172,0.5204523352121871,0.5642423049575462,0.7721324462496351,0.4554418592791966,0.7268440172148847,0.6020018643578361,0.7697791364000169,0.6654953635811599,0.4352243336612298,0.6151876386499758,0.2867234524426812,0.5955665728992293,0.8060713012626772,0.4365178092820114,0.7011233089105323,0.5744267852109681,1.8334326202697873,0.4114470747596962,0.46786039304055665,0.47615734050316816,0.35478834033380624,0.7638518414891801,0.5194733664694844,0.43587210345659616,0.4403070483035345,0.5638596144004863,1.035981988883678,0.5718468927587724,0.42640844082021073,0.41884117958198347,0.30769164371204744,0.9967178307523239,0.6754638553605565,0.6896114584810277,0.3984685886629943,0.36850551299648393,0.7196858181544218,0.4251219714161942,1.1497257711251003,0.5224112438887235,0.3470483725096669,1.2786822411703436,0.4620608813981241,0.4083247360347317,0.365390386948627,0.5813112288273811,0.49441720427008223,0.47648419299335115,0.5819929987402503,0.33603643614944423,0.76845767026805,0.5294975811089395,0.6695510319134718,0.481246628828967,0.6560411550774679,0.8021131696700939,0.8014481648377629
Belgium,0.9868230042379624,1.928177870134831,0.8813219493391106,0.6154081462979748,0.8586629606914472,0.8185509034262652,1.0,0.8966659861362207,0.4958548009147961,0.8364537480369478,0.7563999664736439,0.6728021798539549,0.6766215183484656,0.5983314112617973,0.6513380348038368,0.6839716741998771,0.8227150659793921,0.758790699756835,0.831326606035457,0.7949507795745259,0.7932946134875573,0.5901288054078908,1.3370309129734657,0.9301436887015309,0.8664081642834294,0.6921969300017684,0.6211993134298269,0.5792875294806841,0.6438591707931137,0.9591727361059567,1.055186856866818,1.1719095098123982,0.6654480383554912,0.6100085830503641,0.7299221981223276,1.1555103444083974,1.0398389748271342,0.7355803730339949,0.5099031566561398,0.6464326715373708,1.4741318822505407,0.8049981834235467,0.8332708407799939,0.836306915183227,0.8136070062981967,0.726937003477542,1.0172800161479618,0.737859399297928,0.5783891976115911,0.6532377425055367,0.6901428392440726,1.1053143107594665,0.7438311421002304,0.823105098244007,0.7020298905994629,0.6532522932322474,0.6253720803640928,0.9484690473671127,0.683892371491912,0.7001308686512348,0.7156019591353716,0.6541590327038086,1.0314476183530563,0.9644640304984655,0.7297845319244011,1.3657619962662202,0.6768786822988224,0.783760469079393,0.884591356029791,1.1043170310739152,0.6500446475812857,0.716060247663176,0.6889382642990163,0.9035528597358857,1.010790355758493,0.7571258985987299,0.8863925997973946,0.7313296189103243,0.8359201134355317,1.1800321220018288,0.819428858769581
Bolivia,0.7117931698249227,1.9264475298439414,0.47368914866944534,0.7255705897129798,0.592094523064024,0.448371530432543,0.8966659861362207,1.0,0.6722394821374837,0.7022005780755394,0.7563349526768698,0.5621504648495933,0.7244652575115907,0.5602126361442288,0.5815268527167764,0.531960953374697,0.46855753422362195,0.7983197789598735,0.48901006168316774,0.6455250408931977,0.9487865387931028,0.8137409477745429,1.181825670448981,0.5153138959729728,0.6571414068683223,0.5806195811243071,0.7373795033431351,0.5278156189903409,0.8106430972110483,0.8155164990490342,0.917612174159111,0.7734032073234213,0.5897491301657423,0.7457695420444882,0.4772128509209446,0.5941558773361175,0.8831653268493704,0.6245476540538408,0.8252658201183963,0.7080401605318465,1.8005408113681103,0.5766952777423902,0.5311510811116622,0.5095458750160914,0.48390373219518285,0.8799236260509306,0.6025442723230465,0.6125499296257697,0.5831503365607844,0.6834304128172871,1.0844737084065805,0.5929010171073068,0.5794437779083231,0.508842846512176,0.4788223839621988,1.0238893744040112,0.7193301895440656,0.8192550387456993,0.49558200323202917,0.5013873960047502,0.7989787241361601,0.5209290566927358,1.177457190332134,0.646515120307108,0.5604193821981804,1.220259175687721,0.6002902990079122,0.5237361029746023,0.4869750759762344,0.6215583090022841,0.6151530466195991,0.6934622865716855,0.6189231020503927,0.5260625948985268,0.871060124710159,0.6449994721556905,0.8047601183834422,0.644317630404171,0.6165241325621819,0.9486197174554226,0.9279295732820346
Brazil,0.7694284401492764,1.9816407481529243,0.5356481482557668,0.4415665946799523,0.5006251159446151,0.5241091326885338,0.4958548009147961,0.6722394821374837,1.0,0.6933399685719952,0.3687356495827425,0.2365055823464473,0.3916417031492544,0.2293956058517039,0.2113141243692213,0.25947558801918774,0.6386610083698162,0.4356082842145213,0.5571608051750991,0.4608640874853879,0.5443945416119487,0.36185275312688087,1.133951291648488,0.6127956362888716,0.567860271411134,0.5304288491159729,0.3979078177292347,0.2582800162833605,0.3269389260287543,0.7331229183661065,0.7634167222346334,0.971034201931056,0.24014022879029243,0.233284668940984,0.38210458665942854,0.9646996294422905,0.7662272348117447,0.3265932694068222,0.21782482690438099,0.24954708286147992,1.6178394243876852,0.45050719632941505,0.48089463556195844,0.5404494464800066,0.5474414694942517,0.6516573681474908,0.6966502156459619,0.36361142801297147,0.16809979357603377,0.24768713916045937,0.6738536575389347,0.7946543398635423,0.33724259416697105,0.48885359851294713,0.3321331806591611,0.6695915836184043,0.3297755105919681,0.561645059558749,0.2897744997681495,0.44774878123138784,0.379814113108107,0.3278747708170913,0.8699178963724957,0.6202488000386419,0.4046828544276694,1.2634933245327042,0.2556333310206365,0.5041695514884139,0.6709414629263971,0.9074967480878765,0.22849503794004525,0.37463153940909966,0.47700609974614666,0.5702896461790571,0.7259817109470313,0.43235527244273975,0.5551962893057194,0.35331094523911827,0.7017050097149606,1.016114145263213,0.5861812916735264
Bulgaria,0.49120127302018374,1.914481398930888,0.5078680434574665,0.7376527990216408,0.488191121340307,0.4586734122208708,0.8364537480369478,0.7022005780755394,0.6933399685719952,1.0,0.7725571663014194,0.6383719544640544,0.6986885707182565,0.548988611899607,0.6193329692349971,0.5938060060366634,0.4809031482354896,0.7265770033966428,0.34553965611640136,0.6803423724142026,0.9725016994450341,0.9274645041708525,1.1948796273920592,0.590464791254096,0.5148750164215846,0.5581377634632172,0.9338432947277984,0.6489551593743651,0.9054011516465742,0.649622100504562,0.9504701212550073,0.5186031008401529,0.6467229570643387,0.785153923074905,0.47435840434303994,0.5488400153494997,0.7581554707405106,0.6233228390834371,0.840688118471234,0.7662153212529302,1.8751477016638045,0.580806625879637,0.5700107759071156,0.5493675778159133,0.33989714769833523,0.790058228555927,0.4954044500387986,0.6612318887620154,0.5937920103598089,0.7421197081293744,1.2196734383547032,0.6287655500290713,0.6522878168350223,0.4857938768569112,0.5054068569008219,1.1827118566026313,0.8095698937637685,0.8383741179768996,0.6080277440901894,0.4615840184999658,0.8332850703480615,0.5195808647178041,1.181507459514993,0.5615108752010294,0.4785078247399039,1.1065044758605285,0.6362126192992893,0.39267460129121995,0.3454170742506145,0.4718381089797961,0.6622469416719422,0.5178878027186863,0.6239635269280936,0.39638572367985553,0.8919579540164339,0.7364108736020643,0.7177929904348364,0.6709405207775293,0.7063209469438351,0.6238784407408221,1.0068913842201408
Cambodia,0.7073158121777766,1.9211393341431315,0.5030933177688544,0.660689911110307,0.4024422579666915,0.6120910921240542,0.7563999664736439,0.7563349526768698,0.3687356495827425,0.7725571663014194,1.0,0.276797056181031,0.32325200340405696,0.3958407117004804,0.27728156501847817,0.34545550889814414,0.8183375907039192,0.3457850340455219,0.611728736275872,0.41183675719890733,0.5432404681370798,0.43196667885587214,0.9180685053342387,0.5949251848436021,0.48689097276300497,0.6732363570616241,0.5192488789851064,0.4526912792612019,0.2526881247098706,0.6710707669110006,0.5622382827701943,0.9290157810003988,0.2692649924454772,0.28056080317273063,0.4211271049915273,0.9962948978100071,0.5754806280563965,0.23789831482677434,0.3680067110510666,0.18868485815464361,1.6527385199053057,0.3515420794289021,0.3805197787762234,0.5826909766005339,0.6160291760959096,0.6235253722853451,0.6039361196384203,0.41789166683641676,0.3494058949146931,0.17308338280591418,0.7692161582548027,0.6793687455982839,0.2606579888054325,0.4587442323870167,0.38294108221283557,0.8283079011578842,0.36603182944846974,0.3364881687651829,0.3513398090092234,0.6456997422593334,0.18694423114617859,0.4414292952987163,0.6874332483674784,0.47779208561470515,0.4205139969367891,1.1872028807458375,0.2229348151517034,0.518863753675535,0.771755838187295,0.9307922981655878,0.25548687193739245,0.3654886411187257,0.4959868967318097,0.5411245076055443,0.4760617992800473,0.3679552251143448,0.3386779784625369,0.2887388213392902,0.7277682234292228,0.9625159020137409,0.5243994823346886
Cameroon,0.6628069032679715,1.9718747324584833,0.34463814085194755,0.5210385405597941,0.326578040762132,0.4059437510131189,0.6728021798539549,0.5621504648495933,0.2365055823464473,0.6383719544640544,0.276797056181031,1.0,0.3313139894995189,0.16560438572818162,0.07390215779329436,0.11253763842055664,0.58889186328106,0.4374484059894954,0.44288719730443105,0.38317774374362457,0.5866717240672407,0.42905135635463343,1.0540583000838089,0.49508315631588257,0.43255799846327886,0.5306379467034901,0.4687388827933247,0.25925304278987293,0.3563161317119427,0.6616711747440999,0.6661843876806853,0.8471304142691086,0.06880586636878165,0.2662349695953225,0.22945233293546705,0.8396724558690106,0.6505934485118061,0.16352477321401523,0.3726086311787444,0.20792013155460337,1.7106930811812633,0.2937133962572102,0.3009859845749879,0.4657376625501748,0.4513883500825507,0.6233034696797586,0.5493612210876654,0.2352331762497621,0.17676039778378785,0.1716590594011695,0.7913364483490956,0.6109331973623754,0.12546030397910227,0.34101410362522216,0.1935982940701531,0.7796629749676508,0.32323746206719567,0.4362443737910863,0.19246037090944618,0.439470386168583,0.34976119777185904,0.28221197294337697,0.8804135082144589,0.46211922586833176,0.27022173033200253,1.1967439312662005,0.09413768587024626,0.37579605473175864,0.5703803980078619,0.8067219425742487,0.1396983934525774,0.28921005653338044,0.4046157672089045,0.4101977516124593,0.6047927646416614,0.3019782206451324,0.4719044338672854,0.23716821331658725,0.6472487952679039,0.9175504377245747,0.5780628881585214
Canada,0.6681034529311564,1.9276638727986413,0.46852406992876,0.7156934955729121,0.41468614608596793,0.590795855127072,0.6766215183484656,0.7244652575115907,0.3916417031492544,0.6986885707182565,0.32325200340405696,0.3313139894995189,1.0,0.3386653410648338,0.3549555740762645,0.40055263638478195,0.7488537996630678,0.48632809168270547,0.5935302904892831,0.32359613648999397,0.6951166437092564,0.5099734644115252,0.9767773050491118,0.6580849714223825,0.3802762501300836,0.6274949126417779,0.60369411995402,0.4390311335114322,0.3954003776204251,0.6667463789948012,0.7828563940828777,0.9039416906660492,0.31650311727973307,0.3494828499317883,0.37712811815036,0.929885591599569,0.5838490868610933,0.26105893351632087,0.4288103410584492,0.3292561266361114,1.695277507693227,0.3393389898797965,0.38021748006227857,0.6635378383105144,0.5853056220097868,0.41682636440063964,0.6339793316831632,0.3995448368170665,0.36651513522383317,0.29262916297656644,0.7902253102732038,0.7382408806654339,0.2860316996184351,0.45189840134187725,0.3930279965644217,0.8270448771715815,0.38342078385642125,0.5070417423509984,0.3874781315905269,0.6025587935322567,0.34550775491775093,0.4837062994058156,0.8289447541473172,0.47048329119345983,0.322625410678914,1.1117173683958081,0.28618476854229713,0.46237644665680994,0.6802687092655985,0.8800588024151229,0.31199173424236687,0.31558581589960116,0.4005213789388519,0.5405843703593533,0.5607630733322173,0.3631307375278199,0.5053689852543006,0.3691617863813927,0.673204239450419,0.9504789779717286,0.6235052938829648
Chile,0.6459905635686454,1.984455121541411,0.3594400724655654,0.48938208399968447,0.36272113466357964,0.3728325238772792,0.5983314112617973,0.5602126361442288,0.2293956058517039,0.548988611899607,0.3958407117004804,0.16560438572818162,0.3386653410648338,1.0,0.1708375546311744,0.17386919983805665,0.5019542720055972,0.49209787012929873,0.4057093381749317,0.40028933737209077,0.6486126045161609,0.47421356295505657,1.1345697600731126,0.5294658590153827,0.4205547995592444,0.47275028460689233,0.5164747266469613,0.21834406511424248,0.4468528876090111,0.6678049946672767,0.7833930071884608,0.8291351512082581,0.1777932352931323,0.3211806712013973,0.2245567440501774,0.7989277646866535,0.6837737858802235,0.23561872585363117,0.39256696075459496,0.31237616125119677,1.7242175219855829,0.35630619737755953,0.3560411317303165,0.48138167620707856,0.3996056653948705,0.5853077174939236,0.5774709173300191,0.2620044832959574,0.169346560204249,0.27977480350413453,0.8028938823125867,0.6623392557708081,0.2363309989517237,0.3514359394985229,0.20573729043603417,0.7778163033235758,0.36657893037654493,0.551118806025736,0.24901858393023255,0.348973176900093,0.4393050331807729,0.268414884375553,0.9610593303427731,0.497902498487091,0.23003117126710648,1.185022438211792,0.20192669714156147,0.33775638261957247,0.5008105253450208,0.7757433221063106,0.21492923575225525,0.2686485026085244,0.36710136736997845,0.4143942299083482,0.7005052335221442,0.3598321231422635,0.5600808678987428,0.33910496619511743,0.6165120403530853,0.8997636762184494,0.6557626724025413
China,0.654702330431169,1.976124017287167,0.3738288308251177,0.47999991785187707,0.3302620052529909,0.42260302642265374,0.6513380348038368,0.5815268527167764,0.2113141243692213,0.6193329692349971,0.27728156501847817,0.07390215779329436,0.3549555740762645,0.1708375546311744,1.0,0.12444786354242757,0.59026115593795,0.39963212098083944,0.4349485437211849,0.3879901582157494,0.5829973629259327,0.4278513516024923,1.066111861263926,0.47745075676542387,0.4446630982197125,0.503433472336501,0.4471172613159726,0.2592381347304484,0.35237290022327167,0.6759452865817529,0.6615751131188443,0.849966425855051,0.09626779749250428,0.2514253986737759,0.24142059897324966,0.8483834640965361,0.6387616437352411,0.1931858236128718,0.35560418850691794,0.20409114341026044,1.7010412497683656,0.31148769876948684,0.3069320267971516,0.43098523039997727,0.434330105713597,0.6472127121437651,0.5391484115187524,0.2627116275733047,0.14180326391044307,0.1774424616146793,0.8015139926015157,0.6180169475477831,0.17952918356831654,0.3373350609334113,0.19509223666573394,0.7808398627595871,0.32620710538191783,0.43690698352739554,0.18645822078767482,0.41807893143908487,0.3356331306154411,0.23261800993646226,0.857985022515759,0.4708201347757726,0.297169203292447,1.1972832613284907,0.0943475813963555,0.3623628876400109,0.5735497317865993,0.8043861217418273,0.1171057504211635,0.2820644767688745,0.4056874427582285,0.4094974622302605,0.6194878144664547,0.33295988754784456,0.4528175024196921,0.24591272342634785,0.6615663015171689,0.9180753576570084,0.5918284529850946
Colombia,0.6753208804780846,1.978230340337867,0.3259716293368103,0.48658559392048645,0.34364319046762876,0.32137795239415523,0.6839716741998771,0.531960953374697,0.25947558801918774,0.5938060060366634,0.34545550889814414,0.11253763842055664,0.40055263638478195,0.17386919983805665,0.12444786354242757,1.0,0.5244727353439297,0.47199665097970994,0.4113811814766321,0.4464790595381606,0.5704473198107253,0.4828758901004723,1.0919212806651606,0.4900419659419252,0.4699131076264085,0.5185849563601841,0.5150647468992213,0.27781672945845254,0.43213437302110275,0.6499130187802901,0.6642108029497734,0.8241494683670155,0.14567527491174484,0.3183989417836188,0.21564046867147052,0.7997784579935211,0.7006237029237439,0.2203697021176772,0.42537239681541605,0.28229095333630866,1.7266332725788078,0.3148081539024016,0.34433871031277846,0.431227326245221,0.4161058407403857,0.6793103543013561,0.5401560643462605,0.2611475285822165,0.1984134826912619,0.2665315005103633,0.8255830712683909,0.6089001025954278,0.20076443553772388,0.34561485935778596,0.16505614932554205,0.8097562553300626,0.40594380119577866,0.4783587994422604,0.1911501965241891,0.3794591232124474,0.43975621316322694,0.270557245786735,0.9425006312262283,0.4834798683241496,0.2791822047524751,1.2481976885804338,0.18643247031306354,0.3816260616315589,0.5351478916112311,0.7681547348341947,0.2214166713346462,0.3306671659426528,0.45873021505582723,0.3867407077140942,0.6535447962856991,0.35669828997283065,0.5061014922360022,0.2761882529404798,0.6494510066274288,0.8939658006889781,0.5980101687875132
Costa Rica,0.7294895241834303,1.949659422989122,0.49403141555210306,0.6156719338146903,0.600600989146564,0.36551763584329605,0.8227150659793921,0.46855753422362195,0.6386610083698162,0.4809031482354896,0.8183375907039192,0.58889186328106,0.7488537996630678,0.5019542720055972,0.59026115593795,0.5244727353439297,1.0,0.7990624680274964,0.41274242899286934,0.7203253845092856,0.9431717384540861,0.8814738638459911,1.2985725654899898,0.6323179550313414,0.6354932792561949,0.5925188052600331,0.8331880546265478,0.5512334577360625,0.8901707627608411,0.7568108217141299,1.0189673219845565,0.7231952535542674,0.6025342753271458,0.7501492753314022,0.49580987316438774,0.539208468241313,0.9390876928163489,0.645317916493774,0.8180591808922036,0.7693692707456498,1.815668434620744,0.6601126884129322,0.6168788377046664,0.5363829409923361,0.4083653371016078,0.8735911184705041,0.632924135754817,0.594668896057998,0.5605564656336259,0.7353662643776098,1.088554139992387,0.7052126171786086,0.6385292855057233,0.5155239482217876,0.4997174694583079,1.0337443584701986,0.770328238897456,0.8830960646454907,0.5633402990578349,0.3295575240670042,0.8695841673079449,0.5036542355925165,1.31434611052289,0.7010304464702772,0.5273414597181588,1.2078629297298469,0.6379221928146824,0.49566819944358964,0.33086682477849183,0.5880524650908121,0.6488133224216154,0.6316354252705942,0.6858093387323098,0.4971686909739822,1.0251571783981341,0.7063903674986676,0.8720225997343544,0.698878934593775,0.679567350060085,0.7874802088499276,0.9461031783218203
Croatia,0.6314374961899926,1.9126412695188395,0.6191684971118003,0.6452670306355486,0.466772901980384,0.6972796989551412,0.758790699756835,0.7983197789598735,0.4356082842145213,0.7265770033966428,0.3457850340455219,0.4374484059894954,0.48632809168270547,0.49209787012929873,0.39963212098083944,0.47199665097970994,0.7990624680274964,1.0,0.5934121791863792,0.45903799417614943,0.653208088910475,0.6002838864339174,0.9096592146873919,0.5397295479018234,0.5471734750557838,0.6151211117926771,0.5623859244953383,0.5165068626008754,0.4574588406013404,0.7065181729469932,0.6869424245818627,0.8880528746497655,0.4367612508612952,0.42735782343225853,0.5157829303983434,0.9701998348002172,0.6342934616055503,0.4292186179848296,0.45736181025712835,0.42444653492230755,1.6431265690717063,0.4919169352905733,0.45183732553296085,0.4860499295339579,0.5807153523826524,0.7656675266499433,0.5655968354392479,0.5892987908510949,0.39535653756221606,0.3853175989780217,0.8584045650394853,0.7088903667276756,0.4711102959721152,0.4643200131550564,0.45680983974463363,0.9592157628541019,0.47957744677081543,0.5085191148146773,0.4093101503417354,0.5870148234464304,0.3491455856726781,0.4026590828365567,0.712354566014983,0.5144634980369994,0.5094361540427091,1.1184414650782812,0.38130303187266357,0.5403129827848671,0.7671704939024695,0.8670428469763991,0.3922841352305155,0.45938113481457765,0.5830050824955861,0.5648530798133646,0.6431716379426775,0.5879732989263161,0.31483782630046514,0.4251222812358829,0.714992400966612,0.8744408073439716,0.700126888909696
Czech Republic,0.4339026518923718,1.9446953516401022,0.31620698462730196,0.674199427484352,0.29378115119068815,0.328308099452071,0.831326606035457,0.48901006168316774,0.5571608051750991,0.34553965611640136,0.611728736275872,0.44288719730443105,0.5935302904892831,0.4057093381749317,0.4349485437211849,0.4113811814766321,0.41274242899286934,0.5934121791863792,1.0,0.4970833592566504,0.8597400016953944,0.8073590277299706,1.0839913614121295,0.3502893927560877,0.3896260350647085,0.45593354434743755,0.7783717574971357,0.4644521222309661,0.7512741042527784,0.584959960249725,0.801234560255745,0.4889377404389531,0.46757350774878575,0.6552332293636244,0.29175978549851633,0.5020515961896298,0.6842257822732091,0.4451326343069165,0.725920692949349,0.6028260689165835,1.8652714967565514,0.3995165918469498,0.35028417419526314,0.33487956436849003,0.16775205340356955,0.7412010301160178,0.33303609220807984,0.5018053857958641,0.43036932318697324,0.5664952261897999,1.1199036381875511,0.41890839225472926,0.4539553694828272,0.2950524927937346,0.3094750176915375,1.1031509654946734,0.6624364391982133,0.6892983620065359,0.393329780198957,0.3905043830660499,0.6740382127146521,0.33812937578345065,1.0706286272521004,0.3931699877566857,0.324201154879652,1.0770149264088522,0.4495661310091198,0.24973927232712118,0.251281459810568,0.43623418512229656,0.4816484582104678,0.3999594474294042,0.49928417731608604,0.1889546900580433,0.7394227923652559,0.5669253114362965,0.5654028199511822,0.47462393618865456,0.5828589489786038,0.6743537513525406,0.8907677190435572
Denmark,0.5699009614220922,1.9257580022744782,0.4505399841747961,0.7499948719290803,0.361793413730953,0.5991436932818172,0.7949507795745259,0.6455250408931977,0.4608640874853879,0.6803423724142026,0.41183675719890733,0.38317774374362457,0.32359613648999397,0.40028933737209077,0.3879901582157494,0.4464790595381606,0.7203253845092856,0.45903799417614943,0.4970833592566504,1.0,0.8051909988234252,0.6278325708646727,0.9507745268717114,0.500244277737304,0.31415839760972186,0.5344645566239937,0.6159999512856277,0.4350471735530411,0.5030460680176477,0.6604097654554159,0.7995773656385068,0.8029100068974508,0.3917237380915464,0.47246324676342466,0.3740731594064176,0.8286006907640829,0.4827295863677426,0.3183988494359289,0.5258605452410715,0.42153603629879194,1.740516640247142,0.32976713962872195,0.30840658527708736,0.5519033165487932,0.47891356322849127,0.5445156116536143,0.4876051230075782,0.46788622909979677,0.3836810781176596,0.3897400883806724,0.9238311578100961,0.6328573530599986,0.3535011649501949,0.3894706373456228,0.3850377366093178,0.9475267607297123,0.48191218154077164,0.5321702308766035,0.3699148319699697,0.5676047539065399,0.39271201355713525,0.43070837587963134,0.7833468513380646,0.33890417825957647,0.3616004202363757,0.9924512275518158,0.3285500459788664,0.3967594810126177,0.6028298801944405,0.747340648883392,0.3338707511358169,0.30615078310925425,0.3896774098846302,0.45821913402757747,0.5734447549171697,0.4293720290366932,0.4648048690174929,0.4177315858895242,0.6458239885393448,0.9398696304641428,0.757481332550375
Ecuador,1.0108440828406287,1.8739612811156623,0.8096523288763338,0.7061586868238182,0.7796384430005252,0.7439108105029408,0.7932946134875573,0.9487865387931028,0.5443945416119487,0.9725016994450341,0.5432404681370798,0.5866717240672407,0.6951166437092564,0.6486126045161609,0.5829973629259327,0.5704473198107253,0.9431717384540861,0.653208088910475,0.8597400016953944,0.8051909988234252,1.0,0.5827898606246127,1.1035420217822,0.8350088568167741,0.9014026969884299,0.8508458937261641,0.6996888511487389,0.664612824782911,0.5268804341218417,0.8868201026365475,0.5746127003496837,1.123399342618805,0.6077555531028977,0.5278666494077374,0.7292107387089596,1.170889367409852,0.9857563690002239,0.6169851270579393,0.5449824691939725,0.5195301680904914,1.502240711252818,0.7068858133639954,0.7966180387892509,0.7742052017967211,0.8689870336560668,0.9029230747748934,0.944590384847659,0.6316818391344919,0.6258585119959049,0.5539872078679086,0.6690922116437378,0.9627051384821812,0.6211425554134283,0.8417158005514426,0.6724213405950947,0.8010183391661218,0.6766200373599687,0.6648470817325759,0.6114035059554572,0.7865345970234363,0.6302939371362855,0.7035379128342126,0.8655165545389693,0.8586444191564488,0.7173681036468588,1.532014498621899,0.6131007356615363,0.8730039631313351,0.9915516333989897,1.1369698603218712,0.6083907469983869,0.738097857294264,0.8598969636093841,0.8432551034742305,0.7184168756765251,0.6493537276245178,0.6526140254263085,0.5461022230705334,0.9465786188129359,1.1479345453411767,0.6799003038120363
"Egypt, Arab Rep.",0.9191349606205753,1.9323024764608976,0.724146943565589,0.5495185621706182,0.6941777167902206,0.7388497206869733,0.5901288054078908,0.8137409477745429,0.36185275312688087,0.9274645041708525,0.43196667885587214,0.42905135635463343,0.5099734644115252,0.47421356295505657,0.4278513516024923,0.4828758901004723,0.8814738638459911,0.6002838864339174,0.8073590277299706,0.6278325708646727,0.5827898606246127,1.0,1.18728057334197,0.7901721444225177,0.7457689259968221,0.7490228740125215,0.35249397785088965,0.46037105721800237,0.26216317176944093,0.9104777144467195,0.7895860967803622,1.168320349952828,0.4248073308770763,0.33813582232375317,0.5989216608489247,1.1681653090046804,0.8218882734794104,0.49782663629198026,0.26346181984249795,0.3213759452724702,1.4926121193633821,0.6176051435609222,0.6476111972723022,0.7660031659977314,0.7997636060167003,0.7344232901053719,0.8972547173464139,0.5023747610292361,0.4498953981187759,0.3519528127261419,0.5740695834623186,0.9383851716997219,0.4768982154983924,0.691551781597627,0.5721878121998007,0.4715650032950638,0.3445997956677184,0.5873117512654115,0.5357910897358855,0.694357877929286,0.3944796845042519,0.5696398057967468,0.7888586218394391,0.7948292316609026,0.6245213615993233,1.32539269284067,0.4339926672864889,0.7047831930915291,0.9010458683405224,1.1360429100985443,0.39407420699530155,0.5801351791274839,0.5817170715900645,0.7866193019367373,0.7252051854711016,0.5131289175731534,0.6772607363165103,0.5181847980244154,0.8843754010103803,1.2072647008780424,0.6071261758272736
El Salvador,0.9532657257812365,1.548202881595035,1.0139664425591408,1.3459686657086012,0.9279130397827435,1.172304322163825,1.3370309129734657,1.181825670448981,1.133951291648488,1.1948796273920592,0.9180685053342387,1.0540583000838089,0.9767773050491118,1.1345697600731126,1.066111861263926,1.0919212806651606,1.2985725654899898,0.9096592146873919,1.0839913614121295,0.9507745268717114,1.1035420217822,1.18728057334197,1.0,1.0108948033452716,0.9507382839052989,1.2238788407009893,1.1989984365019064,1.173357788789693,1.0390109373691072,0.8965220024112773,0.9126374157508732,0.9847523063883624,1.0589442158814448,1.0966774892712572,1.0583104494411542,1.1839051414710868,0.9756078755563762,0.982534619921115,1.132234119699039,1.0396759509980513,1.6631640873544546,0.9470206808731998,0.9319195634385142,1.0895006343049605,1.1226917734272504,1.0310659591976459,0.9134888821812704,1.0804096834418977,1.0840067566840812,1.0024492436615589,1.25574354591454,0.9020194401038067,0.9908756956547776,1.0109660465589194,1.0440777876837068,1.4423823839144172,1.037110024731483,0.8919148961382539,1.0029054224919136,1.2507669651268836,0.9554694341592351,1.1195861867164312,0.9196199857253841,0.8716868167697013,1.012969125310606,1.0520050609390157,1.0134295804379838,1.0773931236468715,1.1785821153198668,1.0824791447889412,1.046606394785041,1.036297236860145,1.135625307671065,1.0017772386321977,0.7898222589447593,1.0059517328075913,0.7758373234870085,0.9411375799751559,1.046863598393984,0.9828825467667242,1.0988865355586952
Estonia,0.4313274318319503,1.9149432916583522,0.47482308931516354,0.728879207384256,0.3907880816742524,0.5231884980407172,0.9301436887015309,0.5153138959729728,0.6127956362888716,0.590464791254096,0.5949251848436021,0.49508315631588257,0.6580849714223825,0.5294658590153827,0.47745075676542387,0.4900419659419252,0.6323179550313414,0.5397295479018234,0.3502893927560877,0.500244277737304,0.8350088568167741,0.7901721444225177,1.0108948033452716,1.0,0.5334417433944708,0.4242726781300903,0.6899368745787556,0.5123495297810254,0.7155079507401443,0.778813310502316,0.7002215978218127,0.5937913950881769,0.5324407813764162,0.6566346864271124,0.41800964501087573,0.6069488375264073,0.6210299588050588,0.520184622585766,0.7437660565698867,0.5949472474278905,1.8124193214264581,0.45231681027273135,0.37072829496836224,0.25623425792197985,0.3385689037199515,0.8856480102502959,0.36201189141522566,0.5518801110354496,0.5092373257308667,0.5701221394282775,1.136754650294889,0.37363445500520803,0.4990532176422086,0.4110546659788463,0.4119023693469388,1.1150485955679221,0.6619699038480957,0.6390829019347462,0.4123451021536475,0.4921351415996497,0.6310363970453661,0.37482222518787944,0.9078473496885971,0.42021850428445995,0.4902795796095216,1.092386890078398,0.482208495357164,0.3927799784622096,0.4913961661993222,0.5468343333307457,0.49441837966375113,0.5245048139922066,0.5468943768257648,0.354125927251426,0.6449533465438354,0.598428766050373,0.48127942261492224,0.46367439140388644,0.6600540043565184,0.8223621667706401,0.9395995510334315
Finland,0.45164050158589625,1.9109962763825747,0.32935206488150975,0.7924712448176464,0.23730557440914005,0.5204523352121871,0.8664081642834294,0.6571414068683223,0.567860271411134,0.5148750164215846,0.48689097276300497,0.43255799846327886,0.3802762501300836,0.4205547995592444,0.4446630982197125,0.4699131076264085,0.6354932792561949,0.5471734750557838,0.3896260350647085,0.31415839760972186,0.9014026969884299,0.7457689259968221,0.9507382839052989,0.5334417433944708,1.0,0.6169384391228464,0.7790448134441676,0.5242775024156966,0.6503181259709825,0.5278749050619482,0.8369891688112474,0.6383928762768943,0.42813304304403516,0.5883109846545123,0.3365140131790675,0.7057437221592878,0.471958608663481,0.3331493720250925,0.6618364776714877,0.5368291361066654,1.8348614320093035,0.32843697602893124,0.26869721095155946,0.5673027140188621,0.4091369826554649,0.528849688583403,0.37343413268304837,0.48484671142253555,0.44999233348902695,0.4853715936968525,1.0566176046895126,0.5231284058441604,0.38039703383371587,0.27834957745726585,0.38346822005370257,1.0592255591219726,0.575667324093003,0.5699548041021165,0.4494382330197566,0.5737579991037238,0.5215176323638666,0.46672652805108306,0.9485333428988595,0.2723455303904799,0.29331760587581257,0.9093411323973869,0.3902954568311013,0.2769488171531804,0.47470821883951597,0.6316478569070916,0.42675792689341524,0.25796478062257383,0.41697864344108654,0.3159574739851383,0.625883400433364,0.47609861915407475,0.5126304964773719,0.47817457147855597,0.6272054830353895,0.7454848545308218,0.8013108839290801
