Country Name,Albania,Angola,Australia,Azerbaijan,Bangladesh,Belarus,Belgium,Bolivia,Brazil,Bulgaria,Cambodia,Cameroon,Canada,Chile,China,Colombia,Costa Rica,Croatia,Czech Republic,Denmark,Ecuador,"Egypt, Arab Rep.",El Salvador,Estonia,Finland,France,Georgia,Germany,Ghana,Guatemala,Honduras,Hungary,India,Indonesia,Israel,Italy,Jamaica,Japan,Jordan,Kazakhstan,Kenya,"Korea, Rep.",Kyrgyz Republic,Latvia,Lithuania,Malaysia,Mexico,Mongolia,Morocco,Nepal,Netherlands,New Zealand,Nigeria,North Macedonia,Norway,Oman,Pakistan,Panama,Paraguay,Peru,Philippines,Poland,Portugal,Romania,Russian Federation,Saudi Arabia,Senegal,Slovak Republic,South Africa,Spain,Sri Lanka,Sweden,Switzerland,Tanzania,Thailand,Tunisia,Turkey,Ukraine,United Kingdom,United States,Uruguay
Albania,1.0,1.3512281390370553,0.3657512331292774,0.27180596294368453,0.329520183085072,0.20376206344174072,0.5017093148372621,0.3731656063509328,0.26038106457167776,0.4048575928360014,0.4162275967768423,0.20630414254688015,0.20303166461106262,0.21328061116903166,0.3702416970673886,0.16645286371655482,0.23432917098970144,0.46985358314479125,0.3826699454122575,0.1952996046034551,0.20380170946798332,0.19299208143875246,0.18395921373044324,0.43193369438886137,0.17300028096190656,0.29371826774572596,0.18429341300057628,0.6043174232475238,0.2369603969998168,0.16735635047033418,0.2572963094296641,0.18313859236275548,0.12882156786061122,0.18651745977190623,0.6233905537509221,0.17714240207418158,0.14790243394770977,0.11337105601419906,0.2114380324271281,0.47449168299017813,0.48728644960548856,0.3577314084185493,0.5079839380715298,0.5795315976057023,0.8939316243596008,0.1998232951896053,0.10195854188438994,0.4530837408269538,0.1767032083083289,0.12211969962749619,0.49619450866671744,0.17047781025089903,0.13211285067819636,0.15588782953284447,0.5262255940909456,0.9927452445265456,0.14351499451741465,0.18306053667656474,0.3593763539655952,0.16125514366033847,0.1835275849803594,0.3798937863792334,0.3223251200813645,0.31471642935897326,0.48688960318191143,0.5797060457006427,0.12663654669672092,0.6889061117629124,0.45240059544523925,0.18655231650286602,0.22363517511582998,0.2373224370730914,0.2208403506905547,0.11605068714973515,0.26934158114132645,0.1362218670104039,0.13618305859892263,0.23642083133544603,0.2534409279636163,0.1561035935711465,0.2376298509135179
Angola,1.3512281390370553,1.0,1.7252544307420274,1.1986899808376497,1.992758034574876,1.314160406304987,1.2559540091618002,1.416302955663342,1.6247295500384569,1.493293873581555,1.9953309902153913,1.7431602656158822,1.5727043741639033,1.7429819191946925,2.043972885497118,1.6230301781200527,1.2576616984829234,1.6454955951885155,1.7292309464666682,1.6279963801386628,1.0606558850960766,1.2295350793673512,0.98342785497538,1.7003511076454199,1.5569614507330836,1.4847684298558463,1.0777245714636905,2.180007718900218,1.4633152831296778,1.0615539639693257,1.2262999571994837,1.113320151927842,1.4672260112717714,1.3916775243806254,2.3028210302224847,1.090340570640566,1.199518743458042,1.366425249672574,1.3867556123524611,2.0888016110082974,0.5044474006804089,1.852452822389419,2.190603292674196,1.9671343044187752,2.2902538915538275,1.3318188630490613,1.3143070905023184,1.8764730952107813,1.5452570354213517,1.384561223991471,1.1429715989998814,1.4108029918308629,1.2879524008087377,1.639801356057504,2.1385938009591094,1.3336246393381523,1.2973225492364726,1.4273395329238112,2.005588910624474,1.436178380963787,1.4463154328390164,2.01275453561166,0.936931272806172,1.7704407643171065,2.1311429499696497,0.9101386803354531,1.4795418210706937,2.105357337945438,1.5042966087006258,1.1066400670493663,1.6439442369891115,1.6584169071662465,1.5456121249659753,1.3486887162254502,1.2902713315724221,1.3509390193409339,1.4024769452716828,1.7842946197537428,1.2992185263916953,1.0557439740723273,1.1413172347688492
Australia,0.3657512331292774,1.7252544307420274,1.0,0.5377735031838387,0.18028140713504218,0.2630473133340952,0.4238884943176194,0.337946169420244,0.256826554067353,0.29410638609019896,0.31814752902521115,0.20974768890409212,0.1915135809790862,0.1701919951873811,0.25245772685717677,0.24711217194163296,0.35378856813303383,0.43783663738441236,0.12753857406709754,0.2277540807276558,0.5802039413744485,0.3541205409980168,0.4365213958360017,0.2705883773944222,0.1727433093080735,0.4064675830522083,0.40310725554589055,0.40733935375051383,0.3234361693718777,0.43765875015925554,0.4219552834152542,0.4234393721664107,0.3076696680284863,0.2815172302309209,0.2847136719884354,0.5655360858217783,0.36056174080108316,0.3959043282920267,0.31519919934556073,0.4176627404448213,1.001757428969433,0.21086528259527879,0.2907422299710355,0.3414238590625964,0.4961203222024614,0.22678649067300763,0.388606910268845,0.2778513658419902,0.21476671944847014,0.37499980478856665,0.5429261537518673,0.29815471617796985,0.4311202731010675,0.25694910602357246,0.277324505884154,0.8186317038402953,0.2942257271816958,0.31085167348610254,0.24077824102139428,0.4409348800427918,0.26677449661870417,0.28086248436363737,0.446089830842785,0.18427462562929248,0.2841786031804434,0.5070946883563738,0.26805977386893043,0.32142966737124345,0.2157924568721342,0.467516439138306,0.2410915356763919,0.20437434339254118,0.21764204663577383,0.3837245020151523,0.27459922365391415,0.4069917088977728,0.36158782192587124,0.23580358803706394,0.3413641506255262,0.5001274821567464,0.37605206655762236
Azerbaijan,0.27180596294368453,1.1986899808376497,0.5377735031838387,1.0,0.4664653974948313,0.3017055063880743,0.4893941834493878,0.2794150800133241,0.2853141390024277,0.37671727403106336,0.5111763801052219,0.33694382645061716,0.31643727456022097,0.3076513759481075,0.5007072013372711,0.2560551645409527,0.31322975265034014,0.5036739340100487,0.5353517657834026,0.3808634947395463,0.2468804017932159,0.22301751424493188,0.32037079910908356,0.5833248012575926,0.33813638259379847,0.3292730020152562,0.2334531300687577,0.5963176371324799,0.38193329554968114,0.27854277216769197,0.2630179513159153,0.3658534340810536,0.19910943269657136,0.21237483385012837,0.7799826941321397,0.33336261184301264,0.2305088593781166,0.21870496003349724,0.25590899364787695,0.5765823661364966,0.5028199497795318,0.5141922704349671,0.6594753900366752,0.5383521697715441,1.0206803584186177,0.28520959516279065,0.25585904836505335,0.48613773738050103,0.20690327610300832,0.20983044138300988,0.520475109480662,0.28929950438708857,0.24328747699113232,0.2876856833158171,0.6961596970683165,0.7233047479559428,0.2417455489060639,0.22089584296084175,0.43869948135055803,0.2090399381537516,0.2862855792065936,0.4051021596567465,0.3285972107281858,0.42345776336662677,0.5896596116876335,0.6969842470074967,0.21379810402149144,0.8631302168074475,0.5681162476017518,0.3510137446789261,0.2821190564180644,0.2783131516101592,0.28412785506957655,0.2677078906103238,0.3001678128814417,0.22174934798194262,0.20803394444868464,0.4541946268896322,0.3106235972404968,0.3384503319418028,0.2005284412480913
Bangladesh,0.329520183085072,1.992758034574876,0.18028140713504218,0.4664653974948313,1.0,0.2694356356399139,0.39923195005919554,0.4162001460676379,0.20432831603416066,0.3062677617226421,0.21103803752575856,0.18623986529375652,0.16447924916757195,0.14950243553650866,0.12971852240332582,0.24868612464889434,0.3920091032592763,0.3187605726301338,0.18790423300990858,0.24357817785432803,0.5820059651518293,0.3898546190928342,0.4426964397245,0.2654399988289825,0.19910844820462303,0.3581347391447059,0.3548887213091301,0.23707216431040154,0.23750500413671763,0.4614691508455815,0.5381610269763416,0.38225772206426967,0.28375183263536297,0.25178680662896025,0.18224048859978703,0.5354536657272875,0.4047550933269657,0.39933736993569635,0.27240469842364223,0.26451957220776856,1.045670163913429,0.1489677870973697,0.17896177032733357,0.27404556359249144,0.3590636033723754,0.2526253705360357,0.3690880123806922,0.27983682686360234,0.22288704718140262,0.3726402876800353,0.5960744509443531,0.24548582787042783,0.43227147776368136,0.21128081744824492,0.136602595814087,0.7604317252211005,0.35876118941846236,0.31399588986413873,0.1969164672575981,0.36087072261461595,0.2644434396285725,0.1923337798848759,0.4509021544925519,0.18665596553307345,0.15999221675206174,0.5574286418244132,0.2717857871525256,0.2776234400743852,0.28799134263105386,0.42499716408920973,0.21540001575660128,0.1590577451785501,0.24697691112456913,0.3565644143312967,0.3715130916830275,0.3906887892982489,0.3690570046127277,0.2489838181611878,0.3691332001799269,0.48650842434773345,0.41226241972264666
Belarus,0.20376206344174072,1.314160406304987,0.2630473133340952,0.3017055063880743,0.2694356356399139,1.0,0.4711406797629374,0.3149390298313843,0.242006142685927,0.31260600149605755,0.4057306400207093,0.17001212570871346,0.2114145382054385,0.16685605647599902,0.3151168781774676,0.12768040797145977,0.1173274144590821,0.47868235221529676,0.2610955463534665,0.22192343298760114,0.3184213466319735,0.26477781011493245,0.32323480052133124,0.448577149597954,0.16552610816297372,0.3272520145820004,0.2764833512247732,0.4517356171150383,0.3288607960753061,0.20779894795711087,0.30100250472191115,0.14121307364640745,0.1542464182996232,0.21581530888747247,0.5271260059260233,0.17882517365018838,0.22765008914498364,0.19137126324645348,0.2668844151580469,0.47387751894186303,0.7869447803640303,0.3087729900514679,0.4819229566790144,0.4494696131335919,0.7995922347054811,0.25070933770256065,0.21420569541483978,0.3484339747518208,0.1576434345153061,0.21527724074580143,0.5861246470310016,0.20442154326641393,0.2556799739530919,0.14844813613562835,0.4299249334737833,0.8556742277028832,0.22830454291451108,0.23860147446272803,0.3302101381908744,0.18893965380655556,0.240856389581597,0.28319786733774843,0.4561444564068364,0.3417398611049778,0.3936136777281555,0.5495578993366395,0.14167237832838256,0.6433862138645869,0.3125730143720061,0.13563853884426225,0.2135904369156384,0.23502336038076171,0.24124810977132824,0.21142530327676287,0.22518802846800767,0.24739849455784588,0.19550746017930373,0.24940758301988591,0.29943940630594434,0.27026757210464736,0.30362789450015176
Belgium,0.5017093148372621,1.2559540091618002,0.4238884943176194,0.4893941834493878,0.39923195005919554,0.4711406797629374,1.0,0.4529010360640563,0.34375830312404665,0.3971506709687864,0.3900549085923868,0.3530699476048965,0.4351380567876774,0.3423570396796676,0.38643998144111913,0.3894709152166335,0.4780564270305339,0.403511606060049,0.408645063143208,0.4082192422105785,0.720579446060732,0.4952171172688898,0.5380101025640811,0.37108578106401185,0.4003616430929031,0.40664053666092065,0.39405960062116685,0.37699030811733536,0.4138355102410877,0.5598902790928906,0.5117021315845866,0.5640265307190362,0.4563548247180498,0.40280902080273945,0.45743745974823236,0.5858266970597094,0.4318564943799129,0.5589972284995368,0.38117655253674126,0.4094799739873376,0.8851877584302034,0.4451728684715749,0.4942298783744395,0.3967209722468108,0.6934875192718554,0.47222856813704,0.5178282390618425,0.42956611899638425,0.3605444976595068,0.571896985628828,0.42711498983067187,0.39534430877383075,0.6117402146512848,0.398924834659349,0.4417646644490766,0.5132344362245894,0.5428780923171149,0.41512421699069224,0.39432215577548474,0.4507712276118544,0.4270222195938562,0.3291168234196932,0.5431461537762232,0.468460642748785,0.4274033815942779,0.5898573652719169,0.4302263589094416,0.5295836763995545,0.46412994122852247,0.5561046718292205,0.3860851169398517,0.3690902011934175,0.4055288157648027,0.531253502036617,0.41388473258072633,0.5816794094684883,0.4915984331839037,0.39405920062513194,0.5344803990053109,0.6502981893623064,0.48562818521249396
Bolivia,0.3731656063509328,1.416302955663342,0.337946169420244,0.2794150800133241,0.4162001460676379,0.3149390298313843,0.4529010360640563,1.0,0.34596902326860884,0.27864737494271785,0.5503035167023463,0.35785838059114783,0.3170398443628253,0.3394301927850755,0.4983514441852112,0.2808319510313432,0.2984460388603315,0.5419722467015682,0.32304171177791496,0.3527257754705786,0.349913111400995,0.34430158283622514,0.3885559469962621,0.40173679883284136,0.3149679444023558,0.3050819445046846,0.36759164150899926,0.5747735022641836,0.43106157063345957,0.34972702035529124,0.3285523644374164,0.3465161105501547,0.31126935691786056,0.35163565270539165,0.6445234228805963,0.3402577935640748,0.28940774125899743,0.32612871696162804,0.3683960254143269,0.6038543477580212,0.8299124141207015,0.44470720560197713,0.5320370071478494,0.42804174743489914,0.8003986045471094,0.24495278310750443,0.4133428344863441,0.39343826113567226,0.30488188533213584,0.3209436522057236,0.5826636592839902,0.279577418562827,0.3967294313655108,0.3381614526482305,0.45364353734358803,0.6651439816573642,0.35474388626109693,0.33061412812279783,0.43388061743304274,0.27775562244767255,0.411141046877711,0.39029676626704474,0.4154953954276662,0.4451395343748302,0.5460850073017928,0.556030989452937,0.3314662500482341,0.6251750210018102,0.34506914701042113,0.33303218704279414,0.3685815967737907,0.336419826577573,0.3378487320377955,0.4220606670092653,0.30996521460880844,0.3462792678368636,0.3202076409799253,0.457352527242865,0.3845062096834416,0.47491083488430036,0.29560462780910746
Brazil,0.26038106457167776,1.6247295500384569,0.256826554067353,0.2853141390024277,0.20432831603416066,0.242006142685927,0.34375830312404665,0.34596902326860884,1.0,0.33334529518465505,0.2265571734599674,0.12419277752967359,0.18663551896624264,0.14311950056206207,0.19305069541200393,0.15736333086301374,0.32680696733271364,0.3375977379768224,0.2962395835571978,0.19453494113045514,0.516542900853034,0.2919736263049001,0.35630746304931227,0.3428105595957817,0.20519142910976812,0.2287012277580681,0.21783983853606687,0.3022267990852844,0.14118578324250966,0.38281424717011125,0.31477385963491666,0.40287027506550843,0.17350173278427108,0.1501137447116826,0.3704657401519481,0.4516749449639157,0.2509206378458273,0.29513500221482086,0.14724094365801402,0.2894524406335756,0.8111419179765376,0.21677973687736632,0.3497291706616704,0.33285310012817587,0.5832514915161258,0.33937217276170684,0.2765776860321639,0.23678740456843209,0.11932067015704984,0.2815415608587797,0.3592369151231483,0.24103471709690902,0.3549183808193471,0.1783787828272548,0.2951949829843788,0.5113958451119892,0.26662440994333536,0.1928355660689742,0.21554563227190746,0.2591756926855308,0.15304844945561413,0.19649743398880107,0.3268001413852039,0.25875640816111856,0.2512556214753324,0.6462045467180318,0.16325957546686137,0.43580610612473647,0.3536070030914315,0.42021398937244425,0.10364222480293817,0.1404777229266799,0.16264756532388602,0.2872966238796757,0.2154836363201309,0.3170301628294535,0.2283830061954465,0.1703369360298436,0.3381213718770725,0.4093587828138102,0.34198889628886214
Bulgaria,0.4048575928360014,1.493293873581555,0.29410638609019896,0.37671727403106336,0.3062677617226421,0.31260600149605755,0.3971506709687864,0.27864737494271785,0.33334529518465505,1.0,0.43945000081654706,0.3390704749267684,0.304481547173328,0.31061498833871937,0.37416982262936516,0.3157124893508807,0.36276056424739045,0.41738836163512205,0.2665365620917231,0.3335311489402082,0.5338720980240097,0.4548200169748,0.4619796633740766,0.39485601138162607,0.31230396970727115,0.32844629977334516,0.44337363635920446,0.4053671896273956,0.4646828898799451,0.4603391263443701,0.42726935197213,0.4008106746808119,0.3612389376455225,0.3482806120601995,0.45372906224296794,0.4973864386441086,0.4423221844603372,0.4416102275312568,0.40548017300749,0.5153467112276928,1.0416485812143883,0.39939988238693924,0.39002800334289095,0.40115419352317316,0.5944413698276376,0.25236774787360755,0.462466229683271,0.3337755343102999,0.30399811176292646,0.42464827233230207,0.5786594508571936,0.2712739549180063,0.5256580972115505,0.30878308429093054,0.43810093636768666,0.6434782095248576,0.40955754791518917,0.35668834216293044,0.40366550749434643,0.36270115703654504,0.4083972322154071,0.30467071068136975,0.507604289723235,0.3219820982993989,0.40632924681671506,0.5826708737745893,0.3609635681442668,0.45586196153401165,0.2585769910256533,0.33341701874041224,0.37324058796474624,0.33374078709952226,0.36348735253063114,0.48158569296197606,0.34254341450466474,0.4602276347145241,0.41767394197312746,0.3679628198606146,0.39377517845119087,0.5833606073820694,0.40490719020750915
Cambodia,0.4162275967768423,1.9953309902153913,0.31814752902521115,0.5111763801052219,0.21103803752575856,0.4057306400207093,0.3900549085923868,0.5503035167023463,0.2265571734599674,0.43945000081654706,1.0,0.22221709245538235,0.25985273750541615,0.2530286327805241,0.15216513846388655,0.30383496901092877,0.5064459092970217,0.24882276790497768,0.3303426321886368,0.3037129143269006,0.6304870738611537,0.46088874011390646,0.4854723201225967,0.3325918526456788,0.24226336047931282,0.3865342663504293,0.3666566101269183,0.32051448351748946,0.23695466510171978,0.5400445311930518,0.5316629479524427,0.47265558279108616,0.3371201059731606,0.3174385660147856,0.22725428343016837,0.5457201573661992,0.43560101519894673,0.44094978171883575,0.32107335986252694,0.12350053665480915,1.020869272157284,0.2444691177871149,0.232445976636915,0.3348227450684795,0.39031381223473804,0.3747770474720109,0.4771600248821143,0.2429301006486841,0.27400599295313544,0.4310863294291581,0.5459278562072766,0.37513494791012775,0.46801204257915824,0.3092496057969042,0.24535054422045144,0.6284442436888881,0.41092352751789624,0.35498686898869675,0.24438219363419678,0.5059269034472561,0.2801333737357839,0.19698770343013772,0.40139048325642457,0.2984772962157639,0.24489734425960205,0.5667856368467694,0.32154407132045426,0.347267573594493,0.40262696448994806,0.48917658171135503,0.20303378657830412,0.2480340775660673,0.29010750434167254,0.43706018693672716,0.353833880641619,0.4489879671260715,0.39091680395859707,0.23343078043889146,0.45318135218887867,0.5385457412846013,0.5001077589806722
Cameroon,0.20630414254688015,1.7431602656158822,0.20974768890409212,0.33694382645061716,0.18623986529375652,0.17001212570871346,0.3530699476048965,0.35785838059114783,0.12419277752967359,0.3390704749267684,0.22221709245538235,1.0,0.14500935892280345,0.08086242543405109,0.15886806918190982,0.1016850656959877,0.2641522752464759,0.3306460017679034,0.2279651561348555,0.13940008580905056,0.452238686674893,0.2626521272930008,0.3343546949169266,0.33171554508233525,0.12705590147686188,0.23605199110491107,0.20843853820668773,0.30805965852132805,0.14820400512157583,0.32901160145082714,0.32041000152706517,0.34879677116663166,0.1469677704049343,0.1342737038991931,0.36702028132809494,0.41394998879873723,0.23270411502174224,0.24673693309323286,0.1446663949000026,0.29514325984318757,0.8022321979115781,0.19829502895070936,0.3362731366857697,0.3246571536397904,0.592490655339802,0.2632282269140236,0.25245179473154333,0.23543045091491552,0.09524389112755738,0.2282887263598533,0.4039385054436112,0.2205840521035115,0.2851894719335367,0.12661172557084507,0.27709494993777284,0.6123605047612639,0.20581021596883783,0.18103967605251683,0.21052649993655967,0.26011311614051436,0.12115503381860512,0.18470708779987538,0.32682217109981226,0.25144964481495735,0.25069193850387883,0.608177298098931,0.11968728610709994,0.4458423654555257,0.31814869987750083,0.3732040148016521,0.0704158076544843,0.13844505549517347,0.15516898313345845,0.24450237057824048,0.21656117955533732,0.2618545896930674,0.19532958477759121,0.13341493249312472,0.2771542444256419,0.37375908566896876,0.2962762143766401
Canada,0.20303166461106262,1.5727043741639033,0.1915135809790862,0.31643727456022097,0.16447924916757195,0.2114145382054385,0.4351380567876774,0.3170398443628253,0.18663551896624264,0.304481547173328,0.25985273750541615,0.14500935892280345,1.0,0.12956045659989074,0.17715203546132974,0.18012850213898735,0.313788990158128,0.3847835386023494,0.24235985854259595,0.1516065640905056,0.3156780130415652,0.1713598004962694,0.2787909674357205,0.2553088696553799,0.13144434374866754,0.27807406635238835,0.1605289545792179,0.4310769017261652,0.14100741586747104,0.27629400625351774,0.3161056949207627,0.2653077066519143,0.14757278456954426,0.13214753173902105,0.35123991673306565,0.35820378566383837,0.2517859734088741,0.20197442838895968,0.1485401760698875,0.33839486727067536,0.6351073083301758,0.21408342510071512,0.28712890117195855,0.344894117580992,0.5069474820292834,0.19494501073348744,0.21078247665356828,0.23217607622966602,0.1502414749123678,0.18121660531371014,0.40584656761647386,0.1736543136318398,0.2212199237826515,0.1444517540434262,0.27130361871475583,0.6444145140368314,0.17702904097388436,0.20193392323749218,0.20749690996567266,0.23650395852103875,0.13042682543157091,0.2163885439131551,0.24971925539396742,0.22789297965087038,0.2784879945207553,0.5517765706870489,0.1409434070893386,0.40759647161538953,0.3124285325534054,0.2739143785552892,0.1776486237279047,0.16007049983764243,0.17942710058270228,0.20517529931187303,0.26534030656470364,0.19701488765194142,0.20076379238589734,0.20011508453226332,0.26779452463995673,0.31254318324477603,0.21231590089309954
Chile,0.21328061116903166,1.7429819191946925,0.1701919951873811,0.3076513759481075,0.14950243553650866,0.16685605647599902,0.3423570396796676,0.3394301927850755,0.14311950056206207,0.31061498833871937,0.2530286327805241,0.08086242543405109,0.12956045659989074,1.0,0.1494275615219692,0.1042264467515828,0.24794629061924317,0.3711348389839245,0.2079552963209585,0.190172084582056,0.48443186563876234,0.27780058400986984,0.3344210721011116,0.3545198424015225,0.13190781662599943,0.2402607351078768,0.22759062609879185,0.28460147359395827,0.18424972778250007,0.3391815820165126,0.32345315730907154,0.34501782867146635,0.15076780584407104,0.14856316596262698,0.32052553429044583,0.4371527901480114,0.24207076660813848,0.2731719422551421,0.17844467895115956,0.2808193772733626,0.8563995610242496,0.21991426599076794,0.3085169626861609,0.2956898381717552,0.5904410732477436,0.27540543935382855,0.25935301679738876,0.21958773025132983,0.09905648847592419,0.24775109273990387,0.4385150007014824,0.22438717029962157,0.3277064160940081,0.12518149099444661,0.28384625391127366,0.635036839436602,0.22975381979875378,0.1783510717104157,0.15289596944843462,0.2593013842084598,0.14079597641483574,0.17101207808389263,0.36729448633661166,0.2079114796981128,0.23358611630550036,0.6468037671706826,0.127163997132076,0.38000268361864786,0.2990855395120871,0.38380125945313415,0.12034962979901062,0.12316756569341467,0.17803894596973976,0.2623464680649132,0.19110128045648248,0.2903825192304773,0.21115705517366554,0.16210816239017636,0.2899129734984276,0.4012148647163274,0.3007587593136623
China,0.3702416970673886,2.043972885497118,0.25245772685717677,0.5007072013372711,0.12971852240332582,0.3151168781774676,0.38643998144111913,0.4983514441852112,0.19305069541200393,0.37416982262936516,0.15216513846388655,0.15886806918190982,0.17715203546132974,0.1494275615219692,1.0,0.27659534751636417,0.4555666725504809,0.2651118068315147,0.29486736635266453,0.20791149665372316,0.672748115528728,0.43671801727381265,0.48898309172809074,0.2930498768498843,0.2098259681469818,0.34977856435422927,0.35683218844825865,0.18372139123175288,0.21893852316912912,0.521818961681583,0.5206402570061954,0.4430408505144554,0.3160928454020324,0.2798455564014929,0.22626443716846062,0.5785229598629926,0.4176071842387846,0.43449623970028417,0.26989768358655464,0.17559243555759751,1.0701885345453144,0.1864648494479508,0.25619011558670635,0.30461475281149625,0.4182164059494895,0.31346553789590725,0.42632723381709203,0.19115645776558288,0.23814539151584224,0.4163052221036364,0.4576655427270525,0.30720064090351107,0.4831529727199221,0.25758754618218355,0.20500780781987624,0.5464237142856752,0.39315347435091474,0.31671954501853017,0.1829384628640871,0.42510134353084045,0.2498825071470363,0.1290010015256144,0.41594641274657446,0.256022342492805,0.18032975381144675,0.5587843146614678,0.28410628669587984,0.3671070602114851,0.36004024513306115,0.48242557446960954,0.1614953098256086,0.16187499396694188,0.2071617345881025,0.41905786826282043,0.343077940337124,0.4398499333281294,0.3769346476446785,0.1761617862780071,0.36945966210067993,0.5463986195878479,0.4715755871153778
Colombia,0.16645286371655482,1.6230301781200527,0.24711217194163296,0.2560551645409527,0.24868612464889434,0.12768040797145977,0.3894709152166335,0.2808319510313432,0.15736333086301374,0.3157124893508807,0.30383496901092877,0.1016850656959877,0.18012850213898735,0.1042264467515828,0.27659534751636417,1.0,0.1921892883307859,0.4162344760702378,0.26354562284228245,0.19444131044465396,0.3542488904269162,0.2114254072020465,0.2766769600921336,0.405261099703476,0.12063310374486022,0.2459062425402491,0.2040613614406824,0.4336199253834708,0.20514082574870746,0.2440830344053279,0.2644078178687893,0.32058071184810233,0.08899526938549043,0.15178545673448957,0.48104148160885085,0.356527922848928,0.17545145557669697,0.1715873850121374,0.1691773606668387,0.36856624544570316,0.6988371805577684,0.30251641412560315,0.40314852221416214,0.42959878010205443,0.779009420547374,0.2495438451757824,0.19969456400232663,0.30613473679784275,0.08579505109256097,0.17332347507320617,0.44792252934996674,0.2011113692573046,0.22002609255021488,0.1009715348647997,0.42576353776465203,0.7346852333944558,0.15434364130150577,0.1489849210315649,0.27447545868342216,0.20598810773190387,0.13809576040295748,0.2519274190804024,0.35152808073027786,0.28283598778499225,0.36105551271097425,0.66845178784568,0.07907789769828297,0.5405284395250477,0.34446830844373677,0.3212309323093299,0.10459249486042804,0.17776729092048127,0.20222329223313842,0.18016127667284543,0.16600997586539568,0.2024640511152352,0.15158786935519208,0.18733412577817912,0.2607558293580054,0.31329952495062263,0.25551435459546157
Costa Rica,0.23432917098970144,1.2576616984829234,0.35378856813303383,0.31322975265034014,0.3920091032592763,0.1173274144590821,0.4780564270305339,0.2984460388603315,0.32680696733271364,0.36276056424739045,0.5064459092970217,0.2641522752464759,0.313788990158128,0.24794629061924317,0.4555666725504809,0.1921892883307859,1.0,0.5375956923888366,0.3764154271202356,0.31791941949234315,0.375478979841933,0.3511916948887368,0.36310599294018897,0.4479329673796537,0.25295265418736196,0.3074642758412448,0.31496553564310736,0.5434308677031374,0.4026700547461628,0.2261742495415545,0.2880396838458547,0.17044111419442382,0.2389956657526955,0.3023035072703405,0.6667369108259592,0.20145525761708566,0.2854281777705746,0.24929623567743933,0.3425587444962741,0.562967625417679,0.7583875363690497,0.3964776844477125,0.593127312366821,0.5237850714998802,0.8651425776879248,0.3540085966254789,0.23166526653290198,0.4190002788937256,0.22499311042219877,0.28838403036458615,0.599069350136237,0.23906620585764088,0.289150828010018,0.21058904854957292,0.537198395049379,0.8692919432536179,0.2938597184106144,0.280308726566614,0.4295302757796239,0.20768418966965435,0.34457324841227127,0.4084632492238467,0.5257528142300368,0.42740145023431225,0.5100317319019252,0.5998247088663349,0.23959414929842054,0.6932739609359202,0.32792455900294604,0.1712383929973065,0.3057510626408112,0.2906272793803131,0.28989214139700514,0.21023101599820387,0.28825915126871554,0.2766402105702126,0.2656397828498126,0.33732324323632484,0.28043620731950897,0.2582972824401838,0.31704363859626705
Croatia,0.46985358314479125,1.6454955951885155,0.43783663738441236,0.5036739340100487,0.3187605726301338,0.47868235221529676,0.403511606060049,0.5419722467015682,0.3375977379768224,0.41738836163512205,0.24882276790497768,0.3306460017679034,0.3847835386023494,0.3711348389839245,0.2651118068315147,0.4162344760702378,0.5375956923888366,1.0,0.39314567277899937,0.3440099363990234,0.7020581377703168,0.567241791571468,0.49971649488683934,0.3873782264438248,0.3466187439563435,0.3888838715624199,0.5524672526926244,0.28267872557909224,0.48044656980530004,0.5778530765819005,0.5822180998078614,0.476293694919832,0.4874982589488175,0.4454051729309576,0.37104392478772635,0.5621313969624244,0.507260008643435,0.5581111117491994,0.4686853031331145,0.29072635248245704,1.0861955927235694,0.3501812638153455,0.32448674115735365,0.38132149920962766,0.5205590790650754,0.3371440985623264,0.5305735862485833,0.2991571358927887,0.40533633014766823,0.5439652929415257,0.615844464019488,0.3930761505144616,0.5956953267725554,0.35530776783501267,0.3322145584046971,0.6121240400557282,0.5102605338543976,0.4161552418812114,0.3216266949790896,0.5238105188751974,0.4437862298339663,0.25040924330369924,0.5128248731287415,0.35408099050089925,0.3544921143793194,0.4729153508424194,0.46275224779144325,0.4626710612499371,0.4656475032009482,0.47250745288905005,0.3593243591137805,0.3520294972071042,0.32606041934151425,0.5372021246061426,0.348628491984298,0.5340323761795053,0.4735566983499195,0.3479822693973076,0.39650609827051,0.5391448222346448,0.5601079832217568
Czech Republic,0.3826699454122575,1.7292309464666682,0.12753857406709754,0.5353517657834026,0.18790423300990858,0.2610955463534665,0.408645063143208,0.32304171177791496,0.2962395835571978,0.2665365620917231,0.3303426321886368,0.2279651561348555,0.24235985854259595,0.2079552963209585,0.29486736635266453,0.26354562284228245,0.3764154271202356,0.39314567277899937,1.0,0.24047021747222777,0.6423624413521318,0.3958871904410662,0.4588515761773957,0.3079884096800125,0.19186862389793116,0.3471944249083968,0.44589631353216275,0.2984827799723999,0.4013580410337617,0.4768283698249685,0.4547388240482954,0.4270401797877471,0.3649314923720046,0.3640620418920382,0.3063659886881316,0.5649039009137399,0.36602384077700123,0.4625107673392085,0.36905384103617783,0.4110346437121478,1.1523341522657236,0.24163025577659808,0.28036587074041264,0.28883157674251236,0.5709304175986852,0.2468409402615057,0.4749985512770409,0.2414396805719927,0.3010274895308186,0.4302965736340634,0.620528052551772,0.2933639540500296,0.5365918257732956,0.23901056326343295,0.24527193252205293,0.7384919492218549,0.36457297570451364,0.35426131744299794,0.26812772193979484,0.44272419870218216,0.3553661124136208,0.23153888798656108,0.5173392049686688,0.22959619921875185,0.27445713594533677,0.5769448832360006,0.33480296691221834,0.3335046155083642,0.21794634197088592,0.4379622548694004,0.2796305752847583,0.25159328125787994,0.27428028539446503,0.479308000969477,0.28225784086938066,0.49947517581035034,0.3796980257751671,0.25400556188044043,0.35823554819312503,0.5691848253684338,0.3893468397734342
Denmark,0.1952996046034551,1.6279963801386628,0.2277540807276558,0.3808634947395463,0.24357817785432803,0.22192343298760114,0.4082192422105785,0.3527257754705786,0.19453494113045514,0.3335311489402082,0.3037129143269006,0.13940008580905056,0.1516065640905056,0.190172084582056,0.20791149665372316,0.19444131044465396,0.31791941949234315,0.3440099363990234,0.24047021747222777,1.0,0.3484176777211025,0.1816440879669637,0.29326539110085,0.28091407859761997,0.16314635187438434,0.28271627164547275,0.21187209352809877,0.35143814479450397,0.20773621721414237,0.24431656034834737,0.3453424412637208,0.25140935860390523,0.1938414307915208,0.1825669564042211,0.4012029164664592,0.3101883966467304,0.21953120617680696,0.21180492609900944,0.1883939220750228,0.32072119066003185,0.6704741499499292,0.21195420962061187,0.32520122064652757,0.4074584310936312,0.516376577576732,0.21635830537099215,0.21553085797338387,0.2339280733770924,0.2171538809317292,0.21015553331797096,0.4003370081714255,0.15856831528194565,0.23440179810560982,0.15099561587928753,0.2684726207721655,0.6883880114991888,0.1966958494180996,0.24133834244016078,0.2375371838016099,0.2488050285469345,0.18847344743099,0.20636990759947907,0.3342279194931999,0.25382207074661844,0.26325865775906176,0.5421649430191,0.17953446715232507,0.4200930438221394,0.3179279232516563,0.24084319232628118,0.1790362654218963,0.20323574557113827,0.18339372095117773,0.22631112954913607,0.26420593014006655,0.22671681593306994,0.20022318276270815,0.15899364239508013,0.2719240256782669,0.2986516035688003,0.24654386405641093
Ecuador,0.20380170946798332,1.0606558850960766,0.5802039413744485,0.2468804017932159,0.5820059651518293,0.3184213466319735,0.720579446060732,0.349913111400995,0.516542900853034,0.5338720980240097,0.6304870738611537,0.452238686674893,0.3156780130415652,0.48443186563876234,0.672748115528728,0.3542488904269162,0.375478979841933,0.7020581377703168,0.6423624413521318,0.3484176777211025,1.0,0.22553679300575244,0.22060568863901225,0.6328213404771235,0.32604971371732655,0.44994372463509413,0.2719907672604556,1.1370873368011636,0.4357866752632926,0.16924584364712875,0.23355782761412197,0.2697512438940404,0.24630426477387599,0.3348290176157379,0.9423986674123079,0.22122364270635705,0.22118280447306546,0.13833974182888498,0.3444941390089129,0.7821255844101433,0.2756053452313309,0.5772367728147807,0.7562453365009882,0.797387819170543,1.200023285051632,0.215720448043325,0.17876726208772198,0.6011934948394846,0.37053850348660894,0.16253486519247726,0.5830633159065579,0.32421449128022845,0.1356732262037279,0.28483728648141643,0.8833111982109363,1.06506720254904,0.16486426371475554,0.32861125508359373,0.7278124401265866,0.3352845296158763,0.30130033523182986,0.6966115711908616,0.329457298595076,0.5089027694526183,0.836616632907908,0.5334059323970882,0.2614394707353477,0.9938592508334435,0.6334258128117342,0.2623147834997571,0.4380453241843214,0.3839875971475578,0.3798371097175673,0.18045440621413733,0.3589014031102705,0.1432553673847063,0.22599391591570253,0.4512716490070543,0.3472612580931653,0.16033895997526265,0.2804258788956321
"Egypt, Arab Rep.",0.19299208143875246,1.2295350793673512,0.3541205409980168,0.22301751424493188,0.3898546190928342,0.26477781011493245,0.4952171172688898,0.34430158283622514,0.2919736263049001,0.4548200169748,0.46088874011390646,0.2626521272930008,0.1713598004962694,0.27780058400986984,0.43671801727381265,0.2114254072020465,0.3511916948887368,0.567241791571468,0.3958871904410662,0.1816440879669637,0.22553679300575244,1.0,0.22453049195893174,0.49402029559273153,0.2111007187005137,0.38999586064770475,0.166760392975739,0.7224070249694157,0.2270671262544669,0.22747174277635665,0.20980984526839894,0.3311052347811234,0.16056805225913617,0.16130569795940625,0.647084905250851,0.3597757278998108,0.14546530171622846,0.16640785113850629,0.1594122202662406,0.5614205714008997,0.4250216794589222,0.4240350477088366,0.4910735068138335,0.6296147626255143,0.9086981032833888,0.189233691810295,0.18084159024644553,0.4184340256753112,0.22637493821200855,0.1299433415458208,0.3932476730508955,0.25902213713036415,0.17525409551228907,0.21713274805800586,0.5466655512964883,0.6989046250521851,0.12310523059855333,0.22379810283186216,0.4348590307922678,0.24778708710139266,0.19915964465427843,0.4119021363387898,0.2415270657503455,0.4081374312509884,0.49810163726615386,0.6913757899072869,0.15611368723704677,0.7011222044551711,0.4834487678585183,0.3769102713845183,0.2599419055841575,0.2976728252173244,0.2387243158540307,0.1972461755763211,0.2638508127315961,0.1454379058376121,0.13844319209474604,0.313524502873802,0.2803082937414029,0.23671818798780594,0.13929409951956617
El Salvador,0.18395921373044324,0.98342785497538,0.4365213958360017,0.32037079910908356,0.4426964397245,0.32323480052133124,0.5380101025640811,0.3885559469962621,0.35630746304931227,0.4619796633740766,0.4854723201225967,0.3343546949169266,0.2787909674357205,0.3344210721011116,0.48898309172809074,0.2766769600921336,0.36310599294018897,0.49971649488683934,0.4588515761773957,0.29326539110085,0.22060568863901225,0.22453049195893174,1.0,0.5453657110595591,0.2607196893932485,0.4157702904686089,0.24581289739139084,0.7188962503749411,0.28950863820568856,0.18415624510799197,0.20547171579243645,0.2730266707497264,0.23775042688856693,0.2485161656888951,0.7208330300877128,0.23859983729805676,0.19563414751423322,0.23187773792880412,0.2781169018038224,0.6014856073188355,0.3979916559672607,0.46170913839629507,0.603834470088473,0.6501583976403079,0.9596589188542946,0.2201538854681211,0.20700501709873195,0.530062082874518,0.2715209659588482,0.2345895484309439,0.41846066184863706,0.30101722841096784,0.21636814295115023,0.2812093165884329,0.6069875521363715,0.8607275839889601,0.22081678505366767,0.14472385106608854,0.47831494107800354,0.30446801455499073,0.25776517626572615,0.4909618257384042,0.29959870817894824,0.4469377304652946,0.5796502999281231,0.5855838282107816,0.22990187601246892,0.778462584766493,0.5495749384072652,0.31698885164974844,0.31518889809998096,0.33274356796903604,0.3195503709486646,0.22598097789127558,0.27217299202470746,0.17543456164655577,0.20650184602679025,0.3318651370172452,0.3458883802226848,0.1964898441402081,0.29235685390212257
Estonia,0.43193369438886137,1.7003511076454199,0.2705883773944222,0.5833248012575926,0.2654399988289825,0.448577149597954,0.37108578106401185,0.40173679883284136,0.3428105595957817,0.39485601138162607,0.3325918526456788,0.33171554508233525,0.2553088696553799,0.3545198424015225,0.2930498768498843,0.405261099703476,0.4479329673796537,0.3873782264438248,0.3079884096800125,0.28091407859761997,0.6328213404771235,0.49402029559273153,0.5453657110595591,1.0,0.30564740079655467,0.2947430023960861,0.44382818183425526,0.41017844771981204,0.3626580418627879,0.5308460063073785,0.49814527865836844,0.41242984450138126,0.41871390602687303,0.4006340875783436,0.32139000730881834,0.5730315369459955,0.5074744485846041,0.48062560985943165,0.41883695176258673,0.3991904049700375,1.0235578026677503,0.2552809568623885,0.32870497074851524,0.2580169423582486,0.4091646010595585,0.3431974482279123,0.4796818940394023,0.26675157225970947,0.40800445067016816,0.47837847222713975,0.5237453859759269,0.31168611555286624,0.49549139225682265,0.3161522482788787,0.26462708838147975,0.510381095188544,0.4456216369846789,0.42596035873783505,0.3323238666267385,0.48807592419704054,0.3664110743081366,0.3226986360307676,0.503664214609798,0.3117702509936552,0.37126608124188154,0.5237307915975992,0.4093165978440411,0.3700745981624949,0.34147401326100296,0.4052536267932758,0.3612667560710412,0.304123937449097,0.3137693987240668,0.47067538779250756,0.40840775430363685,0.48075196532839626,0.46473571761699367,0.3101642449467714,0.36081187105450885,0.5501226792876461,0.4499681959347503
Finland,0.17300028096190656,1.5569614507330836,0.1727433093080735,0.33813638259379847,0.19910844820462303,0.16552610816297372,0.4003616430929031,0.3149679444023558,0.20519142910976812,0.31230396970727115,0.24226336047931282,0.12705590147686188,0.13144434374866754,0.13190781662599943,0.2098259681469818,0.12063310374486022,0.25295265418736196,0.3466187439563435,0.19186862389793116,0.16314635187438434,0.32604971371732655,0.2111007187005137,0.2607196893932485,0.30564740079655467,1.0,0.2984633499428083,0.2017815090154653,0.37632749684640654,0.18455086444493227,0.2409721416134392,0.33044361896383123,0.21649248882657665,0.15227102411062393,0.18101515300977392,0.36289974458370117,0.2540895591557997,0.22297347100914444,0.18186278005160197,0.18945069556801514,0.35268658165762945,0.6428513308201327,0.21655911734372424,0.3086829579431948,0.36662324329548024,0.6113453603516743,0.18820441113057745,0.19752381067611643,0.2705414253354301,0.1445576456282684,0.1823077804947155,0.4572345315580303,0.1902854325306535,0.17805104090367455,0.13244431441250104,0.29579384854726043,0.8164054998355854,0.1674983909394756,0.18264660501439423,0.23179335039779608,0.25157466394360073,0.13851821587352256,0.19284973148095488,0.3261625142700827,0.24003789596232053,0.2780689255591986,0.4635085502521028,0.14138643488871094,0.44168327960512765,0.2616159163700174,0.2584195553560017,0.15675793198086402,0.15640079545114768,0.1753728319309288,0.1757840657563346,0.2063403108484039,0.18876530001256095,0.16954663569316467,0.16008993636004934,0.2620733623504451,0.250356721745626,0.26132511953844606
