Country Name,Albania,Angola,Australia,Austria,Azerbaijan,Bangladesh,Belarus,Belgium,Bolivia,Brazil,Bulgaria,Burkina Faso,Cambodia,Cameroon,Canada,Chad,Chile,China,Colombia,Costa Rica,Croatia,Czech Republic,Denmark,Dominican Republic,Ecuador,"Egypt, Arab Rep.",El Salvador,Estonia,Finland,France,Germany,Ghana,Greece,Guatemala,Honduras,Hungary,India,Indonesia,"Iran, Islamic Rep.",Ireland,Israel,Italy,Jamaica,Japan,Jordan,Kazakhstan,Kenya,"Korea, Rep.",Kuwait,Kyrgyz Republic,Latvia,Lithuania,Madagascar,Mali,Mexico,Moldova,Mongolia,Morocco,Nepal,Netherlands,New Zealand,Nicaragua,Nigeria,North Macedonia,Norway,Oman,Pakistan,Panama,Paraguay,Peru,Philippines,Poland,Portugal,Romania,Russian Federation,Rwanda,Saudi Arabia,Senegal,Singapore,Slovak Republic,South Africa,Spain,Sri Lanka,Sweden,Switzerland,Tanzania,Thailand,Tunisia,Uganda,Ukraine,United Kingdom,United States,Uruguay
Albania,1.0,0.7666505459586955,0.7045652812820223,0.9270506132764814,1.262305181743938,0.9639985462503371,0.8713117319485428,0.8152276831108702,1.067265591414433,1.6179900485868108,0.9259054077845957,0.6706593115452831,0.5704401456222001,0.8124597413306767,0.8523322537612155,0.5851999863472337,0.9365984574454974,1.5411356559624088,0.6998426311610597,,2.583746618238806,1.0474180227848655,0.8648936172843759,1.8658254179711247,0.8274014295159747,1.1660829266214547,1.3041361043647617,0.9282964949281878,1.349504827532019,1.122823314390137,1.2150647168771997,0.9186487369772613,1.124347068459125,2.6286376793033703,0.7610987533666113,0.8329275478943471,0.9572617106564721,0.8132301030708575,1.6390710409951896,0.6624278510180088,0.8358850328813008,0.9663242865218795,0.9236652822755657,1.4348148755040753,0.7116570325814762,0.9853041963545157,0.6447902237505221,1.1598016675386806,0.7344229267292601,0.9283521250483143,0.5862450679992485,0.497256727627473,1.1111630970304907,0.5441136136520806,1.3545853665214656,0.7565255149485788,1.931180166714548,2.3657287458992453,2.972547785731532,0.7604755670519344,0.9355469398472636,1.0190312537953294,2.409863551618505,1.7743383193599829,0.702161503481403,0.663395534245221,0.5718176601786363,,0.8990455691757238,0.9822286983023149,1.2150215702333822,0.6659560086057452,1.2288639119262703,0.7550075885082479,0.7095641472421944,1.722481642968258,0.9200565659138605,0.7891615332162966,1.1895050738578856,0.7399010034865596,1.3141766941111013,1.16291961871206,1.1917559407602674,1.4096449517737295,1.3121443961317187,1.0090664427285556,1.3099174569142307,0.5641012975022724,0.9370740005554781,0.5456504500961442,0.49031882626146983,0.4727436452616337,0.9060681836643192
Angola,0.7666505459586955,1.0,1.1813353753013798,1.4411528725129468,1.2917838482494954,1.5326042377132196,1.4347270588769876,1.1796720392948454,0.8381628771029599,1.3729710175682128,1.8089146480871976,0.6820166689121382,1.3617713964169604,0.9330528465771111,0.9013501038407276,1.6648189607610384,1.1117582845694,1.4337904729377382,1.6666084277541418,,1.3530277336272354,1.6653105126484313,1.6346894545707078,1.5906482455605107,2.0606220448623755,1.0309142432919967,1.0108344188779934,0.9633524425728288,1.663766171451346,1.7406511278656305,1.527754899033737,1.6689838089401894,1.5902874894624663,1.3888064053304698,1.2315496417606677,1.9277783697375672,1.4253473925653855,1.3105844494180825,1.642104818169739,0.7100367461018235,1.0767669156097186,1.5290748604496025,0.7051611207404794,1.5229988550856628,1.347251913261381,1.8644042034316717,0.9962143024053426,0.8637301074810888,2.083273783729781,1.6469960421531307,0.7347255952777348,0.809802178287444,1.3266338026176085,0.7750981628981358,1.3613062773686122,1.5686327275772565,1.2303904568995592,2.0117535268508897,1.796854895825792,1.6785276742000863,1.6060760815848572,1.5014661997052783,1.5431161689436776,1.366568054022631,1.810974490419654,1.4486426296809216,1.631597373576673,,2.021399370386765,0.7650705291245874,0.9750830731528453,0.9417122796792647,1.6498945507021852,2.0686839163114383,1.4810445260930019,1.4160057497400231,1.3573289332654372,0.7697938245240029,1.2181248920730585,1.7320108736127717,1.081227779068715,1.3393367917215486,0.9855452193286272,1.3620980553894004,1.57528166076159,1.8966229723522972,1.5404855110142892,0.8656105440825015,1.1739597444403669,0.8009695071013354,1.1717835843375846,1.8692152392107098,2.2741943753176455
Australia,0.7045652812820223,1.1813353753013798,1.0,1.8826242837632867,1.764728336414842,2.6181164692569143,1.5774410178176923,1.5204720815718338,1.2838035473127707,2.708831158850811,1.4735118575232546,0.7547920974391839,1.095364425584689,1.2481776450044315,0.8412985501321645,3.1614887012881168,1.5697955466448887,2.5756491382766193,2.8299024657246554,,2.795832919469283,1.8533892857754477,1.3740054752525586,3.0903271900077964,2.5714207225177965,1.4434859435731613,1.1327720737338376,1.4535495111460763,2.7298998483308523,2.0125544565312934,1.4019984539659283,1.579199812380918,2.8251681753223585,3.215545021321813,1.5312675207511752,1.373456487062033,2.3680371172576473,3.494193582813918,1.2047537076466892,1.149197107254326,1.3802002131250233,1.8082238720124189,0.9190867297961648,2.3642695440140815,2.469110411709849,1.2632406964762892,1.1083500291305077,1.0296342765644875,1.826504298107804,3.209190706979179,0.8718349501468664,0.6497704740347567,1.7805700694405293,0.7203445645620198,1.6036628151836716,2.942115251115459,2.4048409676995104,1.5759681955945566,2.108906662616895,1.393117588246002,1.2869085273317915,3.8330676798992602,2.8840856516922337,2.6031675303642725,1.2102295831631644,2.850801601383301,1.1235530867428651,,3.1713888457934143,1.025729863318986,1.4837296192401497,1.3196686929380799,1.5908537917343948,1.4933475210833296,1.1850040664988526,2.642932622997768,1.3390680989881876,0.9329854741287548,1.7846771793736846,1.3190647297227136,1.5913696493092775,1.801840002471113,1.714229993744513,1.9512382080163557,2.002441053608581,5.630988373030386,4.425498625444312,1.0293533256162595,1.201366550409498,0.8187312799719269,1.292553809713529,2.4947864911732713,1.616691683521207
Austria,0.9270506132764814,1.4411528725129468,1.8826242837632867,1.0,0.4932048465339793,0.6398374037934227,0.5727230380025798,0.23639154683091446,0.5899213016720316,0.695236232118252,0.6336410443936608,0.6089826866518692,0.5208174757570273,0.4049147396305182,0.9095098038062385,1.0251086381509236,0.2862926570983447,0.6368038639142041,0.7702069769152947,,0.8995816194442054,0.34223781863132474,0.4402416979549648,0.8514783495189647,0.8830901760409445,0.37221755766651543,0.6892053501242034,0.4585784018151292,1.3293066228804156,0.5350520537542575,0.9911183906347397,1.2656207855711337,0.8058382882071505,0.9451507297938647,0.3236797210603314,0.49683031205987654,0.7574051369168024,0.9749053594522789,1.1302150134643534,0.3597140844029175,0.26637915686648816,0.27621878649641646,0.5023444949902107,1.3509839744608159,0.48919098027796637,1.2560858614659687,0.4928388930052235,0.7929920940828126,0.8475326827716452,1.1428403188421494,0.9577808487510405,0.5972794114912716,0.29373458090948557,0.46579346644123165,0.5833372770141407,0.7471053496930754,0.6051891496002169,1.7738031415285969,1.3883509386567965,0.3831156776468538,0.6456758714480462,1.3276947713719691,1.1325895439633251,0.7021748060147665,0.8277944492862069,0.7237898667808386,0.7834599285158187,,0.8467956477334884,1.079558452501883,0.3784005835225524,0.7478533976145466,1.2674236263605159,0.7228126905297175,0.5358472944146487,0.5846000399710423,1.180502608426256,0.5191953678876442,0.33197405771976335,0.5711256108156549,0.4005224667154246,0.44318783779518756,0.47898237776810976,0.38298296285882677,0.399877616723138,1.1117658544005493,1.1388315055292555,0.424929659130397,1.0574059526545447,0.5010719415162532,0.4008517212939895,0.7675945992140037,0.778718341938419
Azerbaijan,1.262305181743938,1.2917838482494954,1.764728336414842,0.4932048465339793,1.0,0.617324341973791,0.56137243343457,0.5242929323800272,0.8448172252175224,0.7697007629400212,0.5823666286378608,0.6493257908232674,0.5228703581373251,0.3839610533211611,1.084661591184857,0.9044880295384468,0.3636750545804879,0.6613073148226737,0.7811524317145367,,1.3150075935558505,0.41971350177474487,0.57879800764335,1.0452018486401,0.8105978695126297,0.4023067783340922,0.7200774643878239,0.43973942926972204,1.247153654302423,0.698034063845477,1.2454584372192494,1.0653375133647072,0.9161038506105016,1.3541032825022474,0.35890213675969274,0.5964368635155549,0.9762995663746888,0.9531239153657003,1.3331137345221153,0.4586029548001716,0.38999901052449093,0.47041105597081295,0.5476443564403606,1.4090092972111445,0.62292290046745,1.1579635792478495,0.5122925278178381,0.8643834914563161,0.8206563787958475,1.1358167847438962,0.848471832458794,0.6039842333907941,0.43170739354355686,0.500776304348873,0.5490268716610857,0.7366770489831415,0.8518463434189869,2.016489415921106,1.865188250369747,0.4839183336598817,0.7626107410201712,1.5099167855039184,1.5146736604853785,0.8346342688122452,0.7628102583635917,0.6710880824986719,0.6863583477329088,,0.8026448819641065,1.361472811094455,0.5244609566093744,0.734565016284896,1.3668229370739884,0.7224239099231807,0.5530191524432162,0.750867120504188,0.9948957870263254,0.6327485985440572,0.41420267806041716,0.5727112494706743,0.49637690967973536,0.7398314679021045,0.6804802892478213,0.5670843064050476,0.5785396647021176,1.067336815654508,1.1970840361061907,0.4246483498887207,1.0389018593413135,0.5211102011755727,0.48405299567866555,0.7086084677833437,0.7982854010724921
Bangladesh,0.9639985462503371,1.5326042377132196,2.6181164692569143,0.6398374037934227,0.617324341973791,1.0,0.5634845267047125,0.7585411175307709,1.0311991873663577,1.512537254106105,0.8970499746025208,0.6564103539786296,0.4185628085709957,0.6084767845477854,0.8193636671627049,0.7185117559480307,0.683611618982559,1.338578203341619,0.6138660918947361,,2.0114089340034846,0.8662644908042181,0.8104888721866729,1.722980189815049,0.9273006353378112,0.8342439561111294,0.9146299388116588,0.716064475520084,1.3827168566116435,0.9894745132706834,1.1146731334552624,0.8180239995955094,1.0096094537918525,1.828623123210924,0.5533847799632571,0.8435939872101608,0.9342591901229089,0.7707044657525634,1.0181648867468658,0.6292714474293235,0.6181854307654487,0.830029253335074,0.7777779375791485,0.9969745605573357,0.6748817882697902,1.0542253654575406,0.5471643218254585,1.0704810365593393,0.7982612909118756,0.8199692155995029,0.5900047969621649,0.5365391515740858,0.8679009946990188,0.5372221694299539,0.6565836785300123,0.5319275657908599,1.7261827898296136,1.5576721704091645,1.430671511462474,0.6628336367781429,0.9293510429902045,0.8903639051624733,1.560783017319583,1.6117242679772228,0.7718257283197485,0.5767944540760845,0.6723718551448903,,0.5714133420666421,0.9810662994904709,1.000711649101477,0.6886205587223609,1.1490359377850417,0.8391859228180214,0.5872871005976952,1.639771495638955,0.8425393046684396,0.7489476217497387,0.9288024142381255,0.6993617817968953,1.0581352120959246,1.0756432560985865,1.0761173449826775,1.2824825437731957,1.2366203907291817,0.8143871573203713,1.2553880384043141,0.48253268961615725,0.87693166896444,0.5324514705704763,0.49872163447685475,0.5696335633343717,0.9679137578260616
Belarus,0.8713117319485428,1.4347270588769876,1.5774410178176923,0.5727230380025798,0.56137243343457,0.5634845267047125,1.0,0.6890990886550274,0.943778517165761,1.292550010938206,0.934352389075686,0.6337117539624997,0.4456781418067889,0.5477412814454161,0.8664847477152942,0.8714473600347281,0.6165972720979175,1.2877494172069617,0.7184147510898153,,1.9330756768733182,0.8480001599499231,0.7986237375694295,1.7352632497821028,1.0453208993388867,0.6897357701891637,0.9161157981013264,0.5711461764519326,1.4163806316846743,1.0244936232269288,1.22711108338252,0.9744772917538,0.9851852946325824,2.1933599845190863,0.4572270794763695,0.9127658711495874,0.9623973001359017,0.8070358472812662,1.1044482522835324,0.5705973232919618,0.5396858680921334,0.810988797961958,0.6642094880184748,1.1218249569679304,0.6520212703713573,0.9793804109871197,0.5826077667670138,1.0226679653454962,0.9385986491380656,0.9107180618957573,0.734240414308245,0.560428721143032,0.7412939627005466,0.5085343785625485,0.6903004547666126,0.5602491997312027,1.5644388212381548,1.5884477049688899,2.0292099910288943,0.6848928643895058,0.9626339720838055,1.24491359916676,2.170744567167912,1.3284494540291423,0.86381925020575,0.6352576017772456,0.7499441980027979,,0.7828522688817124,1.053833209356657,0.819352109834485,0.7192987554217515,1.2817215444721772,0.9307635380770906,0.6336514888941106,1.425069519877012,0.9580739798542846,0.7318210435354205,0.8054515674519227,0.7819831079095683,0.8969181917600548,1.0067400381203122,0.8537751819408785,1.0945226520661075,1.1342645912910667,1.1685611176773039,1.9574818496334139,0.47176353246733815,0.9495528430573981,0.5381850140273079,0.5136798507853573,0.6566749079095812,1.0686865490415085
Belgium,0.8152276831108702,1.1796720392948454,1.5204720815718338,0.23639154683091446,0.5242929323800272,0.7585411175307709,0.6890990886550274,1.0,0.45950291902006235,0.6887894777092074,0.7591376930264232,0.5696245874274584,0.5536052238501029,0.4153305183986258,0.7740316740139686,1.1254507959174629,0.29224419560459325,0.6385310856536278,0.8220172397375386,,0.7846961246063943,0.4252149746460528,0.44152319554695446,0.8374047859288514,1.0186161476944093,0.3727838934800448,0.6822030787099673,0.473588847221241,1.4321115122248962,0.59420938572295,0.8839972211267043,1.3410311681779628,0.8316535147345653,0.8247290313775597,0.3569825380070141,0.6464223119407101,0.6925374270898834,1.0329572272337308,1.0690103569286757,0.27436621926438587,0.273105102505235,0.3053054300861357,0.481567886211723,1.2246304372293504,0.5305091260228297,1.3255461909530304,0.49066057099754595,0.7222250322180307,0.9519184098435811,1.264680555526817,0.9326008430862105,0.5918506927620772,0.33652593083651156,0.4380813753330197,0.6247618630558837,0.8447833497673899,0.5975447716645385,1.6959995998712492,1.2142478294321501,0.4689915777412935,0.7087666431555186,1.1657714584309253,0.9730977101826881,0.7005836929043531,0.9439123605643455,0.8188026530659346,0.916910784691428,,0.9307952989700212,0.8690767260077151,0.3838490070429337,0.763903764602518,1.3851493081306674,0.8734701378125501,0.6348277594826971,0.5860572560669215,1.238159905788807,0.4598337406379309,0.3260938535462208,0.7103464004524623,0.37255542785660806,0.40710506659981294,0.4528404223209514,0.4094005018439858,0.4346466640105012,1.1768019599839352,1.0415377422080285,0.4312873428664511,1.0750831342364502,0.49153503180938624,0.3644234035616588,0.8491933307889037,0.8680193539583023
Bolivia,1.067265591414433,0.8381628771029599,1.2838035473127707,0.5899213016720316,0.8448172252175224,1.0311991873663577,0.943778517165761,0.45950291902006235,1.0,0.9910992559148974,0.9859763023853662,0.5824368993753591,0.7598093268051039,0.5927063901222761,0.7048900847451994,0.9235841970042662,0.5504685332624112,0.68275866585362,0.930452422264758,,1.0093163657422504,0.7158717309561615,0.8383296053742251,1.1069563382447456,1.0397218614276398,0.5109962138051627,0.7480922007557064,0.7306240316704373,1.526276356737629,0.850104508769734,1.038615852756193,1.0647695884003954,1.1021907892950997,0.9235250557025023,0.6507435792575741,0.9434609494582176,0.8815697870404011,1.105234035571771,1.0388137748169872,0.45481682906015203,0.5188781813901868,0.7050174845290884,0.533053197460861,0.9899991811080587,0.8064358090623834,1.1878378329971415,0.6251946460315726,0.6600273626465588,1.0415053887554069,1.1914972620674031,0.772564376433102,0.6703548460801523,0.5886089761027117,0.5687169526791056,0.7425187713153439,0.8845014741022922,0.7315840957523737,1.4911652241005642,1.2468359419491377,0.8305372247051489,1.0721005689767626,0.8362956135910693,1.091982053520642,0.9345926041384345,1.0855161798023838,0.9181316948324194,1.0045984903652851,,1.0372183912711757,0.7270745138048812,0.5878811613971098,0.8888393763172912,1.3414904957616494,1.066194270680882,0.8764531312075609,0.8175571759369444,1.0028190001317765,0.5112682322557508,0.5239453247211355,0.9241610875829468,0.4972726960584249,0.8912413723309881,0.8073867729328933,0.6957923612444783,0.729868643574603,1.1018158558424307,0.8652700980935878,0.6193831121038412,1.0778615120874724,0.632223788482929,0.6085919310577448,0.9317937711017251,1.1207163524025934
Brazil,1.6179900485868108,1.3729710175682128,2.708831158850811,0.695236232118252,0.7697007629400212,1.512537254106105,1.292550010938206,0.6887894777092074,0.9910992559148974,1.0,0.5719584474882391,0.6502036132270108,0.5821750230667411,0.5328304452649143,0.748507225722701,0.766558562910927,0.45974682323449534,0.494378949734371,0.7674759631037714,,0.6406888328570933,0.4380249202884821,0.4493753632153064,0.38641477367950866,0.6613096336505296,0.4356626844971961,0.7307790905288666,0.5366912202283647,0.7530311431293321,0.624374478722402,0.7430172785935137,0.8991327054918236,0.6484868512068426,0.670519397451189,0.462719059007034,0.5093974956698952,0.7326130425573221,0.792433470936405,0.8495788787308368,0.4825065447145854,0.44171582207319826,0.4518383373598248,0.5652332727194106,0.8967749697081522,0.6137743010581321,1.0069839561296996,0.581586083023947,0.745171987372831,0.6323333073949309,0.9512233642055327,0.8307463102522632,0.63174317302128,0.43078204346810256,0.5558825346988638,0.6124749362263847,0.6939241578817604,0.5382260472521293,1.3292661312433944,0.9998540902017841,0.4794706898361564,0.5728174286792928,0.8156465427911573,0.5976913522201358,0.5894745668571502,0.6465371416162032,0.720145421817646,0.6664714308532625,,0.8043665161974212,0.8736889673365237,0.5259873943178873,0.8039910983343914,1.0692597625450668,0.5838890898771427,0.6325645737063,0.41795342332367813,0.8631956854020069,0.5937624933367495,0.40198479176473356,0.5354402622597925,0.4201082838735227,0.5766705707546421,0.6121218432914712,0.43664569972096745,0.44186173529090805,0.7962352074447352,0.7739102932746748,0.5393181437775719,0.7748572255531341,0.5908963514793167,0.5289214531968005,0.7151955712551854,0.5088388669211719
Bulgaria,0.9259054077845957,1.8089146480871976,1.4735118575232546,0.6336410443936608,0.5823666286378608,0.8970499746025208,0.934352389075686,0.7591376930264232,0.9859763023853662,0.5719584474882391,1.0,0.6603230126895981,0.5376820134092257,0.5082164472855638,1.0561800778915191,0.8200001754028851,0.42787771927325285,0.6128924463205906,0.7421409339092169,,1.1392064283692365,0.3732393641071337,0.4779282986152794,0.9190826290587589,0.6786021527527225,0.4582477553952562,0.7728183596693997,0.5330130964017923,1.3915465662664137,0.6172535760858103,0.9738971636639245,1.026899550041718,0.8766071475369716,1.1526308782625432,0.4217523641692252,0.404443637022997,0.8695019258591811,0.9705823649897011,1.1027121991296238,0.5141142511111725,0.4428558963795239,0.4683402152184513,0.6341073518433934,1.2884026762666172,0.6462294269798778,1.1672941840263882,0.554954272192652,0.9536551886188714,0.7218869550800784,1.1184256511721713,0.7946641418416313,0.5808517042310787,0.3970035206745641,0.529770700950499,0.6098963117812957,0.649389533972081,0.7725690823496862,1.733385478910613,1.527578093998656,0.37118247509339497,0.5352296323078749,1.2293999272231517,1.2855942870045223,0.7570792492411779,0.6504503447116899,0.7031321957417916,0.5844983926721442,,0.7888103910509962,1.301826411500837,0.5616953931839062,0.7607049290342752,1.3827914082218489,0.5568063036681623,0.5658068348603772,0.6775228286882055,1.0385575533759368,0.6332717891341878,0.43006922845803336,0.31607404349319007,0.49670818372427705,0.6781346525707896,0.6911438597826287,0.4964196432283311,0.4658629182671512,1.0300270806479792,1.0585421625303393,0.5047857616532556,0.9850495863566526,0.5571840923359103,0.4920040033411638,0.6757940467105265,0.6452454687325437
Burkina Faso,0.6706593115452831,0.6820166689121382,0.7547920974391839,0.6089826866518692,0.6493257908232674,0.6564103539786296,0.6337117539624997,0.5696245874274584,0.5824368993753591,0.6502036132270108,0.6603230126895981,1.0,1.112941263913988,0.9138234970994513,1.1334899082285335,2.5068200337172613,1.194621554420597,1.8455735627785899,2.9477312587348345,,2.2887133183938655,1.7109025662198096,1.9373052828968544,2.343113507521973,2.250051638719488,1.085971419606856,0.8692009016342184,1.0912198353253788,2.9240137476907178,2.1693319260237396,1.7588202967503592,3.027576839397643,2.5008465904980985,2.268680750965403,1.2455773775407764,1.8742420300706968,2.419217589938801,2.9760640382039996,1.922432996879657,1.058915800523287,1.2577222538789359,1.776183089759342,0.5288366301258949,2.039118710229577,2.2112593420325646,4.295715999116911,0.8750998691429792,0.7329931344009566,2.166631185989826,2.893498499157336,1.1906241559985082,0.7736891256775862,1.498680672022652,0.8499431157634278,1.143206977720406,2.435521432146706,1.682397214878717,2.647045583212001,2.3115070644372975,1.857595654832997,1.744759547870554,2.4401645962066802,2.7682245450848626,2.1636328196046257,1.9616527729050983,2.4150382815880227,1.8785289383847668,,2.2071461110327837,1.8634437750816795,1.2072469318049472,1.2805666576004489,2.927210818391923,1.9005174848180146,2.037272083922147,1.8848045800728355,3.2769801856885348,0.9808464519444414,1.417756590787471,1.8125287773060186,1.296358078748109,1.964231343090739,1.7237762738483198,1.6930333858617377,1.79580955132115,2.696727722963452,2.440811139932574,0.8185730437575562,1.6619207695258464,0.7607486133835398,1.5264224277592442,2.2914525807800943,2.002588220353047
Cambodia,0.5704401456222001,1.3617713964169604,1.095364425584689,0.5208174757570273,0.5228703581373251,0.4185628085709957,0.4456781418067889,0.5536052238501029,0.7598093268051039,0.5821750230667411,0.5376820134092257,1.112941263913988,1.0,0.5690488454003028,0.9750128209028203,0.7108641912996964,0.7179386481242369,1.2124907773174654,0.7847335598119454,,1.730590523066942,0.9008009909364589,0.9310826822171395,1.3558675762463623,0.8517675153066303,0.8229743024257916,0.8781904242330351,0.6999908693797081,1.3632479413283423,1.0874792064800232,1.199036499896942,1.0587272845587046,1.180269209094743,1.6166990260416862,0.569111964236655,0.8294938201791465,1.1710078320645543,0.8550728186347426,1.068109205088907,0.6271072028190757,0.6602058649932971,0.9196048451427048,0.7292508490614312,1.2878559028354866,0.7965370413079645,1.1858144819434076,0.42289761340962345,1.2054597385433004,0.6691436610279786,0.8807964575675558,0.7063241332679868,0.44766936672774243,0.8902002886166283,0.44117533983540175,0.7070345112068974,0.7759307540349074,1.4184375210897004,1.8457999804665275,1.5447334124689254,0.8054452823994378,0.9403578998549521,0.990822587373279,1.552167696363784,1.4438603987833654,0.6665326968833957,0.6938533255371088,0.5781608061747869,,0.5831208191337911,1.247329588393813,0.9884885412726861,0.6647731983937542,1.6002581936310674,0.722309787024709,0.7327912377579493,1.3056462075328608,1.1297717148846693,0.7642706504599039,0.9368404281632738,0.7909740697303529,1.0171107012314453,1.1552512714655239,1.1002563935532068,1.1346981977043393,1.0841817802785807,0.8158847810555877,1.369875771087129,0.37757309316806903,1.1142964884087618,0.43940626896661744,0.5031446630055735,0.5281982612981467,0.7951151095332651
Cameroon,0.8124597413306767,0.9330528465771111,1.2481776450044315,0.4049147396305182,0.3839610533211611,0.6084767845477854,0.5477412814454161,0.4153305183986258,0.5927063901222761,0.5328304452649143,0.5082164472855638,0.9138234970994513,0.5690488454003028,1.0,1.1401623122854343,1.174075007554503,0.3758712544385427,0.9340629091820786,0.9414280785903147,,1.564793111663834,0.681922847254457,0.85925149377387,1.4249104206199201,1.1639434537610398,0.42836982905986504,0.6348361842315079,0.4797002028329414,1.7612815811449716,0.9480007214529328,1.6587994689025818,1.6480891039006782,1.3459540329657056,1.6278456182642003,0.38083234988815523,0.961232928091538,1.2581229021950422,1.178338112330917,1.3605913877421072,0.4038571832899461,0.40238503802554154,0.6651223012725321,0.4462779030345393,1.8515929591667837,0.7679479946375817,1.4763273688444554,0.43313985981704867,0.7450206866929969,1.0151829773025878,1.3110860133793072,1.0240342937130016,0.5779865250709643,0.5862038853869233,0.4223634089822632,0.5763661197205983,1.053193789113667,1.0725599393201635,2.1185739181262573,1.8572503498354431,0.7619886338323215,1.1450427881208245,1.8386743901934899,2.0513549236787547,1.1158027169646483,0.9889127237043746,0.842400555003986,0.8993436428525002,,0.9077261404612219,1.4864602742581783,0.54374546573846,0.7195631892100409,1.8931260689954033,1.0168634672909274,0.6947144927720517,1.067002064075298,1.387153589111891,0.5691721831416481,0.5552441361720433,0.9586373471890854,0.6060456824208333,0.9479284110430785,0.7915689740197956,0.8146651003850318,0.8562450545137091,1.2911085065749457,1.609277534776987,0.2989841470924695,1.5563838778106571,0.43993018244580434,0.45613323929112953,0.8122131173176148,1.0955422268212296
Canada,0.8523322537612155,0.9013501038407276,0.8412985501321645,0.9095098038062385,1.084661591184857,0.8193636671627049,0.8664847477152942,0.7740316740139686,0.7048900847451994,0.748507225722701,1.0561800778915191,1.1334899082285335,0.9750128209028203,1.1401623122854343,1.0,1.4614411665639668,1.795408136485427,2.0261917620518566,1.8962399018480465,,2.5489177704586767,2.258216168056342,1.2117537648600059,3.4982285748546142,1.9313423524883746,1.3107787119800363,0.8872535238984813,1.6869921596861706,2.098858847355687,2.4604892240764378,1.0843509856851776,1.163110148649592,2.004188523268969,2.438612983112217,1.835115897456081,1.6606332847886258,1.5504012075539297,1.9109278435202985,1.2490595017233426,1.2592981172437276,1.6066469967352761,1.9289837998729886,0.7031466284611352,1.2511767577474417,1.72539623848905,2.0027588978502484,1.277784868421314,0.855381355092802,2.246369697961432,2.0066871638943917,0.7077745696922959,0.6660818092962184,1.9181646747013155,0.8393151861092552,1.3199451042808337,1.8038374399972876,1.7508383380959953,1.5369712676038834,1.629627773496097,1.3357164821537584,1.2594098913900484,1.2085899463835426,2.123655887354632,2.8377103704649222,1.610337199969436,1.3923081228832468,1.4912501315564222,,2.0431228093071563,0.7879536433249246,1.4180341481192764,1.7047333790317452,1.3007425867558364,1.9816946113493845,1.4031559979933426,2.621841134170791,1.060550517936934,0.7713311029670648,1.8899981256969685,1.4238512573441209,1.4281712912784437,1.753213920395104,2.124596228166077,2.107561377088949,2.360249329327445,2.422024569892562,1.9970282057234445,1.421956823364545,0.8675618735330352,1.0508596026493744,1.2357152139203345,1.3380908006395333,2.1484522896809284
Chad,0.5851999863472337,1.6648189607610384,3.1614887012881168,1.0251086381509236,0.9044880295384468,0.7185117559480307,0.8714473600347281,1.1254507959174629,0.9235841970042662,0.766558562910927,0.8200001754028851,2.5068200337172613,0.7108641912996964,1.174075007554503,1.4614411665639668,1.0,0.6629581413823578,0.8320709169445448,0.6514503732918739,,1.8923383333708563,0.5963129699717887,0.6700119872439845,1.2711967415213867,0.44227678209169474,0.7196007874660961,1.0143868097533468,0.7279678326073781,1.0127909701101714,0.7912373752442211,1.058785374844365,0.6708877616769267,0.8789608598340964,1.9546005975365326,0.5971835491548176,0.5427697183960707,0.8634453446022126,0.7454317678131306,1.576936348551866,0.617258758247232,0.657181953935831,0.6813936752972424,0.7783739926433817,0.9382981305666155,0.6480914467988251,1.1208884896011648,0.611887833407253,1.02814290123703,0.5698313489629464,0.8764965329278591,0.49891192989167554,0.4463932196063391,0.6737108271731128,0.5273166842251973,0.7692326793862582,0.644236547341453,1.1157462290447746,1.925206598656113,2.2559307128497825,0.5586291874330698,0.7096132037262223,0.7409608356816275,2.151937073053794,1.1117454072385395,0.5653657789010387,0.617785665375209,0.3580153914892304,,0.7644768865125301,0.8896155886253343,0.8421787283619943,0.5990640661455283,1.064978550543641,0.4467280779399997,0.6354724942688468,0.9990359120435727,0.7938652705831022,0.7041751054579939,0.7155670025224578,0.5065844559701794,0.7908401035088407,0.8953782968032002,0.968237038889599,0.8166177523863086,0.7632503775856424,0.8895928624020933,0.8096099123237529,0.5475809458246729,0.8016343722951855,0.5193713837497257,0.4948469815566507,0.36664974423594276,0.6533580082694689
Chile,0.9365984574454974,1.1117582845694,1.5697955466448887,0.2862926570983447,0.3636750545804879,0.683611618982559,0.6165972720979175,0.29224419560459325,0.5504685332624112,0.45974682323449534,0.42787771927325285,1.194621554420597,0.7179386481242369,0.3758712544385427,1.795408136485427,0.6629581413823578,1.0,0.5926768537731877,0.7378223267321888,,1.075820149564134,0.330848718932338,0.5293728569594301,0.9645877032163954,0.8103613203442592,0.2132511554773199,0.5661801776843538,0.3207735695549225,1.3481183692185283,0.6081402478507572,1.3230534928531144,1.2214612081596805,0.9181675488633715,1.1082397708296927,0.20883339469018405,0.5961017901805973,0.9106984894149786,0.9288094658993672,1.1624027849880674,0.2796866898023126,0.19774874138563853,0.33287113059439816,0.3807188215318314,1.3180070092136735,0.5722161969517391,1.2059779317022707,0.4045385331387285,0.6995196955951789,0.8206921105893981,1.0732882727061521,0.8754378861599815,0.536041439769392,0.23795168264022054,0.37949584872231396,0.42864191713968003,0.6828262250220825,0.6479840421665632,2.027377548284148,1.523724993197701,0.43986053590618523,0.7953867701807438,1.2990491939623123,1.5155326232403876,0.7053019400749921,0.8144112581885885,0.6560780850560031,0.7322815599455291,,0.7494985647178571,1.168678464835261,0.30540082414791764,0.6623089932581402,1.5947109331821332,0.7371383169515114,0.4964679017266713,0.6338307355709887,1.1355280918629287,0.4354453870862325,0.2331018519807024,0.6023175486633048,0.3072636514918725,0.5746638564748081,0.5023562901733472,0.4274215636052254,0.4467116862653056,1.0169160367908185,1.1230352779932429,0.3276884028682284,1.3274205761803148,0.4130116139248509,0.35667875839724006,0.6856488165846663,0.8224922095002167
China,1.5411356559624088,1.4337904729377382,2.5756491382766193,0.6368038639142041,0.6613073148226737,1.338578203341619,1.2877494172069617,0.6385310856536278,0.68275866585362,0.494378949734371,0.6128924463205906,1.8455735627785899,1.2124907773174654,0.9340629091820786,2.0261917620518566,0.8320709169445448,0.5926768537731877,1.0,0.6716990634381924,,1.2858562387337693,0.35027218371687135,0.5375891345162583,0.9930326950353738,0.6097870292081333,0.32829086308170125,0.7176136031671728,0.5315871357783754,1.1862797585785232,0.4884822549084872,1.0717631592888626,0.7284195190231377,0.8494168822552647,1.2314241855598036,0.41983002912188183,0.45919641560514785,0.8189137942062974,0.804075408584452,1.043209345201965,0.49153136611875015,0.39364087697133643,0.438172631919454,0.5417537366680909,0.9523769008848874,0.6201533041570669,0.954357119852803,0.5241299918733134,0.7301627508261331,0.5967071344687975,0.9007348599812128,0.6658318085182989,0.5557607660665638,0.3903360505200531,0.5117652097262423,0.5371012850942792,0.6062242407919077,0.7097062324486662,1.5251462328499303,1.389362716257462,0.42983257241951855,0.7005410220142946,0.7785549973925852,1.2887161647032028,0.7733406532730336,0.5542500470005759,0.635723865913914,0.5624832999406923,,0.7099256459181297,1.0083380071082997,0.5017815513666138,0.7100860682469835,1.1936712204088187,0.5538861162268982,0.5793433905043955,0.6366977286926641,0.7972400117941429,0.5946430072072655,0.29841009228950816,0.43917171675159444,0.32379958229426303,0.7566112410338324,0.7366518817616666,0.4996079514099583,0.4666486205185945,0.8388505040931102,0.7307617833886302,0.48434125967236935,0.9334261577524011,0.5363844819337171,0.47056955220729446,0.5980265576697001,0.6292605395419784
Colombia,0.6998426311610597,1.6666084277541418,2.8299024657246554,0.7702069769152947,0.7811524317145367,0.6138660918947361,0.7184147510898153,0.8220172397375386,0.930452422264758,0.7674759631037714,0.7421409339092169,2.9477312587348345,0.7847335598119454,0.9414280785903147,1.8962399018480465,0.6514503732918739,0.7378223267321888,0.6716990634381924,1.0,,2.4749255495586078,1.2636346963750094,1.0239145903738733,2.090967860863276,1.2180228431688518,1.1859818048212354,1.1859230198954802,0.9458180540929204,1.5106680305636244,0.9805982021431381,1.3437248218741353,1.022985177811871,1.6142360696750908,2.700346547597821,0.8554871282834351,1.0661033763391832,0.9462495044923527,1.2726273862249393,1.0807815991241922,0.7924808352217344,0.9286361497776902,1.058668853810687,0.941312802774618,1.737344265942206,0.924919413041646,1.0395502151770144,0.7087082004578693,1.0515093555015183,0.9954977289411253,1.552731625030694,0.7945900391842982,0.6512739174054171,1.3565095813481691,0.6835418967786103,1.1920614068739979,1.3582556677445063,2.3286098441330134,1.6027053232114206,1.902338936536028,0.8925973581368525,1.142936455291252,1.7065327090318987,2.872467919885093,2.0973144041885603,0.9143772102162969,0.8553772365695357,0.8160503732398967,,0.9760741035067518,1.1999920354000984,1.258534453850921,0.8099670975982811,1.109060700659975,1.0448061698841669,0.8110522031520064,2.0435684737178974,0.9317127448669157,0.9266960797145157,1.273133304124723,0.9235345997119521,1.3992918007488975,1.4088302189209099,1.436340844854365,1.664469017685163,1.5831899166958083,1.400978255623268,2.0226668216233383,0.6552226807262506,0.9675402818484176,0.6641368908331698,0.5543366614527951,0.6495759663546206,1.1588033753038314
Costa Rica,,,,,,,,,,,,,,,,,,,,1.0,,,,,,,,,,,,,,,,,,,,,,,,,,,,,,,,,,,,,,,,,,,,,,,,,,,,,,,,,,,,,,,,,,,,,,,,,
Croatia,2.583746618238806,1.3530277336272354,2.795832919469283,0.8995816194442054,1.3150075935558505,2.0114089340034846,1.9330756768733182,0.7846961246063943,1.0093163657422504,0.6406888328570933,1.1392064283692365,2.2887133183938655,1.730590523066942,1.564793111663834,2.5489177704586767,1.8923383333708563,1.075820149564134,1.2858562387337693,2.4749255495586078,,1.0,0.4656028285635254,0.5312285435290822,0.3842065275642494,0.5377365250366869,0.46929101671307555,0.7338447963267332,0.5929424927157031,0.7473971403269811,0.6315253380336547,0.7243655776233084,0.7887924472491745,0.6509047217847849,0.416042605263346,0.5192894016603273,0.5284726875984523,0.7242068339099389,0.7599356327052088,0.837006242419682,0.48536399957928594,0.4825286387478782,0.4877836727505253,0.5644704012232443,0.8132227727738737,0.6091724500130052,0.9168146428717203,0.6173951353358003,0.6858838434436427,0.5386241994285423,0.8564968203872622,0.6593964333819938,0.6078424026030043,0.4583615798690135,0.5688856100876296,0.6270835276849657,0.6510298800129427,0.3573141711956694,1.256629307147851,0.7995125747859917,0.5350180752831866,0.5681737218712322,0.5882783453534969,0.6318933336109014,0.67709833254322,0.6367218641895364,0.681204955778864,0.6026545199742654,,0.6611852760387502,0.6819605344700985,0.48594249209526663,0.7796716053510591,1.1004840592214362,0.5203493556260416,0.6604997416281168,0.29746958157473813,0.7463521772711239,0.555431900171025,0.4296155432462337,0.5625064059315604,0.43091962705654474,0.49930722713440634,0.4993675164937503,0.3735184253042668,0.3969256946567909,0.5266430836336707,0.6787164869083437,0.5834564580469204,0.8214449025352392,0.607781717964118,0.5510875524558274,0.6038677114428387,0.48719097440464293
Czech Republic,1.0474180227848655,1.6653105126484313,1.8533892857754477,0.34223781863132474,0.41971350177474487,0.8662644908042181,0.8480001599499231,0.4252149746460528,0.7158717309561615,0.4380249202884821,0.3732393641071337,1.7109025662198096,0.9008009909364589,0.681922847254457,2.258216168056342,0.5963129699717887,0.330848718932338,0.35027218371687135,1.2636346963750094,,0.4656028285635254,1.0,0.37955690907575973,0.7812217689409241,0.5488396651958422,0.25128881678877873,0.629853861292517,0.3783321853321649,1.1395231652414963,0.41483196950876505,1.0949205841737641,0.8928689354028824,0.7472147780046816,0.9812166174242184,0.26390252145933935,0.28898411818989883,0.7824278223264806,0.8140354286140389,1.0798891199286333,0.37415161255313417,0.2742811644864632,0.23933501935340948,0.45965169612291673,1.0608051746020204,0.5438007852306909,1.0483622510981623,0.4478210333288328,0.7793989003844518,0.638010030119182,0.9131811715174413,0.7146617674279421,0.5158836895371275,0.22073339487789548,0.4271820155760005,0.454147943916244,0.5603445590955175,0.5230024298021608,1.888567598956811,1.4377943950242025,0.24544749463480017,0.5136546497312019,0.971922673233836,1.398966834628972,0.6289136401925809,0.6215381987900764,0.6009400733790891,0.532250754987016,,0.6649068205958973,1.0725870404006792,0.34732199486376647,0.6591662496130499,1.3887396596280759,0.4508314436058422,0.47176788765538075,0.4636640175269452,0.9272963220736946,0.4883235643269524,0.19350817774653262,0.3172916619496076,0.2424328417691849,0.4873861741077041,0.5301091822035966,0.24639118047355166,0.23097694803338373,0.8527861678448917,0.866926994740279,0.3982713882730472,0.9955411926928048,0.46048441340526697,0.3818055249015768,0.5854038520785592,0.5687181408788426
Denmark,0.8648936172843759,1.6346894545707078,1.3740054752525586,0.4402416979549648,0.57879800764335,0.8104888721866729,0.7986237375694295,0.44152319554695446,0.8383296053742251,0.4493753632153064,0.4779282986152794,1.9373052828968544,0.9310826822171395,0.85925149377387,1.2117537648600059,0.6700119872439845,0.5293728569594301,0.5375891345162583,1.0239145903738733,,0.5312285435290822,0.37955690907575973,1.0,0.9720080726320027,1.013111416485627,0.4534566284747525,0.7116353955825659,0.5488158080274976,1.560043797070722,0.6168345865451575,0.6489662674279204,1.3684625286843288,1.04249163783557,1.0014375450760178,0.40965921183074955,0.46494343215671347,0.7755987841669084,1.090925191531952,0.9588161882049069,0.44648173054390267,0.424108611941725,0.3149125322033071,0.5691707220559014,1.12308857403871,0.6795233995719051,1.3196946558103826,0.5344108456481069,0.8430440110154973,0.9101166430140155,1.2097510729799934,0.9219948996619506,0.6008404552983451,0.4291680506498653,0.49924294992772394,0.6376694742351482,0.8694258285003855,0.7262546909853346,1.5208809495763642,1.21262224969257,0.30780656912838184,0.5029078989479289,1.1473781181513145,0.90158951168569,0.7702107789449321,0.795832543451305,0.848096340407173,0.8083653637251101,,0.9172368856432299,0.9521428152301954,0.5478670222972148,0.8518342053778442,1.161855974296793,0.7575423976549985,0.5981523188822317,0.7246076451699475,1.1343977048072977,0.5448706850014271,0.4280296005223938,0.5284014408974187,0.4573665274861608,0.5235946979888809,0.7352315689986564,0.496906745185528,0.48495905022311286,1.2040309515064067,1.0385846372396779,0.5055226540062744,0.7772195680379387,0.5500296580190055,0.41548192302208525,0.8248028730768779,0.7360482221914673
