Country Name,Albania,Angola,Australia,Austria,Azerbaijan,Bangladesh,Belarus,Belgium,Bolivia,Brazil,Bulgaria,Burkina Faso,Cambodia,Cameroon,Canada,Chad,Chile,China,Colombia,Costa Rica,Croatia,Czech Republic,Denmark,Dominican Republic,Ecuador,"Egypt, Arab Rep.",El Salvador,Estonia,Finland,France,Germany,Ghana,Greece,Guatemala,Honduras,Hungary,India,Indonesia,"Iran, Islamic Rep.",Ireland,Israel,Italy,Jamaica,Japan,Jordan,Kazakhstan,Kenya,"Korea, Rep.",Kuwait,Kyrgyz Republic,Latvia,Lithuania,Madagascar,Mali,Mexico,Moldova,Mongolia,Morocco,Nepal,Netherlands,New Zealand,Nicaragua,Nigeria,North Macedonia,Norway,Oman,Pakistan,Panama,Paraguay,Peru,Philippines,Poland,Portugal,Romania,Russian Federation,Rwanda,Saudi Arabia,Senegal,Singapore,Slovak Republic,South Africa,Spain,Sri Lanka,Sweden,Switzerland,Tanzania,Thailand,Tunisia,Uganda,Ukraine,United Kingdom,United States,Uruguay
Albania,1.0,1.3421657263390923,1.660919917102,1.1527536453726255,1.4434582067338477,1.7402205747861226,0.9330113689276344,1.1127812083115372,1.3551218556355875,1.468704856090497,1.3369722826031134,1.458700770574308,1.834159549503623,1.163352668986496,1.3573733015616256,0.8989041654250299,1.184303178567343,1.5505440809200264,0.9442153402173715,,1.5265330063132523,1.3603638375476934,1.1789615593264553,1.5489645610467047,1.149425255837294,1.3117263104219021,1.4247530362766825,1.569537664094525,1.272067554314676,1.404653668297808,1.3341356187755125,1.383585119263647,1.3262006898240173,1.5514626501794595,1.6919410264028356,1.3793515994846182,1.321143290035108,1.7032017603955263,1.3737768103773178,1.1452609880716345,1.0907702369761634,1.2593208300219787,1.4372013371270687,1.5184286382659775,1.0196425732526861,0.8313297064825557,1.0860603215507703,1.2861336386736386,1.769442173943653,1.8066138110359669,1.3715899749821578,1.640611714461079,1.2363830202623123,1.6964085387877257,1.5808320279240387,0.9007747769637631,1.5364398933227097,1.3389868923530135,1.3559809235718219,1.1769780041307079,1.3698302734888625,1.768958042084771,1.4757701353063306,1.3769277532713586,1.6869658293093426,1.7867267359167724,1.7061825165786098,,1.7901430336865973,1.5554536254696225,1.3434528373078518,1.6028312107001408,1.263847093398809,1.6056918840317593,1.7840365942373555,1.5356397901430798,1.779218589736563,1.5052693512348578,1.3445512617818092,1.3170449782950575,1.4047260342517494,1.2981284281419672,1.2947318050585288,1.432619079060757,1.4502132934558467,1.8124945794901173,1.3113531568814967,1.7297250233577945,1.225837018876086,1.6826992713392217,0.8944224563800529,0.8076760628354807,1.6115437582479357
Angola,1.3421657263390923,1.0,1.6915443693347827,1.0226959543954293,1.6577538048466638,1.4626633337484982,1.1917920185159512,0.8819773222872459,0.8135955316579513,1.1715484111395118,1.3283017940717774,1.8098895121390923,1.6020928716501694,0.9229133519493482,1.7492384513832258,1.3198365788914732,0.9535971006287222,1.241421061335654,1.285769634545654,,0.9874416391812214,1.146844075156923,1.2496569713419925,1.16275109902789,1.496904576768058,1.045048624703259,1.7562919488715363,1.821795020551935,1.4585769975085252,1.1491484612420992,1.3117642525267588,1.2008919215713185,1.0896234933638556,1.0503259816887207,1.7234074959653347,1.4028011626653263,1.035463546770315,1.6274595546050528,1.3700733010677006,0.6776726713282263,0.99459583788427,1.0967454254971616,1.8307433380300155,1.4540963919888248,1.071523947757079,1.4937104947011315,1.1194782432541457,1.6249875749809566,1.4567010598694117,1.3271563764832508,1.8589238713453555,1.8188026417729228,1.1044692724755045,1.837777445754501,1.5584990651459225,1.359453009025309,1.034869010094345,1.6204352224700838,1.5900136526793418,1.25373504990456,1.2289409417375192,1.3345194831715435,1.4143811239677344,1.1740073300333098,1.6245224643112468,1.6006170625721146,1.5669438320550946,,1.323570098066402,0.7140602589373414,0.8819204959870731,1.7792230114264374,1.3595985443371295,1.3977243354974138,1.6186541422662062,1.0405395770084023,1.2390405055804576,1.8390394368011238,1.043938526102215,1.4142462551790371,1.0091836183044216,0.9146288945878209,0.7472005413953604,0.9908947466004361,1.073689630246829,1.2524204089626227,1.2943093009091904,1.8033747104763311,1.5017537747315073,1.816301328917818,0.9848479956463225,1.3079524781305243,1.3791665342909813
Australia,1.660919917102,1.6915443693347827,1.0,1.5015482273934861,1.3682105347434061,1.263079896766506,1.5496360957494184,1.570641044231359,1.6111262383749159,1.3690117879765755,1.4535403388468628,1.0826627598804115,1.021228955168221,1.6233866050468768,0.861145202692281,1.5849461240278748,1.6006688633950894,1.3007336673502445,1.402227041170235,,1.4161757450124592,1.4592488296487083,1.502428502601935,1.3558032658316364,1.5437802560364813,1.5519993013114806,1.1122331442410514,1.0465859590547955,1.503383768158216,1.2257265405986464,1.2976881957488355,1.735018598533288,1.2741379902813847,1.44582471038512,1.1157074705178052,1.2939374035415268,1.3387356668718544,1.3225832659395977,1.2899714665879038,1.7245357455079537,1.560069919819123,1.4846979804524363,1.1337164557771353,1.3191892848213576,1.4189590562675614,1.55796105423663,1.7826790072424163,1.2055424597410218,0.9774941735077852,1.2473667263626917,0.9952310284436165,0.7706733192770079,1.5346511814194845,0.6899683148025509,1.2204756601594722,1.3651238986864438,1.4896766665810777,1.3789121335406769,1.4006753399342617,1.4096937434162622,1.3176700379965431,1.3998849023195574,1.3531778114188657,1.4601705469680255,1.017503843651563,1.300410303596897,1.2043348419216524,,1.2941971362041684,1.5981511003100073,1.5472729305205721,0.8886727306997664,1.4430417926222316,1.2030407107778869,0.8580507408033419,1.394044513540374,1.1200964657084658,0.9077185154391963,1.4771138753219377,1.2516957928572303,1.5370133967790742,1.5662549947858293,1.5127610054828293,1.4921745311952304,1.4481290293727296,1.2489389196132952,1.2695938226908317,0.8733178599111098,1.3300072361576671,0.6832997076579888,1.695310361443,1.6722322539014145,1.2110622661156438
Austria,1.1527536453726255,1.0226959543954293,1.5015482273934861,1.0,1.8600223477729676,1.6844548884949557,1.0330441613073378,0.36821382852858286,0.8186510418124405,0.8193201685088704,0.8275960070997592,1.5846422780732987,1.6007024480604357,0.8061029647490158,1.4779674634029434,1.5408298198395032,0.5363177517045876,0.9095621592039453,1.1131462165179444,,0.8035066598776495,0.5422353299525431,0.6360561650816005,0.8660895166214204,1.742957221247304,0.6990913956525985,1.6476999744283187,1.7999836132538494,1.685740127291503,0.7030677867427416,0.9363924139638558,1.510661101480134,0.8261264076104693,0.8563513817325733,1.8901417640281999,0.6584518351660563,0.8623205124524516,1.5943762067459608,1.510924684816706,0.6889440778933824,0.49792909696036963,0.4299776905901621,1.759757970661483,1.5551769854481827,0.6536291076374263,1.407732032483685,1.0855974026699051,1.6309833057871042,1.0942427882842882,1.4679237357537773,1.4381098519396511,1.5049230262437554,0.48452407038389134,1.7128038127320662,1.6831586782589973,0.9693826048992252,0.6962363289289778,1.5590098876236993,1.6519435825049424,0.5899475391725176,0.73679296444557,1.2298152211372757,1.0757432681411863,0.8967736267422304,1.1633650045340709,1.70404550205922,1.1495229347841778,,1.4326593700557846,1.1898752166667272,0.6020487291860586,1.572545720986906,1.3180963637542227,0.9000228129164538,1.7984790426450843,0.6777230323248263,1.511003011418015,1.752654080883559,0.5611888249527353,0.7833475514368206,0.683780756585446,0.5512268599781073,0.6205154317015683,0.5283017193645552,0.5479059000968044,1.2071504497600367,1.46560390224222,1.764359530989837,1.0810614848800069,1.6743659082479958,0.8149029955390269,1.4090361256536261,0.9360966826380882
Azerbaijan,1.4434582067338477,1.6577538048466638,1.3682105347434061,1.8600223477729676,1.0,1.014053183270371,1.727562082457794,1.807087982090749,1.7214053168926824,1.8353304932967611,1.8301477800554578,1.1222393584844383,1.1458545783171041,1.8788578640452709,1.2913255663595324,1.1722534898108972,1.8915587028706353,1.8403219550609093,1.6398903012944386,,1.7299108678982296,1.8861460882486736,1.7782751247004605,1.7706934341503497,0.9316453974844775,1.8851002701664883,0.9317366643123167,0.7599384191368144,0.9495882030154216,1.766628859794757,1.5477524077713616,1.0175850636149235,1.781578552448226,1.7241945394368652,0.7126486963730816,1.779648243291592,1.6754587618379708,1.1673968428347221,1.50816217016908,1.8124637459274315,1.8694639749902489,1.8523698489449107,0.8605950502601373,0.994831248794446,1.7851637643431773,1.308730346478077,1.7178048357668911,0.8851267705957924,1.654173389484177,1.311007597030944,1.444130603832569,1.3708031338601416,1.8759420489144922,1.0663170177599286,0.8733659879303043,1.7095974543351944,1.8138052277215275,1.0870179224266727,1.3787625683533042,1.8134732470801738,1.7287384437865103,1.5390628760582232,1.6058420690484838,1.7732192005504936,1.6315380520389429,1.0233432673653573,1.6660667273217435,,1.238280023520654,1.5093864758661037,1.8465970314398423,1.144090458771153,1.377595142889696,1.7189880971497218,0.9837340279198418,1.8405618371992165,1.3340799527150828,1.0701856524148394,1.8935246603484261,1.7840605793662188,1.8554873737860595,1.7515110233307027,1.809112637627724,1.8575386082893106,1.8458528172781976,1.5682694167478282,1.170061705392906,0.886483006847673,1.4991877624639727,1.0796099075995271,1.7023047162531248,1.340640679013204,1.7237063935223647
Bangladesh,1.7402205747861226,1.4626633337484982,1.263079896766506,1.6844548884949557,1.014053183270371,1.0,1.8252205370567713,1.650001152149064,1.571062295355834,1.481961796886303,1.619650762334159,1.2154642060457752,0.6967629609032248,1.767576121534309,1.3935176466126176,1.4262272380022982,1.7689986565011138,1.6746171637576397,1.7891185744580416,,1.3414719304448237,1.7137967285692661,1.5872811780927305,1.395831012542117,1.338601746428203,1.7616486414287897,1.053898110627208,1.098333913253711,1.4222410878853875,1.6349554151105334,1.3171649781111578,1.0730300779581934,1.5158010432436895,1.315148354314645,0.9110234488694376,1.629313926673051,1.4543187460156115,1.3506133102716327,1.663313256247036,1.632812857398382,1.8060211027523347,1.682213822031112,1.0952023610879056,1.041432201959908,1.6219204192319419,1.6736600301526594,1.7661175276815193,1.1842039438240428,1.2479514462008319,1.0842826865164372,1.637334135885064,1.306897448856555,1.7573501001035317,1.124922701447004,0.7629348216306562,1.8687339354358643,1.4661057599628504,1.4010646935722186,1.7444848002832647,1.6885016433333435,1.4315422349334623,1.3547451586015444,1.3248116563924826,1.558876543415261,1.4159905365338035,1.0486639741160229,1.416650665479027,,0.7805175140711766,1.3143890196827628,1.676042023286596,1.2762279684630575,1.4278663835426424,1.4742136974002191,0.9486493214263584,1.479286979799814,1.1121302570832472,1.2239603484978778,1.7296797216930653,1.6727785230798418,1.6924725338324031,1.4783194214013107,1.5206564261379474,1.569672566948695,1.5831228793770369,1.0016935618249976,1.0705490072941846,0.9382401198636245,1.3358769048451289,1.1119138510691065,1.7094328564470376,1.5931153547980839,1.4056892510239678
Belarus,0.9330113689276344,1.1917920185159512,1.5496360957494184,1.0330441613073378,1.727562082457794,1.8252205370567713,1.0,1.0409218379165066,1.2788637232850737,1.1672751328559203,1.0793110421120153,1.6270828348529418,1.8517111665788093,0.9174979996696195,1.5646913690364175,1.402596172368619,0.9035652319262093,1.1439136741635711,1.1599826042130095,,1.316057868197496,0.9584850301723522,1.1246189044687815,1.2683465832077268,1.5921464951845148,0.8819405006203789,1.6718535103256722,1.839559248949875,1.565476340870609,1.1880409074236464,1.448383475730508,1.615501236640681,1.118919623321687,1.365566336197989,1.872958469182712,1.1702862014143456,1.3350900374722887,1.6813425860822107,1.1323038347678058,1.0120947147624704,0.8384210762061115,1.0977143753484375,1.7505879854597928,1.7694293999881492,1.1408671735295604,1.069296053733533,1.079147950850501,1.5366566623140812,1.5369312696429187,1.603032387939221,1.3650038731622431,1.5858571425734493,0.914120716982425,1.7388798456251209,1.8449421393625232,0.753683372050936,1.218045404059949,1.540010888586798,1.3065079639803994,0.9739802133207819,1.2072761844630726,1.5504729441571754,1.4903434847987436,1.0853310820599487,1.5626575624630161,1.705906405113438,1.485325417283531,,1.6945735631365257,1.2878296243449527,1.024481259348537,1.4721003478102854,1.315137619551357,1.3019673403306258,1.7605679216152355,1.1867256822368197,1.5639854003455465,1.6357123031718663,0.9867227385207458,1.05428660612502,1.0009108494257368,1.145636543631119,1.0347428881703553,1.0727351190508028,1.1263697990522026,1.6071496025417693,1.6516708496396197,1.7768905445454688,1.370855057794695,1.6843682996760179,1.0287771551882192,1.2728586936882158,1.3682733990057996
Belgium,1.1127812083115372,0.8819773222872459,1.570641044231359,0.36821382852858286,1.807087982090749,1.650001152149064,1.0409218379165066,1.0,0.6240284854738474,0.7667120110185818,0.8759611079305493,1.6516273422176109,1.6316586141061344,0.7892988784935161,1.5386341299879536,1.4443773842119456,0.5101352200932127,0.8909826978752742,1.0276242696403142,,0.7067217291706029,0.6295823055745027,0.5805111469315024,0.8040224276722466,1.6942225045342292,0.6812751948949145,1.618947057276638,1.8180224783438317,1.6418280322326446,0.7307777749816122,0.8703458852053121,1.460311874596553,0.7625818297546475,0.7729135145584216,1.8878704338970393,0.7797169746654266,0.7484095601700476,1.6746051783950142,1.5283734322655034,0.48333508228097427,0.4773573691712343,0.4389787622895205,1.7707001088507504,1.445367123550805,0.6590324189257554,1.3840695399601026,1.0108174898362363,1.6088145922780646,1.1593012037757613,1.481382540768901,1.5528300484269388,1.6079117306898196,0.5206297747816332,1.792267105704008,1.6451335065598893,0.99295874019917,0.713447775812323,1.4947550038930442,1.6899682900195239,0.6413407172816113,0.7430314936983954,1.2339055665135426,0.9807937455969101,0.8333255415258425,1.2571029833486842,1.7021272995994305,1.2740632976904462,,1.4023306798343895,1.0291529167456728,0.5994442630310651,1.6539927990603174,1.2347811655472347,0.9955224019573894,1.778170807360761,0.6628521229981814,1.4713750587134449,1.820111547951509,0.5228085906509344,0.8497823989708473,0.619080066765589,0.4685086812551164,0.5461717010849965,0.5463009758989104,0.5669724351829601,1.200048432403479,1.3656031247715135,1.7994394157836797,1.1250279751793084,1.7431554713244144,0.661808808940941,1.3348501151731054,0.9585560668004397
Bolivia,1.3551218556355875,0.8135955316579513,1.6111262383749159,0.8186510418124405,1.7214053168926824,1.571062295355834,1.2788637232850737,0.6240284854738474,1.0,0.9027292839770545,1.0792680963242602,1.7620638901457462,1.5984882806781533,0.8927615418311091,1.6895944068813893,1.4741732363479139,0.7633776526040967,0.8586477393695916,1.1386189580060444,,0.770717446568324,0.921861680923366,0.9655758863627871,0.8579437904411439,1.6222348940151072,0.760463708661489,1.6576817060572082,1.7143763074056328,1.6198885547278086,0.9684858947714351,1.084912704565806,1.3457443809380876,1.0547422787464926,0.7109822675579933,1.7457040542232949,1.0634845093916871,0.9554902594991836,1.55996872878538,1.5525840367445736,0.6027088191854834,0.7033533889849602,0.8455079754999372,1.8101631555142266,1.3466083275527094,0.959852764420948,1.3704393344716699,0.9576303508498826,1.7121611044564002,1.155524810883932,1.4490203120519225,1.7162876427928035,1.6995986774662868,0.7190118275360803,1.8082426715328372,1.5441904415234564,1.2114557387825107,0.7574625989618672,1.3881560795918477,1.6418784729652474,1.0618027538136603,1.0976828565760346,1.0369114158068868,0.9907270509536311,0.7999276701232981,1.305105139231604,1.4979102893185443,1.3652476947563772,,1.2991554955452351,0.8428416404643765,0.7468495430657432,1.6865478994346932,1.3698024027738331,1.172480077720886,1.5911782071182796,0.7799656931964747,1.2194918014814236,1.8614445619179478,0.6824797349103228,1.1372471774893704,0.6714741021337963,0.804290456963506,0.7519479078116263,0.7620693127020298,0.7953347903659854,1.0904739724960317,1.317456849780137,1.7652313601666363,1.4587908784351142,1.7617053174316675,0.8911214285823855,1.4367231426843747,1.0872414491315832
Brazil,1.468704856090497,1.1715484111395118,1.3690117879765755,0.8193201685088704,1.8353304932967611,1.481961796886303,1.1672751328559203,0.7667120110185818,0.9027292839770545,1.0,0.8425742206633138,1.5400694889430901,1.3996783992817439,1.0594276529065227,1.441663779159166,1.6315102427116253,0.8734232789253256,0.7226154457760766,1.2662067136040571,,0.552912796155262,0.7554383444827991,0.721073888990028,0.3499518685276949,1.8310743831793415,0.8176712548634764,1.4448504111604512,1.7636149483077956,1.8735556837694904,0.933997478283285,0.9670666807706693,1.6252920268056243,0.6463982736586689,0.6686326880007674,1.7703247539621816,0.8158970757885712,0.907494434455497,1.7157949152107368,1.5541519663079055,0.8554517568665506,0.833659454336009,0.7610799425652023,1.6979562212475798,1.4715770098074037,0.9623256804825356,1.560734585422705,1.2564389157865763,1.6374916413160117,0.8426654176572775,1.4415161681229225,1.466954967417242,1.3592170671154988,0.7446443415987594,1.6129862545700417,1.5799580174734567,1.192787542333233,0.6667975049345566,1.486030643768958,1.751257705291724,0.832756990638345,0.7368561766927643,1.1589187794396745,0.6774231824003614,0.6386961472850236,1.0427670179222877,1.5872911608465254,1.0654168343691282,,1.2252936344096608,1.0771677440306566,0.8576377195587745,1.478648200642639,1.389809409917568,0.7910579786448796,1.6357962349278001,0.4788008270016749,1.2288215548922585,1.6779813613970227,0.6854003145780702,0.8547494360192442,0.7120978148114835,0.6985954310055985,0.7253046076601316,0.6230604135496973,0.6415357261907298,0.8714231514301933,1.3881713923659158,1.6381753593893584,1.1946821555174785,1.5753750527320618,1.1167103848212774,1.614772688623212,0.6282110109570305
Bulgaria,1.3369722826031134,1.3283017940717774,1.4535403388468628,0.8275960070997592,1.8301477800554578,1.619650762334159,1.0793110421120153,0.8759611079305493,1.0792680963242602,0.8425742206633138,1.0,1.3421709244140532,1.474404958037644,1.0832281092279925,1.4702104745469167,1.7004433491535362,0.8510856010134209,0.844887940243568,1.255448991862103,,0.9211372736883153,0.6345717110467263,0.7475973988347612,0.8290845911419118,1.846597290531171,0.8664197251324482,1.5544517355773422,1.7128296517192132,1.7811544518286,0.9933686548990662,0.9831105425687319,1.6461806979070481,0.9496777914775232,0.87799564405222,1.7732038255838352,0.6218225897852598,1.149306393862117,1.499199325552858,1.6313476116122354,1.0546690009921944,0.9189170226393473,0.8243329326318466,1.569933195885579,1.6365019429164531,1.0512667258608166,1.3531598219802305,1.308763623426355,1.5273176619751208,0.9694004790374076,1.448151994377866,1.2108544923683988,1.248115742184823,0.6859576214741069,1.5673488665481452,1.630403118750043,0.9970818036224466,0.8316761598405138,1.5426535736230107,1.6607996173390802,0.6536920239567258,0.6664183894269295,1.1608907914009057,1.080715979421234,0.8748083839225294,0.9438688148639144,1.6400749114041249,0.8646046664791569,,1.3655169531853566,1.3157346052075396,0.9354943031641353,1.4277792709168795,1.4095304481300417,0.7622046761071691,1.7297963707346473,0.7530352184777095,1.5175901579296642,1.639802238748736,0.7498339080992071,0.48777068353324476,0.8399035045844412,0.9097615196305838,0.936964352225508,0.6964241581407384,0.6583136452542492,1.1466393548191185,1.602291934678412,1.5575938031322023,1.1260388160298938,1.4725892732474624,1.1593261938268593,1.60378704337412,0.7977789579982729
Burkina Faso,1.458700770574308,1.8098895121390923,1.0826627598804115,1.5846422780732987,1.1222393584844383,1.2154642060457752,1.6270828348529418,1.6516273422176109,1.7620638901457462,1.5400694889430901,1.3421709244140532,1.0,0.8743857327296954,1.850277637280608,0.8388490403858899,1.4596926883527495,1.7724263315276363,1.6160802883977212,1.5080386978086755,,1.5702633845839813,1.5678054731074833,1.4389908849801163,1.4947705588640758,1.4234223580012015,1.798250071849976,0.7484811613814708,0.8525630430660861,1.377050759772297,1.514266837070196,1.2221603385299806,1.4781900235887768,1.4235165506862921,1.5792497693703285,0.9814884426287293,1.3160226694635346,1.4844521454516628,1.2606401882598446,1.6820476475490032,1.8308941301689676,1.75727337169526,1.5888626956280743,0.47496993521624264,1.2839116083605342,1.559229586011549,1.3747201324194307,1.8646030364066792,0.6502365159525345,1.2868186910202322,1.348403344072679,0.7798648695653281,0.609473731130123,1.6624106743264362,0.7046871107642994,0.9137768865622375,1.4528584028065412,1.6606592385240277,1.2488566288535865,1.5596505127914715,1.4058046472384231,1.2610328477166772,1.5249590251582115,1.4232632264389118,1.6001333739239352,1.1198327006475977,1.3226384047983313,1.0943959284041755,,1.2474947100064806,1.736500674336468,1.7966340191827446,0.8613369509761898,1.3877909446210521,1.2573016976340161,1.288370580817171,1.5978846711469856,1.4991859081260528,0.7498528693778528,1.7065020352634688,1.2587081083404976,1.7490844902737073,1.5780181609582653,1.6942871375188622,1.6212583304443708,1.5730201301063937,1.4222295480223501,1.298895057320742,0.712631876199022,1.175147748002446,0.6433075844137618,1.7191118155437433,1.583481128113412,1.2827470304754474
Cambodia,1.834159549503623,1.6020928716501694,1.021228955168221,1.6007024480604357,1.1458545783171041,0.6967629609032248,1.8517111665788093,1.6316586141061344,1.5984882806781533,1.3996783992817439,1.474404958037644,0.8743857327296954,1.0,1.8324166809182034,1.1531738017973379,1.6359719214047397,1.7584639173075471,1.52149095730716,1.7465079178265481,,1.2845047141187804,1.5731283124091149,1.5020746982160749,1.2730706985375235,1.5704293865167644,1.7523143002846129,0.9474647553593658,0.9466606805287199,1.5105631938455755,1.4722373790155714,1.182789568691005,1.325676232310551,1.407676633198197,1.2698245939198516,0.8311050485842937,1.3857053459652595,1.4238447471701166,1.1623091805448988,1.7074086702582099,1.7495358619364332,1.7937578089714556,1.569089507079239,0.9196801018466055,1.1268117950866519,1.6332820404566495,1.7656512740134547,1.902365487869463,1.0792851442325555,0.9432574243308832,0.9425673222355249,1.2908995879277996,0.8323256044342272,1.6782973691994012,0.7382220054501967,0.7773466784651727,1.7587714591238937,1.410215101076053,1.3595976124378717,1.7354883465440194,1.5604356056246393,1.2537462379600144,1.1975138639834262,1.2645383017537226,1.534803608956163,1.042672899817205,1.0061391025818869,1.000477515990297,,0.6763006687186903,1.4432880401057262,1.6543255891935882,1.0230503883278526,1.478657227344308,1.1408076287157878,0.9828102553892233,1.3698096223889595,1.0986657815273217,1.0248446783589278,1.6507990850318761,1.446308631733232,1.644255217956587,1.4517525023438973,1.5606099935466444,1.4812067737572798,1.4511331823838807,0.8689431791700007,1.2109266991459846,0.6306171122973983,1.3101313823334173,0.7461025682769967,1.8131809325513575,1.7970065643390607,1.0996423717113655
Cameroon,1.163352668986496,0.9229133519493482,1.6233866050468768,0.8061029647490158,1.8788578640452709,1.767576121534309,0.9174979996696195,0.7892988784935161,0.8927615418311091,1.0594276529065227,1.0832281092279925,1.850277637280608,1.8324166809182034,1.0,1.6546220446636413,1.3794914904115385,0.5450485802021512,0.9093360885349158,0.9778300753699946,,1.1470310510662898,0.864280379791007,0.9868155626052099,1.2029442493749756,1.5711628979431889,0.5869986546033928,1.8572768217256574,1.869087090005261,1.550916014621359,0.9715151174215997,1.2720680418608104,1.5668366583428248,1.1344203891910656,1.1376672632942533,1.9058894489665097,1.158447391055496,1.1022726797154867,1.6020005499486314,1.171653420367225,0.6072619233514279,0.5881455166905354,0.8319640484301118,1.9028469776261994,1.6513231754292248,0.8567972824833798,1.345650833968366,0.7034877822780673,1.8522795389744013,1.4003494339297209,1.5409083173818616,1.6030646273656186,1.7576914825642191,0.7572190492788209,1.8693976796920462,1.8490680090921792,1.0621669104933584,0.9592878723722046,1.6312818831232891,1.3480059278115006,0.9729658696555828,1.210104425231057,1.347179259990211,1.300762483158158,1.0535291276115741,1.4151372729577552,1.7343879659959185,1.4639510217912286,,1.6624582223472375,1.1965742695664447,0.6626535232278258,1.773089669363306,1.3906128910549782,1.3413204472998226,1.7516179585636316,0.9964308595788848,1.5104231806345345,1.8414092238825128,0.7069212250759355,1.1546320243789143,0.7595340904926853,0.9948701350971602,0.8513204184694386,0.8986567939580374,0.9500154337663871,1.4391291789651608,1.5646150827740029,1.9349527470988566,1.4047075865389198,1.8601161973029872,0.7292239567026647,1.1857241283551359,1.323556657033657
Canada,1.3573733015616256,1.7492384513832258,0.861145202692281,1.4779674634029434,1.2913255663595324,1.3935176466126176,1.5646913690364175,1.5386341299879536,1.6895944068813893,1.441663779159166,1.4702104745469167,0.8388490403858899,1.1531738017973379,1.6546220446636413,1.0,1.2396556537437584,1.63196102172977,1.5296072132520546,1.2105482839201318,,1.566187206298956,1.5515020935848494,1.4002373979558163,1.5017737290745146,1.305878350981248,1.7002637188345524,0.9563122814092764,1.0451009316299797,1.356511814280676,1.3546177560934018,1.22135264563059,1.6220520416811461,1.2195403307822965,1.6099880413045653,1.1742634476787823,1.3530655758689885,1.2876870585799107,1.5281705272293524,1.3336813397549416,1.7034171999902772,1.6007258198639593,1.4735043451066774,0.841075151426422,1.2807831690964788,1.2313476217140293,1.4453321759895241,1.705049514268165,0.9606564807806455,1.3361059724136375,1.589467363491175,0.8568987937751604,0.8045663528775722,1.6039593320709962,0.8254738139997507,1.1763055529672883,1.2674504701599822,1.6879443780648318,1.393594510629927,1.4381603233567115,1.3469446088695132,1.307836908009851,1.7003943535746284,1.3922036046586501,1.550013481297055,1.216831854868222,1.5698585942589596,1.344562628447734,,1.514865298689019,1.7834696696642365,1.6613964589193841,1.1449891307427709,1.4390484410364803,1.3759921147038787,1.3157403352149257,1.5752119514829912,1.4885956885600817,0.7965787149335752,1.6003128940889144,1.2823421092562455,1.6913685724712348,1.5358217712838074,1.5744813768629569,1.6367991685912018,1.5769244996235148,1.5475048142067427,1.0828880743700937,1.0906039163411132,1.2152004206828537,0.9378017840534747,1.54759661236653,1.373391275472499,1.3754201518279148
Chad,0.8989041654250299,1.3198365788914732,1.5849461240278748,1.5408298198395032,1.1722534898108972,1.4262272380022982,1.402596172368619,1.4443773842119456,1.4741732363479139,1.6315102427116253,1.7004433491535362,1.4596926883527495,1.6359719214047397,1.3794914904115385,1.2396556537437584,1.0,1.572476875724099,1.7198326091612561,1.0457214649552329,,1.6696505353937177,1.725343239262979,1.5044420842077826,1.7228039093395642,0.633163472326123,1.6482221764735971,1.252649371522841,1.3102286735685447,0.9907783431422154,1.5857457152128334,1.4121755751802056,1.2042716731298073,1.4510197351479845,1.685923251508184,1.3385606499975575,1.742742744634905,1.317395251936665,1.694912259690506,1.290810067264306,1.3497465815327452,1.501591902800307,1.5698357999980102,1.2459406844034153,1.21581368078484,1.204708224810562,1.0849263509730858,1.2299727697563647,1.1745486601121389,1.8464604532791917,1.7401255869009218,1.5749597594659224,1.6833331408649106,1.658576586337155,1.5847832734781773,1.2029116601769192,1.3674181948786264,1.7698464236248352,1.3120691808469724,1.343975981982537,1.5594958663143288,1.623157389475915,1.8498072492477375,1.5334585721417864,1.619349962764341,1.7865824302587858,1.608904385333619,1.8989109789052483,,1.6965836330985082,1.5378757959764748,1.6105042970880914,1.7004315442772067,1.2153061868183592,1.8741636904627066,1.4561848797269819,1.751686876037987,1.6162615988805178,1.309312405488317,1.6609232963905651,1.6917235113991993,1.6816438244681957,1.563421611195322,1.5229979756237542,1.7330378245196945,1.7398486460379545,1.797193419671089,0.874655392987873,1.6085902177654068,1.4908046074277934,1.6332935740266032,1.1447392136598629,0.6693128738711305,1.802311017612187
Chile,1.184303178567343,0.9535971006287222,1.6006688633950894,0.5363177517045876,1.8915587028706353,1.7689986565011138,0.9035652319262093,0.5101352200932127,0.7633776526040967,0.8734232789253256,0.8510856010134209,1.7724263315276363,1.7584639173075471,0.5450485802021512,1.63196102172977,1.572476875724099,1.0,0.789660146250228,1.088101385667133,,0.9108522593218503,0.5295109460630745,0.757067160787443,0.9454935920843168,1.7376465598086217,0.37999980408161427,1.8138904809006302,1.9112392665719435,1.6473108748755507,0.8060325878864787,1.1679411249931155,1.5865310220313724,0.9611019248710407,0.9157469044071685,1.9548480197562776,0.8424552645726314,1.0052513540267822,1.612003053186675,1.3380532599489612,0.5265737200781394,0.3707562857604493,0.5177212318143332,1.884258712417561,1.6193815010189245,0.8302840558038095,1.4313113280614855,0.8487160931553819,1.7888281554317218,1.2218137062916359,1.5117456806482672,1.5141694610913246,1.6444312440374962,0.38971012125232574,1.828473413767682,1.858186017416236,0.9567938265132871,0.7212363871633253,1.6018261035019663,1.4790994347397135,0.7059052569462569,0.950497972289717,1.223905714049297,1.1649411317194656,0.8369246622434484,1.288637819471498,1.73695549261529,1.2574418299341843,,1.5526511833616539,1.1250334265737612,0.47418360060860754,1.6902760180843899,1.3449416752906789,1.0328688492777514,1.8180538581675292,0.7224153704273977,1.531373969508657,1.8582181312689483,0.3803986740233109,0.8800886093250816,0.4945660948330531,0.7234745732676124,0.661759381677126,0.5850962428652827,0.6056040018751015,1.2984515221786515,1.6165577334679817,1.8659884629006114,1.2167962478536365,1.800002652466572,0.7324854381574067,1.3414219083966543,1.0731160034768266
China,1.5505440809200264,1.241421061335654,1.3007336673502445,0.9095621592039453,1.8403219550609093,1.6746171637576397,1.1439136741635711,0.8909826978752742,0.8586477393695916,0.7226154457760766,0.844887940243568,1.6160802883977212,1.52149095730716,0.9093360885349158,1.5296072132520546,1.7198326091612561,0.789660146250228,1.0,1.1449935558530893,,0.8847209447049633,0.6022177102966686,0.8586422940726067,0.7902552000297149,1.8151874785215314,0.5748787452601561,1.6082761373640797,1.703682221547852,1.7041630085274324,0.6768781161759188,1.0643874821055683,1.7171284160676858,1.0118407688518094,0.8681153213431998,1.7670089057175469,0.7381466389664006,1.0004993501743085,1.4407671769306254,1.399263638896038,0.9611369082084636,0.7631782208929822,0.7339455003284197,1.7616694271172202,1.4491140622172836,1.1251436243279558,1.4927169064660533,1.1361678763229601,1.7289626502584838,0.8331688984794753,1.2930064206207508,1.3401664675398426,1.3892346613113464,0.6617939317192031,1.6086362716041698,1.6859321055616878,1.147132245077687,0.7462668080864263,1.3974965249958973,1.4604295928723898,0.7989225292742599,0.9329315054347229,0.9287091873629133,0.9237854503660277,0.7986164815249227,0.842242862160214,1.4700999811306423,1.0181508125225693,,1.3789907797417054,1.1130100079380016,0.7790309671334681,1.429012591704632,1.3237039768033294,0.8284669652772495,1.5251055173483508,0.6659954088071276,1.2676293450880434,1.71392363455785,0.4786435377629248,0.7518348480377988,0.48786340954505675,0.9895333847780463,0.9902695742468955,0.6728459310434611,0.6341269439520362,1.0645329354330162,1.6180762444487675,1.626359071454725,1.3345477526173002,1.5489490352103803,1.0864359147762297,1.5949820280517124,0.780043768024482
Colombia,0.9442153402173715,1.285769634545654,1.402227041170235,1.1131462165179444,1.6398903012944386,1.7891185744580416,1.1599826042130095,1.0276242696403142,1.1386189580060444,1.2662067136040571,1.255448991862103,1.5080386978086755,1.7465079178265481,0.9778300753699946,1.2105482839201318,1.0457214649552329,1.088101385667133,1.1449935558530893,1.0,,1.426371255935202,1.2100123370889362,1.0820748797364035,1.3957782228400133,1.254343614494055,1.1541945659122843,1.434455780064838,1.5151732771905193,1.2487108995544551,1.0089956138672334,1.168181978048144,1.6902594244508864,1.140651868231899,1.4463505976154143,1.6575269639588561,1.2422974887953353,0.9210864317988426,1.6278436086941026,1.2251599727543645,1.0781642887492655,0.9796031922595323,1.0610074959833322,1.4951874212663334,1.3394784590321829,0.8864370109143882,1.0826832179499946,1.0123412075935023,1.4241923864061308,1.5199460215938572,1.688368971595508,1.303570297533366,1.5370279838541263,1.1618809004298287,1.6207453804291738,1.5539600831308724,0.9911849373797665,1.4694422824150446,1.2442062117312502,1.2268042046135907,1.0433549413959258,1.2810017673367302,1.598270537106488,1.275083609779954,1.2428026990341514,1.3738733588672714,1.7702398429116375,1.5766116256974914,,1.7973871179268626,1.4440142022478861,1.2133032076334558,1.6250941466246303,1.1706866507967972,1.480314340144632,1.609032540280381,1.386776293118443,1.5900456892850243,1.5510454032747334,1.1007633798039822,1.1288699619152662,1.2002924786275027,1.2937892151706323,1.281130817075019,1.3314687478024103,1.2920399628475996,1.6855714795281718,1.2699665850524617,1.7189233724538957,1.293998542146381,1.6197809323210055,0.7958457736798122,0.9255835102244235,1.424514894805581
Costa Rica,,,,,,,,,,,,,,,,,,,,1.0,,,,,,,,,,,,,,,,,,,,,,,,,,,,,,,,,,,,,,,,,,,,,,,,,,,,,,,,,,,,,,,,,,,,,,,,,
Croatia,1.5265330063132523,0.9874416391812214,1.4161757450124592,0.8035066598776495,1.7299108678982296,1.3414719304448237,1.316057868197496,0.7067217291706029,0.770717446568324,0.552912796155262,0.9211372736883153,1.5702633845839813,1.2845047141187804,1.1470310510662898,1.566187206298956,1.6696505353937177,0.9108522593218503,0.8847209447049633,1.426371255935202,,1.0,0.8286439546772577,0.8755198410088119,0.4037987056102625,1.8442540441256956,0.903733046109275,1.4994527293937812,1.7220126656782442,1.843162833953313,0.9637628427821667,0.9092940537298159,1.4040190647187014,0.7497848157576306,0.4606384631304178,1.6984698667106437,0.8835981819771006,0.9549729453734991,1.5999510089692603,1.6747015933049831,0.8543646730728038,0.9124271346105707,0.8188258975123074,1.7040921982362849,1.4067380259301407,1.0380946326299634,1.6302766908651987,1.364712509893917,1.610147327025803,0.7916054435242171,1.2477806642361204,1.6061469449934136,1.4346467975725365,0.806461856628716,1.6061790965736484,1.476377473823824,1.2769297355874913,0.46621689999359783,1.5534328230686552,1.848019925691604,0.9769581611344572,0.7395350329923426,0.9502716112226651,0.7792418615935662,0.874711505049503,1.0801121910567442,1.4868345603581716,1.0496653943467031,,0.9497248553923635,0.8894325092649921,0.7724470311094486,1.5057869086570748,1.4365963667845154,0.7722922750714499,1.5527116444035858,0.36851718383294557,1.117779390340792,1.7416977680191263,0.7548163201191005,0.9903060388957161,0.7507046876909413,0.600727828412182,0.588908948627491,0.5373489307497057,0.5858079888373103,0.6500721372624776,1.3013376542253785,1.5604136361136138,1.2522915576220488,1.5460694957780958,1.1883162409317152,1.6915008211121418,0.6473931293594293
Czech Republic,1.3603638375476934,1.146844075156923,1.4592488296487083,0.5422353299525431,1.8861460882486736,1.7137967285692661,0.9584850301723522,0.6295823055745027,0.921861680923366,0.7554383444827991,0.6345717110467263,1.5678054731074833,1.5731283124091149,0.864280379791007,1.5515020935848494,1.725343239262979,0.5295109460630745,0.6022177102966686,1.2100123370889362,,0.8286439546772577,1.0,0.6264521083265632,0.7889001355741984,1.852143726975606,0.5087927454693287,1.6744596511486722,1.8324003063037946,1.6950419261483685,0.6165555000129732,1.028767583745067,1.6354555072884038,0.8995140161710606,0.8500388943103353,1.8996746526368333,0.4631039414916136,0.9717778957069475,1.4945958740794099,1.460629338169552,0.8257630766852059,0.6042211723695646,0.4266877635016178,1.7765853591741396,1.573347272440312,0.9834707388068539,1.470565085452566,1.1120340833844606,1.6603334731108355,0.9616587618415332,1.3071611110554786,1.3173472407094535,1.4184278586703305,0.42030836478991845,1.6767010102549704,1.763913890999083,1.0234728805814317,0.6273269219975655,1.5340862359676486,1.5522336521704743,0.4592427434682916,0.6808973662146708,1.0358361119581587,1.0727678863982548,0.8412503408392614,0.9889007044162047,1.604643349396258,0.9295821484757828,,1.4083527557702722,1.1216650398447572,0.6137206551423767,1.4540192380792176,1.2591099086820965,0.6751368973532316,1.75157087175065,0.5695457291775601,1.4919726453021525,1.7627261427529493,0.3577125586203821,0.5394265553989649,0.4291091300341194,0.6883356781243564,0.8053305576997831,0.3710095305307635,0.34610873361447586,1.150282823289318,1.6884824400167922,1.6955003263027504,1.0979722889587848,1.6063089509243635,0.9432983385110203,1.528029292377516,0.7641828001367466
Denmark,1.1789615593264553,1.2496569713419925,1.502428502601935,0.6360561650816005,1.7782751247004605,1.5872811780927305,1.1246189044687815,0.5805111469315024,0.9655758863627871,0.721073888990028,0.7475973988347612,1.4389908849801163,1.5020746982160749,0.9868155626052099,1.4002373979558163,1.5044420842077826,0.757067160787443,0.8586422940726067,1.0820748797364035,,0.8755198410088119,0.6264521083265632,1.0,0.8052763875032828,1.7284379386092739,0.8427286373575947,1.4346860936303274,1.7265169499849435,1.6376903106863203,0.7619026850546332,0.6614688265366682,1.5617790040604604,0.8684445763284334,0.8417076414306238,1.8365628483119338,0.5827595961993409,0.811026735338657,1.642743570384203,1.592018099272144,0.8259729342966903,0.7857545958159179,0.4601476426149983,1.5923745179925866,1.3697972781728869,0.8538040749564921,1.4369277573028618,1.1480875341479104,1.509395406084811,1.0540310705185507,1.441012488091446,1.319988857119377,1.4032227137272593,0.6885314772696838,1.6676396263474356,1.5911290063971475,1.1199739306543783,0.8417750228448416,1.3657601647606403,1.7015492287343852,0.434420262643078,0.535074035107978,1.2643306401442023,0.8186114479826901,0.8285589689031734,1.0345789312566922,1.6485160445035865,1.079212251500807,,1.396190168034732,1.262690501302344,0.9025110218456979,1.516368417064013,1.1456508257918339,0.8569767144285962,1.7856994976869083,0.7593313230510014,1.6054310650205603,1.6903367092211103,0.6877203646987341,0.6464049215072565,0.7683512332456808,0.6198772086524079,0.9165321799212777,0.6711380929655293,0.6411286084853671,1.1939206352153051,1.4770364299781753,1.6745789760309826,0.8598424737991713,1.6130601755744338,0.7997944434612426,1.3607708701344328,0.7776111349764454
