Country Name,Albania,Angola,Australia,Azerbaijan,Bangladesh,Belarus,Belgium,Bolivia,Brazil,Bulgaria,Cambodia,Cameroon,Canada,Chile,China,Colombia,Costa Rica,Croatia,Czech Republic,Denmark,Ecuador,"Egypt, Arab Rep.",El Salvador,Estonia,Finland,France,Georgia,Germany,Ghana,Guatemala,Honduras,Hungary,India,Indonesia,Israel,Italy,Jamaica,Japan,Jordan,Kazakhstan,Kenya,"Korea, Rep.",Kyrgyz Republic,Latvia,Lithuania,Malaysia,Mexico,Mongolia,Morocco,Nepal,Netherlands,New Zealand,Nigeria,North Macedonia,Norway,Oman,Pakistan,Panama,Paraguay,Peru,Philippines,Poland,Portugal,Romania,Russian Federation,Saudi Arabia,Senegal,Slovak Republic,South Africa,Spain,Sri Lanka,Sweden,Switzerland,Tanzania,Thailand,Tunisia,Turkey,Ukraine,United Kingdom,United States,Uruguay
Albania,1.0,0.8504667418301892,0.5433778711685981,0.7733322290400271,0.5719657860025832,0.31756931936013344,0.5521534285124552,0.5776450996836855,0.6904470523932598,1.070232120055036,1.309888599149058,0.4740204777354856,0.5348793373506308,0.5891995089852455,0.4686087821949593,0.41336715219212716,7.508057381506578,0.9064127308142768,0.8581622360094678,0.5290700194127888,0.5844924161315068,0.6697913973047498,0.6651808331514399,0.7688849736864748,0.4924055027114567,0.5406103825529809,1.8845595826535126,0.6055847323085899,0.6244332496913918,1.4499899013602646,1.5141475175645858,0.6907712426227562,0.49851398847682704,0.683317126973785,0.4503906566135931,0.5682467899065614,1.3229593275500235,0.5257540121033736,0.5044849931161762,0.32902556414285944,0.38677047947672294,0.5503110928587884,0.6573722787107958,0.9067702677232419,0.9183408851215327,0.4266975341228401,0.6492786633219242,1.398146070466846,0.6023087675705192,0.5440980787749833,0.5448767510738108,0.7057774475415292,0.6663022406371538,1.3292154297472825,0.693887045798239,0.7864126052921927,0.6563173079736826,7.508057381506578,0.7461695984500809,0.5837958128231006,0.6676464824313594,0.5638620985446505,0.46252073588924425,1.0749047226079653,0.43290051275254887,0.6527431088790621,0.7360633204946399,0.6177202276275628,0.5506628978401057,0.601916117739068,0.7791797213872232,0.8483647748775827,0.8328512931025894,0.9944988118925497,0.523994222485301,1.0344553424452225,0.9830546464499312,1.1532716412694544,0.40418874223713336,0.3899472520121835,0.8058022666617245
Angola,0.8504667418301892,1.0,0.9473015716319828,1.221915141997344,0.9679624897740379,0.9106180140332112,0.7998533387296306,0.8638252135023443,0.9370954326225935,0.9063985848660956,1.365327072145345,0.941712073724561,1.0301964105839567,0.7854107216357302,0.984131402866774,0.9857297790232579,6.241255152287686,0.8008505189110523,0.8078192797757571,0.9139505972374367,1.1548241093229472,0.8204073397914664,1.1179759174125588,1.0842998629087686,1.0249150575721888,0.9484878169703153,2.167460469698287,0.9376772826176305,0.8099165084568842,0.8110266740630138,1.7418248084562657,0.9179461215584727,0.93139376144826,0.9063191875411155,0.9604185311012772,0.8912885763131692,1.6739000195594658,0.9492870653868913,0.8028297918397078,0.884142385855081,0.9108885070949,0.9761748305698473,0.9638242334572855,1.5189124426937348,1.4857839126751897,0.744705531660535,1.0247952821952875,0.7258404135834413,1.0648712400844758,1.188298977813285,0.9904499690055932,0.8753041409205278,0.9881605194420191,1.058180787212749,1.072471401001378,1.1082801156206115,1.0634794961054623,6.241255152287686,0.895040455809184,0.6965291370668137,0.7063618009196582,1.0016012904089044,0.9305542687434775,1.0121679385877347,1.0319822965591234,1.0207398356321615,1.3179291051854511,0.9303375509457346,0.8159281684930693,0.8215629061302407,0.6159009719730357,0.7629517901303218,0.7367352312185501,1.0223675317756251,0.9980319994333551,1.2519777570129769,0.9561875806340311,1.5242507171913224,0.9167787576612678,0.9121337249831507,0.9441914629024268
Australia,0.5433778711685981,0.9473015716319828,1.0,1.0090996648049029,0.21716566901711293,0.39294439884269816,0.5676797502940908,0.5190210372678712,0.3276853352347679,1.4452005721211443,0.7818322390367198,0.3068611824919452,0.2520085111113408,0.6631445082367918,0.2780849112446403,0.313680681913164,8.019248526670937,0.8075234741944834,1.1751370279226538,0.3484415569453052,0.7062474920509574,1.3021785252511886,0.3953741707830357,0.31736381137830927,0.2974176807450516,0.24865980277015606,2.6865613862508275,0.32620423780265106,1.0046202179397647,1.666930196953303,1.3780208625490258,0.7402615747078727,0.30975965705146014,0.4963407156253612,0.35491291400554625,0.44801699051690436,1.167305098737957,0.15218041791744877,0.5657839238184419,0.3690453716799045,0.3985696861265695,0.17029197585823938,0.3358215535085119,0.9246840501664778,0.744843489799114,0.9838842851394597,0.2692000764245513,1.7059277525264955,0.32167635087301016,0.39348877042840213,0.34882238223834094,0.38815585122639784,0.8061726318460467,2.027563000276182,0.3395099578109262,0.5165679805325659,0.24104487954674572,8.019248526670937,0.45567349418623965,0.45620651193151385,0.5171108694592111,0.14400660309137284,0.21506119091547413,0.8749985112515665,0.3698664702400307,0.46927847117694926,0.47600542613695485,0.9254993333721523,0.6463538097945511,0.37011465782044883,0.9326555248191919,0.7928470913482711,0.7124940677824279,0.5871518914904849,0.2617650024607636,0.6475250952590422,0.8446176702123439,0.7182077032494266,0.3582073977969246,0.5394308669282508,0.3249263969246531
Azerbaijan,0.7733322290400271,1.221915141997344,1.0090996648049029,1.0,1.1535740172652305,1.0096979819760912,1.6445094263998024,1.3881780420246348,1.2976037703742336,2.427837548302295,1.1731297697002703,1.2692235179752396,0.9724220411503846,1.622858197687206,1.1408037421431836,0.9901236913477276,6.810837495355585,1.796059338131839,2.135012157149268,1.3647968949493856,0.5066648724322473,1.738533104999952,0.8519102197482502,0.8188752580289511,0.8307811917037102,1.2137754184350702,2.045382469408427,1.3203986104870828,0.7737659959670229,2.00513002096046,0.6653151761822933,1.8203571924564468,1.176150644200206,0.6927771384373399,1.248883875273717,1.5121824004244224,0.775242965006304,0.9991809563865631,1.4064369702016142,0.575623281263346,1.0302622434192548,1.0229181137131338,1.118253135171264,1.082907979582687,1.3098905806455776,1.2142180971302718,0.931347336832552,2.410332611724871,0.7031619043636728,0.5357575389862348,1.3714157438316006,1.687746644948804,1.4340366408036256,2.1739750977035817,1.191587582528923,0.6591509839169503,1.2729680403888441,6.810837495355585,1.1831180279153415,1.4855476995911059,1.6876950993027537,0.9410594973950729,1.0833780015302223,1.7251229970848012,0.6884353045822869,1.0717019511071644,0.8143038846203512,1.6873185344346724,1.467028276725847,1.5186513505972945,1.8922913495892744,2.102588759510909,1.9663665356391866,1.3509931587686532,0.8572552521534149,0.9150717543960136,1.8027595725341985,1.0095110422692444,1.2460753474539994,0.8386325474717762,1.521727047309481
Bangladesh,0.5719657860025832,0.9679624897740379,0.21716566901711293,1.1535740172652305,1.0,0.47554507851456096,0.5287966309443577,0.3558682690974415,0.3404977106889463,1.3803185182003592,0.6806430247344788,0.41232093444435003,0.38170270273521095,0.6705499640107805,0.31820675944529636,0.394464551046214,7.886454355739014,0.7279737766993486,1.1683840550200382,0.34781965319503216,0.6908243446377472,1.222559058598928,0.30863903256654374,0.4565585956058435,0.35407576339728664,0.2935959884545506,2.8149871820121195,0.2762135249555637,0.9036147601157557,1.4690819483073434,1.4524683942828376,0.6990687250624834,0.29550913534186324,0.5486994064401773,0.42999504613913586,0.4626702406841195,1.2141443473745839,0.26848212700950974,0.5285665049497582,0.4946687782322845,0.4364530160630479,0.24923359932631337,0.33813924156108544,0.8891920344168514,0.8055679641955071,0.9495027095621746,0.2876278458999073,1.638737359368945,0.34043509429066593,0.4905857730748059,0.37294957850082144,0.41563783970265145,0.7891623416972198,1.9676284974608704,0.2987275725696109,0.5615029963218678,0.20862942802394976,7.886454355739014,0.32028432796066153,0.4530320979664211,0.43650485132036065,0.2810847149884229,0.32110402422026385,0.6277339355664243,0.4342630369256175,0.3542934453928689,0.4965095657612754,0.8468315685534324,0.5973950045761947,0.48073409532841643,0.8793583949658135,0.8820548246181132,0.7473097190284277,0.48649933453430994,0.2219856660313559,0.6253820321399096,0.6624679485813109,0.7017234704019296,0.5116679529799351,0.6303373528660321,0.2703176498067062
Belarus,0.31756931936013344,0.9106180140332112,0.39294439884269816,1.0096979819760912,0.47554507851456096,1.0,0.30140810565579024,0.40101209150669126,0.36638090528070477,1.0058310937370152,1.051272193860625,0.2435991430590414,0.40407028452716587,0.3657213180551431,0.2739120926133126,0.25151992333434214,7.813956085596298,0.5922303913650776,0.7483558042728047,0.28317766618386275,0.5573953446185916,0.6318354322841283,0.6320969465245052,0.8297800254118846,0.3668711918878975,0.2696647992650081,2.296124625008985,0.3094651462469219,0.9177353058377506,1.428087086431741,1.7774168917323077,0.5132365817784774,0.22206857755751552,0.6324661240361545,0.2345128075099078,0.31142363737251083,1.400395773561789,0.3641068016455111,0.34668913680192126,0.28649728330779073,0.27712085533518577,0.34990475409737465,0.46988711881929524,0.9185631078545211,0.7933670083348007,0.5412397767403374,0.5482998595777763,1.3126368817197858,0.354020923240386,0.5049757742979405,0.26296686772261296,0.3808354119527794,0.7021014136118795,1.5048938748924348,0.3299886801576635,0.8077552435344385,0.3658111591352351,7.813956085596298,0.6648845509300157,0.463426242316632,0.44348319543464837,0.37575815942396307,0.28121980451490225,0.8807362486028925,0.4909344965921345,0.6627808551574194,0.712339651533938,0.5340770630613707,0.3124724874072239,0.32507471753572065,0.6934806438641306,0.5476330692126418,0.5292964983975424,0.8238224305330584,0.3784559783787876,1.0015944082625157,0.7871788035033622,0.9618483895217463,0.1967352512612548,0.2950874007268383,0.4344842510440306
Belgium,0.5521534285124552,0.7998533387296306,0.5676797502940908,1.6445094263998024,0.5287966309443577,0.30140810565579024,1.0,0.2552803088668708,0.36613968656833207,0.6011761689757749,0.9853928538610943,0.3030853711170911,0.5839398299415471,0.14797898100366144,0.358410446884223,0.4292578417063621,7.677825565694468,0.45559972450926967,0.43361256846052454,0.23018513752140693,1.0546746649046441,0.4761906539627899,0.7463645580015814,1.1031325227614754,0.6251414436775643,0.293357535973116,2.509130057952638,0.3297944322877754,1.0512418856901868,1.1113344979488347,2.148705140205381,0.2554009832168808,0.25715154779630034,0.8437853099180229,0.24341210823847254,0.17791879626604587,1.8105333730541124,0.48276373429770086,0.3249493106139034,0.5041452717154173,0.3848677874098357,0.4852008600327816,0.5041551058447556,0.9199117555255363,0.8448741177586194,0.5010961537456913,0.7035523713440485,0.958022514073452,0.3869400862939644,0.7095452428092042,0.246180194987092,0.22511621922088138,0.6622938495367263,1.2738578449659235,0.5424548391336343,0.9480664781911657,0.42609028056429066,7.677825565694468,0.6477500397507312,0.3321483610521946,0.2394019508309999,0.5691552255109983,0.43358555598168724,0.5027911587358966,0.7945827084055838,0.6912418795705808,1.035177359299114,0.3524775444582494,0.18262709219235465,0.19231896613676908,0.5010154191840304,0.2316123514591904,0.1817455625568184,0.6944461204153737,0.514009490539173,1.118486707608327,0.49325466810570584,1.0304470433660815,0.2523533939661122,0.652641378219248,0.3577250141123524
Bolivia,0.5776450996836855,0.8638252135023443,0.5190210372678712,1.3881780420246348,0.3558682690974415,0.40101209150669126,0.2552803088668708,1.0,0.361442021526214,0.7955262637219263,1.03970366308238,0.3174898351175743,0.6175807182151237,0.27986587113738165,0.3208431153922505,0.4344624811933204,7.774803463548354,0.51103676838588,0.5390275444814053,0.2912627218101733,0.8865991022481208,0.5753379250054391,0.5393022225357227,0.8823959275707621,0.5723472008099969,0.31882349999848236,2.3779561890812166,0.3238519868889434,0.9446383850263211,1.0881086305363004,1.8918138946527931,0.3813542162000026,0.3062023265972631,0.6452593021022602,0.321976850288775,0.2896496023342059,1.6164063074379373,0.48907430050767164,0.3866352109258782,0.49902185098397145,0.36999176143824786,0.45662102988818887,0.4226554675075768,0.8996442697730217,0.8643235147141527,0.5413677328372447,0.5566081124210107,1.0124763369064003,0.4348001598837389,0.598945468814688,0.2870002236619408,0.27350531382015725,0.6172942292515283,1.3457269300406416,0.43871438315838285,0.8597072211432895,0.4398597161484824,7.774803463548354,0.4715896278393635,0.3143108153898777,0.3714222123063661,0.5664542720743251,0.4220586441086519,0.6753295798749771,0.6614117047265353,0.5087486924746016,0.8938919039688071,0.46930428991110984,0.22364076211505599,0.31739995853523373,0.6126581432435582,0.3732470098402688,0.32568246849254767,0.6191328947508802,0.424955438573561,1.0912699195452902,0.5960964278397292,1.0022115151823137,0.3527128849448144,0.5531489283830167,0.37396476116015676
Brazil,0.6904470523932598,0.9370954326225935,0.3276853352347679,1.2976037703742336,0.3404977106889463,0.36638090528070477,0.36613968656833207,0.361442021526214,1.0,0.9400921992864171,0.7938726459371391,0.3129616464014192,0.4248643068116361,0.3868008863180116,0.29770073166749633,0.438908677889549,7.954331714221244,0.5300314184213922,0.6447240194300474,0.25446105105327665,0.906393478130451,0.705673087289729,0.6088720283316977,0.7346135637725009,0.6037701531840833,0.3337977315383531,2.4954895772626684,0.31413634545012775,1.0449342539934925,1.177724727899239,1.749686290607471,0.34139686830431615,0.3295143631904016,0.5724397875145341,0.325189231046098,0.24325565528557483,1.6408636274017214,0.35418449137789576,0.4714389538244317,0.5469840639104026,0.39509942028165757,0.3552670388055674,0.38928493683313464,0.9265306431817489,0.7647557112595349,0.7113692649675346,0.5600568607207889,1.1982174889815667,0.43137477991528594,0.5158637466397162,0.29731032207251384,0.215274984094652,0.7005379455461224,1.7086081352602212,0.24615522825349773,0.8253892745641567,0.2900023288161764,7.954331714221244,0.47793167648466883,0.4388018810411257,0.35317210901628504,0.35541664575801946,0.35059144851624713,0.6771959850925967,0.6571533978882249,0.5041225290932865,0.7287295454924713,0.49205052105875396,0.3375491857493834,0.19580787147179163,0.7551116642105546,0.42397250752596677,0.33639679914481146,0.4493460035485357,0.4535074924818686,0.8132356665918544,0.5471621170844905,0.8530844988392413,0.44362465976504345,0.6175226415596878,0.2008193648652423
Bulgaria,1.070232120055036,0.9063985848660956,1.4452005721211443,2.427837548302295,1.3803185182003592,1.0058310937370152,0.6011761689757749,0.7955262637219263,0.9400921992864171,1.0,1.0680319343544376,0.9541355794044957,1.402175541818325,0.6380952672623093,1.2276008454700615,1.246964354145729,6.7143650263601815,0.5616041807627199,0.31889357796915746,0.8502786112655872,1.8452312561921738,0.30728308446652164,1.5952284143298698,2.011271892128208,1.507376039080171,1.1520398776421878,2.277929443855986,1.145374500323776,1.2738966620704735,0.817369100783605,2.545582717294647,0.4184268211821562,1.0205146608818008,1.4405325237456585,0.9908314200830709,0.7832878743458019,2.6499197706005253,1.402957648116436,0.7792821414035636,1.1588126932882366,0.9437224315437793,1.420935072335652,1.1279029330801622,1.1553273671885917,1.0770986129208426,0.4787229880805646,1.5379364145560501,0.4812002522266595,1.2203204749694954,1.5108185955813536,0.9077000377720201,0.743935373104466,0.8727233968341749,1.0411575559156094,1.0602671946340805,1.4723576881212883,1.194796408741357,6.7143650263601815,0.9453136519335821,0.6893936780861549,0.4084153238107452,1.5227344262693856,1.1447237940875166,0.4221044060724587,1.7824700849991266,1.1423329641832696,1.9153801004031596,0.4306967069099722,0.6348132225247485,0.7074944235669118,0.45350911843603625,0.4266632342196617,0.5159119182891336,0.7785096988091669,1.3717106076608239,1.6906109319349625,0.4812511917721616,1.3880801514151482,0.8485523728499633,1.3344591482846306,0.9631644507715015
Cambodia,1.309888599149058,1.365327072145345,0.7818322390367198,1.1731297697002703,0.6806430247344788,1.051272193860625,0.9853928538610943,1.03970366308238,0.7938726459371391,1.0680319343544376,1.0,1.0198902834677492,0.699485176676321,1.0108298600519177,0.8387095137426628,1.0694118742132654,6.29630865409526,1.0025774101163292,1.0218637405524582,0.7725718134172772,1.22783924108416,1.480830617235576,0.6489793255537031,0.6600569165215374,0.8736401730221169,0.9498189807634492,3.3643088816636033,0.8342428553809111,1.2307016998647549,1.3917123312177044,0.8133270711461285,0.752141899472112,0.9883346734627302,0.8807486384602423,0.9820978338158395,0.8081499811093787,1.0699361033613324,0.86469806795776,0.9982993226538391,1.168937502556974,1.1560277574105586,0.7766032862969665,0.752786198706181,0.7613543103615548,0.44589270973970035,1.618115898157784,0.6069532964898201,1.4645021983003668,0.9866957219868348,1.0807598478679477,0.8797682709865262,0.7825330254383267,0.9158023806569221,2.0900638011169166,0.712996377927948,0.8706712713430124,0.5923091630018047,6.29630865409526,0.5342916317277873,0.9735145462397568,0.8735626781236129,0.8042866122881902,0.9877865796440211,0.5660322636745765,0.7304536596035791,0.7459966915704654,0.7277609953539287,0.9349115324338977,1.010524377794482,0.8333219814158519,1.3316117966969343,1.0362349182086235,0.9784346667133863,0.5273517860929162,0.706589530000088,0.5409769522711803,0.5944308925219657,0.6047903464130582,1.0973532879324204,1.2256412397168737,0.6745233504896959
Cameroon,0.4740204777354856,0.941712073724561,0.3068611824919452,1.2692235179752396,0.41232093444435003,0.2435991430590414,0.3030853711170911,0.3174898351175743,0.3129616464014192,0.9541355794044957,1.0198902834677492,1.0,0.4427524705189304,0.33836962987362657,0.17815114638859492,0.2325130092285074,7.97361156287343,0.4853469032112667,0.7851417680455852,0.21284789334895965,0.7026677145247634,0.7225357552654175,0.5449111612265765,0.7555792507082977,0.3507686511707699,0.17936435117128788,2.4762821422224346,0.23416129224314364,1.0617203737383987,1.4848959776413668,1.8117790277100643,0.5523170167722318,0.21051310060074654,0.6762621423954369,0.13644530031225782,0.25537812395346693,1.3671167824007482,0.29497934144968396,0.4209061986272331,0.333364141964973,0.23509515212754786,0.32817713599542675,0.42297834516684646,0.9494299880460519,0.7504976932274792,0.7048770692859297,0.5567360515015218,1.3471059915538586,0.2896476506333201,0.45943486192386973,0.18821006492603362,0.2455007583951003,0.6720836051233805,1.4601388792855297,0.3668982940869835,0.8420894208773054,0.2635982204697759,7.97361156287343,0.600059516571048,0.4004141764370186,0.3943930536452026,0.31040412746092844,0.18571021533558932,0.8054271510030441,0.6180743134463353,0.5919856507285821,0.6567919990021093,0.602926172599529,0.2703211382757694,0.23967413026136433,0.6761156295546282,0.5010536259989307,0.42449055688067605,0.6847865268617876,0.45457091481431755,0.9771649334076199,0.6495320551475557,0.9243527139922282,0.18319089283533674,0.406134252374585,0.40082883229871213
Canada,0.5348793373506308,1.0301964105839567,0.2520085111113408,0.9724220411503846,0.38170270273521095,0.40407028452716587,0.5839398299415471,0.6175807182151237,0.4248643068116361,1.402175541818325,0.699485176676321,0.4427524705189304,1.0,0.707795732203368,0.34872838602436146,0.398013240539877,7.837827398793948,0.9066283579689699,1.1830447664789536,0.41685821551712166,0.6162369846057357,1.224024308925101,0.3885772105125804,0.3198536344566891,0.42318218963718957,0.3743624264764525,2.754441421642433,0.39640968439595803,1.0187449712410364,1.6252377620287066,1.2090020873091922,0.7798087352526578,0.4342477163313741,0.44003429262517785,0.45676255484272205,0.5221426474726805,1.1469543335345134,0.2592632410818695,0.5722513072916149,0.47987964656212584,0.4545890510925632,0.23748327705008662,0.4208900068695305,0.8125610844180358,0.669056271034962,0.8798906441601526,0.4204435868078198,1.6624324928356609,0.42985260896297633,0.4363364147553789,0.5133563417800989,0.457223786286118,0.8008032112296666,2.0307206218366156,0.4669015922281936,0.5916289674725117,0.4005312394074582,7.837827398793948,0.5691087110956202,0.5628876615935874,0.6958964569714527,0.24277679482751688,0.3233629555767393,0.8930094459504689,0.4001645019214073,0.5607923872035482,0.3704886829531012,0.8943336408667447,0.7369290450715357,0.5085984291361096,1.0628205946362945,0.8712926803926476,0.7859879277627632,0.7185497002115699,0.45351931426943853,0.5484479653399413,0.8366649740559973,0.6012692674036865,0.43412151244274,0.4445296239639058,0.5598636025916419
Chile,0.5891995089852455,0.7854107216357302,0.6631445082367918,1.622858197687206,0.6705499640107805,0.3657213180551431,0.14797898100366144,0.27986587113738165,0.3868008863180116,0.6380952672623093,1.0108298600519177,0.33836962987362657,0.707795732203368,1.0,0.39501085588804397,0.4946379668597287,7.6340893996774435,0.5190976414518345,0.4864198197689727,0.21872566309890173,1.0163701636938258,0.474648667769818,0.8737858593654974,1.2091880534379533,0.7244495782718805,0.38186564918252996,2.498538717763602,0.3973558124774741,1.1163834609470815,1.1006894900676645,2.1429381818442295,0.33625429877775154,0.32935519043640127,0.8989755479126194,0.2995023466866722,0.22649540396944015,1.761491563013194,0.6016022270874888,0.3326866148421242,0.5564707530827412,0.33761715368605083,0.614833994141097,0.5783868215569062,0.8733819340261942,0.8658329918130767,0.4728453837633076,0.8325352516694,0.9182757303487528,0.4407216958279915,0.7056717806337367,0.24737475309875445,0.2784005172345329,0.7312158459284868,1.2219868328515031,0.515244236110352,0.9885810331456086,0.486908804064655,7.6340893996774435,0.6627503566037869,0.32108864599429904,0.2751716686657707,0.7162368437715984,0.486876306246396,0.5171657917165887,0.9247274471046684,0.7029137976969322,1.087014666762272,0.386502999377051,0.18290985119561773,0.2549454686301764,0.5756545955626804,0.2621271297781742,0.2269818865842162,0.7935598878599887,0.6453254286401585,1.1745437058938237,0.5840527635596608,1.0602166287248993,0.27280246560778487,0.6024922484629814,0.4147743591981429
China,0.4686087821949593,0.984131402866774,0.2780849112446403,1.1408037421431836,0.31820675944529636,0.2739120926133126,0.358410446884223,0.3208431153922505,0.29770073166749633,1.2276008454700615,0.8387095137426628,0.17815114638859492,0.34872838602436146,0.39501085588804397,1.0,0.2006367027359877,8.148441803737759,0.6536175815236378,0.9053861203074886,0.2023613081259896,0.5832246168686108,0.8428443541973929,0.46707870210954455,0.5968022164732973,0.2540320950641757,0.12965684467785277,2.487000440237089,0.17028833362074808,1.083674529144997,1.5980075340318174,1.556788098437001,0.6247823035818227,0.1994171992111765,0.5882049510493117,0.15440528968341063,0.24746591691527922,1.2098865698107395,0.234745409820613,0.5126178864084846,0.38073349626559116,0.3362290975504069,0.23615011301797276,0.3802584118763028,0.9033192052942183,0.7266968171217586,0.8221404597126141,0.47710750459717277,1.517302216603507,0.2685966716622756,0.40504716845017197,0.1979359072173072,0.26741248871461437,0.6867553417140164,1.6605542108606857,0.37120229611550476,0.7865088039816894,0.19070401880141832,8.148441803737759,0.521385424449705,0.4717828656330454,0.3795573011824738,0.25003918325648744,0.1801390255838443,0.8483146913177274,0.5432615666651738,0.5400785107811211,0.5266789065259281,0.7222120350032899,0.34401495417056627,0.31461786180695367,0.8632321634378068,0.6758668046849198,0.540344591192332,0.6826868447602006,0.3822417525829875,0.8711959972507897,0.8067584691656297,0.9473841070527499,0.25931719152809823,0.4590502565652949,0.3199604700065994
Colombia,0.41336715219212716,0.9857297790232579,0.313680681913164,0.9901236913477276,0.394464551046214,0.25151992333434214,0.4292578417063621,0.4344624811933204,0.438908677889549,1.246964354145729,1.0694118742132654,0.2325130092285074,0.398013240539877,0.4946379668597287,0.2006367027359877,1.0,8.117254660642233,0.687819541724547,1.0442602200733067,0.36833308240586143,0.46407568486675443,0.9052335396040881,0.5254910152668059,0.5865918492820741,0.24960951058264366,0.20308618064346984,2.4130232159862017,0.3071989538938147,0.8968110857417072,1.5677059312155834,1.4003899543807647,0.7939656258777835,0.2595439434081827,0.554233966458815,0.24291041597466206,0.41038385002713507,1.1300368106909406,0.25986263898021467,0.4672666960936729,0.3436076463772707,0.32109230020481583,0.2925731283815005,0.4159543111828219,0.9443498109013718,0.7591148918402904,0.7925931881538516,0.4458615123655376,1.5712356272066366,0.29055068807535583,0.36852824038569154,0.3366244160701626,0.449273288936453,0.6895749539229841,1.6177154102504532,0.3863655551635736,0.7003364935793536,0.31176754973691073,8.117254660642233,0.596675238773805,0.5024196829023504,0.5717530131792434,0.26918001950559844,0.1950212901608194,1.066796073411795,0.3986238558219457,0.6131654767852924,0.4912919440948246,0.8445925506759229,0.41049058893850643,0.3397745709522305,0.8220168544320704,0.7941947709735852,0.6862866763312561,0.820439905695477,0.4374315063598156,0.8384469167990245,0.9104795893734827,0.9252515556366796,0.23289635176002765,0.30165734284289514,0.5107592506125265
Costa Rica,7.508057381506578,6.241255152287686,8.019248526670937,6.810837495355585,7.886454355739014,7.813956085596298,7.677825565694468,7.774803463548354,7.954331714221244,6.7143650263601815,6.29630865409526,7.97361156287343,7.837827398793948,7.6340893996774435,8.148441803737759,8.117254660642233,1.0,7.589184435155752,7.019002508851263,7.7850350145868825,6.69189500158914,6.475321625465815,7.64721713637872,7.562434261289057,7.696065126088292,8.236151255662493,4.123038056059946,7.944110684471054,7.323176135673145,6.897178096360619,6.364489555867291,7.1503497574061265,8.083258652249118,7.459794266329803,8.009191615046598,7.64198389049864,6.640028532139743,8.271591885616603,7.616728773570988,7.511880787508254,7.816084213828177,8.243699606376907,7.418005570851006,6.847379950338086,6.831313585356553,6.460856562302238,7.233485392878451,6.3499105387749175,7.101535515718863,6.845805978042949,7.905042493964626,7.836030930530431,6.9116544647512965,5.421148301817659,7.833951712043334,6.834758655591051,7.987603054125376,0.0,7.414016968290224,7.585275925690738,6.990026316845469,8.17298080783446,7.9861903239399314,7.165284723935889,7.702855799989378,7.489074315320618,7.7497128963728885,7.106147877500162,7.623481795398526,7.746692087334826,6.78381023954516,7.510978855243473,7.6380121549737074,7.063546445713256,7.467951804691971,7.390701669706687,7.151191326174183,7.074620777451087,7.754395780570662,7.5523826631753375,7.847729309036017
Croatia,0.9064127308142768,0.8008505189110523,0.8075234741944834,1.796059338131839,0.7279737766993486,0.5922303913650776,0.45559972450926967,0.51103676838588,0.5300314184213922,0.5616041807627199,1.0025774101163292,0.4853469032112667,0.9066283579689699,0.5190976414518345,0.6536175815236378,0.687819541724547,7.589184435155752,1.0,0.47965018435319584,0.5337000175697025,1.5031133049228254,0.566682161991618,0.981187904193624,1.2292814253915345,0.938099695126151,0.614201933071888,2.6592307253457292,0.5567513587498403,0.9378827203124113,0.5419985409335404,2.040714547098445,0.493277394303531,0.5512524398166085,1.0426709232768228,0.5236417474160909,0.5304184611219698,2.1363096246052353,0.8522456997712609,0.586080462120001,0.8080632749697164,0.626998522100283,0.8428887642438502,0.6879169581756853,1.511227957636995,1.088628830640925,0.7035852938648128,0.9430752570718682,0.5641332818373577,0.7996532618387273,1.1970502661141589,0.5146019029598623,0.45364013693660393,0.6070034988399131,1.3225446767092854,0.7151099242028682,1.213205718926084,0.6014204269335507,7.589184435155752,0.596293227596229,0.5517087458599617,0.4662536255562966,0.8027953765683619,0.6607971434324011,0.49029254884024,0.9671880483679451,0.7484048388693236,1.080875014975231,0.5460665122845552,0.4879613900200092,0.4406548164499165,0.4817119320285829,0.3033388344303818,0.3900923810609642,0.571336036801874,0.7898903928550902,1.174179568270425,0.3212637170988206,1.1317288101171399,0.5216646058143006,0.9475566245573688,0.5244746720966824
Czech Republic,0.8581622360094678,0.8078192797757571,1.1751370279226538,2.135012157149268,1.1683840550200382,0.7483558042728047,0.43361256846052454,0.5390275444814053,0.6447240194300474,0.31889357796915746,1.0218637405524582,0.7851417680455852,1.1830447664789536,0.4864198197689727,0.9053861203074886,1.0442602200733067,7.019002508851263,0.47965018435319584,1.0,0.6120043777174454,1.585322552838752,0.37668967244191476,1.3756367693427918,1.6961586984674006,1.3333863394703924,0.8872680658065196,2.3644032610663652,0.8788783743733848,0.9629674812088787,0.6637835800836616,2.388509778000468,0.2601249741595828,0.8100627154895698,1.0595542305378305,0.7809715257579636,0.5155239947489609,2.4732845633882357,1.1409492442808171,0.6203017286494124,0.9024177555358056,0.780027060583838,1.152476872358542,0.8828504039959351,0.9617464048351293,0.9456272071196585,0.5172350129917185,1.3015104612163753,0.5389847465914583,1.005985230065733,1.2648717642635763,0.7422729672291,0.4913258496430212,0.8384721201369155,1.1146421956548929,0.7868588188730384,1.2687304173500462,0.9699880486605741,7.019002508851263,0.7872793716365274,0.5240348049072224,0.3993697478416953,1.2596668478195125,0.963410716350562,0.3493337715117957,1.511602575412533,0.8383313110197999,1.6193126282513717,0.20932139489057056,0.4156628604543625,0.4541863429104416,0.5917674037014781,0.2635331806057637,0.35379884867323397,0.6303491639793923,1.168747289316497,1.3888953691690462,0.32581854863586857,1.2705135670822625,0.7629079472235785,1.0534346757803037,0.6137927774430515
Denmark,0.5290700194127888,0.9139505972374367,0.3484415569453052,1.3647968949493856,0.34781965319503216,0.28317766618386275,0.23018513752140693,0.2912627218101733,0.25446105105327665,0.8502786112655872,0.7725718134172772,0.21284789334895965,0.41685821551712166,0.21872566309890173,0.2023613081259896,0.36833308240586143,7.7850350145868825,0.5337000175697025,0.6120043777174454,1.0,0.7950735251467727,0.6937768570108213,0.5562738726456553,0.699902861515038,0.5038078719743437,0.273334745705352,2.575038680566454,0.22288625596629466,1.103610910684123,1.3186837477478408,1.7945164296180218,0.3755632885372856,0.2587402868460211,0.6355891865579282,0.18198590185142646,0.16260506673686756,1.3878234587437626,0.3711579039399363,0.3725860657857475,0.4064433183471482,0.2545827133210672,0.3583995293272202,0.4116337997138556,0.7791802878125593,0.7124599140380727,0.5642974437128377,0.5613600498488022,1.2482814586589577,0.3325516745709029,0.4869159247345496,0.15291929644412985,0.19158488772429969,0.6859508082982186,1.512380163725077,0.33910755041257584,0.740500800234174,0.21830063455898377,7.7850350145868825,0.4913557389490759,0.37304456580393985,0.2852439519087297,0.38043891403373953,0.3225872206768901,0.5452564838639518,0.6352757006347644,0.4603172699088358,0.6804033425358129,0.39495599649120294,0.24479733254155994,0.21996329527358224,0.6701899205622708,0.3789902227906,0.3032857088472789,0.582135471072045,0.43389999027361364,0.8806630223862717,0.6231988365234619,0.8506807721326287,0.22641441089830178,0.47361034675248775,0.2666317710471108
Ecuador,0.5844924161315068,1.1548241093229472,0.7062474920509574,0.5066648724322473,0.6908243446377472,0.5573953446185916,1.0546746649046441,0.8865991022481208,0.906393478130451,1.8452312561921738,1.22783924108416,0.7026677145247634,0.6162369846057357,1.0163701636938258,0.5832246168686108,0.46407568486675443,6.69189500158914,1.5031133049228254,1.585322552838752,0.7950735251467727,1.0,1.2346785414999975,0.6109283624406616,0.5189365899394577,0.43122756778661203,0.7188778040710626,2.1149989566444862,0.8216261060690515,0.8576839003312595,1.9489587127316828,1.0081992617443862,1.225326986274593,0.7323811669783902,0.6050071934736626,0.6791981637113701,0.8881536338873116,0.631222047662836,0.7169323873643066,0.9430116009886742,0.478757304263978,0.5596799059420344,0.6433751518271097,0.7282002850321199,0.8617277122211572,1.1740769671967162,0.8396713699080411,0.605564763433421,2.37105143107585,0.48360371385350304,0.3060600093237126,0.8124853620569419,1.0989496135002632,1.097625515289925,1.7839822177624967,0.7434544786386216,0.6805800964906273,0.80484159189252,6.69189500158914,0.8495001368836891,0.9811614652568461,1.0964430395778244,0.6879519106434069,0.6602545910882015,1.4730762055315634,0.5011582963930719,0.8723562238099576,0.6782621755404331,1.1577286384685235,0.8196316478425575,1.0313544966151076,1.442333713788085,1.4685759004781844,1.2803146817034756,1.2146868942912348,0.5761244850836285,0.7917279338416056,1.5127328178563793,1.0771880463224524,0.6746929956199117,0.40504400633249293,1.0076168535913215
"Egypt, Arab Rep.",0.6697913973047498,0.8204073397914664,1.3021785252511886,1.738533104999952,1.222559058598928,0.6318354322841283,0.4761906539627899,0.5753379250054391,0.705673087289729,0.30728308446652164,1.480830617235576,0.7225357552654175,1.224024308925101,0.474648667769818,0.8428443541973929,0.9052335396040881,6.475321625465815,0.566682161991618,0.37668967244191476,0.6937768570108213,1.2346785414999975,1.0,1.4142307812828403,1.7759038484696785,1.179990090781915,0.8840872488244186,1.8398543003381074,0.9182804439612399,1.236974628877863,0.8406150400442601,2.7425883595524208,0.4393342163378459,0.8240798710803191,1.2391033198006474,0.7264712096168252,0.6406222681000832,2.3251183612814423,1.2197863152613875,0.6898074315056038,0.7523657188449004,0.7009523515540778,1.260696045665754,1.0824466842943785,1.0699598295027983,1.110959236480161,0.3009618581455876,1.4574730468137604,0.6184613828094011,0.9797408860919513,1.150621044703773,0.7654710670771321,0.6248463888575262,0.9063752166350965,0.876342191698856,0.8895134749235196,1.5305395846223044,1.0871279371912237,6.475321625465815,1.0762115964347423,0.6010402685641026,0.43209598994097953,1.335674410867516,0.9850426391885851,0.5543749780869868,1.3211631664514332,1.084473332642652,1.7352069102331777,0.419529149764748,0.3841346141540341,0.5911837500108669,0.5511596437218119,0.37048053367401074,0.40597642282910107,0.9291622521403116,1.165657197467082,1.7611961381504382,0.5120582970932233,1.5640588643251216,0.689851976104024,0.7840843120426108,0.8620811867638648
El Salvador,0.6651808331514399,1.1179759174125588,0.3953741707830357,0.8519102197482502,0.30863903256654374,0.6320969465245052,0.7463645580015814,0.5393022225357227,0.6088720283316977,1.5952284143298698,0.6489793255537031,0.5449111612265765,0.3885772105125804,0.8737858593654974,0.46707870210954455,0.5254910152668059,7.64721713637872,0.981187904193624,1.3756367693427918,0.5562738726456553,0.6109283624406616,1.4142307812828403,1.0,0.3235658381762475,0.31458365329129845,0.4735736075014187,2.681423278254437,0.33035189554231614,0.8515684957627989,1.5740947096082314,1.033892170022841,0.8701030454201588,0.513414591736717,0.4799568087288148,0.546893104439294,0.6297669261869708,0.8018872824282779,0.3664417708881403,0.7364324906376452,0.5827761404707537,0.5020502413775605,0.3549063321600509,0.37851748327639034,0.5817303208143056,0.9345656813030352,1.160291476399657,0.40145709281518605,1.9157765637330093,0.47432884213894727,0.4950319340259317,0.5809246289161789,0.6879812431633567,0.8705591094540931,2.202682901841556,0.3786168913875558,0.6699405766224227,0.3662812901695397,7.64721713637872,0.42447979907416167,0.6121681913695929,0.7073816216819436,0.3804137228631623,0.458950668217269,0.6405034123772466,0.49323220367055665,0.4837311979499638,0.4116983384716437,0.9193780965304378,0.8169074763407387,0.6888857751487996,1.192497323783181,1.1497603214405745,1.044085605890053,0.5574415351700952,0.35718336771407905,0.6164038159279253,0.8548484539217487,0.6766950825794495,0.6090471401092837,0.6347814325542659,0.4388706804820602
Estonia,0.7688849736864748,1.0842998629087686,0.31736381137830927,0.8188752580289511,0.4565585956058435,0.8297800254118846,1.1031325227614754,0.8823959275707621,0.7346135637725009,2.011271892128208,0.6600569165215374,0.7555792507082977,0.3198536344566891,1.2091880534379533,0.5968022164732973,0.5865918492820741,7.562434261289057,1.2292814253915345,1.6961586984674006,0.699902861515038,0.5189365899394577,1.7759038484696785,0.3235658381762475,1.0,0.44034394442570224,0.6278278144896654,2.8015085964443194,0.6504661002203362,0.9066138879172171,1.7764281629537708,0.9754498739287196,1.1181416182655464,0.7409545124708671,0.48027312799261856,0.7796651209512977,0.8996488651295629,0.7294485612554391,0.4403278541839596,1.0160572605061329,0.5554331059137538,0.639130446589644,0.39242862930393085,0.45404540217571177,0.7513260111451204,0.7538540539079395,1.252630016094153,0.3675610963939778,2.126722789729682,0.5221807854888665,0.4589481601876638,0.8137680284569557,0.8708042091388631,1.004437895130614,2.4018989641182236,0.5711485263095873,0.62069934958546,0.48332839873176203,7.562434261289057,0.5610125652709087,0.6813508228143437,0.9366777830188637,0.3195592263191852,0.5012533301400266,1.0494400098327579,0.3458436326265374,0.6378811194051318,0.3705630363860507,1.2715761908800398,1.1715548504027176,0.8370395952582309,1.444038053986304,1.4699996623828813,1.3642132278152843,0.8187939933515362,0.5707621391552892,0.4674787612273511,1.0394952500564767,0.6874300094442543,0.7520377691798985,0.5929601579447444,0.6937152161602135
Finland,0.4924055027114567,1.0249150575721888,0.2974176807450516,0.8307811917037102,0.35407576339728664,0.3668711918878975,0.6251414436775643,0.5723472008099969,0.6037701531840833,1.507376039080171,0.8736401730221169,0.3507686511707699,0.42318218963718957,0.7244495782718805,0.2540320950641757,0.24960951058264366,7.696065126088292,0.938099695126151,1.3333863394703924,0.5038078719743437,0.43122756778661203,1.179990090781915,0.31458365329129845,0.44034394442570224,1.0,0.2864064021209072,2.488115566897311,0.3485944366465453,0.7439646145210255,1.5272215254418071,1.247772526144978,1.0229526822047703,0.3524858697544103,0.5110102311603679,0.3308488758823449,0.584572614014861,0.8178394565371776,0.280055927310341,0.660969663471418,0.3907731289907195,0.3306775660649719,0.28836861252310486,0.35030618367175315,0.9255147858424688,0.9166545351093718,0.8760259336137372,0.3899308067955693,1.788855468936157,0.3607004073418437,0.3826272049476463,0.4569713879632249,0.6365675452325439,0.8492519141540769,1.7898000602305877,0.4957104720596147,0.5944320003925179,0.41981750426740183,7.696065126088292,0.4860187545360967,0.5436849963487852,0.7534876917259915,0.3023421959729013,0.29522348336610993,0.8516838117370644,0.32107875908516803,0.43432848294112236,0.4031211786349118,1.0367830457840268,0.6813701886849399,0.5298661270339262,0.9790646465873386,1.0347999703909516,0.9966140746051133,0.6963555586377128,0.3022875515357175,0.7311195840640659,0.8671860104032947,0.7314771117711469,0.35629995230797235,0.4136390026872879,0.6213215462500864
