Country Name,Albania,Angola,Australia,Azerbaijan,Bangladesh,Belarus,Belgium,Bolivia,Brazil,Bulgaria,Cambodia,Cameroon,Canada,Chile,China,Colombia,Costa Rica,Croatia,Czech Republic,Denmark,Ecuador,"Egypt, Arab Rep.",El Salvador,Estonia,Finland,France,Georgia,Germany,Ghana,Guatemala,Honduras,Hungary,India,Indonesia,Israel,Italy,Jamaica,Japan,Jordan,Kazakhstan,Kenya,"Korea, Rep.",Kyrgyz Republic,Latvia,Lithuania,Malaysia,Mexico,Mongolia,Morocco,Nepal,Netherlands,New Zealand,Nigeria,North Macedonia,Norway,Oman,Pakistan,Panama,Paraguay,Peru,Philippines,Poland,Portugal,Romania,Russian Federation,Saudi Arabia,Senegal,Slovak Republic,South Africa,Spain,Sri Lanka,Sweden,Switzerland,Tanzania,Thailand,Tunisia,Turkey,Ukraine,United Kingdom,United States,Uruguay
Albania,1.0,0.8802693914230111,0.5853608901184479,1.011707191607614,0.6553050332673642,0.39428234931976464,0.49061893585760313,0.5699639605130182,0.6183484340360356,0.9486246107858431,1.2034228916098406,0.4331515523055876,0.5399669635333556,0.5178747043909543,0.5546425836746333,0.40979947212397916,4.332074426674097,0.8786446348507132,0.886546787926069,0.4877696923594918,0.6357785129442166,0.887386827534431,0.604008113567323,0.6929056985835518,0.5118655817737621,0.5136637188349632,1.6880699619668043,0.5098157613624829,0.8896991297516178,1.2572278697565704,1.3005903126148641,0.7787518697891918,0.5152395601724996,0.8336330011647698,0.4375912017091889,0.5285973694520345,0.9999553209977379,0.5085161341190184,0.4679675540935867,0.3596820318414432,0.4024282025819037,0.47472345635514396,0.7331113039949584,0.8784832090799799,1.0983323878164877,0.740690613988613,0.7064380787615993,1.283541657926489,0.567519616930362,0.6129056408290366,0.4786198025027252,0.5883968121142614,1.0001848803432685,1.7872508214130454,0.7345357147370739,0.9726046497067815,0.6366682919595174,4.332074426674097,0.8691717700428337,0.6720553009791644,0.6339416147114312,0.5706522063252562,0.48991676125238265,1.004684485473005,0.8584054226504738,0.8844859035489265,0.6870958479647621,0.7502076331025122,0.6294804331573229,0.5336203204546777,0.852911901924364,0.7666526906426496,0.7254618946035921,1.0245203086313435,0.5611046951446013,1.041759922308792,0.9536261037452664,1.101868982235021,0.38132303727670985,0.36999809959308666,0.7085180319900874
Angola,0.8802693914230111,1.0,0.8742083482434165,1.2833872855769521,0.8205720681047642,0.8057758071191452,0.6437602808154377,0.6685819132951479,0.7812893223328157,0.966688326005689,1.1012507053660066,0.7553262016732711,0.9346923067769137,0.7327366724778521,0.800102882846089,0.8003750167926668,4.285885013366575,0.7069079713834457,0.8870659932756971,0.7581013448697209,1.087715126127745,0.9688255234129174,0.9463413813343593,1.0417146564160722,0.8498811468764984,0.7570432541902828,2.2126100374312063,0.7352130909509509,0.9332411531371396,0.9735409835322437,1.4699400642347358,0.9009411960682544,0.7005716826658771,1.027896267058249,0.7552367841419664,0.7328292960824077,1.401421158207515,0.8032643299917888,0.7459160926541055,0.8911214047045977,0.8396662374296522,0.7943431623318016,0.784115307743528,1.3850701648562667,1.3405775319777748,0.9359513686653624,0.8526272883599106,1.0586517060288263,0.91720834889862,1.0749922054498986,0.7483857944342511,0.6759498418190991,1.1097184062049756,1.6927353319433298,0.9222761623775695,1.1027269847528378,0.8472444610746561,4.285885013366575,0.7975837646044156,0.6050421925102393,0.6946826579334423,0.8857478432464283,0.7820307616916248,0.9520506456200833,1.0295128669001112,0.8826760254717093,1.0899645329246683,0.8872237986269862,0.7474359165973852,0.6620796940192496,0.6350010557855467,0.7056379720864223,0.7219564440041037,0.8769613149889377,0.7928670334237223,1.1992986995288024,0.8934427625944484,1.3003886797051476,0.7248188246573997,0.8938534687232479,0.8110720236581461
Australia,0.5853608901184479,0.8742083482434165,1.0,0.891886856207405,0.2830486018915964,0.38940540950897734,0.44813538058134905,0.4138204332303343,0.36750740555509837,0.9449284808038506,0.7338819060149602,0.28234839423173214,0.22431851092375918,0.46985084213618356,0.21809106660278643,0.27630799859488814,4.355648137244432,0.6743709214937933,0.8087499561290173,0.36556711786065604,0.6656899665607664,0.8603732641332585,0.3343051554423592,0.35243157467216296,0.34130855193982934,0.20007041002365872,2.089682898208655,0.26565253966560964,0.8755997711141075,1.0920148620851626,0.975311435035728,0.6394084825513988,0.27244916890077275,0.509969992454476,0.28230905119120414,0.37661821769414383,0.8422461667381679,0.18783094480354331,0.46343275856538335,0.42262182583296526,0.39686864260121035,0.19845486333088255,0.33061953031913033,0.7166675745423126,0.6801187508595177,0.767642159676077,0.4072413004163819,1.1308347431498182,0.3854376122977666,0.43598779515836106,0.32558548175240287,0.3981790807559567,0.8389971491602375,1.7723365746412014,0.33729250998674964,0.6003285520326908,0.26471831700446363,4.355648137244432,0.49443127335972903,0.43260468683878395,0.5070072505990227,0.1655719607875944,0.26852733104086873,0.7290158208649851,0.38780047626562125,0.44526787403966095,0.356897972007877,0.6521857595587673,0.45415469131027825,0.3779074072274697,0.8239661488068537,0.6187052337388991,0.547698213027289,0.6290564198908052,0.3647215837122498,0.5593428939355212,0.7546399201976726,0.6185453166436765,0.3862005810064344,0.5373201110236633,0.38666544078336873
Azerbaijan,1.011707191607614,1.2833872855769521,0.891886856207405,1.0,0.7674141258549331,1.0418304787715766,1.1397446070934643,1.0406030223056535,1.119431622461555,1.6708434396890368,1.0273446908352617,1.0124373539166893,0.9048328201523815,1.1914273202660306,0.9896831916218396,0.9580772484270886,4.277831928666955,1.3038315171951453,1.5474417649532874,1.0772717738620434,0.6516569262663472,1.5566927891236735,0.7753189221340587,0.6789921038845358,0.7493135184638918,0.9643315537288556,2.1355736925314517,0.9612238821450515,0.7517055874925478,1.6400911533627784,0.6923742476162287,1.4019735798957977,0.9866470540066606,0.8640160205770575,1.0166074425398215,1.1219478548150006,0.7301489428186279,0.8267433265164422,1.1640769115772505,0.8780424072887228,0.9815219074660089,0.810899027710287,0.8921471655602179,1.322608430088349,1.289728336575006,1.4024659745422314,0.725178510557345,1.742374842032517,0.8275870953117265,0.8820582729889939,1.0755795445834209,1.1409365328617,1.3799588628511414,2.283037967367075,1.1029302622629293,0.7876253195025016,1.0110474054309029,4.277831928666955,0.9042078900932983,0.938446524369691,1.211279727669112,0.8478158771550053,0.8913469514677493,1.4514315615156812,0.7416765467972217,0.8931250699472971,0.8252320531804708,1.429543972921819,1.172537021715636,1.0534298253533596,1.4561527751318453,1.3357754026838853,1.279040682563223,1.18221701980358,0.820071625877354,0.7431357998495964,1.4912282942817565,0.9817941820913095,1.0053794529178588,0.888843352602679,1.1388798811447662
Bangladesh,0.6553050332673642,0.8205720681047642,0.2830486018915964,0.7674141258549331,1.0,0.5269215743745369,0.5135680077888293,0.45271541825564315,0.44140828707409735,1.057521009103521,0.6082654936342862,0.405821103708291,0.3843973260077445,0.5828559608246255,0.36472534836009207,0.423002752763486,4.351542464789343,0.6674687849774665,0.9220788413221627,0.4341032989161036,0.6285549474480995,0.9816844563227135,0.29436446540679356,0.36647040677439313,0.3636560376559755,0.33113673706346697,2.188164828395921,0.3128226299823052,0.6943914264491332,1.0620092551212106,0.8989915153980055,0.7607824173066254,0.34141194562810856,0.5402695498570128,0.40807920375066514,0.4735784315295522,0.8054353254060475,0.22728693728698424,0.5637605608549507,0.5104180182548611,0.4691619802000658,0.2525264312438074,0.30491116933401835,0.9429497496494412,0.8334902659522885,0.904709018448059,0.2671010484946289,1.1406229038946052,0.4055200399275101,0.5899645215928975,0.44496612420981474,0.4622258897705605,0.8300327480440224,1.818172206560258,0.4701898351693639,0.5210325157247573,0.36827437900171933,4.351542464789343,0.35449256908056603,0.3813351335380255,0.5962243062817427,0.2847526821131851,0.31071627192635864,0.8152200750499324,0.3914033262289297,0.4418108464650123,0.4495388796363408,0.8117990416107562,0.550962065133858,0.39818205056189865,0.8568373068927794,0.6757162944120023,0.6217844619081161,0.5603089097749011,0.3301039973656888,0.5337912855423788,0.8212842910419467,0.7037569092294889,0.44773219617102444,0.5604065861632134,0.4625154573729035
Belarus,0.39428234931976464,0.8057758071191452,0.38940540950897734,1.0418304787715766,0.5269215743745369,1.0,0.3747723046613665,0.4521462813736252,0.40042041247139515,0.7807498079255126,1.0329670557639237,0.268486755110172,0.44778906736169927,0.35384270332751955,0.32163564543038536,0.33064566330961026,4.346610756696045,0.6993428365698579,0.6639011688816078,0.33508105527860865,0.7709823518449641,0.6959089288898078,0.52753489344435,0.6378361904975028,0.45906142692099083,0.3138753106472586,1.899375902900412,0.37474652119244944,0.9325910651503589,1.106308895777381,1.2627348217611702,0.5693383135759189,0.3717773828906455,0.6798526072201694,0.2550532622537012,0.3536352245157531,1.0671533539549944,0.3749141985889426,0.45527880803011567,0.3431714106042559,0.3470636119519947,0.34005516763235816,0.5045069611550318,0.7441880449209004,0.8868108724503552,0.5929877662806964,0.653164190644869,1.0895515595280933,0.48265073005950915,0.5105644452755077,0.2718033231781783,0.37883878538732013,0.9149141602158651,1.6645985571852533,0.523746246607123,0.7898959999631462,0.40765069181526076,4.346610756696045,0.6779788504994368,0.46417540982544797,0.4383913620162501,0.3564696910333988,0.33692804666720927,0.7312431437251554,0.7002644923257995,0.6740137818005576,0.5883980359135087,0.5260324107422064,0.3867275877295735,0.3621491953346242,0.7266854295280851,0.5382659773231258,0.49722058070799025,0.8036046841544772,0.558077170016163,0.8684412582109149,0.7529840775876042,0.9080909301426352,0.32543815518525765,0.5108953493304302,0.467993552328863
Belgium,0.49061893585760313,0.6437602808154377,0.44813538058134905,1.1397446070934643,0.5135680077888293,0.3747723046613665,1.0,0.22111207380516404,0.2755782394796147,0.6208586154412714,0.9514387815224564,0.24824826138502198,0.4890986402306752,0.178332566641954,0.3037833329055904,0.33831614889220224,4.342840175096576,0.4491264624196331,0.5266549938254145,0.1860898459747683,0.8545230495594855,0.586367397090214,0.5678992301868526,0.6858488941299555,0.5343662539075884,0.28696986013932146,2.0748309170044514,0.25638176473570645,0.8857088636283217,0.851958154133878,1.3179787694552052,0.39803462593448763,0.2636133446778063,0.719761257024305,0.21291737826004972,0.16488939395586874,1.1333638725571553,0.38811386106263523,0.2754215588995871,0.4875182222251302,0.3380804713534781,0.41193493555251115,0.5111239621513111,0.8895224896250267,0.9374732725777569,0.5357518245385149,0.615188937476675,0.8735394430594762,0.5289422545607395,0.6954208675533677,0.20010521311945154,0.18586280371222963,0.7020589043208365,1.552446992576627,0.4289276481461567,0.8374287490528383,0.37545395438947177,4.342840175096576,0.5895413742256583,0.397006213206598,0.25793447701165,0.4632161046901338,0.3747039051896805,0.5996875430024408,0.7561079979294351,0.6697875574941914,0.7208706181143042,0.41596266348503963,0.2447721092652786,0.1775014228049322,0.5106612133138769,0.3257169041521613,0.27601978458018167,0.6416211642999652,0.4955158065576884,0.9398013168172685,0.5177297826863496,1.0001666187695901,0.24278594618692861,0.5650408247503969,0.33397371313735297
Bolivia,0.5699639605130182,0.6685819132951479,0.4138204332303343,1.0406030223056535,0.45271541825564315,0.4521462813736252,0.22111207380516404,1.0,0.3120412860926036,0.7238181434525922,0.8704504077937599,0.3011336054019276,0.4932716900074952,0.3216447777156615,0.2722563903009309,0.33761194900523384,4.345318864149096,0.4715409986138806,0.6382026174926329,0.2715001991028245,0.8065455136914531,0.6662757041158871,0.502276299455812,0.580120358433222,0.4935330991265107,0.28353884858748923,2.1539295397234346,0.2502921954660326,0.8232811680655387,0.836915307089742,1.1919142523008572,0.48384698895891254,0.2712000106434455,0.6312347122127974,0.24929930040481124,0.27119594429216504,1.0712763430466115,0.33695403280058667,0.3930246041267767,0.45291342537635176,0.3475177404752512,0.3794496889994437,0.4594499552131171,0.9264996156279262,0.9247152561561908,0.5806756813348668,0.5042490537218858,0.9121350881319839,0.4181659511733164,0.6704965727830846,0.29096817950202936,0.2970470884941667,0.6796599795070188,1.5567662276390302,0.3924613411186123,0.7064355915636055,0.3604627681037344,4.345318864149096,0.5022223572862965,0.3232512229151795,0.35044347811236776,0.4192629080679801,0.36033747287566337,0.6412140817018716,0.6416680377586471,0.5546811340872352,0.6904484876659899,0.5178770187002103,0.2775533301235734,0.254200965435695,0.6236736400256725,0.410422291538491,0.3535493096893548,0.5753545528794011,0.444512235370939,0.8347930368474554,0.5747309649814275,0.9303964235073465,0.30182597180593573,0.5969871240090251,0.3357440797470289
Brazil,0.6183484340360356,0.7812893223328157,0.36750740555509837,1.119431622461555,0.44140828707409735,0.40042041247139515,0.2755782394796147,0.3120412860926036,1.0,0.6826260760139272,0.8108670682599071,0.3139455765320086,0.4289744105910193,0.3352184649646026,0.24691213176661292,0.3740606618582402,4.345077722213386,0.40817227947240725,0.5859698268888277,0.21903228556110294,0.8855806816577447,0.6505588231369088,0.4453848556971755,0.6318781141803054,0.5707087404741561,0.28548680455512865,2.166233335657142,0.2618826493080293,0.9457208929628768,0.8401666595458773,1.229602489968758,0.42317686248396597,0.27320624144655464,0.7128991965735717,0.26180085728243263,0.24753665577413594,1.0693242244637136,0.35952299113351766,0.3910889663243106,0.5343350246639491,0.4124477191848958,0.3911092043716869,0.4673526081704257,0.8308617424410019,0.7745240516033389,0.6534048347379562,0.5643856520907784,0.8767965570668182,0.4828905301813532,0.6890786630544351,0.24854462196012306,0.19575490933095654,0.5859922063672158,1.5163722458591962,0.3291370075502539,0.7527149946753791,0.29833754546143226,4.345077722213386,0.4998256940902225,0.38908229258561927,0.3616108763094531,0.38454998348007435,0.3764616621211332,0.5168360151317046,0.6665944391134326,0.5437931948998459,0.632535941401285,0.4501286467762341,0.27074677692791055,0.2269901809776536,0.5945131895312571,0.3662895770076706,0.31484509058562754,0.5049115105287393,0.4804849657625353,0.8170091781860673,0.46650133418237427,0.8720133379920099,0.3609183782957661,0.6516081897989916,0.18229896877079904
Bulgaria,0.9486246107858431,0.966688326005689,0.9449284808038506,1.6708434396890368,1.057521009103521,0.7807498079255126,0.6208586154412714,0.7238181434525922,0.6826260760139272,1.0,1.3314933010662438,0.770174329092551,0.9993719039955729,0.5651059607836738,0.7792198386709326,0.8717456938725606,4.265380263090749,0.6367487010484238,0.2895910314749981,0.6927641058993118,1.4116015716321522,0.3149880975987339,1.0892842888682992,1.20063045115315,1.0874611123462745,0.8162522575980412,2.2390593685444498,0.8139664144511477,1.3784826869739728,0.7432005391736024,1.7937905520348976,0.3748440931541111,0.8304784806593736,1.1060285721513279,0.7362024347260356,0.6535849981808104,1.6441509413846676,0.9442398547382654,0.7457390481290246,0.9581781464867954,0.8354629098196842,0.9695720341761543,0.9694448069752736,1.0581415169356263,1.1421597100894194,0.5231509928673629,1.167675444980028,0.5927139750762169,1.0078510320051195,1.1306061821339959,0.6963057975815924,0.6401259734041806,0.8384296034668753,1.2245266087104747,0.7718811811808953,1.2379447168971724,0.7964967713414488,4.265380263090749,1.00976530033442,0.8656806880382482,0.5699648696957477,0.9413768950148903,0.913181053008308,0.5279154937944881,1.2318437183278095,1.0697564923671914,1.1946383366084292,0.36375127493355136,0.5690088301645753,0.7107580203094874,0.5847004794092707,0.430064739847678,0.4784387283054252,0.8902251367960002,1.0681222668927048,1.3674154306278647,0.44391183988273986,1.346996279033332,0.7989187347647484,1.1009858381369504,0.6677919929146555
Cambodia,1.2034228916098406,1.1012507053660066,0.7338819060149602,1.0273446908352617,0.6082654936342862,1.0329670557639237,0.9514387815224564,0.8704504077937599,0.8108670682599071,1.3314933010662438,1.0,0.9026448470809091,0.7952739137178317,1.0157947306297415,0.8105132242635238,0.9224901820003526,4.291143512640784,0.8569976822741463,1.2074417209876318,0.8873395434277869,1.0849329446991949,1.3247935919218583,0.7404411587406798,0.7225570867317331,0.8746490587892132,0.8090648740914932,2.5987350456210607,0.7818456427939032,0.9728234474890114,1.1112530423123825,0.8344732874324925,1.0508408225221904,0.818333376756677,0.8078933468622634,0.8998429577021467,0.898934598134842,0.9432583185768549,0.7616617424993264,0.9913671233830122,1.0507714020546177,0.9971127882338269,0.7841015818176963,0.6574146398755473,1.1888831693864816,0.7897021917923462,1.3240322980250916,0.6368525856873238,1.2232768874630686,0.881731228328244,1.0327517410762903,0.9079772948652494,0.8426326571850057,1.0086196142714972,1.9548749148131415,0.7486558396377121,0.6939259075262891,0.7184462228594298,4.291143512640784,0.4977903587377454,0.7964193415098609,0.9743343094221695,0.7517068790104231,0.8429989255060127,0.9219925189567968,0.6670038231494602,0.6089994492576668,0.7657967871556247,1.1386425867004089,0.9469317863923696,0.830085399414503,1.1257837232151096,0.9714894834852894,0.9353646314501046,0.5383649226011936,0.7635848755065175,0.5471629313098294,0.976422431743411,0.6870471886416198,0.9741481771488967,1.1065556512767896,0.7429056755784538
Cameroon,0.4331515523055876,0.7553262016732711,0.28234839423173214,1.0124373539166893,0.405821103708291,0.268486755110172,0.24824826138502198,0.3011336054019276,0.3139455765320086,0.770174329092551,0.9026448470809091,1.0,0.3495960004383055,0.26152676450498297,0.17490052787596694,0.18160945653838564,4.353861771980653,0.6138096226584352,0.6401855623471379,0.17917098441446738,0.7097222176461504,0.6826258652130597,0.45330140070279146,0.5198327926085367,0.35624143473445713,0.13292195237086257,2.03180349633151,0.16886656224225075,0.8688736335969656,1.0165400801475846,1.1787701940454431,0.4966341931994125,0.19387752886920157,0.56003544782585,0.11634290449467123,0.18818818415731584,1.000140960825445,0.23681341283783208,0.3322774143420999,0.3608063550212074,0.23096848862459385,0.2621334569472367,0.38452496886967036,0.7614369836071633,0.853396699993983,0.5784128564588398,0.526880433208731,1.0242618980394733,0.3940342720154828,0.48905840952807184,0.14007357927504102,0.2651341102402963,0.7915372664082652,1.6833381287762437,0.3502496726601658,0.7193731484601481,0.28264755155632265,4.353861771980653,0.5759944791289708,0.3963974362580341,0.33690621719727454,0.29997088392808685,0.226101316669078,0.6828028581990087,0.6087032386470828,0.6079659216275053,0.5560338618799606,0.505273288427154,0.3004403619481126,0.24087267204925938,0.7033285228431612,0.47031330879052563,0.4040011480298232,0.6847188733247856,0.44262901318993114,0.8046680342444574,0.6571171639429774,0.863686319369147,0.17672625712228177,0.4420024205712005,0.3568482109783598
Canada,0.5399669635333556,0.9346923067769137,0.22431851092375918,0.9048328201523815,0.3843973260077445,0.44778906736169927,0.4890986402306752,0.4932716900074952,0.4289744105910193,0.9993719039955729,0.7952739137178317,0.3495960004383055,1.0,0.5244302491058171,0.33644914425242023,0.28302340321218156,4.350960163949748,0.756764810919173,0.8724696959070862,0.4036019470326398,0.6144685684311785,0.9442967154083515,0.34315138237390036,0.3946638444436854,0.3689794658020879,0.29735894416569136,1.9982749483951243,0.3243619993209694,0.8939172236039176,1.177314801999572,1.0018497610049373,0.6966024825929336,0.3195831751883727,0.6286679703798475,0.3557564414918015,0.42704220283241406,0.7526628377724079,0.27421634602832146,0.4182397987661941,0.4559841732146296,0.42599653073316485,0.25676244876140447,0.4873904252220883,0.6763992789351005,0.6770753153961169,0.8418461394077578,0.45154042704604963,1.2305949957247824,0.45995960001486386,0.47335731651344953,0.37469770552776427,0.4545754590351324,0.8742223938456564,1.8140872151825589,0.4362877098245315,0.7312585256659871,0.37116258469721586,4.350960163949748,0.6144771143713867,0.5540543056040382,0.5868328985521342,0.29870663125084446,0.34917715479877864,0.8135939255499057,0.5263022894513326,0.5711578804322489,0.3356542614745786,0.6977082634220422,0.5546781044225311,0.43131115165431627,0.8650861337525064,0.7109638461802225,0.6344634423060949,0.7534805157873741,0.33920359019001517,0.6646753715729614,0.8119039230677227,0.6937488704162975,0.40475359739819466,0.48216762928602225,0.48144611105346485
Chile,0.5178747043909543,0.7327366724778521,0.46985084213618356,1.1914273202660306,0.5828559608246255,0.35384270332751955,0.178332566641954,0.3216447777156615,0.3352184649646026,0.5651059607836738,1.0157947306297415,0.26152676450498297,0.5244302491058171,1.0,0.31596759324688917,0.3756979110531927,4.339585780219252,0.5270060638432733,0.4408364478998938,0.22543536524895783,0.9120156100847193,0.49095102798994306,0.6452557601002111,0.7342837013446838,0.5580054331114662,0.3107584751929802,2.079609961568718,0.3348246413073716,0.980384323287412,0.8934426469957851,1.3763393226221097,0.3217443036262392,0.33611548520467127,0.7014529055509423,0.23441354755190272,0.16388737975275725,1.1947875697840777,0.43544328891719863,0.3558422852528616,0.5260794422991392,0.35124036537932973,0.463358665916499,0.5325784839411928,0.8117331671750483,0.9183815769143137,0.4372305427318671,0.7196051450054674,0.8670555198756361,0.561580556827684,0.6524547427027634,0.19648976264726542,0.23774790132535556,0.7614491446218942,1.5362103440692898,0.4227301303976609,0.8698141572629955,0.3756195134060579,4.339585780219252,0.6653242349654575,0.4700750245875912,0.2312328872883723,0.48002436928432374,0.4084965190668256,0.5495018379542713,0.7983860693627397,0.7353736305291048,0.7471737081576295,0.33026869131579095,0.21324694034809027,0.2609068274019247,0.5650591676125016,0.3149477839684653,0.2521984768328865,0.6970892035139135,0.6137075042052311,0.9620675766909611,0.5300901271054671,1.00645221459542,0.2891857671660613,0.5963690006909589,0.35695064722493913
China,0.5546425836746333,0.800102882846089,0.21809106660278643,0.9896831916218396,0.36472534836009207,0.32163564543038536,0.3037833329055904,0.2722563903009309,0.24691213176661292,0.7792198386709326,0.8105132242635238,0.17490052787596694,0.33644914425242023,0.31596759324688917,1.0,0.2343013668214515,4.354962374131892,0.566001660752988,0.6391382967906512,0.21119786215309788,0.7479402856784892,0.6851904183500711,0.39732895265193435,0.4739635023460212,0.38010000293095475,0.10281554182676864,2.1269409557326866,0.17579667763927392,0.8809379243515101,0.9754069883714818,1.1172010322605213,0.4758146661915637,0.1974920156431214,0.5184715798673031,0.14937055391821005,0.21442302016346568,0.9788499552472983,0.19951751136201332,0.4141028739186768,0.4041725376078119,0.28713496576953323,0.24853457587834504,0.32424722246530385,0.7338583524248746,0.7628471668445125,0.5988377849333992,0.48279507678115013,0.9945197021947231,0.3446316977311467,0.48319819824015153,0.17537228707396876,0.2654801785473638,0.7289785518147204,1.652145949224869,0.2415636255838908,0.6270357621120491,0.19252812767969346,4.354962374131892,0.49468061581546796,0.3465269509499724,0.3623397108729386,0.22967134798108016,0.22687868894850982,0.6087921712149518,0.5272129207217365,0.5077473695716644,0.519661709548047,0.4967672534806237,0.25674881452156406,0.2581603192453767,0.7326289735808689,0.45524806444852783,0.3798055010849355,0.5884926456631157,0.44272576089081245,0.7051396840476077,0.6096314568552774,0.7766231795737262,0.2715576967620725,0.5354859880639344,0.2602686702529911
Colombia,0.40979947212397916,0.8003750167926668,0.27630799859488814,0.9580772484270886,0.423002752763486,0.33064566330961026,0.33831614889220224,0.33761194900523384,0.3740606618582402,0.8717456938725606,0.9224901820003526,0.18160945653838564,0.28302340321218156,0.3756979110531927,0.2343013668214515,1.0,4.353395376982751,0.699445759824828,0.7549627000488999,0.28005509126495326,0.6053973008282907,0.7866461590184505,0.3850870760478394,0.4546689135309943,0.30252216457700265,0.1970921414296404,1.9809223903008382,0.2372024718672883,0.8919142730483542,1.1086561946437408,1.1088729028245452,0.6071938769982878,0.20369097932496627,0.595254127364639,0.20602940993869165,0.2989801679806264,0.8975053885030272,0.22583344805940736,0.3532296191267741,0.31643835575243395,0.2346774047210263,0.23531132899911794,0.452679680184245,0.7440018422448583,0.8514498845202494,0.6525863857662071,0.4791962747353527,1.1552290406177703,0.33678408352235656,0.42760647042311806,0.2512853776495776,0.37848057714862904,0.8161490546414749,1.728627951753853,0.4099154905962564,0.7413800761425199,0.3584921175010733,4.353395376982751,0.6387628799476994,0.4407391107955421,0.4608005688965003,0.31733208881125097,0.2319533872088157,0.7898472299809766,0.5751201264220008,0.6058529747268119,0.5044263408774616,0.5895091165148925,0.4070777978355425,0.3447191119382034,0.7948025437736286,0.6007320218417147,0.5254756399535299,0.7647880276461507,0.3765023038524363,0.789446028961566,0.7518189578818506,0.8473348621031325,0.2056808523634874,0.37013762088889257,0.440776280034287
Costa Rica,4.332074426674097,4.285885013366575,4.355648137244432,4.277831928666955,4.351542464789343,4.346610756696045,4.342840175096576,4.345318864149096,4.345077722213386,4.265380263090749,4.291143512640784,4.353861771980653,4.350960163949748,4.339585780219252,4.354962374131892,4.353395376982751,1.0,4.310152849286105,4.2905335571194385,4.349531332836664,4.316601590929216,4.281089621272366,4.348268059807597,4.34382316599123,4.351356586536292,4.356560694839922,3.9414010805218447,4.354472623613021,4.291414126447731,4.2315274766393856,4.246314261070885,4.3154933277922884,4.353474193865796,4.332033677058664,4.354118802563441,4.34770192362087,4.2784278652391645,4.358320927674398,4.3368804666501415,4.345458075960248,4.349647275186718,4.358034474673248,4.348188930989825,4.293643802223733,4.290094743654843,4.29941996269037,4.342452579946104,4.223012943081072,4.348117845427621,4.338325888948582,4.351057912083016,4.344354672341232,4.282846780194013,4.040795439085137,4.343603679816764,4.319767017034023,4.352398253236501,0.0,4.33299425185816,4.343869573586304,4.334334380827331,4.356194145172688,4.355702001466341,4.297933011514244,4.333899105058969,4.330060396179467,4.339641223434479,4.311754630194442,4.340109519611951,4.348867717471847,4.286649449249024,4.320648348433838,4.329109511757637,4.311590841775808,4.344916659019883,4.313738029791319,4.295300190240681,4.297886501916744,4.349889031833899,4.336134842943818,4.342634898037071
Croatia,0.8786446348507132,0.7069079713834457,0.6743709214937933,1.3038315171951453,0.6674687849774665,0.6993428365698579,0.4491264624196331,0.4715409986138806,0.40817227947240725,0.6367487010484238,0.8569976822741463,0.6138096226584352,0.756764810919173,0.5270060638432733,0.566001660752988,0.699445759824828,4.310152849286105,1.0,0.6036658385227056,0.5234950593195452,1.1660594440037912,0.6711539689803614,0.7514499885780905,0.8983284378613109,0.8612318623870214,0.5910200460762678,2.3572483778446376,0.5387278655735578,1.0014656453699426,0.5707740504425917,1.4020663839369951,0.5126673586688424,0.5663127375630624,0.9092235942346489,0.5621343923193657,0.5061157912035231,1.327076691278368,0.6602567458034102,0.6020882438485443,0.8285395363682355,0.71425207240272,0.6949529881434015,0.65453123275042,1.1266454582733842,0.9765419931228766,0.7761595720572312,0.7692744976871434,0.600389310711528,0.7897498366571192,1.0143619013453196,0.5568392953479379,0.4149163087659891,0.5772763363477751,1.4544235271221122,0.5631870206315561,0.9199028623895197,0.5644334936649066,4.310152849286105,0.5327498078258689,0.52445315568581,0.45335450025203095,0.6924675064359626,0.6847295591620831,0.4716053936498694,0.8744596073902079,0.6651363213706806,0.9394666720661603,0.5795750727388503,0.45671501747962284,0.4480481492850382,0.4245956858729601,0.3411168126186139,0.3684805532310228,0.4091899637230506,0.6914438737772683,0.9907251714952091,0.3679020419933844,1.0568291919009014,0.6413107176431098,0.9470965723618928,0.3925151972097104
Czech Republic,0.886546787926069,0.8870659932756971,0.8087499561290173,1.5474417649532874,0.9220788413221627,0.6639011688816078,0.5266549938254145,0.6382026174926329,0.5859698268888277,0.2895910314749981,1.2074417209876318,0.6401855623471379,0.8724696959070862,0.4408364478998938,0.6391382967906512,0.7549627000488999,4.2905335571194385,0.6036658385227056,1.0,0.5711509963929788,1.282800381889907,0.2830286367624145,0.9845735639890202,1.0833965238530574,0.9260892978610039,0.6664487700061763,2.2594810285120737,0.6935571649670722,1.2585152678553175,0.8215610771853884,1.6877626071932976,0.2504584473288347,0.6906916698369582,0.9549994369028396,0.6151131062135279,0.510248389857935,1.537869457224519,0.803951694793149,0.6703243723053578,0.8706182853316196,0.7048641368955214,0.83357342558979,0.7934767616901107,0.9508899454388716,1.0541604762135304,0.43590542137271276,1.0535808693746078,0.6537737684364701,0.900393016591188,0.965668490138932,0.5495239351342261,0.5126859411697238,0.8479463049879891,1.3854686706196138,0.6325216808237197,1.0994630190356727,0.6506117124299293,4.2905335571194385,0.8993271356091713,0.7309360534234185,0.4515492175487565,0.8032944842861215,0.7627546770033627,0.4361477914187164,1.0991159184604709,0.9785891694551755,1.0725702599225795,0.2542001436320669,0.42456962853848756,0.5884224133287128,0.6091400814892197,0.31759849196187356,0.34813929296137014,0.8162135704452241,0.9798101404566864,1.2343405529726903,0.4185546910590108,1.2275863654207517,0.668140510388346,0.9652396116076778,0.5579360992274782
Denmark,0.4877696923594918,0.7581013448697209,0.36556711786065604,1.0772717738620434,0.4341032989161036,0.33508105527860865,0.1860898459747683,0.2715001991028245,0.21903228556110294,0.6927641058993118,0.8873395434277869,0.17917098441446738,0.4036019470326398,0.22543536524895783,0.21119786215309788,0.28005509126495326,4.349531332836664,0.5234950593195452,0.5711509963929788,1.0,0.7934185683524421,0.6333818244138697,0.4684378283813959,0.6007616256995719,0.4566402066839241,0.21052170133427636,2.0972193690947964,0.17433118273588558,0.8798423631180188,0.9121209856018074,1.2455928732445665,0.41464079377346724,0.2170050218550682,0.6557004569211586,0.17058600685957745,0.12422871121144927,1.039687758198503,0.2977600170564943,0.3256379938178721,0.45557200445084434,0.2690115720337627,0.3358809458796039,0.43921194652490864,0.7965374891516807,0.8557219806742021,0.5762716477529091,0.5622106635158037,0.9367192927101429,0.43263803973639314,0.6064920882751441,0.1222996126239623,0.17295173140690495,0.6749033500561499,1.5873166760283621,0.34520066550321843,0.753888843588724,0.2837785807765162,4.349531332836664,0.5586668657286862,0.40341409733962275,0.330914467284009,0.36851825169308083,0.2873108623417923,0.6031479756272035,0.6898555079412184,0.6455656082234276,0.6226782198824795,0.44519841761919704,0.24763169238408686,0.17127850962747845,0.6461631909678942,0.38855356918217293,0.3276648960929536,0.6255637353263457,0.47813778589298106,0.8602254983916775,0.5425554046916448,0.9276826271389758,0.20351169753996703,0.5093472192239838,0.27576761357030466
Ecuador,0.6357785129442166,1.087715126127745,0.6656899665607664,0.6516569262663472,0.6285549474480995,0.7709823518449641,0.8545230495594855,0.8065455136914531,0.8855806816577447,1.4116015716321522,1.0849329446991949,0.7097222176461504,0.6144685684311785,0.9120156100847193,0.7479402856784892,0.6053973008282907,4.316601590929216,1.1660594440037912,1.282800381889907,0.7934185683524421,1.0,1.2998989081586763,0.5551513888588935,0.5239742030530647,0.4460419181843203,0.696632112908846,1.8646012773502827,0.7082648039979634,0.8004153026280046,1.5391352030010776,0.9007248196744395,1.145165879704202,0.6860637008253033,0.7949437671492455,0.7331191867978805,0.833336561070734,0.6458640033854496,0.5828014904723585,0.7904705227538454,0.5601456642239057,0.6336424819119857,0.5648552285023428,0.7722139017382911,1.0598682942067568,1.1882865137267364,1.108627500819884,0.5445293604411473,1.635991901938053,0.5793392376523725,0.581156777951724,0.7798200787125579,0.8943178291178548,1.1908097304787317,2.134399666531904,0.8811638006058379,0.8602821643390034,0.8190601747438356,4.316601590929216,0.9321735967275352,0.7977340267934288,0.972765340145885,0.6638137844588835,0.6030367576655867,1.3173838084618072,0.682460014082477,0.8851846690118258,0.614461270115777,1.1467837661235214,0.934522466415058,0.825718566808445,1.2601554613755617,1.1219790265750647,1.059341094875407,1.1509628440625603,0.5648921987990716,0.8679631710021671,1.275310534186921,1.0036055634278875,0.6547790915865401,0.4087431013953607,0.9549408356949208
"Egypt, Arab Rep.",0.887386827534431,0.9688255234129174,0.8603732641332585,1.5566927891236735,0.9816844563227135,0.6959089288898078,0.586367397090214,0.6662757041158871,0.6505588231369088,0.3149880975987339,1.3247935919218583,0.6826258652130597,0.9442967154083515,0.49095102798994306,0.6851904183500711,0.7866461590184505,4.281089621272366,0.6711539689803614,0.2830286367624145,0.6333818244138697,1.2998989081586763,1.0,1.0179761297558083,1.1171268637331477,0.974494594879741,0.7276709296470549,2.234591894491972,0.7495568943310092,1.3185990515905632,0.8428089356591826,1.7259200928780893,0.36919975164862145,0.7533808080424015,0.9926006752018998,0.6538409961072884,0.5887051933986043,1.603040276177188,0.8525315540502508,0.7300545095745112,0.8618260495404686,0.7208252671423041,0.8928655255363225,0.8729524061588229,1.0178697225276134,1.1675299983035192,0.29980728528589395,1.107499635569276,0.6901733542620738,0.8925741109814295,0.9844366309039845,0.6181425998953898,0.6131243895719655,0.8181187981483667,1.3144619849473773,0.6924436570719339,1.138520683811253,0.7452212681721301,4.281089621272366,0.979603423568835,0.7796289844502221,0.49647267666879613,0.8568218070238244,0.8118308943187208,0.5829564875374097,1.1209202487198346,1.0175583610173302,1.1410462798899337,0.3404596377941772,0.46080081333077294,0.6750934327207935,0.6803907389090593,0.4257482043202645,0.44892660626210046,0.8921856070876923,1.0257863173443413,1.2887894052337514,0.5295297476782411,1.297228389273998,0.6987417013771614,0.9842191145693044,0.6468628173333131
El Salvador,0.604008113567323,0.9463413813343593,0.3343051554423592,0.7753189221340587,0.29436446540679356,0.52753489344435,0.5678992301868526,0.502276299455812,0.4453848556971755,1.0892842888682992,0.7404411587406798,0.45330140070279146,0.34315138237390036,0.6452557601002111,0.39732895265193435,0.3850870760478394,4.348268059807597,0.7514499885780905,0.9845735639890202,0.4684378283813959,0.5551513888588935,1.0179761297558083,1.0,0.3428415192779567,0.4113451538883544,0.39768677470126707,2.0856369035226026,0.3780008351640243,0.8070550850358176,1.1553311991217752,0.8837038607825193,0.8102445209459934,0.3879451213477121,0.6447185486208825,0.4365991797038057,0.529701107687148,0.704634209984289,0.27922523166804486,0.5760437498265416,0.44648759705420504,0.4534254773410272,0.28694155946052613,0.4909757099202122,0.8724272692628295,0.821175013100567,0.9255450596509487,0.2906995730829266,1.2531899705089804,0.31617161852910475,0.5568029331176286,0.48695133772812843,0.5430161102309917,0.7690236797003825,1.8012200411800687,0.5090729038141163,0.6111280631909787,0.4511462299441737,4.348268059807597,0.5377404863506975,0.4930092202873884,0.68115018900553,0.33343823533911454,0.3493264888825092,0.8989916768425655,0.45594410453417594,0.5075110804988883,0.3977602593165075,0.8357685837610521,0.6022879801794256,0.4926646025551077,0.9468945755593534,0.7697404966892045,0.7070387208756828,0.6972187699043247,0.306952351361491,0.6143137453452685,0.8681366810373151,0.7562754554742696,0.4621143119998608,0.5227827952655756,0.5178367126209298
Estonia,0.6929056985835518,1.0417146564160722,0.35243157467216296,0.6789921038845358,0.36647040677439313,0.6378361904975028,0.6858488941299555,0.580120358433222,0.6318781141803054,1.20063045115315,0.7225570867317331,0.5198327926085367,0.3946638444436854,0.7342837013446838,0.4739635023460212,0.4546689135309943,4.34382316599123,0.8983284378613109,1.0833965238530574,0.6007616256995719,0.5239742030530647,1.1171268637331477,0.3428415192779567,1.0,0.37052398257757824,0.4622894763352304,2.110547720902622,0.4732865265227306,0.7956311828429841,1.2698529343952905,0.7079486047003166,0.8958722637328671,0.508769715972148,0.4626783542111367,0.5291838689517553,0.6318550323724094,0.6136462820322867,0.348643138251673,0.6892290177351067,0.48670399523106816,0.536757497303801,0.3568243339544537,0.47214950540636064,0.8279169758100213,0.7871447103832989,0.9848675145734122,0.3157850220489512,1.3446875616685972,0.3908323844822522,0.4769348741116491,0.5964699628566086,0.6771971779014285,0.9597984986777807,1.9610548143405477,0.534008812616476,0.5029189884006273,0.48319138752702756,4.34382316599123,0.5759994701795876,0.6067542498968784,0.7650625187166831,0.3583128651140795,0.4446051032426107,0.9833632215297907,0.32571465679053113,0.5240509697834801,0.3490989617040926,0.9348977026895129,0.7086089328623705,0.618850660881153,1.087244456548701,0.8828894232873941,0.8114430827481585,0.7751704682559358,0.4137246858286375,0.46111817196887456,0.9958981949098896,0.602798020659089,0.5788053301897247,0.5977486912867624,0.6298789578001204
Finland,0.5118655817737621,0.8498811468764984,0.34130855193982934,0.7493135184638918,0.3636560376559755,0.45906142692099083,0.5343662539075884,0.4935330991265107,0.5707087404741561,1.0874611123462745,0.8746490587892132,0.35624143473445713,0.3689794658020879,0.5580054331114662,0.38010000293095475,0.30252216457700265,4.351356586536292,0.8612318623870214,0.9260892978610039,0.4566402066839241,0.4460419181843203,0.974494594879741,0.4113451538883544,0.37052398257757824,1.0,0.3196452216095201,2.023080416155572,0.37429266784854576,0.7505800443652489,1.2566084937942243,0.9689607663986797,0.7935775647398032,0.3541574475220931,0.49000295971996377,0.3925073535913946,0.4745041814758299,0.7855866941629197,0.23697496386815534,0.5665123911790277,0.3849468586580453,0.3421487079417992,0.23054653048405438,0.39044195970387907,0.8294710823241205,0.9303646894154187,0.8098443387866184,0.41840086616376837,1.3031791541230737,0.3532424086892245,0.34033675195093,0.4245902166186648,0.5446760058163997,0.995804116850764,1.9142838367961412,0.5396765015225122,0.6260783312927994,0.4402652171271387,4.351356586536292,0.6295357209577889,0.47294426796382294,0.6261613409892796,0.3301010307257538,0.24782527446983313,0.9366012650385636,0.49980645188514905,0.6424978664046629,0.46363728482336636,0.8031256191151883,0.5730703386123829,0.47987259104448965,0.9765198573880572,0.764896666964745,0.6924344874333985,0.8413548781592061,0.4358301947415028,0.6837590213712549,0.9475324879519573,0.8118543628774647,0.35563661769308746,0.33004940336792404,0.598230663745339
