Country Name,Albania,Angola,Australia,Austria,Azerbaijan,Bangladesh,Belarus,Belgium,Bolivia,Brazil,Bulgaria,Burkina Faso,Cambodia,Cameroon,Canada,Chad,Chile,China,Colombia,Costa Rica,Croatia,Czech Republic,Denmark,Dominican Republic,Ecuador,"Egypt, Arab Rep.",El Salvador,Estonia,Finland,France,Germany,Ghana,Greece,Guatemala,Honduras,Hungary,India,Indonesia,"Iran, Islamic Rep.",Ireland,Israel,Italy,Jamaica,Japan,Jordan,Kazakhstan,Kenya,"Korea, Rep.",Kuwait,Kyrgyz Republic,Latvia,Lithuania,Madagascar,Mali,Mexico,Moldova,Mongolia,Morocco,Nepal,Netherlands,New Zealand,Nicaragua,Nigeria,North Macedonia,Norway,Oman,Pakistan,Panama,Paraguay,Peru,Philippines,Poland,Portugal,Romania,Russian Federation,Rwanda,Saudi Arabia,Senegal,Singapore,Slovak Republic,South Africa,Spain,Sri Lanka,Sweden,Switzerland,Tanzania,Thailand,Tunisia,Uganda,Ukraine,United Kingdom,United States,Uruguay
Albania,1.0,0.2755536750387394,0.12731740559193389,0.1012012093406964,0.2158823487915223,0.13355960871972167,0.11578742498634706,0.09364474394728647,0.13124045566738105,0.14014284927339712,0.2601191427648143,0.15616111336605748,0.19380090182873067,0.11955998460562055,0.1368832273674632,0.32017058289000444,0.09945379957197677,0.13267857196836927,0.11742007539397166,0.10798323516285448,0.1457680525015125,0.15229089091640702,0.10295476827128375,0.16240793754583013,0.15276731783682693,0.13923713291030135,0.14481107806942906,0.11242758990966698,0.1394904563283393,0.12653334586318574,0.11539183345550982,0.2808554009006543,0.14484993008290922,0.2095040418939103,0.1684860694272693,0.12536448245998547,0.14077799120925572,0.18938268010208348,0.1965524866881482,0.12429010431016481,0.09727801544080716,0.11343256712973301,0.14646074686051155,0.11630303989929701,0.1343102986437136,0.1363622508755487,0.1279625300778253,0.11147424417652686,0.19853825959779148,0.1759020692577078,0.16046029174619705,0.1560954098001379,0.11037162096790643,0.18472494012651897,0.15637982648205578,0.14568528430469335,0.15840701136888666,0.15046043308281812,0.15893703955698696,0.11702536253028209,0.12492630628688671,0.1793831598039743,0.23775800931977722,0.5834657001177489,0.15224471865441475,0.213090909426308,0.11921529833787173,0.10798323516285448,0.1541028527852631,0.18157543943392981,0.14892664110620318,0.12642441087878153,0.14107969979054963,0.1414592291250907,0.1845357788904439,0.16942471165766565,0.21763924413774124,0.14720452216145574,0.1284607878015391,0.15129793593867896,0.13373795454408197,0.1123347998960823,0.16097681384954554,0.12294604210838014,0.12555820156383113,0.15374356462953112,0.13054485512837383,0.15065059860025076,0.24540121569856266,0.17976172668020118,0.10894596928267855,0.11807003600067402,0.12040691743169799
Angola,0.2755536750387394,1.0,0.23805892060637726,0.22864466244331139,0.328736198431733,0.23644651012466647,0.24512319872805854,0.2216063363530334,0.22489704492245288,0.2621499492445711,0.34967531052222556,0.27740569653366426,0.2129488724479342,0.2295104929333624,0.25116448090067617,0.3537593716103441,0.22976264211845376,0.23614323244543522,0.23062562612716264,0.2306628448600642,0.2455396344331567,0.23165169276422762,0.2469754949657909,0.2802586671072584,0.24234635233803037,0.27221375192342295,0.29214041004775493,0.2609045960853947,0.20846934213407028,0.22023895934701784,0.231258125813877,0.3261145273000157,0.22949616157088118,0.2770773791366979,0.23259726564650984,0.2687133580037509,0.21823494774782098,0.2679352463632247,0.2519359825459128,0.20475882800886658,0.23641606772812537,0.2283977862363637,0.29374043162657526,0.22983158116128877,0.2308209333604498,0.2869599060566704,0.26696931541536273,0.22161408030326116,0.29193657928805344,0.2158322257580406,0.3199260109349063,0.28688229017683814,0.28720253337942064,0.28870340014367735,0.22771289039817258,0.2975407668337626,0.2856375048239386,0.28118269016559755,0.2516123802006476,0.23017416559390733,0.2166226381206848,0.2744583258197147,0.40404733981663904,0.650773443720855,0.262085006789017,0.3045533969758804,0.23868818237500322,0.2306628448600642,0.23784567604228846,0.2112672791321988,0.22861230950092018,0.2541868630890752,0.23858483923477183,0.2495949998077431,0.2576915533460232,0.24233727262056085,0.2591989428016368,0.25708395464255773,0.2369099400102657,0.2605313949491644,0.23749246131670432,0.2275882595349539,0.21917028600242086,0.21884048319970287,0.22641136608741066,0.24276054433430383,0.2268555877069839,0.2642392269520458,0.36905593279650106,0.28688116291536575,0.22809450060880238,0.23628572400498515,0.24647073571982855
Australia,0.12731740559193389,0.23805892060637726,1.0,0.06984040018042167,0.2098776285183714,0.06665430301023274,0.07713428072674353,0.0702737267251646,0.09740061066681249,0.0792798123091248,0.2630219627741729,0.14115833423681803,0.11218609493362078,0.06812580598363473,0.06492067237690279,0.31128752094427775,0.07804596185477855,0.045176087778218244,0.06699244731345562,0.047466428486686585,0.1098752791671339,0.08515468045110244,0.06833626755493177,0.12948743487770942,0.10694459207079354,0.08120953857062835,0.10817135564517377,0.07209297092987929,0.07791743342085271,0.03670099556384972,0.06330852586571142,0.277530501100264,0.0780523461964557,0.20432237849346002,0.12327244265890278,0.08937601885359593,0.05656288496961668,0.15972092600733626,0.11797311753448583,0.09719840991148111,0.04902556326029314,0.060825068197309116,0.15637808069055914,0.04267383272242718,0.09281422467073747,0.12665178278748077,0.09403072882481565,0.05126136451474254,0.1060742644479137,0.10715260257262986,0.14515942158058603,0.1016061785159199,0.1286408039797706,0.12067253259329569,0.09812335216336034,0.17107651192386059,0.14038736905903273,0.13258580113661664,0.09467363285757456,0.04740302734031607,0.06898716459644982,0.13189567717460116,0.22549252548846205,0.5795093695400017,0.07768742881304526,0.15855752596402503,0.07334455470665799,0.047466428486686585,0.10489719383213335,0.11248372692135085,0.10943721869274427,0.062254499594378974,0.07774629342096413,0.09657330169414695,0.08338583450930906,0.10960344544647117,0.14398289727386995,0.09646132576799575,0.05886011603380584,0.10263987596179794,0.05676972794543634,0.07523378282364956,0.13387347923409276,0.06788081787272217,0.06483878571275617,0.08764961374175521,0.07781588090000362,0.08923336683469983,0.2501834826085369,0.11676324471160152,0.05509053136805019,0.07323793709643589,0.07131019861265699
Austria,0.1012012093406964,0.22864466244331139,0.06984040018042167,1.0,0.22413192714283012,0.08475863669066204,0.09952701837135475,0.04819308827381605,0.09085434215579612,0.10233597250935446,0.2638126519469418,0.12645106673244402,0.11790218485792625,0.07564187253340551,0.08339304843524561,0.31434207510111506,0.07498060418473274,0.08082934960482709,0.0820703913240468,0.057611139030756216,0.11390428730748976,0.08411328662732583,0.0748084334047005,0.14510417904495057,0.09940586651755379,0.108481023802762,0.12480714446166574,0.07007849069402117,0.08774840385173782,0.058631843577687456,0.07552956239185728,0.24933304488927022,0.10020512638594493,0.20484151953127672,0.13500033166460593,0.07599780092159636,0.07582374168786923,0.14495736176664822,0.15571206965742004,0.08800428781301282,0.04426398496370975,0.05617077539210967,0.1595317348570485,0.061847349641469124,0.07260698854197631,0.12142302388185829,0.08947428565101172,0.0638320992308537,0.13655173687685024,0.1200948111206522,0.1566392847501897,0.12471662031928073,0.10847526870342597,0.14291604959770488,0.0942980550405624,0.17398199892441887,0.12097109654655884,0.1417728414272151,0.11663840180558033,0.06209196406081089,0.08230360187743867,0.12827569560195437,0.23995517662934066,0.5922280090722365,0.09236414640431359,0.1699508217281506,0.06667095075535108,0.057611139030756216,0.1124189086748488,0.13020458415703623,0.10420054325190219,0.07739047139127561,0.09749826592167923,0.09922080153938491,0.13409995014176979,0.1257471808961295,0.16895894678031267,0.11032561580588394,0.08105568095603496,0.12373429191595388,0.08071982183696164,0.06275284385889185,0.12644112480545994,0.055811510843418094,0.06547795581372895,0.10132339994179122,0.08454239881971472,0.12334881786503764,0.2459438197418325,0.1439103981174767,0.058294702206490606,0.07838428284340493,0.08614396781190178
Azerbaijan,0.2158823487915223,0.328736198431733,0.2098776285183714,0.22413192714283012,1.0,0.2171610657926421,0.21952923933759386,0.2041536780780541,0.21557375612828292,0.2319310449135002,0.3658625529157308,0.24967840450610077,0.23403148959140485,0.23190951601500856,0.1963665680134548,0.37191351674662426,0.20828298480454646,0.2112499985396797,0.22164710808870738,0.2077405662668001,0.2141609315275046,0.23456799979838197,0.2109458248190067,0.2517765265718236,0.23373423176731353,0.225896309302452,0.21439117570595598,0.20751865160390906,0.19679823942325936,0.20458464543700555,0.1986778515247076,0.29350613576980933,0.2249317853779708,0.28124442852158965,0.22348387039316198,0.21560172424751553,0.21689879728820424,0.23273804279874008,0.2371573630743059,0.23493892343154016,0.2110284220841552,0.21186527168525268,0.23654739493339672,0.19712933833367288,0.23944658677368016,0.23790719614069955,0.2397145085384428,0.19920322175781355,0.2459087699191249,0.22862527857806156,0.25608200297684613,0.24457117712055915,0.22364520438387736,0.21840542175656086,0.23897558408898015,0.24361794688082178,0.2464963435912692,0.22959814320224403,0.24210707699269352,0.20747850668716109,0.20781504103130335,0.22140580942943613,0.29443336957133115,0.6150902001774499,0.23181430362504013,0.2509811683767602,0.22489522947499183,0.2077405662668001,0.18172781509244357,0.20135988367081906,0.2174227731482457,0.19658662134844074,0.2204568053299242,0.1962594722627419,0.23356239183176358,0.23370375015837264,0.2213325491748116,0.2482159552961102,0.21269317774661003,0.2279416739153321,0.20700692387351086,0.19730615762557163,0.2235083189834607,0.22295046508095775,0.2073799481523514,0.22607140218089808,0.20647344611549137,0.18295676431704092,0.30515094861892894,0.22250284590787525,0.2042580526739813,0.209777613629624,0.2161503939028851
Bangladesh,0.13355960871972167,0.23644651012466647,0.06665430301023274,0.08475863669066204,0.2171610657926421,1.0,0.08368738253724348,0.09020877056519631,0.11611286299803342,0.09144589788569768,0.23820497525909087,0.13603038159911843,0.10129291541339885,0.07399420463315713,0.10310965945727146,0.32771978157314274,0.08690159881030755,0.07396493834940032,0.10074676085283993,0.055062648152800556,0.11617156387466862,0.10001617654280565,0.07342831936051074,0.13763393659897644,0.11988168822481797,0.10574169555303044,0.12977205010209797,0.10109329856101779,0.09432958416726174,0.0718558752050094,0.07568038105963074,0.260523573070127,0.09886738327649669,0.19434694027322982,0.1389027450671427,0.11327396527004895,0.08544266055819895,0.16358344538301098,0.1450053087263125,0.0977763429593812,0.07499995901369509,0.08666299876804849,0.15290460793736807,0.060641774502734044,0.11117021712752075,0.12880288791688904,0.10163050730903773,0.0626230099893982,0.12933999749752478,0.1074505399092451,0.17913787164341752,0.13149880162645347,0.14524289320125744,0.16034058755180175,0.10239833839003235,0.20077374050697358,0.12339142494473855,0.15879045821333296,0.12714759632089265,0.06242925632817073,0.06712951921800825,0.13757114218463193,0.24120292849397246,0.5824985863637157,0.10152189518189127,0.16596971831566396,0.0706770269906915,0.055062648152800556,0.08712798520873818,0.11562490295043902,0.12652818046229203,0.07572929275117876,0.09053539288883668,0.11576767926654738,0.11210193837836885,0.11407795917981613,0.16166707913328526,0.11565448623278504,0.09561092434922067,0.11752816533869492,0.08370283833707015,0.07573649655157363,0.12773078884446085,0.06653602297228392,0.07627544825055341,0.06864639151087217,0.10113669135005697,0.09853096647137724,0.2380871207439622,0.13564885230850832,0.0735207972619816,0.08401446045506084,0.08883723365151501
Belarus,0.11578742498634706,0.24512319872805854,0.07713428072674353,0.09952701837135475,0.21952923933759386,0.08368738253724348,1.0,0.10000499878852699,0.12626877364844846,0.08382879318742623,0.24520146776168225,0.1381322094110945,0.14737564515080323,0.08250274283042378,0.11061794280176936,0.3164924010748292,0.09976984954328404,0.0733661322888649,0.09641624394737516,0.0663559628763465,0.12936789832389994,0.10380506095895652,0.07988181029264504,0.1289342136232599,0.13764457307935077,0.09455859482727012,0.11633276070880245,0.1116117030164261,0.10958353992153444,0.08394706434488684,0.09065988765214972,0.28486105223400415,0.09750494894143244,0.21003830438448623,0.14986466769455206,0.11996223808460653,0.10165723441886028,0.17947904389058272,0.13766151402444232,0.10979749688388055,0.07547723108990823,0.09689610474606294,0.1639584152101925,0.0772948321026445,0.13378261878343806,0.1171230009502043,0.10809287749006519,0.06678041604174541,0.15808199871085526,0.12388091883323951,0.153398951315354,0.12132156058685845,0.13659670446958377,0.1699331719217906,0.12502757743936024,0.1679375435239679,0.15035472345087128,0.14020699394983302,0.11833442094669278,0.07268737750530228,0.08247004626134695,0.15642528716953505,0.2397524547003612,0.569362143583956,0.11866812491140113,0.165518073084825,0.08666272969062487,0.0663559628763465,0.11329986078317755,0.12030384941224675,0.1339230786210834,0.07524250026997915,0.09359566081439939,0.1143010715370585,0.12611476374679761,0.12503718038444048,0.16051303648082205,0.10695451192234721,0.09666048478990952,0.11468358014502422,0.08111590177579656,0.09195408353180769,0.14619061746330217,0.08217946709752204,0.09182446913683481,0.10682643905474504,0.11661502535077277,0.11791755379827756,0.265412282142082,0.14765537890548966,0.08657258231310817,0.1029844306457434,0.08422108292182445
Belgium,0.09364474394728647,0.2216063363530334,0.0702737267251646,0.04819308827381605,0.2041536780780541,0.09020877056519631,0.10000499878852699,1.0,0.07027272015443549,0.09751063398689962,0.26478431052674034,0.13646387760914694,0.12292686930038359,0.08111933432284728,0.08016175297132046,0.2990108155436595,0.061457317713129275,0.07459651142589507,0.06438205620242365,0.05909420704514463,0.09768202949415844,0.08753410374709168,0.06003655715672204,0.12855279053160457,0.10725690493339479,0.10558493298779793,0.11647325620837584,0.0694915212515674,0.07519100938074791,0.05556804202158457,0.06267299075156772,0.260936884876273,0.0829652706040474,0.18801493341727882,0.12760037743101066,0.07604532659735282,0.0669888193526217,0.16107535975132317,0.15071405401652016,0.0688992179928634,0.04792709513686597,0.042972894867173886,0.13948948793079502,0.05519599391322006,0.08496704050751076,0.13014232896645894,0.0910011376069942,0.0556407554754605,0.13938340121675658,0.12058194966133816,0.1511781301711662,0.12283203014448611,0.10486712404030957,0.14531780882985204,0.09803611998387986,0.15392527548217041,0.13435743904630365,0.12918153170648,0.12083044911402904,0.05980784826734998,0.07103548228012059,0.1289444132479538,0.2257960345169166,0.5844336150648377,0.10013506816909047,0.1706009153298538,0.0724876463829279,0.05909420704514463,0.10587277492403747,0.11886160883810429,0.10771029421654238,0.08556191102008275,0.08747004622284667,0.0904232736759117,0.1274441907774086,0.11072857382195397,0.1680977464270957,0.11617598833321782,0.06056490690858764,0.11072601928595187,0.0701172877684464,0.05650899130026777,0.12663309891318283,0.06220986489956503,0.05797771543008169,0.10259213946298287,0.07019004342656052,0.11384207251092131,0.2504778417325275,0.14411336954220286,0.04633884914838562,0.07233364870350349,0.06878016012278311
Bolivia,0.13124045566738105,0.22489704492245288,0.09740061066681249,0.09085434215579612,0.21557375612828292,0.11611286299803342,0.12626877364844846,0.07027272015443549,1.0,0.11271935309446177,0.26229520755431746,0.15800662853883085,0.15066680773603774,0.10771767804631513,0.10196133099373544,0.3034156781119934,0.09043143505095477,0.08509312160626845,0.0814405107613997,0.08628038923361878,0.1304377257561691,0.11675287243362299,0.09476751625359296,0.1306236514022303,0.10628271104697834,0.11274626154485191,0.13749849491215058,0.08224882261820832,0.09683853455345831,0.08643121321632584,0.09652062524758849,0.2627583611225703,0.10986194345466914,0.17254213210307048,0.12271771605853457,0.10579757844915971,0.09103800909177484,0.18030596064201285,0.16058201308245598,0.08055804666966189,0.07687069900259595,0.09107733163793172,0.15680509278916083,0.0794694625377269,0.10019394479404246,0.12313640392650563,0.09498439653580162,0.08317797082207622,0.14836782425169046,0.15646827806257602,0.17726339683787132,0.14107316965209474,0.09644016964748009,0.17600674185240295,0.09889469570437752,0.15897854100300005,0.16550425950500422,0.12277551480773491,0.13276041762444626,0.09072155254679116,0.10678799951301056,0.14230738021206848,0.23841804029497904,0.548264607689464,0.12209664872981456,0.16675890148836217,0.10383749610754572,0.08628038923361878,0.131126901259728,0.1227125112558086,0.1360790084320888,0.10783726258192658,0.11601318085217141,0.1289299342069717,0.1310549087288331,0.13297200070232626,0.15824920553529603,0.13525957905400007,0.0704572301416204,0.11658001761772575,0.08194992026854432,0.09353987810418585,0.14728030576361167,0.09835223123269578,0.09316899528055905,0.12280252325626044,0.08239014262457582,0.13745763132006017,0.29628357254010046,0.1689746692835406,0.07896132241267982,0.1037479802878669,0.1031927322298436
Brazil,0.14014284927339712,0.2621499492445711,0.0792798123091248,0.10233597250935446,0.2319310449135002,0.09144589788569768,0.08382879318742623,0.09751063398689962,0.11271935309446177,1.0,0.2588842849555307,0.139013355592463,0.13324311858616636,0.09787814597174291,0.09139360723446935,0.3197061358209549,0.10898329725250978,0.06674407189644523,0.08635845813087036,0.07444205185528593,0.10128825043320719,0.11076284244705625,0.07742494283603288,0.07489429535597901,0.13534089350371528,0.0940207917703541,0.08107201436476283,0.10770383115846764,0.12591945825398224,0.08583379703284663,0.09664997856146088,0.29433922374211163,0.07394420725878505,0.21009005399445646,0.15192967667184423,0.11637364073205454,0.08337838875702923,0.1991237041128575,0.14658799411938173,0.09395836987832261,0.07415794553681943,0.09236159134758463,0.16406824713519,0.07452286951353987,0.12745282314977865,0.13056825201049518,0.09450658994707424,0.08049805186100285,0.12984540352903523,0.14347514721566948,0.1617081146866373,0.10582525202304217,0.1359639429109344,0.16584273269285077,0.11699578761635762,0.1903548923733197,0.1477962777159207,0.1283770488538732,0.12349664823107509,0.08074545369039662,0.09562543722562653,0.14837815843454044,0.1844178842725189,0.5533953127796727,0.10239548133220121,0.17266324254550683,0.0886362697267043,0.07444205185528593,0.11786626745587964,0.11699068260955096,0.14286302402500617,0.08321120272152285,0.10201089857153783,0.10229550103403423,0.13140029845831463,0.09794073069057453,0.1422391328188409,0.1216217411750503,0.08387945452453498,0.12144511522685451,0.07053811257973759,0.0874582361959484,0.14846308814080036,0.08919037730817976,0.09083113380888558,0.08278820025719438,0.10079996682982152,0.13537477975425935,0.265754091858461,0.15991852357368214,0.08400949652652741,0.10508626886461069,0.06242471148123534
Bulgaria,0.2601191427648143,0.34967531052222556,0.2630219627741729,0.2638126519469418,0.3658625529157308,0.23820497525909087,0.24520146776168225,0.26478431052674034,0.26229520755431746,0.2588842849555307,1.0,0.23308963869408647,0.29212575900944165,0.2412949058771627,0.27742386886258674,0.4194203589634674,0.24875534313942815,0.24854076387199928,0.25066849353339377,0.2431183339588313,0.2705016025735193,0.2594615654656593,0.2533350454961747,0.2700382200442874,0.27998569367769965,0.25362780695033127,0.2915742765380515,0.26623418904394275,0.2773162566254342,0.2639075425188742,0.25117500500399237,0.37135164789308206,0.2652946063609238,0.27357962301999283,0.2677303077203695,0.2661156010839796,0.267839395977706,0.27921381241273785,0.31148488514829875,0.2547340906799266,0.2535071369793992,0.27188624804465983,0.2277415758363897,0.2554927581626516,0.2623845373777511,0.22146192482654836,0.25118269383086794,0.2447115194814151,0.284364835023338,0.2924023309079897,0.296567255600405,0.2656283017369951,0.2583706812716281,0.32883702481692684,0.25798993115831764,0.27499862325185825,0.2756000042267717,0.30433283855991,0.2814438312435777,0.2428419611780581,0.23822483079863713,0.27985142288449816,0.3595218871940559,0.6004415206047858,0.24977582985793656,0.329289326967757,0.24023236050930244,0.2431183339588313,0.2753989481182725,0.27811207158008794,0.26167162737330024,0.26904359374804876,0.2713178741469954,0.28421229056436587,0.28104392468126266,0.26846414920500977,0.31740551715489435,0.28458589364814113,0.2538979351996959,0.20694624894760297,0.2562636551572371,0.26625972729636327,0.26502305067271686,0.2462255590202257,0.24419572815725363,0.2599333012537534,0.2670535823138812,0.2559128090665421,0.3616026599180185,0.28761668575929866,0.25450459353045257,0.26265249401279206,0.2643408112153593
Burkina Faso,0.15616111336605748,0.27740569653366426,0.14115833423681803,0.12645106673244402,0.24967840450610077,0.13603038159911843,0.1381322094110945,0.13646387760914694,0.15800662853883085,0.139013355592463,0.23308963869408647,1.0,0.15043100156252945,0.14780110446637512,0.1390619650490901,0.32904027004214176,0.16006514789445678,0.13535311497551453,0.14320872683121252,0.12813159880057276,0.16188537254202384,0.12984580444504168,0.13060620596045094,0.1778244503592645,0.15780406441338893,0.17470520311062268,0.14092099025436836,0.13327399880889598,0.1536526318910149,0.13244181313980383,0.1307780984496795,0.26831487479688126,0.13565994438802328,0.2590728198885826,0.18770194247302557,0.1286993912865878,0.13260467472285178,0.19161808968478897,0.22114074362540836,0.15891912935209773,0.13190459109066427,0.14130106600303688,0.12700565782480416,0.12938949590367937,0.14446247518959238,0.12812332438596966,0.1564870601536235,0.11647274642401095,0.17979827052213784,0.16989103932468042,0.16859562918694174,0.1336450219431274,0.16525368728278964,0.19785624076755953,0.11588556423610503,0.21072091753695782,0.17931921524988187,0.18971342295121768,0.18052950868901008,0.11498224238258459,0.1227125063520451,0.17275505850232148,0.2547462934599352,0.5996174001461745,0.13016138218160347,0.21125601438601613,0.12280514801625093,0.12813159880057276,0.14298681995028723,0.16668425905524772,0.19062438477536406,0.1225477716244277,0.1438545821223496,0.14664512367345386,0.18798150128794233,0.17626444750372985,0.1977857668709686,0.1549542446404909,0.15213081174810725,0.12874449174760372,0.14499161144437372,0.13301506305283492,0.1685840611433748,0.12797595856618976,0.13097292140866526,0.1546659712393459,0.1413833733599446,0.15363219942531378,0.27028591830654036,0.15680258233519706,0.1301696744942785,0.14169133723846192,0.1400779129140798
Cambodia,0.19380090182873067,0.2129488724479342,0.11218609493362078,0.11790218485792625,0.23403148959140485,0.10129291541339885,0.14737564515080323,0.12292686930038359,0.15066680773603774,0.13324311858616636,0.29212575900944165,0.15043100156252945,1.0,0.1261481064282862,0.12140367161711534,0.332758887653031,0.14076564888910198,0.11799393370552852,0.13797063358484427,0.11522760646510023,0.13647334991044083,0.11316915975341504,0.1193981608131684,0.1724563142460443,0.1550472371823402,0.16526489855406853,0.15768595293698223,0.13786912880348928,0.11575839142500195,0.1011325723966062,0.10696029560289308,0.26374587731362054,0.12321537973306003,0.2217949195399564,0.15558624832417067,0.13503381289728125,0.10526256666203337,0.1752402384396796,0.16718438061944715,0.13956674766772662,0.12806583728978216,0.1126122138378729,0.1847147371461191,0.10928906997754463,0.13558656500953398,0.19024560925726122,0.16060200762343882,0.11099031090251396,0.133801337526847,0.10151432830929803,0.20306818412077185,0.1474591164930041,0.19576596891287548,0.1525894254591006,0.12168085926458982,0.24722797664823998,0.1526742866668142,0.19058413732076154,0.16826817712696387,0.10719858271371749,0.09547288266998381,0.15213430106338846,0.2669741495002273,0.6146591749366693,0.12149017014930898,0.18529056312802222,0.11184681068446292,0.11522760646510023,0.10146378362290964,0.12685021616099554,0.14778025727645164,0.1182719216810205,0.1278486241635273,0.11492405622007136,0.1484215040373509,0.12115776508668726,0.1658071267252174,0.14977959950146466,0.13398917142715586,0.15421550724888936,0.12416577171028079,0.10519235346008186,0.1525242108081961,0.09958414098898899,0.10798640688537982,0.09772681543359832,0.12848552473471803,0.13587043820803496,0.2561583967308927,0.14982253632301695,0.1183671209688844,0.1321464151008465,0.11623938267150287
Cameroon,0.11955998460562055,0.2295104929333624,0.06812580598363473,0.07564187253340551,0.23190951601500856,0.07399420463315713,0.08250274283042378,0.08111933432284728,0.10771767804631513,0.09787814597174291,0.2412949058771627,0.14780110446637512,0.1261481064282862,1.0,0.09636089724127274,0.30464548058964286,0.07149500451689003,0.06066220735012494,0.06679626396755575,0.051341663416797634,0.13035091941812563,0.10314178565483889,0.06590206072125926,0.15208219845528909,0.12349804469225553,0.09303696267545655,0.14358454502771617,0.08231559385011909,0.08556576970719763,0.06285552950048466,0.05925876673654735,0.2761295442870799,0.10311187498981048,0.20562298184476238,0.12813091636832605,0.11670761569255449,0.08544479574396223,0.14063465850042026,0.12746679086414245,0.09268190427530201,0.06335539486848574,0.07350549197965724,0.16128069236519368,0.06548642335749495,0.10519242104623854,0.13013619482225056,0.08795903183651545,0.0731304011974796,0.14017390189570458,0.103881449193475,0.15753360761906643,0.12814985681598343,0.1361324207997052,0.1567819584612876,0.1203078233156091,0.18139570055099105,0.13048258603757232,0.15412459162696687,0.10469326834472756,0.06616248539788067,0.07834409903366388,0.1338035795280685,0.24430217203238783,0.5929572515440286,0.0859226865794671,0.17163191078292256,0.06256112974700206,0.051341663416797634,0.10868786898094168,0.13213988372845278,0.10716152058457266,0.08955651319326981,0.09938254277760003,0.12323833183360108,0.1226268428672912,0.12675247954624502,0.16498267410348896,0.1188492112370968,0.08329410988223887,0.12281582924526892,0.08127013689213593,0.08005375347970586,0.14146016549315624,0.07590871663436415,0.0793572822030788,0.09406413942011156,0.1038043851981999,0.13186794718956962,0.26712195266000205,0.15235881977597446,0.0650160317881371,0.07813957042385267,0.08318863620656616
Canada,0.1368832273674632,0.25116448090067617,0.06492067237690279,0.08339304843524561,0.1963665680134548,0.10310965945727146,0.11061794280176936,0.08016175297132046,0.10196133099373544,0.09139360723446935,0.27742386886258674,0.1390619650490901,0.12140367161711534,0.09636089724127274,1.0,0.2986329951492377,0.09466946501896036,0.07236392716100816,0.07763292903132712,0.07371869465026573,0.11950661804143177,0.10468959959282302,0.0875119292343763,0.1395701859791025,0.10876856087897603,0.1165667894685516,0.11454219416682114,0.08641924553673962,0.09158333520510951,0.06288181620792986,0.08036313752682131,0.2697077962359129,0.08087538544132242,0.21986624833836024,0.13440172888141663,0.0962163442336089,0.07070862059088742,0.16903431603893498,0.12305227562301992,0.11191901225623997,0.07242386080420869,0.07629321300126891,0.1550594896858019,0.06608263933613691,0.08497112516410808,0.13850867587295104,0.10461519203538927,0.07210328217566309,0.1274517569753674,0.13875526625650697,0.14770897470838626,0.09861124950898473,0.1328870956850087,0.11451555427413986,0.11600213113398139,0.16830999680340789,0.16517268662207565,0.14812556872046234,0.11718414259483119,0.06984931275496237,0.08892549574033129,0.14323075533325252,0.22809032534099283,0.5808919499783529,0.09446668068710443,0.18018827193949158,0.09271001168935088,0.07371869465026573,0.1199586881118715,0.12191441962525863,0.11249635573131361,0.08354941439403814,0.10849958481679207,0.09966693913838973,0.12783682119880774,0.12722843707843995,0.14457387912843467,0.11885275514843337,0.07905063734044772,0.1129936627078556,0.08041614267425674,0.07805164992045681,0.13471086562201856,0.09815129898710098,0.08327436488406956,0.11827276129617117,0.07270579578250538,0.12207166225209191,0.26637827781017215,0.14021269246795673,0.0707274741649759,0.08162684436783382,0.0918636280822151
Chad,0.32017058289000444,0.3537593716103441,0.31128752094427775,0.31434207510111506,0.37191351674662426,0.32771978157314274,0.3164924010748292,0.2990108155436595,0.3034156781119934,0.3197061358209549,0.4194203589634674,0.32904027004214176,0.332758887653031,0.30464548058964286,0.2986329951492377,1.0,0.3294036014567882,0.30450980623508644,0.2924745643038339,0.31467991423188224,0.3360640904027551,0.32551499693489233,0.302967486764725,0.34823370068359855,0.29766063716392593,0.3406000605276937,0.3097015542833714,0.2979290740418041,0.3014718402423126,0.30226737180791796,0.2886757208289984,0.4183087131593575,0.29415943388085203,0.36022780875081195,0.31187438642933124,0.3188961235458299,0.29491375952263843,0.3588586570974051,0.3274477508864247,0.2945991825399864,0.315153841841593,0.29953338975584737,0.3059077955527998,0.3096230736424748,0.29415954968255864,0.3247959408010582,0.31159196262508476,0.3060866754855562,0.3374704371253014,0.3366984290264097,0.3279854010309081,0.3306364955780183,0.3368849070117521,0.366897540627574,0.283625961660255,0.30423166573824534,0.36682711433022575,0.32262316630672033,0.33943957104211486,0.30562867056527754,0.3065625147282294,0.3602824938057137,0.36081577481200755,0.6614981903616851,0.3159511133597869,0.31975143440689274,0.3327044279112434,0.31467991423188224,0.32751964543883755,0.3345930875289707,0.3293604852896412,0.33346611419483746,0.2893254293810051,0.3558528446066806,0.30384060157823767,0.3350520264025867,0.357711259025164,0.29188362395006007,0.31042257084172886,0.3216819049344642,0.3142101677096876,0.321962779826847,0.3391768214244202,0.3266694212816264,0.3122248522269565,0.3415881263679776,0.27293104024824527,0.3508396603281274,0.46532387565181427,0.3684929052729564,0.2973737084165977,0.29506843841728175,0.31804180603364585
Chile,0.09945379957197677,0.22976264211845376,0.07804596185477855,0.07498060418473274,0.20828298480454646,0.08690159881030755,0.09976984954328404,0.061457317713129275,0.09043143505095477,0.10898329725250978,0.24875534313942815,0.16006514789445678,0.14076564888910198,0.07149500451689003,0.09466946501896036,0.3294036014567882,1.0,0.07882068745335306,0.07686140764208746,0.05637858949326145,0.1189981234708945,0.10653826231738377,0.07133204027160209,0.14249461613589598,0.12546577323000158,0.09473551753756013,0.14707472845614095,0.0955895269687819,0.08120242750069477,0.07235641877747463,0.07942294249174428,0.2786101146845234,0.10376902615257905,0.18568248748544686,0.1289456276305779,0.10535313231865114,0.09216084302076481,0.15761478857916084,0.1420526045517728,0.08134372677481824,0.05931811867795234,0.0631128471415722,0.14890497707715455,0.0632224355197958,0.10520772963695238,0.14629921906387422,0.09303511252185384,0.07089513067270249,0.15477274119151943,0.13168059764218035,0.1497718840818936,0.12512717205115936,0.10811820264387122,0.15031213293203222,0.13338393416292374,0.15706846712276232,0.14279482975358856,0.1461012077338493,0.10327205818284814,0.0712231645767716,0.08260483791867071,0.14368332112683568,0.24274129070602982,0.5806058013979152,0.11060480025613771,0.19376982445936397,0.06963155359341863,0.05637858949326145,0.1200402648971727,0.1362584318521899,0.10572978910270374,0.09900929895997382,0.10211616426982066,0.10128421219233913,0.1406118750300013,0.124605709003238,0.18253437171277634,0.12018423021638477,0.07010587023975964,0.1201909788133159,0.08222154233576295,0.07717070513411735,0.1330214617239674,0.08260281370310113,0.07199911551891328,0.10699711523051794,0.10130354162477005,0.11573100565455062,0.2446149705351973,0.15884115822692454,0.06485362850172925,0.0773395764342242,0.08383577512808292
China,0.13267857196836927,0.23614323244543522,0.045176087778218244,0.08082934960482709,0.2112499985396797,0.07396493834940032,0.0733661322888649,0.07459651142589507,0.08509312160626845,0.06674407189644523,0.24854076387199928,0.13535311497551453,0.11799393370552852,0.06066220735012494,0.07236392716100816,0.30450980623508644,0.07882068745335306,1.0,0.0567714638025322,0.040919129667685634,0.11023432964410498,0.08098755258866328,0.05911276016898736,0.12155414426361348,0.1076379046520298,0.06977520087412395,0.10704523014902019,0.07358488686816692,0.07599550680568068,0.03947638289432982,0.057260243708922125,0.2742489785265924,0.07682744337896481,0.2018463025052847,0.12008922491668039,0.0950993253769617,0.05728903495892831,0.15871041675347486,0.12272971979026975,0.08440880119175367,0.049125764138708485,0.062140741274150084,0.1490423663656304,0.035019589066409396,0.10558833035528091,0.1207459989449021,0.07968321844365761,0.04806847443839223,0.1187947788409415,0.10928049826561023,0.14174635330737043,0.10640967623088368,0.1250739291441939,0.15038394124483362,0.09509992888335828,0.17135249977077083,0.14369157943824842,0.1255411901937615,0.08848687391391523,0.0419946030624301,0.06752644283494824,0.12270691812286517,0.2172105658628435,0.5734053429974355,0.06697513223302827,0.15320891617153923,0.06427327375173632,0.040919129667685634,0.10231642024542724,0.10518585324145215,0.11425225554990157,0.06883605325246264,0.07739225769668077,0.09944709960424084,0.09743868969016045,0.10843024325771575,0.14367890084290522,0.10435884224315603,0.046702538799401366,0.095630607331912,0.03549199816204361,0.0771320339155846,0.14543989983301928,0.0683276069509839,0.06247727569533167,0.08820812135302797,0.08308556994498742,0.10720671644032172,0.2706475072086054,0.1412217583548212,0.0471916675178534,0.0720843648792012,0.061498316909695434
Colombia,0.11742007539397166,0.23062562612716264,0.06699244731345562,0.0820703913240468,0.22164710808870738,0.10074676085283993,0.09641624394737516,0.06438205620242365,0.0814405107613997,0.08635845813087036,0.25066849353339377,0.14320872683121252,0.13797063358484427,0.06679626396755575,0.07763292903132712,0.2924745643038339,0.07686140764208746,0.0567714638025322,1.0,0.06199272414871483,0.12212884144364991,0.10123021911663431,0.06829615276892684,0.12640262360668053,0.10998394851906379,0.0959240942552751,0.1141849175818727,0.07069003417897105,0.07864382912460106,0.057852354131648125,0.06840396308559607,0.2951639064155627,0.08476728209403518,0.20306537057356389,0.1145429932615052,0.10099455432936244,0.06258690487923013,0.1575453599257503,0.12848131215345662,0.08215066407329245,0.0590916941859322,0.06437825365129893,0.1437053839761903,0.06154999184636548,0.1032556314972614,0.12297730987484073,0.08113000640663844,0.06530068018998343,0.1378534983472117,0.1254982157367604,0.14765563305963525,0.11599802910913602,0.12636888130972163,0.146479163247237,0.1108423801513366,0.1648832898489445,0.1663929488305277,0.11931958017479342,0.09770357965494002,0.06650546273659466,0.0837790153729099,0.1355710389304804,0.22241191417258735,0.5727203682091913,0.08961442037625084,0.17595318556681502,0.07943901442459103,0.06199272414871483,0.1284064837691134,0.1148010798409971,0.10935134799848069,0.09292357921875118,0.09039625847770304,0.11039734157791684,0.1175257692089111,0.1289408344380205,0.15570331266492402,0.12614675583473484,0.05680632586945924,0.09993293861729174,0.06597306075649001,0.08118607290272677,0.1518803685553382,0.08706503355209351,0.07315893172309608,0.11385034651064141,0.08587874396622831,0.12550041451754956,0.2687180937657413,0.14966991299658905,0.05203291402001056,0.07007809482691237,0.07299923774812354
Costa Rica,0.10798323516285448,0.2306628448600642,0.047466428486686585,0.057611139030756216,0.2077405662668001,0.055062648152800556,0.0663559628763465,0.05909420704514463,0.08628038923361878,0.07444205185528593,0.2431183339588313,0.12813159880057276,0.11522760646510023,0.051341663416797634,0.07371869465026573,0.31467991423188224,0.05637858949326145,0.040919129667685634,0.06199272414871483,1.0,0.10501513615633805,0.08232138109319176,0.05396562011792578,0.12578935800057725,0.10055473181305995,0.0826784927898993,0.11452646729086717,0.07215125009800485,0.07073610732274148,0.04182433046668187,0.05957054968479279,0.26198734147728636,0.07925992294792678,0.19822628574309598,0.1182568704772753,0.09234000587927868,0.06556355182680669,0.14829196128971459,0.13043066746520443,0.07869454588433779,0.03110607414807284,0.05411261989385496,0.14323172190796268,0.02534855164044443,0.09574437999773404,0.11478670082040655,0.07101329085220306,0.03250555179748796,0.135260147064106,0.10771809570607382,0.1462252386812679,0.11083578472665523,0.1175931698581945,0.1457083843374625,0.09807147343848008,0.16688420609958468,0.1311929501392384,0.13438854421441915,0.09087686268332494,0.038800937172625734,0.06338133681266647,0.12067223552635695,0.22977244196053517,0.5817036011089406,0.0815946527750349,0.1623960813750344,0.04219345675447759,0.0,0.09530129806610252,0.10744530462417204,0.10344018978952788,0.06062148365573923,0.07814428480988937,0.0940098444841515,0.11353271789195828,0.11431944287488723,0.1538941095445022,0.10098969905917714,0.06071102644278627,0.10529665084343873,0.0509962288970206,0.05823124788511515,0.13000538944932707,0.05511654136781208,0.0541246976644235,0.08318484174227984,0.08150967356552158,0.10223510489176908,0.2539402931719604,0.13915915305863233,0.040881266080212045,0.0618067815297599,0.06292207107619334
Croatia,0.1457680525015125,0.2455396344331567,0.1098752791671339,0.11390428730748976,0.2141609315275046,0.11617156387466862,0.12936789832389994,0.09768202949415844,0.1304377257561691,0.10128825043320719,0.2705016025735193,0.16188537254202384,0.13647334991044083,0.13035091941812563,0.11950661804143177,0.3360640904027551,0.1189981234708945,0.11023432964410498,0.12212884144364991,0.10501513615633805,1.0,0.12695805074175942,0.11597177999925735,0.11747767966854918,0.16114794943719052,0.12907935717547941,0.12657436461890784,0.13032666105610008,0.14267615492175792,0.10905632210708974,0.11198993309842295,0.26365269455332013,0.08946185999867008,0.22186353033297485,0.16522492943796663,0.13296777801876353,0.1082828482700628,0.20554455551334114,0.18518659608310153,0.10934471687756459,0.10035068354677579,0.10750189028519339,0.1679165239231081,0.10134716181092454,0.13877337949982696,0.1715135830388144,0.14018265287732967,0.10425776861704639,0.1533124031189823,0.14249942208460675,0.18633977397697019,0.14982668785442718,0.15858440509713065,0.17080454343719131,0.1338898205624511,0.17941896832629012,0.12734594414244454,0.1788578388931791,0.15456102924539775,0.11038779993913184,0.10962347436435771,0.13512702353853345,0.20038901657026326,0.6160614162222873,0.11781204331351824,0.20751954437323472,0.10996940258196528,0.10501513615633805,0.1114302411705272,0.13512768086607513,0.1342937909082596,0.12301768547959523,0.13471014854511365,0.10460753305246505,0.15086974156645813,0.08648684771965848,0.1727172959597584,0.158695146838178,0.10438497340932913,0.14774660485871632,0.10190484632854231,0.10526850346424291,0.12683014484836375,0.09822816610243293,0.10176719737269742,0.10215512769477225,0.10010465292079736,0.12891711840193537,0.265940603377077,0.16439459791317154,0.10837001631276581,0.13096752353193644,0.09212707045582728
