Country Name,Albania,Angola,Australia,Azerbaijan,Bangladesh,Belarus,Belgium,Bolivia,Brazil,Bulgaria,Cambodia,Cameroon,Canada,Chile,China,Colombia,Costa Rica,Croatia,Czech Republic,Denmark,Ecuador,"Egypt, Arab Rep.",El Salvador,Estonia,Finland,France,Georgia,Germany,Ghana,Guatemala,Honduras,Hungary,India,Indonesia,Israel,Italy,Jamaica,Japan,Jordan,Kazakhstan,Kenya,"Korea, Rep.",Kyrgyz Republic,Latvia,Lithuania,Malaysia,Mexico,Mongolia,Morocco,Nepal,Netherlands,New Zealand,Nigeria,North Macedonia,Norway,Oman,Pakistan,Panama,Paraguay,Peru,Philippines,Poland,Portugal,Romania,Russian Federation,Saudi Arabia,Senegal,Slovak Republic,South Africa,Spain,Sri Lanka,Sweden,Switzerland,Tanzania,Thailand,Tunisia,Turkey,Ukraine,United Kingdom,United States,Uruguay
Albania,1.0,0.04798497074593714,0.15457245420761978,0.10143850578195301,0.07172839508002303,0.14023945769873855,0.12381209828852954,0.057538083617459955,0.06509384394486799,0.09149170014199555,0.14237611843203343,0.04894120343921307,0.10630362793339376,0.0750484676200997,0.0451204451570023,0.05095322342188894,0.06263015437633156,0.17507419262423138,0.0841259186545935,0.05273709335739172,0.06689753272547268,0.03986940136250778,0.04684640456347604,0.07170697358235903,0.04485909398283483,0.17252014940669114,0.08916308867637619,0.126116406825857,0.06635276981871564,0.036056979115009824,0.04669426254526644,0.07493218828902233,0.039450975522842956,0.04775667972169271,0.1072850018692111,0.11976325140990492,0.8540031141137688,0.11494746237640453,0.06380657729614377,0.13003194344121788,0.08421131265847563,0.07368479952507817,0.21796232460649897,0.15367005369640316,0.23134555314614952,0.04581636993097605,1.0440562081661713,0.06549435361087044,0.14709720264319123,0.08321877273406914,0.1439837547042745,0.11794931938762507,0.05313787434394532,0.14470718445142924,0.07266639390111351,0.10274698495185358,0.02072932721933183,0.043533880727828926,0.04406431642858001,0.060931698894661615,0.07804024768307086,0.0593998118040283,0.08461175502337606,0.09420079611574296,0.10964373447675974,0.023532727167403324,0.0726264376495138,0.06816196186436216,0.1964881885608285,0.08844591223823889,0.28686740839276575,0.08319255204970988,0.11625878866043629,0.030017699723350902,0.03787284770490447,0.06361538815851295,0.0469125446057152,0.15646586811314386,0.13417864687935385,0.2668398436734613,0.10572224295329434
Angola,0.04798497074593714,1.0,0.13164824057411495,0.06073490474215804,0.049339656832014876,0.14727929528395112,0.09971520438422549,0.03866181845995758,0.04154985553076413,0.0910116024440324,0.11133525879206695,0.05830059816610573,0.07287726762045214,0.0503902751905264,0.053558863360069146,0.04897772114546996,0.0829556707819535,0.1827447500690376,0.058194592287643336,0.05977487151727506,0.0731837434425357,0.054527351237989484,0.06207111368953616,0.051438297111475205,0.06009148383392832,0.13265071825880337,0.11770188846598187,0.09401147945048961,0.034120527578337244,0.04661219579368929,0.03992730058242568,0.0835726721772942,0.02425531496008446,0.024489004051677317,0.08223402865236394,0.10321277351896367,0.8197523739863711,0.12185081278566536,0.04093497586818417,0.14821872170402114,0.03513042715447425,0.052468889945604544,0.22439419560320362,0.15487739886632443,0.23858574753440615,0.052496282668886264,0.984367416184514,0.037011742760027395,0.11000378547779815,0.06507737184351302,0.1037078609094134,0.08741217070475799,0.03332645328424957,0.13684390539075422,0.0743712303096875,0.08666050071168213,0.03680374636265332,0.060188465239275325,0.04773652509473168,0.05310565299948236,0.09314745984548584,0.08050385950905435,0.0953254933260565,0.07782221050513127,0.09154612388824938,0.05739729003988572,0.028586648702904872,0.08904278967463126,0.20080763891967823,0.0708281586455884,0.27854693641949607,0.05957966102165339,0.1022470968745258,0.04554968137838408,0.030892199179882025,0.07147491574073996,0.046048089567840705,0.1635974626211152,0.10361883162068848,0.2229342085236731,0.07741287477874287
Australia,0.15457245420761978,0.13164824057411495,1.0,0.07347906943221424,0.07519078974526049,0.2215193904110242,0.10318967556128099,0.08570474798850528,0.08371642324402162,0.15566913569957347,0.035289025347008056,0.14139187567694247,0.08459204982736312,0.0720404521027571,0.11254526784585361,0.09791107268507972,0.14804752953463182,0.14543214084363482,0.12485770609439623,0.13880683144653014,0.10229081951312292,0.13044056896938547,0.11955354093479828,0.13051741958677582,0.11374146613442981,0.11754423621377182,0.19694395387623065,0.11625367584316067,0.10840888347199103,0.1081868821131103,0.10012521250026486,0.14502809567341637,0.10435322190667941,0.10682147321424963,0.10228982687271779,0.1302566615135763,0.7952204429501473,0.14945487672715485,0.08264782356030283,0.23095649486120143,0.10633737784091149,0.08430809230463668,0.30254709854973394,0.2136676796722245,0.3121193422372505,0.11752482970784209,0.9218958276590016,0.08345295267202367,0.04841626668693294,0.06518663957911958,0.08455906854214475,0.07193269200823718,0.11703610582237717,0.1867350180474848,0.10105624412746173,0.05917983919423902,0.12483320617425814,0.13461473066454596,0.1035250066543717,0.08780526440906619,0.1802650125975135,0.14794540225858543,0.1438374637210435,0.16062874063303853,0.1803131278503367,0.12945744984053625,0.09412166851538055,0.17173750014481992,0.2834440953200357,0.12542888551162196,0.1417167029822092,0.09441828946816896,0.0853300540053828,0.13188154061763152,0.12719692196250998,0.11163207562606138,0.09541534722182221,0.23914003010219181,0.11167160056435445,0.1669767702068912,0.05733896287996254
Azerbaijan,0.10143850578195301,0.06073490474215804,0.07347906943221424,1.0,0.036310939138977,0.1808080150595861,0.07925238745931981,0.0438525695622331,0.03880069267392197,0.12012004585025715,0.052907058577600474,0.0969454204279766,0.05369148780750172,0.032717009999242756,0.07755887328912774,0.06349850561823484,0.11451434292428249,0.16940005621492696,0.07587767961351272,0.0994059644148411,0.08071028364612202,0.09032480586212581,0.08753341192034465,0.08043651359509996,0.08646128397793462,0.09694334541498703,0.16063119689769392,0.08255231746741881,0.05134150748100736,0.07324992724190933,0.05988965520315411,0.11382522827533126,0.05725548796398063,0.05522953218433579,0.06690933077233985,0.103610958095162,0.7927931335548731,0.12902370959209464,0.039247658748349776,0.1893283004532935,0.03812939277720795,0.04335505173559307,0.2600539308496283,0.17766700871278535,0.27169374136707375,0.07945957853684664,0.9378849612558035,0.03654821426465444,0.0469746795865115,0.041822471733122826,0.06135293831052493,0.051912984390533795,0.06462037043529659,0.15270603226698273,0.07988756785326698,0.054762702317825464,0.08120116154158877,0.09561029430282317,0.0685559707171763,0.05619838768492021,0.13582075405468422,0.11583110143902832,0.12149525960383292,0.11182985256288507,0.12367009620513802,0.09558846400700192,0.03137182428703482,0.1325030826273705,0.23868019574733912,0.08775585893637393,0.22468172790724017,0.05594594769442061,0.07995039868795674,0.0881313990492389,0.0763552911756924,0.08512836329531416,0.06168509869340494,0.1996696285613229,0.08855663284631528,0.17577384625209236,0.03229664833029217
Bangladesh,0.07172839508002303,0.049339656832014876,0.07519078974526049,0.036310939138977,1.0,0.17280064539832815,0.08261178901120307,0.013703187612387792,0.011063921759343035,0.11192302337739429,0.06794989129387323,0.07746976396177203,0.06532630247160878,0.007805420325543124,0.04929749794345136,0.03234352282372032,0.08981415553155812,0.1515172062897581,0.07754851694134726,0.08639188109043548,0.04990028082560878,0.0660377279157037,0.058724187600164256,0.07610477315939156,0.06233601255221737,0.12211495253732037,0.1408313673166108,0.0963987884891498,0.04326698049928941,0.043056513742015544,0.031143736388940038,0.10008169509202453,0.03411359177158866,0.03694377303594114,0.0649573213113272,0.10245691309920951,0.8237512987778836,0.1113440610811927,0.009167889627104055,0.17610511389508854,0.05257000572547856,0.027024961575412614,0.25526545808085643,0.1713484683694663,0.26557706131875897,0.05339806146680188,0.9747977501412401,0.022964499257880407,0.07177756150144439,0.015554672838061641,0.08718553280071613,0.061664762443377534,0.049726139204710584,0.1451351611300254,0.05664979463839684,0.03733174471847044,0.058229047534849095,0.07143046069487466,0.03847433484023365,0.023532251278100103,0.11993612152727405,0.0983989147154443,0.10741589565088175,0.11246034863872927,0.12414231303299304,0.06748117123686477,0.035875725611106454,0.11610465984521397,0.23559590086307375,0.08575997973815387,0.22017895622523545,0.05025328111783743,0.06955008266397979,0.06628015561639064,0.05979750876643133,0.05601573482087756,0.02930756264915427,0.19335598765895015,0.1010090259462579,0.2058468908380487,0.03180503057833883
Belarus,0.14023945769873855,0.14727929528395112,0.2215193904110242,0.1808080150595861,0.17280064539832815,1.0,0.2387464803017636,0.2041097413522086,0.20612832151141064,0.2120615917360672,0.29500308661839064,0.13564874207569244,0.26045972258176253,0.22450401454405655,0.17111333144194843,0.18903907188416172,0.14377791091573633,0.3260132148025285,0.1842661522167323,0.1723830553564331,0.19372750931366423,0.15211022821695513,0.16808050393652624,0.20819681678253812,0.18388945428575204,0.2948172309127242,0.11129670476822891,0.2501326819392871,0.17905810413734755,0.17793565068852515,0.18521323952032456,0.20770139282072916,0.18154132765168984,0.17711037936951382,0.24899777329116002,0.22802465897183527,0.8542798283166358,0.17184560503892937,0.209713585372319,0.11508547618350289,0.20159176972107776,0.20438681332174113,0.19855081237938185,0.2575027888762081,0.2427016895215791,0.1649999840207775,1.1213945287755303,0.2161488719197682,0.29393496407338215,0.23064484108981917,0.28226715054224427,0.2526274099855725,0.16490740559499284,0.22484669951747388,0.19233506120374358,0.2442013401291593,0.15862665905606013,0.1477650733776293,0.18109081998172896,0.20125103332585287,0.10599726932004232,0.1933369543975019,0.21491734643916605,0.18783049830493254,0.13552124280448158,0.1635934071022772,0.20836365610241656,0.16029878324640337,0.16148538923127162,0.21786550211785635,0.4617961660543727,0.21975630768711577,0.2559134455456831,0.14620710480501603,0.15245747736735774,0.18236620761619088,0.19213723510937897,0.23958048051772513,0.293001402561403,0.42979483084346076,0.24696014028815014
Belgium,0.12381209828852954,0.09971520438422549,0.10318967556128099,0.07925238745931981,0.08261178901120307,0.2387464803017636,1.0,0.08360894768677284,0.08031011539166942,0.15084615640342355,0.10108592087912688,0.10992239806993849,0.11291819522550507,0.08293462407271249,0.09488264640969475,0.08833741828814695,0.12188646292514224,0.16322570538219558,0.07506742375117645,0.1145089828523087,0.09562702212311001,0.10596305293297692,0.10204355633006758,0.12242477311790917,0.10566231469339506,0.08687182652400405,0.16741170869604746,0.0913329015067697,0.0834065083935761,0.09559223335606554,0.08772592203207832,0.1341151541349687,0.08987851625670734,0.0869423742274881,0.0952585371719814,0.07901413595816317,0.8110476964440303,0.13432053317150516,0.08278157784710571,0.19727921760464368,0.08845312156206322,0.07365871222980239,0.2750669538583602,0.2099674641149331,0.2875725158097633,0.09626592932809275,0.9642223257106504,0.08767341429352639,0.09991949019850294,0.08253800823718059,0.08114957468100495,0.09456187539216186,0.08995150965518844,0.16567810971986252,0.08450113399889615,0.08537126365300125,0.10390024170220397,0.10897395157758333,0.09084567375459625,0.08469666771918226,0.14482482819751918,0.12324394856967617,0.13080488064087145,0.13480268635007825,0.13898318531990753,0.11418012667321828,0.08649714898613473,0.14037219950862415,0.25141450872283155,0.10671283041711085,0.2398849104155878,0.06411690143926443,0.0694590465308934,0.1056826347205602,0.09960047120439153,0.09838885666666951,0.08913253875461688,0.22255440054518114,0.11985410133258666,0.21203909381257308,0.08082335477010169
Bolivia,0.057538083617459955,0.03866181845995758,0.08570474798850528,0.0438525695622331,0.013703187612387792,0.2041097413522086,0.08360894768677284,1.0,0.009577667220373247,0.10559569018751742,0.08151203402330374,0.0674172707225044,0.06925046761897324,0.018041978337235677,0.04024843592770124,0.024666536369968666,0.08137399501720935,0.15553244380102663,0.07213837365052266,0.07622393978297314,0.046579810877721006,0.05599667951563499,0.050262338868346225,0.07010195970654416,0.05340775688694212,0.1281946612166683,0.1304225425977319,0.09773198538925536,0.03804299063311442,0.03246794208703553,0.02124417707607363,0.09333803968761757,0.02185383942580557,0.026896746844722538,0.06990307671367245,0.10159188661845132,0.8294505658435628,0.10810296905183227,0.007974936173285234,0.16650971704246265,0.050931788676717785,0.026610786171927397,0.24771888419769292,0.16706410786851958,0.25892019309315517,0.044353246248890185,0.9861938054849134,0.021161573299986077,0.08521209964881094,0.026921855269725996,0.09484548408743251,0.06870419837407145,0.0411836655888263,0.14335009862707943,0.052136508057153766,0.04820954566891763,0.046107755474080456,0.06160095531744023,0.028802537910957954,0.02006960186050986,0.1100090535395564,0.08884309870509355,0.10044147461273815,0.10546748641082186,0.1176473754756269,0.05671121280521633,0.034030927586602866,0.1061640614604418,0.22722650492859608,0.08176625888559465,0.23315384433767716,0.04985221467853358,0.07563669321879643,0.05468832855781897,0.04873138926282118,0.051100123158814785,0.0196961508387835,0.18629256315976678,0.10444495346899695,0.2161048437384199,0.045434861130204986
Brazil,0.06509384394486799,0.04154985553076413,0.08371642324402162,0.03880069267392197,0.011063921759343035,0.20612832151141064,0.08031011539166942,0.009577667220373247,1.0,0.11072871053933812,0.0779579277191412,0.0683675494156081,0.07100212067616796,0.01722721636720315,0.04191861474900188,0.026112949208313137,0.08244197849583627,0.1583410494095908,0.072638790708614,0.08213109590017614,0.04627877775106794,0.05787911679319442,0.05203628500434308,0.07315128013198399,0.05997300180914495,0.12522362398344755,0.13411092806045172,0.09820603096428178,0.033341398184779505,0.03683020667121153,0.02310726374515844,0.09966795100465295,0.026074710726906338,0.026969844162410703,0.06726429715951943,0.10143795037460207,0.825611896367356,0.10777864946401008,0.006513947845337923,0.16953103120546573,0.04790199500555487,0.02402390712298649,0.2500292197504065,0.17081542295980048,0.2612779681730069,0.045166093274438046,0.9803104403085562,0.025197508170770138,0.0802231494165797,0.024336876669019753,0.092100537232217,0.06596911032837556,0.03948754488478181,0.14142516539969424,0.05322585906046772,0.0437426768616725,0.050638019698365504,0.06329310695183034,0.03175532181857957,0.01972666002703524,0.11167146383795025,0.09622536410379587,0.10674962489289472,0.1083999270052988,0.11625455465671526,0.06187209193413117,0.03326264475308109,0.11139306587380857,0.2296678726722071,0.08510209868619356,0.23245067111544163,0.04972619092520997,0.073472887160174,0.0578403947121565,0.0505278501431845,0.05060129576795579,0.024422030796491738,0.19102294862142852,0.10634601053301354,0.2148752485406557,0.03873406121429646
Bulgaria,0.09149170014199555,0.0910116024440324,0.15566913569957347,0.12012004585025715,0.11192302337739429,0.2120615917360672,0.15084615640342355,0.10559569018751742,0.11072871053933812,1.0,0.1675802298277324,0.1137928942739643,0.1113847539683647,0.11719714309301689,0.11611660157087837,0.11561539773130516,0.129351774617461,0.20615067262522813,0.11963762821126254,0.08162995304355161,0.13261499216298045,0.11195390451028094,0.11880330792873096,0.06974882588278486,0.09699763330326404,0.17416436572079425,0.13399021937243075,0.1435725256852481,0.11578226339663443,0.10772838564645583,0.11030585893958277,0.09117960977940347,0.09957455089237055,0.10526006260329174,0.12564592355387133,0.13981670834912,0.8243357978320589,0.17841587022900837,0.11190565640686534,0.1599200134265651,0.1122875919119749,0.1266702236611183,0.21764312391641744,0.1429255777374567,0.22953412584237085,0.11573337056259345,1.0119657521186405,0.10345703788021766,0.1695272606337684,0.1297718130215625,0.15145569809518938,0.1260709042741673,0.11044343435066462,0.15919444429790297,0.12626988593854938,0.15028451002868012,0.09524251616657853,0.11428862683690598,0.11240320564284698,0.12035827340649578,0.1268159036086375,0.10506247396217275,0.09152082474351259,0.06740525763605963,0.13254995064623018,0.10078836589187906,0.10472918936446435,0.08985336277212591,0.19865281527383585,0.09151100194950547,0.3150808149546239,0.10946814641166011,0.15171842914347275,0.10250416849417031,0.0997794334122437,0.13126365162620215,0.11088516501262213,0.14151129435641638,0.12080179663788591,0.24230602490543318,0.14492985059689956
Cambodia,0.14237611843203343,0.11133525879206695,0.035289025347008056,0.052907058577600474,0.06794989129387323,0.29500308661839064,0.10108592087912688,0.08151203402330374,0.0779579277191412,0.1675802298277324,1.0,0.1310091285363679,0.06868172351490355,0.05757982565125384,0.10468557740608449,0.08935358221666595,0.14190290929982108,0.15391166905050607,0.11043929320471642,0.12838148135489014,0.0983895785674044,0.1215544308807656,0.11315700660252438,0.11234291945915564,0.10836288596474516,0.10162186730901453,0.18958575642381914,0.10135544302549891,0.09238855847753541,0.10005830605745979,0.08976042157660769,0.13665108707856277,0.09165496444463028,0.092877568839193,0.08428712573660432,0.1222739971859705,0.7853279490685748,0.14410712766586112,0.06926454665667947,0.21997254302322566,0.08464200006808965,0.0705600204861498,0.2894404360761748,0.19682648508643963,0.2981038538543831,0.10886206462932413,0.916550236116013,0.0674504292897944,0.018220847253070934,0.05474576644279243,0.06602915181882359,0.05715326558511017,0.10317489232698367,0.17804030340832988,0.09609405862695009,0.053701964211065635,0.11418605274016881,0.12621541390097488,0.09506967050725018,0.07913888814809811,0.1700060794658893,0.13855424662493893,0.13952318669128316,0.145454789675542,0.1638086467956011,0.1225673421421038,0.07434205713113243,0.16154349631191336,0.2703512389113433,0.11378263396493449,0.16628894260229105,0.08022939808627903,0.08110260422888982,0.12145127344555984,0.11404150862754553,0.10666581764955191,0.0867105191258972,0.22522957843936822,0.09621394277743633,0.15516044016654826,0.04134727981259768
Cameroon,0.04894120343921307,0.05830059816610573,0.14139187567694247,0.0969454204279766,0.07746976396177203,0.13564874207569244,0.10992239806993849,0.0674172707225044,0.0683675494156081,0.1137928942739643,0.1310091285363679,1.0,0.13733601666792344,0.09388969535141808,0.04071184232009537,0.057023431926949614,0.03225729042124992,0.20276658988710627,0.09060135866814333,0.08124738645340382,0.06455213283253393,0.019414457440072405,0.03835964371847268,0.09325735920482374,0.0749605969074201,0.18636450849553618,0.07924905823550178,0.14771022129504427,0.05604070508532659,0.047860652189131825,0.05344463096823587,0.11173820758744388,0.05392201718147422,0.049801589038932226,0.11777507570438518,0.12835616451742282,0.8568565387705701,0.10456648258366821,0.07867088181260852,0.12062392051099796,0.08967120311340042,0.08193158524365968,0.21434258556654825,0.1764404658111709,0.23115222410248704,0.03276406466737456,1.049879428213193,0.09053266242594322,0.16294423531001018,0.09850082637339756,0.16223281608700615,0.13318368698320326,0.038420020466746876,0.13169590601344522,0.07728508548936197,0.1119034952482173,0.034245832366218906,0.017025287948262493,0.05099931366376089,0.06947576400194574,0.05009161247027769,0.09724425341166794,0.11900472205575584,0.11052643304891467,0.0870594663912965,0.04132089166972044,0.08813595361650878,0.08596196332392825,0.1922906287281141,0.11390302015842783,0.316008997533398,0.09757685479479557,0.12661285728285926,0.020799901904828135,0.029741411134485977,0.05331415913590942,0.06182990860660149,0.17900830443854554,0.16725794071813999,0.30010799429442714,0.11494988005877033
Canada,0.10630362793339376,0.07287726762045214,0.08459204982736312,0.05369148780750172,0.06532630247160878,0.26045972258176253,0.11291819522550507,0.06925046761897324,0.07100212067616796,0.1113847539683647,0.06868172351490355,0.13733601666792344,1.0,0.05599979752919455,0.09941283213019708,0.08657883903730441,0.1335774596921113,0.17309094562375887,0.09026565676140394,0.09272746680219686,0.10625640243614126,0.10841583233130381,0.10783566958929477,0.0711925082932779,0.09103442412596062,0.10690923522831854,0.16602803481890915,0.08301343533113266,0.08199330969785455,0.09006750044975148,0.0819765337593335,0.102827467123529,0.07352738039293202,0.077539384863581,0.08424726297887795,0.11510255851779927,0.7875109846929731,0.15676453488627481,0.06280381857542827,0.1939711075456224,0.06060773653536325,0.07722460074610572,0.2555046683190387,0.16636195529767064,0.26615741581052593,0.10182452968046168,0.9356154166758415,0.04681869665488247,0.07144687032755637,0.06955046555597637,0.06838967966053455,0.064008415747472,0.08944552136745924,0.16214917625727826,0.10128157182828756,0.08755383905548705,0.0920665084371397,0.11372751149256034,0.08930612201938087,0.08187656231569278,0.1477914189229584,0.10935329231710343,0.10677114735245499,0.09843410593510733,0.13905802491623132,0.10399086989963255,0.0487078427921803,0.130064982833228,0.23422720028894453,0.08082851606942901,0.2310097793916282,0.0718311389791063,0.10481870445373108,0.1025495972620731,0.09227841014489911,0.11074022777855806,0.08090589195768805,0.1793958721306763,0.055243638062266176,0.14892414350666003,0.0713722972209401
Chile,0.0750484676200997,0.0503902751905264,0.0720404521027571,0.032717009999242756,0.007805420325543124,0.22450401454405655,0.08293462407271249,0.018041978337235677,0.01722721636720315,0.11719714309301689,0.05757982565125384,0.09388969535141808,0.05599979752919455,1.0,0.05544301678703333,0.03884804217711488,0.09564985113214183,0.15148058485345584,0.07742716471197097,0.0861045631847961,0.056563191968938636,0.0714932258078859,0.06487109509045495,0.07428141857111974,0.06407324217562865,0.11738373933975509,0.14442952800426767,0.09234304812533896,0.04726390025937371,0.04837249417158936,0.03712333805553727,0.09929143134013182,0.037736123591124264,0.041159216119814004,0.06437674387739184,0.1021211148190729,0.8194594238020994,0.11604130663015964,0.01367410327162412,0.1788728316120991,0.05114060899756635,0.030461504848917045,0.2562434799228373,0.17004013566131432,0.2663066944143326,0.059509937948466936,0.9686115098351653,0.01858023252346532,0.06654224050448784,0.01745004800552554,0.08138699016800616,0.05753935832692956,0.054450589060323955,0.14759047570537948,0.06025248791090476,0.03967157522683774,0.06198787461574851,0.07693715488995626,0.044338741968139854,0.03041951149060943,0.12402860573357716,0.09832796682509501,0.10608088412125584,0.1108329818482224,0.12643674165260718,0.07171211455160732,0.033263652257538974,0.11748795147736549,0.23635229737328542,0.08349799039967899,0.21707551029096503,0.04912589146127868,0.07040729458632747,0.0706893650663567,0.06356579499591394,0.06287830594443702,0.034774552286939195,0.19215375007830948,0.09420391129543443,0.1973127900772803,0.031156893053035983
China,0.0451204451570023,0.053558863360069146,0.11254526784585361,0.07755887328912774,0.04929749794345136,0.17111333144194843,0.09488264640969475,0.04024843592770124,0.04191861474900188,0.11611660157087837,0.10468557740608449,0.04071184232009537,0.09941283213019708,0.05544301678703333,1.0,0.01873713606780185,0.04490483753832798,0.16745849465824267,0.08598121699183507,0.08042478414758945,0.026078549149468947,0.024096556189518024,0.011957079760361781,0.08826586088438879,0.054423531220403006,0.1641050936575526,0.1042337840391354,0.13014522667726422,0.04564946129566632,0.014228526560128263,0.021036233076156485,0.10393465189517305,0.03271271654565021,0.03360654625875962,0.09432473323971888,0.11517755553847317,0.8554913713357559,0.09165335971067554,0.046916259458947535,0.1471862902048421,0.07917579584639396,0.05012109337602715,0.2394398944098828,0.17639718693806614,0.2521924978883975,0.008642261843037161,1.0330511545775063,0.06274938814452409,0.12724100411991499,0.05961718334597338,0.13568728931372512,0.10312231505469983,0.03465734559827957,0.13876367055999206,0.046769670709483555,0.07096821506649999,0.03152259529665051,0.027685381449084317,0.012959270811813684,0.030602732447491256,0.08466663626306418,0.09100224342251473,0.10903632320514685,0.11805990428153722,0.1125219471282261,0.03333179179775586,0.06943449439011125,0.09774911861482156,0.21966572879164323,0.10334398625564009,0.2620348093355691,0.07446650615441053,0.09351311772504396,0.030934629226905434,0.037834334028737614,0.02092426526627586,0.02457806084269912,0.19101110971814886,0.14481298103631426,0.2683944217258145,0.07900352047762274
Colombia,0.05095322342188894,0.04897772114546996,0.09791107268507972,0.06349850561823484,0.03234352282372032,0.18903907188416172,0.08833741828814695,0.024666536369968666,0.026112949208313137,0.11561539773130516,0.08935358221666595,0.057023431926949614,0.08657883903730441,0.03884804217711488,0.01873713606780185,1.0,0.061042553410825595,0.15730820854171007,0.08170880389193665,0.08101956482768152,0.024962243150861783,0.038721450419815534,0.027691620001545895,0.08211915026106148,0.052527639894559,0.14894429066873632,0.11792420869886192,0.11748296102646363,0.04033154473040013,0.015476360607730989,0.009247161222904627,0.10017810712915119,0.025197331451697037,0.028027948662445453,0.08072333726021398,0.10869402039851156,0.8463051517987991,0.09610853611308505,0.028974466117215103,0.15836940656002085,0.06861278919042342,0.03627636621380836,0.24610105316367936,0.1734312727688822,0.25749742130245107,0.02391925546825047,1.0126024563040459,0.04646964296601282,0.1068974899802516,0.04031037053074952,0.11823172586422723,0.08695178774498978,0.035920477721454146,0.13934818799369456,0.0443878299033836,0.05361659544543018,0.038075404281216994,0.043514906952837155,0.008643480482342718,0.012282944051411624,0.09809758822468534,0.09160637750022152,0.1064108124867948,0.11575677247804117,0.11700037552511458,0.04280519211275607,0.055948932440426584,0.10346570602949563,0.22673285498850357,0.09540872689219243,0.24311091149944716,0.06276592164343131,0.08055687240423823,0.04279321216082741,0.04342079153146268,0.027521275191620738,0.009688311517135945,0.1916306418133976,0.12853268439617388,0.24597315673334053,0.060133232898300415
Costa Rica,0.06263015437633156,0.0829556707819535,0.14804752953463182,0.11451434292428249,0.08981415553155812,0.14377791091573633,0.12188646292514224,0.08137399501720935,0.08244197849583627,0.129351774617461,0.14190290929982108,0.03225729042124992,0.1335774596921113,0.09564985113214183,0.04490483753832798,0.061042553410825595,1.0,0.19895112711870355,0.11748909231637607,0.10322564367472117,0.0614815171242823,0.0319530060451928,0.037506350636220154,0.11858219908126506,0.08640532303931792,0.21163999941408299,0.07553804560291282,0.1734168598501269,0.08097718957690188,0.05796024763633553,0.0680307939422219,0.12745523956355853,0.07510516418066356,0.07339055420635633,0.13271471641131907,0.14502905710246375,0.8793170145886713,0.10020600308223679,0.09569515603329826,0.12477019069156775,0.11920764772882826,0.09866161907169603,0.2248984768267857,0.19063383673801967,0.2392774055887378,0.042482375461004994,1.0894655903798511,0.11158751976073827,0.18124824344624768,0.11032199042690394,0.18644646833597528,0.15195785425709618,0.06436177078876193,0.13709801875907335,0.08365733482662355,0.11887134935877756,0.05534616416526105,0.025286930325742113,0.06138127201531342,0.07935986289037666,0.057767026648007896,0.11168573400014598,0.13355327563081498,0.13880635100072386,0.11234055352600512,0.04607825769057635,0.11433608449780058,0.09855785997165942,0.20744007474890144,0.13710559189493923,0.31421846860676506,0.11685513003270573,0.13381208124895666,0.04421611824515922,0.059532681222762035,0.04863084313337099,0.07321550313953844,0.1954107683691838,0.19188400310005063,0.3282002004189879,0.1287812835100879
Croatia,0.17507419262423138,0.1827447500690376,0.14543214084363482,0.16940005621492696,0.1515172062897581,0.3260132148025285,0.16322570538219558,0.15553244380102663,0.1583410494095908,0.20615067262522813,0.15391166905050607,0.20276658988710627,0.17309094562375887,0.15148058485345584,0.16745849465824267,0.15730820854171007,0.19895112711870355,1.0,0.16874528599628377,0.17435178067531948,0.14054615805004886,0.15992272837532753,0.15003025346594998,0.18789207883369943,0.14292685749582995,0.1959970354883485,0.2028575705239179,0.17588030006127203,0.16979021978859596,0.1456874052893806,0.1482783930646269,0.142476797293494,0.15414246361335482,0.15983722228768157,0.1428310604633344,0.14940805009911973,0.8881393083820125,0.1653736598289016,0.14788523184741453,0.23594263661187917,0.18166712125829043,0.150080675034405,0.3155776401097147,0.2273155709838268,0.3248892648385356,0.1547651702810963,1.0405730926367744,0.15221156545606954,0.17159068120029639,0.13997806300855758,0.18353186139186065,0.170951054438352,0.1676766778805166,0.20976455303943578,0.15129279685811084,0.13947118153804855,0.1593959799508329,0.16263454287343887,0.14609221623179133,0.14191620314336476,0.20001086353569286,0.1549873640903514,0.16960833637984105,0.20879050258704743,0.22059107841500464,0.15156334611168862,0.1671194441399784,0.174394776601216,0.30536737190796437,0.16529343303570257,0.2019703115300675,0.15559867559445997,0.11987115528686065,0.16459244874115958,0.16935821230479148,0.14621441197452587,0.14232889499197562,0.2521427238912531,0.18454689190488843,0.2667478519726269,0.1511812313197389
Czech Republic,0.0841259186545935,0.058194592287643336,0.12485770609439623,0.07587767961351272,0.07754851694134726,0.1842661522167323,0.07506742375117645,0.07213837365052266,0.072638790708614,0.11963762821126254,0.11043929320471642,0.09060135866814333,0.09026565676140394,0.07742716471197097,0.08598121699183507,0.08170880389193665,0.11748909231637607,0.16874528599628377,1.0,0.06773331449825475,0.0996210251549904,0.08392401843177599,0.09082959066961531,0.0940102353267328,0.08096002192694916,0.10603834408796986,0.1342261742785202,0.07238673800261343,0.06513970340496193,0.08043181387621672,0.07519099525965123,0.09244276058996459,0.06672317122423374,0.0642606831140876,0.10316644813073265,0.07397232793506575,0.8121780466882764,0.13719200575419319,0.07599814990425334,0.16239054133990805,0.06151617497910962,0.074886991299321,0.23698630675391424,0.18800675824319207,0.2558692414894697,0.08210906232283027,0.9769802551105776,0.07261820011629634,0.12410882771008222,0.09206168661473986,0.0992124829722098,0.1047712546541141,0.06647280737887057,0.1540846578623588,0.08998297849027079,0.10867932295454315,0.07330899712890783,0.0877398554502272,0.0798328843248077,0.08384649013947772,0.11027202213909269,0.08753854587347012,0.09770016844308298,0.09236943654725932,0.09890437177398612,0.09018210515751242,0.0639429020411427,0.09575569562455537,0.20638682542185288,0.06674955129475037,0.29276990151693943,0.07273912293660076,0.09781869365628493,0.07600977474215369,0.06608874869901225,0.09793188276272587,0.07973114572078571,0.18285400389262782,0.1114002504579132,0.22666144775868818,0.09939855357561829
Denmark,0.05273709335739172,0.05977487151727506,0.13880683144653014,0.0994059644148411,0.08639188109043548,0.1723830553564331,0.1145089828523087,0.07622393978297314,0.08213109590017614,0.08162995304355161,0.12838148135489014,0.08124738645340382,0.09272746680219686,0.0861045631847961,0.08042478414758945,0.08101956482768152,0.10322564367472117,0.17435178067531948,0.06773331449825475,1.0,0.1005802755637689,0.07623218344588256,0.0841187114345094,0.07476658907073598,0.060199202715655334,0.15669027894284984,0.1063988944423073,0.10974394495613819,0.08464870153504328,0.07313809261271005,0.07760533580386339,0.08159462047436923,0.06671660754231215,0.07201860545245889,0.1254251964647519,0.11726593706296697,0.8350280449671943,0.15137126989693078,0.08574159831518678,0.14491520410272668,0.08882485034022458,0.09249361165758144,0.21967858789622657,0.17093912429042124,0.2361477925153953,0.08003183739115773,1.022551628616746,0.07992068450786462,0.1552321728894292,0.10484352256723307,0.1341176986698946,0.12244090819097915,0.07647100248816616,0.1551265627018166,0.0885658912547649,0.12530596447262352,0.05869270877992663,0.07854472339015262,0.07754119341668952,0.0896889000838233,0.09636004132980325,0.05849900738250464,0.05237017465621341,0.07329105302823916,0.11228157729354064,0.06809982333588917,0.08154316397460801,0.06761765097102759,0.19026402495305894,0.07469070300480445,0.3037417452531637,0.08794288060307767,0.12628450353067416,0.06376646875683263,0.06322423752635728,0.0984001085820978,0.07839129266027856,0.1506909257317601,0.11749960561308108,0.2568718883148618,0.12309802177766804
Ecuador,0.06689753272547268,0.0731837434425357,0.10229081951312292,0.08071028364612202,0.04990028082560878,0.19372750931366423,0.09562702212311001,0.046579810877721006,0.04627877775106794,0.13261499216298045,0.0983895785674044,0.06455213283253393,0.10625640243614126,0.056563191968938636,0.026078549149468947,0.024962243150861783,0.0614815171242823,0.14054615805004886,0.0996210251549904,0.1005802755637689,1.0,0.046044959459244895,0.02687396015753469,0.10373097804663611,0.06558522630244831,0.16592932344436814,0.12111614423569034,0.13804184823266008,0.05935087682843484,0.031797839917740225,0.03381479432000224,0.11767557481286099,0.04996455919358074,0.05118998480997841,0.09368094779688806,0.12063946813422195,0.8586229119213474,0.08928474670393866,0.05062855398177659,0.1650521774816424,0.09193922582947253,0.05212646735466534,0.2573637292085997,0.18811488006463922,0.267837635825582,0.031252693580355866,1.0306771112745154,0.069873753149874,0.11954565147857132,0.05201523862698891,0.13646235647369517,0.10064971354285854,0.053897369902361554,0.1449435273171326,0.04476686634718485,0.05491139273443513,0.05538612121336761,0.04803161775147349,0.027145506691837896,0.02827270221517139,0.10416235167126672,0.10664582046408935,0.12095004679073038,0.13730004980088267,0.1316562249049136,0.05146915874789246,0.08036427494917303,0.11647002797886138,0.23982299032048,0.11594308625900443,0.23605630000218852,0.07950919422029974,0.08378041590445026,0.05572239666611131,0.061793317614909304,0.012783583559254947,0.0317709171137385,0.20872481383748975,0.15036107426164239,0.26690477018663905,0.07030245812218562
"Egypt, Arab Rep.",0.03986940136250778,0.054527351237989484,0.13044056896938547,0.09032480586212581,0.0660377279157037,0.15211022821695513,0.10596305293297692,0.05599667951563499,0.05787911679319442,0.11195390451028094,0.1215544308807656,0.019414457440072405,0.10841583233130381,0.0714932258078859,0.024096556189518024,0.038721450419815534,0.0319530060451928,0.15992272837532753,0.08392401843177599,0.07623218344588256,0.046044959459244895,1.0,0.021336474986462493,0.08959686914788041,0.06256530084048237,0.1799988201334812,0.0861200055023279,0.14055906328548134,0.05238945820854636,0.03065838385068483,0.03883207451160361,0.10216630091012227,0.04240953193128738,0.041351419427204994,0.10659259691912748,0.1229133271652028,0.8604563293399421,0.09842579996500699,0.06514148706793114,0.12934163489699246,0.08642812479249257,0.07032310566037472,0.2227701157839024,0.17224989183139316,0.2372268804933243,0.018265299424802796,1.0490168942084455,0.0782833452422173,0.15011384235422495,0.08308100173349424,0.153216220670915,0.12334510307929226,0.03543028991018193,0.13165180105157653,0.067327668164543,0.09633729147467639,0.02463815762824533,0.007246927729936814,0.035055716098115954,0.05380830088818483,0.06335193771086445,0.09001316358825595,0.11190785712265156,0.11280375989781376,0.09843224609529237,0.02636249683852182,0.0803853624574057,0.08567659498824226,0.20293546234982396,0.10735881673546742,0.29398964179517784,0.0887647708880404,0.11278978505122284,0.016587800517637176,0.029292132130278557,0.03804978837757243,0.04556302058680761,0.17951981322047847,0.15716513793780695,0.28781972888560003,0.10156501795938326
El Salvador,0.04684640456347604,0.06207111368953616,0.11955354093479828,0.08753341192034465,0.058724187600164256,0.16808050393652624,0.10204355633006758,0.050262338868346225,0.05203628500434308,0.11880330792873096,0.11315700660252438,0.03835964371847268,0.10783566958929477,0.06487109509045495,0.011957079760361781,0.027691620001545895,0.037506350636220154,0.15003025346594998,0.09082959066961531,0.0841187114345094,0.02687396015753469,0.021336474986462493,1.0,0.09540659184164499,0.05932421043042024,0.17621255037133562,0.09831863811136542,0.14108235280401815,0.05547015942279974,0.021980417306671086,0.0319140409661361,0.10770772853385381,0.042920696556131385,0.043951118208173566,0.10181444806297221,0.1220017273059445,0.864033370551057,0.09167955042946006,0.05787236962976338,0.14368025244925942,0.09051389787943179,0.06202836015346671,0.2380517771716443,0.17868505324539238,0.2502784913670049,0.012776245805619492,1.0482695541504299,0.0740682739942944,0.13927293333485122,0.06987574224607199,0.1480258821147468,0.11423935634452367,0.04268492434158821,0.13758709171689737,0.05330095362160445,0.07968180871744558,0.03526864784205545,0.02246941090476493,0.023869805239543348,0.040504641357793796,0.08053338731080491,0.09434191018437203,0.11317826810289106,0.12421236624350791,0.11535846030337263,0.02992703955003251,0.08104684536071309,0.09725414782628662,0.21947254920387382,0.11120236977759083,0.26904807638780154,0.08421015313698522,0.10041065843647698,0.03234622808768297,0.04341472433844863,0.018776707580124164,0.03467275792645094,0.19199448754494725,0.15528878659845144,0.28191647052001145,0.08963095418727444
Estonia,0.07170697358235903,0.051438297111475205,0.13051741958677582,0.08043651359509996,0.07610477315939156,0.20819681678253812,0.12242477311790917,0.07010195970654416,0.07315128013198399,0.06974882588278486,0.11234291945915564,0.09325735920482374,0.0711925082932779,0.07428141857111974,0.08826586088438879,0.08211915026106148,0.11858219908126506,0.18789207883369943,0.0940102353267328,0.07476658907073598,0.10373097804663611,0.08959686914788041,0.09540659184164499,1.0,0.08406567874157324,0.14888076747620013,0.12898187960904417,0.11975898379507685,0.07188618576874431,0.07774145409095484,0.07466026565581771,0.09780246616266355,0.06259162154447982,0.06534844474975282,0.0916361746017522,0.12880866728559906,0.8136331258647359,0.15566325609015594,0.07243612790127536,0.15421302679527277,0.06493008244295236,0.08777230209945469,0.2197098870993047,0.13389550891930407,0.22672723187217395,0.08417198666631386,0.9805032902186861,0.06471654410306574,0.12816711468830347,0.09259487394521478,0.11797866142295477,0.09829656860131698,0.07084365177495307,0.1380677938910021,0.09870634518698271,0.1134071343542025,0.0667663611797635,0.0876216368180513,0.0802315436344362,0.08491979181422414,0.1099039832608889,0.09261737047479224,0.09757507309806313,0.07120498635436585,0.11073493401349953,0.08013386148236079,0.0598763646697417,0.09684910528597522,0.1996641129091899,0.08543695527604028,0.29224497744357447,0.0766213454551052,0.12936290169520787,0.07485753171901427,0.06545447855697228,0.10085056301912627,0.07796430140023698,0.14624742922826098,0.09751067216008286,0.21980313653745323,0.10346843419131656
