Country Name,Albania,Angola,Australia,Azerbaijan,Bangladesh,Belarus,Belgium,Bolivia,Brazil,Bulgaria,Cambodia,Cameroon,Canada,Chile,China,Colombia,Costa Rica,Croatia,Czech Republic,Denmark,Ecuador,"Egypt, Arab Rep.",El Salvador,Estonia,Finland,France,Georgia,Germany,Ghana,Guatemala,Honduras,Hungary,India,Indonesia,Israel,Italy,Jamaica,Japan,Jordan,Kazakhstan,Kenya,"Korea, Rep.",Kyrgyz Republic,Latvia,Lithuania,Malaysia,Mexico,Mongolia,Morocco,Nepal,Netherlands,New Zealand,Nigeria,North Macedonia,Norway,Oman,Pakistan,Panama,Paraguay,Peru,Philippines,Poland,Portugal,Romania,Russian Federation,Saudi Arabia,Senegal,Slovak Republic,South Africa,Spain,Sri Lanka,Sweden,Switzerland,Tanzania,Thailand,Tunisia,Turkey,Ukraine,United Kingdom,United States,Uruguay
Albania,1.0,0.2137760802847294,0.02232291675435613,0.031110131200182894,0.0370900324938335,0.03622320254232893,0.01464028151880046,0.06804431571350233,0.016333143689724425,0.012783352371131517,0.10676079420509306,0.08408008966001071,0.022763579962294576,0.014634376553400852,0.010270673360525423,0.007836079948493998,0.027615303896778992,0.015280817597676525,0.008306417365081786,0.005716728736189311,0.011259204294927095,0.014960631611413717,0.00553268545793771,0.05582232564111527,0.007955199705983868,0.01714442260678248,0.011082673238757125,0.020529626989327556,0.05426946058196751,0.024614455443818354,0.00458947487214644,0.0090557990010943,0.04438478883176539,0.024696343317591983,0.016609029820802833,0.018363888061675455,0.0578835852954264,0.025165024179921284,0.02362577557411108,0.0667769215764555,0.21877981213823183,0.025541694418617485,0.024477442683842793,0.01732636213349257,0.027013018369689803,0.015415865986792125,0.0582677240953716,0.04384356301440612,0.04806502328721102,0.057059667108971174,0.014745333001436937,0.020350045887964026,0.10074679047769819,0.019571204130979986,0.011222843241752102,0.01308085928428855,0.0070260512112251625,0.018064947515971586,0.012001987237089945,0.011760458460945799,0.02552262869977178,0.00767019702494917,0.011632180642497433,0.01366779265608445,0.0608891722144251,0.027170689652677205,0.1025525300386975,0.007015253615438529,0.14804481247042908,0.008606687363109603,0.022471892072143666,0.023455691786399162,0.01618202929669857,0.18371370104879783,0.028307767390927725,0.018671839951314096,0.03701375833823375,0.02036932550008175,0.015755304660077792,0.03343833871327707,0.022301425416705583
Angola,0.2137760802847294,1.0,0.23383022357195402,0.1853490799709393,0.17798656968230164,0.18767294673739396,0.2244798222760663,0.1465246182006605,0.1990196665297495,0.22401786461535553,0.11497665010198979,0.1314733056740283,0.2351576628460491,0.22694916568269086,0.20482181202444025,0.22005327293449897,0.2411030862189049,0.21949712839403285,0.21533280105701397,0.21203149832004548,0.22358044109810768,0.22830998020806176,0.21717243402188954,0.15941377234811585,0.22067188453949255,0.224131333026625,0.22163391278109748,0.23207227711943296,0.16038824448883926,0.18968554307622004,0.21460761907738354,0.20963767179133214,0.16962776529715856,0.18960208054005626,0.22811237781099186,0.22980597532753197,0.2713702063418957,0.23801324730208973,0.23674486756902624,0.15899574062524385,0.017091170376544174,0.1898754051455689,0.22556295889986452,0.21012838840117065,0.2184929072216968,0.2286423757378842,0.27109695804006007,0.17082455352554968,0.1712743736518864,0.1586971406802381,0.22264836690478707,0.23222234006534545,0.1138637173786916,0.23016885257966122,0.22321589763184388,0.2061025047496396,0.20704095782016646,0.2314721559326287,0.22507681084484263,0.20397843777787256,0.23882114531809082,0.21937858910494232,0.20716392388970487,0.20539247717926082,0.15775714152735426,0.24079086249794063,0.11216067910847194,0.21477960059464643,0.1199713000904039,0.21529110260570597,0.21713534344265872,0.23632849767586145,0.2274158016581729,0.03642740859659344,0.18582115880310854,0.23181296561982254,0.1774544317899052,0.20789242012047388,0.22541277654472894,0.2446978058482762,0.23473481691186068
Australia,0.02232291675435613,0.23383022357195402,1.0,0.048798101799384944,0.056011104967735204,0.056492031926737546,0.011908869958741818,0.08757377592306383,0.03502887154954331,0.015570849451005906,0.12410389032207711,0.1048944235495769,0.005794215142112088,0.0080179700644801,0.030260713530545096,0.015170904018232277,0.012165127260432953,0.019308015716950937,0.0208074155650735,0.024594224669556745,0.012433033418101076,0.010835491248158554,0.0188858636241383,0.07595273484237171,0.015456889731201181,0.013250562664417456,0.021297501119848076,0.008050020102071105,0.07400745330443943,0.044969015575865794,0.020263665366497752,0.027397142820123767,0.06454740652873915,0.04476298177467824,0.008929438153313634,0.009964461843438233,0.0387837188979504,0.01040259055040249,0.006463427692000437,0.08875504476291872,0.23822460595318504,0.04430447294106728,0.032430933351735,0.03242616916423891,0.03929284841886628,0.009666584360248663,0.037393956111400777,0.06311294805642524,0.06435156894503194,0.07576093141743537,0.012741121490406786,0.004876272481167792,0.12089060412320031,0.014314438426905862,0.012699650528489386,0.028145155378502613,0.028430943216896248,0.009810448442880447,0.011157054172408356,0.03034352364300862,0.013501781403565047,0.01870166603507529,0.029916974295885138,0.03225353650262823,0.08143935993689877,0.011178198302830362,0.12198187690670859,0.024470842847468522,0.16989127513832164,0.020973746921290566,0.023105884147494232,0.006864201923926914,0.008596150842592529,0.20431693962433525,0.0491790302279845,0.00782789083965162,0.05685932506791082,0.037808502412298876,0.011631179584581526,0.013303784986959093,0.003932927337043282
Azerbaijan,0.031110131200182894,0.1853490799709393,0.048798101799384944,1.0,0.009143885868891404,0.03109539696124013,0.039972027803854365,0.03951251393252553,0.015056214941170595,0.041095490545524964,0.07645124893039047,0.05830340082168106,0.050463530295849136,0.04224322826840207,0.022360005715840417,0.03593689061634693,0.0571101729129459,0.03702932973428408,0.031746860941504966,0.029938862383553602,0.039513550398400765,0.044556820083240724,0.03384481973358701,0.02975736947761411,0.03709480668838305,0.039518965276709735,0.04105679488169823,0.04758071794232771,0.026233837045720455,0.011871968612287573,0.03066966668293581,0.0284565793872209,0.017981963113735844,0.009564813288149482,0.04353670974194094,0.04570190330462264,0.08691862384189299,0.05392868386785219,0.05213579989536884,0.05212662986392458,0.18951557415546802,0.007867701687033355,0.0505883406431053,0.032907624986524046,0.04808958326931087,0.04461810907317327,0.08608971549093766,0.015392439939635953,0.01744767615880525,0.02804757099330156,0.03772740884037646,0.0473714350551688,0.07279633488748458,0.04712181287775861,0.039125559111620405,0.02167439653701931,0.024765445829608893,0.04766666660146639,0.040948902319982355,0.020341263916719223,0.055394447478452014,0.036912122301211624,0.026880801682167166,0.02537740622433693,0.03801642677588624,0.05668113311711796,0.07332932966247505,0.034064827135314765,0.13140495998354135,0.0320053042270107,0.03503888748827038,0.05175328569465807,0.042824336245845404,0.1565115225248433,0.012021326988666613,0.04762308511839643,0.012429142170890537,0.035399047119391,0.04106070238242692,0.059842470047129157,0.04983743212675863
Bangladesh,0.0370900324938335,0.17798656968230164,0.056011104967735204,0.009143885868891404,1.0,0.03057305221385462,0.04714839387724312,0.031593662566790574,0.021353061525645246,0.04771498590727607,0.06983717899113749,0.050282329213539874,0.05776787192975698,0.049320688275037265,0.027806663326889403,0.04255006220056421,0.06387932943425835,0.04275096674229998,0.038788565501113315,0.03604050885626109,0.04603220644659777,0.051173304696303594,0.03999194748059372,0.02336243383938724,0.04352568704461678,0.047277325805506344,0.04645342051197325,0.054961351662190315,0.019065227951075653,0.013510021756441021,0.0371841022827648,0.03408895348525277,0.00989700634236731,0.013265462000248461,0.05065983024479755,0.05275447342513617,0.09399403003801655,0.060699273447364935,0.059222703584795075,0.04581843372066737,0.18260680542943364,0.012583438251032678,0.05546199229398314,0.037808951034926964,0.05174108178447948,0.0513275818683371,0.09326452201595263,0.007953122462196817,0.01416997992758264,0.0201189206361592,0.04539347335118048,0.054661224601650266,0.06518247902605862,0.05376460612388988,0.04575824725440992,0.028177243589396953,0.03047095416594761,0.05432599667907078,0.04764033885666035,0.026334689452929903,0.06209671492774045,0.043049797282775616,0.03208406476459734,0.031514166198151415,0.03303488453834949,0.06350980359465203,0.0662599528936032,0.03958675998760956,0.12516428357684364,0.038844550171081425,0.040941716393540724,0.05889402904934291,0.04977703420326059,0.14863464780714286,0.01255270876329754,0.05434132213176069,0.0047434893206427745,0.03921306112005769,0.04843473005728412,0.06747085790763596,0.05704049550502337
Belarus,0.03622320254232893,0.18767294673739396,0.056492031926737546,0.03109539696124013,0.03057305221385462,1.0,0.04728025652385001,0.04915349916620578,0.030013251420272107,0.0462139449867441,0.08914263133187207,0.05814582817233895,0.0568205819361687,0.04911858134634408,0.03012445922670276,0.04223943231148862,0.05950196630068813,0.04701064690377719,0.03831532653504684,0.03527163749878486,0.045071912866400124,0.0480129906002212,0.038909984652462426,0.0404827641124269,0.04244620952347486,0.049021480149482266,0.03967815949931496,0.05384537763733102,0.035722214363401755,0.024656872933772955,0.03790875380030153,0.03581932619141909,0.029916035311196864,0.024606570009819376,0.05082017332602703,0.051181595834931246,0.08843890223087353,0.056625232398243526,0.05700845680602164,0.03862892219050122,0.19326269679257788,0.027364872325623797,0.043914614182652766,0.039453838828791325,0.04207372705262095,0.048667658683515455,0.09047566680669925,0.03331770474776589,0.042271209518056393,0.04266325624741748,0.04778801840866329,0.05393792343142549,0.07588484988899782,0.05122876534777642,0.044641309615130916,0.035713954694911704,0.030955758311260267,0.050734995021052685,0.04609079006345668,0.03184375075191192,0.05660708951940785,0.04186891581757048,0.034632487314675435,0.03196180658403069,0.03583933296413315,0.05971724634552406,0.08040493267377376,0.03651655615778019,0.11762573562510632,0.040117534608357645,0.05082077853716634,0.05680623615228942,0.05017313015495251,0.15640647940279132,0.02146579866914178,0.05180594697300307,0.02765580332903999,0.03763210120979808,0.05046750460200712,0.06704342174390499,0.05595657836852298
Belgium,0.01464028151880046,0.2244798222760663,0.011908869958741818,0.039972027803854365,0.04714839387724312,0.04728025652385001,1.0,0.07850506255999558,0.02619863112243443,0.012779597333246373,0.11565636162690378,0.09527976874459197,0.013655876101567545,0.007091474569285547,0.021395669058063383,0.008422787651806056,0.018962879895764093,0.01458789728070745,0.011065545021941984,0.016283632803406962,0.00778016820236777,0.009577356897406747,0.01139355175795959,0.06700130214762628,0.009616584507508198,0.0068019155576756075,0.01603657353766028,0.010274808450386306,0.06455980180174241,0.03594789006093851,0.01214923637503278,0.019734759272923594,0.055341152787775724,0.035514233641791404,0.00822902830828658,0.008020397221429602,0.04778040587153622,0.016338977370789636,0.014166429358707785,0.07926746174666305,0.22888709590560818,0.035180659567675535,0.028990280245335932,0.026579736253191343,0.03443409536286018,0.008944885458776116,0.047399798103386584,0.054224369985673884,0.05604463334001028,0.06694306995221659,0.0066767086336784725,0.010491600972124402,0.1113893362738479,0.014063567771178738,0.006928075562172281,0.02005015458356612,0.01969959698820412,0.011316417258029865,0.007448528550620982,0.021687905357441032,0.018114234831949343,0.012006637809162876,0.02182977018406398,0.023624630133749314,0.07149437343693285,0.018615048348909063,0.11280940385586581,0.016712809123637856,0.16036369343287782,0.013119360817695339,0.02090565882077166,0.013207008645769711,0.005989004270917701,0.1948231916503415,0.03974939083194707,0.010693735661337944,0.04783696579378117,0.031291972043921416,0.00941330067417979,0.022626289507360633,0.012059302877694448
Bolivia,0.06804431571350233,0.1465246182006605,0.08757377592306383,0.03951251393252553,0.031593662566790574,0.04915349916620578,0.07850506255999558,1.0,0.05281188290234754,0.07864213110822069,0.041340158457503995,0.022779197771824782,0.0892421144851564,0.08083492478445575,0.05880461101176935,0.07394278359892072,0.09520859689129609,0.07353006393253052,0.06980281491753314,0.06666402678435752,0.07741048687976787,0.0824373764436219,0.07117265928007739,0.019269460109569335,0.07473236683002395,0.07850918025234743,0.07667571940168683,0.08632393661556739,0.016045877482846947,0.043679393101975515,0.06853660455020424,0.06443410384490356,0.02385748951125295,0.043756490355902435,0.08212247777314922,0.08402635731017151,0.12544348413988368,0.09201569152349641,0.09070924817018768,0.040078120865852745,0.15142693624337544,0.043659726908212224,0.08363672571298074,0.06649682414444993,0.0781378536949786,0.08266795523349087,0.12480448667467622,0.024826639421744165,0.027443065885720683,0.012710005551801696,0.07679824474804188,0.08616442110510882,0.03434383498559574,0.08477803914747885,0.07709267732865696,0.059685093730009346,0.06132163054328731,0.0856022486646776,0.07901850632426677,0.05771739762285029,0.093248525179504,0.07385687552902305,0.062046165299691064,0.061074316456953506,0.027667711370465788,0.09487557789697135,0.03530633026924083,0.06980951734037423,0.10482137989666107,0.06980707038680277,0.07122728688879289,0.09035162301393111,0.08124340737112577,0.11730741105950558,0.0406322168874036,0.08573391253846369,0.031216813377764163,0.06607590115067097,0.0797311790825345,0.09892658631806654,0.0885905689599344
Brazil,0.016333143689724425,0.1990196665297495,0.03502887154954331,0.015056214941170595,0.021353061525645246,0.030013251420272107,0.02619863112243443,0.05281188290234754,1.0,0.027100910123214614,0.09084125882077657,0.07005678938137228,0.03662579031358942,0.02806529289415946,0.007593027700375032,0.021253791715400074,0.042567543739016264,0.023701375097588937,0.018125209757372612,0.016045762278447024,0.024817624820923003,0.029884020734000455,0.01889398180145689,0.04180969167739374,0.022483299075068443,0.026882223386988077,0.026310447656629682,0.03393796070740216,0.039091628159220994,0.010675176010354451,0.015885712122563685,0.015458587636239777,0.029572530656213833,0.009964185444066177,0.029563792120878715,0.03176201642789694,0.07268681618917061,0.03950987198457386,0.03792467882514378,0.05771914156852639,0.20363179483497107,0.009871462409283945,0.0375326686347695,0.022201440221624187,0.0365887281208243,0.030011013752075672,0.0722450933112324,0.028523372570326545,0.031926243856357915,0.04139893428946555,0.024732029526721704,0.03351763825832083,0.0859215212059437,0.03300364214367022,0.024586546597982296,0.008124558022339929,0.010148533476310251,0.03302652674495015,0.02633331053973801,0.005379601130703434,0.0408224311865994,0.02256646195199375,0.014703583406929595,0.014802023033085386,0.04815201317735759,0.04220513448887329,0.08733885494841048,0.020004562601965925,0.13933639742132664,0.01857370182423654,0.02439334617427803,0.03763431737535737,0.028750607778274734,0.1693955508261023,0.014934860037240703,0.033055235936022664,0.02205783208027819,0.02572968076536415,0.027803521679652485,0.046617439751995296,0.035812092473210995
Bulgaria,0.012783352371131517,0.22401786461535553,0.015570849451005906,0.041095490545524964,0.04771498590727607,0.0462139449867441,0.012779597333246373,0.07864213110822069,0.027100910123214614,1.0,0.11671308587404662,0.09497927461365306,0.013941791271341042,0.009728156394683983,0.02206252010123606,0.010458749133511162,0.019630064535481433,0.017718654334847216,0.013713002578046796,0.014053870101419109,0.010889190216654692,0.01028476308671931,0.012472893705682279,0.0653043222362219,0.00884990597365915,0.013575384816229453,0.013063741239816743,0.013388334646927024,0.06494174814435273,0.03597078024417892,0.013307311851093778,0.01697296400859223,0.05517439114306532,0.03570212186057977,0.010495335535850019,0.01217086296200381,0.048459221911208675,0.018695929399899013,0.015480327757946812,0.07706779174694699,0.22886224329819335,0.036447856057787525,0.022936070733085467,0.021423784961663635,0.02840635050017244,0.01056746661406599,0.04890758683456437,0.05419182292993074,0.05764822700741558,0.06764201237682567,0.012049482226681677,0.012356825821258412,0.11140029462272212,0.013753193336825767,0.010411259688879295,0.022717995462629505,0.018929935047678852,0.011984386139057153,0.009327269446280317,0.022863285032550106,0.017769894578704218,0.01045532867979891,0.019495686255286776,0.019980855916192638,0.07084464078377098,0.018685454691508237,0.11272495523441424,0.012842301568434467,0.1568950677558476,0.011859545034026489,0.02557775075738165,0.014959487916220437,0.011955342983161208,0.19434787480020252,0.03936052758028716,0.01286922444011678,0.048037999481117644,0.024775022053628044,0.00950125789463056,0.023801517181149458,0.014959784632495164
Cambodia,0.10676079420509306,0.11497665010198979,0.12410389032207711,0.07645124893039047,0.06983717899113749,0.08914263133187207,0.11565636162690378,0.041340158457503995,0.09084125882077657,0.11671308587404662,1.0,0.04235255970837427,0.12629887334002204,0.1181749374230987,0.09750879109072458,0.11187107520470423,0.13313417867497185,0.11030747885506748,0.10778556147696941,0.10532920848055313,0.11524694073624243,0.12063572519431545,0.10956130626726004,0.05688102127306059,0.11282875459111867,0.11490098393910705,0.11621806191578861,0.12343412148117389,0.055763423656528144,0.08299366937724499,0.1066471148044464,0.10297407293161039,0.06413625588182063,0.08284501122739855,0.11936715225983592,0.12146761837348084,0.16270414235099798,0.12967088790578726,0.12809419834218902,0.07482161497684657,0.11791555057477675,0.08173657185624582,0.12403989838411326,0.10484532686821009,0.11845306848967488,0.12065974156852717,0.16085331783791057,0.063408476309587,0.05999875358070792,0.0502593534845476,0.11334347946255,0.12311191700217833,0.030273143071064608,0.12282646836509772,0.11482820689640437,0.09678113849898082,0.10026984914717461,0.1237430297447857,0.11692363746726625,0.0958089668165274,0.1316109273930152,0.11231704088585726,0.10049838410971394,0.0997842485262862,0.06312127789674833,0.13268587087817127,0.021387900659750873,0.1090404252250652,0.11151079388859099,0.10766019775034415,0.10537221714754222,0.127686765407804,0.11835930576736044,0.09057392969525994,0.08060957338794103,0.12351463696564023,0.07066487457486906,0.10558991172657746,0.11659491882988841,0.13507362350124458,0.12562857239231373
Cameroon,0.08408008966001071,0.1314733056740283,0.1048944235495769,0.05830340082168106,0.050282329213539874,0.05814582817233895,0.09527976874459197,0.022779197771824782,0.07005678938137228,0.09497927461365306,0.04235255970837427,1.0,0.10621414538767729,0.0976874045720522,0.07490638028347738,0.09037521561121069,0.11100315276194847,0.09086400086163496,0.08620734727289106,0.08275368395200165,0.09372604035093866,0.09830927768303267,0.08714659411092977,0.0347956054577716,0.09113284814676166,0.0959656241254844,0.09107046173915434,0.10322820412245798,0.03234450608710724,0.060072913072310004,0.08499237069580165,0.08086726788392529,0.041043569494818986,0.06031628190103017,0.09892460490049108,0.10052870242620496,0.14129366725106846,0.10803233857881998,0.10723341291450744,0.035446157702052346,0.1374633522356045,0.061238027176961765,0.09584597788393706,0.08215835199317915,0.08955408906046465,0.09872634580085662,0.14173066521032487,0.044221275239471405,0.048907666670305945,0.03396980505294818,0.09435264295743145,0.1031327915203483,0.01919779647231285,0.10038740320467339,0.09351881419568403,0.077260338999516,0.07724159049605143,0.1014352803550031,0.09533090829619223,0.0746027489596653,0.10863626421524333,0.09002040068115733,0.0784755316315499,0.0769285443559247,0.031752814503278125,0.1109272547648136,0.028123128230191065,0.08507090955732864,0.08551691078604177,0.08657917597000549,0.09019496126952256,0.10691354182678185,0.09813117520581784,0.10013782314555186,0.05607058506922589,0.10188190891352951,0.04857069029270434,0.08013668820801109,0.09716600103398597,0.11640542966098971,0.10540332680713113
Canada,0.022763579962294576,0.2351576628460491,0.005794215142112088,0.050463530295849136,0.05776787192975698,0.0568205819361687,0.013655876101567545,0.0892421144851564,0.03662579031358942,0.013941791271341042,0.12629887334002204,0.10621414538767729,1.0,0.009009662112630651,0.031724659679978486,0.016470257743599406,0.010219898454589975,0.022027322675739664,0.021273319795109522,0.024651644656711085,0.014148878561493515,0.01048900082497929,0.020110388308127697,0.0767453212455455,0.01619110958235629,0.014276409627588891,0.02056985772556206,0.006505490774645585,0.07545602653586522,0.04646326170960103,0.021513860847033973,0.027651401890010543,0.06593527635714493,0.046052953963445456,0.009294603295228297,0.009906970737497727,0.037052960626111346,0.010161241035432651,0.004345436010202352,0.08889591413560446,0.23961900147074996,0.04608668659784945,0.02924892366469399,0.03164562037178609,0.03676693372482954,0.009772146793203448,0.036662501943959175,0.06460022490358881,0.06649645657379154,0.07773679438916621,0.013969807895181404,0.005180354912083835,0.12234373924841821,0.013240078072277419,0.014283023968590375,0.030529181190683808,0.029221802156243284,0.008889011113325998,0.011975492361821098,0.03208970425403955,0.010654779953736383,0.018463217091105353,0.030450194039294134,0.03173250591340044,0.08194205758629894,0.008660292350034167,0.1234102463509095,0.024000828547097536,0.1689859870523687,0.02119589126045063,0.02756701292837146,0.004727814460809765,0.01089104596374399,0.2057174701118913,0.050199370389420794,0.008300769502122463,0.05852071747915571,0.03591709731543858,0.011007357879669073,0.011081958959076365,0.004487749404756799
Chile,0.014634376553400852,0.22694916568269086,0.0080179700644801,0.04224322826840207,0.049320688275037265,0.04911858134634408,0.007091474569285547,0.08083492478445575,0.02806529289415946,0.009728156394683983,0.1181749374230987,0.0976874045720522,0.009009662112630651,1.0,0.02296740157613704,0.007648531208439475,0.015366564089447176,0.015390393672109834,0.013656818099212743,0.01716621690913823,0.005777846336556565,0.005770601123708227,0.011470845521750369,0.06882400312386903,0.008365714255563456,0.009796769491437332,0.014785203451564477,0.008142085757406006,0.06701629411226914,0.037845384008808255,0.01275817911293895,0.02028760613349355,0.05750598164313148,0.03755952110350496,0.004855721067955546,0.007933279559436708,0.04480768023270793,0.01301584448032087,0.009945857056870738,0.08100260896871775,0.2314918847952638,0.03751462550023061,0.027121392519563126,0.02562846006860058,0.033120205600069,0.0048825492180092555,0.04443550721678572,0.05634609073439415,0.058451232954462605,0.06928428956165952,0.008016817109866362,0.00639906924114158,0.11390031110753679,0.01159336128287353,0.006259178642152322,0.021834479729534166,0.020790876437591633,0.0073425920866953915,0.00397818396840067,0.023348294470761997,0.014612419800384635,0.01173897759838437,0.023135540753591206,0.024864720381927604,0.07392948429790556,0.014659529142927728,0.115236863560106,0.017026080323604788,0.1620168244783199,0.014086759686184345,0.021360756613353862,0.009949116876300823,0.00516269920029107,0.19728308806187547,0.04177255922581388,0.00657415084191533,0.0499557768264892,0.030702733078114764,0.007527237207568339,0.01945730271497163,0.007925055711232538
China,0.010270673360525423,0.20482181202444025,0.030260713530545096,0.022360005715840417,0.027806663326889403,0.03012445922670276,0.021395669058063383,0.05880461101176935,0.007593027700375032,0.02206252010123606,0.09750879109072458,0.07490638028347738,0.031724659679978486,0.02296740157613704,1.0,0.015515817427862781,0.03649956234447836,0.01954482514501646,0.013798745144298508,0.01129421328695025,0.018868533629415707,0.02376247001465705,0.012408225058753773,0.04763658037646924,0.016772732602683266,0.023504065499215403,0.019177322000391555,0.02920195361188938,0.04490254714365686,0.015252981819783533,0.010240716903479444,0.012168602585149072,0.0352771508569974,0.015527940286841886,0.024625121506401015,0.026599110322425148,0.06681819845677235,0.03355744919299417,0.032462488949032045,0.059789355640500856,0.20972430562775438,0.01620381113940384,0.0314402682386602,0.019839044434579574,0.031486161646985006,0.024031420695159424,0.06687755175771191,0.034987232090533275,0.0391545993935675,0.04763740090219967,0.021283253189210594,0.028608223456357728,0.09147005157447065,0.02737555665930032,0.01884186096364252,0.007468298197657193,0.004287567860790245,0.026908899967562364,0.02050818785848041,0.0034648271948513935,0.034605257964648646,0.017000271168852606,0.012210602552643848,0.013741855842603335,0.05266223641337061,0.03631084582811704,0.09354508304122325,0.014223966879941931,0.14197988723463179,0.014812442964290743,0.022961725359833856,0.03227011902584397,0.023677896886153318,0.17464566186672864,0.019455045046928084,0.027115403688617222,0.027645171977790726,0.02326515301282221,0.023969458136550582,0.042188278286796874,0.0306300280520604
Colombia,0.007836079948493998,0.22005327293449897,0.015170904018232277,0.03593689061634693,0.04255006220056421,0.04223943231148862,0.008422787651806056,0.07394278359892072,0.021253791715400074,0.010458749133511162,0.11187107520470423,0.09037521561121069,0.016470257743599406,0.007648531208439475,0.015515817427862781,1.0,0.02134648700679322,0.013025174184618939,0.008971186677456347,0.011370079836304616,0.0038942008315222816,0.008837542647834148,0.003952973186000634,0.06218264617453583,0.004584192300476546,0.012208577769236496,0.011173026068418013,0.014603291994328221,0.06004802812919707,0.030607088415228318,0.00546388570312321,0.01476923690482717,0.05048986651689944,0.030523867929812827,0.009999350123587835,0.012492543573038422,0.05151902635144576,0.018621743500078117,0.016964608691108992,0.07374878686362488,0.22477486685134443,0.030692123645220223,0.02572277147680086,0.021499547373035686,0.03010504259778796,0.008821976755025019,0.0514862994105539,0.049677773438788826,0.052476202483567276,0.06251458827551164,0.009727207955500703,0.013498241441040908,0.1068208772333516,0.014340392608965073,0.004701945559856594,0.015435435520110433,0.013529039464036177,0.011895863404416677,0.005114263349608484,0.016278329926664416,0.019875082187783593,0.008333042312509902,0.01741598911112394,0.019469464372335037,0.06703862481641212,0.021018062130200486,0.10853034551461149,0.011749127825565012,0.15526925408045247,0.010098911191016122,0.019614635819252175,0.01690634370205131,0.009221930570160491,0.19009214916835268,0.03459941236976258,0.0118342377147,0.04288000431279445,0.026380528528093992,0.011285513660877846,0.0270455372491416,0.015178043148167331
Costa Rica,0.027615303896778992,0.2411030862189049,0.012165127260432953,0.0571101729129459,0.06387932943425835,0.05950196630068813,0.018962879895764093,0.09520859689129609,0.042567543739016264,0.019630064535481433,0.13313417867497185,0.11100315276194847,0.010219898454589975,0.015366564089447176,0.03649956234447836,0.02134648700679322,1.0,0.02673296160096948,0.02698194953372843,0.030062706498860017,0.018011309961393645,0.012816439324645598,0.024110771745888028,0.08294654333686331,0.021145574868411267,0.021787502456418157,0.021335292881615068,0.013230981130016512,0.08110269418215692,0.05169321025224555,0.026710634591924083,0.033266418225459615,0.07163474700252538,0.051630315163183414,0.015124931865190174,0.014305324479969338,0.030376514249650165,0.006263561936036713,0.006391232956850487,0.09175327040931419,0.24586925504413723,0.05194850601454956,0.027879781311134208,0.03649384613830071,0.036588594991853296,0.012564097386679032,0.03167268000285278,0.07096177875385412,0.07354144589424953,0.08383692930131476,0.02191905355310466,0.012082271151729674,0.12779935839924295,0.014506585001233021,0.01870980810202243,0.03644682697187088,0.03414656480429883,0.00964658462976148,0.016287246447083667,0.03759005887061119,0.004039190884042415,0.023236319098482942,0.03611097429726499,0.03773961640240298,0.08668991407510143,0.002323793455946764,0.12973545040906762,0.02785118978774451,0.17191471518987533,0.027572731932943555,0.033630749710729164,0.007599785854996693,0.01595180666550851,0.21090471928680532,0.05538445397568281,0.009665170668492748,0.06409200232959247,0.04020890882295189,0.019643753728765912,0.013893096469424163,0.009160456930997549
Croatia,0.015280817597676525,0.21949712839403285,0.019308015716950937,0.03702932973428408,0.04275096674229998,0.04701064690377719,0.01458789728070745,0.07353006393253052,0.023701375097588937,0.017718654334847216,0.11030747885506748,0.09086400086163496,0.022027322675739664,0.015390393672109834,0.01954482514501646,0.013025174184618939,0.02673296160096948,1.0,0.01591319840757456,0.017854806573195495,0.013438045092290818,0.017458964421005363,0.013752456751862693,0.06331517317748896,0.013060165991040791,0.0170352812941713,0.01967314979073948,0.0198906922225797,0.060953708420684524,0.03193838205310259,0.013940918426551038,0.016071836811646853,0.05108247430047414,0.032669811074463546,0.01562869586221072,0.01699068828931442,0.05467712118662992,0.023579900566944936,0.02254582539141565,0.07567128405120165,0.2243932704084708,0.03190398885914109,0.03317527724167844,0.024737350771286193,0.036631353167820326,0.017211312923674244,0.053282236963337795,0.04984722292798554,0.051936355109573756,0.06181669134694712,0.015945428481575596,0.01965371513081319,0.10691351553463174,0.020932533053712385,0.014133327926142827,0.017552105296980706,0.018937796960508842,0.019483352120978542,0.014704708624973022,0.01930479330088047,0.02641321718353557,0.014208870622841884,0.0201124148278281,0.025191414481231328,0.06947019154366237,0.026117751860055743,0.10825082010733499,0.017361829224470247,0.15818089951235167,0.0154536704741482,0.016018190157214594,0.022387025658579154,0.013616191640797783,0.18962242404224064,0.03696344929870032,0.018568511183870793,0.043209110534444393,0.03046476972643613,0.016872471382522264,0.030461390924561325,0.02070305840329197
Czech Republic,0.008306417365081786,0.21533280105701397,0.0208074155650735,0.031746860941504966,0.038788565501113315,0.03831532653504684,0.011065545021941984,0.06980281491753314,0.018125209757372612,0.013713002578046796,0.10778556147696941,0.08620734727289106,0.021273319795109522,0.013656818099212743,0.013798745144298508,0.008971186677456347,0.02698194953372843,0.01591319840757456,1.0,0.0077949038849070675,0.012054655541026214,0.01505862893174421,0.009006111357462656,0.05790277541517415,0.009269552125374388,0.011877796933986415,0.014672603931672266,0.017522088872717032,0.055681396854603715,0.027396019845698567,0.0073798564243924445,0.011515605088333353,0.046368101389084045,0.02660962844598902,0.015287534348738635,0.01536129196161448,0.0566077632860059,0.024524291721243825,0.022451346060160655,0.07011190328045376,0.21988609399448578,0.026984042856666914,0.027138161594686253,0.02173539817955279,0.03105529503706879,0.015229071274807536,0.05687770662631525,0.04545819574431999,0.0485583794142414,0.058731964733177024,0.010914349889590336,0.0186582051570127,0.10240392184691809,0.019168011023807174,0.011170641344771233,0.014558676789654399,0.011303228371079067,0.01788932380838825,0.012194310835698394,0.014375150772237862,0.024982040481248215,0.009284788640947984,0.013736752575134657,0.01465676690336251,0.06194377306989328,0.02653621092811861,0.10385047459228665,0.010116217272112673,0.1504058245155599,0.006538347181361627,0.02318186335990772,0.021885097851874345,0.014192765244903732,0.18572341950530646,0.030487891558410547,0.018357789649954277,0.03928439212776674,0.024290904594918918,0.013505758464292202,0.03117398339298924,0.02082559060784143
Denmark,0.005716728736189311,0.21203149832004548,0.024594224669556745,0.029938862383553602,0.03604050885626109,0.03527163749878486,0.016283632803406962,0.06666402678435752,0.016045762278447024,0.014053870101419109,0.10532920848055313,0.08275368395200165,0.024651644656711085,0.01716621690913823,0.01129421328695025,0.011370079836304616,0.030062706498860017,0.017854806573195495,0.0077949038849070675,1.0,0.014710860468805759,0.017850357150744327,0.009798272207254348,0.05405668808545268,0.010442320859750028,0.01750967143358326,0.013937022967423074,0.02180743852183976,0.052925416528405066,0.02398794199141109,0.008232069367550181,0.009116489408430739,0.04308938708513339,0.023763106692583816,0.019209391723183575,0.020073517090177063,0.05996600832790455,0.02814657216764327,0.02592732705191718,0.06604220677402502,0.21698588286592493,0.024698569734788397,0.026015072485684514,0.019020618508449553,0.02834875721067424,0.018261075199946488,0.06040174982082582,0.042415007468378056,0.04686236885112903,0.055897659343352904,0.015519642671205059,0.022363610656169635,0.09927770406251168,0.021895275249018267,0.013755078640781333,0.014222750887853868,0.007963017800403488,0.020773942940502884,0.015030950545535295,0.012479202068989245,0.02785105330037035,0.009153578884168262,0.007963473984122178,0.010858980076647304,0.05929025712960648,0.02950218863079741,0.10085702389070861,0.007516564999175095,0.14622701296047474,0.00806423893157998,0.024398209385664806,0.02546948086200614,0.018410452599757758,0.1821768957054214,0.02718576322572732,0.021515333022903572,0.036031192525295075,0.01940576196815128,0.016458324321321504,0.03506672198440708,0.024677175308054033
Ecuador,0.011259204294927095,0.22358044109810768,0.012433033418101076,0.039513550398400765,0.04603220644659777,0.045071912866400124,0.00778016820236777,0.07741048687976787,0.024817624820923003,0.010889190216654692,0.11524694073624243,0.09372604035093866,0.014148878561493515,0.005777846336556565,0.018868533629415707,0.0038942008315222816,0.018011309961393645,0.013438045092290818,0.012054655541026214,0.014710860468805759,1.0,0.006106981354908079,0.006768340890164561,0.06582759880534637,0.006090809884823067,0.012600821068244044,0.011300161896132742,0.012902016265632064,0.06354265491371867,0.03402563850002267,0.009182630358809157,0.01804254648307064,0.0540140162801276,0.03409582113444844,0.008246023600766521,0.01069261170850102,0.048102188914839236,0.015264831430650045,0.013955081477877536,0.0767927822237778,0.22832909434036883,0.03416409943614595,0.025849227778266474,0.024003762309254727,0.031021071124167975,0.005819569661605069,0.04804550888527352,0.05326475968282345,0.05587682374256018,0.06590365969676619,0.010573517405009255,0.01108597648512726,0.1102639652362209,0.01246391347631089,0.003557226027603617,0.0185591574161657,0.017112730885192794,0.008853754879217276,0.002762037716299678,0.01971314181032621,0.016882726276609666,0.010138962776338323,0.02059617739071151,0.023033136251231767,0.07052688911352839,0.01782811555001021,0.11210231608393122,0.014253923553157204,0.1584635197373329,0.013118876635015016,0.020084984585854962,0.014067212642119013,0.007066443397164704,0.1934830511786651,0.03814541838737952,0.00839549080644821,0.04630176680894978,0.029036471079651297,0.011493974128616127,0.024586014973196936,0.012215376850040968
"Egypt, Arab Rep.",0.014960631611413717,0.22830998020806176,0.010835491248158554,0.044556820083240724,0.051173304696303594,0.0480129906002212,0.009577356897406747,0.0824373764436219,0.029884020734000455,0.01028476308671931,0.12063572519431545,0.09830927768303267,0.01048900082497929,0.005770601123708227,0.02376247001465705,0.008837542647834148,0.012816439324645598,0.017458964421005363,0.01505862893174421,0.017850357150744327,0.006106981354908079,1.0,0.011441499688477613,0.07028384100275499,0.009149396134341526,0.013841491295165221,0.010847345738918606,0.009984002927636397,0.06833940043919325,0.03892768914386307,0.01401282395640766,0.021288603242389226,0.05882980718900231,0.0388325554574186,0.0074014884943149435,0.008583570357538083,0.043168978693629255,0.011013963127476926,0.009516936186449658,0.07997253117305941,0.23310816719210475,0.039279679719515806,0.022782608069856967,0.026072814749418846,0.029759588298405595,0.0013633513734437525,0.0439121222450616,0.05822113910818533,0.061229510696918794,0.07116497845046187,0.012701419131776524,0.008811238217744224,0.11502873802946534,0.009539183027518036,0.007316523121449799,0.024228896787673447,0.02134854059128656,0.0031795313545060376,0.004107672453120703,0.024934564017687913,0.01105656845806499,0.011857237083915688,0.024244023578759166,0.025789952516085783,0.07428309822734651,0.012665132508670008,0.11695537110397244,0.016120066766120458,0.16077613528360055,0.015965855814898067,0.02538308585804528,0.009825114950441595,0.007866121789046911,0.19817405020058573,0.04259188012157194,0.004275916131519389,0.051336137627555345,0.030023026320543125,0.011715713499178552,0.020883505264437097,0.008978598356274046
El Salvador,0.00553268545793771,0.21717243402188954,0.0188858636241383,0.03384481973358701,0.03999194748059372,0.038909984652462426,0.01139355175795959,0.07117265928007739,0.01889398180145689,0.012472893705682279,0.10956130626726004,0.08714659411092977,0.020110388308127697,0.011470845521750369,0.012408225058753773,0.003952973186000634,0.024110771745888028,0.013752456751862693,0.009006111357462656,0.009798272207254348,0.006768340890164561,0.011441499688477613,1.0,0.059521687687871,0.006282922414522511,0.015330241894258806,0.009912731953683897,0.018143712409046678,0.05721497872753108,0.0276074192136406,0.0037478473286692133,0.013242102435802042,0.0476305287034855,0.027739444992691056,0.013453066086672174,0.015536706475238192,0.05443544449784522,0.02142153786423115,0.020317062361104785,0.0701683685236816,0.22204900789326976,0.02819051109374042,0.02493207442685377,0.020320944895620564,0.028445414685756246,0.011715593288055135,0.054703371935862326,0.04715321448859508,0.05055590496525765,0.05989250136711396,0.01301188654700598,0.017157005146706927,0.10382958962243859,0.01636339300921866,0.007456892827296263,0.013749672437723732,0.010535385750838724,0.014557833187800814,0.008361069794296124,0.013764205463016006,0.02235394252612568,0.008754356312216128,0.01559996005046402,0.01782012704913737,0.06403640410429615,0.023960228610076233,0.10586274994179741,0.0099640029373963,0.15191387563054362,0.01041575986554083,0.020623567273405464,0.02027746874222391,0.012581422007346849,0.1869600168511198,0.031578794257043595,0.014777703050619123,0.040012024420082774,0.024661852971111294,0.01467754439688545,0.0307681043360088,0.01873910968901195
