Country Name,Albania,Angola,Australia,Azerbaijan,Bangladesh,Belarus,Belgium,Bolivia,Brazil,Bulgaria,Cambodia,Cameroon,Canada,Chile,China,Colombia,Costa Rica,Croatia,Czech Republic,Denmark,Ecuador,"Egypt, Arab Rep.",El Salvador,Estonia,Finland,France,Georgia,Germany,Ghana,Guatemala,Honduras,Hungary,India,Indonesia,Israel,Italy,Jamaica,Japan,Jordan,Kazakhstan,Kenya,"Korea, Rep.",Kyrgyz Republic,Latvia,Lithuania,Malaysia,Mexico,Mongolia,Morocco,Nepal,Netherlands,New Zealand,Nigeria,North Macedonia,Norway,Oman,Pakistan,Panama,Paraguay,Peru,Philippines,Poland,Portugal,Romania,Russian Federation,Saudi Arabia,Senegal,Slovak Republic,South Africa,Spain,Sri Lanka,Sweden,Switzerland,Tanzania,Thailand,Tunisia,Turkey,Ukraine,United Kingdom,United States,Uruguay
Albania,1.0,0.011568708509783593,0.0016227482341655698,0.002254623919059586,0.002424996406324852,0.006081464858918328,0.0035073810274163343,0.004011150928245276,0.0012923347384266187,0.0030535852093369624,0.00703230443768993,0.004900094472734471,0.001600899603469581,0.0010341422753322631,0.0009999093092368445,0.0007768359548855646,0.0016798976558933798,0.005788236485851332,0.003035279913227767,0.001954712542128295,0.0009993798710908257,0.0010609987369582042,0.0007894467579198739,0.005153341205986024,0.0017597736959640738,0.0039850200298667815,0.0010736851907853775,0.003120566809619587,0.0034248492396770744,0.0016035034484797722,0.0007155443476407811,0.003684291310452083,0.0025388428225160994,0.0016142560462967964,0.0024848102110344257,0.004137314343100399,0.003308399632627919,0.0025631499551159163,0.001447524972277862,0.006169013900333805,0.012236382109874058,0.002151290737354992,0.003959337587103295,0.0055603284550478594,0.00595226462524206,0.0011051242620191035,0.003216991318502056,0.0025939959316778334,0.0035115316518554325,0.0037374831930198763,0.0025241038018791835,0.0019614098948010582,0.005788441072630221,0.0042037152160202115,0.0014908979871989048,0.0015397970404163587,0.0005642094498710218,0.0012187813079860027,0.0008620859931462399,0.00113285117867921,0.0017718768521260953,0.0024442688318123064,0.003912690317192303,0.003832254996337018,0.006090585922306078,0.0015275749765029723,0.005752108657388066,0.003068364990422643,0.011930378364356013,0.0033221780906125178,0.0033159019664816317,0.002096693033647198,0.0028805221511904976,0.0101613323133397,0.0017580082421148181,0.001241196450902251,0.002335160242036456,0.004324213079087023,0.002352456819736094,0.0025980774988200775,0.0014935254216924836
Angola,0.011568708509783593,1.0,0.012557746658012257,0.009977952334178837,0.009521001709449908,0.01198766345451398,0.01255137977116822,0.007847716949505533,0.010689472123159877,0.012515716513712723,0.00664103548009901,0.007307505229936323,0.012718943225863305,0.012223627539952847,0.011033747226133046,0.01184894054225782,0.01304156264738089,0.012957902669859293,0.012055827245901549,0.011726106964752092,0.012027535109578127,0.012341605519750793,0.01170327135624037,0.009632311289175863,0.012032048394701192,0.012674702905957843,0.01209444951504984,0.012881246953738637,0.008720882888628139,0.010201372637292266,0.011558455701518484,0.011880712127959546,0.009114427814852909,0.010225145720544403,0.012444375867353,0.013006477478975724,0.014704519017810076,0.013010907565383683,0.012778099831821705,0.010329008571974805,0.002914460658813782,0.010301684659517163,0.012982787005100268,0.012634360663274224,0.01335008753734732,0.01234973117156639,0.014556876084588869,0.009164230792923217,0.009204222948593866,0.00851216989925772,0.012206578824155347,0.012603224979058681,0.006273097450269677,0.012948147507185488,0.012108087656946702,0.011041323024966515,0.011191693463812508,0.01251998030797199,0.012140245204742753,0.010951936008651086,0.012995633294963775,0.012178737743869,0.011910129704575459,0.011849452105994668,0.010093990891547671,0.013015515251964904,0.006034017223269931,0.012082461975023771,0.012222053682130685,0.0120923786722355,0.01179162912086524,0.012855915913321227,0.0124923308683149,0.002920641306415088,0.010082814314396291,0.01249282880692107,0.009525919275740983,0.012211213175230481,0.012353973060759147,0.013295331509662908,0.01264322668706363
Australia,0.0016227482341655698,0.012557746658012257,1.0,0.0027868006476679803,0.0031381770368081093,0.00669946895058148,0.0033868107592793443,0.004852478118275606,0.001999727688853515,0.0034416097715315175,0.007464209084727752,0.005943662437109979,0.0010703062104386479,0.0008948484787422682,0.0018788584073505458,0.0011614218731831316,0.0014125369168103573,0.005870834167864929,0.0032586635269668787,0.002637203914687357,0.0011117870029144262,0.001267042566148115,0.0014130806480459042,0.006031512426031165,0.002123609939272688,0.0039088062182207435,0.0020605339439934436,0.002919015875516711,0.004223757078646869,0.0025977527238529073,0.0013631416015427262,0.004123213564004533,0.003539428456390794,0.0025480162890138083,0.002602135119392052,0.004081387586816528,0.0026009483785890282,0.002493065286105517,0.0010450611482330924,0.007412212728242652,0.013065062777502905,0.0028008690379656017,0.004673254383520966,0.006221715607217756,0.006786990427513101,0.0011849970309291773,0.0021340055965814787,0.003465459459895367,0.0038087461752654237,0.004377109448601096,0.0023382685165517455,0.0016356469528003023,0.006697930572267057,0.004208387885120014,0.0016639414367337184,0.001770361536243949,0.0018193039100371372,0.0012946637249096617,0.0010942398229526595,0.0018052371218421274,0.0017874212207599912,0.0029730226315451054,0.004293771744453434,0.004252984288636475,0.0068606796176768165,0.0012841180321737397,0.006610528098867902,0.0037047742361934035,0.013210583896995478,0.0035766133959347322,0.002988880700966451,0.0018732503591754265,0.002740075031946024,0.011219634300705024,0.0028628139111596717,0.0010579903768759722,0.003225163181587895,0.005253505061330214,0.002324302524053283,0.00198743047312789,0.00088856331794035
Azerbaijan,0.002254623919059586,0.009977952334178837,0.0027868006476679803,1.0,0.0011746005126606102,0.0061228887243049545,0.003915778476152573,0.0025656256544459148,0.0010823910604560209,0.004042706332871238,0.005243258483875425,0.003700072444920583,0.003011494266353752,0.0024258061590826637,0.0016634659655370048,0.002172327159294851,0.003349976398413926,0.0062542103722920414,0.0034658959040418215,0.002956869846265163,0.002378299873167423,0.0027020931823862272,0.002186486996680743,0.004608427640660764,0.002959356908203018,0.00422930048919773,0.00300041805383626,0.003928656051509619,0.0017255844133154015,0.0014915739642721187,0.0019141379255255997,0.004390107683449524,0.0014179736359213285,0.0009772007334535,0.0032891062860796825,0.004732552195734297,0.004904804166027268,0.0037020995358970905,0.002980060526311599,0.0063406582207936255,0.01035159214505969,0.0014318329365872286,0.00520414250163069,0.006132618527848692,0.006844994078037426,0.002653186980547327,0.004710203478602699,0.001316053014274112,0.001511945227138001,0.002311530689827592,0.0029584544954580428,0.0029593439354787697,0.004165769971246843,0.0048259264282172615,0.002588271875136101,0.0014981520619567425,0.0018458874481163585,0.002866941845871572,0.0024455930682471204,0.0014647091639153579,0.0034137606239193407,0.0036175287029870675,0.004531887131741308,0.004212826145342577,0.005359889207185849,0.003335795305387215,0.003970493790818961,0.004030398171051237,0.011983433318879333,0.0038832658556706,0.0034899572272180704,0.0033120827886403328,0.003576609118200288,0.008833837347454524,0.001317317139570767,0.0027791840715067325,0.0015435602338926403,0.005329476302232967,0.003236612371489846,0.003703402225625933,0.002771133777126434
Bangladesh,0.002424996406324852,0.009521001709449908,0.0031381770368081093,0.0011746005126606102,1.0,0.006498433352661544,0.004322479547949549,0.0017476693284036184,0.0013414331015926542,0.004320156598797198,0.004682780755133818,0.0032264838157119832,0.0035214696240622933,0.0028750850309785716,0.0017620281154269461,0.0024932774278199118,0.003775300944346195,0.005899592665757939,0.003943400696875417,0.003294754649068716,0.0026291809819630188,0.0030969308886090664,0.0023936494575583804,0.004637017382049706,0.0031171711086360548,0.004753165132066207,0.0032011543355078215,0.004375961458261177,0.0018116557723879254,0.0010049858082254565,0.0022378816785268004,0.004223679482008927,0.0007726156091634808,0.0012598597735285725,0.0036022954082313157,0.005025937396910763,0.005416839524851327,0.004051317328782709,0.003467810993044394,0.006120848743736756,0.010185769373032403,0.0015763134542496875,0.005457080458123528,0.006097530102289562,0.006948990423804802,0.0030740648663918862,0.005064814816070248,0.0007121038094884144,0.0014505985744880062,0.001378777952119491,0.003531221255941015,0.003525887999616879,0.0037856173901570796,0.004980547254714598,0.0029975455963466564,0.0015500423533694222,0.0020714185459877054,0.0032822132673137674,0.0028190456032210058,0.0015329250063451714,0.003912278767359097,0.00375555365327704,0.004525635032925511,0.00461000148055724,0.0057016279278930436,0.0037275480785339573,0.0036519939586279367,0.004122833302182429,0.012125301018779226,0.004119798312407351,0.003046328842630937,0.0038098027357040694,0.003800675231431887,0.008187741926077656,0.0015584865864130483,0.0031381318220152932,0.000551108146920681,0.005328996426326852,0.003653276824897442,0.004255288519222768,0.003283866074038198
Belarus,0.006081464858918328,0.01198766345451398,0.00669946895058148,0.0061228887243049545,0.006498433352661544,1.0,0.007332631990141379,0.0070162079888027185,0.006078548716869635,0.007014922634049967,0.009396707625459823,0.006507453995054811,0.006526403422752561,0.0062955492691135154,0.005958086667055916,0.0061399001585834235,0.0063076504333482745,0.009686851363645003,0.006622599519185645,0.006437227225627917,0.006235431658993026,0.006092888404697686,0.006070078104520756,0.008514722788465734,0.006468998756428302,0.0073999695048265245,0.005837256919551091,0.007008217153237563,0.005966222219488503,0.006160514097848774,0.006057611596006858,0.008047013780224313,0.006202806358653669,0.005829652375790674,0.0070359476721815846,0.0077955648339627865,0.00707617523005082,0.005704635050952258,0.006364513965061518,0.007302967224863647,0.012173857982317146,0.006206795877326511,0.006340506419846384,0.008460571417688797,0.008349376428469862,0.006097138556073551,0.007636777440981027,0.006482915605071153,0.006982706827532509,0.007138144459406036,0.006822021440174079,0.0062586217974693655,0.007175547838210583,0.007893933480605256,0.006075729492755485,0.006394168671997219,0.005899174533091061,0.006111040608621785,0.006133547262422492,0.0061551008268963875,0.006084714574591221,0.007453477473731701,0.008319305339752964,0.007203696522791236,0.006285697758575241,0.006430102327389574,0.007599288923411167,0.007365624449188048,0.01064915500953959,0.007795347890009611,0.007986777290666235,0.006687130452177932,0.007355193388925352,0.01068936433993007,0.0056177211201682365,0.0062642598810813375,0.006386811381977669,0.008629698770734263,0.007395864421988648,0.0068153168900168416,0.006384452612870804
Belgium,0.0035073810274163343,0.01255137977116822,0.0033868107592793443,0.003915778476152573,0.004322479547949549,0.007332631990141379,1.0,0.005588415497900992,0.0035841951012964553,0.004512208006662188,0.007986214680371294,0.006287177385805813,0.0036468922658612,0.0032854416269669276,0.003525461103174039,0.0033126053430256796,0.0034564270489591555,0.0053954693677277284,0.0021878783275184298,0.003323092594583776,0.003347913176117944,0.0033324028125854173,0.0033988635315137608,0.006957901162168605,0.003693508679797636,0.001810759802708436,0.0036404349816722983,0.002467569684332435,0.004819570689618968,0.003964272936437441,0.003344886604988915,0.004333275424756712,0.004503590061049007,0.0037740779498971213,0.003263253830304904,0.0027228761307699655,0.0041945503718866664,0.003912204770609945,0.0033441716496200972,0.007318987263142867,0.012911033297625652,0.0036696555496184553,0.005549068700203261,0.006956455854886348,0.006873535964069578,0.003301846026490443,0.004188218911352348,0.00452338293052988,0.004774107395779091,0.0052845086151427,0.001901008785740831,0.0034699609622126505,0.006951839006054939,0.00515896983817435,0.0030810404319982186,0.003590256335349035,0.0034971788874942284,0.0033511302551547145,0.0032962912587144034,0.0035511051131677006,0.003512729453963719,0.00297474065714613,0.004347129032504193,0.004370090985336715,0.006350376097345623,0.0034830241374808075,0.006962067790007554,0.003263251169775195,0.012927285869937867,0.0033828093098775334,0.004755915693780698,0.002491523515324868,0.0022451208777986486,0.01127809110860551,0.003905545843482929,0.003334202414679584,0.004380135494658463,0.005515048410121297,0.002558491517889114,0.00305667761004299,0.003292654448647329
Bolivia,0.004011150928245276,0.007847716949505533,0.004852478118275606,0.0025656256544459148,0.0017476693284036184,0.0070162079888027185,0.005588415497900992,1.0,0.0030354524097483486,0.005595029745805211,0.0033656711630279685,0.0023053793656863455,0.005199926036769235,0.004589947056579226,0.0033859393697117744,0.004191610958876088,0.005463687504157729,0.006621322502412685,0.005184381435888628,0.0046044852027340155,0.004327472714073009,0.0047717909796699065,0.004056627381058958,0.004735265854541234,0.004586834270088353,0.005964853082133894,0.004704944578580336,0.005774484228119791,0.0020409069225205225,0.002505023536594379,0.003926189417460699,0.0051811424065863355,0.0015693916046541257,0.002750087307274418,0.005102428395639645,0.0062328249656210324,0.007129148870815527,0.005577420554698689,0.005178792774728112,0.006125260803085503,0.00869670884431293,0.002834285982614544,0.006608724627347482,0.006823724676553973,0.0077835117468598265,0.004758901342668095,0.006779670377351096,0.0015731895711966694,0.0019693093555709362,0.0008303943845906956,0.004991114890684586,0.005148491793752746,0.0025025659793147708,0.0062117042812671955,0.004577234888819604,0.003256202462004437,0.003661368916989388,0.0049572411877964444,0.0045079327675703485,0.00322941339942915,0.005557638778555956,0.00502074765065485,0.005408870500559184,0.005599483478085534,0.005919469606708899,0.00541820463462947,0.0022392841823776926,0.005256301622918114,0.011873427230528113,0.0052843718112438225,0.004174752206909456,0.00541829175456898,0.005195338354855963,0.006511584714871827,0.0028151079394172374,0.004840786374775906,0.0017536155962194907,0.006179409558682275,0.005117850001060611,0.005886171290889521,0.005010781996493281
Brazil,0.0012923347384266187,0.010689472123159877,0.001999727688853515,0.0010823910604560209,0.0013414331015926542,0.006078548716869635,0.0035841951012964553,0.0030354524097483486,1.0,0.003527113586737932,0.005943237428509783,0.004059991023218003,0.002288366449666512,0.001584861360190288,0.0006354374684467693,0.0012038761349841642,0.002467638801043385,0.0058633379945351415,0.0031788731443526995,0.0024344883089465366,0.0013908024793749228,0.0017907808610189357,0.001158146351002009,0.0048046372761336945,0.002239154990952391,0.004039158923724377,0.0020487536714883926,0.003496277993371631,0.0023533340019940667,0.0008721071880824296,0.0009340820382550697,0.003956501694451709,0.0016227425754237598,0.0006508321731394967,0.0027159523110304364,0.004346061232748374,0.004108155165045812,0.0030189722084012017,0.0021604084979636147,0.006189059557571295,0.011231275953512315,0.0013912847066510396,0.004625836692263694,0.005809877336137887,0.006387219511813875,0.001756643231805135,0.0039016348772441933,0.0016755326390911192,0.0023059721345638265,0.0026931153197653395,0.0026164905028829085,0.002335478369238248,0.004790889049825552,0.004339209450183386,0.001833075789139756,0.0007251833411681415,0.0008918387464543906,0.001969709080005323,0.0015175692849444477,0.00041499644143317863,0.002592518866150249,0.003027476352469269,0.004166949148605173,0.004021858564461137,0.005659380247868102,0.0024408097091419747,0.0047618089893923885,0.003500983879091548,0.012068982278847618,0.0035313147074232743,0.003018438250937864,0.0026371132575741885,0.003047130709356197,0.009344637293485279,0.0010920508691244191,0.0018531920148237087,0.0014383132448109051,0.004886455545150483,0.002746846412072174,0.003139454672882539,0.0019872614351363845
Bulgaria,0.0030535852093369624,0.012515716513712723,0.0034416097715315175,0.004042706332871238,0.004320156598797198,0.007014922634049967,0.004512208006662188,0.005595029745805211,0.003527113586737932,1.0,0.008259781064467309,0.006308431719210097,0.0030886461332399456,0.003073659149105644,0.00343528835882943,0.003158927258352428,0.003217019721642917,0.006476552944048764,0.004499811876095119,0.003520452720665349,0.0032429633355825966,0.003108662397697944,0.0032281003061811306,0.004835197833425385,0.0029330579186195712,0.004420896609767588,0.00315228056046817,0.004605206044298656,0.004953051859652557,0.003824843234941824,0.0031842806344329904,0.004216910540610604,0.004386581648694552,0.0037052450031005335,0.0030973008402759663,0.00468058376186439,0.00402028809651844,0.004064162088252616,0.003098811856425772,0.00686844666250916,0.013077702885284108,0.003997228895019678,0.004348799473513573,0.005532694767545233,0.006462798340592089,0.0031140146009626603,0.004103188101126323,0.004360502445458221,0.005029571357732717,0.0053879212616598435,0.0035331051418762845,0.0025349250303004227,0.007081212516791802,0.004618357779376306,0.003111963629586388,0.0036854432879507067,0.0031788673449352363,0.0031089999422956784,0.003096408314844232,0.003492749861032796,0.003211905663015829,0.004256991747519315,0.004268161795886635,0.002877606986308151,0.006310350947662284,0.0031162953681278115,0.006955153983503794,0.003589010962457217,0.012243490794066583,0.003455781974604598,0.004844183455527196,0.0029326353062211785,0.003964131008826904,0.011279923023230297,0.0037509996740608784,0.0031927878415201386,0.004315589175862035,0.004981810052777286,0.003465236380163023,0.003465148113701059,0.0031867030114108175
Cambodia,0.00703230443768993,0.00664103548009901,0.007464209084727752,0.005243258483875425,0.004682780755133818,0.009396707625459823,0.007986214680371294,0.0033656711630279685,0.005943237428509783,0.008259781064467309,1.0,0.004730020037761045,0.007945882357578475,0.007382271771416895,0.006391131858151572,0.007078943051810243,0.008353951373669294,0.00828073242134662,0.007779063376669127,0.007448918988220601,0.007182675667613008,0.007712194518837628,0.007016236377407444,0.006655081393036025,0.007372247628017819,0.00822884152033831,0.00785457108284479,0.008300102035782254,0.00482871092545299,0.005607543002995062,0.006849854868350829,0.007619214215959363,0.004811349397191204,0.005812275234746706,0.007717537370039781,0.00861823809680601,0.00989685882446371,0.008262410487277756,0.007980747987428958,0.00860528849420331,0.007357203979605142,0.005557593222633613,0.009683075093003604,0.008978330174455193,0.010485224725383486,0.00765916519204653,0.009262063292355913,0.004554622116809108,0.0038558393037214722,0.003425890527474495,0.007500002008228352,0.00782243729602303,0.003936883522052813,0.008739843769437278,0.007362618100203398,0.005949381178852611,0.0067290959529319044,0.0078868388064731,0.007390937423119619,0.006134115440596395,0.008528161392727841,0.007732669536654998,0.0077875397271987,0.008175108768564414,0.008080153713464076,0.008294061932132038,0.0030927341463225996,0.008008159816122575,0.014212754376618465,0.007795539947280506,0.00590810546684968,0.008148323209117939,0.007679635342359997,0.005970594514649565,0.005981324824215305,0.007696366368397801,0.004859545995460539,0.008863242674445049,0.007710394614929887,0.00843314586080099,0.00774209435962194
Cameroon,0.004900094472734471,0.007307505229936323,0.005943662437109979,0.003700072444920583,0.0032264838157119832,0.006507453995054811,0.006287177385805813,0.0023053793656863455,0.004059991023218003,0.006308431719210097,0.004730020037761045,1.0,0.006142468042302855,0.005537876249868172,0.00419657913575178,0.005062516919553744,0.006133212900184788,0.007816054956631908,0.005823753642683316,0.005364898206597418,0.005183059285206611,0.005475724617798176,0.004831143630201532,0.004987008931226826,0.00553347186549315,0.006686937374651475,0.005157180426644054,0.006655868098788033,0.002153651348025966,0.003528923289897792,0.004789671753473746,0.006227813659746283,0.0026681933727402537,0.0035218094738499674,0.005965283304423473,0.0068993746562950155,0.0077757814944554885,0.006321569144074062,0.006025172646303925,0.00548138903156218,0.00804130084328202,0.003927966031004271,0.006622754974948907,0.00747377041676904,0.007652030903818531,0.0054909403246936215,0.00782365706317981,0.003169430507072787,0.0036786916625246853,0.0028586633342130457,0.005895460056038145,0.005961719830868627,0.0013714039892478306,0.006638531298508636,0.005347362040725418,0.004426940980366136,0.004433857938869723,0.005638163862961818,0.0053445724673554995,0.004244404134314354,0.006087965205709866,0.00597930827787226,0.006257717630346135,0.0060288368963873525,0.005203900418212283,0.006205872616459611,0.00263508458612375,0.005900542692387261,0.010294539908369937,0.006100889099299036,0.005894764056659439,0.006202103292828096,0.006101762237607291,0.005615037569110936,0.00330193496411913,0.005620759159757027,0.0030667844748762775,0.006751057822939299,0.0061222637402800605,0.006903660060664812,0.005901913343964685
Canada,0.001600899603469581,0.012718943225863305,0.0010703062104386479,0.003011494266353752,0.0035214696240622933,0.006526403422752561,0.0036468922658612,0.005199926036769235,0.002288366449666512,0.0030886461332399456,0.007945882357578475,0.006142468042302855,1.0,0.0009483716473108778,0.002173444673859714,0.0013909536720596563,0.0012156062077815007,0.006341483399089272,0.003371240349177775,0.0025061647821405,0.0014843980100756242,0.001190292613537841,0.0016635782806947927,0.005779281883559236,0.0022971741577376497,0.004051665677485853,0.0018639278795938045,0.0030306079021547552,0.004394235877410941,0.00292788909515946,0.0015600089742609736,0.004349724958533241,0.003772496003883817,0.002706098283235991,0.0025817593665912646,0.004247390292508839,0.002308188455362703,0.0024991096657658992,0.0008088606408706639,0.007269166319974475,0.013181316279753857,0.0031438391077219957,0.0040796201433022615,0.006022148914146409,0.006324775689355952,0.0011579347823420223,0.0022762622888744875,0.003708152547743671,0.0042253415401411285,0.004844299270839306,0.0024846460744632278,0.0013568057041296465,0.00691661890951489,0.004202369476115257,0.0017707609213265766,0.0023360405863937102,0.0018580621183188636,0.0011548329238362314,0.0011854730744001246,0.00219348534762356,0.0013584178662821792,0.003051783673366592,0.004429555107124381,0.003887512806901112,0.006738243250423629,0.0010041583882959076,0.006782708131006017,0.0037592230433023638,0.012660366886881193,0.003656429749175162,0.003783664509622734,0.0018086001537373946,0.0031346163535894123,0.011468843560827575,0.0029072747038062573,0.0012136082152846375,0.003601163628520799,0.0047654418030046684,0.002188398129723755,0.0017411274876502016,0.0009248459387033895
Chile,0.0010341422753322631,0.012223627539952847,0.0008948484787422682,0.0024258061590826637,0.0028750850309785716,0.0062955492691135154,0.0032854416269669276,0.004589947056579226,0.001584861360190288,0.003073659149105644,0.007382271771416895,0.005537876249868172,0.0009483716473108778,1.0,0.0014163788143455999,0.0005571097159642644,0.001071701106855996,0.005911598347365303,0.002975873130381963,0.002214427019921086,0.0006871077229169901,0.0006442027184927811,0.0008965894452046967,0.005543778782381633,0.001864603732033142,0.0037152355466468323,0.0014827960908483783,0.002872321781223547,0.0038105132534450433,0.0022379185852561254,0.0007690330080126116,0.003982638983578943,0.0031598816223362184,0.0020629165099857977,0.002209487828388766,0.003973850073782793,0.0025931036378030723,0.00223770031722355,0.00060576415013324,0.006820778927672336,0.012717945623742321,0.0024584822797379707,0.00418036286435969,0.005773190944820886,0.006180625236720674,0.0005547565843841413,0.0024429595627831163,0.0031438940268761453,0.0036555340771604176,0.004202379863360833,0.002178659107418465,0.001371906477269559,0.006333889246471321,0.004044897027671289,0.001249056043767442,0.001577204865358695,0.0012113729869013335,0.0007262038927278392,0.00040165553691836735,0.0014348947776342499,0.0013200873625338107,0.002683080912403645,0.004180214580655326,0.0039529208176462514,0.006326107479442139,0.0009528974125264373,0.0062790228764463985,0.0033254562982684218,0.012581188092639202,0.0033649619208594517,0.003276567745514645,0.0016069197059717828,0.0026757995003595784,0.010890330522405841,0.0023160506793210456,0.0006137816607144426,0.0029318896364513188,0.004741014905877224,0.0021494679023873076,0.001961456837360945,0.0004997207151452834
China,0.0009999093092368445,0.011033747226133046,0.0018788584073505458,0.0016634659655370048,0.0017620281154269461,0.005958086667055916,0.003525461103174039,0.0033859393697117744,0.0006354374684467693,0.00343528835882943,0.006391131858151572,0.00419657913575178,0.002173444673859714,0.0014163788143455999,1.0,0.0008959498602655031,0.0021029316842663863,0.00582356953895308,0.0031505536138408292,0.0023348757686137735,0.0010157271403899515,0.0014295144064493828,0.0006937608635867747,0.005002332197287805,0.0020657335891809494,0.004075127520216478,0.0015419273284673213,0.003440276870633192,0.0026788139583107133,0.0009479996898526198,0.0006621304684577866,0.003933384302324158,0.0019413931554104126,0.0009546710352460975,0.0026349312543320013,0.004268500834423701,0.0037783999139698633,0.002762530961805691,0.0019232969076330912,0.006055297424068379,0.011636868854572808,0.001625109398203981,0.004361538636699828,0.0057848184547474885,0.006201628591609899,0.0014146997789386325,0.0036480603179255677,0.0021290214334488086,0.0028599556332711325,0.003051727835779894,0.00266821821332397,0.0022201425109714904,0.005070956766962929,0.00422298489787419,0.0015842309923649188,0.0008682983260517986,0.0006024618432453326,0.0016062275767410666,0.001198885611942616,0.00039852232709491176,0.0022363804693547357,0.002889849543522442,0.004130563113531622,0.004041289328717576,0.005764991432325944,0.002114082136503775,0.005192202353711636,0.0033581931482801566,0.012000281688855335,0.003528201350490249,0.0030720453580538945,0.002458533147808153,0.002949488878919399,0.00955681723932463,0.0012164814386332052,0.0014973907062785573,0.0016797221981596727,0.0048207710080223,0.002767159777407825,0.003103641346845765,0.0017975747540495126
Colombia,0.0007768359548855646,0.01184894054225782,0.0011614218731831316,0.002172327159294851,0.0024932774278199118,0.0061399001585834235,0.0033126053430256796,0.004191610958876088,0.0012038761349841642,0.003158927258352428,0.007078943051810243,0.005062516919553744,0.0013909536720596563,0.0005571097159642644,0.0008959498602655031,1.0,0.001292337078669046,0.0058148571776593105,0.0029896790869096378,0.0021965031684041507,0.00032623614151024253,0.0006546354497765714,0.00035685057007662667,0.0053750329577634945,0.00181208279754178,0.003824300483625186,0.001254236015485003,0.003034442919033365,0.003428108582197365,0.0017679878235351033,0.0002979604894732739,0.003904771170023056,0.0027480750618693157,0.0016625249948013432,0.0022683070113898355,0.004022591921648563,0.002941515639676962,0.002301399355496756,0.0010398313522036824,0.006494052158525821,0.01239471300009501,0.0021392804397584184,0.004153732365087434,0.005748847950818178,0.006126778381274097,0.0006065343603424945,0.002814918543844856,0.002816169317769755,0.0034112432634729305,0.0038130304491411082,0.002322708091789718,0.001622214761501091,0.005908473827118757,0.004018410882809089,0.0012048238801371004,0.0012156927065603692,0.0007999407685413536,0.0008232182158302037,0.0003450766460297557,0.000983059664944426,0.0015097688303763084,0.002687017207423142,0.004126465692941979,0.003968735152215407,0.006109151088939066,0.0012633273109238718,0.005947611127513648,0.003260960430261869,0.01236247032737213,0.0033786185949646738,0.003139599191270727,0.001838798273460747,0.002684704944724067,0.010434104006905425,0.0019120107363501109,0.0006701740930971854,0.0024925988952291867,0.00473692885541673,0.00234895060726055,0.0023804787871840646,0.0009292222728787179
Costa Rica,0.0016798976558933798,0.01304156264738089,0.0014125369168103573,0.003349976398413926,0.003775300944346195,0.0063076504333482745,0.0034564270489591555,0.005463687504157729,0.002467638801043385,0.003217019721642917,0.008353951373669294,0.006133212900184788,0.0012156062077815007,0.001071701106855996,0.0021029316842663863,0.001292337078669046,1.0,0.006225841963169775,0.0032253329293998236,0.002596049044297892,0.00121568819324336,0.0007103288581655772,0.001431544980178547,0.006100260250766436,0.0022400004050406788,0.003927528634561885,0.0013544071112142231,0.003024280568219758,0.0045240639715972255,0.003007731174722631,0.0015460652420044847,0.004354431131869735,0.003981141394340773,0.0028364954810959566,0.0024281839383712765,0.004038435754655734,0.0016943566354649532,0.0021392179502890806,0.0005960548785009734,0.006990751059329122,0.013526972517101981,0.0032672296181631014,0.0038716208492528344,0.005981799564162918,0.005995590301688987,0.0007179103297353837,0.002019399526940561,0.004080539554231001,0.004633127369775949,0.005094574550317288,0.0025853405703468203,0.0015674651763270392,0.007044254505833154,0.003977691274120886,0.0015902016607545885,0.0024374591222658653,0.0018839475531035783,0.0005236158875716218,0.0009955631999138041,0.0022625855460191467,0.0005295589400494486,0.0029910480158434616,0.004519129415815928,0.004188679105779383,0.006589266848716436,0.000414077733204128,0.0071573084533028165,0.003495568247645766,0.012574093214155955,0.003665405471955715,0.003970823369404245,0.0015948853656245785,0.0029062111314703846,0.011598353176892498,0.0029790018819075494,0.0006775133903819725,0.003757863029694173,0.004912925670803926,0.002542271135681869,0.0020651878876401498,0.0008158313117427345
Croatia,0.005788236485851332,0.012957902669859293,0.005870834167864929,0.0062542103722920414,0.005899592665757939,0.009686851363645003,0.0053954693677277284,0.006621322502412685,0.0058633379945351415,0.006476552944048764,0.00828073242134662,0.007816054956631908,0.006341483399089272,0.005911598347365303,0.00582356953895308,0.0058148571776593105,0.006225841963169775,1.0,0.005258280164687805,0.006195490260078952,0.005775603743885742,0.006016627855205824,0.005819596748974321,0.009036168303963163,0.005537659818179486,0.005504476693120931,0.006176666868477701,0.005659843044535355,0.007052145017761845,0.005745625701619083,0.005833289796072047,0.0034969303397810424,0.006207607967389476,0.006122596984811934,0.0048615756854523354,0.0046449005217955855,0.00698188880538797,0.005860599495824788,0.006108804303885388,0.008236100379743858,0.013950685671678934,0.005978120452386519,0.007452388023095946,0.007315495803507145,0.009088051776053594,0.0060488095170287345,0.006339231036742808,0.006131402538526385,0.006438208115443647,0.006251216263659001,0.005937533229411583,0.006331538027501981,0.008352417768596307,0.006395543179787531,0.00603296311532639,0.005653617125833972,0.005910278807131208,0.006110513163746314,0.005911471006339517,0.0057172251369041254,0.0064638700133232375,0.005171136541385153,0.006393621552451056,0.007459049519056631,0.00866325458854639,0.0060976615558868226,0.008223318768411824,0.0050278113803631196,0.015019011952698728,0.005427859840338669,0.005394303166029184,0.00591401907834097,0.00459813682922542,0.011554519217441444,0.006342982642430424,0.0059450910991900386,0.005867491636532777,0.007300266318705782,0.005932709931082097,0.00604627800885655,0.006059681102559676
Czech Republic,0.003035279913227767,0.012055827245901549,0.0032586635269668787,0.0034658959040418215,0.003943400696875417,0.006622599519185645,0.0021878783275184298,0.005184381435888628,0.0031788731443526995,0.004499811876095119,0.007779063376669127,0.005823753642683316,0.003371240349177775,0.002975873130381963,0.0031505536138408292,0.0029896790869096378,0.0032253329293998236,0.005258280164687805,1.0,0.0025462765837362066,0.003106400819356229,0.0029962067664368154,0.003075983544763653,0.006784010457834119,0.003286009015531271,0.0021939791222932276,0.0031948714798698714,0.0021395754377199075,0.004342538970285484,0.0035542610970068556,0.0029707253328119317,0.0035949783854050846,0.004005976924113323,0.0032707731186857533,0.0030845111132800636,0.0026103592507455455,0.004155579881875801,0.0037451469080829356,0.003076240926348605,0.007118001542992872,0.012434322430385171,0.0034962335292204245,0.0052447260831861115,0.006780169956248465,0.00673444590948341,0.0029940758426203642,0.0042976514989322605,0.004042201092026846,0.004492072125477742,0.0049899616274537645,0.0023777630898456407,0.0033325150883717646,0.006501149996414787,0.004919101855535175,0.0028738940294258516,0.0033666512287276163,0.003009728360110006,0.00303938907626293,0.002975255898752561,0.003211539217485656,0.0031742824713770143,0.0023215859231826013,0.004108460496655721,0.004707788366312338,0.0060958866225054465,0.0032189320539734636,0.006459343846730937,0.0024694469732669355,0.012116561966907828,0.0029741581971117724,0.004859682188190942,0.002727078865869617,0.002048882396607277,0.010845974891197017,0.0033330516383119476,0.003102443603015904,0.003990317903529644,0.005424411671310598,0.0026379958008641755,0.0032641423190149527,0.0030690212731028206
Denmark,0.001954712542128295,0.011726106964752092,0.002637203914687357,0.002956869846265163,0.003294754649068716,0.006437227225627917,0.003323092594583776,0.0046044852027340155,0.0024344883089465366,0.003520452720665349,0.007448918988220601,0.005364898206597418,0.0025061647821405,0.002214427019921086,0.0023348757686137735,0.0021965031684041507,0.002596049044297892,0.006195490260078952,0.0025462765837362066,1.0,0.0023629270097862,0.0022625050152123853,0.0022647085055057187,0.005388619701958875,0.0021799715576892166,0.00358534849272931,0.0022243480423940346,0.0026614852088945934,0.003948169958627179,0.0027231042219975476,0.0021644698730912066,0.004017877995702993,0.0032924352354028823,0.0025638297330217385,0.003232714808475933,0.004290807660419407,0.003810578875720808,0.0038401941725153812,0.002396263270235754,0.006975862487169963,0.01230444467619515,0.0027088803295899173,0.004545545829576363,0.006336697086038244,0.006239595626598797,0.002264480722346144,0.0038639750972639156,0.003292164815340355,0.004104404519485105,0.004439499100397516,0.002213132045981018,0.0027612550960244894,0.006173416405291479,0.004434241835944307,0.0020172223503005455,0.0027095184659802008,0.002058862894808059,0.0023148963331839217,0.0021661941565720697,0.002433311346172552,0.0025568883258617224,0.0021822387396128826,0.0028080305258786054,0.0036988758885360116,0.006136193215458781,0.0024845186924142624,0.006050030798514989,0.0027893348843765313,0.011762430565423008,0.0031026718812333432,0.004196502756493969,0.0023521956774288136,0.002945801526179329,0.010441108578527793,0.0025884496603272088,0.0024208037745226435,0.003239172136741455,0.004489361429394631,0.001970578414769431,0.003153395333919368,0.0024657206447025255
Ecuador,0.0009993798710908257,0.012027535109578127,0.0011117870029144262,0.002378299873167423,0.0026291809819630188,0.006235431658993026,0.003347913176117944,0.004327472714073009,0.0013908024793749228,0.0032429633355825966,0.007182675667613008,0.005183059285206611,0.0014843980100756242,0.0006871077229169901,0.0010157271403899515,0.00032623614151024253,0.00121568819324336,0.005775603743885742,0.003106400819356229,0.0023629270097862,1.0,0.0006893906295757595,0.0004079615069378269,0.005539098739150003,0.0018741590823464886,0.003904873321742339,0.0013085466312051392,0.0031107043722322456,0.0035934858488997617,0.0018896304522264236,0.0005674176063218218,0.00397733319440006,0.0029202039843729904,0.0018676971757049337,0.0022874135669054565,0.004044543537047505,0.002831699407988285,0.0022530650285131487,0.0010555481051365886,0.006599773788586694,0.012587553204714042,0.002285955306729302,0.004238299421007467,0.005814176699356147,0.006183557625728695,0.0006229037709098509,0.002651040922102941,0.003007208073554932,0.0035464660015710075,0.003908539635569501,0.0024361017391521956,0.001665724323745395,0.006051582159660953,0.003993970600028269,0.0012288398440832146,0.001251132750876155,0.0010465379122871483,0.0008204177610671309,0.00044586817612042644,0.0011033296462814022,0.0015184891766769975,0.002782353832814091,0.0042122169702537016,0.004124450773721738,0.006271922148944709,0.0012295841009113536,0.006140997278303814,0.0033431852619409375,0.012568797552483111,0.0034770882381720764,0.003028310677048756,0.0018689590484181964,0.0026743491853243448,0.010560043961445763,0.0021248470710864774,0.0005475853170012483,0.0026084190389280538,0.004876931581414798,0.0024733313463956687,0.002443342221833106,0.0009230976926953482
"Egypt, Arab Rep.",0.0010609987369582042,0.012341605519750793,0.001267042566148115,0.0027020931823862272,0.0030969308886090664,0.006092888404697686,0.0033324028125854173,0.0047717909796699065,0.0017907808610189357,0.003108662397697944,0.007712194518837628,0.005475724617798176,0.001190292613537841,0.0006442027184927811,0.0014295144064493828,0.0006546354497765714,0.0007103288581655772,0.006016627855205824,0.0029962067664368154,0.0022625050152123853,0.0006893906295757595,1.0,0.0007872583733670823,0.005649418894384721,0.001924721067172181,0.003827583705112305,0.0009840041812517405,0.002957140327146463,0.003866995255623054,0.002325406295042873,0.000867212408311961,0.0040445358108416665,0.0032791169735850857,0.0021417288050432056,0.002275829183216628,0.003979739400776666,0.0023943347329533093,0.0021566398901791592,0.000661775820815215,0.006576921360413069,0.012856616950223176,0.002644707728197985,0.0038271963938399096,0.005807787325530477,0.0059501466920141265,0.00018956473655152545,0.002540236705091572,0.003392093812308706,0.004015615521987113,0.0044306905507815195,0.002385297240055622,0.0015264857336412994,0.006369828267484985,0.003925082769712472,0.001306737809726448,0.0018523660772457552,0.0011868373636361805,0.00020519967371520145,0.0004153418890563329,0.0016031301494562446,0.0008658909321431484,0.002748494912155729,0.004258485247063764,0.003953474226670695,0.00617434779852329,0.0007587258623120564,0.006464920504395569,0.0032644535393933204,0.012242705754957435,0.00343200569207785,0.003659904899791888,0.001637833885808476,0.002757393199468834,0.01091398106555345,0.002294599363177234,0.000383811003917109,0.0030769479016919594,0.00470341687408953,0.0023749871070512553,0.00220044217880748,0.0007395766197836349
