Country Name,Albania,Angola,Australia,Austria,Azerbaijan,Bangladesh,Belarus,Belgium,Bolivia,Brazil,Bulgaria,Burkina Faso,Cambodia,Cameroon,Canada,Chad,Chile,China,Colombia,Costa Rica,Croatia,Czech Republic,Denmark,Dominican Republic,Ecuador,"Egypt, Arab Rep.",El Salvador,Estonia,Finland,France,Germany,Ghana,Greece,Guatemala,Honduras,Hungary,India,Indonesia,"Iran, Islamic Rep.",Ireland,Israel,Italy,Jamaica,Japan,Jordan,Kazakhstan,Kenya,"Korea, Rep.",Kuwait,Kyrgyz Republic,Latvia,Lithuania,Madagascar,Mali,Mexico,Moldova,Mongolia,Morocco,Nepal,Netherlands,New Zealand,Nicaragua,Nigeria,North Macedonia,Norway,Oman,Pakistan,Panama,Paraguay,Peru,Philippines,Poland,Portugal,Romania,Russian Federation,Rwanda,Saudi Arabia,Senegal,Singapore,Slovak Republic,South Africa,Spain,Sri Lanka,Sweden,Switzerland,Tanzania,Thailand,Tunisia,Uganda,Ukraine,United Kingdom,United States,Uruguay
Albania,1.0,0.010941004056103433,0.0021173832695522287,0.0030007517249180738,0.0021439469922392568,0.0024213334947359375,0.005846843075289089,0.003352020619921817,0.0038615064328594117,0.0012983614849272002,0.002962837536515139,0.007200154846758214,0.006669165664554593,0.004857639477020446,0.0018214365951395096,0.004261674432272813,0.0009901061424698447,0.0010478503568273016,0.0007912597422927492,0.001619345569533945,0.005531977656124654,0.00293916992065468,0.0020814159800428543,0.0009035059880651848,0.0010385953879594706,0.0010447259204322899,0.0009092638383458683,0.004889979387945933,0.001710984585591279,0.0038509025983784586,0.0031497625684192856,0.003384465298164802,0.002921243090328599,0.0015695738182885173,0.0007539224416660314,0.004106152250891716,0.002485121552265718,0.0015938903952790599,0.0014587484314398788,0.002437634926420474,0.0024026073438645807,0.004040643189238826,0.0031383184796502602,0.002481091436496781,0.0013754474725429986,0.005904266295128051,0.011533089192093659,0.0025448972417139747,0.0016179169091831804,0.00379551417692091,0.005404668739877924,0.005829284774213623,0.003971202274545814,0.007907468744616787,0.003055986578353846,0.0014102623062939123,0.002485914242504105,0.0033602670870668287,0.003644431719996417,0.0025055387968758273,0.0025258919801461077,0.0009719001887808683,0.005687215783041423,0.0014311934905652801,0.001959874438916137,0.0015353912930383886,0.0006187036132549762,0.001187577079811035,0.0008193519906058686,0.0011686189609323267,0.0016867777600461254,0.003334059354172458,0.00550249929061051,0.003995649869283035,0.006222637069314437,0.015428303502837309,0.001456779232570572,0.005491551282902767,0.0015075817811567138,0.002922194607018204,0.011257028406134092,0.003157703297849245,0.0031560031036995295,0.0021675454557529956,0.002772506134522596,0.009655701652453887,0.0017155429853524674,0.001231580527334989,0.012706075378212937,0.004127106501299825,0.0022875144403068223,0.002468320280148375,0.0014234292834910598
Angola,0.010941004056103433,1.0,0.011820361415051004,0.012027757218299883,0.00946277852129747,0.008932171842961665,0.011321288842965333,0.011901759700324917,0.007365186733919268,0.010062164905331511,0.011858289897490036,0.004007557725305929,0.006259853175417341,0.006829877052747189,0.012007736014046755,0.007516409684902335,0.011537762515825797,0.010385493769728742,0.011167935726784059,0.01229067207165883,0.01222132413348474,0.011366216021720929,0.011177789588532733,0.010815325197874655,0.011322239851312494,0.011632257985894784,0.0110083213052817,0.009105341532036343,0.011371081894981169,0.012065752118389478,0.012148646256857572,0.008166380605969166,0.011807343034511142,0.009617780051020477,0.010890400753970077,0.011294320290624915,0.00856194675843157,0.00962406854047378,0.009510258707692622,0.01074067067202508,0.011774039046518211,0.01234720331982594,0.013888903226589118,0.012259423888106906,0.012063758309032514,0.009780105961252523,0.0027567380706637586,0.009814783628506876,0.012323317074463195,0.012302476216432216,0.011972278358221112,0.012715142132130933,0.007700450542515375,0.005124722834475181,0.013769961186015228,0.01030401449579894,0.0086354597782005,0.008662770848460451,0.007976624289494161,0.011478093315977045,0.011965243106567809,0.010701943787445625,0.00585812929686427,0.012296524667637795,0.011644701694216652,0.010388994546773212,0.010547893936725752,0.011801059411157626,0.011468512404081869,0.010306189359940396,0.012262354103946504,0.011508474650210362,0.011863801213242818,0.011179829512018328,0.009989282307581861,0.005963983190230567,0.012280424148290281,0.005657741674310429,0.010597537684149425,0.011409328473142718,0.011500417744867653,0.011454123696717824,0.011162316298281762,0.012150041047370552,0.011856893825409017,0.0027483381659170543,0.009494941176539403,0.011766413667887153,0.0031052260421744406,0.011505218382024437,0.011717838497048615,0.012564410576887355,0.011930937305649526
Australia,0.0021173832695522287,0.011820361415051004,1.0,0.0035503206220827135,0.003095874414821145,0.0031210033097356336,0.006361828651777498,0.0037046432688046184,0.004690972048770235,0.0022152269530175263,0.0034765887607053777,0.007936714863249678,0.007118719259579234,0.005710860248872699,0.0012019006065659545,0.0054100773725425716,0.0015723381719871302,0.0021022154870586588,0.001657035415375449,0.0018151093959307533,0.005789749543896241,0.0032121883315490317,0.0034284972660116398,0.0018455613904304433,0.001562988171773652,0.001729026472709551,0.001737138019580043,0.005892835282303668,0.0023246177101452895,0.004078646602503275,0.0028130540006833724,0.0041097340407903,0.0028538360716098615,0.00282731474701877,0.00177111900260555,0.003999763506131828,0.0035041416062701423,0.002672593005133302,0.002809534384712747,0.0028606449163682095,0.002740621425369621,0.004043574532734987,0.002843033270615674,0.0025548271909700956,0.0016756689265019053,0.007024923026292612,0.012301310248211858,0.0036824040762624168,0.0021537082654772034,0.0048357741952910985,0.00631535093539964,0.0069702102298590885,0.004611059442337459,0.008302179881765627,0.00253625979953789,0.0032845443748395053,0.003469993833928883,0.00376937041846959,0.004245864757925574,0.0023456275585013856,0.0017553681243619806,0.0017812542080043788,0.00640933765281833,0.0018447080535537786,0.003221088605046383,0.002024239666251833,0.00211293809587139,0.001748314252379561,0.0017485593174272718,0.002054125078524679,0.0021565667229637058,0.002980366854761145,0.005040933434241512,0.004038897183097104,0.0074719518106692116,0.016042947408907104,0.0017818947493876355,0.006305491422442333,0.0020279751050540575,0.003821632457890834,0.012472376883727137,0.0036899946113653384,0.003279363658972963,0.0026778226069711485,0.002993638718581806,0.010591365533995284,0.0029567778033306436,0.0015543971684289415,0.01343193956543257,0.005154260436260344,0.002608838451992439,0.002445672663989345,0.0015669998913952637
Austria,0.0030007517249180738,0.012027757218299883,0.0035503206220827135,1.0,0.0034695310616776436,0.004095015606662623,0.007032263843380784,0.002184382234951824,0.005338067318482366,0.0032599696236715837,0.004122203627147787,0.008406652196796325,0.007562277992839371,0.006360874921593247,0.003523474511070218,0.005915284126044972,0.0027670179691794425,0.003244470782128892,0.002892351785057123,0.003021935256257704,0.004658166105805863,0.002086482056084251,0.002695436102303337,0.0029959567761946985,0.002979949320739721,0.0028998216443275656,0.003093605897213302,0.006648755711592875,0.0030505224298659726,0.0023389898917761617,0.00274896648077063,0.004787024949629035,0.00330511983746902,0.0036020505457233093,0.0029521032457843523,0.004184832195609731,0.004275010734819072,0.0035056960625697224,0.0036472651309541223,0.0034367044518054,0.002835136178019071,0.0028099601524915045,0.00365402835792741,0.003721450983353343,0.0028097207243259056,0.007455143087832741,0.01234835982890449,0.003601458167797203,0.0029761475636599223,0.005173391548821084,0.006433639180118462,0.006922852791665968,0.0055090124432217455,0.008875120948417836,0.0035264849733046256,0.0035861646138764715,0.004185312632695229,0.004450007827898923,0.0050688057294219725,0.002593880662247861,0.0039048541694718312,0.0031438998300107692,0.006971144644919103,0.0029361518269050146,0.002789540028935131,0.003258206603008202,0.0031304081608591215,0.0029313158305327713,0.0028050556499809158,0.003229303894014182,0.003062353249044887,0.003941235952448688,0.006117651265854581,0.005041285668833961,0.00629780274581122,0.016049248485531617,0.002958716710793758,0.006701441031513214,0.0036197061416513797,0.0025282836985726304,0.01238728567028404,0.0026023268276317156,0.004189587896831022,0.002468343297163473,0.001708596762378446,0.010913669420368139,0.0036681233133013936,0.002924214113351131,0.013684947481819212,0.005438968341639565,0.0026822958188079658,0.002937362203876868,0.002773520248709979
Azerbaijan,0.0021439469922392568,0.00946277852129747,0.003095874414821145,0.0034695310616776436,1.0,0.0014044515898923443,0.005922038566352316,0.003718716172284139,0.0025594176760384488,0.001151118249670827,0.003916911376286085,0.005693118599720165,0.004998553408626277,0.003819993970572891,0.0030934331687348417,0.003672147862980404,0.002314506496557972,0.001668128174079292,0.0020936070433145394,0.0031977473074485513,0.005960231007296166,0.003374252305349063,0.0028999399244105974,0.0017923837847531707,0.002309675086150379,0.0025873532677222377,0.0021552286592708457,0.0043736300959282826,0.002861514256626569,0.004090471670029836,0.0039306495018744765,0.0019419106842714416,0.003795016253223787,0.0014663323545059115,0.0018620868783608279,0.004777332785514602,0.0015263237809498501,0.0010717673287225361,0.0014227564894692762,0.0023339075299084228,0.00318523107387683,0.004631660806077265,0.00465389905958237,0.003568890338469306,0.0028339423528611044,0.006102950352511383,0.009766477787944866,0.0019142724195059084,0.003240393135233231,0.004945419859805023,0.005902015414409754,0.006610240491493511,0.0029914706779703305,0.006256916622149775,0.004471824211615839,0.0024254519699437767,0.0013462757429172996,0.0015461876391529644,0.0023905053077821863,0.0029369892389225095,0.0033889451942856735,0.0018732036184466907,0.004262118067243188,0.0031790908088950042,0.002722595634314852,0.0015253096430933918,0.0017969540762178592,0.002741281094400571,0.0023251001453265716,0.0014915850154558433,0.003245287578720157,0.004271011617653227,0.0060522836676806455,0.004394715340796812,0.005510492532097168,0.013660521765602712,0.0031742835561484875,0.0038546442389530045,0.001728318599244456,0.0038254642234137725,0.011316562125517848,0.003698243866221334,0.003309797524151101,0.0032113249152352476,0.0034448254328403476,0.008430704689933597,0.0013457038085771687,0.002671100113404499,0.011161988825446723,0.005074484262660799,0.0031381122596397222,0.003507810247528027,0.0026391346728661265
Bangladesh,0.0024213334947359375,0.008932171842961665,0.0031210033097356336,0.004095015606662623,0.0014044515898923443,1.0,0.006204777150787118,0.004231002601479324,0.0016455018363128687,0.0013130996900282922,0.004214127059379567,0.005085057966560676,0.004413972707723513,0.003126292537077052,0.0034542930881717913,0.0033391605989332098,0.0027921977089213814,0.0016981658760659767,0.0024064137408860435,0.0036029875859666647,0.005627582566226187,0.003776404144032305,0.003446709626940891,0.002102080057247048,0.0025097647583555475,0.0029695240296996298,0.002277549787170757,0.004426242029350546,0.0030434536818518183,0.0047031141566248385,0.004230332023336406,0.001726916153876284,0.0037950810409304895,0.00107824482274746,0.00216195942818387,0.004391466413098185,0.0007414554495327274,0.0012350058468973807,0.0012176449308827647,0.002494347658221092,0.0035199828951807746,0.004922534609018795,0.005183682256213718,0.0038629820728820308,0.003348517777708095,0.005842830596559646,0.009543511979163819,0.002175716499263403,0.003807060298855149,0.005280051257699707,0.005919031363250363,0.006803627705590976,0.0017809727312824986,0.005529941571547997,0.004882700492551544,0.002776686797266626,0.0007692086736083139,0.0014018441743334662,0.0013067147958791413,0.0033570402289319692,0.00368891180197754,0.0018505312138688786,0.0036585130109420276,0.0036103147033778008,0.003463415586864025,0.001494817721224198,0.0020131243991693315,0.0031438459388678313,0.0027590972179898053,0.0014820842465983728,0.003753047294335915,0.003975900814057838,0.005796781643281848,0.00453084803121828,0.006061184132192489,0.013277634317806002,0.003578863410296046,0.0034380213759277784,0.0020398655878342224,0.003962347167145109,0.011410036247227829,0.0040045299466449505,0.003011924034921862,0.0037518821733042826,0.003763970557089516,0.007701993490750152,0.0015183064906200256,0.0029952956724135704,0.010518902978373783,0.005066073331856597,0.0036186117833878636,0.004107028772760099,0.0031675873828469724
Belarus,0.005846843075289089,0.011321288842965333,0.006361828651777498,0.007032263843380784,0.005922038566352316,0.006204777150787118,1.0,0.007088953998167097,0.006692240406041366,0.00581389734626873,0.006677925774822943,0.008250218671957866,0.008921815328049282,0.006283805662712694,0.006179200208720407,0.005776888871950908,0.00602765087936045,0.005696409253320003,0.005875958880952584,0.006029873885621325,0.009274825110117357,0.006285882559569585,0.006401282690202732,0.00572978550764937,0.0059598173809732626,0.005831664041348335,0.005803307569221441,0.008140735459285658,0.006162457757223819,0.007116911617136447,0.006636272381164922,0.005724875339279314,0.007532472502892008,0.005931754345147165,0.005796872918514215,0.007705317723575283,0.005928826154442526,0.005583138010007309,0.005732594288084527,0.006758626256891491,0.006698081377333793,0.007415778814761793,0.006769189857253296,0.0054274930412410265,0.006094692669300383,0.006904303294665653,0.011483230777515363,0.006320851107451689,0.005983672104544141,0.006200864704316016,0.008261343389855713,0.008260847250236035,0.0068308654632389205,0.009397105339571958,0.007310301961824005,0.005656587807956049,0.006190433209600424,0.006661206992442888,0.006812344802225388,0.00647771362887123,0.0059736756933112594,0.006020531629620485,0.0069100007218046424,0.006182680832258856,0.006222918563113257,0.00611044363380385,0.005649645216664959,0.005848191911214921,0.0058883827984338825,0.0058857267006176325,0.005832027506910736,0.007208416648290652,0.008479282634945157,0.006853915680548299,0.006832206402915529,0.016017264950508127,0.0061503007770723865,0.007231835839069107,0.006024537869313799,0.007067117062642287,0.010060142515415656,0.007448685191905758,0.007667825144524815,0.006557359728223438,0.0070346901869991355,0.01013904997993468,0.005388630083341357,0.005987794568981377,0.013375429959780355,0.008238553752781676,0.0070601623703465365,0.006552220173750909,0.00611089048426938
Belgium,0.003352020619921817,0.011901759700324917,0.0037046432688046184,0.002184382234951824,0.003718716172284139,0.004231002601479324,0.007088953998167097,1.0,0.005385007395529982,0.003479058557253756,0.004389704679019673,0.00828366480985273,0.007601220521936544,0.006187496423229556,0.0037352606579857985,0.0058360807754595815,0.0031610515818907784,0.003430559088467981,0.003203734976298923,0.0033402580575940897,0.005165419612684576,0.002298517032819099,0.003202250775080858,0.003245901668947914,0.003260801263234234,0.003221369810402128,0.003326184856371385,0.006606615944414876,0.003587322261586758,0.0019291613554518635,0.0027653774381164583,0.004729303529111952,0.0038161039236519925,0.003800941803780825,0.003240149669294413,0.0048399877954163175,0.0043661327405034745,0.0036560800437002903,0.003827537958216577,0.003904674243618335,0.0032059868472470022,0.002889495589829448,0.004005720602322369,0.003815818260559891,0.0032119725980831455,0.007051670069828028,0.012196816217792098,0.003708504226096886,0.0033663553616737406,0.005268818110956733,0.006668140163631872,0.00661628446187585,0.005507464351669808,0.008764521367404772,0.003995933253576926,0.0038749182709497954,0.004346465948424781,0.0045923170581265126,0.005136044507712001,0.0021141080704473753,0.0039050648536216757,0.0034097774712766194,0.006817198645369528,0.0033492845074487125,0.003079371386238357,0.003492574258514365,0.0033785164211562733,0.0032382002632554033,0.003158813835182383,0.0034537959488307956,0.0033726377381337437,0.003954882351080771,0.0060608969689680495,0.004626108607678922,0.00632123768045825,0.016060123646796955,0.003349584788258894,0.006671965170869405,0.003607816096132256,0.003120613706447663,0.012224137555582692,0.003248176881528654,0.004517519538744207,0.0024552235571856556,0.0022460893321999725,0.01074018288341733,0.003770075831960985,0.0032372829202687533,0.013572335543776678,0.005273114897874495,0.002552682763718822,0.0029144459925376383,0.003167999290248712
Bolivia,0.0038615064328594117,0.007365186733919268,0.004690972048770235,0.005338067318482366,0.0025594176760384488,0.0016455018363128687,0.006692240406041366,0.005385007395529982,1.0,0.0028803613105678884,0.0053881104831962285,0.0036313637024671676,0.003176217503251325,0.0023011764824790873,0.0050020836674441165,0.0030423275583094404,0.004377371546797893,0.003209540065789151,0.003983198204496273,0.005180981471959885,0.006295471347031332,0.004934850457459302,0.004577901685667238,0.003661656104599544,0.004097232961910327,0.004529882608336954,0.003835132338733047,0.00451282703666383,0.0043975791361742485,0.00580125615501176,0.005530580551104384,0.0019421064437865731,0.005076963822881663,0.0024088361626776744,0.0037292482630961418,0.005239349446989109,0.0014833798068414502,0.0026113526704965285,0.0024700556718285785,0.0037234283181492335,0.004901626440861298,0.006032026644215609,0.006781307103623599,0.0052918572677153886,0.004934989321902664,0.005854836805071971,0.008145636659871091,0.003081874589514007,0.005338720737218504,0.006337263000882507,0.006575543015767699,0.00755360686880531,0.000984886064042189,0.004145818553016311,0.0064739637375690155,0.003807339035248447,0.0015249503982152053,0.0018776557632210543,0.0007958379200195171,0.00472721955471094,0.00512501532230338,0.0034296441601011337,0.0025070354369397994,0.00517305225713113,0.004743555160592322,0.0030830726889182797,0.003483625144961397,0.004705368915961591,0.004311899452493838,0.0030594450516670474,0.0052846111637142226,0.005079727186267907,0.006462607040529357,0.0054414973999847936,0.006225897949657054,0.011806514295749523,0.005152395787739897,0.002112074849896975,0.0035108000360290067,0.005010484011991858,0.01117592178515764,0.005075340069437869,0.004032321695005405,0.005213014467480478,0.005033329982654654,0.0061381808328481125,0.0026780729568661203,0.004586674411619197,0.008904226636258807,0.005858374682987629,0.0049530021933151085,0.005616642325843484,0.004770344002630572
Brazil,0.0012983614849272002,0.010062164905331511,0.0022152269530175263,0.0032599696236715837,0.001151118249670827,0.0013130996900282922,0.00581389734626873,0.003479058557253756,0.0028803613105678884,1.0,0.003432149554914454,0.006213249290961786,0.005608383546399878,0.003971240651694036,0.0023395912016447606,0.003762424080258889,0.0015287439756974418,0.000602970202480077,0.0011478965659096427,0.002340198655097171,0.005584574666072226,0.003044679592866225,0.002600169556610157,0.0008265870034765667,0.0013160184649345808,0.0017014478098739837,0.0010993405431160125,0.004556256177347964,0.0021757729878503058,0.003973017222827809,0.003430088644134317,0.0022906498859739852,0.00314849231678886,0.0008628869546823036,0.0008897854781543592,0.0042224586265274845,0.0015465111910397554,0.0006160879421974771,0.0008963516449549409,0.0020520592147022345,0.0026465831493764184,0.00425697426375953,0.003914796470784301,0.002875831061853714,0.0020719074520003235,0.005901444122972831,0.010547171431415793,0.001999396015822307,0.002521915425403455,0.004455850981548235,0.0056320033133108885,0.006250724053303752,0.002999868421471612,0.00676695183390431,0.003742885230539782,0.002041567421487621,0.0015832431253101963,0.00218215688232573,0.0025848189232159646,0.002510524591401204,0.0027275542127789573,0.0007971671991374731,0.0046607789296026336,0.0023594080263491138,0.0024230109383705043,0.0006886434174614762,0.0008535580823876414,0.0018709494819226084,0.0014827782475477405,0.0003942622408959153,0.002470660637935439,0.00352324880336781,0.005594282883574418,0.004054371252478283,0.00593143136231697,0.01444367844166992,0.00232686930705445,0.004505374408676956,0.0011171484468362374,0.0033388514732262562,0.011363071730849801,0.0033958112600946423,0.0029131939068650268,0.002648624399364796,0.00299584239908447,0.008826603553425934,0.0010335236097529844,0.0017550195080979522,0.011755873547818107,0.004637107499371826,0.002716539396571914,0.003011446941311542,0.0019018388837513912
Bulgaria,0.002962837536515139,0.011858289897490036,0.0034765887607053777,0.004122203627147787,0.003916911376286085,0.004214127059379567,0.006677925774822943,0.004389704679019673,0.0053881104831962285,0.003432149554914454,1.0,0.008272847599672445,0.00786005183864168,0.006194234527690279,0.002987377889658235,0.005452788808072219,0.0029773574539438213,0.0033447266829420117,0.00307495066701999,0.003127026510718441,0.0062642846725549485,0.00429539731597603,0.0036699549577083376,0.003177621960647184,0.003169990992144386,0.003028272152626297,0.0031714581499343907,0.004671035674908135,0.002799141287304159,0.004226860084831744,0.0044297132067157696,0.0048438937295396485,0.0032277267239469616,0.003740924923611934,0.003102333332011926,0.004350197134115786,0.004255358385021199,0.003602095558681164,0.00355176624525759,0.004654233550403638,0.002944410794251874,0.004455698169313714,0.003859786574879927,0.0038946535261303716,0.0029987598973994327,0.006515119311971362,0.012356094731965674,0.004350565725810528,0.002988573202303865,0.004285291696183336,0.00554667048534284,0.006471644080272021,0.005533192027737703,0.009058152904714182,0.003935374775372196,0.003240786331574447,0.0041941241025718005,0.004832684255761276,0.005222225661454779,0.003436793115182101,0.0026774441339322544,0.0032689166892026916,0.006917069522109534,0.002983497733310586,0.0034773503237108864,0.003587089578023282,0.0030948906210122116,0.003026820283466468,0.0030042203517014515,0.003406211657902342,0.0031135973384985825,0.004575649448470091,0.0053418877804096935,0.0030393926936941994,0.0066489372644932855,0.016270176863332056,0.003017195517190357,0.006656150335601698,0.0033184160224392456,0.0035108207294263943,0.011576842365418246,0.0033127028857150836,0.004676547237397654,0.003150018831610873,0.003776977612064818,0.01074196221893119,0.0036422412751399213,0.0031145885406542533,0.013667006947021844,0.004816125193298649,0.0032972582173349555,0.0033740395947089714,0.0030851424079734097
Burkina Faso,0.007200154846758214,0.004007557725305929,0.007936714863249678,0.008406652196796325,0.005693118599720165,0.005085057966560676,0.008250218671957866,0.00828366480985273,0.0036313637024671676,0.006213249290961786,0.008272847599672445,1.0,0.0035761248284159465,0.0030973798026302977,0.008188917596781942,0.004061298501499606,0.007709909407534771,0.006542011136234245,0.007325396872032955,0.00843433535576165,0.009024580287957844,0.007718545252517367,0.007611340618551016,0.006961569523500965,0.007457913287739592,0.007789370494133856,0.007148679495527007,0.006023393623596973,0.007662739748772887,0.008527445446062156,0.00846632126296907,0.004248570533265951,0.008095396150165137,0.00583512144887663,0.007048457460667602,0.007875205438203843,0.004749648544602668,0.005781387440260251,0.00574574097249783,0.007017926320450407,0.00802361446493731,0.008792472417152373,0.01002801227029551,0.008475349420769733,0.008230396344474233,0.0070757194548566275,0.004801764648675194,0.0061443665294082,0.00853131806358913,0.008840818996829916,0.00884924615645342,0.009573333983153158,0.003950109031371457,0.002835099204051027,0.009933176482793123,0.006746360156724023,0.004897912836810921,0.004897910509371137,0.004217996701330776,0.007699528249765904,0.008154595832860661,0.006862588689658837,0.0019862415701005815,0.008489947752228673,0.007984478351151797,0.00652833968783013,0.006745412336170107,0.007955821090301785,0.007650623103470996,0.006457004515098002,0.008437036961153548,0.007876510739825555,0.008684198093736445,0.007678656408227001,0.0071961265693017,0.00893171993670787,0.00845552149477463,0.001991726830711539,0.006768863963097469,0.007875194800759381,0.010457690569873066,0.00791697067215231,0.007570758335773629,0.008364177157171956,0.008181169120395631,0.0033386712933309664,0.005685190464672609,0.00790041318945154,0.0060266764561184676,0.008255649760163032,0.008049251103129207,0.00879745097030941,0.008077578448911422
Cambodia,0.006669165664554593,0.006259853175417341,0.007118719259579234,0.007562277992839371,0.004998553408626277,0.004413972707723513,0.008921815328049282,0.007601220521936544,0.003176217503251325,0.005608383546399878,0.00786005183864168,0.0035761248284159465,1.0,0.004546715006816658,0.007556978576594831,0.005756829152722528,0.006985337513359157,0.006032315274777601,0.006688586108349524,0.00789449547523325,0.007843916986452091,0.007364027299276605,0.007159817083763565,0.006403767532504692,0.006779896134447713,0.007287984826485726,0.0066201554816137384,0.006304495888287883,0.006991129608767001,0.007875982442701256,0.007887094812216354,0.004567533765868113,0.00747602655459187,0.005302584815948357,0.006470107909494224,0.007438098991658511,0.004537490635392555,0.0054857255170691534,0.005442860162358401,0.005851255415165349,0.007330637900930332,0.008234018961097985,0.009373024788475272,0.007811502495295892,0.007553701836521712,0.008175993769956891,0.00690309223525629,0.005449874222802221,0.008069710490106677,0.009201138491278418,0.008569453627796935,0.010044450611506913,0.003494531482952197,0.0021877615684576905,0.008786403768853486,0.006743396106254945,0.004301565453164766,0.003633798046027799,0.0032362829926766614,0.007084815996894611,0.007558369872908034,0.0061207411543906624,0.0038387375647249327,0.007852191406373226,0.007196687945058966,0.005611178697201292,0.006358223938195006,0.007453585935468365,0.007000084193380783,0.005787431393154222,0.008068100190489919,0.0075365571065066994,0.008356567339784885,0.007828447103613193,0.008088073968887721,0.009484897313594191,0.007845793448910328,0.0029285379369859105,0.0060454464329888725,0.007582843288918088,0.013391020885390912,0.007405563620608089,0.005619824855799897,0.007747299915209179,0.0073225897624490536,0.005668640552958078,0.005648516817182305,0.007268442925052439,0.006862797493776593,0.00838010668707341,0.007346072321757415,0.007991053624915676,0.007323993936999395
Cameroon,0.004857639477020446,0.006829877052747189,0.005710860248872699,0.006360874921593247,0.003819993970572891,0.003126292537077052,0.006283805662712694,0.006187496423229556,0.0023011764824790873,0.003971240651694036,0.006194234527690279,0.0030973798026302977,0.004546715006816658,1.0,0.005966757364064948,0.0021100210451376485,0.005397823330383088,0.004092440301013962,0.004922957056346319,0.005908063732534605,0.007476792228911234,0.005631794101046006,0.005456152711593996,0.004543419730682588,0.005001761346306534,0.005303330419540122,0.004656955886234122,0.004873356611957879,0.005422479074715177,0.00664338131340924,0.006415217514763289,0.0020905587645760173,0.006004240481591581,0.003523989539799056,0.004663430265235856,0.006182088672850808,0.002654339072495587,0.0034775109283447666,0.003501765607975348,0.005043715142268342,0.005847978756474187,0.006784606052749248,0.007489226835522389,0.006078433653967631,0.005853504198980129,0.005354067988122847,0.007532392152079126,0.004123215349593651,0.00609987491887138,0.006480890037318338,0.00724737487380232,0.007528300657433559,0.002238986695125965,0.004421139748085107,0.007570650203067999,0.00454502311754738,0.0031857627922801594,0.003615591167151127,0.0027641475756259716,0.0056391114390387,0.005939021762619873,0.004523698221181094,0.0012965244447351182,0.006068650508719621,0.00567102368834102,0.004295363103837421,0.004344131093381031,0.005454701791364586,0.00523982163133431,0.0041312251697578455,0.005896970218098013,0.005835680001361825,0.00716034078572791,0.005838505128766781,0.0058539959139007865,0.01194243797451718,0.00600535219767656,0.0025722318784677616,0.0045794241416873905,0.005732242866743722,0.009703906201511465,0.005988112819613821,0.005778514414514374,0.006036839445726938,0.006045202166900038,0.005240791636802929,0.003291138206696557,0.005419041594232982,0.008774422005137466,0.006468919733790432,0.0060488811765245145,0.006689036608167037,0.005728012538882278
Canada,0.0018214365951395096,0.012007736014046755,0.0012019006065659545,0.003523474511070218,0.0030934331687348417,0.0034542930881717913,0.006179200208720407,0.0037352606579857985,0.0050020836674441165,0.0023395912016447606,0.002987377889658235,0.008188917596781942,0.007556978576594831,0.005966757364064948,1.0,0.005325909789594411,0.0012795488997575754,0.0022286286116405033,0.0015944591169182512,0.0014526100141516696,0.006174857015225297,0.0032311003928660723,0.0030761201236334103,0.0018456950810120042,0.0016605586577640215,0.0014431279485956937,0.0018084169226219703,0.005593216869928429,0.0022726660854496964,0.003997569478172539,0.0028825153993705522,0.0042872688077884,0.0029566345686191007,0.0029903262848839196,0.0017245680150227525,0.0042846726946991626,0.0036804107898599637,0.002714962845834164,0.0028176663588642685,0.0030875079465704017,0.0025276121428379652,0.004065477490081254,0.002393435927872248,0.0024473490382148654,0.001201441528925362,0.006864274643895299,0.012428380143804669,0.0038154964764133014,0.0014163376642227525,0.004169206227310162,0.006068999784801918,0.006465202338785449,0.0050853037508999084,0.008813665829981677,0.002393714868970137,0.002759315701604278,0.0036096749805918193,0.0040934945081472565,0.0046857410854186324,0.002432097348450267,0.0014741296246724822,0.0019962332576680276,0.006688030697964643,0.0013056347005877857,0.0028830422993643607,0.0023865834831523452,0.0019724200452008486,0.0014150692260519006,0.0014913330236789937,0.0022596747016834,0.0015925528154751652,0.0033000583394946106,0.005211507170411917,0.003763928749976286,0.007204287627962984,0.01630189501295238,0.0013074369252180204,0.006469408979761207,0.0019815631021085616,0.0037476373439086674,0.01195518926047333,0.003593478988728302,0.0037985688506414145,0.0024548149322196292,0.0031064906360965235,0.010871315282372583,0.0029002101846529733,0.0014498666874143105,0.013774619211558014,0.004647027201835216,0.0022243432783829475,0.0020061956651173042,0.0012678277823060698
Chad,0.004261674432272813,0.007516409684902335,0.0054100773725425716,0.005915284126044972,0.003672147862980404,0.0033391605989332098,0.005776888871950908,0.0058360807754595815,0.0030423275583094404,0.003762424080258889,0.005452788808072219,0.004061298501499606,0.005756829152722528,0.0021100210451376485,0.005325909789594411,1.0,0.004919047853704253,0.0038683950946847984,0.004540199984072306,0.005368103977444255,0.007503720477173553,0.005047270971278373,0.004744528055569709,0.004215011231737732,0.004714390991784815,0.004779912588035201,0.004329966761648319,0.004429320825221759,0.00492798579611381,0.0061404831422452195,0.0058144078264620105,0.0024200656893972093,0.005546885710705989,0.0034377180839343466,0.004276681094485694,0.005671815474696879,0.0026560741759215304,0.0031867559120146174,0.0030884759042017038,0.005085049886790678,0.005395083231595676,0.006309772643411022,0.006887202689907623,0.005693861861076983,0.005301387623066265,0.004757628076949358,0.008179282238844798,0.004130879374857578,0.005339399199551082,0.005339327992973955,0.006682493656025753,0.006636584699959825,0.003343641948445725,0.006054299946765376,0.007196366434569509,0.003441814645882489,0.003118899630439845,0.004072027793786251,0.0036033593776384726,0.005160341256826415,0.00545879765491572,0.004317948545475195,0.0027939371468394475,0.0054442747277445615,0.005291107950734455,0.004333659467731376,0.00382587852567997,0.004920943449794362,0.00478140355241716,0.003981820254931102,0.005210822472195716,0.0053018401553229485,0.006694621523325609,0.0050081802849393925,0.005306606230025531,0.01270177802107845,0.005406124477319809,0.003152549263576913,0.004336576434650849,0.005049905538583207,0.008216592043528247,0.00536869565139809,0.006174005023236899,0.005501738450281716,0.005724119410481109,0.006323357565560309,0.0028344301394782937,0.005017425391291469,0.009873741800739586,0.005357896325370529,0.005368045725354268,0.006027686333741418,0.005279027194953475
Chile,0.0009901061424698447,0.011537762515825797,0.0015723381719871302,0.0027670179691794425,0.002314506496557972,0.0027921977089213814,0.00602765087936045,0.0031610515818907784,0.004377371546797893,0.0015287439756974418,0.0029773574539438213,0.007709909407534771,0.006985337513359157,0.005397823330383088,0.0012795488997575754,0.004919047853704253,1.0,0.001375542008582716,0.0005504407570973486,0.0010296263489198104,0.005642843968671314,0.0028619267469817944,0.0023475395397050294,0.0008881242946658234,0.0007137418410623047,0.0006300180293715078,0.0009313508171131223,0.005254587712709264,0.001796674938931001,0.003616770168764292,0.0028908253067216373,0.003699977054289382,0.0028009766025834625,0.002142515720172743,0.0007535912050207605,0.004294321279081942,0.003029418131357341,0.0019772661175259864,0.0021217585419828996,0.002348015985436502,0.002140778959410615,0.003883507110661006,0.0024635868320542916,0.0021543275772187153,0.0005753831595750751,0.006497917873381546,0.011972895247063717,0.002794545755486218,0.0011634126528736418,0.0040164337281628935,0.005606053640925456,0.006053365114788553,0.004459157750935705,0.008249894914304745,0.0023357578661916795,0.0022219139583762545,0.002983756389624817,0.003476389214365147,0.004042878611422279,0.0021517837325176624,0.002079102334385834,0.0011214026021090643,0.006148416799077667,0.0009106782826638056,0.0018996411359982783,0.0015322473352607539,0.00116019358877929,0.0007040968120232414,0.0003903525142200457,0.0013969409624781733,0.001253403628633787,0.003402789150628855,0.005620127987508884,0.004049744529331699,0.006463768436309952,0.015855709145032273,0.0009042167130395193,0.005964773041728417,0.0014384769542816382,0.003164732414073026,0.011861362191793064,0.0032036224553755963,0.0031265767211185527,0.001765337840007769,0.0025923856209305192,0.010316224416641578,0.002209306259127849,0.0006267785365480954,0.013252364206133483,0.004511257331804727,0.0021081080277021245,0.0018770409736408,0.00047409804270077494
China,0.0010478503568273016,0.010385493769728742,0.0021022154870586588,0.003244470782128892,0.001668128174079292,0.0016981658760659767,0.005696409253320003,0.003430559088467981,0.003209540065789151,0.000602970202480077,0.0033447266829420117,0.006542011136234245,0.006032315274777601,0.004092440301013962,0.0022286286116405033,0.0038683950946847984,0.001375542008582716,1.0,0.0008618679223162965,0.0019960016735599204,0.005549841745457187,0.0030147915623869883,0.002531346955225612,0.0005399356881639669,0.0009609194088463622,0.0013623536955443157,0.0006600747514213947,0.004745149077532348,0.002013763717353967,0.004005078782137809,0.0033715753669923024,0.002588210073860395,0.0030679736155790204,0.0009402399806097008,0.0006374653288166208,0.004188924980811706,0.0018446696062762002,0.0009043280602486172,0.0010556666793521702,0.0021695489640700416,0.0025698340524296782,0.004181530743897925,0.0036054396077987373,0.0026317256014368874,0.001852889127881147,0.005771229499365426,0.010930197451764078,0.002172071583479981,0.0022591139447855424,0.0042152462275418115,0.005615140591942117,0.0060885970444506604,0.003205244033357841,0.0071129631176660955,0.0035077099357105337,0.0019710828225700553,0.002013160533209506,0.0027069005742238537,0.002917712441485916,0.002555080517898027,0.0026225209715645885,0.0005764086886265951,0.00491470600937316,0.0020717596130919824,0.0022808496865829265,0.0008246141801418303,0.000587010291640951,0.0015293535517008864,0.0011975158404043122,0.00037969958847842533,0.00213744692450189,0.00340119053600157,0.005548962489766247,0.004061470334786195,0.006034715650146867,0.014889075080047266,0.0020211177192002282,0.004910511330805294,0.0012289066364015934,0.0032078738938737567,0.011296998898330315,0.0033943494595616197,0.002968229478160826,0.0025010064036402745,0.0029069524108413336,0.009024408522315529,0.00115223692341351,0.00141880584265983,0.012092083439609835,0.004576401271507676,0.002734408006461691,0.0029822751055295733,0.001726774157561021
Colombia,0.0007912597422927492,0.011167935726784059,0.001657035415375449,0.002892351785057123,0.0020936070433145394,0.0024064137408860435,0.005875958880952584,0.003203734976298923,0.003983198204496273,0.0011478965659096427,0.00307495066701999,0.007325396872032955,0.006688586108349524,0.004922957056346319,0.0015944591169182512,0.004540199984072306,0.0005504407570973486,0.0008618679223162965,1.0,0.0012246801669333906,0.005542080075931086,0.002869537544804076,0.002359775136467902,0.00040666919949421246,0.00033807771160498994,0.0006204610503904601,0.0004072862137478309,0.0050916961429948865,0.0017629835860457207,0.00374676802404762,0.0030231614059006407,0.0033125638735811156,0.0028178393445144824,0.0016885849569071249,0.0002847248998161284,0.004206457597399666,0.002620341522813611,0.0015805495078951444,0.0017280766698616213,0.0022187326675588512,0.002214754420321947,0.003945852053379758,0.0028025791998740994,0.002204306444631443,0.0010034522827246032,0.006188147797879886,0.011655238450833437,0.002523060401694805,0.0014953845454034117,0.004000076695092663,0.005574917592133379,0.006003235313017903,0.00400593044703253,0.007869121601381656,0.0027056117048702027,0.002074720813104059,0.0026643387029937696,0.0032334108051228334,0.0036526573323659908,0.0022569424756319484,0.0022295968868233356,0.0006865813951032662,0.005720354644365241,0.001252212335757262,0.0019489212971370235,0.0011664941077560251,0.0007574315981419219,0.0007802295106258755,0.0003973189740316878,0.0009459768563264021,0.0014374886622791933,0.0033367036838427033,0.005582495265884575,0.004035765468016572,0.006289931000355751,0.01557559045928498,0.0012042209958308952,0.005635872050988767,0.0012667238998775134,0.0031042689612264312,0.011645463748398161,0.0032330495859144177,0.003007825464221266,0.001944480987318168,0.0026327378565155733,0.009866460122799812,0.0018124080978812942,0.000639343750610658,0.012878056380086888,0.004498511262339169,0.0023244509250333945,0.0022837246768624576,0.0008914670008127524
