Country Name,Albania,Angola,Australia,Azerbaijan,Bangladesh,Belarus,Belgium,Bolivia,Brazil,Bulgaria,Cambodia,Cameroon,Canada,Chile,China,Colombia,Costa Rica,Croatia,Czech Republic,Denmark,Ecuador,"Egypt, Arab Rep.",El Salvador,Estonia,Finland,France,Georgia,Germany,Ghana,Guatemala,Honduras,Hungary,India,Indonesia,Israel,Italy,Jamaica,Japan,Jordan,Kazakhstan,Kenya,"Korea, Rep.",Kyrgyz Republic,Latvia,Lithuania,Malaysia,Mexico,Mongolia,Morocco,Nepal,Netherlands,New Zealand,Nigeria,North Macedonia,Norway,Oman,Pakistan,Panama,Paraguay,Peru,Philippines,Poland,Portugal,Romania,Russian Federation,Saudi Arabia,Senegal,Slovak Republic,South Africa,Spain,Sri Lanka,Sweden,Switzerland,Tanzania,Thailand,Tunisia,Turkey,Ukraine,United Kingdom,United States,Uruguay
Albania,1.0,0.6692300403874377,1.3805456464571697,0.6445457333439885,0.6348613036571518,1.1257859141125541,2.949228228853619,0.7502923235186794,1.055503938542245,0.8374738031870019,0.9413920325843941,1.0027283363260138,0.609426061193633,0.7742288738919355,0.7234575568352474,0.6835294344690753,1.1494926843870812,0.767287003963224,0.773605698656098,0.5973857150955101,0.6678043520258631,0.6440857425333406,0.5642982859164887,2.4920292970327074,0.7720003622799715,1.0979643980260942,0.9019024301749354,0.7396079507680698,2.377894541934594,0.7313834222990047,1.0755798283298685,0.8220875247713244,0.7786608721022308,0.5927740041196937,0.7618393823820748,0.5812468879530261,0.9754836566542582,0.6915042527416908,1.2904427068798232,0.6024709829756837,0.7551945698694537,1.0390836172875528,1.230256131120695,1.5433193979416724,1.0414132218917245,0.5909369952639862,0.6465510266844037,1.1203013839811604,1.0429235295466,1.018430110172451,0.6835380649962111,2.1454386897642723,0.6810456048038193,1.1091488159146714,0.6394044291499412,0.6410179705104978,0.6124723692888507,0.8128572028813411,1.3515600768847422,0.923212481009913,0.9516346462043211,0.8481319355009295,1.404609641655409,0.8325333373095088,0.6429584282819595,0.6227141753867369,0.7297461107769105,1.5904891139335267,0.9841186265207852,0.880922550581011,0.7145206147625924,1.1475178185789603,1.1242554874109685,1.1299618891251697,0.7779729878947109,0.7399857796213583,0.9008679853561333,0.7557426345519441,0.6477566307141651,0.692191358494642,0.9133816153608814
Angola,0.6692300403874377,1.0,2.0831778546600432,0.4779021694045612,1.013429398744468,1.3432129820064056,2.004976691392173,1.1282660279352408,1.6046079607740729,1.1803042714077987,0.8632901814980241,1.2898369429354624,0.5734439859618206,1.1536251569096188,0.7879012620685552,0.9280920387727549,1.5885032046172483,0.7694527780891692,0.7942619346794147,0.41445675665113835,0.48866129894796306,0.7546811125962999,1.1339127530705633,1.8176512830269138,1.4731959162774264,0.8112373386949113,1.0548756301209055,0.7515247047694268,1.568204078400638,1.3754046212076916,1.5197088689798592,0.5982911267140558,0.8813960321855489,0.30076354180603226,1.8742694741944603,0.9428570120215283,1.4004025621490113,0.8026184698705195,1.494909467958399,0.5039694063682916,0.9443833355647009,1.1150785676841746,1.3350163749329467,2.111070778158526,1.2742887036608472,0.5178915486667256,0.8536314728996806,1.8075790346713527,1.714602757830329,0.9511448233367594,0.8415552877391259,1.5926405190264123,0.3753664257315549,1.5539590746425065,0.32634723044148767,0.5446543042507626,0.863503142614184,1.2623276172921318,1.6715946345672565,1.604233851209885,1.4168697415204543,1.2092739300877662,1.729111915334916,0.789333324714078,0.5343379763339644,0.5689690320052614,1.5021282120882995,1.4256617820756459,1.0555150378682538,1.7490240048913175,0.7606098969460469,1.494728254368018,1.2077438312585531,1.2612443227936407,1.2808789899366784,0.8516453551858364,1.2544936371584765,0.7646401537880961,0.42453360076419905,0.5750462075492032,1.0303374771486862
Australia,1.3805456464571697,2.0831778546600432,1.0,0.5381023257631731,0.4923846672683608,1.3803819989354893,2.031785746998116,0.6081907439176629,0.6917552007272428,0.43974712422476386,0.856819515964486,0.6826025597523954,0.6194243167786918,0.5375623299793688,0.41248692355195515,0.5314269359092311,0.6688601177390224,0.5253916936692404,0.5141268297606147,0.5351926746455659,0.6470546917967432,0.5951746769048084,0.5952633936935788,0.8862371699554,0.7784440117262938,0.8845328257500515,0.5568132519530761,0.40033016794103393,1.083160358113763,0.571617350802567,0.9402530974950776,0.6506895317897183,0.3734167801383025,0.576313743235505,0.5404786456953067,0.5440387343885716,0.7705943150311514,0.7510092240127502,0.5472780905348749,0.5693536144892776,0.8527887769621673,0.5336019761115034,0.8826537358076836,1.3027155379036017,1.093692118065914,0.5854153071999276,0.5258443617113091,0.2803592972974715,0.48956960125281546,0.8345181207776937,0.4815198563191379,0.6410492126925662,0.7033951966935488,0.6987786453028746,0.61824146132065,0.676797308419633,0.556464115425962,0.5546359199998974,1.1990775036020505,0.44499465066194294,0.49762316670854456,0.4294776932349374,1.0192346695073344,0.9103414334117204,0.6958816515636566,0.5894165565618151,0.6332447678496442,1.080876421237602,0.4745012602737531,0.7080988728551917,0.7611607934402104,0.34243878898866564,1.1319645433925982,0.8917841388634961,0.45541501550175967,0.3942278093462338,0.2738845213665401,0.345810336435941,0.5140263768633603,0.588457888675908,0.9165732139428285
Azerbaijan,0.6445457333439885,0.4779021694045612,0.5381023257631731,1.0,0.7299074783938233,1.422251479741263,3.5110930158487514,0.6694453597510719,1.0925460661931394,0.7469348256273647,0.8733074839671733,0.8119637218361868,0.5288254275582646,0.593111249241273,0.5056622637303071,0.6440687393698864,1.2254438816950044,0.6414799895209287,0.6303502552101984,0.30315283029896223,0.35161433402733355,0.3965737758379625,0.9912017765493214,1.477260191989329,1.4799114881001156,0.8782387259773514,0.8333159658663988,0.5270217907641144,1.5159158153176806,1.065232203483218,1.611819374900319,0.6283178552476804,0.5649585135913572,0.35925092420698757,1.3435570900781466,0.7249483334763394,0.8847602707921398,0.923250614530293,1.0901219301502034,0.3043934696656356,1.0241955796832254,0.8639230507159928,1.2076732955150338,2.3952226290047696,1.6165204029184048,0.3432603667731579,0.5413500599722872,1.047906258143891,1.192244720469339,0.909031820031699,0.6661698037058812,1.2027595695048234,0.4864402674886676,1.0140128969998918,0.34301018877607886,0.5127753071932358,0.6044916605368117,0.9449074471369237,2.307637042155412,0.8364740759070598,0.9709370891707125,0.7452013185650562,1.346974663019763,0.9547643746358122,0.5989750177905779,0.3889780184018732,1.223873248901779,1.3938069034201541,0.7610139172711758,1.542579102979378,0.7975600775493611,0.9892676658143298,1.3235984145408237,1.1837557751617744,0.8046047489299498,0.5737099667005728,0.8135609731631418,0.5518408019736267,0.3848830265265544,0.47981308630904534,1.2704052295238657
Bangladesh,0.6348613036571518,1.013429398744468,0.4923846672683608,0.7299074783938233,1.0,1.1478891831675515,3.0346486531306818,0.5456094275967407,1.0323090203314171,0.591456376799073,1.0177535799194541,0.8086069125218616,0.6852519353595838,0.6203909864949166,0.5949445302473695,0.5318830534302942,0.8026458964201556,0.6171226856646601,0.7624840309210046,0.5188330877899946,0.6259793555621568,0.5782740573047228,0.6738949411594366,1.4869555879573921,0.958797870826202,1.1441215973090646,0.6957932053491205,0.5906652878044487,1.8552196031996797,0.6030484310181047,1.008405263509896,0.8208684836155613,0.5841670677811899,0.6369001248202296,0.6482871257692159,0.4840422380409501,0.9069813698463671,0.8460481101755749,0.8257304493060907,0.6458321459832607,0.9129348111574738,0.7413065597268165,1.1126429483108455,1.353888104067911,1.1251927677753542,0.6092102967673303,0.428028640644563,0.7853899463573923,0.6764385016650326,0.8850368180710102,0.45898946696716947,1.3162965212187054,0.7493189659961813,0.9120344481246718,0.6626627445078478,0.6322951416412771,0.30931590137455167,0.642334099005798,1.3531732032457846,0.6251280605230173,0.6514053931585863,0.6466850260207972,1.2657424907648518,0.9812785694694921,0.7446253005811938,0.5315766308023354,0.7073991657773248,1.548751513131805,0.8129459142349278,0.9986440814821673,0.8364044999913423,0.9427200044642183,1.1954693604159374,0.8120410288663986,0.46656307279991954,0.4772050470360399,0.5891160633450915,0.563362086074408,0.6406479268814104,0.7176214443901691,1.0342099224058734
Belarus,1.1257859141125541,1.3432129820064056,1.3803819989354893,1.422251479741263,1.1478891831675515,1.0,1.2170065715157432,0.9541459905532588,1.0653498904382832,0.9289099157802422,0.8600144563612039,1.0473381388524836,0.6152499358239912,0.8586179876058146,0.8185406606585155,0.9568049817523444,0.9100418298347165,0.8088669071269349,0.8536836440695947,0.7009994690986778,0.7926949215604034,0.7868327461972101,0.5737628637220806,1.036858219474992,0.7480061772164065,0.8707865815529789,0.9364763037359338,0.8241431063485845,1.2453186171056565,0.9012858848469141,1.004471142547068,0.7426234711834115,0.8682981443498843,0.6251435294844461,0.6988131029342518,0.8772414930515682,0.9380722587585673,0.6159081819325277,0.8999079618786066,0.6697827939540819,0.7110616320773856,0.9453348225763645,0.8224350424492864,0.6926390076154277,0.5438175016325757,0.652672912484071,0.9047489752692465,0.8352193172318018,0.7988644550847256,1.0546842561988394,0.8336015251691206,1.043992251320407,0.6375576833537012,1.0119997203385545,0.6334985084269108,0.7449886783961603,0.920069215122627,0.9039645476883362,1.107932568448604,0.867818254473671,0.9337244904649359,0.8919883148788038,1.083024188728668,0.5141079350627079,0.5035622945052798,0.8021804728063372,0.6955681397984025,1.150536541684099,0.9814008115503645,0.8585502883424173,0.7469575985600578,0.9225489673552373,0.8362228274091867,1.1579711452709545,0.9188955943356856,0.8275589888035462,0.8477064326850392,0.8261759936482534,0.6880782503345422,0.7723582932924598,0.5486062880935005
Belgium,2.949228228853619,2.004976691392173,2.031785746998116,3.5110930158487514,3.0346486531306818,1.2170065715157432,1.0,0.6917250777057906,0.8337734077520811,0.7434874849819635,0.867252029043111,0.7648666478782068,0.8297095312459574,0.670948703946301,0.7103300877928121,0.756715188469572,0.8464842961025136,0.6930941576619298,0.7736399080115512,0.7346038636346641,0.7730851137584974,0.7170580560678917,0.862429261876491,0.6541169445115887,0.8807775633728144,0.7144605168487618,0.7658634642791695,0.7107522152524848,0.7393035024789701,0.8427108961047889,1.1059125240895609,0.7695187448579567,0.7179090960224351,0.7855239061163601,0.81339182090755,0.7229850287424445,0.7074633299672872,0.8504021652589636,0.7787375096886457,0.7565609330727396,0.9769937587747438,0.7449681382578751,0.8597809958752721,0.9099000690304807,0.9133540466466434,0.7561578248686723,0.7092232416421526,0.6761765543319774,0.7835939425000111,0.8997207523443924,0.6937544166588782,0.7443548063264628,0.863008570090695,0.7782475908316907,0.7909734540084818,0.760845255638634,0.7210539467783695,0.6997710785513336,1.1844404234988095,0.6533215754680342,0.7869535145014173,0.7048797702563818,0.7822407159697724,0.859807312158417,0.8625309291589965,0.7414389144756985,0.8513885221291914,1.1714988440125995,0.7969891654455192,0.8862419309548341,0.8259095357994957,0.7620561897198613,1.2225850046094873,1.093100868500512,0.7249881748036202,0.6813665402611063,0.6944387665148463,0.6902403878780075,0.7217180335184896,0.8177489207469002,0.8827837204832315
Bolivia,0.7502923235186794,1.1282660279352408,0.6081907439176629,0.6694453597510719,0.5456094275967407,0.9541459905532588,0.6917250777057906,1.0,0.5928187055959404,0.421399137843459,1.0107560004776834,0.5008110639669768,0.6567898028010923,0.30121790483142596,0.43004723544480106,0.41709015261040827,0.7194400038544447,0.6005755729240838,0.6435767934279771,0.4252793513300155,0.4359051463265957,0.34338459315109304,0.7670930942395723,0.8881963987615076,0.94975166236092,1.018155206638998,0.6855851527562735,0.4846769502127435,0.9758231904328862,0.6979167850138012,1.128137864902328,0.7431855280953468,0.4254645013851022,0.5733953658639664,0.7239412357521688,0.504533013622422,0.5805919593459533,0.9382137622383061,0.7280255652934325,0.5438880457137517,1.0440968770920136,0.695354898652882,0.8627176268263161,1.143898872464062,1.182834814013389,0.5088385443513511,0.2594436832685062,0.5601228353800474,0.7014984526448776,0.8867758881648887,0.5336834785369703,0.8519009108504637,0.6893482550996615,0.602853672933384,0.5892386070127147,0.5533590628564102,0.3064436489263737,0.6825699487415021,1.3227203852897964,0.3457925314091816,0.5170629920155531,0.48462065873194304,0.7605585420252049,1.007900376602683,0.7808294685656738,0.36382840925821414,0.7929429631359047,1.2999385917143165,0.6305226075057692,0.9422555311854802,0.8967693990961086,0.6737840897602567,1.3400839891835998,0.9880344544602034,0.3971009858155513,0.42161803654515323,0.5422862815474814,0.4901382783841906,0.5738613881257707,0.6043744838433027,1.064314231997987
Brazil,1.055503938542245,1.6046079607740729,0.6917552007272428,1.0925460661931394,1.0323090203314171,1.0653498904382832,0.8337734077520811,0.5928187055959404,1.0,0.5811988556807864,1.0753148529382945,0.6476177131959577,0.7400350124751285,0.5877020704165676,0.5428504833448762,0.5252733248864236,0.8324189362206521,0.7262507100736666,0.7240632506134403,0.6000667772144465,0.6508917082295866,0.5444565844986194,0.7985015287682898,1.0718767443676087,0.9784341945637042,1.1734565300813644,0.8158199527588164,0.5611750834484792,1.1519051873626487,0.7582813373587936,1.0762258148579198,0.8907537050753079,0.4796956899558881,0.7005759943296208,0.7333930390754865,0.5941846653858409,0.8493615800425935,0.9846167466937271,0.7781347649429524,0.6403503941665406,1.086156691243411,0.7530403141082584,0.9843993546286423,1.2342638686499567,1.247307752008157,0.6471114122620508,0.4833976360337826,0.6445655332489322,0.7304053935319846,0.9245558106770313,0.6395130065463839,0.9646970849588079,0.8416225997605498,0.8291169822059334,0.7181595187799781,0.753647858886653,0.5382162754354952,0.7866900831897403,1.2675147818354822,0.5784672954151331,0.6928983836397957,0.6206266823340084,1.034600451097182,1.1503919908614735,0.8817063475211063,0.5624113791222879,0.8272366510415388,1.3932626835000823,0.6504778077898672,0.9594548723328368,0.9550077235728248,0.6777212398343883,1.4608191011302056,1.0652825348115802,0.4693374643740144,0.5142651599344017,0.5565394391012213,0.5736065357530813,0.6673931064400064,0.6772088091777413,1.154286826041642
Bulgaria,0.8374738031870019,1.1803042714077987,0.43974712422476386,0.7469348256273647,0.591456376799073,0.9289099157802422,0.7434874849819635,0.421399137843459,0.5811988556807864,1.0,0.9935718033202723,0.5997668690415092,0.6984102727880344,0.42633128509248464,0.3583732009920744,0.4228579046787406,0.7861778912937514,0.5599249892212835,0.5587126755960565,0.4645701116180102,0.5514482108944094,0.5207034679032123,0.7829688751413321,1.147006048744491,1.0541533805902437,1.0271596830445666,0.5886886983681098,0.3999535604885484,1.3386530620190404,0.6864854337375865,1.0912494573935032,0.7121427550955198,0.36410365939700357,0.6060220489871576,0.7509434737647304,0.5379952660530634,0.7661932287713904,0.9918524374093558,0.745940737588252,0.5861870428044694,1.0681805141226233,0.6629336933004368,1.0539930563249897,1.550235247049553,1.4121700601286673,0.6049706242752844,0.3940551396469717,0.48868505164791504,0.6896349739551391,0.867290691887512,0.5165328529450581,0.9245638701127729,0.721370700064155,0.7085566910414179,0.6162106476270495,0.6444673578486534,0.45879968315299907,0.6884719301459072,1.2862910112568273,0.3967105553658073,0.5545054989392642,0.3044850351510434,0.894249781377425,1.1142709193898108,0.8016074035966642,0.48733892767316417,0.8054081951997007,1.2607305064696483,0.5674736391983065,0.9074501678488788,0.892099608746176,0.5707564692636381,1.3745194033851778,0.9714070849178534,0.4733834668555004,0.4330528083735862,0.42404572157517806,0.396073214398442,0.5474712422902528,0.6130161278666741,1.2538376637465818
Cambodia,0.9413920325843941,0.8632901814980241,0.856819515964486,0.8733074839671733,1.0177535799194541,0.8600144563612039,0.867252029043111,1.0107560004776834,1.0753148529382945,0.9935718033202723,1.0,1.66138959927049,1.624261907646804,1.8469271625882924,1.8996387720055634,1.2149915013248838,1.920173609578751,1.2867000068109826,1.8395030222491426,1.1559703668877963,1.2346982671965019,1.295067330215674,1.6790573908637925,1.5341917691897125,1.309962781127785,2.1343959093990126,1.1341211164413192,1.868185062176757,1.2022179036631513,1.582742255460291,1.5170452755109374,1.3485074653686533,1.9642345755532955,1.4879115543931423,1.9193757447179434,1.1125810811484529,1.6816658227602306,0.956801232058344,1.9266437030045243,1.3347753347833686,0.8890981420114097,1.637374819106507,1.2539660617228596,1.8468171886528948,1.5778180964951591,1.3999142060825323,1.1994769230152025,1.9540253100823484,2.1484665397187372,1.3840017985701567,1.2857677658796827,1.989380429992623,1.2086559519665359,1.8974765969582998,1.204465099734625,0.9324684405767427,1.1023118413157464,1.2857448248888816,1.9323638237952547,2.0631700066200134,1.8137415779863817,1.9073955786615702,1.5147097755260375,1.1554958156604187,1.3363894073818008,1.095165925282062,1.9022487004586126,2.7617134514074406,2.3055550569436294,1.4676329294415502,1.3761406642894791,1.7879687727154931,2.5960126127365153,1.4126817746626272,1.7359996295386404,1.7600313818044362,1.8370431606427573,1.8188885940084507,1.317897792974914,1.6545552116899427,1.2243339033564977
Cameroon,1.0027283363260138,1.2898369429354624,0.6826025597523954,0.8119637218361868,0.8086069125218616,1.0473381388524836,0.7648666478782068,0.5008110639669768,0.6476177131959577,0.5997668690415092,1.66138959927049,1.0,0.7708697662587269,0.6305823339729955,0.5874309266395896,0.5383089621385218,0.8976192427810122,0.5908359639214008,0.7337984421124383,0.5428828259394216,0.518362248427724,0.6027388234587584,0.921420725075748,0.8720417710887822,1.0293323949675033,0.9791477642994559,0.7616117492254492,0.5874794361887634,0.8847175896409704,0.8286915611382938,1.3030268176050737,0.7208977094138372,0.5225515259355376,0.6699114061900432,0.8577623131427444,0.5453495065709936,0.7220444081673844,1.070796599301953,0.764134592191966,0.6662282978484019,1.1689978717141825,0.7206784996990049,0.8384634436187516,1.6091735323926868,1.552000673018794,0.6272410348954155,0.5103820583561042,0.7892767117774854,0.7954661917506914,0.9386516746689222,0.5969510007340658,0.7611778132489024,0.7350685748517829,0.8460334368657931,0.6284909996698875,0.6282760170949934,0.5797565618102973,0.7119812237150941,1.3182790662816546,0.6800846231888974,0.8463983697367635,0.7347855363340922,0.8366962590451917,1.0932089310441275,0.8586748203810025,0.5205291166831277,0.9153251943533214,1.202301734949451,0.6817748783010574,0.9283031155532669,0.9830046161917142,0.759131650091937,1.5416199454912203,1.1632424383579265,0.5935079280240263,0.47886443387715205,0.6077473794853985,0.5753260690727621,0.608636859490721,0.7035922369175264,1.2263312068989998
Canada,0.609426061193633,0.5734439859618206,0.6194243167786918,0.5288254275582646,0.6852519353595838,0.6152499358239912,0.8297095312459574,0.6567898028010923,0.7400350124751285,0.6984102727880344,1.624261907646804,0.7708697662587269,1.0,0.7636120159068618,0.6029135886348749,0.8840461079203547,1.2794709597836966,0.9207030656819191,0.6073605571854769,0.4214535463394716,0.485706852429372,0.5017265709209994,0.622538478209013,2.5154438965888337,0.9848307339786389,0.9469932357034669,0.9762364137735267,0.6337697291305318,2.094127386095093,1.1357062779882998,1.2231597794948426,0.7420939470665685,0.7323813962940808,0.22805155954702724,1.314870081910161,1.0623137868316634,0.9632165206417234,0.6630339294463303,1.3362288835477278,0.318024401896416,0.7482214207116543,1.1020727961469547,1.1767757573409259,1.8583479246929462,1.1255200049058223,0.3062573181804149,0.7482906988821139,1.2685315794255638,1.3343314554244337,0.9337630105523088,0.8904644082908081,2.064560228525207,0.43155142435696814,1.1383130847928808,0.39685646747816483,0.6081506231660089,0.7852513648061601,1.1515584885718149,1.8271663742201258,1.0519468020555833,1.0998616551113232,0.8568836378306072,1.7942667342906073,0.7479982993815781,0.43742548502166034,0.5297030812860796,0.8589794745723748,1.5229119058263254,0.9042231229383081,1.5596522894626124,0.6704284600171609,1.225233622088851,1.0547659139661376,1.1604351107574795,1.0218298312820115,0.7753870947524791,1.1161825155493386,0.6929632094530435,0.4760534126996937,0.35060388585895214,0.8801368617093346
Chile,0.7742288738919355,1.1536251569096188,0.5375623299793688,0.593111249241273,0.6203909864949166,0.8586179876058146,0.670948703946301,0.30121790483142596,0.5877020704165676,0.42633128509248464,1.8469271625882924,0.6305823339729955,0.7636120159068618,1.0,0.3384746372696677,0.49850239262287144,0.703281865734572,0.5610218720978724,0.5161204912888512,0.40689797976055864,0.4620161862056235,0.37903093879968947,0.7901398391184544,0.834175386721899,1.035251812420406,0.8790631129166708,0.5906410135193315,0.4012546361850756,0.9142212297587926,0.7031732977583388,1.140647421138151,0.6465133204573953,0.38904596774165084,0.5030762185813881,0.7768767513518279,0.582959469351482,0.4705598665612433,0.9432997468216148,0.683127462436626,0.49411441282567026,1.061185325428827,0.6232425223017167,0.968837686136363,1.3122330460055958,1.3145976391003422,0.46253290431011984,0.3948430670810236,0.4847877788188742,0.6909564214748288,0.8055581529522433,0.5264686651388754,0.7598038818219603,0.6648656473315663,0.4493262425939397,0.5557459244227205,0.5928245548719487,0.44063316098072186,0.6338026368963041,1.442988010808149,0.26657001815859827,0.47042456543347066,0.394341858856417,0.6493703208537399,0.9968633384824575,0.7439562199935473,0.42933499127119806,0.7878265812850258,1.0992009970084438,0.554072045680609,0.9696539525009055,0.8126793704646854,0.5708762344917808,1.3271146316485896,0.8988777578768614,0.47295216169459764,0.412939318186644,0.5100890601169867,0.4116979446476243,0.49354149187704394,0.5366419280433836,1.1800657097193068
China,0.7234575568352474,0.7879012620685552,0.41248692355195515,0.5056622637303071,0.5949445302473695,0.8185406606585155,0.7103300877928121,0.43004723544480106,0.5428504833448762,0.3583732009920744,1.8996387720055634,0.5874309266395896,0.6029135886348749,0.3384746372696677,1.0,0.4971857385625039,0.8770050318815644,0.576650256945642,0.30939906406460915,0.3715088529670447,0.5177389658470327,0.45959552975581747,0.8584699234159477,1.1891639855769989,1.2980654235510691,0.9385820892484558,0.6214323962871754,0.1827781697213037,1.3430626050096506,0.7526198056004746,1.1471314303494702,0.641855676704781,0.2025658706914178,0.48488258541293117,0.8844243119161906,0.6397090502891225,0.9146173462421997,0.9851631166154081,0.728011975460759,0.494484455292844,1.0918714629734383,0.6384419306870758,1.3171633258152813,1.9341945299997985,1.5572629715339124,0.5303848384870306,0.43376965491090413,0.6019396573722633,0.7446422381330625,0.8499274263667042,0.5332617071739667,0.908746995747005,0.6722129113827802,0.8125578557002343,0.5470902738334869,0.6243573768835808,0.514871900493612,0.7210779384223749,1.726915148529483,0.5362091333804951,0.6571486456111301,0.30030841749374493,1.3465122780152867,1.0768457585913105,0.7696420051221005,0.44201614844577525,0.9011484360446854,1.1731039516918147,0.419110942635626,1.1519661609831526,0.8432494456371233,0.6148011076277969,1.422206328883486,0.974116688145118,0.5165676546508579,0.363635957631013,0.4846666064399096,0.26093291157921045,0.422272075183535,0.4163944985814079,1.3942837228450051
Colombia,0.6835294344690753,0.9280920387727549,0.5314269359092311,0.6440687393698864,0.5318830534302942,0.9568049817523444,0.756715188469572,0.41709015261040827,0.5252733248864236,0.4228579046787406,1.2149915013248838,0.5383089621385218,0.8840461079203547,0.49850239262287144,0.4971857385625039,1.0,1.0063893147766,0.623039484382648,0.8319966625404915,0.4727170363470163,0.48720749315299594,0.5205333922167531,0.9052373290489895,1.5984494917452656,1.2445854590925594,1.2319989317899884,0.8822166021601099,0.6117795784670147,1.671521380543001,0.7784967478407968,1.2069571873184155,0.8142597789969135,0.5310835698306113,0.6846153467913251,0.9093132830328982,0.44933729047219806,1.0273774293997677,1.1017634839321282,1.019046107351356,0.6294733880104832,1.1763764418206497,0.8992272522291115,1.1461819665008055,1.9734854933665964,1.638269022306418,0.6455538471053062,0.2655599522719142,1.0007853626411425,0.9253805306353136,1.0340936809706043,0.569046628551325,1.4615228881305824,0.7031206326222778,1.1607778576258712,0.5996231523071821,0.5186156253979707,0.3780059847067696,0.867494365964871,1.443495652754049,0.8189431321286662,0.8861819526854341,0.698377655206436,1.3969800109871562,1.1926161344568846,0.8644625534568965,0.3646162014007352,0.9776148152198796,1.7387791898210836,0.8521328890614431,1.163283710427961,1.0620479626531352,1.1400236105454349,1.5805567425189215,1.2745412347675444,0.5145902348661268,0.5025074231750961,0.6453336136022444,0.6212324383035851,0.6315143648067774,0.6901848532771834,1.3213588175240105
Costa Rica,1.1494926843870812,1.5885032046172483,0.6688601177390224,1.2254438816950044,0.8026458964201556,0.9100418298347165,0.8464842961025136,0.7194400038544447,0.8324189362206521,0.7861778912937514,1.920173609578751,0.8976192427810122,1.2794709597836966,0.703281865734572,0.8770050318815644,1.0063893147766,1.0,0.7159914971865101,0.7204146961109746,0.6694231980264727,0.7896618806903947,0.7486876700392523,0.5720130986768359,0.9584342889536906,0.8290158631495658,1.0545066911921832,0.7260427531084906,0.6341451815293394,1.0669134327933842,0.5567196915003157,0.7472411958837414,0.8099214705777729,0.6561866456848039,0.6691017882891965,0.7139563161990179,0.7675370840323038,0.8323794093443591,0.8013984225579294,0.7526348897198487,0.6970589358762742,0.8944364187720016,0.714499627293516,0.8898962372659716,1.3500446486507958,1.1270484886819665,0.6687210007989622,0.7590311580410353,0.6779863510836727,0.695491487179932,0.8255707932639796,0.6544554421581106,0.8396386582560839,0.8153633125628467,0.7563786310543742,0.7456529158093923,0.8014054442920778,0.7486107872388945,0.6549371840260425,1.3641483503085694,0.6868186408914775,0.6451794976467985,0.7192327941389473,1.150895279054521,0.9410255728372251,0.753740065687138,0.7517852918987327,0.6860911902165848,1.286772215625526,0.7584641147187501,0.8807094882445112,0.833588284280396,0.6916060872241202,1.254831867183597,0.999355621882473,0.7458180895700205,0.6204199838789836,0.6191698034689154,0.5709350823643267,0.6752578476652247,0.7532706989664445,0.902711109021454
Croatia,0.767287003963224,0.7694527780891692,0.5253916936692404,0.6414799895209287,0.6171226856646601,0.8088669071269349,0.6930941576619298,0.6005755729240838,0.7262507100736666,0.5599249892212835,1.2867000068109826,0.5908359639214008,0.9207030656819191,0.5610218720978724,0.576650256945642,0.623039484382648,0.7159914971865101,1.0,1.020783913867657,0.6788585117930742,0.9526308643070505,1.0696253865603902,1.3837800270895901,0.9410307696487679,1.859925276111486,0.7665347700276066,0.8577111520695719,0.8106002752027902,1.088407741207343,1.0588786138006758,1.6612695022934854,0.41569785831221734,0.8961597053819838,0.9238677585955927,1.6156646127877416,0.46297167336867207,1.3065986542247225,1.070609288435363,1.401607519316521,0.9078222135736224,1.256734006527877,0.7216753289397875,1.8304274911633327,3.6242752434084937,1.898746569040631,0.9925688584812091,0.8545086718450834,1.5111664588958396,1.574742530599404,1.0061501000893764,0.37313616795020843,0.9997782969308229,0.9162878863826279,1.5761835509223172,0.6761457057899448,0.5936990846859844,0.7597092353725738,0.7244348648847699,2.492899268054569,1.4454182192958125,1.4989003881232696,1.2541401869833122,1.3648496257095613,0.9746808333928597,0.895637545176674,0.7903730225648806,1.47667245785819,1.5178257967774305,1.0336836733759294,1.1662466179575592,1.020527635673288,1.2580907269484554,1.781709946135867,1.2605193267442105,1.172507119999421,0.7130944579665637,0.7637438754335171,0.6933649096819134,0.5245704308306582,1.0277862633940191,1.4965616092317162
Czech Republic,0.773605698656098,0.7942619346794147,0.5141268297606147,0.6303502552101984,0.7624840309210046,0.8536836440695947,0.7736399080115512,0.6435767934279771,0.7240632506134403,0.5587126755960565,1.8395030222491426,0.7337984421124383,0.6073605571854769,0.5161204912888512,0.30939906406460915,0.8319966625404915,0.7204146961109746,1.020783913867657,1.0,0.5241855856198904,0.762106322412139,0.7363509025801002,1.0703818938579202,1.5460373957430251,1.7564633437006092,1.0430522166833904,0.7841860175190535,0.29445698607446064,1.5113472580836964,0.950690039945613,1.165226426659347,0.6925482658715439,0.47111568556405375,0.6096135916146262,1.2886240523828714,0.8181660283370319,1.5637559592653094,1.0213131741615862,0.9986265242559477,0.6323813255644622,1.1807489492678382,0.7638142121320688,1.7681222148408398,2.7615324314298615,1.7676440380637102,0.738127119994749,0.7042946489667942,0.9563981907624923,1.0622655159875742,0.980929941500708,0.6654817634339761,1.1746745083566503,0.7864876979028229,1.3214745836776682,0.6446055463942962,0.7366571599952229,0.7338428450893221,0.891120337395527,1.8275310307099242,0.9752105501284286,0.9836463254025257,0.5547806087084556,2.091492642299206,1.103488250520193,0.8475006081480962,0.6572144238461497,1.193986412500965,1.3050251653482707,0.5604585368661373,1.3948205530498574,0.9434806203193402,0.9247197918818215,1.713431690702482,1.1308864418703608,0.8408819703329918,0.5795377902232104,0.6984465990937331,0.4076427981817274,0.467930550241428,0.4780306869861367,1.5066806665450418
Denmark,0.5973857150955101,0.41445675665113835,0.5351926746455659,0.30315283029896223,0.5188330877899946,0.7009994690986778,0.7346038636346641,0.4252793513300155,0.6000667772144465,0.4645701116180102,1.1559703668877963,0.5428828259394216,0.4214535463394716,0.40689797976055864,0.3715088529670447,0.4727170363470163,0.6694231980264727,0.6788585117930742,0.5241855856198904,1.0,0.34801149908957735,0.45057849436473807,1.0856960150405985,2.2825409259881346,1.5221386309822413,1.010450369627474,1.0196924156658143,0.5701376055747691,2.291638257065661,1.1365413601476009,1.7030954228477346,0.6785060722539645,0.6315389747233638,0.41818695530051037,1.3987864839250816,0.7779830106975469,1.3239421333743229,0.8998994964490653,1.3061206849742297,0.5061007084566737,1.0044045829838768,1.034100597938477,1.3701997511127746,2.280937337817516,1.5995842958049935,0.4380657444769211,0.5248302643623054,1.4556534804761228,1.3350962258837518,0.982583630582845,0.6853916891632515,1.8932977348555335,0.574555102905184,1.371651687213629,0.3615448444687807,0.43846166763012695,0.5713239915318096,1.1816317128112734,2.627874649847799,1.1118938966392482,1.1785833102186605,0.906439558991993,2.0902156847431805,0.9808742702989458,0.711556029558991,0.2890706006241544,1.3630106582672923,1.9104559369595808,0.9113162022422123,1.8435215711055564,0.8490672337639869,1.437016680706944,1.4537819519198087,1.3080805784807348,0.8878055402300716,0.6063705844669416,1.017659070757235,0.6046903189084335,0.4051044531973443,0.587570266107464,1.2113221633001963
Ecuador,0.6678043520258631,0.48866129894796306,0.6470546917967432,0.35161433402733355,0.6259793555621568,0.7926949215604034,0.7730851137584974,0.4359051463265957,0.6508917082295866,0.5514482108944094,1.2346982671965019,0.518362248427724,0.485706852429372,0.4620161862056235,0.5177389658470327,0.48720749315299594,0.7896618806903947,0.9526308643070505,0.762106322412139,0.34801149908957735,1.0,0.42690415078018734,1.1736479739995527,1.5171381265028587,1.328995681365474,1.066015751554499,1.0147351302173258,0.7116777167066591,1.4571852140772532,1.1624534009133538,1.6458855545400437,0.7647009429491751,0.712500371929142,0.4619548994390006,1.4356780533537186,0.7204344034181316,0.9325364515765342,1.0905409586795844,1.218152417079302,0.5282065948066936,1.1624304862197201,1.0733188069774386,1.0103308648069278,2.278327118775842,1.8142453951910824,0.4360008269959601,0.5095447980659341,1.3268922554520743,1.3277803713055567,1.0049769141567093,0.7618313121928897,1.4467079133172756,0.5069343675858319,1.1944436508815826,0.41482942400716066,0.42891577136338366,0.5953620553915099,1.1038754769461163,1.8537990396900828,1.081540279158,1.1691390684107508,0.9770254166056793,1.3603321142370612,1.1008773442118365,0.7848600006218184,0.2507491773473338,1.3166778613501529,1.6252908710171994,0.9570404842064447,1.4489108302302274,0.9613013321763526,1.2646807108212208,1.4914253318934536,1.4327183332083846,0.8970552190451002,0.6812494705748006,1.020404809827613,0.7351453396401336,0.5805828234650497,0.6245161739261711,1.2786313766018162
"Egypt, Arab Rep.",0.6440857425333406,0.7546811125962999,0.5951746769048084,0.3965737758379625,0.5782740573047228,0.7868327461972101,0.7170580560678917,0.34338459315109304,0.5444565844986194,0.5207034679032123,1.295067330215674,0.6027388234587584,0.5017265709209994,0.37903093879968947,0.45959552975581747,0.5205333922167531,0.7486876700392523,1.0696253865603902,0.7363509025801002,0.45057849436473807,0.42690415078018734,1.0,0.8691314815348097,1.1069832733208071,1.1270337785185238,1.0422241003963002,0.7872333294475506,0.47062796754559194,1.201847075236007,0.8830321288935044,1.3289334396262988,0.7417625800744516,0.46625815104248225,0.4401912117851596,1.0207492291124383,0.6629060559331047,0.7036949533185743,0.9813715677412926,0.8944743748076839,0.37321352843611016,1.0512723733310811,0.8007914299103472,1.008872718135974,1.647987667415271,1.5463588413348301,0.332656686053233,0.3455012498870296,0.8048152323498838,0.9189860803121399,0.9095518356458573,0.6269429210997208,1.0536258245371894,0.5963662016591798,0.8182471447334645,0.4642239364088693,0.5076190034778237,0.42792925767015166,0.829315148961665,2.0455752036681494,0.6144003424970877,0.7779162714459077,0.5668556156765466,1.1235107850360269,1.079652359117149,0.7474803243219353,0.24788809024025507,0.9634116876055508,1.397590977601786,0.6851098682097859,1.291809557778554,0.8903384049295943,0.8688135974218675,1.431975426617291,1.1072808936686362,0.5755129613282577,0.4853056012410249,0.7085587183141443,0.5251094310189504,0.49766688993667096,0.4448957581662704,1.257852951241363
El Salvador,0.5642982859164887,1.1339127530705633,0.5952633936935788,0.9912017765493214,0.6738949411594366,0.5737628637220806,0.862429261876491,0.7670930942395723,0.7985015287682898,0.7829688751413321,1.6790573908637925,0.921420725075748,0.622538478209013,0.7901398391184544,0.8584699234159477,0.9052373290489895,0.5720130986768359,1.3837800270895901,1.0703818938579202,1.0856960150405985,1.1736479739995527,0.8691314815348097,1.0,1.801253852344353,0.6593222091182511,0.9672374069538013,0.9037467326531118,0.6653553068684178,2.5215754456180735,0.7565721378805024,0.8108005376044112,0.7937424888695989,0.7391906168370146,0.4327565535710764,0.7562515661084426,0.9990794255596009,0.8350737585425299,0.5019889843760078,1.090960807043859,0.49047375672968774,0.5761703683410139,1.0061803844458015,0.8533784399841489,1.3020865448618135,0.826746349473116,0.42540830185244616,0.7462185868838298,0.9930538686856123,0.9186311022468513,0.9402790012972956,0.8346212960679853,1.6260004457535626,0.5858980603740179,0.9858151457736265,0.5326232259721738,0.6767969204126113,0.7578766781724346,0.8735086838006019,1.5000843169157976,0.8732596545188092,0.9342155046073907,0.792838228929651,1.4148233305207794,0.6422356516430057,0.4464211214427958,0.6256996202803162,0.5885797450879917,1.538014136317215,0.8887805951914511,1.022440422783927,0.5964114340750329,1.0569006186502565,0.8913774221758146,1.0945544955405115,0.8834373874642728,0.7398895100183657,0.9179905850082105,0.6883008184156012,0.5659595746243106,0.579041359718697,0.5979009061050947
Estonia,2.4920292970327074,1.8176512830269138,0.8862371699554,1.477260191989329,1.4869555879573921,1.036858219474992,0.6541169445115887,0.8881963987615076,1.0718767443676087,1.147006048744491,1.5341917691897125,0.8720417710887822,2.5154438965888337,0.834175386721899,1.1891639855769989,1.5984494917452656,0.9584342889536906,0.9410307696487679,1.5460373957430251,2.2825409259881346,1.5171381265028587,1.1069832733208071,1.801253852344353,1.0,1.0495981650299588,0.6518617599742813,0.6249754025041276,0.6933815470035093,0.4579421951471332,0.9123698203152797,1.4473791124528081,0.5076537009114234,0.7588628054805434,0.8709475050891404,1.2862678194542767,0.6367908593282333,0.8277880462843605,0.8825174709399196,0.8845216982638004,0.808573516608734,1.2218630097128196,0.61007575775537,1.1371578973281316,1.2086663177488886,1.092031807925559,0.9222114493983968,0.8317074022792645,0.7726900013044395,0.9844517010586352,1.0234266971508874,0.5491920228526116,0.578969839857797,0.8713134795000806,0.8901750105658273,0.7638769402303088,0.6629085970261561,0.7836563587111278,0.4786913385746033,2.064447416470475,0.8197600177677554,0.9459593831124556,0.8090532374252271,0.9927875270306921,0.7250890770421677,0.8567394689594772,0.8374919409061136,1.1157887603751353,0.9926825921022409,0.8172491530087996,0.8433131057321798,0.9977968443698594,0.7321545724454425,1.8710984543444842,1.0244036955125722,0.9461598682957258,0.7169621536588359,0.6366697727980579,0.6211507378208116,0.5880885951856192,0.8718956591606051,1.0087395769810692
Finland,0.7720003622799715,1.4731959162774264,0.7784440117262938,1.4799114881001156,0.958797870826202,0.7480061772164065,0.8807775633728144,0.94975166236092,0.9784341945637042,1.0541533805902437,1.309962781127785,1.0293323949675033,0.9848307339786389,1.035251812420406,1.2980654235510691,1.2445854590925594,0.8290158631495658,1.859925276111486,1.7564633437006092,1.5221386309822413,1.328995681365474,1.1270337785185238,0.6593222091182511,1.0495981650299588,1.0,1.090310735990931,0.8376153545206418,0.7354636413338645,1.3652519803496017,0.9698045950548901,1.2573518652810012,0.8467527193553064,0.7964386734625066,0.6537502322216129,1.0335284662916544,0.8295486052838646,0.9100960813989151,0.8456745631443187,1.0991112951696758,0.6996672132208155,0.8250253307840881,0.8351311898792328,1.5356852360060467,2.241164049289857,1.564719469091213,0.654533469569381,0.841136614533804,0.9979230741301209,1.0520032170664573,0.9445038744227015,0.7505228152676013,1.1465226824831927,0.8356713763326281,0.9868197870796418,0.7548139383534893,0.840638996441601,0.8500376792199912,0.7787284480898129,1.5723461840407056,0.9162692469214525,0.9784822796855951,0.8555564945621948,1.1681116066267072,1.0932888096827666,0.8096270004524728,0.7849944972851804,0.8042645142186723,1.4105193267544283,0.9064438340384539,0.7997912304537849,0.8254964716281419,0.9204381761530304,1.3987448842232577,1.0728265190486328,0.9629188498570111,0.7726104881991657,0.8159924921176497,0.7312015742077402,0.6956387568007005,0.748546439674647,1.2957835062973502
