Country Name,Albania,Angola,Australia,Austria,Azerbaijan,Bangladesh,Belarus,Belgium,Bolivia,Brazil,Bulgaria,Burkina Faso,Cambodia,Cameroon,Canada,Chad,Chile,China,Colombia,Costa Rica,Croatia,Czech Republic,Denmark,Dominican Republic,Ecuador,"Egypt, Arab Rep.",El Salvador,Estonia,Finland,France,Germany,Ghana,Greece,Guatemala,Honduras,Hungary,India,Indonesia,"Iran, Islamic Rep.",Ireland,Israel,Italy,Jamaica,Japan,Jordan,Kazakhstan,Kenya,"Korea, Rep.",Kuwait,Kyrgyz Republic,Latvia,Lithuania,Madagascar,Mali,Mexico,Moldova,Mongolia,Morocco,Nepal,Netherlands,New Zealand,Nicaragua,Nigeria,North Macedonia,Norway,Oman,Pakistan,Panama,Paraguay,Peru,Philippines,Poland,Portugal,Romania,Russian Federation,Rwanda,Saudi Arabia,Senegal,Singapore,Slovak Republic,South Africa,Spain,Sri Lanka,Sweden,Switzerland,Tanzania,Thailand,Tunisia,Uganda,Ukraine,United Kingdom,United States,Uruguay
Albania,1.0,0.6547722798152985,1.5124106783596265,0.6033826478921336,0.635515681208828,0.5549469173071934,1.0299123333849816,1.8020378953715563,0.6802756209903286,1.0812204694739613,0.7110437751635548,0.5978850217749577,0.688832620561239,0.8458139353013332,0.6097604598412266,0.986161050141532,0.6910927665491449,0.6552369650522686,0.6388612166257222,0.7166778053063372,0.6732971475616898,0.717589863162793,0.570357932215306,4.6790224507229246,0.6393042494996132,0.6199888589319408,0.5561368471077165,1.795265119738362,0.7800479880554964,0.8426018070190596,0.6876856224604598,1.3034619055825298,0.8369213079598071,0.5999650041241308,0.8053411470619601,0.7405763024260279,0.6949360970196864,0.5833493813621756,0.7599291320700906,1.4312244147724358,0.7033317540833703,0.5521942383662812,0.8047299614831922,0.6973316257935785,0.9631756663914027,0.59837490807249,0.6576678719938831,0.8725086100555749,0.6784346969013741,0.9271677133939702,1.6811866642178395,1.0304618428242518,0.7513499684432031,0.7045817146299935,0.5959474935037808,0.7648757681502335,1.056447811113666,0.80296486658475,0.679741089408252,0.5949240529326741,2.2048405981196573,0.4562573299907594,0.6680507618889991,0.9653744456511849,0.6254093197630813,0.6129410152436975,0.5681010120690351,0.6371426070509536,1.0546928046171582,0.7474449490860193,0.8024210914544718,0.7457338418610908,1.3603842207146422,0.7897530355154144,0.6444796440584177,0.7674497882305489,0.5921627933967961,0.6557012151201206,0.7751734372360815,1.0835267009237604,0.8903237479873832,0.8439560559674043,0.6365919143894202,1.0971240242704097,1.0461954703123777,0.6854137220895788,0.6674630120653273,0.6439627084138491,0.9425425653777169,0.6379107123490826,0.621455063395057,0.6686442017831428,0.9033358581889331
Angola,0.6547722798152985,1.0,2.20565597502703,0.7424417239919547,0.44266914965629145,0.7397372684401963,1.2234163019120923,1.5381701619255623,0.8417472703128507,1.6591221298981895,0.8181861334990583,0.9804004977169987,0.6460755134432818,0.9749915573917982,0.512645849366811,2.068613818372519,0.7976246178814216,0.6118790293395381,0.7683861012005158,0.8933594532240251,0.6493780832418945,0.6654894017461157,0.38162260991533026,1.7971988675167856,0.4164265145424399,0.5968047026898909,1.072372319024223,1.4946715876465404,1.4746658188952968,0.6729703689634463,0.6556130777645749,1.024591622653933,1.0770559620945268,0.9421108547266789,1.052077235032972,0.5211770954482882,0.700703113996146,0.32380163133842094,0.6482789770118115,1.6643167998626573,1.4845883626198528,0.8385085722742933,0.8525542343412074,0.6698436315258903,1.1445805868004921,0.43731179772464485,0.6754675699435645,0.8923632268927062,0.658757985695116,1.018734333921061,1.756991007172124,1.0472487562669743,0.951543784012403,1.0183173437806667,0.6488138784010448,1.124937204765005,1.6107736400881612,1.1631308642012166,0.6859636577123472,0.677475243943716,1.6712053513696916,1.175480872195358,0.333474693839206,1.2625479617551185,0.3006810669097499,0.46838274875626995,0.6963686879928599,0.8722578171731852,1.1273737548465672,0.9566169147781849,1.0917353872526625,0.8741296172441931,1.7304041757861222,0.6583994096678595,0.48865066714523353,0.7475016797972264,0.4728713760629203,0.9744517910221725,0.7583806402772489,0.8744933511367882,0.9244479573741066,1.5779803127192171,0.628717163266642,1.415946406847534,1.0175904903578061,0.7337169374872822,0.9083919656103807,0.6750049342340797,1.1251427985703464,0.5889532785637852,0.3825941115421078,0.4884230760647962,0.9196691445547962
Australia,1.5124106783596265,2.20565597502703,1.0,0.4054893573650156,0.552761054900267,0.482227035561449,1.2519352860124129,1.2654282959426804,0.6046407661126285,0.6933835091862086,0.48269805449747233,0.5725418241295903,0.7106713265335279,0.6760523465691282,0.6441452031232334,0.8608885826346713,0.5863332009831228,0.4496324821760947,0.5187316459440184,0.6326979815376871,0.5104247451537235,0.5316008545210952,0.5516255997627442,1.4292052310923684,0.6431406132452591,0.6139734879254322,0.5795484814358111,0.808500390204302,0.7710695011149438,0.7803504298226303,0.4134897635085752,0.7890731000271868,0.3678080867289964,0.5261937018973637,0.7570079909854796,0.6255265150982511,0.40828623620648885,0.6188989794727814,0.8280989552150014,1.1539285196126594,0.5254057126830073,0.5190019737260237,0.8919383302620313,0.7191066891992761,0.5417125047184765,0.5943238113474847,0.7292528889091568,0.8338594087689118,0.6716102998080277,0.7863421502225815,1.2744795839277103,1.0479689920121882,0.8257686349371673,0.636784774336493,0.5251496318205917,0.6092367163343436,0.2946052695601175,0.4896825692198825,0.6777184173348816,0.4714573604235026,0.6400781266488207,0.5008887183768117,0.7100914003288917,0.7162491354759104,0.6252981453568095,0.6306022220319483,0.5311570338909822,0.5103167053868823,1.1326531655621161,0.519408945643603,0.5051310297797936,0.4604327019012489,1.0403849371470628,0.8222278406133903,0.7159128876952973,0.8142919081176303,0.58279910796726,0.5882132036980536,0.8549153639800131,0.9973637366720262,0.4838859717988134,0.673718301296918,0.7289013131061667,0.35159427334213805,1.1677808799031468,0.6613152159067867,0.47196791715131353,0.4217586775195289,0.8895342957696238,0.41342917846694716,0.5235103909928382,0.6083390023340527,0.8711355801785855
Austria,0.6033826478921336,0.7424417239919547,0.4054893573650156,1.0,0.6902788238600174,0.358639450457679,1.270341717212034,1.673513680393922,0.6497432746073246,1.3539386085445813,0.5136707103602478,0.6589482421933172,0.7099207281422454,0.7884740725707373,0.8307028020165202,1.4841506292232018,0.7333530960123342,0.5541147520513083,0.4474376126382123,0.6486974734176433,0.3603410949515522,0.7413657230185736,0.49731491166204067,2.5533053007055004,0.6702913336746292,0.6699946954327802,0.7525443866675549,1.1403706173995485,1.1479871488828857,0.806584118256619,0.5144611044000438,0.9623221487667039,0.6335792097445682,0.5382584155366986,0.794058564507701,0.6084104484862047,0.4564765716798328,0.7057635302108337,0.972905413673504,1.6480905758049265,0.7142635950181857,0.33433421906034083,1.0626631745367578,0.7477367997705461,0.7383515421311456,0.7201660853725652,0.8323863539434626,0.9419824908268616,0.679578222673378,0.9006730940189325,2.3748736108177146,1.4804426826117891,0.8720359605635095,0.6173575595174885,0.42930913081789807,0.96510177162269,1.0328473088536947,0.6187202626600744,0.6311994938587373,0.2973251274077452,1.4019055011915211,0.5942516436002542,0.7940438165229542,1.1189286449905633,0.6441656256760591,0.5629164698025891,0.4130555784678335,0.5052177057760573,1.5858676891893349,0.6842447909686511,0.6935115642580717,0.6580215627824255,1.7689564960434496,0.9535235696491061,0.8378907644321506,0.7845637218722396,0.5115728053825209,0.6252808930836016,0.8451501956424678,1.1189554617238033,0.688373319885622,0.844978639175324,0.7896506711518585,0.9985476556563669,1.4589081578920176,0.5882675754958658,0.46669466216496036,0.3756026437306571,1.5185008438716632,0.3962273743418698,0.528631888489247,0.7511049886049521,1.2982643679507013
Azerbaijan,0.635515681208828,0.44266914965629145,0.552761054900267,0.6902788238600174,1.0,0.5809445518290182,1.2239466938974752,1.7116275869019395,0.5726384269398596,1.1452748261634305,0.5966568254740995,0.8002245457960658,0.6569783188509629,0.6908342402388948,0.5242361633334658,1.360902657846415,0.5272649778559473,0.4512528473141703,0.5690174554056638,0.75415386808486,0.5604318898780978,0.5739670621653952,0.3267947183344805,2.104513039079538,0.3391774019166426,0.3888610737138495,0.8840070515688164,1.2059812572785353,1.4120565297168597,0.7249727535247164,0.4876493818946207,0.9663955767942977,0.7302583354477453,0.7681621979894242,0.9410329034370899,0.5621312958386874,0.5017852991754976,0.3868014845921836,0.5462313979279545,1.7245227324985901,1.096221368956851,0.6575828891928264,0.8038459421494248,0.6936968322621218,0.8826969808800867,0.30082952219053494,0.7235921840662343,0.9005152394353548,0.5572315171990098,0.8615757305532359,2.1466128147782966,1.3553317963010914,0.9086040266879248,0.8250628652741903,0.47004143873550047,0.833231621756754,0.9878736597046102,0.8796912127050075,0.6465976577731369,0.5658884911306392,1.253036517391597,0.8727748173203568,0.4584181807080486,0.9100114656287606,0.33600370646529715,0.4653345976521475,0.5227389766004374,0.7046593244362217,1.3461178074063436,0.6505996748079741,0.8054695096295386,0.6235125627131429,1.3841496695049238,0.8068168034052572,0.5830527688948758,0.7498258588184553,0.3762186935877224,0.7736633086316376,0.7484072177196144,0.9517874624144561,0.7043977424666085,1.3112938373376668,0.6670267285178402,0.957188442309994,1.2231517334136037,0.6734050858832026,0.6548949939471828,0.5053511477007082,1.4326515905278165,0.47927296110179446,0.3652516168202819,0.45385764460723643,1.1602071043599338
Bangladesh,0.5549469173071934,0.7397372684401963,0.482227035561449,0.358639450457679,0.5809445518290182,1.0,1.064943583375738,1.9272528053423816,0.49453976357852397,1.4519500775405756,0.49754195607732116,0.5773270876182909,0.7115813092555202,0.6968851520396986,0.7639423907465245,1.1778477135804126,0.5646921666609147,0.5653596171648978,0.5321136232251594,0.5456707902473991,0.5239301423991299,0.772890435549398,0.4789856283789816,2.793005797122858,0.6180789387219361,0.5707690342387508,0.6840083009397282,1.4043454564335485,1.029748778045867,0.8712295231736159,0.6101581489476965,1.2057636554056212,0.712443309012612,0.4908682953667607,0.765000102395096,0.7285490651601971,0.5519732962983824,0.6504786269899158,0.8965910981870994,1.7702278173206294,0.6314329280518521,0.49294837158124655,0.8044085691896854,0.7168664214826391,0.7086956585260459,0.7026885608419855,0.760536654587006,1.003120381239541,0.7135524286709161,0.8924894803310817,1.7798180141895905,1.2726533524209265,0.7718369142362859,0.5471845604599695,0.37457833909743304,0.981725643416216,0.9310188600845029,0.5647648193150727,0.6108834716201322,0.3709326048249643,1.6404030752945897,0.584130339869078,0.770056035908763,0.9008981686750901,0.6741906885701155,0.5756028433679744,0.28774769380333676,0.5086761246895399,1.665458491048361,0.5024896456492574,0.6079529931084843,0.6040228295623378,1.4885206487813822,0.9443538780988563,0.8054309198989211,0.7575693042538424,0.4861995356061998,0.571622763852181,0.8078475348508254,1.1061930251624974,0.8247025553405468,0.9687566828040254,0.7543523377342024,1.098882406296834,1.2634003705582004,0.4867704745787799,0.39828528041826383,0.42277641817927525,1.2402044095779092,0.4706740695458304,0.6468996143611009,0.7546498286695681,1.0928828941135345
Belarus,1.0299123333849816,1.2234163019120923,1.2519352860124129,1.270341717212034,1.2239466938974752,1.064943583375738,1.0,1.4483793013983515,0.8265835189315814,1.1138156510662598,0.7992957716412274,0.5750029202473319,0.7394316931127107,0.9472585626230219,0.6201569376875525,1.041712479529892,0.742677820866525,0.7411962325799144,0.8899239957167647,0.7311546281441952,0.7920574550785898,0.8006792484931116,0.659366461217079,1.4041434317222279,0.7417841462057797,0.7211448418746662,0.5817743662430087,1.0875118055381416,0.7685778429491934,0.8719393854188227,0.7864729492660885,1.0937712013485497,0.8687965313961844,0.7960626891251225,0.8577590229693877,0.7438625502532039,0.8011876131403943,0.6241877560480867,0.8089644718006467,0.9737100117443739,0.7065310161406455,0.8697254824608047,0.760496511176477,0.7257485951889635,0.862395626108181,0.6580483010033064,0.666530392212317,0.826407944233892,0.9082372729019486,0.7741857452475747,0.7845588322832527,0.6361000681104082,0.532794469800313,0.7918706499042095,0.7855049137407123,0.9229524049271227,0.8298944964176179,0.764811569547082,0.7690856573339987,0.7897564074109213,1.0689093969747054,0.7577384175386009,0.6394156183727449,0.9317945798018724,0.6415112986503854,0.7094064498789496,0.8121161059274601,0.8134739126096248,0.9235362897161074,0.7399809232565161,0.8511022010256165,0.7937419963275226,1.0689982477877904,0.6083809505773383,0.544744931536768,0.7847708160130683,0.7290442658862466,0.7234524124338412,0.7827706966893986,0.9588738340451789,0.9495288224009042,0.894413740495616,0.7063259072613031,0.9218626427974038,0.8870239302577468,0.7278890044059839,0.8177167950354394,0.7659526893097173,0.7847109236285758,0.7265316284536851,0.681755812682875,0.7454179336950859,0.5863659760030902
Belgium,1.8020378953715563,1.5381701619255623,1.2654282959426804,1.673513680393922,1.7116275869019395,1.9272528053423816,1.4483793013983515,1.0,0.8697839795976059,0.8663448967025453,0.9002108027237636,0.8869888478897581,0.7858839262929765,0.9019262392473466,0.9609242232368344,0.7569352452372486,0.8767557996862201,0.848500510795642,0.8525024797124623,0.9112974843920392,0.7505097779052223,0.8879607680822388,0.8739317244700442,0.9489583770041029,0.9058009535089713,0.9032896355422483,0.9086281090086576,0.6630550251730344,0.9541326123007707,0.6847775789367121,0.8036080622111477,0.6993548900372749,0.8424679080400184,0.8566888928959829,0.9774205000483503,0.8308856398611577,0.837359069469512,0.9474252331051827,0.9422367111475787,0.9742887931663088,0.901964257105314,0.7854173093721619,1.00301311679144,0.7727407304145218,0.8636151173114689,0.8946402008529208,0.8471962046417743,0.7952193139280168,0.8680009907064825,0.8623556829966444,0.9241433129280987,0.9113969815057673,0.9755335338069909,0.8921612089138958,0.8574040921622902,0.7900487014352375,0.7588399088240673,0.8775070662751283,0.7622432090793213,0.7579038774179383,0.7875396011369609,0.786707498516746,1.0013909293220669,0.9033314666117577,0.9129007940111453,0.8430263116742844,0.831868206192636,0.7179885146521134,0.9607421453190003,0.8676905509266128,0.9048891714107031,0.864705290165114,0.8679060374879752,0.8632631026347826,0.9869740695690115,0.9207332070083469,0.8826553841208716,0.8251843839333858,0.8792036850058809,1.2517852821909305,0.8864878306381649,0.9508268468231211,0.7894469768028496,0.8265677422688122,1.271663334395172,0.8969709005457516,0.8779913706113002,0.7974291666014793,0.9387003478054589,0.8005690796800224,0.8103436193358902,0.9577695449772601,0.9219006782338436
Bolivia,0.6802756209903286,0.8417472703128507,0.6046407661126285,0.6497432746073246,0.5726384269398596,0.49453976357852397,0.8265835189315814,0.8697839795976059,1.0,0.7867423083474795,0.3637052406435503,0.6518994182409221,0.7346259791850991,0.45350479046968445,0.6930532361621387,0.6815622145208601,0.280411422377265,0.4006274565332378,0.4083362477419346,0.536618841294029,0.5547614903606836,0.6272289790525152,0.4036866516295563,1.3444861912235173,0.4268450468544262,0.3367036645134426,0.7304906729513618,0.9186038235420364,0.9682344247142939,0.8498333375665609,0.4790697358611967,0.9585716787090868,0.4859651407993799,0.5740500775918226,0.8032218605846193,0.6983687623233659,0.398032275030803,0.5688741245157618,0.6800807848308055,1.2092827855033017,0.67230537411594,0.4961519153634888,0.6017677538355104,0.7545874122090761,0.6534370638592598,0.5668479433755335,0.8056669045460855,0.9144933866090089,0.5277335862700989,0.7636502839405359,1.3774532492953002,1.3012552310717675,0.8037330926887811,0.650475854525034,0.2373567574137794,0.7776876273661781,0.6037792695280754,0.6032219742588644,0.6431658899963744,0.47525229079044695,0.9376879087866042,0.6549959948743457,0.6981538199225288,0.5823920890310564,0.5916330495915426,0.5309049792911147,0.2813718806832887,0.6058741876113428,1.342603368176795,0.2991771421798496,0.47227096508451255,0.4445067359889583,0.8559452061394176,0.9917877700694638,0.8156326222848514,0.7879005609905666,0.3455322141095924,0.6523801228209973,0.7837663675077151,1.0002841351931138,0.6220238808481203,0.909804832979332,0.7711591432013336,0.7223220589236397,1.324937414933814,0.6103351089535144,0.3488169695093714,0.3843510775881347,1.1305393815556561,0.43585068217243067,0.5688663584539728,0.6092118093763815,1.1173772887250393
Brazil,1.0812204694739613,1.6591221298981895,0.6933835091862086,1.3539386085445813,1.1452748261634305,1.4519500775405756,1.1138156510662598,0.8663448967025453,0.7867423083474795,1.0,0.6279639584034465,0.7253033752450392,0.8595667884134484,0.6995363780105248,0.7930504437737046,0.8215104201286783,0.6782677995073364,0.5862884310271808,0.5563311676495446,0.7459619326033812,0.6940959893739589,0.7325712759484981,0.6668494205241513,1.5969337489909656,0.7094742733687504,0.6444074664061133,0.7640661968813256,0.9623591525683288,0.9620412714948311,0.966912831703915,0.5726593150085738,0.9450986657281544,0.5761022468260188,0.6993953103143861,0.8770692994212952,0.8446494660499673,0.5234586331385735,0.7808141607999914,0.8178516229344716,1.4255350978937809,0.7084942395495661,0.5953947056901796,1.018434850163469,0.852934646797854,0.7315090929445908,0.6976236003738837,0.9505129926260465,0.9198085688655366,0.7115106874406878,0.8214752481480407,1.2735239159814826,1.2644191974710568,0.9502328116732844,0.7401849286216807,0.5658197576450156,0.852107293498453,0.6442883496557203,0.6834342734961207,0.7591619140121536,0.6236155328927828,0.9654877993503753,0.7072391126688332,0.8941165619920608,0.8411882119730922,0.7614419248648749,0.7741630245883344,0.5787476712657827,0.7008708091051277,1.1322595537760103,0.6496249116699379,0.6902835687818938,0.6420539669960714,1.0662001911981438,1.1015946945148227,0.9347317129433027,0.9539034585479842,0.6431693314817977,0.7045987780900455,0.9297878153045477,1.1660024736612393,0.6525365807385722,0.9049862364487391,0.8757642473708898,0.6749000667321918,1.4924965072186014,0.79400376654077,0.5321350998849633,0.5442327387929518,1.1577730212563953,0.5990252250458296,0.6840893808471707,0.723004812170588,1.2054302372062116
Bulgaria,0.7110437751635548,0.8181861334990583,0.48269805449747233,0.5136707103602478,0.5966568254740995,0.49754195607732116,0.7992957716412274,0.9002108027237636,0.3637052406435503,0.6279639584034465,1.0,0.6594416875771508,0.7404760290388863,0.541805431339091,0.7470982659045671,0.9635038898510006,0.39683753717677167,0.3386733784934657,0.4100823260715263,0.5706426701615588,0.5023163833020756,0.557897044220875,0.4342574343349314,1.9171060850306019,0.5349124504864807,0.5073533413049557,0.7531224528946674,1.0833422875923602,1.0636320664581307,0.8508236197541991,0.41077818147431944,1.0100574571952343,0.34235746670769657,0.5601573329047731,0.8137025812194384,0.6493296472632532,0.34616283994633323,0.6087564673780339,0.8417856480479646,1.4319308914435416,0.704327629729861,0.5206451058929676,0.77732337535377,0.7820746561999549,0.6697076484504875,0.6124726386559095,0.8647412148446975,1.0126286137954672,0.6096965676348337,0.8198525788881816,1.762031701088266,1.4275412639963267,0.9030920493226161,0.6434782272078988,0.3482135588473564,0.8122704605761732,0.581825979933092,0.5903540615349022,0.6476169683735659,0.45221651513805355,1.0564390558053556,0.6418206273718865,0.7124468109557195,0.7060828271621582,0.6120962582631119,0.584859334543025,0.4108960926896123,0.5721484604959614,1.4882870565294586,0.3381823875036236,0.5103250288274019,0.28754953975123093,1.0512698426516083,1.0010951338539216,0.8291904564249499,0.8277524603100785,0.4477240280756461,0.6568137192181618,0.8439359770435431,0.94891020842925,0.5786404996209962,0.8515469519381333,0.7943997360857056,0.6712743148477911,1.4058769748297986,0.6101622860873095,0.4120749129370402,0.396837958599546,1.3782632469701108,0.3506143393174517,0.542712289643288,0.6266579212374104,1.2574249703294271
Burkina Faso,0.5978850217749577,0.9804004977169987,0.5725418241295903,0.6589482421933172,0.8002245457960658,0.5773270876182909,0.5750029202473319,0.8869888478897581,0.6518994182409221,0.7253033752450392,0.6594416875771508,1.0,0.6488416997103285,0.877699628064658,0.5361644864486292,1.0496496073147794,0.6529900901169404,0.6217297655979428,0.7750665232690146,0.6337010361185146,0.7299574961479762,0.6853668239785176,0.5536794621536048,3.7193383206299733,0.6455167726109329,0.6078025299839759,0.393583757300251,1.5471289387008083,0.7085425376835807,0.8052501450422241,0.6672798870879137,1.2643708268853677,0.8292700981151615,0.633817310683424,0.819724595078629,0.7355502088665213,0.675221442447555,0.5380715220419156,0.7664029939677234,1.39987370918422,0.6202434134081007,0.8296849333430117,0.7375642081009133,0.670771906704567,0.8058731773601463,0.5799043087006599,0.6230255168310783,0.9760486285740202,0.8523187920098771,0.6904290938168112,1.4843963372473448,0.8826399715692039,0.5928679157004383,0.4849249125211181,0.6379275324203988,0.8573231720226695,0.9700206281889721,0.6128423115375947,0.6465493825919288,0.629336295379847,1.7426796916951897,0.5141513546602956,0.6486471361966938,0.914267493378861,0.6070766110260214,0.6534241973196816,0.6596700213388234,0.6040441438602866,1.1939261752148367,0.6686603876407285,0.800312186137561,0.6995420561662262,1.4108223343957924,0.7089955752299554,0.5686043069976645,0.6928264474868522,0.6097556420856552,0.3670678150934869,0.7378117731248787,1.0182068334355154,0.8560875267829539,0.9220146298642844,0.6128904652306104,1.0766367589540955,0.9132700697959022,0.5508554994529465,0.6850448942858546,0.6269907823851801,0.8291579930351312,0.586467903054488,0.6107616366396924,0.6368225148121935,0.7121851752594962
Cambodia,0.688832620561239,0.6460755134432818,0.7106713265335279,0.7099207281422454,0.6569783188509629,0.7115813092555202,0.7394316931127107,0.7858839262929765,0.7346259791850991,0.8595667884134484,0.7404760290388863,0.6488416997103285,1.0,1.6498335985361507,1.3840667605645416,1.9859624910229259,1.282130321741841,1.3027794415624419,1.289197691689798,1.200183185806531,1.2930327436970204,1.4623398709319702,0.9087888505290902,1.7043450337041772,1.1621432788871022,1.0789081215696859,1.630710564846074,1.7671016077512318,1.606758842746457,1.2431728706744611,1.5765410893371568,1.0216627189944436,1.861986226715411,1.3303062453238046,1.3909097073478396,1.2283925593349785,1.505133771142744,0.9954319692264552,1.4466505619320145,1.8130146386300443,1.7807287371672311,1.3021766900279954,1.038411454720336,0.5675515378375973,1.711753455955864,1.222473639942306,0.4844734570709338,0.8320530746079089,1.2390594426471513,1.197115764658264,1.6059426721024437,1.255896202066599,1.3214124080174805,1.3335261049833662,1.068905141200831,1.5509448345914099,1.9999106671741211,1.6364469708400344,0.773001662810741,1.111742667549305,2.2273901714516016,1.575179577538775,1.1254332014466348,1.8671231960807038,1.1459916987383987,0.9164706624272072,1.066337694492273,1.0980849464864453,1.2081274637101351,1.3759477026226798,1.6758615937624697,1.441279066733455,1.8770223693768422,0.9348795766830882,1.2197233094919675,0.5209502077988788,0.9678765601815571,1.3041785993669779,0.4399773731962048,1.6494747322783798,2.105734919949795,1.8370502255678083,0.7579866432573548,2.0512313276991465,1.6826304006247212,0.7225914840018314,1.3788314184810557,1.3360320650018929,0.997536772976583,1.0878725198224748,1.2268568497259669,1.3833197423251626,1.1473156846030372
Cameroon,0.8458139353013332,0.9749915573917982,0.6760523465691282,0.7884740725707373,0.6908342402388948,0.6968851520396986,0.9472585626230219,0.9019262392473466,0.45350479046968445,0.6995363780105248,0.541805431339091,0.877699628064658,1.6498335985361507,1.0,0.8476066076743829,1.173832242280019,0.6414584148915152,0.5847511020812437,0.5550607655154245,0.6701340476039039,0.5878446795346326,0.7515949513284429,0.5615609199021735,1.228555094181807,0.5495940802434233,0.6549819604514945,0.8614814608380831,0.9017102379793189,1.0528438482083382,0.8953379362240262,0.6055615359216975,0.8996726493626872,0.6955263915495667,0.6989808885392761,0.9101736788704101,0.7255619887408928,0.5204789477061063,0.720591643146867,0.7304865386993084,1.2144701837761267,0.8085058423760499,0.5614104319531226,0.8208707939052584,0.8382982407907128,0.715522157276095,0.7351491597286068,0.9464729240739178,0.8952768907927888,0.6150083448260386,0.7614259590579905,1.783333461177921,1.6251080959554922,0.9129409886355456,0.7398088341707035,0.5075322165040027,0.8818928672598327,0.8533881749410559,0.6986285150240253,0.7271041119639102,0.5774674174125011,0.8430684579689377,0.745356127970883,0.7926711061931907,0.8757921976420715,0.6732289066860588,0.6544105322812439,0.5759852489852268,0.6722689398201722,1.2217970710191208,0.6267150944516964,0.810306959154402,0.7162011829835256,0.9868058984614888,1.1188664669591692,0.9352081775394876,0.9018377456397731,0.5419383814372951,0.7278496232371483,0.8287534595341928,1.0109614651734034,0.7055609024341187,0.9294049114346811,0.8883340310138357,0.8283779331403525,1.5508770437894714,0.7677912508725162,0.5531480699738309,0.4652288360252492,1.2777090943756473,0.5500417214043258,0.6365759112288314,0.7554859148664408,1.3114774409127357
Canada,0.6097604598412266,0.512645849366811,0.6441452031232334,0.8307028020165202,0.5242361633334658,0.7639423907465245,0.6201569376875525,0.9609242232368344,0.6930532361621387,0.7930504437737046,0.7470982659045671,0.5361644864486292,1.3840667605645416,0.8476066076743829,1.0,1.1426834217038881,0.5783151873225741,0.488490225682462,0.7109685623715103,0.7695381163292065,0.6997687612487082,0.516112864211865,0.3636873659214189,3.427190618205553,0.4036114063742367,0.4121240552684255,0.6669275447663076,1.81777779716584,1.0065856765535317,0.697235757725267,0.5506652286953458,1.1713785694096424,0.8449187852442461,0.8248271052391671,0.9809147635556389,0.5961007770917203,0.5854488460145211,0.24334673428093612,0.5114078107454443,1.5704444878595234,1.090855371700837,0.8658074952491934,0.6479671919073,0.6259194202428385,0.9693148948540055,0.27932123732262515,0.5741189856381671,0.9641584357423136,0.6930789348410487,1.0169979546985966,1.7580656092533862,0.9532670084501466,0.9309111817407858,0.8753607149122767,0.5669724844880775,0.883088879236006,1.1350852067867399,0.9374554717782961,0.6513103876679252,0.6556078381973421,2.176132064200393,0.8910094227510376,0.3667414493442633,0.9085355884619767,0.344664481666812,0.49099071292596635,0.6174712995659865,0.8126883002637608,1.269438804878297,0.7171253271870083,0.8564687205798728,0.6656249472197509,1.5848483578308552,0.6071066174282771,0.39281991821551904,0.6895423789173506,0.42790807419952714,0.815667277626752,0.7216627243992899,0.8724362971276652,0.7689308525199028,1.382886592447454,0.5523424722491066,1.1364421719298978,0.8788046700387653,0.6864559298780738,0.7333448208622247,0.601043097022317,0.8900608198442448,0.5330116966559826,0.41500187848078507,0.3016018504298893,0.7865783145214584
Chad,0.986161050141532,2.068613818372519,0.8608885826346713,1.4841506292232018,1.360902657846415,1.1778477135804126,1.041712479529892,0.7569352452372486,0.6815622145208601,0.8215104201286783,0.9635038898510006,1.0496496073147794,1.9859624910229259,1.173832242280019,1.1426834217038881,1.0,0.44311035534463633,0.4667110945785172,0.510882047429561,0.6475103034844033,0.6056385382871944,0.5858051058936286,0.5472443632748896,0.8954415815258387,0.5263149288397432,0.43957165257099945,0.7442239226004661,0.6450686514045019,0.9159739308477819,0.795295553728483,0.5052589488191681,0.7123421609545532,0.5359223809060029,0.651623256873189,0.8138774521289983,0.6992932107678403,0.4892695756425116,0.6521996193766815,0.6439388015401472,0.9314048001504871,0.727928238328014,0.5868449090553431,0.7148611479998631,0.7931449059379432,0.6551118725555373,0.5531939155169295,0.8566038115181077,0.8298332687697316,0.5591489591735503,0.7194904787805247,1.1295081029475365,1.2228170814761417,0.7998174235013632,0.7047187300270988,0.4527897822320985,0.6250084073353536,0.5456838682746077,0.6479694152888155,0.6830002789959424,0.5646708221987948,0.7244954904633746,0.6442892960914637,0.7273351293955637,0.6218085123765315,0.6476196638187338,0.6187777296307507,0.48871477240455097,0.5851122618061543,1.145624598319178,0.47506288919361683,0.606169324618991,0.46614902075027254,0.6575726598262361,0.9782398425566123,0.8609416041719163,0.8169797973992508,0.5021629961915359,0.6492423487934664,0.7765605934630487,1.0244081623610883,0.6203802194237688,0.8766625922284594,0.8100678964964767,0.6556008734288999,1.4275012204494035,0.7076136676848032,0.49324689226667084,0.49484326205941875,1.0622622505087727,0.5311644981033324,0.598362265225405,0.5895709752310955,1.0899815451527517
Chile,0.6910927665491449,0.7976246178814216,0.5863332009831228,0.7333530960123342,0.5272649778559473,0.5646921666609147,0.742677820866525,0.8767557996862201,0.280411422377265,0.6782677995073364,0.39683753717677167,0.6529900901169404,1.282130321741841,0.6414584148915152,0.5783151873225741,0.44311035534463633,1.0,0.32800221128437157,0.487825128264026,0.5102476886549827,0.5284475058697724,0.5261550788709883,0.3777465379369908,1.3405491106893879,0.44640665935134566,0.36210570958996824,0.756769820498515,0.8827119177207051,1.0565739275706387,0.7712822155559865,0.4170860781522749,0.8772828260471265,0.4500779887500999,0.5773897342799708,0.7995241820310085,0.6208060727040856,0.3787188777366824,0.49496604277030365,0.7700871232829772,1.0905852362142319,0.7226298814620029,0.5713921423035698,0.508759766612862,0.7157025530078214,0.6403893148550429,0.5195306012974874,0.7778591969773049,0.9202570739106336,0.6159264171006067,0.82546024722637,1.521036869822353,1.3385730701057421,0.8575934134646556,0.661493935289516,0.3516948314365006,0.6976063851061287,0.5562759635919637,0.6126771582830737,0.600959696402774,0.4761865480737686,0.8637704096510435,0.6511582684858047,0.6607283995262192,0.4684900039810489,0.5554102017368735,0.5461440076231238,0.3992913943034472,0.5731141062676852,1.5556916261027636,0.232464811045079,0.4484436371370261,0.38078746205105596,0.8108592695623763,0.9232833725946626,0.7702035180795986,0.7580852088462208,0.3908672912137844,0.6640143266120763,0.7784875485263965,0.9176548009676003,0.5717138339227094,0.9266569417233455,0.7114758135294019,0.6442287404318063,1.3104770183763326,0.5848991989495992,0.417431972350566,0.38621783433545714,1.2234648069654022,0.3790048905471739,0.5005401854628087,0.551955586965955,1.168887106247102
China,0.6552369650522686,0.6118790293395381,0.4496324821760947,0.5541147520513083,0.4512528473141703,0.5653596171648978,0.7411962325799144,0.848500510795642,0.4006274565332378,0.5862884310271808,0.3386733784934657,0.6217297655979428,1.3027794415624419,0.5847511020812437,0.488490225682462,0.4667110945785172,0.32800221128437157,1.0,0.44560366934425305,0.6042276932046996,0.5000262391779287,0.3023942687078798,0.33420566980534955,2.2124298410593815,0.4639178515219879,0.4121008610535572,0.7975421332284006,1.0670141830546984,1.2443655179189497,0.7466130895957229,0.19482951203273052,0.934497234249034,0.39258851462118377,0.5904563808857741,0.8328110062330041,0.5667119767125506,0.18310057854989628,0.4601904309994053,0.8558773219442983,1.8088160067002501,0.7693770354739407,0.5786257965741927,0.8151307406719611,0.7165683468679368,0.6207825399468403,0.4918892197082355,0.7654330114405496,1.0107779169210922,0.6041453798127073,0.9178385030873428,2.0541081295170605,1.425409862674547,0.9391822726358351,0.6982376708364706,0.3607452888394436,0.738251804329522,0.6333874389618401,0.6011115836527188,0.612440168111739,0.44751520015883617,1.0165538180656588,0.6872190903326175,0.62371462132163,0.7580987089179533,0.5119573573302506,0.5288139146880994,0.433851656105606,0.5848485760378843,1.895431148857883,0.4378127344430468,0.5713082112889558,0.2659065372809941,1.4713271834677935,0.8897614743807201,0.7554423068790748,0.7313965695061904,0.3777154105010812,0.6835490369907016,0.7640642561859049,0.8794787484262214,0.41654783521655975,0.9971927772534065,0.7065153511192659,0.6651164934218642,1.3536501336502724,0.6065788623264862,0.41881050564711647,0.3173709664150639,1.5749748001434678,0.2354135260068777,0.4024421269256456,0.40621874330300134,1.2591361052050922
Colombia,0.6388612166257222,0.7683861012005158,0.5187316459440184,0.4474376126382123,0.5690174554056638,0.5321136232251594,0.8899239957167647,0.8525024797124623,0.4083362477419346,0.5563311676495446,0.4100823260715263,0.7750665232690146,1.289197691689798,0.5550607655154245,0.7109685623715103,0.510882047429561,0.487825128264026,0.44560366934425305,1.0,0.6932257176954238,0.5520308736893681,0.781642105141626,0.47813140664353254,3.1904967843905525,0.49252981697348486,0.5408523532075354,0.827230810407385,1.3591955286364812,1.2179544513599143,0.9311490522876169,0.5792102754758123,1.178936221808392,0.6935945092524852,0.6188681736073031,0.8618275372377915,0.7334679701177689,0.479502584983558,0.7030655310337475,0.7252820096934023,2.0337750318077332,0.8016336703270837,0.4272323581163128,0.9926939973534258,0.8108650784415862,0.8168996275787428,0.6670889228907192,0.8923709358538698,0.9514896050413019,0.3777708395341992,0.8559784177328527,2.289660369134698,1.687185964101775,0.9088102847095592,0.7486078323742165,0.27925672235799015,1.0932264081876515,1.0033282580145297,0.7192350184298664,0.7145323503956579,0.4972530924288058,1.5990577355952265,0.7516030770635199,0.7280317709539893,1.0787252539943801,0.6098361488903231,0.5121908051608298,0.357244887311402,0.6644990501027753,1.3172427145694867,0.6724824917148693,0.7606522045304477,0.6107012150250379,1.5333263862736775,1.120834206790588,0.9061645273154478,0.84578337717709,0.38084581625190744,0.7200685478720215,0.8309684894087989,1.1603696485439483,0.7967247980975047,1.0435508724500966,0.8747055713415685,1.1572107041822701,1.5227595380710677,0.7131718264760861,0.44583097222910545,0.4485395583524278,1.4487723238658134,0.5239154359217408,0.6145860224984913,0.6991833141140833,1.3676017403342398
Costa Rica,0.7166778053063372,0.8933594532240251,0.6326979815376871,0.6486974734176433,0.75415386808486,0.5456707902473991,0.7311546281441952,0.9112974843920392,0.536618841294029,0.7459619326033812,0.5706426701615588,0.6337010361185146,1.200183185806531,0.6701340476039039,0.7695381163292065,0.6475103034844033,0.5102476886549827,0.6042276932046996,0.6932257176954238,1.0,0.7440885466980295,0.833133854272771,0.7008958532323646,1.8108026004844575,0.8567963440328099,0.8226289033681218,0.6760396984416882,1.165841188101381,1.004322011430602,0.9551449751789959,0.7468456557809826,1.167409569206758,0.8162133042662452,0.5274804752999347,0.6198151001169707,0.8615470847837218,0.7203556373830868,0.7571421172483357,1.10184031557035,1.4054579194095898,0.7961810094554409,0.8511065438687959,0.8004498284322814,0.812777942307626,0.8027013088726166,0.8365889863203205,0.9015469546802821,0.9879492636072086,1.0363244765074329,0.8609110675123798,1.9992693801192085,1.4108666034551516,0.8938037761659291,0.6270853036026292,0.7496737447414394,1.0241926755710644,0.9345227410112724,0.7112380940633786,0.6145647350405579,0.6427534832973489,1.1267638575936896,0.6787378973368511,0.9291230190653147,0.8937218013963097,0.847132964822663,0.8326527359218913,0.7588112192727263,0.6630938371613996,1.787417116734998,0.6607317653363879,0.7285906375553507,0.7903201078916064,1.5770237747465026,1.0633419500185606,0.9076945505262023,0.8869115983321727,0.7665257630469472,0.677589995513825,0.9114730998424335,1.1224540003677006,0.8968266156464116,0.9954820801749616,0.8309353962479819,0.9509805679661312,1.3784079795033057,0.6860895505628286,0.7255692910522196,0.6438691727892967,1.1783751254183874,0.5732391626960166,0.7728430736951782,0.8783606121245153,1.1453146966916368
Croatia,0.6732971475616898,0.6493780832418945,0.5104247451537235,0.3603410949515522,0.5604318898780978,0.5239301423991299,0.7920574550785898,0.7505097779052223,0.5547614903606836,0.6940959893739589,0.5023163833020756,0.7299574961479762,1.2930327436970204,0.5878446795346326,0.6997687612487082,0.6056385382871944,0.5284475058697724,0.5000262391779287,0.5520308736893681,0.7440885466980295,1.0,1.226725741741915,0.693583560758938,1.4602840675040196,1.0277272247752811,1.234434318423128,1.1532979347462373,0.8688229136261939,1.7856706574088603,0.7168002685909168,0.9328706078572838,0.7736043908584845,1.4192399717146198,0.786474447166008,0.9420222340234743,0.41674280727235014,1.0161962516298269,1.1077875016241894,1.3470456372866113,1.3757335946742943,1.4214829832432296,0.47456677786752754,1.3964029019416944,0.7156980279270972,1.3946797225740308,1.1216827168305972,0.8566796538253583,0.8111437885491302,0.8482967056765817,1.0666834738172553,2.1539334511087698,1.4721480878261277,0.9409020776953211,0.8202149820647484,0.7988181177576691,1.1404345456084906,1.8938831253655715,1.242685735028191,0.719526709471749,0.34891633366672314,1.1268639643992437,0.819385408746185,1.0000010269338213,2.240005975250337,0.7563077957734358,0.555198437736736,0.7014503145059355,0.5765262971480479,1.3234355416510042,1.6038956259542356,1.5745958547282082,1.4171931574071155,1.608816322009721,0.8483874795322455,1.0120369111476126,0.8759226726525827,0.777249526392816,0.817608383615988,0.9205452448329272,1.3910069495206825,1.2115655938776886,1.1020129808046861,0.8936558520283856,1.4935401595367528,1.9128306536562805,0.6921537733267552,1.0989439124997216,0.7462438863918146,1.6677695579828278,0.7042592884992845,0.5877704645136285,1.2751682093481296,1.295569127481484
Czech Republic,0.717589863162793,0.6654894017461157,0.5316008545210952,0.7413657230185736,0.5739670621653952,0.772890435549398,0.8006792484931116,0.8879607680822388,0.6272289790525152,0.7325712759484981,0.557897044220875,0.6853668239785176,1.4623398709319702,0.7515949513284429,0.516112864211865,0.5858051058936286,0.5261550788709883,0.3023942687078798,0.781642105141626,0.833133854272771,1.226725741741915,1.0,0.46950698027875826,2.0270770046465882,0.6593891368949076,0.6328749684594122,0.9649772466759817,1.2949163320795645,1.609194289730204,0.8240133553625242,0.27418365182614135,0.9993560125537201,0.6696100502117773,0.7322271278995024,0.8996540429434366,0.6091598863686594,0.410374096305759,0.5659100028267133,1.0702265411421756,2.1074208300305814,1.0464634785705447,0.7226416332235721,1.0371817088921773,0.769077024067777,0.8074979797488216,0.6057604625908845,0.8285121469461015,1.0059398750668191,0.7474790579953297,1.1285883167290809,2.5509249792684443,1.509882001666591,1.0559366884527572,0.8571784369808659,0.5780124193764284,0.8057220951310382,0.9350349862278932,0.8060736918280732,0.7233115539606514,0.5559338115545545,1.2698404578097233,0.8490752159122654,0.7111114171580769,1.1647150605850896,0.5901438469540562,0.6255985419612468,0.6134607301448184,0.6996426177876212,1.7195879281306292,0.7532746279104229,0.8364165988319134,0.47284317112321905,2.1438991876091587,0.9037437085198156,0.8068174243444832,0.8266649445394775,0.5532317258141984,0.8356524540597816,0.8591004643042277,0.9764645969831074,0.5183472794394608,1.1756706696785082,0.7861301507800958,0.9299018215871461,1.5314252153617216,0.721942756059478,0.6560655022552215,0.49627642136708006,1.7810436670879106,0.3702868542186286,0.43739105584257393,0.4448021200051203,1.316321127375464
