Country Name,Albania,Angola,Australia,Azerbaijan,Bangladesh,Belarus,Belgium,Bolivia,Brazil,Bulgaria,Cambodia,Cameroon,Canada,Chile,China,Colombia,Costa Rica,Croatia,Czech Republic,Denmark,Ecuador,"Egypt, Arab Rep.",El Salvador,Estonia,Finland,France,Georgia,Germany,Ghana,Guatemala,Honduras,Hungary,India,Indonesia,Israel,Italy,Jamaica,Japan,Jordan,Kazakhstan,Kenya,"Korea, Rep.",Kyrgyz Republic,Latvia,Lithuania,Malaysia,Mexico,Mongolia,Morocco,Nepal,Netherlands,New Zealand,Nigeria,North Macedonia,Norway,Oman,Pakistan,Panama,Paraguay,Peru,Philippines,Poland,Portugal,Romania,Russian Federation,Saudi Arabia,Senegal,Slovak Republic,South Africa,Spain,Sri Lanka,Sweden,Switzerland,Tanzania,Thailand,Tunisia,Turkey,Ukraine,United Kingdom,United States,Uruguay
Albania,1.0,0.12883008185107753,0.07963422607265466,0.11469612684259058,0.07388569513564204,0.10377296576960883,0.09713887927399446,0.09570625486915728,0.08648029867521141,0.09123646118428687,0.10780306145384934,0.08760097307621142,0.15371164502813842,0.11726934854847534,0.12598393520006831,0.08264601744846047,0.0925114158046493,0.08495332725297644,0.12661829476694436,0.12232971499438428,0.1159379435369869,0.11884036261232862,0.06775269554330064,0.08548744929049834,0.08071700094437237,0.10028933823913935,0.0902299266109257,0.1137311880905476,0.08659118375795617,0.07019160966802254,0.0831555830878596,0.10318564062226337,0.1017615707989371,0.13801877552568415,0.08031733074649877,0.07138869108309318,0.1116356589200941,0.08191290950969321,0.13117294081844696,0.11933431012148822,0.11655586738380268,0.08338875846708751,0.09645955151369062,0.11693319572114198,0.1206304139571667,0.12124309076875722,0.0915974008381194,0.09773181175303343,0.08971884194637664,0.10324615368625324,0.07831794026658395,0.09097145045724159,0.11922617416891854,0.12240035626156937,0.11166737967190386,0.09875977524612976,0.08724376388821962,0.05969981645806887,0.1102220894295383,0.10447463864953618,0.08889127012283303,0.09820713093110392,0.0972149260412485,0.1287975463397026,0.11707052145480165,0.10317768111417858,0.07584888936679686,0.09822822245983241,0.1001685860106861,0.0710527001780432,0.12095678508766491,0.08861310681520947,0.12240276056918425,0.08809973989224026,0.07972433438062451,0.09489098895376903,0.07436844213718904,0.10694818324415827,0.11935872711114534,0.13171446572765194,0.09307060966544035
Angola,0.12883008185107753,1.0,0.0725217899472287,0.025423092827717677,0.06352616453453629,0.05823948100091232,0.06983035096996298,0.053726178398823134,0.05098607543097069,0.05895930353214991,0.06331019748699414,0.04625221996342359,0.03474541481442313,0.04721218246832274,0.05394296218274808,0.04838086736282006,0.06182919949712427,0.05465674465103528,0.04031944760229042,0.02349310092677923,0.027464544769771858,0.03117273311362087,0.10585499994215641,0.08941472621466923,0.0766187865027425,0.054053597126001884,0.06591849369860968,0.03983593947734791,0.07735440724463248,0.0746111865404123,0.0770581025823553,0.04229684933263406,0.04617236296084474,0.017411708121110467,0.1433244351717451,0.058919925799576806,0.04796048779110482,0.107092395969782,0.13754543192885094,0.025739595989782604,0.059320405676941385,0.06588928335935736,0.11663112199281817,0.07923340846389189,0.06607334690130937,0.030930008393496678,0.04211332057940705,0.07657625084320763,0.13119537722225588,0.0611620690113477,0.06396923372331155,0.06055942513409611,0.019533087484955088,0.08246853141964568,0.02981927684138876,0.039918876206159894,0.048350039908432646,0.09044064284291575,0.07119658975636364,0.06827328966786089,0.07824648870065017,0.04686522234250788,0.05452130427045931,0.052915701925347045,0.03743928382937481,0.032956762463350185,0.09522205201131545,0.04606376365675834,0.0493997227069555,0.07037719796644266,0.05251665480591354,0.057638888965644126,0.05626120885578342,0.070198555893227,0.05524587598271935,0.05977120558589434,0.07082564482267255,0.045174270974862187,0.028103508225449682,0.02248242951207465,0.11537555852399793
Australia,0.07963422607265466,0.0725217899472287,1.0,0.061369675488930776,0.050103464426323165,0.07560309943148062,0.07279938047275883,0.05882485856278447,0.042413220408407996,0.04382096515187016,0.07232564419884982,0.043420216081704925,0.10347275086510983,0.06147819581953452,0.06028389609196254,0.05011284784989454,0.04861668509601571,0.05286893771781678,0.0627654175036763,0.06996553486421754,0.06927116624929379,0.0659122112361315,0.06714510203080816,0.07772001469153152,0.06231985655495249,0.0632506997612997,0.05187346775303129,0.04728014060295511,0.0800057656620285,0.050641871845605556,0.0628422769980771,0.06252915024663727,0.03886439725640787,0.08215890751218373,0.09396372752213243,0.0591601469653712,0.06879194599178247,0.06708093897593492,0.10688433627039888,0.06854458309854344,0.0806831002053539,0.05031946382849546,0.0674921871852018,0.10551410874121801,0.10194758980245268,0.06872810867891822,0.053681527571363075,0.038387723495532274,0.08013904367418606,0.05993464398049011,0.061280901883861975,0.04192126331412173,0.07823599696637744,0.07979034840529425,0.06512994518018181,0.06940071325645081,0.05802288600558915,0.06509217411782467,0.07683442186624291,0.04710343157393961,0.04361541087622241,0.03403323138168898,0.05248409332811061,0.10451450883856299,0.07546707237223,0.061487921399832585,0.06715495541919855,0.05646939461862946,0.04119057712757801,0.058765884428058066,0.07413588791842878,0.025594290642676144,0.08388604891387219,0.05742552565470836,0.03996636942411781,0.042607858002866185,0.02744322108623218,0.035910512978223626,0.06213684441772418,0.0765543249298582,0.06589408510794986
Azerbaijan,0.11469612684259058,0.025423092827717677,0.061369675488930776,1.0,0.05361909858673964,0.04901163647874739,0.05669536417456917,0.04652952405307139,0.03364923920048484,0.05347936906229098,0.05316715445281393,0.032833243211836005,0.04940893725199966,0.046341606429957403,0.06502322659136883,0.03699183449621458,0.04552386525655752,0.04117947888353923,0.04921400048797477,0.020438730640509467,0.030019463837720924,0.027738607918122358,0.09187477243762261,0.07931167491686851,0.05831501379023275,0.04419927054766121,0.05693061751799835,0.041927642395682356,0.06271273295086764,0.06250497580123683,0.062391354188856295,0.03759130366402721,0.042328861802043705,0.027104804487650288,0.1318071133306839,0.04886188219030446,0.033848517755406454,0.09390659275659109,0.137180319335819,0.012544935798592281,0.048558138720914586,0.05108277333581419,0.10320933764134486,0.07481172341373521,0.06306453218275744,0.017059025582061852,0.03446711419088864,0.06355330074001088,0.12352825390139471,0.04718522577781462,0.06312783070844803,0.05087264570329024,0.02765952346938407,0.08455611934193336,0.019361074306019348,0.030337029780867077,0.03510067218809262,0.07523607717587116,0.05541179510460676,0.05735408284431605,0.070004547278115,0.04209516553617938,0.03769152274411504,0.06003237168406183,0.029246266717608715,0.02145169405539982,0.07602369958739463,0.0346241608905091,0.04166788087086067,0.05624012570766096,0.0477614124856597,0.047886086522180495,0.05179058887479285,0.05242575728907352,0.04262215549822434,0.05922547954881218,0.060428413083645945,0.041627395952892346,0.030623770315739915,0.035055296512476616,0.10225347945266336
Bangladesh,0.07388569513564204,0.06352616453453629,0.050103464426323165,0.05361909858673964,1.0,0.07582450939919613,0.06696614771026775,0.047660020170614735,0.036265107519449655,0.047229376924100196,0.0636970116156296,0.03742975115276185,0.09440091471550001,0.06264247174874593,0.07095248060941838,0.02676352332939863,0.04156318879879574,0.03429419555963118,0.06525662203775351,0.054071000756544016,0.05582375595102485,0.054692271378439336,0.0706268375266931,0.07270813528697818,0.05515932171434301,0.055269522734775166,0.04403166755433732,0.046065667648099044,0.06543277344474542,0.037960756743786316,0.056506918367771504,0.047628684138188715,0.03794466607189598,0.0712026146292327,0.09843620379133079,0.028807233650236828,0.0646727168892345,0.07883055813784402,0.11717086286981342,0.059082346548241314,0.06510082338875144,0.045359357912404814,0.08713218807893564,0.10110170337548598,0.09077460069914085,0.05713027871577797,0.029765629690353956,0.06347267739713605,0.08644595273850122,0.05351746978863136,0.039520300075367984,0.05844927462363798,0.061435582407989624,0.0909938902548695,0.05210125516645894,0.04256647038901612,0.021605244588485756,0.04425955081052293,0.07033706619682877,0.05755694548860341,0.05473939220544122,0.04154591337609817,0.0513958671344499,0.08770334520706657,0.06259414058845726,0.038948861420253146,0.05169042022087418,0.05494001167578772,0.04889987691794882,0.04577614261689361,0.0638353174837587,0.048280458421861676,0.07293837032057285,0.042703954969186324,0.024355194234169045,0.03919509639716587,0.040120466568183306,0.042584775333788925,0.05387063206577607,0.07058418643654502,0.08705328290734729
Belarus,0.10377296576960883,0.05823948100091232,0.07560309943148062,0.04901163647874739,0.07582450939919613,1.0,0.031457812974471526,0.08827474765986157,0.04901626879486136,0.09118789262301427,0.04811668435881298,0.05355008660046429,0.06986243876864631,0.09266520082838785,0.10764036093161697,0.061719045660849715,0.05462117754299913,0.048309947708853135,0.0780360834662718,0.06564456042901852,0.06685976697002342,0.06664169247229051,0.08295733640939766,0.05182367811329939,0.04524361868284857,0.02918501507698349,0.06760718742336981,0.07645406127902706,0.03602706792247233,0.06462824533537627,0.05793780418171386,0.04350847969017958,0.07689945454958058,0.058717411970406544,0.1416804405128548,0.06584993108488875,0.052449465853899854,0.08493876536218442,0.15803080622655888,0.04616688558220713,0.0406547910926802,0.06219667853512277,0.09597074759162846,0.03473279823675079,0.03320560626913381,0.04374728841007662,0.0760396656520924,0.10196235550220412,0.13617837415280126,0.04476718332874834,0.0821269041939364,0.048752921115885854,0.04661299347766503,0.12120765577720068,0.036730078165526266,0.04084049272007791,0.06550195204495946,0.07198217372082162,0.03582337001660492,0.10073267431411077,0.10170839562189202,0.07591855471423331,0.050090149692223356,0.037439126443509066,0.02437057459237898,0.05378104957440259,0.07248890796679626,0.029350698852491478,0.06824801172127533,0.04860641086285535,0.04111713196466025,0.0693832979263841,0.03478277162676238,0.0463675438346277,0.0659246689078819,0.08982754752995879,0.08486312058644398,0.07371866143870316,0.05105966238527921,0.06899403669261367,0.10175346021082271
Belgium,0.09713887927399446,0.06983035096996298,0.07279938047275883,0.05669536417456917,0.06696614771026775,0.031457812974471526,1.0,0.09206223425681102,0.0518871186586259,0.09687767147811144,0.041790687786328815,0.049526264433126244,0.08611859653221357,0.09949220636380973,0.11536273893665593,0.06476439368830375,0.03374146473958867,0.0421791511896597,0.08682277791403753,0.07399171642552796,0.07684636594890075,0.07700350098567915,0.06427755026434984,0.05373618774763537,0.02651563215345635,0.02152789840794144,0.06923230061910274,0.08191484642565774,0.031750778142188046,0.04520568209605859,0.04090189648512067,0.04865538036653738,0.08022350941934694,0.06826628046184363,0.12382617922258457,0.059645694092624775,0.06178049884625625,0.06274358872879746,0.15621423819892133,0.05596536513092134,0.03811739172226299,0.05591203711738857,0.08489160482668374,0.05046955941951462,0.04869609954781863,0.051227485618107596,0.07899763561346321,0.10208391011357927,0.1241954276652804,0.026174667465738065,0.07440409396656825,0.044640708243818515,0.06295958379946656,0.1207178899661295,0.04516023943169774,0.044659563508041095,0.06454604758411528,0.061502547253207106,0.023818846405818647,0.10391259410221294,0.09511798561443247,0.08567819293755467,0.0564066466918969,0.05678044276807632,0.03694894114486277,0.058101335234858054,0.051114582866370925,0.02814413190615715,0.06525805943448641,0.03793235346957292,0.037686609261926816,0.07100168645880625,0.04037826567542451,0.03390272734028421,0.060406417109936265,0.08681650555441071,0.07802601522618931,0.07506512318963691,0.057232789873697835,0.07925622897891563,0.0783340035377324
Bolivia,0.09570625486915728,0.053726178398823134,0.05882485856278447,0.04652952405307139,0.047660020170614735,0.08827474765986157,0.09206223425681102,1.0,0.044446196608277436,0.034759108781128374,0.08792838749490876,0.046369731161177284,0.07862713114336749,0.02839687909456138,0.0554881422351497,0.036519048971899434,0.07222079908903979,0.05906508305344892,0.06668970951032523,0.04219605151691577,0.034379011061648604,0.03569335807429082,0.09658040368714016,0.10137365285559452,0.08150438310849416,0.08144329521054428,0.07033234964691257,0.054182177878281196,0.0881410144900928,0.0684979235648666,0.08633049656271921,0.060211847484692764,0.04075694777890427,0.058620802174655096,0.11351096199276918,0.05202041086250873,0.0500634941602495,0.09187329673264519,0.12411883656159611,0.05485383718307428,0.08483255173249926,0.07249004518017114,0.11290490259277722,0.11447395790467157,0.10095996035388807,0.05593573150345768,0.02404784947740624,0.06050232358733027,0.10506113255126248,0.08141761082161096,0.06519135035922834,0.08223887194207481,0.05449943699876053,0.06430527019947875,0.05437987135067184,0.050016885199682164,0.036489977400518354,0.08391109827933953,0.09388309857146228,0.037320990850367296,0.04534890200156578,0.04274831043883338,0.04713999425878752,0.09101530183304228,0.07117709634363505,0.037930996722287606,0.08943615701265946,0.07262385047189764,0.05515592584519432,0.0717861845991308,0.086687890183155,0.05923012343729389,0.0892691620342539,0.06688650108699881,0.04265752290992635,0.04304303713405055,0.055754079467335,0.05858386054966056,0.05896251339300493,0.05950903317284362,0.10157694555728823
Brazil,0.08648029867521141,0.05098607543097069,0.042413220408407996,0.03364923920048484,0.036265107519449655,0.04901626879486136,0.0518871186586259,0.044446196608277436,1.0,0.0547481120153225,0.05557585901406554,0.019491673980209755,0.07681501770687231,0.060433553825593005,0.07452541581048676,0.026109746396249474,0.03370085295615063,0.03604591904735118,0.06505596782538896,0.04328875579037932,0.043395490145702764,0.0413905886366132,0.06606074125507418,0.06829342935545532,0.040219256212550146,0.045661161562966915,0.05489852211406192,0.04945452384816763,0.054181759511764904,0.04185821869957918,0.04926422982668387,0.04631713010229711,0.039975445379081216,0.057336490723677684,0.10927671639719484,0.0381950882724402,0.0423719815395111,0.07143036982898975,0.13316834092882804,0.040036031052677494,0.05617334262662488,0.0422641900728373,0.08458299373050439,0.08002002517105468,0.07647685890656247,0.041352391593275015,0.033327257140648256,0.06669139563606401,0.10447689943800569,0.04806839947860619,0.05815518381671001,0.0443876360897002,0.04662071856334185,0.08867273210194862,0.03613199789304669,0.032506178906510544,0.026289101481934488,0.05722258197295677,0.05438686530532499,0.0629405805751402,0.06602206383003828,0.045031461560771195,0.02914690676447651,0.07827513894289617,0.04727259395445317,0.02557587830341268,0.05391812744100771,0.03362738808554134,0.04200652845588269,0.035085149084207325,0.05735217760693287,0.038262739453642856,0.06267452913084842,0.03490680435249375,0.02166004851461658,0.04979081480933729,0.05029305465592054,0.05017747660657951,0.04630932479113802,0.05674451333744808,0.08386762130873844
Bulgaria,0.09123646118428687,0.05895930353214991,0.04382096515187016,0.05347936906229098,0.047229376924100196,0.09118789262301427,0.09687767147811144,0.034759108781128374,0.0547481120153225,1.0,0.08940701133469525,0.054660737300198985,0.08527101686808354,0.037547626246989124,0.04307226811024646,0.04390844157238679,0.07368029402436937,0.0641027121233673,0.05815769621514584,0.05134111546098318,0.05033766463124484,0.05043391310979954,0.098135279989994,0.09356045007395566,0.08652694917949674,0.08356952530355917,0.04735562941016485,0.04142349180383024,0.09439190828097346,0.06800077528628978,0.08565210220360697,0.06040218164793866,0.034564642515238025,0.06533275907499252,0.11449004673486789,0.058303581034920296,0.0653830826321304,0.09897544776585175,0.10727451220892864,0.062426963661999166,0.09228789404101041,0.0701563662214913,0.09927500795485113,0.11436017638760265,0.10121153533068987,0.06557353505759711,0.03806112445923781,0.03973958670790317,0.09386083577445192,0.07750319937277333,0.0665114034432179,0.07729833417758324,0.06382498601188041,0.0600026755473445,0.06223732001913999,0.06550965945787243,0.04876699097539838,0.07563388362711357,0.09600494087571597,0.02993606651561038,0.036641000262218996,0.028772558109124883,0.05320106356055105,0.09281461474541615,0.07630451323775708,0.054089622156325554,0.09485232875800642,0.07773578444294409,0.04893320426531835,0.07759065919436775,0.08121610738516237,0.040575184536057116,0.08902446641459187,0.07345777189525667,0.05058118573312627,0.044778793800113105,0.03974671144660992,0.04039245249630174,0.05708985574641581,0.06547274643167236,0.09947967485037491
Cambodia,0.10780306145384934,0.06331019748699414,0.07232564419884982,0.05316715445281393,0.0636970116156296,0.04811668435881298,0.041790687786328815,0.08792838749490876,0.05557585901406554,0.08940701133469525,1.0,0.05740449237498116,0.07930424773986526,0.08390924069428242,0.09600590798785712,0.061177810490409795,0.0519978673803229,0.04467425229228386,0.06461317620757118,0.06276419219908985,0.07205630610153127,0.06824917477522045,0.08237040676470042,0.06253433769204304,0.05059112421762273,0.032872051783266014,0.06683218209990557,0.06511898545633213,0.03807858909357041,0.06058318484075888,0.06542654990990529,0.04736336490812521,0.06954138417303296,0.06071524344342348,0.1216415322579818,0.06287107609514622,0.06476329430897575,0.08927036384385556,0.13504106178357705,0.04720274347879024,0.026191233405399243,0.04215214764210272,0.09434804774006911,0.05436298073644441,0.052499287774854575,0.04637550859062523,0.07198942512238554,0.09505163329379879,0.1104856183341172,0.034202912756483475,0.06113743095193188,0.039118438267665354,0.058607923784665936,0.11046813353040169,0.04482664643848944,0.04712202194172542,0.06083753057225266,0.06075715710630868,0.04147396058015658,0.09360335980684042,0.08915067295802277,0.06863175348674168,0.0668205099830569,0.058175325300119055,0.04202384807261089,0.052540098314188904,0.06416841922317867,0.040454605700326045,0.05671171634784317,0.04780467903387555,0.03396000977445515,0.06857570108778349,0.05224269847327178,0.04496241488091635,0.057086379235787826,0.07549954730042296,0.07065348065444427,0.06062466235783921,0.049373090769687177,0.06382560618346181,0.0914416772310208
Cameroon,0.08760097307621142,0.04625221996342359,0.043420216081704925,0.032833243211836005,0.03742975115276185,0.05355008660046429,0.049526264433126244,0.046369731161177284,0.019491673980209755,0.054660737300198985,0.05740449237498116,1.0,0.07461358071587461,0.05924662206004133,0.07451469691875429,0.032152626219772724,0.03364089117729977,0.04016043853584796,0.065045077780285,0.04384052798819993,0.037071586796016624,0.04155782879977355,0.0661542168252303,0.07281986987186986,0.043452436497772834,0.04460364304160639,0.059504570021015876,0.05122690761517347,0.05413235250849186,0.04076029334279796,0.04874322106502711,0.05052749747014213,0.041079060145922684,0.0532604162678883,0.10545455318255677,0.039701570463658804,0.035461783271717014,0.0682745229020749,0.13132754573614305,0.040928688865338514,0.05542271661118075,0.04748969446738215,0.08539589677905882,0.08274843589807011,0.07945072664409356,0.03877492817784738,0.037350103662176566,0.06448624026683904,0.10189476896370056,0.04851604805638048,0.060547108296638015,0.04258016507865558,0.05100711162201661,0.08788756609546988,0.036626686912249566,0.038954706529935296,0.03458382797947037,0.062527053658901,0.055760140084808216,0.05905130673077552,0.06425839384869514,0.04598680120113108,0.02479246107565793,0.08122925547817945,0.04882178585321439,0.02883371093551522,0.05571534271455306,0.03431200848809478,0.04371294188895703,0.04009331761929299,0.05816561322066296,0.03856434171299879,0.06326873205446183,0.04195282343433984,0.025295302949227653,0.05033684268905857,0.050416912189129456,0.048457775320774193,0.050262509906552726,0.05437702944825633,0.0822999177708499
Canada,0.15371164502813842,0.03474541481442313,0.10347275086510983,0.04940893725199966,0.09440091471550001,0.06986243876864631,0.08611859653221357,0.07862713114336749,0.07681501770687231,0.08527101686808354,0.07930424773986526,0.07461358071587461,1.0,0.07381882674074636,0.07164270036023768,0.07737390580007254,0.08961842701191246,0.08207557614545079,0.05879244496612614,0.0459488406835505,0.046348221681733026,0.045177475273103535,0.13772909483851795,0.11438227469762065,0.10195754872093749,0.0778427022459895,0.09375628525935616,0.06870595936560878,0.09352584862110977,0.10549897913435256,0.10459553280747247,0.07061091625141092,0.0756563553767798,0.027038730441546775,0.17077210986691335,0.08779302419396787,0.06065294570812174,0.1283251196287735,0.16050773586055908,0.044331948384852694,0.068884869707449,0.09241890926256191,0.14535868941993801,0.08359347893886249,0.07283275147145357,0.043164133716653376,0.07052143707507852,0.10781903415745521,0.1606737743413942,0.08405212985151557,0.09367203936732343,0.08974615778896086,0.04001143931756228,0.09877732590964926,0.051426723133831634,0.06274983554648668,0.07511330147295882,0.11779835774610851,0.0849568446213526,0.09727634023079251,0.10913539801295895,0.07493992499528006,0.07796655473952117,0.06463745982011379,0.055135290160028744,0.05686957539377737,0.12219413040652011,0.07280274358386984,0.07868399822304939,0.09732761474581064,0.0677588056237281,0.08886386409232919,0.06224678369334227,0.0919149362294562,0.08651757771931333,0.08907679193076751,0.10233087057088057,0.07517298005542059,0.05254462604076334,0.034467852421702076,0.14227108856330523
Chile,0.11726934854847534,0.04721218246832274,0.06147819581953452,0.046341606429957403,0.06264247174874593,0.09266520082838785,0.09949220636380973,0.02839687909456138,0.060433553825593005,0.037547626246989124,0.08390924069428242,0.05924662206004133,0.07381882674074636,1.0,0.041885029040277674,0.05608136028058576,0.07596411172829196,0.07634758914626884,0.0534733575225693,0.045873440626971754,0.044193098051005464,0.039933270309537854,0.1069685147592881,0.11555479336663545,0.09740574203951659,0.08400765060520592,0.07080317049175118,0.04503409164079256,0.10328619524377328,0.0801231657535522,0.09239105251021157,0.06876579740926879,0.040545902356188004,0.051524621039558925,0.1293275084146808,0.0743957656257375,0.049806447814990044,0.10222798266073498,0.12241363368726943,0.053044347533601974,0.08550725417091126,0.08108069687673092,0.1156575846409971,0.11289315619299327,0.09900288001049319,0.056872190937318295,0.04292499333737223,0.05669319831344291,0.11379491981210445,0.07922810314941872,0.07843406229320177,0.0805217805115743,0.05771923469805327,0.05014050004422876,0.05966960919729175,0.06839530025891793,0.0553870897104607,0.09848617791168261,0.09263208725438594,0.03241267659599181,0.046302653506275965,0.03764692963980608,0.05285720238468487,0.089426102811922,0.07023276803239711,0.054527485438498634,0.10544909121164643,0.07651985142047862,0.05358723387961968,0.09184626255624477,0.0782730214191811,0.05832145169166404,0.08793894691172895,0.0806509691698841,0.05554474068097054,0.05261646398030802,0.06625889757502818,0.05356838760660526,0.05283100643169818,0.05271378683086367,0.10014834395012566
China,0.12598393520006831,0.05394296218274808,0.06028389609196254,0.06502322659136883,0.07095248060941838,0.10764036093161697,0.11536273893665593,0.0554881422351497,0.07452541581048676,0.04307226811024646,0.09600590798785712,0.07451469691875429,0.07164270036023768,0.041885029040277674,1.0,0.06568000429993787,0.09031342834121274,0.08811601914910859,0.037621916258380315,0.05329251052829008,0.05841454130768544,0.059000776510766226,0.11974481143306175,0.12270343014386483,0.1120196475920921,0.09996804574383315,0.07068114894726844,0.038392413821445,0.11610458715810033,0.08954445593655033,0.10590502830850597,0.08163086248487572,0.040014625216821455,0.05922190928419159,0.13409743070444155,0.08570170438245837,0.07786155338673756,0.1189525511879569,0.10949132430937956,0.06905811110714812,0.09811137484509012,0.090641693694416,0.1177274491147919,0.12699725764878497,0.11301233165610332,0.07377701017321672,0.05520392092564065,0.061182417445393426,0.11155841949970431,0.09246746507753507,0.08255289189035958,0.09212052523514559,0.06911479884873999,0.06684972253606777,0.0738327395505395,0.08155552238861528,0.06814036571038443,0.10173587064755343,0.10809986072427234,0.05274164829847222,0.05964688055320933,0.03822248827734504,0.078305570342573,0.09810823196949359,0.08497780644830712,0.06954636001503131,0.11843088505530659,0.09234584933889863,0.05399935450574111,0.10578060215667583,0.08950172156669034,0.05937209806048604,0.10139727051679973,0.09392733936995432,0.06747136110368362,0.05294938327069765,0.06474308205324308,0.05016947030002736,0.06174396836064329,0.048830133044918386,0.11552388464201421
Colombia,0.08264601744846047,0.04838086736282006,0.05011284784989454,0.03699183449621458,0.02676352332939863,0.061719045660849715,0.06476439368830375,0.036519048971899434,0.026109746396249474,0.04390844157238679,0.061177810490409795,0.032152626219772724,0.07737390580007254,0.05608136028058576,0.06568000429993787,1.0,0.046810454423008296,0.031084692059831737,0.05359096699107064,0.040542888608764635,0.039181453503219645,0.040896695584835295,0.07504709021063824,0.06997246317162961,0.05462424650900223,0.054368353624753285,0.042657651203881285,0.041394356614129185,0.05866105634640931,0.0417397436482716,0.05976726259207494,0.03933909936649115,0.03316901241214309,0.057240934241221404,0.105648573494878,0.025711333639873133,0.052663453838613296,0.0836050687838908,0.1226607955812567,0.040399958765835124,0.06216253748944947,0.04561338507364132,0.08979877411793814,0.08833233255072608,0.07666009282638568,0.042002852014033976,0.01820286982344507,0.06427970592963397,0.09937860917379177,0.05734948631478074,0.04376334862493536,0.05866829101399807,0.042775297777016434,0.087412867193895,0.03281291100809008,0.026501739979384965,0.018038223464228415,0.04983541475537653,0.06561039614685144,0.057555294943778874,0.056568972488340336,0.03543301693055602,0.044386090866031604,0.07408966335177625,0.046199544714808784,0.022142565576125078,0.06277887653517357,0.045030033993217804,0.04401268578108979,0.043280744757938354,0.06414379806842903,0.04482783063219305,0.06523842298401047,0.04247926210794399,0.022958639023803407,0.03896403090912054,0.03831243850945585,0.04233138562920184,0.04176817439405188,0.051443868867178666,0.09597966597829818
Costa Rica,0.0925114158046493,0.06182919949712427,0.04861668509601571,0.04552386525655752,0.04156318879879574,0.05462117754299913,0.03374146473958867,0.07222079908903979,0.03370085295615063,0.07368029402436937,0.0519978673803229,0.03364089117729977,0.08961842701191246,0.07596411172829196,0.09031342834121274,0.046810454423008296,1.0,0.038200382943503336,0.069694672199589,0.06103829988844031,0.06476680957642993,0.06316018998590804,0.05095940944210381,0.07102024947756458,0.029843739687713592,0.03488539113856087,0.05592824489070586,0.056835048632811226,0.054584217322818145,0.026627567662967717,0.0218080593569468,0.05009285206440368,0.05492091774058913,0.06834808055964813,0.11089954049241596,0.04255872391226467,0.051211927383639576,0.05731742016430241,0.1442106095717294,0.05133231596439983,0.050499148979321715,0.04587830770856648,0.07367992640080259,0.08145694010652677,0.07876695908917977,0.04988816101789998,0.05818649811873019,0.07593677799179972,0.11014418209633639,0.026905203348238562,0.06203856549942231,0.04191110668675478,0.06086413357904241,0.1015579711369334,0.04762974826432055,0.0461558114475233,0.04220041518439913,0.0511609916561381,0.03711135161399841,0.07621651258167797,0.07044499709605692,0.060557832930124636,0.041019045766922876,0.08355968079321588,0.05190091015290448,0.04393670096539738,0.042325818146905336,0.029652275390415567,0.04826051213942968,0.03391302880156766,0.04698324649866551,0.04853426651291128,0.06005746958325325,0.03037078901308373,0.036028269233836306,0.06160098205517784,0.05860283786661059,0.05137485603590939,0.0548008930648057,0.07036202856411475,0.06305800920957155
Croatia,0.08495332725297644,0.05465674465103528,0.05286893771781678,0.04117947888353923,0.03429419555963118,0.048309947708853135,0.0421791511896597,0.05906508305344892,0.03604591904735118,0.0641027121233673,0.04467425229228386,0.04016043853584796,0.08207557614545079,0.07634758914626884,0.08811601914910859,0.031084692059831737,0.038200382943503336,1.0,0.062199761975588776,0.04775002698521269,0.05739274631187545,0.06054147166583183,0.07214077741451683,0.04645647536262445,0.036363867575192735,0.02780447348650571,0.04674430467003026,0.05224286888672841,0.04353213893207103,0.03843735165964499,0.04969067536911849,0.021008403738551826,0.04839073475179579,0.05857340619918002,0.10617430314348274,0.025940073994199522,0.06126519569513541,0.08169519280352759,0.12596919531978504,0.044791639256953696,0.05161658262868063,0.030707763445236624,0.08629106083178714,0.0725935563106006,0.06380809996731417,0.04546780797588065,0.04302031401827212,0.07313596663062462,0.10040468193201037,0.03808304490091416,0.036524641219052745,0.034868185891955145,0.04745069057447724,0.09899911530770557,0.03184942980962085,0.025402850989985702,0.03066727452710812,0.048169573064608256,0.053475212947615626,0.07043222594988409,0.06637982471866831,0.054889809870538105,0.055134553933201075,0.06486101149080474,0.037640860034528933,0.03588345203311409,0.051105467442548375,0.0321518227346902,0.041522213050657834,0.030292929087959258,0.04419326350669931,0.049921165891493334,0.048146630331090054,0.03723418172633591,0.035239986114485936,0.047002359786760955,0.04195306600640243,0.04471362371109198,0.03446213849257546,0.06500664765415767,0.09030869407081815
Czech Republic,0.12661829476694436,0.04031944760229042,0.0627654175036763,0.04921400048797477,0.06525662203775351,0.0780360834662718,0.08682277791403753,0.06668970951032523,0.06505596782538896,0.05815769621514584,0.06461317620757118,0.065045077780285,0.05879244496612614,0.0534733575225693,0.037621916258380315,0.05359096699107064,0.069694672199589,0.062199761975588776,1.0,0.04653084919290976,0.05335393540733604,0.052754367924905725,0.10446909635415658,0.09809089006214639,0.08654120155804401,0.07137357027476281,0.05848079783894578,0.022393350473649067,0.08758182467919265,0.07073005733788651,0.08460958629478955,0.053918994768325505,0.03263199045884376,0.04350176717886231,0.13121153124857146,0.06437109175703865,0.06527640180473496,0.1127513177507156,0.11323160657754873,0.047369409620328665,0.06863806155657344,0.06378223422963387,0.1058868501283583,0.09632655199937652,0.08269072442156807,0.0546878239106838,0.05316954431857887,0.07233279221593691,0.11056859996650795,0.06837774183575863,0.06178096985453163,0.06435342052728976,0.04852417153908143,0.07598086740886811,0.05134616023853913,0.05831713295047371,0.05963989619867475,0.08384997194980034,0.08037778823336646,0.06494342058833898,0.07415765367891385,0.038449815188519657,0.07248725386795093,0.07386196361236957,0.05964092722952069,0.052476989115603986,0.098294665365226,0.06428593766200995,0.0371908436568281,0.07907975659518536,0.0649013747973966,0.054962632918147604,0.07422264585999618,0.07460336979795949,0.05859066141383231,0.04562865374114144,0.057404514106334036,0.03361351428775172,0.03912096719428793,0.032695609887226855,0.11183249724630377
Denmark,0.12232971499438428,0.02349310092677923,0.06996553486421754,0.020438730640509467,0.054071000756544016,0.06564456042901852,0.07399171642552796,0.04219605151691577,0.04328875579037932,0.05134111546098318,0.06276419219908985,0.04384052798819993,0.0459488406835505,0.045873440626971754,0.05329251052829008,0.040542888608764635,0.06103829988844031,0.04775002698521269,0.04653084919290976,1.0,0.0209137722028544,0.02454500551810512,0.10547413099192302,0.08686438224617166,0.06872010700810585,0.060715221079054055,0.05811925543043697,0.03826574551799341,0.07085463864811306,0.06871269407295819,0.07659520379781512,0.03876547884793837,0.04098651860012904,0.02532222347557533,0.1370101284942685,0.05094865083987943,0.05062924668936655,0.11067358571630205,0.13113236742690482,0.02689854158266968,0.05950231821153717,0.05716590374896424,0.11577315900604264,0.09102731455312947,0.07721127896648285,0.03075971873985233,0.031038862518198887,0.0731611755465789,0.12332548122499029,0.058244310007722185,0.05425521564667508,0.0617197105250519,0.0275333957318839,0.08527977930595425,0.030431929398781876,0.0347674720291079,0.03590091762576811,0.0804046172560026,0.07329632178937001,0.06103648108247603,0.0745255848394858,0.045557781043545985,0.05336811869897053,0.05756939729691825,0.046397351807537617,0.02543730217215664,0.08674586904631369,0.05146873620173601,0.046313259558927254,0.06463271112505797,0.05861189679310987,0.059455865078553397,0.06609509412423425,0.05860894656216247,0.047405078750012306,0.051762664441902875,0.06448078732132019,0.042166567682516726,0.026656746073316282,0.03132164525158688,0.11965969413713433
Ecuador,0.1159379435369869,0.027464544769771858,0.06927116624929379,0.030019463837720924,0.05582375595102485,0.06685976697002342,0.07684636594890075,0.034379011061648604,0.043395490145702764,0.05033766463124484,0.07205630610153127,0.037071586796016624,0.046348221681733026,0.044193098051005464,0.05841454130768544,0.039181453503219645,0.06476680957642993,0.05739274631187545,0.05335393540733604,0.0209137722028544,1.0,0.0169200975312434,0.10006541261631212,0.09455610292883142,0.07488786996833623,0.06662799643057371,0.06462073674139324,0.04573312460168978,0.07628818622875541,0.06701298978445405,0.07920361962353033,0.05080154973308023,0.04209103551188079,0.030852476499540697,0.13579971819055917,0.05482793098870444,0.04208070226952627,0.10172653022619217,0.13726831617758903,0.03518406308168619,0.0655439988462051,0.06834821986415698,0.11367670916215779,0.09272587912714648,0.07925244744700873,0.03626003657224171,0.031008614743258386,0.07678077776517529,0.12537825028832197,0.06727447256377216,0.06371778468282346,0.07003189438083389,0.02941527080264759,0.08179340304890367,0.035453874569622006,0.0399699133763301,0.0409282989895112,0.08500087246709863,0.08014868350608702,0.06280490887609234,0.07086965168795864,0.049212503344414855,0.04440202865905756,0.061764701078893786,0.05223340053417972,0.027038826031359115,0.08977332351208145,0.05651277586997819,0.05263023461689812,0.06830446426351469,0.06860656591913505,0.059872648229229684,0.07148706029722177,0.06559692905518517,0.049330432714150024,0.05256090206452619,0.06562246098422188,0.05145003913865715,0.041219586459852714,0.033271846518456,0.11616732717698662
"Egypt, Arab Rep.",0.11884036261232862,0.03117273311362087,0.0659122112361315,0.027738607918122358,0.054692271378439336,0.06664169247229051,0.07700350098567915,0.03569335807429082,0.0413905886366132,0.05043391310979954,0.06824917477522045,0.04155782879977355,0.045177475273103535,0.039933270309537854,0.059000776510766226,0.040896695584835295,0.06316018998590804,0.06054147166583183,0.052754367924905725,0.02454500551810512,0.0169200975312434,1.0,0.10064403803288509,0.09829514438428148,0.07686959021157311,0.06631209510433597,0.06352200703914371,0.045104741345800704,0.07623367485837511,0.06988189681797591,0.08035939283398398,0.05206372043558512,0.03919385892280408,0.02905807533544555,0.13337466694079134,0.057377378054174505,0.045157940269198796,0.1003787821883791,0.1360590350700411,0.029295362697994404,0.06028887181559379,0.06387784005132426,0.11292249717375938,0.09182057317785162,0.07887156921240447,0.03152886373697772,0.03098941471818525,0.07256268920164172,0.12331112583833025,0.06679117374447403,0.06707568713567001,0.07105532067115744,0.028976613168243185,0.08246219719449134,0.03323920040813773,0.04193910124572545,0.03736547452544295,0.08292872282205527,0.07539702238017977,0.05861414840274402,0.07021361248478111,0.04361880128076599,0.045679250236304494,0.06517827206023073,0.04939431078937486,0.02601966627473732,0.08514141656099129,0.058075567631599254,0.048569882586581944,0.07379661491822308,0.06771723469505259,0.05872193965374769,0.06977061593919831,0.059357941785190056,0.046532049015765985,0.05289401999800865,0.06452836546119153,0.05031343646068477,0.039480384964495574,0.03120485017889769,0.1140147903128903
El Salvador,0.06775269554330064,0.10585499994215641,0.06714510203080816,0.09187477243762261,0.0706268375266931,0.08295733640939766,0.06427755026434984,0.09658040368714016,0.06606074125507418,0.098135279989994,0.08237040676470042,0.0661542168252303,0.13772909483851795,0.1069685147592881,0.11974481143306175,0.07504709021063824,0.05095940944210381,0.07214077741451683,0.10446909635415658,0.10547413099192302,0.10006541261631212,0.10064403803288509,1.0,0.07433468193176822,0.04558538120236537,0.07493432406396043,0.07863610941401694,0.09352559037367061,0.07012077520843404,0.04012746090685849,0.03573118805334998,0.08667984552739938,0.08358615967288192,0.11686925359592645,0.0953357853810212,0.06975461607603206,0.09217348242898059,0.04377302083061513,0.14528166104176288,0.09708242896735061,0.09246609316451272,0.06968643522648467,0.05459262622109915,0.10376130819473098,0.10451900604195968,0.09984004410959602,0.08647684686679616,0.10062575813584619,0.10951867915350133,0.06432098090689227,0.07925841268143022,0.05952454469529042,0.10253463517484865,0.12085542983355514,0.09137195765090896,0.08185381745720646,0.07607400146294556,0.052068803709700205,0.07011004690299001,0.10362266519077465,0.08984655749031659,0.09004339169412218,0.07211658584353706,0.11031193062326192,0.09586581631111973,0.0851037437433498,0.03657301393539225,0.0663682058757389,0.07848646868558654,0.05117326715146006,0.09433341772147658,0.07128375966476126,0.10181446706900285,0.06052279552410479,0.0656769534306472,0.0838334586731008,0.06925698387019308,0.08799819452131395,0.09822518304241747,0.11251450338324441,0.047244322823890475
Estonia,0.08548744929049834,0.08941472621466923,0.07772001469153152,0.07931167491686851,0.07270813528697818,0.05182367811329939,0.05373618774763537,0.10137365285559452,0.06829342935545532,0.09356045007395566,0.06253433769204304,0.07281986987186986,0.11438227469762065,0.11555479336663545,0.12270343014386483,0.06997246317162961,0.07102024947756458,0.04645647536262445,0.09809089006214639,0.08686438224617166,0.09455610292883142,0.09829514438428148,0.07433468193176822,1.0,0.05118973122490101,0.04576446600180873,0.06784441740073041,0.0890534197825593,0.04108128803178041,0.0667160475400242,0.0686332551453097,0.05002940829086782,0.08601484555022218,0.09417419451788037,0.11523226110959477,0.06620025918936476,0.0911710238924525,0.10104166797918543,0.1303184231886263,0.08001525071791522,0.07752766032723318,0.05150884945921516,0.06658631831110812,0.059133573171268675,0.062245459768622786,0.08200448842935582,0.0850489053414041,0.10387793399702577,0.10172107524007572,0.05953401507628823,0.06945313092025616,0.05146659877173575,0.07859515614471606,0.128706843212628,0.06717337139627666,0.06107766637363562,0.07384826063928918,0.047986349383180055,0.06797125294899244,0.10695316370081726,0.0947396207675721,0.089414766581776,0.08366217143743,0.06953093736854958,0.061717136264356785,0.07558406906115177,0.06181213253074563,0.05813386164851264,0.07696605077095571,0.05402780803741733,0.06460227836854075,0.072909104090511,0.06470741502928717,0.06250961699954241,0.0759766347922393,0.09110078682634717,0.06865808144161815,0.07917130098728199,0.06981882613989325,0.1028499993602865,0.10711340629960478
