Country Name,Albania,Angola,Australia,Austria,Azerbaijan,Bangladesh,Belarus,Belgium,Bolivia,Brazil,Bulgaria,Burkina Faso,Cambodia,Cameroon,Canada,Chad,Chile,China,Colombia,Costa Rica,Croatia,Czech Republic,Denmark,Dominican Republic,Ecuador,"Egypt, Arab Rep.",El Salvador,Estonia,Finland,France,Germany,Ghana,Greece,Guatemala,Honduras,Hungary,India,Indonesia,"Iran, Islamic Rep.",Ireland,Israel,Italy,Jamaica,Japan,Jordan,Kazakhstan,Kenya,"Korea, Rep.",Kuwait,Kyrgyz Republic,Latvia,Lithuania,Madagascar,Mali,Mexico,Moldova,Mongolia,Morocco,Nepal,Netherlands,New Zealand,Nicaragua,Nigeria,North Macedonia,Norway,Oman,Pakistan,Panama,Paraguay,Peru,Philippines,Poland,Portugal,Romania,Russian Federation,Rwanda,Saudi Arabia,Senegal,Singapore,Slovak Republic,South Africa,Spain,Sri Lanka,Sweden,Switzerland,Tanzania,Thailand,Tunisia,Uganda,Ukraine,United Kingdom,United States,Uruguay
Albania,1.0,1.9100614312219664,0.9198780978541812,1.7513035534258854,1.8614684551329435,1.588463999483031,2.2146896860130094,2.0647354336958093,1.4410567936097753,1.4937550235432984,1.6174970902390313,1.5469124436821808,2.4461913973050153,1.4507221523577036,2.204371199958412,1.1158344120517871,1.4354305182274123,2.1360937174991887,1.4901282523052661,1.8424015964851135,1.9008287087704046,2.0313452163207364,2.478991907212911,2.2973293636139447,1.8735491117021996,1.6401866120607198,1.4178900176184324,1.3969178812200924,1.8086154393092224,2.29476743634295,1.6363364685226303,1.8079201148412731,1.4305477313397608,1.5716742194417201,1.86791019883757,2.3115723961435246,1.7597468309700008,2.4726190678842648,1.9929232266278476,2.7063805607427263,1.7753459044975886,1.5932714553216933,1.5732525014204393,2.111815326709157,2.8089441161053834,2.0368876592457883,2.0825682786887243,2.3285116423276255,1.861488672682912,1.505252440720952,2.278951551649389,2.684107143036509,1.3827167542837016,1.627255417261849,1.842868131449958,1.9743480729482956,1.4497119610304363,1.896234517178399,2.2350573459315792,1.8067496695793694,1.376803772308263,0.907636525973543,2.258970344667047,2.2471436548454258,2.290607084969135,2.3149462954493742,1.7839200937956563,1.4381858272904624,1.7394673728962098,1.42522770265804,1.8196514143855695,1.4727006083425365,1.146942102882884,3.1111065459854963,2.488927434835903,1.5697405023390099,2.124168869186181,1.6270893474182273,1.784163138600953,1.8712199376207166,1.518050764182173,1.5911378422397684,2.5284197590192314,0.9089885757900644,2.5036446882129244,1.738837703444375,1.4029140251104844,1.7951252772365014,1.925060960347622,1.7019041595967392,2.242430453642017,1.9840921762242212,1.5756871552031202
Angola,1.9100614312219664,1.0,1.4392493505056327,1.0117806227967823,0.8425697490903359,1.1737677191025537,1.1436604522124036,1.0798777936496413,1.4752841650605482,1.1943636807762048,1.8780262983601452,1.2968547965808321,1.0548944339596655,0.6512004893128931,0.7677595662877308,1.5409554835488364,1.6381286043451455,1.520776049121861,0.9685978836582196,0.9622787120930651,0.8223282418486766,1.2455193271257743,0.968477966241303,2.819643126807202,0.8538787318654231,0.8683372637658964,1.3302703882776252,0.9471223255932777,1.3447067745312304,0.9316605171072598,1.0787860987940048,0.9493962756317296,1.8699003675740633,0.9414400086469975,1.2886663377859522,0.8154225128263519,1.205346054398134,0.8452525169108931,0.9499886700825143,2.7846009247822034,2.923660724462982,1.0350129964486143,1.2380940415896065,3.055394638432842,3.959022938580322,0.7356081364193621,0.9748519542911711,2.060262690198081,0.9636897785272898,2.1394982687786914,1.0367856001664024,1.0590698827012228,1.4882361220103284,1.3526831419442211,1.0962563141239223,1.2417944504108422,1.696503164096312,2.9479093350500163,0.9852367993153517,1.098387230397349,1.1678900853913856,1.3506857542915771,0.6122753894997757,2.2810076165498527,0.7355517114147627,0.815361028306727,1.1503165666062736,1.256994076228673,1.0329976596856358,1.9690345690554028,1.842111256582194,1.358818150620789,1.3972893463897242,1.0055048489264022,0.8906229660953193,1.1519228568250595,0.7463019181071734,1.0788560980083295,1.324868354611982,0.9096034059791882,1.2540072574837773,1.2026949844077288,0.980043732435103,1.3217054192228022,1.0259125458886824,1.1759673804037227,1.0617103733654794,1.3092879802293422,1.0699769256503242,1.1753370843224966,0.7890677155502712,0.8909506870576038,2.690625396123099
Australia,0.9198780978541812,1.4392493505056327,1.0,1.2225583516255465,1.2844089048764697,1.197343338076685,1.7160114544969516,1.521950486478182,1.353508153891202,0.9471420713724676,1.4736964734360052,1.1180814349983552,2.0890656507889864,1.1801871680239593,1.8673262465873457,1.0104041786387494,1.4398648501739224,1.782274574619652,1.0158716121226634,1.2419560002400134,1.503046873590719,1.487805050532129,2.065987795774255,2.4916899740212126,1.6497215547404878,1.2932319982843847,1.0171439993927205,1.3757133606840153,1.302126188184112,1.813523451207034,1.2118612956604058,1.702226798318985,1.418485607053631,1.1347078973147409,1.4556297403596712,1.7547630447977405,1.195259153056898,1.984865800927456,1.407219868942546,2.546546285900196,1.7945530315745897,1.332284502338115,1.5266760176011571,1.7256535159064548,3.2668928844768432,1.2776254350094827,1.8025757352801832,1.927405417418289,1.2988607214588357,1.6538055364067135,2.239078917463698,2.4218067059816435,1.084766080968449,1.3421276929750365,1.1892496195672644,1.478856489462082,1.171016478381134,2.071687624715024,1.7600180623230375,1.5534422259794383,1.1581256192483877,1.2082162239398226,1.7106022869812372,2.294296649953752,1.5729150514427006,1.6730792798007768,1.2186189307080197,1.5814032793657993,1.155739457402679,1.3224813456246285,1.5786960931194383,1.1108806741103634,1.0058337136535949,2.9325394777332097,1.76335524793325,1.2306679584263658,1.468546477437219,1.2825235092992755,1.4178696513526639,1.3915007823734695,1.1598629191033467,1.2949539388118187,2.16270558141546,0.782112691515644,2.1341380086171355,1.2481881876569054,0.9458860141762051,1.5885466716073986,1.5659303652731111,1.464413552728181,1.75835789239476,1.6349029523469716,1.1662066972684317
Austria,1.7513035534258854,1.0117806227967823,1.2225583516255465,1.0,0.6657237246992136,1.0249972134284373,1.2882702963078536,1.1107880935953738,1.24957683990989,0.8252653796597405,1.4836628881362537,1.0751534792267272,1.0914185082523187,0.6464686120954373,1.1539333889269308,1.4182904886198702,1.5438455099504929,1.7409721380398653,0.5491886539643027,0.5794616243323282,0.546565972564242,1.297532263377244,1.0250703614749712,2.7440236308758714,1.075047160114299,0.7960283057417983,0.8177877106824193,1.0639426826373561,0.8211459414552964,0.9103668477316573,0.8918843561248466,1.0098546815691885,1.5144074941158767,0.6510926357570641,0.776997764953473,0.7922158833922963,0.883653608642224,1.0516859944909505,0.8585017664190859,2.891996190649359,2.3239669781613705,0.5460768243992296,1.1282068436675603,2.6373431999058634,3.2340077268669964,0.6550779212758888,1.0517356591312548,1.97575853362236,0.6776802140577158,1.8449471331261724,1.4475974157744735,1.4281993425201374,0.7987978203313282,1.3463869379982207,0.7613292250989927,0.9324429479372957,1.5190548275129439,2.8100676189305056,0.8424499746017015,1.2285377359792844,1.0271426509238843,1.4714759368925838,1.0055823861402957,2.042203509239987,0.7835288400969977,0.7301275326406529,0.5471041045552273,0.9366659806143107,0.7276784104823544,1.5112760431211867,1.6162506862438648,1.0864835900982721,0.919447799371792,1.6520929114546707,1.1209809331019938,0.6111813147897647,0.544747071267885,0.9490301339343422,1.1187576593667528,0.8527439026433572,0.7499520489250153,0.7663519722959327,1.0867117907503898,1.0853065034072342,1.0733075099430978,0.85862978409793,0.7341507781091852,1.1287074318455526,0.9517087975798427,1.114103286219806,0.8861566344600347,1.0672980226265647,1.705067904742446
Azerbaijan,1.8614684551329435,0.8425697490903359,1.2844089048764697,0.6657237246992136,1.0,1.2845405916168344,0.9223699740948785,0.7674002320775017,1.4746023484708477,0.9517424966549219,1.7424879434557459,1.2123094682611761,1.0759618743930655,0.7510263070783345,1.0290166706282557,1.178744233542914,1.7713384984599863,2.054005307866831,0.8246573557701746,0.706478333972296,0.6816631021160058,1.2683473852213223,0.9279877217657782,2.782366977816591,1.0489807727596197,0.8605303348883202,1.1243436324863374,1.0372283481635851,0.8553189174406877,0.837766268339524,0.9273849183903918,0.6479714659968991,1.876298604347003,0.9343962467519895,1.0931438239402071,0.7269086045953157,1.124916737030495,0.7743646460163283,0.5721404626905058,2.8293740240323233,2.7391500524070667,0.9149944002498681,1.1824575484060986,3.05184791103854,3.9421414528514434,0.2939536737162808,0.9508617997278673,2.196756812553966,0.6468766141047624,2.184029599960325,1.134688844041606,1.164850204824557,1.1871267498266675,1.5859031450041905,1.0043663853989944,0.863535172185669,1.4849556902551284,3.1341747072625155,0.8166920162469039,1.4044094784916572,0.7594084830776768,1.7349023863585167,0.8706686826235752,2.364359547515658,0.5596992778790579,0.7188601272335039,0.8211509163220267,1.1326428035530487,0.6178575059572002,1.7710635008706772,2.0177403784211543,1.470674645068149,0.943999220453386,1.2615444898284425,0.6378432321058574,0.8108085397779181,0.6258634096199824,1.139543139778925,1.2280971955152096,0.5738309793444412,0.8760269266438675,0.769908280982222,0.8999351382835845,1.1091423627836208,0.9531957729825113,1.0164278351935934,0.9941429746836865,1.2400264079746208,1.0559612233568472,1.2455595368392636,0.7412008216881721,1.0071646115703619,2.1019342383290147
Bangladesh,1.588463999483031,1.1737677191025537,1.197343338076685,1.0249972134284373,1.2845405916168344,1.0,2.130007457708292,1.501229640077188,0.9996191071038151,1.3217700733390498,1.338490397510694,0.6625110005496884,1.4265997915840576,1.1335386808675225,1.3918375535573528,1.434330148807208,1.201895581333433,1.3611407966517004,0.8642463675812979,0.8720637958596036,1.1303950398759226,1.0965668301294098,1.0782961993081666,2.3300533579481844,1.1417069119435663,0.806575453771653,0.8260480116172753,1.4337023139767908,1.356489458838784,1.456677475875291,0.7920482830437661,1.3818938264326648,1.277552552042346,0.7235089234658212,0.9926714808551234,1.2418174316140171,0.8676030360332595,1.1930281360456392,1.3032883782337739,2.502518085217488,1.9153658329534216,1.085961941464541,1.329412362341985,2.369413511797873,2.7893313575065752,1.238130555400791,0.8953569705258926,1.6694486985260157,1.2958928412151833,1.8169805589154977,2.173873164163398,1.9936368548467522,0.7920379732180105,1.039950648010877,0.6460639927774421,1.4492391192780858,1.2075693515432588,1.873874198479213,1.137100805774375,0.6154314289021442,1.415468560149027,1.0665329249089062,1.178380201143015,1.5470348228192763,1.2934603419984216,1.1581512848068658,0.7139304458082325,0.9901886208592576,1.1398459514020618,1.2053257687676455,1.0573089206420248,0.8587121129163566,1.2114074633437981,1.7964645007994848,1.6084108032220308,0.830527570805062,0.8292487747988087,0.6111008506438205,1.0066126139460094,1.2624181304699211,1.2160327676605938,1.2480903578751141,1.3339848220197448,1.2340030596057157,1.570357682442053,0.687382444179415,0.7196729703988274,0.7787543173954798,0.9205206004433713,0.6457131582324236,1.2451925097179704,1.2566719663404302,1.6388118537406877
Belarus,2.2146896860130094,1.1436604522124036,1.7160114544969516,1.2882702963078536,0.9223699740948785,2.130007457708292,1.0,0.6556625390664583,2.466817642188376,1.304998423114947,2.6785951217309014,2.0040943668338698,1.5278285479063052,1.0353638332647916,1.5349128392229863,1.6150811501657862,2.550298223576491,3.0282078092617732,1.1342300719256118,1.1695794714962295,0.8977282448041342,1.7270487737303029,1.8686540563220366,3.3581202892146242,1.8265573429329358,1.8634449519540817,1.521700378590978,0.9276117435046081,0.6662942114976702,0.6598036528134716,1.5538813930779267,0.8351950800219523,2.6624689501062035,1.3088603262994236,1.273001819455182,1.0623236120464525,1.9629230050321969,1.5415610374938757,0.9146812192297222,2.869967665984505,3.4010665806634655,1.4055670217988825,1.4170745422397388,2.922579343542793,4.712350993134146,1.0007144594681716,1.3757047334886943,2.4994998259015917,0.6247415653063255,2.0857116269213916,0.8321685525456071,0.8039558188659479,1.6529740384594405,1.5585736697018475,2.032080278212419,0.8038420182248833,2.2364920957204673,3.650279685383443,1.1153678149110733,2.0330961598060098,0.546359001500849,2.401119126685659,1.264104907550095,3.4841524048550734,0.8300717948060987,0.9032459401562335,1.6741803355051816,1.6239154644466853,0.8632139447670857,2.5404662256801522,2.8418736144421755,2.012468290149153,1.107596602758802,1.4414192652271474,0.5811925711315886,1.1948397802674873,1.2416785850009942,1.4086691110616893,1.4419506306541963,0.6949316163148713,1.453084259030177,0.8198204204183699,1.1091498260108419,1.6560424905911364,0.9599018039848861,1.4016121276712155,1.5387898567225404,2.209544480647932,1.2282769348380325,1.8518366649089661,1.0180904598527796,1.4445656933072515,2.3493035134788016
Belgium,2.0647354336958093,1.0798777936496413,1.521950486478182,1.1107880935953738,0.7674002320775017,1.501229640077188,0.6556625390664583,1.0,1.9812786049261453,1.1375894364293127,2.257361820949314,1.637921193799837,1.0416960793300578,0.8509328981942377,1.4063441154817595,1.4209920593436705,2.026638443709214,2.3526072176350317,1.1575536083274058,0.8533715168318438,0.7749868042371963,1.6113429460938025,1.3927003870657844,2.971574844928444,1.4198704451380424,1.3948307404581592,1.493698501502997,1.07876716073302,0.6655635629467958,0.3806994578932844,1.4655957811171925,0.7345932928224972,2.4217442962209654,1.1158334921073496,1.2301873990247452,1.0130312680256055,1.6404510494051006,1.1521754956917103,0.8059438515779749,2.9719634877950627,2.933214125579929,1.2114556743690237,1.1657275380984267,2.8407932154751308,4.189551271864561,0.7629447493749848,0.8582437709574432,2.348362706177392,0.6014450225771297,2.0958875047933665,0.804052735562071,0.7784023720224207,1.3455685985080683,1.4633190914266936,1.6160858901894677,0.8321940199951294,1.9268224562136367,3.041155822664603,0.8607124457058163,1.600004152662467,0.8128815329275652,2.2778092263982126,0.964222834425283,2.8638146895185743,0.6856882639464233,0.7998533980825169,1.3846397398460353,1.313724958966711,0.5309341231720048,2.2390749494206847,2.3101609886965084,1.6482698744730693,0.9886571519155849,1.2084474551992705,0.513740985979633,0.8110510607436596,1.0413425480441703,1.2603685191647527,1.2096845764709185,0.4108394575730062,1.3051241968758298,0.7680546700855915,0.8288961342328385,1.4092748608266392,0.7848975219534846,1.067917750765489,1.2118359662164244,1.712719591971919,0.8406069910791112,1.4427264999329767,0.9669459167753554,1.182169028275632,2.1977185230902765
Bolivia,1.4410567936097753,1.4752841650605482,1.353508153891202,1.24957683990989,1.4746023484708477,0.9996191071038151,2.466817642188376,1.9812786049261453,1.0,1.556780258265007,1.0239202069609687,0.9148596302255968,1.4097690986061564,1.406793677508149,1.616462123931457,1.157101277775675,0.9483005621470896,1.2960456012170654,1.0829757600267185,1.3206192984518483,1.6384310571920453,1.5109962070908354,1.0996808596602303,2.0130560705859435,1.0980523615768196,0.9427256352446087,1.3479368253496378,1.7563207682030142,1.8576735346224007,1.959681501478816,1.358597215133158,1.697737526143971,1.184593969058567,1.3264149999636088,1.394924072835255,1.5481993617030119,1.2100119296305323,1.3648517328507035,1.6819957132707253,2.5633732683762833,1.459871001115697,1.2284702822181321,1.6988905715123759,2.690101375197144,2.4936922699027813,1.3582452949824402,1.3150511814326142,1.9671324212307666,1.9015746110607612,2.0783760731772523,2.4262208191517334,2.2004228817552467,1.0427267751643894,1.3865918789379104,0.6634428411037655,1.9958146186706829,1.4839915092617877,1.8875853563431564,1.4041092467420837,1.240356985758923,1.9419514680010939,0.9609522745857255,1.4587787572425617,1.2920662535942233,1.670061147750282,1.5853478844484599,1.0519337144860175,1.3685839732541587,1.5143151118107103,1.099932973253738,1.234679365832635,1.0346946937416759,1.5631267461991023,2.022148254213802,1.9465639408241833,1.0745297742128193,1.1138519612991389,1.1561436459473264,0.9379249529155761,1.811311635485288,1.3587532372331776,1.7474713695202755,1.610331293489588,1.4551325669195194,2.1530912533779785,0.9421475156460755,1.113588509381604,0.962995723036512,1.3548839726289872,1.3238314320296607,1.61557720423737,1.3959811348536846,1.6587051263905288
Brazil,1.4937550235432984,1.1943636807762048,0.9471420713724676,0.8252653796597405,0.9517424966549219,1.3217700733390498,1.304998423114947,1.1375894364293127,1.556780258265007,1.0,1.9277286268818723,1.0767463479413895,1.32225464421944,0.8845008835610009,1.4506608059609856,1.2288385659722292,1.9003005679190932,2.2929748170876794,0.8130146638408797,0.8909405590557833,1.08383713429509,1.5431739914112994,1.7815295044277055,2.4145909008224344,1.289184455096795,1.1834826943079708,0.8608076982647529,1.4161666036513751,0.8905807252176297,1.3021547456151927,1.2022198347873139,1.3498697518627978,1.8190138905708069,1.0369253247867933,1.1526754636240886,1.4090273309974939,1.2297114720021844,1.6932042495261412,0.9469223765436734,2.6448215403048656,2.300239451231723,0.9608830384978614,1.3296902715841037,1.732211306011776,3.7049070275866036,1.0056578246852066,1.3893186142746878,1.8493262199933218,0.7682720217165382,1.6076187737948702,1.917091434745045,2.0109542466748973,1.1316229106154878,1.2451853480418968,1.34908418867944,0.9826637672564734,1.469741919566442,2.735064696219144,1.4142114476855603,1.7489800771040862,0.9686795379177662,1.495255534252381,1.2821820575231242,2.3208200414356135,1.1764034237770884,1.2006344124350632,0.9490010542014912,1.4821699435986453,0.9719380043970972,1.804180376423031,1.7334282626963256,1.4014946038515212,0.8174626398790927,2.357468604750775,1.3585650722336264,0.9851183616873784,0.9698707134224815,1.1197283334782095,1.106547239816308,0.9884375003330207,0.986694067708195,0.7821646247975385,1.5565819350649992,1.0695299313840794,1.6388767407387859,1.123663658917434,0.7338524469820641,1.566480940499305,1.2061978966290667,1.6982316610686192,1.3821305888371267,1.5016062752266304,1.2302737631290004
Bulgaria,1.6174970902390313,1.8780262983601452,1.4736964734360052,1.4836628881362537,1.7424879434557459,1.338490397510694,2.6785951217309014,2.257361820949314,1.0239202069609687,1.9277286268818723,1.0,1.20850054310926,1.6690594025620538,1.7207722945352715,1.735371597645793,1.4528269239510694,1.108668323402963,0.9677832585501644,1.3913876162518475,1.5119498790777892,1.707513706012745,1.499291077643494,1.472301775846205,1.999387531423438,1.4526840708768545,1.3167548074511977,1.446338909492082,1.8924036951842236,2.1922031022480826,2.1871097327646476,1.4922934293255052,1.7362504577810824,0.9111498185902392,1.3983347476273393,1.5282940794440985,1.7896154345589057,1.3613424274758266,1.5831418168263551,1.970114462488566,2.6510257313858734,1.740367715818363,1.5216080652618174,1.8274416735552965,3.2206905319261887,2.328629325293097,1.8103292446404633,1.4247266757636563,2.165625620175028,2.1524096195174813,1.7949562401530643,2.6385510045033755,2.4289685553729994,1.1743772428112287,1.674081466714345,1.2076434845458421,2.121656644029604,1.7067482759309056,1.893521765144089,1.6536824980396938,1.1574908213885247,2.0458005844058347,1.0944121132348568,1.821150974033252,1.3043627973815903,1.8726859834813718,1.8351059582489144,1.4188389028041752,1.3486001394226217,1.6988051701765667,1.086568377451933,1.4438161249148964,1.131049235296237,1.7190958327581538,2.3997337504644984,2.257302879663692,1.2828121757292394,1.6001109293777376,1.6611849461360155,1.285502181449451,2.074285593465223,1.5521164540035282,1.9937255796120343,1.991106473624281,1.277502216405046,2.252004221682877,1.208471651390653,1.4073373893774956,1.2227209808130497,1.7094500639976828,1.2985041540339481,1.8340036089313325,1.6498978651654146,2.314249489831812
Burkina Faso,1.5469124436821808,1.2968547965808321,1.1180814349983552,1.0751534792267272,1.2123094682611761,0.6625110005496884,2.0040943668338698,1.637921193799837,0.9148596302255968,1.0767463479413895,1.20850054310926,1.0,1.347937844954048,1.0640335951660143,1.5020324916503833,1.2732136913538143,1.0839505457532905,1.2987688525189414,0.9753598276893765,1.0654405597100065,1.2172605459865078,1.1699647592422178,1.1516926744119553,2.283899159125515,0.9851829730239039,0.7174071991447019,0.7457021264636411,1.4624764596891064,1.0518530996698214,1.6141647436062985,0.9453266549832304,1.3912426235079631,1.3465175092989323,0.9322077541792377,1.2678281843802708,1.375346134256346,0.8813074551753217,1.2884839084944828,1.3723716668878678,2.134564625745228,1.6872212687452186,1.0645930538066675,1.2780663691948773,2.071552627423255,2.910907573406305,1.1789794328836254,1.1852626153963661,1.729248350176005,1.278976634655508,1.7480755127148275,2.2824784911213403,2.303455233262528,0.6925576611742583,1.0907680638606612,0.7086242566352385,1.4234175972066057,1.4254836721119255,2.1859486095926735,1.2216535769407748,0.8908528883027821,1.1051293650793657,1.1838685473194315,1.2865645935534944,1.5474806604449682,1.4463072019050032,1.4166704921279472,0.7482697746125268,0.9471049742705202,1.1081785093187109,1.1802408686595396,1.259198869178571,1.135016820827251,1.0171262904890246,1.8897361804264592,1.9425367609232762,0.8880093075232953,1.0573620695733634,0.7052657905159618,0.9798150050877743,1.2525381895543393,1.1132685310657058,1.0799438197419893,1.5313912040653304,1.284581930533263,1.8764472157836685,0.7597152870101362,0.7784954115420908,0.5708778628269193,1.1886648685359393,0.9959469859760748,1.452819432460398,1.148176725388763,1.2809922013190937
Cambodia,2.4461913973050153,1.0548944339596655,2.0890656507889864,1.0914185082523187,1.0759618743930655,1.4265997915840576,1.5278285479063052,1.0416960793300578,1.4097690986061564,1.32225464421944,1.6690594025620538,1.347937844954048,1.0,0.9191859554436607,1.2360852522176882,1.6072445837844438,1.331499655096821,1.4425795355081665,1.1433380205123778,1.1423726809470367,1.0461212044009676,1.4652384152890714,0.7148113569398635,2.575988041357274,0.8342552921934594,1.0002132917685695,1.3769549354460477,1.2747385665110231,1.2880839170230125,1.0620864573006348,1.4718435053735426,0.9175910736937456,2.0222941832503305,1.1781384447464207,1.2983239036520293,1.1902567765276384,1.445619268701669,0.9032969727011969,1.1946305221505837,2.8061918755889996,2.609724029958639,1.285448707800379,1.086809441289676,3.6329760222885605,3.5816918547971226,1.0244560463242396,0.6835141573637592,2.6154003804235324,1.0649669642751936,1.9368461799004437,1.4825833050788155,1.4986254642657841,1.4007105582230932,1.1872434301647117,1.3503051325251567,1.3281295493162633,2.2187915106154805,2.8671024274442805,0.7070265828706794,1.0249784732323162,1.2427352972754333,2.0554556525052115,1.006919998824991,2.028456160771039,1.0347954436058409,1.0470288806655441,1.4106510110832957,1.1067514189030638,1.0604733351919902,1.7629692848054663,2.060699158079858,1.588560166365163,1.3828050983534979,1.1807375575684915,1.1600288846123856,0.8229178257875072,1.0212591325538236,1.1341290148613516,0.6856374000577499,0.9471825832277678,1.5176633789638243,1.1576363814886037,0.8681651718981059,1.5794509661618021,1.159355745901312,0.9654750931741097,1.3384097515872602,1.3846984483619615,1.0086670707439014,1.1100774580763666,1.1623443949171517,1.1542687199368284,2.3060958691252527
Cameroon,1.4507221523577036,0.6512004893128931,1.1801871680239593,0.6464686120954373,0.7510263070783345,1.1335386808675225,1.0353638332647916,0.8509328981942377,1.406793677508149,0.8845008835610009,1.7207722945352715,1.0640335951660143,0.9191859554436607,1.0,1.2073169214424389,1.061473715709756,1.487221782218242,1.7188074096422803,0.787594806787544,0.7402042138791606,0.7178848394707886,1.3296097734191983,1.1473581287013859,2.646387973778297,0.8836971997738161,0.8548815008910091,0.8918956255649788,0.8342513349797533,0.8602647197184773,0.7919225348295165,1.0876470673947378,0.7031763080743899,1.796577851489716,0.7259333687868277,1.0592262567604052,0.9366777421394964,0.9180712661937827,1.03611619692484,0.8834179502343786,2.763598159108472,2.314224770349465,0.8180544255361546,0.9100390334364584,2.3287691748564034,3.7166887731847496,0.6872125006704768,0.9909868986923647,1.9137797715150295,0.6667135443057643,1.7505117553283673,1.1697269564064783,1.1703141380912203,1.1195473002433582,1.23222775804193,1.0669276622493247,0.8885608719074702,1.420453582016191,2.499589199721285,0.7802104400591374,1.2590132661746112,0.8431932628531322,1.0893724603747676,0.9282555400361645,2.091812632221045,0.8171566566997162,0.8988025710225864,0.9545147153389124,1.0964665016673747,0.7084437441827984,1.789418708398471,1.6293414262153783,1.0977591564183935,0.8463587376312786,1.3878302759733103,0.9722049117455869,0.8310922623841157,0.7255495715381026,0.8786078499929044,1.1710864966773586,0.6907466091093653,1.0380029363127452,0.7936533188425734,0.9004199232852634,0.9731166451122224,1.0618518679195685,0.9126017645847815,0.7852245892210992,1.2775164204020453,1.0469357730348094,1.114173304946664,1.0348617320245663,1.0771473619858218,1.7851087838718227
Canada,2.204371199958412,0.7677595662877308,1.8673262465873457,1.1539333889269308,1.0290166706282557,1.3918375535573528,1.5349128392229863,1.4063441154817595,1.616462123931457,1.4506608059609856,1.735371597645793,1.5020324916503833,1.2360852522176882,1.2073169214424389,1.0,1.6264031136883106,1.8652621201853996,1.706759378218538,1.0534992529033729,1.1262192788671066,0.8447355378166943,1.3358880179782195,1.1118345344948577,2.840548457548144,0.889393170095816,1.1510203614233019,1.5831715028654796,1.3754377504077175,1.7268407282839868,1.2255043218669242,1.337772186733754,1.0990793121642306,1.872906075526719,1.0877859719448164,1.2976263253580602,0.8737887702472655,1.4750559451575016,0.9316404660985658,0.8824081996409341,3.085309449284439,2.910622445376956,1.0499833264297012,1.571959597941274,3.522026759739356,3.6111003548994924,1.0031506004810786,1.2604660208625866,2.45298792889324,1.2838911093455396,2.2847054904343365,1.2859151066541488,1.2648306274550831,1.2555441264761824,1.7664706075270045,1.3371855875043979,1.7505366188168843,1.9215324077656661,3.0119662778477654,1.0820659022757666,1.1066267334339992,1.4883630138411073,1.5897291552702164,0.8724080189617232,2.3290804694527996,1.0005782430771208,0.9898737496489687,1.1288190650903756,1.1139387037788762,1.43008133264858,1.9777719505018556,2.0001165643166456,1.495134243889679,1.5639504791361356,1.308270838159962,1.1574343529675837,1.1507818063436361,0.8800348958877284,1.4561399721423598,1.321332126889802,1.2318440199567338,1.487193635134962,1.5772001039002,1.052855469760687,1.433510029565622,1.2687341235501919,1.2543154032562644,1.3478747148597015,1.5130422889468829,1.0198559304677008,1.3579069516511069,1.0377112904070056,0.9482332998296046,3.07005280466688
Chad,1.1158344120517871,1.5409554835488364,1.0104041786387494,1.4182904886198702,1.178744233542914,1.434330148807208,1.6150811501657862,1.4209920593436705,1.157101277775675,1.2288385659722292,1.4528269239510694,1.2732136913538143,1.6072445837844438,1.061473715709756,1.6264031136883106,1.0,1.4514415529840048,1.9163035569353737,1.248217704057589,1.5876301681447988,1.5982876092440599,1.6750923793161419,1.9040418658272311,2.198590310214766,1.2490619738725164,1.1409092587844942,1.1114432627775463,1.6497434715664132,1.6290795706752275,1.5092091724922612,1.547430229872433,1.757026929407713,1.5197412273412754,1.5781655344387673,1.7265210221189038,1.6080983203826094,1.465167568235156,1.8510762098336828,1.4372509998788365,2.7670060782032326,1.5645367736492681,1.612050282922951,1.6036782103128313,2.0627095077244824,2.7089605299229165,1.3951506232695958,1.6009603682724984,2.0814693477928614,1.5150326625689456,2.2063325778065495,1.911461420487473,2.0367191154478963,1.4355763978319183,2.039647165171738,1.2774298970837739,1.5873709356026717,0.9321595271918369,1.866640191022894,1.9110794874153403,1.6208338713920374,1.3138174647539342,0.9198183806248872,1.6102902510185029,1.548356028653878,1.4722394788706015,1.6269581720920254,1.4248738790037865,1.4864007222391857,1.2546321657507193,1.2358521638300504,1.4430879079861825,1.393928741522739,1.0629566040758816,2.2254810091514186,1.4675874392053048,1.2387078073255755,1.44286856589138,1.5986660757919342,1.4982206965371136,1.4329929050278851,1.5530686757377805,1.5508347508141522,1.7046551947250221,1.2109152121237825,2.000071489432508,1.4381171108745563,1.214077146896321,1.4627366107007413,1.6682819686009915,1.8085781194446813,1.6414752940063613,1.5752124927666926,1.483255054549924
Chile,1.4354305182274123,1.6381286043451455,1.4398648501739224,1.5438455099504929,1.7713384984599863,1.201895581333433,2.550298223576491,2.026638443709214,0.9483005621470896,1.9003005679190932,1.108668323402963,1.0839505457532905,1.331499655096821,1.487221782218242,1.8652621201853996,1.4514415529840048,1.0,1.0158847339118278,1.3870637603911065,1.5639815926097662,1.7031827977166563,1.2080896566123718,1.4151443238038275,2.297226693728316,1.242696539746073,1.0578308094300937,1.61740195733063,1.8099928194616144,2.1106439749356825,2.005782862312866,1.0910814116893954,1.7349027270930324,1.2256370655963695,1.4310659895028774,1.6326259666762135,1.7552450267069157,0.9890468802839474,1.5821332077279597,2.0083370346501495,2.183352978164416,1.5194355628878045,1.588192277681706,1.4147851688905568,2.940454007394914,2.429141044393155,1.5889940452967317,1.3202687007818987,2.1246236944806602,1.9807727314120276,1.698491431976359,2.462957543041633,2.203532171208644,1.1580154622226018,1.1792474487842985,1.2192681379406989,2.3354922003672325,1.5772935406127686,1.6293657077228902,1.5108056380319148,1.3145385767012912,1.971623230139812,1.2182189373910084,1.6502745524786355,1.4394240335506026,1.7242392371027275,1.7577064498617037,1.4645730728340238,1.4539219796184493,1.5717028478955946,0.8896345454417486,1.2484008264454611,0.9815595032589082,1.7436544483439216,2.164287274560261,2.0466532675637934,1.1834676727032365,1.485719546632704,1.2645125700298099,1.4180125536149344,1.929878659025157,1.275285787876522,2.0970927678624918,1.7275986974791937,1.5644796803427132,2.1164880520702702,1.2092414321266627,1.1879034439365581,0.8840825631943566,1.3452743901677982,1.2588018540173105,1.5761206175071907,1.3774857735382535,2.08907263343582
China,2.1360937174991887,1.520776049121861,1.782274574619652,1.7409721380398653,2.054005307866831,1.3611407966517004,3.0282078092617732,2.3526072176350317,1.2960456012170654,2.2929748170876794,0.9677832585501644,1.2987688525189414,1.4425795355081665,1.7188074096422803,1.706759378218538,1.9163035569353737,1.0158847339118278,1.0,1.707657689820739,1.800972739084673,1.95695665868634,1.270605096542233,1.2920292842456713,2.365624996845341,1.4089856796233717,1.2179186782609306,1.7791818634439913,2.190352293810554,2.351252434304301,2.3113655047961665,1.3165218795324705,1.8553202490795657,1.5816703848487195,1.6103894419310893,1.7963028809678403,2.0650706175693148,1.1577540043791041,1.6206670951782787,2.198543049126702,2.2915908296709047,2.12181885131088,1.6596656417238005,1.6199561569146497,3.556607188339898,2.5613497504438114,1.849757142521994,1.4091805169538674,2.3263683895628766,2.4342338914093666,1.5855732337585684,2.761884477962137,2.7091808236506814,1.4204669695188556,1.2123742955869479,1.1863779834899124,2.561031029451874,1.9206033199908918,1.9570789785919052,1.6667933884611208,1.1273887301865257,2.4919030507206177,1.5864104450346574,1.7547075922388575,1.6056462505396032,2.024144578698716,2.1157803171430336,1.6765516793200343,1.6958423555404885,1.8627489789882665,1.3205140162904947,1.2076296834625193,1.2137516765654974,2.2593599105326536,2.3104592888695055,2.367618845641096,1.3961033521310184,1.720853876188991,1.4516439720837233,1.3886526624555997,2.228067304013242,1.480732090990238,2.3335890247954305,1.8529829546566983,1.7910955116750271,2.258525199743138,1.269563786299074,1.5253782519101045,1.2475906379319075,1.6989809702125687,1.1210020603095574,1.7978776376148067,1.336789707429905,2.6017994432337055
Colombia,1.4901282523052661,0.9685978836582196,1.0158716121226634,0.5491886539643027,0.8246573557701746,0.8642463675812979,1.1342300719256118,1.1575536083274058,1.0829757600267185,0.8130146638408797,1.3913876162518475,0.9753598276893765,1.1433380205123778,0.787594806787544,1.0534992529033729,1.248217704057589,1.3870637603911065,1.707657689820739,1.0,0.8288328628510049,0.6994671632826943,1.158937841536684,1.1697293010509677,2.668528444959861,0.9267571384299538,0.917630802569108,0.9052720201698998,1.015303384790249,1.0500700367455726,1.0690955375168485,0.9416144512560742,1.0627994996050911,1.3839907030358196,0.8018369691368401,0.9701365726287469,0.964242208988069,0.8977916649109113,1.2075222084540058,0.8312610360982489,2.7666142379606984,2.281219276113574,0.6212229863935689,1.1527222766995648,2.3004763782614894,3.276741553551178,0.7645894697419423,1.1837535295682886,1.7120425741537209,0.7839237161649305,1.8746383251526897,1.4957556672603227,1.4965823435792984,0.9020783148413021,1.4494662372173739,0.6942635460174443,1.168651811106768,1.4445742926440848,2.5144445632205925,1.0331995556470177,1.1809546509967612,1.1427167441256016,1.366508207702141,0.9756328855655116,2.015083114472874,0.7860306108109629,0.6498570617291297,0.6842803213806812,1.0632708517221783,1.0586873968547175,1.423734671230336,1.4514479194823846,1.1443537177292535,0.9281040530164024,1.5316450304433498,1.13797878636275,0.9271777176888794,0.635146604969925,1.048188829847571,1.0706587741288378,0.9791821529627907,0.9674487954458562,0.9048243346743826,1.2508252029382456,0.9208089026851853,1.3376590181196404,0.8962667895645413,0.756880570525912,1.0288324996129894,1.0387494250167533,1.1277580314021796,0.8844473782248173,1.0791844506329236,1.682022742315843
Costa Rica,1.8424015964851135,0.9622787120930651,1.2419560002400134,0.5794616243323282,0.706478333972296,0.8720637958596036,1.1695794714962295,0.8533715168318438,1.3206192984518483,0.8909405590557833,1.5119498790777892,1.0654405597100065,1.1423726809470367,0.7402042138791606,1.1262192788671066,1.5876301681447988,1.5639815926097662,1.800972739084673,0.8288328628510049,1.0,0.7069406637218558,1.0667726762602396,0.9818712353170921,2.520693937972306,1.068257527080839,0.8434633623018186,0.9556794290559809,1.176189467357646,0.6173618485623609,0.7265932632918943,0.8399344329216183,0.9402914575773884,1.7161922453094776,0.4132337974920257,0.646784206891575,0.6441030629233659,0.8839884476210907,0.862484937130294,0.8429593158185569,2.72085638426035,2.4973512526277464,0.8548068919326273,1.1867093145951906,2.5160687059627054,3.4860377588015825,0.6586160613476759,0.8900687558018802,1.894824547502183,0.6454454738271371,1.8143149796717415,1.4605031526520342,1.1914387575698213,0.9243130109479087,1.114912243571578,0.8846447648544196,0.6970596435081835,1.4761070347985803,2.617432344805421,0.7562757624661292,1.0521032731249829,0.9550599947551308,1.596110232534845,0.930831631703654,2.176391639992897,0.7381281728959763,0.7345407456898139,0.655005617390066,0.9879841906267666,0.6316567522128516,1.601416133720524,1.5110503904496861,1.1803400645546815,0.9807772745269772,1.400916579032325,0.9542357600947059,0.5669424950675533,0.5820595819335534,0.8134684412762265,1.0030496249472456,0.773625744440418,0.7722835511334174,0.8022845976285375,0.8579047528771059,1.124451946593283,0.9366962109847046,0.5929805937420453,0.7340804372282284,1.1191621571277557,0.8794379082664949,0.8738565606361974,0.8468365831930084,1.0310735031463825,1.596939628941402
Croatia,1.9008287087704046,0.8223282418486766,1.503046873590719,0.546565972564242,0.6816631021160058,1.1303950398759226,0.8977282448041342,0.7749868042371963,1.6384310571920453,1.08383713429509,1.707513706012745,1.2172605459865078,1.0461212044009676,0.7178848394707886,0.8447355378166943,1.5982876092440599,1.7031827977166563,1.95695665868634,0.6994671632826943,0.7069406637218558,1.0,1.10003187465792,1.05273719976995,2.8363690722782984,1.008516479578209,0.9528686963473709,0.9280752802908471,0.9184547342962743,0.77710297796952,0.5417427309383509,0.9708637562447187,0.6785020271662567,1.8060236071201912,0.7236780823747929,0.8574147371431216,0.5925313072855833,1.1486382706371836,0.9797540512925027,0.7781638447253663,2.8994260125874556,2.8254711396836307,0.6838973545476574,1.1390066863656452,2.900641953816426,3.7419554690786474,0.7116029818327475,0.8795133816996017,2.1110994090527075,0.6256957507824643,2.029442569067128,1.0593247685586284,0.9457096740740738,1.0482899497150764,1.5038074400235062,1.0128394409246146,0.911132330670663,1.9639507072119362,3.0314933235593156,0.6643404228113668,1.217325993503787,0.9471636894677318,1.819015585870496,0.8256980954919595,2.519931214831828,0.6380563021996528,0.538450728822963,0.7094613415030582,0.9996503442672436,0.7624195324016604,1.7225962499028196,1.9059865532996147,1.239282131902001,1.1108301650674313,1.1211974479182016,0.7361011482288766,0.7901491881837622,0.6304776559987872,1.0647835816021605,1.2677757111419894,0.6811659872565972,1.041070479054016,0.8227179417437794,0.7005278841915594,1.2071165831809993,0.8093915124591101,0.9039011274929465,0.8180656621860813,1.1320942445520994,0.9053904410521543,1.0801437540791192,0.5591505236278508,1.070861787826723,2.206436064332015
Czech Republic,2.0313452163207364,1.2455193271257743,1.487805050532129,1.297532263377244,1.2683473852213223,1.0965668301294098,1.7270487737303029,1.6113429460938025,1.5109962070908354,1.5431739914112994,1.499291077643494,1.1699647592422178,1.4652384152890714,1.3296097734191983,1.3358880179782195,1.6750923793161419,1.2080896566123718,1.270605096542233,1.158937841536684,1.0667726762602396,1.10003187465792,1.0,1.3210685945307181,2.529634490305777,1.112288168841939,1.0240928005068828,1.4672366679344537,1.5946860156278841,1.6421748237711162,1.5501840992525022,0.7599423457942798,1.2426631104785923,1.4238162987383811,0.9979447095946945,1.0307309730393466,1.1036957061167303,0.7855740876337121,1.1383949540085556,1.340323582896589,2.370698265721191,2.3332473885341862,1.1370045621532054,1.7293660503211534,3.1242757565866546,3.195872051872627,1.2258391102803063,1.3630688895679484,1.9251221757569623,1.524430397185977,1.9339728334091781,1.9314870863049982,1.7336994886240222,1.2411782838407117,1.5211727270343411,1.010047673622057,1.759841502188713,1.6366242769527366,2.417671393623645,1.0845415291794729,1.007098349943112,1.6715560488630146,1.3877309083354976,1.3054599289293445,1.8387073095528972,1.1492180425019027,1.1440762612142652,1.053594332365072,1.1861373994294158,1.3899224272475168,1.683923818935494,1.135024774577257,1.0212073071874497,1.7556109371013102,1.5945687313171752,1.3337136250669657,1.0950706132753343,1.0883015912619451,1.0328831549012092,1.2843479320265239,1.619385779397402,0.9620782341962135,1.5843030172074746,1.2854309487594489,1.4541219031491703,1.575596255342211,1.1140474587180516,1.3637247881707228,0.8833961455182661,1.2037585196405267,0.989835684253391,1.2359186256105459,0.8169011507272186,2.5414533045877445
