Country Name,Albania,Angola,Australia,Austria,Azerbaijan,Bangladesh,Belarus,Belgium,Bolivia,Brazil,Bulgaria,Burkina Faso,Cambodia,Cameroon,Canada,Chad,Chile,China,Colombia,Costa Rica,Croatia,Czech Republic,Denmark,Dominican Republic,Ecuador,"Egypt, Arab Rep.",El Salvador,Estonia,Finland,France,Germany,Ghana,Greece,Guatemala,Honduras,Hungary,India,Indonesia,"Iran, Islamic Rep.",Ireland,Israel,Italy,Jamaica,Japan,Jordan,Kazakhstan,Kenya,"Korea, Rep.",Kuwait,Kyrgyz Republic,Latvia,Lithuania,Madagascar,Mali,Mexico,Moldova,Mongolia,Morocco,Nepal,Netherlands,New Zealand,Nicaragua,Nigeria,North Macedonia,Norway,Oman,Pakistan,Panama,Paraguay,Peru,Philippines,Poland,Portugal,Romania,Russian Federation,Rwanda,Saudi Arabia,Senegal,Singapore,Slovak Republic,South Africa,Spain,Sri Lanka,Sweden,Switzerland,Tanzania,Thailand,Tunisia,Uganda,Ukraine,United Kingdom,United States,Uruguay
Albania,1.0,1.968792355894357,1.4360153408841236,1.2772037129856375,1.7442205419320196,1.2868181059615744,1.74035433236698,1.6483306201880152,1.6047970207609281,1.3800180708803313,1.680314399680625,1.2697333038518468,1.9760312702375264,1.4504136636322478,2.3381375014278194,1.7829730219041973,2.0222600829921036,2.2251705417647902,1.296201165198197,1.5017160327682637,1.395192149180508,2.1420753875212584,1.88419281276935,2.4476482609712393,1.787139636042875,1.8316775792181976,1.2348966561160526,1.552347848680518,1.3141365539089798,1.7204434450629877,1.8493072678184235,1.5343289316179427,1.7402225747107987,1.204138389310937,1.4334376449570354,1.6950917611719862,1.7112221463020094,2.1249319798295505,1.6678710216074395,2.766795299574871,1.6717694073082416,1.0947202215311023,1.9976474277711886,2.381379993407521,2.7834569918917365,1.8261844461912105,2.02893357410507,2.2386275205573445,1.422075172440047,1.9226966128277418,2.1232704564478553,2.116140781980565,1.5269539547082693,1.4093353792747703,1.4646581021431597,1.6954787901143793,1.6340329053484444,2.054962526394858,1.7321938261170506,1.4627462830807998,1.621384897690407,0.7802361034252183,1.873993477103725,2.3726456915851046,1.71663793445365,1.5231003946270036,1.3314914990361106,1.1414111781021208,1.8087791641735427,1.8534807193920195,1.5756188581725838,1.7151874265181568,1.5702257948276483,2.1490375305856912,1.8493334319084946,1.7542809299120738,1.5753218164703773,1.3960743063424796,1.9433757051653717,1.6259532503153145,1.7775423122012624,1.1995670067667157,2.0216977630780173,1.5284622973883784,2.1671324169025463,1.5319774264966155,1.354749863959478,1.6901534809073915,2.0873011736073512,1.7906379014184688,1.81680901491055,2.09057019197983,1.6695081981590263
Angola,1.968792355894357,1.0,1.2873240787386198,0.9868558115913906,0.5491017439314613,1.27556626022351,1.0100778579416114,1.2101936129255026,1.1891006109581364,1.0607409248492115,1.2776447468917562,1.8088899345230889,1.2694941093492882,0.8622968391283374,0.6260844664095566,1.1672654625918628,1.262174236861136,1.2752202879407555,0.8600404481173539,1.19555839714979,0.9056031525833503,0.9195308519728133,0.6538805257259143,2.5145255302584064,0.5409677296071609,0.7856292044112404,1.7967249778027519,1.4268753245356285,1.327330505983552,0.946239224763077,0.9012116961760888,1.3007056144879947,1.4213089830195023,1.3316569088309347,1.484697112574268,0.7188854396669707,0.9294975196743324,0.4700318031353488,0.6802735716303181,2.2893951904613874,2.4320149745185993,1.068396014072145,1.1447572466198235,2.6975719995461724,2.8232532092390183,0.5462281411063967,1.2415909902688933,2.2708221544655194,0.8466942412313735,2.1258911934051032,1.329086399341448,1.1262208008236836,1.7302269762178113,1.660509702634941,0.9365154341556912,1.5658877440959451,1.5521061593163052,2.3909251759327783,1.2207813277961317,1.3413831583450018,1.0563010149101262,1.8986089105273953,0.38660387754931286,1.9789408145443421,0.5376878308241876,0.7228753508080823,0.9984764182045265,1.4994063080054494,1.3266839019057834,1.496566116999694,1.6135035231229282,1.055186697521466,1.044984829504008,1.033676184463629,0.6910857981634267,1.2564950082347863,0.6695591161123479,1.6714642572339353,1.41226117297807,0.8834618178083538,1.0193418122815205,1.1949574967258676,1.0576679171279433,1.1365424014730818,0.9848655981854701,1.3682037042672872,1.0708144064544571,1.107255674243093,1.2997112639631172,1.005813885644993,0.5367225010407013,0.6033115655049203,2.1017285780314445
Australia,1.4360153408841236,1.2873240787386198,1.0,0.789414574255385,1.0187263626973209,1.0808157140369843,1.413519242835014,1.3246117498799856,1.1555574427229363,0.7181472710853556,1.084071893869126,1.1774990865980828,1.547789507330319,0.8669738345698547,1.6413159246672184,1.1372610987307286,1.3407617579402726,1.376549983917471,0.8671167883797082,0.9627696898924833,1.0205549366212419,1.149216762967573,1.3499387249238202,2.4708171544613413,1.3059510781645176,1.2446032929052167,1.1669177773744013,1.4896100993686818,1.0511735241850446,1.2760708353367713,0.8772115503392078,1.4702597502075356,0.9713463436303094,0.991149089258248,1.2117422455611369,1.2515220843453423,0.8158785037399411,1.4609760331908659,1.1701457612088018,2.3793597976088967,1.6699907217451233,0.971054587885777,1.490891263956499,2.195138160372573,2.3732999729474744,1.1413245731282922,1.6550183020543854,1.9465876510016982,1.0026539277417545,1.6318016029555626,1.9634249701334463,1.8380281103658687,1.3174127086823737,1.320355168331644,1.054734455360489,1.5786133502636837,0.7215291766264825,1.7890639399516544,1.3023884609128866,1.2958333687823653,0.8719872683015811,1.345206700072964,1.3883265526852624,1.7995345539402106,1.169922459021118,1.1993910849234188,1.0045930523127506,1.2746629651659693,1.3773014724253192,1.2025683255325235,1.1188148468067554,0.8349110397631528,0.9568422151921256,1.9019269170602697,1.3224957465959888,1.2973023960410353,1.0977910891867864,1.3225323098702697,1.435063236184687,1.0766503644854635,0.8034999757068646,0.9465563920847674,1.501488908202692,0.4791024749512873,1.76866489079866,1.279498133051804,0.7813966522787766,1.020367205042174,1.6675937335376247,0.9512150242095199,1.1080902915568922,1.288660865548889,1.1695091376652553
Austria,1.2772037129856375,0.9868558115913906,0.789414574255385,1.0,0.7027169390633633,0.6079007054195111,1.027916184228836,0.8748395158175338,0.9944760395183501,0.5883059500528484,1.057945127159356,1.064898260879808,1.0509942002595538,0.5505157369894828,1.3835095065037173,1.165463802626243,1.271807797366946,1.4207821108696277,0.4506044544085681,0.6466937018551446,0.38329699618974383,1.134791938069435,0.8857349535417665,2.4313036821850886,0.9370549813384494,0.9019098847753079,1.11304455846982,1.0611755046043219,0.750379925754242,0.7531507234619338,0.8031287345071176,0.9118400253858465,1.209155665642937,0.6743159200105805,0.9372087269405828,0.7088922205684838,0.7341985826310174,1.0724108636463896,0.8042510018471285,2.3967866632020507,1.8337288546320463,0.3829435215464828,1.1962284388205113,2.511938536030389,2.5439440991539017,0.7837330055710096,1.1126319877760016,2.139107661002712,0.5608124803226204,1.678524247669723,1.4812562842752504,1.3185248193569374,1.156187865790384,0.953373277455517,0.6710712733256501,1.264663242090875,1.189227089927272,1.9198330578118112,0.8162631564985074,0.7861316230054801,0.7359195676817174,1.1565960685833114,0.9650462938397167,1.934812587551111,0.6704156905760856,0.5973945886434343,0.48608075185755134,0.8227582614862946,0.9840242249749017,1.2704636747606088,1.2100876863212264,0.8498082133921666,0.8237168057986277,1.3115717876339474,0.8504997635094627,0.8291043557498599,0.5743618931193312,0.9782944627177272,1.061306025876242,0.7202919909360177,0.7996623774236524,0.5873941374943538,0.9770680852956398,0.7220884627062129,1.3246822227289026,0.7690745950765437,0.4677520764350362,0.8271154926635952,1.2089657402787852,0.7676545440438762,0.6733284841064695,1.0965424194820488,1.5613796427443498
Azerbaijan,1.7442205419320196,0.5491017439314613,1.0187263626973209,0.7027169390633633,1.0,1.0150466848447424,0.8086484599792344,0.9240570891212279,1.0061565938772494,0.6277660806952557,1.2173892520081515,1.4977868561596455,1.1826059885198086,0.5398543801128843,0.8554782955215935,0.906477766053378,1.16167759056288,1.3974029095203873,0.6367683810139858,0.857349052876302,0.6902852596186666,1.0284659560801144,0.7341225702117576,2.319274548519014,0.636235097118624,0.6302844296298494,1.4866345096679205,1.3439572310272068,0.9685744104574059,0.7711737452261964,0.8622864860055793,1.0777458995362983,1.394778699131419,1.0623341073889083,1.1817051699049366,0.7385160054158261,0.8623995863181841,0.6893870224389596,0.4005371257968487,2.152574147640124,2.273344740046848,0.833173429521317,0.9984241106806351,2.4739690260288794,2.836872564254402,0.2761225721176805,1.0842601787420345,2.1217259394604944,0.5088755376706794,1.9907378504057822,1.317361275262935,1.1410862154435968,1.3772807237706695,1.3747123226189515,0.7757482513663088,1.2894127739605221,1.353675885259308,2.3220848084809798,1.0172080241588857,1.2620703748083157,0.8660332503802726,1.692556030468057,0.5823887937324146,1.94314309385959,0.3416366544708207,0.5281049958164585,0.6932309543283071,1.3104389875913407,0.96359472077821,1.347289987010796,1.45000985841354,0.9176096478555581,0.6501110565958806,1.185085310455825,0.5170184111980742,0.9726487056929186,0.4528403125069563,1.3882987573868244,1.220758958598026,0.6590371345801641,0.949206954516509,0.9196912472046267,0.9499626821892609,0.8993823271734754,1.067231833830055,1.0504319645895999,0.7455360341017482,1.0574485530346356,1.0714030978032838,0.9775743028212259,0.5177083985479912,0.7767658936656896,1.7346684801331795
Bangladesh,1.2868181059615744,1.27556626022351,1.0808157140369843,0.6079007054195111,1.0150466848447424,1.0,1.4181170030266228,1.2367044238050933,0.8302011337552468,0.9689476272514035,0.9562449365902459,1.064135696552342,1.1713726331912642,0.8330734907082243,1.6168525336893491,1.1887929151384835,1.1241977072410247,1.3914321820545712,0.6845456734533089,0.8809723745532783,0.7651999621812716,1.3128299903847493,0.9138899536843692,2.376596042066214,1.029208685761518,0.9208530464659679,1.2768134676064566,1.3870410927347085,1.1321760497287223,1.122691905733783,0.9852874781727512,1.1254513119997993,1.2539746842829347,0.7735511648643552,1.071957835900056,1.030315759225568,0.8933655958480246,1.2404489716685092,1.1179402141429757,2.3476419686355956,1.7246372306881264,0.6550590950127944,1.1631028253999494,2.7649894400421764,2.432759042554318,1.0778008602105493,1.1802444939686265,2.4138228525465486,0.9051404867349526,1.7511019542067525,1.760797425635432,1.6074759348153593,1.1521682483916287,0.9378612943312952,0.5926384809570365,1.540696253096351,1.165752003443899,1.7695384248252113,0.9846061798741811,0.7577120945219775,1.204118223591235,1.134410650344666,1.1964496395433029,1.8833302862005556,1.0003883060602792,0.8512449660337758,0.4424940298291823,0.8152300862608842,1.2341663753813716,1.0514740204368611,1.096738167740733,0.8571057441889733,1.0451628973572429,1.5233127575377354,1.2037335342061115,1.029932108398536,0.7544152532222087,1.0133975490399876,1.173364769515464,1.1072463730477382,1.1173942182908931,1.0252015746967367,1.2049241380979465,1.0297649858000473,1.6195080816121235,0.7518378244084792,0.581217985907104,0.8289440320085794,1.4103229557098595,0.8643383175475806,1.023814522249264,1.3237627030182415,1.7230677174326594
Belarus,1.74035433236698,1.0100778579416114,1.413519242835014,1.027916184228836,0.8086484599792344,1.4181170030266228,1.0,0.5882763824111262,1.6537881047693177,0.9522825432186353,1.7805655747420601,1.5168286001688274,1.2440340642104302,0.9522083864908982,1.235246179040925,1.4372424174983693,1.8544207642341428,2.0402649546167697,1.0623077949758788,1.0288891321400806,0.827841137470704,1.5178762883589545,1.3079885471475043,2.4884780222986023,1.219701029200874,1.295624102569759,1.3910803817800308,0.9895860910090325,0.7461501807281586,0.643242630848327,1.438153604726434,0.7645634029801011,1.937576646973917,1.2029815926045129,1.1719501244650772,0.8374075608719349,1.4730250942327863,1.170298541984858,0.6801061210246799,2.491585227057297,2.548560566068663,1.0896955655874287,1.4430291803225472,2.2856771161893876,3.1953892885559565,0.7992135986341579,1.1503540585304246,1.9875594695187841,0.6392171714499154,1.9821984415568479,0.7472130657522805,0.7364608474009952,1.3959560543863327,1.4507072752212011,1.3573516620046702,0.8916150739301867,1.8888569334306946,2.662230029229035,1.0804946554268227,1.5736544519456148,0.8732661245022922,1.701226736201133,0.8890339012169793,2.4693316235650107,0.678062427992086,0.7410584270915421,1.1569900965797417,1.324304170748153,0.8029809023326133,1.9977928069224253,1.9657381198280395,1.4867935715986806,1.0123486197368885,1.0443375332286686,0.5062980093202653,1.0354350755595891,0.9719275650674682,1.3447391102376895,1.2962418691739843,0.568151382263739,1.4018559949541134,0.8207198335068979,0.9871573604214838,1.301518774562663,0.8979507805554942,1.17015070218102,1.2072739389056706,1.6319135707240868,1.04455360040727,1.4979892900354004,0.9495852190441508,1.3077531568768173,1.7899880730177502
Belgium,1.6483306201880152,1.2101936129255026,1.3246117498799856,0.8748395158175338,0.9240570891212279,1.2367044238050933,0.5882763824111262,1.0,1.637407169593481,0.9251166285031022,1.7625335264888167,1.1903246989704797,1.0172930781115896,0.8798517662437966,1.4760505812992812,1.5390056074157392,1.8144558470334553,2.040148299853027,1.071175432024336,0.6913682138980143,0.7405734177162134,1.567319610752389,1.3453265367084877,2.450960100221008,1.3373535909390002,1.3478857418312253,1.0498704462761819,0.930647228527555,0.5136647469287947,0.39514152926033524,1.4091205160731364,0.6466084207019014,1.9229433100563604,0.9174112297363887,0.8367795165543164,0.8920779008133606,1.4153462464246362,1.2543156473949242,0.824773036286435,2.5266592706106823,2.3073150444736483,1.0267309408861673,1.3698389568879754,2.3973078807057933,3.028932325949508,0.9359458858127866,0.945057187972784,2.1452902107544936,0.6612557078983733,1.77948349793916,0.9104388372599581,0.8658775638842746,1.071054136173216,1.1087131874130158,1.3401823295306583,0.6292049547052385,1.8365634662211285,2.4646251773780117,0.7182399362200257,1.4246526887928643,0.7693158608705566,1.4962577780140784,1.1280990334571273,2.4124652992475792,0.7911916690033124,0.7792067301513669,1.0769983505884524,1.127556113553123,0.472617640376211,1.9083868721753223,1.839666143034828,1.4712695201945862,1.019250104175196,1.1722610798582571,0.655313777768225,0.7363104416185743,0.9805116157985418,0.9975872044007035,1.0106113087782822,0.541114314338961,1.33642905315187,0.7125557778843751,0.7729368621245858,1.2320469823510138,0.9083276171486482,0.8845138618864932,1.0554650341051588,1.5122713863745034,0.9071927728633549,1.379077858774668,1.0106244347881848,1.4448069108064492,1.588031335605063
Bolivia,1.6047970207609281,1.1891006109581364,1.1555574427229363,0.9944760395183501,1.0061565938772494,0.8302011337552468,1.6537881047693177,1.637407169593481,1.0,1.0437663933520749,0.7257938217852805,1.567458525922863,1.5557077238230803,0.9437838380345281,1.3810449114051628,0.8143413366256739,0.5964621274929838,1.0640894125925295,0.8332765786363617,1.2183299868173572,1.2002016725206002,1.2660046142132373,0.8593734267942129,2.0277474403017437,0.7991900980856043,0.6441247973517508,1.702503771917415,1.908714526143204,1.5391040713991269,1.5086002149787157,1.0024190170628262,1.6256364675215351,0.9980277633171637,1.2153891366238607,1.4423802829724282,1.3603143375329685,0.8113181701248434,1.153902496536283,1.1548003574290284,1.9738596954112475,1.9622333720004275,1.0110738401537152,0.9727088594014249,2.8328482856054444,2.5709196099177465,1.0881478258979695,1.4852161794998804,2.544243223302691,1.1524231591706506,2.095771037335938,2.0679128813824272,1.8869268602136833,1.5196441780383778,1.4775227629498906,0.513420400024392,1.881654941771883,1.066911068376746,1.9950746522358953,1.4127513077649478,1.1808899600851448,1.55037849498848,1.5947510957977522,1.201424649580385,1.4579043666210987,1.1633201000507427,1.096606665932412,0.7229146708713601,1.4279785520485846,1.5784326443747552,0.6758587708571951,0.9380890233069649,0.8024190853735793,1.0021886694699926,1.7724485276850037,1.413116040199339,1.399839989666719,0.8302812585887528,1.6169137423079307,1.5563258731889247,1.3792568876930955,1.1350792858493766,1.382865147484282,1.5311134043613375,1.115834521279245,1.821160459668086,1.2294556943522497,0.8354960468656306,0.9097877811303053,1.5560858333161365,1.0155766863951436,1.1820736844044937,1.1282273508680967,1.908299537694593
Brazil,1.3800180708803313,1.0607409248492115,0.7181472710853556,0.5883059500528484,0.6277660806952557,0.9689476272514035,0.9522825432186353,0.9251166285031022,1.0437663933520749,1.0,1.2502079961192105,1.2075756691706645,1.3485781354293727,0.5503163877552703,1.3267607362857676,0.8798189339351925,1.3498442066946623,1.5667007718310855,0.5984004534517161,0.7713995729435003,0.7842758268615214,1.241998638239617,1.130174503141847,2.269963487148946,1.0253885759624217,0.9158895260832457,1.1519631380018434,1.3639822534670645,0.7252569849891963,0.9687365224891685,0.9714865018823362,1.0884531133123847,1.3277696408992699,0.8993050403634734,1.0535902856870774,1.0564626607898309,0.9000272336810154,1.2049308581701663,0.669848097788397,2.3346180493008593,1.9701231059900335,0.6954814948462914,1.2596494172519979,2.181586066984661,2.753917913925339,0.728807424251673,1.2806949078143233,1.9245539615532514,0.5280655967810163,1.862374135164774,1.5827493430324515,1.4637578117404337,1.1268043145041065,1.2517187375107837,0.8590979117385571,1.171424261279499,1.209956191054351,2.148814515368938,1.1075880691082156,1.2711146371374233,0.8362856815488016,1.4011828675588802,1.0710630753283772,1.9905467409011532,0.7660701180703419,0.7812180882862656,0.6862120766377272,1.1990684632651214,0.9592998557237242,1.38751225644231,1.364180581013471,0.9524534999372731,0.6116625495464026,1.5711281364315683,0.9004193911347979,0.9603069100742179,0.7077907557309042,1.2077500139301767,1.2636627896966843,0.7717290193251033,0.8994484081330886,0.6613316685174716,1.2324817356030051,0.7398908858732063,1.4660547183989974,1.0008717405326437,0.5748350873479818,1.1178264927581774,1.1980924379276656,1.1129626515733455,0.8982872403591603,1.1104943082930336,1.30402516945733
Bulgaria,1.680314399680625,1.2776447468917562,1.084071893869126,1.057945127159356,1.2173892520081515,0.9562449365902459,1.7805655747420601,1.7625335264888167,0.7257938217852805,1.2502079961192105,1.0,1.5531256283476578,1.5719955164642385,1.1326620896024397,1.5408738073634267,1.1450507907575176,0.7391253098162409,0.8075636012938784,0.957413797926086,1.3332480429951812,1.2556686344733339,1.0413425480554186,0.9827574485336599,2.34326365680128,1.0460803115394932,1.0069355506394742,1.735601972689246,1.81082228521289,1.6185364817357406,1.5883183075604017,0.8703414696293106,1.7307331944446673,0.6183377584600757,1.2753067454387703,1.517902985573498,1.3433858869703579,0.7456829169668989,1.274511273895804,1.4214600333011593,2.0704225053099843,1.9209799450244454,1.1614270256364667,1.1819534178570459,2.9401915929931457,2.320643521956248,1.2752970304038411,1.6712283717488676,2.6150870100537214,1.3455851001665449,1.8633287910439136,2.1417021916279717,1.960413050249678,1.6808938576392132,1.474452322211348,0.7929755104572226,2.0742447846286867,0.8733849913405686,1.7582230066458615,1.4275358037266248,1.1703808254458739,1.5207266831926483,1.5361955289459528,1.3143942612134243,1.416254417752918,1.3214990724901148,1.3005585707267608,1.0117974781336596,1.372905690624542,1.7357834020411422,0.6503763086312956,0.9257104197691424,0.5967191408278709,1.1706612180403764,1.8041728814700677,1.5521256909097498,1.5362233266031327,1.0842234557092754,1.6485428198490268,1.6069286242121534,1.45248086404101,1.0363911704704303,1.4184447444908075,1.568337246800447,0.9919630716394265,1.9163819593034093,1.3500341451998883,1.0283076645878677,0.9502321479379483,1.7664059855846574,0.8225212424780162,1.21449082993958,1.1789490135324254,1.9399859012217207
Burkina Faso,1.2697333038518468,1.8088899345230889,1.1774990865980828,1.064898260879808,1.4977868561596455,1.064135696552342,1.5168286001688274,1.1903246989704797,1.567458525922863,1.2075756691706645,1.5531256283476578,1.0,1.3689131862535353,1.150654388834347,2.130213205499619,1.607240421062093,1.7931558797721956,2.0063538814574406,1.2435466207038846,0.8796085838419011,1.1672561798399537,1.767375529655996,1.693373549571576,2.404686566728557,1.7278437844358459,1.6373328477549383,0.6192464877880046,1.3414388061698654,0.9398263540852848,1.290133512792341,1.5540255086715593,1.161762479644756,1.6908159533599747,0.8504697208980451,0.8758294269708082,1.4690416343390946,1.4502010446517561,1.8196169706623135,1.5122134151176254,2.6271306384169826,1.5985147272355695,1.206902949844218,1.559124536869587,2.5762771386721055,2.5028266683395146,1.5411988858869452,1.4278273018446916,2.4706595885521794,1.2053687146698953,1.1904040701596026,1.8253529547797922,1.811628158092132,0.6727409939517508,0.6900215494519465,1.377052410964358,1.2763276050777963,1.4827766232722128,1.7615012943861037,1.09549056156465,1.3771691766829859,1.2028223227913315,0.9332182753409469,1.7145795901274739,2.2809389179096318,1.4771926477219077,1.3602460483522825,1.2290542577188897,0.915842343766921,1.1924512040545707,1.5854284159977539,1.5525277374233422,1.3776004456731166,1.3164260731612365,1.946261939338138,1.5532548456750124,1.0788175224940422,1.3756665492199678,0.5203919262187058,1.1890779781830212,1.1523260278057437,1.4583168709296128,0.9864091189776388,1.4944419394618653,1.2417520345996342,1.8222588299127074,0.8586516987189506,1.0441397889766246,1.441327987875572,1.5271248043187,1.3952487682714665,1.5740639233189104,1.8573511505505456,1.1678717415668884
Cambodia,1.9760312702375264,1.2694941093492882,1.547789507330319,1.0509942002595538,1.1826059885198086,1.1713726331912642,1.2440340642104302,1.0172930781115896,1.5557077238230803,1.3485781354293727,1.5719955164642385,1.3689131862535353,1.0,1.2064080590871689,1.3819476528646606,1.5826516206482226,1.606358817656011,1.646006910716533,1.160139388343925,1.0015245527472278,1.0027475625104914,1.2636738796747,1.1211179492692542,2.609818385967542,1.3049242174037907,1.2129574095173439,1.469411417901487,1.2017891511814018,1.2633160351992818,0.8588165216393672,1.2056590353925056,0.8622593179186269,1.7696783284944166,1.0825202640641194,1.1820164809674807,0.9772530255046111,1.2463155760399862,1.0833354187740591,1.199786999856239,2.6699573243710426,2.279880624539329,1.2591350825520466,1.3244770053137118,2.97290012940409,2.6758861900509303,1.0540738306032438,0.5574262952044298,2.585180294249639,1.086890326921948,1.6607879361372992,1.2522729411809241,1.0806942243808257,1.2956935523255984,1.2603337885821002,1.2296147887882891,1.353941272216256,1.8228420992841123,2.2070596009076406,0.7343608697151526,1.2308119199711325,1.2096626407932685,1.6511659541889359,1.150544916883061,2.2716741416509416,0.9975888452907817,0.9777716476627484,1.1289057818690584,1.0820996777749523,0.9622054118017659,1.730425241743757,1.7195315343319648,1.2764290077416245,1.427777850191259,1.0611653763331448,1.0014950847292354,0.5686375377146997,1.0081244680898758,1.1625438291719936,0.39927091465593756,0.9827822366107455,1.2516690338215215,1.2035496684771503,0.689496380544112,1.4377596375852373,1.187163073149982,0.7811886323248943,1.1272544908946036,1.2970617823057562,0.8789639491378337,1.0731524455798513,1.0100378625908484,1.241444813752212,2.03071650852888
Cameroon,1.4504136636322478,0.8622968391283374,0.8669738345698547,0.5505157369894828,0.5398543801128843,0.8330734907082243,0.9522083864908982,0.8798517662437966,0.9437838380345281,0.5503163877552703,1.1326620896024397,1.150654388834347,1.2064080590871689,1.0,1.2212573125427213,0.9737550155847821,1.186252338915791,1.4554020559700382,0.5542761929704448,0.6280458823724229,0.6483717512102944,1.175947308882731,0.8954862384818681,2.2127372114435317,0.7737244696154268,0.8066711791578574,1.162527910991013,1.3264965944482097,0.8126590941069769,0.8034145439722891,0.9306868089091461,1.062415890639671,1.3190609237123085,0.7807267006936983,0.9421294945315006,0.8566880043214443,0.8084693520369213,0.9611280307400821,0.5869646912482381,2.211491371058345,1.9312667926247942,0.6788876140134799,0.970136355350136,2.454281591087153,2.6500274188962583,0.6906393885202607,1.1391866607477208,2.1917654057792295,0.5079739624259675,1.8376826215707702,1.4692032929310688,1.3447476988675566,1.0692078441417967,1.0884001989982617,0.7207286426257689,1.1213600872086167,1.290347701771856,2.040480471392949,0.9229776875883549,1.156696148893884,0.7933964376688485,1.4152350818940114,0.8736896770493429,1.8934450541224017,0.6167974834252552,0.6497683606433684,0.629926048370875,1.1606067691879982,0.9883522221670152,1.2471556901968945,1.3304157336254694,0.9091042050124608,0.5402574692513208,1.4077954208507073,0.8139374082036195,0.9122764584429089,0.5314130798773757,1.0949638069091678,1.1610285041366435,0.5980102589793865,0.8901088470915849,0.7196128247860036,1.069301879958718,0.8482092301798251,1.1975020915021415,0.9075632827311975,0.4992214603668082,0.9292474552293705,1.1092348732438504,0.9743590026978788,0.7981035436622294,1.010899619557992,1.5004722056304416
Canada,2.3381375014278194,0.6260844664095566,1.6413159246672184,1.3835095065037173,0.8554782955215935,1.6168525336893491,1.235246179040925,1.4760505812992812,1.3810449114051628,1.3267607362857676,1.5408738073634267,2.130213205499619,1.3819476528646606,1.2212573125427213,1.0,1.2254606228406364,1.3844625871968825,1.365552916680063,1.2113612666171611,1.5193122694553025,1.335721026947354,1.0371408427821158,0.883530444322862,2.489157732265501,0.7920436690696115,0.8542471958720497,2.1316390480700353,1.787798979204033,1.6713871888396619,1.2747202923212653,1.150755343375339,1.5343415754716019,1.6852381465895092,1.670841779495553,1.791986694762759,1.1403557936876767,1.2002286525423933,0.5503399304313573,0.9093371559656108,2.307825491754873,2.724840035695715,1.465007306065343,1.222046831981149,2.846307799534343,2.9973725984302546,0.7443783064450347,1.2821688265086424,2.455432430254039,1.1795382829342027,2.3832478849496566,1.473169536654319,1.2547116800225513,1.9515832758179665,2.005162080897268,1.216423702556204,1.7517263363149547,1.8538544926164593,2.6590910270763133,1.5018064279613978,1.6929779237934939,1.4610184078554138,2.288954914552837,0.6952400038979777,2.10333315715888,0.8695761355811751,1.0641355651901305,1.3042988254459236,1.87403905178187,1.4909869372244884,1.7197682758090165,1.8865295085657343,1.2972321158856097,1.316097533837033,1.1457446324021814,0.9275909229702509,1.389184219352859,0.9589380952699174,1.992358063479935,1.5113765623877182,1.2131645834422944,1.267785760638051,1.5617410778552305,1.2450852360144362,1.4988360097452567,1.1906953661132582,1.58117828380569,1.3751658790651216,1.4395951457743492,1.2317509698910742,1.3140261771477326,0.8960607041128309,0.5575184133942789,2.3535556329818568
Chad,1.7829730219041973,1.1672654625918628,1.1372610987307286,1.165463802626243,0.906477766053378,1.1887929151384835,1.4372424174983693,1.5390056074157392,0.8143413366256739,0.8798189339351925,1.1450507907575176,1.607240421062093,1.5826516206482226,0.9737550155847821,1.2254606228406364,1.0,1.0136660926392471,1.3353737157018437,0.9008688165743596,1.2333079559899374,1.330813500766252,1.2179600370103278,1.1563553611101067,2.019466357675673,0.9723514732742016,0.743882260679946,1.6560481608431725,1.9579617867921848,1.4243883391662684,1.5101347669594172,1.1003391309995854,1.5559081919210682,1.2781679483626711,1.325084543435624,1.487203054475828,1.4632379727403075,1.0143468235599706,1.2269795515635802,0.9925233546957211,2.1549176088727497,2.149436838123473,1.2142274171172491,1.1593039469349447,2.460381020340896,2.7800598018463805,0.9156436674549225,1.4676396598832062,2.2454599603281307,1.0190276287073468,2.141263999688474,1.9555773101781144,1.8380261877726238,1.3718090117675907,1.6757667827538774,0.8631336066352825,1.6746881190936913,1.184101759878438,2.233434059712181,1.5246632753735432,1.5915345678757387,1.4685294123656663,1.795067553809973,1.1806902692580383,1.7924491093519528,1.1108529552311794,1.1389508690428265,0.9349347537002178,1.5670294395566229,1.4238611702234305,1.1408242754497249,1.3630254043390915,0.837091510746264,0.8814396068673295,1.8498140197592055,1.300642301610611,1.3226449574884371,0.9041616775647998,1.6539162681213426,1.500602219793545,1.2482481520762525,1.1782047010095573,1.3122947871814228,1.6079771189715102,1.1815162369840888,1.8111479686047425,1.310813827737503,0.8878050495391756,1.234223964876393,1.4325929116384648,1.308888601609074,1.2473818222161788,1.0386387731294426,1.616232688970659
Chile,2.0222600829921036,1.262174236861136,1.3407617579402726,1.271807797366946,1.16167759056288,1.1241977072410247,1.8544207642341428,1.8144558470334553,0.5964621274929838,1.3498442066946623,0.7391253098162409,1.7931558797721956,1.606358817656011,1.186252338915791,1.3844625871968825,1.0136660926392471,1.0,0.9144776029437951,1.1661596573399786,1.3642260529452321,1.44287874769176,1.2267805447603402,0.9699379527682847,2.006985282537039,0.9809174461092207,0.84264992269842,1.929340922183581,2.1148475382165026,1.7757937076281063,1.644884348908421,1.0713964506442961,1.874033848662929,1.023688198025425,1.4475765027112715,1.6036141512955704,1.5102614853562697,0.9539111910659978,1.1463615168881178,1.3872516309546816,1.694540197518119,2.1733341693440478,1.3942846551975345,0.8873002317684598,3.029802485568622,2.5625357471902217,1.2316857044576164,1.584032399879452,2.754809120424947,1.4315162974939124,2.186928783370314,2.183235823956926,1.9890683483310434,1.7122893470091602,1.6357519518678678,0.8937839974027402,2.0877170678951464,1.1232794814329876,2.094129470300034,1.4811101907726743,1.4391372039192438,1.71304086772883,1.9168693138076744,1.3396358303301432,1.1897660647360078,1.3417373197813012,1.3606886687765887,1.0901591418020884,1.677874876397786,1.7080277264628154,0.5210043633716412,0.969845104526985,0.8695771277108469,1.1370888399142094,1.8666054037850133,1.5481886904698878,1.5530679871303221,1.0957010163054444,1.8407547607786359,1.62670150855184,1.5564547811474807,1.2686593936006434,1.6591585723100417,1.5453061936844037,1.2581699380961586,1.8409074516936197,1.4199527860156935,1.1292691790249834,1.0779091773697924,1.6447770752944622,1.0616627723273087,1.3047824998289383,1.1833108294214205,2.04685398697499
China,2.2251705417647902,1.2752202879407555,1.376549983917471,1.4207821108696277,1.3974029095203873,1.3914321820545712,2.0402649546167697,2.040148299853027,1.0640894125925295,1.5667007718310855,0.8075636012938784,2.0063538814574406,1.646006910716533,1.4554020559700382,1.365552916680063,1.3353737157018437,0.9144776029437951,1.0,1.2957090881297348,1.689077898561043,1.5904046793789735,0.7891369469959225,1.0335563498876956,2.6540543614068763,1.148621764329839,1.0886921573279733,2.1749690675794917,2.115720604460369,2.0222721259408347,1.8082273956508692,0.796986546783809,2.014698022278788,0.8106954322768892,1.6833765986380131,1.9565929817721175,1.549568481992584,0.7732508533090722,1.19577048039205,1.6126812299000346,2.3615037596862787,2.1159613578606957,1.5555734557770722,1.4323016074434451,3.1275664582476455,2.130706637658125,1.3902670291582562,1.7562606525137399,2.718050029875273,1.6437782786141257,2.1547582256288385,2.3424086720960653,2.1107149802069727,2.04895236936748,1.947940338897355,1.0908733583133265,2.3583389505498604,1.1885398499900088,1.824637373048919,1.7027085709237813,1.4492444236510598,1.7273964448531913,2.0751775776787116,1.4117100084002807,1.4797223179507741,1.4931352753326728,1.5602231945268088,1.3596260639236004,1.8237228652822166,2.011906174115976,0.9876070877362031,1.2497931101051363,0.8466690547014781,1.5865143384823936,1.8907411503566829,1.7104526450118083,1.7169336051814617,1.3015730308120186,2.0281535286748524,1.7006433309518838,1.7150881866876295,1.0390591807949476,1.824921997646947,1.7034476025580936,1.2909998364748008,2.0126079615589756,1.7047776563755501,1.3327321288655103,0.9844000035281854,1.892576944868045,0.8636750149949366,1.2822062355165813,0.9752206950805825,2.2931001922243115
Colombia,1.296201165198197,0.8600404481173539,0.8671167883797082,0.4506044544085681,0.6367683810139858,0.6845456734533089,1.0623077949758788,1.071175432024336,0.8332765786363617,0.5984004534517161,0.957413797926086,1.2435466207038846,1.160139388343925,0.5542761929704448,1.2113612666171611,0.9008688165743596,1.1661596573399786,1.2957090881297348,1.0,0.8682480009982734,0.6128867896292735,1.0652250668471128,0.7777773959690051,2.371347169178348,0.6859775866702047,0.687959836304083,1.2943199204308817,1.253601505919944,0.9586939713473902,0.9575241129484465,0.791555552760937,1.0201941044095777,1.1599858430931835,0.7942424787272642,1.119824864856851,0.811395414132008,0.6801892213954339,0.9906060550362176,0.6701852485815923,2.389309112190252,1.8948524112240694,0.47465258991388853,1.1800278377784326,2.5202445900935166,2.5913501902697234,0.6707501232710822,1.1853328798970066,2.1595223704375437,0.5282418727218972,1.7789094998217283,1.5438839122662178,1.3998795593671294,1.2569742788555962,1.2252578609443425,0.4393983840667435,1.3585714197927286,1.136761704575615,1.9798977323522486,1.054474221514525,0.9559249091841397,0.9413360537154332,1.2548454975711385,0.7952811389058564,1.9516528575489693,0.6313788240665766,0.5561737620065789,0.4086037558839015,0.9390859045541736,1.1569255560918315,1.2105336502262392,1.2289598302119282,0.7257111740702459,0.8239188716159299,1.3509389672974574,0.8887829307438143,0.9661036792364454,0.418482932964674,1.2023591606249655,1.1905200764075357,0.812980204850708,0.8563067860875193,0.7657840038586173,1.1762882958514245,0.8399617563931501,1.388691748031469,0.9207733550656234,0.4641067496001823,0.8318611776404463,1.2786690680476231,0.8537680264024311,0.7116304716193887,0.9063508233628182,1.6584903211245925
Costa Rica,1.5017160327682637,1.19555839714979,0.9627696898924833,0.6466937018551446,0.857349052876302,0.8809723745532783,1.0288891321400806,0.6913682138980143,1.2183299868173572,0.7713995729435003,1.3332480429951812,0.8796085838419011,1.0015245527472278,0.6280458823724229,1.5193122694553025,1.2333079559899374,1.3642260529452321,1.689077898561043,0.8682480009982734,1.0,0.7271812888241602,1.3588084939093237,1.1783962527470568,2.2093750885056003,1.1835217234193196,1.1295069270594729,0.78435233006116,1.219162932473716,0.6699406293228903,0.6912446154375479,1.1394474401895294,0.9583642680320085,1.5150496008815482,0.5272748157402589,0.4698860099043434,0.9760926666191464,1.0782597414966357,1.2053419199298379,0.885338503302024,2.281896660449722,1.9779021987675853,0.8826081943726565,1.0650101589338303,2.5059677753553076,2.758504238806762,0.9356178790313994,0.997297931077467,2.283204570976645,0.6634688196665686,1.5732337680206554,1.389130971266708,1.2894515578253467,0.7722802928488576,0.8623863685758097,1.0216586953013254,0.9930129956608726,1.3894296316646086,2.1219988442311686,0.5740302148124713,1.1959477460027168,0.83734804408917,1.231123064090342,1.1772137864538295,2.0000879441449895,0.8720886365282963,0.8025794404924692,0.8097547642340267,0.9451582354411177,0.6567506123082224,1.392867629741075,1.3820389078078965,1.075229793753467,0.7571396251652192,1.4538695233181802,0.9232366841810492,0.7005191182525624,0.8157766132354374,0.863067192726758,0.9064317065407688,0.6140659606635965,1.0830326369920316,0.6980438671562945,0.889630381778108,0.9316461624526292,1.2339910946512747,0.6685317726414352,0.6843795684486143,1.1600627152791374,1.0404341825528638,1.0416944682610432,1.0141445555486703,1.3421230132781832,1.3297994323170994
Croatia,1.395192149180508,0.9056031525833503,1.0205549366212419,0.38329699618974383,0.6902852596186666,0.7651999621812716,0.827841137470704,0.7405734177162134,1.2002016725206002,0.7842758268615214,1.2556686344733339,1.1672561798399537,1.0027475625104914,0.6483717512102944,1.335721026947354,1.330813500766252,1.44287874769176,1.5904046793789735,0.6128867896292735,0.7271812888241602,1.0,1.2085621505583428,0.8911249211057739,2.542963282264111,0.9564714733061167,1.001697794878804,1.1967410939151726,0.836930451014029,0.7247886693077942,0.539422043562491,0.9640731875037057,0.7578050248073963,1.454175625590334,0.7951480729747525,0.9726738473118807,0.4229430664870154,0.9561555737412006,1.0091840973378317,0.7451045156994479,2.4329744556890724,2.0136055385075213,0.49178703354128744,1.2331388170916258,2.548744020687464,2.6763984997683554,0.7576577266989383,1.067931792960868,2.155878086725282,0.5193403999531157,1.6907893521672381,1.2149750235713017,1.0549248103093174,1.2550494271061239,0.9881981201552773,0.8463572081916658,1.1708739863315165,1.4099910001057148,2.0894059548581265,0.8055576447923839,0.8274363236530614,0.6481682398898296,1.2669503246771279,0.8353242184636007,2.1307012957899825,0.5318793699650946,0.46726001244784854,0.6427382048455047,0.8431277807975887,0.9359828365910776,1.4841993622889678,1.4576587942423143,1.0360921309569309,0.937655789658976,1.0570329651034427,0.6534946767408514,0.8642460395182066,0.6233707014199001,0.9997905373907013,1.0762570555771476,0.5873922297248526,0.9816203735027333,0.6021028217751307,0.8601858517182627,0.9315436105250496,1.1026957346992072,0.8356385281708605,0.7189387249265183,0.99919708238302,1.197311235023729,0.8977423311555411,0.585888702609485,1.1393205520108443,1.7242333218391575
Czech Republic,2.1420753875212584,0.9195308519728133,1.149216762967573,1.134791938069435,1.0284659560801144,1.3128299903847493,1.5178762883589545,1.567319610752389,1.2660046142132373,1.241998638239617,1.0413425480554186,1.767375529655996,1.2636738796747,1.175947308882731,1.0371408427821158,1.2179600370103278,1.2267805447603402,0.7891369469959225,1.0652250668471128,1.3588084939093237,1.2085621505583428,1.0,0.9147990847300719,2.7813178373678276,1.0511095762488645,0.9898196150465879,1.862732001461501,1.655929661917222,1.5953986315378617,1.3331416024917202,0.45852589292101026,1.5723310378688609,1.084492051216276,1.4350920707827548,1.6579717852448235,1.094154568561464,0.6578061639595463,0.912717355288643,1.2254657826258606,2.527675157230427,2.1651714493586764,1.3105826289687486,1.373539145798463,2.8066262360412724,2.2907128647509696,0.9720137230710579,1.4198361473443333,2.3547939131399427,1.2312613072944067,1.934916586820431,1.8473426101775716,1.6187801121136862,1.7705812734008375,1.7280230998580117,1.0699387363078432,1.913862320222991,1.2790878000594752,1.939895871172889,1.3830618013439144,1.318960859859109,1.202746744693358,1.9519069270661105,1.0665383733890275,1.8976295804631484,1.0555952070293009,1.2103179401325506,1.1907318657507957,1.5775972871087123,1.5656289699341135,1.3447083667445696,1.5377002068157999,0.684022117233467,1.3324746729730803,1.4676592475429402,1.2080830239491032,1.318187070877564,1.033174474896402,1.7049822789905613,1.2996887807941946,1.2156574758199414,0.6658063659086121,1.3970058810249357,1.3056539992638543,1.0799255558425793,1.6117688688356118,1.4482425267042944,1.1034710301010504,0.96840478566101,1.5235011785559711,0.7102899175984895,0.8353167923233843,0.6052900552588335,2.0203964748205085
