Country Name,Albania,Angola,Australia,Austria,Azerbaijan,Bangladesh,Belarus,Belgium,Bolivia,Brazil,Bulgaria,Burkina Faso,Cambodia,Cameroon,Canada,Chad,Chile,China,Colombia,Costa Rica,Croatia,Czech Republic,Denmark,Dominican Republic,Ecuador,"Egypt, Arab Rep.",El Salvador,Estonia,Finland,France,Germany,Ghana,Greece,Guatemala,Honduras,Hungary,India,Indonesia,"Iran, Islamic Rep.",Ireland,Israel,Italy,Jamaica,Japan,Jordan,Kazakhstan,Kenya,"Korea, Rep.",Kuwait,Kyrgyz Republic,Latvia,Lithuania,Madagascar,Mali,Mexico,Moldova,Mongolia,Morocco,Nepal,Netherlands,New Zealand,Nicaragua,Nigeria,North Macedonia,Norway,Oman,Pakistan,Panama,Paraguay,Peru,Philippines,Poland,Portugal,Romania,Russian Federation,Rwanda,Saudi Arabia,Senegal,Singapore,Slovak Republic,South Africa,Spain,Sri Lanka,Sweden,Switzerland,Tanzania,Thailand,Tunisia,Uganda,Ukraine,United Kingdom,United States,Uruguay
Albania,1.0,0.3282578419525713,0.3469033118054422,0.2446626142456456,0.27646599268827016,0.2659190187788476,0.273161624334427,0.31959693335606215,0.23464530264770986,0.28411614800611873,0.4006542718408345,0.3528243150115554,0.39802783789301327,0.2839904854012906,0.3807308760675159,0.33795521844554405,0.3315809659722122,0.46005873608524567,0.25720380552255556,0.34440631321958215,0.2715787565687,0.5412640802553109,0.28191759590133003,0.6888832582760499,0.2769613855502754,0.2852511791526806,0.36586581824400455,0.2980946561569342,0.27925479902824835,0.3064248210944092,0.42256056980548407,0.3000040418627556,0.4118476635239823,0.29159506306019445,0.39229709874741514,0.314064108828968,0.38855864672220297,0.3091319870080245,0.2914420869286189,0.7075633309353851,0.5044787667084256,0.22817356818494844,0.3407475983734005,0.49330446054459287,0.7944217239742127,0.2902409757893184,0.39138241686624503,0.5739930419454151,0.2575348535201424,0.6169226309111315,0.33721506547231883,0.3051171402652126,0.4119952995887817,0.40760823525147144,0.2397684769233722,0.38792660611162283,0.3583224503904489,0.6043723391291453,0.3709110245786196,0.3734162310503241,0.3745178157896293,0.276721489430128,0.28315463876706204,0.5543709669212207,0.2827009890510124,0.2319662544390123,0.21503266741577326,0.2756173463014759,0.3906518582567687,0.31592834904006467,0.34125621298857456,0.41094027804917627,0.3155118128341618,0.2975901299527558,0.2929092517561512,0.37884481631964184,0.2562176110288209,0.41116693188647346,0.4546400553359209,0.3246876116708294,0.4914849983981704,0.28808638942124765,0.35835734976021816,0.36365110957306634,0.3569555058322838,0.33524005548547786,0.2860376923893416,0.3752701649546198,0.3943578382028514,0.36309682985459374,0.31572444443837716,0.453009733383655,0.42859374642920417
Angola,0.3282578419525713,1.0,0.21877176105723034,0.21803519474869704,0.15968428033675264,0.32906815075222184,0.20005595492467518,0.2959885369678717,0.24017542118985472,0.1999235280035875,0.31854265552833866,0.34829283534536176,0.37168764824259054,0.17682741379942193,0.1681769219639834,0.1951094131698796,0.29357083079196794,0.2846859922980436,0.169180365332344,0.29965610697187717,0.24395904356587708,0.33942628866798497,0.16375923269926004,0.7888876705821878,0.13630591051319643,0.19150685617120525,0.3318113448903481,0.3034649735886496,0.26921414675003724,0.25403610688945966,0.2516902849455307,0.35169779802618073,0.3355239052975853,0.3142295187742681,0.3978338185488195,0.22405863479215476,0.21146204100415206,0.12050317574352139,0.16799934691371224,0.7916587774878527,0.4211707817006282,0.22799331427079542,0.3292639994159792,0.43368992387927235,0.6766248071737538,0.14476344639266955,0.37407337567016874,0.5182701140504847,0.16686946945087056,0.5330476230901029,0.30116964363401544,0.2597885041732723,0.38326388078890306,0.44961638449309044,0.18236676433959945,0.3363903150202233,0.29205585944262935,0.49040339088620705,0.3667650042503287,0.3436542613498931,0.21112677024720905,0.3376517752961572,0.12343339919600907,0.6096627296996022,0.16606051758522217,0.19274478225972017,0.24884125306752652,0.3319536312265746,0.37225197600248366,0.2885068320431411,0.4709771890457825,0.2624028496603568,0.27114063632060664,0.23188606234489556,0.20381922752631934,0.33757094131616805,0.15648075764502198,0.40759966747829934,0.41747204927807635,0.18391952516172272,0.3088025613774703,0.20688773693602305,0.3434800844697065,0.2962853031934865,0.28579896497278545,0.38321286569978374,0.2098777449026254,0.21913606286345763,0.36693675901582634,0.2470453915509301,0.1824078984996271,0.24563211375105604,0.3160703053076169
Australia,0.3469033118054422,0.21877176105723034,1.0,0.18520314687669537,0.20721225724779788,0.33354127004826994,0.2572865496933491,0.2945437750559394,0.24192535838412094,0.16451765934278878,0.2715654636183299,0.31498769810619776,0.3408450175416894,0.22575483891187426,0.2291608872118465,0.27175384880534303,0.28327953371382875,0.22603618507734372,0.20532096928690113,0.26879334734390536,0.24876520540478347,0.30462043824025004,0.2118236760707813,0.8070560399938005,0.24522879651864185,0.23350205092168377,0.28362899971532385,0.2665497603337491,0.2746350331218808,0.2571649254256953,0.19553175117389163,0.368864808817613,0.2728704679026901,0.2626505756803732,0.35027708402489455,0.2550975762153471,0.16533730894556362,0.18985552338716036,0.22539808977514456,0.771496235910653,0.433202366235665,0.25027215969737543,0.33798966811391123,0.4277911637258221,0.6764356145412888,0.20649223120331167,0.37759964164148374,0.528468132083873,0.21858490514021156,0.42533927663134424,0.3490479335719955,0.27284265387845097,0.3971917992807976,0.45937479221318767,0.22697970614122653,0.3676457996768574,0.19443445335575682,0.502960282440211,0.32239113955705134,0.3329923454843548,0.20438060337838762,0.3011375580834713,0.24664519212657565,0.578910137125384,0.23377760902367822,0.24137493280181563,0.2587927003057227,0.3319545316703626,0.3406641047600381,0.27222689666982963,0.4122841491416402,0.23625534253003044,0.29429811381465343,0.2676129072110329,0.24119230379260043,0.30812709010042233,0.2144007767292666,0.43362549004300194,0.3786970398770024,0.2091904147315817,0.258329225341225,0.22490257346797338,0.3001868183724162,0.1710451219267901,0.35521253552861504,0.35583618883464585,0.22778529862553226,0.26549213952571704,0.3491692522003206,0.1029570001248631,0.18175366463979944,0.2671330064472004,0.277390271062892
Austria,0.2446626142456456,0.21803519474869704,0.18520314687669537,1.0,0.12724782158381334,0.19747606229662998,0.15271452455290319,0.1798515031165439,0.19457707359541776,0.1161839783709853,0.3083214736014414,0.23543586203495007,0.28584891906119936,0.14963140963751345,0.2696792020571957,0.26260428684359743,0.25394499331044323,0.3383322947144366,0.16048988257619043,0.2068710226768959,0.12016274315016356,0.3900249949890586,0.14248211779831885,0.7562597545172876,0.2187581525443396,0.1720371255812302,0.2560330748762743,0.186027107676765,0.14496188881221833,0.1487303139771316,0.24625619888323,0.2511042909056275,0.3505227291384994,0.23977510990176074,0.3219183946161758,0.1674477362003204,0.22412885425394613,0.17098540278781996,0.18551738255057904,0.7257762735975811,0.3822883834661469,0.11804530697232521,0.2849804541382448,0.4024978931345147,0.6632390586423946,0.15517488039091332,0.2767803325404764,0.4879287455033651,0.13424582870159826,0.5035258917881603,0.25422480471796,0.18115937579792246,0.3066190111734628,0.3265747967633099,0.152622404674465,0.27132122600471004,0.2620799665661318,0.46897297796008325,0.25084537799124607,0.22818274421810936,0.17158112283455115,0.25863768304797846,0.20962306466326402,0.571599755425899,0.13527053717798135,0.13926418437659893,0.14312777925820436,0.23957615386553713,0.24902932902846087,0.23178868331125266,0.3989621227226761,0.2749413209127133,0.22174065467880813,0.16007952244319443,0.13445605333940372,0.22087889849464007,0.12883405158496547,0.305383429044504,0.33316764542509625,0.1697805408051054,0.32719754074379237,0.14659301679273026,0.20965078803613668,0.24470724396989493,0.27205542910894515,0.23936626147875015,0.1304250601840918,0.21036410010837608,0.2539394068631742,0.1919160575957959,0.1231417828322205,0.32602395359975805,0.25362940857971805
Azerbaijan,0.27646599268827016,0.15968428033675264,0.20721225724779788,0.12724782158381334,1.0,0.21122339024341588,0.1250305637135625,0.19367146213366698,0.17397801781366343,0.1298948364419683,0.3320082592736503,0.25833409426150394,0.32189489447399655,0.10952471247227437,0.2269431683867707,0.20664770056314008,0.2384102227209208,0.35040055438374584,0.15085074850314464,0.2186707323812549,0.14406245049155952,0.400172567230403,0.11040114967548288,0.7501061248847499,0.15585237192289714,0.12242808975651993,0.27387498110893943,0.23581051297547445,0.16736562047050016,0.1578840042550241,0.27404133805869746,0.26559875165648766,0.3894244108946751,0.2536029564395454,0.3304445544036154,0.17262083947550763,0.24619159440356972,0.12529498113494267,0.11346073182534912,0.7098088057975213,0.39768892834882946,0.15008007816724653,0.2642371347683109,0.3983574181955199,0.6809762679297479,0.08996694161993175,0.29006156846268005,0.49968498237170783,0.08962554417629248,0.5138607363097248,0.23695209961325342,0.182591588923717,0.30681233284733683,0.34821865473858504,0.12250497282172561,0.2599339240333915,0.25772458942843446,0.4911758515485934,0.29053468405915756,0.28005278790455257,0.17788010685587696,0.2955801010020804,0.14237028270113836,0.6020979165714412,0.08163934578089337,0.10122977453227337,0.13401011361619766,0.26920331782455853,0.26251191121976475,0.21725026577945755,0.42785062015426634,0.28135375816249575,0.2107781339554476,0.17628913099625063,0.09537160447826232,0.25485885101241623,0.0844942412412731,0.3190668520385421,0.36371257178751276,0.15390826693546977,0.3600243533158384,0.19092308601852176,0.2549022495634383,0.27724888673970965,0.2319508752424955,0.27289740814370267,0.12870915117418927,0.20514962075615636,0.28658795794349207,0.2299322644486287,0.1263489454648238,0.3123871004326927,0.2534247253954372
Bangladesh,0.2659190187788476,0.32906815075222184,0.33354127004826994,0.19747606229662998,0.21122339024341588,1.0,0.2054261951972057,0.22094650147671355,0.24604408334423372,0.2688815273886945,0.390325102639604,0.22546448573373132,0.3135045240366322,0.23547678236089542,0.3871286475971627,0.3102669944894566,0.29170925271143255,0.4583418054792683,0.2575278774974215,0.27000820817641213,0.14912224653683928,0.49017042550933704,0.21912894325131727,0.7550702666540069,0.295897555488672,0.2341907614313963,0.3242295715356302,0.241985198603092,0.20428870328456153,0.20602217222318153,0.36152389578037114,0.2101682296996403,0.47185057055523283,0.2881057664334434,0.3604547014577893,0.21359035010091776,0.36580990691868553,0.2692324032842172,0.2641208527672869,0.6920214072404189,0.4012740180590017,0.20205721887174985,0.2927516682291822,0.4244313748134405,0.6801373762326666,0.2440191521454434,0.2754355360549618,0.5078890810507962,0.20237394042784493,0.572644194567802,0.2621976424222029,0.22288877640220345,0.26909226544238046,0.2718473516981779,0.22372272422580886,0.2797641921259045,0.3190380597375191,0.4907705679249471,0.294084027381634,0.26686762355964105,0.27329757703395213,0.32277884491148995,0.2817644181904849,0.6170285867108847,0.19790658103275832,0.18658218444646038,0.12866602500491392,0.23318929008079758,0.268244607765714,0.25628543493783773,0.4245840316602448,0.34093403326275323,0.2716054150014072,0.20891528049271071,0.18844995986518706,0.2761589554257026,0.2194697098056225,0.2569808409003817,0.3481044323258614,0.25421010066851213,0.46652154460680817,0.2698372961197728,0.2497064818407782,0.37463000687259346,0.3120521323761889,0.20957601408516385,0.2011406552687988,0.2952601585267484,0.3185090878088344,0.3162164590721504,0.24355794855432247,0.4470831886509069,0.3246823598815761
Belarus,0.273161624334427,0.20005595492467518,0.2572865496933491,0.15271452455290319,0.1250305637135625,0.2054261951972057,1.0,0.1704184616235602,0.23507570529826302,0.19424981447801917,0.35922188880724515,0.22198126956988387,0.2746811074313043,0.16239382660838728,0.27168351068387,0.23528066999430608,0.2879898024803503,0.39337384301029554,0.19102059824901907,0.21355363032607977,0.1320361736479739,0.4167932495066441,0.17129707368653535,0.7390745582748239,0.21719505986872126,0.1938841147110719,0.25703315533555926,0.1847793872488504,0.15167029919413894,0.1389717698828991,0.3021826364309769,0.2061789743505886,0.41049852305208556,0.25677223040004965,0.3223943711648447,0.15236602553268938,0.29315116455959084,0.17395987813039518,0.17417677676916304,0.7292593695006674,0.4235325314762409,0.18519145146776814,0.29121726081722543,0.3579216974019958,0.6913086006679571,0.1463099359487127,0.2432365956910436,0.45304242568343933,0.10103840659423921,0.5156687633996776,0.14926568636026666,0.10730370867057962,0.25385484363617494,0.32751858844953874,0.1812856913181967,0.23195000203551913,0.3062897810191079,0.4962511809955802,0.25520687092069777,0.28018750578064383,0.18712326474137084,0.2738250855114498,0.16524494811371238,0.601563574278824,0.1165052527025003,0.11040400008645042,0.16501913218159503,0.22033158328398889,0.23640556509530788,0.26706249759123774,0.43802117155409215,0.2945915712772831,0.22507795867017422,0.12583381776602842,0.10399821231769509,0.2271055127492719,0.13871880352015925,0.27477582672756407,0.32073316757636666,0.1190442780521247,0.385882998772993,0.1812553281968177,0.21556032460462274,0.3105841040196665,0.22681942522412157,0.22755441258822057,0.17205566544572126,0.24992666654806361,0.25434906626409703,0.2655247668865449,0.17254550288635057,0.35207812832867796,0.2647308264987752
Belgium,0.31959693335606215,0.2959885369678717,0.2945437750559394,0.1798515031165439,0.19367146213366698,0.22094650147671355,0.1704184616235602,1.0,0.3025618472182725,0.22535095733215765,0.4366780873885227,0.1955244723319752,0.275764265901645,0.2187219173352665,0.36132936571928975,0.3390980924058173,0.32349406014483467,0.46191804923832813,0.2740344388067129,0.1673574752806529,0.1872173752608826,0.49395690800470876,0.2562214247929866,0.7223065009968209,0.3074377539842136,0.27115125059499084,0.21168295659521288,0.22586062806763843,0.10640962464193889,0.07837331949849774,0.3651864844747598,0.2314221557743572,0.47807725867049433,0.2476715393980914,0.2871634712864462,0.24467468173373072,0.3519971901572037,0.24628361847737226,0.23706455119435427,0.7141486535054475,0.43056174867804614,0.24797704463911172,0.30589773238892987,0.3935690186704392,0.7180153191108807,0.21801713344946347,0.20321448421967928,0.5017910933647608,0.18296467486953555,0.5221496130646327,0.1847548650489164,0.14876901613533572,0.21820913779429146,0.2776451969030185,0.26470505304384595,0.175670630301629,0.35383023866894825,0.5340471393243463,0.17607861399677627,0.3196967583329097,0.221092617907322,0.2831280012426083,0.2842984961382486,0.609810265669185,0.20167838213056252,0.18210688719072166,0.2096144042072847,0.24483329988733313,0.14127706259208775,0.29995821176427856,0.43820041716576985,0.3801338063855987,0.2649309303451268,0.21981683903558003,0.156635540167969,0.19853416521755826,0.21660683525614086,0.24315626217694317,0.3190382314938075,0.20723445294935244,0.4367678382240886,0.24663101771793,0.1375804857788737,0.3247945913591912,0.18171949334938445,0.19693110472823427,0.21635566656637006,0.29543777334069315,0.23401550846078864,0.30394322716235994,0.23649937470272236,0.43556446371630936,0.21494994700965328
Bolivia,0.23464530264770986,0.24017542118985472,0.24192535838412094,0.19457707359541776,0.17397801781366343,0.24604408334423372,0.23507570529826302,0.3025618472182725,1.0,0.19408276149613746,0.29979383313384683,0.312247509249531,0.3765447816275298,0.19411827388739206,0.2776516943530603,0.20502032962273337,0.19444654432500771,0.35334625863043073,0.19427012576136307,0.277729830709132,0.219060146012242,0.44449747446855703,0.17964552800396302,0.6826926244932582,0.1832782072156026,0.15723928504897267,0.3269436609379287,0.3211698031005164,0.26604702218122817,0.2761016746217779,0.3278775192726908,0.3346635075556032,0.3482870197128939,0.2842984994022792,0.35495132785487044,0.2630689490386132,0.2824046858914285,0.20502629944429385,0.20182946246948927,0.6616957524548813,0.4537695520079485,0.1960401435416717,0.23787768040971474,0.4580026589469476,0.7486684396051371,0.2017378004255936,0.3642101875085772,0.5659222254521926,0.1948338801608836,0.5353000157078663,0.33168218611076294,0.27715707639513887,0.3619940627615941,0.39791160488342925,0.14690068260392108,0.3521540191136234,0.2505640845669519,0.5556376529789451,0.34941829521207673,0.31293136910772607,0.30382523473966744,0.2968986781234781,0.2200457124834867,0.5308420816547157,0.21146806608176044,0.18188840723826935,0.16718020698822636,0.30789718473491,0.34521709603698797,0.180404391955487,0.36026123746193084,0.30085983779470393,0.235161581978457,0.26487047930030094,0.23719031077219518,0.3339835611770676,0.17032922440937104,0.4075429831570422,0.41613424453365966,0.2428424602857032,0.39282199927317957,0.24396711049150904,0.32805313468413816,0.2984243834992838,0.3446173501226416,0.31417439868362634,0.21615619364266214,0.28517141696144305,0.3448896469546886,0.26986165615533175,0.2409678112510161,0.35786904161476407,0.3442542460708823
Brazil,0.28411614800611873,0.1999235280035875,0.16451765934278878,0.1161839783709853,0.1298948364419683,0.2688815273886945,0.19424981447801917,0.22535095733215765,0.19408276149613746,1.0,0.3217927634744556,0.28671393559833125,0.34592385939448916,0.14949447244991798,0.22590200356539353,0.2410767570331156,0.28333719159020276,0.30895560616300555,0.16135094719572718,0.2508334231348106,0.20272923496058687,0.3766961869963842,0.1454905848371132,0.7840522701816428,0.19453497071049913,0.15112344612872627,0.28767913645409665,0.25957688084979647,0.19785767653502428,0.2110750696763534,0.24069215071376235,0.30373215861028136,0.35043194873906236,0.2764229829871097,0.35544410740464616,0.24031586293448642,0.19475770468158518,0.1625018905476743,0.15965252249914003,0.763743563397465,0.4040471582262894,0.15947700051662042,0.31254771316667024,0.4135971427493997,0.6793861974569072,0.13994717925079897,0.3131039167864396,0.510941869254758,0.15018566735860592,0.503749427232647,0.3066915897308705,0.23749698796085053,0.3533217917128601,0.3995482539952744,0.15222853480050688,0.30123864085715174,0.27838508479035284,0.4908281695935522,0.30525303782266844,0.29588746903543317,0.19806451972162992,0.30002943183611613,0.20496259846611609,0.6028033774702073,0.16225319361745602,0.1684937229383302,0.17968347935914736,0.3143346289765808,0.28565655051707656,0.26742862428630326,0.4350661405936528,0.2894030230950794,0.24835027229713522,0.22792630938963562,0.17507137130598724,0.2582712246679655,0.1278875637917687,0.3653606304855278,0.3844699319239559,0.1985725524737748,0.3039783593381337,0.1877066003009963,0.27586297730288284,0.21998925329481384,0.30592201154583126,0.30297579141461217,0.15360457360936322,0.22080922651389673,0.2785377357589975,0.19687443074291608,0.14545927275851356,0.28787247288426987,0.2610109847242199
Bulgaria,0.4006542718408345,0.31854265552833866,0.2715654636183299,0.3083214736014414,0.3320082592736503,0.390325102639604,0.35922188880724515,0.4366780873885227,0.29979383313384683,0.3217927634744556,1.0,0.4216362412337827,0.442257054995517,0.33222000232155807,0.33799361937483463,0.3042631172828765,0.25142261945268946,0.24881842041560315,0.27718056078416603,0.39146719709248556,0.34345633684691895,0.3183570712764011,0.2908390576965146,0.8116554282705666,0.3163750804675591,0.3238303560271226,0.41553400815348884,0.3815352471926401,0.38131442839631186,0.402479814293196,0.27583029176759133,0.48077860836368413,0.2364682751349593,0.37678744172164796,0.4354980783344633,0.3253522150677432,0.2701122513855639,0.31505892421926923,0.36262455074948274,0.7163616661889184,0.5225381926752021,0.3387475446499516,0.3575360448081614,0.5599614679584224,0.719100561233038,0.32712970156575866,0.5163450606663225,0.6366370537033014,0.34780610091507586,0.5190188150646796,0.4436808312125404,0.3921251280841817,0.4896019488485748,0.4939233110362238,0.3114989759297885,0.49423817099301226,0.23995091585790818,0.5321265826421596,0.4300992943597289,0.39319287640080824,0.3612397466975118,0.373736449724336,0.33441851680821444,0.5694719390079657,0.3388689546738855,0.366272308384056,0.35956830997784256,0.38033853649265376,0.4633599200325239,0.2690726420059904,0.47226894412276765,0.18279329888884568,0.2883676467485706,0.3384510288917035,0.3642321132615597,0.44738037756987614,0.33090141887171887,0.5240791079259841,0.48621897094901606,0.3374857704567461,0.3323600953196557,0.2837643667343942,0.41534089895392934,0.3249897474225059,0.4783109767773011,0.44832177067698725,0.3434904255632906,0.38057181922981775,0.4623398300443232,0.28336030177622734,0.3166981281397099,0.33967435666076673,0.3933482444198893
Burkina Faso,0.3528243150115554,0.34829283534536176,0.31498769810619776,0.23543586203495007,0.25833409426150394,0.22546448573373132,0.22198126956988387,0.1955244723319752,0.312247509249531,0.28671393559833125,0.4216362412337827,1.0,0.2536050237982976,0.25754696267304744,0.3955964837723948,0.3408991670953835,0.34248506475161816,0.45622300986916203,0.30677508334510994,0.22271230444175508,0.222599905481883,0.4861159327662855,0.2848258579887275,0.741016419070664,0.3500016862982147,0.29414542186326437,0.24481193152272543,0.22154366457958827,0.1954547088624638,0.19786661879157807,0.38071491541909463,0.2020710667397027,0.47019370186321435,0.29251164798306445,0.32516275576549497,0.27220566191580337,0.36806252532911815,0.2801532666453527,0.30784753945996524,0.7304956447537404,0.43219547978771117,0.30439138799642007,0.29697071564759464,0.4676330263401825,0.6857193116995077,0.2680574687724147,0.1901793893131356,0.5679651453652019,0.23897433488089664,0.4348053141587087,0.22582508817600647,0.20642197119662367,0.1782199428422853,0.2668163048591563,0.2825759867247542,0.2537603281243643,0.3463000552125009,0.49047539816859165,0.21855874390459065,0.33667782964644183,0.25834304997432206,0.29978370623425554,0.3031068552923681,0.613167976454854,0.2585902025843963,0.2385500605122102,0.25300433346428186,0.24148204370411955,0.21268919236988948,0.2814950025078068,0.440004481492596,0.36197016345045624,0.3145302596037555,0.257751237201357,0.23655685125668643,0.19210154932185222,0.2620742526714127,0.19915735935704604,0.2808819436604453,0.2048628755412914,0.4552530107992174,0.2809638781598538,0.2055415827369008,0.3369868390479155,0.28961697021669675,0.1356192329081661,0.24911140274470947,0.3238966047860985,0.24075494897584776,0.2934461923056262,0.2866504446963396,0.45149592739836214,0.25017453733903927
Cambodia,0.39802783789301327,0.37168764824259054,0.3408450175416894,0.28584891906119936,0.32189489447399655,0.3135045240366322,0.2746811074313043,0.275764265901645,0.3765447816275298,0.34592385939448916,0.442257054995517,0.2536050237982976,1.0,0.3280907305248033,0.3703757800336407,0.34609176870585573,0.3773905289597973,0.4341118483234557,0.3139916612718593,0.2785361693932202,0.2860935622525745,0.43644450583023475,0.33499918836506276,0.7704840753039965,0.3803715981913707,0.3273259329244841,0.28277717576985384,0.2672442288759529,0.30092213044936555,0.2563109863518381,0.35035145247494415,0.24701609644362874,0.46446866266119546,0.2720585702950429,0.35865480272433786,0.28749051196741204,0.3607675241794628,0.3157831729570354,0.33237474468465744,0.8140927721757149,0.41666101745444584,0.3439212318802881,0.39873847827987624,0.43323654636968434,0.6418140793940743,0.29818703885458236,0.23052522914300969,0.5058659649936416,0.2846917733541517,0.4874047348672591,0.28162163762429354,0.25445291210834625,0.2500164967535017,0.3862273995331864,0.32602165256572235,0.28525737226236114,0.37059733968660713,0.48090235603742115,0.28840263781813436,0.35360628834248253,0.29191138288496954,0.34723356633179386,0.34277406851563463,0.6347796193589037,0.29122557682210176,0.29784709963935,0.30524688679606904,0.24608619545458446,0.2920633673492442,0.3715731430820836,0.456902318179512,0.34088696004661023,0.3768609812036851,0.26797761839098044,0.2793699425490357,0.16634254533427154,0.2999801748317676,0.31158856928045314,0.08605253459095154,0.25262046236340796,0.4180714292928336,0.2977012373211862,0.25684971603443607,0.4232732153280982,0.3434934460596926,0.24100115086784898,0.2697908999541705,0.32798411204412314,0.2469760472920825,0.31481040470222826,0.30412833066862355,0.40824461714277205,0.3205766267670474
Cameroon,0.2839904854012906,0.17682741379942193,0.22575483891187426,0.14963140963751345,0.10952471247227437,0.23547678236089542,0.16239382660838728,0.2187219173352665,0.19411827388739206,0.14949447244991798,0.33222000232155807,0.25754696267304744,0.3280907305248033,1.0,0.23986420222691196,0.23783910225027727,0.26483871684000615,0.34215754588240344,0.161878186362224,0.23872223341855148,0.18472179085858542,0.4022658770316942,0.10982171162985203,0.7693130574394208,0.1455126701310987,0.1458888869252499,0.2839816648454984,0.260690082447206,0.19871181295674287,0.19163521333610886,0.2765999627534938,0.27920879522911957,0.3927988684545565,0.2634861091520059,0.341642761149996,0.21129797703707878,0.23314177465088984,0.14659526231092906,0.1407396405607631,0.7379879578603118,0.38459346159901336,0.17292729515174016,0.28753172977318164,0.41488343045475223,0.6518954112351099,0.143072953788465,0.2942232566708759,0.5121252759682139,0.13986788176465886,0.5279164362304785,0.26373584044484516,0.22116261462838316,0.31054206991854005,0.36122103303449526,0.13454852062104564,0.26198335186791916,0.3068813176136874,0.45476461213668695,0.2965069000395918,0.3098398788936205,0.18450968404674792,0.3157720429533152,0.15993957759467012,0.6062420117153281,0.12583636378592378,0.1569450549499174,0.17289032428258486,0.30134842527313066,0.291584803748867,0.24396156586466386,0.44637479236751426,0.2985645838587205,0.20907069576053136,0.21517479641490844,0.16158650004745584,0.256958544078966,0.10955413185759819,0.31982329063294596,0.3629617007852706,0.15774554233593155,0.3476266004209498,0.20432021355064184,0.2731843931096684,0.2887850554836703,0.23851511586230803,0.2873877314128436,0.13528382954518736,0.1877168332640504,0.26759022698510837,0.24085648926634778,0.16459647458028007,0.30860794170499906,0.27701146374952723
Canada,0.3807308760675159,0.1681769219639834,0.2291608872118465,0.2696792020571957,0.2269431683867707,0.3871286475971627,0.27168351068387,0.36132936571928975,0.2776516943530603,0.22590200356539353,0.33799361937483463,0.3955964837723948,0.3703757800336407,0.23986420222691196,1.0,0.21211324647504695,0.3466928224794255,0.2330301132420466,0.184317982143137,0.36910867633324757,0.3071990306111396,0.2860225383879216,0.21188238367651774,0.8321099112904952,0.18217095769543482,0.18955008912121032,0.390138062418787,0.34816160280273695,0.3521468826687058,0.32225776819031776,0.21972151442943352,0.3865288962003219,0.3375947468947928,0.3411493482308269,0.4615246732281345,0.2713055807971047,0.17405845797811645,0.15572043003833638,0.1931096097864037,0.8553855004037219,0.39028581276872204,0.274114411754186,0.3759037056427205,0.4735272664203138,0.6273745413063828,0.19355792049275386,0.39981190785921755,0.5533816688949394,0.22779526170179634,0.5269645590339276,0.3861134300226774,0.33019174824882935,0.4331899400355544,0.522161504695329,0.20741272930086946,0.37141585580858294,0.3115119017537639,0.4686453653213328,0.43524926141679215,0.36613277042926545,0.2626177408545834,0.402767396255997,0.1846200763995078,0.6671275438249106,0.22098308356090995,0.2583141813360649,0.2935265421101283,0.40141763528310065,0.43187508398096486,0.3484183843978344,0.5105624706700427,0.2587625687878828,0.3595167558769938,0.27877097031923725,0.25744613909791275,0.3372161992473139,0.1981823070170817,0.45901159084877496,0.40107375858271505,0.24301988270569194,0.2700522716062795,0.2713065798721145,0.40712407520637184,0.3376327846545638,0.3710533681477033,0.41667651418225354,0.22607101995420065,0.2423625483436665,0.36520200277246223,0.24030082533559027,0.20631158115686163,0.12683219599785867,0.3770697419259163
Chad,0.33795521844554405,0.1951094131698796,0.27175384880534303,0.26260428684359743,0.20664770056314008,0.3102669944894566,0.23528066999430608,0.3390980924058173,0.20502032962273337,0.2410767570331156,0.3042631172828765,0.3408991670953835,0.34609176870585573,0.23783910225027727,0.21211324647504695,1.0,0.25159876471419257,0.3093621279353174,0.19495924840939066,0.3147100366876393,0.2766484120316522,0.3542247373531821,0.20729369606323,0.7439608208255966,0.19591919192120424,0.1697597114495552,0.3469801360550003,0.35427982816504866,0.30528576197990354,0.3100408292364127,0.2868269622144698,0.3431147556975029,0.350246465195163,0.32211206037863965,0.3992328126372669,0.27070377729124645,0.263830869869641,0.1908011590384425,0.2130970752897718,0.7625614444269174,0.44082330244819984,0.2635240414010785,0.29930087702169017,0.4518535041300717,0.7012634516210545,0.17195369262535581,0.36604174594503114,0.5467170825882486,0.19553722119758007,0.5325185760218856,0.3302282825399839,0.29464426092283075,0.3479315578144428,0.44923539568853715,0.18815242761617537,0.357434978273824,0.2728071401530275,0.5119105456774504,0.39370319055740866,0.35764954362222456,0.29658181055200855,0.3514799359558909,0.19168917552629156,0.5998563323105864,0.20997069616919456,0.22185084585757855,0.23702898012264093,0.31299466158105443,0.37220871207021333,0.2587044589214744,0.45642370003477123,0.2237632987417812,0.2739136687735506,0.2650850616230718,0.24414117734262722,0.3290887897265127,0.1856177944582985,0.4139357532347836,0.38078087502654256,0.2248004222322723,0.35379552968485967,0.23412619256831632,0.3710712212160283,0.35641471753377596,0.3706948635640264,0.3584140738249642,0.2183468272181189,0.27738189062751023,0.360422591306885,0.290388271625365,0.25125706426777983,0.2817273868008119,0.3173419033101142
Chile,0.3315809659722122,0.29357083079196794,0.28327953371382875,0.25394499331044323,0.2384102227209208,0.29170925271143255,0.2879898024803503,0.32349406014483467,0.19444654432500771,0.28333719159020276,0.25142261945268946,0.34248506475161816,0.3773905289597973,0.26483871684000615,0.3466928224794255,0.25159876471419257,1.0,0.3795755139976072,0.2644207523683649,0.2586404465507848,0.2714526986688488,0.4570508848772063,0.26669200305630153,0.6363075052063184,0.27479672143421907,0.2623225529133132,0.3197476402437912,0.3614015937404882,0.2794920459943882,0.29721574796263905,0.36326148722818974,0.4020389658617375,0.34915257337168043,0.2899741054486092,0.31980854752819143,0.29237565953394434,0.33984056923063843,0.26836501469696605,0.2874253761743833,0.5522759162614855,0.5113551331839424,0.2918107835022189,0.19944572628605126,0.5068456948455816,0.7883541915613715,0.26351099336153777,0.4146106085298741,0.6214093961909671,0.2704977614411399,0.5360642160767035,0.34314706151093743,0.3064938196563873,0.3681708784309803,0.3766936850989492,0.2614921342725883,0.37698353805399737,0.21852243378475977,0.5981907572858873,0.3288907734915288,0.36713367066153635,0.341856813253556,0.3218252437637899,0.2977172617944265,0.4786348275740166,0.2717426922443139,0.2730199200251118,0.26495460553577316,0.29943829688741846,0.339885417246849,0.10972823292621285,0.3525332362894231,0.2835857472372295,0.18105879712698905,0.3050702181417081,0.2770563730367574,0.3700562449012766,0.26326145525507405,0.439945376644266,0.42595820592003414,0.28687430663178864,0.4348034780539092,0.26530036163664655,0.31445628478510357,0.3363438415144577,0.34078072453057107,0.3411825430143814,0.280667097166607,0.35694884501898755,0.38159532874820234,0.3156898881158085,0.29917878211826676,0.4144008522917118,0.29907928867008554
China,0.46005873608524567,0.2846859922980436,0.22603618507734372,0.3383322947144366,0.35040055438374584,0.4583418054792683,0.39337384301029554,0.46191804923832813,0.35334625863043073,0.30895560616300555,0.24881842041560315,0.45622300986916203,0.4341118483234557,0.34215754588240344,0.2330301132420466,0.3093621279353174,0.3795755139976072,1.0,0.27606391270629954,0.4443176828864433,0.39367108892812125,0.1872489079484665,0.29996309099074236,0.9095637807083514,0.3053567142980169,0.31559846374831685,0.4539877302320614,0.4133543628557385,0.43772437223197375,0.425477972834924,0.17712044234470292,0.4913180766982001,0.22151971886368413,0.4067241957941608,0.5157643861630693,0.36515003052662987,0.15416599654600666,0.2760484122455081,0.34514684948049923,0.8972138142447144,0.45190697347970576,0.3715303038262548,0.44664057295650245,0.5435517982719328,0.6120478553630192,0.3174461072208175,0.505651245986631,0.6105085896089855,0.35411777337143246,0.5095968127167636,0.49869364611837647,0.43359812042851675,0.5211844542984343,0.5926731470253588,0.3189562303169633,0.49787653413457467,0.29439082510176434,0.46125284553631746,0.4823756737437267,0.43454395103774845,0.33096449742987166,0.4480461756861545,0.3236657405345578,0.6452008201074346,0.3484291177061004,0.38537207988977096,0.391841985735595,0.4621553913919906,0.5149196913678847,0.3820555839381777,0.5220832618664245,0.21110779592225587,0.40912586994879646,0.3801001541809201,0.383573977104163,0.4321426840168933,0.32950866666361034,0.5536739931748279,0.4629844670110424,0.33906344247471354,0.2041131416433183,0.3303006828305323,0.4625939466530823,0.31097360586914835,0.4994764553224689,0.49697833886356546,0.33358481476113566,0.3300909856169336,0.4630224987959706,0.22305167115139066,0.29928972443670443,0.18655683000754625,0.42527885290216605
Colombia,0.25720380552255556,0.169180365332344,0.20532096928690113,0.16048988257619043,0.15085074850314464,0.2575278774974215,0.19102059824901907,0.2740344388067129,0.19427012576136307,0.16135094719572718,0.27718056078416603,0.30677508334510994,0.3139916612718593,0.161878186362224,0.184317982143137,0.19495924840939066,0.2644207523683649,0.27606391270629954,1.0,0.30127927087799244,0.19567645001896308,0.34785739579255326,0.11773932446058348,0.7894784973329354,0.11789223107513468,0.11633946778622511,0.32538573108253177,0.25003939233155337,0.24864064597382746,0.24434365103598976,0.23167103550022916,0.2959607602472414,0.3391954255278111,0.2651525744653217,0.38906786111451547,0.19961457225319937,0.18884222999993264,0.14895621164903872,0.13583465570428468,0.7737299180445119,0.3684910190945766,0.1670738519895208,0.3280437749799384,0.43270524573517083,0.6407426360384181,0.12589861286161047,0.3412008131988889,0.5212940875287617,0.14544975473622918,0.4992781152479306,0.30348629019094225,0.2530734834473732,0.3644134087981327,0.4182485853289334,0.0929560709428385,0.3035160137427754,0.24177972823885086,0.4555432706960038,0.3509859299596862,0.2960112091824801,0.21855586003863034,0.2980007998045144,0.13455099166845846,0.627668406175913,0.13111074530377984,0.1601005358608905,0.1731590835949663,0.27890845996172325,0.3493666790258972,0.257009061019223,0.4387585726519048,0.22979967035139193,0.26907476591514423,0.20012151693528613,0.18224682478816026,0.2805841130226645,0.1105920060319248,0.3813482833816914,0.3624494606957231,0.20345739810725386,0.31517470065057224,0.20293892476595393,0.3241466258501012,0.2982138835372801,0.3041839565233298,0.31978598553128296,0.15043076132513744,0.20461814517244903,0.3225734972151293,0.2193639814058004,0.14506890929954533,0.24069082376603101,0.32335484444910606
Costa Rica,0.34440631321958215,0.29965610697187717,0.26879334734390536,0.2068710226768959,0.2186707323812549,0.27000820817641213,0.21355363032607977,0.1673574752806529,0.277729830709132,0.2508334231348106,0.39146719709248556,0.22271230444175508,0.2785361693932202,0.23872223341855148,0.36910867633324757,0.3147100366876393,0.2586404465507848,0.4443176828864433,0.30127927087799244,1.0,0.23003283077466116,0.4755778177964761,0.27705886493332166,0.6776875726715604,0.32168412761712695,0.29605007108604775,0.10671283349177133,0.26843454177134046,0.1722335449141802,0.14743397315968196,0.36538554756291075,0.3067337918583928,0.4402314225090797,0.19600754570128207,0.16572967606027375,0.2630162615645709,0.35468911766969063,0.26696332481290763,0.26469601838528634,0.6600585133538772,0.4947766238803848,0.27674096006423543,0.2720939818606761,0.4133517435586316,0.7770737661283994,0.2493990937755455,0.26263392349829395,0.5217762459323348,0.21131358898778957,0.48804896550328813,0.20155584593339856,0.16541042926403612,0.23035546453427141,0.3147130197131174,0.2834763562935105,0.2660644703148703,0.3199584703218249,0.5817012880709341,0.15190164876907736,0.3332679937928929,0.26116608214614917,0.2307556207264146,0.3063384808389713,0.5529399132364643,0.24880068500278546,0.21820742133285165,0.24501548227927233,0.22334620747413472,0.14282393456030346,0.2572849016982978,0.4089742511613582,0.3522481722624637,0.21832956188919678,0.24821751144359588,0.21189920648321997,0.23837614849345826,0.23771944733617292,0.31316071150330793,0.3209602575206397,0.194789570926004,0.4282606613415674,0.23184541524473234,0.14947162110244594,0.31075653502092176,0.24244414713301074,0.23638501867997322,0.24473314869126,0.32435505003830517,0.2631307986025874,0.28731904199318786,0.272338323235963,0.44126460495646863,0.17474787974116668
Croatia,0.2715787565687,0.24395904356587708,0.24876520540478347,0.12016274315016356,0.14406245049155952,0.14912224653683928,0.1320361736479739,0.1872173752608826,0.219060146012242,0.20272923496058687,0.34345633684691895,0.222599905481883,0.2860935622525745,0.18472179085858542,0.3071990306111396,0.2766484120316522,0.2714526986688488,0.39367108892812125,0.19567645001896308,0.23003283077466116,1.0,0.41921604395494927,0.1645775276258241,0.7655146560767095,0.24427028851698157,0.1911354356930576,0.2842262659865566,0.17131763731716143,0.16761107715379794,0.14356687360037712,0.2885984996285322,0.22756789217236603,0.4139211907153846,0.27302707402870263,0.3440388321602369,0.10940199569633949,0.285092193896495,0.1947499891200212,0.19742358101087149,0.711938489874469,0.3643822412333465,0.13870406412082414,0.2826775267852253,0.39156632214738074,0.657383687662916,0.18111381753012903,0.2780946066404386,0.4825252566629059,0.1385530323190502,0.5052417049044821,0.22180705834591335,0.15334459755784857,0.2836044178982852,0.29739068413072783,0.18268026719043853,0.24460859959244616,0.27225967696308223,0.46838329380057014,0.28125808859166573,0.18959447342212674,0.17062481890956974,0.2920724591107604,0.21753042013616858,0.6088553147199299,0.12055483442616793,0.12782952475520723,0.13749669942841086,0.23222270466522574,0.2577313370574379,0.24289617925444804,0.4319103596322298,0.2871016221997375,0.2545355148221706,0.11363973059837713,0.11239239449043044,0.24212388468918228,0.16025364967218156,0.2790363420527422,0.32725838611264013,0.16920167637122988,0.3790158059366126,0.18702633258925278,0.225875927175523,0.3193739346734411,0.2691980678518904,0.23152356307231237,0.16231984664663668,0.22593787023723239,0.2928668140595499,0.2409363759560033,0.1463409007499972,0.3674935168692792,0.2848943656970898
