Country Name,Albania,Angola,Australia,Azerbaijan,Bangladesh,Belarus,Belgium,Bolivia,Brazil,Bulgaria,Cambodia,Cameroon,Canada,Chile,China,Colombia,Costa Rica,Croatia,Czech Republic,Denmark,Ecuador,"Egypt, Arab Rep.",El Salvador,Estonia,Finland,France,Georgia,Germany,Ghana,Guatemala,Honduras,Hungary,India,Indonesia,Israel,Italy,Jamaica,Japan,Jordan,Kazakhstan,Kenya,"Korea, Rep.",Kyrgyz Republic,Latvia,Lithuania,Malaysia,Mexico,Mongolia,Morocco,Nepal,Netherlands,New Zealand,Nigeria,North Macedonia,Norway,Oman,Pakistan,Panama,Paraguay,Peru,Philippines,Poland,Portugal,Romania,Russian Federation,Saudi Arabia,Senegal,Slovak Republic,South Africa,Spain,Sri Lanka,Sweden,Switzerland,Tanzania,Thailand,Tunisia,Turkey,Ukraine,United Kingdom,United States,Uruguay
Albania,1.0,0.3392371555487703,0.36166340806978714,0.28743484399629343,0.27639974040198134,0.2812843338792526,0.332232573877044,0.24196066111941933,0.295997354786994,0.40590955005444385,0.4087999413757546,0.2947540598056595,0.3922236451751183,0.3347712334124181,0.4665832219381247,0.2666735625002588,0.3569032548631805,0.2825537559625987,0.5537424240593548,0.2916351731415045,0.2851040907219746,0.29449340086011777,0.3795691051241222,0.3092907915868658,0.2871060526319639,0.318682880213046,0.3708681877012293,0.4326701781441692,0.31070897290987964,0.3003416218473295,0.4042024608320231,0.32546175957363627,0.3991760135097328,0.3190832029487214,0.5101092709320478,0.23726682998119902,0.3129385092364144,0.364330514817235,0.7991460258867344,0.30124352101494833,0.40344846954552827,0.4212598670845229,0.6064020217401581,0.3488446740010067,0.3160270567388922,0.3121760723955351,0.24871357380718004,0.37029602062620504,0.6084685419011704,0.381733016795746,0.3831035388950369,0.3902260649675341,0.2930052743647468,0.558892269833568,0.29387888998478334,0.2417518293172909,0.2240227741410612,0.28555628995196025,0.40522238968619606,0.3114046301072851,0.3463506583140889,0.4224678668417479,0.3281574647074446,0.30870398569631374,0.3045679934579732,0.26666403515465326,0.4151212657518797,0.33725851587872696,0.5054006030220684,0.2972602791847762,0.3691166362667271,0.3778050404706111,0.36832414237353095,0.3453935818079539,0.29643759011249277,0.3859334936764606,0.3316186749741881,0.3728313383972733,0.3272621367708393,0.4649359793446992,0.4472316521769758
Angola,0.3392371555487703,1.0,0.22796525892826103,0.16216122914750536,0.3351315514665165,0.20365620101215479,0.30355001611797544,0.2414551231697088,0.2060377561161991,0.3163756266922457,0.377773681388642,0.1792980080456775,0.17140205362552227,0.28691797604962216,0.28431155105958006,0.17349269143907928,0.30563523266907977,0.24996352279469938,0.34493002781442655,0.1666760334671029,0.13866943893591624,0.19164225302017082,0.34047883014653124,0.3108720519387174,0.2699473811631613,0.259981493302725,0.39500419196676445,0.2558165958268866,0.35848122268232174,0.321681206533551,0.406295515748976,0.2295527437249287,0.21503663560421704,0.11812728364506216,0.41673644214390326,0.23340064788213694,0.28351716829717083,0.2860541529941033,0.6738266985535655,0.1447445419570886,0.3811688183017554,0.35197167206220653,0.5079772750608896,0.3091613085095104,0.2666159242383413,0.21036847231255482,0.18412287098986685,0.2978803718925247,0.4850974572434212,0.37424539732912404,0.3476742595725333,0.2172286613960353,0.12372733359822079,0.6138635000677058,0.1692462353519141,0.1979512312095678,0.2553027057719175,0.337769214494654,0.3821070661393993,0.2705370976032202,0.47716016190474153,0.2671569187258217,0.2796093482559615,0.23726145532023898,0.20776467100561416,0.15989584353342706,0.4023913742985586,0.1880738671846691,0.3165479058092524,0.2052313445827872,0.3508958135744948,0.306909804035939,0.28967962006593195,0.3874180039892294,0.2115636212403461,0.22241464255912236,0.21651082156450654,0.24965197163878144,0.18679345528420538,0.249256350332168,0.3214688466145363
Australia,0.36166340806978714,0.22796525892826103,1.0,0.2171847476728906,0.34563080125003465,0.2706158039531521,0.3085366683806222,0.24670101593999252,0.1722091449315935,0.2663967179320288,0.35188743091186697,0.2347149519868438,0.23548419170535084,0.2789739017321598,0.22051096777577905,0.2140316217626934,0.2798659118530725,0.260841487036301,0.30808009952706006,0.22009519809919847,0.2532879846090587,0.23939340062541495,0.2957559843332538,0.2775890424122124,0.28139909832053567,0.26988702465105935,0.3308918012568277,0.19862628357734494,0.3820707115190624,0.2733210209430366,0.36199510749198,0.26658871560214387,0.16765104982469736,0.19511673593169826,0.4319713094259205,0.26077194088850486,0.29775596620799755,0.2741509535989391,0.6744885194213399,0.21440138022817004,0.39142352785483253,0.3797775616519797,0.3892386321240946,0.3649108471554719,0.2868130494570664,0.2740004302849883,0.23419574154378334,0.19624527242401565,0.499838342319134,0.33510079318864305,0.34121154406282916,0.21468401872574283,0.254987810508176,0.5834440438905074,0.24487317107558224,0.2539570028099732,0.27120996434989025,0.34319515078028884,0.3559711147404703,0.25577436348799315,0.41861606632032916,0.24182420338683364,0.30758758318553797,0.27940336741928046,0.25281999843709324,0.22462108731111927,0.4357473291659115,0.2202071421697343,0.26357559412976617,0.22850084110795266,0.31344998060004536,0.17751821824711594,0.36655227859363904,0.36560250938289923,0.23542737001350839,0.27366117514376287,0.16023809839800116,0.10287048206907833,0.19067230236055596,0.2708402747063309,0.28343742589792276
Azerbaijan,0.28743484399629343,0.16216122914750536,0.2171847476728906,1.0,0.2155770187705654,0.12502580559106444,0.20069007665489863,0.17361542096311527,0.13726312330933246,0.33097145620882207,0.3267527142180097,0.112105216815851,0.2306967447685185,0.23185896938527173,0.34955136298760814,0.15447024030982487,0.22478926847052835,0.14866643808005342,0.4054205696088842,0.10953640041779919,0.15521797323451608,0.12124563377722576,0.2829953146434729,0.24294247995688592,0.16880089419565,0.16344703559859822,0.3366391810417821,0.2753689825475468,0.2724426254570665,0.2580339445092715,0.3378122365973036,0.176859778607649,0.2490765955551754,0.12475661443596422,0.3957117014572819,0.1544873406228159,0.21578021762786498,0.1913676103803995,0.6792697138684465,0.09180433398114315,0.2958674497345317,0.2997786360427793,0.4931669109785707,0.24284088588865976,0.18641580515865588,0.10372531467410866,0.12235320194976872,0.26462573163278613,0.4878881889181515,0.29538184914065546,0.2830762545147912,0.18568540895744168,0.14413075689570187,0.6059848793867445,0.0843301362241347,0.10369489725821361,0.13650955725444647,0.27473799157707834,0.27117459173126857,0.19783548753808183,0.43325520089026764,0.28600382005647296,0.21937003514873357,0.18000588201610845,0.09885168290018011,0.08629142464887886,0.3146968163800828,0.15913180840341629,0.36729829850625034,0.19488366600296356,0.2588541107776563,0.28792447414046307,0.2363911561101711,0.27699130262496086,0.1307145530249684,0.2070568311036826,0.21430621684072887,0.23167938715453024,0.12925857679227362,0.3171850575023847,0.2630765000423579
Bangladesh,0.27639974040198134,0.3351315514665165,0.34563080125003465,0.2155770187705654,1.0,0.20624747940764707,0.22448303180559193,0.2480561066883408,0.2785847815698652,0.391767662333196,0.3151718679488957,0.2401224872899547,0.39405264030947323,0.28826551812889073,0.46005126168363925,0.2631924025863133,0.2738008091060813,0.15086124242819232,0.4967457073913082,0.22072905853705316,0.2992909831607216,0.2364579132059094,0.3311604803704563,0.24691056695192026,0.2050427670691012,0.208552837456045,0.3209811202530474,0.36456547103182113,0.21322609755277527,0.2909382804260978,0.3658626222240989,0.21658412451682188,0.3709139250215674,0.27130094506529556,0.3995803967981221,0.20679599239921845,0.25215443940363574,0.24448229171964908,0.6787398397445039,0.24876918973705747,0.2772490270596551,0.300423761649597,0.5551475407050702,0.26454951929214937,0.22332114705045053,0.20546014859121692,0.22622303869336918,0.32737587400853174,0.4878681797372708,0.2952309390697786,0.26858509298555533,0.2813329239407055,0.28634852657915627,0.620606508848657,0.20132584861431993,0.18820629479341167,0.12853352403082088,0.2358495695617247,0.2728751757722461,0.24245265898468182,0.42952507094397496,0.3461249275621941,0.28024415392376667,0.21058221497686938,0.19120020977143432,0.2225173491709036,0.2474205057462142,0.25866789101019005,0.4754816416101512,0.27523644562530486,0.24921875742240418,0.3864294456025123,0.31601280946516275,0.20979494186733302,0.20373900668758793,0.2981143824189229,0.29898434185286477,0.3187034675612172,0.24789330883713512,0.45470053128431065,0.33528551512837246
Belarus,0.2812843338792526,0.20365620101215479,0.2706158039531521,0.12502580559106444,0.20624747940764707,1.0,0.17505384571812033,0.23108013900410732,0.2028229941075592,0.3532850343293969,0.27800946575756497,0.16103119682687225,0.2752007923917474,0.27460814881608075,0.39308413113422924,0.1936887756953563,0.21644879173920933,0.1331261658028999,0.42343736218894784,0.16797760410618748,0.21770076090102736,0.1882485348416432,0.26445203734765677,0.1864025984302323,0.13972426000697724,0.14119006114659385,0.32117593918745435,0.3085551739145266,0.20570981221072998,0.26348137308451314,0.32903372070902964,0.15323440862767465,0.2966369199591175,0.16689109585947903,0.4156459061652572,0.18721727005705402,0.22374565030581162,0.18080239841999574,0.6863194371781123,0.14306595403184322,0.24815986214347913,0.2680688745992156,0.4833106486711862,0.15460425920317228,0.11216672068641118,0.13342498493884977,0.1769440349084102,0.3108567214130499,0.4870254519703738,0.26155612977932385,0.27959004550980976,0.19503664514467328,0.16085751968416037,0.604017206613696,0.11505577203826972,0.11237557456473582,0.1689415238750511,0.22049066390227182,0.24423656635829355,0.23748145275258964,0.44156944450768476,0.2978338712313492,0.23195802054153378,0.12398267971813579,0.10229500433757009,0.13744979902893753,0.2550947832730473,0.12025325370144864,0.39617112894174344,0.17439561435786796,0.22224069855689982,0.32224459693321644,0.22574972364545165,0.2238567040570467,0.16843721521878544,0.25080521541924017,0.24370941462293266,0.26506851709926244,0.17457588674339025,0.3560836587908033,0.2691290211450436
Belgium,0.332232573877044,0.30355001611797544,0.3085366683806222,0.20069007665489863,0.22448303180559193,0.17505384571812033,1.0,0.3062760250480955,0.23717613570063448,0.4392085282210658,0.2782680168020041,0.22491411765369537,0.36959481583380865,0.320992297485173,0.4645039067333994,0.2818864749190677,0.1712492046709133,0.19258419039261793,0.5023222318249859,0.2591995219620247,0.31228272424217934,0.2752495607806754,0.2184763213694939,0.2323143055423561,0.10367712032517915,0.080943519260083,0.3413339344549655,0.37039864713226855,0.23671458533818648,0.25105254054630954,0.29249860161208946,0.25054169976345253,0.35817968880996137,0.24916979083718113,0.42996079575394647,0.25556851300857375,0.266600994046699,0.19896075640103225,0.7173562213893179,0.2245973500365546,0.20565065729273527,0.31677462819255253,0.5019933354280683,0.1878064917667431,0.15000142095097166,0.1761233215188313,0.26885755941127765,0.36432265829767024,0.5321421808292018,0.1753067541568552,0.32308117561630145,0.23119689934338283,0.290582587517684,0.613501745172321,0.20796455235388694,0.1865455348947054,0.21398943617948948,0.2488330458844924,0.14555913666659734,0.2885224379784438,0.44348135455153376,0.3876630960598889,0.2756872566099391,0.22330645985763073,0.1621063885269081,0.22160935396321915,0.23278418649547755,0.21402605943429628,0.4468802213890414,0.2538043762739319,0.13466025672007464,0.3372646436867382,0.18352909811542137,0.19757434587221306,0.22127233413952344,0.29943130793178446,0.31504768716570886,0.3071922652264641,0.24275680477033468,0.44444199047804783,0.22377416084512905
Bolivia,0.24196066111941933,0.2414551231697088,0.24670101593999252,0.17361542096311527,0.2480561066883408,0.23108013900410732,0.3062760250480955,1.0,0.19636868886998135,0.301161859491658,0.3781549505339656,0.19610939918622172,0.2812963159780504,0.1914716437949364,0.3530697848266206,0.1957285031459521,0.2808333065699021,0.21997441392611936,0.44867450141367843,0.1801859068585257,0.18235096399719447,0.1587926477753188,0.3322916442805827,0.32600241364279364,0.2686189966245299,0.27851023056782875,0.3540583008658777,0.3265954409293775,0.33931432884782775,0.28431169926743993,0.3592034495962437,0.26501279031881103,0.28481068040511975,0.2069420447035714,0.45503709663099545,0.19803651466412645,0.19585807713802286,0.26329912597442784,0.7489439884199606,0.203806554227242,0.36612177235108023,0.3857451205126494,0.520003396381557,0.3331821731757951,0.2762444142140764,0.22663620844090382,0.14809826287548167,0.25700938810794655,0.5552408982127337,0.3497542311345518,0.3152442006858453,0.3093984497234885,0.22268622061988186,0.5335308143469495,0.21265715561535972,0.17986332200415484,0.1643904193703511,0.31101527242311494,0.3498254213465619,0.16629226955941837,0.3643993958307534,0.30427405206925184,0.23995516410814155,0.2662109526996172,0.2388284403055145,0.17057478487949576,0.4063029225261339,0.2443412244802854,0.39774185185629096,0.24770715416556122,0.32705514199141716,0.30604800774354846,0.3488829178731946,0.31670936909289754,0.2184156614142941,0.287224219827773,0.2637123889640572,0.2717699441155237,0.24300342896208443,0.3634002997967694,0.3539458045550183
Brazil,0.295997354786994,0.2060377561161991,0.1722091449315935,0.13726312330933246,0.2785847815698652,0.2028229941075592,0.23717613570063448,0.19636868886998135,1.0,0.32031956799322914,0.35553636020398705,0.15569653392067234,0.2302305793300472,0.28106111690034646,0.30623780334135303,0.1667304639170137,0.261621328036302,0.21282946684572215,0.38165936601919964,0.14965468803315005,0.19766534329686034,0.15357732108527467,0.3002876014943714,0.27030050980793724,0.2031082597330594,0.22239611505076332,0.36432388832786333,0.2416237722088168,0.3151270648769172,0.28507204754789245,0.3666563790687936,0.250165726269256,0.19568616079544507,0.1666004399960471,0.40322109920400623,0.16596619718736094,0.27549725697705496,0.22913624823155682,0.6781371786145286,0.14602671446204807,0.3241290353629293,0.32570263813873396,0.48237900734142614,0.31956990708326694,0.24822534798798743,0.18218573345664224,0.1558550963691141,0.28659940462010597,0.4882441971563811,0.3150602976528225,0.3022168191704058,0.2085128870373743,0.2111580984469853,0.6079474015197278,0.17076191617044179,0.1775553288775478,0.18781276878631428,0.3247396753511796,0.2989401283551141,0.25497964091193737,0.44216180557974816,0.2959599673190599,0.25979471838294815,0.23721124121267875,0.1847970161777312,0.13488179171140297,0.36661789648666654,0.20884022015662834,0.30878666343397737,0.1921800384452148,0.2855547604659397,0.22811328361264963,0.31593160732193704,0.31181869288050973,0.15933886408099648,0.2257477849253703,0.19759906921425302,0.1993689257463457,0.15168821060956994,0.2913893887507845,0.2714055221111455
Bulgaria,0.40590955005444385,0.3163756266922457,0.2663967179320288,0.33097145620882207,0.391767662333196,0.3532850343293969,0.4392085282210658,0.301161859491658,0.32031956799322914,1.0,0.4427370366022346,0.3327711160644661,0.33867900394690514,0.2514443758227775,0.2454569090632084,0.2747419302899133,0.3932745463045155,0.3427706517609363,0.3161703378279002,0.2906805723033232,0.31481371887731446,0.32534472765506894,0.41834143317991285,0.38325580384248503,0.3827754057473721,0.40361554336572486,0.3486327030848611,0.2654024229168417,0.48497449926437197,0.3747326481883982,0.43797341908419946,0.324242815043833,0.2683441228764892,0.3165003359087519,0.5248824594095917,0.3391763185241274,0.3367991546289076,0.40290898786204576,0.7196149127785351,0.32743319486367184,0.5176620315776281,0.4581753551146116,0.5061448674001146,0.4434827584685532,0.38983421395975526,0.386330458133922,0.3123689087693722,0.24083660476309818,0.5324041247812558,0.4288009179022915,0.39495605988098426,0.3610300198266292,0.33549786208526866,0.5720282069660402,0.3383583885843455,0.3651371274821656,0.35813059702582706,0.3820291299166465,0.46644070768583057,0.2638420372456442,0.4761010941718811,0.17907974381949854,0.2869678756868648,0.33825642197808203,0.36425263132565033,0.3306842988602517,0.5249022735363588,0.3360565235808463,0.32998589581035503,0.282706939619282,0.41270526674807595,0.32633466746606876,0.48207764119645263,0.45091348801104336,0.34473458474391033,0.3815883906368294,0.24159921404636836,0.2838416325095033,0.31552814522510164,0.34190524121088156,0.397029016503377
Cambodia,0.4087999413757546,0.377773681388642,0.35188743091186697,0.3267527142180097,0.3151718679488957,0.27800946575756497,0.2782680168020041,0.3781549505339656,0.35553636020398705,0.4427370366022346,1.0,0.3322295129641536,0.3763568553696485,0.37266163911124195,0.43583199272128054,0.31946020317329155,0.28009723424420446,0.28899636821804175,0.44284386726233116,0.33664552457296665,0.38440231360908406,0.32861962148425977,0.28677065918460565,0.2707410247734796,0.3011984134635509,0.25772483221525033,0.3716113008144398,0.3542196665242213,0.24799473158123334,0.27486562275192833,0.3630238875895795,0.2905612445765469,0.36541704982556134,0.316280468299748,0.41211665904423783,0.34935825021620776,0.3636812351184725,0.2747148570736076,0.6389584264407233,0.3014562506155353,0.23152645743093908,0.30901374339383436,0.46066205562908524,0.2840042871119514,0.25546550009334645,0.28341651088151837,0.32801971791979706,0.3775367043658116,0.475788315100679,0.2897328812429634,0.35474515681086577,0.2983726686004632,0.3465301717976002,0.6380045031745158,0.29463366632847454,0.3008010943079381,0.3083374991135492,0.2472574871253296,0.295237440059215,0.358754431122256,0.46125894373378384,0.3454970412734024,0.3857457779918039,0.2693993166962933,0.2820717489984702,0.30270049581793684,0.29946696515060833,0.255111353932501,0.42668456691807916,0.29990753055397673,0.25717872782684625,0.4347529739279338,0.3456209145684621,0.2386377788934652,0.2708269997038111,0.3303005494343715,0.32955154726023,0.31624540081871555,0.30817737300829073,0.4148214116041941,0.32518883866105786
Cameroon,0.2947540598056595,0.1792980080456775,0.2347149519868438,0.112105216815851,0.2401224872899547,0.16103119682687225,0.22491411765369537,0.19610939918622172,0.15569653392067234,0.3327711160644661,0.3322295129641536,1.0,0.24424277637472042,0.26220291548046004,0.34156050591959036,0.16553391613362534,0.24471140584348441,0.18932415109565873,0.40715770960294795,0.11043347605772098,0.1447627313176822,0.1477737972197143,0.29227614912362215,0.2677527813311001,0.20199811520560995,0.19674242839478265,0.37457850782425567,0.2766081783808317,0.285965623696407,0.2668378849277752,0.34856440052852844,0.21580848713796436,0.23573304122073743,0.14869879395971186,0.3836302495826921,0.17772461661138161,0.2499440684756387,0.1988856249079755,0.6501675536610201,0.14703703241115507,0.2990319148466205,0.30012553827914373,0.5106014697691342,0.26840861781350644,0.2240382409926082,0.13085903364092374,0.13647788709841066,0.3157993314973314,0.45155514119441315,0.2999407565918857,0.3138013469026933,0.19056944806930165,0.16315988323188657,0.6103445826251547,0.12898216581584354,0.1595770757109851,0.17536795691757148,0.30721861628714536,0.29956790394486216,0.23159834878174312,0.45247071386849647,0.303670629233038,0.2167816761795334,0.21913861111800492,0.16585287565070983,0.11206825669520043,0.3168307962309743,0.16150544423546956,0.3535471540445784,0.20932771701546002,0.2756954002009441,0.29906919988990205,0.2433617470597061,0.29192645371648773,0.13832337785723336,0.18959814654433815,0.24217262679368542,0.24351711129422343,0.16821632863447736,0.31380179494347676,0.2873991485634861
Canada,0.3922236451751183,0.17140205362552227,0.23548419170535084,0.2306967447685185,0.39405264030947323,0.2752007923917474,0.36959481583380865,0.2812963159780504,0.2302305793300472,0.33867900394690514,0.3763568553696485,0.24424277637472042,1.0,0.34488986709769115,0.23284810612470483,0.18815827968226598,0.3763800455741916,0.3138410106960129,0.2900044157553953,0.21669107995967718,0.18585996971485833,0.1915856530920292,0.3994308440531645,0.3559700883889363,0.3570831096879189,0.32903744739858826,0.42756929346530037,0.22077703154306316,0.39390206765462255,0.34789011555068333,0.4706914791623214,0.2771649902544025,0.17734494606728707,0.1579147338612852,0.38671664512800524,0.2801164721215786,0.3429829693115665,0.32747091636480297,0.6247443181640929,0.19562757783421486,0.4068071865101446,0.38711817501473983,0.5049582742202748,0.39447641877819145,0.3368708331048212,0.2575639679140266,0.21115544878447895,0.31813637164905834,0.4647952902539788,0.4427352802724056,0.37119523828697354,0.2683458886056945,0.18794720901881892,0.6728902240941492,0.22499977010979064,0.2637630838314413,0.29978941145346105,0.40850365985452775,0.44200339623725426,0.3386424457264929,0.5178646782801308,0.2637482269297188,0.36958057402332845,0.28480065389365644,0.2620325560055485,0.20250355713899323,0.4574614254421516,0.24765503014681142,0.27551980800684156,0.2735781361875816,0.4142202691838836,0.3480445625964619,0.37735280837804974,0.42199712155990593,0.22881553960693385,0.24692411026678743,0.2280218913245219,0.2441514694296417,0.21057931780233602,0.12866638381727968,0.3852593384179818
Chile,0.3347712334124181,0.28691797604962216,0.2789739017321598,0.23185896938527173,0.28826551812889073,0.27460814881608075,0.320992297485173,0.1914716437949364,0.28106111690034646,0.2514443758227775,0.37266163911124195,0.26220291548046004,0.34488986709769115,1.0,0.373759172207013,0.2590371325500446,0.25534504356726595,0.26561776035560053,0.4544732622661222,0.2612316039014133,0.2670674174492259,0.26117691758105044,0.3186070880268556,0.36129709641746033,0.2803632041713202,0.2930160801514803,0.3241727304726384,0.35206335928000293,0.40396522946558905,0.27925400761694696,0.31704367914214604,0.2869127588588579,0.33624832584198694,0.2668199490334287,0.515055605971192,0.2893179555995838,0.1742214883936785,0.29265862693430045,0.7887728606186767,0.2613506176267705,0.4108407130783827,0.4284783811446561,0.5285342312178457,0.33525977986830646,0.2958066169732248,0.2719648707785409,0.2585639832520778,0.2201560304058088,0.5989980174532028,0.31927012507100344,0.3658952166743728,0.3409447007939773,0.29595182588369245,0.4784770143133276,0.2669639284909983,0.26446627585176496,0.2553810984142177,0.2971519099805174,0.3375162805438716,0.10486695151407163,0.3533197385286638,0.2796157934207176,0.17297873245927523,0.2996504299712378,0.2725225612473307,0.2579321229933055,0.44167733830337763,0.28149658768802893,0.4323730944387341,0.26718701655837546,0.3020986404048944,0.3373061936752117,0.34125919931836557,0.3415883237250004,0.27987082163949184,0.3541819528295795,0.29156742162723875,0.312986618806246,0.29490710605980713,0.41574414390688863,0.3047136254859084
China,0.4665832219381247,0.28431155105958006,0.22051096777577905,0.34955136298760814,0.46005126168363925,0.39308413113422924,0.4645039067333994,0.3530697848266206,0.30623780334135303,0.2454569090632084,0.43583199272128054,0.34156050591959036,0.23284810612470483,0.373759172207013,1.0,0.27494313240201856,0.445742029488679,0.3946808148320326,0.18903091814606113,0.3005810691244427,0.3063428710683765,0.31413262426136557,0.4571188358117083,0.41536206982119644,0.4363522121735754,0.4267348404285324,0.4262427024771545,0.17163085268084488,0.49370780803579156,0.40892050256673035,0.5198120439932988,0.3661074677494348,0.15242793411978547,0.2741865769983758,0.44595708158494163,0.3726178719953539,0.41366936132982324,0.4184322559944469,0.6086653313426882,0.31511102007424463,0.5077513337024505,0.4616287033492547,0.48235292120312706,0.5024042028007487,0.4353628225805109,0.3897742517047135,0.3187132392691807,0.29348779689405935,0.45515813051860676,0.484740500149873,0.4355264478390494,0.3293560167240854,0.3236093115398582,0.6481322108140858,0.3479256944772288,0.386344412781586,0.39330456632476335,0.4639712075120933,0.519100176968591,0.36808388812394305,0.5255670695579824,0.21061756948946775,0.4124934708941864,0.38139861168150874,0.3834558726113983,0.3293566990177399,0.5476706930327877,0.3379902456566556,0.2047723218703025,0.32543031117271665,0.46450716915280205,0.31329399932132895,0.5015232082665453,0.4969465083101372,0.331492384644319,0.3310040688218351,0.2265975941379724,0.22239305744500612,0.2983789812757619,0.18727538799314583,0.4238241905512373
Colombia,0.2666735625002588,0.17349269143907928,0.2140316217626934,0.15447024030982487,0.2631924025863133,0.1936887756953563,0.2818864749190677,0.1957285031459521,0.1667304639170137,0.2747419302899133,0.31946020317329155,0.16553391613362534,0.18815827968226598,0.2590371325500446,0.27494313240201856,1.0,0.30853526082112537,0.20120988400532425,0.3528708493850073,0.12089443646814439,0.11929172369712124,0.11577228364247123,0.33479087197103696,0.25680769434253375,0.25095467113224323,0.2510745421962399,0.31726814151276195,0.233309391315865,0.30249248731849504,0.27095582985198274,0.39781264942959454,0.20505744483185226,0.19169638894477728,0.15040031805606038,0.3639000056010088,0.17160493111315675,0.28866919427669335,0.26740526959611194,0.6377763502055113,0.1274948441293673,0.34821786691585377,0.3424405841517484,0.4752184488792761,0.31140724479508025,0.25948650277179974,0.1901530977728099,0.093856609199721,0.24729654829635092,0.45058516999576714,0.35797060154474347,0.299970137707014,0.22582607083013437,0.13699892819954249,0.6326776586741185,0.1344923555087126,0.16483498798541504,0.17798158527908703,0.2845739627608218,0.35931938549280895,0.24040302735018187,0.44473583493494123,0.23396522935157513,0.27835219354341684,0.2056361600722964,0.1867808608010737,0.11433646985105907,0.3778493520167925,0.20919300226694829,0.32213931643290394,0.20420677509072815,0.3307748167642608,0.30917100432905587,0.31002442118241236,0.3241782754972309,0.15202179626769996,0.20816618158171152,0.1724077081650182,0.22220078223962295,0.1491697694959542,0.24439765554319992,0.3323666658833599
Costa Rica,0.3569032548631805,0.30563523266907977,0.2798659118530725,0.22478926847052835,0.2738008091060813,0.21644879173920933,0.1712492046709133,0.2808333065699021,0.261621328036302,0.3932745463045155,0.28009723424420446,0.24471140584348441,0.3763800455741916,0.25534504356726595,0.445742029488679,0.30853526082112537,1.0,0.23487115648840812,0.48194811990614067,0.2797533882277898,0.32572075518676347,0.30043144646228775,0.11018869399197818,0.27502352762386423,0.17496862017636838,0.15020628974095027,0.3571235531513268,0.36832930983502643,0.3132198014502632,0.19570791885557765,0.16764813307787757,0.2677452486682377,0.35993807536966127,0.2701985661041315,0.49707029592913776,0.2839346281540199,0.23197678437771233,0.21457234288993118,0.7779617915024635,0.255936229305529,0.2650152652177436,0.33410977608634085,0.46834373102956284,0.20247776233284348,0.16413144787691908,0.22179759561711618,0.2875760392947738,0.3292506418587348,0.5815956308104353,0.14838656242224996,0.33646231700824053,0.27044057190098997,0.31231609946926875,0.5553981845138711,0.25479999134723436,0.2215601532438011,0.24846754753122505,0.2265436931716015,0.14568722104684523,0.24578856314269054,0.4137444028015116,0.3579706881120965,0.2267619607435899,0.25100529726346077,0.21722115498437916,0.24203703230141618,0.3092060474591228,0.19910316183261978,0.4364349672772449,0.23841709591333163,0.14456110302390418,0.32180836003574714,0.2465970955373903,0.23864903501001095,0.2499198072129576,0.32819042814177385,0.3184895225092794,0.2898988307147583,0.2781603391182591,0.4493865895966195,0.18107474354769607
Croatia,0.2825537559625987,0.24996352279469938,0.260841487036301,0.14866643808005342,0.15086124242819232,0.1331261658028999,0.19258419039261793,0.21997441392611936,0.21282946684572215,0.3427706517609363,0.28899636821804175,0.18932415109565873,0.3138410106960129,0.26561776035560053,0.3946808148320326,0.20120988400532425,0.23487115648840812,1.0,0.42549160015717474,0.16550560854367663,0.24765301993437325,0.19221892484370437,0.2924696143864188,0.17588271924725674,0.16710883482109395,0.14717109579793902,0.31264011099276,0.29138510604465284,0.23184413510610874,0.2777871845987651,0.35084265574255064,0.11150426764682621,0.28958436545389415,0.19570744319556696,0.3597152569504618,0.1428747591166877,0.23515478609180218,0.18670594006035396,0.6545421315704888,0.18556180271957834,0.2821327525343141,0.26596758345384325,0.48210559988699025,0.2263164887762008,0.15525787225744409,0.16551173458978827,0.18438356822161486,0.27955816576005094,0.46348971674633394,0.284817936932405,0.18912094895483794,0.17812485281219984,0.22161195878740333,0.6125818822594072,0.12389348928999498,0.13061345469634086,0.1399236660429865,0.23561197692841773,0.2647976660918948,0.22453297811339656,0.4370245687377247,0.29193431415631294,0.26435841444644076,0.11506142675003032,0.11525631086140735,0.1635870697672312,0.2695031873228777,0.1740249770296592,0.3875404565024835,0.189691195989504,0.22798291270891044,0.3315615193347485,0.2734562920320692,0.23244864605929905,0.16438539749048434,0.22822506029382947,0.21383629268878332,0.2425463796109645,0.149991697976567,0.3743650054141531,0.2951615559587939
Czech Republic,0.5537424240593548,0.34493002781442655,0.30808009952706006,0.4054205696088842,0.4967457073913082,0.42343736218894784,0.5023222318249859,0.44867450141367843,0.38165936601919964,0.3161703378279002,0.44284386726233116,0.40715770960294795,0.2900044157553953,0.4544732622661222,0.18903091814606113,0.3528708493850073,0.48194811990614067,0.42549160015717474,1.0,0.35407363776162154,0.39614084619509016,0.3784630224254683,0.48740741231971035,0.43539804650386366,0.4774844247676868,0.4557593621710639,0.5009430608701678,0.16335968180840132,0.5186445789887232,0.4602527134590236,0.554690425696689,0.36609925794941006,0.22458691864353733,0.3367820033267628,0.4313024430398752,0.4139383951385185,0.47993458477917983,0.4498987772387651,0.5379134523244508,0.36530231811736363,0.5359276389679543,0.42622508728922504,0.5139451007013729,0.523347222805747,0.4565503295354882,0.43212030126894346,0.3914520997427178,0.3718572979116851,0.3970973490064904,0.5328791293092529,0.4248184293339242,0.3345533814531796,0.3854948275201896,0.7558571692671983,0.38209314819203427,0.43946165256118935,0.4478822178204326,0.4913951355595133,0.5422456696367915,0.45283153325319536,0.6446433579692542,0.20809774120809438,0.46993873102488165,0.38018431646226136,0.4075425112093909,0.3866037829567712,0.5442968966705088,0.36439183979082984,0.19283060173298436,0.3441411977595043,0.5005510244935469,0.4193973033133065,0.5574672108160615,0.5375097130397771,0.3668987627750941,0.35140021072192024,0.2627170870031824,0.27848369284587826,0.32553503126480055,0.20710673787229217,0.4435552479887572
Denmark,0.2916351731415045,0.1666760334671029,0.22009519809919847,0.10953640041779919,0.22072905853705316,0.16797760410618748,0.2591995219620247,0.1801859068585257,0.14965468803315005,0.2906805723033232,0.33664552457296665,0.11043347605772098,0.21669107995967718,0.2612316039014133,0.3005810691244427,0.12089443646814439,0.2797533882277898,0.16550560854367663,0.35407363776162154,1.0,0.13080101684048775,0.10202049228206389,0.32202768721249375,0.2538757350597311,0.22561629300427663,0.22018120472378022,0.3548478882722859,0.22309625956652016,0.291038994309159,0.27943047902353724,0.3753001076166147,0.1766969221160702,0.19738118605300253,0.13620489628962612,0.36088966357197594,0.13641500242029453,0.26811101350680083,0.24236759255528437,0.6218532433040815,0.117187936047305,0.32826086341285654,0.2866614481320361,0.5013041531965988,0.29272428970318326,0.23220956841962184,0.15731770100595763,0.08897076398079284,0.27709593211406347,0.42320349718425126,0.3384327427260576,0.2655028895174267,0.18716954660126617,0.14540626199438325,0.6421614230316844,0.10119003375536131,0.1464516110158669,0.1451336314352408,0.29417916042687553,0.3261878994250814,0.22997530267083696,0.47320857250986065,0.2442292505375368,0.2444810560826198,0.17811306294958715,0.15533093871499465,0.09211924591256415,0.33246494275149724,0.1798522961872834,0.317559716710969,0.19243079797506513,0.3033971397959188,0.30447421103621525,0.30460279347889796,0.31064375836305014,0.12473465615766836,0.1650184449210948,0.18573925232625965,0.21235477355695712,0.11727257560197957,0.2718774112765145,0.3167361859203943
Ecuador,0.2851040907219746,0.13866943893591624,0.2532879846090587,0.15521797323451608,0.2992909831607216,0.21770076090102736,0.31228272424217934,0.18235096399719447,0.19766534329686034,0.31481371887731446,0.38440231360908406,0.1447627313176822,0.18585996971485833,0.2670674174492259,0.3063428710683765,0.11929172369712124,0.32572075518676347,0.24765301993437325,0.39614084619509016,0.13080101684048775,1.0,0.13207461308024657,0.3576422132527939,0.3240655197028824,0.28692606452537467,0.28007098219936033,0.3787079177905793,0.29001530496997197,0.3474331041471903,0.2966082515909737,0.40675991965616637,0.25150138748115514,0.23445912970611063,0.1487392887102431,0.4081032260009459,0.20965511818544733,0.2811564110151411,0.29381619703639444,0.6808772497879841,0.15027459716660369,0.38055773754840805,0.3850335950506285,0.5234991438868521,0.3285097980405856,0.28867606480703,0.20064062756296455,0.11378632829866148,0.2957276157518959,0.49374797362432354,0.3879603362141281,0.3559599816817237,0.2660527532272388,0.11694054289422937,0.6324766478428495,0.16339242486765676,0.17944052643643182,0.20547947289689575,0.3393405062483477,0.3915124532059012,0.25197817391815136,0.46094618419482336,0.2905850081761821,0.2752301560697981,0.25638451563266057,0.219800771721546,0.12845583435125216,0.4113590698520655,0.2269696053398208,0.36131399269089853,0.25293101958058,0.3694955041028557,0.3331422669269063,0.29771325082682365,0.371411797926868,0.1949431398318397,0.22868041105397977,0.248934344215851,0.273707849260153,0.20407087382763256,0.2691429767167004,0.36685121738932697
"Egypt, Arab Rep.",0.29449340086011777,0.19164225302017082,0.23939340062541495,0.12124563377722576,0.2364579132059094,0.1882485348416432,0.2752495607806754,0.1587926477753188,0.15357732108527467,0.32534472765506894,0.32861962148425977,0.1477737972197143,0.1915856530920292,0.26117691758105044,0.31413262426136557,0.11577228364247123,0.30043144646228775,0.19221892484370437,0.3784630224254683,0.10202049228206389,0.13207461308024657,1.0,0.3462116078318094,0.289997916716529,0.2543665994876492,0.24598348449706023,0.3666189652139006,0.25190512768767537,0.28636847299245993,0.2960511357110391,0.40472133818379874,0.21273726495070513,0.21630091117134884,0.13857281898289944,0.34949176237279533,0.15952629347823105,0.26270971033355833,0.22883428347095808,0.6361950168130189,0.11532161437836794,0.31573963511292846,0.3182515315832117,0.5054758363891326,0.3153462490855471,0.25728057414652317,0.14524440344465447,0.07648108374096783,0.2784892270870414,0.451198786722928,0.36657601565952125,0.28167580434223893,0.22885408419967485,0.15307309309533831,0.6401739070372109,0.11519506432943465,0.1458807112011047,0.14097267646256026,0.3159076102081255,0.34006509687395814,0.237214437917213,0.4584240346940001,0.26533201038352616,0.28134574221251524,0.21151682417207932,0.16720071220410765,0.0865824881695462,0.3542635832374554,0.20384386780213587,0.34163668372950823,0.22662693465224412,0.32948782185066816,0.3318055268241005,0.319233347983219,0.3062411925879802,0.1201072198187232,0.18753221868026362,0.21704400421712683,0.23919780754071399,0.15114831408543267,0.26518191784750894,0.3291686017472969
El Salvador,0.3795691051241222,0.34047883014653124,0.2957559843332538,0.2829953146434729,0.3311604803704563,0.26445203734765677,0.2184763213694939,0.3322916442805827,0.3002876014943714,0.41834143317991285,0.28677065918460565,0.29227614912362215,0.3994308440531645,0.3186070880268556,0.4571188358117083,0.33479087197103696,0.11018869399197818,0.2924696143864188,0.48740741231971035,0.32202768721249375,0.3576422132527939,0.3462116078318094,1.0,0.291813467748517,0.22964355189728258,0.20491518263052882,0.37249567183924415,0.3905984493766009,0.34444824622549475,0.17179916363382994,0.13174689183402788,0.3158887230650899,0.3806033343581662,0.31566874788287963,0.5257954569754667,0.3320667157263466,0.3074608132858213,0.2735571763908123,0.7948558063886767,0.2912487048840842,0.3006532033683879,0.3753630650333658,0.43193235130966484,0.23284662010416463,0.2056914931343052,0.286756345176092,0.32370999737912964,0.35391810407493807,0.6005578948493875,0.18032754323355957,0.38578291295802825,0.3059193557465049,0.34446070236648285,0.6069506269331122,0.30476210640965995,0.2655885061825396,0.2954172891697998,0.23084527747850464,0.1860744947405561,0.3102064020929613,0.45103724295537395,0.3777150283250532,0.2877787429751866,0.2921166659612281,0.27408717390759,0.28402139913261976,0.3447619787640882,0.23595357115266535,0.4443429677090651,0.2750452471884884,0.20381091639571974,0.3442004878916743,0.28973224018393623,0.2838976037996942,0.29673507096717444,0.3637936342977883,0.34669470239415073,0.30862152668363435,0.3203176697129146,0.46247299800448904,0.21608793751394628
Estonia,0.3092907915868658,0.3108720519387174,0.2775890424122124,0.24294247995688592,0.24691056695192026,0.1864025984302323,0.2323143055423561,0.32600241364279364,0.27030050980793724,0.38325580384248503,0.2707410247734796,0.2677527813311001,0.3559700883889363,0.36129709641746033,0.41536206982119644,0.25680769434253375,0.27502352762386423,0.17588271924725674,0.43539804650386366,0.2538757350597311,0.3240655197028824,0.289997916716529,0.291813467748517,1.0,0.2086679565137971,0.19403355641300082,0.2762726458382966,0.324156187921502,0.20718515431967466,0.2756035504828687,0.3608197802751935,0.18715210385282638,0.3321017220027489,0.2652367111064614,0.4342267391709993,0.23829054958055676,0.33349218544116915,0.26092629886685925,0.6737951856247371,0.25368952407068895,0.29024849540304754,0.28883803194817337,0.4197067867267452,0.21943184962349957,0.16707856045926356,0.24977989646212634,0.2638977122479853,0.3139095312472358,0.49125875286941106,0.28110888890531555,0.2897633237687362,0.21435292714281412,0.2585719564143436,0.648768244626279,0.22093818617220584,0.21167403536293913,0.23901257066790865,0.21730751622507985,0.28953357863457624,0.318095980905941,0.4478370780180089,0.33743211670186823,0.3409946737835549,0.16972985555979309,0.1954490655754237,0.24290564785138513,0.2925048492384509,0.20603108673282533,0.42401232846894854,0.23950782351552846,0.2419264560798283,0.31326220487359696,0.3043901313870925,0.2448264709279811,0.2396916907770246,0.31380967558689676,0.24174913357755848,0.24069852441163875,0.2082174198008848,0.402070440205177,0.3245106674909013
