Country Name,Albania,Angola,Australia,Austria,Azerbaijan,Bangladesh,Belarus,Belgium,Bolivia,Brazil,Bulgaria,Burkina Faso,Cambodia,Cameroon,Canada,Chad,Chile,China,Colombia,Costa Rica,Croatia,Czech Republic,Denmark,Dominican Republic,Ecuador,"Egypt, Arab Rep.",El Salvador,Estonia,Finland,France,Germany,Ghana,Greece,Guatemala,Honduras,Hungary,India,Indonesia,"Iran, Islamic Rep.",Ireland,Israel,Italy,Jamaica,Japan,Jordan,Kazakhstan,Kenya,"Korea, Rep.",Kuwait,Kyrgyz Republic,Latvia,Lithuania,Madagascar,Mali,Mexico,Moldova,Mongolia,Morocco,Nepal,Netherlands,New Zealand,Nicaragua,Nigeria,North Macedonia,Norway,Oman,Pakistan,Panama,Paraguay,Peru,Philippines,Poland,Portugal,Romania,Russian Federation,Rwanda,Saudi Arabia,Senegal,Singapore,Slovak Republic,South Africa,Spain,Sri Lanka,Sweden,Switzerland,Tanzania,Thailand,Tunisia,Uganda,Ukraine,United Kingdom,United States,Uruguay
Albania,1.0,1.0005692254896577,1.4254298921031952,1.4254298921031952,1.3763234666464983,0.7718149026281503,1.4254298921031952,1.4254298921031952,1.026728971440681,1.1872538183569294,1.4254298921031952,0.8982870879708217,0.7261524374400679,0.8044797152479863,1.4254298921031952,0.833515899606123,1.1384754818548073,1.1030059171488837,0.8378648756181002,1.5552158029262824,1.4254298921031952,1.4254298921031952,1.4254298921031952,1.1299395195343869,0.9232882607817025,1.2136251776027744,0.8351832882324205,1.4254298921031952,1.4254298921031952,1.4254298921031952,1.4254298921031952,0.8269635039921438,1.4254298921031952,0.812986942406155,0.868250233221665,1.4254298921031952,0.7737124709400914,0.8980707883355796,0.9967985683772824,1.4254298921031952,1.4254298921031952,1.4254298921031952,0.7989432790191181,1.4254298921031952,1.2860178160373794,2.3014331706585973,0.7543256255652754,1.4254298921031952,1.4254298921031952,1.2898038106721161,1.4254298921031952,1.4254298921031952,0.761097251414466,0.8108041108147159,1.0452402901566786,2.2105644039923016,0.7941873565123151,1.045108255605666,0.8472621268672771,1.4254298921031952,1.4254298921031952,0.7512884157478308,1.0083930935242487,1.7686286845478931,1.4254298921031952,3.385547167758048,0.8007027381048507,0.8021340135059137,1.154795424743982,0.9080398437753245,0.8737464565988402,1.4254298921031952,1.4254298921031952,1.4279016331835566,1.7521272182470233,0.7013223323120065,0.9880935287352451,0.8988306507825635,1.4254298921031952,1.4254298921031952,1.4630055786466123,1.4254298921031952,0.9184783989073132,1.4254298921031952,1.4254298921031952,0.7044120228147663,1.469132504845208,1.897639668266281,0.7386250330029213,2.1212136458994912,1.4254298921031952,1.4254298921031952,0.94897522892576
Angola,1.0005692254896577,1.0,0.7544625241075469,0.7544625241075469,0.5136305372757151,0.23258305678268495,0.7544625241075469,0.7544625241075469,0.3037033326879205,0.3432068870553283,0.7544625241075469,0.3937204002306406,0.2739971916852207,0.2549174952282584,0.7544625241075469,0.34678354750844953,0.4554074747565563,0.3321080819155277,0.46044316268934243,0.541239336634383,0.7544625241075469,0.7544625241075469,0.7544625241075469,0.31737331294600857,0.24732762849422096,0.42310544498350955,0.24136916055877397,0.7544625241075469,0.7544625241075469,0.7544625241075469,0.7544625241075469,0.2998487203329301,0.7544625241075469,0.21688972671861462,0.28748118150538254,0.7544625241075469,0.23970948394079286,0.27962093952595773,0.34822914098330776,0.7544625241075469,0.7544625241075469,0.7544625241075469,0.22384093984468736,0.7544625241075469,0.5952116916461414,0.9301390485902397,0.2871410442918551,0.7544625241075469,0.7544625241075469,1.0751501579050249,0.7544625241075469,0.7544625241075469,0.4487747890534026,0.25129149465014156,0.4025933791346796,0.9307540517828421,0.34192457060388287,0.35801708811299526,0.2595908841454285,0.7544625241075469,0.7544625241075469,0.24412160307607841,0.420424662963712,1.0369775645147783,0.7544625241075469,1.4706451299588101,0.4467647386302437,0.27009660287565257,0.302849972044776,0.25328025587737946,0.29937895770618633,0.7544625241075469,0.7544625241075469,1.3918131719011695,1.4863551884979138,0.3236676426657456,1.026205602889561,0.27680446251275226,0.7544625241075469,0.7544625241075469,0.46661192503749355,0.7544625241075469,0.2591163163525071,0.7544625241075469,0.7544625241075469,0.3331476431922813,0.531248675692387,0.6915959712251668,0.33549035854211334,1.4207420674780653,0.7544625241075469,0.7544625241075469,0.2744076637695634
Australia,1.4254298921031952,0.7544625241075469,1.0,0.0,0.8492037936707391,0.7079297646805958,0.0,0.0,0.7207812364141648,0.7414292985048868,0.0,0.7318762857346904,0.708812786158809,0.6940235632499424,0.0,0.7249206511983277,0.7756209809166464,0.7203637030010823,0.8259887814927418,0.863662697850106,0.0,0.0,0.0,0.7441287435470264,0.7112645226497546,0.7951830169236609,0.69995466924937,0.0,0.0,0.0,0.0,0.7110030158299331,0.0,0.7096825948455256,0.6938329505071668,0.0,0.7068776933892712,0.7019270577097889,0.71432810407751,0.0,0.0,0.0,0.703994668144192,0.0,0.8977526172115351,1.0645601782168694,0.7414523470477888,0.0,0.0,2.118939278023015,0.0,0.0,0.8774886103193887,0.710105683270195,0.7923275423801932,1.462000253457818,0.7823155458993252,0.7463975965751313,0.6935828620947915,0.0,0.0,0.700053580442064,0.7844851866419953,1.9395780772927562,0.0,2.823948218182238,0.8826573021117172,0.7132968421523337,0.7341035208760522,0.6922449017419539,0.7277287298480352,0.0,0.0,2.4041248956231884,2.609753017204685,0.7429607872416238,1.6821222342789133,0.7058160750412023,0.0,0.0,0.8063161478612386,0.0,0.7237517724774771,0.0,0.0,0.7509687895597316,0.8147924110329023,0.9077848010325109,0.7790230488395117,2.7099533519268024,0.0,0.0,0.6990942044146362
Austria,1.4254298921031952,0.7544625241075469,0.0,1.0,0.8492037936707391,0.7079297646805958,0.0,0.0,0.7207812364141648,0.7414292985048868,0.0,0.7318762857346904,0.708812786158809,0.6940235632499424,0.0,0.7249206511983277,0.7756209809166464,0.7203637030010823,0.8259887814927418,0.863662697850106,0.0,0.0,0.0,0.7441287435470264,0.7112645226497546,0.7951830169236609,0.69995466924937,0.0,0.0,0.0,0.0,0.7110030158299331,0.0,0.7096825948455256,0.6938329505071668,0.0,0.7068776933892712,0.7019270577097889,0.71432810407751,0.0,0.0,0.0,0.703994668144192,0.0,0.8977526172115351,1.0645601782168694,0.7414523470477888,0.0,0.0,2.118939278023015,0.0,0.0,0.8774886103193887,0.710105683270195,0.7923275423801932,1.462000253457818,0.7823155458993252,0.7463975965751313,0.6935828620947915,0.0,0.0,0.700053580442064,0.7844851866419953,1.9395780772927562,0.0,2.823948218182238,0.8826573021117172,0.7132968421523337,0.7341035208760522,0.6922449017419539,0.7277287298480352,0.0,0.0,2.4041248956231884,2.609753017204685,0.7429607872416238,1.6821222342789133,0.7058160750412023,0.0,0.0,0.8063161478612386,0.0,0.7237517724774771,0.0,0.0,0.7509687895597316,0.8147924110329023,0.9077848010325109,0.7790230488395117,2.7099533519268024,0.0,0.0,0.6990942044146362
Azerbaijan,1.3763234666464983,0.5136305372757151,0.8492037936707391,0.8492037936707391,1.0,0.39722895438466627,0.8492037936707021,0.8492037936707021,0.4135280419585034,0.3674881261456565,0.8492037936707021,0.4022731497283423,0.3948549241915738,0.38444970910709786,0.8492037936707021,0.3755243137216415,0.44179423103295085,0.34782118862261324,0.5426875611939156,0.7096783311371454,0.8492037936707021,0.8492037936707021,0.8492037936707021,0.3860228571499282,0.39725698688743744,0.5278146571564967,0.3679855763745166,0.8492037936707021,0.8492037936707021,0.8492037936707021,0.8492037936707021,0.3791595358683124,0.8492037936707021,0.36639749638302815,0.3542025682656361,0.8492037936707021,0.3798666890155646,0.33274935205312467,0.34041195824789816,0.8492037936707021,0.8492037936707021,0.8492037936707021,0.395151943082153,0.8492037936707021,0.5176920585510862,1.0399980674732632,0.44161301742434234,0.8492037936707021,0.8492037936707021,0.925606099125273,0.8492037936707021,0.8492037936707021,0.5477922138741443,0.3973083888861355,0.48670274178632694,0.8927869315507314,0.49903670212011364,0.42183054583672663,0.331245583828289,0.8492037936707021,0.8492037936707021,0.3785379117942264,0.4801453535199656,0.8774161884378844,0.8492037936707021,1.1666010779933171,0.5638285315309486,0.41229510476551917,0.41390047279804804,0.3285089618279419,0.4284681078784481,0.8492037936707021,0.8492037936707021,1.1330990776752297,1.1697592594665356,0.4320725164890171,0.9317720229896378,0.3947424499400954,0.8492037936707021,0.8492037936707021,0.4739602963627295,0.8492037936707021,0.31132704260238014,0.8492037936707021,0.8492037936707021,0.44300180362635394,0.52097423701153,0.8399371918388667,0.480369893658852,1.1436303779396788,0.8492037936707021,0.8492037936707021,0.33324109904809723
Bangladesh,0.7718149026281503,0.23258305678268495,0.7079297646805958,0.7079297646805958,0.39722895438466627,1.0,0.7079297646805965,0.7079297646805965,0.3133745075221137,0.4266190861894432,0.7079297646805965,0.33946395784676414,0.11242665016551237,0.12893957724200342,0.7079297646805965,0.29681189471215724,0.43865766408784757,0.3843783166071712,0.36215837876775525,0.6893405224379083,0.7079297646805965,0.7079297646805965,0.7079297646805965,0.400384535635495,0.25108216503885145,0.48466450569625796,0.17070887914935484,0.7079297646805965,0.7079297646805965,0.7079297646805965,0.7079297646805965,0.23218844777644498,0.7079297646805965,0.11929199630362076,0.24290644616600696,0.7079297646805965,0.1399251397461147,0.25132777320262123,0.3375582544047825,0.7079297646805965,0.7079297646805965,0.7079297646805965,0.11932265442230625,0.7079297646805965,0.6012289194252147,1.209915439473011,0.17001103591403266,0.7079297646805965,0.7079297646805965,1.1186833250984376,0.7079297646805965,0.7079297646805965,0.34324188832404895,0.1677017010428916,0.38305400987425553,1.0814179167391744,0.2541188488325781,0.35117468839364485,0.2209097550630065,0.7079297646805965,0.7079297646805965,0.09673689022872006,0.44159037718765576,1.1248339227847308,0.7079297646805965,1.787890497833125,0.3675957270930667,0.16501137814614147,0.379375810793551,0.22197893179394895,0.24229633422992727,0.7079297646805965,0.7079297646805965,1.845398886303217,2.0530970509784434,0.1719184994755326,1.2535623463242185,0.20714538024062867,0.7079297646805965,0.7079297646805965,0.617074302191822,0.7079297646805965,0.2473431093316089,0.7079297646805965,0.7079297646805965,0.2054180949980304,0.5978093779816487,0.8760246378730696,0.21442726062985287,1.550170047908422,0.7079297646805965,0.7079297646805965,0.2742096775019468
Belarus,1.4254298921031952,0.7544625241075469,0.0,0.0,0.8492037936707021,0.7079297646805965,1.0,0.0,0.7207812364141648,0.7414292985048868,0.0,0.7318762857346904,0.708812786158809,0.6940235632499424,0.0,0.7249206511983277,0.7756209809166464,0.7203637030010823,0.8259887814927418,0.863662697850106,0.0,0.0,0.0,0.7441287435470264,0.7112645226497546,0.7951830169236609,0.69995466924937,0.0,0.0,0.0,0.0,0.7110030158299331,0.0,0.7096825948455256,0.6938329505071668,0.0,0.7068776933892712,0.7019270577097889,0.71432810407751,0.0,0.0,0.0,0.703994668144192,0.0,0.8977526172115351,1.0645601782168694,0.7414523470477888,0.0,0.0,2.118939278023015,0.0,0.0,0.8774886103193887,0.710105683270195,0.7923275423801932,1.462000253457818,0.7823155458993252,0.7463975965751313,0.6935828620947915,0.0,0.0,0.700053580442064,0.7844851866419953,1.9395780772927562,0.0,2.823948218182238,0.8826573021117172,0.7132968421523337,0.7341035208760522,0.6922449017419539,0.7277287298480352,0.0,0.0,2.4041248956231884,2.609753017204685,0.7429607872416238,1.6821222342789133,0.7058160750412023,0.0,0.0,0.8063161478612386,0.0,0.7237517724774771,0.0,0.0,0.7509687895597316,0.8147924110329023,0.9077848010325109,0.7790230488395117,2.7099533519268024,0.0,0.0,0.6990942044146362
Belgium,1.4254298921031952,0.7544625241075469,0.0,0.0,0.8492037936707021,0.7079297646805965,0.0,1.0,0.7207812364141648,0.7414292985048868,0.0,0.7318762857346904,0.708812786158809,0.6940235632499424,0.0,0.7249206511983277,0.7756209809166464,0.7203637030010823,0.8259887814927418,0.863662697850106,0.0,0.0,0.0,0.7441287435470264,0.7112645226497546,0.7951830169236609,0.69995466924937,0.0,0.0,0.0,0.0,0.7110030158299331,0.0,0.7096825948455256,0.6938329505071668,0.0,0.7068776933892712,0.7019270577097889,0.71432810407751,0.0,0.0,0.0,0.703994668144192,0.0,0.8977526172115351,1.0645601782168694,0.7414523470477888,0.0,0.0,2.118939278023015,0.0,0.0,0.8774886103193887,0.710105683270195,0.7923275423801932,1.462000253457818,0.7823155458993252,0.7463975965751313,0.6935828620947915,0.0,0.0,0.700053580442064,0.7844851866419953,1.9395780772927562,0.0,2.823948218182238,0.8826573021117172,0.7132968421523337,0.7341035208760522,0.6922449017419539,0.7277287298480352,0.0,0.0,2.4041248956231884,2.609753017204685,0.7429607872416238,1.6821222342789133,0.7058160750412023,0.0,0.0,0.8063161478612386,0.0,0.7237517724774771,0.0,0.0,0.7509687895597316,0.8147924110329023,0.9077848010325109,0.7790230488395117,2.7099533519268024,0.0,0.0,0.6990942044146362
Bolivia,1.026728971440681,0.3037033326879205,0.7207812364141648,0.7207812364141648,0.4135280419585034,0.3133745075221137,0.7207812364141648,0.7207812364141648,1.0,0.2650886122106174,0.7207812364141701,0.2594741224698533,0.25162753260960624,0.19965806480382342,0.7207812364141701,0.26617114818198767,0.2799973286602221,0.19524862465150022,0.37898368507067925,0.6332970493554326,0.7207812364141701,0.7207812364141701,0.7207812364141701,0.19180011073888117,0.22762812236671617,0.4040441460802527,0.20548573804903034,0.7207812364141701,0.7207812364141701,0.7207812364141701,0.7207812364141701,0.2086981315108982,0.7207812364141701,0.25306486450679366,0.1496000224213776,0.7207812364141701,0.24238529152770585,0.12554107712497437,0.1833731015939527,0.7207812364141701,0.7207812364141701,0.7207812364141701,0.2210370408484556,0.7207812364141701,0.5300918591730958,1.0739316575249631,0.3088863576321931,0.7207812364141701,0.7207812364141701,0.9001467200070608,0.7207812364141701,0.7207812364141701,0.4308528032770604,0.24054359180983637,0.392789327380114,0.8085512877433139,0.3875366684707909,0.28736903117232,0.1945532162038149,0.7207812364141701,0.7207812364141701,0.22572905103381424,0.3449976519101707,0.8407833029721077,0.7207812364141701,1.3266178174541199,0.43391134509125356,0.24090189424474157,0.2663678145299427,0.1382413682959027,0.24144293158420185,0.7207812364141701,0.7207812364141701,1.3079454695487356,1.3886557947754272,0.3015703431431064,0.9215646448504703,0.20621154931047694,0.7207812364141701,0.7207812364141701,0.444375711201326,0.7207812364141701,0.29375246746111827,0.7207812364141701,0.7207812364141701,0.32845451410364473,0.45091421403835896,0.7743685246358419,0.3403932983013916,1.206091780165851,0.7207812364141701,0.7207812364141701,0.14779318893418206
Brazil,1.1872538183569294,0.3432068870553283,0.7414292985048868,0.7414292985048868,0.3674881261456565,0.4266190861894432,0.7414292985048868,0.7414292985048868,0.2650886122106174,1.0,0.7414292985049573,0.2597366366124612,0.29313355928500917,0.22233048001899808,0.7414292985049573,0.23628613014738176,0.29557297446525393,0.11379627951816626,0.4058103206704252,0.380648535165696,0.7414292985049573,0.7414292985049573,0.7414292985049573,0.21447413890756623,0.21675196923985576,0.3303934704386606,0.22589177771637237,0.7414292985049573,0.7414292985049573,0.7414292985049573,0.7414292985049573,0.2561153665267278,0.7414292985049573,0.2526384327244113,0.21927888640547388,0.7414292985049573,0.2715181399297897,0.190114369677829,0.16480532582083937,0.7414292985049573,0.7414292985049573,0.7414292985049573,0.247166525138009,0.7414292985049573,0.4554780343066859,0.7711714209381018,0.34271339511773286,0.7414292985049573,0.7414292985049573,0.892051686677853,0.7414292985049573,0.7414292985049573,0.4543337247424397,0.272467122511373,0.38818618516586295,0.8118188809699839,0.38057698540834495,0.25477625720825664,0.1847065036134152,0.7414292985049573,0.7414292985049573,0.2702102523474897,0.30751629185307516,0.8507004813936778,0.7414292985049573,1.249811786192849,0.4748645413705899,0.2635444940469496,0.1556146015951146,0.17553200804940003,0.28449295853355816,0.7414292985049573,0.7414292985049573,1.203861242468869,1.265855887079225,0.344077575747183,0.8778464681934303,0.23099494380157343,0.7414292985049573,0.7414292985049573,0.28920916320428214,0.7414292985049573,0.22173793563098698,0.7414292985049573,0.7414292985049573,0.35406541199495656,0.23638035647900743,0.4624244757861841,0.3826280775205304,1.160800786435841,0.7414292985049573,0.7414292985049573,0.1420541319534643
Bulgaria,1.4254298921031952,0.7544625241075469,0.0,0.0,0.8492037936707021,0.7079297646805965,0.0,0.0,0.7207812364141701,0.7414292985049573,1.0,0.7318762857346904,0.708812786158809,0.6940235632499424,0.0,0.7249206511983277,0.7756209809166464,0.7203637030010823,0.8259887814927418,0.863662697850106,0.0,0.0,0.0,0.7441287435470264,0.7112645226497546,0.7951830169236609,0.69995466924937,0.0,0.0,0.0,0.0,0.7110030158299331,0.0,0.7096825948455256,0.6938329505071668,0.0,0.7068776933892712,0.7019270577097889,0.71432810407751,0.0,0.0,0.0,0.703994668144192,0.0,0.8977526172115351,1.0645601782168694,0.7414523470477888,0.0,0.0,2.118939278023015,0.0,0.0,0.8774886103193887,0.710105683270195,0.7923275423801932,1.462000253457818,0.7823155458993252,0.7463975965751313,0.6935828620947915,0.0,0.0,0.700053580442064,0.7844851866419953,1.9395780772927562,0.0,2.823948218182238,0.8826573021117172,0.7132968421523337,0.7341035208760522,0.6922449017419539,0.7277287298480352,0.0,0.0,2.4041248956231884,2.609753017204685,0.7429607872416238,1.6821222342789133,0.7058160750412023,0.0,0.0,0.8063161478612386,0.0,0.7237517724774771,0.0,0.0,0.7509687895597316,0.8147924110329023,0.9077848010325109,0.7790230488395117,2.7099533519268024,0.0,0.0,0.6990942044146362
Burkina Faso,0.8982870879708217,0.3937204002306406,0.7318762857346904,0.7318762857346904,0.4022731497283423,0.33946395784676414,0.7318762857346904,0.7318762857346904,0.2594741224698533,0.2597366366124612,0.7318762857346904,1.0,0.26275248313297095,0.2272520546352091,0.7318762857346885,0.29979582891882656,0.37899240662139017,0.3022815283958326,0.38008659575561937,0.6771696830713869,0.7318762857346885,0.7318762857346885,0.7318762857346885,0.36344924807571805,0.21282855495981937,0.4411257680041809,0.2093057447931516,0.7318762857346885,0.7318762857346885,0.7318762857346885,0.7318762857346885,0.2286117075215668,0.7318762857346885,0.281111194057138,0.22141486855591164,0.7318762857346885,0.25725156533955684,0.24184573219797514,0.27273239673798866,0.7318762857346885,0.7318762857346885,0.7318762857346885,0.2698734553079321,0.7318762857346885,0.5672038914671966,1.1119472432474657,0.3048886497944896,0.7318762857346885,0.7318762857346885,0.9935789309954155,0.7318762857346885,0.7318762857346885,0.42230351610464184,0.2817958957348831,0.4136707132892901,1.0108906615294362,0.36982071224260543,0.36350358990014836,0.21902669682491463,0.7318762857346885,0.7318762857346885,0.24004159600278246,0.36195079294125787,0.996940117689634,0.7318762857346885,1.6068164009949748,0.44696914105726165,0.23373041326977245,0.3422872070756015,0.21338596277189656,0.2901250408898869,0.7318762857346885,0.7318762857346885,1.3569714478294126,1.4591230624925944,0.30173476677803385,0.956529695162996,0.24485840410657717,0.7318762857346885,0.7318762857346885,0.4910031155656485,0.7318762857346885,0.2924635655817582,0.7318762857346885,0.7318762857346885,0.3047533446879364,0.5406471369857038,0.8003392911582058,0.35824759770223663,1.3546861612932168,0.7318762857346885,0.7318762857346885,0.2411651587964567
Cambodia,0.7261524374400679,0.2739971916852207,0.708812786158809,0.708812786158809,0.3948549241915738,0.11242665016551237,0.708812786158809,0.708812786158809,0.25162753260960624,0.29313355928500917,0.708812786158809,0.26275248313297095,1.0,0.1642682002445788,0.7088127861588098,0.3113914252900452,0.4844582883290867,0.4379646828264541,0.3634987715127019,0.7645572637408656,0.7088127861588098,0.7088127861588098,0.7088127861588098,0.4468766410816982,0.29472123130980304,0.5668757714002222,0.18675497668607047,0.7088127861588098,0.7088127861588098,0.7088127861588098,0.7088127861588098,0.22304285441757765,0.7088127861588098,0.16713095778573672,0.25517788373508515,0.7088127861588098,0.16553870150998432,0.2728596410280071,0.37006314498620724,0.7088127861588098,0.7088127861588098,0.7088127861588098,0.17660302672432995,0.7088127861588098,0.6744027842354652,1.2767326899521447,0.15041694772543468,0.7088127861588098,0.7088127861588098,1.0692289229970788,0.7088127861588098,0.7088127861588098,0.33238957423354226,0.18580624913968416,0.4351445005404843,1.1630550582696937,0.28211632716139434,0.39826510639795565,0.25031800090083345,0.7088127861588098,0.7088127861588098,0.0886120317124087,0.4437276287656838,1.1495710783748088,0.7088127861588098,1.9057331547703846,0.369403084100264,0.1853407834995355,0.44310751255320596,0.2590285289421811,0.24748550114431947,0.7088127861588098,0.7088127861588098,1.9152855855182043,2.2041186002870305,0.11489394603506813,1.2562899304033055,0.2557340316609597,0.7088127861588098,0.7088127861588098,0.6789060981788798,0.7088127861588098,0.28525999222888765,0.7088127861588098,0.7088127861588098,0.16990519400391857,0.6770894229023667,0.9593776175567346,0.21321283733923116,1.5567663462958525,0.7088127861588098,0.7088127861588098,0.315865068094095
Cameroon,0.8044797152479863,0.2549174952282584,0.6940235632499424,0.6940235632499424,0.38444970910709786,0.12893957724200342,0.6940235632499424,0.6940235632499424,0.19965806480382342,0.22233048001899808,0.6940235632499424,0.2272520546352091,0.1642682002445788,1.0,0.6940235632499391,0.2469446311471414,0.37964191729018254,0.28069200221803237,0.3007669674143359,0.5926643480424295,0.6940235632499391,0.6940235632499391,0.6940235632499391,0.3266196058954445,0.18228027779686926,0.42617369595441607,0.10654344059660335,0.6940235632499391,0.6940235632499391,0.6940235632499391,0.6940235632499391,0.171398241397021,0.6940235632499391,0.1384253977960619,0.16276399142094053,0.6940235632499391,0.1469225663957066,0.1818066168761809,0.24003478261869354,0.6940235632499391,0.6940235632499391,0.6940235632499391,0.08681603605397457,0.6940235632499391,0.5269855684617125,1.0907197223416865,0.19848449794374068,0.6940235632499391,0.6940235632499391,1.0290821511088404,0.6940235632499391,0.6940235632499391,0.3735849315178926,0.14337501125022034,0.3593671898599904,0.997904139759079,0.27106971854780626,0.2843187221890907,0.15794884093421507,0.6940235632499391,0.6940235632499391,0.11450036771411438,0.3675029306375913,1.0017864902410867,0.6940235632499391,1.611855437281259,0.3745585311568529,0.16327395087249283,0.29051694297859826,0.146886138307918,0.1873751345013026,0.6940235632499391,0.6940235632499391,1.5889126292636007,1.7675726505903697,0.20916547040329056,1.0953256198767172,0.15703633727210214,0.6940235632499391,0.6940235632499391,0.5239105052134683,0.6940235632499391,0.215449480216956,0.6940235632499391,0.6940235632499391,0.2222911502763122,0.48060122371584274,0.7521617702885699,0.2581959022501852,1.362371499892718,0.6940235632499391,0.6940235632499391,0.18458516458342344
Canada,1.4254298921031952,0.7544625241075469,0.0,0.0,0.8492037936707021,0.7079297646805965,0.0,0.0,0.7207812364141701,0.7414292985049573,0.0,0.7318762857346885,0.7088127861588098,0.6940235632499391,1.0,0.7249206511983277,0.7756209809166464,0.7203637030010823,0.8259887814927418,0.863662697850106,0.0,0.0,0.0,0.7441287435470264,0.7112645226497546,0.7951830169236609,0.69995466924937,0.0,0.0,0.0,0.0,0.7110030158299331,0.0,0.7096825948455256,0.6938329505071668,0.0,0.7068776933892712,0.7019270577097889,0.71432810407751,0.0,0.0,0.0,0.703994668144192,0.0,0.8977526172115351,1.0645601782168694,0.7414523470477888,0.0,0.0,2.118939278023015,0.0,0.0,0.8774886103193887,0.710105683270195,0.7923275423801932,1.462000253457818,0.7823155458993252,0.7463975965751313,0.6935828620947915,0.0,0.0,0.700053580442064,0.7844851866419953,1.9395780772927562,0.0,2.823948218182238,0.8826573021117172,0.7132968421523337,0.7341035208760522,0.6922449017419539,0.7277287298480352,0.0,0.0,2.4041248956231884,2.609753017204685,0.7429607872416238,1.6821222342789133,0.7058160750412023,0.0,0.0,0.8063161478612386,0.0,0.7237517724774771,0.0,0.0,0.7509687895597316,0.8147924110329023,0.9077848010325109,0.7790230488395117,2.7099533519268024,0.0,0.0,0.6990942044146362
Chad,0.833515899606123,0.34678354750844953,0.7249206511983277,0.7249206511983277,0.3755243137216415,0.29681189471215724,0.7249206511983277,0.7249206511983277,0.26617114818198767,0.23628613014738176,0.7249206511983277,0.29979582891882656,0.3113914252900452,0.2469446311471414,0.7249206511983277,1.0,0.34423031061432874,0.24711213507360885,0.38672877943664224,0.6231156576657262,0.724920651198326,0.724920651198326,0.724920651198326,0.30679009847771177,0.2750453176740679,0.37929094072573416,0.2392026187752552,0.724920651198326,0.724920651198326,0.724920651198326,0.724920651198326,0.24851102086291219,0.724920651198326,0.2433240519919578,0.21886827885652851,0.724920651198326,0.2654135308804601,0.21850046336430876,0.23694867566410638,0.724920651198326,0.724920651198326,0.724920651198326,0.23909058036273506,0.724920651198326,0.5381821134686321,1.1233775425526014,0.2867061584687208,0.724920651198326,0.724920651198326,0.9589448666772046,0.724920651198326,0.724920651198326,0.42268251539069773,0.2611767556427649,0.38649629837970956,0.9163528324849918,0.3688165289990391,0.2978295244277314,0.1772165585160616,0.724920651198326,0.724920651198326,0.23202782530747712,0.2932228764284392,0.9193796363470892,0.724920651198326,1.4991592844096573,0.46902988645526694,0.241470003853094,0.30541724285228433,0.20388701719364,0.2917535194193138,0.724920651198326,0.724920651198326,1.459227291670206,1.5698171076202556,0.2913661689603974,0.9646276283901469,0.23969255344936785,0.724920651198326,0.724920651198326,0.4928676897302137,0.724920651198326,0.2635648191785195,0.724920651198326,0.724920651198326,0.30579199345746855,0.47652623290119206,0.7800147179266361,0.3284881109884127,1.3156995798655817,0.724920651198326,0.724920651198326,0.21668706217576963
Chile,1.1384754818548073,0.4554074747565563,0.7756209809166464,0.7756209809166464,0.44179423103295085,0.43865766408784757,0.7756209809166464,0.7756209809166464,0.2799973286602221,0.29557297446525393,0.7756209809166464,0.37899240662139017,0.4844582883290867,0.37964191729018254,0.7756209809166464,0.34423031061432874,1.0,0.2738416278658041,0.4648801073210052,0.7160733240391707,0.7756209809166766,0.7756209809166766,0.7756209809166766,0.3804951915570494,0.32350278706516694,0.4043178979366983,0.3158686154507382,0.7756209809166766,0.7756209809166766,0.7756209809166766,0.7756209809166766,0.305677116442286,0.7756209809166766,0.30047335654775315,0.2481775658015792,0.7756209809166766,0.310659820324177,0.2486552460280638,0.2646214591483057,0.7756209809166766,0.7756209809166766,0.7756209809166766,0.3343355293439964,0.7756209809166766,0.548750629874365,1.196350731977027,0.3845741124543499,0.7756209809166766,0.7756209809166766,0.9363909552318284,0.7756209809166766,0.7756209809166766,0.4648545377869551,0.3310013521340026,0.43688988299341586,0.8191657471273012,0.43761320268498005,0.2810298284762417,0.24130863816427894,0.7756209809166766,0.7756209809166766,0.3041034764166888,0.3587841477659362,0.880620592981848,0.7756209809166766,1.3243191386235167,0.4944352776830091,0.28539401155815486,0.3394203492540884,0.2523820099868486,0.37055891326175794,0.7756209809166766,0.7756209809166766,1.2000385554291007,1.2546117823552516,0.3526228901211224,0.9057724620086971,0.2567243993468597,0.7756209809166766,0.7756209809166766,0.4682039451082199,0.7756209809166766,0.33705187037080736,0.7756209809166766,0.7756209809166766,0.37718689962738355,0.45219250710728404,0.8450546126063551,0.41364982661020294,1.2385229937900288,0.7756209809166766,0.7756209809166766,0.24556480485984014
China,1.1030059171488837,0.3321080819155277,0.7203637030010823,0.7203637030010823,0.34782118862261324,0.3843783166071712,0.7203637030010823,0.7203637030010823,0.19524862465150022,0.11379627951816626,0.7203637030010823,0.3022815283958326,0.4379646828264541,0.28069200221803237,0.7203637030010823,0.24711213507360885,0.2738416278658041,1.0,0.38478536362707966,0.4738174823236401,0.7203637030011196,0.7203637030011196,0.7203637030011196,0.1989915693793028,0.20161156586238468,0.301830471905093,0.21365317363600048,0.7203637030011196,0.7203637030011196,0.7203637030011196,0.7203637030011196,0.2374139958840857,0.7203637030011196,0.24071281352063442,0.16212520896201538,0.7203637030011196,0.25084676839362763,0.15848518360256222,0.12490469703435093,0.7203637030011196,0.7203637030011196,0.7203637030011196,0.23682398352095974,0.7203637030011196,0.45515547114160565,0.8945084199057333,0.3188994183617721,0.7203637030011196,0.7203637030011196,0.8718308729209078,0.7203637030011196,0.7203637030011196,0.44188297144947425,0.2503220589596203,0.33832806503836327,0.7935227702422322,0.3699424848141718,0.21639976735301947,0.14712141042853344,0.7203637030011196,0.7203637030011196,0.2483959937517592,0.2953661213723741,0.8243797464195932,0.7203637030011196,1.2919711395982563,0.45598437522436613,0.2501824344555538,0.14770023172936464,0.1299256148220195,0.25459497921721236,0.7203637030011196,0.7203637030011196,1.224381061907807,1.2955212238982483,0.32311197149976323,0.8572220257237588,0.19937574974990777,0.7203637030011196,0.7203637030011196,0.28055974918204757,0.7203637030011196,0.22719380368289233,0.7203637030011196,0.7203637030011196,0.3328974156558789,0.2970610007961214,0.5658431591630739,0.3633917515020348,1.163585622517443,0.7203637030011196,0.7203637030011196,0.09416196778124059
Colombia,0.8378648756181002,0.46044316268934243,0.8259887814927418,0.8259887814927418,0.5426875611939156,0.36215837876775525,0.8259887814927418,0.8259887814927418,0.37898368507067925,0.4058103206704252,0.8259887814927418,0.38008659575561937,0.3634987715127019,0.3007669674143359,0.8259887814927418,0.38672877943664224,0.4648801073210052,0.38478536362707966,1.0,1.0832157787284586,0.825988781492712,0.825988781492712,0.825988781492712,0.6842240823282647,0.5198015392993359,0.8293818065037203,0.40820508380988,0.825988781492712,0.825988781492712,0.825988781492712,0.825988781492712,0.4669861462252484,0.825988781492712,0.476379982244591,0.48381850720949243,0.825988781492712,0.4439102298242918,0.5534520593422142,0.6169546845445671,0.825988781492712,0.825988781492712,0.825988781492712,0.37205403826971467,0.825988781492712,0.8107903904512741,1.6259403480243202,0.38096314826320354,0.825988781492712,0.825988781492712,1.059432405416295,0.825988781492712,0.825988781492712,0.5135405251623706,0.4268944821968886,0.7052453616266077,1.3133759627334187,0.45322209491920945,0.6765848788003176,0.535257098301234,0.825988781492712,0.825988781492712,0.4070728961673991,0.7128716435207182,1.1074099646807223,0.825988781492712,1.5752647565856663,0.48111409432265306,0.4735489086706259,0.7247010449707448,0.5155002703835855,0.5289411135680336,0.825988781492712,0.825988781492712,1.5106689055704385,1.6094595047914015,0.40084817861718514,1.316790858408798,0.4709491946363599,0.825988781492712,0.825988781492712,1.0489526737053556,0.825988781492712,0.604899620051811,0.825988781492712,0.825988781492712,0.37227781189022363,0.9400881305783161,1.3068039593495888,0.4151394385729208,1.3279805772320243,0.825988781492712,0.825988781492712,0.5772104912119167
Costa Rica,1.5552158029262824,0.541239336634383,0.863662697850106,0.863662697850106,0.7096783311371454,0.6893405224379083,0.863662697850106,0.863662697850106,0.6332970493554326,0.380648535165696,0.863662697850106,0.6771696830713869,0.7645572637408656,0.5926643480424295,0.863662697850106,0.6231156576657262,0.7160733240391707,0.4738174823236401,1.0832157787284586,1.0,0.8636626978501727,0.8636626978501727,0.8636626978501727,0.4155064525255219,0.36110541168999927,0.44861652204922536,0.3673643059627236,0.8636626978501727,0.8636626978501727,0.8636626978501727,0.8636626978501727,0.41530505060501954,0.8636626978501727,0.37524269157259876,0.4029715617147464,0.8636626978501727,0.3962278350520377,0.3864626321340568,0.38364026163362025,0.8636626978501727,0.8636626978501727,0.8636626978501727,0.37365143219296626,0.8636626978501727,0.5996701147397742,0.6037759992088998,0.4372612501969131,0.8636626978501727,0.8636626978501727,0.9771827958132582,0.8636626978501727,0.8636626978501727,0.5474082105392172,0.4010018464178908,0.48709752742851037,0.8653544990902425,0.4410197500810976,0.400155620012252,0.36767859158384525,0.8636626978501727,0.8636626978501727,0.4006738178732539,0.4513584374951232,0.9380078916664277,0.8636626978501727,1.169089000958932,0.5623684785752329,0.3967459263211278,0.3033653567088203,0.36837023155913273,0.39275919231607476,0.8636626978501727,0.8636626978501727,1.140933254832651,1.1615327948912166,0.45477317646382803,0.9262310218923558,0.3904099029379685,0.8636626978501727,0.8636626978501727,0.3727562795653467,0.8636626978501727,0.34599539034730886,0.8636626978501727,0.8636626978501727,0.4646170977355001,0.3336817767783684,0.2323354382327381,0.48109160645371873,1.1497368707698334,0.8636626978501727,0.8636626978501727,0.3505730435714837
Croatia,1.4254298921031952,0.7544625241075469,0.0,0.0,0.8492037936707021,0.7079297646805965,0.0,0.0,0.7207812364141701,0.7414292985049573,0.0,0.7318762857346885,0.7088127861588098,0.6940235632499391,0.0,0.724920651198326,0.7756209809166766,0.7203637030011196,0.825988781492712,0.8636626978501727,1.0,0.0,0.0,0.7441287435470264,0.7112645226497546,0.7951830169236609,0.69995466924937,0.0,0.0,0.0,0.0,0.7110030158299331,0.0,0.7096825948455256,0.6938329505071668,0.0,0.7068776933892712,0.7019270577097889,0.71432810407751,0.0,0.0,0.0,0.703994668144192,0.0,0.8977526172115351,1.0645601782168694,0.7414523470477888,0.0,0.0,2.118939278023015,0.0,0.0,0.8774886103193887,0.710105683270195,0.7923275423801932,1.462000253457818,0.7823155458993252,0.7463975965751313,0.6935828620947915,0.0,0.0,0.700053580442064,0.7844851866419953,1.9395780772927562,0.0,2.823948218182238,0.8826573021117172,0.7132968421523337,0.7341035208760522,0.6922449017419539,0.7277287298480352,0.0,0.0,2.4041248956231884,2.609753017204685,0.7429607872416238,1.6821222342789133,0.7058160750412023,0.0,0.0,0.8063161478612386,0.0,0.7237517724774771,0.0,0.0,0.7509687895597316,0.8147924110329023,0.9077848010325109,0.7790230488395117,2.7099533519268024,0.0,0.0,0.6990942044146362
Czech Republic,1.4254298921031952,0.7544625241075469,0.0,0.0,0.8492037936707021,0.7079297646805965,0.0,0.0,0.7207812364141701,0.7414292985049573,0.0,0.7318762857346885,0.7088127861588098,0.6940235632499391,0.0,0.724920651198326,0.7756209809166766,0.7203637030011196,0.825988781492712,0.8636626978501727,0.0,1.0,0.0,0.7441287435470264,0.7112645226497546,0.7951830169236609,0.69995466924937,0.0,0.0,0.0,0.0,0.7110030158299331,0.0,0.7096825948455256,0.6938329505071668,0.0,0.7068776933892712,0.7019270577097889,0.71432810407751,0.0,0.0,0.0,0.703994668144192,0.0,0.8977526172115351,1.0645601782168694,0.7414523470477888,0.0,0.0,2.118939278023015,0.0,0.0,0.8774886103193887,0.710105683270195,0.7923275423801932,1.462000253457818,0.7823155458993252,0.7463975965751313,0.6935828620947915,0.0,0.0,0.700053580442064,0.7844851866419953,1.9395780772927562,0.0,2.823948218182238,0.8826573021117172,0.7132968421523337,0.7341035208760522,0.6922449017419539,0.7277287298480352,0.0,0.0,2.4041248956231884,2.609753017204685,0.7429607872416238,1.6821222342789133,0.7058160750412023,0.0,0.0,0.8063161478612386,0.0,0.7237517724774771,0.0,0.0,0.7509687895597316,0.8147924110329023,0.9077848010325109,0.7790230488395117,2.7099533519268024,0.0,0.0,0.6990942044146362
Denmark,1.4254298921031952,0.7544625241075469,0.0,0.0,0.8492037936707021,0.7079297646805965,0.0,0.0,0.7207812364141701,0.7414292985049573,0.0,0.7318762857346885,0.7088127861588098,0.6940235632499391,0.0,0.724920651198326,0.7756209809166766,0.7203637030011196,0.825988781492712,0.8636626978501727,0.0,0.0,1.0,0.7441287435470264,0.7112645226497546,0.7951830169236609,0.69995466924937,0.0,0.0,0.0,0.0,0.7110030158299331,0.0,0.7096825948455256,0.6938329505071668,0.0,0.7068776933892712,0.7019270577097889,0.71432810407751,0.0,0.0,0.0,0.703994668144192,0.0,0.8977526172115351,1.0645601782168694,0.7414523470477888,0.0,0.0,2.118939278023015,0.0,0.0,0.8774886103193887,0.710105683270195,0.7923275423801932,1.462000253457818,0.7823155458993252,0.7463975965751313,0.6935828620947915,0.0,0.0,0.700053580442064,0.7844851866419953,1.9395780772927562,0.0,2.823948218182238,0.8826573021117172,0.7132968421523337,0.7341035208760522,0.6922449017419539,0.7277287298480352,0.0,0.0,2.4041248956231884,2.609753017204685,0.7429607872416238,1.6821222342789133,0.7058160750412023,0.0,0.0,0.8063161478612386,0.0,0.7237517724774771,0.0,0.0,0.7509687895597316,0.8147924110329023,0.9077848010325109,0.7790230488395117,2.7099533519268024,0.0,0.0,0.6990942044146362
Dominican Republic,1.1299395195343869,0.31737331294600857,0.7441287435470264,0.7441287435470264,0.3860228571499282,0.400384535635495,0.7441287435470264,0.7441287435470264,0.19180011073888117,0.21447413890756623,0.7441287435470264,0.36344924807571805,0.4468766410816982,0.3266196058954445,0.7441287435470264,0.30679009847771177,0.3804951915570494,0.1989915693793028,0.6842240823282647,0.4155064525255219,0.7441287435470264,0.7441287435470264,0.7441287435470264,1.0,0.2544769864067272,0.42964281547617467,0.2334838090400542,0.7441287435470382,0.7441287435470382,0.7441287435470382,0.7441287435470382,0.24877517820685807,0.7441287435470382,0.29708488881132916,0.20541864597170809,0.7441287435470382,0.28091678214507126,0.19019491153220067,0.19323428417444422,0.7441287435470382,0.7441287435470382,0.7441287435470382,0.25026569084674766,0.7441287435470382,0.5486002251702389,1.0220459264140627,0.3429329320389867,0.7441287435470382,0.7441287435470382,0.8762857969889786,0.7441287435470382,0.7441287435470382,0.45458106242324403,0.2790853112828904,0.44080195756600676,0.8143855500947845,0.40708693147189245,0.3584762434914255,0.2273100401144271,0.7441287435470382,0.7441287435470382,0.271802934381263,0.37270402465804703,0.8100305947611589,0.7441287435470382,1.2918083754835423,0.471070562791921,0.2972042021531803,0.2847144925918184,0.1794803632376075,0.30313908248085336,0.7441287435470382,0.7441287435470382,1.2507764409606497,1.3054075642846459,0.338798302935906,0.8807969441870381,0.2537457017242854,0.7441287435470382,0.7441287435470382,0.45663980318564207,0.7441287435470382,0.30546450228735134,0.7441287435470382,0.7441287435470382,0.35587999786657526,0.4645817186229812,0.763390317528357,0.36944655737871923,1.2068868084151216,0.7441287435470382,0.7441287435470382,0.18299048688956837
