Country Name,Albania,Angola,Australia,Azerbaijan,Bangladesh,Belarus,Belgium,Bolivia,Brazil,Bulgaria,Cambodia,Cameroon,Canada,Chile,China,Colombia,Costa Rica,Croatia,Czech Republic,Denmark,Ecuador,"Egypt, Arab Rep.",El Salvador,Estonia,Finland,France,Georgia,Germany,Ghana,Guatemala,Honduras,Hungary,India,Indonesia,Israel,Italy,Jamaica,Japan,Jordan,Kazakhstan,Kenya,"Korea, Rep.",Kyrgyz Republic,Latvia,Lithuania,Malaysia,Mexico,Mongolia,Morocco,Nepal,Netherlands,New Zealand,Nigeria,North Macedonia,Norway,Oman,Pakistan,Panama,Paraguay,Peru,Philippines,Poland,Portugal,Romania,Russian Federation,Saudi Arabia,Senegal,Slovak Republic,South Africa,Spain,Sri Lanka,Sweden,Switzerland,Tanzania,Thailand,Tunisia,Turkey,Ukraine,United Kingdom,United States,Uruguay
Albania,1.0,0.6035131468855945,0.0012063756017623075,0.014475813314610134,0.8928487253294555,0.0012063756017623075,0.0012063756017623075,0.3522575028401636,0.04825512210412791,0.0012063756017623075,1.5152601583363714,0.35489956225901864,0.0012063756017623075,0.0317148424099686,0.0332218938935253,0.03938743805683077,0.019870493131677602,0.0012063756017623075,0.0012063756017623075,0.0012063756017623075,0.055212739001506354,0.027419019739648557,0.127445262423647,0.0012063756017623075,0.0012063756017623075,0.0012063756017623075,0.014362581461153719,0.0012063756017623075,0.6412098910456122,0.22302432402794875,0.3849163777237003,0.0012063756017623075,0.4678742588982812,0.1478182490685074,0.0012063756017623075,0.0012063756017623075,0.13235027606230668,0.0012063756017623075,0.013163364580753859,0.004822394252114889,1.2560794314592891,0.0012063756017623075,0.01458795681316925,0.0012063756017623075,0.0012063756017623075,0.010595317097104349,0.023805794461708475,0.29902310592408665,0.35622737693869866,1.0490477030120278,0.0012063756017623075,0.0012063756017623075,0.2751932702380469,0.010526099387921305,0.0012063756017623075,0.0012063756017623075,0.02496462681085549,0.1422776113733567,0.09866557741568145,0.29772998322850075,0.21413126213568062,0.0012063756017623075,0.0012063756017623075,0.0056393287143604925,0.031071137716848076,0.0007764649930426083,0.5560670231439497,0.0012063756017623075,0.1601228638189903,0.0012063756017623075,0.3401419345059391,0.0012063756017623075,0.0012063756017623075,1.373904012771013,0.15291924211353766,0.03848474415269312,0.0020146858182679595,0.00201393561440041,0.0012063756017623075,0.0012063756017623075,0.02418746550612775
Angola,0.6035131468855945,1.0,0.6029764080781185,0.5924746240753013,0.43095559192069566,0.6029764080781185,0.6029764080781185,0.34995262447099584,0.5627190499304073,0.6029764080781185,1.0538266018642197,0.3428055050865598,0.6029764080781185,0.5809990365976615,0.5753169633509363,0.5821368434952251,0.5881693869318577,0.6029764080781185,0.6029764080781185,0.6029764080781185,0.5550712081863199,0.5814838225697149,0.49413643976428095,0.6029764080781185,0.6029764080781185,0.6029764080781185,0.5998328184277243,0.6029764080781185,0.35489361682420434,0.40994238214026096,0.33390167735646686,0.6029764080781185,0.261391093484861,0.4810420233577931,0.6029764080781185,0.6029764080781185,0.48819417865091547,0.6029764080781185,0.5948063162877473,0.5999816777117195,0.7979228846706983,0.6029764080781185,0.6034405739644485,0.6029764080781185,0.6029764080781185,0.5952431453397408,0.5856644413179012,0.4073716682194159,0.3630245311718666,0.579163785385606,0.6029764080781185,0.6029764080781185,0.41949003365196424,0.6029030481806613,0.6029764080781185,0.6029764080781185,0.5854642330982336,0.4861985045918893,0.5193055993272285,0.3649976006329344,0.4382777881167711,0.6029764080781185,0.6029764080781185,0.6046965613403034,0.6123497392768418,0.6033164353749035,0.3029164708555273,0.6029764080781185,0.47896928091393154,0.6029764080781185,0.3355533128096511,0.6029764080781185,0.6029764080781185,0.9824084312801702,0.5004928995380677,0.5756551613532348,0.6031177800681177,0.6031267792552188,0.6029764080781185,0.6029764080781185,0.5826056836434413
Australia,0.0012063756017623075,0.6029764080781185,1.0,0.013928345931647858,0.8921649207677776,0.0,0.0,0.3516521656403747,0.047646031724779096,0.0,1.5145429351382818,0.35420550725041794,0.0,0.031091667754214115,0.03259455487435898,0.038783771959031065,0.019394566872396823,0.0,0.0,0.0,0.05456306374970722,0.02681873184283627,0.1267535480452785,0.0,0.0,0.0,0.014115265281813769,0.0,0.6406145530726498,0.2223435882885099,0.3842751059010338,0.0,0.4671828091368599,0.14715528832938066,0.0,0.0,0.13165229406007875,0.0,0.012680802099663178,0.0043058585262592385,1.2553823428087205,0.0,0.014074340751750208,0.0,0.0,0.009713035271213514,0.023146080614074,0.2983798794869999,0.3556291469933381,1.0483683345122619,0.0,0.0,0.2745512476428062,0.010090962062319244,0.0,0.0,0.024633856269894207,0.14157094844359702,0.09815419744523453,0.29706758439962183,0.2134776677194397,0.0,0.0,0.006197164560071746,0.031043863541031138,0.0008179555651719353,0.5554392844318322,0.0,0.1596323425196822,0.0,0.3395070304672123,0.0,0.0,1.373211250866366,0.1524342453419802,0.03806014978794935,0.0013355032480831714,0.001734478366095276,0.0,0.0,0.023492984323080175
Azerbaijan,0.014475813314610134,0.5924746240753013,0.013928345931647858,1.0,0.8820934005353382,0.013928345931647858,0.013928345931647858,0.34143373262219656,0.03667993470601982,0.013928345931647858,1.5050778445901716,0.34386653819380786,0.013928345931647858,0.02313223066522107,0.02216470526672001,0.03592618048039479,0.013844477705141127,0.013928345931647858,0.013928345931647858,0.013928345931647858,0.04443480731119297,0.02007029907422971,0.11565899811691664,0.013928345931647858,0.013928345931647858,0.013928345931647858,0.016610598009672774,0.013928345931647858,0.6302213040741442,0.21122247650026943,0.3734753084712078,0.013928345931647858,0.45663973920167433,0.13583406754757196,0.013928345931647858,0.013928345931647858,0.12149903970460467,0.013928345931647858,0.009526467967475525,0.011898822972142986,1.2466552007199387,0.013928345931647858,0.020202459570939153,0.013928345931647858,0.013928345931647858,0.009857598927271833,0.016470217334548457,0.29051078975100786,0.34491350519551317,1.0371606744878743,0.013928345931647858,0.013928345931647858,0.265678871583502,0.016851087027767143,0.013928345931647858,0.013928345931647858,0.02026400628853486,0.13222832258485376,0.0872095927633695,0.2853950988224833,0.20377352348301786,0.013928345931647858,0.013928345931647858,0.016276936880829932,0.036341165413673826,0.014170782664901774,0.5447504401678168,0.013928345931647858,0.14866141726194057,0.013928345931647858,0.3272608322925035,0.013928345931647858,0.013928345931647858,1.3656230465321277,0.14177758942976926,0.030500514487379112,0.014050126194357006,0.013951740582119555,0.013928345931647858,0.013928345931647858,0.014035219699356444
Bangladesh,0.8928487253294555,0.43095559192069566,0.8921649207677776,0.8820934005353382,1.0,0.8921649207677776,0.8921649207677776,0.6124319155815753,0.8517637551743032,0.8921649207677776,0.7054285593551017,0.559026888597222,0.8921649207677776,0.8675851631467184,0.8642980724305087,0.8646776123391936,0.8779835019311422,0.8921649207677776,0.8921649207677776,0.8921649207677776,0.8439598432386864,0.8709903568655561,0.7756858585523213,0.8921649207677776,0.8921649207677776,0.8921649207677776,0.8890452427862283,0.8921649207677776,0.4133263142999926,0.6804947595194776,0.5681766418121974,0.8921649207677776,0.4661770014877139,0.7617532679485841,0.8921649207677776,0.8921649207677776,0.7669427150425582,0.8921649207677776,0.8832604287498127,0.8897105199906968,0.5054140518954788,0.8921649207677776,0.8910934516435994,0.8921649207677776,0.8921649207677776,0.8831711480463216,0.8740895975892087,0.6477568789888554,0.6064003195932843,0.35084982381440116,0.8921649207677776,0.8921649207677776,0.6888009331107011,0.8914386416972143,0.8921649207677776,0.8921649207677776,0.8725154626968461,0.7611791378140202,0.8096416659138121,0.6295589502547321,0.7076004085189254,0.8921649207677776,0.8921649207677776,0.8938358456903107,0.9004657085397939,0.892557548034433,0.43330423472905316,0.8921649207677776,0.7786425686030753,0.8921649207677776,0.5915878299836216,0.8921649207677776,0.8921649207677776,0.6840143727296227,0.7791876865314035,0.866598313843694,0.8920441022587017,0.8919607186991484,0.8921649207677776,0.8921649207677776,0.8710758491826167
Belarus,0.0012063756017623075,0.6029764080781185,0.0,0.013928345931647858,0.8921649207677776,1.0,0.0,0.3516521656403747,0.047646031724779096,0.0,1.5145429351382818,0.35420550725041794,0.0,0.031091667754214115,0.03259455487435898,0.038783771959031065,0.019394566872396823,0.0,0.0,0.0,0.05456306374970722,0.02681873184283627,0.1267535480452785,0.0,0.0,0.0,0.014115265281813769,0.0,0.6406145530726498,0.2223435882885099,0.3842751059010338,0.0,0.4671828091368599,0.14715528832938066,0.0,0.0,0.13165229406007875,0.0,0.012680802099663178,0.0043058585262592385,1.2553823428087205,0.0,0.014074340751750208,0.0,0.0,0.009713035271213514,0.023146080614074,0.2983798794869999,0.3556291469933381,1.0483683345122619,0.0,0.0,0.2745512476428062,0.010090962062319244,0.0,0.0,0.024633856269894207,0.14157094844359702,0.09815419744523453,0.29706758439962183,0.2134776677194397,0.0,0.0,0.006197164560071746,0.031043863541031138,0.0008179555651719353,0.5554392844318322,0.0,0.1596323425196822,0.0,0.3395070304672123,0.0,0.0,1.373211250866366,0.1524342453419802,0.03806014978794935,0.0013355032480831714,0.001734478366095276,0.0,0.0,0.023492984323080175
Belgium,0.0012063756017623075,0.6029764080781185,0.0,0.013928345931647858,0.8921649207677776,0.0,1.0,0.3516521656403747,0.047646031724779096,0.0,1.5145429351382818,0.35420550725041794,0.0,0.031091667754214115,0.03259455487435898,0.038783771959031065,0.019394566872396823,0.0,0.0,0.0,0.05456306374970722,0.02681873184283627,0.1267535480452785,0.0,0.0,0.0,0.014115265281813769,0.0,0.6406145530726498,0.2223435882885099,0.3842751059010338,0.0,0.4671828091368599,0.14715528832938066,0.0,0.0,0.13165229406007875,0.0,0.012680802099663178,0.0043058585262592385,1.2553823428087205,0.0,0.014074340751750208,0.0,0.0,0.009713035271213514,0.023146080614074,0.2983798794869999,0.3556291469933381,1.0483683345122619,0.0,0.0,0.2745512476428062,0.010090962062319244,0.0,0.0,0.024633856269894207,0.14157094844359702,0.09815419744523453,0.29706758439962183,0.2134776677194397,0.0,0.0,0.006197164560071746,0.031043863541031138,0.0008179555651719353,0.5554392844318322,0.0,0.1596323425196822,0.0,0.3395070304672123,0.0,0.0,1.373211250866366,0.1524342453419802,0.03806014978794935,0.0013355032480831714,0.001734478366095276,0.0,0.0,0.023492984323080175
Bolivia,0.3522575028401636,0.34995262447099584,0.3516521656403747,0.34143373262219656,0.6124319155815753,0.3516521656403747,0.3516521656403747,1.0,0.30880720534543893,0.3516521656403747,1.235547111143589,0.1452564166745476,0.3516521656403747,0.3245442146246616,0.3207044768176895,0.32793389002691326,0.3377003455863437,0.3516521656403747,0.3516521656403747,0.3516521656403747,0.30297694378931195,0.3302726387912484,0.2399107220882277,0.3516521656403747,0.3516521656403747,0.3516521656403747,0.34590829681798285,0.3516521656403747,0.3561217996662271,0.19397841479375783,0.1188201961779986,0.3516521656403747,0.2357793741109927,0.2124118334752818,0.3516521656403747,0.3516521656403747,0.24058472473187006,0.3516521656403747,0.343257221691023,0.3490585330256745,1.011502525814368,0.3516521656403747,0.3539517126629522,0.3516521656403747,0.3516521656403747,0.343555863450847,0.33498467097479584,0.2657655705135031,0.17341032429328515,0.739540079040268,0.3516521656403747,0.3516521656403747,0.19823918190335893,0.35176879654798365,0.3516521656403747,0.3516521656403747,0.33517408224476525,0.23760532509652257,0.26530190133651715,0.10371765991478953,0.18891195886729367,0.3516521656403747,0.3516521656403747,0.3531897000979656,0.36013617798035025,0.3519337583703843,0.26906052268178515,0.3516521656403747,0.2354892821493216,0.3516521656403747,0.18577094968594296,0.3516521656403747,0.3516521656403747,1.1632102176015273,0.2412821391164361,0.32593249127492513,0.35172238301688796,0.35149956370060575,0.3516521656403747,0.3516521656403747,0.32912971863187224
Brazil,0.04825512210412791,0.5627190499304073,0.047646031724779096,0.03667993470601982,0.8517637551743032,0.047646031724779096,0.047646031724779096,0.30880720534543893,1.0,0.047646031724779096,1.476559989214077,0.31089868111997626,0.047646031724779096,0.027423741775050584,0.017727014645846736,0.037730939413718835,0.03098136092336244,0.047646031724779096,0.047646031724779096,0.047646031724779096,0.01961261285790077,0.028285192892133472,0.08293486844351783,0.047646031724779096,0.047646031724779096,0.047646031724779096,0.045802757229952515,0.047646031724779096,0.5999907128177823,0.18066403397310682,0.3420960774895428,0.047646031724779096,0.42653153235790814,0.1043496080696739,0.047646031724779096,0.047646031724779096,0.09104006380145786,0.047646031724779096,0.03981428974376128,0.044463875121407315,1.2194577106362736,0.047646031724779096,0.05137323616669546,0.047646031724779096,0.047646031724779096,0.04010646829650549,0.03452423093296785,0.26463806594570544,0.31384814019680407,1.0052019388092923,0.047646031724779096,0.047646031724779096,0.2345203332208979,0.048499669096554995,0.047646031724779096,0.047646031724779096,0.036270238822243624,0.10164797883102038,0.05329254740093653,0.25215624308697754,0.1739407889849015,0.047646031724779096,0.047646031724779096,0.049418677056758856,0.0625156313063308,0.047924563287308986,0.5122292175383496,0.047646031724779096,0.11755553477990531,0.047646031724779096,0.2973521180127871,0.047646031724779096,0.047646031724779096,1.3421054296926402,0.10898577526710237,0.022381430517766705,0.04774324155778208,0.04769334229381001,0.047646031724779096,0.047646031724779096,0.026093130550118863
Bulgaria,0.0012063756017623075,0.6029764080781185,0.0,0.013928345931647858,0.8921649207677776,0.0,0.0,0.3516521656403747,0.047646031724779096,1.0,1.5145429351382818,0.35420550725041794,0.0,0.031091667754214115,0.03259455487435898,0.038783771959031065,0.019394566872396823,0.0,0.0,0.0,0.05456306374970722,0.02681873184283627,0.1267535480452785,0.0,0.0,0.0,0.014115265281813769,0.0,0.6406145530726498,0.2223435882885099,0.3842751059010338,0.0,0.4671828091368599,0.14715528832938066,0.0,0.0,0.13165229406007875,0.0,0.012680802099663178,0.0043058585262592385,1.2553823428087205,0.0,0.014074340751750208,0.0,0.0,0.009713035271213514,0.023146080614074,0.2983798794869999,0.3556291469933381,1.0483683345122619,0.0,0.0,0.2745512476428062,0.010090962062319244,0.0,0.0,0.024633856269894207,0.14157094844359702,0.09815419744523453,0.29706758439962183,0.2134776677194397,0.0,0.0,0.006197164560071746,0.031043863541031138,0.0008179555651719353,0.5554392844318322,0.0,0.1596323425196822,0.0,0.3395070304672123,0.0,0.0,1.373211250866366,0.1524342453419802,0.03806014978794935,0.0013355032480831714,0.001734478366095276,0.0,0.0,0.023492984323080175
Cambodia,1.5152601583363714,1.0538266018642197,1.5145429351382818,1.5050778445901716,0.7054285593551017,1.5145429351382818,1.5145429351382818,1.235547111143589,1.476559989214077,1.5145429351382818,1.0,1.195349721260169,1.5145429351382818,1.490987197840399,1.4881239341172703,1.48846115990639,1.5017327779007832,1.5145429351382818,1.5145429351382818,1.5145429351382818,1.4690379327875436,1.495828857452346,1.401281097099442,1.5145429351382818,1.5145429351382818,1.5145429351382818,1.510771923965241,1.5145429351382818,0.9772072011477898,1.3150884512631333,1.1888061384349036,1.5145429351382818,1.1050970986826543,1.3872398146394063,1.5145429351382818,1.5145429351382818,1.3983527515528378,1.5145429351382818,1.5071161564076585,1.5124576543684767,0.4955620369966272,1.5145429351382818,1.51349565419659,1.5145429351382818,1.5145429351382818,1.5057749881674614,1.4978914499656861,1.2904093752298749,1.2314175084546366,0.657257571518897,1.5145429351382818,1.5145429351382818,1.303716263401507,1.5130265362179904,1.5145429351382818,1.5145429351382818,1.4967767087894859,1.3897718000723052,1.436937796717014,1.2583254577612166,1.3330533261842465,1.5145429351382818,1.5145429351382818,1.5162352839723598,1.5217635418684556,1.5149551476185894,1.0599165684336935,1.5145429351382818,1.4050560504003766,1.5145429351382818,1.2224259125130539,1.5145429351382818,1.5145429351382818,0.6265375331645437,1.4094219289621612,1.4917801060684817,1.5143355872933144,1.5143868687697026,1.5145429351382818,1.5145429351382818,1.4943842003608248
Cameroon,0.35489956225901864,0.3428055050865598,0.35420550725041794,0.34386653819380786,0.559026888597222,0.35420550725041794,0.35420550725041794,0.1452564166745476,0.31089868111997626,0.35420550725041794,1.195349721260169,1.0,0.35420550725041794,0.32888945908079104,0.32411279181379,0.32386278471703855,0.3390019671731333,0.35420550725041794,0.35420550725041794,0.35420550725041794,0.3033837776378565,0.332469012119988,0.23165807813744407,0.35420550725041794,0.35420550725041794,0.35420550725041794,0.3510020659514681,0.35420550725041794,0.33080809708939807,0.15358515957919866,0.11547344251457295,0.35420550725041794,0.1683090318832703,0.21995009584501346,0.35420550725041794,0.35420550725041794,0.22601141338434805,0.35420550725041794,0.3451178991020393,0.3515459441310419,0.9474491578363085,0.35420550725041794,0.3545252555286388,0.35420550725041794,0.35420550725041794,0.3450610456531713,0.33599374500955664,0.18491002996166878,0.15203565956366866,0.7157626445500606,0.35420550725041794,0.35420550725041794,0.18937320604085983,0.3531396803446626,0.35420550725041794,0.35420550725041794,0.33469204302029587,0.2257544967553418,0.267527717812924,0.10459458178187642,0.17186823376019586,0.35420550725041794,0.35420550725041794,0.3561751243262025,0.363571641039061,0.35459216492078893,0.24366195045325975,0.35420550725041794,0.24559000417030036,0.35420550725041794,0.13531797491844672,0.35420550725041794,0.35420550725041794,1.084456108701528,0.23777172622554563,0.326386501730461,0.35402654702532355,0.353978165044385,0.35420550725041794,0.35420550725041794,0.3317909278239546
Canada,0.0012063756017623075,0.6029764080781185,0.0,0.013928345931647858,0.8921649207677776,0.0,0.0,0.3516521656403747,0.047646031724779096,0.0,1.5145429351382818,0.35420550725041794,1.0,0.031091667754214115,0.03259455487435898,0.038783771959031065,0.019394566872396823,0.0,0.0,0.0,0.05456306374970722,0.02681873184283627,0.1267535480452785,0.0,0.0,0.0,0.014115265281813769,0.0,0.6406145530726498,0.2223435882885099,0.3842751059010338,0.0,0.4671828091368599,0.14715528832938066,0.0,0.0,0.13165229406007875,0.0,0.012680802099663178,0.0043058585262592385,1.2553823428087205,0.0,0.014074340751750208,0.0,0.0,0.009713035271213514,0.023146080614074,0.2983798794869999,0.3556291469933381,1.0483683345122619,0.0,0.0,0.2745512476428062,0.010090962062319244,0.0,0.0,0.024633856269894207,0.14157094844359702,0.09815419744523453,0.29706758439962183,0.2134776677194397,0.0,0.0,0.006197164560071746,0.031043863541031138,0.0008179555651719353,0.5554392844318322,0.0,0.1596323425196822,0.0,0.3395070304672123,0.0,0.0,1.373211250866366,0.1524342453419802,0.03806014978794935,0.0013355032480831714,0.001734478366095276,0.0,0.0,0.023492984323080175
Chile,0.0317148424099686,0.5809990365976615,0.031091667754214115,0.02313223066522107,0.8675851631467184,0.031091667754214115,0.031091667754214115,0.3245442146246616,0.027423741775050584,0.031091667754214115,1.490987197840399,0.32888945908079104,0.031091667754214115,1.0,0.01523687888909444,0.03585573790365259,0.023539428793425476,0.031091667754214115,0.031091667754214115,0.031091667754214115,0.033580742797429994,0.017866733397222452,0.1026173289240072,0.031091667754214115,0.031091667754214115,0.031091667754214115,0.02913066614879118,0.031091667754214115,0.6157501092826997,0.19671950969798205,0.3573555888027235,0.031091667754214115,0.4425592091907948,0.12049903785109128,0.031091667754214115,0.031091667754214115,0.1090683005879252,0.031091667754214115,0.024301909206496396,0.029241888871089153,1.2350960331261058,0.031091667754214115,0.036373072733050744,0.031091667754214115,0.031091667754214115,0.02403598848829613,0.021890987582235337,0.2794167174540567,0.3283554696067877,1.0215748843693317,0.031091667754214115,0.031091667754214115,0.2498913479461079,0.0327020936812919,0.031091667754214115,0.031091667754214115,0.023879491108594574,0.11582873556878438,0.07351088279347674,0.2699101201358525,0.19135131480631637,0.031091667754214115,0.031091667754214115,0.03318298189993344,0.04776303035341171,0.03135869554482647,0.5276681930121301,0.031091667754214115,0.1361101727731558,0.031091667754214115,0.31396297825131914,0.031091667754214115,0.031091667754214115,1.3540988823386846,0.12794688424282555,0.030173206086946815,0.03103717010790509,0.03086983742864728,0.031091667754214115,0.031091667754214115,0.014505866990404038
China,0.0332218938935253,0.5753169633509363,0.03259455487435898,0.02216470526672001,0.8642980724305087,0.03259455487435898,0.03259455487435898,0.3207044768176895,0.017727014645846736,0.03259455487435898,1.4881239341172703,0.32411279181379,0.03259455487435898,0.01523687888909444,1.0,0.030380855195891253,0.019840639603036305,0.03259455487435898,0.03259455487435898,0.03259455487435898,0.025976558004057036,0.01579081161124121,0.09640301584456189,0.03259455487435898,0.03259455487435898,0.03259455487435898,0.031961341020658125,0.03259455487435898,0.6122280439048889,0.19357070930375705,0.35344732135729306,0.03259455487435898,0.43880013506795024,0.11658034655566266,0.03259455487435898,0.03259455487435898,0.10311307642782949,0.03259455487435898,0.025147853325458765,0.02978281143898929,1.2307906189509692,0.03259455487435898,0.03779581191404667,0.03259455487435898,0.03259455487435898,0.024894450807659962,0.019565587240145007,0.2756402109429699,0.32583803610982454,1.0179264749143766,0.03259455487435898,0.03259455487435898,0.24759686439776535,0.033386314761746784,0.03259455487435898,0.03259455487435898,0.023904814758204905,0.11388136787897496,0.0670322490477778,0.26512944931374377,0.18513414926192762,0.03259455487435898,0.03259455487435898,0.0345491398446735,0.04991056380243616,0.032872527052753855,0.5247122364294161,0.03259455487435898,0.1305674338829402,0.03259455487435898,0.31035889250606935,0.03259455487435898,0.03259455487435898,1.3516544521292095,0.12359529831148476,0.022254778983119457,0.03258679664024995,0.03262261579934727,0.03259455487435898,0.03259455487435898,0.01025783030123366
Colombia,0.03938743805683077,0.5821368434952251,0.038783771959031065,0.03592618048039479,0.8646776123391936,0.038783771959031065,0.038783771959031065,0.32793389002691326,0.037730939413718835,0.038783771959031065,1.48846115990639,0.32386278471703855,0.038783771959031065,0.03585573790365259,0.030380855195891253,1.0,0.03324891814842842,0.038783771959031065,0.038783771959031065,0.038783771959031065,0.038356263073456416,0.031908742172203956,0.10043507464143743,0.038783771959031065,0.038783771959031065,0.038783771959031065,0.04096975832191861,0.038783771959031065,0.6141134977992945,0.19835536118882666,0.35675901933376664,0.038783771959031065,0.4408610429150965,0.12511737353638985,0.038783771959031065,0.038783771959031065,0.10278041940990922,0.038783771959031065,0.03449033997038538,0.03754805758722345,1.2278627842446415,0.038783771959031065,0.04053470575130461,0.038783771959031065,0.038783771959031065,0.0319914980878696,0.03296564899523199,0.2728698009280178,0.33311511112686654,1.0222875212623663,0.038783771959031065,0.038783771959031065,0.2539638862574892,0.036961243765745645,0.038783771959031065,0.038783771959031065,0.02983029686429391,0.11890780757344296,0.07974739368147096,0.27136285289300344,0.19033044626274093,0.038783771959031065,0.038783771959031065,0.041065863472429534,0.05557851377403186,0.03915008237376874,0.527930057856676,0.038783771959031065,0.14887478708151966,0.038783771959031065,0.3192311432245977,0.038783771959031065,0.038783771959031065,1.3460934693435345,0.13435577706606427,0.03936065905853967,0.038494889847676655,0.03862401405392395,0.038783771959031065,0.038783771959031065,0.02797177780911231
Costa Rica,0.019870493131677602,0.5881693869318577,0.019394566872396823,0.013844477705141127,0.8779835019311422,0.019394566872396823,0.019394566872396823,0.3377003455863437,0.03098136092336244,0.019394566872396823,1.5017327779007832,0.3390019671731333,0.019394566872396823,0.023539428793425476,0.019840639603036305,0.03324891814842842,1.0,0.019394566872396823,0.019394566872396823,0.019394566872396823,0.040520153376896795,0.01713620028452901,0.11169982998719213,0.019394566872396823,0.019394566872396823,0.019394566872396823,0.02270285512489819,0.019394566872396823,0.6274142995088469,0.20737985241163018,0.37102321178446546,0.019394566872396823,0.4528775623565484,0.1333314402311809,0.019394566872396823,0.019394566872396823,0.11713428340769343,0.019394566872396823,0.015729885505096554,0.01585103747195877,1.242500939582253,0.019394566872396823,0.024880470467686853,0.019394566872396823,0.019394566872396823,0.01514957347921251,0.018208413009709674,0.284342016815117,0.3405521432468819,1.0338143136371947,0.019394566872396823,0.019394566872396823,0.260457459766157,0.023236681880794818,0.019394566872396823,0.019394566872396823,0.021048154513403465,0.12762652262493285,0.08138313935598168,0.2822732223034881,0.19872043581729304,0.019394566872396823,0.019394566872396823,0.02130138792963534,0.038666706822258895,0.019619524449761404,0.5409666234459906,0.019394566872396823,0.1428750377483709,0.019394566872396823,0.3247314508614426,0.019394566872396823,0.019394566872396823,1.3625279883803063,0.1349487393598836,0.019490559975085243,0.01966830547902154,0.01969273677591276,0.019394566872396823,0.019394566872396823,0.014355246548938333
Croatia,0.0012063756017623075,0.6029764080781185,0.0,0.013928345931647858,0.8921649207677776,0.0,0.0,0.3516521656403747,0.047646031724779096,0.0,1.5145429351382818,0.35420550725041794,0.0,0.031091667754214115,0.03259455487435898,0.038783771959031065,0.019394566872396823,1.0,0.0,0.0,0.05456306374970722,0.02681873184283627,0.1267535480452785,0.0,0.0,0.0,0.014115265281813769,0.0,0.6406145530726498,0.2223435882885099,0.3842751059010338,0.0,0.4671828091368599,0.14715528832938066,0.0,0.0,0.13165229406007875,0.0,0.012680802099663178,0.0043058585262592385,1.2553823428087205,0.0,0.014074340751750208,0.0,0.0,0.009713035271213514,0.023146080614074,0.2983798794869999,0.3556291469933381,1.0483683345122619,0.0,0.0,0.2745512476428062,0.010090962062319244,0.0,0.0,0.024633856269894207,0.14157094844359702,0.09815419744523453,0.29706758439962183,0.2134776677194397,0.0,0.0,0.006197164560071746,0.031043863541031138,0.0008179555651719353,0.5554392844318322,0.0,0.1596323425196822,0.0,0.3395070304672123,0.0,0.0,1.373211250866366,0.1524342453419802,0.03806014978794935,0.0013355032480831714,0.001734478366095276,0.0,0.0,0.023492984323080175
Czech Republic,0.0012063756017623075,0.6029764080781185,0.0,0.013928345931647858,0.8921649207677776,0.0,0.0,0.3516521656403747,0.047646031724779096,0.0,1.5145429351382818,0.35420550725041794,0.0,0.031091667754214115,0.03259455487435898,0.038783771959031065,0.019394566872396823,0.0,1.0,0.0,0.05456306374970722,0.02681873184283627,0.1267535480452785,0.0,0.0,0.0,0.014115265281813769,0.0,0.6406145530726498,0.2223435882885099,0.3842751059010338,0.0,0.4671828091368599,0.14715528832938066,0.0,0.0,0.13165229406007875,0.0,0.012680802099663178,0.0043058585262592385,1.2553823428087205,0.0,0.014074340751750208,0.0,0.0,0.009713035271213514,0.023146080614074,0.2983798794869999,0.3556291469933381,1.0483683345122619,0.0,0.0,0.2745512476428062,0.010090962062319244,0.0,0.0,0.024633856269894207,0.14157094844359702,0.09815419744523453,0.29706758439962183,0.2134776677194397,0.0,0.0,0.006197164560071746,0.031043863541031138,0.0008179555651719353,0.5554392844318322,0.0,0.1596323425196822,0.0,0.3395070304672123,0.0,0.0,1.373211250866366,0.1524342453419802,0.03806014978794935,0.0013355032480831714,0.001734478366095276,0.0,0.0,0.023492984323080175
Denmark,0.0012063756017623075,0.6029764080781185,0.0,0.013928345931647858,0.8921649207677776,0.0,0.0,0.3516521656403747,0.047646031724779096,0.0,1.5145429351382818,0.35420550725041794,0.0,0.031091667754214115,0.03259455487435898,0.038783771959031065,0.019394566872396823,0.0,0.0,1.0,0.05456306374970722,0.02681873184283627,0.1267535480452785,0.0,0.0,0.0,0.014115265281813769,0.0,0.6406145530726498,0.2223435882885099,0.3842751059010338,0.0,0.4671828091368599,0.14715528832938066,0.0,0.0,0.13165229406007875,0.0,0.012680802099663178,0.0043058585262592385,1.2553823428087205,0.0,0.014074340751750208,0.0,0.0,0.009713035271213514,0.023146080614074,0.2983798794869999,0.3556291469933381,1.0483683345122619,0.0,0.0,0.2745512476428062,0.010090962062319244,0.0,0.0,0.024633856269894207,0.14157094844359702,0.09815419744523453,0.29706758439962183,0.2134776677194397,0.0,0.0,0.006197164560071746,0.031043863541031138,0.0008179555651719353,0.5554392844318322,0.0,0.1596323425196822,0.0,0.3395070304672123,0.0,0.0,1.373211250866366,0.1524342453419802,0.03806014978794935,0.0013355032480831714,0.001734478366095276,0.0,0.0,0.023492984323080175
Ecuador,0.055212739001506354,0.5550712081863199,0.05456306374970722,0.04443480731119297,0.8439598432386864,0.05456306374970722,0.05456306374970722,0.30297694378931195,0.01961261285790077,0.05456306374970722,1.4690379327875436,0.3033837776378565,0.05456306374970722,0.033580742797429994,0.025976558004057036,0.038356263073456416,0.040520153376896795,0.05456306374970722,0.05456306374970722,0.05456306374970722,1.0,0.03318175207079206,0.07588411124873853,0.05456306374970722,0.05456306374970722,0.05456306374970722,0.05332981358377572,0.05456306374970722,0.5904002604619731,0.17309172101176626,0.3334352620655428,0.05456306374970722,0.4163228799044184,0.09857480857701915,0.05456306374970722,0.05456306374970722,0.0828213249187168,0.05456306374970722,0.04603160833236106,0.051607607148743836,1.2114569603456802,0.05456306374970722,0.05713491256153002,0.05456306374970722,0.05456306374970722,0.04657855280700125,0.0380126136899722,0.25477811259601435,0.30730915637546274,0.9969495515436244,0.05456306374970722,0.05456306374970722,0.2316901465950259,0.054535786961306947,0.05456306374970722,0.05456306374970722,0.04099710751807674,0.09425949582227026,0.04849552389553811,0.24519216677953418,0.16743894135667917,0.05456306374970722,0.05456306374970722,0.05653033062596705,0.07001192871143912,0.05491293012360024,0.50390274847119,0.05456306374970722,0.11481421320133438,0.05456306374970722,0.29006802305458895,0.05456306374970722,0.05456306374970722,1.330805328141724,0.10954785027222043,0.032886295474694134,0.054559872527869153,0.054553116419127766,0.05456306374970722,0.05456306374970722,0.03269872015496268
"Egypt, Arab Rep.",0.027419019739648557,0.5814838225697149,0.02681873184283627,0.02007029907422971,0.8709903568655561,0.02681873184283627,0.02681873184283627,0.3302726387912484,0.028285192892133472,0.02681873184283627,1.495828857452346,0.332469012119988,0.02681873184283627,0.017866733397222452,0.01579081161124121,0.031908742172203956,0.01713620028452901,0.02681873184283627,0.02681873184283627,0.02681873184283627,0.03318175207079206,1.0,0.10594755074369383,0.02681873184283627,0.02681873184283627,0.02681873184283627,0.03020870727907622,0.02681873184283627,0.6207415833221047,0.2007421839167012,0.3622848523457103,0.02681873184283627,0.44551326779421274,0.127060899229275,0.02681873184283627,0.02681873184283627,0.11064905744827941,0.02681873184283627,0.019953138402026963,0.024071291228797892,1.2361176387489583,0.02681873184283627,0.03149528073392892,0.02681873184283627,0.02681873184283627,0.02070272936533222,0.014696229575259952,0.2781855921528248,0.33353094006797096,1.0255247455619392,0.02681873184283627,0.02681873184283627,0.2527468619502141,0.028661586823643188,0.02681873184283627,0.02681873184283627,0.022511731740092748,0.11984849258078334,0.07549922998788926,0.27439205491813795,0.19400896845175541,0.02681873184283627,0.02681873184283627,0.02901767134281433,0.04227162551292938,0.027126469171953268,0.5318331138991291,0.02681873184283627,0.13747449328671502,0.02681873184283627,0.3178470778368877,0.02681873184283627,0.02681873184283627,1.3565529037204778,0.1323175721637759,0.024599348329819914,0.02687228566506139,0.026874142877057496,0.02681873184283627,0.02681873184283627,0.014055999564172571
El Salvador,0.127445262423647,0.49413643976428095,0.1267535480452785,0.11565899811691664,0.7756858585523213,0.1267535480452785,0.1267535480452785,0.2399107220882277,0.08293486844351783,0.1267535480452785,1.401281097099442,0.23165807813744407,0.1267535480452785,0.1026173289240072,0.09640301584456189,0.10043507464143743,0.11169982998719213,0.1267535480452785,0.1267535480452785,0.1267535480452785,0.07588411124873853,0.10594755074369383,1.0,0.1267535480452785,0.1267535480452785,0.1267535480452785,0.12306083267325522,0.1267535480452785,0.522653069774839,0.10821140813655487,0.2653588235983472,0.1267535480452785,0.3497506508087497,0.04021238500807128,0.1267535480452785,0.1267535480452785,0.0309331093770088,0.1267535480452785,0.11819609883998028,0.12402907110093969,1.1457094633104496,0.1267535480452785,0.12746620533449773,0.1267535480452785,0.1267535480452785,0.11781840940735837,0.11007896324478829,0.20879748963999847,0.24793162936096852,0.9280363527396698,0.1267535480452785,0.1267535480452785,0.1766881095886403,0.12556346242352187,0.1267535480452785,0.1267535480452785,0.10878731217254162,0.05168210670389461,0.0498907605093167,0.17532682182111387,0.11152309018668757,0.1267535480452785,0.1267535480452785,0.12867680764248252,0.13784589754823656,0.12711714997782356,0.4378367129786438,0.1267535480452785,0.08933215672089181,0.1267535480452785,0.22610651703452833,0.1267535480452785,0.1267535480452785,1.2722750638814921,0.07978743633409116,0.10086117527528293,0.126647843651479,0.1266796778000257,0.1267535480452785,0.1267535480452785,0.1039754769955638
Estonia,0.0012063756017623075,0.6029764080781185,0.0,0.013928345931647858,0.8921649207677776,0.0,0.0,0.3516521656403747,0.047646031724779096,0.0,1.5145429351382818,0.35420550725041794,0.0,0.031091667754214115,0.03259455487435898,0.038783771959031065,0.019394566872396823,0.0,0.0,0.0,0.05456306374970722,0.02681873184283627,0.1267535480452785,1.0,0.0,0.0,0.014115265281813769,0.0,0.6406145530726498,0.2223435882885099,0.3842751059010338,0.0,0.4671828091368599,0.14715528832938066,0.0,0.0,0.13165229406007875,0.0,0.012680802099663178,0.0043058585262592385,1.2553823428087205,0.0,0.014074340751750208,0.0,0.0,0.009713035271213514,0.023146080614074,0.2983798794869999,0.3556291469933381,1.0483683345122619,0.0,0.0,0.2745512476428062,0.010090962062319244,0.0,0.0,0.024633856269894207,0.14157094844359702,0.09815419744523453,0.29706758439962183,0.2134776677194397,0.0,0.0,0.006197164560071746,0.031043863541031138,0.0008179555651719353,0.5554392844318322,0.0,0.1596323425196822,0.0,0.3395070304672123,0.0,0.0,1.373211250866366,0.1524342453419802,0.03806014978794935,0.0013355032480831714,0.001734478366095276,0.0,0.0,0.023492984323080175
Finland,0.0012063756017623075,0.6029764080781185,0.0,0.013928345931647858,0.8921649207677776,0.0,0.0,0.3516521656403747,0.047646031724779096,0.0,1.5145429351382818,0.35420550725041794,0.0,0.031091667754214115,0.03259455487435898,0.038783771959031065,0.019394566872396823,0.0,0.0,0.0,0.05456306374970722,0.02681873184283627,0.1267535480452785,0.0,1.0,0.0,0.014115265281813769,0.0,0.6406145530726498,0.2223435882885099,0.3842751059010338,0.0,0.4671828091368599,0.14715528832938066,0.0,0.0,0.13165229406007875,0.0,0.012680802099663178,0.0043058585262592385,1.2553823428087205,0.0,0.014074340751750208,0.0,0.0,0.009713035271213514,0.023146080614074,0.2983798794869999,0.3556291469933381,1.0483683345122619,0.0,0.0,0.2745512476428062,0.010090962062319244,0.0,0.0,0.024633856269894207,0.14157094844359702,0.09815419744523453,0.29706758439962183,0.2134776677194397,0.0,0.0,0.006197164560071746,0.031043863541031138,0.0008179555651719353,0.5554392844318322,0.0,0.1596323425196822,0.0,0.3395070304672123,0.0,0.0,1.373211250866366,0.1524342453419802,0.03806014978794935,0.0013355032480831714,0.001734478366095276,0.0,0.0,0.023492984323080175
France,0.0012063756017623075,0.6029764080781185,0.0,0.013928345931647858,0.8921649207677776,0.0,0.0,0.3516521656403747,0.047646031724779096,0.0,1.5145429351382818,0.35420550725041794,0.0,0.031091667754214115,0.03259455487435898,0.038783771959031065,0.019394566872396823,0.0,0.0,0.0,0.05456306374970722,0.02681873184283627,0.1267535480452785,0.0,0.0,1.0,0.014115265281813769,0.0,0.6406145530726498,0.2223435882885099,0.3842751059010338,0.0,0.4671828091368599,0.14715528832938066,0.0,0.0,0.13165229406007875,0.0,0.012680802099663178,0.0043058585262592385,1.2553823428087205,0.0,0.014074340751750208,0.0,0.0,0.009713035271213514,0.023146080614074,0.2983798794869999,0.3556291469933381,1.0483683345122619,0.0,0.0,0.2745512476428062,0.010090962062319244,0.0,0.0,0.024633856269894207,0.14157094844359702,0.09815419744523453,0.29706758439962183,0.2134776677194397,0.0,0.0,0.006197164560071746,0.031043863541031138,0.0008179555651719353,0.5554392844318322,0.0,0.1596323425196822,0.0,0.3395070304672123,0.0,0.0,1.373211250866366,0.1524342453419802,0.03806014978794935,0.0013355032480831714,0.001734478366095276,0.0,0.0,0.023492984323080175
Georgia,0.014362581461153719,0.5998328184277243,0.014115265281813769,0.016610598009672774,0.8890452427862283,0.014115265281813769,0.014115265281813769,0.34590829681798285,0.045802757229952515,0.014115265281813769,1.510771923965241,0.3510020659514681,0.014115265281813769,0.02913066614879118,0.031961341020658125,0.04096975832191861,0.02270285512489819,0.014115265281813769,0.014115265281813769,0.014115265281813769,0.05332981358377572,0.03020870727907622,0.12306083267325522,0.014115265281813769,0.014115265281813769,0.014115265281813769,1.0,0.014115265281813769,0.6348376761993033,0.2188951026250611,0.38056732619786915,0.014115265281813769,0.4644569748873701,0.14097371105927922,0.014115265281813769,0.014115265281813769,0.12882769586175696,0.014115265281813769,0.01570182428145281,0.014908404517130987,1.2531596790796862,0.014115265281813769,0.020403571690859535,0.014115265281813769,0.014115265281813769,0.01502415107916901,0.02704679367661582,0.30017365765784726,0.35182227886795536,1.0451303288161042,0.014115265281813769,0.014115265281813769,0.2708951037900826,0.01863937037882389,0.014115265281813769,0.014115265281813769,0.026317220427939794,0.13849751567628604,0.096132189585652,0.2931772000446203,0.21039455256440365,0.014115265281813769,0.014115265281813769,0.01582854942792961,0.035036442359395355,0.014224806501225703,0.55293172625675,0.014115265281813769,0.158124607896858,0.014115265281813769,0.3363725437680972,0.014115265281813769,0.014115265281813769,1.371361839329487,0.1495152598997471,0.03973096365510502,0.014284580003812915,0.01360081746978331,0.014115265281813769,0.014115265281813769,0.023388781023695227
Germany,0.0012063756017623075,0.6029764080781185,0.0,0.013928345931647858,0.8921649207677776,0.0,0.0,0.3516521656403747,0.047646031724779096,0.0,1.5145429351382818,0.35420550725041794,0.0,0.031091667754214115,0.03259455487435898,0.038783771959031065,0.019394566872396823,0.0,0.0,0.0,0.05456306374970722,0.02681873184283627,0.1267535480452785,0.0,0.0,0.0,0.014115265281813769,1.0,0.6406145530726498,0.2223435882885099,0.3842751059010338,0.0,0.4671828091368599,0.14715528832938066,0.0,0.0,0.13165229406007875,0.0,0.012680802099663178,0.0043058585262592385,1.2553823428087205,0.0,0.014074340751750208,0.0,0.0,0.009713035271213514,0.023146080614074,0.2983798794869999,0.3556291469933381,1.0483683345122619,0.0,0.0,0.2745512476428062,0.010090962062319244,0.0,0.0,0.024633856269894207,0.14157094844359702,0.09815419744523453,0.29706758439962183,0.2134776677194397,0.0,0.0,0.006197164560071746,0.031043863541031138,0.0008179555651719353,0.5554392844318322,0.0,0.1596323425196822,0.0,0.3395070304672123,0.0,0.0,1.373211250866366,0.1524342453419802,0.03806014978794935,0.0013355032480831714,0.001734478366095276,0.0,0.0,0.023492984323080175
