Country Name,Albania,Angola,Australia,Austria,Azerbaijan,Bangladesh,Belarus,Belgium,Bolivia,Brazil,Bulgaria,Burkina Faso,Cambodia,Cameroon,Canada,Chad,Chile,China,Colombia,Costa Rica,Croatia,Czech Republic,Denmark,Dominican Republic,Ecuador,"Egypt, Arab Rep.",El Salvador,Estonia,Finland,France,Germany,Ghana,Greece,Guatemala,Honduras,Hungary,India,Indonesia,"Iran, Islamic Rep.",Ireland,Israel,Italy,Jamaica,Japan,Jordan,Kazakhstan,Kenya,"Korea, Rep.",Kuwait,Kyrgyz Republic,Latvia,Lithuania,Madagascar,Mali,Mexico,Moldova,Mongolia,Morocco,Nepal,Netherlands,New Zealand,Nicaragua,Nigeria,North Macedonia,Norway,Oman,Pakistan,Panama,Paraguay,Peru,Philippines,Poland,Portugal,Romania,Russian Federation,Rwanda,Saudi Arabia,Senegal,Singapore,Slovak Republic,South Africa,Spain,Sri Lanka,Sweden,Switzerland,Tanzania,Thailand,Tunisia,Uganda,Ukraine,United Kingdom,United States,Uruguay
Albania,1.0,0.6964662292454754,0.0012220522414988625,0.0012220522414988625,0.01443834175052803,1.0045207989811669,0.0012220522414988625,0.0012220522414988625,0.38176100832788495,0.05094443132695044,0.0012220522414988625,0.6921999168314312,1.696413345241466,0.40309393035743485,0.0012220522414988625,1.0616706978882942,0.03225844769928256,0.03500166315035826,0.047933997090363466,0.020733041486570507,0.0012220522414988625,0.0012220522414988625,0.0012220522414988625,0.1438134438013128,0.06440894972908962,0.028480403746882543,0.15420664485091695,0.0012220522414988625,0.0012220522414988625,0.0012220522414988625,0.0012220522414988625,0.7045848618536276,0.0012220522414988625,0.25802050017976563,0.4182866750084571,0.0012220522414988625,0.5380160888939491,0.15867583845790512,0.025104879920611074,0.0012220522414988625,0.0012220522414988625,0.0012220522414988625,0.15533337424400406,0.0012220522414988625,0.01414911613489302,0.005023053915289639,1.4740847101883312,0.0012220522414988625,0.0012220522414988625,0.015124109780028566,0.0012220522414988625,0.0012220522414988625,0.8022468112176883,1.3715747817371107,0.025829629785362858,0.013042438194245108,0.36082254517024737,0.3752976279309608,1.0770558658584561,0.0012220522414988625,0.0012220522414988625,0.2077155114161871,0.2869646979021671,0.010650801128020297,0.0012220522414988625,0.0012226553123822557,0.04590314402305261,0.16540356694322614,0.10581328286692487,0.32884400512802914,0.24407074475941468,0.0012220522414988625,0.0012220522414988625,0.005644841311573529,0.031132554944673367,1.943339168183053,0.0007842266342737747,0.6300325256058718,0.0012220522414988625,0.0012220522414988625,0.16520655481958535,0.0012220522414988625,0.39756462536858816,0.0012220522414988625,0.0012220522414988625,1.5471559022969283,0.15672583957471703,0.03946534940006872,1.819415330720455,0.00201409636797305,0.0012220522414988625,0.0012220522414988625,0.02652491512538585
Angola,0.6964662292454754,1.0,0.6960888229303245,0.6960888229303245,0.6853016899927649,0.45236457964183896,0.6960888229303245,0.6960888229303245,0.40369206142527436,0.652126798607524,0.6960888229303245,0.4399125534751412,1.144291962943237,0.3724494743357412,0.6960888229303245,0.599239704336743,0.6724754955540836,0.6663540592837436,0.6646686018858702,0.6790236487007496,0.6960888229303245,0.6960888229303245,0.6960888229303245,0.5748181251391544,0.6378730789957572,0.6729815348371947,0.5593433357069498,0.6960888229303245,0.6960888229303245,0.6960888229303245,0.6960888229303245,0.35398278174457315,0.6960888229303245,0.46471586874379484,0.3852343215283992,0.6960888229303245,0.2936568424357556,0.5603607434277619,0.6757351376604829,0.6960888229303245,0.6960888229303245,0.6960888229303245,0.5564121926198196,0.6960888229303245,0.6864590617913704,0.6927606728130039,0.9326758284307848,0.6960888229303245,0.6960888229303245,0.6946786272381537,0.6960888229303245,0.6960888229303245,0.5634604447986127,0.7994469905479406,0.6754331642575423,0.6918819934337717,0.4332884794119393,0.41682282359719247,0.5274009108469103,0.6960888229303245,0.6960888229303245,0.5165041863995251,0.4907272847964136,0.695371523038782,0.6960888229303245,0.6960881586573879,0.6643383992209203,0.5536123896373595,0.6023596222723864,0.41977675326022856,0.49426917514065,0.6960888229303245,0.6960888229303245,0.6973653829641672,0.7031673108852182,1.4369319511578706,0.6963424690296789,0.3082840324766756,0.6960888229303245,0.6960888229303245,0.5634633501099929,0.6960888229303245,0.36230502982519713,0.6960888229303245,0.6960888229303245,1.058459977664912,0.5799011106181404,0.6653181426481293,1.317344211858477,0.6961330397234177,0.6960888229303245,0.6960888229303245,0.6729350192900738
Australia,0.0012220522414988625,0.6960888229303245,1.0,0.0,0.013954307420489948,1.0040584674594732,0.0,0.0,0.3812950718664516,0.05044046532328397,0.0,0.6916210699696924,1.6959354260276052,0.4025986966630942,0.0,1.0610332011589385,0.03172822913271231,0.034458433615643366,0.04756298287830758,0.020335872666396065,0.0,0.0,0.0,0.1433429086358347,0.06394595745199921,0.027971412448756696,0.15375315016906915,0.0,0.0,0.0,0.0,0.704155818474898,0.0,0.25754558230717295,0.417791095506383,0.0,0.5375217476194791,0.15814273389121988,0.024561281380320564,0.0,0.0,0.0,0.1548521758239754,0.0,0.013744723391284524,0.004552135434800676,1.473684581775519,0.0,0.0,0.014687863245658945,0.0,0.0,0.801811891758349,1.3712768917814264,0.02534147472643174,0.012752920614220689,0.3603969481871478,0.374808092331163,1.0764957805495892,0.0,0.0,0.20724127116959573,0.2864135590516349,0.0102541414503402,0.0,5.370080042776059e-06,0.04591289963086274,0.16490728156881793,0.10540616247404323,0.3283420382963396,0.2436044184104356,0.0,0.0,0.006213247145799419,0.031118917574234507,1.9428768801604106,0.000822374577770829,0.6296006131725034,0.0,0.0,0.16476997313030092,0.0,0.3970953718020822,0.0,0.0,1.5467251634802175,0.15630383409924753,0.03909672021983281,1.8190695320925587,0.001748832138154994,0.0,0.0,0.02595822967412176
Austria,0.0012220522414988625,0.6960888229303245,0.0,1.0,0.013954307420489948,1.0040584674594732,0.0,0.0,0.3812950718664516,0.05044046532328397,0.0,0.6916210699696924,1.6959354260276052,0.4025986966630942,0.0,1.0610332011589385,0.03172822913271231,0.034458433615643366,0.04756298287830758,0.020335872666396065,0.0,0.0,0.0,0.1433429086358347,0.06394595745199921,0.027971412448756696,0.15375315016906915,0.0,0.0,0.0,0.0,0.704155818474898,0.0,0.25754558230717295,0.417791095506383,0.0,0.5375217476194791,0.15814273389121988,0.024561281380320564,0.0,0.0,0.0,0.1548521758239754,0.0,0.013744723391284524,0.004552135434800676,1.473684581775519,0.0,0.0,0.014687863245658945,0.0,0.0,0.801811891758349,1.3712768917814264,0.02534147472643174,0.012752920614220689,0.3603969481871478,0.374808092331163,1.0764957805495892,0.0,0.0,0.20724127116959573,0.2864135590516349,0.0102541414503402,0.0,5.370080042776059e-06,0.04591289963086274,0.16490728156881793,0.10540616247404323,0.3283420382963396,0.2436044184104356,0.0,0.0,0.006213247145799419,0.031118917574234507,1.9428768801604106,0.000822374577770829,0.6296006131725034,0.0,0.0,0.16476997313030092,0.0,0.3970953718020822,0.0,0.0,1.5467251634802175,0.15630383409924753,0.03909672021983281,1.8190695320925587,0.001748832138154994,0.0,0.0,0.02595822967412176
Azerbaijan,0.01443834175052803,0.6853016899927649,0.013954307420489948,0.013954307420489948,1.0,0.9941870329545714,0.013954307420489948,0.013954307420489948,0.3709319652508907,0.039052619020598756,0.013954307420489948,0.6814136876096456,1.6868956297005049,0.39232830626255494,0.013954307420489948,1.0504007686817602,0.02330541939455706,0.02370971917139393,0.04353129100223828,0.013822457626228893,0.013954307420489948,0.013954307420489948,0.013954307420489948,0.13211569189552347,0.053703619599029896,0.02045858782007263,0.14310415527898987,0.013954307420489948,0.013954307420489948,0.013954307420489948,0.013954307420489948,0.693797758759199,0.013954307420489948,0.2466640796925611,0.4069612223831882,0.013954307420489948,0.5271732818595717,0.14677726757320098,0.015022091823521136,0.013954307420489948,0.013954307420489948,0.013954307420489948,0.14483093393458896,0.013954307420489948,0.009354883047107182,0.011617208758004845,1.4652957371913102,0.013954307420489948,0.013954307420489948,0.019971212552930693,0.013954307420489948,0.013954307420489948,0.7964310904858658,1.3615273936928463,0.01765260765975227,0.016864666404613766,0.3523049768197331,0.3639475766155566,1.0652410161652701,0.013954307420489948,0.013954307420489948,0.19724965541641173,0.2770919789294406,0.016648473827956752,0.013954307420489948,0.013953785536965585,0.041189813425119466,0.15544451035254833,0.09421403946260214,0.31677272695676734,0.2337227391513252,0.013954307420489948,0.013954307420489948,0.01617410342529625,0.03612069194795448,1.9350925446766014,0.014168204097689586,0.6190962684515042,0.013954307420489948,0.013954307420489948,0.1533597291137133,0.013954307420489948,0.384890389963169,0.013954307420489948,0.013954307420489948,1.539062873481137,0.14541232530206794,0.030842203552811927,1.812017916867724,0.013964796550572306,0.013954307420489948,0.013954307420489948,0.01603418126820155
Bangladesh,1.0045207989811669,0.45236457964183896,1.0040584674594732,1.0040584674594732,0.9941870329545714,1.0,1.0040584674594732,1.0040584674594732,0.6910165998314338,0.9627832914337416,1.0040584674594732,0.5338070405810972,0.7552509721478177,0.6211240439002109,1.0040584674594732,0.4539205532604131,0.9789252773450261,0.9753937200197544,0.9662217831938529,0.9889878361030896,1.0040584674594732,1.0040584674594732,1.0040584674594732,0.889861681353482,0.9462310393175838,0.9819074201272353,0.860140719138047,1.0040584674594732,1.0040584674594732,1.0040584674594732,1.0040584674594732,0.43730312649595965,1.0040584674594732,0.7569501385254002,0.6435107550112124,1.0040584674594732,0.5008907388308493,0.8629908118265583,0.9831723205833284,1.0040584674594732,1.0040584674594732,1.0040584674594732,0.8556107561991881,1.0040584674594732,0.9940909864488597,1.001519816589309,0.5919648840181589,1.0040584674594732,1.0040584674594732,1.000910675598603,1.0040584674594732,1.0040584674594732,0.5301927329140559,0.4919770914639417,0.9828408254159323,0.9993261234073312,0.6906086323081639,0.6995627328778253,0.3567711675279323,1.0040584674594732,1.0040584674594732,0.8040478507823696,0.7910766773618654,1.0024421024747376,1.0040584674594732,1.0040578900789727,0.9679961865271008,0.8491070460907707,0.9152644026026444,0.7089415236896641,0.7862199696518302,1.0040584674594732,1.0040584674594732,1.0052192901413952,1.0096807593338344,1.0535697729757654,1.004341782022054,0.4577350043884336,1.0040584674594732,1.0040584674594732,0.8884364665418183,1.0040584674594732,0.6523388647603203,1.0040584674594732,1.0040584674594732,0.7077688894923323,0.8909193804389293,0.977982698607248,0.9700437137728501,1.0037635848992463,1.0040584674594732,1.0040584674594732,0.980901133510102
Belarus,0.0012220522414988625,0.6960888229303245,0.0,0.0,0.013954307420489948,1.0040584674594732,1.0,0.0,0.3812950718664516,0.05044046532328397,0.0,0.6916210699696924,1.6959354260276052,0.4025986966630942,0.0,1.0610332011589385,0.03172822913271231,0.034458433615643366,0.04756298287830758,0.020335872666396065,0.0,0.0,0.0,0.1433429086358347,0.06394595745199921,0.027971412448756696,0.15375315016906915,0.0,0.0,0.0,0.0,0.704155818474898,0.0,0.25754558230717295,0.417791095506383,0.0,0.5375217476194791,0.15814273389121988,0.024561281380320564,0.0,0.0,0.0,0.1548521758239754,0.0,0.013744723391284524,0.004552135434800676,1.473684581775519,0.0,0.0,0.014687863245658945,0.0,0.0,0.801811891758349,1.3712768917814264,0.02534147472643174,0.012752920614220689,0.3603969481871478,0.374808092331163,1.0764957805495892,0.0,0.0,0.20724127116959573,0.2864135590516349,0.0102541414503402,0.0,5.370080042776059e-06,0.04591289963086274,0.16490728156881793,0.10540616247404323,0.3283420382963396,0.2436044184104356,0.0,0.0,0.006213247145799419,0.031118917574234507,1.9428768801604106,0.000822374577770829,0.6296006131725034,0.0,0.0,0.16476997313030092,0.0,0.3970953718020822,0.0,0.0,1.5467251634802175,0.15630383409924753,0.03909672021983281,1.8190695320925587,0.001748832138154994,0.0,0.0,0.02595822967412176
Belgium,0.0012220522414988625,0.6960888229303245,0.0,0.0,0.013954307420489948,1.0040584674594732,0.0,1.0,0.3812950718664516,0.05044046532328397,0.0,0.6916210699696924,1.6959354260276052,0.4025986966630942,0.0,1.0610332011589385,0.03172822913271231,0.034458433615643366,0.04756298287830758,0.020335872666396065,0.0,0.0,0.0,0.1433429086358347,0.06394595745199921,0.027971412448756696,0.15375315016906915,0.0,0.0,0.0,0.0,0.704155818474898,0.0,0.25754558230717295,0.417791095506383,0.0,0.5375217476194791,0.15814273389121988,0.024561281380320564,0.0,0.0,0.0,0.1548521758239754,0.0,0.013744723391284524,0.004552135434800676,1.473684581775519,0.0,0.0,0.014687863245658945,0.0,0.0,0.801811891758349,1.3712768917814264,0.02534147472643174,0.012752920614220689,0.3603969481871478,0.374808092331163,1.0764957805495892,0.0,0.0,0.20724127116959573,0.2864135590516349,0.0102541414503402,0.0,5.370080042776059e-06,0.04591289963086274,0.16490728156881793,0.10540616247404323,0.3283420382963396,0.2436044184104356,0.0,0.0,0.006213247145799419,0.031118917574234507,1.9428768801604106,0.000822374577770829,0.6296006131725034,0.0,0.0,0.16476997313030092,0.0,0.3970953718020822,0.0,0.0,1.5467251634802175,0.15630383409924753,0.03909672021983281,1.8190695320925587,0.001748832138154994,0.0,0.0,0.02595822967412176
Bolivia,0.38176100832788495,0.40369206142527436,0.3812950718664516,0.3812950718664516,0.3709319652508907,0.6910165998314338,0.3812950718664516,0.3812950718664516,1.0,0.3356368700969954,0.3812950718664516,0.39503574602567176,1.3927544796862987,0.15123757598383425,0.3812950718664516,0.7513279910692979,0.3530845636660545,0.3488570596170887,0.34870506790294326,0.36609329601856105,0.3812950718664516,0.3812950718664516,0.3812950718664516,0.24896693243160548,0.3232910402093262,0.3583436305966654,0.24632621967858237,0.3812950718664516,0.3812950718664516,0.3812950718664516,0.3812950718664516,0.3838370780384396,0.3812950718664516,0.19310901978161082,0.11914701151193746,0.3812950718664516,0.26387791262429355,0.23036132162539785,0.35818942092447026,0.3812950718664516,0.3812950718664516,0.3812950718664516,0.2486649817461947,0.3812950718664516,0.37153708449416933,0.37853106176264284,1.1963579242693,0.3812950718664516,0.3812950718664516,0.3816885265490986,0.3812950718664516,0.3812950718664516,0.6366337117113281,1.0532945192899184,0.3611218419140067,0.3740291722016579,0.2725120773062346,0.1731103242267097,0.7372992533237603,0.3812950718664516,0.3812950718664516,0.2160112991481719,0.20926732093806985,0.3806347246183419,0.3812950718664516,0.38129418059317155,0.3524272431011365,0.24512880755078173,0.2873330854884174,0.10334343098557487,0.18991581004890076,0.3812950718664516,0.3812950718664516,0.3824992977671304,0.3880828906426289,1.6712237432539205,0.38151420192799856,0.30804697278824034,0.3812950718664516,0.3812950718664516,0.2591200578269398,0.3812950718664516,0.19598086088891165,0.3812950718664516,0.3812950718664516,1.2937549518017495,0.26619228433658276,0.3541941015086281,1.5616960971041554,0.3810614133270536,0.3812950718664516,0.3812950718664516,0.3563472168594475
Brazil,0.05094443132695044,0.652126798607524,0.05044046532328397,0.05044046532328397,0.039052619020598756,0.9627832914337416,0.05044046532328397,0.05044046532328397,0.3356368700969954,1.0,0.05044046532328397,0.6483143172098503,1.6583685184209132,0.35798338917693695,0.05044046532328397,1.017109928434112,0.027763153441012763,0.01795181387269115,0.040774356521578216,0.03307997609729324,0.05044046532328397,0.05044046532328397,0.05044046532328397,0.09810699206139054,0.0260345760605293,0.02941569511818118,0.1104992347113406,0.05044046532328397,0.05044046532328397,0.05044046532328397,0.05044046532328397,0.661381411611195,0.05044046532328397,0.21463319983029852,0.37316022320686143,0.05044046532328397,0.49579490990702213,0.11262826111579212,0.028028248811457403,0.05044046532328397,0.05044046532328397,0.05044046532328397,0.11309571413806996,0.05044046532328397,0.04072922216499553,0.04699168383522409,1.4385916784532746,0.05044046532328397,0.05044046532328397,0.053250064999602456,0.05044046532328397,0.05044046532328397,0.775460664987829,1.3304231817354344,0.03430238333826264,0.04678855498963319,0.3255916504312434,0.32992354355552833,1.0306264022864722,0.05044046532328397,0.05044046532328397,0.1673714877343966,0.24453542770478887,0.05061277998498025,0.05044046532328397,0.05043981511100331,0.04539223850396574,0.12413459971325241,0.05782347422424535,0.28138086373106147,0.20216723420966765,0.05044046532328397,0.05044046532328397,0.051956848764952504,0.06404495412324455,1.9102719066875489,0.05067207817348411,0.5847975842856862,0.05044046532328397,0.05044046532328397,0.11999582532663615,0.05044046532328397,0.35123572270493425,0.05044046532328397,0.05044046532328397,1.5142447576692577,0.10951825400787461,0.023457845583041502,1.7882280808462807,0.05040328367454063,0.05044046532328397,0.05044046532328397,0.026263330337027598
Bulgaria,0.0012220522414988625,0.6960888229303245,0.0,0.0,0.013954307420489948,1.0040584674594732,0.0,0.0,0.3812950718664516,0.05044046532328397,1.0,0.6916210699696924,1.6959354260276052,0.4025986966630942,0.0,1.0610332011589385,0.03172822913271231,0.034458433615643366,0.04756298287830758,0.020335872666396065,0.0,0.0,0.0,0.1433429086358347,0.06394595745199921,0.027971412448756696,0.15375315016906915,0.0,0.0,0.0,0.0,0.704155818474898,0.0,0.25754558230717295,0.417791095506383,0.0,0.5375217476194791,0.15814273389121988,0.024561281380320564,0.0,0.0,0.0,0.1548521758239754,0.0,0.013744723391284524,0.004552135434800676,1.473684581775519,0.0,0.0,0.014687863245658945,0.0,0.0,0.801811891758349,1.3712768917814264,0.02534147472643174,0.012752920614220689,0.3603969481871478,0.374808092331163,1.0764957805495892,0.0,0.0,0.20724127116959573,0.2864135590516349,0.0102541414503402,0.0,5.370080042776059e-06,0.04591289963086274,0.16490728156881793,0.10540616247404323,0.3283420382963396,0.2436044184104356,0.0,0.0,0.006213247145799419,0.031118917574234507,1.9428768801604106,0.000822374577770829,0.6296006131725034,0.0,0.0,0.16476997313030092,0.0,0.3970953718020822,0.0,0.0,1.5467251634802175,0.15630383409924753,0.03909672021983281,1.8190695320925587,0.001748832138154994,0.0,0.0,0.02595822967412176
Burkina Faso,0.6921999168314312,0.4399125534751412,0.6916210699696924,0.6916210699696924,0.6814136876096456,0.5338070405810972,0.6916210699696924,0.6916210699696924,0.39503574602567176,0.6483143172098503,0.6916210699696924,1.0,1.1597060455664696,0.3617010905156387,0.6916210699696924,0.5697266779921146,0.6653622215041299,0.6612094473542728,0.6565118728709535,0.6767288247485159,0.6916210699696924,0.6916210699696924,0.6916210699696924,0.5761307826816424,0.6324024596264027,0.6688718937005517,0.5522500549033973,0.6916210699696924,0.6916210699696924,0.6916210699696924,0.6916210699696924,0.28345017041166287,0.6916210699696924,0.4839049253621068,0.34650145409896366,0.6916210699696924,0.32626734988292305,0.5518569485618973,0.6697735097772012,0.6916210699696924,0.6916210699696924,0.6916210699696924,0.56130732082995,0.6916210699696924,0.6819083720715925,0.6889197153849131,0.9806924119159147,0.6916210699696924,0.6916210699696924,0.6901854557138332,0.6916210699696924,0.6916210699696924,0.5928389134654702,0.8485078399890016,0.6713920784816858,0.6866739960498953,0.46573999898051494,0.4232228216854434,0.5051770348063311,0.6916210699696924,0.6916210699696924,0.5156210407764508,0.4729554763604463,0.6889875845791468,0.6916210699696924,0.6916202496442908,0.6612990283512432,0.5464021517066528,0.6013172820757964,0.40333343075956046,0.49224137877795343,0.6916210699696924,0.6916210699696924,0.6929424790899102,0.6974446101245084,1.4488463028145615,0.6918868514668306,0.27729825347280335,0.6916210699696924,0.6916210699696924,0.5639514700656763,0.6916210699696924,0.38476532671080954,0.6916210699696924,0.6916210699696924,1.0677407592724157,0.5770929940715804,0.6642900869276285,1.3792908677042515,0.6914005312960002,0.6916210699696924,0.6916210699696924,0.668003246747729
Cambodia,1.696413345241466,1.144291962943237,1.6959354260276052,1.6959354260276052,1.6868956297005049,0.7552509721478177,1.6959354260276052,1.6959354260276052,1.3927544796862987,1.6583685184209132,1.6959354260276052,1.1597060455664696,1.0,1.3292050586802517,1.6959354260276052,0.8841986544369447,1.6725078830644122,1.6694482002280309,1.6595690891840535,1.6824680656847881,1.6959354260276052,1.6959354260276052,1.6959354260276052,1.5887968009873568,1.6418648364895803,1.6764226494513983,1.558010771974707,1.6959354260276052,1.6959354260276052,1.6959354260276052,1.6959354260276052,1.0847542965571169,1.6959354260276052,1.4617620061833472,1.3388754780192251,1.6959354260276052,1.207149582154499,1.560823365814909,1.6762620295545283,1.6959354260276052,1.6959354260276052,1.6959354260276052,1.55644754630498,1.6959354260276052,1.6873134119382733,1.6937797402418977,0.4496905466820765,1.6959354260276052,1.6959354260276052,1.6925390971300478,1.6959354260276052,1.6959354260276052,1.105979636719365,0.5586793739458755,1.6764544153969267,1.691317041325649,1.3951669729124418,1.4023286904950418,0.8124285299910041,1.6959354260276052,1.6959354260276052,1.502399730182809,1.480034870976306,1.6936781712156876,1.6959354260276052,1.6959347566031047,1.6613507162477237,1.5478174289048965,1.61413697931808,1.4136217316754778,1.4839658782382892,1.6959354260276052,1.6959354260276052,1.697333710377735,1.7012199679348257,0.42990278953267863,1.6962448458465988,1.1603192197195171,1.6959354260276052,1.6959354260276052,1.5881336609698757,1.6959354260276052,1.3577527519858734,1.6959354260276052,1.6959354260276052,0.48486863121116314,1.5930285848433823,1.6730251725698724,0.6259348571552812,1.6956569780058175,1.6959354260276052,1.6959354260276052,1.6742581142251387
Cameroon,0.40309393035743485,0.3724494743357412,0.4025986966630942,0.4025986966630942,0.39232830626255494,0.6211240439002109,0.4025986966630942,0.4025986966630942,0.15123757598383425,0.35798338917693695,0.4025986966630942,0.3617010905156387,1.3292050586802517,1.0,0.4025986966630942,0.7143809291241296,0.3764285130681024,0.3715408104939954,0.3625548037857998,0.3864187723908893,0.4025986966630942,0.4025986966630942,0.4025986966630942,0.28541697105530267,0.3420873614831525,0.37962495376975414,0.25342964314617816,0.4025986966630942,0.4025986966630942,0.4025986966630942,0.4025986966630942,0.34273156447819825,0.4025986966630942,0.1643933765915494,0.11707842662255846,0.4025986966630942,0.18208955350292233,0.2566308648786416,0.3800361881445675,0.4025986966630942,0.4025986966630942,0.4025986966630942,0.25099093586502663,0.4025986966630942,0.3921924878484681,0.3998100067620116,1.1190992740244943,0.4025986966630942,0.4025986966630942,0.40073030963184664,0.4025986966630942,0.4025986966630942,0.550538246156894,0.9975744816989157,0.3811389642065479,0.39766170998436046,0.1799350379096963,0.1659106403666258,0.7020380795916518,0.4025986966630942,0.4025986966630942,0.20500861755818817,0.21936910192898376,0.40075394322659885,0.4025986966630942,0.4025979724803622,0.36783025407395975,0.24914504101246296,0.30913713792136777,0.11646754077475548,0.18627713936980791,0.4025986966630942,0.4025986966630942,0.404059822728833,0.4095418243675865,1.6016099016566,0.4028868404050461,0.26369817131026485,0.4025986966630942,0.4025986966630942,0.2892122756531549,0.4025986966630942,0.1357983886333016,0.4025986966630942,0.4025986966630942,1.204704576115073,0.2853181706632128,0.3741558837039,1.4920731972124996,0.4022894985388992,0.4025986966630942,0.4025986966630942,0.37795370132702893
Canada,0.0012220522414988625,0.6960888229303245,0.0,0.0,0.013954307420489948,1.0040584674594732,0.0,0.0,0.3812950718664516,0.05044046532328397,0.0,0.6916210699696924,1.6959354260276052,0.4025986966630942,1.0,1.0610332011589385,0.03172822913271231,0.034458433615643366,0.04756298287830758,0.020335872666396065,0.0,0.0,0.0,0.1433429086358347,0.06394595745199921,0.027971412448756696,0.15375315016906915,0.0,0.0,0.0,0.0,0.704155818474898,0.0,0.25754558230717295,0.417791095506383,0.0,0.5375217476194791,0.15814273389121988,0.024561281380320564,0.0,0.0,0.0,0.1548521758239754,0.0,0.013744723391284524,0.004552135434800676,1.473684581775519,0.0,0.0,0.014687863245658945,0.0,0.0,0.801811891758349,1.3712768917814264,0.02534147472643174,0.012752920614220689,0.3603969481871478,0.374808092331163,1.0764957805495892,0.0,0.0,0.20724127116959573,0.2864135590516349,0.0102541414503402,0.0,5.370080042776059e-06,0.04591289963086274,0.16490728156881793,0.10540616247404323,0.3283420382963396,0.2436044184104356,0.0,0.0,0.006213247145799419,0.031118917574234507,1.9428768801604106,0.000822374577770829,0.6296006131725034,0.0,0.0,0.16476997313030092,0.0,0.3970953718020822,0.0,0.0,1.5467251634802175,0.15630383409924753,0.03909672021983281,1.8190695320925587,0.001748832138154994,0.0,0.0,0.02595822967412176
Chad,1.0616706978882942,0.599239704336743,1.0610332011589385,1.0610332011589385,1.0504007686817602,0.4539205532604131,1.0610332011589385,1.0610332011589385,0.7513279910692979,1.017109928434112,1.0610332011589385,0.5697266779921146,0.8841986544369447,0.7143809291241296,1.0610332011589385,1.0,1.0348285652642164,1.0301051824009693,1.0287322438899078,1.0460646324789231,1.0610332011589385,1.0610332011589385,1.0610332011589385,0.9402059928016693,1.0061789918643078,1.037699783365295,0.9286123904821961,1.0610332011589385,1.0610332011589385,1.0610332011589385,1.0610332011589385,0.5431252862207808,1.0610332011589385,0.842006486095039,0.7045411998633742,1.0610332011589385,0.6570591251831261,0.9205226271197239,1.039123661606112,1.0610332011589385,1.0610332011589385,1.0610332011589385,0.9279221436807336,1.0610332011589385,1.0513682184777895,1.0585824481921369,0.8195737335918968,1.0610332011589385,1.0610332011589385,1.0602762400240011,1.0610332011589385,1.0610332011589385,0.8097648150880429,0.6739841699655974,1.0409321234265139,1.0557410373068083,0.8251742966215025,0.7517849837435959,0.3350007975900712,1.0610332011589385,1.0610332011589385,0.8851359531930653,0.8195695102414692,1.0590806774377854,1.0610332011589385,1.0610324585655961,1.0369408428270517,0.9195686596462656,0.9698429950623817,0.7691704712277917,0.8636843241997404,1.0610332011589385,1.0610332011589385,1.0625622711008644,1.0643958548903694,1.2445967883602262,1.061396544730814,0.5592729857216124,1.0610332011589385,1.0610332011589385,0.9368761375491107,1.0610332011589385,0.728660872442126,1.0610332011589385,1.0610332011589385,0.9458453628300831,0.9397008000560642,1.0341768971872476,1.194194589298402,1.0608533921725865,1.0610332011589385,1.0610332011589385,1.0375637034435579
Chile,0.03225844769928256,0.6724754955540836,0.03172822913271231,0.03172822913271231,0.02330541939455706,0.9789252773450261,0.03172822913271231,0.03172822913271231,0.3530845636660545,0.027763153441012763,0.03172822913271231,0.6653622215041299,1.6725078830644122,0.3764285130681024,0.03172822913271231,1.0348285652642164,1.0,0.014669313487887645,0.0398587567176493,0.022687944345603738,0.03172822913271231,0.03172822913271231,0.03172822913271231,0.119227927284475,0.040668338649404355,0.01675241522086295,0.12890576844592927,0.03172822913271231,0.03172822913271231,0.03172822913271231,0.03172822913271231,0.6782916323678919,0.03172822913271231,0.23122654346890623,0.3898774249169826,0.03172822913271231,0.5118665170878046,0.13032328666127327,0.01455264733455161,0.03172822913271231,0.03172822913271231,0.03172822913271231,0.13095753118177605,0.03172822913271231,0.023542025660243833,0.029566431426486312,1.4528646090926987,0.03172822913271231,0.03172822913271231,0.03602289264028669,0.03172822913271231,0.03172822913271231,0.7840113100243108,1.3470226653809592,0.02003696743947605,0.02654485502413897,0.34004718835855774,0.34641176454726,1.048561492796418,0.03172822913271231,0.03172822913271231,0.1822737780449698,0.2604529253955923,0.0328687870079834,0.03172822913271231,0.031728589994387595,0.03808308499647644,0.13856282408564233,0.07908540244442464,0.30022895000356564,0.21984841035556113,0.03172822913271231,0.03172822913271231,0.03360304050815567,0.047595276453468505,1.921739040895888,0.03195428333842446,0.6014443333692412,0.03172822913271231,0.03172822913271231,0.13951443544431053,0.03172822913271231,0.3708002238235311,0.03172822913271231,0.03172822913271231,1.5265531481492751,0.1305393216369874,0.02913899156382474,1.8003424077508092,0.031482132918885984,0.03172822913271231,0.03172822913271231,0.013394309351950105
China,0.03500166315035826,0.6663540592837436,0.034458433615643366,0.034458433615643366,0.02370971917139393,0.9753937200197544,0.034458433615643366,0.034458433615643366,0.3488570596170887,0.01795181387269115,0.034458433615643366,0.6612094473542728,1.6694482002280309,0.3715408104939954,0.034458433615643366,1.0301051824009693,0.014669313487887645,1.0,0.035609406855904496,0.020256419749333066,0.034458433615643366,0.034458433615643366,0.034458433615643366,0.11162973087779718,0.03430174545017086,0.015733585016667658,0.123415311129262,0.034458433615643366,0.034458433615643366,0.034458433615643366,0.034458433615643366,0.6744128037520977,0.034458433615643366,0.22773781023743686,0.38554818365910665,0.034458433615643366,0.5083207410006592,0.12584571891363205,0.012037061050505306,0.034458433615643366,0.034458433615643366,0.034458433615643366,0.12554379446950203,0.034458433615643366,0.02548019114466141,0.03139339450216748,1.4489690295198432,0.034458433615643366,0.034458433615643366,0.03864869225354909,0.034458433615643366,0.034458433615643366,0.7843276325595205,1.3427658917229393,0.019068250246180914,0.031297049367796516,0.3364214918924228,0.3430701543909174,1.0443918527074716,0.034458433615643366,0.034458433615643366,0.1787636881683654,0.25727331671735965,0.03479022029658193,0.034458433615643366,0.03445776246530236,0.03874046615306265,0.13610525966299541,0.07237780744764905,0.2952034751054354,0.2139168763032848,0.034458433615643366,0.034458433615643366,0.036200166943273576,0.050780998778605625,1.920078706313422,0.034698839870176454,0.5981288178410816,0.034458433615643366,0.034458433615643366,0.13351874895532045,0.034458433615643366,0.3659659030897849,0.034458433615643366,0.034458433615643366,1.5239931652771719,0.12543303589215163,0.021676134508923445,1.7976313805608453,0.03443331772176611,0.034458433615643366,0.034458433615643366,0.010018957100726459
Colombia,0.047933997090363466,0.6646686018858702,0.04756298287830758,0.04756298287830758,0.04353129100223828,0.9662217831938529,0.04756298287830758,0.04756298287830758,0.34870506790294326,0.040774356521578216,0.04756298287830758,0.6565118728709535,1.6595690891840535,0.3625548037857998,0.04756298287830758,1.0287322438899078,0.0398587567176493,0.035609406855904496,1.0,0.039470708774095725,0.04756298287830758,0.04756298287830758,0.04756298287830758,0.11604332173525897,0.039555367827318444,0.03720412379230973,0.11647261370871906,0.04756298287830758,0.04756298287830758,0.04756298287830758,0.04756298287830758,0.6679068974130441,0.04756298287830758,0.2227628102194048,0.38150956530733543,0.04756298287830758,0.5006444154607389,0.1279244602985497,0.03497482218765852,0.04756298287830758,0.04756298287830758,0.04756298287830758,0.11591247818996502,0.04756298287830758,0.041415255224003494,0.04602977560650854,1.435655353654388,0.04756298287830758,0.04756298287830758,0.046787783702789444,0.04756298287830758,0.04756298287830758,0.7693337320369924,1.3341478855587898,0.036551126396666224,0.04463421436379696,0.32319625796407564,0.3444119680606375,1.042526039643475,0.04756298287830758,0.04756298287830758,0.17062195811448697,0.2594975154444217,0.04505220246801545,0.04756298287830758,0.04756190086224742,0.03191920254096901,0.13150772325563737,0.08068378494017449,0.2933205242396786,0.2099618238110209,0.04756298287830758,0.04756298287830758,0.04916613954855748,0.0609496243396183,1.9077385616956353,0.047808236102963926,0.5919416602615034,0.04756298287830758,0.04756298287830758,0.14927311156713433,0.04756298287830758,0.3666262335300268,0.04756298287830758,0.04756298287830758,1.5091992063755673,0.1340100348867408,0.043369478509661746,1.783637324336887,0.047303577872139284,0.04756298287830758,0.04756298287830758,0.0334091518716428
Costa Rica,0.020733041486570507,0.6790236487007496,0.020335872666396065,0.020335872666396065,0.013822457626228893,0.9889878361030896,0.020335872666396065,0.020335872666396065,0.36609329601856105,0.03307997609729324,0.020335872666396065,0.6767288247485159,1.6824680656847881,0.3864187723908893,0.020335872666396065,1.0460646324789231,0.022687944345603738,0.020256419749333066,0.039470708774095725,1.0,0.020335872666396065,0.020335872666396065,0.020335872666396065,0.12838506672657465,0.048448844337719954,0.01703097568966622,0.13796994166541252,0.020335872666396065,0.020335872666396065,0.020335872666396065,0.020335872666396065,0.6896774981109436,0.020335872666396065,0.2416031822775856,0.40320430430587384,0.020335872666396065,0.5224583966419944,0.14291908138470957,0.01486164111221384,0.020335872666396065,0.020335872666396065,0.020335872666396065,0.1393073650663496,0.020335872666396065,0.015218063069651549,0.01652940023425408,1.4602176712263577,0.020335872666396065,0.020335872666396065,0.024792863693337188,0.020335872666396065,0.020335872666396065,0.7907320343900083,1.356661884013641,0.017860756699964314,0.022095866073859743,0.3456240450798907,0.3585271195591489,1.0606619971184685,0.020335872666396065,0.020335872666396065,0.19281830438807587,0.2709675058752736,0.023623343585014903,0.020335872666396065,0.020335907568774528,0.03901400419736182,0.14981578799080272,0.08745837371601846,0.31239061648561606,0.22776822062225405,0.020335872666396065,0.020335872666396065,0.022040284328606607,0.038849269404668894,1.9309960719053643,0.020525084333461785,0.6141103935406079,0.020335872666396065,0.020335872666396065,0.14701968088279552,0.020335872666396065,0.37984731205435324,0.020335872666396065,0.020335872666396065,1.534829586670402,0.13783928146890714,0.019687778364255802,1.8074332968482703,0.020554631399789608,0.020335872666396065,0.020335872666396065,0.014471759978277049
Croatia,0.0012220522414988625,0.6960888229303245,0.0,0.0,0.013954307420489948,1.0040584674594732,0.0,0.0,0.3812950718664516,0.05044046532328397,0.0,0.6916210699696924,1.6959354260276052,0.4025986966630942,0.0,1.0610332011589385,0.03172822913271231,0.034458433615643366,0.04756298287830758,0.020335872666396065,1.0,0.0,0.0,0.1433429086358347,0.06394595745199921,0.027971412448756696,0.15375315016906915,0.0,0.0,0.0,0.0,0.704155818474898,0.0,0.25754558230717295,0.417791095506383,0.0,0.5375217476194791,0.15814273389121988,0.024561281380320564,0.0,0.0,0.0,0.1548521758239754,0.0,0.013744723391284524,0.004552135434800676,1.473684581775519,0.0,0.0,0.014687863245658945,0.0,0.0,0.801811891758349,1.3712768917814264,0.02534147472643174,0.012752920614220689,0.3603969481871478,0.374808092331163,1.0764957805495892,0.0,0.0,0.20724127116959573,0.2864135590516349,0.0102541414503402,0.0,5.370080042776059e-06,0.04591289963086274,0.16490728156881793,0.10540616247404323,0.3283420382963396,0.2436044184104356,0.0,0.0,0.006213247145799419,0.031118917574234507,1.9428768801604106,0.000822374577770829,0.6296006131725034,0.0,0.0,0.16476997313030092,0.0,0.3970953718020822,0.0,0.0,1.5467251634802175,0.15630383409924753,0.03909672021983281,1.8190695320925587,0.001748832138154994,0.0,0.0,0.02595822967412176
Czech Republic,0.0012220522414988625,0.6960888229303245,0.0,0.0,0.013954307420489948,1.0040584674594732,0.0,0.0,0.3812950718664516,0.05044046532328397,0.0,0.6916210699696924,1.6959354260276052,0.4025986966630942,0.0,1.0610332011589385,0.03172822913271231,0.034458433615643366,0.04756298287830758,0.020335872666396065,0.0,1.0,0.0,0.1433429086358347,0.06394595745199921,0.027971412448756696,0.15375315016906915,0.0,0.0,0.0,0.0,0.704155818474898,0.0,0.25754558230717295,0.417791095506383,0.0,0.5375217476194791,0.15814273389121988,0.024561281380320564,0.0,0.0,0.0,0.1548521758239754,0.0,0.013744723391284524,0.004552135434800676,1.473684581775519,0.0,0.0,0.014687863245658945,0.0,0.0,0.801811891758349,1.3712768917814264,0.02534147472643174,0.012752920614220689,0.3603969481871478,0.374808092331163,1.0764957805495892,0.0,0.0,0.20724127116959573,0.2864135590516349,0.0102541414503402,0.0,5.370080042776059e-06,0.04591289963086274,0.16490728156881793,0.10540616247404323,0.3283420382963396,0.2436044184104356,0.0,0.0,0.006213247145799419,0.031118917574234507,1.9428768801604106,0.000822374577770829,0.6296006131725034,0.0,0.0,0.16476997313030092,0.0,0.3970953718020822,0.0,0.0,1.5467251634802175,0.15630383409924753,0.03909672021983281,1.8190695320925587,0.001748832138154994,0.0,0.0,0.02595822967412176
Denmark,0.0012220522414988625,0.6960888229303245,0.0,0.0,0.013954307420489948,1.0040584674594732,0.0,0.0,0.3812950718664516,0.05044046532328397,0.0,0.6916210699696924,1.6959354260276052,0.4025986966630942,0.0,1.0610332011589385,0.03172822913271231,0.034458433615643366,0.04756298287830758,0.020335872666396065,0.0,0.0,1.0,0.1433429086358347,0.06394595745199921,0.027971412448756696,0.15375315016906915,0.0,0.0,0.0,0.0,0.704155818474898,0.0,0.25754558230717295,0.417791095506383,0.0,0.5375217476194791,0.15814273389121988,0.024561281380320564,0.0,0.0,0.0,0.1548521758239754,0.0,0.013744723391284524,0.004552135434800676,1.473684581775519,0.0,0.0,0.014687863245658945,0.0,0.0,0.801811891758349,1.3712768917814264,0.02534147472643174,0.012752920614220689,0.3603969481871478,0.374808092331163,1.0764957805495892,0.0,0.0,0.20724127116959573,0.2864135590516349,0.0102541414503402,0.0,5.370080042776059e-06,0.04591289963086274,0.16490728156881793,0.10540616247404323,0.3283420382963396,0.2436044184104356,0.0,0.0,0.006213247145799419,0.031118917574234507,1.9428768801604106,0.000822374577770829,0.6296006131725034,0.0,0.0,0.16476997313030092,0.0,0.3970953718020822,0.0,0.0,1.5467251634802175,0.15630383409924753,0.03909672021983281,1.8190695320925587,0.001748832138154994,0.0,0.0,0.02595822967412176
Dominican Republic,0.1438134438013128,0.5748181251391544,0.1433429086358347,0.1433429086358347,0.13211569189552347,0.889861681353482,0.1433429086358347,0.1433429086358347,0.24896693243160548,0.09810699206139054,0.1433429086358347,0.5761307826816424,1.5887968009873568,0.28541697105530267,0.1433429086358347,0.9402059928016693,0.119227927284475,0.11162973087779718,0.11604332173525897,0.12838506672657465,0.1433429086358347,0.1433429086358347,0.1433429086358347,1.0,0.08994915941677174,0.12205547408588249,0.06711097090980658,0.1433429086358347,0.1433429086358347,0.1433429086358347,0.1433429086358347,0.5827016720020476,0.1433429086358347,0.15845407850067947,0.29183334923333876,0.1433429086358347,0.4241512872103369,0.05565644881772548,0.12061254131369484,0.1433429086358347,0.1433429086358347,0.1433429086358347,0.07321528453284532,0.1433429086358347,0.1344626133712697,0.1403658987532491,1.374085525178311,0.1433429086358347,0.1433429086358347,0.14370852695689387,0.1433429086358347,0.1433429086358347,0.7354891773705597,1.2561891529570401,0.12548248025986866,0.13716389246638117,0.28196880297509497,0.2692668216537662,0.9511418264461788,0.1433429086358347,0.1433429086358347,0.11620152666697339,0.19229223968148804,0.14229882390940363,0.1433429086358347,0.1433413550749886,0.12283322320370695,0.09266422783775292,0.06499335984427583,0.1987937172875302,0.1443427048419619,0.1433429086358347,0.1433429086358347,0.1445569254495965,0.1513643226936819,1.8489977713019037,0.1435779703351903,0.5068509719796213,0.1433429086358347,0.1433429086358347,0.09408057926465513,0.1433429086358347,0.2842058998823581,0.1433429086358347,0.1433429086358347,1.456391407360823,0.0931948671894813,0.11783560934211469,1.7282174079831552,0.14332920710894578,0.1433429086358347,0.1433429086358347,0.11908320174488228
