Country Name,Albania,Angola,Australia,Austria,Azerbaijan,Bangladesh,Belarus,Belgium,Bolivia,Brazil,Bulgaria,Burkina Faso,Cambodia,Cameroon,Canada,Chad,Chile,China,Colombia,Costa Rica,Croatia,Czech Republic,Denmark,Dominican Republic,Ecuador,"Egypt, Arab Rep.",El Salvador,Estonia,Finland,France,Germany,Ghana,Greece,Guatemala,Honduras,Hungary,India,Indonesia,"Iran, Islamic Rep.",Ireland,Israel,Italy,Jamaica,Japan,Jordan,Kazakhstan,Kenya,"Korea, Rep.",Kuwait,Kyrgyz Republic,Latvia,Lithuania,Madagascar,Mali,Mexico,Moldova,Mongolia,Morocco,Nepal,Netherlands,New Zealand,Nicaragua,Nigeria,North Macedonia,Norway,Oman,Pakistan,Panama,Paraguay,Peru,Philippines,Poland,Portugal,Romania,Russian Federation,Rwanda,Saudi Arabia,Senegal,Singapore,Slovak Republic,South Africa,Spain,Sri Lanka,Sweden,Switzerland,Tanzania,Thailand,Tunisia,Uganda,Ukraine,United Kingdom,United States,Uruguay
Albania,1.0,0.10031714040687101,0.0004557369364142814,0.0004557369364142814,0.0039427066398833276,0.08093069514834017,0.0004557369364142814,0.0004557369364142814,0.04476991106149638,0.00476342213116368,0.0004557369364142814,0.11518786487205511,0.14495482106359797,0.03199349392463402,0.0004557369364142814,0.14063455290498197,0.006966318675334106,0.0021204588104759884,0.012351365004630912,0.0033847588573845456,0.0004557369364142814,0.0004557369364142814,0.0004557369364142814,0.016659910360071403,0.006435859338547201,0.006505855042226447,0.012548999647690894,0.0004557369364142814,0.0004557369364142814,0.0004557369364142814,0.0004557369364142814,0.08926070562792315,0.0004557369364142814,0.027433902234748748,0.030838855884424164,0.0004557369364142814,0.053977878136037855,0.01655320660157461,0.0022998596608152216,0.0004557369364142814,0.0004557369364142814,0.0004557369364142814,0.014411694490687138,0.0004557369364142814,0.004876707772952253,0.0012865463992517284,0.1490202966846551,0.0004557369364142814,0.0004557369364142814,0.006493352276208013,0.0004557369364142814,0.0004557369364142814,0.16733852122549395,0.1482814722689223,0.005716136562045306,0.004917362205104646,0.05840356479737605,0.06471266986571887,0.08039329369113582,0.0004557369364142814,0.0004557369364142814,0.013223512244167537,0.0688503596422855,0.004546006839253617,0.0004557369364142814,0.00045574326409087833,0.007226783568536277,0.02009108640748645,0.008869847428241788,0.01822992934904561,0.036901439393043536,0.0004557369364142814,0.0004557369364142814,0.0026751950911926958,0.014107827333329607,0.20173252674805994,0.00035193238591977417,0.06679432624391773,0.0004557369364142814,0.0004557369364142814,0.021259468951848343,0.0004557369364142814,0.05157818825267896,0.0004557369364142814,0.0004557369364142814,0.1253810596268401,0.027819479520249584,0.006046893127976431,0.2077906613113218,0.0007927081332180089,0.0004557369364142814,0.0004557369364142814,0.0018607484933035724
Angola,0.10031714040687101,1.0,0.1004154024599946,0.1004154024599946,0.09935345882801243,0.10270887767134758,0.1004154024599946,0.1004154024599946,0.1067026496321927,0.09934666760607785,0.1004154024599946,0.18114561554376224,0.15994339110113567,0.1037502313526072,0.1004154024599946,0.18124526184016268,0.10254995458272571,0.0998617780855156,0.10237324138353163,0.09986197097395527,0.1004154024599946,0.1004154024599946,0.1004154024599946,0.0952414312800748,0.09962053313515569,0.1004563777946818,0.09731534750100031,0.1004154024599946,0.1004154024599946,0.1004154024599946,0.1004154024599946,0.14178603980120622,0.1004154024599946,0.08927042812827922,0.09993744019758906,0.1004154024599946,0.09394241590087471,0.09889845562598909,0.10066606165580859,0.1004154024599946,0.1004154024599946,0.1004154024599946,0.09589066362815807,0.1004154024599946,0.10051404521889601,0.10000295122735457,0.14525522138567085,0.1004154024599946,0.1004154024599946,0.10167186722816587,0.1004154024599946,0.1004154024599946,0.20379294828107378,0.1496233132834399,0.10033513949090427,0.10123952661562331,0.10951099358761734,0.11515670527417057,0.11730127278583068,0.1004154024599946,0.1004154024599946,0.09636253466909733,0.12126793088398284,0.0996813920453827,0.1004154024599946,0.10041480267797938,0.09965983580937081,0.10117901630250913,0.09905173874722578,0.0956851517259951,0.10619626186207944,0.1004154024599946,0.1004154024599946,0.10028551976585982,0.10725743003153951,0.22776643451943518,0.10038700526985825,0.1289592161006669,0.1004154024599946,0.1004154024599946,0.09525329984386757,0.1004154024599946,0.10065194835645783,0.1004154024599946,0.1004154024599946,0.15624121326860638,0.10916534060802818,0.09997317203764222,0.21904437606791183,0.10059833414995169,0.1004154024599946,0.1004154024599946,0.09999379718371493
Australia,0.0004557369364142814,0.1004154024599946,1.0,0.0,0.0039040601251856084,0.08089458857218028,0.0,0.0,0.044743512018149786,0.004715510321196325,0.0,0.114997709245152,0.1449497994106506,0.03199903346122423,0.0,0.1405753520882562,0.006880221328558856,0.0020529510062938573,0.01235605029637154,0.0033446648957107506,0.0,0.0,0.0,0.016624336321973663,0.006386375673819509,0.0064258586228999595,0.012539811057549774,0.0,0.0,0.0,0.0,0.08937218628843727,0.0,0.027458025811554005,0.030950974643050484,0.0,0.05386284144422576,0.016531888697952846,0.0022681218438658566,0.0,0.0,0.0,0.014364522854918713,0.0,0.004884811898175144,0.0011200149211833736,0.14901311892157842,0.0,0.0,0.006171820462488691,0.0,0.0,0.16713495093775485,0.14856422859495547,0.005617103548173852,0.004897269606330725,0.05826853485929371,0.06474627346844447,0.08029854752234947,0.0,0.0,0.013227421351409044,0.06886758276030706,0.004470711014262758,0.0,2.401572804077153e-06,0.00738410786472098,0.02003820396757341,0.009015729906670765,0.018213906304941456,0.03687105127826403,0.0,0.0,0.0027786460418021733,0.013916482150119277,0.2015491800660229,0.00027431783258930473,0.06678596118665726,0.0,0.0,0.02122475302339397,0.0,0.05160498090911584,0.0,0.0,0.12528509254023043,0.027820373741182146,0.006019329391763177,0.20765854520614255,0.0008204805760888039,0.0,0.0,0.0016893190520953665
Austria,0.0004557369364142814,0.1004154024599946,0.0,1.0,0.0039040601251856084,0.08089458857218028,0.0,0.0,0.044743512018149786,0.004715510321196325,0.0,0.114997709245152,0.1449497994106506,0.03199903346122423,0.0,0.1405753520882562,0.006880221328558856,0.0020529510062938573,0.01235605029637154,0.0033446648957107506,0.0,0.0,0.0,0.016624336321973663,0.006386375673819509,0.0064258586228999595,0.012539811057549774,0.0,0.0,0.0,0.0,0.08937218628843727,0.0,0.027458025811554005,0.030950974643050484,0.0,0.05386284144422576,0.016531888697952846,0.0022681218438658566,0.0,0.0,0.0,0.014364522854918713,0.0,0.004884811898175144,0.0011200149211833736,0.14901311892157842,0.0,0.0,0.006171820462488691,0.0,0.0,0.16713495093775485,0.14856422859495547,0.005617103548173852,0.004897269606330725,0.05826853485929371,0.06474627346844447,0.08029854752234947,0.0,0.0,0.013227421351409044,0.06886758276030706,0.004470711014262758,0.0,2.401572804077153e-06,0.00738410786472098,0.02003820396757341,0.009015729906670765,0.018213906304941456,0.03687105127826403,0.0,0.0,0.0027786460418021733,0.013916482150119277,0.2015491800660229,0.00027431783258930473,0.06678596118665726,0.0,0.0,0.02122475302339397,0.0,0.05160498090911584,0.0,0.0,0.12528509254023043,0.027820373741182146,0.006019329391763177,0.20765854520614255,0.0008204805760888039,0.0,0.0,0.0016893190520953665
Azerbaijan,0.0039427066398833276,0.09935345882801243,0.0039040601251856084,0.0039040601251856084,1.0,0.08066620851881143,0.0039040601251856084,0.0039040601251856084,0.046510794214768614,0.005798793528825003,0.0039040601251856084,0.1152897475479891,0.14459162812792734,0.03338933175835691,0.0039040601251856084,0.14058630638100653,0.008283294126185246,0.004086536725289756,0.015027826998702778,0.0052491659158415,0.0039040601251856084,0.0039040601251856084,0.0039040601251856084,0.016771833105977393,0.007495084850980409,0.008005142294745266,0.012643306945460661,0.0039040601251856084,0.0039040601251856084,0.0039040601251856084,0.0039040601251856084,0.08919514965219005,0.0039040601251856084,0.02597583805648975,0.031252252708603157,0.0039040601251856084,0.05268170835511899,0.016134438522853217,0.0043502678943733875,0.0039040601251856084,0.0039040601251856084,0.0039040601251856084,0.015356060831330695,0.0039040601251856084,0.005080970943433721,0.003982017385254872,0.14863222419788513,0.0039040601251856084,0.0039040601251856084,0.006535886621551523,0.0039040601251856084,0.0039040601251856084,0.16845715380406623,0.1484227704418097,0.005238815287677527,0.007840610839850406,0.058603884125147436,0.06447751361241592,0.07909220078404913,0.0039040601251856084,0.0039040601251856084,0.012608553217286253,0.0700780669543696,0.006056354210096987,0.0039040601251856084,0.0039041953118329554,0.008309731380758625,0.021656426889502006,0.009718898129845494,0.016992264216248713,0.036696263768596,0.0039040601251856084,0.0039040601251856084,0.004791926469248788,0.01445372481043045,0.20133521903856064,0.0039136856969282496,0.06770243384955128,0.0039040601251856084,0.0039040601251856084,0.01928935378363682,0.0039040601251856084,0.048308910575281326,0.0039040601251856084,0.0039040601251856084,0.12511245030598542,0.028133447578913437,0.007476263158535214,0.20814801679403366,0.003979676926083462,0.0039040601251856084,0.0039040601251856084,0.003952379772746037
Bangladesh,0.08093069514834017,0.10270887767134758,0.08089458857218028,0.08089458857218028,0.08066620851881143,1.0,0.08089458857218028,0.08089458857218028,0.08325952909709193,0.07953468833310126,0.08089458857218028,0.14637838467169298,0.12323750694687087,0.06926256065305605,0.08089458857218028,0.1436341541153159,0.07930490057517911,0.08030128994197025,0.08115293585527693,0.07982352472730013,0.08089458857218028,0.08089458857218028,0.08089458857218028,0.08381330411652603,0.08044089787772736,0.08015403299352318,0.07870387330048291,0.08089458857218028,0.08089458857218028,0.08089458857218028,0.08089458857218028,0.125502330588933,0.08089458857218028,0.06580551182512394,0.08610711423389592,0.08089458857218028,0.07805456011453159,0.07655820619922739,0.0807390058746122,0.08089458857218028,0.08089458857218028,0.08089458857218028,0.07533195458165992,0.08089458857218028,0.07965548347239083,0.08096528028316943,0.1406135415525931,0.08089458857218028,0.08089458857218028,0.08153594984009016,0.08089458857218028,0.08089458857218028,0.15161555143305377,0.1661695600871097,0.08013100372959274,0.08040047106262306,0.08444574679854504,0.07786515762732887,0.09900257858719895,0.08089458857218028,0.08089458857218028,0.07438326145791563,0.11001880234546582,0.08252022132413726,0.08089458857218028,0.08089534099324634,0.08101080343741499,0.07551720188117338,0.07725901866869984,0.07422874359901682,0.08853590766087586,0.08089458857218028,0.08089458857218028,0.08004370549354872,0.08636774618733756,0.18523905312517908,0.08085003142344989,0.09430130895976559,0.08089458857218028,0.08089458857218028,0.08146081994754628,0.08089458857218028,0.0825520065181997,0.08089458857218028,0.08089458857218028,0.14074109910982016,0.0755123837307468,0.0799066399408376,0.19987376157514594,0.08076865868970128,0.08089458857218028,0.08089458857218028,0.08017325997615718
Belarus,0.0004557369364142814,0.1004154024599946,0.0,0.0,0.0039040601251856084,0.08089458857218028,1.0,0.0,0.044743512018149786,0.004715510321196325,0.0,0.114997709245152,0.1449497994106506,0.03199903346122423,0.0,0.1405753520882562,0.006880221328558856,0.0020529510062938573,0.01235605029637154,0.0033446648957107506,0.0,0.0,0.0,0.016624336321973663,0.006386375673819509,0.0064258586228999595,0.012539811057549774,0.0,0.0,0.0,0.0,0.08937218628843727,0.0,0.027458025811554005,0.030950974643050484,0.0,0.05386284144422576,0.016531888697952846,0.0022681218438658566,0.0,0.0,0.0,0.014364522854918713,0.0,0.004884811898175144,0.0011200149211833736,0.14901311892157842,0.0,0.0,0.006171820462488691,0.0,0.0,0.16713495093775485,0.14856422859495547,0.005617103548173852,0.004897269606330725,0.05826853485929371,0.06474627346844447,0.08029854752234947,0.0,0.0,0.013227421351409044,0.06886758276030706,0.004470711014262758,0.0,2.401572804077153e-06,0.00738410786472098,0.02003820396757341,0.009015729906670765,0.018213906304941456,0.03687105127826403,0.0,0.0,0.0027786460418021733,0.013916482150119277,0.2015491800660229,0.00027431783258930473,0.06678596118665726,0.0,0.0,0.02122475302339397,0.0,0.05160498090911584,0.0,0.0,0.12528509254023043,0.027820373741182146,0.006019329391763177,0.20765854520614255,0.0008204805760888039,0.0,0.0,0.0016893190520953665
Belgium,0.0004557369364142814,0.1004154024599946,0.0,0.0,0.0039040601251856084,0.08089458857218028,0.0,1.0,0.044743512018149786,0.004715510321196325,0.0,0.114997709245152,0.1449497994106506,0.03199903346122423,0.0,0.1405753520882562,0.006880221328558856,0.0020529510062938573,0.01235605029637154,0.0033446648957107506,0.0,0.0,0.0,0.016624336321973663,0.006386375673819509,0.0064258586228999595,0.012539811057549774,0.0,0.0,0.0,0.0,0.08937218628843727,0.0,0.027458025811554005,0.030950974643050484,0.0,0.05386284144422576,0.016531888697952846,0.0022681218438658566,0.0,0.0,0.0,0.014364522854918713,0.0,0.004884811898175144,0.0011200149211833736,0.14901311892157842,0.0,0.0,0.006171820462488691,0.0,0.0,0.16713495093775485,0.14856422859495547,0.005617103548173852,0.004897269606330725,0.05826853485929371,0.06474627346844447,0.08029854752234947,0.0,0.0,0.013227421351409044,0.06886758276030706,0.004470711014262758,0.0,2.401572804077153e-06,0.00738410786472098,0.02003820396757341,0.009015729906670765,0.018213906304941456,0.03687105127826403,0.0,0.0,0.0027786460418021733,0.013916482150119277,0.2015491800660229,0.00027431783258930473,0.06678596118665726,0.0,0.0,0.02122475302339397,0.0,0.05160498090911584,0.0,0.0,0.12528509254023043,0.027820373741182146,0.006019329391763177,0.20765854520614255,0.0008204805760888039,0.0,0.0,0.0016893190520953665
Bolivia,0.04476991106149638,0.1067026496321927,0.044743512018149786,0.044743512018149786,0.046510794214768614,0.08325952909709193,0.044743512018149786,0.044743512018149786,1.0,0.044360370815129724,0.044743512018149786,0.1166223781088268,0.14043706511406254,0.04259765546178482,0.044743512018149786,0.15644349553248735,0.04293518305894268,0.044156698984530965,0.04516040581687127,0.04474060765565276,0.044743512018149786,0.044743512018149786,0.044743512018149786,0.04337959388186926,0.0441071392877373,0.04585776722989058,0.04309789073998834,0.044743512018149786,0.044743512018149786,0.044743512018149786,0.044743512018149786,0.07963104326672801,0.044743512018149786,0.05055521213209598,0.04296293540557801,0.044743512018149786,0.06584416316706551,0.035214410596317344,0.044552429803540856,0.044743512018149786,0.044743512018149786,0.044743512018149786,0.043000334148075095,0.044743512018149786,0.04498622024512765,0.04484994105708074,0.1527354818454318,0.044743512018149786,0.044743512018149786,0.04590540822116497,0.044743512018149786,0.044743512018149786,0.16256648446931365,0.15330552512630985,0.04543586680294045,0.04171523949761091,0.08187521279143321,0.06738368551937644,0.09288149902402129,0.044743512018149786,0.044743512018149786,0.04012637668615469,0.0778214957229155,0.046450821764290724,0.044743512018149786,0.04474390361994641,0.04404041273417267,0.043016464065580164,0.04409572252201277,0.041566787513455106,0.04273581104231554,0.044743512018149786,0.044743512018149786,0.04486120324160831,0.047510563730437,0.19062055216709495,0.04473900414899733,0.07897807948749787,0.044743512018149786,0.044743512018149786,0.04908050077865361,0.044743512018149786,0.07711029525379938,0.044743512018149786,0.044743512018149786,0.13310356235393128,0.048636926387878573,0.04488479616327078,0.20006151642959974,0.044558319369295815,0.044743512018149786,0.044743512018149786,0.044043455721316835
Brazil,0.00476342213116368,0.09934666760607785,0.004715510321196325,0.004715510321196325,0.005798793528825003,0.07953468833310126,0.004715510321196325,0.004715510321196325,0.044360370815129724,1.0,0.004715510321196325,0.11405763529668067,0.1448126042152873,0.029391461814510935,0.004715510321196325,0.13966707867393902,0.008234668488999087,0.0035225092767470806,0.01164021215506926,0.0032372419857745233,0.004715510321196325,0.004715510321196325,0.004715510321196325,0.015543262401915888,0.006014347121726213,0.007564844443506286,0.010294737254414668,0.004715510321196325,0.004715510321196325,0.004715510321196325,0.004715510321196325,0.08859034123882088,0.004715510321196325,0.026220870547236985,0.031292626651155855,0.004715510321196325,0.053261774755966114,0.01596493338955142,0.0043213548591328095,0.004715510321196325,0.004715510321196325,0.004715510321196325,0.012258165617089757,0.004715510321196325,0.00625601787363063,0.004336168897814757,0.14895749149150825,0.004715510321196325,0.004715510321196325,0.007663273451336651,0.004715510321196325,0.004715510321196325,0.16644111300931272,0.14796875366622367,0.007929139886203924,0.006492964264739241,0.05728886633882502,0.0639894520156543,0.07885923036382794,0.004715510321196325,0.004715510321196325,0.013003402567281355,0.06836265650125771,0.006098376057839358,0.004715510321196325,0.004715486769377603,0.008625603756791531,0.019261068558893556,0.007041448789508234,0.016702063476788476,0.03715069805882,0.004715510321196325,0.004715510321196325,0.005384311491144414,0.014799544036182886,0.20131091616423996,0.004726461968541498,0.0655382642323847,0.004715510321196325,0.004715510321196325,0.021111885905258643,0.004715510321196325,0.05053303353837263,0.004715510321196325,0.004715510321196325,0.12452378860841996,0.025026686275985505,0.0034641118030491716,0.20723043650901432,0.00481070426810418,0.004715510321196325,0.004715510321196325,0.003922787181251006
Bulgaria,0.0004557369364142814,0.1004154024599946,0.0,0.0,0.0039040601251856084,0.08089458857218028,0.0,0.0,0.044743512018149786,0.004715510321196325,1.0,0.114997709245152,0.1449497994106506,0.03199903346122423,0.0,0.1405753520882562,0.006880221328558856,0.0020529510062938573,0.01235605029637154,0.0033446648957107506,0.0,0.0,0.0,0.016624336321973663,0.006386375673819509,0.0064258586228999595,0.012539811057549774,0.0,0.0,0.0,0.0,0.08937218628843727,0.0,0.027458025811554005,0.030950974643050484,0.0,0.05386284144422576,0.016531888697952846,0.0022681218438658566,0.0,0.0,0.0,0.014364522854918713,0.0,0.004884811898175144,0.0011200149211833736,0.14901311892157842,0.0,0.0,0.006171820462488691,0.0,0.0,0.16713495093775485,0.14856422859495547,0.005617103548173852,0.004897269606330725,0.05826853485929371,0.06474627346844447,0.08029854752234947,0.0,0.0,0.013227421351409044,0.06886758276030706,0.004470711014262758,0.0,2.401572804077153e-06,0.00738410786472098,0.02003820396757341,0.009015729906670765,0.018213906304941456,0.03687105127826403,0.0,0.0,0.0027786460418021733,0.013916482150119277,0.2015491800660229,0.00027431783258930473,0.06678596118665726,0.0,0.0,0.02122475302339397,0.0,0.05160498090911584,0.0,0.0,0.12528509254023043,0.027820373741182146,0.006019329391763177,0.20765854520614255,0.0008204805760888039,0.0,0.0,0.0016893190520953665
Burkina Faso,0.11518786487205511,0.18114561554376224,0.114997709245152,0.114997709245152,0.1152897475479891,0.14637838467169298,0.114997709245152,0.114997709245152,0.1166223781088268,0.11405763529668067,0.114997709245152,1.0,0.1849323798397529,0.1159573867113343,0.114997709245152,0.16158982520552212,0.11399951928274153,0.11457800388895123,0.11409786067319803,0.11497033274056546,0.114997709245152,0.114997709245152,0.114997709245152,0.11302735301861662,0.11123025306376641,0.11365085727607219,0.11044508712980242,0.114997709245152,0.114997709245152,0.114997709245152,0.114997709245152,0.12154013122938898,0.114997709245152,0.12322909658700598,0.1197513576566319,0.114997709245152,0.12787242399519813,0.11458186065965148,0.1146865641252967,0.114997709245152,0.114997709245152,0.114997709245152,0.11676561792805397,0.114997709245152,0.11488503736035223,0.11500422599363061,0.17870466157987394,0.114997709245152,0.114997709245152,0.1135816095441409,0.114997709245152,0.114997709245152,0.1686383831506937,0.2163125311610412,0.11412738535617216,0.11458849489331749,0.12683750708105465,0.13635266175064073,0.1270608561597744,0.114997709245152,0.114997709245152,0.11373953357746801,0.1231280785035288,0.11464118719596092,0.114997709245152,0.1149977099653727,0.11524615053033538,0.10935429118216457,0.11381882991851024,0.10942324424093991,0.11732411989271796,0.114997709245152,0.114997709245152,0.11502915617504347,0.11088317359812504,0.21251027701824451,0.11506733869215045,0.11311920026123456,0.114997709245152,0.114997709245152,0.11291375777970585,0.114997709245152,0.12363668986564139,0.114997709245152,0.114997709245152,0.14474745222447657,0.11643900175535846,0.11407154973436598,0.22685078845030987,0.11500158210445115,0.114997709245152,0.114997709245152,0.11471573799338643
Cambodia,0.14495482106359797,0.15994339110113567,0.1449497994106506,0.1449497994106506,0.14459162812792734,0.12323750694687087,0.1449497994106506,0.1449497994106506,0.14043706511406254,0.1448126042152873,0.1449497994106506,0.1849323798397529,1.0,0.13986403160258526,0.1449497994106506,0.16464257910417132,0.14390950073180356,0.1447279443608627,0.1481840111854082,0.14403357255967478,0.1449497994106506,0.1449497994106506,0.1449497994106506,0.14363403913143527,0.14651215024207517,0.14786409529791358,0.1409254935047197,0.1449497994106506,0.1449497994106506,0.1449497994106506,0.1449497994106506,0.15410338130347032,0.1449497994106506,0.13666295263524056,0.14563422603155612,0.1449497994106506,0.14948975770417638,0.13845622762226675,0.14415956575233332,0.1449497994106506,0.1449497994106506,0.1449497994106506,0.14594514532743863,0.1449497994106506,0.14635962168335465,0.14520774647890747,0.1465710936752661,0.1449497994106506,0.1449497994106506,0.14560665787527036,0.1449497994106506,0.1449497994106506,0.19192807732520956,0.19902755314181125,0.14576304094851797,0.14443773008012775,0.16346645112332278,0.14346513609708186,0.1637090580067146,0.1449497994106506,0.1449497994106506,0.13654641925873082,0.14891366053066413,0.14620554658247137,0.1449497994106506,0.1449501753704468,0.14490748057939062,0.14176161021583497,0.14263616307765972,0.13929584317839652,0.13738512977507691,0.1449497994106506,0.1449497994106506,0.1447250647635299,0.14694429734199663,0.12764763889812197,0.14496268679737842,0.16328898227828378,0.1449497994106506,0.1449497994106506,0.14254160441004296,0.1449497994106506,0.13618894895130593,0.1449497994106506,0.1449497994106506,0.17034893328523099,0.14169602350679256,0.1446866730546725,0.23623281370769533,0.14498430819364228,0.1449497994106506,0.1449497994106506,0.14448991874596265
Cameroon,0.03199349392463402,0.1037502313526072,0.03199903346122423,0.03199903346122423,0.03338933175835691,0.06926256065305605,0.03199903346122423,0.03199903346122423,0.04259765546178482,0.029391461814510935,0.03199903346122423,0.1159573867113343,0.13986403160258526,1.0,0.03199903346122423,0.1414543437706122,0.03268502769503114,0.0310292633112499,0.02521137338608993,0.029892103313710953,0.03199903346122423,0.03199903346122423,0.03199903346122423,0.03444117948073273,0.03081075741770699,0.03244206903920772,0.026712187316925377,0.03199903346122423,0.03199903346122423,0.03199903346122423,0.03199903346122423,0.08646026203266761,0.03199903346122423,0.03564992887862825,0.0392347454103258,0.03199903346122423,0.060951389921560545,0.030963426426869604,0.0315150713910788,0.03199903346122423,0.03199903346122423,0.03199903346122423,0.022266353841067454,0.03199903346122423,0.031211149956217557,0.031942290529515464,0.1411087499422402,0.03199903346122423,0.03199903346122423,0.033477812926005074,0.03199903346122423,0.03199903346122423,0.16503038858933156,0.1453578523549267,0.03250250041129832,0.03133406486847605,0.06031845160747733,0.059471914909013414,0.08647349539413736,0.03199903346122423,0.03199903346122423,0.0301735311621614,0.07520670108940031,0.03349000669827245,0.03199903346122423,0.03199956680258283,0.03111929985813609,0.035190227531587556,0.02755699991290506,0.03008374440900905,0.04019657341640982,0.03199903346122423,0.03199903346122423,0.03211744041934628,0.03550551588956248,0.19760888480660974,0.03200035033759731,0.06491556169208496,0.03199903346122423,0.03199903346122423,0.04290530030812863,0.03199903346122423,0.06161732924550796,0.03199903346122423,0.03199903346122423,0.12112325698970311,0.0243327143595256,0.028209085694321387,0.20265900233945816,0.031792519541926696,0.03199903346122423,0.03199903346122423,0.031244758822564566
Canada,0.0004557369364142814,0.1004154024599946,0.0,0.0,0.0039040601251856084,0.08089458857218028,0.0,0.0,0.044743512018149786,0.004715510321196325,0.0,0.114997709245152,0.1449497994106506,0.03199903346122423,1.0,0.1405753520882562,0.006880221328558856,0.0020529510062938573,0.01235605029637154,0.0033446648957107506,0.0,0.0,0.0,0.016624336321973663,0.006386375673819509,0.0064258586228999595,0.012539811057549774,0.0,0.0,0.0,0.0,0.08937218628843727,0.0,0.027458025811554005,0.030950974643050484,0.0,0.05386284144422576,0.016531888697952846,0.0022681218438658566,0.0,0.0,0.0,0.014364522854918713,0.0,0.004884811898175144,0.0011200149211833736,0.14901311892157842,0.0,0.0,0.006171820462488691,0.0,0.0,0.16713495093775485,0.14856422859495547,0.005617103548173852,0.004897269606330725,0.05826853485929371,0.06474627346844447,0.08029854752234947,0.0,0.0,0.013227421351409044,0.06886758276030706,0.004470711014262758,0.0,2.401572804077153e-06,0.00738410786472098,0.02003820396757341,0.009015729906670765,0.018213906304941456,0.03687105127826403,0.0,0.0,0.0027786460418021733,0.013916482150119277,0.2015491800660229,0.00027431783258930473,0.06678596118665726,0.0,0.0,0.02122475302339397,0.0,0.05160498090911584,0.0,0.0,0.12528509254023043,0.027820373741182146,0.006019329391763177,0.20765854520614255,0.0008204805760888039,0.0,0.0,0.0016893190520953665
Chad,0.14063455290498197,0.18124526184016268,0.1405753520882562,0.1405753520882562,0.14058630638100653,0.1436341541153159,0.1405753520882562,0.1405753520882562,0.15644349553248735,0.13966707867393902,0.1405753520882562,0.16158982520552212,0.16464257910417132,0.1414543437706122,0.1405753520882562,1.0,0.1401339813468123,0.14004522814425874,0.14145698787345617,0.14009088062468145,0.1405753520882562,0.1405753520882562,0.1405753520882562,0.140386808346894,0.14084142996671647,0.13861433156204034,0.1408705381071571,0.1405753520882562,0.1405753520882562,0.1405753520882562,0.1405753520882562,0.16009191855748361,0.1405753520882562,0.14318767685328096,0.14765885666824746,0.1405753520882562,0.16675504773213898,0.142696197282972,0.1402533395797231,0.1405753520882562,0.1405753520882562,0.1405753520882562,0.14215234265753687,0.1405753520882562,0.14078807798375279,0.14084757616564345,0.1706233793744585,0.1405753520882562,0.1405753520882562,0.14094303023300953,0.1405753520882562,0.1405753520882562,0.20336141384221862,0.20384864078508183,0.14060825821825002,0.1404890712261848,0.15613042173510716,0.15337814666743385,0.13955846334782993,0.1405753520882562,0.1405753520882562,0.1402021869833655,0.1211997922248086,0.1406720737061422,0.1405753520882562,0.14057535324409842,0.14376645606341792,0.13569919635355204,0.13822597569320672,0.13996724248163384,0.14979738924986363,0.1405753520882562,0.1405753520882562,0.14055196603468037,0.13635589620253918,0.24242640364678397,0.14065155323916653,0.14293254307320338,0.1405753520882562,0.1405753520882562,0.14234898466783874,0.1405753520882562,0.14007873116131067,0.1405753520882562,0.1405753520882562,0.18165983624248047,0.14040902474654168,0.14005808237913925,0.23065170808174815,0.14055210222512446,0.1405753520882562,0.1405753520882562,0.14073957338720694
Chile,0.006966318675334106,0.10254995458272571,0.006880221328558856,0.006880221328558856,0.008283294126185246,0.07930490057517911,0.006880221328558856,0.006880221328558856,0.04293518305894268,0.008234668488999087,0.006880221328558856,0.11399951928274153,0.14390950073180356,0.03268502769503114,0.006880221328558856,0.1401339813468123,1.0,0.006873711788330862,0.01599230724473822,0.008121141646034991,0.006880221328558856,0.006880221328558856,0.006880221328558856,0.020836832493342665,0.009202325972557044,0.007828102788138634,0.015358215517575033,0.006880221328558856,0.006880221328558856,0.006880221328558856,0.006880221328558856,0.08846566337984242,0.006880221328558856,0.02553421421390319,0.029773709820921822,0.006880221328558856,0.05253633587587129,0.015520538962164782,0.007001071604519287,0.006880221328558856,0.006880221328558856,0.006880221328558856,0.017076786074884612,0.006880221328558856,0.0076842430791307795,0.007310146191623926,0.15084598657486314,0.006880221328558856,0.006880221328558856,0.00939452816481554,0.006880221328558856,0.006880221328558856,0.163975179663296,0.14922635758946187,0.008873833358681152,0.005572756226857177,0.058638271693841226,0.06186334293972227,0.07701613067330665,0.006880221328558856,0.006880221328558856,0.012821946325686851,0.06690611804975448,0.009268820403939422,0.006880221328558856,0.006881647007560749,0.009473460573997191,0.0167620833214815,0.010447346374983691,0.018069679093026054,0.03935285574019916,0.006880221328558856,0.006880221328558856,0.007753875820919625,0.014706651731505701,0.19898488378419413,0.006897206530406637,0.06321929059080814,0.006880221328558856,0.006880221328558856,0.021256542309151177,0.006880221328558856,0.051229810157001614,0.006880221328558856,0.006880221328558856,0.12474837238617245,0.026236391533257113,0.009888522227020597,0.20785948864515538,0.006714899653875546,0.006880221328558856,0.006880221328558856,0.00653128748872807
China,0.0021204588104759884,0.0998617780855156,0.0020529510062938573,0.0020529510062938573,0.004086536725289756,0.08030128994197025,0.0020529510062938573,0.0020529510062938573,0.044156698984530965,0.0035225092767470806,0.0020529510062938573,0.11457800388895123,0.1447279443608627,0.0310292633112499,0.0020529510062938573,0.14004522814425874,0.006873711788330862,1.0,0.012264260733582978,0.0032190281141558385,0.0020529510062938573,0.0020529510062938573,0.0020529510062938573,0.016053226132964702,0.005739886400424837,0.006284271501226995,0.011755132653248533,0.0020529510062938573,0.0020529510062938573,0.0020529510062938573,0.0020529510062938573,0.08893868238764155,0.0020529510062938573,0.026830207013908095,0.03016821385059596,0.0020529510062938573,0.05338063446730012,0.01593009033029133,0.0022707727258544927,0.0020529510062938573,0.0020529510062938573,0.0020529510062938573,0.013641848721452974,0.0020529510062938573,0.004930703037104342,0.0020495808507132755,0.14878469831446678,0.0020529510062938573,0.0020529510062938573,0.006684617749301742,0.0020529510062938573,0.0020529510062938573,0.16728229576657364,0.148009945893885,0.0055596558784573235,0.005339774307493925,0.05803228365289244,0.06410917291744613,0.07920888655314404,0.0020529510062938573,0.0020529510062938573,0.012640998745311787,0.06865483852567181,0.0047197097942624855,0.0020529510062938573,0.0020529579709640255,0.007523572912522696,0.019693075150917297,0.007879041512732846,0.016852113533931203,0.03641582106990994,0.0020529510062938573,0.0020529510062938573,0.003454776643991019,0.014067092210859763,0.201504099200191,0.0020711972642699816,0.06610048965431857,0.0020529510062938573,0.0020529510062938573,0.020442825961412215,0.0020529510062938573,0.05104038073064057,0.0020529510062938573,0.0020529510062938573,0.12485141295860773,0.027030655015741638,0.005294076761317274,0.20739496993508577,0.0022333654417028923,0.0020529510062938573,0.0020529510062938573,0.0014439853365077185
Colombia,0.012351365004630912,0.10237324138353163,0.01235605029637154,0.01235605029637154,0.015027826998702778,0.08115293585527693,0.01235605029637154,0.01235605029637154,0.04516040581687127,0.01164021215506926,0.01235605029637154,0.11409786067319803,0.1481840111854082,0.02521137338608993,0.01235605029637154,0.14145698787345617,0.01599230724473822,0.012264260733582978,1.0,0.011442252974378843,0.01235605029637154,0.01235605029637154,0.01235605029637154,0.018803236112237946,0.01195365422791967,0.012985726151357874,0.013801951368326872,0.01235605029637154,0.01235605029637154,0.01235605029637154,0.01235605029637154,0.09126457443304971,0.01235605029637154,0.03259664616251086,0.03283887881074213,0.01235605029637154,0.057469534949093785,0.02346246305394848,0.012510212569693351,0.01235605029637154,0.01235605029637154,0.01235605029637154,0.011132696039763128,0.01235605029637154,0.013524389877168521,0.012223344247978345,0.14770996336275907,0.01235605029637154,0.01235605029637154,0.014466135064901292,0.01235605029637154,0.01235605029637154,0.16696294208384097,0.14842343814501066,0.014569581476376542,0.01269895006700424,0.05546364526032079,0.06648386473900492,0.084592241386762,0.01235605029637154,0.01235605029637154,0.020558725638886468,0.07014004526111875,0.012296223814275637,0.01235605029637154,0.012355694367284405,0.013475977884660388,0.023718981241287955,0.01329702181813313,0.022475810048016437,0.03960156731747609,0.01235605029637154,0.01235605029637154,0.012703980737450753,0.01882614594754847,0.20474470002104941,0.012366354981335372,0.06399033726198144,0.01235605029637154,0.01235605029637154,0.030718845887241372,0.01235605029637154,0.05930504731633397,0.01235605029637154,0.01235605029637154,0.12421785918540179,0.027335926780679146,0.0107548165572245,0.2070682828557071,0.012425359094547431,0.01235605029637154,0.01235605029637154,0.01236861669355962
Costa Rica,0.0033847588573845456,0.09986197097395527,0.0033446648957107506,0.0033446648957107506,0.0052491659158415,0.07982352472730013,0.0033446648957107506,0.0033446648957107506,0.04474060765565276,0.0032372419857745233,0.0033446648957107506,0.11497033274056546,0.14403357255967478,0.029892103313710953,0.0033446648957107506,0.14009088062468145,0.008121141646034991,0.0032190281141558385,0.011442252974378843,1.0,0.0033446648957107506,0.0033446648957107506,0.0033446648957107506,0.016377384882183127,0.007106159583032668,0.007584838092610996,0.011093027710336016,0.0033446648957107506,0.0033446648957107506,0.0033446648957107506,0.0033446648957107506,0.08943460062957426,0.0033446648957107506,0.02693173529295054,0.03168620806065523,0.0033446648957107506,0.054003038384303266,0.016473376222736192,0.0033407868495678433,0.0033446648957107506,0.0033446648957107506,0.0033446648957107506,0.012921897334611377,0.0033446648957107506,0.006096453570151727,0.0030779869401740658,0.14798231198613385,0.0033446648957107506,0.0033446648957107506,0.00682358762883734,0.0033446648957107506,0.0033446648957107506,0.16645732607954639,0.148238648888223,0.0073048907200758,0.006109029511003246,0.05744654879453883,0.06447949225496977,0.08059420707867082,0.0033446648957107506,0.0033446648957107506,0.013284094383532206,0.06839057513979323,0.005993819849471874,0.0033446648957107506,0.0033446925780365247,0.00785395340013578,0.019956125380216575,0.0077826031163480665,0.018056770751364616,0.0363943284795499,0.0033446648957107506,0.0033446648957107506,0.004338530927014114,0.014252580759773996,0.20093892163652302,0.0033544915939501883,0.06677442933003223,0.0033446648957107506,0.0033446648957107506,0.021387989084839663,0.0033446648957107506,0.051031143806911025,0.0033446648957107506,0.0033446648957107506,0.12532924516231958,0.02582074403964132,0.003382965847811947,0.20732273256026962,0.0034899328717939624,0.0033446648957107506,0.0033446648957107506,0.0031905059768195447
Croatia,0.0004557369364142814,0.1004154024599946,0.0,0.0,0.0039040601251856084,0.08089458857218028,0.0,0.0,0.044743512018149786,0.004715510321196325,0.0,0.114997709245152,0.1449497994106506,0.03199903346122423,0.0,0.1405753520882562,0.006880221328558856,0.0020529510062938573,0.01235605029637154,0.0033446648957107506,1.0,0.0,0.0,0.016624336321973663,0.006386375673819509,0.0064258586228999595,0.012539811057549774,0.0,0.0,0.0,0.0,0.08937218628843727,0.0,0.027458025811554005,0.030950974643050484,0.0,0.05386284144422576,0.016531888697952846,0.0022681218438658566,0.0,0.0,0.0,0.014364522854918713,0.0,0.004884811898175144,0.0011200149211833736,0.14901311892157842,0.0,0.0,0.006171820462488691,0.0,0.0,0.16713495093775485,0.14856422859495547,0.005617103548173852,0.004897269606330725,0.05826853485929371,0.06474627346844447,0.08029854752234947,0.0,0.0,0.013227421351409044,0.06886758276030706,0.004470711014262758,0.0,2.401572804077153e-06,0.00738410786472098,0.02003820396757341,0.009015729906670765,0.018213906304941456,0.03687105127826403,0.0,0.0,0.0027786460418021733,0.013916482150119277,0.2015491800660229,0.00027431783258930473,0.06678596118665726,0.0,0.0,0.02122475302339397,0.0,0.05160498090911584,0.0,0.0,0.12528509254023043,0.027820373741182146,0.006019329391763177,0.20765854520614255,0.0008204805760888039,0.0,0.0,0.0016893190520953665
Czech Republic,0.0004557369364142814,0.1004154024599946,0.0,0.0,0.0039040601251856084,0.08089458857218028,0.0,0.0,0.044743512018149786,0.004715510321196325,0.0,0.114997709245152,0.1449497994106506,0.03199903346122423,0.0,0.1405753520882562,0.006880221328558856,0.0020529510062938573,0.01235605029637154,0.0033446648957107506,0.0,1.0,0.0,0.016624336321973663,0.006386375673819509,0.0064258586228999595,0.012539811057549774,0.0,0.0,0.0,0.0,0.08937218628843727,0.0,0.027458025811554005,0.030950974643050484,0.0,0.05386284144422576,0.016531888697952846,0.0022681218438658566,0.0,0.0,0.0,0.014364522854918713,0.0,0.004884811898175144,0.0011200149211833736,0.14901311892157842,0.0,0.0,0.006171820462488691,0.0,0.0,0.16713495093775485,0.14856422859495547,0.005617103548173852,0.004897269606330725,0.05826853485929371,0.06474627346844447,0.08029854752234947,0.0,0.0,0.013227421351409044,0.06886758276030706,0.004470711014262758,0.0,2.401572804077153e-06,0.00738410786472098,0.02003820396757341,0.009015729906670765,0.018213906304941456,0.03687105127826403,0.0,0.0,0.0027786460418021733,0.013916482150119277,0.2015491800660229,0.00027431783258930473,0.06678596118665726,0.0,0.0,0.02122475302339397,0.0,0.05160498090911584,0.0,0.0,0.12528509254023043,0.027820373741182146,0.006019329391763177,0.20765854520614255,0.0008204805760888039,0.0,0.0,0.0016893190520953665
Denmark,0.0004557369364142814,0.1004154024599946,0.0,0.0,0.0039040601251856084,0.08089458857218028,0.0,0.0,0.044743512018149786,0.004715510321196325,0.0,0.114997709245152,0.1449497994106506,0.03199903346122423,0.0,0.1405753520882562,0.006880221328558856,0.0020529510062938573,0.01235605029637154,0.0033446648957107506,0.0,0.0,1.0,0.016624336321973663,0.006386375673819509,0.0064258586228999595,0.012539811057549774,0.0,0.0,0.0,0.0,0.08937218628843727,0.0,0.027458025811554005,0.030950974643050484,0.0,0.05386284144422576,0.016531888697952846,0.0022681218438658566,0.0,0.0,0.0,0.014364522854918713,0.0,0.004884811898175144,0.0011200149211833736,0.14901311892157842,0.0,0.0,0.006171820462488691,0.0,0.0,0.16713495093775485,0.14856422859495547,0.005617103548173852,0.004897269606330725,0.05826853485929371,0.06474627346844447,0.08029854752234947,0.0,0.0,0.013227421351409044,0.06886758276030706,0.004470711014262758,0.0,2.401572804077153e-06,0.00738410786472098,0.02003820396757341,0.009015729906670765,0.018213906304941456,0.03687105127826403,0.0,0.0,0.0027786460418021733,0.013916482150119277,0.2015491800660229,0.00027431783258930473,0.06678596118665726,0.0,0.0,0.02122475302339397,0.0,0.05160498090911584,0.0,0.0,0.12528509254023043,0.027820373741182146,0.006019329391763177,0.20765854520614255,0.0008204805760888039,0.0,0.0,0.0016893190520953665
