Country Name,Albania,Angola,Australia,Azerbaijan,Bangladesh,Belarus,Belgium,Bolivia,Brazil,Bulgaria,Cambodia,Cameroon,Canada,Chile,China,Colombia,Costa Rica,Croatia,Czech Republic,Denmark,Ecuador,"Egypt, Arab Rep.",El Salvador,Estonia,Finland,France,Georgia,Germany,Ghana,Guatemala,Honduras,Hungary,India,Indonesia,Israel,Italy,Jamaica,Japan,Jordan,Kazakhstan,Kenya,"Korea, Rep.",Kyrgyz Republic,Latvia,Lithuania,Malaysia,Mexico,Mongolia,Morocco,Nepal,Netherlands,New Zealand,Nigeria,North Macedonia,Norway,Oman,Pakistan,Panama,Paraguay,Peru,Philippines,Poland,Portugal,Romania,Russian Federation,Saudi Arabia,Senegal,Slovak Republic,South Africa,Spain,Sri Lanka,Sweden,Switzerland,Tanzania,Thailand,Tunisia,Turkey,Ukraine,United Kingdom,United States,Uruguay
Albania,1.0,0.6555082962642601,1.1988818332472295,0.6324185579440473,0.8299619068308325,0.4945178912829575,1.8270639558210784,0.8481356325799232,0.6886543098693794,0.8254463544439371,1.4088843638660495,1.516998813316132,1.3292436861145522,0.9257351164147773,0.5715850126725149,0.8953894819432073,1.5568047924804254,1.2047476104367907,1.649144423544913,1.2003955850517496,0.8602174679512377,1.4252809989761703,1.4421549190495206,1.5890172923128822,1.578895849622379,1.5608907717862774,1.2693966683030917,1.5929660326570831,1.2882263074319154,1.5908327256528263,1.7287340098750088,1.1516056251169011,1.9466943063128315,1.189805739489683,1.9583703203608471,1.3456985997249635,1.4875393152363072,1.6224525513828096,0.5140575061681966,0.6217682557957835,1.7539958622777234,1.1045741899888986,1.9237327164173927,1.5774897028406194,1.6178397946883252,1.9353209516359176,1.490458816797488,1.121110662448711,1.0447223617274572,1.3738572666784608,1.432835016331774,1.259983192030518,0.6713500356732839,2.0117775425704583,1.72214144266772,1.3328734303861043,1.4745476533597348,1.1831560118128261,1.487186399957451,1.028329692918586,0.833791527929268,1.9783346313639407,0.951311046499161,1.713846717455521,0.8081477533755271,1.2409324849724117,0.7181211958974473,1.4055969595805728,0.732509797999827,1.0623754987169107,1.09398809536391,1.8764909597999344,2.0214106554650013,2.5848656893709787,1.394856607559888,0.8048004548124311,1.6017160314416252,0.8393198517457361,1.4383973511912882,1.4507411265320214,1.1537100061418528
Angola,0.6555082962642601,1.0,1.5806924919125314,0.6727054139101848,1.3534297822696932,0.7122613235179236,1.7891076598087932,1.527964572127892,0.8260607181951145,1.02610336469518,1.512852607989879,1.2270566467555544,1.6160789849291206,1.4723912709561104,0.5913255403157225,1.1463787787108162,1.8158585167765948,1.1145363130696253,1.326682059080712,1.2628283561232856,1.030123098288363,1.1086195630510178,1.838549105025719,1.5453358247828268,1.5249991631848643,1.6149313935448608,1.9334904818458274,1.8660533462636428,1.1707100977355027,2.2897669486774355,1.7780354203829845,1.0334447811286203,1.9051869874855734,1.3162642593972724,2.959545379908665,1.364343462692349,1.2539355060270587,1.5317144296019414,0.5259428002070299,1.1866001372432013,2.4554619915690963,1.6250269286205639,1.843212181500371,1.4041342512774144,1.555823174574206,2.3138104014463097,2.1707011006260135,1.3985342403830676,1.4777105970480169,1.4765610202681974,1.4589370126925612,1.018603981795876,0.8490034723236024,1.4470420758217126,1.5671305258027806,1.5955027377514839,1.190245616723827,1.505181171474027,1.6287962416062027,0.9786682200894874,1.172822094724531,1.5497676165925516,1.0563203777024643,1.3181561338423031,1.302693170863131,1.9856492921460982,0.82314440903531,1.4171510804908942,0.8767351599086091,1.098868114777822,1.4280518717534434,1.8785110150878643,2.210482414299689,1.728555801887861,1.5627970301571839,0.9539332495977016,2.1792674185382146,1.3615224755525241,1.2851887116306522,1.3763265160206073,1.2452773167249231
Australia,1.1988818332472295,1.5806924919125314,1.0,1.0630198392914878,1.5526391981703058,0.9989028250277082,1.3433710902611304,1.8577061282556333,1.1431593578883013,1.0889030216697206,1.8162197411545262,1.5728330809218058,1.8193436705873844,1.3726525630653779,0.9850523322671279,1.4612356387734038,1.2753030808435413,1.3651064259450867,1.4065583769510588,1.414490401472238,1.4814526077518548,1.5003643169313365,1.3988281756496879,2.0184549854500475,1.5131276010426664,1.8353325038083794,1.6810231893079264,1.3788055964736656,1.3564968666732642,1.62833377675493,1.5066891261467903,1.3103915718659214,2.0115357217030465,1.553904207038872,3.3027820780238186,1.4637053087350993,1.5391033938783152,1.4511047934321721,0.9198868273287686,1.4456180684924256,1.6692613717227893,1.3736739859586429,1.3235957249824857,2.0097358625430735,1.749092036490746,1.3676643218208169,1.2323894683013565,1.9155589202355625,1.159256629378467,1.2272236501898688,1.62228600689754,1.4940139041038496,1.1037578413397433,1.6281253737606536,1.7382600239636437,1.605281321332162,1.6750821481356581,1.522158049932803,1.6720990203610795,1.2066387249260524,1.2366599716658875,1.507022685347813,1.3753987323720094,1.4751864001543615,1.298778939009512,1.415936315479398,1.1883407983674903,1.2186323797912193,1.1970231619577294,1.3306689964421323,1.2513147270605434,1.242067165467004,1.6060994751925,1.8159239068961335,1.2300052718631935,1.0692166594084993,1.96187272832662,1.4345531082275496,1.4384600927230609,1.4926853087078407,1.9183528201140099
Azerbaijan,0.6324185579440473,0.6727054139101848,1.0630198392914878,1.0,1.1039125574848496,0.6064794089999991,1.645404436246066,1.3510451513734256,0.7144192410736836,0.8888630597161725,1.1836230170209658,1.020809251424759,1.326828198901421,1.0882153527204501,0.39313565757468166,0.9154538169989022,1.3071342568847837,0.9319427764818132,1.0062095307697725,0.990525477834436,0.965600197797972,0.7569893220958275,1.4036358090628935,1.1825948213678887,1.3928975637385748,1.4031477394938354,1.382243759473957,1.7689958916628077,0.9530737800931947,1.2292420288304153,1.396018380830699,0.902666636747362,1.9552706925655883,1.1949016634379064,3.3758280230966204,1.205458205353571,1.0404840535326194,1.4862211926373652,0.44675764601321266,0.9115997055891706,2.1561514071613628,1.5345858245547523,2.0136798193106618,1.0399037606996184,1.318401131280433,2.2155075183479696,1.5961553498192922,1.0899196772798199,1.3119257504653266,1.5683653114123808,1.1313911674499342,0.8379689624031564,0.8135595652971925,1.452022873346833,1.3062919510916196,1.4154682878168823,0.9184848955736173,1.2713558603065147,2.4341137894915787,0.9691468251408041,1.0205288135261144,1.1021344513212343,0.872576952921045,1.0815691084158008,1.0645366360229152,1.6899455965262766,0.7013837391020915,1.1451398105726962,0.7688962360957629,0.845714187429736,1.1882162832104233,1.6308041534849325,1.8458797821096748,2.8106354449818203,2.0395341037942094,0.8305640424009625,1.618226374867035,1.195825708514177,1.0302817410554188,1.0776913037504996,1.2374132730358105
Bangladesh,0.8299619068308325,1.3534297822696932,1.5526391981703058,1.1039125574848496,1.0,0.8826034173532609,1.6212269909734376,1.019247326905725,0.9979485226259466,0.9761040144212305,0.9121764243735304,1.058320975011996,1.184340725535936,0.9499681022020205,0.8860385237404326,1.0026797832164993,1.4877855336174584,1.02462712177128,1.0433190172378173,1.1746863880163205,0.9142596783982947,0.8548617873707545,1.3171649075625207,1.047688002123245,1.4911253912436715,1.5487608463251918,1.1232001280329869,2.5285768940777196,0.9600331864289459,1.1939349257844085,1.1729168565581185,1.0984412569964161,1.9958881257648489,1.2446074724499299,2.2975094903921485,1.5456957311096506,1.1042584172882122,1.436064838407069,0.8024019858510677,0.8297788164567759,2.5145829222264835,1.5789691633154939,2.011838938453614,0.8885676756377981,1.1145554545921281,1.9804754525396369,1.6223219288779915,1.011631922259417,1.6384729929202426,1.3053264056090268,1.2771791809952924,0.9498804858942664,0.6035278048755713,1.273270798572131,1.0617159588877558,1.2949029736191746,0.920204565274358,1.2485756808450834,2.422179894594147,1.324649198035799,1.1891707294916956,1.1061017084624745,1.0505295764512455,1.0508956293391136,1.0683603717604313,1.3195060774168221,0.9260582313374132,1.2586309983891046,0.9131310058519824,1.004898830435668,1.4427554790430515,1.7667396589202489,1.4980330612362582,1.482608149769254,1.301798180401451,1.1024861813056523,1.298771693669657,1.0842776341375155,1.1027005436361372,1.0889478982204999,1.373238577751983
Belarus,0.4945178912829575,0.7122613235179236,0.9989028250277082,0.6064794089999991,0.8826034173532609,1.0,2.2124157413892336,1.5914487951214138,0.48575169871690915,0.9620077566722068,1.5533488596104865,1.524654538098071,1.5885068204989685,1.0800574594750472,0.4683237681124855,0.9856778572127421,1.8674003869891527,1.146436629133652,1.3775368086707862,1.1758362308782313,0.8924500592818626,1.2533234362238814,2.462812790252935,1.664507439805546,1.6954618410792193,1.6195787939116784,1.8092991422047418,2.250538401863304,1.4560357354236946,2.659503728039858,1.8382426531978444,0.9699469369347934,2.967364797014011,1.3095048784157453,4.397899131856896,1.3552091744631614,1.287058092240854,1.913378260976925,0.503827736898993,0.8003897065354648,3.7240828597071554,1.489855646696671,2.5076899616402675,1.596804643775946,1.9747120848518016,2.7137881903217784,2.3501424996626454,1.572698417926982,1.2020000203653505,1.5281626012944014,1.48166057313074,0.9966487702017888,0.7632490652173425,2.149725148026965,1.971852715915302,1.3849885394181431,1.1310237306368378,1.4148431860919122,1.827091720244846,0.9311479961152104,1.048855274928235,1.6407356158625441,1.0162393895717459,1.5184140716861438,0.8973922833637595,2.0425565755734527,0.724689542242608,1.5312489745578388,0.6597526788831738,1.1089606321096557,1.2574315136158285,2.297638597749184,2.9754078420423125,2.4398086191862096,1.975349062360887,0.854189400844441,2.7360614220264914,1.17182990479114,1.372086695342374,1.373880272534124,1.1838326890605295
Belgium,1.8270639558210784,1.7891076598087932,1.3433710902611304,1.645404436246066,1.6212269909734376,2.2124157413892336,1.0,1.7764552729966596,1.0143118880311432,1.1381968361708215,1.124283768578947,1.6954600039427503,0.8098564713642764,0.9951009073905164,1.2545638791124007,1.254957711241365,1.530762170193356,1.2968208676649315,1.0390921296346032,0.9589071359752626,1.2548193507866987,1.5675707883369694,1.2147029354869356,0.9921660982832755,0.7664519305019345,0.6296432352973366,1.3752917022111912,0.902534821535219,1.1948053215524086,1.2059862727437785,0.9861785590528075,1.0718850781482694,1.6403280992093523,1.795050809284603,1.544011285197882,0.8065643446306915,1.3004148330793954,0.9964916647120046,1.171358396683702,1.3111045148754545,1.7725074662371956,1.5394321722830946,1.330548962273627,1.1841227032040798,1.1233526100167575,1.0762250685376935,0.9126259663441577,1.1284763065805232,1.6593216690596162,1.1498570393462024,0.891204992099941,1.751554507172537,1.2533780442665723,1.691385831774896,1.1034222237162856,1.1480193262629073,2.042241418653027,1.6165733728577303,1.1287168368318747,1.666026262182265,1.2022403810230025,1.170606835789357,0.9978328720512174,1.2109475531588898,1.0072974536858106,1.211105227663707,1.3299324099753893,1.3078367176295924,1.0816362456471322,1.1682645349124419,1.5555030398531628,0.6875515799977914,1.0447186073737424,1.4462276449594003,1.3195923909869338,1.287329540903111,1.2588614586995035,1.101447745594796,1.0914909901008663,1.0230125891610458,2.11050374572066
Bolivia,0.8481356325799232,1.527964572127892,1.8577061282556333,1.3510451513734256,1.019247326905725,1.5914487951214138,1.7764552729966596,1.0,0.7697611240017508,0.7325807420661486,0.874330366209051,1.0906157044696285,1.0525072079432065,0.8675070371613871,0.6300125904567653,0.802907142691689,1.2594255824568408,0.7891240364703875,0.9906582806902581,1.1788431113638762,0.794286327226571,0.8850166384538333,1.7533300906534157,0.9855985674426928,1.1718919271913864,1.3720498723614032,1.0195292595958516,1.974024319692801,0.960251197690768,1.3262615999248406,1.124268559346871,0.8825021429024665,1.7781148617950282,0.9044916773267295,2.125501066412203,1.1625986662326664,0.9357095355740371,1.4474835386641665,0.6002060655977701,0.6121364088975098,1.9754539074805098,1.0389160963388806,2.1343779641287512,0.8596473013345427,1.0053631319585123,2.1734946612714863,1.8837519048525757,0.9737103274514404,1.1474387995202773,1.2680467340686843,1.2878041540054057,0.7990107093234088,0.7308683225541567,1.075187044002536,1.115379890734138,0.9918238901597436,0.9127671123287479,0.9361885413068728,1.497669493983212,0.9099455149618714,0.9935898361272111,1.244027275460244,0.9400242167490663,1.0341432366018244,0.8131146452956366,1.3692135693083616,0.7998015887423418,1.0257537131127794,0.7195768566686341,0.7921566790594454,1.1343633549953975,1.569968560872129,1.691509714958383,1.4022847332523107,1.0015324251566802,0.8037766298516593,1.5357416846839556,0.761942749169181,1.0708147943276687,1.0850023768479609,0.7913030918786321
Brazil,0.6886543098693794,0.8260607181951145,1.1431593578883013,0.7144192410736836,0.9979485226259466,0.48575169871690915,1.0143118880311432,0.7697611240017508,1.0,2.062366743527236,2.6010682101264457,2.5501586674540344,1.8342569977732248,1.5326011597261997,0.9391890789981803,1.3139611176895079,2.7882064682160705,1.6348892503167411,1.7749777026252465,1.3958426602308929,1.0752177098802376,2.6388924878155198,2.5184153774547515,2.0960983512802978,1.7186600982901916,1.6403303217887195,2.6239314929890027,1.8423540551264477,1.773086322457064,3.0324744218433257,2.3137542047278616,1.2956235301938428,2.192422905862034,2.0139507104123138,2.8922131668928,1.4740659562468788,1.74518274812826,1.882821833375476,1.1653427240194427,1.2989869404971426,3.6386640424983714,1.8321795248362969,1.9787378316554822,2.631310921544611,2.3446003879641846,2.167254295906599,2.192205873606663,1.6381399441647813,1.6439536488894357,1.3229518628632873,1.5803754474515455,1.4826788378664326,0.9949706277983607,3.6676278133563396,2.634084570418523,1.455433616258236,1.4675698940713409,2.05846701024013,1.59943858860411,1.3986357977120476,1.243311462997966,1.8398856529148306,1.1425148472215243,2.00891690760142,1.4743675150811817,2.0423353918034213,0.8829250314576083,2.745512235636596,1.3013131808605776,1.5569257341544134,1.7918273563219087,2.069065445170297,2.257617977879118,1.7038844467779914,1.7159998951351816,1.5561445443283997,2.4849583437093115,1.6438005007962204,1.9222496623670324,1.8076851210263638,1.9339352971395882
Bulgaria,0.8254463544439371,1.02610336469518,1.0889030216697206,0.8888630597161725,0.9761040144212305,0.9620077566722068,1.1381968361708215,0.7325807420661486,2.062366743527236,1.0,1.3229791265073891,1.1376759432328583,1.654437469958879,1.1548066697146533,0.5704093547659447,1.118469642241011,1.7981957224269356,0.5061294905003471,0.7650788017785476,1.0028895233319812,1.01130428551372,0.835238870845343,1.7940816664727564,1.6817241338355449,1.2810250272727264,1.677863037422683,1.8660260390257806,1.923369363142992,1.1334458693839269,3.92249144848065,1.3909036754409805,0.8088106667562251,2.5122023430266953,1.2675129989036988,3.8171116081968974,1.1226311832095885,1.014844020403535,1.6537066569365828,0.5154797558356796,0.8890079289730878,2.688386312668382,1.394105265753685,2.264000137853323,1.242079488906308,1.895194827929257,2.6121598797241132,1.72605235312822,1.3804980602851111,1.208968164864416,1.4094721997890924,1.078015033599292,0.9059401942815599,0.8204380209800305,1.7379113910851016,1.7146893331619377,1.4702754029968603,0.9398133068607679,1.495877791314258,1.7331435673514881,0.9778410392896292,0.9768038617024146,1.081708375062353,0.8053094014735094,0.8801351883416773,0.8464580866783804,1.6477772758748523,0.7545831059062494,0.9975397109492565,0.6633866738501637,0.6230062217545146,1.1866707452064156,1.8331927462807285,2.8529721530940493,2.2761302519904496,1.7241789874378424,0.800580915048134,2.0654560958208124,0.9161592733891422,1.0978992002628627,1.251570289166446,1.2423785727223784
Cambodia,1.4088843638660495,1.512852607989879,1.8162197411545262,1.1836230170209658,0.9121764243735304,1.5533488596104865,1.124283768578947,0.874330366209051,2.6010682101264457,1.3229791265073891,1.0,1.0753390951669606,0.8983376727078894,0.7574684563554168,0.8365157826681815,0.9385934852484871,1.5973080675835065,0.786539140300544,0.7513508682743121,0.9166190650574924,0.8918143610181168,0.8874718965383841,1.12928552917655,0.78212734436074,1.2000903845410542,1.1619049986015766,1.1749626028553062,1.6450325602748386,0.8068874743446334,1.054631926847983,0.8453989143828583,0.9312881107431693,1.8798431471849524,1.3636175162273496,2.6206738790963016,1.1714959761885275,0.9792534804905806,1.1926871174743212,0.7384938606442257,0.9268682849149356,2.2942974628103907,1.9543392699537745,1.4718433975663823,0.554291642486782,0.8729935097820289,1.9709927335076023,1.3321873318583868,0.8494603874724647,1.4970585419075935,1.4164157733499814,0.9949798610533559,1.0408644710776969,1.0018703459049565,1.412165639746702,0.8046111302240411,1.5568679937857783,0.974985846788753,1.465154434974149,1.7615958342627098,1.2767495249231677,1.1655951018257231,1.1442765191126616,0.8772374981289764,0.8427591480008609,0.7807537002708814,1.3272848464408402,0.9138707163152914,1.1867597153074354,0.6339022946484435,0.7421722206297904,1.33909886461853,1.8195288400682024,1.7156993065378545,2.2663800873545243,1.5310165398446312,0.9710256876210478,1.299508660470705,0.9380109351369358,0.8815651352198928,0.9366894909173948,1.729768563804925
Cameroon,1.516998813316132,1.2270566467555544,1.5728330809218058,1.020809251424759,1.058320975011996,1.524654538098071,1.6954600039427503,1.0906157044696285,2.5501586674540344,1.1376759432328583,1.0753390951669606,1.0,1.450641639317394,1.384710655968559,1.2751830726760927,1.3004111165816508,1.4054731685725617,0.9588027886804839,0.9373288104340696,1.0059725788437295,1.066491134511776,0.9735104008737304,1.4272236016944542,1.3856041276926976,1.1897958325351004,1.3535635278384848,1.6551317291609686,1.2839012426814447,0.9426984281773443,1.407290549336587,1.356334286206322,0.9783524409171157,1.2969743498508324,1.424363736386034,2.25420876043282,1.0978905801103347,1.1413041671258728,1.2531196677038638,1.7039405471158553,1.7095341459956215,1.5878132132515328,1.7707443170558665,1.6192616637313981,1.2842720597899702,1.3417991482775509,1.6451383187370496,1.4576138329784454,1.1857257434841455,1.6175991540952142,1.244803082433183,1.01701277281387,0.8677002734516628,1.1313623856645167,1.6105779865552345,1.2689463283966125,1.4974702333207242,0.8361554026587944,1.6131648666424911,1.5222880984700111,1.3048983287162317,1.1199527884869132,1.018602205185424,0.848056927095045,1.0351308835677469,1.6034059485749006,1.375213165398354,0.8930226598802065,1.2581266554568982,1.6399887773643056,0.8835307940421423,1.4832261075446629,1.1779541759029657,1.4656828594407985,1.2874031456253137,1.512934474371091,1.5662416726658839,1.5393203475030228,1.3865521020088714,1.0343181990558235,1.1616615284295875,2.343344880077272
Canada,1.3292436861145522,1.6160789849291206,1.8193436705873844,1.326828198901421,1.184340725535936,1.5885068204989685,0.8098564713642764,1.0525072079432065,1.8342569977732248,1.654437469958879,0.8983376727078894,1.450641639317394,1.0,0.9618523554012834,0.974279406967119,1.0996428114089718,1.725140959699046,1.134031987751341,1.0467083831734403,1.2152151948364218,1.1366249029025532,1.2674488064854488,1.2803301418514907,0.948151016391621,1.0853807098047359,0.9956122522740234,1.1751533921830413,1.2098572988538516,1.040029904192156,1.1657751859678747,1.0830215513147432,1.0302336646171053,1.811346310627082,1.6298554798935245,2.229614670458389,1.10257194562639,1.099359831294088,1.1518508628698425,0.9200944057312009,1.1687109300790417,1.9821717645222174,1.8126345716273977,1.5745020361329474,1.0138661530610678,0.9245151249262071,1.373263300007223,1.2761467619369706,0.9985753230282618,1.4007161735806408,1.1865455453654496,1.1278108162043115,1.3445457017031655,1.1770053471958561,1.5716525773992571,1.1646331224513022,1.167041408521983,1.5137201723567766,1.52872984360147,1.299254917817419,1.4215255463718905,1.2998065620757573,1.1144692693062033,1.0797441985226486,1.1591749330811216,0.8188345986404804,1.271603284047649,1.1597072958753691,1.1250924160278892,0.8155107931983346,1.0962120885648547,1.5453579642806101,1.1133229601411363,1.5652051617317988,1.840177804154169,1.4999672800412505,1.147549917326237,1.3628950898142707,1.0787539366464032,1.0571294360863015,1.0913886193565543,2.071520459212929
Chile,0.9257351164147773,1.4723912709561104,1.3726525630653779,1.0882153527204501,0.9499681022020205,1.0800574594750472,0.9951009073905164,0.8675070371613871,1.5326011597261997,1.1548066697146533,0.7574684563554168,1.384710655968559,0.9618523554012834,1.0,1.1983930863732752,0.8945334967295626,1.9516041919065443,2.0654815019422244,1.9969239993024084,1.6486062136806579,0.9465627656872794,1.6614834464786954,1.5124704840044048,1.197580745671329,1.7319098853099146,1.3505212351137739,1.3678177948666608,1.7509536534286707,0.9880950995083221,1.2614445353141297,1.5319737484567277,1.5630619938076886,2.011266820777755,1.8827688967370657,2.628709859315627,1.5827525495948649,1.6355713268513,1.642048325748879,1.0452016275624105,1.0962749400220895,2.6873996778766203,2.46432882826461,1.531601967229089,1.100548041851414,1.271686218330513,1.952324811182859,1.5148804404641236,0.8523735402690056,1.9736734516355996,1.4077351218897418,2.0169720330917267,1.8873259360520287,1.3008696064225842,1.7066770033397547,1.3233877159548684,1.4148385596657262,2.037700554424158,1.4901076054791011,1.7104700290563317,1.6620208108182435,1.6928627284424143,1.7115984109626234,1.4202634958770883,1.6468087647518217,0.8869295666629025,1.6475566199116136,1.2674286999132864,1.9450507265899213,0.7426994188917867,1.7386615903069325,1.9520090104282566,1.7510978235961636,1.8706471512643847,1.9113739602647228,1.4581238034753183,1.2920865455243344,1.6768543324148737,1.0379844979374226,1.7097913345893625,1.4525036380325977,2.5074078162283353
China,0.5715850126725149,0.5913255403157225,0.9850523322671279,0.39313565757468166,0.8860385237404326,0.4683237681124855,1.2545638791124007,0.6300125904567653,0.9391890789981803,0.5704093547659447,0.8365157826681815,1.2751830726760927,0.974279406967119,1.1983930863732752,1.0,0.8805103665957789,1.4586513493022903,0.8968749574478139,1.0193591163770692,1.0021565424879488,1.0062963268265435,0.9051174184643942,1.8430225695280869,1.2703752356133429,1.3468082477152536,1.4072543945465341,1.6042556313885863,2.0158203417768434,1.1263489149492216,1.9073631147772698,1.3953517148076777,0.8164077398550116,2.246204789804349,1.0219236279968884,3.932944799381225,1.1417265020911533,0.9917898056901531,1.6532677115743344,0.5342060745004139,1.0404557494216402,3.0044597816949428,1.614706608820585,3.0205977945637623,1.1929184204457357,1.4280366451615312,2.263251447675887,1.891975562854125,1.3290599408537525,1.3706884858692137,1.643790813968716,1.1766131623508704,0.7741646241405173,0.8286371430940611,1.5933147451419327,1.473455366112148,1.1711668148177172,0.8761825277683745,1.1034102896483167,2.042979033898349,0.8182430099350523,1.0838510987837182,1.1148296885622075,0.869206366532328,1.1324379110674896,1.1295947820364227,1.6240321866275291,0.6597881382556021,1.1894526626323678,0.8383615915913223,0.8639951667601088,1.0498953008562488,1.561796457887858,2.148199991197772,2.528487019319099,2.0463055495596416,0.9105999453369472,2.0929521663797153,1.2211850982721724,1.0614337625180101,1.0983276261475001,0.9978956146776996
Colombia,0.8953894819432073,1.1463787787108162,1.4612356387734038,0.9154538169989022,1.0026797832164993,0.9856778572127421,1.254957711241365,0.802907142691689,1.3139611176895079,1.118469642241011,0.9385934852484871,1.3004111165816508,1.0996428114089718,0.8945334967295626,0.8805103665957789,1.0,1.3532615760117643,1.224256641785839,1.2321312551325507,1.496688910540962,0.890734715480421,1.1060079538207637,1.531432170934876,1.074271266831655,1.562433492379121,1.4092663303181885,1.0246922238844622,2.023837532157862,0.9740292926558486,0.8814277723243193,1.2649963885119695,1.0928624850443935,2.400013066941739,1.1613521937246643,2.946445519888721,1.4085139201729882,1.1272403417833294,1.6146860088470245,0.9352482485387467,1.0978532123097122,2.4773330881415423,1.983122049561008,2.2149165855055637,0.9507633404076131,1.0835214129270903,1.7596118992925756,1.5267028107299374,0.6770987802376057,2.1466403338936706,1.3586568942321045,1.5591891394628785,1.0846782194185582,1.3369776295038995,1.151675663052339,1.144724737674419,0.9564959205196791,1.1880411794591361,0.8011650652681379,1.9173489624094024,1.210434731200635,1.830524488518854,1.2064027842090221,1.1364812874327326,1.2819289834976753,1.0951565530125809,1.1420950184607475,1.177243014741063,1.224506943663936,0.8359676712457829,1.1668673149312587,1.1717109179180505,1.4321228549713927,1.6610185492221716,1.9922799875076904,1.508436000426367,1.2642553862792745,1.2844236930108277,1.1363051357814662,1.2104741945084894,1.12699380902171,1.3355262730089439
Costa Rica,1.5568047924804254,1.8158585167765948,1.2753030808435413,1.3071342568847837,1.4877855336174584,1.8674003869891527,1.530762170193356,1.2594255824568408,2.7882064682160705,1.7981957224269356,1.5973080675835065,1.4054731685725617,1.725140959699046,1.9516041919065443,1.4586513493022903,1.3532615760117643,1.0,1.2013155503978743,1.0610715475246555,1.1353885964754593,1.3238703080581684,1.2064548092653329,1.0962367560473874,1.0265301405577185,1.0168883277047178,1.1675042182011806,1.1388810504347031,0.9584961872007057,1.074324886476287,0.9837440215155107,1.1073831370654448,1.2033714671778608,1.6476675803170444,1.7023999187070662,2.961902213417001,1.112097605642354,1.1149837726288045,1.2535659265868304,1.4131786981522894,1.7561388240204399,1.6357847063143591,1.962078551661167,1.3770082703667035,1.0159650119482428,0.974818736473,1.5720387037340553,1.06188464867851,1.0495272608037043,1.9909797833596927,1.1493470998496695,1.1705094224844563,1.1970424663263661,1.3994527611456111,1.5957356044703361,1.23017877839956,1.210172947693138,1.4200907492989898,1.0493206641837327,1.6824099418117702,1.642111536899427,1.5098771618785554,1.135809643603136,1.1950555654297144,1.0588433335353002,1.3185755946161437,1.4240785174243014,1.3905450575729177,0.9829010563002023,1.3499888765981223,1.1949603617600577,1.3233029082412682,0.90662718003132,1.781296657464967,1.5075078613945885,1.5018077769155749,1.379369737587145,1.3187735180583926,1.1762683009303843,1.042454087961067,1.197314372675534,2.4519772733252445
Croatia,1.2047476104367907,1.1145363130696253,1.3651064259450867,0.9319427764818132,1.02462712177128,1.146436629133652,1.2968208676649315,0.7891240364703875,1.6348892503167411,0.5061294905003471,0.786539140300544,0.9588027886804839,1.134031987751341,2.0654815019422244,0.8968749574478139,1.224256641785839,1.2013155503978743,1.0,0.6415004996609486,0.9367483840797582,1.069275481042583,0.8649488405567645,1.6492109671708803,1.4020974569412352,1.0153092313651382,1.5314057357905702,1.5574188665621331,1.743185985619127,1.0647815368842282,3.255377530780359,1.1812948250925894,0.6372462931806359,2.0710550657593076,1.2311027876891956,3.543828383590035,0.9462112516448825,0.6572974470430798,1.9407103655800422,0.6464234572030675,0.9357818385545359,2.1754957259044843,1.4364548277774496,2.346654683359278,0.9787464995921951,1.3272738087516092,3.800064822658887,1.8155338125577625,1.366658072980741,1.3125933676913737,1.3837602038309795,0.9536190411924714,0.7676184670322469,0.8585145640978789,1.7405166712481686,1.6333803824793034,1.3395822899428156,0.7941265113601363,1.465292232621346,1.951108863895947,1.0698216560688445,1.0364102358349645,0.9994530256712393,0.7028109491257344,0.7404925584712763,0.9300434934285345,1.7404508298636283,0.7584024822638121,0.9761806675926258,0.8449030155146241,0.44883358843430127,1.1558741268669135,1.5862550023809767,2.763439132813297,2.179924495260006,1.8033240058237645,0.855468251837316,2.3378419543506177,0.8348051380525447,1.0160910248893922,1.2777424805632434,1.258484337549443
Czech Republic,1.649144423544913,1.326682059080712,1.4065583769510588,1.0062095307697725,1.0433190172378173,1.3775368086707862,1.0390921296346032,0.9906582806902581,1.7749777026252465,0.7650788017785476,0.7513508682743121,0.9373288104340696,1.0467083831734403,1.9969239993024084,1.0193591163770692,1.2321312551325507,1.0610715475246555,0.6415004996609486,1.0,0.8557556752978334,1.059035301844704,0.8470884862275001,1.3533691552346392,1.2535387138253513,1.3038165612651382,1.4401708737862273,1.864393968252254,1.8005251477877295,1.0418569211728803,1.4601854745586806,1.2103902441519279,0.9115291827295102,2.248031274251689,1.7116251570620018,3.565138978392344,1.0560979937333466,1.0880000799867056,1.3548172374240166,0.9880898570567253,1.3464806337775739,2.9516656740762777,2.3499360606686537,1.803577299483214,1.0001028346729761,1.432208894581611,2.2059709080360057,1.4364776248802997,1.1208438819728461,1.767893194699173,1.2998440798486832,0.7405637308903894,1.0826651752431518,1.0310269957275244,1.849954802348708,1.163813171237416,1.5728889192093622,0.9857207059904529,1.7592946626981676,1.8203459500195875,1.5127551062193425,1.178339760546996,0.9408215141059849,0.7019299652625793,0.8976797311894505,1.3637792403227735,1.3789095651804582,0.9122944373627265,1.3446797087407805,1.203145878711256,0.5799346849262867,1.399937361846546,1.5379616518512318,2.2406788495229693,2.236035260798191,1.881245063196896,1.1932899848053051,1.4122501564699081,1.2609478574251933,0.9902298137523191,1.1285164387829068,2.0194277156719576
Denmark,1.2003955850517496,1.2628283561232856,1.414490401472238,0.990525477834436,1.1746863880163205,1.1758362308782313,0.9589071359752626,1.1788431113638762,1.3958426602308929,1.0028895233319812,0.9166190650574924,1.0059725788437295,1.2152151948364218,1.6486062136806579,1.0021565424879488,1.496688910540962,1.1353885964754593,0.9367483840797582,0.8557556752978334,1.0,1.151988577158095,1.479968366413959,0.9737523045349099,0.899313478110973,1.0697486774981155,0.8812751431070909,1.4968876208024113,0.9933659411318473,1.003099191111721,1.296288399357117,1.0840660363419383,1.179700187893003,1.8102830645875945,1.5843153360451505,1.9956688795415432,0.9683342190756488,1.2113228430271363,1.2510646382987902,1.517873300973911,1.425714153744779,1.9271718550491301,2.1898189471625846,1.3020453393964324,0.9772706724596699,1.229652358453071,1.6209075478817652,0.8609246940726605,1.021482117096849,2.030012877273083,1.3632482567119615,0.9604671206815969,1.7116462275303852,1.0989054696631233,2.3813519070589537,1.061174089576956,1.5937716865835116,1.5040294082382921,1.5312281970027009,1.6922999758695707,1.6814855785486758,1.297658891527613,1.5343780324497824,0.9344647859584061,1.0764410107221198,1.2381146387613216,1.4099029504622997,1.1934619301246603,2.1962844116544664,1.3678661274976516,1.0187025634058822,1.3104807552875446,1.2252704859560604,1.4463280241333154,1.7344109353089205,1.3956173339324056,1.418797062769495,1.2647516273201604,1.1309769424428149,1.1087037786792435,1.1770288436466516,2.014884396275198
Ecuador,0.8602174679512377,1.030123098288363,1.4814526077518548,0.965600197797972,0.9142596783982947,0.8924500592818626,1.2548193507866987,0.794286327226571,1.0752177098802376,1.01130428551372,0.8918143610181168,1.066491134511776,1.1366249029025532,0.9465627656872794,1.0062963268265435,0.890734715480421,1.3238703080581684,1.069275481042583,1.059035301844704,1.151988577158095,1.0,1.6853137611971452,2.548040705153415,1.8808977635313393,1.6282688158402423,1.676804058714763,1.8075714123804316,1.514441826895108,1.1494753848591162,1.4599980750445714,2.056287021045308,1.5905219581926364,1.9961873116542495,2.0685985985154622,2.237395538502759,1.4868660374074967,2.1471472883941716,1.5596354915826554,1.2856964076619535,1.313976441028179,2.6696368097297434,1.9951376075375928,1.572067844380051,1.7315555556743079,1.7072233688203224,1.961961944377416,1.9991341843457053,0.9391356630761049,1.6451788333356678,1.28779984149565,1.5645917300501833,2.0746158342597147,1.380614969296719,1.7139278221778398,1.7305607922735804,1.4678067477268129,2.359182996282047,1.6699951626871508,1.3421123148743952,1.7835998375253543,1.7397640743737677,1.8690902780502507,1.1630025543658984,1.8944862804968148,1.5313230932452973,1.8832019470208645,1.3024406463603015,1.785364211754695,1.218176083158494,1.623346872240591,1.80082504230268,1.738001860840142,1.8826211330863236,1.4211906827772223,1.5725484962510703,1.5349136476871381,1.803861664211728,1.4879264469605866,1.7001389353066552,1.9452720710948885,1.8579605197390674
"Egypt, Arab Rep.",1.4252809989761703,1.1086195630510178,1.5003643169313365,0.7569893220958275,0.8548617873707545,1.2533234362238814,1.5675707883369694,0.8850166384538333,2.6388924878155198,0.835238870845343,0.8874718965383841,0.9735104008737304,1.2674488064854488,1.6614834464786954,0.9051174184643942,1.1060079538207637,1.2064548092653329,0.8649488405567645,0.8470884862275001,1.479968366413959,1.6853137611971452,1.0,1.4895437036546524,1.3404182641747011,1.643344629557456,1.6995475893587824,1.833140116352331,1.8292681115048606,0.83723123800353,1.2121717429540855,1.4722704351651452,1.0503258278231664,1.5032532516756225,1.6089201941289726,2.7105706906104574,1.2828629735908765,1.1840788674696932,1.2647509560282195,1.5564145886350225,1.353432846548975,2.462164645675455,2.2617907871953653,1.6376538845758393,1.0999774758192111,1.4273281950324528,1.523348741692937,1.325149104320362,0.9126001770698995,1.8766434690615725,1.378781940567724,0.92083777756094,0.8451031947239398,0.9643421678806418,1.4488194350667987,1.079958799577911,1.597034844636975,0.8587556147978004,1.7725693504519964,2.5936754778990943,1.5583279847224358,1.0401197367120476,0.8179486917727207,0.687980757780198,1.0677922510233837,1.7343194706285212,1.1507947685056252,0.8089150823418894,1.7586767326826176,1.51976605068106,0.8235262659272634,1.3328819387985509,1.5269802204097418,1.4870962907256668,1.671662538751922,1.7369170030089414,1.8555703640823096,1.1398225009396945,1.6285359670755237,0.9432763386409997,1.0026726887808262,2.2064279292223383
El Salvador,1.4421549190495206,1.838549105025719,1.3988281756496879,1.4036358090628935,1.3171649075625207,2.462812790252935,1.2147029354869356,1.7533300906534157,2.5184153774547515,1.7940816664727564,1.12928552917655,1.4272236016944542,1.2803301418514907,1.5124704840044048,1.8430225695280869,1.531432170934876,1.0962367560473874,1.6492109671708803,1.3533691552346392,0.9737523045349099,2.548040705153415,1.4895437036546524,1.0,1.1827114202074613,1.4998229100895752,1.7785652632611928,1.1999058784113175,1.4596531842071385,0.9173131843859327,1.213932119871246,1.3887198859103689,2.0647404344879425,2.0056708245253105,1.717349264302593,3.344573405987069,1.661379663376353,1.3959407974834046,1.3262138805603725,1.681589973903504,1.4267983991447482,2.1758827922728017,1.99949921810118,1.2467495567589384,1.0645979143057438,1.1784471104753913,1.9691083366760327,1.267925237820285,0.8630508832080764,2.1496462750097995,1.1261069951637455,2.2282496642533816,1.9554875534650877,1.2965200482276518,1.6274920035698877,1.3285885890416271,1.5913268240292673,1.8245183184515992,1.1195122061934921,1.9678059298083432,1.5843973028874407,1.5097759617424866,1.8293904158362972,1.5966562251104568,1.3216886352975907,1.324956324647637,1.614834184047553,1.5718335815184596,1.6287504025866424,1.305482224098448,1.750765893597016,1.3704457849802074,1.2902757729518448,2.17340896624495,1.5487004639850301,1.148459117315141,1.3545754210748175,1.3736803587893747,1.086530156977832,1.5441412610792726,1.5708556943826573,3.1562242804103757
Estonia,1.5890172923128822,1.5453358247828268,2.0184549854500475,1.1825948213678887,1.047688002123245,1.664507439805546,0.9921660982832755,0.9855985674426928,2.0960983512802978,1.6817241338355449,0.78212734436074,1.3856041276926976,0.948151016391621,1.197580745671329,1.2703752356133429,1.074271266831655,1.0265301405577185,1.4020974569412352,1.2535387138253513,0.899313478110973,1.8808977635313393,1.3404182641747011,1.1827114202074613,1.0,0.8208105505847779,0.8425106149776125,1.1806145639318206,1.253779401534687,0.8775963332928435,1.6292188069547402,0.8962694998250305,0.7672841085367252,1.554101658787728,1.3293403635844934,2.4208877978096957,0.8712807732410626,0.7007385427877101,1.5848260318954985,0.8320193316669237,0.9156080727721122,1.9228887176110976,1.7503957287785707,1.6567997726095156,0.5313655353326378,0.7148927912530246,2.7874500635956414,1.366063021495668,0.9917133418632001,1.5659865674648932,1.2668278263956583,1.0407919037712279,0.866509193982697,0.988147546873654,1.7590531465443247,0.966208543797943,1.4165502355047066,1.0319078993953217,1.4881814781316263,1.6436787390858905,1.372933263937963,1.2980678328677453,1.1742054155697168,0.9256301765218933,0.8985431563144838,0.7889498248856515,1.6225751233140775,0.9912165653692951,1.2528478576121471,0.8523455485513627,0.7275133967665531,1.2886747432593466,1.2012342512769898,2.386420152600975,2.074968196452922,1.6251003752709594,1.017406220519786,1.815003032435014,0.7845749381708391,0.7412421631026889,1.0273551500696967,1.5322911813600888
Finland,1.578895849622379,1.5249991631848643,1.5131276010426664,1.3928975637385748,1.4911253912436715,1.6954618410792193,0.7664519305019345,1.1718919271913864,1.7186600982901916,1.2810250272727264,1.2000903845410542,1.1897958325351004,1.0853807098047359,1.7319098853099146,1.3468082477152536,1.562433492379121,1.0168883277047178,1.0153092313651382,1.3038165612651382,1.0697486774981155,1.6282688158402423,1.643344629557456,1.4998229100895752,0.8208105505847779,1.0,0.5618116212220415,1.5224646474733528,0.8449238486751172,1.279668834406757,1.5762476586546865,1.0258589682680501,1.0224492628068607,1.5970142760040158,1.6613272681209257,1.6247997964843621,0.5907918098199609,1.2221378052183889,1.2648694438869286,0.9708014811540622,1.093966106988021,1.8051899099874467,1.471985223401332,1.5537196112441625,1.2401145218431397,1.149521685147652,1.482970668201366,1.124125038648047,1.264133228251896,1.6610367199581562,1.1749113747962259,0.7788843103119851,1.5968387779747308,1.0763217404995546,1.9397667395173832,1.367100566326398,1.2253198484564838,1.8196619754354415,1.5887995372496373,1.1649810635561706,1.5758744331213164,1.210365566189458,1.2659377887834127,0.9798722789516064,1.1518870275376478,0.8588943876151098,1.423096304125797,1.20266451922982,1.426114912079285,1.0050120138195346,1.0025110152419627,1.4441343732992158,0.8755052529200056,1.5314390784868885,1.4622680184238173,1.5484683932104455,1.1606237171962552,1.4716274644207128,0.8498088244174472,1.2170368070167341,1.3906325440412564,1.7256949385918956
