Country Name,Albania,Angola,Australia,Austria,Azerbaijan,Bangladesh,Belarus,Belgium,Bolivia,Brazil,Bulgaria,Burkina Faso,Cambodia,Cameroon,Canada,Chad,Chile,China,Colombia,Costa Rica,Croatia,Czech Republic,Denmark,Dominican Republic,Ecuador,"Egypt, Arab Rep.",El Salvador,Estonia,Finland,France,Germany,Ghana,Greece,Guatemala,Honduras,Hungary,India,Indonesia,"Iran, Islamic Rep.",Ireland,Israel,Italy,Jamaica,Japan,Jordan,Kazakhstan,Kenya,"Korea, Rep.",Kuwait,Kyrgyz Republic,Latvia,Lithuania,Madagascar,Mali,Mexico,Moldova,Mongolia,Morocco,Nepal,Netherlands,New Zealand,Nicaragua,Nigeria,North Macedonia,Norway,Oman,Pakistan,Panama,Paraguay,Peru,Philippines,Poland,Portugal,Romania,Russian Federation,Rwanda,Saudi Arabia,Senegal,Singapore,Slovak Republic,South Africa,Spain,Sri Lanka,Sweden,Switzerland,Tanzania,Thailand,Tunisia,Uganda,Ukraine,United Kingdom,United States,Uruguay
Albania,1.0,0.9666200701517634,0.8714525866754342,0.7963394094442231,0.9036947143196628,1.3436656665912945,0.8154428375537511,0.8421806946690553,1.0254539593620435,0.9356615771901584,0.67623134197177,1.1978812475595841,0.8057917069434046,1.2066904581412605,0.8777173036059078,1.2079464911309359,0.8722239797566291,0.7947872345328525,0.993398362425303,0.84690245058944,0.8085064352880688,0.8346496691539722,1.1783801904240168,1.0983632577905755,0.9658894311060557,1.0275036163476756,0.9778830352938069,1.1357461900466934,0.9447334263823334,0.7825463008901324,1.076063086644212,1.3013778523947483,0.7864875154766848,1.040994825797598,0.7512291824166559,1.0291379002402208,1.0057582029218024,0.9503414535133163,1.239142970818912,1.47509656117178,1.1344157946873628,0.7526426889732162,0.8539821291440357,1.1131681522601913,0.689236547888286,0.7417909181625388,1.3384611669521091,0.8431994736426013,1.0406947378851288,0.9642175779798696,1.1159359054624778,1.1469334093944676,1.0069759053337466,1.01255408447185,1.0352403726951016,0.9626935495346935,1.27035806683253,0.7473714242590621,1.0945455549168623,0.8274303987948209,1.357634219799308,1.2348868269534068,1.0477426481790129,1.0268476581951433,1.054261162823761,1.1549457731199522,1.0420785330677285,0.9692457392967588,1.3769334974813612,0.9020332927423621,1.0333833185243413,0.9179867065979914,0.8127842550844062,0.9498872872774569,0.8396375167589017,0.8974332260720332,1.1813729221005727,1.3187565225748783,1.0857307490432535,0.90921204218079,0.6914848442181539,0.6581783803081882,1.1679463205103613,1.095031921592488,0.939422494900097,1.0312460819933622,0.9170379911285029,0.6405007295832894,1.0677935301188355,0.951092556979086,0.9004616513965303,1.0582387082714295,1.2626368530045966
Angola,0.9666200701517634,1.0,0.7763842083741516,1.024932804029989,0.7010261579491023,1.4648916125753688,0.7267844383025023,1.0192062388017118,1.059818833873191,0.8117889249917646,0.8271228659671297,1.2464116652411426,0.8721880832860583,1.2493432949315115,0.8759067845247885,1.014258649775139,0.8396528378940613,0.653448372675192,0.8784561374425506,0.8697495562883213,1.0542756875475692,1.0543497049739334,1.317982872875341,1.0973757154173636,0.784774521550152,1.2984895585246086,1.0807862163063844,1.141443276775715,1.1399333078906346,1.09537113060118,1.2069696636399616,1.2416922669391062,1.1433066928309967,0.9429736522837964,0.9383029777602986,1.252821733313074,1.1706653763337047,1.009305977473733,1.3027324173847425,1.5267151614026637,1.2428477841257712,1.1803720754175995,1.1079908008681594,1.1617245501605131,0.5351469374636079,0.8544219032840155,1.2821613340697573,0.9605319196337745,0.9684025841568664,1.252147003558659,0.9928048879582219,1.051279876787423,1.3437344644023346,1.4277969766452703,1.111766706842612,1.0104834446100701,0.994850976198687,1.0429941083341052,1.442212381069664,1.1786619082867908,1.3586166893618785,1.0467706201409452,0.7440390014703454,1.0010106515952732,0.9769451744766484,1.2007861442622696,1.181465875738101,0.9232129082063943,1.2921750440618471,0.8189556501920123,1.167022009814785,1.1685886689900713,1.2712814322141552,0.982520523054703,0.8778717979239884,0.9063334484506196,1.2078165470741333,1.6474236828848605,0.9975126210672406,0.8424310140487131,0.6553250354403926,1.1175779644494384,0.9788440267207,1.1941702465152417,1.052419685758976,1.0211394613464502,0.9967094085822186,0.9015782159388832,0.9396475661236682,1.1097188216805727,1.0978489746632965,1.1536382616308338,1.118494075046846
Australia,0.8714525866754342,0.7763842083741516,1.0,0.7664538099547421,1.1067666909557774,1.3147977540748939,0.9564738518033898,0.765922316282043,0.8762070223355256,0.9018245807723896,0.7765567825403813,1.3137729862050083,0.7543092177636882,0.9389354485942485,0.7261893600505235,1.121051425812247,0.7048980272047831,0.9094266540804002,0.8391443542510179,0.7972509991960955,0.8714863270105357,0.993514321734822,1.138614538552289,1.1000036379541525,0.8174707605605274,1.3118318394284174,0.8923792007041994,1.0592467110105868,1.0209461288825898,0.8070203196124416,1.1100355804029602,1.2110772759597213,1.0126977175630778,0.8844524390565073,0.6292766284976712,1.056536813828872,1.027372547790113,0.8048152061664228,1.3284547445833546,1.4654966491814692,1.0288896204887292,0.9448038149738467,0.8347435105162616,0.9793017393103766,0.8426231410130156,0.9538639777219599,1.3650226628247135,0.85222037299336,0.8250847871732672,1.0143613068836548,0.9624034808324315,1.0530808001307905,1.197682076846688,1.5114836921311912,0.8477650635560221,0.9778555132074637,0.9787788107125639,1.052980456190121,1.2338248787621189,1.0140810574601073,1.2283215353945007,1.0610879384343714,0.9514260133778482,0.8739576751847152,0.832135723950357,1.1355905555912336,0.9738951563661081,0.7765572510615221,1.3803115850232974,0.73695572618854,0.8613630844317081,0.9984859242625889,1.0380483182677342,0.8862016746292569,0.8072325953141217,0.8485621692056664,1.0195236398072343,1.396951860640557,0.9315008469930705,0.9637329911413303,0.6318525098019753,0.8919266185057384,0.8402532089557058,1.1037229975194873,0.9504606269478586,1.0327484631341937,0.7172058423930707,0.7058301923624775,1.1741224885078676,1.0199725735298735,0.8113683037632174,0.8612563370490096,1.2233788309257567
Austria,0.7963394094442231,1.024932804029989,0.7664538099547421,1.0,1.0998303186129428,0.9634985254260057,0.9834749826820491,0.3248255199417628,0.7909306152899477,0.8972400068207098,0.6025399887330022,1.0719377074879834,0.4707679025930412,1.024164901084275,0.4408705679281074,1.324497783562105,0.5604752727025828,0.8959357619703268,0.6412428355638277,0.47314961924483984,0.5768086377713819,0.5034452138903419,0.6638671802680202,0.7322489905951548,0.8768732570198732,1.187503485928003,0.5054846239008123,0.7331549743711349,0.5865233016832045,0.27682259429075845,0.517940933140423,1.1006159933240542,0.972472915409185,0.5493058290640033,0.296154773378108,0.7036159395032135,0.8637677595407933,0.6652380552976315,1.3049632236506121,1.2755819453651176,0.7463737439963354,0.36396487626102875,0.4942966527384794,0.6561596965119462,1.0013612452571579,0.8437855532228344,1.032775400055715,0.7648695323180476,0.8980445285059941,0.9364927136571536,0.829784279525931,0.8390768944055554,0.9649115430286508,1.2734704053512618,0.4871149784128088,0.7689784415759804,0.9052929002590251,0.8855973253117155,1.0567500483878332,0.437084937668732,1.1340488623495844,0.9929229054594696,1.2345949048613685,0.7220549172752716,0.7472373267736138,1.2407171605789598,0.9100121630518386,0.6468160884912227,1.1956531047632004,0.6670049082626603,0.6390115056077332,0.6373214477253284,0.5919895488180028,0.8014199162258601,0.7047092721273698,0.8413296110292845,1.0135127089472875,1.2360366511439775,0.7592202206773857,0.6530346819029466,0.5057888308443862,0.5175225067174004,0.8672843605752363,0.6303947430755181,0.5309781140744533,0.7975635664087534,0.7208372530550119,0.7925569394566553,1.1086772993456533,0.8612575624794143,0.4510749173474179,0.5645185948612114,1.1588121966688565
Azerbaijan,0.9036947143196628,0.7010261579491023,1.1067666909557774,1.0998303186129428,1.0,1.3873945264693543,0.7804012778713588,1.1001496044010786,1.2236505388725907,0.9900635500587915,0.8789398094246554,1.2789599917211705,0.906126546236655,1.429898002673446,0.9558187644973953,1.2275912845623513,1.015152032761905,0.6061718147061466,1.0003792910505729,0.9744929308549262,1.067101771135472,0.9854711646505393,1.284217918298427,1.0743174485782974,1.1398077992347728,1.002836919513461,1.1816144756246876,1.1395518738510055,1.1362024456047255,1.1558854890332524,1.2646582578884442,1.4116374998029668,0.9885771801886427,1.0321897325363494,1.0350088809637592,1.2948215673049968,1.1567413831776403,1.158913780142292,1.24798069594589,1.4825741897037177,1.190725492789703,1.169970568179894,1.1519827386407695,1.257508612917718,0.5708432446208553,0.8600924218717825,1.2037942157404935,1.0586027946188963,1.05125923735219,1.2862822324936611,1.0112398585638978,1.1468033605113384,1.2087373238167949,1.3073070389861623,1.233196003476437,1.2139138842734618,1.2667030333446165,1.0502676051842956,1.4144625775260031,1.1197816683131783,1.3887629559517065,1.277687140519218,1.0513994576832884,1.0197812773374924,1.1172552956239308,1.2387856901338414,1.1096800608718496,1.118192568763427,1.361272379350637,1.0362128824442403,1.2941157710288342,1.0631397587847007,1.2157903422143934,1.1256509528234264,0.9333465594261562,1.1266464999455554,1.316802897781008,1.590398155322393,1.062788613584127,0.898907244725384,0.8093025599083771,1.0654842698104294,1.1436102165050277,1.2018698170872737,1.0490792604029668,1.1732436618579347,1.1476105736223914,0.9158845723137367,0.9316745365262613,1.1357785946911105,1.1970075044947202,1.2146462181563835,1.1481990602961978
Bangladesh,1.3436656665912945,1.4648916125753688,1.3147977540748939,0.9634985254260057,1.3873945264693543,1.0,1.4746835357380388,1.0301072775208253,0.9545861999820106,1.3648121345006634,1.2184634591265155,1.1248614084227107,1.067856011520083,1.3219329883564173,1.1287223194422946,1.61364612303363,1.212306997784067,1.340449106015939,1.0493597925729563,1.0592241960570652,1.1472935912957731,1.0054924367414506,1.009625589676759,0.8518464859374626,1.3128214619640364,1.1586546873514878,0.8521759810044413,1.2552311142691654,1.2159832287210957,1.001509534215466,0.9869935970057653,1.1362057808637018,1.3530746947980319,0.9478315439210132,1.0393369624311388,1.1572586729473877,1.033796900670694,0.9281905302623199,1.6437678259484527,1.3086492878435108,0.9578070986799466,1.0702676898247145,1.0529585448970231,1.1455792408576613,1.4271685367162958,1.4773918215721333,0.8960195822912899,1.4792867137059726,1.3474251494701477,1.1163003851680402,1.2533244762330598,1.2801597121988104,0.9708277206626521,1.35084058198157,1.0325705764213233,1.2730602952713415,1.0977984017801306,1.220761147694439,0.9458479715929309,0.9484229224425152,1.4409441139093488,1.3532097322293632,1.691104268366839,0.9929618966272918,1.2277652169689512,1.2270526941389854,1.147104668797368,0.9398526316648126,1.2414194748167957,1.0779133776696876,0.857116238295208,0.8596890851091135,0.9741331910684787,1.128593770209187,1.3624121065836055,1.1787064133385632,1.3077635690382161,0.992860354200611,1.249149027599516,1.1426388175385749,1.2365806309609542,1.0978294054284201,1.1580710746240706,1.1902656371513833,0.9663375016222221,1.1752008315814135,1.2530923631726132,1.1940271718599593,1.3468300113829916,1.3807918545053515,1.0503989729567251,1.07029231177785,1.0451369508711934
Belarus,0.8154428375537511,0.7267844383025023,0.9564738518033898,0.9834749826820491,0.7804012778713588,1.4746835357380388,1.0,1.0175935137865528,1.2310906048582988,0.5548684598353255,0.8058094275978739,1.1465354673269599,0.9218713524229449,1.3800811011221636,0.8724391285929177,0.9638738890006535,0.8101341353166069,0.7079579593416031,0.9808526001366187,0.9380650436324716,1.0508648564469258,1.0061958080590485,1.2494322411005572,1.256655516865437,0.8622860599869306,1.114232346122846,1.1833168434458678,1.0803119142178068,0.9534837996552166,1.0567385962520621,1.1323209607067888,1.1375186063197336,1.0936116291118274,1.1232549173638167,0.9700361300809158,1.1842814443900118,1.2586643252148675,1.1197829774816839,1.2466172511046023,1.6057124938041305,1.1265452708040244,1.0840999148974364,1.14346010394104,1.1347013731474436,0.6761842810496262,0.7581632740201578,1.2831493525256243,0.9422028866291833,0.9352984279378598,1.2282893010030018,1.0877320642643038,1.0108149205376147,1.1588285774879536,1.3767899409259632,1.107976771840039,0.9428115509010437,1.0351276772553966,1.0397836514147811,1.278559234831224,1.071363344546159,1.4411026065086405,1.2016190880194317,0.9404055096267883,1.023281319062754,1.07269661206403,1.3951121408833764,1.2058416114653674,1.0737284403516099,1.20159465374368,0.9539611862461883,1.2680231275845744,1.041915949361609,1.2011777575573321,1.0375617451903334,0.6508783313974486,1.1453550334239795,1.0399768524704966,1.5787866244336242,0.8996959162701385,0.8515868755425425,0.7483672980072057,1.117370348296473,1.0700250186499385,1.1015292805223067,0.9749822177469125,1.1196538673737026,1.0377920398614306,0.9269467636141584,0.9289934823346018,0.7937998755358614,1.1705070637106711,1.1513604819214913,1.0821274487284582
Belgium,0.8421806946690553,1.0192062388017118,0.765922316282043,0.3248255199417628,1.1001496044010786,1.0301072775208253,1.0175935137865528,1.0,0.8013052708368444,0.8789104134934794,0.6761940421478596,1.1601292574946291,0.5017295388790446,0.9326435370013842,0.4394669671113795,1.2056476015191504,0.5812940951074832,0.8816994384130225,0.6262675766321795,0.5637871477812649,0.6667323715229372,0.5420027477087108,0.7061372689471396,0.6928971874333287,0.9154510565200267,1.185514951064395,0.614289762279023,0.7956511372204014,0.6747779649348427,0.26398752167681505,0.6223329740205704,1.2206391952525764,0.9365396396188126,0.5729381227506783,0.3463304749277011,0.7330453745279372,0.7760849575776273,0.6650873128641547,1.3144029199122238,1.1977764065226542,0.7257855660755717,0.3739314083865668,0.5850018360228398,0.5908264838347674,0.9871207310703425,0.8395382489696923,0.9616666104318301,0.69138853550517,0.9541302543381307,0.9637124369299799,0.8981863941102264,0.9420310031623909,1.0073289560813041,1.2894024507833477,0.4881847792139895,0.8498322627112854,0.9966333095396728,0.9221425958475342,1.0306236572851128,0.5470573240305799,1.1091695972826012,1.0242763542579667,1.1555453157649587,0.6690348381240127,0.710673708086104,1.2699717148755918,0.9039701002051593,0.6996304433272442,1.2101210240196345,0.7127996582192454,0.5825314849114788,0.6423295551872726,0.5416576928296758,0.9302579536318197,0.7841856119607372,0.8460752591706515,1.0273128821584887,1.216472485465932,0.6482691933051703,0.6981728066352028,0.5334207596775956,0.4994725739714336,0.8669776616445435,0.5400845536263398,0.5731268093803886,0.8083865940065448,0.6631127265265157,0.7059454009065028,1.1842217797176817,0.97551280093649,0.40976320142871564,0.46758290650699197,1.1455906921615469
Bolivia,1.0254539593620435,1.059818833873191,0.8762070223355256,0.7909306152899477,1.2236505388725907,0.9545861999820106,1.2310906048582988,0.8013052708368444,1.0,1.0454725365053261,1.072498194594294,1.0622221367095293,0.853276363222374,0.9591717544740825,0.8967462567467296,1.3264178491710517,0.7815490512067872,0.943941800767567,0.5534520177071995,0.7658160333798875,1.0625410279896905,0.9753694555210274,1.1398103939686637,0.7628385274343413,0.7133815244378866,1.3631250820248015,0.4908541232529052,1.2939098393148243,1.2426291026163758,0.7478322485549836,0.9540390337181127,0.9781587299424732,1.2479894139995027,0.750841506739791,0.6883421833617756,1.1135441571338136,0.579233248099728,0.3282011045666273,1.4668296377074688,1.46435723013818,0.9067843245318303,0.9180573267823662,0.7597141351008392,0.9855484771756134,1.0627087432136835,1.1792821523520964,1.0136926631099599,1.1625690041998955,1.0978619800992828,0.7648045883873582,1.2605424537273748,1.2998450231487966,1.0355120530524637,1.2672615555301454,0.7316577691360242,0.9143125923323552,0.8157531395353861,0.7082377826568597,0.9778769449764705,1.0072046255068114,1.3980932679342664,0.9926385325579073,1.1513261270431452,0.7885668108587945,1.1300567453870245,0.9585857901443675,0.9538209958977214,0.3685446818850315,1.0161433692615174,0.4958264013226643,0.46043138289462693,0.8671915052219858,0.9488490539558112,1.0548405259098637,1.211139813451102,0.8765697036802892,1.0111050345568886,1.2070325948268854,0.9474839645237693,1.0244445469117418,0.7725679412979253,0.9147578528824768,0.7508079844077997,1.0911267178972563,0.8899940136714973,0.7511267500297547,0.9187141651294869,0.751524385066985,1.169876647739833,1.3618688960081342,0.7084880471570639,0.9205954498794887,0.8470595048733949
Brazil,0.9356615771901584,0.8117889249917646,0.9018245807723896,0.8972400068207098,0.9900635500587915,1.3648121345006634,0.5548684598353255,0.8789104134934794,1.0454725365053261,1.0,0.9978627163995055,1.165176299353741,0.9623525566534723,1.3375306891191547,0.7920011057571367,1.0758596131310079,0.7039537947077732,0.7422831303922469,0.8216591693881138,0.8743034901841634,1.1546113909250681,1.0971758635890625,1.2397070480045838,1.1156056730665809,0.7694096494556244,1.1798987512418513,1.049664806339656,1.143848681616003,0.9999398384749741,0.9154822385578876,0.9983795962680971,0.9543921636569838,1.2564433478819796,0.9860378389073774,0.9053495412616066,1.2275333001025353,1.1682179429610986,0.8908693549536785,1.3731270513836702,1.6324380338638589,0.914892759840296,1.0211435235891697,1.1249962796148794,0.9984007516679244,0.9011724691408307,0.8144904878319047,1.1717647363324841,0.8087361903613101,1.1089047493712318,1.1191036220907908,1.2289102083754426,1.1304274926201123,1.2418038751399005,1.4809933742576051,0.9693623473189147,0.9085330844293742,0.8832172793664356,1.0172547334071922,1.1431814510779683,1.0575024353965106,1.5147502072891035,1.157326550874368,0.8837417827858589,0.9559170234459965,1.0964927484530975,1.2780283910746348,1.3083589951549741,0.9100333105188371,1.0941871937788232,0.76836308981531,1.0762544283891258,0.994362769708184,1.1167317985025844,1.1631100199809503,0.7577979157037487,1.0299543830848867,1.0805166308496694,1.6171471785598384,0.6978805139166594,0.9372878098043392,0.7156243407644479,1.146761153263378,0.9361175012322313,1.0377769979611997,0.8725425705559344,1.09231362852887,0.9417557813158658,0.8710449177334157,1.057173521355378,0.9156611590177535,1.0655867305848166,1.0901212423011908,0.9889868788501835
Bulgaria,0.67623134197177,0.8271228659671297,0.7765567825403813,0.6025399887330022,0.8789398094246554,1.2184634591265155,0.8058094275978739,0.6761940421478596,1.072498194594294,0.9978627163995055,1.0,1.1502539012823185,0.5484360270866475,1.1177020297048985,0.6586339297818197,1.174202499209584,0.7904041003733984,0.8575609273528564,0.9000671728855631,0.6946112280649311,0.398380696349869,0.4975276697385516,0.8839414901904115,0.9858784188090621,0.9964333958707597,1.0800539148572157,0.8605189335347985,0.8043718063755184,0.6668408594391851,0.7251836175064684,0.9229266080372616,1.3217149957137941,0.7224151324686022,0.7960773557986264,0.5980147630428876,0.7522775279293342,1.0779861982496306,0.9803221858286851,1.2303436434090045,1.2714337052404974,1.1073702773205616,0.690012560593612,0.6996847030488234,0.9189815285175454,0.7305226965138495,0.8093407165174129,1.261935845047542,0.861122293917936,0.7952096907684336,1.0830886592272755,0.7258820147964465,0.7498514067829315,1.0264814758666916,1.2159582853814785,0.8926357298896751,0.8328910259519147,1.1277135870889483,0.9626789496904326,1.262075301376068,0.6652124864222156,1.1417139470694775,1.1512500370387144,1.1282182174355107,0.7921089256354329,0.8163805561848158,1.3697686681209955,0.9756380251912498,0.922824076208249,1.3348194901739212,0.8604842605703564,0.9807658956421191,0.8257498529303835,0.7962523821763532,0.6565859007012818,0.6484144968417795,0.8723297679018706,1.0955841066716063,1.3236407430414334,1.001247773609699,0.5425636946212821,0.5940667551239011,0.565235396640705,1.0752031519285032,0.8467606968576955,0.8286955663507392,0.9099416799346668,0.840861263262879,0.8449730823898878,0.9714058481499049,0.7944528933369249,0.7710987678214671,0.8086207272165065,1.2874067623269392
Burkina Faso,1.1978812475595841,1.2464116652411426,1.3137729862050083,1.0719377074879834,1.2789599917211705,1.1248614084227107,1.1465354673269599,1.1601292574946291,1.0622221367095293,1.165176299353741,1.1502539012823185,1.0,1.0310453579126497,1.3831533630944444,1.1043506933567586,1.2032508185386517,0.9898262195258274,1.1563746492582607,1.0451766847927253,1.0450149658898535,1.1254685612195479,1.0859460778932555,1.1845285781466433,1.1054111208431883,1.0102688934784645,1.4979951972233723,0.9013571876029194,1.1538418317568115,1.2008238448052448,1.101235245934265,1.0838970436681998,0.9492675527679065,1.3896028138651177,1.2384934261869256,1.083421039881743,1.1306924986051525,1.0265230807180332,1.000689372276294,1.459640741553734,1.5651964440358201,1.3228377829603082,1.129680993781531,1.0235390174326773,1.0128221774884767,1.3225869574265374,1.1250415669850056,0.9608602047478718,1.362309832714509,1.066261462486015,1.313290051625765,1.192693566559356,1.0909442513344803,1.069068105183723,1.0337055709967657,1.0641780813666197,0.8652829177252783,0.9906487958720215,1.0066573907535443,1.2339452977205008,1.225193999536874,1.3375369313831842,1.2177631215666398,1.3547404220800234,1.2758031328937187,1.337239307212599,1.4489380491319708,1.2025519904084174,1.0327445849814385,1.029765574394909,0.9658941619103673,1.0080783080817146,1.263778710354847,1.2443353528085388,1.2859440146521068,1.1618943028612116,1.254456694284083,1.0740429898231427,1.246706894150162,1.1375617571858359,1.0251414751278944,1.0715765289477772,1.1910599241172033,1.1220211197336494,1.1737192395837812,1.176775800305487,0.9819751773820722,0.9821527530058455,1.1852781055330184,1.2533886236018978,1.0920011071999354,1.0416183051979269,1.1013448589787123,1.0548239151726204
Cambodia,0.8057917069434046,0.8721880832860583,0.7543092177636882,0.4707679025930412,0.906126546236655,1.067856011520083,0.9218713524229449,0.5017295388790446,0.853276363222374,0.9623525566534723,0.5484360270866475,1.0310453579126497,1.0,1.002087593260139,0.43142300157230823,1.1452068476171726,0.5419338194691669,0.8549916580211684,0.6610755278526153,0.6096833646824767,0.5819112093406287,0.4731322312799959,0.7248604475380095,0.796048291851407,0.8483947397413801,1.247957619123116,0.647839902536987,0.670218817482587,0.7004141744893456,0.5087520939125523,0.7734548014095964,1.2321196859079848,0.8783648581691211,0.6734267175559933,0.36542025037591397,0.7032967894274037,0.8707035826417656,0.7876247589909783,1.3281596888955791,1.2592441618014638,0.8717734699997381,0.5904732626113163,0.561083358022747,0.6592455524149211,0.8534477975113984,0.7295919540141497,1.048846591208899,0.8624199906051515,0.7228523453435599,0.9838854179741032,0.6303343718177591,0.7589149456284567,0.8614996546865218,1.2334857030382766,0.6283135856736012,0.7691389749967061,0.9408012189893941,0.9037253778500594,1.1352932528995499,0.6260246783273965,1.0549640846653934,0.953807234288662,1.1967732258875783,0.7641000009080297,0.6128668103072511,1.2450006575864132,0.7447567825880128,0.740440802572263,1.2709714082874486,0.7704062358143169,0.7475173997395765,0.8475725515418132,0.7768581760721812,0.7802816177687043,0.6459684071594216,0.9429161855957588,0.9633761182619455,1.2242389706647714,0.8328232509650668,0.6662712591532003,0.424521439037419,0.560851483231887,0.9408808528736536,0.7440477380658569,0.622007365509613,0.8192674016145374,0.7455015990247307,0.7301885980893351,1.191852738401106,0.8925419585980704,0.4958314846646895,0.5068009649423831,1.127682341551835
Cameroon,1.2066904581412605,1.2493432949315115,0.9389354485942485,1.024164901084275,1.429898002673446,1.3219329883564173,1.3800811011221636,0.9326435370013842,0.9591717544740825,1.3375306891191547,1.1177020297048985,1.3831533630944444,1.002087593260139,1.0,1.0389857884063345,1.0768984807873712,1.0134950364553053,1.2564597810792404,0.9743990972165446,1.0299423747339935,0.9940696840317833,1.0722782046893855,1.0981674076702592,1.219827356607529,1.041693156965135,1.5670248489303928,1.0115398218527623,1.1411325470240328,1.1957467713498713,0.9440623120886118,1.1511990464417277,1.4509235249283166,0.995721794675809,0.9934552380194419,0.9379661814146355,0.9620081712299681,0.9160773700292508,1.0639333263291917,1.3513235972680817,1.1485977935441092,1.2482251021566249,1.0177757722592453,0.8183690428218969,0.9919050475240496,1.2100573179172558,1.1566064317441915,1.221321080846687,1.1867226187914197,1.0255421522915267,0.9092532070990405,1.0466608165108844,1.1290620092491652,1.123678751490336,1.2784547170497065,0.9478678755037367,1.0803879963886907,1.105864100027336,1.029678995699072,1.245659428910332,1.1473786882372083,0.9092380534747312,1.0655834271279192,1.1808589251607664,1.119517464941524,0.9293758578757078,1.3452899427227523,0.8567042483323616,1.0117429211971543,1.281985017024905,1.1137764501636565,0.8405240484442432,1.156180050303599,1.0697467572743857,1.0052461133700723,1.2114048601303142,1.2206597996035145,1.0956942509628118,1.1126437251298613,1.1696259059169927,1.1341549022991335,1.0395546996484983,0.9550098631427196,1.1793196103414865,1.0455113945612944,1.1654641955898315,0.9683149308762208,0.9351581541621248,0.9528408375678874,1.3862681470210545,1.2620102705746785,0.8093224747476739,0.8706983976825658,1.373143027246076
Canada,0.8777173036059078,0.8759067845247885,0.7261893600505235,0.4408705679281074,0.9558187644973953,1.1287223194422946,0.8724391285929177,0.4394669671113795,0.8967462567467296,0.7920011057571367,0.6586339297818197,1.1043506933567586,0.43142300157230823,1.0389857884063345,1.0,1.2059302371594431,0.5742119772713933,0.7715164861533604,0.6237883668957764,0.5469030107560834,0.6468924291211148,0.6067186349289181,0.8121725567646962,0.830556833290965,0.8898239594130934,1.255503328256951,0.7169782804329721,0.6441791518711638,0.6386105124039699,0.5047939027177205,0.7193761869436964,1.1901394957849707,0.9402181597319405,0.5675794469939824,0.4305757758143617,0.7904320028027465,0.9050497093425708,0.7605695546453929,1.230924356253191,1.3034230916654665,0.7971022046768033,0.5916271218713027,0.6070131037050835,0.6367795997758439,0.9303684391629118,0.7119233607385733,1.040891928811647,0.7088673290021391,0.801537661270527,0.9920940778893411,0.7305893170281936,0.727693631241924,1.0254252326142304,1.3318031013793714,0.6378877719359979,0.7776237216575627,0.8847723041162974,0.9885732000990217,1.1371938598850289,0.6633901589870287,1.0401167630897585,0.9854449575229987,1.0968788637532294,0.7365630958180116,0.7006589753663894,1.3605794623369576,0.8847039261807159,0.7448767608189472,1.1839053677490396,0.7312678004865245,0.7631187082021815,0.764082087912115,0.7787250577862316,0.9074518476584738,0.5834571470661326,1.009567196420255,1.0027713074908993,1.3310392596794165,0.6667287568508992,0.6270500498148627,0.4379619852487472,0.6632666757561406,0.8677240482904846,0.6753498173487965,0.6483637392139224,0.8156124225039928,0.6923826183129008,0.7602480808381055,1.1565466812882221,0.8536491107593173,0.5359995079601456,0.5701468157591607,1.1463112680105707
Chad,1.2079464911309359,1.014258649775139,1.121051425812247,1.324497783562105,1.2275912845623513,1.61364612303363,0.9638738890006535,1.2056476015191504,1.3264178491710517,1.0758596131310079,1.174202499209584,1.2032508185386517,1.1452068476171726,1.0768984807873712,1.2059302371594431,1.0,1.052114798148469,1.14842263534013,1.1964243761443878,1.3089041474727081,1.2759563215631382,1.2737581926070305,1.4085910004864228,1.433545435344007,0.9800496608266867,1.543427772479833,1.3805226984020122,1.2768255257902477,1.3295864863906348,1.2713104588988333,1.448912449657428,1.3965987442371879,1.2092849229572016,1.4163512689505722,1.2404382142966919,1.2437771933931931,1.2094212736747165,1.3094370702810358,1.4223091792153681,1.4385887778239672,1.4635302149437595,1.325570946713863,1.290279523634468,1.1916449397466202,1.0161263330017443,1.0140442191297967,1.237723200044191,1.2398156514439613,1.0586294754764747,1.3648680146186607,1.215691694197711,1.235181795471265,1.3043499432168988,1.3176366825920838,1.2835668370083055,1.1262483023075227,1.207267123131637,1.1995313306654862,1.3764068246915229,1.4458348887032395,1.237397836162035,1.285388897155618,0.9330666572462163,1.3283444913168152,1.1294273261161978,1.5375672339184465,1.1550730412447743,1.2953409026037623,1.3379734649029345,1.2559163672825329,1.2819557569109494,1.4079643314332093,1.3920960434741676,1.2808022933313,1.1630498654124468,1.3137299221853171,1.109026869676167,1.4186233783533093,1.1449911326221547,1.2051539230520705,1.117222961442638,1.2998377344180307,1.3073340442184216,1.255733766057107,1.3543531578268695,1.1541406115235866,1.0662046214980399,1.0870882101113895,1.3318274335148657,1.1574317719744056,1.2523513069078782,1.1690473494839555,1.2444100983654534
Chile,0.8722239797566291,0.8396528378940613,0.7048980272047831,0.5604752727025828,1.015152032761905,1.212306997784067,0.8101341353166069,0.5812940951074832,0.7815490512067872,0.7039537947077732,0.7904041003733984,0.9898262195258274,0.5419338194691669,1.0134950364553053,0.5742119772713933,1.052114798148469,1.0,0.748558791933791,0.5132564098353823,0.5862361015076588,0.889064700686987,0.8012088712181922,0.9188110468807944,0.9158645563649648,0.5980578135285066,1.340852988343968,0.655586185377974,0.8555875607579545,0.8324487133577693,0.5905938913140629,0.7641695136876457,0.9844206944721697,1.1563336372557822,0.7752754203557091,0.4968874997990357,0.9504482413353417,0.8727252590985054,0.6708998506400312,1.3661160080662886,1.422653314147685,0.8344677392904873,0.7394569156878588,0.7210372375889353,0.6692622231021161,0.9085818807895506,0.7140817664697933,1.0083458834569015,0.7919666724815356,0.7199443284927055,1.014652029486806,0.8885787107333543,0.9259846740201577,1.0107004278894085,1.3681602722544823,0.5131470182560018,0.783120368715972,0.7253775955906472,0.8186748345046367,1.1825252823252834,0.8603011228543135,1.2272620075113054,0.8639339829539368,1.0338561995241318,0.8471967959057661,0.7947476427513442,1.1465149916612039,0.9382870350258211,0.6248830617153271,1.1418202775728767,0.5782931567104076,0.7703235279649212,0.9093460452791043,0.9884393424037522,1.0063015372169748,0.6534190528044606,0.911798348916838,0.7765094098117438,1.4151143548411151,0.6055076742391433,0.7672400699493556,0.36656300033073996,0.8549253447463901,0.6992756123172297,0.7696770460608825,0.6719225715065398,0.8643422005494675,0.6508833556099849,0.7494832968986224,1.0965272319615955,0.8678699942928607,0.6489046477917954,0.6616520504976577,1.0060205303053043
China,0.7947872345328525,0.653448372675192,0.9094266540804002,0.8959357619703268,0.6061718147061466,1.340449106015939,0.7079579593416031,0.8816994384130225,0.943941800767567,0.7422831303922469,0.8575609273528564,1.1563746492582607,0.8549916580211684,1.2564597810792404,0.7715164861533604,1.14842263534013,0.748558791933791,1.0,0.6732094150459867,0.682717898492593,1.0381974178333908,0.9534660956126036,1.2919446137117505,0.9966550097517544,0.8737659314523009,1.1234909286195662,0.9688493073722629,1.162594111527059,1.0680215239208501,0.9530756898635243,1.089173349517789,1.1818533952517858,1.1163804978045018,0.8700006796771168,0.8392094829295871,1.3031547758119675,0.8718586807697936,0.8147004629059047,1.1533258534303523,1.5617110387224291,1.0400977869488364,1.011890962026609,0.9875661406770053,1.1123788095971219,0.5677340113929357,0.8122926356689436,1.0304466366964187,0.9271442825698751,0.9315038939858032,1.084856816176347,1.1127325831333985,1.1447324403479808,1.1562572270788904,1.2846312359764942,1.0042230149794031,1.066346710127143,1.016658055447681,0.8378472702658394,1.3313679741808697,1.06411683576241,1.3954761324379923,1.0742731395247989,0.8837207287904832,0.872067481249957,1.1042018074441198,1.1677728162461871,1.0642801758347014,0.7689084915166883,1.1308724265002745,0.6733978010842945,1.0371949764464257,0.8579936422803329,1.1255759603955455,1.1510784100296627,0.8957739610566849,1.0263670829230556,1.0878689915622592,1.558868404468569,0.7721135751411426,0.7605718848085778,0.5794558256752986,0.9885662936555665,0.81504828578072,1.0661913299115078,0.949523651573023,0.9029368762632604,0.9108748467073121,0.7053273243170031,0.8184634316885799,1.0766517891192144,1.0144673181092032,1.1202807948684617,0.913524516995255
Colombia,0.993398362425303,0.8784561374425506,0.8391443542510179,0.6412428355638277,1.0003792910505729,1.0493597925729563,0.9808526001366187,0.6262675766321795,0.5534520177071995,0.8216591693881138,0.9000671728855631,1.0451766847927253,0.6610755278526153,0.9743990972165446,0.6237883668957764,1.1964243761443878,0.5132564098353823,0.6732094150459867,1.0,0.5743790332808121,0.9515001779706084,0.8506365346716946,1.0418332311584049,0.7991342611965407,0.6402265357700129,1.3348974441411634,0.5289736099359906,1.0342824189270932,1.0293739599229907,0.6485502846913644,0.8167817514729049,0.9654192194779337,1.1894212433708589,0.54487018006599,0.5974227573808233,1.052105339166429,0.6878799395572298,0.45985957974833386,1.3743227364056125,1.4592424368100292,0.8078749576293399,0.8285983140725991,0.673938161661467,0.8704708523902016,0.9089415393464706,0.9008317712868039,0.8652548000184481,0.9949992497879977,0.8240912929173468,0.8416525972616048,1.0331246861426266,1.05248787023593,1.004773137818631,1.3164246259073245,0.6486406181068408,0.8552536214699815,0.6289618898807978,0.7304313855806783,1.1428564157969987,0.9193636923696856,1.301624968810064,0.9431727630083981,1.0370551794848863,0.6849066424525514,0.9869193341768129,1.1425978619450847,0.9679649875023221,0.39018691587247367,1.0436017831652478,0.47504444158386294,0.646018963919577,0.7507265909376836,0.9864482572300117,1.0398263801884897,0.9312440774079032,0.9134611770070763,0.8662486245311101,1.4076145923375334,0.7170126315019713,0.7993642729502127,0.5217728046549714,0.8822222730988728,0.6400647931422737,0.8798012850125604,0.7670738603878535,0.6793295901009869,0.8467152566697967,0.7414471897574321,0.9587945140557786,1.1211831610678287,0.6620829596840475,0.8068091905707363,0.8463253382073808
Costa Rica,0.84690245058944,0.8697495562883213,0.7972509991960955,0.47314961924483984,0.9744929308549262,1.0592241960570652,0.9380650436324716,0.5637871477812649,0.7658160333798875,0.8743034901841634,0.6946112280649311,1.0450149658898535,0.6096833646824767,1.0299423747339935,0.5469030107560834,1.3089041474727081,0.5862361015076588,0.682717898492593,0.5743790332808121,1.0,0.7593861677489483,0.6448552192132047,0.8853050925844043,0.7952576313146628,0.8598778958001358,1.1686688860818801,0.5904991653495869,0.8879948559916908,0.7439472237466421,0.6063399371057657,0.6107400547601805,1.1177822223306486,1.0580836857291733,0.5332454146435123,0.46871049128773606,0.9937378236633847,0.8189158229659763,0.6430689716759729,1.2321723706370997,1.3757082795604128,0.8597934314574994,0.6731672326511103,0.6726011207661662,0.7260172546042796,0.9161373921660333,0.8872107371817413,0.9601490734173003,0.8692025168076728,0.8899474327961607,0.9773610451798292,0.8717577420192255,0.8595010174789743,0.9370299581862793,1.2700668143994087,0.5590033332159856,0.8830739429778705,0.8620908263958518,0.8306520039951286,1.1800254879499512,0.6825516897665815,1.222008298394671,0.819656501746587,1.1808165565485251,0.7645384387357772,0.8091908071400862,1.1340737678703101,0.9748630127952382,0.5418222474727619,1.0572763714706148,0.5398931586045559,0.6829978573680046,0.7344533526720763,0.8562467967483461,0.883297010956866,0.739389898159591,0.9490247210462559,1.0021203110744246,1.3046593318284256,0.7212416337502892,0.5098084073597542,0.48713039290161536,0.7356133415499662,0.7184481632206036,0.7640642672866536,0.6189449131039295,0.8508361254834348,0.6725212049607874,0.7021158214930202,1.0431530981171289,0.9486486861661309,0.6207808327405527,0.780047663973042,1.0129396932654289
Croatia,0.8085064352880688,1.0542756875475692,0.8714863270105357,0.5768086377713819,1.067101771135472,1.1472935912957731,1.0508648564469258,0.6667323715229372,1.0625410279896905,1.1546113909250681,0.398380696349869,1.1254685612195479,0.5819112093406287,0.9940696840317833,0.6468924291211148,1.2759563215631382,0.889064700686987,1.0381974178333908,0.9515001779706084,0.7593861677489483,1.0,0.48445240917995736,0.7626841697845614,0.9695160578256234,1.1014661802966328,1.2193033699609364,0.8022839817050733,0.7033578389505241,0.6492205353185424,0.656320628724754,0.8877576540515948,1.3729656409787157,0.6265079290308136,0.7749318601252323,0.6074258697768273,0.5407282242825073,1.0267562561840873,1.0082301866241943,1.2126216099238076,1.1675298441771231,1.1380139247294838,0.590256859768056,0.5006270382532136,0.8338630782760983,0.9781084426192652,0.8608008240519054,1.2517208513908535,0.9040772922015672,0.8632581393611448,1.0106664091935362,0.6655957225069574,0.6837500773694446,1.0371271786958574,1.1379265621158638,0.8875046834714082,0.7656378225025985,1.1619914144625314,0.9856072377492155,1.2381172964026679,0.6332980338110206,0.9229615604464398,1.193735156703752,1.226324942655144,0.882939643902984,0.8401965001051587,1.4689095125359866,0.888279020673923,0.9802673009862218,1.3207406832022999,0.9497210135691729,0.8849487526624548,0.8707974444254201,0.667941125571533,0.6548038108615816,0.771469713008161,0.9849161749905314,1.180614182810499,1.2045955999203637,1.0748645293944437,0.649770486630925,0.7245711860116135,0.44373743745682115,1.1867051125173333,0.7952781824030456,0.8957958919186536,0.8407665861357899,0.807049289599297,0.9223165771954582,1.1259609550399667,0.8060083524949606,0.6309433845504676,0.7073462522213813,1.4124775815110895
Czech Republic,0.8346496691539722,1.0543497049739334,0.993514321734822,0.5034452138903419,0.9854711646505393,1.0054924367414506,1.0061958080590485,0.5420027477087108,0.9753694555210274,1.0971758635890625,0.4975276697385516,1.0859460778932555,0.4731322312799959,1.0722782046893855,0.6067186349289181,1.2737581926070305,0.8012088712181922,0.9534660956126036,0.8506365346716946,0.6448552192132047,0.48445240917995736,1.0,0.618673697433793,0.7683367347110792,1.0652289207399488,1.0934788709861232,0.7394824678677849,0.727340814417621,0.600970244906023,0.5784985913984205,0.6953000478533143,1.3304936855870286,0.8043283618796843,0.6957366386172025,0.5201008229157965,0.6224913308809519,0.9098018145848946,0.9217654154127137,1.270150962991741,1.0556131580709103,0.9375770920982991,0.49418807662495123,0.6369678001323705,0.7161143313289818,0.9586022894122266,0.9221263567887313,1.031662123942856,0.9339674639779697,0.945918357565763,1.0521809822105672,0.7457975625350115,0.7943456696519071,0.8714863700004684,1.1414940711813861,0.7026019698656759,0.8669207907923426,1.1227579646722048,0.9423594110848919,1.0897760891114747,0.4379084920772526,1.0477119880401111,1.049401948225203,1.3282810447989124,0.7453172503057457,0.7279679833050386,1.3699782985139952,0.8121360764590823,0.8764798314048502,1.1997567999646368,0.9014502343225075,0.8207950884728923,0.6938487416203251,0.5963927467652478,0.7569717383217178,0.8057172983628162,1.0202387062185958,1.084227627672681,1.0893323839987608,0.9025168582448224,0.5318217811888799,0.6706569500888917,0.44218412549943303,1.0604654694459161,0.6002206400986714,0.6476851822580496,0.8472534641682095,0.8647316274435184,0.875331643330427,1.1648393151021366,0.963825419304446,0.6109039616783973,0.5983841808866576,1.1962357656696385
