Country Name,Albania,Angola,Australia,Azerbaijan,Bangladesh,Belarus,Belgium,Bolivia,Brazil,Bulgaria,Cambodia,Cameroon,Canada,Chile,China,Colombia,Costa Rica,Croatia,Czech Republic,Denmark,Ecuador,"Egypt, Arab Rep.",El Salvador,Estonia,Finland,France,Georgia,Germany,Ghana,Guatemala,Honduras,Hungary,India,Indonesia,Israel,Italy,Jamaica,Japan,Jordan,Kazakhstan,Kenya,"Korea, Rep.",Kyrgyz Republic,Latvia,Lithuania,Malaysia,Mexico,Mongolia,Morocco,Nepal,Netherlands,New Zealand,Nigeria,North Macedonia,Norway,Oman,Pakistan,Panama,Paraguay,Peru,Philippines,Poland,Portugal,Romania,Russian Federation,Saudi Arabia,Senegal,Slovak Republic,South Africa,Spain,Sri Lanka,Sweden,Switzerland,Tanzania,Thailand,Tunisia,Turkey,Ukraine,United Kingdom,United States,Uruguay
Albania,1.0,1.1395739013112678,1.1949205193850185,0.9520853120983969,1.5866951022607818,0.8217140568705089,1.1779786828593304,1.7475297327459292,1.1116865357939907,0.791018719052934,1.0916739978850702,1.5544506230182098,1.177668049070076,1.2287148408307758,1.044861826053587,1.4635149279265618,1.1866274787321172,0.9835930709991455,1.0516870410781722,1.3375550905187477,1.3581650003908787,0.8944623417904691,1.515042456946263,1.220643895579686,1.0105354425654876,1.1191148363954102,1.2650000915082382,1.333202409459169,1.5331139428794207,1.3928956914025312,1.1052354907363706,1.213773347848712,1.618359311094614,1.5741191927730132,1.402087615563362,1.0263059950440232,1.2423288730620992,1.395528909556825,0.8306344768999364,0.8914582960469098,1.5967630643444104,1.0319296139426022,1.2973533609848453,1.2054248702000643,1.1728486999384382,1.4166344735106815,1.4518891200877981,1.5748816027240238,1.1027012166463825,1.342905103481262,1.007421597718213,1.463203215352404,1.259710635804326,1.3126948747848985,1.2336148818175536,1.4103154283252017,1.3732469702286585,1.5106229058625804,1.5708420197644881,1.3649459740381291,1.6721540258543584,1.1907713612170687,1.0449534706527752,1.0849271154127462,0.9031665785793722,1.4136157440142512,1.4747428505981994,1.0920519273905411,0.9958573175780681,0.8922645392214644,1.5744038585716622,1.3109852415742047,1.1859367695725065,1.4576941822506637,1.2792911573847652,0.9265252019417204,1.6188316342332034,0.9120463084706277,1.3423655711677456,1.3929627750766616,1.5194459142025163
Angola,1.1395739013112678,1.0,0.8882845602882884,0.7447845474453368,1.5805972927979788,0.7740037697090936,1.1611702874131116,1.3273158498791915,0.8959249812232293,0.8881702228839435,0.9794687354808043,1.447974665683581,0.9934070640637581,0.974866737723446,0.7476322701022831,0.9614281876919084,1.0066601581911512,1.1635581937499453,1.1891519519893723,1.4149037371871571,0.8981046725436297,1.2847999648862827,1.2862519895251496,1.1967801033278485,1.2189970620025148,1.3006859585513328,0.9919075094994186,1.3620681869394236,1.3511734148843815,1.0406079976791511,1.0779263808716608,1.3698149562022395,1.527884823051602,1.151771154909344,1.398349269070223,1.399662551325029,1.3285033004609208,1.319496155852472,0.6070798199301165,0.961592223015303,1.4004573061628216,1.0981514393886542,1.4748449103414332,1.0432605569407432,1.0640839186826914,1.2397176418223506,1.3388470388115303,1.1146890209124032,1.2628736433878431,1.6237072735508846,1.3218535441341415,1.434135101336061,0.8412810026201893,1.1031997506496645,1.0860640319608188,1.3750589494146666,1.4137701895833383,1.0408697565394702,1.4099135710298196,0.8741367618487774,1.4751774272594353,1.3317460851268825,1.4777745382520178,1.061569706426394,0.9486691320565394,1.3548351373862622,1.7635104947773574,0.9347043047145054,0.6693894114739848,1.3174974855449129,1.1558842444074817,1.3256289247585749,1.2029188308156626,1.204853439947275,1.1743572410568357,1.023842860286196,1.2309240971271551,1.1351502560734672,1.3245630100011545,1.3295583961328963,1.2480829912690596
Australia,1.1949205193850185,0.8882845602882884,1.0,1.2241697066867847,1.5397360361096502,1.018950161375372,1.053486493556371,1.436443928277066,1.0670605004408238,0.926334089630498,1.018088971338149,1.2042318793791544,0.9695109838407732,0.9929229052254536,1.202177357039835,1.2190251114286939,1.1172443299837813,1.0676460424089897,1.2632380253625681,1.2837015530792122,1.1500357278572961,1.313167521037813,1.3513229927797186,1.1175461369896837,1.1118245292569566,1.158251496452415,1.170929753254159,1.3768228980234785,1.4161384928826155,1.1678423879695667,0.900677814628461,1.248155182406773,1.6584451777470495,1.2461906542786885,1.2634984208757725,1.3041873449363695,1.2078951936531146,1.2208811004166165,1.0350389730692424,1.168816071862237,1.6301331038001938,1.0448426560662367,1.3660646880920586,0.9986946049335407,1.041667320267531,0.9629330387712023,1.1886016345763986,1.1980958158916268,1.5924719291194276,1.5343314737558507,1.2563059960958591,1.2936128569596403,1.135998985507856,1.0980894895012003,0.9433638467646256,1.3875929796231983,1.2832006290724671,1.1727213696713696,1.577387890810399,1.0937183085335183,1.3160122325713914,1.302703613356677,1.379838980283782,0.9983924490395202,0.8582379774956511,1.2065251104365973,1.574406382661634,1.1625939650461636,0.9083962773348061,1.2449887684596217,1.132924678948421,1.3216856381091033,1.2003178589173227,1.4598546351293866,0.9979648821797136,1.0334374014580634,1.169765735710075,1.0093781256329097,1.1882983508431022,1.1218755512766962,1.4701820286295675
Azerbaijan,0.9520853120983969,0.7447845474453368,1.2241697066867847,1.0,1.4550662045732057,0.8228244973790857,1.17952258150099,1.4658260776916872,1.058926745164201,0.9116126307014749,0.9338468810212799,1.5872678072482094,1.0132089845436494,1.1009546647413682,0.5656283795417991,1.0287947019436048,1.0394933822241121,1.1299713758302266,1.044913035505878,1.348480991097987,1.2745149104048903,0.9729441248187303,1.321861744401498,1.182249870194845,1.1924778957889741,1.2711136803076328,1.0031169927315977,1.3727189346228206,1.502090749244221,1.088169835534299,1.089817140373529,1.3800877499627762,1.313689040960153,1.2890920364209755,1.2846332393371267,1.2906047492646127,1.2711754406019475,1.3708597038779,0.5816827228777085,0.9175968488640504,1.2751157583208195,1.1494585242649706,1.4358699550105456,1.0539865024821502,1.1713848774762265,1.3711457516040293,1.3956795066851972,1.3743534085145326,1.1233239275282845,1.5365244577874342,1.1992538686100895,1.4385820407437793,1.1357472237065793,1.0708041914468927,1.1985483715027623,1.351130419919444,1.2269222889314653,1.2320686690255265,1.4413661206744708,1.0965425388735677,1.5627106564663393,1.1217044713251911,1.3248160322307476,1.1931636077438004,0.9881643520331512,1.4215235514250615,1.662333541147232,0.9573238348271297,0.7580515443969817,1.1367310272817648,1.2699246828275126,1.2890811928114743,1.135912891912879,1.310744038414483,1.2759043828298093,0.8788746267338442,1.378933952446031,1.1628835949486518,1.3535281473157867,1.3337614367727413,1.2345105060785637
Bangladesh,1.5866951022607818,1.5805972927979788,1.5397360361096502,1.4550662045732057,1.0,1.5532199134646378,1.29814775054019,0.9710209296395598,1.5317915980733599,1.4312190191189662,1.2600867758042962,1.5220156165776741,1.3213207976049788,1.3951551595059963,1.4908364297791752,1.2862303396046293,1.1835706423019312,1.378714348645223,1.1591968491783664,1.1113473052139677,1.548593543842043,1.2036128475744547,0.9597027256794197,1.3344998548417637,1.2954136580095574,1.269820800700192,1.2837522899887086,1.091133064613969,1.2671783117701483,1.1405500624644525,1.2391444968918106,1.373473430679694,1.1827420184563366,1.0373396246965736,1.0617190585937704,1.307537649920856,1.3330736836696468,1.2913550961906743,1.5821344446312389,1.681470319210752,0.9934003631362633,1.656980552427686,1.35686308107608,1.312541821853752,1.3333765116866536,1.3089127849100628,1.1409165265947958,1.2143498539283297,1.5424470110483905,1.1629987560563864,1.088972636342097,1.4465312481474646,1.8951602138573913,1.1918497059562774,1.291858135160725,1.235610727212722,1.1402318143927068,1.0241543054898872,1.2020679843071171,1.2797587473564624,0.9494123177434453,1.0319009507674541,1.2283792314475301,1.2484172897216652,1.4681874150854306,1.3969243014344366,1.0340055462787996,1.2562053643739124,1.462452796848844,1.3726873302602245,1.2720997598403083,1.3275134625566603,1.0272837291642192,1.4199230054836105,1.5058047416408882,1.499001929586643,1.2950510441237404,1.4689503671833608,1.326788764059038,1.2708961485386752,1.0830566914408823
Belarus,0.8217140568705089,0.7740037697090936,1.018950161375372,0.8228244973790857,1.5532199134646378,1.0,1.0291936061727853,1.4678292690161907,0.5581294960646301,0.8109066821907766,0.9446686634733029,1.5252795669321682,0.8908822035959897,0.7907463134850704,0.7074653247473832,0.9788192109555433,0.9794402359788541,1.0994245720401161,1.0614214495206555,1.305029080938873,0.8738334842670337,1.0908406084752817,1.3058176785425006,1.1164878790510615,0.9949331039146676,1.0721689683674662,0.9577273107540785,1.2150307862175413,1.1961457751857614,1.2007287350357663,0.9566725601780018,1.2424457926856272,1.4982203735565691,1.1646244094671607,1.204550579278955,1.1577341787195974,1.2417794108763511,1.2239939212299362,0.7057019492770539,0.7948634031027513,1.3575615021879592,1.0146167170133118,1.3510578709683518,1.1323142823327423,1.0255128596527574,1.138186157484526,1.2193922803008994,1.1062732146634224,1.0930420926664632,1.3583535359095942,1.1329394546772238,1.4950885348440786,1.0116286521160949,1.0634700273023743,1.148838242486561,1.528145401726391,1.3478510482287331,1.1325170999583842,1.2731273907170382,0.9301468696292459,1.4886391247394126,1.0792870936321586,1.2908195891052097,1.0906830864213914,0.6828701376798613,1.1176539974126145,1.6470865654501832,0.8979870364683965,0.6353135190362138,1.2016726351780558,1.1730479790375283,1.1726656596536393,1.0434208915579586,1.2266529851923225,1.1171412319281906,0.8848317644766238,1.2172895292961854,0.7964271794110427,1.292900789408876,1.2450991081037324,1.1593691714619445
Belgium,1.1779786828593304,1.1611702874131116,1.053486493556371,1.17952258150099,1.29814775054019,1.0291936061727853,1.0,1.4814990760722242,1.0280703580756256,0.8215281550622137,0.7043108992937563,1.2251579323276398,0.5627438184883341,0.7754767539440796,1.125198497230769,1.0170777506118744,0.7790689309633261,0.855449184467691,0.6646947816553629,0.6534376100692435,1.3246980436211178,1.1545434841256235,1.0805597232129178,0.6462917089066001,0.4672546210338637,0.42220790530114244,0.9350879253491003,0.7070220626323358,1.5026120152944569,0.8272059550778506,0.5188140122837381,0.8652541082509786,1.3410638601829072,1.2263504898386342,0.872048040497783,0.5535731339093958,0.9726167246860207,0.6605651612278088,1.2032069324208914,0.9995048393311681,1.15615923600187,0.7225801099226679,1.4151635057092369,0.8352380230135641,0.8087774602917503,0.6362330654964076,0.6516679974886084,1.2579327975601857,1.51485147281363,1.3991540294809044,0.6324022899352216,1.0336026182895144,1.4017430506898176,0.9026378869416176,0.6381724150258418,1.5631801056736068,1.116114275311397,1.1864218433403864,1.3085366879615716,1.1615797747279544,1.0379432857700617,0.9136270630400503,0.7948317358511559,1.0761555833921268,0.7268395841755729,1.1913650908898845,1.3842809355772372,0.7635582093181547,0.7299165377826378,0.7785578870289855,1.168774036542143,0.45174186740245803,0.6322989437427323,1.2214130461277923,0.9557451219571395,1.1450150743293157,0.8896061932710134,0.8995841472125483,0.6757402482775996,0.6112541066384648,1.3954423823817845
Bolivia,1.7475297327459292,1.3273158498791915,1.436443928277066,1.4658260776916872,0.9710209296395598,1.4678292690161907,1.4814990760722242,1.0,1.358028164382033,1.541496005706592,1.40283999142455,1.3991588403123403,1.4400592171410447,1.3258777164708628,1.4315849480015366,1.0241646220734035,1.2876304555878388,1.5843632682983149,1.4401749451077874,1.3774864804132794,1.1641694065353616,1.4240577501410876,1.0387895377466576,1.5558390521410277,1.533566206346564,1.5235455556385444,1.3978311275936093,1.2739336052743184,1.0839878071760989,1.1309803613495004,1.3970323720804856,1.5289213421316548,1.330296414089962,0.797203526301618,1.1506488522168683,1.6177752927871234,1.5176259324441765,1.3735261105647467,1.4825744892944526,1.7148635116947282,1.221381576291192,1.6874232031822405,1.1845889076153235,1.4954114079387957,1.4316968617939776,1.2746485385777906,1.2134591067711786,0.9039825999072573,1.4316095342335704,1.350942576089222,1.430114408071641,1.6450629115166269,1.5689286847781356,1.04964767799819,1.4459281499909653,1.1398517209946137,1.4250893769839765,0.7688114299403084,0.8966020434831097,0.9838751320133471,1.0322913841852666,1.3337719228937002,1.5858250376224288,1.2856823367435264,1.5248478042666105,1.2148790251910118,1.405870912041424,1.3514724253301849,1.41532131257585,1.676277760614444,1.0842423252298727,1.4509754740086958,1.1957391151508299,1.3029529568265528,1.6067098011342784,1.526729430949593,1.1295777898352368,1.6043277887865601,1.4630482820699269,1.4330538294359418,0.81380022498479
Brazil,1.1116865357939907,0.8959249812232293,1.0670605004408238,1.058926745164201,1.5317915980733599,0.5581294960646301,1.0280703580756256,1.358028164382033,1.0,1.1438873369911888,1.1479922184689237,1.566029672060049,0.9250981126913244,0.790317249587565,0.841293000018517,0.9440306872101158,1.0363303364556822,1.3394780656994527,1.281022325427754,1.3570167943212927,0.8850502965468524,1.1779025007954327,1.3281541681784104,1.214803344735355,1.0773993822938037,1.0812614412138188,1.10006422030092,1.1456798362165064,1.055858672041908,1.1680038007059905,1.0810680835898003,1.3884628917904658,1.5607715904144757,0.9722970403849699,1.0463603004837805,1.2330322408031922,1.4252710309320686,1.1509817354303031,1.0252533290327872,0.9291440190486839,1.3084615700750781,0.9185768080802726,1.3461699417553339,1.3119543834093614,1.1666719635125933,1.0586001871993458,1.1657634604949645,1.0092054411249487,1.26338153959077,1.311845872724888,1.2185511439429013,1.5897184533977846,0.9885812005671438,1.1096279973000647,1.2172466434435096,1.4422457032746727,1.5483422582238784,1.081721952919674,1.1636591769789186,0.8383752887655241,1.3951380005950471,1.1678974144002439,1.3377983700906864,1.2934558011538786,0.8216151150392084,1.2064679026589835,1.7452880510600453,1.064174357058621,0.7885348877546897,1.417225021810194,1.1033064363522167,1.169512968278988,1.0088335469674035,1.3390855251127205,1.1283461552411354,1.025193184380125,1.136718225491836,0.9338711827801823,1.3424925980448104,1.292388188939874,1.10854188757273
Bulgaria,0.791018719052934,0.8881702228839435,0.926334089630498,0.9116126307014749,1.4312190191189662,0.8109066821907766,0.8215281550622137,1.541496005706592,1.1438873369911888,1.0,0.6526833636355155,1.3379983455841256,0.7971959094508063,0.9439497025871615,0.9868079134303339,1.1631735959981226,0.8242347883267814,0.476280448677869,0.5989114579427571,0.9813398744433968,1.2341014257691734,1.0711404940226161,1.1125142167594908,0.8280813429531612,0.6891350349842956,0.8771234518288888,0.8701926543283893,1.0892655654520147,1.5050997385987608,0.9922911933583705,0.6292841332100032,0.8793446854821348,1.4915761576475233,1.3688763016186687,1.3072532101755523,0.8503566255057551,0.839998714583272,1.086359053453804,0.8098119719452219,0.9311530733798407,1.453255664179294,0.9769565420044697,1.3654353051518553,0.7284358666453075,0.7076420807665433,1.0332254169555983,1.1041377453206762,1.320213322927749,1.2549013125079658,1.5316868800139571,0.796863205134469,1.1485258199696264,1.272529091787421,0.9696057777574186,0.8883291822430488,1.5572778110931906,1.1178334083866286,1.2072720396910823,1.4297226452586445,1.0867864698235852,1.358933550297572,1.025718107450853,0.9933866697512089,0.734924535272589,0.6729442267208565,1.2274803005919308,1.4485622247218093,0.6135865386941582,0.6233627616895928,0.6587827028516873,1.3058653546601209,0.9716330570488823,0.9772352575446759,1.1478679587038407,1.0392700094986147,1.064981805574528,1.1890080389158084,0.7789033637186175,0.9547089502121897,0.9957415017817045,1.4662952582613986
Cambodia,1.0916739978850702,0.9794687354808043,1.018088971338149,0.9338468810212799,1.2600867758042962,0.9446686634733029,0.7043108992937563,1.40283999142455,1.1479922184689237,0.6526833636355155,1.0,1.2867029333343363,0.5821900114169499,0.7277889269467108,1.0896329045074842,0.9718840178707148,0.8425543071797013,0.7193340921103717,0.5922708518860886,0.7485655513242594,1.1735893949953424,1.252393261137367,0.9554336215162912,0.5521159384408727,0.6651710691666723,0.7069122989049731,0.7560354591408501,0.9501383488994807,1.4615718152735517,0.9183111735933053,0.465155174503378,0.8140846076029613,1.377703701818112,1.2711732760575944,1.0756366570582205,0.8314011901993859,0.808883604133909,0.8070548831795104,1.021761473824731,0.8670376614044704,1.2455684363553277,1.0352191149381162,1.3532151376301975,0.48520461329508585,0.5945182448964085,0.9076715907330944,0.8697683608976624,1.155457516479852,1.3650197271143327,1.4517295837783601,0.7697361845980213,1.0220852290071698,1.4346542425328108,0.9951066892748006,0.6066384097163648,1.4983176977564427,0.8980527929701255,1.1288638613560114,1.4059273379331894,1.1566879782977635,1.1605533434714403,1.1412137608062478,1.0612518842161223,0.8740962596140235,0.6115512831894381,1.1130369375597002,1.3659050068552574,0.771004078545435,0.5514699814844506,0.7973046253741327,1.2496241720442214,0.8600128013313476,0.7646130228071087,1.1649585357033236,1.0404988949569154,1.086422600324459,0.9950082193018397,0.8350050826794813,0.6928401432211853,0.6723444674949253,1.342631564055498
Cameroon,1.5544506230182098,1.447974665683581,1.2042318793791544,1.5872678072482094,1.5220156165776741,1.5252795669321682,1.2251579323276398,1.3991588403123403,1.566029672060049,1.3379983455841256,1.2867029333343363,1.0,1.3213718731542623,1.3272171339424532,1.5723266998484844,1.318049289601936,1.3471510141966632,1.1995576765290632,1.3140154549389256,1.220909132336134,1.3630776427182585,1.6369884380906963,1.4275773934381681,1.2236239812317962,1.318685938330407,1.2755283671449529,1.3216300471620799,1.3780437552703977,1.6655960964151955,1.2587040978705868,1.2796969707862822,1.1093569905129108,1.281240061503041,1.616145757078079,1.4905892612694662,1.3251448366107264,1.0695989282107345,1.1947680170715012,1.445037088053155,1.3754713444097575,1.4071226514849604,1.4149617771320877,1.1549461263422176,1.1173872021185454,1.1621678735779655,1.2344493722872847,1.2362675055428254,1.3156571399381551,1.4226618778183047,1.4994955638285863,1.382561489118719,0.8821473039383291,1.3776220931088194,1.3802132958036573,1.0547179241393967,1.5832843832364665,1.0459987682142242,1.4309817971495709,1.4084507396236505,1.5657541583934318,1.098487207964251,1.4562822308373295,1.359012721731137,1.1432354304665409,1.3574942030951194,1.263798562394568,1.2029992530232165,1.3364692976071173,1.393854559626523,1.2515606566707174,1.4974060981054764,1.2164851935209053,1.4158430637411814,1.2727645956125924,1.216626782330292,1.3023586858886502,1.2704392630077626,1.331985265497935,1.0602964563885278,1.0862253060223723,1.5963294902145138
Canada,1.177668049070076,0.9934070640637581,0.9695109838407732,1.0132089845436494,1.3213207976049788,0.8908822035959897,0.5627438184883341,1.4400592171410447,0.9250981126913244,0.7971959094508063,0.5821900114169499,1.3213718731542623,1.0,0.7689441174394691,0.9725729342223038,0.8782582711598275,0.7419178512964211,0.7965082628755673,0.7654617342386143,0.8738813460679584,1.2172386427487352,1.2600776389764379,1.0317121825574924,0.5395296773972112,0.5941939307195347,0.6442584069663976,0.6240477310250755,0.8753146054959267,1.3942099077742236,0.7483031188592407,0.5443824792300147,0.9235250368107932,1.398358328423624,1.1399723685357417,0.9708450818818806,0.808741955440883,0.8432952725709634,0.7777860930921757,1.124259551641236,0.8475313660568758,1.2233288912852298,0.8348777004380228,1.338816464877394,0.6814739669905568,0.5731285203300458,0.7034346084951972,0.8707307777725046,1.0759420876256567,1.4655342787267804,1.427491967767726,0.8124928505554858,1.017491865886535,1.2992421824602258,0.9398177947578937,0.7548376629913546,1.6408510830586855,1.1055354150093308,1.0955763968224927,1.2923620061728094,1.059028864092157,1.126847717654776,1.000980636801979,1.0331741288030725,1.040991902323487,0.5437583180262833,1.1652718543640712,1.4917429197368444,0.7255309374883445,0.5639049847478467,0.9191117835630949,1.1388932366917865,0.7721798007052466,0.80146114305823,1.1367301456890428,0.9493336993527374,1.1027689624754604,0.859837801312154,0.7930838809752889,0.7163409065710927,0.7453954906389607,1.358052007175778
Chile,1.2287148408307758,0.974866737723446,0.9929229052254536,1.1009546647413682,1.3951551595059963,0.7907463134850704,0.7754767539440796,1.3258777164708628,0.790317249587565,0.9439497025871615,0.7277889269467108,1.3272171339424532,0.7689441174394691,1.0,1.0061905012838812,0.723181210031522,0.8452059960320435,1.1008069426059663,1.0125691511284656,0.9744064400747273,0.8689226022710637,1.3496652471596255,0.9405825791218547,0.8016680607755358,0.8309109989874258,0.8080154820969696,0.8380117192967581,0.9202364732694926,1.1196676031408337,1.0275152586106928,0.7217768388389117,1.1038643150462848,1.4524711519559959,1.0173614136939064,1.0093383789825094,1.0299203962406525,1.061469877307514,0.8051653475626419,1.1360440976421713,0.8500485974598088,1.166914231061154,0.9714202794443959,1.3995927093959224,0.8731412769566339,0.8214677607214822,0.8563084195102734,0.7388113185790871,0.8589703612569501,1.2722475595833276,1.4858944483941292,1.0554054912506903,1.295885936485009,1.2595362518655249,1.0714537788501113,0.8846774952684594,1.4284962068674982,1.2668480465934049,0.9608356288507094,1.2761945018852674,0.8805997677168752,1.1938812741855418,1.1955006014849365,1.33443999672758,1.1615720071815379,0.5960130550559328,0.88045094122859,1.6177370819873749,0.8999877760085586,0.5449208002324788,1.2247641233889512,0.9635473044374299,0.8727127199048117,0.8328719049930509,1.255410065226921,0.9304233187930684,1.1572167869656358,0.869105960711013,0.742637431574407,0.9522691193717877,0.8504608691247659,1.201639581979523
China,1.044861826053587,0.7476322701022831,1.202177357039835,0.5656283795417991,1.4908364297791752,0.7074653247473832,1.125198497230769,1.4315849480015366,0.841293000018517,0.9868079134303339,1.0896329045074842,1.5723266998484844,0.9725729342223038,1.0061905012838812,1.0,0.8294786673144514,0.897577184969864,1.2319140186098432,1.153924956712147,1.4432977216590495,1.180516310666589,1.0339718925911578,1.3442504865412035,1.2401903432936408,1.1605444756579362,1.2807238503316545,0.8831371173196966,1.305712473617181,1.3404632946228958,1.0626540043819745,1.1432157338724067,1.5175156088856352,1.2554432013530408,1.061002159534446,1.23405946276744,1.3173265070948434,1.3444383703778413,1.3512626180299518,0.679921420860275,0.9647481496630008,1.1518920553203271,1.127701448646314,1.3895070956783382,1.193221686276519,1.1644661419611786,1.3025752021010895,1.3489982624992825,1.211944073823908,1.1512188785402218,1.591094444034429,1.2674040279275942,1.5129954176037064,1.0459713637873271,1.0229692057256836,1.2844763290428274,1.4196745941642102,1.388368040088088,1.0317144331897223,1.2627312017871017,0.8759749220103632,1.5115495547261555,1.0136417348637397,1.4132604949526346,1.3118013562754351,0.9780906648950641,1.2807842364988573,1.7404377946956426,0.8757327491767025,0.7655933810222344,1.2958892674118656,1.0658280167578318,1.2397135365662348,1.163539143454828,1.199424221556269,1.207651435673955,0.9252737149645481,1.28653373705404,1.0852553874697222,1.414091236287947,1.4090406708754972,1.0577637057062015
Colombia,1.4635149279265618,0.9614281876919084,1.2190251114286939,1.0287947019436048,1.2862303396046293,0.9788192109555433,1.0170777506118744,1.0241646220734035,0.9440306872101158,1.1631735959981226,0.9718840178707148,1.318049289601936,0.8782582711598275,0.723181210031522,0.8294786673144514,1.0,0.8459591155736161,1.2851838147164976,1.1472979466638602,1.1942519492867854,0.9330053886483257,1.3800915425700955,0.9482966537807506,1.0602432982777557,1.114047241950299,1.124902632510558,0.8071849938366263,1.0191150244618992,1.1220787385307582,0.7713943774546206,1.024880180855047,1.3439999007122292,1.2533778509523106,0.8181350385551575,0.9991336931130163,1.2833853815466714,1.1534649484064254,1.1170270509708562,1.1160862309924153,1.1147946843219767,0.9928614913248115,1.2531553117827168,1.2493079636128017,1.0617126329673663,0.9876043170548326,1.0396170868613732,0.9681168104675169,0.6778084078311134,1.2448460597996633,1.5659614548946164,1.2106189407065284,1.3773385833158427,1.254958053173477,0.9118164348894219,1.1339553707448262,1.4160173908196179,1.291775185022546,0.6754376583695831,1.0606780079880103,0.80626521408668,1.2141742878405417,1.0721785098990457,1.491675568743231,1.2452129169092234,0.984722150886236,0.955478262638895,1.6765348443209278,0.9343118545019788,0.7877360804748792,1.4074815575740616,0.8486059995403162,1.0405151455311035,0.9675003875458434,1.0551233645895337,1.2881613464918973,1.2648042521120864,0.8705005108440258,1.1335504443205227,1.1582770732328427,1.1432955296561154,0.9489588792974964
Costa Rica,1.1866274787321172,1.0066601581911512,1.1172443299837813,1.0394933822241121,1.1835706423019312,0.9794402359788541,0.7790689309633261,1.2876304555878388,1.0363303364556822,0.8242347883267814,0.8425543071797013,1.3471510141966632,0.7419178512964211,0.8452059960320435,0.897577184969864,0.8459591155736161,1.0,0.9329080476098327,0.8050660913665544,0.9426308948639782,1.2391476801641905,1.103295825790073,0.8357083927730099,0.8651833187381108,0.7034712255344012,0.8705581746624436,0.6652135132253275,0.7136807315646168,1.3120295296954765,0.6840007228420033,0.6857072154971673,1.1855240810393552,1.3459764394702844,0.9698447161451266,1.0548190740984673,0.9461077316878638,0.9976928952834679,0.8944808799873478,1.13775329008164,1.0908191906037732,1.1124584262378356,1.0713844589112635,1.353389564601787,0.8542385617337647,0.7228704770010723,0.8871459945904234,0.8049385056805699,1.0561519497039746,1.2905733599958291,1.4988187244706712,0.8178505120508842,1.2793556194439488,1.4476836139609806,0.9713529708426684,0.902690911580807,1.395489196038539,1.297962812165958,0.812182877813179,1.1442840663849874,0.8169508136729864,1.027634632927473,0.9556171974071321,1.1528548570423816,0.9989578781168779,0.7419387655382125,1.1884747460190057,1.4722763066611442,0.5292834780875847,0.7194494238610137,1.0550807332027583,0.9817450161533291,0.8753818292629691,0.7639312297262374,1.23700445182979,0.963748317618202,1.0807326182449053,1.0769266954253067,0.8901669883039978,0.9222973379180636,1.0376276309698287,1.2089238545940124
Croatia,0.9835930709991455,1.1635581937499453,1.0676460424089897,1.1299713758302266,1.378714348645223,1.0994245720401161,0.855449184467691,1.5843632682983149,1.3394780656994527,0.476280448677869,0.7193340921103717,1.1995576765290632,0.7965082628755673,1.1008069426059663,1.2319140186098432,1.2851838147164976,0.9329080476098327,1.0,0.5916208794823758,0.8405046095193017,1.4008442544974435,1.244466479414866,1.0711577676061739,0.684380639639025,0.6452704158724815,0.816237516435402,0.8756031354374457,1.0584144740037993,1.585186385654829,0.9958950649337488,0.6955364048882674,0.637975669621629,1.4466989684092353,1.5092117903174562,1.3626450594153154,0.7411356557372522,0.5311621459983767,0.9923168014241711,1.1170605498867088,0.9941780850095379,1.462506060771954,1.0271256334109151,1.3021739924454883,0.623687869637199,0.5876694289561882,1.0333322864923131,1.116640084963218,1.3768177337607184,1.3305372114101408,1.5377708933656355,0.7705431132050339,0.8436821363147933,1.3965060946203396,1.1096632463040113,0.9056167803614174,1.6897565111612907,0.9880117000862334,1.3575877343134846,1.4114701562065834,1.2752184760031426,1.2411679439107999,1.1173822968531089,0.8586127073674407,0.7270538227853952,0.8066737681960723,1.3333330903193286,1.3216445995545218,0.734974433473107,0.8580357287394064,0.509481158934683,1.4688628639165326,0.9129606384551928,1.0668996427373734,1.0775146032862504,1.012748853211479,1.2301154218551433,1.1635550555440204,0.7753083214123652,0.7571811399550041,0.8884075848510183,1.629064942699103
Czech Republic,1.0516870410781722,1.1891519519893723,1.2632380253625681,1.044913035505878,1.1591968491783664,1.0614214495206555,0.6646947816553629,1.4401749451077874,1.281022325427754,0.5989114579427571,0.5922708518860886,1.3140154549389256,0.7654617342386143,1.0125691511284656,1.153924956712147,1.1472979466638602,0.8050660913665544,0.5916208794823758,1.0,0.6542326690057482,1.38043667844941,1.0721967993710588,0.9596106314856953,0.7168894008351593,0.5890968429381597,0.6826546061750083,0.8705970802470896,0.8332224185076712,1.536506456568596,0.8922433855864084,0.5738939435111198,0.7230840194269121,1.267435450998525,1.3446577177897112,1.1258904539194199,0.6171630732544937,0.8030393802150236,0.8612877031138806,1.1186626301400022,1.0870437316982573,1.1986144643985566,1.090125601213207,1.3639272468376884,0.7392448411593944,0.7400999551972403,0.9381436945000365,0.8874952878422069,1.3392204120461308,1.2898116728472167,1.3402460641440284,0.5311270667173743,1.0307278361679082,1.5406075319110435,0.9331524893695622,0.7871398054010568,1.5908232159875215,0.9311274129459464,1.205718607950705,1.2830946908298586,1.2280505274150957,1.117796288452271,0.8808258088333116,0.7459823060977973,0.8546661602701368,0.86378408762552,1.2344941278044799,1.184410873704134,0.6060770565795263,0.8240589623281257,0.523543732448525,1.3286307786016105,0.6845707359929719,0.7770977584234117,1.1093356363499014,1.1188387415064327,1.1839002548840942,1.0605774624692845,0.9749771723392991,0.7430540469059057,0.7568162692016931,1.3826084869027457
Denmark,1.3375550905187477,1.4149037371871571,1.2837015530792122,1.348480991097987,1.1113473052139677,1.305029080938873,0.6534376100692435,1.3774864804132794,1.3570167943212927,0.9813398744433968,0.7485655513242594,1.220909132336134,0.8738813460679584,0.9744064400747273,1.4432977216590495,1.1942519492867854,0.9426308948639782,0.8405046095193017,0.6542326690057482,1.0,1.4168499774404044,1.2950927952187108,0.813293172742533,0.6323386081915469,0.6005480361101858,0.5296542506493903,1.0952279361159685,0.6114054980005504,1.481459127060448,0.9757116731203801,0.6126927954537571,0.657338058631434,1.3181502552160484,1.3474132600505775,0.9211698230563076,0.5557073374579209,0.8297372583694292,0.6320076360684107,1.446241559175138,1.1993565813271356,1.2127464895764708,1.0282239777367834,1.4249159222271113,0.8288431526290331,0.8685812170467512,0.7607785683242944,0.5652792065775345,1.316281344053603,1.5081239851488213,1.3813736568002413,0.6099174250223421,0.9376199262273867,1.6570186880318423,1.069136300613614,0.760950499046417,1.526615778371216,0.984324618107994,1.2815692952438265,1.2863306044687437,1.3180951823628537,0.902653312973092,1.115313914199917,0.7855346060974137,1.0170694645715477,0.9535661629472734,1.239077238586195,1.169477844229436,0.9886376416754022,1.0088567597801503,0.7677676484624578,1.2898619141879821,0.5591095402322263,0.7091750465942959,1.2140037796084668,1.1062919701537939,1.3908849501843177,0.896397246563164,1.0207309564041458,0.5264514436705835,0.5367647241546426,1.4687344638318123
Ecuador,1.3581650003908787,0.8981046725436297,1.1500357278572961,1.2745149104048903,1.548593543842043,0.8738334842670337,1.3246980436211178,1.1641694065353616,0.8850502965468524,1.2341014257691734,1.1735893949953424,1.3630776427182585,1.2172386427487352,0.8689226022710637,1.180516310666589,0.9330053886483257,1.2391476801641905,1.4008442544974435,1.38043667844941,1.4168499774404044,1.0,1.6035056478718226,1.1980154338728561,1.2603107942885645,1.322531336167909,1.2901118346454612,1.1606910751306105,1.286992924169364,0.8501575954433643,1.2910613630593706,1.2418233003213666,1.3291958075127575,1.60843277217939,1.1410285029391358,1.3798572308326378,1.4619970673702811,1.3454737317747345,1.318385754129185,1.0992949994993997,1.060867919122273,1.387993768322636,1.3460566991165783,1.333878662606492,1.2393850580248817,1.1489587690976197,1.2834220183759044,1.2530425125149405,0.6751331938260925,1.0727761677592147,1.4062280834349632,1.4357331723966302,1.5061954354185554,1.038690377053028,1.3587785199252929,1.2094393336722729,1.434685480143687,1.4697204848762178,0.98954551615599,1.2847147023542989,1.043329576159615,1.455218369300745,1.4623988465647073,1.6330905256213781,1.147581068093075,1.0811276128414136,1.0550977512784243,1.6907292758447408,1.2514131517052722,0.9895116057131743,1.5660013029302975,1.1832451840465508,1.3689049416287593,1.294841393449819,1.1361894403128827,1.3444034397154607,1.347791455064206,1.1213022519696323,1.1092854427022178,1.3757763199331081,1.3470649722758194,1.1570265319483737
"Egypt, Arab Rep.",0.8944623417904691,1.2847999648862827,1.313167521037813,0.9729441248187303,1.2036128475744547,1.0908406084752817,1.1545434841256235,1.4240577501410876,1.1779025007954327,1.0711404940226161,1.252393261137367,1.6369884380906963,1.2600776389764379,1.3496652471596255,1.0339718925911578,1.3800915425700955,1.103295825790073,1.244466479414866,1.0721967993710588,1.2950927952187108,1.6035056478718226,1.0,1.4266243089500696,1.4450985479668677,1.1634655465628878,1.2417483188618983,1.3912286820728617,1.26567282149448,1.562686522267765,1.2176647836760932,1.143113533585394,1.4423758130477062,1.3659837291566868,1.2464236173599592,1.0620343995492743,1.162841386736738,1.4762757329629999,1.3972554791547485,1.040319624206112,1.4043157117883083,1.3663531810859195,1.2197157188714414,1.3238452989461655,1.4224373739182954,1.4275696570534506,1.2965474707226168,1.3174051419233723,1.6007025936399963,1.3569645251524458,1.2206079151435865,0.9704771974364372,1.6595490491424068,1.5149911305386285,0.9179305262094489,1.3433851514636503,1.16486013584676,1.3629370109923427,1.3059906921973667,1.3232771578119646,1.1736154396881606,1.4066491819859195,0.81039456467675,0.974587702968523,1.2391121577728528,1.1972011142313772,1.4624583089637697,1.353287547752098,1.080082907629978,1.1865569825509588,1.0819064589564478,1.3235620164934039,1.2798630367013073,0.9548934013045344,1.6035464013512553,1.3860308923733575,0.9167199131200802,1.5365674330808299,1.3106227824465093,1.4581180047774442,1.4094105795650498,1.1980553656484163
El Salvador,1.515042456946263,1.2862519895251496,1.3513229927797186,1.321861744401498,0.9597027256794197,1.3058176785425006,1.0805597232129178,1.0387895377466576,1.3281541681784104,1.1125142167594908,0.9554336215162912,1.4275773934381681,1.0317121825574924,0.9405825791218547,1.3442504865412035,0.9482966537807506,0.8357083927730099,1.0711577676061739,0.9596106314856953,0.813293172742533,1.1980154338728561,1.4266243089500696,1.0,0.8937227441123764,0.9774004078299305,1.0027069718013109,0.9160289223241347,0.7287111863998005,1.0746309770857767,0.8614530164807571,0.8978742782233515,1.0422783946974312,1.4109936865933,0.9863345962350465,1.1286469183327992,1.088733959649914,0.9131603013199328,0.9467399539168001,1.4852845398509607,1.3249746511639457,1.1489943831443235,1.3402699564142813,1.455077259949158,0.9332645959535459,0.8657452632851278,0.9766043419411911,0.7504563136439463,0.9056734789588347,1.3356066059720995,1.4936544372391438,0.9900235426744125,1.248079163734834,1.6196088414184335,1.134091333084246,1.1244652688694752,1.4080416910667375,1.2937046994734964,0.8831537894167395,1.138588950669361,0.9510334481626195,0.9991763948653148,1.2053620563519327,1.3085258820213892,1.1020923586939728,1.0642421618102738,1.13697870723736,1.41820230743856,0.9388337880767156,1.0279894276532044,1.238778160773783,1.0223967130233447,0.9739188787462228,0.925568584420496,1.1858279899466002,1.2217770082845603,1.5676790991662353,0.8981438025325755,1.1270608264037836,0.9162543554835046,0.9811545498566643,1.2763444352591706
Estonia,1.220643895579686,1.1967801033278485,1.1175461369896837,1.182249870194845,1.3344998548417637,1.1164878790510615,0.6462917089066001,1.5558390521410277,1.214803344735355,0.8280813429531612,0.5521159384408727,1.2236239812317962,0.5395296773972112,0.8016680607755358,1.2401903432936408,1.0602432982777557,0.8651833187381108,0.684380639639025,0.7168894008351593,0.6323386081915469,1.2603107942885645,1.4450985479668677,0.8937227441123764,1.0,0.537132682656281,0.5145252324548395,0.7268811640706832,0.7997353513426441,1.4206180108437727,0.9162475868292761,0.5642873282182445,0.6732846491932449,1.4242863416754838,1.3770041135773778,1.1323432838335739,0.6539217432963343,0.5779617615103831,0.6992119489173206,1.2981297683371582,0.8010739981547917,1.262492095133044,0.8906281830736869,1.4392369760821044,0.45413087107808425,0.49534320208455146,0.8305034447823215,0.7973936353837701,1.1692912983898835,1.4129470876623433,1.4893123705853935,0.7937132447563786,0.7472887469360653,1.4304084042544623,1.2160406101696297,0.6697132709673672,1.657924197088959,1.025278290506559,1.268275223973567,1.4480690758144832,1.2903885684617178,1.153953225683554,1.1934455459832807,1.0229394735357755,1.031961050977157,0.6482577491164146,1.1876446477199516,1.4009141501199205,0.8803653500788855,0.7369246058669167,0.7912820247814313,1.276661416837595,0.6907582409977329,0.9262930310104501,1.1317560160274887,0.931970406278204,1.3105202669528144,0.903512892731344,0.7496914714691281,0.4612830651659631,0.5756909190887454,1.564598257805878
Finland,1.0105354425654876,1.2189970620025148,1.1118245292569566,1.1924778957889741,1.2954136580095574,0.9949331039146676,0.4672546210338637,1.533566206346564,1.0773993822938037,0.6891350349842956,0.6651710691666723,1.318685938330407,0.5941939307195347,0.8309109989874258,1.1605444756579362,1.114047241950299,0.7034712255344012,0.6452704158724815,0.5890968429381597,0.6005480361101858,1.322531336167909,1.1634655465628878,0.9774004078299305,0.537132682656281,1.0,0.34335012897392053,0.8752377557134267,0.6102921237765503,1.4228259036200737,0.9102892446660265,0.45880418822324276,0.7773812755321708,1.453286579701676,1.290072158990364,0.9670662996423246,0.3721264104811299,0.794555148442209,0.6931153061552353,1.2259707148157024,0.9178158127986357,1.2984089293534573,0.7694310095994393,1.3171288860532733,0.7752162244347214,0.6338842249218246,0.7612928802709451,0.7474710059744252,1.264444357787573,1.406849356897188,1.4258541441542638,0.4694241831617815,1.0406326053541106,1.4806490344685415,1.0341404721042915,0.755373408132698,1.5738277737207889,1.1574762806911556,1.207961873532995,1.2984924668482802,1.163840893048795,1.1185390838423852,0.9947435154343442,0.749789798692208,0.9461441659416243,0.5866388877346042,1.2007838775909276,1.3692033282077536,0.740650166075636,0.7229478714267646,0.6580430128295026,1.2795029462259677,0.5822674049684129,0.694474142149763,1.1654949354976376,0.9787246929866447,1.2088235233339006,0.9991121798719613,0.646639873487517,0.631505715227231,0.7549635862710083,1.4614711159598257
