Country Name,Albania,Angola,Australia,Austria,Azerbaijan,Bangladesh,Belarus,Belgium,Bolivia,Brazil,Bulgaria,Burkina Faso,Cambodia,Cameroon,Canada,Chad,Chile,China,Colombia,Costa Rica,Croatia,Czech Republic,Denmark,Dominican Republic,Ecuador,"Egypt, Arab Rep.",El Salvador,Estonia,Finland,France,Germany,Ghana,Greece,Guatemala,Honduras,Hungary,India,Indonesia,"Iran, Islamic Rep.",Ireland,Israel,Italy,Jamaica,Japan,Jordan,Kazakhstan,Kenya,"Korea, Rep.",Kuwait,Kyrgyz Republic,Latvia,Lithuania,Madagascar,Mali,Mexico,Moldova,Mongolia,Morocco,Nepal,Netherlands,New Zealand,Nicaragua,Nigeria,North Macedonia,Norway,Oman,Pakistan,Panama,Paraguay,Peru,Philippines,Poland,Portugal,Romania,Russian Federation,Rwanda,Saudi Arabia,Senegal,Singapore,Slovak Republic,South Africa,Spain,Sri Lanka,Sweden,Switzerland,Tanzania,Thailand,Tunisia,Uganda,Ukraine,United Kingdom,United States,Uruguay
Albania,1.0,2.6718628440988414,1.5865875350625869,2.3585841975224286,2.854959708751294,1.6226853196202498,2.1019719173980387,2.4692361631711854,2.372992893596206,2.5964052372625406,1.7196815863557298,2.158690817859036,1.3681999132153608,1.7369059796228374,1.8795258526898373,3.02374948552985,1.8908455415554286,1.6456992961279686,1.950966740698469,1.850160519289024,2.645940250484316,2.073012409564025,2.3868544513685697,2.5013153146883926,2.8409977060711764,1.789545036692512,3.19403227991394,2.1652201841503076,2.232745989411565,2.5520061214046015,3.066973025489102,2.2693499380187863,3.5913852151073735,1.9774302994222521,1.6305818035596127,2.3424453275523094,1.83194726756931,2.0336170341577753,2.8652329655509376,2.7555961470571946,2.2695096771965284,3.0937159193390578,3.3331290170464656,3.1523936051480392,1.3733663634399917,1.4825055231617352,2.739649142387464,1.3991125874491432,3.255137573556119,2.5169840123738174,2.57979238821109,2.0754544872067666,2.4265739947115383,2.432725504506336,2.8772178436192974,2.457972573065291,2.4900921870618595,1.7727540217034936,2.4246973844291535,2.460286036936019,2.1264092580474916,2.4666539260938025,1.8781506982579697,2.28388463005734,2.063691749605138,2.6165786143471523,1.8548729840315563,2.8427263100134637,3.723255212499614,2.4614896436063027,2.32092500158618,1.8060563354578452,3.17913599012356,2.59473298218453,1.564847435241641,1.7790607459538021,2.7614786908848927,2.3231766704355152,1.944118019530488,2.1153517753459226,1.8333977951972487,2.486913788409785,1.625310654968098,2.5857313760268195,1.805408446813165,1.7767467568996729,1.9155920532349007,1.9092351744181975,1.7018633610004983,2.908020625591713,2.2593454389501884,2.1177174013393882,3.539928561349168
Angola,2.6718628440988414,1.0,2.423707531877807,3.699168173562189,2.3477010291305187,3.2487364888194294,2.1786082452684994,3.598343064071353,3.0730372252639766,2.903655906079728,2.8495518800042126,2.6261816373959053,2.556434460796323,2.319711191239959,3.1548698541966362,2.3679337073918862,2.7010744452474307,2.67989999889234,2.6538452379071504,2.782020420633256,3.569002299555144,3.2803270309132424,3.323547916037873,2.8109535972864443,2.2180195937019684,2.965328314960068,3.5085596891216473,3.0631475712601537,3.131593612023363,4.086511116170959,3.158077073571138,2.0168619972581605,3.488551963271372,2.2268809311984326,3.2971229964729045,4.039882107018121,2.6596419593819833,2.70556867004772,3.38207281776734,3.9721296375407413,2.9019733255932985,3.763632059184404,3.380418380890088,3.3066864790693287,1.9870366017584233,1.9702131870645534,2.104844660380413,2.3809201324413953,2.8386407932698923,3.5372185329710257,2.8759872193428384,2.4325096556456263,3.8095691339597577,2.2201555203806294,2.8710357239282738,3.52621250586433,2.4225519985696025,2.764974529533107,3.206922838552754,3.9099467057132022,2.9189613022230283,3.2334491693010268,2.4006672871727357,2.9286136187554215,2.3271639265629562,2.2016253685602822,1.892080350421258,2.6735222896163267,3.0354622670701983,2.6827696946995347,3.5886665138796396,2.7899098932537707,4.527945892332726,2.65861792186215,2.791612365946596,2.4136835521101374,2.8877360674881998,2.820067120731607,2.3573382101219837,2.9704571839127305,2.626641871126355,4.096331801349156,2.579504142297064,3.3446551911472038,3.1604869116994325,2.9536908001740407,3.0399054748084975,3.216396497370923,2.6711335792035125,3.1222625586168404,4.00932010253588,3.463776356820509,2.9383655646997253
Australia,1.5865875350625869,2.423707531877807,1.0,2.454267504109157,2.087403925158912,1.3584576181895867,2.1525455696317075,2.36658244531002,1.7412253390019017,2.4278545157581197,2.2270037916499508,1.3170473496305823,1.1153766625000157,1.0924001333773457,2.2047436750766343,2.7727825969858815,1.648981779112603,1.0348424940713667,1.9027698342099661,1.6186424555217538,2.7591374693844286,2.362839920086307,2.644274646038725,2.0947837409470225,2.240167754238854,1.198932565292101,2.3841905156766194,2.3888181085493008,2.7589797437296286,2.6679805503848497,3.0679494886501413,1.4659645887251995,3.1305150330562475,1.4051973580908568,1.6730624644250205,2.7650074922247607,1.5157379193925513,1.1856396373338014,3.2317160597044117,2.6911564332441307,1.8672175982148513,3.566773548976919,3.3555097664435776,3.2602755195409605,1.8001446166056478,1.590280128126251,1.7403167250987053,1.2328795127949739,2.9682506667348743,2.6442394289333246,3.2057776290424664,2.1046994952773415,2.7576994313148964,2.0957319434473654,2.5105220428438857,2.393168275336116,2.0370065916648574,1.6644485288452298,1.855629943859409,2.6405660489352654,1.5930651859933453,2.182183653925188,1.4488327739992728,2.4307259680037197,2.2259001136030916,2.6504066262982833,1.3797816385623047,2.1571797386977716,2.7050694657916137,2.288352220223,2.01084763343717,1.7228703800702192,3.5147589634599132,2.62639975958926,2.0079840824305735,1.5585698854856331,2.751765912225978,1.4936475335831265,2.1760377739175643,2.2704764663983505,1.8745322237072493,2.868503878044403,1.5047404960251567,2.3201646720627864,2.022652803973417,1.1267204008916794,2.02548622663306,2.1350600991096207,1.1534959722343794,2.7748658213930026,2.336332256912011,1.9728129453047354,2.9796644225073914
Austria,2.3585841975224286,3.699168173562189,2.454267504109157,1.0,3.5717017896241225,2.5233434760201714,2.9898356054394704,1.653377299821119,2.0627546480583767,2.975995990042305,2.4168566945134784,2.843187829203333,2.322900926520866,2.6374211463459725,1.7600849999194983,3.651925981886781,2.502239595524866,2.8590684945306073,2.1742744594852983,2.728381194006059,2.4364743326113443,2.031999062430691,2.418417735890671,2.8751125536444357,2.87896428455091,2.5039920339610022,1.7449254623721064,2.344190096260336,2.6191205762766323,1.5284847651483304,2.485930733197379,2.6519795358056766,2.7735214759084057,2.540415705693352,1.857479943121211,2.908214075719971,2.5556415143900404,2.820796831161543,3.8195952245681206,3.3688090020423047,2.79667842593527,2.5674654225636173,2.1309517323103893,2.762557549265459,2.7554231752937257,2.2985613562386042,3.023642152839882,2.5806409709182088,3.5520695217137948,2.841940329283627,2.77830783655943,2.485223520675698,2.992022063103267,3.0848704139859935,1.617129575834538,2.5987437701792295,2.6866147653327137,2.4310676439217884,3.4317049790548455,2.1097544340005974,2.831615942878808,3.57575542275976,2.864734187175443,2.5861889188165694,2.7879213417068214,3.3684522227539637,2.5310651334697085,2.115292551595399,4.146330703922196,2.0439361358620114,2.3103002114778253,2.3913343441728614,2.360461175195709,2.7722690148984546,2.2399711406898604,2.7161606956087896,3.672814758871363,2.8616831863457817,3.0110143019544675,2.5815728358639807,2.1473693562488365,2.2414578117810393,2.637800105384958,2.572253370432863,2.70127217228216,2.3781355721724906,2.6632337982062375,1.9015358722150575,2.5030842316212767,2.8866530370708343,1.559368233744448,2.2637422113507313,3.9724143968654024
Azerbaijan,2.854959708751294,2.3477010291305187,2.087403925158912,3.5717017896241225,1.0,2.924753608605186,2.075126035929093,3.6319842691666286,2.9702368563526886,2.8448719054091147,3.174162789938563,2.4979053516387233,2.7352707679480086,2.149596172195411,3.058631139118546,2.447708289496192,2.5009788728191737,2.148528285530318,2.8089455332180657,2.4428218481589936,3.634991621983095,3.3126243204727777,4.042883940319965,3.7047383901484476,2.443396245990713,3.3942237043891383,4.269218252448333,3.4201861214455347,3.314201622550668,3.5322407919757612,4.037620770811377,1.857704870317325,3.5070246370500566,2.7835048469694086,3.366568233509771,4.042398948665345,3.2841782644014232,2.9635898434669246,3.8207844698202313,3.6213204226457285,3.865462661828818,3.6735121045177976,3.456879583955123,3.3502640703306312,1.874822547297641,2.7155684991583064,2.5910346826950734,2.412231940643622,2.584174776771631,3.7807291307453723,3.3383373230041804,2.806512236098544,3.4037387939105135,3.221299352637371,3.4809941356316547,3.5259442260765215,2.2193354932918217,2.5806767912989517,2.7452637631910144,4.0559026731844785,3.477739488830877,3.941704316834797,1.452629679782464,3.623282237329098,2.56590853267232,2.846030387637232,2.349537344159928,3.126497118103605,2.9580980615386356,3.1435076434150147,3.9823789603997195,2.9894114513921304,4.385967936416693,3.6356160158655277,2.531726149337144,2.9403547587000545,2.7288818670672894,2.6169759074937993,2.334374753185604,2.838322848378113,2.2065151202932953,3.432069581977748,2.6073019829873685,3.595734493084181,3.3664163263178213,2.334844023024737,3.118827451881616,2.798574254849909,2.6101003277891257,3.091823561458725,3.49867830073499,4.0774874285337015,3.274572324407572
Bangladesh,1.6226853196202498,3.2487364888194294,1.3584576181895867,2.5233434760201714,2.924753608605186,1.0,2.2855610291035737,2.569272099053699,1.646724842268207,2.69066225497375,2.1594755468217643,1.270868987161007,1.4371713051995676,1.1914280766650505,2.2723212077961694,2.9983820896790663,2.0285587130043967,1.1701633400175955,1.7194648971946813,1.6318458764352508,2.7677291089058436,2.3506024535187455,2.8902141175197134,2.2789534836726797,2.557416489518629,1.263192626837264,2.687923351594673,2.3394852236553314,2.9825691291195735,2.7631859822841545,3.1966657077928664,1.4765559991302564,3.9747002455799576,1.4784740843236082,1.9077923156770018,2.624298057141262,1.2626976958516285,0.9553994548877696,3.310221265995385,2.5189734583968773,2.353697228251186,4.407136246309654,3.3234018074419494,3.461740629555361,1.2880704957985583,2.2022301176754233,1.6002625124308625,1.5446895750110028,3.64736083681391,2.6805374558228383,2.4065349236468614,1.8462286245311752,2.3149617690997726,2.2856551556772304,3.087246089587774,2.64331428381665,2.1496984844855334,1.9335087477305548,1.885115867768742,2.8323144133372047,1.4006891803346004,2.2059226309822644,1.5945969790034762,2.6354860801527975,2.4042643222228173,2.8758882329451616,1.3634792543562921,2.223074929973844,2.6802145024459967,1.8940469182931787,1.4446985571416329,1.6877283642908494,3.513457474185933,2.692722762018589,2.5082776969040976,1.5390857585987716,3.0159020141829522,1.5101306245286488,2.403186054123803,2.080279332689023,2.101334468709781,2.944262253451756,1.4893724303684839,2.759775857814745,2.3031111196292837,0.8514490692789658,2.104559127015224,2.197709581515829,1.1876545355726305,3.0640469007819706,2.4317083716171064,2.167169543476935,3.262174080407515
Belarus,2.1019719173980387,2.1786082452684994,2.1525455696317075,2.9898356054394704,2.075126035929093,2.2855610291035737,1.0,2.771969290114913,2.538332105337191,2.1041000924486646,2.4109450702521373,2.323921209964132,2.0175333295459907,1.9521641645426413,2.5183217668323343,1.8023460988686981,1.983636878372095,1.699970672993739,2.3744543498366917,2.0377352980892818,3.116034366981703,2.8301613815651856,3.349899318095584,3.366934124435418,2.286012146546332,2.502020829240855,3.532115406500696,2.5565260042421074,2.628599483626293,3.32045789873566,3.4555994339587053,1.9493630775023683,2.8283213564157452,2.4187965538062133,2.715902236902409,3.113144447656324,2.6147363651464444,2.358079618571769,3.115792820440465,3.506603659260823,3.0574936088538105,3.3786763247370724,3.051343133100934,3.483217081907132,1.6573441300129617,1.9236585911907542,2.203084007507982,2.197187463928936,2.542176539535887,3.2294603804157296,2.158729148027337,2.3797560093386294,3.2500958273820317,2.702932971573185,3.3738810784678646,3.1362649698850786,2.463825843092477,2.396433507609492,2.7578553123436214,3.3702808978143164,2.5853085190510385,3.00729292116174,2.0020558361611767,2.889687151929724,2.1972811598520607,2.7389015169385984,1.9209573507018287,2.6768495578253,3.249722260284886,2.1520744467925876,3.5912355560101634,2.7566738813138767,3.635682635032661,3.0546979632640268,2.127425148912692,2.3120510181481206,2.960856276021626,2.0741031372448164,2.547414823393075,2.388878697348308,2.0461579909831515,2.734350449491903,2.25109845643989,2.92675934885354,2.7764648951191897,1.9892682920641158,2.4504695595269244,2.5032984373646894,2.193755102088469,2.597451412752662,3.186905788431443,3.2100685040830013,3.433455852012147
Belgium,2.4692361631711854,3.598343064071353,2.36658244531002,1.653377299821119,3.6319842691666286,2.569272099053699,2.771969290114913,1.0,2.2785989299769267,2.7413703063760204,2.3197356839496144,2.768230053490828,2.4883940634575676,2.650595559890025,1.600479363369644,3.647715622748379,2.2736022080976133,2.6874714511254174,1.8519099924078597,2.289857057569807,2.3748127819781715,2.3894987506403296,2.4397961627798797,2.4288879376383683,2.6767175628961954,2.2970194563400774,1.963201647560847,2.6215597329174525,2.9140248592736926,1.7267565027113583,2.5089696613803163,2.719027150244887,3.1732941594314457,2.376178766532335,1.81708748938227,3.007015834319132,2.3771985245827723,2.8497058085868527,3.6966832025678955,3.0231202300138404,2.5619965344067213,3.2357674369618534,2.733691699916484,2.867596195088363,2.8103902848543836,2.499299699189908,2.903810828509628,2.4565122052132486,3.2861945274601903,2.677998531455033,2.8780984606585043,2.808133473758808,2.921510111902217,2.8333468240253294,2.168158875281961,2.7464265944745962,2.5776766875371964,2.369514842566378,3.132155283872358,2.490308664621947,2.8743615272587735,3.506536511922178,3.19046737847627,2.395415423582321,2.6047919261362757,3.6683707588841776,2.569537827454895,1.8893337566937094,3.803952036044787,1.8171989858535933,2.178348483840613,2.5495026266012517,2.6291278282595805,2.7317726608312123,2.739300469620052,2.5853187241756235,3.583167174740235,2.8157331055665593,2.6110199621021293,2.4150167391899835,2.164071590094725,2.2359746596910632,2.7739142541776634,2.350046589473854,2.1815982655217274,2.648854841170471,2.0520111679610546,1.9758600333272585,2.5240663563040284,3.615845368459993,2.118579141972316,1.806602272211422,4.2690149077376836
Bolivia,2.372992893596206,3.0730372252639766,1.7412253390019017,2.0627546480583767,2.9702368563526886,1.646724842268207,2.538332105337191,2.2785989299769267,1.0,2.5846379127073957,2.6083556519241204,1.6886398542184844,1.8533078532351066,1.5558751812937284,1.9316282205966635,3.4637657688021073,1.6954672566643247,1.5166869501926026,1.1013648346183729,1.880258963120069,2.6104139588321384,2.2525520780745154,2.744089484773089,2.0546714201150205,1.979391458248674,1.8369828890134983,1.5965127411679003,2.895748151395854,3.2586972142811312,2.498582721775825,2.7034876002394763,1.746576064483358,3.60167466355844,1.832263854296085,1.2424351358119852,2.7711758049764263,1.2915210850263386,1.3676301603513266,3.74925189883918,3.220213029823272,2.146622630652755,3.967677919596322,2.8541487312003824,2.7847079075047816,1.6896974244004856,2.65981328423026,1.9987931904982237,2.582549446849142,3.2059181996455433,2.6199597083755646,3.0061162446877834,2.4099284610360665,2.7773202391102125,2.476718417493039,2.4040756011798154,2.186429122710724,1.9579407768928938,1.7211140414910855,2.492725439832771,2.4442630975408677,2.075083451188631,2.256928754568793,1.955223178249436,2.360129669238604,2.922923518782953,2.943797041036774,2.1423785116539515,1.2855792699405162,2.9908790885584295,1.0011315489207862,1.0415290209240549,1.970379809367782,2.977627713390455,2.7090723763901003,2.7724685114789005,2.0415600813618657,3.2093443125462766,1.9297965788389415,2.5920479386865716,2.1739151730366406,1.6331018426997612,2.767396189717633,1.9316887245461867,2.870821739657074,2.468766651785794,1.2465960708809072,2.200276793061477,1.722075472218452,1.6090285384839098,3.4476422997752896,2.1911361902072723,1.9227797684002155,2.701194468110769
Brazil,2.5964052372625406,2.903655906079728,2.4278545157581197,2.975995990042305,2.8448719054091147,2.69066225497375,2.1041000924486646,2.7413703063760204,2.5846379127073957,1.0,2.582068103476116,2.8326082636258647,2.598246317109644,2.483678970921969,2.3649087577409036,3.059462551175743,2.3112224236073238,2.3995608064568024,2.507521331433217,2.30306918817366,3.265057962728381,2.4807950421144853,3.274725044074073,3.0066384691741,2.4122727969313096,3.095990674264994,3.436281055678105,2.748792606561259,3.1748892935409336,2.9491395592363876,3.2063041944322492,2.5132022550039883,2.698253621098145,2.7916884841809018,2.918138328386846,3.028342459839261,2.534872889816962,2.7065299330074835,2.7726225845393335,3.7904191634642275,3.1114689180140216,3.6885291662570396,3.276159522381229,3.630478735488242,2.2954935460978,2.6366178573373147,2.5485496528896086,2.866257505238942,2.7174262596960004,2.9130602323167842,2.752028771099167,3.1439406314840443,2.789000781911757,3.3367849720842657,3.3051087027933717,2.795213538745609,2.6051627176913112,2.551994657606855,2.833378576166167,3.234911218313971,3.137424748192721,2.922596040880983,2.5791442823345414,2.897935996445918,2.623456003472412,2.640780005214736,2.6482491418284075,2.888728874706118,3.161315560383044,2.3930395787160266,3.2092642022953446,2.7977759310379615,3.7986057978314065,2.844029628272681,2.7641805037909597,2.852905087314727,2.6554313742385167,2.8083214727461367,2.091474227682061,2.642797814120147,2.7328277503004372,3.0146449013888343,2.7600452002332414,2.2350752633341804,2.754962484614551,2.595842114898967,2.4504409408340266,2.570056460058865,2.457206162887431,2.7223912958033414,3.0267247885941835,2.524336989912678,3.10559019029533
Bulgaria,1.7196815863557298,2.8495518800042126,2.2270037916499508,2.4168566945134784,3.174162789938563,2.1594755468217643,2.4109450702521373,2.3197356839496144,2.6083556519241204,2.582068103476116,1.0,2.4837895674678467,1.457352326102281,2.0745550210639245,1.944115162720836,2.8507618410931572,2.099982169756706,2.3002951487429475,2.028267073708191,2.009467837266003,2.417855213940333,1.6673667366414309,2.4940919210508623,2.2566701510152027,2.965251893536091,1.9032567436561298,2.951213218742066,1.5110900432785357,2.6093300779156356,3.120526850928011,3.1333255874291024,2.303460892916152,2.8819630318012046,1.8427689343882614,2.0855441737880844,2.1841778444900015,2.103842461742733,2.539687849256725,2.7795025073083375,3.2501612372965303,2.5449488805073557,3.544267119998415,3.203735348161657,3.611782472551027,1.9613907098525656,1.7937763573518148,2.211305255480552,2.3555454350349088,3.383033474219251,2.3624013054190214,1.6489040729702276,2.399837410861952,2.1063464703568275,2.7705113037175364,3.1254719599694383,2.2138968860748003,2.205172353663168,2.4069384248844417,2.4132648486483914,2.1301621248554214,1.9815349831793252,2.8683508703115534,2.7008983203142,2.1281224490702053,2.1222525563455,2.9071280594523072,1.9790161736021146,2.6144293693196965,3.5629393267317733,2.392240123370655,2.4178887962046627,2.0931671685029536,3.2112831549796135,1.4521711111695115,1.9074720027136902,2.1303543456777096,3.4179646554363914,2.35645224655657,2.3040725921988714,1.9917381205628322,2.0519605220044355,2.758464053686581,2.092989526323192,2.4243057949678057,2.0843654734613586,2.302456329456333,1.9866439747038005,2.3284270668201836,2.0878805448074558,2.9696673541660785,3.182530359453067,2.183413898421935,3.7269296655605118
Burkina Faso,2.158690817859036,2.6261816373959053,1.3170473496305823,2.843187829203333,2.4979053516387233,1.270868987161007,2.323921209964132,2.768230053490828,1.6886398542184844,2.8326082636258647,2.4837895674678467,1.0,1.8462708127372223,1.397210806374529,2.7507732281425974,2.7878638529069266,1.8138222040500696,1.4012642287963848,1.921040571401848,1.8229026596734548,3.079640286687158,2.5179044582727284,2.761202851693943,2.1907873745482154,2.3032096759978438,1.4725697468926813,2.2597666933303513,2.751451241663439,3.256798475517507,2.9857985106697265,3.0510247248366165,1.373642426180346,3.9507055186616067,1.5773528638198677,2.2462753799902613,2.5329822973049048,1.4842816243460253,1.4297172171887371,3.359881056969855,2.8835436128605223,1.7494906134182246,4.07717759129587,3.0785348480545514,3.5670596947250064,1.5741551456592169,2.000353072638866,1.52983836185753,2.0210784053760515,2.892797604066964,2.70078368986653,2.8626603376178936,2.3391473992669534,3.0769341080967094,2.204322821004918,2.629419638076918,2.439945858402512,2.03332050035229,1.8090846354554087,2.309290983836525,2.999360560951865,1.5860013418397072,2.220809595790421,1.5830425392393492,2.5294408303337663,2.3396179013550835,2.6575700147880505,1.4424333928223367,2.0538919412888204,2.417963019820629,1.9460182065686238,1.7302584847912381,1.6244985784632517,3.679394790233583,2.846259104443529,2.387243842586946,1.6692580709256086,2.8907286791867057,1.3138948102793515,2.5513752979126,2.3098053463469777,2.2315291722868977,3.1180163593867722,1.9785468974748848,2.7981516148903474,2.192985717983043,1.0628010193872748,2.2433551288298803,2.2185853115311875,1.2401262205580403,2.970260575190407,2.7202636569356833,2.266861549669521,2.268654837072687
Cambodia,1.3681999132153608,2.556434460796323,1.1153766625000157,2.322900926520866,2.7352707679480086,1.4371713051995676,2.0175333295459907,2.4883940634575676,1.8533078532351066,2.598246317109644,1.457352326102281,1.8462708127372223,1.0,1.272761485159952,2.092914677071406,2.541896240194643,1.8788978672699972,1.2532512737863135,2.1416171406419657,1.5445821730818723,2.2036251605704504,2.125014121932331,2.5234811617945723,2.138509010691921,2.457256659119385,1.5170839330343866,2.6240884991527915,2.0994442568714566,2.52639263008114,2.4978495089416954,3.166576666254642,1.8653255650296123,3.233598363521147,1.0822015649748025,1.5751475485545228,1.9958306751196613,1.6401103809765702,0.9415080619358698,2.8524075229993064,2.682874194668955,1.9808875303285072,3.753494747507502,3.6040213278752615,3.1570368264837576,1.8160351498241527,1.6201391306138402,1.595127525130574,1.6971650099102618,3.3058912945381107,2.452353421349984,2.5339460546142853,2.3067041793923644,2.5972900212581234,2.1251480020326383,2.756054645284527,2.1443237782766165,2.06597788350009,1.8625429204896111,1.4932787354392136,2.330583809707858,1.402737173816433,2.1106669029914977,1.764246594579989,2.1560033396540224,2.0296965872536483,2.6591373570528014,1.4594677632547786,2.37738133235551,2.8410624425547546,2.49262351352679,2.055338741219595,1.624936469256157,3.1413401804013033,2.2096059203221836,2.2161698127810663,1.3460115652501077,3.0538250538090597,1.8531239048870363,2.581325638946788,2.319362593244148,1.8258883129517276,2.3748594845544355,1.5059146932737577,2.549681076950062,2.2479581199573144,1.2445950016274787,1.9075082059595023,2.215389158826415,1.4665678591389726,3.098230581066094,2.1812848091342953,1.7130035303681983,3.5837919951720933
Cameroon,1.7369059796228374,2.319711191239959,1.0924001333773457,2.6374211463459725,2.149596172195411,1.1914280766650505,1.9521641645426413,2.650595559890025,1.5558751812937284,2.483678970921969,2.0745550210639245,1.397210806374529,1.272761485159952,1.0,2.1698464481491153,2.5042136979709966,2.064015179998881,0.9886738744616864,1.9571353943226661,1.6966928215052675,2.963616210549023,2.104524122676992,2.436287974960014,2.1816945511719728,2.113956815666479,1.4142543892479855,2.3921551460705706,2.6612564889393737,2.9449000824052103,3.0472141958333276,3.295789968527772,1.5460130895867616,3.381868537802218,1.3628218336009883,1.8460461493572686,2.412421242328616,1.4891433009634296,1.064027211171032,3.24631747183162,2.7529489579494015,2.095168148910743,3.752285969244643,3.3271495706277996,3.2594051250674534,1.7930450938580216,1.6789495165285835,1.6350859579557044,1.5759807225179785,3.205073225814012,2.5326123519362866,2.75220586690737,1.979221580387304,2.8564071851768826,2.0630689460276397,2.8492893345464787,2.371514335570912,2.293962240792056,1.9570046702301815,1.9517094156369619,2.6602227937628116,1.572968478951813,2.2100152453582163,1.5432904413354862,2.412863576246546,2.1292097681711017,2.586133434188733,1.395198875752674,2.246657100904748,2.6829962007466874,2.1280869811399437,1.702111900579389,1.7790200952264295,3.365524617943197,2.320788327589605,2.201834207269646,1.2209982680327323,2.895731336546708,1.4216064371054982,2.536099529118141,2.37022520386983,2.024672288684889,2.866350447102079,1.7062198237330457,2.8559345072403945,2.4132234462464464,0.8798604565594533,2.2782635166291825,2.1962903344638085,1.4287119348432205,2.8818312303010165,2.515545285590096,2.0614009665292263,2.748019537338036
Canada,1.8795258526898373,3.1548698541966362,2.2047436750766343,1.7600849999194983,3.058631139118546,2.2723212077961694,2.5183217668323343,1.600479363369644,1.9316282205966635,2.3649087577409036,1.944115162720836,2.7507732281425974,2.092914677071406,2.1698464481491153,1.0,2.8312705675248013,2.013318896749988,2.1945277887953765,1.7434947626638364,2.0984255450952003,2.7188761278317504,1.99497082996727,1.9989624012752227,2.6219907640941695,2.4889093883530427,2.2418850693240078,2.126117705814944,2.078670725207873,2.422203323482346,2.086933213463155,2.645157436884368,2.7579834409976414,3.207828986282493,2.4059640914352256,1.5339061169647645,2.6005040249714253,2.098616965881335,2.505056403135587,3.3382416943670963,3.1823340593619642,2.483996965502899,3.4158336451410145,3.0505899797279,3.0144554809357293,2.36965466833786,1.9883986572077204,2.6679221727382236,2.3168983238123855,3.004318711522758,2.512130474827347,2.631517618950829,2.322790349934324,2.8312740898760236,2.7176261729754154,2.3891620999457057,2.219632872558499,2.5774573083560823,2.0364353949643306,2.9246680942315098,2.274158791326063,2.5773123962650146,3.0466558822927525,2.7183431022613753,1.9842899557419957,2.41789303180886,3.0180270099653943,2.6262158072636526,2.0065879316674007,3.515707914331408,1.889992121577699,2.22162906681128,2.3569897815150016,3.2217942938941335,2.4219407949314493,2.388340499671094,2.217301906171348,3.121518115725569,2.62696950574434,2.360067244445199,2.1311248876978155,1.8733648260541131,2.569996721349006,2.18784480375686,2.439502588601752,1.8927107120829738,2.344681481259233,2.2014670552351205,1.998139608053457,2.3212219410208537,2.996108646519708,2.601408105182698,1.47413389671008,3.3851822721398492
Chad,3.02374948552985,2.3679337073918862,2.7727825969858815,3.651925981886781,2.447708289496192,2.9983820896790663,1.8023460988686981,3.647715622748379,3.4637657688021073,3.059462551175743,2.8507618410931572,2.7878638529069266,2.541896240194643,2.5042136979709966,2.8312705675248013,1.0,3.0460185660348356,2.6412111257466306,3.0853488228167434,2.8651010419376015,3.78321003586418,3.7207894771005763,3.761398737083991,3.8335606171883994,2.6563063089737913,3.1611702734791995,4.130191860757198,3.1529193882287143,3.1646867585593617,3.7344571054464635,3.607561495312901,2.4478937496574487,3.324232637630533,2.7216697800850906,3.29951434751586,3.7965752588242627,3.1794349526050416,3.228314667056291,3.3391893741276046,3.639660084089683,2.7865558684800615,3.5327250941398325,3.215793311218295,3.6788300600298567,2.1866546017240593,2.5391116924188175,2.5870137937838407,2.6888323365341664,3.056257757624058,3.747076375362352,2.919506389029624,2.5383812494694307,3.9422718557650307,2.9173488156825313,3.1764319040071096,3.4180081827553326,2.8098066398646138,3.1355907896350392,3.5144874856363613,4.097467419643172,3.1137506706694618,3.673391577770443,2.6153767935599648,3.249119854165009,2.594160530416053,3.235569437805375,2.4140664699845726,2.8623877781518132,2.986824383531651,2.4947043507969875,4.167980292459205,3.275848952843138,3.918214315077316,3.1471989130049796,3.0194843023701816,2.686149100885565,3.1012698341516107,2.704060494466023,2.7723252644655143,3.3272657022652448,2.8501507699134803,3.750339196777139,2.566621956240866,3.8346915741389993,3.6104751986678876,2.5194411586921763,3.076370016006138,3.0402597236931554,2.7033421263937143,3.028811225264339,3.823401648275759,3.7031606140974027,3.159704808892998
Chile,1.8908455415554286,2.7010744452474307,1.648981779112603,2.502239595524866,2.5009788728191737,2.0285587130043967,1.983636878372095,2.2736022080976133,1.6954672566643247,2.3112224236073238,2.099982169756706,1.8138222040500696,1.8788978672699972,2.064015179998881,2.013318896749988,3.0460185660348356,1.0,1.8413469881062672,1.724141186994036,1.3070133766620209,2.5059335800065483,1.9876641377885078,2.901004385648628,1.9028300230922615,2.249425183584294,1.8793837130061928,2.420159732180557,2.1286308485799363,2.710036155806314,2.7464735653091132,2.6351233464493475,1.8177275503682173,3.3936764081508444,2.094803746930447,1.759249459031043,2.5430413803181655,1.7445391544043631,1.9332493463814675,3.1103506090664603,2.956890320221952,2.4004193032628067,3.7955490341581877,3.2423419493062235,2.8764088953408575,1.5476067816105799,2.0836473310035215,2.5840790215621507,2.00476767707599,2.210706267428028,2.476270904196185,2.1999667658413324,2.503637041336282,2.6862910056000637,2.55768774457266,2.5600684680364196,2.2625781799509275,2.180913343610941,1.7155861037373497,2.5908417596057913,2.75777121490108,2.044604371680175,2.496632462453826,1.926910433739594,2.383600017427488,2.32018746491594,2.581774964343108,1.8790774186342136,2.212304004764739,3.291319915018883,1.8542632423969265,2.0742027476787346,2.0613998360058745,3.8483678394114182,3.064667659255629,2.457051421118071,2.221963452115078,2.546135966912391,1.9849135369710735,2.231172613297015,1.9881990706982735,1.485899374459732,2.6185935415102466,1.9313954989445454,2.1523299920595833,1.7384464078775839,1.8080943163257701,1.687409197273448,1.784513411001463,1.8553298465777994,3.1202228835411954,2.6655512878586274,1.6765805917673384,3.1109214251694373
China,1.6456992961279686,2.67989999889234,1.0348424940713667,2.8590684945306073,2.148528285530318,1.1701633400175955,1.699970672993739,2.6874714511254174,1.5166869501926026,2.3995608064568024,2.3002951487429475,1.4012642287963848,1.2532512737863135,0.9886738744616864,2.1945277887953765,2.6412111257466306,1.8413469881062672,1.0,1.7738593941409235,1.4662519674729042,3.2254716971590556,2.5513527772976774,3.1866686306775396,2.534941207055212,2.23727938727459,1.3124774586188501,2.6397032771392794,2.4746677263941814,2.9463361493009295,2.7937088686034146,3.40430595775623,1.7614154880374813,3.2887570360161016,1.5310426428652357,1.6895613415811044,2.837583230658694,1.54319796727823,1.086687666942742,3.161775931790471,2.7158710547198455,2.162180137052176,3.4323756209547445,3.3602555754312347,3.2035823463604034,1.274296122920238,1.6565871584807335,1.655615268772337,1.517971331119788,3.0781048357859198,2.52948598176034,2.73182367218539,2.1094595957415083,2.7821405106001977,2.224191329807351,2.853194450722339,2.188018806491417,2.119841999511366,1.9596580920319695,2.168777941468379,2.9086411619372896,1.529912606700331,2.411474964649689,1.170028817744954,2.520726019509743,2.629562606029304,3.0748451840366027,1.6751260553665317,2.0539035510642694,2.592077476498149,1.7682757330098897,1.9336495750952856,1.8977734331219636,3.768034226425036,2.7687076325334377,1.6972521153889992,1.5520234826045187,2.71468729809824,1.6430172384960586,2.10990237680132,2.1973002385585727,1.5715695836786834,2.8848239519610126,1.4092918609593335,2.62382749160174,2.092292553595049,0.7658344302502628,2.120513557291644,1.6988117568198962,1.1363133003563666,2.8325452517199983,2.302991096389662,2.168291707567594,2.6278207017294903
Colombia,1.950966740698469,2.6538452379071504,1.9027698342099661,2.1742744594852983,2.8089455332180657,1.7194648971946813,2.3744543498366917,1.8519099924078597,1.1013648346183729,2.507521331433217,2.028267073708191,1.921040571401848,2.1416171406419657,1.9571353943226661,1.7434947626638364,3.0853488228167434,1.724141186994036,1.7738593941409235,1.0,1.7658057842645218,2.3913442095335564,1.7745735238118634,2.7438928168239483,2.064422958981132,2.153260722734949,1.8355517856637729,1.8648854930152639,2.7480780676169703,2.85336092467962,2.6024072687557642,2.6298004583653785,1.9065451342407336,3.3682385284739342,1.7838322823468231,1.609897369943266,2.4207914092739298,1.293060883907029,1.9115893238174197,3.035010964497732,2.7220728371316376,2.2145459067634605,4.083662948272404,2.8360596612196667,3.1823901401711234,1.7474125262726372,2.1644249464567182,2.1889814999006205,2.184907883870329,2.8628487877136797,2.0364340685562934,2.5605850368207728,2.1414083805881785,2.4776827667560375,2.720427803662574,2.4201119574313164,2.1327034862681353,1.9622600966390946,1.5248105840249402,2.735059614847335,2.3725022936938407,2.0978133644810306,2.3943100713331953,2.120358587176871,1.9208582394849967,2.507566229443033,2.9387611402912586,2.1463518731410276,1.371236662254636,3.1828360813702363,1.4163132700627656,1.3440901016047047,1.8440649363403452,3.4693079649780527,2.8158410020239732,2.653056719550912,1.9642448265445698,3.103105799174264,2.0889223002017197,2.1989485617414335,2.0203236072096464,1.6800314577589135,2.6156338796030845,1.8877517157436225,2.621574301143253,2.291042635556358,1.6340062720962365,1.9030045572543655,1.6586271734538314,1.7105158058717,3.1948349817709287,2.449623764066161,1.7091532547430162,2.6520768599918654
Costa Rica,1.850160519289024,2.782020420633256,1.6186424555217538,2.728381194006059,2.4428218481589936,1.6318458764352508,2.0377352980892818,2.289857057569807,1.880258963120069,2.30306918817366,2.009467837266003,1.8229026596734548,1.5445821730818723,1.6966928215052675,2.0984255450952003,2.8651010419376015,1.3070133766620209,1.4662519674729042,1.7658057842645218,1.0,2.527428992725449,2.2262383084015602,2.435887037177085,1.8973868363657216,2.2367239572682656,1.6465408661990772,2.6537111487379286,1.9494957838568958,2.5230348036572545,2.8766979195537075,3.007715664306408,2.015801628902994,3.2455776657103126,1.5005719799745518,1.8102544492795183,2.476549824253863,1.4327621891489528,1.4996218511132078,2.8603596905837785,2.8899050182716834,2.3471223283416687,4.31735556200036,3.4832764548971156,3.4770119381088436,1.3350977632218166,2.065689686396457,2.228469337803027,1.8938249077451956,2.9184685795343484,2.293606737648991,2.0509917477871893,2.129947963576242,2.398845875968262,2.463303409015503,2.8387845181712317,2.2497111457444405,1.9216669028380813,1.6887906420490286,2.5165758957680557,2.73022147363745,1.8351309529289597,1.9910853671031952,1.8595674005084943,2.337601941660067,2.2327114898641436,2.6155455291811025,1.822946443519874,2.2272202984558316,2.781561956151857,1.973364563426594,1.8509052346803931,1.8375942181663811,3.7984033635008414,2.387558296746195,2.4547670536685215,1.6463669408084374,2.4402082290537943,1.951070651123364,2.0386497929850935,1.5810226267973118,1.7131633557517774,2.363307903838253,1.626328340389856,1.821253850834916,1.7438820183896435,1.5560045070960529,1.8282517146589208,1.9590452411102182,1.4417578204638666,3.0823118469124866,2.5607743275937436,1.753342059910423,2.9434169564704824
Croatia,2.645940250484316,3.569002299555144,2.7591374693844286,2.4364743326113443,3.634991621983095,2.7677291089058436,3.116034366981703,2.3748127819781715,2.6104139588321384,3.265057962728381,2.417855213940333,3.079640286687158,2.2036251605704504,2.963616210549023,2.7188761278317504,3.78321003586418,2.5059335800065483,3.2254716971590556,2.3913442095335564,2.527428992725449,1.0,2.320627889999264,3.1523536279768307,2.6863696742465573,2.795296345731395,2.595080984807079,2.6026812287965546,3.107864285955788,2.92982404069038,2.920613669450036,3.1239979670156073,2.746863310261494,2.2406110727451813,2.5867570920078933,1.8973469378490182,2.2273953935317787,2.610881666251967,3.28688749379879,3.529285203251635,3.435986979236562,3.5874902286491515,3.1450955298406944,2.563520140531379,3.1654423678556123,3.017777669049621,2.771969401355874,2.7881303942686717,3.0265959715018154,3.4501546968060373,2.6887369690624703,3.035017433065763,2.4260920106466206,2.7220294150047852,3.1987889783571806,3.129903695295624,2.867955931200847,2.9293771609621944,2.5860472536206167,3.0080448794407726,2.224806996930198,2.368119201281303,3.6119845508185504,2.823051965295571,2.626475020593871,3.256940694917908,3.8062677772538756,2.7455315390919437,2.5169469241170166,3.928922806481309,2.39498302891041,2.5448162016748457,2.816530963462844,2.7705505646109385,3.006628744137763,3.2773099366158265,3.0049034311984806,3.913047045105942,3.105719888834818,2.972314836866196,2.9509425794371085,2.3806084709367177,2.2477650143145773,2.99386947787047,2.9752784782017687,3.374508883201983,2.863417203949025,2.212322116101161,2.438302102883738,2.7715675522839955,3.2761728325109476,2.5156177852163255,2.1910441666207037,4.126982598035572
Czech Republic,2.073012409564025,3.2803270309132424,2.362839920086307,2.031999062430691,3.3126243204727777,2.3506024535187455,2.8301613815651856,2.3894987506403296,2.2525520780745154,2.4807950421144853,1.6673667366414309,2.5179044582727284,2.125014121932331,2.104524122676992,1.99497082996727,3.7207894771005763,1.9876641377885078,2.5513527772976774,1.7745735238118634,2.2262383084015602,2.320627889999264,1.0,2.374100255472865,1.8434232903995826,2.853238238737955,2.310922116958913,2.2179100982380184,2.4349126118166082,2.6098356964233442,2.4552283240563875,3.049018436472031,2.408989298494522,2.8064319312301285,2.2211953068941352,2.0088251694752457,2.151281683101062,2.0311663374423325,2.7445444413007927,3.104680509299294,2.7870304959862473,2.6945186676642576,3.6001325711877934,3.0053303039979493,3.365044370916663,2.371429709888781,2.695186983385411,2.787964034025862,2.4871393578951406,3.3320458874175505,2.398404244109701,2.5065569447674116,2.5455752527739506,2.6342225124747713,2.8714084449572934,2.9664038691993433,2.2182151281879205,2.8501269647113334,2.308624115096169,2.8656737135285084,1.5596859035911648,2.398859051230179,2.9374069278508834,2.9860607399724275,2.2140966852360298,2.345841053688096,3.2385414767040706,2.3296475411528337,2.2526658908083332,3.7401272718170486,2.2526274528461645,1.90326832737146,2.2657484280431657,2.826722183840869,2.187370804909522,2.2697791770574356,2.5131873056743,3.535290691317154,2.6217175810997793,2.7764663503140974,1.9666345314608722,2.3052626599563513,2.5624542506242953,2.410826111978623,2.479078401903558,2.2421158849116467,2.5798866441498056,2.0653663232815407,2.2440880009875084,2.3598951130909205,3.105438213739379,2.46318501022125,1.8625874270600185,3.9516174119987
