Country Name,Albania,Angola,Australia,Azerbaijan,Bangladesh,Belarus,Belgium,Bolivia,Brazil,Bulgaria,Cambodia,Cameroon,Canada,Chile,China,Colombia,Costa Rica,Croatia,Czech Republic,Denmark,Ecuador,"Egypt, Arab Rep.",El Salvador,Estonia,Finland,France,Georgia,Germany,Ghana,Guatemala,Honduras,Hungary,India,Indonesia,Israel,Italy,Jamaica,Japan,Jordan,Kazakhstan,Kenya,"Korea, Rep.",Kyrgyz Republic,Latvia,Lithuania,Malaysia,Mexico,Mongolia,Morocco,Nepal,Netherlands,New Zealand,Nigeria,North Macedonia,Norway,Oman,Pakistan,Panama,Paraguay,Peru,Philippines,Poland,Portugal,Romania,Russian Federation,Saudi Arabia,Senegal,Slovak Republic,South Africa,Spain,Sri Lanka,Sweden,Switzerland,Tanzania,Thailand,Tunisia,Turkey,Ukraine,United Kingdom,United States,Uruguay
Albania,1.0,2.857284666076523,1.2338861245894521,2.7321560073762425,1.9058833733698917,1.8076841582650127,1.7808135332928834,2.16472339021138,2.5094535459112794,1.6099366608387813,1.0972371818493643,1.3836493165590393,1.5722550606087127,1.611334441207652,1.3931433370983703,1.6665084181581502,1.8353536418146648,2.146799784339836,1.8280556715452845,2.3168532261900454,2.6047337180917824,1.2899315160392166,2.6473770456856975,1.974236115911123,2.3290638818238825,2.1470730831449436,1.9852872859612356,2.853685208041897,1.9141882954385234,1.6617262386240481,1.3800338071422802,2.116514007481787,1.7656391313836028,1.7517109143886853,2.074706342314758,2.976455983169835,2.868209909325577,2.953794036629371,1.318307109660745,1.2379365085260439,2.3514274764202505,1.1446342131740808,2.265617283710894,2.4441392671763102,1.8045689436917045,1.9249214790312814,2.4792449120627675,2.336920841720232,1.5219609838275554,2.0683801260127814,2.335661415653342,1.7668560142674616,1.6701729450068956,2.0723361760971626,1.868395851707361,2.550964886254417,1.4879121269553202,2.283976820122352,3.3338187763634295,1.9391266110246543,1.777835347111333,1.5190189274838701,3.046002855139343,2.5233648666909825,1.4237484020704896,2.740487557786729,2.0497643284441165,2.1177690544456915,1.298114815874751,2.0149405126121556,1.5461954266679054,2.579127795480251,1.7789897013686056,1.4832682432791322,1.691660804480766,1.4970547468362385,2.372975676808322,2.8278054186255077,1.9087764799289173,1.8766423007527926,3.425323823092197
Angola,2.857284666076523,1.0,3.0631553051851874,2.2075537618589305,3.718335138811242,2.0848628843017694,2.8568978469451327,2.921618852566032,2.6383084827479157,2.5038560380944554,3.0461258523903485,2.8253666352401896,2.8391339029212928,2.59327857344215,2.841236490298756,2.135245656201609,2.6802279927558583,3.0682021766684127,2.9210230277273586,3.267887986656494,2.0584084947435572,3.0149163668288086,3.184907946837711,3.32726636821292,3.0726458180249328,3.3397208070240385,2.263459325587704,2.668910094021082,2.5632837001077315,2.6525327397698986,2.947400188708485,3.468356910190799,2.8129223604162066,3.2419849547766035,3.295553224890968,4.035497345938904,3.432595885720697,3.36729878628831,2.1552784784140817,2.045999202542695,2.783206621993872,2.703130529312886,3.047703175507547,3.0401381298617918,2.750672397616012,3.1105269005926295,3.0212622980256527,2.8665437752971235,2.4029790320154243,3.1345446944837367,3.788835231902158,3.0099839222591083,2.3312089996482874,2.424349317274008,2.5938874132154703,2.3657040466305452,2.9176016848212463,2.1373228557637263,3.4143158471204633,2.36582822973127,3.2514645851082857,3.3267513941574074,4.579846110761633,2.8574628449154242,2.7030831288449413,2.883362627955452,3.9423135937676363,2.970962214585472,2.5696285652484714,3.4904129732076936,2.6378309891789615,3.1610460410569368,3.3036777822857486,3.048235408566704,3.057739647097447,2.75108596718793,3.107758749061832,3.006093386303233,3.30637117284676,3.3213717583998466,2.722744036855429
Australia,1.2338861245894521,3.0631553051851874,1.0,3.094048516025498,1.1960023327002067,2.5243693500525843,1.9133070957960086,1.1938209926414554,2.6061599808422344,1.9727775412676016,0.9459414947310542,1.022563035783548,1.8347181414448883,1.3631182244632096,0.9215456316322082,1.5937150690182609,1.2969257672154928,2.4689583643914053,1.9403831035814143,2.2303042899982017,2.358087917620319,1.0363272954124676,1.7169473504416386,2.2356146199407556,2.570511592212792,2.067644974893685,1.9315981908395783,2.723585365436131,1.406929557002179,1.1245377686066496,1.1360808465020635,2.246588900940638,1.0558820429173474,0.9728536606433261,1.6258041713337033,3.5574924202370974,2.9834100364048672,2.969492203020124,1.7270779860382635,1.5399460365285165,1.6647749920859332,1.2060177465081434,2.2428471998513095,3.0509620270786137,2.246012739394038,1.3812838221359232,2.33035018558561,1.81529854848677,1.26539364106974,1.4921363182050515,2.3032758503941535,1.3722724754618205,1.7350669875075937,1.9052044331306548,2.0253397993919013,2.639868587601239,1.1192630570470317,1.693393078488882,2.717481090931036,1.6474402503961312,1.330789654440061,1.3061361105067515,3.265829196366396,2.339322444520174,2.274378618110382,2.7511393822586117,1.6820988838890494,1.9329092777779753,1.7327645906025075,2.4012053052498867,1.2811576032925402,2.0477124237757205,1.6751247071100968,0.9636989426814284,1.5644219078863093,1.5752299006577006,1.943309719171937,3.302256011310521,1.6116358760337077,1.5416705014670788,3.1779341668303505
Azerbaijan,2.7321560073762425,2.2075537618589305,3.094048516025498,1.0,4.219815430486146,2.078238475625938,3.085065557602572,3.55986602054613,2.5393625442418744,2.8380873360278827,3.1306280903103074,3.2594524382401406,2.7406644529843747,2.3264946854992163,2.818229461694697,2.241307063630794,2.304941914164923,3.0948785423830287,2.757769401820696,3.8216834420788515,2.251811403437993,2.9233486306435945,3.5656413930099715,3.399181241105815,3.1567466590523257,3.384025386568747,2.745049385806573,3.5464492175148195,2.0537118696902454,2.9334102798302135,3.4709978128443675,3.846714304952486,3.7192863627495565,3.5600235424720448,3.7822509805851317,4.025509651239644,2.988221182371702,2.9627072763571056,1.8332493691884368,2.6743106335951077,3.407132870944384,2.7919283259044922,3.136739290896708,3.338708396941298,2.9368365866793495,3.594187640892473,3.6404019064611703,2.0712302579325206,2.1037132207486855,2.539054095078299,3.620171349478555,3.7085048403916603,1.4049244819466047,2.9830639473571954,2.720593561678803,2.750274915627614,3.3068338058500895,2.8728844953695267,3.4224405722968227,2.8423920454733054,3.6681108943425618,2.811298488052895,4.239560521413225,3.4450636953612457,2.4235089765468367,2.6862660940428666,3.6774261712128142,2.642094182262569,2.016488501750468,3.5660536481287837,2.7789335704765996,3.258405255754145,3.481968301201595,3.216153525295475,2.804082669321733,2.5523143763228324,2.859610810122373,2.9564766407064837,3.417966232983957,3.6745214140002593,3.039507388269944
Bangladesh,1.9058833733698917,3.718335138811242,1.1960023327002067,4.219815430486146,1.0,3.089352880512687,2.4122737639705893,0.981078381611567,3.3638580037311496,2.9819715622658505,1.108029861281104,0.9634719435942654,2.3894371817404836,1.9855796307068028,1.2200024591809147,1.8010826600507135,1.4460517970354776,2.993100567368434,2.6154998816138813,2.558248528736,2.685964144434933,1.2254560472726697,1.640448417999743,2.9031702781941258,3.057283257903624,2.4423905810626887,2.4262166139123185,2.8979970416697003,1.5455421449814737,1.27950874942104,1.3305801932057775,2.2168419867627045,0.864805296537895,0.5655437075855825,1.9998955260458446,3.8792283235093836,2.9143736680413377,3.3617330180216682,2.499547880260871,2.8571626891609365,1.3113499032986538,2.377194658634231,2.6001731751103794,3.4327041897098525,3.0752442933872324,1.3979896909358114,2.7035749012856067,2.0004117372570067,1.712504658698189,1.5545451119732643,2.351583165458078,1.337243919381378,2.0336152914526195,2.487346392898076,2.3491238827945,2.6320525881281536,0.9937881346659335,2.0811114383676856,2.5178830379684642,2.0459051824906593,0.8930839144426251,1.298844023741168,3.148784084351847,2.6192071171602698,3.2360613262257893,3.4208118342499505,1.3995253636071943,2.4709814015690132,2.5218344089287763,2.959212009406224,1.772582523059442,2.8168268446339697,1.9863863001426334,0.6201864976653171,2.032514824631234,2.474905911101698,2.246352836180362,4.350274168738135,1.8926007798665672,1.6929973311697575,3.5350083508471033
Belarus,1.8076841582650127,2.0848628843017694,2.5243693500525843,2.078238475625938,3.089352880512687,1.0,2.0279425990840982,2.696630067658796,1.742225999244731,1.8586080880839506,2.0468814741000885,2.532680111296863,2.054560840180534,1.660349148025436,2.0814041440298436,1.7559829375129257,1.7823836104610764,2.377481245393352,2.402747774267666,2.950628841584769,1.8627534411778015,2.0276999083155682,3.331240782995704,2.3374981888923236,2.364289319896097,2.34072174812688,2.01641850527048,3.045726992661607,1.9690715471047269,2.3695939856431547,2.359761772055622,2.455981498958999,2.7170954800098674,2.611161853250363,2.851870456760497,3.4228204174792474,2.751792696144711,3.1548213237593647,1.5342748163105722,1.731591930473455,2.6052255486979217,2.132887676053179,2.681586216963332,1.9467483936308996,2.2205420964307763,2.8995600998199724,3.127597133511756,2.1895217705976315,2.0254148753037247,2.479565386787268,2.9651698781035467,2.3615776747183057,1.9235324568987238,2.1419295005782035,2.0514600311659805,2.562542262399484,2.2104238414200488,2.02263779014698,3.2319081929280378,1.7303724822675417,2.826651071512894,2.3258998070712003,3.1490625837948247,2.702466787863703,1.8975307324668977,2.737232960551556,2.7979869327033313,2.0482712607229616,1.5539292744307034,2.3028296857865342,2.1864927760641275,2.533790446918202,2.5279627802659506,2.574207958570744,2.0813679030064307,2.119764127063615,2.4474381439049964,2.3711281930648087,2.7461019746012956,2.5939266378144286,3.169773575818139
Belgium,1.7808135332928834,2.8568978469451327,1.9133070957960086,3.085065557602572,2.4122737639705893,2.0279425990840982,1.0,2.3170644138989784,2.4845578163572624,2.1321619127139324,1.9464477769153554,2.0606304916776184,1.4339774532159115,1.6062142687703227,2.148498449475175,2.047346918135278,1.6481770743067774,2.6117625726670775,2.1368381398968452,2.0687211119485998,2.507823213541423,1.831892860860298,2.094540821002765,2.264933648450944,2.172452134787787,1.7871173662495976,1.7755124831565399,2.2750720558458593,2.2470073318908383,1.9862810654092307,1.8352938418695737,2.6865858895874415,1.8839242479811378,2.2188513847392715,2.1722026134182535,3.165865404546105,2.6214492659860897,2.9729104244124738,2.2619382957443834,2.1043759128783903,2.4193721964271084,1.685030022758058,2.6762656743795734,2.4644410257678033,2.259822850655617,1.971691923154856,2.2354861516262443,2.1458775614350847,2.0552691025743623,2.625199239016776,2.532967414958134,2.5559479689598064,2.6144273202623776,2.176601588376145,1.9109760081043399,2.9460855844503353,2.0860367877046975,2.0306269516101754,3.0828564167817096,1.821653701542533,2.2631200132511786,1.9232850310427112,2.863722067121017,2.117803955938915,2.1445170415737635,2.9897047860617634,2.462961923269016,1.788533174507828,2.0714825536323342,2.256009112820852,2.236349879855758,1.884939061790534,1.5138425451464719,2.131199689963573,1.91512093283696,2.1593861286497154,2.2532215025721243,3.2208608923557684,2.0968606305697945,1.6548972354030471,3.9742248346782167
Bolivia,2.16472339021138,2.921618852566032,1.1938209926414554,3.55986602054613,0.981078381611567,2.696630067658796,2.3170644138989784,1.0,2.8995240572203875,2.5937066417533976,1.4107268876037593,1.051434361104045,2.033743197934352,1.7616951608254316,1.1257773843536258,1.2383260276027614,1.476280463240214,2.940317370968345,2.160568534330105,2.411313444449621,2.2713122222740068,1.2357896864414255,1.269540549871575,2.9164097960119206,3.0540621636813836,2.4204095226540554,1.838721525121907,2.9486567702308015,1.1301687286111295,1.150510334176463,1.3208516618549209,2.6082554575570907,0.7639312413715128,0.6412547807806073,1.5954530633588708,3.7181912001037336,2.908750410931546,3.138571400315917,1.8189379077920487,2.616495909659651,1.4167284560773858,2.2614003468689545,2.598471491402552,3.0253617714805805,2.383669393466379,1.5076353915625313,2.4128232815334596,1.6355300242646063,1.4617232479441404,1.790937285071884,2.3726802187753844,1.395335353429227,1.738247658307659,2.20278267028218,2.3974844479785618,2.444465182852138,1.326614038686437,1.307651671861621,2.2733588016926602,1.314149337050066,0.9075862599797261,1.4087016242752934,3.2184653894380393,2.243487752053206,2.921268047745126,3.081114067468504,1.8075383610474254,2.111946417005891,2.1617094555768905,3.0516874056762675,1.5453322593938046,2.651176517116836,1.96241175716575,0.7430268649696117,2.1300396126033307,2.1344948702308244,2.3777049412795144,3.921711203297679,1.9289841847899272,1.6333407021806625,2.7425438979827232
Brazil,2.5094535459112794,2.6383084827479157,2.6061599808422344,2.5393625442418744,3.3638580037311496,1.742225999244731,2.4845578163572624,2.8995240572203875,1.0,2.4662642205770475,2.6387130371379874,2.817358888871645,2.2684218778432474,2.39156893869077,2.4509184247111193,2.3043730841947934,2.298099578925158,2.7982874070179062,2.4485170541304373,3.0935486995378447,2.1868096676152247,2.5604985383377814,2.9267560266062564,2.4211666428869334,3.162485413531307,2.64756403535815,2.4865816509390246,3.0769786028552137,2.3679022542027766,2.8252584391432634,2.6920294519817913,2.943511016427513,3.029106801259306,2.910307145056767,3.0067569134116945,3.285981823994748,2.8239846564209845,3.2824529839868015,2.043390119853098,2.253571529055235,2.734920520928583,2.675283150318377,2.612815615991974,2.531457349758942,2.7650387944714345,2.907749262889077,3.04785941543636,2.3253183473790413,2.477580434558208,2.7296840916117437,3.1058332971680858,2.897547101426102,2.279357051352035,2.776945178928021,2.3085652057850337,2.3792730246803693,2.869589787299162,2.46493620798323,2.982583645741333,2.216988097986638,3.1866403580515263,2.557973052761838,3.1364015947264545,2.599455192014026,2.5942830368607965,2.507904551250051,3.171386218895274,2.539411785905015,2.3726328454840346,2.6693224137077953,2.7420038246263134,2.1456454637605367,2.795895093086482,2.806233825844298,2.434668512653747,2.1909116373561606,3.0112250340107316,2.501680110938018,3.0125585315312087,2.424497729472956,3.1020218169964697
Bulgaria,1.6099366608387813,2.5038560380944554,1.9727775412676016,2.8380873360278827,2.9819715622658505,1.8586080880839506,2.1321619127139324,2.5937066417533976,2.4662642205770475,1.0,1.4985052928255453,1.94199065920984,1.7720431312029092,1.87661608183612,1.944214972842247,1.8432257322101242,1.9038193479223613,2.0665059608973166,1.5606333999197959,2.72481135932136,2.466992077415796,1.7765060852530916,3.1060280621985528,1.2246032243739056,2.429226661436931,2.466738473900524,2.061942331584187,2.9189113439987873,2.0215260484434547,1.725404693180851,1.7792833727027664,2.2407361328002615,2.383614439705766,2.592589412648315,2.644127136571722,3.4703139272076693,2.4042116727843545,3.081959703973162,1.5221716349301933,1.5403362069113447,2.108951424835283,1.9377433153569732,2.234767164286181,1.302190174947975,1.9587331436546245,2.471171113609435,2.802535879563863,2.117098887373253,2.2835981064682587,2.39159906508104,2.2417321703159616,1.9137587458602292,2.3957232053078497,2.0412493495746373,1.818795898472854,2.606363400801722,1.9023596561357996,2.0967659774246368,3.1302660518429417,2.0086369189702222,2.667546346107199,2.0672997949936662,3.2884799402900633,1.487594940983177,1.5783628122403535,3.120853103365424,2.750469860936535,1.8768229555525138,1.5716589989485847,2.138279498568386,1.7480073963354577,2.4204447753501164,2.0338216416172954,2.1567675369749315,1.9629018270722043,1.7599072071222053,2.558755517954462,2.681204956430472,2.274854793578754,2.2300202332748533,3.4866148117702798
Cambodia,1.0972371818493643,3.0461258523903485,0.9459414947310542,3.1306280903103074,1.108029861281104,2.0468814741000885,1.9464477769153554,1.4107268876037593,2.6387130371379874,1.4985052928255453,1.0,1.0457013169590024,1.6665367351161748,1.3949102673464548,0.9988192578274933,1.65538326816926,1.2548080898023046,1.655591098738143,1.617178860569888,2.41892898641017,2.247030298603525,1.217435388955146,1.9603877454814471,2.0781523866834206,2.262091919492156,2.0019734086804704,2.0734290514045095,2.6873068480813664,1.665606574706937,1.0466287096637092,0.985447069976036,1.787661484723935,1.3197553303260474,0.9428616689918332,1.9965550648872872,3.069732427521303,2.814266041733388,2.812509451619758,1.7436377023695506,1.6107125333382424,1.444733419202935,1.6011418918681366,1.9071760536738653,2.4146886441638387,2.2074464537374707,1.3297965728125933,2.619949599797872,1.9691266961857838,1.532897704056826,1.4784967267508382,1.950260465232769,1.0319969254685486,1.8760971075322401,1.8964048137535077,1.8847895841019362,2.5254558169917667,1.1206565352774456,1.760566567720901,2.622938298885825,1.739933946023704,1.6224996880640234,1.4517351581707771,2.6995938323856925,2.084665973858397,2.185811594945954,2.952325260719486,1.737770648557507,2.049870476428819,1.5661155263391304,1.792976657890077,1.3540264565414848,2.330980571100157,1.9251880346325887,0.9885159662543115,1.50444342984185,1.6442864267669748,1.908624649637841,3.205702298160595,1.3496729182620202,1.369098330136386,3.418341271786073
Cameroon,1.3836493165590393,2.8253666352401896,1.022563035783548,3.2594524382401406,0.9634719435942654,2.532680111296863,2.0606304916776184,1.051434361104045,2.817358888871645,1.94199065920984,1.0457013169590024,1.0,1.7193292790368968,1.7678444900399897,0.9487744873303067,1.315512928589183,1.3287358461991206,2.4239365170607714,1.649978937522064,2.085279143172463,2.214565658989255,1.3304762722288352,1.7696334204706279,2.4420509710880163,2.720829260766968,2.077157090811877,1.7607986763382335,2.821729987734655,1.499315908222122,1.107113192989025,1.1637363071270128,2.0043240869383125,1.0874196757787629,0.8404244187915669,1.8526765281249422,3.5531010581544193,2.81808319408319,2.98699640353591,1.7526627301471291,1.7386534134017768,1.528283529354282,1.4573300172283374,2.0160997478612153,2.7050041066175,2.0579462182692363,1.5186694745538394,2.5798709678083136,2.0019027932212667,1.5671721684062305,1.5952287861400267,2.222850401619163,1.3282005579522649,1.872090124092438,1.8515143135572631,1.9103453977941716,2.5655751552552997,1.204242665423228,1.5070919458415757,2.57237896567496,1.736506326197277,1.1769218927688325,1.5309043548707328,3.428665188467163,2.0366396985387385,2.6351486000743973,2.9628841854379537,1.5480563813626187,2.0331772030615176,1.92861570134355,2.4649567625504187,1.5015385556012015,2.604639353586172,1.9942033082663853,0.7941189677857925,1.809336020489958,1.870211015095378,2.102479992664238,3.476258021580928,1.5972529898379841,1.6690448394911732,3.038402102214972
Canada,1.5722550606087127,2.8391339029212928,1.8347181414448883,2.7406644529843747,2.3894371817404836,2.054560840180534,1.4339774532159115,2.033743197934352,2.2684218778432474,1.7720431312029092,1.6665367351161748,1.7193292790368968,1.0,1.9151043181106575,1.9582365869719207,1.8495172496141092,1.9559476545382346,2.5519556022380034,2.036169805185912,1.7304566357921722,2.4509509248927928,1.7521605532729834,1.7868017812568233,1.7855094950329313,2.0899796354895286,1.8984963656148388,1.4543499101864674,2.7600561617300245,2.293827854562946,1.8775642132846444,1.4557734145634096,2.422719177719199,1.9971042315590566,2.032848399449301,1.981123395104203,3.0477050953488405,2.381140444989998,2.889042356408832,1.9551525150443039,1.6236539751790426,2.1145466890012394,1.82444811083392,2.6710275848162395,2.18870211876149,1.9721486358767957,1.8432777921916632,2.278649174097686,2.255368268213482,2.0757412990758715,2.3258260647103275,2.388475715826529,2.2011371225099094,2.323491402921502,1.9238677296615838,1.9239876768158908,2.6123517332912125,2.0219144694752993,1.8790630833796522,2.9101720221804497,1.7938797151922063,2.253778701884478,1.8537144336404678,2.7896256747141406,2.1722966539606983,1.8908139216844446,2.757686233207373,2.2448992293227694,1.9349836931724378,1.7204500261865399,2.0168568670783635,1.923919628420788,2.2536740285246672,1.6591525850803965,1.9100197081776198,2.228335890042438,1.7944852007505852,2.30671866811057,2.6959879095077723,1.952319673800901,1.4239711602063008,3.349728042367137
Chile,1.611334441207652,2.59327857344215,1.3631182244632096,2.3264946854992163,1.9855796307068028,1.660349148025436,1.6062142687703227,1.7616951608254316,2.39156893869077,1.87661608183612,1.3949102673464548,1.7678444900399897,1.9151043181106575,1.0,1.6105459882509907,1.5347539404128057,1.0109219470311517,2.2052841702568307,1.9284908793438842,2.6523002232914745,2.0922688132204836,1.2696009004215276,2.0455929870276157,1.6670249775714332,2.549676375892773,2.1560806222703297,1.6372816558420584,2.6318224429045998,1.4942691427964128,1.6365008835895603,1.422542231159249,2.313977034825099,1.7735902509427581,1.5422770232416854,1.9836404768989822,3.1415790944636486,2.3819869623434897,2.9212220223529153,1.1940036841737605,1.708613444392129,2.205183899223397,1.623056506100919,2.4181177831032556,1.866164591823126,2.171461638980734,1.517746279686599,2.1747061874044538,1.8059057294506151,1.599501451869868,2.0923681786398136,2.690225077104513,1.8628562321724027,1.6775073009509605,2.1804952676866733,1.9368340114489273,2.5137711551531146,1.5240592873441094,2.085733978768412,2.8059193512715823,1.7166315979790068,1.8036411697739945,1.5511805767645288,3.3852807990867264,2.7173572771004006,2.1455728354392933,2.427697538902515,1.925229369525302,1.718347264760278,1.2288046169020839,2.0360352608113645,1.6039055574785033,1.9243670878192924,1.540560246165376,1.630835953668287,1.641710390552506,1.403897424385962,1.7573452273767924,2.9489467284055095,1.8683566233762132,1.6204609310681024,3.225146067105051
China,1.3931433370983703,2.841236490298756,0.9215456316322082,2.818229461694697,1.2200024591809147,2.0814041440298436,2.148498449475175,1.1257773843536258,2.4509184247111193,1.944214972842247,0.9988192578274933,0.9487744873303067,1.9582365869719207,1.6105459882509907,1.0,1.313800440837069,1.1611397003380888,2.7803870350761253,2.20796972601946,2.8246091489378875,2.092809535142918,1.2416630862058908,1.9762121829940464,2.2784252444069044,2.8737156019507384,2.6085990979401616,1.775257524753703,3.1384522257202336,1.585091047670903,1.0854398312917444,1.1756003074484713,2.4343151377748202,1.2574838295740787,0.7671744477192405,1.9289100807680533,3.581661831314183,3.0022081511168985,2.867614474345377,1.2443123782871843,1.6039753929931753,1.4357947853231992,1.3981447373035105,2.09505477935065,2.6502108055703935,2.0880437909239604,1.2490108797316617,2.464424083574097,1.8418730976540512,1.4993605916286286,1.716364908047896,2.508614546698424,1.4129825444720983,1.3367181885597623,2.115707015840183,2.4482026204820557,2.879038968733582,1.4210932366012727,1.4374630642195703,2.3708212519217304,1.249151314600456,1.5252405796770694,1.3865515090857188,3.5897544345264625,2.4985472295774724,1.9421732524232753,2.6250520255723506,1.6941513539312612,1.8780619406580215,1.3314143984350415,2.6529606798486594,1.2013270411361463,2.3488324245735535,1.8034011290421454,0.6672835588324327,1.6951883580048042,1.4406950105651826,2.019715091251751,3.137447442195723,1.7104939962794767,1.7915073047801557,2.608840132036122
Colombia,1.6665084181581502,2.135245656201609,1.5937150690182609,2.241307063630794,1.8010826600507135,1.7559829375129257,2.047346918135278,1.2383260276027614,2.3043730841947934,1.8432257322101242,1.65538326816926,1.315512928589183,1.8495172496141092,1.5347539404128057,1.313800440837069,1.0,1.3792535778635309,2.515635071762998,1.832994523074347,2.4667286102221064,1.9744868860985565,1.5334778773066025,1.7374895266604846,2.3323647105939505,2.4800063863476014,2.2256897142352807,1.6250213622370404,2.666481348255646,1.411731601681933,1.333720258114974,1.753504460152032,2.3736781783016956,1.4243360059264187,1.4200847733168307,1.7661530568271366,3.4985779813408033,2.7227475105073418,3.087453299895259,1.161533924556781,1.7228624473790406,1.6282421602447528,1.6099595919078658,2.1592614178438736,2.143211889933014,1.63784706258481,1.8509993064457513,2.267657321127033,1.6609211584139265,1.478125975336349,2.2099407612145754,2.6925027913563047,2.128729600550588,1.6496092262057909,1.9339981647555515,1.9251644192868034,2.32094443753347,1.7884999210382342,1.0579427686972556,2.5021302178484888,1.2718186788881178,1.3858106793986693,1.5469230066415616,3.614006697864056,2.5383482587306103,2.088784504279735,2.629796449598611,2.387741562942936,1.7145767599641946,1.455749869017243,2.5049991978760833,1.5278405357564027,2.3547222082491177,1.9926220713657805,1.2855610456715694,1.8938078659999522,1.5569293636312422,1.916794412861226,2.678015287425954,2.164266207419271,1.7985954746473656,2.4300543449646312
Costa Rica,1.8353536418146648,2.6802279927558583,1.2969257672154928,2.304941914164923,1.4460517970354776,1.7823836104610764,1.6481770743067774,1.476280463240214,2.298099578925158,1.9038193479223613,1.2548080898023046,1.3287358461991206,1.9559476545382346,1.0109219470311517,1.1611397003380888,1.3792535778635309,1.0,1.8865740754547393,2.0492804351390426,2.4208340306732206,1.9615793310096068,1.1912284102796824,1.7593047356633544,1.741747827558391,2.4844863479734682,2.0814098989267373,1.4320868706373953,2.817644816552304,1.622407283904268,1.1161740060265233,1.472084488837652,2.353402805773091,1.500553327304594,1.2104299444506301,2.1315372577068206,3.410862099785782,2.389051994169741,3.016781552945015,1.1863328279565861,1.81440906330908,1.839375914114174,1.5555151989612375,1.9863137280119978,1.8740222951044854,1.820094403228905,1.363584529383025,2.403394911646002,1.820035792129286,1.5670121012869025,2.0791525158573534,2.4544027046553283,1.592037359567061,1.5887376825712314,2.072229141721783,1.8589728637052962,2.367458318406144,1.4703349363061593,1.7011887867254694,2.2573367218975497,1.4202308319271744,1.5955614146421353,1.6026547875840955,3.26060541663229,2.277315385039763,2.4017070827835054,2.3427366860326426,1.7475854435561433,1.5982219874731385,1.2171281029255563,1.9871091555445426,1.468691102417818,1.8373483749619082,1.7650568662207498,1.2317582851814581,1.7468313526143024,1.4114626602855609,1.82142186337352,3.0607406402823427,1.4873323061259227,1.6354369188678306,2.856465378021787
Croatia,2.146799784339836,3.0682021766684127,2.4689583643914053,3.0948785423830287,2.993100567368434,2.377481245393352,2.6117625726670775,2.940317370968345,2.7982874070179062,2.0665059608973166,1.655591098738143,2.4239365170607714,2.5519556022380034,2.2052841702568307,2.7803870350761253,2.515635071762998,1.8865740754547393,1.0,2.208747023196379,2.785773304775702,2.6916980451961154,2.0347138106764775,2.7846410048703514,2.5007227082072365,2.3826526380120807,2.8144533748004945,2.2131820982697437,3.163640209435297,2.2450389842463414,2.0784285041034525,1.942479300404136,2.0639639896471107,2.366633114287625,2.805269392630269,2.959256390842246,3.2893651630895753,2.5398226526098844,3.2683073423628914,2.3210075445738267,2.289681750110068,2.190049991169373,2.409309763810589,2.6927354800090972,2.1854507117934254,1.8871366521222033,2.264001199309661,3.2156399190184612,2.531476323904193,2.5403415652964054,2.516713778373286,2.3104503232795803,1.7866930071020715,2.5631952227641897,2.4794511282281073,2.4448129286631444,3.1191328924758785,2.184353400724378,2.504975433167939,3.214246542988039,2.516374563758972,2.586869706420537,2.2809725543071573,2.9138851035585827,2.431844037590263,2.697108112354004,3.10530872678118,2.9614748232386376,2.569135015524109,2.2804174481516504,2.064795096779906,2.285602798174286,2.870395512236589,2.863098702530094,2.565308199803373,2.1240871407255706,2.4699512180353738,2.800286788149418,2.716689231386787,2.2611517582190146,2.126090882683219,3.8638486422583083
Czech Republic,1.8280556715452845,2.9210230277273586,1.9403831035814143,2.757769401820696,2.6154998816138813,2.402747774267666,2.1368381398968452,2.160568534330105,2.4485170541304373,1.5606333999197959,1.617178860569888,1.649978937522064,2.036169805185912,1.9284908793438842,2.20796972601946,1.832994523074347,2.0492804351390426,2.208747023196379,1.0,2.1426342313332074,2.6946559635491836,1.9943140746137826,2.284440493387653,2.0760411699636285,2.2604082918486177,2.1775882731321863,2.189464896495885,3.0535861347883753,1.9652950156736964,1.7861650756570226,1.9666759217580507,2.1236431195876113,2.023982085410989,2.347162752399252,2.34117883985144,3.012047309934064,2.5312102677254034,3.2355689119957973,1.9672467270846716,2.3286615286159362,2.2855516106129903,2.013324403538306,2.5090914906007726,2.0950707052393387,2.1354014941382915,2.42530914066297,2.786165241458695,2.5506361307185648,2.3805430875100138,2.5407666493348344,1.6218276827723863,1.9660296655615652,2.5166102830448516,2.3333266838079574,1.9590270776055028,2.7646168571992535,1.754752392435847,2.045680557174044,3.1898344335935627,2.011351581941191,1.7449596133024992,1.9154111128129598,2.8317018736089383,1.848920549995159,1.7898801234878083,3.171469801062596,2.1773319795176036,1.799284273334248,2.0332249319788285,2.0145151682958646,2.073469809068482,2.2974986639684913,2.0743489226138596,2.1201781048806585,2.087436037983197,1.9741560262174311,2.459281645471404,2.6928624550588793,2.2094090640895434,1.9885859263873156,3.8514304083932864
Denmark,2.3168532261900454,3.267887986656494,2.2303042899982017,3.8216834420788515,2.558248528736,2.950628841584769,2.0687211119485998,2.411313444449621,3.0935486995378447,2.72481135932136,2.41892898641017,2.085279143172463,1.7304566357921722,2.6523002232914745,2.8246091489378875,2.4667286102221064,2.4208340306732206,2.785773304775702,2.1426342313332074,1.0,3.028267885445035,2.3077208811178562,2.379913535145238,2.184884891121211,1.924928413160255,2.0020602840624324,2.207398957115174,2.3529809752628625,2.7712713005337277,2.242870001197724,1.9482508363405646,2.3825518647840527,2.2373770541371654,2.590965065536923,2.2870714214537498,2.5836724992491975,2.3797034587946215,2.671918855216326,2.758071858676564,2.4664965349548966,2.454369358138247,2.5290487523112763,2.8104841797718554,2.716843472165387,1.839377912691615,2.0014377025047247,2.195438424337348,2.6589653200696715,2.7965730018874204,2.8824341329445566,2.1400824097555606,2.274698408641434,3.1954746683978126,2.498987058351512,2.5321798290047948,2.896947784775688,2.1569742534211174,2.1857732753476196,3.4572291300539653,2.420528394345347,2.488832534588071,2.251468435490542,2.656556040336092,2.659918194449471,2.727962065371653,3.485526952725289,2.317649325951424,2.4837145427411227,2.48401405846665,2.669610170912723,2.3947272425746653,2.4101511592619027,1.9795046255775197,2.342798702082637,2.569716583307097,2.2901374130580945,3.1270071731316667,2.602586641371219,1.7634248370866494,1.802034706503688,3.986816288844967
Ecuador,2.6047337180917824,2.0584084947435572,2.358087917620319,2.251811403437993,2.685964144434933,1.8627534411778015,2.507823213541423,2.2713122222740068,2.1868096676152247,2.466992077415796,2.247030298603525,2.214565658989255,2.4509509248927928,2.0922688132204836,2.092809535142918,1.9744868860985565,1.9615793310096068,2.6916980451961154,2.6946559635491836,3.028267885445035,1.0,2.6269191990300245,2.5707034735306067,2.8569613560906806,2.758563561980107,2.547866779248718,1.9579534762569946,2.6880534116628194,2.2228361312739806,2.1015174677919437,2.5370679142908017,2.839906295899592,2.3032080343698325,2.2224509456603467,2.6978472255937107,3.456662962189396,2.903947887366554,2.9839497168347604,1.8756411006627416,1.8735194389923553,2.087557342578618,2.3689260676113673,2.651397760811832,2.5415150009313288,2.3897656007980954,2.4277641561577648,2.9616158263415113,1.8860663106497078,2.2227260608720343,2.4180386801942664,2.9447096103471604,2.4111584930373797,1.7947449061504168,2.5826806543231857,2.130738735694444,2.2125815992009046,2.569945587258892,1.7054796683088258,2.669487129435898,1.7850808104052602,2.4960251554615267,2.588465317559476,3.6984849798228425,2.452266252875203,2.523855640636528,2.2323832691634364,2.8556849878255695,2.42561662027636,2.3152308558738763,2.839877535005772,2.054372685800087,2.731612203974086,3.0643814508202385,2.1061938748419298,2.163270978909715,2.1377774829007397,2.4176563229420496,2.9027189663625843,2.443026511414309,2.9324679398179816,2.3575223584554905
"Egypt, Arab Rep.",1.2899315160392166,3.0149163668288086,1.0363272954124676,2.9233486306435945,1.2254560472726697,2.0276999083155682,1.831892860860298,1.2357896864414255,2.5604985383377814,1.7765060852530916,1.217435388955146,1.3304762722288352,1.7521605532729834,1.2696009004215276,1.2416630862058908,1.5334778773066025,1.1912284102796824,2.0347138106764775,1.9943140746137826,2.3077208811178562,2.6269191990300245,1.0,1.8824731009749884,1.9839903525995992,2.506096544849939,1.946506125452739,1.8448663372330354,2.6947546846424033,1.1940911500232947,1.194977011059085,1.3814723337033805,1.974758031103589,1.2163621647259046,1.198675503568366,1.9342445056481192,3.4471050630447335,2.6650745331776333,3.241306975537835,1.3444998881322503,1.8589478600659162,1.6722983175706099,1.5114841423831236,2.417088864860251,2.419282443513934,1.822915761948674,1.8048698923750708,2.361270366652763,1.7127583458197988,1.608101250304781,1.7625350616715285,1.869586476841059,1.1481491731217766,1.9958074355915416,2.1824672039754636,1.7844928688772932,2.371714257524862,0.8425655059498895,2.04606122707523,2.796101442169415,1.4352930476546168,1.3014165138630638,1.004007793312736,2.864779104442769,2.330301794535535,2.220290572575965,3.0176965158776206,1.543909063576632,1.8949211294686268,1.5953535443508466,2.10906936914981,1.618152197527692,2.308914168338157,1.6014347131629805,1.2470296472880702,1.445924239456395,1.8765860397229774,2.3633804685109685,2.961789738217081,1.8128230477361862,1.53990486539054,3.670719161887064
El Salvador,2.6473770456856975,3.184907946837711,1.7169473504416386,3.5656413930099715,1.640448417999743,3.331240782995704,2.094540821002765,1.269540549871575,2.9267560266062564,3.1060280621985528,1.9603877454814471,1.7696334204706279,1.7868017812568233,2.0455929870276157,1.9762121829940464,1.7374895266604846,1.7593047356633544,2.7846410048703514,2.284440493387653,2.379913535145238,2.5707034735306067,1.8824731009749884,1.0,2.7544144905851535,2.9878227969692217,2.2803067407388875,1.8680583604544057,3.0290466390969253,1.8883329429378144,1.6709821309101607,1.6220730911349839,3.128859299618815,1.246670544252759,1.5531168731327725,2.1504639459826866,3.555749296805428,1.9730395950313617,3.0501373868653414,2.3652596450757204,3.2254771357283385,1.703172001083186,2.6142390319178324,2.8854430302120724,2.9072169935630394,2.6954703063996264,1.8532641729711516,2.3201753598047423,1.8131750107278972,1.7829425683096818,2.394091223256252,2.6364565065952887,1.9705111504225452,2.471218311646702,2.2858898137137045,2.334886802537891,2.692625018458461,1.8503861735075708,1.6091973704281484,2.34355394000119,2.0446742353407807,1.6793520073886863,1.7914001877454833,2.8471629022492158,2.0087933556998903,3.0119101860433375,3.131953685858304,2.4014282601038497,1.8454263528797907,2.338637991763647,2.7202743709376023,2.3109846502639284,2.6119673065265405,1.7000694620466503,1.402807384656505,2.412327616041624,2.045655698273698,2.391225803126751,4.101340768404414,2.198758018690005,1.5734361954087759,3.2268101748311464
Estonia,1.974236115911123,3.32726636821292,2.2356146199407556,3.399181241105815,2.9031702781941258,2.3374981888923236,2.264933648450944,2.9164097960119206,2.4211666428869334,1.2246032243739056,2.0781523866834206,2.4420509710880163,1.7855094950329313,1.6670249775714332,2.2784252444069044,2.3323647105939505,1.741747827558391,2.5007227082072365,2.0760411699636285,2.184884891121211,2.8569613560906806,1.9839903525995992,2.7544144905851535,1.0,2.39812094201908,2.2023929322406754,2.120436506703139,3.0090403831677683,2.415546707221837,2.3766235551283796,1.5887513150579033,2.0306039690581557,2.583778417189025,2.588917497640709,2.755476257212603,2.672114026930993,2.4049014604198904,2.724428761012927,2.1248721785387126,2.1027049322264526,2.8923945492636567,2.2550201951933935,2.785325221997294,1.3145577527019383,1.5000221074157642,2.3747253239033084,2.6664505168984802,2.657686444449291,2.5197252617118604,2.9250254835605705,2.306820633470315,1.938367440839598,2.421906581819837,2.3647384490481334,1.766182620502975,2.4004311719337283,2.4240831700016106,2.8705479579418265,3.5184411833883074,2.387848033280475,2.8699299960014506,2.460071987251427,2.9658267477510427,1.9297499110579532,1.7557442435273904,2.924537006289114,2.7613209444930784,1.905555853197963,1.5038843736585426,2.0467890216806373,2.0052070831783944,2.3855261948001973,2.0201198243947998,2.347987400174367,2.3453642874012712,1.7281186759062483,2.3856922667762515,2.4920449184360285,1.6449877095035927,2.1950321522631673,3.8980149073713526
Finland,2.3290638818238825,3.0726458180249328,2.570511592212792,3.1567466590523257,3.057283257903624,2.364289319896097,2.172452134787787,3.0540621636813836,3.162485413531307,2.429226661436931,2.262091919492156,2.720829260766968,2.0899796354895286,2.549676375892773,2.8737156019507384,2.4800063863476014,2.4844863479734682,2.3826526380120807,2.2604082918486177,1.924928413160255,2.758563561980107,2.506096544849939,2.9878227969692217,2.39812094201908,1.0,2.0523183349259924,2.646472913394034,2.276624200230146,2.799333793836386,2.359242982745994,2.29060680450526,2.502716907707537,2.5923764649820247,2.9240859643525243,3.072120377548426,2.444955207157549,2.3093696794363714,2.8110113469941886,2.6724388805018107,2.547654406614384,2.721999474119771,2.635050961823671,3.0355004029517,2.5396306786718466,2.0404111158114504,2.624074555632783,2.8100814391033087,2.938139460037142,2.7138276490282154,3.087804500504501,2.0967915147569256,2.4786038837475375,2.6312109942825477,2.1557352588845067,2.6941066410439256,3.0616236352654544,2.5664516264722703,2.5959521956933527,3.622619166464215,2.683416372512721,2.8137341966557123,2.6539083326927027,2.418776323886469,3.4656662478012072,1.996913270548744,3.314592399936216,3.1144549678599294,2.837449422440586,2.1430776577977646,2.5452472664796457,2.8228353575569076,2.316254824834256,2.7102735231087394,2.764374338658299,2.72463547220342,2.540947377845544,3.054819080168641,2.466267167075336,2.2177066384809443,2.641113141978561,4.171078894127727
France,2.1470730831449436,3.3397208070240385,2.067644974893685,3.384025386568747,2.4423905810626887,2.34072174812688,1.7871173662495976,2.4204095226540554,2.64756403535815,2.466738473900524,2.0019734086804704,2.077157090811877,1.8984963656148388,2.1560806222703297,2.6085990979401616,2.2256897142352807,2.0814098989267373,2.8144533748004945,2.1775882731321863,2.0020602840624324,2.547866779248718,1.946506125452739,2.2803067407388875,2.2023929322406754,2.0523183349259924,1.0,2.313964279405083,2.251673161804872,2.1958967526468878,2.0965188651486115,2.0176224739560364,1.9790384471814424,2.132088157994889,2.154615269227808,2.196499863359641,2.933147311349419,2.398567491386212,3.3191806018197094,2.360748241123017,2.0951775569112985,2.4262398596743937,1.9459175378014966,2.7724648513844765,2.3118078013619576,2.3912889824955443,2.370060034958894,2.130063187070131,2.3943317795716306,2.4176640220924774,2.471609236596711,2.0725253024507206,2.1681480239310886,2.7241229166016656,2.509717064522814,1.9592618406102336,2.7875929727954585,1.9845903605313286,2.6044990766395637,3.7605603111700403,2.229507530001104,2.042213394459376,2.219398701018545,2.5272227976502784,2.483504681517899,1.6925462277095638,3.0442677802792604,2.2758753256476125,2.433645626157685,2.1281757258463556,2.2940727667072047,2.4102814553684526,1.959458932791785,2.2252985589828946,2.2478883828415204,2.1418946920270976,1.946292729307959,2.471627256883678,2.713479688388097,1.5578650787011168,1.8857916476694283,4.248900181962451
