Country Name,Albania,Angola,Australia,Austria,Azerbaijan,Bangladesh,Belarus,Belgium,Bolivia,Brazil,Bulgaria,Burkina Faso,Cambodia,Cameroon,Canada,Chad,Chile,China,Colombia,Costa Rica,Croatia,Czech Republic,Denmark,Dominican Republic,Ecuador,"Egypt, Arab Rep.",El Salvador,Estonia,Finland,France,Germany,Ghana,Greece,Guatemala,Honduras,Hungary,India,Indonesia,"Iran, Islamic Rep.",Ireland,Israel,Italy,Jamaica,Japan,Jordan,Kazakhstan,Kenya,"Korea, Rep.",Kuwait,Kyrgyz Republic,Latvia,Lithuania,Madagascar,Mali,Mexico,Moldova,Mongolia,Morocco,Nepal,Netherlands,New Zealand,Nicaragua,Nigeria,North Macedonia,Norway,Oman,Pakistan,Panama,Paraguay,Peru,Philippines,Poland,Portugal,Romania,Russian Federation,Rwanda,Saudi Arabia,Senegal,Singapore,Slovak Republic,South Africa,Spain,Sri Lanka,Sweden,Switzerland,Tanzania,Thailand,Tunisia,Uganda,Ukraine,United Kingdom,United States,Uruguay
Albania,1.0,2.293003703859791,1.5470886417653198,2.680771440873634,2.20812224231677,2.011873144423576,1.808175665904509,2.3775674990356994,2.0588028655736355,2.4983003371506434,1.5452830058688596,1.9182031594767168,1.4099812453964742,1.932554736304819,2.0495816747112365,2.9686724494454086,1.7943332117743747,1.524464736494964,1.9874454885543789,1.5448051242521916,2.9622183519670746,2.129547927164659,3.0801519469729506,2.1648563676125283,2.335209922712604,1.7183540377585835,2.8393482873725833,2.9442001337172647,3.0281464680637082,2.9440421357143993,3.3319546440290972,2.1772255637028244,4.550564814907004,1.759929825593744,1.6694390643332508,2.597449372469069,1.7588031222707694,1.632188500142899,3.4323058901595096,3.3146705047785536,2.079769489312158,4.487446994047171,4.135332293491449,3.903159552322452,1.2383514813286953,1.3336676105488667,2.2798852606300417,1.4769680298496455,3.1632809443989136,2.1636470689034577,3.079206393518385,2.7314487482686403,3.0000287129024477,1.933671562094245,3.129257438615632,2.1612295272787176,2.415015907491158,1.4231345229642625,1.9121820145675845,2.443139485291019,2.275767084817803,2.720561122990801,1.9368988423137834,2.3450907989094567,2.0928711004974208,2.593237996267341,1.7720966896665584,2.3820014771649025,2.965876006145144,2.014778909325472,1.9522474367181326,1.6077822636007515,3.865094049617856,2.182543380115365,2.0973069531110964,1.5427209190777749,2.8086178541193414,2.174909935932009,2.223151349690137,2.0659330416174244,1.7960205805609155,3.0087332552552657,2.0854394608137254,2.543357047632212,2.002206787325291,1.781525713444686,1.8637096587297568,1.824340865768554,1.7671142446897197,3.519911987406277,3.032712756038033,2.268336669639043,3.5194831763561365
Angola,2.293003703859791,1.0,2.3274047694223086,2.8894357117778995,1.7370672925497517,2.9980327181522406,1.75465972350224,2.658894083941761,2.4927990970138616,2.112102512329366,1.9885941481011224,2.804731091213734,2.2677641977604823,2.806521335929335,2.1331536292007742,2.5979394970387273,2.008871712629679,2.3383320164238497,2.094449777411469,2.1153693441693453,3.129986168321256,2.6335171629115988,3.4675547090556997,2.5675056053836482,1.9479180652267956,2.8644983076418353,2.9417470150518086,2.984657761186328,3.246352415707955,3.244920184722905,3.468140207921536,2.7907908645933697,4.529981969071744,2.352308802956851,2.2456914586896137,3.1850906827845553,2.676420560445248,2.543539677810813,3.580128788585819,3.7722211510117556,2.8308251861714853,4.582798530561199,4.068123420972806,3.7226567995208844,1.5929861835169492,2.105052350471576,2.863083254791183,2.3246494265755264,2.7972374867036933,3.0222712767594566,2.712083913919912,2.63092992224739,3.681071099138047,3.2510146566934686,3.139853754444055,2.4420936314986488,2.341614765304059,2.4402240273179236,3.164067446497147,3.112830350879685,2.9811386380910876,2.5393718400671466,1.8703020793294707,2.4407705117620497,2.3077706909380384,2.926191526602922,2.6959906483220095,2.3079825837605386,3.1135510458882405,1.976687943658382,2.6941904642486305,2.67271229433958,4.273014625676789,2.390564013993973,2.177842362356009,2.3180016888581965,3.0268193073992737,3.4265617426943233,2.3633919981525584,2.0406990433016654,1.6162781154895935,3.4503696807439352,2.3294447765656683,2.9429963892846214,2.5045988565581103,2.6898628900623405,2.3556425974763355,2.2656323672900696,2.4637624231304627,3.5031824301850016,3.190858254286506,2.7535002615186923,3.1390151764777228
Australia,1.5470886417653198,2.3274047694223086,1.0,3.170553624839901,2.6933098549523655,1.151171159569598,2.2155741667268405,2.7264768551126446,1.890043848840786,2.7840703708286667,2.0355862525105617,1.3616421768825933,0.9775791662898539,0.9862693113114341,2.1789627562343306,2.9385730616037113,1.778317830703783,0.8913384491363937,1.8359844772203278,1.444532211538534,3.5391668544070343,2.6387480437104074,3.1711699681751613,2.0752588310747186,2.4232915787743488,1.4167052206652608,3.1000421025793723,3.0231720514022453,3.497287439940719,3.5131506199280245,3.6683623152655036,1.5560851190111709,5.292656293782671,1.1448957347508497,1.8880339975931064,2.837719880498393,1.505252166755475,0.8443084031996999,3.6585732534378255,3.087687877195895,1.7200375124491922,5.221534371648899,4.686557994330377,4.134475594997035,1.4144022019000717,1.5450733898600983,1.820489621641014,1.277139986726704,3.301445808230402,2.379420205390243,3.147236829903493,2.7130737635091435,3.5130963048028345,2.4570103513831723,3.289671535853621,2.3422974928578753,1.808707060260363,1.881081648273115,1.753349728074244,3.0504022916580684,1.5934816241331673,2.4681586342533612,1.665913791814906,2.3256049748699335,1.8085575403568273,2.5917585057242425,1.2892216336890774,2.4431048703557936,2.782333240408347,2.069268192933395,1.65292409606244,1.4656562575883483,4.5997378712006105,2.316724350883851,2.411194795630453,1.0714147335456254,2.692051084940127,1.7137185361858076,2.0258134468035633,2.33807425654734,2.222783610429557,3.8176957190842034,1.4000942127930116,2.649494652769,2.144474994754561,0.9501319992026073,1.7601730047675281,2.4224306667155293,1.246202868796816,4.026966954084441,3.4141969692055865,2.1099188959322235,3.5986757323237932
Austria,2.680771440873634,2.8894357117778995,3.170553624839901,1.0,3.077668569228451,3.5222384460470324,2.8256661185029834,1.029799045888279,2.4961454368206413,2.540382215573857,2.006948453285158,3.431451541224111,2.698340645433114,3.3765509594512686,1.5787946975674914,3.6900971499240307,2.04746746402709,3.354543808716273,2.230632779642139,2.2633130563595083,1.7194169397964243,1.5900722465564765,1.8980395972866693,2.416304003467023,2.51141693961774,3.521240652248947,1.4480178753242723,2.0922704949820496,1.7048293869003104,0.8845351957461429,1.5284226302045725,3.3202835025161272,3.7231085936411823,2.7312813877906263,1.510899903285721,2.0381402585182045,2.909669272559026,3.0937545237872603,3.743503418665857,3.5280275315964897,2.605346825234396,2.4778951560854607,2.2482992590839,2.1693475417434462,3.0596619956882005,2.8074679893660064,3.192043489665803,2.7988706984692113,2.597991582462659,2.6966531849271123,2.362716593786853,2.4063422983815594,2.7666102889587005,3.509936073477008,1.4070422030335472,2.310285804039815,2.793943740681869,2.7630120716555533,3.191385939370131,1.2809320349012085,3.360800175102726,2.8243174417524726,3.4429887827277095,2.174031863655315,2.4318405741380427,3.4315477576698123,3.0665707787925385,1.9291362053446541,3.31838049620238,2.104550774730734,2.363556950636025,2.628281684511041,2.282272315793777,2.364405765470405,2.0870584489267467,3.0414823085288654,2.8535506264705752,3.5250869485316945,2.3981242809763494,2.0499500379000835,1.6445943274597659,1.6584751174510675,2.853792044617414,1.9284225437417493,1.909491595859458,3.4281566071491643,2.3515650814856346,2.2840949031111792,3.4496588428231165,2.674642687631849,1.3351746522119508,1.936268818733638,3.33653758491234
Azerbaijan,2.20812224231677,1.7370672925497517,2.6933098549523655,3.077668569228451,1.0,2.987001999723405,1.8995593183993131,2.8713631440048886,2.8830078245618562,2.567369882958965,2.1299370084581484,2.885226749646771,2.354827202275657,3.0652398624926027,2.3431594989198863,3.148508587492202,2.4247585936463643,2.358883866491718,2.386763347265863,2.344424483885724,3.155433275736191,2.4731883887277637,3.390611490916067,2.544804295493608,2.8429333508837575,2.562150595038872,3.2028524302366606,2.987376989554114,3.2354075861125753,3.391958597427147,3.6152862476803382,3.102886660180343,4.2018781852393925,2.519122459197808,2.4929225920049487,3.3047755951917255,2.688845290673336,2.7480689720467146,3.4436749367139243,3.6831584321478665,2.7605813822859306,4.54000162640955,4.14608405085299,3.9474256869296522,1.6865529615720607,2.151575321448685,2.7695181082085534,2.524083211367055,3.000364601739947,3.1250719594547935,2.7589021533767593,2.882844539436537,3.338115989601303,3.0251550774984564,3.4503779098613516,2.950686450658942,2.9370701515723825,2.485615783855431,3.149316927969965,2.968644171301987,3.069085314316734,3.1176114876587464,2.4880468621244165,2.502748766920969,2.641085920249385,3.037453202441032,2.6243734399183722,2.8072989216663453,3.3010188204491597,2.5127363387335757,2.988616025403378,2.528525432084912,4.130385896970047,2.7557668817822063,2.327134891681362,2.6619076643990565,3.315141730827145,3.3733212581503986,2.535310392728081,2.19337825872032,2.007326328842094,3.313631325016295,2.664833885262755,2.9785563080501576,2.519118712885198,2.834635602889882,2.717610907984063,2.3105967477434146,2.5010342719076974,3.556722655701061,3.4392279450611896,2.919183718759744,3.2146646832190693
Bangladesh,2.011873144423576,2.9980327181522406,1.151171159569598,3.5222384460470324,2.987001999723405,1.0,2.722854801494551,3.115853915021506,2.1108230794094003,3.267406652328514,2.5312423028360547,0.9990900799381068,1.285354975432209,1.1681135922203008,2.6604277289465412,3.3909899480375456,2.331888351904666,1.0327348120677802,2.1514322532144257,1.781474921354476,3.9046356935972133,2.805677134618487,3.2119201460136892,1.9883385884667022,2.9478491348072824,1.0997381584687154,3.2995597645091226,3.2857694324098445,3.7782511789847466,3.851294756254612,3.747548815973026,1.4090158956243999,5.630554083153307,1.2323450936030094,2.392771536277979,3.0363458037031132,1.5388092171313812,0.8823350947853416,3.9187573509604774,2.9107271720093473,1.7396002028837838,5.478557006640917,5.011281299139375,4.411710721298121,1.9640327051058857,2.0124694656174484,1.3453406808506065,1.8354195057738898,3.8248499428050424,2.5779880128623303,3.5020232071776194,2.9906810696537267,3.488250775369257,2.186774350369268,3.614491909825789,2.6829307672880534,1.9939760345172712,2.0670954904254746,1.4864239804000063,3.1823220114897297,1.6610864789391335,2.77972418379541,2.3254346096476453,2.59362994133798,2.2498663651824953,2.736762259460496,1.4272996965186069,2.7736097377099473,2.645934893866679,2.50912888326973,1.8123847387687337,1.418914800749941,4.755508849067739,2.6543468145634157,2.9794826748994856,1.3502753323590018,3.022839669933067,1.2341027494468388,2.386354180043152,2.60622983748426,2.8465738896816717,4.138964852112815,1.7487291681343267,2.809785212679312,2.3082368314963406,0.7502310322162867,2.3309731723421496,2.959224993451513,1.2062270410518927,4.403489233782354,3.774550018418009,2.4289461824160385,3.588485905200972
Belarus,1.808175665904509,1.75465972350224,2.2155741667268405,2.8256661185029834,1.8995593183993131,2.722854801494551,1.0,2.637365236389967,2.718908984057048,1.5433903488873464,1.8399126398753938,2.422852049381337,2.0768906041867528,2.6982201194387763,2.0535376209640854,2.4470649253873926,1.8094708104983168,2.0774701735066565,2.169519436188227,2.04198386190497,3.1756876795022344,2.459521972387034,3.2495566559542293,2.7535415039062543,2.097339190799742,2.375455206356212,3.1869278116872617,2.8058339721903733,2.8399714772930658,3.2041080120692644,3.310044082143519,2.3884492366421752,4.582591661966373,2.366510767628742,2.207989517766,2.9518445387000534,2.6133117897463363,2.389732045294569,3.4227457240799377,3.8374316543025766,2.408294303465817,4.541163600425161,4.262130312543636,3.7355509462549397,1.5792535175916333,1.7191408451196912,2.637240441105905,2.0639331920051225,2.7753767319910914,2.8515865240373457,2.952221665102207,2.4773451817185426,3.2093810509187413,2.9629905486699704,3.150688214524746,2.190496409418931,2.2503171767019685,2.257968045015584,2.6500949835899963,2.8261526325530815,2.884723344880529,2.8073161425455995,2.0476833473650458,2.4113047955625264,2.363447710404612,3.2796672318410147,2.497318734687119,2.6210389215777505,2.7836656284527743,2.2006158351246867,2.722891078239854,2.2313080959291156,4.201568972937791,2.4362060435127892,1.6025915792457397,2.400236941922336,2.5527934648451396,3.075986476763311,2.0124077859097533,1.9828040565411145,1.8093044046358213,3.512036345676549,2.285950204526995,2.635323688160677,2.207215366995282,2.4634411261051143,2.3032543271970827,2.291441178178424,2.175431387797595,2.922791809669096,3.3955050500597657,2.6268838070925824,3.069442902765048
Belgium,2.3775674990356994,2.658894083941761,2.7264768551126446,1.029799045888279,2.8713631440048886,3.115853915021506,2.637365236389967,1.0,2.184800036349431,2.3446555098290673,1.8489163421051804,3.094987927614368,2.265401611285843,2.862198879676069,1.2553782385455619,3.1990734291187843,1.720834505793932,2.90383709779587,1.8406462358866142,1.9483086957410123,2.05692827416204,1.4493188440067477,1.9147544619091657,1.9878905808587688,2.400959980779681,3.105231924573407,1.7120627033567433,2.1403006370194455,1.9919119746677558,1.1315330651015405,1.9009760230368629,3.1039632320986987,3.885282024795238,2.3033001128597523,1.1792992630002896,1.944200034344609,2.382074073359263,2.644083377001518,3.670843862075482,3.117009648923243,2.1819223446261224,2.9175573265580796,2.761935872435814,2.2177004879830395,2.6641006986251683,2.412934153295708,2.694000104323423,2.286922333731879,2.7296458240198747,2.50970706983376,2.477469602599541,2.47604802244575,2.825876877166578,3.227605736963275,1.4721893446664116,2.2349192366933215,2.6258970614626733,2.4816046252682877,2.769319550917579,1.4858387606257564,2.9333145936591194,2.65923670138584,2.9528997480742594,1.7903007821612,2.013523648432782,3.2753164868173443,2.647616703379709,1.8510317415458881,3.1089539238864283,1.9167086349701035,1.878820806960494,2.2067526351339035,2.4765514475974397,2.4292086875779697,2.0664734505546978,2.622715626002239,2.6988891746105406,3.1055485553779407,1.842476210679192,1.8723806245102321,1.4432364582196424,1.8198566600167332,2.4662231222995588,1.4607659080439004,1.6462080622613764,2.986027510045681,1.8949980371901105,1.867637311760771,3.110515262795341,3.072800352376641,1.3669295330030675,1.4023547504948555,3.228520190995958
Bolivia,2.0588028655736355,2.4927990970138616,1.890043848840786,2.4961454368206413,2.8830078245618562,2.1108230794094003,2.718908984057048,2.184800036349431,1.0,2.6696706468228815,2.370332350142741,2.0918116542205376,1.7637300122128083,1.9735148286879662,2.0776624598643654,3.2575474738384047,1.6657868539602771,2.0085537222533345,1.1649764354853267,1.5609064677048337,3.2632618422634447,2.3701335808976345,2.983545368639276,1.594555688333631,1.7733997067986988,2.458848502325445,1.8183305355639094,3.2806611262689365,3.520774235337664,2.6771609822252245,2.9855844967751226,1.9372259683508088,4.973747596622989,1.6132508821284528,1.5272925616943538,2.759362554721724,1.275006429690785,1.4456882488432032,3.916199348096702,3.409900646824159,1.8301790387872916,4.428410217967564,3.759372733818777,3.530310006835039,2.106627193646733,2.3258192627179257,1.9933336586088763,2.2532889821769504,3.185201217412693,1.753295956564374,3.350492271743773,3.099843292840195,2.9627965222612516,2.5923008225351643,2.431857724524541,2.079240778604019,1.674873263295499,1.457433060569687,1.9378454564077745,2.695902091777858,2.6131952338960263,2.2710028004834153,2.312414572248755,1.8498105892508194,2.369994391911859,2.219485382129633,1.8991867791897066,1.128934782715847,2.294715232146418,1.1558005626176215,0.9676707664713582,1.7478655278009452,3.8378297978396123,2.421729477351765,2.861117322222052,1.799604900131746,2.465312740431422,2.2848279495052046,2.0296412558251804,2.3257742555231813,1.8706420410457008,3.18634989606166,1.5368972413421063,2.5643339712628466,1.9467323307757172,1.9807346488338138,1.9474914285743752,1.910563136556571,2.2123909102824113,4.170441209214886,2.5197216386868346,2.0373142956530415,2.62516472466515
Brazil,2.4983003371506434,2.112102512329366,2.7840703708286667,2.540382215573857,2.567369882958965,3.267406652328514,1.5433903488873464,2.3446555098290673,2.6696706468228815,1.0,2.5594350975252693,3.045857200798619,2.705853232924665,3.232847571697747,2.0631868064304033,2.837967703015179,1.9272860630181274,2.7515482682110224,2.191868687672633,2.395939786070707,3.36519421429142,2.853184618974643,3.342282141750432,2.8233871016766723,2.0071876766811076,3.045333337110054,2.887024309716329,3.0619298805135005,2.869520213093328,2.733795349909878,2.9077292965956056,2.667490050355453,4.624880612526677,2.726420911016968,2.3431078381533785,3.2273780661069034,2.9520853178392907,2.769211458215631,3.8206891241339003,4.201291068239594,2.4612830614196017,4.074472617153651,3.970801984708026,3.2302941493203132,2.4700876091838513,2.323326296064577,2.9683131731215453,2.393955256563265,3.14953186766194,2.859575618759725,3.3672875250645,2.942137213212619,3.45923491718947,3.596764927306323,2.759164359218485,2.347495598276578,2.3602668444723496,2.6272812715386924,2.9088840626081547,2.8533878373774706,3.5270431108425875,2.959472248276005,2.3943274661325105,2.466968074590058,2.7818667850318914,3.268113274128994,3.1905743068496397,2.3717543982260483,2.7970611001698718,2.0151674197156617,2.747654096098136,2.6656198476752366,3.800140283629292,2.978274693094057,1.977596603357358,2.799517189267868,2.8160036862112183,3.6695546517890048,1.905844532354799,2.4173655974363406,1.870927500997236,3.4761246257020906,2.5332080810012347,2.682398179623541,2.270492709673686,3.083635783246972,2.441295920531252,2.275893580817981,2.9204654485572488,2.931942257704931,3.086834944377691,2.777444730805297,2.798364435371507
Bulgaria,1.5452830058688596,1.9885941481011224,2.0355862525105617,2.006948453285158,2.1299370084581484,2.5312423028360547,1.8399126398753938,1.8489163421051804,2.370332350142741,2.5594350975252693,1.0,2.422014371647725,1.6053133094388334,2.382052543648178,1.5557935417038056,2.9457375806621244,1.764018589393447,2.1832382078990253,1.9921538720365244,1.5846899475019447,1.9147429595526473,1.27901603830381,2.3865797360360803,2.1689222545377334,2.412104807344267,2.3300180813028954,2.435915065129727,2.1610316496929034,2.2312504246807228,2.499862393666934,2.8392852717014376,2.6785066856187902,4.0054498645722525,1.8907182142049626,1.360257653755315,1.9338014253334064,2.2900417449690607,2.2322031665156845,3.3839700958866485,3.044652949535369,2.367368033660485,3.934420502038929,3.488702857073935,3.288018032007783,1.6688768693487874,1.8061860470483935,2.5970069538787053,1.9264843913297076,2.470232514464374,2.5135391317639257,2.1274308923393743,1.8644884203940675,2.900793921226179,2.6244109976566308,2.6614557812936757,1.9348928905475664,2.438376177599771,2.097101505951063,2.6165972770244323,1.8945710118764185,2.391210499937726,2.6884176802381816,2.4145845019331973,1.8711986237752725,1.8090042546047693,3.2183337891590913,2.1334936174029218,2.264218949654305,3.0897367167832805,1.983943454255325,2.131823063101596,1.8630146169561415,3.430391359938128,1.5489838282375807,1.5972139086832158,2.0087670555926027,2.683635323046607,2.667752303552645,2.235361116053193,1.2672638162838568,1.451149529357906,2.420904308866026,2.291852872358564,2.0362227487747875,1.874815713415427,2.325242226134703,1.8701387751262837,2.098646061183246,2.2155612201901453,2.9269468017905735,2.5121603404758046,1.8434931617906554,3.5532997228374477
Burkina Faso,1.9182031594767168,2.804731091213734,1.3616421768825933,3.431451541224111,2.885226749646771,0.9990900799381068,2.422852049381337,3.094987927614368,2.0918116542205376,3.045857200798619,2.422014371647725,1.0,1.2859085238321262,1.4426009488927556,2.548998940667063,3.028579379710184,2.064121710688684,1.1148407090147614,2.05691084995919,1.7181323619265372,3.760408417201258,2.736984050160148,3.221910529980492,2.082558890922102,2.6109759872098453,1.6064552255108822,3.1153704729866565,3.1226578484941263,3.67101264314886,3.7593702721511852,3.649748624235517,1.2514340078311441,5.577632478217945,1.546051595961422,2.3275637072639364,2.9177919236854613,1.503392022270833,1.042517234721369,3.804332590039128,3.207431481459388,2.06509179306051,5.350580364783668,4.8180996328742705,4.167785078072089,1.9676303885762965,1.741213818246892,1.3443137670082197,1.8674531182104028,3.5105107083308473,2.714302541706355,3.373043799344639,2.75618801840715,3.39242620755766,1.8827037241270361,3.480275603153971,2.237514805869589,1.824274363230648,1.8307856769440192,1.7495117768538715,3.266465061082272,1.7158184840849187,2.642700164905115,2.136673890789829,2.7535031286676674,2.3750619371241655,2.9557104886231493,1.5494519886082674,2.6866156086925344,2.3857643015064482,2.291543025906868,1.814717356177266,1.7736095664884732,4.771909449530442,2.74569664664738,2.7653672115441914,1.5285631350566757,2.751859854150633,1.532608097850379,2.252704391844874,2.4057024405351943,2.6251983651886635,4.074322548569403,1.7185837539271567,2.7279352302681996,2.3935129497982035,0.8999360966261875,2.0280899652236335,2.8799394805707323,1.3212740277727004,4.093316648506162,3.6077340014484656,2.3629516318593558,3.4400427802820057
Cambodia,1.4099812453964742,2.2677641977604823,0.9775791662898539,2.698340645433114,2.354827202275657,1.285354975432209,2.0768906041867528,2.265401611285843,1.7637300122128083,2.705853232924665,1.6053133094388334,1.2859085238321262,1.0,1.2592097518705765,1.6807858817886296,2.899497702636094,1.4119627288455734,1.090097129247198,1.4908518560087072,1.1158287482044735,3.0790899166620593,1.939033294796797,2.582223187467553,1.6323489814860206,2.29285413409562,1.5706067745785335,2.6687313649176168,2.455770582348958,3.0095152305668926,3.0483101237243604,3.1719402477640637,1.7344809965041221,5.002433320264243,0.9332714643830149,1.410191213716545,2.303926414590283,1.33691940786548,1.0146271318354243,3.629174437386802,2.8377682601155545,1.503588485303372,4.781239519335678,4.277051161676244,3.668277849123884,1.3993036862320343,1.2266877758558417,1.533901341252985,1.3039788206971543,2.9962873100036553,2.2581370491104615,2.6386362461498916,2.245446411657188,3.0185892953213935,2.173763415845643,2.8804438349732395,1.971542096707391,1.7251490063577994,1.6617108934060667,1.726894950332971,2.4857457395193885,1.497561522724356,2.2524534652403414,2.014820499734856,2.047086409893159,1.4113202410219265,2.714560613119106,1.0552248417290844,2.213545830827289,2.668962363068376,1.9317349189919253,1.4240578494166247,1.2988876281648172,4.195539983103399,2.0477357199272537,2.0515117452464318,1.2857411221957884,2.5154954813970645,1.6788050831763521,1.8054851029557593,1.8567537186348033,1.794762523785437,3.3357975115148446,1.518273866734831,2.111800310040502,1.628361224249445,1.108200380281019,1.6373520346503836,2.2364343236311446,1.4878675564742418,3.7341820146930926,2.933766818664633,1.5566109580647907,3.4020468633407726
Cameroon,1.932554736304819,2.806521335929335,0.9862693113114341,3.3765509594512686,3.0652398624926027,1.1681135922203008,2.6982201194387763,2.862198879676069,1.9735148286879662,3.232847571697747,2.382052543648178,1.4426009488927556,1.2592097518705765,1.0,2.4726892061402603,2.8892536908494515,2.083493818328655,1.2298334557446347,1.973896006911858,1.6999448397278292,3.6322666056966417,2.7153724774308725,3.126351320298115,2.2157512294943076,2.634258183222554,1.7013215012747993,3.2001257935030414,3.102806733203336,3.6590242601428087,3.61145946744128,3.70332500665371,1.8462537844596008,5.275075180290294,1.271239139173225,2.1657798395246983,2.739552126890258,1.3773827917008454,1.1229158281188445,3.682610334853816,2.716401541045305,1.980789550872127,5.261232797797047,4.668665174446846,4.137902990323117,1.8386055249001276,1.7816749774306997,1.6530062941168961,1.666170298259148,3.462386137981808,2.2674582315218283,3.2200658164036486,2.7900551722488274,3.4353656146271243,2.170272799073396,3.3649477953087357,2.4478751628915094,1.9524795207993026,1.8532942353019808,1.7711962281818991,3.179067404804508,1.224819034461358,2.4699803603927677,1.931714316791071,2.574414390913112,1.9051480003124297,2.8337365500774854,1.1564513960732052,2.6563113245419063,2.664986310556748,2.442417111745855,1.6269868056623205,1.6524644569014706,4.618173337875707,2.431337199865516,2.8164109313618044,1.5012993907423693,2.767123346614795,1.3879582255664231,2.2879406662460213,2.5176041543260372,2.5841866113233727,3.8594953733799744,1.790128457023704,2.5843850524908354,2.3787319548808923,0.9136184899276735,1.9706696293467125,2.6326277241947498,1.4799279420198583,4.239182973579193,3.4046855934349516,2.1137188049055156,3.7571186312853664
Canada,2.0495816747112365,2.1331536292007742,2.1789627562343306,1.5787946975674914,2.3431594989198863,2.6604277289465412,2.0535376209640854,1.2553782385455619,2.0776624598643654,2.0631868064304033,1.5557935417038056,2.548998940667063,1.6807858817886296,2.4726892061402603,1.0,3.0575918889550877,1.3737113130910412,2.308066245355262,1.4905619970181172,1.4710452938643794,2.2248803768162704,1.5141977308577204,2.1936017487477906,1.933024103727627,2.1869314303520655,2.71459976347697,2.0590175978709935,1.751839749257313,2.0790678549459094,1.963059391613519,2.3229013930041194,2.6214150914803893,4.207063581361403,1.7878870607005621,1.0319441682711612,2.0165762451922933,2.1405034489924337,2.2022864073346655,3.390232227836697,3.1823991266569034,1.8995606674253176,3.6514741487362676,3.2047074698690006,2.640143745855279,2.1610359711526135,1.7775911072975634,2.378542008422459,1.8449898887021576,2.419714716191137,2.3599016087038,2.082639001793251,1.8140157233330088,2.87741333550991,2.980294035869992,2.030852995314971,1.8506190752021365,2.049965007826705,2.261593582085746,2.5358779120270776,1.8376507954670036,2.38723820315946,2.355626930218335,2.4735387825061776,1.7713593366991909,1.6557501076338104,3.2707956741847055,2.15961932947389,1.8521261521841004,2.810723194456959,1.7331473937339992,1.81045085246474,1.9170241450626866,3.277593309336066,2.1764627588448984,1.4399677431871178,2.3625165604885385,2.4926806688196192,2.8359629434688296,1.5728714521881053,1.4945607586167373,1.0742607345765534,2.4719595630696864,2.051795394752336,1.647606341123645,1.5297127982579701,2.465687250301871,1.632477774547477,1.9027657465124699,2.5988797625014897,2.9531251680853985,1.9363911105132336,1.3508898267244323,3.2107968702204737
Chad,2.9686724494454086,2.5979394970387273,2.9385730616037113,3.6900971499240307,3.148508587492202,3.3909899480375456,2.4470649253873926,3.1990734291187843,3.2575474738384047,2.837967703015179,2.9457375806621244,3.028579379710184,2.899497702636094,2.8892536908494515,3.0575918889550877,1.0,2.646249766528671,3.0028565104109295,2.96422538839219,3.165168212471109,3.692044073350928,3.284565800663833,3.778161554619542,3.4843224132846013,2.52124460331172,3.438388629934498,3.7693027673600805,3.4003746295722213,3.7581138356427295,3.69008233543078,4.124935182273578,3.2795373666531247,4.5408649165683315,3.3056401225368615,3.0997540458174058,3.249396826556677,2.9735070041257536,3.144172788892585,3.9420744112775203,3.6788419519992517,3.477448103790201,4.789225184018586,4.395089122516593,3.7425690935821905,2.6194191896980974,2.6140965606289437,3.024693942845903,3.0267226255219617,3.0122135094887295,3.431825856338971,3.3202808358232194,3.1895811942787082,3.6193607921552453,3.206749070089865,3.6048461370018945,2.84762685992138,2.97336874023201,2.956642860661708,3.2687953541108143,3.8785034195538013,3.027167316928228,3.2467579845335233,2.438152155358792,3.3657739652804706,2.814949031716374,3.8869297796462665,2.901242739837706,3.3411668602475277,3.3620638763182358,3.1550083502140205,3.1263714191278273,3.3237665149140714,4.514248122325489,3.2420448359962415,2.986751969679565,3.1456403365817645,2.868226354852466,3.305631147917917,2.8576441911640567,3.04261692915068,2.8598870431288175,3.8895684175707816,3.153265321011308,3.2087491444720735,3.3615686545155037,3.062247360963124,2.677243025440517,2.814475639155802,3.169785193512083,3.571664234385883,3.590099852768483,2.9326488028202244,3.484602036701678
Chile,1.7943332117743747,2.008871712629679,1.778317830703783,2.04746746402709,2.4247585936463643,2.331888351904666,1.8094708104983168,1.720834505793932,1.6657868539602771,1.9272860630181274,1.764018589393447,2.064121710688684,1.4119627288455734,2.083493818328655,1.3737113130910412,2.646249766528671,1.0,1.9028947763731838,1.092951195188264,1.2601563154200193,2.896439566005884,1.9858445174702444,2.495360436717178,1.93431113390414,1.5175309736101483,2.4778133841278516,2.075892078896553,2.3112850530491515,2.650900188744975,2.378409385367592,2.5951373239991216,1.9895232961336322,4.79329888391059,1.6927501656421435,1.1139233391483863,2.3978883663479986,1.7948463462485462,1.742380881416962,3.6929016299068858,3.3340477213037114,1.72197372243171,4.151586762166346,3.666409581634631,2.9634453329815242,1.85612507495498,1.503531254318219,2.024637487149368,1.664727810394167,2.4066693401375616,2.308795638429433,2.535318538060629,2.2697169968748665,2.899139075962815,2.8277829030716393,2.022106974248933,1.7959769677517352,1.5167052454683352,1.7034483007073147,2.334464768693539,2.371262347120098,2.375008325341752,1.9933490444617927,2.1126295974736378,1.979307347960645,1.6848064570993675,2.6458003521152125,1.9180220394986063,1.6079711812231479,2.5848755037851427,1.3269256890763694,1.604492424124801,1.8575112874451774,3.876608886183603,2.323009585687306,1.6336681344788144,1.8943645152319786,1.9483855239656414,2.651419067473772,1.3078301626496818,1.7657255760901773,1.0145337664313523,3.0496304751359933,1.4806204432212011,1.8567373101955513,1.481896093039541,2.09901585535872,1.392481296725936,1.8967084599710051,2.174606193607154,3.167709896001872,2.3836737603317926,1.4795374664550207,2.934246192863541
China,1.524464736494964,2.3383320164238497,0.8913384491363937,3.354543808716273,2.358883866491718,1.0327348120677802,2.0774701735066565,2.90383709779587,2.0085537222533345,2.7515482682110224,2.1832382078990253,1.1148407090147614,1.090097129247198,1.2298334557446347,2.308066245355262,3.0028565104109295,1.9028947763731838,1.0,1.775569852534079,1.4074960668483625,3.7421721468882714,2.664292201991838,3.350121138346523,1.9952256848851493,2.550953788761464,1.143742021239153,3.2377822491154244,3.164530693490336,3.599456806248025,3.7035351096076368,3.706460504575373,1.4785216924792084,5.428174732732652,1.1301164853123153,2.1464503773296495,3.111662102048195,1.354750387385507,0.8084430414939856,3.5207175650098157,3.1635572213165006,1.7454796737778924,5.340799131787803,4.86431491606597,4.302454407908799,1.2344644623267653,1.438172347806744,1.414332669671199,1.3742422485032353,3.46568217666284,2.4895288509168565,3.337224942073181,2.8420622972960055,3.5150066279759318,2.153935495151749,3.488727792196016,2.4735499794585034,1.8765335686562754,1.7045059359596648,1.8195031541782345,3.1525303288627637,1.7189659613587145,2.5202259488370813,1.6354527025123422,2.3979807452011133,2.1187039335214415,2.650108285996855,1.3688554947621927,2.5311783535444667,2.517803371853036,2.119808182134518,1.865913292454115,1.3349769349209826,4.728887399412688,2.6168575870671176,2.5646369497013386,1.2438397062496114,2.8047636486467304,1.803956604802564,1.9496339920635701,2.236424320690466,2.3062343534635708,3.9678908005216167,1.4194641174617342,2.6527835796502357,2.197061324471167,0.7296031702644797,2.0039492118750935,2.5264285679995333,0.8271748858984037,4.137827158607388,3.6461277317743717,2.4064791806798316,3.3915822443109924
Colombia,1.9874454885543789,2.094449777411469,1.8359844772203278,2.230632779642139,2.386763347265863,2.1514322532144257,2.169519436188227,1.8406462358866142,1.1649764354853267,2.191868687672633,1.9921538720365244,2.05691084995919,1.4908518560087072,1.973896006911858,1.4905619970181172,2.96422538839219,1.092951195188264,1.775569852534079,1.0,1.1959528756179905,3.046557944618306,2.0997415025722606,2.7709823409411594,1.664643875163131,1.6238431379982816,2.4068127265245898,1.8920952090789545,2.706899439470775,3.0718178411664963,2.5201334009233554,2.728238387065999,1.904084006173805,4.882743518783201,1.3311755576103788,1.3317315945968196,2.623405050431918,1.4358360788962166,1.505432792787638,3.706768464546145,3.392453641067776,1.6318720592690932,4.318537800845957,3.6601208273207573,3.334607676123976,1.8125135704851598,1.7983271525958655,1.7393099734033446,1.9528512748556452,2.6373455366370715,1.9191503107912267,2.8564575240421184,2.547552267704799,2.9021483748703365,2.6827619550241315,2.293674895555671,1.9490111557155982,1.2925919640883365,1.494466475368895,2.214914318946638,2.511833214092994,2.4412964244742392,2.160585574826407,2.0797171279700537,1.628234716074414,2.063470823747126,2.621465739865326,1.9074906834059726,1.177540110129358,2.351504202080584,1.1156363103535136,1.3248094547018825,1.5405873353363138,3.910382222790976,2.385937452307275,2.241868709485357,1.836962623682572,2.1505177199929,2.5820187726871477,1.5339320106582082,1.8332905774368178,1.3503868787209679,3.1350971502137077,1.3302837710978055,2.099670701861397,1.6789140732386671,1.9264644720943935,1.7900007619483922,1.892786985724309,1.9516349222640255,3.679235054042786,2.45065614794394,1.7883282263593752,2.6305188483367687
Costa Rica,1.5448051242521916,2.1153693441693453,1.444532211538534,2.2633130563595083,2.344424483885724,1.781474921354476,2.04198386190497,1.9483086957410123,1.5609064677048337,2.395939786070707,1.5846899475019447,1.7181323619265372,1.1158287482044735,1.6999448397278292,1.4710452938643794,3.165168212471109,1.2601563154200193,1.4074960668483625,1.1959528756179905,1.0,2.906476297256202,1.8106594126178779,2.550241957294128,1.5825636512170587,2.1427127412178386,1.8715415341245747,2.240028372344775,2.495950721780636,2.727505145274448,2.726738837736044,2.636704801004046,1.8703051413275695,4.881284844223015,1.0025889652849165,1.1760269329735962,2.5350763395703924,1.427830465169514,1.2857188254047756,3.4218708357304517,3.1082736689409853,1.5673686672003906,4.432871736746494,3.953206707767835,3.3589505179037404,1.6306991031067217,1.582122116177503,1.6427875699197705,1.5059760059720089,2.9194834148979973,2.1891784998105606,2.6544716627964178,2.1926081825401584,2.8886580645712767,2.40964555776872,2.419789112980721,2.0114215930849837,1.6381774155883344,1.5739901607278275,2.0430488259516038,2.2221672332779856,2.041270192549831,1.9220458658055346,2.170876231733093,1.8566686233088443,1.6212818323089004,2.549980491880684,1.649713968795844,1.6521196226791532,2.332580136105896,1.3646990647946782,1.2909705383764105,1.2846061017376618,3.936682361579695,2.059180641974968,1.9258344795402544,1.5987116763672535,2.4653329610467467,2.1338993201663516,1.5257657439167978,1.359887869691717,1.4775677372534297,3.125419753090046,1.2774312322048984,1.9276119559597618,1.4055242448944418,1.6364168246029498,1.4007300322274712,1.9386451964646396,1.7150595270408886,3.5293289878494463,2.644813176016998,1.7377698144180114,3.071216352321975
Croatia,2.9622183519670746,3.129986168321256,3.5391668544070343,1.7194169397964243,3.155433275736191,3.9046356935972133,3.1756876795022344,2.05692827416204,3.2632618422634447,3.36519421429142,1.9147429595526473,3.760408417201258,3.0790899166620593,3.6322666056966417,2.2248803768162704,3.692044073350928,2.896439566005884,3.7421721468882714,3.046557944618306,2.906476297256202,1.0,1.7616244159923917,2.286962495293387,3.097841460146457,3.2404258520206426,3.8281784568794848,2.3765749186359164,2.1429629530832957,1.9242297993086954,1.9574239829886315,2.634370391471946,3.9680498424213395,2.7372731837904603,3.22827558832557,2.2713828624251744,1.8065656299764545,3.4065127994293043,3.6457313933433646,3.559436018940388,3.4103885876891282,3.5048510311751975,2.634245423292229,2.052950845597435,2.610213639511229,3.2770395392099227,3.096960880558322,3.7721629094253992,3.2521576553202993,2.5508336938612985,3.0594113180726987,1.9950951952351903,2.1975672200821648,3.049444808514572,3.4616079762147236,2.620107234672175,2.5111704820313343,3.510736916793048,3.1848796797324286,3.7298806267070255,1.9386107388637333,3.3515012326446967,3.4878042233972155,3.6571405288668615,2.739784621068983,2.8447384011560426,4.170643865537695,3.3165006750460404,2.926721673214657,3.7987447073202953,2.9318548093336503,3.017421726524638,3.193545586828002,2.328631232717467,2.244499039662642,2.430398097772994,3.4798542562422146,3.4381338484542097,3.7444693522898667,3.2679912287623227,2.2647538351334275,2.3395175921704707,1.3727415320002694,3.6198187935468757,2.5049733280744624,2.8583394980466394,3.739342087906967,2.7528971142737007,2.773790038192386,3.7442224838364697,2.4813888173159544,1.8730050998708274,2.449903177019763,4.150768996882941
Czech Republic,2.129547927164659,2.6335171629115988,2.6387480437104074,1.5900722465564765,2.4731883887277637,2.805677134618487,2.459521972387034,1.4493188440067477,2.3701335808976345,2.853184618974643,1.27901603830381,2.736984050160148,1.939033294796797,2.7153724774308725,1.5141977308577204,3.284565800663833,1.9858445174702444,2.664292201991838,2.0997415025722606,1.8106594126178779,1.7616244159923917,1.0,1.6874029494499692,1.9319253714918523,2.6769792771058962,2.7240736967034986,2.069518293695357,1.9354446185613148,1.8970408344278828,1.9796983156166434,2.180522802233058,3.0254149578477914,3.8253450818055663,2.140729108298925,1.3348549869457957,1.6043579362188891,2.326957581180559,2.564704648203335,3.5077987838394815,2.643406299166494,2.3200119227058735,3.337153080648612,3.079842681965169,2.6606467963716183,2.3775947795537666,2.3113384243606245,2.5447647570344056,2.3752377562929827,2.7264924878628167,2.587403314134411,2.078798007014018,2.0105638335902767,2.471183300071893,2.7181703934581436,2.100701816248534,2.140042729633949,2.678413926788398,2.309714252318948,2.624665861513918,1.237601473565843,2.584619842213426,2.5889879767069046,3.0856983996819474,1.8531427207587376,1.8434233680496752,3.387078156981685,2.2548131346168656,2.2157515350294514,2.9410386548997756,2.218211580864133,2.0726554598824993,2.0022440622515467,2.8000205845468202,1.8797968184449603,2.0245446831254537,2.5710683927263154,2.748429939365697,2.6634443166132904,2.2090067742128623,1.3370328518918708,1.6791738313246796,1.904910981088634,2.5619901327384413,1.503123520938006,1.6286974625037296,2.7048285659128077,2.1271691200474123,2.2220161074151235,2.811814975273431,3.121805239226742,1.9797993004438557,1.5084833383739613,3.3412253487059487
