Country Name,Albania,Angola,Australia,Azerbaijan,Bangladesh,Belarus,Belgium,Bolivia,Brazil,Bulgaria,Cambodia,Cameroon,Canada,Chile,China,Colombia,Costa Rica,Croatia,Czech Republic,Denmark,Ecuador,"Egypt, Arab Rep.",El Salvador,Estonia,Finland,France,Georgia,Germany,Ghana,Guatemala,Honduras,Hungary,India,Indonesia,Israel,Italy,Jamaica,Japan,Jordan,Kazakhstan,Kenya,"Korea, Rep.",Kyrgyz Republic,Latvia,Lithuania,Malaysia,Mexico,Mongolia,Morocco,Nepal,Netherlands,New Zealand,Nigeria,North Macedonia,Norway,Oman,Pakistan,Panama,Paraguay,Peru,Philippines,Poland,Portugal,Romania,Russian Federation,Saudi Arabia,Senegal,Slovak Republic,South Africa,Spain,Sri Lanka,Sweden,Switzerland,Tanzania,Thailand,Tunisia,Turkey,Ukraine,United Kingdom,United States,Uruguay
Albania,1.0,0.7484981483552723,0.49412444908331266,0.5991798468497118,0.2792775167100753,0.5086111618451515,0.8746263025637219,0.3442157194413321,0.8598649208900581,0.5308903906602817,0.342896220094425,0.4573669966699306,0.8097851599909625,0.5571623977888823,0.3547674986708858,0.5215869882382044,0.5012019683717982,0.7229439324136631,0.6614902957643689,0.9196227332819731,0.6545620460442358,0.3270270653653802,0.677221057599582,0.8472309070009045,1.0304633852373608,0.8165699276837577,0.6724666201982457,1.112413639000566,0.4664169414935716,0.5128404300388713,0.5411310973714801,0.716112086211623,0.47642005083883726,0.3256403465058696,0.695251278299629,1.0684712075183753,0.922770515527158,1.325835800111641,0.3936089543611373,0.3952226344592173,0.6103770681342496,0.6422203886784452,0.8694761631726939,0.7536054987321593,0.8543001116797674,0.6951073976835197,1.0096811031520283,0.5783488799961393,0.5407692812176538,0.5373060317580168,0.7740778400426911,0.5698188827359983,0.7101405170333187,0.8675109286839949,0.7326397468376254,0.7113420592446741,0.448041882476553,0.4810415749601364,0.866842793476746,0.57991430601382,0.43884981439111587,0.523405039408719,0.9293044592965215,0.7478285141485392,0.7312051220411391,0.9049756260261568,0.4163220570447171,0.7646903431901568,0.5482529494278298,0.563466095544543,0.6396475464416976,0.9830431125452156,0.7109288162660505,0.36416164974415993,0.7897939844778668,0.6411693159876773,1.0166770479623324,0.9535582395608228,0.7578625422905704,0.7152608827367438,0.5847628975105862
Angola,0.7484981483552723,1.0,0.5123571703113482,0.7633127382625399,0.6629428604258295,0.6959787255412365,0.8086971738652704,0.6048912026443575,0.7724718358244804,0.5939562161620825,0.6046309585686733,0.7388073885703194,0.7507236769764384,0.7152584843969189,0.6486475762821513,0.7332904442832074,0.6813037735189785,0.8003950861850992,0.8483929388919671,1.012865284840404,0.7228619096791171,0.7160488010587717,0.8267557897844353,0.8808569970231203,1.1092099579787644,0.9078977304154998,0.8426713987882776,1.2176012148588808,0.7559524121223294,0.5758089525239214,0.6312740391323168,0.8386860675974505,0.8338819947352696,0.6003455142040942,0.870986260361773,1.234353662774388,1.1902757683104503,1.3275549357502792,0.5535237795171328,0.7051248938060201,0.8911838753278352,0.5765368992533683,1.3010993271522342,0.7463962100716306,0.9396152017060773,0.6729424555513448,1.0582981027418958,0.7184147558530228,1.0398016049783456,0.908714961587481,0.9657487356869922,0.7075153027117841,0.5534264362507668,0.8586065120688385,0.6368050864579843,0.97277549861141,0.8004999329190383,0.6102842884324909,1.123817583958459,0.575851222748691,0.6264067294649772,0.7867717430617645,1.0200701757556054,0.7721640308123312,0.846095555838411,1.299882041479913,0.9174295409108736,0.8081894057832667,0.5491149184119628,0.825751925962574,0.6992211562565578,1.0478601199890347,0.8390242070252237,0.6574684792411486,0.8028805777798547,0.8957029546039029,0.8715754769980025,1.1800121635904774,0.8502837958248897,0.7619237937683492,0.9621598550082051
Australia,0.49412444908331266,0.5123571703113482,1.0,0.6602219167671388,0.3524462337325199,0.5935530941524324,0.7485859664444888,0.34286524295952736,0.7794882130708675,0.5328983635766793,0.39061203227168456,0.39336341428670984,0.6890465270599303,0.5284536021969312,0.3656133213837341,0.4969000441740787,0.5244207563195974,0.7513655071233392,0.8162437623412309,0.9381309367644485,0.7103395066400415,0.39976688278062056,0.7514674609310691,0.8288012891206735,1.0673112772687026,0.8322102775271806,0.7318767273227131,1.2174038769817144,0.5584021605282466,0.41954311488402474,0.45302448930672884,0.8155834722231495,0.5336335296240126,0.278293049308702,0.5929997994763235,1.183340261619512,1.017026472888305,1.3257459969193344,0.36433111906981874,0.5528400565859819,0.7165359570349321,0.4641732635353486,1.0239897005847052,0.6967488406105089,0.9211530518207514,0.49731932115672856,0.9562191936105336,0.5738216596374245,0.8591931025257389,0.7183705820532513,0.9070466580087729,0.48418157236643145,0.5084236727502227,0.6934131930492579,0.6009282469159923,0.7289827663146478,0.4592755872272539,0.40995255495055516,1.022568188406626,0.46619869810615494,0.3680002010705305,0.4925923773111221,1.0043579251999015,0.7697047900642542,0.7292783227765375,0.9889439196879047,0.6296369970032847,0.8347623641918833,0.4889041495214699,0.7065387690312168,0.3944937914181171,0.9917581303196548,0.7505510301330183,0.41720368926221413,0.6611067136494773,0.6412816780897647,0.8135018090598365,1.0414280758047565,0.7680528715941409,0.6107844261997598,0.743588809809073
Azerbaijan,0.5991798468497118,0.7633127382625399,0.6602219167671388,1.0,0.4584825673462095,0.801098873142564,0.9716375116860285,0.5473809146606133,1.0179855917822824,0.7773624008791807,0.5033513013688062,0.6723258143969316,0.8055258827078637,0.7547006014606116,0.43009611612575577,0.5884455458199765,0.6820259295932833,0.8806512761062761,0.8002184339705876,1.0384414873467622,0.9601888971802386,0.51345386430457,0.7841609708426479,0.8609067008077583,1.2238499435185133,0.9895567286488968,0.7001209513334277,1.307836967084247,0.7221129297043917,0.5497979110907478,0.705214188988504,0.9258818620053597,0.4893120057854178,0.49509169192478764,0.7715074124892729,1.2532803823314516,1.008385299690752,1.4078644631912518,0.5420550587916811,0.5064184217700598,0.6069633945241802,0.695624954077247,1.1075098092423137,0.7353461269023109,1.0245476880025801,0.8110555896400149,1.1687083290111822,0.8066222332417502,0.7431804245032294,0.7692718039343327,1.0070586768447445,0.5509544318853985,0.7160526654518348,0.9279755219521534,0.8652711144490824,0.8584673362517162,0.5108449329691417,0.6970599011158184,1.0585415398332596,0.7281188278885297,0.6161127777066009,0.6298858555857586,1.080285624534054,1.0559809829572775,0.9315269407814083,1.185694865343597,0.7161113499505128,0.9016023677972083,0.6421484584077706,0.7214047111935101,0.6862965877202255,1.0589342960449133,0.9029428198522055,0.5303251377364001,0.8567044581304368,0.7699683353728142,1.0010668578974553,1.2328411990383208,0.8674993868555892,0.7747751220858551,0.8045938458690503
Bangladesh,0.2792775167100753,0.6629428604258295,0.3524462337325199,0.4584825673462095,1.0,0.5831206947024085,0.8163262370549059,0.25222554410671444,0.8602660877308167,0.562762991869305,0.24326558177232532,0.35248483124114854,0.7102426351246083,0.5249208437505493,0.14375539915253874,0.39105056231703894,0.4878789044380258,0.7389537160472546,0.7000567446405414,0.9336155432031632,0.6984579120969554,0.2971132548422191,0.6808231195106093,0.778014394530606,1.0688188483632994,0.8183429583206745,0.6030435345155499,1.1808605887470587,0.4437864580805351,0.3836122772439375,0.49852826389846333,0.7723471043994534,0.31015511268901425,0.13211541766207838,0.6061234605568099,1.1251418916594096,0.9100028727309718,1.3368401495013953,0.29573500293610755,0.330390308815994,0.5060156735423706,0.5438411069867738,0.8972036585604527,0.6615272075771342,0.8782585807692211,0.6247129064619178,1.0188612549848428,0.5374398197589875,0.611153514943173,0.5784577770579375,0.8520183107651708,0.3705216295127756,0.5826676928552685,0.8031749700102024,0.6704077763808192,0.6948307788824566,0.26532053597821265,0.40891063421629026,0.9370588919303382,0.5447344117984246,0.3593936205872683,0.4131286514115371,0.9757552784759539,0.8250809483114468,0.7617940524846369,0.935121858593118,0.4521204897851797,0.7969530792720155,0.4924388115409432,0.5930010568668558,0.49618288137466654,0.9655734167297337,0.7518868419571336,0.21978958542051819,0.7265657987241618,0.625839835059913,0.8963756722549859,1.0210380530841225,0.7442414832744402,0.6374421573246225,0.6030650752202211
Belarus,0.5086111618451515,0.6959787255412365,0.5935530941524324,0.801098873142564,0.5831206947024085,1.0,0.6870520645365743,0.5032885626448701,0.49234585308848267,0.48975462230901623,0.47598111129063847,0.6469249120096342,0.6425004835815646,0.44731573252530804,0.5916808064950881,0.5342187221459006,0.49683986162797117,0.6603091932074432,0.5932654703202669,0.7021043721563955,0.5144460655316244,0.5665072144657916,0.6270556355615007,0.7016371129494218,0.7973592033635968,0.5809023568716399,0.7054164376269777,0.8518653064244552,0.5329525824479479,0.5505016157740344,0.43652180939310414,0.4859026773361771,0.7451170191764994,0.5331340708117585,0.5996203803559679,0.8648743785496076,0.9040236394950234,1.1179895651292593,0.602804166307916,0.5186717614353067,0.7764472104637447,0.5715467698088555,1.0143948085742522,0.767133177650728,0.7216395820978118,0.5089417686549655,0.7531716215586266,0.47554153163935187,0.7926279571768439,0.6299382671353845,0.6087793973214319,0.7240175077438028,0.7416912556707246,0.7254575127060021,0.6665526095533463,1.0395136327802632,0.6929036838988871,0.5056480814023308,0.7039404500611575,0.512575472900595,0.5039130341756696,0.5916716963655094,0.7770465104028604,0.6606018964302446,0.4863225485889162,0.8854165502106857,0.7047235057722303,0.6593463209312496,0.42900790419600754,0.6126850786964722,0.6477741178510178,0.7814352539676291,0.506454189295454,0.5792923523058786,0.7924194381671775,0.7631115097365504,0.7971357821006791,0.7990237231325863,0.6060136665324884,0.5815213495261481,0.6205817386867764
Belgium,0.8746263025637219,0.8086971738652704,0.7485859664444888,0.9716375116860285,0.8163262370549059,0.6870520645365743,1.0,0.8203491986210756,0.5929733948397329,0.6448077488675232,0.6784626249617214,0.7959019765069572,0.4951495386677759,0.5462114999069859,0.7736259674305477,0.6552436199068871,0.5716561256460833,0.7158676003446358,0.6167819639351202,0.6067410720367856,0.9799618832467107,0.7531020363789771,0.8565769011340333,0.5803121628183402,0.5911227391630863,0.3767308605864545,0.7729184147901513,0.7718492825933505,0.9520369920457602,0.5986998424971616,0.5039905900338798,0.7317169150318862,0.8763918836200844,0.7580319391089595,0.5927186563765148,0.6538379741290403,1.0420584189022342,0.8771085521812425,0.8510333173940242,0.7559838561340388,0.7865371107037697,0.4846132299212268,1.262476516405294,0.7323761819217309,0.7849230720725398,0.4839373864609588,0.5889558434362805,0.8011268730444486,1.1666261140945324,0.9900424191501999,0.5842777516973064,0.7498472352006258,0.9046527414649513,0.6457716555300922,0.5399795260705708,1.2278259958251814,0.8747061705456399,0.6794755176650028,0.9261962014797508,0.6718826756887005,0.6171233814387211,0.6537643881657156,0.563846892337905,0.9742823896127355,0.6078854224829643,1.1124185566450993,0.9757202016910623,0.5930107966975496,0.5068023281342222,0.5725009826272839,0.7208387538225028,0.44375271816656675,0.48551386685405684,0.8236417421062061,0.7434837022748331,0.9009942311735583,0.6766372866223087,0.9236190830541134,0.5194740578442635,0.4419085964687755,0.9073929316318626
Bolivia,0.3442157194413321,0.6048912026443575,0.34286524295952736,0.5473809146606133,0.25222554410671444,0.5032885626448701,0.8203491986210756,1.0,0.7706169502388197,0.5066422771778922,0.29287774794113314,0.389634127080335,0.7297064538085714,0.48293525926319003,0.2962957907687302,0.38596604871325463,0.5319244828630584,0.6871269325772498,0.6980210119596512,0.8813257008351335,0.5708855356959538,0.349183892863882,0.62405660890249,0.815063121472848,1.0450911692274711,0.7955228954739986,0.7077205101344817,1.1484118490530824,0.3766444898266261,0.38169697238782035,0.4654650554446052,0.6711782503923737,0.47870867061504824,0.20906274188575338,0.5756129800740242,1.1162705281656888,0.8982554884422488,1.3132895876164021,0.30552924531375075,0.41379335650637034,0.6754201252919451,0.5201715416493408,0.8309498812247178,0.7238148154921764,0.8731091474895081,0.5683416776497658,0.9780237654575851,0.46286248030007965,0.6125860732128657,0.6113151848553084,0.8200516334579875,0.5026905759464999,0.5226005389969056,0.6924511459559725,0.7037122401342822,0.7134959351505111,0.3993800757715141,0.3734821289866171,0.8438912251733092,0.4472889036582028,0.3912884609154115,0.4668201117954109,0.9484959360316275,0.6952936008574614,0.7262741599816465,0.9073126531571097,0.5797363341281146,0.7999700913856596,0.4363825689552102,0.6191318702540517,0.5189435422779667,0.9411532603351455,0.7086666021944286,0.2628595554205999,0.7836657990307702,0.7103983675623157,0.7999177644215455,0.9919085151925243,0.741531132555864,0.6366490239368388,0.615288574707104
Brazil,0.8598649208900581,0.7724718358244804,0.7794882130708675,1.0179855917822824,0.8602660877308167,0.49234585308848267,0.5929733948397329,0.7706169502388197,1.0,0.758392296882191,0.7524774895657165,0.8653523332845396,0.635725725095549,0.6184356600819907,0.8237580176149659,0.7384830797723474,0.7099872161663773,0.8319415431334231,0.8072426597702297,0.7772053174604876,0.785033071164096,0.8060377289830417,0.9024202145117411,0.8088819778452422,0.7698531938998899,0.5709142928098869,0.9103983166714998,0.8774429376255288,0.8328759965767663,0.7131100031280035,0.630620342031772,0.7211248981577016,0.9702290487100032,0.779569647829182,0.6582940155545165,0.8725527639177867,1.154300206876123,0.9780038427639076,0.8546893423014382,0.746969468055111,0.9430078478686184,0.5564739182878253,1.1751295610884793,0.956511244036509,0.8750262472650794,0.5775842198581967,0.8001018769737017,0.721828893483918,1.1099221079255355,0.9031972061558239,0.7347581130881974,0.9021326944369173,0.8146167006570182,0.7575797470937405,0.7413202667944815,1.2641956485886234,0.9531653077985687,0.7421222357839525,0.7427510986972076,0.6395997300954435,0.6718508379617476,0.7992731831586887,0.6672925626182467,0.8692171452891733,0.6269626750885556,1.1971633812490545,1.0407886409253464,0.7707061580043758,0.5704505319632398,0.8310186500924313,0.8549040811514902,0.7330165450099734,0.58261201958894,0.8307657558966403,0.8426145325737534,0.9204926488533078,0.7345018151508624,0.8564211500795378,0.724959292245262,0.6818146965623028,0.8636937158806633
Bulgaria,0.5308903906602817,0.5939562161620825,0.5328983635766793,0.7773624008791807,0.562762991869305,0.48975462230901623,0.6448077488675232,0.5066422771778922,0.758392296882191,1.0,0.4203160424995319,0.6627002377433101,0.6423182494182246,0.4346334751712572,0.5849471473304337,0.5507467130178285,0.4144786370248757,0.36459812028429994,0.4552179907312749,0.6720401377418882,0.6805590776733792,0.5521944617509239,0.4507855038684854,0.6222357549477949,0.7457496630836912,0.6165892654233603,0.6398252014481377,0.8752702216347703,0.5938486420459487,0.45856200213458914,0.3248763216924941,0.49508626440293896,0.7733066293947569,0.5139972955239138,0.6997926040609603,0.8572165254402843,0.7921892795271903,1.1101093966789126,0.6024967828808485,0.6104102038457841,0.8271123016814869,0.5554719099643262,1.0824418250796335,0.5649949533453272,0.604183936173938,0.4861347849747958,0.7275866378259048,0.5490154478431104,0.8488074419125682,0.8274864111986989,0.5615160356437301,0.6793227228232098,0.7762513267607587,0.6383212431188113,0.6425824665990495,0.9421127617546762,0.7241867155382149,0.3839691922967782,0.8691864651036775,0.36899970252885783,0.5164264036238514,0.590325065430415,0.821891310885544,0.6359897072455951,0.5038105707216589,0.8770735442127676,0.7545700371185836,0.48925927259890734,0.32687105183152276,0.4243786383421327,0.5620038133253462,0.7554015128608935,0.5562520268227042,0.5847256245546856,0.7473477726385936,0.8820542358210631,0.7561316019725538,0.8471889720234744,0.533222626279994,0.5366318500948907,0.7902434606883483
Cambodia,0.342896220094425,0.6046309585686733,0.39061203227168456,0.5033513013688062,0.24326558177232532,0.47598111129063847,0.6784626249617214,0.29287774794113314,0.7524774895657165,0.4203160424995319,1.0,0.45779161862507295,0.5599179558945576,0.38160334281974784,0.2857131075084984,0.34880071939187,0.39046769138347937,0.5918431890017205,0.535205144375565,0.768439766807723,0.6663337929172697,0.36256380674991506,0.5596227859971783,0.6042615791495743,0.8914288385399692,0.6647519939834267,0.501019402765936,1.0222201667586175,0.47358354766129257,0.3479805569581846,0.3355302653824219,0.6222256334692419,0.4449746683528912,0.23098684275004178,0.5363143308908904,0.9677041810522466,0.833029637082813,1.1566287620630415,0.4031057090626482,0.32246122919758224,0.533076266956108,0.48555646010571896,0.938936214370723,0.5263999711628266,0.7011893379967844,0.501405442460373,0.8563506207963643,0.47518703590068384,0.7021087967032832,0.6230592649379246,0.6921758332190378,0.4177349454090776,0.6586413875835564,0.6981837462259416,0.5759758888028877,0.7911100151471904,0.3861098499678878,0.334153699133196,0.8462010970221627,0.438939484547061,0.3067795426123413,0.4547476419236037,0.8661871998244252,0.7738528655402371,0.5806372935515071,0.855176139744275,0.5045696493833817,0.6420861366406001,0.31406941265374205,0.46487726900023757,0.47728840625444824,0.8237157269438331,0.58413582195731,0.32582567672810425,0.6738294136572266,0.6603017615327668,0.7819519761100747,0.9039970579134208,0.5508441129452707,0.4729745215564771,0.5360275943987699
Cameroon,0.4573669966699306,0.7388073885703194,0.39336341428670984,0.6723258143969316,0.35248483124114854,0.6469249120096342,0.7959019765069572,0.389634127080335,0.8653523332845396,0.6627002377433101,0.45779161862507295,1.0,0.8026339109746221,0.5675901052726996,0.3408095832465465,0.43948297241934126,0.5404008163791267,0.8163137284342314,0.8084977138867258,0.9729036955672431,0.7127510253849578,0.42211202643747453,0.8315675517306568,0.8823806423377848,1.1115267600324723,0.8361524183609035,0.7341312040222342,1.2174910332059456,0.6095942533290821,0.4454024580109536,0.5874877248604076,0.8277668091804751,0.3890572049755396,0.35890405554172017,0.6681041766539744,1.1675904695350272,0.9512431943111125,1.3623950686917767,0.362454252721841,0.4571923789070594,0.5606054751341141,0.5862432537440911,0.8569456345625182,0.7388511624011002,0.9575107785887517,0.6650958117326595,1.0219428744131136,0.5797232050606952,0.647590925256109,0.651992024959069,0.9236508380966556,0.3997847666785868,0.5606484525201806,0.8373534122586015,0.6336104599496007,0.7684592885627738,0.33225423222061856,0.5001059649701368,0.9532523529652787,0.648312501098077,0.39211176193258906,0.4378530214917901,0.986678559562993,0.7833383295496874,0.8337639035577007,0.9926446451927318,0.5499357014745044,0.8519870639023696,0.5987450576230353,0.6847440985242418,0.5893557602696046,0.9612819444592059,0.8048291195337042,0.3746355342463217,0.7235548307635599,0.561898527207939,0.9417392463090553,1.0275737773020948,0.8088847859373941,0.6819810599173854,0.7450040931282874
Canada,0.8097851599909625,0.7507236769764384,0.6890465270599303,0.8055258827078637,0.7102426351246083,0.6425004835815646,0.4951495386677759,0.7297064538085714,0.635725725095549,0.6423182494182246,0.5599179558945576,0.8026339109746221,1.0,0.6184360160878953,0.6556606452618408,0.5481413848444713,0.5386404535895625,0.6251468757673849,0.6369501273289604,0.7818773817614809,0.9620364552696945,0.7434202681914271,0.7817868675488335,0.415484201377847,0.6871522978020542,0.5579914287815672,0.5014306346766644,0.9036706294519784,0.8238120745732003,0.5022957748039629,0.4864353985942812,0.7425943609932159,0.795005559686473,0.6487062280223587,0.5694317409154327,0.8224480473753073,0.8794879558438478,0.9982115031249217,0.804432423820248,0.6370800347779263,0.7678433160965686,0.531822150113557,1.14584507919049,0.613806211920262,0.5964511777498234,0.469412025509663,0.8122550029722775,0.6645985940271364,1.118754381783266,0.9175822429830615,0.6756759101919281,0.6197176841529792,0.8497999698792127,0.6562798858704176,0.6697021281145739,1.2613664401615652,0.779966791512627,0.5875407326882425,0.8794457858611003,0.6218711690281166,0.5908309156490243,0.6243568557169673,0.7792472161987034,1.003778143349089,0.5295730759903552,1.039548925722617,0.8974787268723811,0.6168118254799071,0.45571504136430085,0.6061376466032735,0.6530191108960431,0.6936119107650249,0.6299495694531315,0.7057875580783755,0.7784844912227017,0.8975737790441327,0.6339259816380747,0.9194039253445588,0.4631311215445756,0.5130616809013099,0.7950122532590325
Chile,0.5571623977888823,0.7152584843969189,0.5284536021969312,0.7547006014606116,0.5249208437505493,0.44731573252530804,0.5462114999069859,0.48293525926319003,0.6184356600819907,0.4346334751712572,0.38160334281974784,0.5675901052726996,0.6184360160878953,1.0,0.5418178584183342,0.4156433999610989,0.41738405792461647,0.5814508213239021,0.5571666322799751,0.581005747048062,0.6664128329871098,0.5200060022624629,0.5076433282543977,0.5817446954921704,0.7401446937422191,0.5025848103405702,0.6398079348586753,0.8525131820085997,0.5755775086257988,0.47293682475110965,0.3212738781592412,0.5517631820730943,0.6732912242055457,0.4790897035578061,0.5354369443056715,0.8331993769022025,0.8157518389825014,0.9879202945311125,0.6227945393340429,0.4936551315554451,0.6589706538690289,0.48990340855916736,1.0203801874344964,0.5704497074016104,0.6787953500632888,0.46201781195572555,0.6136819555530535,0.48110280840305386,0.8096882925276254,0.7911302513199191,0.6116629689657344,0.6312377865354777,0.7734932639343692,0.6573788682615413,0.5880829666646475,0.8882518186265094,0.6255986231017158,0.4173935513771184,0.7905089050907528,0.3866115502601154,0.4079735662386065,0.559949528877567,0.8115326149055713,0.7587626715144122,0.4475580391201214,0.8218802955267686,0.7453962076392454,0.5842728545218862,0.27862973815070713,0.5467543031226425,0.5432914666997246,0.6544001617826796,0.42555982683579524,0.5731083774358049,0.6412346304588693,0.7636676089777747,0.7155826988623758,0.7151754808483594,0.5034214354655923,0.38822831401103464,0.6761069987259766
China,0.3547674986708858,0.6486475762821513,0.3656133213837341,0.43009611612575577,0.14375539915253874,0.5916808064950881,0.7736259674305477,0.2962957907687302,0.8237580176149659,0.5849471473304337,0.2857131075084984,0.3408095832465465,0.6556606452618408,0.5418178584183342,1.0,0.35233794328745344,0.4685042575493162,0.7286453252834508,0.7031348292782063,0.9362855928313645,0.7438109535878352,0.31321155276823365,0.7116893391634308,0.7557019705437308,1.0513106407586121,0.8044445642767148,0.5678226526975331,1.172120240908376,0.4960613090518738,0.33237460335322694,0.5083070533975401,0.7864350864107394,0.25959553831014653,0.14589475578959474,0.5896323715171371,1.1067150942812325,0.9050890040716595,1.31320325871616,0.3105758995287736,0.30609473449670604,0.46231575463536767,0.4834460807887334,0.9084807209747012,0.668443926176143,0.8739305472150701,0.5990157918248444,1.0214706401007865,0.558339142571955,0.6446635915255147,0.6202351597058036,0.8623823359228886,0.2937057067507508,0.5169249316894907,0.7758296706742982,0.6759499622479687,0.7832287543217669,0.2858406604056818,0.43100945508612304,0.8973991487486269,0.5351274696217756,0.3396582048823311,0.37583872684358693,0.9393976271356048,0.8660780748883217,0.7694587491932725,0.9840244884029624,0.511460839041682,0.7693869864796871,0.48029680320592594,0.5845617865315474,0.4869568849755206,0.9184895785896579,0.761847840935871,0.19578364703001314,0.6960085367571468,0.6214949617669642,0.8527866694489215,1.0251415921549274,0.7263928137307494,0.6273925780407632,0.6312045994273096
Colombia,0.5215869882382044,0.7332904442832074,0.4969000441740787,0.5884455458199765,0.39105056231703894,0.5342187221459006,0.6552436199068871,0.38596604871325463,0.7384830797723474,0.5507467130178285,0.34880071939187,0.43948297241934126,0.5481413848444713,0.4156433999610989,0.35233794328745344,1.0,0.46168413543586123,0.6243220681322403,0.6377227970301312,0.7829277196328641,0.6929271343410043,0.4949925941289945,0.6081063778968238,0.5918251666350723,0.8837035537810051,0.621236365588791,0.5525225198867248,0.9923855299244158,0.5182009591761592,0.2640451821814497,0.457256058073468,0.6488651653166344,0.5040059544859904,0.37026830761376256,0.4770365123295347,0.940174066445529,0.6898628583384698,1.2438775921159617,0.4776503007686962,0.3630931608125764,0.5618273699932435,0.500418714182305,0.8314810031302272,0.5932050505005527,0.7348414795805361,0.5545924413846041,0.8826441740278821,0.3844745943720048,0.7191475011664703,0.7560049424575339,0.7061817140918019,0.4110466759653256,0.6428724689445433,0.645310851396347,0.6794390135779883,0.9358784781980739,0.4428319659499653,0.36826600457323105,0.8209690223222147,0.5247835221528806,0.4598678266782546,0.34064366924454276,0.8789756307584994,0.7979367135203757,0.640220485855053,0.8744784990497138,0.7147188364884186,0.7086565270657257,0.37863864080169624,0.5435148430287663,0.5348706734085056,0.7666498586997521,0.6275198309401113,0.364810396326172,0.8160589043046109,0.788339733750321,0.716503136679711,0.8793796706077353,0.6197950955416806,0.5649368801094985,0.6680420397269285
Costa Rica,0.5012019683717982,0.6813037735189785,0.5244207563195974,0.6820259295932833,0.4878789044380258,0.49683986162797117,0.5716561256460833,0.5319244828630584,0.7099872161663773,0.4144786370248757,0.39046769138347937,0.5404008163791267,0.5386404535895625,0.41738405792461647,0.4685042575493162,0.46168413543586123,1.0,0.520256440153227,0.5050279304083056,0.6633384863444541,0.7808279132411903,0.4729451889903317,0.5415427855603796,0.5211494673855803,0.7134572239838832,0.5613840012604538,0.450899215488172,0.8179438528729578,0.6335831670901727,0.39005554162461414,0.314542212315602,0.6582663890060044,0.6068699952486662,0.45439909015818203,0.6136126573528353,0.831511564241753,0.7844311517758754,1.0170450212688573,0.6061415672026272,0.45455066061032284,0.6024381050138359,0.49121819437213216,1.0574855695196574,0.4726654952560149,0.5795349045742362,0.46252952143026516,0.6860647090705617,0.5641688184125847,0.794149440404967,0.7466362923891862,0.5934874981901658,0.529163475330613,0.7825668943126219,0.7622348139530121,0.5298180386535388,0.9275369737195898,0.6179701548283909,0.39202542209103175,0.8060084694540196,0.44754349995211357,0.33786268758975946,0.513440479574847,0.7985491231696829,0.7683678452755452,0.4398809015305144,0.9363868597777154,0.6383405643335411,0.4621390398352633,0.3558722794669405,0.4522902764670515,0.502790886706171,0.6998851524786982,0.5296163281816507,0.54910412749401,0.5420050690571561,0.643020582917352,0.8258513189194168,0.7679435374216281,0.4298184734665852,0.48424931155228457,0.721806230831372
Croatia,0.7229439324136631,0.8003950861850992,0.7513655071233392,0.8806512761062761,0.7389537160472546,0.6603091932074432,0.7158676003446358,0.6871269325772498,0.8319415431334231,0.36459812028429994,0.5918431890017205,0.8163137284342314,0.6251468757673849,0.5814508213239021,0.7286453252834508,0.6243220681322403,0.520256440153227,1.0,0.5099724979385,0.6808040429467973,0.8723680276337034,0.7497795465177118,0.4907813359291697,0.5552967969037862,0.6382073931844034,0.6329320303304968,0.618822106348595,0.8219707077891489,0.7416780459022839,0.5609034393725709,0.49983208969557813,0.5352887499537848,0.8965392557484844,0.6943386226730346,0.7954727148130454,0.7830638637919765,0.6107242051489161,1.046607367061796,0.8149793913470864,0.6950965364848968,0.9274416202718035,0.6673476198354946,1.0558919507737743,0.5908427222211408,0.4613757898226466,0.6174921109813758,0.8081446647613156,0.6429195646765162,0.9461683774071608,1.0283536089220238,0.5747588424399763,0.748081224116265,0.9197685125877062,0.7051772692592375,0.8345777426362967,1.1722720886156053,0.8653744611291366,0.5575175195309697,0.7784198654270041,0.48839738052601206,0.6617685413185459,0.7272693973220876,0.8173095959981347,0.7560005730982204,0.5314571149980349,0.9752392003995259,0.9466676593183729,0.4724458519601628,0.4460303082676608,0.4693488230697063,0.7604319101589122,0.7208999365893392,0.6614352782968227,0.7125140239043732,0.8465835689480715,1.0488942895834392,0.7561119160027978,0.7289539258807153,0.5078136145126626,0.6580689483177361,0.9358447013119265
Czech Republic,0.6614902957643689,0.8483929388919671,0.8162437623412309,0.8002184339705876,0.7000567446405414,0.5932654703202669,0.6167819639351202,0.6980210119596512,0.8072426597702297,0.4552179907312749,0.535205144375565,0.8084977138867258,0.6369501273289604,0.5571666322799751,0.7031348292782063,0.6377227970301312,0.5050279304083056,0.5099724979385,1.0,0.6072399028008237,0.8416695105838194,0.676596847073842,0.5801076155852258,0.5398158814806685,0.6549582850666994,0.507152458286696,0.6130791649374793,0.7429562838484516,0.7481381564880474,0.5897385974277157,0.45933972335699025,0.49897804284413133,0.8171327374670271,0.6843023320372269,0.7454093541873483,0.6581758610014576,0.8206478570526039,0.939153324163156,0.7935932925317253,0.6312216418053616,0.7768367786695232,0.6881357389987611,1.1213648107655751,0.6218181324502708,0.5983717036570773,0.6091015657736271,0.7014505796723153,0.7076406632181911,0.8353942198792487,0.7798553146887572,0.4449304150494997,0.7558907570866136,0.9698896313228325,0.7794265702396441,0.6778336013610394,1.142082918276192,0.8046965477557364,0.5862634894767024,0.8080349510260941,0.6496617860381582,0.6335221819729157,0.6464195594713111,0.6881673211274768,0.8624892536741431,0.575396199026206,0.908569643811593,0.7741460467360568,0.4303210248770718,0.4654323537628341,0.3046522286472356,0.7481415846287202,0.5670174058535218,0.5719043219796262,0.7203999235589956,0.8318641710038344,0.9338309896649417,0.7860495268308804,0.9147337984928817,0.45234034514303495,0.5078209715252856,0.7692797225786282
Denmark,0.9196227332819731,1.012865284840404,0.9381309367644485,1.0384414873467622,0.9336155432031632,0.7021043721563955,0.6067410720367856,0.8813257008351335,0.7772053174604876,0.6720401377418882,0.768439766807723,0.9729036955672431,0.7818773817614809,0.581005747048062,0.9362855928313645,0.7829277196328641,0.6633384863444541,0.6808040429467973,0.6072399028008237,1.0,0.9736192924399929,0.8592251275686383,0.6270048959851396,0.607680391338709,0.5193122037655539,0.4471066645702301,0.9261743554797638,0.5304674792253935,0.9379995627239546,0.7920009029452891,0.5655335909614319,0.5831953962870724,1.0314677461981587,0.892322411928113,0.6799535376159799,0.5322713912168361,0.9204432145700042,0.8426171848569763,1.0062299601881841,0.8500919920523544,0.9925183579336869,0.6991773134730783,1.3171416412871686,0.8189264464311109,0.810273771230725,0.6316785962643101,0.40577183837311004,0.882154233659334,1.1264424905336692,1.1016731905035113,0.4991132657484068,0.9619071241501183,1.1243123627653062,0.7726373454509242,0.8126556606897782,1.2403520746018326,1.0056297799618905,0.8073244414981778,0.8407808818267628,0.7180973673236348,0.7683279031757034,0.8635196345781794,0.6879679495763275,0.9355152851419674,0.562221513203598,1.058409612372401,1.0704005638524636,0.7196181791314661,0.5984166160052617,0.614668090887929,0.8370149724437422,0.48745747442533927,0.4581912809268985,0.9411229466076423,0.9090551953390704,1.0895176097231976,0.7618114073957988,0.8002438972381059,0.5150272463463827,0.5780040288451385,0.9760998607529717
Ecuador,0.6545620460442358,0.7228619096791171,0.7103395066400415,0.9601888971802386,0.6984579120969554,0.5144460655316244,0.9799618832467107,0.5708855356959538,0.785033071164096,0.6805590776733792,0.6663337929172697,0.7127510253849578,0.9620364552696945,0.6664128329871098,0.7438109535878352,0.6929271343410043,0.7808279132411903,0.8723680276337034,0.8416695105838194,0.9736192924399929,1.0,0.809487892693408,0.7663751195462802,0.9506535312842533,1.1046277823113186,0.8405577848133737,0.9596142038046768,1.1098695443669102,0.475786051171172,0.7154992253516246,0.7203689755790822,0.6652677144436516,0.9037982789763134,0.6811456511631668,0.8810678107881944,1.168108924092128,1.0365824045714993,1.4460536418415177,0.6139982709866395,0.6584770889714144,0.9646595058682831,0.8180700596520811,1.0120247921119856,0.9030615679572378,0.9512220843828095,0.8333798687251633,1.0642542024953496,0.45482801414202656,0.7359936088014098,0.7417424172821119,0.884872967278966,0.8502400873101079,0.761069191775935,1.003805491803434,0.781754078775634,1.0051269920981862,0.791707899582498,0.6018660443930749,1.005148063534178,0.7512229759572989,0.7617218586481591,0.7826953748669178,1.0843850992430106,0.5137275769387223,0.8486441287851504,1.0588445871134822,0.8774531477379139,0.9589135055475355,0.6692735257659175,0.8854172632260712,0.8654932422942956,1.0819062039322918,0.851786869927351,0.6461148012471195,1.0673779341313494,1.0106378694343365,0.959224845791195,1.0019480009965058,0.9441964556973201,0.8878269634397525,0.8641268007656592
"Egypt, Arab Rep.",0.3270270653653802,0.7160488010587717,0.39976688278062056,0.51345386430457,0.2971132548422191,0.5665072144657916,0.7531020363789771,0.349183892863882,0.8060377289830417,0.5521944617509239,0.36256380674991506,0.42211202643747453,0.7434202681914271,0.5200060022624629,0.31321155276823365,0.4949925941289945,0.4729451889903317,0.7497795465177118,0.676596847073842,0.8592251275686383,0.809487892693408,1.0,0.7135227736571315,0.8451266826149222,1.026587847259189,0.7909888608366822,0.7131194754722197,1.1358195461333394,0.596973993323532,0.44051702710876434,0.4617381421570499,0.770534279082076,0.4176294139572099,0.28598109491998475,0.5525194193980907,1.0664171441136752,0.9897953385907806,1.2472408690422017,0.41160464105455913,0.48318321058603764,0.5917235170738602,0.4941992633539303,0.9591566015674667,0.7580705367838466,0.9381828895168064,0.5509134068757211,0.9138913511594169,0.6848990957716335,0.6889798443957782,0.591072622989933,0.7962914334228165,0.5404079398791166,0.6404919502190088,0.6984703782375515,0.6858030966849278,0.6803082339482408,0.4265733571480681,0.5040379113114769,0.8805618444095591,0.5064231344656007,0.33892878240898094,0.421483647972656,0.8606470487025337,0.8546404422717353,0.7234536996221421,0.9448058233171094,0.49349543893206205,0.7551097780710146,0.5037804810372771,0.5429092926667106,0.4847410651796472,0.8872744063131538,0.6546420025383837,0.42495583523974156,0.6609973185948267,0.5362560255032257,0.9054725260587037,1.0342835375498018,0.7225908590207046,0.5841682412266067,0.6280270832445706
El Salvador,0.677221057599582,0.8267557897844353,0.7514674609310691,0.7841609708426479,0.6808231195106093,0.6270556355615007,0.8565769011340333,0.62405660890249,0.9024202145117411,0.4507855038684854,0.5596227859971783,0.8315675517306568,0.7817868675488335,0.5076433282543977,0.7116893391634308,0.6081063778968238,0.5415427855603796,0.4907813359291697,0.5801076155852258,0.6270048959851396,0.7663751195462802,0.7135227736571315,1.0,0.592955462379523,0.8210199428673276,0.7153650037211738,0.6858711493553953,0.8331618823239111,0.5851311174880344,0.6027539205426367,0.5061429344666354,0.5224063759722951,0.874699105589431,0.6524218922563705,0.7892396170241622,0.9002407826278656,0.6328708660837636,1.146193953394553,0.8051796835042271,0.6538501725491388,0.9085868015881595,0.7139350098755228,1.1631899283305172,0.6036902999807072,0.6449774761353375,0.6549207377888122,0.7444298737150816,0.6072268331022146,0.8189156801772964,0.9542352216948085,0.670427566047578,0.7986258708883288,0.9334119167246306,0.819478650035743,0.8812545049742165,1.0165915654412414,0.8429638965608138,0.5660017827543061,0.8850227558979413,0.49611101423098564,0.6870693970386338,0.7507961957107757,1.0094220596289218,0.8131182411324546,0.5541035191027321,0.8878848086020763,0.9062784202018204,0.6460714773508329,0.4676907490474945,0.607327359622938,0.6547623856574989,0.810646610201671,0.6669278402482484,0.7069338222579788,0.8699584267471258,1.0584177919276971,0.8162518111156809,0.8342871208135537,0.5830866626354535,0.6549180813376366,0.9130973620980076
Estonia,0.8472309070009045,0.8808569970231203,0.8288012891206735,0.8609067008077583,0.778014394530606,0.7016371129494218,0.5803121628183402,0.815063121472848,0.8088819778452422,0.6222357549477949,0.6042615791495743,0.8823806423377848,0.415484201377847,0.5817446954921704,0.7557019705437308,0.5918251666350723,0.5211494673855803,0.5552967969037862,0.5398158814806685,0.607680391338709,0.9506535312842533,0.8451266826149222,0.592955462379523,1.0,0.5753696602219514,0.47932064655261547,0.4883851486827181,0.7098161622631202,0.8138081399901086,0.5924429032673085,0.511856839724119,0.6558296733374975,0.8788144731185036,0.7490007198694772,0.6989710427674753,0.6832427099853464,0.68994536718692,0.9643348262062562,0.9058838177838044,0.6441178956163738,0.7942735487948123,0.6673325756891425,1.2327819413637529,0.46175291383296196,0.47994263529726194,0.608122815356243,0.6994520157203401,0.6710915633055505,1.0660533008888948,1.007455137189641,0.5883074270131989,0.6891857246174136,1.0136531966405617,0.8370172671323385,0.7112953857206539,1.279561239142398,0.8541435184420444,0.6292578637469621,0.9411962735159541,0.6954698698325583,0.6952935299163946,0.7188422558593315,0.8582098548291863,0.9927590724751909,0.4915698193930039,1.0053141811769,0.9571535400624273,0.5847119258458825,0.48286619185856855,0.565529409859029,0.720566668827757,0.6260014002993757,0.6334030783098279,0.7831000876362365,0.8370133497109365,1.0340488794520553,0.7119974213530632,0.8064515964963006,0.38266241585944166,0.5361849781943501,0.9122452288617778
Finland,1.0304633852373608,1.1092099579787644,1.0673112772687026,1.2238499435185133,1.0688188483632994,0.7973592033635968,0.5911227391630863,1.0450911692274711,0.7698531938998899,0.7457496630836912,0.8914288385399692,1.1115267600324723,0.6871522978020542,0.7401446937422191,1.0513106407586121,0.8837035537810051,0.7134572239838832,0.6382073931844034,0.6549582850666994,0.5193122037655539,1.1046277823113186,1.026587847259189,0.8210199428673276,0.5753696602219514,1.0,0.4178182247495746,0.8655160868716469,0.40762732876302904,1.0598236342793608,0.8784207643224864,0.6914033293905179,0.7477106055938648,1.174889710908421,1.0220962080338185,0.8195944209309838,0.3587224176956976,0.9340519964789571,0.7769390751882972,1.1502424702329277,0.9498704709390797,1.0857966654338838,0.8290956290844946,1.3026050990226512,0.8658145527934067,0.613057322857835,0.7492105376047083,0.6038695045963255,0.9170315267739212,1.288383160016747,1.2248918554780173,0.4257810093695115,1.0548640371612699,1.2673338151750746,0.8733179389180002,0.8854494746823796,1.4570782733188332,1.1609720125183733,0.8495668657473968,0.8438626315073835,0.8204123378542081,0.8898660546170111,0.9596684636152826,0.6606682531077742,1.0141814779755929,0.5382557864532301,1.1237984583713436,1.1868963474038452,0.6384922744990268,0.6983327547052975,0.6842935822793751,1.0081920643294293,0.552863375060551,0.5720586357664783,1.056701662762315,1.007221026722121,1.2029481194762062,0.860524094153405,0.654298131264107,0.5417813703724615,0.7534565480765679,1.0320769820727813
