Country Name,Albania,Angola,Australia,Austria,Azerbaijan,Bangladesh,Belarus,Belgium,Bolivia,Brazil,Bulgaria,Burkina Faso,Cambodia,Cameroon,Canada,Chad,Chile,China,Colombia,Costa Rica,Croatia,Czech Republic,Denmark,Dominican Republic,Ecuador,"Egypt, Arab Rep.",El Salvador,Estonia,Finland,France,Germany,Ghana,Greece,Guatemala,Honduras,Hungary,India,Indonesia,"Iran, Islamic Rep.",Ireland,Israel,Italy,Jamaica,Japan,Jordan,Kazakhstan,Kenya,"Korea, Rep.",Kuwait,Kyrgyz Republic,Latvia,Lithuania,Madagascar,Mali,Mexico,Moldova,Mongolia,Morocco,Nepal,Netherlands,New Zealand,Nicaragua,Nigeria,North Macedonia,Norway,Oman,Pakistan,Panama,Paraguay,Peru,Philippines,Poland,Portugal,Romania,Russian Federation,Rwanda,Saudi Arabia,Senegal,Singapore,Slovak Republic,South Africa,Spain,Sri Lanka,Sweden,Switzerland,Tanzania,Thailand,Tunisia,Uganda,Ukraine,United Kingdom,United States,Uruguay
Albania,1.0,0.7630280948764308,0.5027202033777369,0.8088181316322591,0.6255615615414765,0.3137736997027556,0.5462232332480558,0.8644995550226353,0.4026392412971155,0.835907240128006,0.5478953406222709,0.40945866472613085,0.3440884607289258,0.4712760344924515,0.7818092949492731,0.8877774881161986,0.5394994125570679,0.40508242571851344,0.5549132333779437,0.4941074700681517,0.7336870033915589,0.6527225098102957,0.8960932991185909,0.6864258519653956,0.6159162565593325,0.38125018593136667,0.7455830380231915,0.8413411058027747,1.0138703121032568,0.8154791027875838,1.041355270170222,0.47239149796216456,0.639131370109013,0.5148676032705594,0.553788708141048,0.7082420493920902,0.4700164557245395,0.32906643309877276,1.3377951376470112,1.057974883961088,0.6833972139870387,0.872415563288602,0.8207320588023874,1.2033564494831106,0.41781312594234254,0.40810949365483556,0.5978667855637907,0.6509984662471174,0.8738776327696106,0.8467371903709647,0.7513997710065362,0.8599545165047779,1.0983707801950389,0.7921366419234079,0.8970950026944837,0.8646855966515393,0.567653511529082,0.5354671851106487,0.5250977023499157,0.7500621180128987,0.6346594784130689,0.7642817676850456,0.7247763035398523,0.859022453393875,0.7385539973844777,0.7245345702120064,0.497998259044085,0.5360964144279735,0.9130092780677415,0.5772957075248929,0.5122894652263565,0.5190817022465708,0.8928103810791899,0.7329607236817681,0.7303804744980852,0.5679700383323939,0.8952203870464722,0.4287504881235949,0.8705579631482164,0.7467291030156373,0.5247692865399929,0.6439516888096084,0.6334785383641882,0.9601032519816185,0.6942510694641263,0.3994353376603979,0.76311995047929,0.6334062517406989,0.5082431115952523,0.9471530838930443,0.7636600955311744,0.702454079234927,0.5688821874814459
Angola,0.7630280948764308,1.0,0.5155349084408577,0.9412000139301755,0.7568004269991573,0.6553665948613607,0.7002530057767158,0.9136759178010672,0.7203506174868199,0.7763155941431314,0.6442395263611969,0.8032100079863572,0.615811958098744,0.7321653703027248,0.7887704227810874,0.9351804967055954,0.7464152126912805,0.6453581364800666,0.8024933638715114,0.6950256150273224,0.8847392572606241,0.8818636065031933,1.013285959168914,0.6799906570379362,0.7389499135883864,0.7045395579815794,0.9849867233432137,0.8751508641325119,1.0961202352586468,1.0185715320154467,1.1818593052514135,0.7476377177189932,0.962751134149962,0.5989744785732952,0.7262923400760132,0.889709710059164,0.8584669810639207,0.6167351203814433,1.4272157283028697,1.0468892494553688,0.8718453834116547,1.1314096673793417,1.15831583863329,1.24888243195178,0.5482101717561684,0.7009959691358348,0.8845058644954091,0.5750443842040973,1.1708185846039134,1.291593118528245,0.7457338350503914,0.9286759601257782,1.6828940998146633,1.3175778130131381,1.024693404784537,1.0143301714683277,0.727871503894019,1.0493161900639167,0.9221816906265053,0.9897150944745149,0.7306592922853163,0.8245746629772807,0.5484039573706644,0.9048417305056589,0.6366605261766791,0.9735362750716762,0.8372711564187809,0.7509888881657864,1.1460266100448693,0.6748752457863387,0.7565295408835488,0.813717155902203,1.0914288490974493,0.779391731460736,0.8421815292562548,0.5156847289759557,1.2885990387477058,0.9103481664759857,0.8638732846197229,0.8139043625757318,0.6146201183127978,0.9574039783077252,0.700836590882808,1.0413129621807935,0.8609159836467083,0.649680595428811,0.8281716735036009,0.9428358624943237,0.7204133019007228,1.1693542629644198,0.9645010202702298,0.813539497712595,0.9515076833573534
Australia,0.5027202033777369,0.5155349084408577,1.0,0.8520799375807294,0.6611189241842765,0.35318676335628424,0.5962042530227241,0.8340409174089349,0.4895207172366872,0.7725174227409267,0.5859804253314917,0.6296614044151866,0.40534370532699515,0.3890553702104012,0.7088797525285548,0.8616570507645949,0.5436050002751259,0.36979242845427557,0.5936948118561914,0.5365933379133417,0.8192806153453358,0.8356038494915508,0.9347495123840467,0.6772110144456724,0.7000558968457614,0.39933057280368234,0.8846973598864959,0.8226118448230622,1.0528027537331217,0.9140403819009391,1.167832150875687,0.5532785979190585,0.7554292735378112,0.452014507456331,0.5523960097088455,0.8461583691516115,0.5618587808026863,0.31294173215734855,1.2463816231939635,1.0112174138039718,0.5978907556872409,1.0365413403716786,0.9750891095937014,1.2286536089697415,0.3651776855029086,0.5529200214085769,0.7066133210090557,0.46133126795632023,0.8640746999425235,1.0260933343253407,0.6908029771470382,0.9131228521585127,1.4282751631274975,1.1852763600804348,0.8911587324559217,1.0114736304876248,0.5758464558996508,0.8675313829178098,0.7288536198432511,0.9157565746506172,0.5109254199590482,0.7580031091680547,0.5099790896578191,0.7498337600522862,0.5974250757334428,0.7237863205461643,0.4900741308909199,0.573667222035715,1.0376826033999529,0.5487593431921125,0.5471594105267756,0.5310987434380886,1.0299595235592507,0.7689863310684529,0.7233535368200659,0.4597096588222065,0.974609244204978,0.6170753297682728,0.721787893472236,0.8279900106686046,0.5215844647606449,0.8276141625719783,0.39578179967386146,0.9816003038769411,0.7529573181111238,0.4172347648604032,0.6735810685246609,0.699640340710698,0.49320554308460923,1.0313611986512947,0.8563053171747022,0.6551932664252033,0.7332498137093878
Austria,0.8088181316322591,0.9412000139301755,0.8520799375807294,1.0,1.0613701283584724,0.8741400341358879,0.7836659354286939,0.4113924673914298,0.6954567226736732,0.7032518179375047,0.5044682802755739,0.9610323995919143,0.6805629843799985,0.9247397265308945,0.5385630009503043,1.272052770708217,0.5361236767645072,0.9153846864426255,0.5673368327025416,0.567078471854802,0.441594475409678,0.5349144298021417,0.5436088065591312,0.7102323859575744,0.8078577013715079,0.9078499398924028,0.5219699370738397,0.614231487798757,0.6127801610490557,0.3212854467736233,0.5767700041690019,0.8502273649547042,0.9042740606241659,0.6185464403015101,0.4083551156688405,0.5285013448150825,0.916896018718669,0.7616593969457616,1.5515157727562519,1.2560490359055194,0.6747075538865823,0.37296951649560695,0.6092528668502745,0.9037220508395531,0.9284361193904928,0.7974227106541925,0.9300111935717827,0.7412828908727802,0.9757292853437024,1.0754229462602007,0.7547214814652757,0.7583977141745587,1.3798599724930807,1.3834876339187727,0.5023182762667505,0.8354091954816872,0.6834125511992877,1.0093541657344762,0.9703031405762959,0.36995109419923833,1.0067411665422727,0.9537582894971149,1.0574600548745805,0.6344751642874258,0.8093374042811361,1.2449642078574936,1.0106384354178635,0.5079892104954908,1.0782817041759523,0.5336651871108596,0.6182928062153332,0.6643380573143357,0.5776991681958054,0.8034729629474424,0.605034824022768,0.828829487139811,1.0481574170206112,1.0580471098300537,0.760184826780927,0.6377575335167532,0.44713339279208086,0.48869428568190254,0.7877718517960366,0.6513136716428986,0.5306426248485947,0.8962646544815965,0.8464720600528177,0.9193650141735454,0.9309761663195567,0.8111485939426214,0.4358323381892974,0.5468185853935833,0.921827559417579
Azerbaijan,0.6255615615414765,0.7568004269991573,0.6611189241842765,1.0613701283584724,1.0,0.4600738064020105,0.803776125602262,1.0367163568685758,0.6771159377472266,1.0144070262827571,0.8148594034831692,0.6027693226471852,0.5260504734971942,0.6691871150713177,0.8387783644059411,1.0936262092446942,0.7818396377959682,0.43137377306277813,0.6902847479296752,0.7002734685277796,0.9506496934759727,0.8424834532666953,1.0415444605757285,0.6608884793251141,0.9544838543063888,0.5067518620299981,0.950958349537211,0.8585388611832162,1.2114132022862691,1.0634218564489715,1.268116697077971,0.7180248064918079,0.7692759647102221,0.5818910638105018,0.785570300095466,0.968904911010671,0.5538604291624066,0.5255105208143517,1.3063727618817882,0.988831074359578,0.7805734088218084,1.1331977585240962,1.0261919494323561,1.323291353615421,0.5414281728652792,0.5121782436172743,0.6128971211807015,0.6945082046258649,1.027909270011022,1.1188933899560605,0.736227259613257,1.0147723913497042,1.3971248522215203,0.9859170991120866,1.1159664375748608,1.1426089758401576,0.8159198275457251,0.7827539764604627,0.797160251624953,1.0287890819889753,0.5770696463236791,0.9330213306908214,0.7133672527273528,0.970466151195457,0.8635310183062316,0.860176936475164,0.5653413592018606,0.8097312378031651,1.079491201137249,0.7946607104225418,0.7527810454784354,0.6767617094409825,1.1257997665190203,1.056080770867653,0.928562587789053,0.720504364646622,1.1777797754094568,0.7139225970778165,0.8898738887210265,0.9058280156131615,0.6880191781709148,0.8827852649248704,0.6916617580191352,1.055527044712096,0.9210526131947897,0.5271734331292774,0.8788825268872243,0.8391890709153912,0.5972724366214518,1.224439475711873,0.9668636308858409,0.8271570616597399,0.8031234893553094
Bangladesh,0.3137736997027556,0.6553665948613607,0.35318676335628424,0.8741400341358879,0.4600738064020105,1.0,0.5924852143883099,0.8687372570980478,0.4320937878531073,0.8474576574457806,0.5967686472096839,0.4111901976078495,0.26590045231280524,0.346937425045757,0.7256783601755727,0.8585733826117175,0.5501264086604751,0.16328846882166165,0.4978393864564338,0.4990098913457483,0.7947002769500982,0.7250947590558052,0.9255843892542293,0.6422918589358699,0.6853877773702814,0.29123917127633975,0.8203953472839778,0.771958714263984,1.0528398586336116,0.884278318598342,1.1282879308965224,0.4346043015646008,0.691458874581675,0.4060214853631464,0.579287725082345,0.8031315117237635,0.3712733419663298,0.18482720444608117,1.2300375512922324,0.952072519886355,0.6070036794294171,0.9739727756084886,0.8862465331022528,1.234735792280788,0.29252172695468115,0.32986771972993023,0.5012133865530736,0.5406902805064612,0.8255604696743936,0.9009285127857585,0.660648566118235,0.8694775256504433,1.2392036153939399,0.8917413082754316,0.9481521065578896,0.9716439331423588,0.5436071272722134,0.6353963446896891,0.5968428669273591,0.8621246840059195,0.4243029816582351,0.7264151169915433,0.5767927262795213,0.830293340415031,0.669165938714633,0.7003388051725036,0.36182069788652627,0.5559744046374961,0.966286050406141,0.6033675792376756,0.5267327331946955,0.4572192500665053,0.9917164958728055,0.8191318700356744,0.7573496124866478,0.511878840308773,0.9271056051436913,0.45185142169971537,0.7847246464797024,0.792732045289213,0.522851957893089,0.7361533559161475,0.4956618993016706,0.9525510568930533,0.764238234432399,0.21553037540630843,0.7353301577187532,0.6779763597525248,0.38449032501124875,1.0111835225977728,0.8194715107821994,0.6767977242345694,0.5939135597508939
Belarus,0.5462232332480558,0.7002530057767158,0.5962042530227241,0.7836659354286939,0.803776125602262,0.5924852143883099,1.0,0.8646684214661932,0.6670968415905988,0.5313729842892227,0.5984221861456189,0.6091784260879685,0.5173325705763122,0.6488738699399497,0.7131784136817034,0.8749327155567506,0.511179784597564,0.5921192051492478,0.6828860708555129,0.5452383272791043,0.8148027310997947,0.6898798429442357,0.7440324788879251,0.7859005904774264,0.5714335309972723,0.5681231943021813,0.9043770489359577,0.7114543023443435,0.802166493085344,0.8657472301862791,0.8600981290676388,0.548175603803445,0.8373616220872947,0.6065953522999016,0.6117776587093849,0.6290609101925011,0.7897607443965655,0.5777645488449349,1.274327249403212,1.123118244431839,0.6311991844125484,0.886802016603111,1.0067464956381087,1.0648340884747192,0.6091474775774447,0.5382106287100625,0.7846234649423636,0.5743036587092888,0.974897282417762,1.0565957098684555,0.7700423444161855,0.7218626003521645,1.28183414966395,1.1217980203265312,0.7658794376911323,0.7277504383979685,0.509463902410813,0.844302299137425,0.6881168244253294,0.7075827942222873,0.7282596897732387,0.6404003300090249,0.7448748501924962,0.8273319365288478,0.6680869099399258,1.0320795471112318,0.7111715187478963,0.7151970678934558,0.7158818717445357,0.6502835060021785,0.7061223904756203,0.6609737606358892,0.967454186795378,0.6907024850141128,0.49616835792686026,0.7515866402017597,0.8800662291511292,0.7001251122129113,0.6998810295784785,0.6818951485439302,0.5356158242881551,0.8604411287705227,0.6602428864506193,0.8020742352509947,0.5516602063232579,0.5849915985353238,0.8287031147038816,0.8581733084427164,0.665153227576523,0.8022774919824748,0.853044058487346,0.6802410830529623,0.6432504125393435
Belgium,0.8644995550226353,0.9136759178010672,0.8340409174089349,0.4113924673914298,1.0367163568685758,0.8687372570980478,0.8646684214661932,1.0,0.7247392316944489,0.6676293300689993,0.6208575478361186,1.01747644361663,0.6984882147071704,0.8685641509812823,0.5072703381830742,1.1141628191371704,0.6069726026610606,0.8890695692909841,0.5783639227073658,0.6127277231313284,0.6179209041881867,0.5861678800984348,0.6549590945613775,0.6371759007936153,0.9184758966369342,0.8750448047611495,0.7034064682744414,0.7172685252257559,0.7508015367813407,0.331211877030514,0.7623390525315873,0.9665299986503153,0.8309372403841288,0.6116480093756773,0.457758151149445,0.6738343199341099,0.8259152362317834,0.7455990733639223,1.5780446170404028,1.1234703768672458,0.6508021941695377,0.4572882088804621,0.7820589913697106,0.8328509707791861,0.9069061492156322,0.8027551673424754,0.8187696539867456,0.6727200851955395,1.117156435763245,1.1335139743254299,0.8349426473756749,0.9178401933930557,1.4558784809735361,1.421311954153272,0.5710645074361537,1.0092469412673477,0.8224428491406875,1.0637577370346964,0.9232171837867578,0.5622888443788181,0.9651272365971396,1.013402067947508,0.975300688597544,0.595044401115008,0.7249421201442549,1.2709097285792426,0.9928105103892754,0.5812161126759312,1.1330664880328771,0.6077151825672066,0.5238900516407915,0.6284755436838942,0.45540993892845283,0.9641487203095245,0.7529856630618418,0.8239620871610525,1.159155648327263,1.0258825157588551,0.6124231879178537,0.6798879962336449,0.5169823031130085,0.4851927556746748,0.7794906295022326,0.582222488322594,0.6119721780102018,0.8958428731389879,0.735282580168557,0.7823094555923404,0.9863984313419242,1.0059011762823398,0.43372552594279706,0.4470884597445294,0.9011872974158894
Bolivia,0.4026392412971155,0.7203506174868199,0.4895207172366872,0.6954567226736732,0.6771159377472266,0.4320937878531073,0.6670968415905988,0.7247392316944489,1.0,0.7765120150647041,0.5213773945725798,0.6016160372905155,0.37616777090650094,0.5243050267775949,0.6872861161201789,0.974741107952333,0.500224485996859,0.5150274928375183,0.3794268954623854,0.5570974853208924,0.6258742589643919,0.6599782727609507,0.865358432053423,0.5911354350732991,0.5474704216637517,0.5438877828543256,0.555718142197793,0.8570635839995921,1.061510198738363,0.6596078457136653,1.0644077762993258,0.49259586915874265,0.6121778919396944,0.43063193712820946,0.4243045744774735,0.627971085545416,0.4734764519523738,0.3019669152545067,1.4411279540525261,1.1015381930122026,0.6088763639814552,0.8132741274293479,0.652288185967337,1.177984659665617,0.47412600500288415,0.5129307211012474,0.7009550355224846,0.6319506179853297,0.8707162058171191,0.779292955148691,0.7839822512984002,0.9421022096970422,1.2640420416559188,1.032716214660729,0.8384882816608548,0.8261482344552528,0.5179279502548219,0.5875257477586474,0.592697058198911,0.7603593694594171,0.7174008851586153,0.8966928616002402,0.6479485800553787,0.6605163898998605,0.7836757999487862,0.8140642509434112,0.5801838164977907,0.3371200681670125,0.9924212453452407,0.40460296493538467,0.370477590993777,0.46376529470999767,0.7782786875375958,0.7152215499757245,0.7902936758269502,0.4855563030353122,0.9523316395292076,0.66785067346822,0.8189963984506463,0.8089622210773721,0.4113337928355919,0.5409904391473243,0.5847111135509961,0.9366057322118004,0.7223324379665123,0.46667740517675776,0.7519958874653587,0.6244954198012015,0.5565046445867453,1.0286665915499178,0.6182685248143363,0.6005772755326004,0.6391712189356495
Brazil,0.835907240128006,0.7763155941431314,0.7725174227409267,0.7032518179375047,1.0144070262827571,0.8474576574457806,0.5313729842892227,0.6676293300689993,0.7765120150647041,1.0,0.74338013845733,0.9257385916642888,0.7286762723722903,0.8551071415150019,0.6233530597851468,0.9911654230363643,0.6096029008514383,0.830634048511066,0.7401387924088507,0.6869363216933624,0.8357832349707971,0.7869466328448671,0.7523379988768638,0.7741301721259252,0.7534712189908651,0.8134023710056233,0.9481845495144833,0.795481158118332,0.7560800419038877,0.7235086503331692,0.8228144859849199,0.8155950279304892,0.9287620438183581,0.6918978104592572,0.645524042361176,0.7157089101669535,0.9405705853798012,0.754099606762005,1.4480600312701208,1.2296405360752032,0.6379298901688691,0.7952163747427649,1.0650113352897455,0.8840793166115677,0.8449188714168991,0.7312384174194122,0.9161611252733173,0.5619735796569033,1.2468838246890905,1.128159414161155,0.9428815402732492,0.8734939225776901,1.5400023451860079,1.4321950623848554,0.7442185808314167,0.7714267777829104,0.7016283526235769,1.0699975091507319,0.8725449833957214,0.7197303021673962,0.9424178185395804,0.8825955422001602,0.8139076706336625,0.7538641446584828,0.7413427895224125,1.256442945445017,0.9742858063280928,0.769092519189054,0.8125686175634723,0.6485487409827215,0.704331436252158,0.7754448728365477,0.7684683879944112,0.8432292939948357,0.6240576846019683,0.8682522656794972,1.1788109968315659,1.0264457614750098,0.5634788765758099,0.7490256946863707,0.5699087902192188,0.8788592846233517,0.8352651355274866,0.7111400286880707,0.5788265922865917,0.8264896946772978,0.8163826533188885,0.8982763322403345,0.9425384229828605,0.8475219850550496,0.7992009263079592,0.673978668386501,0.8349072082430564
Bulgaria,0.5478953406222709,0.6442395263611969,0.5859804253314917,0.5044682802755739,0.8148594034831692,0.5967686472096839,0.5984221861456189,0.6208575478361186,0.5213773945725798,0.74338013845733,1.0,0.6748685852185282,0.42986562543357565,0.6957244196804367,0.6180205170063591,1.0520098512050564,0.470735580960979,0.6551629704528057,0.5312548797687806,0.4199510224588264,0.37626699941381125,0.4368908660934955,0.6491035464354759,0.6270742523145676,0.6513613197690655,0.6212645986183607,0.5426059169590115,0.6444881232695983,0.7538626181332667,0.6244637855444843,0.804381411109753,0.6115692189557161,0.767505883115133,0.4486811417201519,0.34758938624880165,0.4848011725426341,0.7567937665091424,0.5095118735338471,1.4407206388715126,1.0486106783172013,0.6912711077790465,0.675049765250104,0.7108116806376733,0.992992060501797,0.6383602473379113,0.6247550908964573,0.8196836139531872,0.6091279423362663,0.8286467652145107,1.0161463328433133,0.6092514300412758,0.6556283092464155,1.2884454314696914,1.1529609370967673,0.6540069326279457,0.7668336700532831,0.5632431797438089,0.8118921444965166,0.7964443134660238,0.5342796096929151,0.8047916432534734,0.7574778239521218,0.8079249603254864,0.6042610713651196,0.6899793378800957,0.9875361938539868,0.8222463191692773,0.42090347840103515,0.9845663187175404,0.3826592571274417,0.5224394135879922,0.5737022399423113,0.7643215364044557,0.6299176379555426,0.5535233406458654,0.5403977090684736,0.9031945923699878,0.7916743247287038,0.7864983822546084,0.5063285117174287,0.3471244305162783,0.5017032777838909,0.5848539503871365,0.7408331662171336,0.5907443670415182,0.6297576781841419,0.729977282323539,0.8260858374631578,0.6623786170459788,0.862914755142226,0.55559780259126,0.5283415424270108,0.7720617751892863
Burkina Faso,0.40945866472613085,0.8032100079863572,0.6296614044151866,0.9610323995919143,0.6027693226471852,0.4111901976078495,0.6091784260879685,1.01747644361663,0.6016160372905155,0.9257385916642888,0.6748685852185282,1.0,0.41763156663687045,0.6322567712010314,0.8329906414640741,0.9012665445110727,0.622154506629345,0.45380755052427635,0.6899622839853307,0.586403545337191,0.8244822070222648,0.7445050830597886,0.9517385501463453,0.7295478594703259,0.7623094280455035,0.5288661944826532,0.829882497913886,0.7976849448657684,1.0569566078840056,0.9907095994167795,1.106645725449834,0.522052087965672,0.8456922500894545,0.657954990094452,0.7027381271252084,0.793910356339097,0.5502191795793212,0.4504017644775259,1.28449604177124,1.1230783820827785,0.8247566939045885,1.008579964217997,0.9342387645220955,1.156854371120622,0.6066322678835264,0.4249623316332481,0.5912348863514284,0.7191306131986521,0.8494938915723323,1.0503326509701916,0.736847799541298,0.7936924248032706,1.1406008449233174,0.7156776783073193,0.9805210319011999,0.8380112767223804,0.6606532724383488,0.6716816663588843,0.7086215293070556,0.9246897022241092,0.6102167594176483,0.7613359370747992,0.7817174509096513,1.0046126758332317,0.869112828023062,0.8831257631410255,0.593669566133989,0.7266121629874208,0.8447403316688528,0.6589789737689827,0.6417472996169726,0.7458367528048216,1.0874408424042443,0.9552540431042568,0.7481980184933579,0.7141065770865129,0.9037860833848126,0.4928090926972159,0.8937514792582903,0.754612989805605,0.6286130107227816,0.8280458790119405,0.6799449066071279,0.998063980109548,0.8179659993227338,0.4549180197249595,0.752774955298059,0.8137457301553269,0.613882807914029,0.9509561113232406,0.8429677618240263,0.759845920281531,0.5987455283978866
Cambodia,0.3440884607289258,0.615811958098744,0.40534370532699515,0.6805629843799985,0.5260504734971942,0.26590045231280524,0.5173325705763122,0.6984882147071704,0.37616777090650094,0.7286762723722903,0.42986562543357565,0.41763156663687045,1.0,0.4663880517060008,0.5476837645400311,0.8701530411846654,0.3882790470592064,0.3392783401563543,0.4000858563819704,0.3813865808549159,0.6162470261661028,0.5318902716769153,0.7446574638345465,0.5283705583812842,0.6292946121823301,0.396412034178892,0.6672134010422323,0.5998802337250458,0.8737795631725772,0.7079908727449977,0.9512973228060126,0.4686161933679652,0.6815668601830466,0.3438364868021716,0.3860487264139165,0.6231979876598185,0.4459796584311837,0.2267701418397905,1.289292309343112,0.9635632345750271,0.5236770581452979,0.7890533561380413,0.764633769129102,1.038482861559976,0.41595944490920156,0.3254800331604881,0.5197434077632442,0.4985170391075537,0.7564376242488914,0.9051136118179535,0.531169854348262,0.7056244751912452,1.1746369267645145,0.9514908278129675,0.7625317589462991,0.8284505923071847,0.4682731900303208,0.6850023682447137,0.6064706301909757,0.6736610740566551,0.515181206442511,0.6627912412372031,0.6680128933224475,0.6948903093755302,0.586462958153153,0.8060524701731756,0.4731190873561621,0.4301313115247075,0.9033045925010129,0.45897943214534903,0.4129622496292081,0.45228587016659233,0.8446762903107516,0.7544869015209564,0.5822375072086873,0.5274131517226293,0.8501867394085775,0.5159227900888805,0.6838558506316239,0.6274899495259126,0.31899685392466826,0.5792073808301799,0.4736977638290629,0.8006050276384145,0.5846647879252468,0.35133816912995963,0.6567708110233061,0.6524186847826328,0.5238561133288974,0.8952956771527726,0.6172499230276648,0.48286861675058707,0.5152344840874911
Cameroon,0.4712760344924515,0.7321653703027248,0.3890553702104012,0.9247397265308945,0.6691871150713177,0.346937425045757,0.6488738699399497,0.8685641509812823,0.5243050267775949,0.8551071415150019,0.6957244196804367,0.6322567712010314,0.4663880517060008,1.0,0.813240494988338,0.7494437307379158,0.5855493963583979,0.34201244902648514,0.547906142320422,0.5509300718683712,0.8701402901708227,0.8281901140080152,0.96678134599846,0.7832207288597782,0.7037289031500368,0.41444451023325357,0.9362255131504145,0.8737014266134512,1.0950302743143594,0.9165051444872695,1.167482555487979,0.599757453028162,0.6083016420207547,0.47080617630388916,0.6578881749588056,0.8581049333413349,0.43838178185767807,0.3812367085400655,1.255913140062664,0.931792275119011,0.6688004130178317,1.0247042377712932,0.9347758269901811,1.2637367769907908,0.35895016294334936,0.455924632800896,0.554644368503462,0.5808883024638661,0.9093699842384013,0.8738229955112371,0.7325699613917116,0.946598692962746,1.303810787849832,1.0197805348947953,0.9550710130733086,1.0528335447516806,0.5829035086742241,0.6747261235896188,0.6684649752281917,0.9315403792038327,0.4370708885552783,0.7658463968036975,0.5577226558968836,0.8711660458518311,0.6297414266354219,0.7649781654580262,0.3901073623631369,0.631304327084964,0.9737970306561827,0.6962898738914802,0.5620140566438119,0.4843145761492391,1.017763994674384,0.781664089536527,0.8258724183077053,0.6062792766892863,0.9797275116937554,0.5408752866853814,0.7857580714973652,0.8454782401166718,0.6191279453309491,0.8135034987449,0.5857653150208008,0.9512080944756378,0.8096943398138089,0.3702661110669024,0.7343957649499279,0.6407432108277411,0.4529597264298674,1.0169492204607322,0.8830684310026806,0.7198617239533134,0.7330373313505895
Canada,0.7818092949492731,0.7887704227810874,0.7088797525285548,0.5385630009503043,0.8387783644059411,0.7256783601755727,0.7131784136817034,0.5072703381830742,0.6872861161201789,0.6233530597851468,0.6180205170063591,0.8329906414640741,0.5476837645400311,0.813240494988338,1.0,1.1416686046110478,0.5984004908780189,0.7096960917590016,0.5258350147129132,0.5240350420681674,0.6006618224417315,0.5988490266291643,0.7529542352958748,0.6320851335525816,0.8985441595610911,0.7849638554567389,0.7677470970208576,0.46684890100089244,0.7068498326216379,0.5955525658860211,0.8340215579354773,0.8190203259709946,0.8521684361384089,0.4896668310271603,0.4630700622796312,0.6966931349843244,0.7522381665697503,0.6245778668993575,1.320153543405706,1.1187827108575308,0.5618361345747642,0.6577332727559697,0.7745122666226358,0.8885434652339413,0.8158454115929726,0.6449262010025235,0.7537396395784212,0.5810237870767487,0.9276464147810138,1.07078658723601,0.6430445588651965,0.6594632002383548,1.3941763077311298,1.296289315102219,0.7128052617809377,0.9045988479117596,0.652522500685856,1.0525659497071076,0.8659313536560203,0.6300799779392497,0.7440960495040352,0.8581752342052398,0.871645188281955,0.6268385726299671,0.7065100873427472,1.2617906027189072,0.8313681759771322,0.5735582330028945,0.9758989415659386,0.5821471407940003,0.5723569093200966,0.5885531006427829,0.7362258257796386,0.9701750763692584,0.5721230259964217,0.855865116077557,1.0400795757152852,0.9038289088454309,0.5766450432714681,0.6113029177307926,0.4312900659526346,0.6256076140108311,0.654866123332149,0.6835231085850768,0.6246906338065018,0.7350152918612931,0.7377874845631529,0.8253335185419323,0.8765367449384707,0.9292923332796724,0.5214241483940306,0.48180531189463893,0.7708348417015645
Chad,0.8877774881161986,0.9351804967055954,0.8616570507645949,1.272052770708217,1.0936262092446942,0.8585733826117175,0.8749327155567506,1.1141628191371704,0.974741107952333,0.9911654230363643,1.0520098512050564,0.9012665445110727,0.8701530411846654,0.7494437307379158,1.1416686046110478,1.0,0.9063181037658269,0.860598004016827,1.0352706489656305,0.984087929542811,1.2616862059030323,1.1072680168365705,1.2594532625207056,1.061012998987143,0.9289594329739401,0.8884129965157292,1.3279974650686301,1.2163950069462217,1.343831860794687,1.2153610907717556,1.4195936853004842,1.0275446375703536,1.045206579087333,1.0093805447435218,1.044477162166359,1.130521247780058,0.8679944893949096,0.8746897585471152,1.6376875413591712,1.131084856195256,1.1038286947875646,1.3045426564509652,1.404616139217203,1.3071386543512604,0.8120991453750764,0.8524366109932853,0.7942293672200539,0.95643038199031,1.334701389447693,1.3165535986912962,1.1089867355187921,1.2193789433379656,1.4742632126015127,1.1940338250278482,1.2103797764956743,1.2360357813038676,0.9901284534435215,1.073098591795831,0.9033082138373778,1.2536184046095646,0.8965578387147366,1.03031238069672,0.8925121455894371,1.2506172844250312,0.8233885887305026,1.136308081740967,0.8633295923749877,1.0648499994656946,1.1592606037325928,1.0626851017986452,0.8997159602495828,1.0281171706184369,1.2465505157421943,1.1205879378199253,1.1278920482580843,0.9674879952515046,1.2661970889244543,0.8016819426159218,1.0220650617145826,1.070104386323475,0.9931991637769647,1.1781331203079168,1.0521072495477757,1.186258288993235,1.0591068571653055,0.8635164114669802,0.9281920988821851,0.8816461980094287,1.0269772387941296,1.2648926391268827,1.1852124648917601,0.9814924729686626,0.8782954863448814
Chile,0.5394994125570679,0.7464152126912805,0.5436050002751259,0.5361236767645072,0.7818396377959682,0.5501264086604751,0.511179784597564,0.6069726026610606,0.500224485996859,0.6096029008514383,0.470735580960979,0.622154506629345,0.3882790470592064,0.5855493963583979,0.5984004908780189,0.9063181037658269,1.0,0.5860068509033632,0.4662896791592884,0.41998322191422816,0.616866842360462,0.5570366790416148,0.5817298434449517,0.6045014132554515,0.629668079334652,0.5717011508904791,0.6422707717572365,0.5998922406292648,0.7475582957433369,0.6181844829477283,0.7994344520169979,0.5878323671326645,0.7849698113009296,0.48448489083722757,0.36685564085788425,0.5541880201457443,0.6487072419520579,0.4769934702438317,1.4219831044171243,1.0179991946082028,0.5354661597793663,0.692186284064781,0.760316772062672,0.8848467229328368,0.6413244868843937,0.5120409478050507,0.6495867672383402,0.5207898920975121,0.808807890632637,0.9842071522309275,0.5855144311708861,0.7123229993186719,1.250208674515896,1.1745242752309015,0.52387996725048,0.7943707702744697,0.4763687146564468,0.7833907107061111,0.7623397246347796,0.5995365052501579,0.7024286800571092,0.7308850690740668,0.7930856567455511,0.6719379119288543,0.6127352832026296,0.8967793860857872,0.6532041879982996,0.48951551857367387,0.8535668264589498,0.4065859400480007,0.4794903097136991,0.5491102540911869,0.8082317122446973,0.7471597625389443,0.47875687606776873,0.621562950213816,0.8216114185563609,0.7446073369393805,0.5848473993600365,0.5773391716332017,0.28128794924420075,0.6363283807927216,0.5455074252607514,0.652480209821128,0.4164712733244127,0.6036314177635183,0.6160322653552494,0.7349371269419691,0.6637920671265582,0.7321408644386549,0.6008660400836557,0.3958743819136375,0.6637313523966414
China,0.40508242571851344,0.6453581364800666,0.36979242845427557,0.9153846864426255,0.43137377306277813,0.16328846882166165,0.5921192051492478,0.8890695692909841,0.5150274928375183,0.830634048511066,0.6551629704528057,0.45380755052427635,0.3392783401563543,0.34201244902648514,0.7096960917590016,0.860598004016827,0.5860068509033632,1.0,0.5323234126993497,0.5087819754332825,0.835363035620773,0.7632972683178401,0.9499587445229815,0.6503376456294284,0.7531454756605088,0.300793436395389,0.9014291165999989,0.7590559462347419,1.044915826797854,0.9357589254748855,1.142422837673315,0.49987744953156726,0.7103083933782816,0.40451245889112053,0.6349464192226084,0.8512498085498251,0.37999022571775126,0.2552321669912783,1.1351025428048975,0.9133111211887439,0.612658230674478,1.007662640338708,0.94299821641704,1.2330603199786474,0.31649835645964075,0.3283451444330548,0.4771695069402478,0.48470068558743273,0.8756032813276938,0.9454001060065349,0.6712751032623051,0.8672540428127832,1.3187525025368594,0.9284877244339339,0.9764876824767719,0.9980506095133789,0.5808074383060907,0.6998923869462221,0.6656275184124267,0.9035123416248988,0.3202773589441311,0.7155394036655799,0.5173120239683779,0.847227982093132,0.6759233986498716,0.7789379339535203,0.3534588380613656,0.6307856603384263,0.913470711623078,0.641289636097189,0.5799017814947464,0.4699767285835615,1.0230441898408367,0.8765118724212133,0.7700830003201232,0.573091386843653,0.9766816693974317,0.5066553225677697,0.7295286157809687,0.7812165533564567,0.5502061371498668,0.7945742402369936,0.5009951049953955,0.9246152145079899,0.7859957443229554,0.1998338100872653,0.7329175857624874,0.7218887286150361,0.37985796606540084,1.0213110727860757,0.8685125929375087,0.7038676926847242,0.6401229742271327
Colombia,0.5549132333779437,0.8024933638715114,0.5936948118561914,0.5673368327025416,0.6902847479296752,0.4978393864564338,0.6828860708555129,0.5783639227073658,0.3794268954623854,0.7401387924088507,0.5312548797687806,0.6899622839853307,0.4000858563819704,0.547906142320422,0.5258350147129132,1.0352706489656305,0.4662896791592884,0.5323234126993497,1.0,0.48657334821588155,0.5613360424375751,0.5988668482167003,0.7645669322004159,0.6039730200157014,0.660554164003975,0.6200926366016092,0.5591715742777186,0.655051613423685,0.9073790836759172,0.5380403818209665,0.9158397552689959,0.5790422200867653,0.6498792811590209,0.3064133110165142,0.4267404480884356,0.6090501645231323,0.506565651108979,0.4020678662878362,1.3603150567868003,1.0814222366474302,0.5121796547419912,0.6779454194026572,0.533714315306932,1.1143216415337784,0.5727160841381502,0.4535927617012637,0.5996058657626523,0.6068670689048381,0.7771376734643656,0.768659229584709,0.6706176739510825,0.8105977782945204,1.2575529712571727,1.080002983793211,0.7739126614960827,0.8610051329664782,0.4516246678709788,0.6826049555594857,0.7250048512638088,0.6559772790133958,0.6682352897869096,0.8844735321375403,0.7249017392939832,0.5978722183006494,0.7570274630791827,1.0035847342220219,0.6394505421091522,0.3434549078603243,0.9833013436913117,0.4879323539437416,0.43072771787767505,0.348568753161278,0.7362655912536658,0.7956264675714144,0.7092986476707973,0.6279658791383048,0.9251380069201063,0.7810172581497761,0.7221258442599364,0.7257308508363459,0.37888536111250953,0.4980184801443621,0.5909983961855471,0.7698699064166484,0.6673557829259821,0.5037251349273331,0.7902895943916544,0.7084780448601337,0.5587404967595045,0.920077569356288,0.5341535270388271,0.542505651411895,0.6744182894204729
Costa Rica,0.4941074700681517,0.6950256150273224,0.5365933379133417,0.567078471854802,0.7002734685277796,0.4990098913457483,0.5452383272791043,0.6127277231313284,0.5570974853208924,0.6869363216933624,0.4199510224588264,0.586403545337191,0.3813865808549159,0.5509300718683712,0.5240350420681674,0.984087929542811,0.41998322191422816,0.5087819754332825,0.48657334821588155,1.0,0.5535273017160002,0.4992147696577318,0.6408809727417436,0.6209265134375711,0.7395218092083791,0.5102783980002791,0.6589391168738263,0.5230413985631482,0.7029211365811863,0.6472536003954944,0.7528374142421274,0.6272757707585013,0.6602568804689071,0.3829242403807622,0.3642585119324799,0.6498540663809271,0.5946497525513583,0.4425104904972188,1.285973174983876,1.024190837999237,0.598451077595524,0.6881391393883064,0.7475597060722288,0.9040642188671233,0.6137676139610777,0.45600617866708437,0.5894688409722002,0.509868869444926,0.8469262605597908,1.0125963919147916,0.48450082863906563,0.5972787174118205,1.1953897449622957,1.0662853226119975,0.6063551035362421,0.8777736443272611,0.5540667832609125,0.7685172205725694,0.721600586972805,0.5778903540176268,0.6200096828641007,0.6164776550268988,0.7909656714759861,0.7485945746095156,0.5481617233336908,0.9400349965145294,0.6749559607462466,0.46893943184343995,0.8746651814800089,0.46328755332637106,0.4242139511561393,0.5029813060518028,0.7976860436884958,0.7478423724019799,0.45294808366323913,0.6628598846342305,0.9311119423185396,0.6481372787667197,0.620292776678037,0.4523774353197025,0.3583430441878397,0.5758483179711732,0.5001607474750763,0.6794349018732936,0.5313078229580728,0.5652385940758649,0.5279863908514597,0.6366285380888819,0.64789688990352,0.7659025320996803,0.550293737474794,0.48637426250775573,0.6977929490454984
Croatia,0.7336870033915589,0.8847392572606241,0.8192806153453358,0.441594475409678,0.9506496934759727,0.7947002769500982,0.8148027310997947,0.6179209041881867,0.6258742589643919,0.8357832349707971,0.37626699941381125,0.8244822070222648,0.6162470261661028,0.8701402901708227,0.6006618224417315,1.2616862059030323,0.616866842360462,0.835363035620773,0.5613360424375751,0.5535273017160002,1.0,0.48712426063749525,0.6897827078527526,0.7213347942241485,0.8268354973674512,0.8490569170578051,0.4609745866356809,0.66365798535047,0.7403126241826345,0.5444512756963565,0.7805938621666123,0.7851719397145764,0.7875781781687731,0.5685267666614513,0.4580645005730132,0.5034239206585341,0.8507758645210113,0.6879990127431372,1.4932772388454387,1.2088396433052628,0.7989096215501648,0.5671216376264536,0.5060234529246781,0.9522156270586971,0.8660607209745901,0.7399961929959172,0.925801833654722,0.7669137125806584,0.8885732257503707,0.9638865053584204,0.7029381853606211,0.6600936261097655,1.3258782921562757,1.2198104772834606,0.7277037757841758,0.7243834460206486,0.681181395186424,0.8803966794840052,0.9640811355052724,0.5425554701052365,0.9345024507307162,0.9465747328204179,0.9742302660100483,0.6462879234639015,0.9089196334996645,1.2186203220277734,0.972473515788261,0.4959950152947006,0.9968984535906532,0.45547965577471666,0.5853276003238289,0.6912128298801977,0.6766929449960372,0.7712320777213866,0.6637959726781245,0.7817317981866211,1.0327645650856832,0.9921129109217696,0.8754106518780903,0.5606179461719488,0.4566685834373039,0.43541788715937935,0.7962948419734877,0.7513794069169957,0.7136167183126425,0.7939935461446461,0.8167455561047434,0.9250526159634345,0.8432477464288319,0.8279074112516621,0.44915131436069744,0.6215157870680966,0.9191340176985087
Czech Republic,0.6527225098102957,0.8818636065031933,0.8356038494915508,0.5349144298021417,0.8424834532666953,0.7250947590558052,0.6898798429442357,0.5861678800984348,0.6599782727609507,0.7869466328448671,0.4368908660934955,0.7445050830597886,0.5318902716769153,0.8281901140080152,0.5988490266291643,1.1072680168365705,0.5570366790416148,0.7632972683178401,0.5988668482167003,0.4992147696577318,0.48712426063749525,1.0,0.5903220237163429,0.6795969767947433,0.7911487694906741,0.7400963605283453,0.6099654792317487,0.5813899530569199,0.6841829685319879,0.5417535067774314,0.6814998721291203,0.756193297320042,0.7962847734036036,0.5718524459210814,0.4365480829430972,0.4685497804988225,0.7790183009940118,0.6627796306903584,1.5315614269049875,0.9449103101865557,0.7306005179802189,0.5073996693404711,0.7227128903654609,0.8324402943506906,0.8141018361720893,0.6468499648541568,0.7693296942964859,0.7294493214228724,0.9697515062891093,1.043105210464115,0.6626969013803177,0.670455549785688,1.1641578837505873,1.099805012367428,0.6178045273499345,0.8502722276025301,0.7016907427182663,0.7861868807495496,0.7388911090939816,0.4129955718550065,0.8719900031637785,0.7718509924884557,0.9884513208945083,0.7298424086500434,0.7259883405024392,1.163933996683124,0.8751596951597446,0.5637605059399642,0.9373607452877093,0.6072096037887218,0.6017899193742725,0.6122322249935367,0.6519861634426435,0.8403075037496835,0.6236476123494921,0.8128993564789729,0.931254762442419,0.8072661454032868,0.7667212043286735,0.4541478045900018,0.44828927029934695,0.4172523121113234,0.7518164317084596,0.5712009230817404,0.5882095935912072,0.756908752190117,0.7935029467049279,0.8548311630659938,0.8594007697007712,0.9310834743106022,0.49331222061725893,0.4797851121844851,0.7513747298893229
