Country Name,Albania,Angola,Australia,Azerbaijan,Bangladesh,Belarus,Belgium,Bolivia,Brazil,Bulgaria,Cambodia,Cameroon,Canada,Chile,China,Colombia,Costa Rica,Croatia,Czech Republic,Denmark,Ecuador,"Egypt, Arab Rep.",El Salvador,Estonia,Finland,France,Georgia,Germany,Ghana,Guatemala,Honduras,Hungary,India,Indonesia,Israel,Italy,Jamaica,Japan,Jordan,Kazakhstan,Kenya,"Korea, Rep.",Kyrgyz Republic,Latvia,Lithuania,Malaysia,Mexico,Mongolia,Morocco,Nepal,Netherlands,New Zealand,Nigeria,North Macedonia,Norway,Oman,Pakistan,Panama,Paraguay,Peru,Philippines,Poland,Portugal,Romania,Russian Federation,Saudi Arabia,Senegal,Slovak Republic,South Africa,Spain,Sri Lanka,Sweden,Switzerland,Tanzania,Thailand,Tunisia,Turkey,Ukraine,United Kingdom,United States,Uruguay
Albania,1.0,1.4421863695536252,1.2228884899400556,1.7178731272256016,1.0674038887155164,1.359800044820773,1.2809407506216937,1.0399237024252104,1.6609682159111196,1.0048010922046404,1.3056381804857415,0.9763424900642017,1.7919426075443337,0.9550414822905071,1.0013106350537415,1.2616470553703425,1.1494266769368766,1.4769388017448155,1.3711145153278923,1.089476380403354,0.8815604234424476,0.8682757652548949,0.8670071256948885,1.3378762789465113,0.9949794864825721,1.4146766650789366,1.1494253549719016,1.2457567031723136,1.6030144697187423,1.0429487925306609,0.9668737920797735,1.2047933546424767,0.9018805126976717,1.4043580491775265,1.031986206826377,1.1412982903843065,0.7813976166893248,1.250875909126834,0.9425573116565996,1.4249620975595838,1.0765376748142728,1.0314588786689238,0.9503656399333079,1.3382570513869676,1.1862919378669998,1.4401232404235205,1.506770757452766,1.374923243283659,1.1068036321750427,1.5654999779993177,1.5025948295473863,1.3658828311259252,1.1549709104400359,1.2056366120317592,1.5553298143703798,1.2307895592080842,0.8529171600394908,0.8791170285065042,1.0169189745203702,0.9709833805986197,1.6659729979520326,1.345826597072582,1.4356352068142615,1.276564034538941,1.6071812454455137,1.0351623941655939,1.0158858523211485,1.2740153842278403,1.0362977504939657,1.5019566144007228,1.472992132050907,1.0832713811408854,1.2050012386119664,0.8220507683064389,1.0312085296110858,1.0734517508756005,1.2789202126469361,1.6837948601306583,1.3267759270235218,0.9407442778262761,0.8410167134735458
Angola,1.4421863695536252,1.0,1.1585840860107401,1.3975315282396301,1.668088309889767,1.258486702388117,1.8356574793990308,1.7094328096926408,1.3430164841936205,1.818396413661826,1.650279913397848,1.2715449337511415,1.200453831753185,1.3031336992612308,1.432504547548974,1.8276874418751512,1.0771872245269063,1.7468183965182242,1.8959050661752,1.8354319141513882,1.225121897957713,1.4191832110099356,1.7060320395355522,1.8121458977816411,1.7965807071002688,1.859304717859389,1.9123501179244458,1.8603313075928423,0.7812516742791246,1.1222301425759111,1.3725888616404964,1.7785695328166056,1.7001594592428462,0.87348076511788,1.210998536921891,1.812382874016875,1.360866559894796,1.860146637063807,1.2758883939901353,0.8127579245476714,1.0379826964068757,1.5641277521705197,1.7128343034861182,1.902832389159819,1.8878242577494262,0.8655971127573842,1.8873951726043015,1.1161870455662841,1.8091014858350989,1.6010725999588777,1.8524126757334836,0.9059165938456026,1.0479925042422182,1.859405076102083,1.7736285869387978,1.592098300489865,1.663772687353404,1.0981173350598017,1.4882270761207126,1.7072066956641172,1.2084978461557054,1.9127326281642325,1.744358039902713,1.9195683571610986,0.819375139938921,1.5647043886434187,1.6956066028720582,1.9284349972416444,1.7263832705902566,1.681308575651113,0.9600925806858982,1.7249750174117304,1.7541559425381017,1.595878547382521,1.501722753223173,1.7221461284727089,1.8592541605162052,1.6780091976525144,1.8144849742205513,1.7108171297948895,1.493699257386147
Australia,1.2228884899400556,1.1585840860107401,1.0,1.738529662026116,1.1761720950866161,1.60252023858276,1.3632968186465801,1.2745072943454798,1.359989776138367,1.2417957419438224,1.4939338645342446,1.1668375109299167,1.4368738890875445,1.2459963930133644,1.5616756157265879,1.2910307053380028,1.3309087790441534,1.4665463047036478,1.4383411204717502,1.204231955075941,1.3404447294796706,1.2011328132670689,1.2851198452400419,1.581616527318186,1.2719802344728632,1.3823569195858127,1.326154342676909,1.3566283036875286,1.548537989197268,1.4686890520645624,1.4056081297841507,1.2421144501783759,1.324233325036119,1.3586684318523097,1.4402200712173496,1.3751635236621236,1.0845462989470438,1.3236778465651828,1.3842628779554997,1.3847022089015684,1.4771724175187595,1.327532666812342,1.189884780993418,1.5928260529347915,1.4627780379298203,1.4767682235471968,1.4366473802436053,1.5952657134071115,1.2907092235869868,1.1999364410101023,1.4216046981762662,1.2885980948308735,1.3597889130613114,1.333210310751621,1.3761860086493096,1.300994103678978,1.0512226686819577,1.2847395556710461,1.4623092412480305,1.199436792936435,1.6154197005358268,1.4219598698736982,1.3089965581386758,1.4875524502332826,1.4211475401874187,1.0232854518441128,1.2540885715336747,1.4186261824273554,1.1248336579853075,1.454312671728506,1.466073901346877,1.128460304771229,1.3327242796399739,1.293001999004931,1.4353733565600726,1.2454561769816352,1.525388627295554,1.5668101255157751,1.4412419127623337,1.3844046862716763,1.271437303105125
Azerbaijan,1.7178731272256016,1.3975315282396301,1.738529662026116,1.0,1.8963643550542912,1.3049767496148026,1.7719852526141415,1.8574008249019676,1.405212861841598,1.7114535833914994,1.0983723674213621,1.8196130044006589,1.162727126042445,1.6792346849757058,1.244399956006751,1.4617759966783699,1.1690301981600124,1.037034518621152,1.6949387229646058,1.8047176953871042,1.7494982087922595,1.4683541452656623,1.7732994988041983,1.6101097120792616,1.8032636281427559,1.7249419255064449,1.6375939961383865,1.7971388530699295,1.035005283610792,1.2321371848622835,1.35094049925926,1.8647273005075078,1.8255470039386572,1.3028019205386911,1.251274277266751,1.773871928298152,1.5840196768736021,1.7488836742773886,1.354964477109117,1.001818500938544,1.4286953614013471,1.8628707442300751,1.8690649331821276,1.607183471858278,1.7232327904586824,0.9993692300439084,1.5966365432694771,1.2358959352356407,1.8238081828107902,1.6602461733551341,1.6942436406034953,1.3547907172871756,1.4668043867578655,1.7534929423829835,1.4975931196469625,1.485434027006884,1.8396619007736816,1.6906443301803453,1.61744875298123,1.8553980067709457,0.5981964449485783,1.6604704506784544,1.6945593318258867,1.6614256688170022,0.9998927541842338,1.8403111768011895,1.6637364447634748,1.657842062279993,1.7839320657791238,1.366052490625648,0.9764096811648352,1.7917994933637431,1.859815784366597,1.8548172656250732,1.6121417958747237,1.8251679058556067,1.6662462636664135,1.4596345250922047,1.780061346959431,1.7638452265696654,1.5403443012617366
Bangladesh,1.0674038887155164,1.668088309889767,1.1761720950866161,1.8963643550542912,1.0,1.5037150829992205,0.6893024340030585,0.42568378781040467,1.317516144186993,0.7272642025103184,1.506407226116745,0.9214259691985416,1.7422290235434552,0.998509005560982,1.4386946689577176,1.0162279461050938,1.686299993993281,1.5447954489507185,0.7127904666008522,0.5629231569021554,1.0526690812766206,1.3696694639196865,0.6665754244137084,0.7931423831146063,0.5845716988229684,0.7861421046988718,0.8134639681621152,0.5641592382827352,1.7847947586799957,1.5570639533663395,1.3788911438345495,0.565625695494403,0.4802557014646215,1.6047074267395554,1.550169421953398,0.8012595355089234,1.2243300245393185,0.6250558814266993,1.4314863044395871,1.8599338231931926,1.4132899458570494,0.5107684446642807,0.4602845065180099,0.7697809651774169,0.5747175236466138,1.8441291804196935,0.9923475424758378,1.5447201912121284,0.5066647458449518,1.2382777370707136,0.8156006893973557,1.6300349779965944,1.487349416417412,0.682369755949219,1.2821859454170288,1.1588178968439835,0.6534944394628796,1.1658819387932704,1.1651721303634606,0.4978587745866992,1.9380908083693382,0.8407520923426993,1.0340400900814355,0.7520384707425493,1.8928867763070494,0.8284091213288299,0.802960403422446,0.779136628002127,0.6726299427663677,1.384958549896218,1.814709722286572,0.8515534436122328,0.502133059716876,0.49060994515094003,0.9562801235575012,0.6499141812083771,0.7636486617621357,1.2141661218977897,0.6973101773953334,0.667739579216963,1.1056045600207425
Belarus,1.359800044820773,1.258486702388117,1.60252023858276,1.3049767496148026,1.5037150829992205,1.0,1.41581930436813,1.6172207780668848,1.3589062354657764,1.5700213385618942,1.5589080461257347,1.3576712106041264,1.252978163651002,1.2375577553457129,1.3154764353250634,1.648890307544814,1.2127340307018848,1.4742207968392373,1.6123728683712661,1.5433359557046276,1.2445911170198805,1.4034945819866291,1.4020485270373275,1.3371938748020704,1.4357537637912743,1.4933276707603877,1.599563323391132,1.506207126072523,1.0391138950761887,1.230410926079859,1.210936979089062,1.5057673690497373,1.4416725832317667,1.1934746510571008,1.1558373581912693,1.329938400496765,1.3522763087828826,1.6389412462225232,1.3571078866309538,1.2209272018822022,1.1177484246751996,1.298148346469951,1.558430887929357,1.4573948922770312,1.4787309932951795,1.1682124096203814,1.530043701506169,0.6952024695787921,1.4627350520464624,1.690796873329876,1.5253629346927484,1.053243641782458,1.0685096616166287,1.4738165413359712,1.5695125754353485,1.61887897062938,1.5471226559714215,1.143875544269646,1.1876287781239019,1.4667384863128692,1.1798742686842711,1.5243152712267056,1.413879329241865,1.490569692898744,1.2196163494957346,1.732755234817985,1.3663230738152314,1.576850341377736,1.593881268920982,1.3059241644348614,1.056031819384091,1.4289798055760046,1.4648547919044892,1.4255087324030882,1.2982002365972543,1.3748425829307673,1.3461071290008189,1.1841305944419387,1.3915983904473226,1.3651490226128877,1.3893382587040477
Belgium,1.2809407506216937,1.8356574793990308,1.3632968186465801,1.7719852526141415,0.6893024340030585,1.41581930436813,1.0,0.7651312014356331,1.2992164569179907,0.6780488003494914,1.449325593691076,1.1731884392035443,1.5437696524873286,1.2246199552719295,1.575562572018146,0.9993497244793756,1.7270885159619493,1.2486509745326033,0.5102336545347776,0.4352650279147972,1.3484322467101821,1.377177300995555,0.7627496709164899,0.751831954624278,0.5311391165084173,0.27798513101864447,0.6480794132775337,0.3010857084970319,1.8250791044709118,1.7349760491753452,1.4562633179422622,0.402816392117913,0.8126441442456328,1.6721145629368837,1.6583160095821383,0.41950341664122204,1.3173868775485924,0.4927125384706254,1.593608844694108,1.8959898841293363,1.6080844128183927,0.8397698121551542,0.7890201928088345,0.637662110920763,0.48858704965934474,1.8764145380549382,0.5799784188060387,1.5326193263301542,0.3632494445305946,1.0106993101858277,0.4583479960418336,1.6124132298568112,1.5829634907150465,0.33938056254070165,0.8814564541413329,1.261737060975957,0.8638053060034203,1.4547715258242513,1.2251172422036072,0.593056617278522,1.776849851513639,0.46471545148295484,0.5201165932031573,0.45493926641912574,1.847445392027205,1.0983912518770107,0.8131409353549276,0.4900995613989991,0.7494376760076036,1.0148381699798803,1.7876946962701112,0.5749683631170642,0.4988909118409787,0.9575141655912575,1.1697490106714696,0.48736507913687893,0.4669892770589554,0.871458727888798,0.4327213089678859,0.7800528372729658,1.3190983174219508
Bolivia,1.0399237024252104,1.7094328096926408,1.2745072943454798,1.8574008249019676,0.42568378781040467,1.6172207780668848,0.7651312014356331,1.0,1.3917767238001297,0.6872392576630537,1.4065594911984893,0.8971485146101355,1.7547981622934152,0.973642566602241,1.3585281347398976,0.9853633389125944,1.6387875428608993,1.5285224355417009,0.6980490174006531,0.6339152275312914,1.0265847086557685,1.3436348664145812,0.6345153451480043,0.8199588263656963,0.6424165917654066,0.8598193917737963,0.7847323829212841,0.6574933819174378,1.7932169624972445,1.5405091053247868,1.3206323358463627,0.6213603430495489,0.5280357757120013,1.598729333178453,1.511514456165241,0.8808614992306323,1.171046585539245,0.5784027988846286,1.361437738588284,1.844218804170222,1.3730368098810273,0.610784653476949,0.4243839279381063,0.8025686131496065,0.6403646559767704,1.8199884248147693,1.053974157267281,1.6109995835144528,0.5900047293911196,1.2613144921642803,0.8860468694522474,1.6347038209861235,1.591094463839576,0.7239499974644202,1.292183802363562,1.1460618995184482,0.7215450048412402,1.1669160175979185,1.1480681912397144,0.5053487740443022,1.9419096379009355,0.8698000041186175,1.0697453812864046,0.789712921105965,1.8741836734531505,0.7451736660787152,0.8518135710351107,0.8180369722302573,0.6003135397288566,1.386157622761926,1.802092850939449,0.919704298238496,0.6796775680422799,0.5089542382313228,0.9298539947466741,0.7780300287584976,0.8482274155292856,1.2529213459881994,0.8482635634229079,0.5942699573157647,1.0393360198193184
Brazil,1.6609682159111196,1.3430164841936205,1.359989776138367,1.405212861841598,1.317516144186993,1.3589062354657764,1.2992164569179907,1.3917767238001297,1.0,1.3896845985019337,1.4357745168309433,1.10784404219323,1.126879834839131,1.1828977436003483,1.615354487555544,1.348424985597161,1.5190669168852655,1.2459970602802757,1.343416383808179,1.3534092848398906,1.3798556574982326,1.629780819085014,1.3438896558220128,1.2172786182981523,1.4602498818287972,1.2524521660625039,1.4353900270155049,1.37339427495049,1.377907842862446,1.4247748427939508,1.4164861805976918,1.3895105115203426,1.5068640178681711,1.22687138172335,1.5523804639618306,1.3706044373210167,1.4554487731355241,1.2541582787857948,1.5901662601378255,1.4754046181922187,1.4424665450692793,1.3906182951201524,1.4834215774076562,1.3253441682266747,1.3314134565499884,1.4829988048400193,1.3761010545040675,1.2370421002545084,1.381821736119112,1.290920718095831,1.2171748588213884,1.2735136508007132,1.3800284950749573,1.3752402706307318,1.3713572520324615,1.322735228589237,1.4956000760644057,1.4803306791062467,1.575396126996343,1.3521366297632182,1.3687663964338979,1.384787295394298,1.194159997552835,1.3596607518458153,1.2324912345847026,1.5423332431787324,1.170180369886234,1.3622825285919031,1.2232409129781052,1.182900099341277,1.3887964569898472,1.4167137712273319,1.410434578330632,1.4846424226610062,1.4058130747473006,1.2483062454736011,1.274931961701378,1.2143617241018474,1.3579101655323937,1.439393134857613,1.5515864627954314
Bulgaria,1.0048010922046404,1.818396413661826,1.2417957419438224,1.7114535833914994,0.7272642025103184,1.5700213385618942,0.6780488003494914,0.6872392576630537,1.3896845985019337,1.0,1.074921392749106,1.1243578884345216,1.723647202278783,1.111962245855635,1.239998886682841,0.714647795273549,1.493455194538603,1.1428927179395383,0.648329898088679,0.3951346190675894,1.2317017785952695,1.04981986098408,0.456265500660965,0.8660564118398154,0.44975625518099266,0.7690666959674627,0.39649697713447146,0.6157998831835215,1.8509959057971925,1.4713313394615963,1.1223043893586429,0.6373236760205686,0.7007453382397967,1.587321927679361,1.3968205600688388,0.6843454827171174,0.9775804899389731,0.4904275092120598,1.2415190343479094,1.7721602191179986,1.4707704220391729,0.934046466429205,0.5973994991292213,0.741720955132671,0.5827600594658444,1.7568928591636446,0.9242740484307044,1.6344412337608987,0.5770412210801165,1.1816149823631084,0.8584315655085087,1.585171738041334,1.6405273227969794,0.5863753462718732,1.1003798154012174,0.9674201603359796,0.6256459366149779,1.3213391836130377,1.148674438847466,0.552410475092637,1.7736418105997227,0.712562532815087,0.8769923659214205,0.641284073180916,1.85575985689396,0.8895776982181124,0.5665038835903417,0.5476844827789192,0.4989382376110431,1.0883961680771674,1.7061591311695652,0.6478267723048401,0.8056338463289893,0.7999703006673029,0.9918868904262627,0.6532891811845938,0.7432426015168251,1.2824753269478018,0.9099565373595773,0.599005481773501,0.8956301102814174
Cambodia,1.3056381804857415,1.650279913397848,1.4939338645342446,1.0983723674213621,1.506407226116745,1.5589080461257347,1.449325593691076,1.4065594911984893,1.4357745168309433,1.074921392749106,1.0,1.459136146332118,1.4364743655515324,1.3872306166354649,0.8590835759141462,0.9763461071254271,0.9615399051714792,0.9266143784919488,1.3406118084587981,1.3231168051188857,1.3996340801404166,1.120392614070853,1.183036691918173,1.2294444888511382,1.2796067079334799,1.4428968097540456,1.1607991010924747,1.4458755436616224,1.462160929760038,1.0526028471745443,0.8111657704730824,1.4667748267441747,1.431850853522318,1.214724485501884,0.9261932342122111,1.3647877413723097,1.0501207651068347,1.3091624021719435,0.8500901744713136,1.1974329664816108,1.2463585276847027,1.600643979563015,1.385333568197223,1.2331771389191781,1.320406409988028,1.1569216472434236,1.4972662272579855,1.534176896390954,1.4751861480734374,1.5895614693232805,1.4721990313335442,1.28962154936522,1.6733793332985896,1.4426228032288178,1.451105340284649,1.2824122518208987,1.3229479366015318,1.4078756665866348,1.2724324817895236,1.4339918489501002,1.2056512398451888,1.4258691927304519,1.4034885115514724,1.3734850807768457,1.4064238571430032,1.4827219766827453,1.1875978765066058,1.2672139783076855,1.2236998834022066,1.0261886788940031,1.1303229029792625,1.3608518071320226,1.5671627746363146,1.4306371879709583,1.140663888947241,1.4888489334209434,1.4043274881063308,1.5853377946070113,1.5721196412995997,1.200526437382192,1.0018537337324
Cameroon,0.9763424900642017,1.2715449337511415,1.1668375109299167,1.8196130044006589,0.9214259691985416,1.3576712106041264,1.1731884392035443,0.8971485146101355,1.10784404219323,1.1243578884345216,1.459136146332118,1.0,1.4949439577617558,0.5832873618233265,1.347927243007589,1.3683933563968402,1.3152539485343993,1.6083571207895828,1.3141236053925511,1.1196472548849123,0.664878964889821,1.347626178578756,0.8826075730013918,1.1221559956509055,1.099906735709444,1.281987960283357,1.3437970618994435,1.2249239136462757,1.4562060373686463,1.189632700818226,1.0909188622004635,1.1247773319577556,1.0368091234394021,1.1282831792007884,1.2372100255580831,1.1507546866999414,0.9914584127823657,1.1697632735270143,1.1951402451512172,1.4699625292213103,0.9853976927664321,0.8971806027787996,1.009111005685044,1.2973704983076175,1.1744003705899526,1.4703224642769122,1.5347164675477007,1.2989821333349103,1.111807716402828,1.4950205385837045,1.3373240036001954,1.1321667801648791,1.3039580956191479,1.2398628480911464,1.5660172541415,1.355608003198692,1.0632003075201555,0.7942957954522307,1.1717016776090494,0.9112019765217325,1.736868975552406,1.418896316063871,1.247572078284644,1.3300265873840893,1.4545470410140997,1.150842395235395,0.9776847974999592,1.3392616580131218,0.863287628683314,1.3722820510784262,1.440021850887864,1.1544453000590726,1.1487784850669747,0.8767832266033383,0.9373035405916147,1.0181071034325933,1.2764641701842614,1.4544640594749145,1.2606297782217035,0.9338935169060276,1.1237312107771376
Canada,1.7919426075443337,1.200453831753185,1.4368738890875445,1.162727126042445,1.7422290235434552,1.252978163651002,1.5437696524873286,1.7547981622934152,1.126879834839131,1.723647202278783,1.4364743655515324,1.4949439577617558,1.0,1.621499634849697,1.7210976614228437,1.6177751869779966,1.30662729191086,1.2668469520447294,1.6372359911496681,1.671239679949198,1.6446771210303703,1.6843451073803626,1.7244142393811177,1.5528225590871696,1.7211461956098506,1.459210186309355,1.7259429148933778,1.666324192001615,1.0109197814684021,1.568291151162792,1.527863065876132,1.6142071253354904,1.8782158332383805,1.09699339722129,1.460122922253617,1.5305288146084974,1.6118165550747183,1.667666780912325,1.593408358706387,1.060663395273734,1.4743183246684646,1.7830107805985511,1.8292834189028124,1.640111095397142,1.7295818222398138,1.0766218038701487,1.5169695007279713,1.2924932189559466,1.721424156549547,1.4014230890543267,1.4479491524804078,0.9727749662539302,1.4754171369295805,1.652809919159907,1.2810524023230185,1.7222845506915623,1.815760113836121,1.6179880455860907,1.6509460729558383,1.7436275179878864,0.9361318003215192,1.6407934554976549,1.2619694244778181,1.696245017908566,0.8020132172203377,1.7660858332558036,1.6553775610455626,1.6690191698592183,1.6450302549275042,0.9758975711707648,0.9289909403445443,1.536238442665025,1.6976619739217464,1.8576580203033521,1.6770226977498282,1.6779559227691594,1.6399216735444728,1.1793184166806856,1.6218730923762694,1.7247318050215383,1.8065097667620542
Chile,0.9550414822905071,1.3031336992612308,1.2459963930133644,1.6792346849757058,0.998509005560982,1.2375577553457129,1.2246199552719295,0.973642566602241,1.1828977436003483,1.111962245855635,1.3872306166354649,0.5832873618233265,1.621499634849697,1.0,1.096878465033864,1.3402340152664955,1.1654751795713783,1.5491947584383663,1.3865077690362058,1.1784260874487489,0.6200262899549384,1.1519720688608308,0.828488256402184,1.1321521342918117,1.0504750361107833,1.3887178304074632,1.3041667092123737,1.2785274063906096,1.3718555523776463,1.059943200595127,0.8678563515861123,1.253827237942498,0.9361778022066457,1.0924492733663032,1.0701035476139291,1.230593793432434,0.7915939940950144,1.2358097350920012,1.03748459243553,1.4293372008788827,0.8385382747505503,0.811614615076945,1.015496922949339,1.3162021076193882,1.1552698563761001,1.4220742460055746,1.5625756319870092,1.090258177156276,1.1141704047235172,1.6217916010320164,1.4477384958706576,1.1125380820824897,1.2827714665627068,1.2547416702002905,1.6817480635383577,1.3470048890774473,0.9921315660499749,0.6612234184845981,0.9529889648113774,0.8811578027877234,1.6532184532504806,1.4251804189348318,1.3769752377938793,1.3275924495854146,1.4663219146585733,1.2809575222233374,0.847451832376867,1.373680188239018,0.9544886775059533,1.4638144201449683,1.3803120116016432,1.2054002139162523,1.206770642337648,0.8492364073506234,0.7011447887828787,1.025260111754178,1.256561060340702,1.4549453288266283,1.300708843167257,0.8429789024129207,0.8429882960453865
China,1.0013106350537415,1.432504547548974,1.5616756157265879,1.244399956006751,1.4386946689577176,1.3154764353250634,1.575562572018146,1.3585281347398976,1.615354487555544,1.239998886682841,0.8590835759141462,1.347927243007589,1.7210976614228437,1.096878465033864,1.0,1.3087870799225974,0.7927477489351286,1.4065157029170359,1.531474412218342,1.4641748164975328,0.9697399715097531,0.9052052564829056,1.1449852775207943,1.327664132622012,1.2641309341156444,1.6690724582630192,1.342762863866061,1.535013113743133,1.269066934358293,0.6475769728576108,0.569693376142931,1.5596486909675362,1.186764642870146,1.1020804552962615,0.5559352869710117,1.459464043083857,0.8755561667588353,1.492970417297237,0.4630457068260723,1.1318770341727327,0.7837877224767713,1.3192350590883228,1.2896350345962517,1.3622603658420658,1.3742499694184338,1.045885983187105,1.6998739038093165,1.2233399225352872,1.483571391654943,1.7701757857079072,1.703521628106799,1.21439631683011,1.3965916605679396,1.537918040668565,1.7887558380739907,1.4020042584754997,1.2058838445439957,0.9210833021607622,0.8271489143348639,1.3793081369940863,1.3145469929306712,1.5804766133215733,1.6679482955298015,1.484052337029137,1.4556785792408826,1.4695499139083061,1.2222169320739475,1.4820580281005766,1.3959372849726566,1.478864944141467,1.123417710389376,1.4607407045278895,1.5517129831961363,1.150577992260399,0.8107032816433815,1.4714296707284396,1.4478150105173984,1.7256290942335877,1.586580351665619,1.0605067302327142,0.6101170595161822
Colombia,1.2616470553703425,1.8276874418751512,1.2910307053380028,1.4617759966783699,1.0162279461050938,1.648890307544814,0.9993497244793756,0.9853633389125944,1.348424985597161,0.714647795273549,0.9763461071254271,1.3683933563968402,1.6177751869779966,1.3402340152664955,1.3087870799225974,1.0,1.5198117350027398,0.9241158301320036,0.8153180234877989,0.7934091275127743,1.526647477525447,1.289066125947029,0.9632654141756414,1.014959285466077,0.9539925868182403,0.9524186061312923,0.6152090365182955,0.9160274711680207,1.7820258312559458,1.466055320008343,1.2777493400829243,0.9979771860485196,1.0933409866531454,1.6713770155752503,1.470858576256547,1.0201097478826522,1.2362113063008875,0.7899019714751491,1.3642174368995246,1.7203408898166077,1.5688824278032723,1.295523154747782,1.0308213947098148,0.8579995602564542,0.8571737589477032,1.7231791717747655,0.9734772795586768,1.7311359233907178,0.9959328167917548,1.2830935664285932,0.9682717428670117,1.6576314656843902,1.6221400076675463,0.9156139547845046,1.054765395422095,1.0367717644832721,1.0109972177937652,1.5770566222451712,1.4036601460448364,0.9983727018876429,1.61526991465837,0.8866914541182093,1.1139771259093276,0.821737540823118,1.766311079280421,1.0530612020645738,0.9891059443805519,0.7163310805808805,0.842813791412537,1.1271884716546043,1.6532787614936129,1.0016751570079567,1.152538203755655,1.1353486330583062,1.2207950318880096,1.1156341303420134,1.0088826929067796,1.2811947803912536,1.1415274564494358,1.0412094137261145,1.118972786799456
Costa Rica,1.1494266769368766,1.0771872245269063,1.3309087790441534,1.1690301981600124,1.686299993993281,1.2127340307018848,1.7270885159619493,1.6387875428608993,1.5190669168852655,1.493455194538603,0.9615399051714792,1.3152539485343993,1.30662729191086,1.1654751795713783,0.7927477489351286,1.5198117350027398,1.0,1.331516352526185,1.8083493308859986,1.6542140087499337,1.10368867583281,0.9231666103337831,1.4011322630073375,1.617215259977418,1.5194708170255984,1.796712637979454,1.6191263900363493,1.7799862394566466,0.9650340287579909,0.7045862735613889,0.6126820086834384,1.7332425957155335,1.5739784870119715,0.6925947833085018,0.4104048488511841,1.592142534506228,0.7916312967520117,1.7340336418224165,0.5899537491260223,0.5713743646999324,0.7672798381620729,1.6039796844188432,1.598233696154849,1.7123236054917887,1.7073668604477514,0.5445116706644209,1.8611209766302101,1.0932786409922404,1.7175011596321683,1.7663425341665664,1.852400938854492,0.6541607347759554,1.2970965490277275,1.739562786086457,1.7793603859326612,1.5957339934647239,1.4391851650343144,0.9772936992751701,1.0758129511026921,1.597180798376929,0.976554418321523,1.8091480870643004,1.635809933331699,1.784262731282662,0.952285128375458,1.641468028329452,1.3840599958589337,1.7488486990923469,1.5284408728938002,1.3203545085818815,0.5559128273451401,1.4995580196955784,1.7882623419427575,1.5197992680332906,1.1449151351221283,1.6339442440469865,1.7113904466391265,1.7556776187767795,1.8030288861055057,1.3872142313295934,1.0044928482515232
Croatia,1.4769388017448155,1.7468183965182242,1.4665463047036478,1.037034518621152,1.5447954489507185,1.4742207968392373,1.2486509745326033,1.5285224355417009,1.2459970602802757,1.1428927179395383,0.9266143784919488,1.6083571207895828,1.2668469520447294,1.5491947584383663,1.4065157029170359,0.9241158301320036,1.331516352526185,1.0,1.2597480597086772,1.206065863081907,1.729303696125052,1.2139214635509408,1.3477662313440457,1.3598270801812797,1.3305295211666912,1.1870555949452837,1.0303160888694476,1.320072392235061,1.6119616053704173,1.4497476825788047,1.2996418009766673,1.4080465132403264,1.552770165560053,1.5270671115683698,1.426045974410658,1.2205461581414325,1.3038505475252362,1.203534383133611,1.4477804002683865,1.4381656030036827,1.6589721900620125,1.681862771337549,1.5345845992060143,1.2537237708772264,1.2751730457998491,1.4675899536042212,1.128784344540854,1.477827850260263,1.3527447847455152,1.2625467149102472,1.2340288452740145,1.4615827787401827,1.527560959097478,1.216569939708022,1.0165976188512138,1.2428455262784441,1.399877412649219,1.7693118248294615,1.5480475193345382,1.4221704596297777,1.0586617396324292,1.1421020544110838,1.1128775966817421,1.174120645109052,1.379154688241589,1.54427308142828,1.1427841034545279,1.0878715221606161,1.2487148237862755,0.867195074299963,1.3538636926249363,1.1841114259785641,1.5194477820956407,1.6523835343383948,1.5403001726686598,1.3014505344870504,1.1950090394735438,1.33430726281288,1.3917672675919588,1.4566807867148965,1.430143652609577
Czech Republic,1.3711145153278923,1.8959050661752,1.4383411204717502,1.6949387229646058,0.7127904666008522,1.6123728683712661,0.5102336545347776,0.6980490174006531,1.343416383808179,0.648329898088679,1.3406118084587981,1.3141236053925511,1.6372359911496681,1.3865077690362058,1.531474412218342,0.8153180234877989,1.8083493308859986,1.2597480597086772,1.0,0.5345865261125591,1.4634760900394772,1.4701613797809872,0.8640307207249561,0.7170299743781761,0.701273781132902,0.424303909805895,0.542168235562029,0.34851581370691576,1.867583271972156,1.7362986477153575,1.51985397145103,0.4924845756968213,0.8372708027179333,1.767000432955433,1.706539919686569,0.7165703369189748,1.4625698263721327,0.3615914566285014,1.5895565057886818,1.9380130401181555,1.6793695310900483,0.9646801830105398,0.7591481396472002,0.45184933994741344,0.4773552979004778,1.9130558918580585,0.5294579354124317,1.7168003906996874,0.5468135242511633,1.004763373641999,0.3941348506677237,1.7864245377310428,1.7099281254699072,0.47585537184546206,0.8503134399456552,1.0857748311354518,0.9692593949366369,1.570026568033648,1.3682260112549238,0.7465858886491162,1.8213067724931777,0.41631584641279507,0.7891289929282679,0.3497118235117118,1.9245849121790015,0.95917878979561,0.9599100644042058,0.3449802254883565,0.8007759453870429,1.1306915577504548,1.863823256303771,0.8501831340358905,0.6148780823227707,0.9490489275319582,1.2264757156266042,0.7808446106102227,0.6011988236367951,0.9515275415215336,0.6443595882583283,0.8614826649210648,1.312151813387439
Denmark,1.089476380403354,1.8354319141513882,1.204231955075941,1.8047176953871042,0.5629231569021554,1.5433359557046276,0.4352650279147972,0.6339152275312914,1.3534092848398906,0.3951346190675894,1.3231168051188857,1.1196472548849123,1.671239679949198,1.1784260874487489,1.4641748164975328,0.7934091275127743,1.6542140087499337,1.206065863081907,0.5345865261125591,1.0,1.2925980255725802,1.2155857054930839,0.5914345162693407,0.8552514531102111,0.4014555019489303,0.5180758029833602,0.4018749704727728,0.35937007745560257,1.8975131754761907,1.6358023644123465,1.3507162414971363,0.41168479067255853,0.6748625817169193,1.691479310920912,1.5733205323236494,0.5019985831741682,1.157002142643635,0.37147577800506015,1.467092474419482,1.8702740987110635,1.594905408168418,0.8490810227673038,0.5710030785491681,0.7060640740750618,0.46050396370929025,1.8657959182549226,0.7135627543366843,1.6431391258441255,0.3526298491903826,1.0405922875213738,0.6321898252426303,1.6435624587191353,1.5955897550132272,0.3374895982698456,0.9652975148847938,1.0669672405810489,0.6129308421882859,1.399287130842834,1.215196163186288,0.46137972111366155,1.8298943246535233,0.5207578161118153,0.7163497500851124,0.4975296641631453,1.886340153101662,0.8479814006247638,0.6567467340915044,0.4237466156357156,0.4982614981439393,1.1141918410876277,1.8049363463430843,0.5030644395686472,0.5902178859619064,0.8108317178519031,1.1306913918516637,0.4850025165986318,0.6017902324568366,1.1534642448040908,0.6539521098930144,0.7066825134560938,1.131552168327122
Ecuador,0.8815604234424476,1.225121897957713,1.3404447294796706,1.7494982087922595,1.0526690812766206,1.2445911170198805,1.3484322467101821,1.0265847086557685,1.3798556574982326,1.2317017785952695,1.3996340801404166,0.664878964889821,1.6446771210303703,0.6200262899549384,0.9697399715097531,1.526647477525447,1.10368867583281,1.729303696125052,1.4634760900394772,1.2925980255725802,1.0,1.16085455125522,0.9334378308766037,1.191481068914997,1.0951131371201743,1.4902606699887708,1.428450283584467,1.3511896910309646,1.3213998349801375,0.9461259230561012,0.875138914780756,1.2889053366404424,0.944642516216573,0.9982181191835734,0.9315573123296838,1.2494745125925755,0.8680750158824461,1.3508998996957138,0.8908846241815008,1.3376487408660067,0.655919078357632,0.8429920681683433,1.023767310484157,1.3461812550283196,1.246689332173046,1.2730568669967355,1.6803048848091247,1.1253500648586656,1.2462646457283844,1.6386984850957549,1.5393431272633915,1.0608790972625812,1.2403025945036321,1.3967615940191682,1.8044928784468746,1.4966308539355757,1.0040733131237565,0.3462423391958639,0.7327165409519562,1.0664542343219787,1.6556735180576625,1.5445235853894383,1.4638590847819646,1.449405325927795,1.470340614358493,1.283260843401081,1.0750592781182606,1.4807429059804724,1.1554888264652732,1.518109154299843,1.3213652438622183,1.2800438828156797,1.2405290267848257,0.7968844406755947,0.6733733120054061,1.1553765300347658,1.3254248140545997,1.617830627572531,1.3306762464476611,0.8500601530265455,0.8786595219601235
"Egypt, Arab Rep.",0.8682757652548949,1.4191832110099356,1.2011328132670689,1.4683541452656623,1.3696694639196865,1.4034945819866291,1.377177300995555,1.3436348664145812,1.629780819085014,1.04981986098408,1.120392614070853,1.347626178578756,1.6843451073803626,1.1519720688608308,0.9052052564829056,1.289066125947029,0.9231666103337831,1.2139214635509408,1.4701613797809872,1.2155857054930839,1.16085455125522,1.0,1.0839524708878723,1.5597701140526836,1.091275310134377,1.4889720806745395,1.1431007063566214,1.3842332957684138,1.499599459951071,1.0981232131057417,0.8513564391846178,1.375399905388538,1.146744994456075,1.2520371191274082,0.9628168452863676,1.2567545446180837,0.6172303218654597,1.347622200955708,0.8519522986416791,1.2724473079254641,1.1884506575568303,1.308037448348322,1.2082759844783924,1.4853295636973212,1.353454505724341,1.2726349894810525,1.4861659644882026,1.3287949189678157,1.276684206340572,1.3986552884644552,1.5751279014752133,1.2074796181211906,1.3927073207585954,1.28179864260285,1.510944525968235,1.2515400016808387,0.9380636035608907,1.1237877648067054,0.967895753040177,1.1816743796215137,1.3661613299950373,1.3875218960907771,1.373079894237551,1.384621526907545,1.5097468424416056,1.2457095580392414,1.0090149475917125,1.3425565815512752,1.2292633680793752,1.3775443389923818,1.2958076421089086,1.043200024937585,1.4343669971133468,1.2317203623157176,1.1145753424381535,1.1746791005138482,1.3380914188174868,1.7037374444101132,1.4711795221149966,1.126928719335783,0.7683860881999185
El Salvador,0.8670071256948885,1.7060320395355522,1.2851198452400419,1.7732994988041983,0.6665754244137084,1.4020485270373275,0.7627496709164899,0.6345153451480043,1.3438896558220128,0.456265500660965,1.183036691918173,0.8826075730013918,1.7244142393811177,0.828488256402184,1.1449852775207943,0.9632654141756414,1.4011322630073375,1.3477662313440457,0.8640307207249561,0.5914345162693407,0.9334378308766037,1.0839524708878723,1.0,0.8131482438295261,0.4621122119779673,0.9219269727741398,0.7213021780257137,0.7375302173585918,1.751918490305904,1.3552641847385956,0.969825457926577,0.7014005534086352,0.6011495614796001,1.4643392967663178,1.2686348366030318,0.7042027876951191,0.851265917853894,0.6929504587985845,1.1489843683007614,1.7114564866891808,1.2545481605369126,0.7138832763390536,0.5441455105279296,0.8504155783917805,0.6639332357863822,1.6774444907428048,1.134166116700577,1.4624346687231902,0.6380101148159975,1.346495838431491,1.003014719556298,1.4429970813291537,1.500153107186262,0.7427566958367119,1.3109983880259313,1.0753345409256567,0.6391239782743574,1.0381044673111024,0.9442490252751349,0.4325470138695008,1.801671765390972,0.9100372032895374,0.9796331674562082,0.8189842040542196,1.7863532369529376,0.952787094310938,0.5458853498730049,0.8257824288299824,0.5431570222878318,1.1755595497056708,1.6245267763947098,0.7627840128010233,0.7962281455570716,0.5817036744622103,0.8052205487565023,0.6465613427238095,0.8075239135579946,1.2843427242148908,0.9503199198201369,0.35923209026300296,0.7934875567420854
Estonia,1.3378762789465113,1.8121458977816411,1.581616527318186,1.6101097120792616,0.7931423831146063,1.3371938748020704,0.751831954624278,0.8199588263656963,1.2172786182981523,0.8660564118398154,1.2294444888511382,1.1221559956509055,1.5528225590871696,1.1321521342918117,1.327664132622012,1.014959285466077,1.617215259977418,1.3598270801812797,0.7170299743781761,0.8552514531102111,1.191481068914997,1.5597701140526836,0.8131482438295261,1.0,0.8032349128003379,0.7932049915208514,0.9309657255355359,0.7534334152204357,1.6463556173843434,1.4803468228195198,1.26570199768092,0.8496374726539838,0.8825841359483155,1.5099948210196121,1.4367518201831733,0.8518094278933191,1.3756946355448045,0.7872863628473319,1.3902101434166731,1.7684141042470398,1.3522459048021012,0.8845283321709569,0.8996009071706399,0.41734733708600824,0.5668389969137364,1.71098440789464,1.0287687831830048,1.4286123253755394,0.8142848500643945,1.4721953086975923,0.7978945464571772,1.5721388516698545,1.6124654650158503,0.8889020386479097,1.295009139883208,1.3190434118997176,1.095401450475045,1.2967438818793888,1.1890299562387243,0.900129576647746,1.7278434641585279,0.9118911402101059,1.0370435029925151,0.7512547152433695,1.7759165297267052,1.329449991503348,0.9064019168369495,0.7913170839391692,0.9043947071429979,1.0915234564809064,1.6369760526137969,1.111768640002768,0.7906771066008697,0.8939085281670001,0.8994595879247962,0.9379504820666859,0.7306644972160039,0.9873190374721846,0.7866266488963797,0.7195170017981282,1.209903160805024
Finland,0.9949794864825721,1.7965807071002688,1.2719802344728632,1.8032636281427559,0.5845716988229684,1.4357537637912743,0.5311391165084173,0.6424165917654066,1.4602498818287972,0.44975625518099266,1.2796067079334799,1.099906735709444,1.7211461956098506,1.0504750361107833,1.2641309341156444,0.9539925868182403,1.5194708170255984,1.3305295211666912,0.701273781132902,0.4014555019489303,1.0951131371201743,1.091275310134377,0.4621122119779673,0.8032349128003379,1.0,0.7158044026247968,0.5584453698753962,0.49460584193329776,1.8059219685588526,1.5234289333653144,1.1735461538068634,0.5291958414871427,0.5015750364200472,1.566080626573851,1.3943875768498963,0.5071864764354127,1.0069906681208556,0.5987726507054695,1.2834948387680578,1.7973045896455433,1.4089151684763794,0.6968303408013715,0.506735317834671,0.7204017804786647,0.49399583520597223,1.7663660624381894,0.9047066990756695,1.5143383010383489,0.4210347835662726,1.2044741366622407,0.8378380272537329,1.532776305656455,1.5712902126415007,0.528529770575505,1.1929446105592905,1.2331656131729087,0.48164833852374733,1.1887405183535726,0.9108101973913604,0.4545637625858571,1.8058748032701382,0.7098939661240001,0.8394967597622663,0.6462933392922616,1.88393821487988,0.9827275350859217,0.6372345517875402,0.634175518572703,0.6620772375179359,1.1523247639665262,1.71576408004649,0.5299717527869632,0.5966108439427855,0.6694660219531606,0.8742913773056691,0.5239698373867768,0.6343083033329091,1.2108305324757962,0.6783345953989132,0.4303759290825389,0.9328444171227326
