Country Name,Albania,Angola,Australia,Azerbaijan,Bangladesh,Belarus,Belgium,Bolivia,Brazil,Bulgaria,Cambodia,Cameroon,Canada,Chile,China,Colombia,Costa Rica,Croatia,Czech Republic,Denmark,Ecuador,"Egypt, Arab Rep.",El Salvador,Estonia,Finland,France,Georgia,Germany,Ghana,Guatemala,Honduras,Hungary,India,Indonesia,Israel,Italy,Jamaica,Japan,Jordan,Kazakhstan,Kenya,"Korea, Rep.",Kyrgyz Republic,Latvia,Lithuania,Malaysia,Mexico,Mongolia,Morocco,Nepal,Netherlands,New Zealand,Nigeria,North Macedonia,Norway,Oman,Pakistan,Panama,Paraguay,Peru,Philippines,Poland,Portugal,Romania,Russian Federation,Saudi Arabia,Senegal,Slovak Republic,South Africa,Spain,Sri Lanka,Sweden,Switzerland,Tanzania,Thailand,Tunisia,Turkey,Ukraine,United Kingdom,United States,Uruguay
Albania,1.0,0.23804399625437297,0.06894753874907582,0.23341922591046674,0.10067644381014947,0.10869146378853842,0.06958806183883767,0.08722583259501013,0.11784599078810105,0.10595473603689126,0.07544493373999193,0.10328609363990286,0.06635398008950932,0.10941063941248727,0.10495054957457428,0.07934508384982826,0.08516444583677908,0.0651153489907234,0.07847893168765224,0.06563990944292049,0.10980169145094082,0.12906825531362418,0.07599178018108825,0.08567210913826465,0.0772527058102935,0.06152020923053712,0.07315982725386072,0.06910491935200697,0.17024066900257637,0.10057649127862278,0.10598910516675839,0.06859946859172855,0.1051429831201334,0.1315691887462701,0.0784298964646219,0.07126628545524386,0.1066030217745719,0.12378948333243706,0.08980864482621148,0.08985504105769174,0.10787551955306283,0.11983936705270402,0.1272253560851179,0.0892249702124987,0.09931027486974364,0.07583981083636357,0.07934861308043356,0.11725777932829581,0.08547430510102665,0.11723715768510114,0.07755986634391387,0.08281814216989018,0.27267138457187123,0.08842301658888166,0.05691747176741259,0.12507589576387668,0.12484331816373388,0.1109019250449725,0.09731603360330841,0.09838469775737496,0.08940813858754597,0.07099635307269093,0.0745750224051408,0.07648442058851587,0.06002321750049539,0.11533128797752878,0.08700792474008047,0.07590298017957986,0.10702393831295386,0.07321541106536618,0.1052703832950634,0.06254816320407457,0.06381158129169645,0.1148291318886448,0.10132991754969263,0.08231306889377034,0.08199763015250759,0.0912615672119017,0.06553472542702367,0.08388225265594842,0.13773878898388578
Angola,0.23804399625437297,1.0,0.2082722449532168,0.341376079135366,0.22811598847178935,0.2647176772961699,0.25710213330376386,0.26684905776602474,0.22806163095150783,0.27783603695134973,0.2672228843641686,0.2582916296665333,0.241274021373888,0.25722724126509355,0.2883744866014053,0.23766301549836708,0.27113644473083615,0.2540072153575037,0.25485783713051524,0.25455028557909803,0.27929827369777,0.25582773530312314,0.26269029429927165,0.2783784331842816,0.2660689730387712,0.2493585756173075,0.26571684053589073,0.25369417154860346,0.23839959141749242,0.24445890553469607,0.2836321415902141,0.24810255799299813,0.27418809297966934,0.24829737755983558,0.2782404086091789,0.2652996703285442,0.2681299608566825,0.28875392367111413,0.26657050225362516,0.24221559773496049,0.2593462823182798,0.2605677172279791,0.296998763453633,0.27555010595144563,0.28830789806700635,0.24817218012913927,0.2516263279302893,0.25884259268626836,0.26924459456798844,0.21804432721888362,0.25029790855733675,0.2462189109368122,0.2930124690518096,0.2760468556653223,0.23301654423668705,0.21849884825513705,0.2656437964278965,0.2706962159860846,0.2736975259363885,0.2639758455549149,0.24962725079513043,0.26396016826919805,0.2518343856219809,0.26635303059641036,0.23263882377064884,0.21815568490261353,0.25519191802898333,0.2638492261673903,0.2806998224376996,0.2629001609083154,0.2724810062768595,0.24305083874074102,0.23951867073313576,0.2721168285573114,0.2621312184216727,0.2489779116967367,0.26204871102811633,0.25111254536776734,0.24595880479344748,0.272949222611637,0.2789031915330648
Australia,0.06894753874907582,0.2082722449532168,1.0,0.23087427841441857,0.09144032392265096,0.12118604496863879,0.07741037271475483,0.10146695147955188,0.0970272579329506,0.11566054341092659,0.0770909510495346,0.11985478256205052,0.05578950195252272,0.11047669693369698,0.11984524924724312,0.0605409493419827,0.09143923613033235,0.06902557229835647,0.08094758900316426,0.06786641880687022,0.1271649876175303,0.1337646073741264,0.09094798944485794,0.09750254128024777,0.07912204296630118,0.06497356073437284,0.07164528946081915,0.07057986681839767,0.15583299919116975,0.11188850749412198,0.12059670361366422,0.06832987249278935,0.11342898726708296,0.12625065955334772,0.09638664285106961,0.08449913493488759,0.1085545269847965,0.1336800081694273,0.1103076176975819,0.08533457717705507,0.13035578549859092,0.12228816056362941,0.11929991432670956,0.10453617972954887,0.11040072005162954,0.07917037213376,0.06681286709949988,0.13749323273370542,0.09923168588121736,0.08749967353910273,0.07424754362575925,0.07536525183033246,0.28665295565311755,0.10319534828270663,0.05905547170467448,0.12576983645764755,0.10045604518400404,0.12170850738069273,0.09396192782764316,0.1035445907050411,0.08286445979513742,0.07686629042657434,0.07507247224885119,0.09185555918199353,0.04995287136366647,0.10123596573845363,0.09187802378955987,0.08473881897732696,0.11118336186100129,0.08439670038499991,0.1149673995617528,0.057835535047160484,0.06824219544316885,0.13611407471307133,0.10140858994610727,0.08753003203134567,0.10071318032489665,0.08635576112288702,0.0619926697546822,0.09532532769420632,0.12349487725081605
Azerbaijan,0.23341922591046674,0.341376079135366,0.23087427841441857,1.0,0.28082131339204064,0.21098920212650493,0.2375791460223545,0.26659312639305294,0.24503087360823966,0.2617998135239137,0.21306757528585452,0.28425836557903505,0.2210254333591399,0.2561487226722731,0.20523478158956168,0.22369417530752475,0.23523190288872736,0.21236745072471727,0.2296061641473758,0.2445974877338978,0.28281162601558785,0.2602840736524562,0.23918854411805482,0.2295405284712609,0.24324380588941347,0.23307425908549698,0.2272092020883214,0.23736447279065687,0.23962583190914058,0.24356799542304386,0.23855757742601866,0.24029540284796544,0.25762314378609047,0.27182575233199796,0.22654386139714552,0.24304744192509165,0.26132658944490894,0.28351336756012746,0.24166421955133022,0.22346729438837942,0.25831540026672123,0.260936504158948,0.2779177502144363,0.23169283126203954,0.24780780770139513,0.20969407412331525,0.2072615119733278,0.23015773467354905,0.2536813420281375,0.254931651249823,0.2326377617532166,0.23791675852845787,0.39286682567129433,0.2407927768332261,0.2127951674661949,0.2151519714600791,0.2898209578484874,0.2746693463683666,0.23903312860533685,0.2570276398554918,0.19115035742843892,0.21522125485490173,0.2374633012133175,0.2234227811515035,0.2177506367191899,0.2624040470303232,0.2412456052467376,0.23327552391099063,0.2647622035775174,0.23391532267001855,0.2211047705103655,0.23893078390108702,0.23516217802790954,0.2862268965132682,0.2440839487822866,0.2526459814709618,0.23175315525336448,0.20405784921994172,0.22826059956105255,0.23890981477076112,0.23432597862894447
Bangladesh,0.10067644381014947,0.22811598847178935,0.09144032392265096,0.28082131339204064,1.0,0.13336706634787865,0.09400821283477233,0.09540893296804609,0.10372835697061705,0.11053508438611327,0.11669117831358043,0.10391908600586106,0.1034321866148254,0.10287273059608636,0.14015268592909988,0.08182875287318499,0.11040007589455288,0.10344126921696117,0.10356092156107208,0.07725289998321609,0.11538114860855217,0.1510231973029109,0.09844231848605148,0.1011881663522277,0.08960108966967682,0.08892141116427134,0.09497748580181128,0.08787721560906647,0.17106042551610273,0.12171493800491802,0.11693013262607628,0.09614992407855238,0.09238323665417465,0.11821628427673667,0.10900787940590159,0.1006818044492515,0.10961077006949986,0.11593506599977371,0.11461760315397573,0.14135275613194012,0.1088489602045635,0.10466615495029623,0.12993518757429975,0.10431395043687597,0.10035817881164648,0.12672332512158363,0.11365329190009979,0.13061648512529017,0.09831640736567321,0.14573548157372682,0.09373141143044275,0.09660290769428846,0.2807028071015896,0.10719894242839934,0.116799158708253,0.16300941938245606,0.10021039070807986,0.10710387016090138,0.11662240356405777,0.10175059630266674,0.13616195229844916,0.1130020939947208,0.10318832980396644,0.10708117379197912,0.11400376720203305,0.14520760543838682,0.0909952895680873,0.09990409496092138,0.11023842486236671,0.10369550173176609,0.12165648443320298,0.08789085017419976,0.09644729860325964,0.08958563131456843,0.09153476525405677,0.09842601750336638,0.10123226882541093,0.11824283564590474,0.09720748398367832,0.10160226460479771,0.131402009469869
Belarus,0.10869146378853842,0.2647176772961699,0.12118604496863879,0.21098920212650493,0.13336706634787865,1.0,0.09224132562219639,0.142727997833651,0.12484152603506363,0.1259850502715902,0.11604538372243843,0.13601839120955872,0.10063755720536728,0.12453087958730806,0.11650280176566345,0.11511571614206803,0.11104225993087037,0.10271939915025104,0.1069879889009394,0.10151110201451959,0.1354054764190772,0.15674256500628303,0.09704235089019737,0.09159939057197618,0.10130352961555517,0.09371991623652333,0.10580286304261195,0.0924979637750144,0.16295315005920524,0.12644197103850902,0.10570476922345044,0.09261944665569402,0.11216546605525704,0.14685988297302752,0.0969549398957106,0.09283001889878982,0.1272900399697085,0.1543716698860224,0.13264273253660458,0.13780990268036414,0.1230921000961635,0.10142829161630681,0.14619562772769243,0.09970715802457951,0.11078013540647715,0.10174033205382324,0.09138706146231433,0.10159730997875532,0.10239371118469594,0.15892346419341613,0.09870663720470853,0.09735122551105486,0.2997849333336969,0.08929168118022501,0.10225852997551063,0.1495683800621082,0.1608214772347916,0.11434949213873746,0.11413922597727134,0.1141579827091408,0.10450904331461239,0.0856352995390947,0.09602149328419976,0.08410459341114185,0.11050527847797856,0.1722941154108244,0.10523444213057816,0.10269412413474878,0.13358023539568775,0.09418003338285641,0.0822343974510966,0.09897221036403853,0.10534551958526467,0.12312497761739324,0.11618519688865357,0.10126592296127705,0.08394684287453381,0.07322149701528896,0.09665015902474097,0.09719920821070924,0.12196450329424934
Belgium,0.06958806183883767,0.25710213330376386,0.07741037271475483,0.2375791460223545,0.09400821283477233,0.09224132562219639,1.0,0.07446954721120762,0.09180390610774397,0.07302403649576718,0.06203491488060831,0.08080757749445819,0.05128974512129025,0.07028280827822622,0.08825895232478127,0.07531316146657084,0.052105228738292014,0.055275462453570325,0.05502119494512081,0.039074355778722536,0.07670313329745024,0.11706316038110968,0.04341009647705338,0.04733707459112078,0.028347690389733803,0.024387094714232747,0.05260827321561168,0.028682803801901288,0.15402332648085865,0.10294501084992837,0.06578828294226526,0.040510749534386666,0.07635338758001442,0.09145171485692359,0.05832845351960363,0.03400782749257726,0.07106045397882389,0.09131319121063405,0.0806938472361448,0.10874118231879949,0.08126500412720408,0.07859251536800889,0.10431841545662879,0.06398679222013992,0.056285886592440076,0.07497511585428854,0.06032316299408475,0.10616039307595716,0.04538727462953233,0.11062817665914702,0.05017620471215644,0.033544431893563834,0.3024397171795698,0.05136322398112036,0.06614583084194957,0.15020260219850676,0.09695475007037223,0.07174168535383085,0.05433228567407243,0.05460283851120539,0.07745044660407646,0.048836833177554495,0.028653860415455208,0.04481927199388451,0.061942312008025587,0.14402294985057984,0.06034847995685157,0.04919551494723879,0.07849797922439077,0.037071050958991124,0.0769812405978059,0.03108474514422972,0.05463554981994594,0.10537717742377892,0.05334457076993599,0.044741762996479674,0.05616429891142613,0.05942058625734259,0.04335352157081777,0.032943489120245514,0.09910267532281893
Bolivia,0.08722583259501013,0.26684905776602474,0.10146695147955188,0.26659312639305294,0.09540893296804609,0.142727997833651,0.07446954721120762,1.0,0.12260677494627119,0.09929309286327824,0.09615576791544757,0.08539163587916192,0.08758205534737888,0.08745154118407729,0.11303250823391107,0.09580883497644038,0.07942537894133171,0.0925155916955302,0.0849948517222124,0.07518923545315065,0.08184609222928461,0.13275727315711688,0.08394234499012805,0.09040007897389216,0.07589221244601176,0.07687235179479676,0.07816048962461102,0.08276086875170889,0.1722311908828298,0.1327794272317733,0.09783330341363132,0.08227119201085208,0.0879092576514175,0.11018583902927195,0.08881096477205574,0.08587365761480584,0.08623656075126232,0.08495031778977372,0.09234523905392703,0.13385361567999454,0.08911396722220853,0.09988630662033976,0.10800820015892001,0.1002208178170172,0.09596676235031118,0.10885002057479119,0.1086746835056291,0.13040362155142315,0.08026695540683736,0.13464468594480614,0.08967707451890909,0.08127459675101696,0.31574632379696926,0.08260425424521832,0.10512841578464364,0.1745083259882716,0.11103260505233228,0.09202157764068339,0.08963418371436715,0.0849962086776863,0.12656843375460947,0.09339004027900477,0.08124896551661494,0.09610516144467483,0.09463448992433617,0.13867189294799276,0.08704081095265503,0.09946450764697354,0.0906274255006574,0.08432709651400888,0.11048737884034394,0.07587633853094723,0.10209937698182951,0.1063853267796277,0.07937980669836457,0.09116912544357691,0.09170111500371683,0.10425592803788335,0.09085114374636265,0.07033340957256097,0.12218873323406163
Brazil,0.11784599078810105,0.22806163095150783,0.0970272579329506,0.24503087360823966,0.10372835697061705,0.12484152603506363,0.09180390610774397,0.12260677494627119,1.0,0.1040809972512182,0.10002875126124695,0.08960693442936055,0.09223849031935326,0.08611246730120206,0.12844501542350187,0.0929819978522346,0.10965200202528186,0.084478704474494,0.0994613608118178,0.08399506855690872,0.10508330396019502,0.14559477369619117,0.08538355485845003,0.10077336757051995,0.09836912285502634,0.08726146491149181,0.09553019012907552,0.08990994477676346,0.16766942251078842,0.09407110308005401,0.09847953624842617,0.09719462737772766,0.12139267603736723,0.10001367173633333,0.11239730092691247,0.0940032099972,0.10804719814702984,0.10742073564516952,0.12744445355047032,0.1357442875547387,0.1224555340397883,0.1149158424679199,0.14082427955077764,0.10958064273304279,0.09761108351869499,0.11492697452073533,0.10640584780848758,0.13176271166144093,0.10777275349606368,0.10796731536934355,0.0876361431058031,0.07761302785008518,0.29827311248638233,0.10678644598306532,0.10394995303095383,0.1372141644696478,0.11958617417348914,0.11341197859832707,0.1081682244371928,0.090175733116183,0.10056844177817138,0.1034570501011579,0.08455035604286032,0.09244601952722563,0.08934492058238384,0.15044699445017454,0.07798834614353599,0.0897187273023068,0.09554744806368969,0.09376246967547051,0.12182871392132612,0.08698877896483333,0.10546252946516685,0.13265229257129885,0.09833460197884329,0.07532576949369327,0.09897916838110288,0.10817462380531076,0.09662061962205715,0.1000491904232744,0.11936706336323667
Bulgaria,0.10595473603689126,0.27783603695134973,0.11566054341092659,0.2617998135239137,0.11053508438611327,0.1259850502715902,0.07302403649576718,0.09929309286327824,0.1040809972512182,1.0,0.08044662509783163,0.08995832637250586,0.10427306756039202,0.08911453456437518,0.1011207624376962,0.10084732420651481,0.07204742121127242,0.08279710864292426,0.07871651431791106,0.06640671141383121,0.09477603119845478,0.11149603062194595,0.05592579091578667,0.07961752567398292,0.06950997221907942,0.07872326152509682,0.07068096958845586,0.07504975594536666,0.1872195856887598,0.1083435098601163,0.053597528839753404,0.07941859472472085,0.09775591898545234,0.10311660544888848,0.07975179602987685,0.07671060324325732,0.07240993681557296,0.0664870163085971,0.07835764613529167,0.13698868754915947,0.10518947028290819,0.10723923562421225,0.10103321514312272,0.087842687222112,0.07642505185291282,0.1111997704356509,0.10757826514952655,0.14247296325168546,0.0724498807427139,0.13893771383151118,0.08503390466989692,0.08226796055700708,0.32134355411918464,0.07353055865277469,0.10737144876177658,0.1515605727082426,0.11030920644327248,0.08946034546516438,0.10144956453972208,0.06619193309253267,0.12333798524962197,0.0862902895149523,0.07510436207681348,0.07376922192043397,0.10877640208959644,0.157598475109474,0.06382154396232793,0.06987917758953868,0.07501456338533252,0.06808830201558572,0.10014516434838341,0.0799478489256633,0.10221051776180592,0.10305139201882567,0.08474403649325406,0.06792195766733027,0.089023964938208,0.106255510378597,0.1029863934166607,0.06587658781789502,0.08908434239557256
Cambodia,0.07544493373999193,0.2672228843641686,0.0770909510495346,0.21306757528585452,0.11669117831358043,0.11604538372243843,0.06203491488060831,0.09615576791544757,0.10002875126124695,0.08044662509783163,1.0,0.11110498185425068,0.05885745184849332,0.10675350589125475,0.07180384116317923,0.07069848258052802,0.06645580168579139,0.052262135602776864,0.05429954425979003,0.05766067400899235,0.10474199261557529,0.13127447308240683,0.06008179250292244,0.06035422812276285,0.0594664482903159,0.0525559696843295,0.05133628216070419,0.05521016065500653,0.1736904202860822,0.09802337016932962,0.07973967250340486,0.058546516433493546,0.10621793958068908,0.11613713884346233,0.06159081463916054,0.060738744262253765,0.09639275820444561,0.10352134974507599,0.07643043656035664,0.09322642302358329,0.11464467986581182,0.12327115895990631,0.10517052452634289,0.06782426240170561,0.07549403288113889,0.058145121812968006,0.06827638754158495,0.13954085802798663,0.08983287764217548,0.10596521078111479,0.061470169953668614,0.06726567070780637,0.3150102715010139,0.08743812090892508,0.06259630318664978,0.13042352637766974,0.11147070031567519,0.10927212210565096,0.07439247435736686,0.09082735744505364,0.073336669304381,0.058876184467893306,0.057859505523444356,0.06349072664859312,0.061855634827944685,0.12936864061692233,0.08133359130626892,0.05041168265086162,0.08960161873211044,0.052507332796028185,0.09168654584974115,0.05987359400897272,0.06859796231042524,0.12634937211429467,0.08368272984667019,0.08119522732028718,0.08109383023852214,0.08270662050237837,0.06226967758551143,0.06288804239954485,0.10459424991591021
Cameroon,0.10328609363990286,0.2582916296665333,0.11985478256205052,0.28425836557903505,0.10391908600586106,0.13601839120955872,0.08080757749445819,0.08539163587916192,0.08960693442936055,0.08995832637250586,0.11110498185425068,1.0,0.10196630320539204,0.06506066782202125,0.13578119349076176,0.11329988816537075,0.09655751935327656,0.09844143986988399,0.10319717002415808,0.08144234879549,0.06954941424032132,0.14295926844545723,0.08082293675840842,0.09515168951242621,0.09266793209569443,0.0881253561364205,0.10362471372347128,0.09405289820458486,0.17986680978067116,0.10377784413037484,0.0864638732709656,0.09794611013108688,0.10591560181828186,0.0875629420395763,0.09982855490265592,0.0887620160036226,0.09087631149176519,0.08936184258471304,0.10798317181886254,0.1400405106291599,0.08799086945284813,0.10273811041911315,0.133227828013063,0.11058141033500347,0.09098641271700482,0.12605850941902913,0.1276865778353183,0.1278225274360598,0.07986920122873593,0.142467160898718,0.10228819137418993,0.07822079108669909,0.3075503074960151,0.08897923826095781,0.11506055433000627,0.1711412129816089,0.12507613879654536,0.08000329782143552,0.11288353994570911,0.07122826901997227,0.13088558591929816,0.1143005626624848,0.08556261700292622,0.09463289073724221,0.1037022796065198,0.16541690302360912,0.07873858749439062,0.09336132934741585,0.06967400521458289,0.09031631120465308,0.11832928073145463,0.08708180003537688,0.10916800353323447,0.10954201705528595,0.08698412577751372,0.07053307151040979,0.10199982215032881,0.12027537762688319,0.10437112191700086,0.08584779723144743,0.13049449565710358
Canada,0.06635398008950932,0.241274021373888,0.05578950195252272,0.2210254333591399,0.1034321866148254,0.10063755720536728,0.05128974512129025,0.08758205534737888,0.09223849031935326,0.10427306756039202,0.05885745184849332,0.10196630320539204,1.0,0.0990466768536027,0.1050642608526769,0.06918730203552756,0.07377338731295725,0.05522662468601385,0.061181420594933256,0.052171869043880284,0.103442985634473,0.13155347682542104,0.07018210184333407,0.07181060578525023,0.060169850049082554,0.03575606649082948,0.06138161004539459,0.050484464503906215,0.14392614851542282,0.11390237481353471,0.09493767739005911,0.04928434878817775,0.10556621861436512,0.10809796565891766,0.07058824247858196,0.05406187439927187,0.10247421254797309,0.11975562067622622,0.0956178303236451,0.0823821231627205,0.1097349342141692,0.11125215291863089,0.11760597863827515,0.08265301914505913,0.08787710379734864,0.051709069316265045,0.04787820216350431,0.12341236990068262,0.08481704503896124,0.09349131221447599,0.044512489658693394,0.04577696197004851,0.3088924665181059,0.07596069322937322,0.041593761166371576,0.13262794600847744,0.11562292525877046,0.10247877466042962,0.07028737787397521,0.08762259847443075,0.06603613848875978,0.05943759960059657,0.043686059922633046,0.0712249242064098,0.03856148120077389,0.11615246668129363,0.07870031940630937,0.0687456958163977,0.09631858859017756,0.050615608668266136,0.08352968763283987,0.039140817190831886,0.06093170220977604,0.1321850696179604,0.08316793731774119,0.0766321334969597,0.07949829464756919,0.06009269559266414,0.048392717179219565,0.0674700420565661,0.12167510803485104
Chile,0.10941063941248727,0.25722724126509355,0.11047669693369698,0.2561487226722731,0.10287273059608636,0.12453087958730806,0.07028280827822622,0.08745154118407729,0.08611246730120206,0.08911453456437518,0.10675350589125475,0.06506066782202125,0.0990466768536027,1.0,0.11796377369826104,0.10181814790274522,0.07379634100781494,0.08775315942080117,0.10675338296274257,0.0803811139463142,0.08081068069711599,0.1258869433559293,0.07157699759173063,0.08833672069657375,0.07715399742486664,0.08545460234521184,0.09193402304841182,0.08771342452581803,0.1592595582103236,0.115936056642163,0.07052776845754297,0.09857393146137947,0.08871018372104404,0.08601366827563144,0.0933730689595278,0.09018381797860626,0.06519145509767327,0.09664532432518667,0.1062119623781346,0.14123874314268284,0.0811154778105137,0.07453969155388479,0.12671175965268466,0.11217246008180567,0.08215150152824292,0.1261149144489053,0.11345306632774152,0.10601933630785264,0.064888587958388,0.1452333952331209,0.10006215962498896,0.06749123468188094,0.3070011194885396,0.08078410134679165,0.11560473458719457,0.17221667430332846,0.10681296726552952,0.06834472305510542,0.09195249104114053,0.04301191295539077,0.11626843393518874,0.10090467677322598,0.08380269695434292,0.08893522722245437,0.09658629342774783,0.17486050472875736,0.06526843994893072,0.09699501930101083,0.07549684080519854,0.0916567631957788,0.10719948771322561,0.08232901460662496,0.1017844786898383,0.11278207334804771,0.06254934629035874,0.06579145990731407,0.09700953582084103,0.09721041766628978,0.09684000079943297,0.07258313006727832,0.09811341493584434
China,0.10495054957457428,0.2883744866014053,0.11984524924724312,0.20523478158956168,0.14015268592909988,0.11650280176566345,0.08825895232478127,0.11303250823391107,0.12844501542350187,0.1011207624376962,0.07180384116317923,0.13578119349076176,0.1050642608526769,0.11796377369826104,1.0,0.10682760445524685,0.08262598004278668,0.09372902582306475,0.08209016968478758,0.09891869375482186,0.10707192403123425,0.13653083699908877,0.08149916339937234,0.07774705945579502,0.08222502246256147,0.09050582901881901,0.08227790188115662,0.08483556547015014,0.17704473556863323,0.10774455724232052,0.08168040793139286,0.09135753052242905,0.10065687155378741,0.12869080793693308,0.07285766260863649,0.08777384267552563,0.10851462785882718,0.11732365783672341,0.081672532808579,0.13215562404694464,0.1055121317397464,0.11648447893017136,0.12476565281997895,0.0763526617252862,0.0919388909938233,0.08765501042106863,0.09990808719785221,0.12874005164436572,0.10405302765095453,0.13777919332081165,0.09907311502233408,0.09624913744443092,0.31400180750960843,0.1036059731782701,0.10659021966240917,0.16203920487923582,0.13419411892187613,0.10910432877973154,0.0773312536102403,0.10843990398035007,0.0925858701466462,0.08001715147807088,0.09122486903138181,0.07637846890623506,0.10398376897912988,0.16835469023059443,0.10453875925304053,0.0875471471051581,0.12710495940214506,0.08553651775748197,0.10187286546307671,0.09437053536188635,0.10190147544974741,0.11881203944517903,0.08780193709049149,0.10099948046352758,0.08457833058972467,0.09838441091061434,0.0923249996801734,0.07109587419716148,0.09738492680481659
Colombia,0.07934508384982826,0.23766301549836708,0.0605409493419827,0.22369417530752475,0.08182875287318499,0.11511571614206803,0.07531316146657084,0.09580883497644038,0.0929819978522346,0.10084732420651481,0.07069848258052802,0.11329988816537075,0.06918730203552756,0.10181814790274522,0.10682760445524685,1.0,0.08517597130816185,0.05576808224170075,0.07572002122140084,0.06081732944512043,0.12603517336680767,0.14371501442426018,0.08029484546492599,0.08325709797886825,0.07697883249532415,0.06365705725463867,0.057940177407563,0.06487880683684558,0.16266808895532794,0.09998461324469607,0.10367880952993141,0.07100725104397,0.11127270720885121,0.13146633647008996,0.09156099001630122,0.07694874238539202,0.10082150328005184,0.1168934625729748,0.1076837384720043,0.11748960223099633,0.11383891687863963,0.12146431113321259,0.12793019672358763,0.08431611902337116,0.09028316911492394,0.09440202278691742,0.07447964030286383,0.14014094600077825,0.10144627367978423,0.11646977521386638,0.06930591123352434,0.07591437787502457,0.2818100143799812,0.09782641104633745,0.07319688697859143,0.135691378242792,0.10270260348540991,0.12350771396363097,0.09276631798877427,0.09472872639782298,0.08742622807381768,0.07583289147310807,0.07690346782186186,0.07583007850188178,0.07375652224308699,0.1177532628319252,0.09083799505019538,0.06877662912373805,0.10122623523632633,0.07648091771092333,0.10285002058638876,0.06352818889028712,0.0845582093779348,0.11727355510283725,0.08971499882279096,0.09394588691081444,0.08966265864825398,0.08312014651194918,0.07072927348551368,0.08561508862908701,0.1120263580047817
Costa Rica,0.08516444583677908,0.27113644473083615,0.09143923613033235,0.23523190288872736,0.11040007589455288,0.11104225993087037,0.052105228738292014,0.07942537894133171,0.10965200202528186,0.07204742121127242,0.06645580168579139,0.09655751935327656,0.07377338731295725,0.07379634100781494,0.08262598004278668,0.08517597130816185,1.0,0.06294663166918595,0.08293578788810255,0.059170170506594004,0.08904239907945145,0.10675070046870003,0.055432252284291994,0.07142334308570147,0.04545753562173258,0.06257988487149127,0.05639611392643952,0.06608037546065591,0.1659411443115955,0.11847560658413812,0.05631606687838913,0.06897639278346286,0.0875805985347259,0.09794815014781955,0.05334714449350098,0.06508042846258981,0.050744204183618156,0.09468783894072103,0.07371186069339576,0.10692529164794085,0.09111704624504877,0.09532738862013321,0.10252113679989915,0.09153315033172743,0.07983406783672613,0.0825249712349721,0.08629658694101794,0.11337047206741421,0.062131291982981694,0.13019106584938067,0.0810313147863427,0.05339733493642067,0.31449066042007084,0.06501925799720072,0.08996052170808612,0.16265970887311393,0.09710991992096905,0.07860835753145323,0.0661256977236983,0.06366521076807043,0.09071362261344673,0.06878372162286915,0.059187419599878055,0.07647402493252307,0.07862679460750938,0.15448660081002255,0.06550058291684116,0.07913127122119912,0.07906891934348291,0.057045606509505825,0.06799793094869844,0.056816683084100476,0.08643579933384234,0.11808385747917356,0.06518920611559051,0.06958034083343434,0.07957119981231989,0.07986577853058408,0.07716987267955705,0.047100681414248405,0.08395735710113106
Croatia,0.0651153489907234,0.2540072153575037,0.06902557229835647,0.21236745072471727,0.10344126921696117,0.10271939915025104,0.055275462453570325,0.0925155916955302,0.084478704474494,0.08279710864292426,0.052262135602776864,0.09844143986988399,0.05522662468601385,0.08775315942080117,0.09372902582306475,0.05576808224170075,0.06294663166918595,1.0,0.07150318226712883,0.04547806856891006,0.10597674519334482,0.11557458203342419,0.05972845186458992,0.07189099439413023,0.061873685758568484,0.048319334251289786,0.04298007056012149,0.056940297120132384,0.16621480749102885,0.0938079444572066,0.0804042142234068,0.06560253574844743,0.10353506387995272,0.1169918752104979,0.07152787564569038,0.058099395788078795,0.0830007183896863,0.10120246998362019,0.09363817929514776,0.10158218857314258,0.1093557656415694,0.11412794969820017,0.1210732546098875,0.07966675884773662,0.07376947500873474,0.07661948762816742,0.0647610814762654,0.11835479685718882,0.079990679869029,0.10905244192106245,0.060748699865365165,0.059928974760246605,0.2936367768663186,0.07305166205294848,0.06175585582376269,0.1258892478378241,0.10477776359658585,0.11103979883076692,0.08069259002967953,0.07926429395571902,0.0618062967106877,0.0552107814498011,0.05491909612289821,0.0585777647232624,0.05247420282553067,0.12955904979363791,0.060462463614754776,0.053954903369790405,0.0819295979711124,0.054536227845140124,0.08920962205763035,0.049475500833476925,0.07549690127220125,0.12869856845748748,0.08442805767701625,0.0654192073520667,0.0684436450747015,0.07759468796391501,0.059898384381360276,0.07030625193386023,0.10884598477479107
Czech Republic,0.07847893168765224,0.25485783713051524,0.08094758900316426,0.2296061641473758,0.10356092156107208,0.1069879889009394,0.05502119494512081,0.0849948517222124,0.0994613608118178,0.07871651431791106,0.05429954425979003,0.10319717002415808,0.061181420594933256,0.10675338296274257,0.08209016968478758,0.07572002122140084,0.08293578788810255,0.07150318226712883,1.0,0.05990697269946118,0.09942354501539252,0.13369999749399158,0.06513170536032654,0.05720745035892727,0.060840185168621025,0.04331440172419897,0.05681756428511456,0.04361030063418525,0.15113184711796634,0.09752879227740864,0.08407905230873777,0.04413346593792174,0.09799183811716852,0.10594299622384488,0.06689623640561182,0.05355664216489614,0.10702534808896212,0.09821087992728844,0.07549007628228101,0.107313945170426,0.10041647658768332,0.1099561306261329,0.11002768714872098,0.049574624530152336,0.07889641838289763,0.06832205986458892,0.06183588884528158,0.13613918265871666,0.0816884508425105,0.10083637993801807,0.04535422995257634,0.06628195051335688,0.3113705375962191,0.07518397416610179,0.06118338202496503,0.13854025787852386,0.12152845869934624,0.10046272477680243,0.07588392799993962,0.08953004921195519,0.08588532516423625,0.05720290834910526,0.05066050173887637,0.04771834051441431,0.07393659895720575,0.1257548451392449,0.08257395737638873,0.050903468026977094,0.1039578335617444,0.044758776095086585,0.09373294502195306,0.0526263591499106,0.07290350888267354,0.10938398768351193,0.07699260267416068,0.07477621147461411,0.07389005139380095,0.07100358018517931,0.0648887070388925,0.0561446431639852,0.10929625808082857
Denmark,0.06563990944292049,0.25455028557909803,0.06786641880687022,0.2445974877338978,0.07725289998321609,0.10151110201451959,0.039074355778722536,0.07518923545315065,0.08399506855690872,0.06640671141383121,0.05766067400899235,0.08144234879549,0.052171869043880284,0.0803811139463142,0.09891869375482186,0.06081732944512043,0.059170170506594004,0.04547806856891006,0.05990697269946118,1.0,0.08505784972681579,0.11558712931402192,0.04489994670973118,0.06009141232411049,0.036301832311268066,0.032112330415963564,0.03674680604538352,0.0350825508501226,0.16670636533443414,0.10070909564948047,0.071299344940042,0.04381294081920367,0.07831219114194794,0.10299844608334187,0.06103712344851999,0.04076011864067939,0.07353320507793797,0.08651966363056765,0.08378505181486035,0.10513667833461506,0.1002855076061443,0.09370046606178214,0.09320878047010633,0.0715753214549449,0.058499548954050566,0.07774365704462556,0.06392898894524081,0.12105649471521143,0.05934414114239854,0.10916824376120882,0.045727021230135445,0.04601722337936433,0.302796519546415,0.05489622267691463,0.0665718523097881,0.1358807233783373,0.0864599131065505,0.08416687182332011,0.07047477982482746,0.06127868156751069,0.08791091851019574,0.054928772321528326,0.04153214944814338,0.05639862883208999,0.06435475682274318,0.12408005321519963,0.050401298365965456,0.04615414853772783,0.06528343887756967,0.044764970853066924,0.08500733581747857,0.031825867907391794,0.0619177383177539,0.10070070963558839,0.06969958184246966,0.05239337405654198,0.06394598899709579,0.07705652243718669,0.053415956872173154,0.05122838264506108,0.10029990244210354
Ecuador,0.10980169145094082,0.27929827369777,0.1271649876175303,0.28281162601558785,0.11538114860855217,0.1354054764190772,0.07670313329745024,0.08184609222928461,0.10508330396019502,0.09477603119845478,0.10474199261557529,0.06954941424032132,0.103442985634473,0.08081068069711599,0.10707192403123425,0.12603517336680767,0.08904239907945145,0.10597674519334482,0.09942354501539252,0.08505784972681579,1.0,0.13162771846655766,0.07537408736728181,0.08669053652222662,0.0773227816161645,0.08554061906188386,0.09954098076283388,0.08508184033131184,0.1827749915277183,0.11451817144424838,0.08096896356720476,0.09217405396467035,0.08592915551479442,0.08887838713151289,0.0906631011430562,0.07711059054667868,0.08916944304438774,0.08192588707989168,0.09916238489464255,0.14839549304010952,0.08378876529175916,0.08737646632822016,0.1157460721360155,0.09711026290940794,0.076002286522247,0.11250079709960303,0.12471453922499702,0.12457006397901448,0.08337559416054016,0.13372400629200354,0.096503193662562,0.07628435189683416,0.3171079866896685,0.09158608939953743,0.12342103697632202,0.18227349805824913,0.11114606465861038,0.06018519650370282,0.07855076800732654,0.07874757219384178,0.12384668639640643,0.10529697867050333,0.07922520421686707,0.09291208841733473,0.1056840893585026,0.17214423508614943,0.08288058999610613,0.09626636310249295,0.09228575966809009,0.08640717041527379,0.1171904070589037,0.08628853996794603,0.10330798439848317,0.10419407743074545,0.07564148427046567,0.06953974581514996,0.0837801956126721,0.11943480991685028,0.09389230830637553,0.06775799786187724,0.12409354315313723
"Egypt, Arab Rep.",0.12906825531362418,0.25582773530312314,0.1337646073741264,0.2602840736524562,0.1510231973029109,0.15674256500628303,0.11706316038110968,0.13275727315711688,0.14559477369619117,0.11149603062194595,0.13127447308240683,0.14295926844545723,0.13155347682542104,0.1258869433559293,0.13653083699908877,0.14371501442426018,0.10675070046870003,0.11557458203342419,0.13369999749399158,0.11558712931402192,0.13162771846655766,1.0,0.11844151750997615,0.14813594041982922,0.11524338054620625,0.12186887624144767,0.11679217843678866,0.12440290228969639,0.18358188198912356,0.1555781826634428,0.11638920356955541,0.12704895154075985,0.12218097221061501,0.1259278339011475,0.12645588112827721,0.1255538877439685,0.10366325541702319,0.13146927324877467,0.11100216478822436,0.15301264885668747,0.13439861776933137,0.13087592988476163,0.15039365920772935,0.14861879532647612,0.13568114411122414,0.12816895737506812,0.13446821276773344,0.1462126530625877,0.1186125578128282,0.14292108534999107,0.12829177502090208,0.1149529492833431,0.3388866485545667,0.11351351177308798,0.13466300344804025,0.1565278868173537,0.13373443490939024,0.129561949240372,0.12812724505823306,0.11762452417222215,0.13502023512862246,0.1264270292840637,0.1148475625340399,0.1315011314958963,0.13064517862667432,0.1639343323188749,0.0983520143682327,0.13075130838982377,0.13591291085273036,0.1229365475911836,0.13583991972119752,0.11242296180546021,0.13385544507144523,0.16552774834594375,0.12249220869072018,0.10720728796070186,0.11844760323997301,0.1394273034635829,0.13096439701572335,0.1202642423161285,0.12727932657387273
El Salvador,0.07599178018108825,0.26269029429927165,0.09094798944485794,0.23918854411805482,0.09844231848605148,0.09704235089019737,0.04341009647705338,0.08394234499012805,0.08538355485845003,0.05592579091578667,0.06008179250292244,0.08082293675840842,0.07018210184333407,0.07157699759173063,0.08149916339937234,0.08029484546492599,0.055432252284291994,0.05972845186458992,0.06513170536032654,0.04489994670973118,0.07537408736728181,0.11844151750997615,1.0,0.055402411404383116,0.04414666170103893,0.047425058785466725,0.053978223765287915,0.044029342215554906,0.17055507925002764,0.10043014369330684,0.04642759863607444,0.05101452555691612,0.08543210266791823,0.10190405594477887,0.06196244211911346,0.044961313690668386,0.06785835267544042,0.07794529272481482,0.07988403057079545,0.11809927513495944,0.08914833860925472,0.0868020206485251,0.09899007177002785,0.07246417757130875,0.060576300798480726,0.08347130617240495,0.0770239565732195,0.1132366050772969,0.05955920091891392,0.11833093049966441,0.056578863276821226,0.05284641469397606,0.2979432957178608,0.05883299392910536,0.0757233332298485,0.13512310069967293,0.10625284779033024,0.07237208962696316,0.06794237965135072,0.04451952057038271,0.09308887173297821,0.05365256455438753,0.04587771110110746,0.0509364139298622,0.07266767763227011,0.13986905685019133,0.055299656659721384,0.05722167502713814,0.07162369851822097,0.04442549397735895,0.0800792041799697,0.05392239814972887,0.06751367853671918,0.0902382606063252,0.06968447566079497,0.051896580557403094,0.062399423154796164,0.07138931943075055,0.06951951595971147,0.03741487068960813,0.09420827093328801
Estonia,0.08567210913826465,0.2783784331842816,0.09750254128024777,0.2295405284712609,0.1011881663522277,0.09159939057197618,0.04733707459112078,0.09040007897389216,0.10077336757051995,0.07961752567398292,0.06035422812276285,0.09515168951242621,0.07181060578525023,0.08833672069657375,0.07774705945579502,0.08325709797886825,0.07142334308570147,0.07189099439413023,0.05720745035892727,0.06009141232411049,0.08669053652222662,0.14813594041982922,0.055402411404383116,1.0,0.05028410637779847,0.05060222493084427,0.06574857672539099,0.047950203838894874,0.16119813212460504,0.09662289458019298,0.06733253472659503,0.061368292239124426,0.08263931421610055,0.10583836621537442,0.05300052696015901,0.05305361802285754,0.09573853242552167,0.10098782582859808,0.08211607096031853,0.11642292411835067,0.0886412905657219,0.0908248453534715,0.1065168825422556,0.04123068654158082,0.047996488727853025,0.08217242188732615,0.0778180708088983,0.11617565817654557,0.06642463724442203,0.1363737303628205,0.06220663844302555,0.0647114994490628,0.30901483746947794,0.07299436990696598,0.08604346086326733,0.15757146391888902,0.11542512032892345,0.07939210114575307,0.07072394673141041,0.07794732342173377,0.09062485958239234,0.06421562782598426,0.06167243427275746,0.046614680388909965,0.08220773135126576,0.1618317800716703,0.07494744074145757,0.05197236828919723,0.08974902389425594,0.051312728275368376,0.08136755293489437,0.0652134844089762,0.06847789159922868,0.09739621158023053,0.060912248029976995,0.07066786741527845,0.0671381268427115,0.07151226284441281,0.06168111618407048,0.044342273871377895,0.10233007880228012
