Country Name,Albania,Angola,Australia,Austria,Azerbaijan,Bangladesh,Belarus,Belgium,Bolivia,Brazil,Bulgaria,Burkina Faso,Cambodia,Cameroon,Canada,Chad,Chile,China,Colombia,Costa Rica,Croatia,Czech Republic,Denmark,Dominican Republic,Ecuador,"Egypt, Arab Rep.",El Salvador,Estonia,Finland,France,Germany,Ghana,Greece,Guatemala,Honduras,Hungary,India,Indonesia,"Iran, Islamic Rep.",Ireland,Israel,Italy,Jamaica,Japan,Jordan,Kazakhstan,Kenya,"Korea, Rep.",Kuwait,Kyrgyz Republic,Latvia,Lithuania,Madagascar,Mali,Mexico,Moldova,Mongolia,Morocco,Nepal,Netherlands,New Zealand,Nicaragua,Nigeria,North Macedonia,Norway,Oman,Pakistan,Panama,Paraguay,Peru,Philippines,Poland,Portugal,Romania,Russian Federation,Rwanda,Saudi Arabia,Senegal,Singapore,Slovak Republic,South Africa,Spain,Sri Lanka,Sweden,Switzerland,Tanzania,Thailand,Tunisia,Uganda,Ukraine,United Kingdom,United States,Uruguay
Albania,1.0,0.5890362540463414,0.5457082361012723,0.6415598056737916,0.4362074682683863,0.5835887407955109,0.6979005083714812,0.5493841534810138,0.49529908021681723,0.6720977652825461,0.4931119314651783,0.6746409415142305,0.5277056582845412,0.4784896826762785,0.4716585503093911,0.6507920350167599,0.5615535618192031,0.553283240328687,0.5025912838491485,0.5614357296724489,0.6175339471123924,0.42174670717615226,0.592217731191536,0.5540023350005101,0.9029034238219021,0.5987804866459849,0.564238685018989,0.6532282543981494,0.7383239785587954,0.5221280139573712,0.7870826915455246,0.5798242479000963,0.28534041497017715,0.8411556739778828,0.8758359026597212,0.4301243249631345,0.5773100593418836,0.8002846765799059,0.5690673741409221,0.4576839309921214,0.5677376762479974,0.2935006813615884,0.6402902008394917,0.550180819915422,0.5898828719545675,0.5403775529071542,0.4479795928852921,0.5433044199530618,0.5423376861822926,0.5502996945952272,0.6754400379436284,0.4977266059388292,0.6039075663925005,0.5601885803945899,0.6599721635049786,0.3916796899318178,0.6510834144106011,1.1284369799276728,0.5741971122567746,0.5006532092023939,1.179056697784045,0.57261043242504,0.7263554383417842,0.8031711091409697,0.5692434414639708,0.4602051139331068,0.5924942087888818,0.5408268169625408,0.7902871373372806,1.063921355919104,0.5331780313941639,0.8098293659602319,0.3651124698384679,0.5341943273677056,0.4822686184295088,0.5141424097961068,0.47586981678858403,1.0911613371496518,0.5551155896532027,0.9762806554950857,0.7816767566306282,0.30623215774243884,0.6821496203464256,0.7281050685294588,0.567158474224247,0.5984914387626653,0.47510289068263256,0.5272541708303135,0.6488563797783204,0.29089418347791607,0.6732621771587893,0.6439151418795145,0.7011506953762855
Angola,0.5890362540463414,1.0,1.8272236557827626,0.9701102634244024,1.479531566105437,0.6998152955289776,0.9464213257878593,1.0956542170253567,0.9385475649638858,1.3874413237142071,1.202836185810185,0.6381758468573145,0.4993880935391741,2.410103048090983,2.6561211435489924,1.704485743281705,1.766659185946579,0.8524461553661741,1.182909432465778,0.6993874986486694,0.8254201467714603,2.5347083948237805,2.3129117404005473,0.8000261767303295,2.0444521985837785,0.8899599899117193,0.6122459779948427,0.5501381083492014,2.374211328683528,1.8638962134924089,1.8634932724846813,0.7399285497009848,1.4500171796301886,1.3616990664585304,2.24048496672607,3.293431408020726,1.57954786545509,1.2665196434979953,0.5212495603462354,2.3515060951111217,0.5701827625980065,2.203320311166604,0.4699236417375112,1.7743842821741032,0.5370378900669727,1.1797696153283745,1.340581337098308,1.0803448910152362,0.7472898463443705,0.8047170468443522,1.5211317711886085,1.6532888106785661,0.6590554079700839,0.6581215863043995,0.6205605454216127,1.7878497867333734,0.9959112981883957,1.8245986890832342,0.5781776759274605,1.8847228805838603,3.3880012657487213,0.8869267527117676,1.3031053379932147,0.8439878174512633,0.5025318933901077,0.7706529676484845,2.5320746979232274,0.8127216904573575,0.789231524849774,1.9470850348670463,0.41108629171247263,1.0395654138387915,1.7082062822257011,1.1171253471190932,1.4942049901660948,1.3248534710451842,1.4891570644583816,1.422992498235399,1.2295402466049472,1.7719663904756775,1.826125970256393,1.4525876622490357,1.0895550409450503,1.4797809161834323,1.0725301029200378,0.48304452624769195,0.7257979298472114,0.8102591960960942,1.2625006610957425,1.4382855517878868,1.7468710828023035,0.8898912690728903,0.794344968231118
Australia,0.5457082361012723,1.8272236557827626,1.0,0.5363311708500892,0.4401423257535118,0.43966994194589676,0.5642948147607709,0.44669943065504825,0.5575556026156766,0.7354965897561826,0.3818557014861737,0.5358390365456577,0.5402696904784527,0.8905298494841644,0.6647989709110409,0.7545574024798862,0.7137805786016395,0.40732700027505137,0.42460212501251127,0.3992174620281365,0.4336776697171678,0.8135487016720105,0.9560065578908494,0.41162302907622567,1.2211833659131281,0.4293229621405715,0.5994468488556803,0.5888407445020104,1.2187506665795333,0.6278040254355814,1.1330548768127096,0.4013845125057791,0.5617458083971218,0.8822726096857753,1.2129021248278467,0.8894741205853254,0.7816681577572856,0.7209651905463466,0.5278048177352493,0.8829843976957644,0.5166416170822754,0.6054136830816733,0.5492532330701803,0.6056022461956792,0.43213010750260955,0.4154082819120622,0.4991462648423662,0.46498650207283987,0.6250622259017258,0.36982528229511297,0.8064486981903678,0.5887116267998803,0.42816259453011657,0.45607414331718743,0.6939174770687287,0.4688622457776935,0.549383571789142,1.1391368547771972,0.4519490682887488,0.5683881711099419,1.5628689112521568,0.7099267091348247,0.5515459555147103,0.7458642199236097,0.5911087649578013,0.5633390871502071,0.8910011722892485,0.35979542905440837,0.7617767205302699,1.3196179308108134,0.48898691863547766,0.8660227484724291,0.4885985771703777,0.36573091409238256,0.4305721365147561,0.4112869740511787,0.3804992058884153,1.1886334897260802,0.47675117291579555,0.9936889818161173,0.7817440812323224,0.5913332527843016,0.5629603922195102,0.7887023403510168,0.46160610097250143,0.5431932637147691,0.562462677013966,0.6405879051174063,0.7878996924927182,0.6215656218534631,0.8019932421026819,0.7801286853886683,0.6427268834953324
Austria,0.6415598056737916,0.9701102634244024,0.5363311708500892,1.0,0.4922557225259372,0.26382171467581195,0.4068641655973682,0.33352645704270006,0.8328370494888861,0.955010649221306,0.34025144400743673,0.4836304340105415,0.4685489991223173,0.93576027781805,0.7546636450612791,0.9684715771170297,0.8184488919623327,0.2875249034297797,0.6030363046735552,0.3815469060424937,0.3520216584136985,0.663952745846034,0.6665990222338634,0.46169394226701344,1.018600023587076,0.352935779874963,0.6580361221620353,0.37742472244100245,1.0075987184457829,0.5348119682296115,0.7523720370507294,0.4007857390425851,0.7705270672427171,0.7159040195665544,1.1696539817491862,0.7260835137890527,0.6104715206063933,0.6203077377864279,0.5392609675875499,0.638919303861239,0.5787094780039109,0.6039561378515481,0.5338979288263197,0.5393841249875618,0.2884349525839199,0.44119330404336765,0.6377602189142971,0.31905518784454273,0.8103832783923404,0.3160030814142622,0.930798437601281,0.47165572344477696,0.40373904820179535,0.48666477501906924,0.7663895051761899,0.5231754144940539,0.5313779398928633,1.1234831183954257,0.32363199639721385,0.5845792358451467,1.3316016554508487,0.7925789099151483,0.6747783654185913,0.6680893323749607,0.6415175590225051,0.8373675738410593,1.0858147895613692,0.34533876856566165,0.7502102277651836,1.1082084982109957,0.44319319762260123,0.670609433904031,0.5945072990166773,0.3573141504009666,0.5603059666806665,0.526384952216955,0.49712212327705757,1.2151583820663978,0.4238049047795907,1.240799699594261,0.969865365819571,0.7768356216966539,0.4819559185785064,0.44620347755270584,0.4152930784723554,0.5883118656245521,0.7894607879699008,0.9078492745292428,1.0700383949782104,0.910522520932145,0.6304923348955269,0.7321123585641922,0.7248598039718404
Azerbaijan,0.4362074682683863,1.479531566105437,0.4401423257535118,0.4922557225259372,1.0,0.3044327313535937,0.39112556541571597,0.24559073812992996,0.43840045235654473,0.6334110194991451,0.18767232942440504,0.49616816716923956,0.4829046783122372,0.633632225975742,0.5639740271650849,0.6445526100152352,0.3923028714696244,0.24246776342831736,0.272525371545443,0.30654410547631705,0.30856778171072563,0.5399777447755264,0.6175265553942552,0.32856868876461726,0.6291113557249831,0.2963756815153233,0.5650938542800024,0.4982368672215612,0.7705511106162878,0.35927811308740876,0.9374553069733175,0.31558477743796026,0.3479292300386822,0.5127393444770523,1.2244513627718172,0.6822435930219959,0.3278470161807094,0.4942424242850329,0.4881717739063803,0.49900629735347474,0.48036502596975644,0.3353024821240176,0.5049664941937969,0.32942895898690416,0.35536614279291623,0.18393968569011354,0.28641589089867603,0.21680903326943585,0.5987788775670483,0.26025430450698966,0.5837541649309723,0.3643884622475787,0.3713310825111019,0.39069570608421517,0.6320204515675073,0.2315838518642767,0.3510490346029417,1.0658269615225777,0.35440412683242695,0.38052861124334664,1.3851044876589658,0.6920184755832962,0.5138470799735024,0.6363239415754194,0.5477283343458258,0.47480959672868445,0.8611428997786772,0.26560725894828585,0.6856590570622866,0.8224523455947786,0.4382202597685093,0.7586492938724647,0.168377292199402,0.25366634071911454,0.1796616609459972,0.32473646159973474,0.1370947153324573,1.083114325309277,0.1792702567755826,0.9385354581565014,0.6368249070340499,0.3378960643286652,0.3323903994628687,0.5446365193496712,0.24306969422414482,0.4909726696463521,0.538304718121542,0.5875524117853618,0.7929843356624344,0.5444219998117639,0.598480621836057,0.7279680311813638,0.5899703578396261
Bangladesh,0.5835887407955109,0.6998152955289776,0.43966994194589676,0.26382171467581195,0.3044327313535937,1.0,0.3068876216260617,0.29918026395393577,0.8403528659680818,1.0371091609647674,0.28303394423852435,0.36607278425396306,0.3750890719204662,1.0559538440004204,0.9068962736597282,1.0552115120383487,0.7464549418836197,0.1292135747189403,0.5508162052692789,0.22442639142136225,0.21568025890094006,0.7946951605820076,0.883470775468748,0.3358658287533891,0.9011007194811205,0.24062774669289783,0.5881468609739872,0.3799292337953419,1.1446047555485275,0.6581779025033189,1.0324040661218241,0.24144656550725882,0.8337759810279789,0.5823923771544487,1.6853948620194188,0.9697584008873734,0.6346793751215686,0.5533787255362356,0.45965163663031716,0.7942851219187211,0.4585740422255441,0.7147316022432251,0.45044894244421974,0.5481022530700574,0.1516341412326664,0.36013723454884133,0.6740270908375328,0.21999392207276072,0.7874255608350785,0.1968138471030787,0.9796519838546047,0.5264744131302724,0.2715608277225552,0.37451011042804344,0.7131409676785688,0.5102833549989014,0.3712661109974068,1.1323534209938844,0.14504173109255422,0.583335204309731,1.7150863966884264,0.8805341566147021,0.6298793863859286,0.6075208617338319,0.5926503271053575,0.8146144342778706,1.4180110302032916,0.22180734855741133,0.7101870110843268,1.1137631548527667,0.3346648746688444,0.7279718482727384,0.5920703851524796,0.3068571827760995,0.494035660715754,0.4704327219108353,0.44201977292877986,1.2490840954520035,0.3187250159943234,1.347308007079684,0.9754151136968703,0.8355672150544896,0.3536885237385007,0.5925164496930244,0.3214338403736156,0.5001409285547737,0.7998806096600398,0.8845847640351315,1.1552784927614368,0.9811032073846837,0.7046156754191482,0.7887970252680984,0.6721388075253748
Belarus,0.6979005083714812,0.9464213257878593,0.5642948147607709,0.4068641655973682,0.39112556541571597,0.3068876216260617,1.0,0.3613983423158887,0.8298774445738794,0.9816004594942415,0.36888575135361357,0.48255474476221766,0.4576433140434744,0.9598843014584119,0.9127042412007991,0.9976483913307058,0.6882285551973291,0.2856480172065074,0.5668310710724672,0.3394964401918787,0.2813376850962887,0.7848464249971719,0.7233659114121662,0.42661580831234674,0.7346175932165896,0.33171085318655874,0.6264627235977089,0.46936919205913,0.9384176603886727,0.6009015575173752,0.8868428363407155,0.36025071013398263,0.8201278473232407,0.47095666435120886,1.3743346804086392,0.9225853100992241,0.5555886839482457,0.5520044692817342,0.5369647041774376,0.6893445826949407,0.5431178886495506,0.7234204901099147,0.5440953265658018,0.4731603497732957,0.31488578227897895,0.43744668384539415,0.6675144527523926,0.30330501075579963,0.8498072989662302,0.3300588189674279,0.8170682198832072,0.5207908739614721,0.3826458674270435,0.469891722166604,0.7564128777020078,0.5183262733862888,0.4508086623529404,1.0471225207397168,0.29479895275820917,0.588533167408553,1.2150367978832293,0.8603808923560546,0.668794794442964,0.6777826023439203,0.6547569077091222,0.8535984060918735,1.323213773528667,0.3589239023750449,0.7674648196241016,0.9297353251524696,0.4289119878661901,0.7357989781333469,0.5981666697053937,0.42025532707210717,0.5454900892006747,0.5472687006113541,0.4809796743620253,1.1037817847075109,0.3361826455376961,1.103218884263191,0.9106420695353582,0.8213648479521697,0.3770122220597605,0.5598158167753104,0.3600304770442237,0.5861581555558392,0.8325159887392645,0.9616623628303905,1.0913624521814738,1.0358163534373004,0.6811513089335491,0.7880080272553973,0.7147109014865146
Belgium,0.5493841534810138,1.0956542170253567,0.44669943065504825,0.33352645704270006,0.24559073812992996,0.29918026395393577,0.3613983423158887,1.0,0.6139095889842808,0.797409702149741,0.24695265483843915,0.47028225514358,0.47295627432238696,0.9374037692830736,0.7381470453899847,0.846270767100465,0.6069416511446644,0.1994492773229212,0.3832497266864843,0.24537077330631857,0.3030910261165305,0.6949758534679066,0.7600198817687775,0.30579160480667644,0.8703036804204546,0.29914145283824917,0.5876821150607742,0.42270155234987694,1.0538370733355737,0.5004053643506983,0.9972473210771339,0.29347674604243945,0.6031287598447848,0.5717993832826398,1.3367002243997117,0.8656704769215627,0.5460957570123935,0.6165206734015793,0.4801466887531871,0.663553682044388,0.48343560382184847,0.535232647718062,0.47533622868505343,0.47391728665912786,0.270256851597874,0.3092385998561164,0.4416842128370348,0.22889073920742914,0.6629267881545763,0.18798517999120706,0.8284323364309939,0.39341350310501566,0.3461499640246045,0.36005050672672445,0.6781626751993385,0.3813872804159395,0.3645831404764039,1.2025260362582997,0.2914941523491925,0.40831390470005385,1.534973007654278,0.7845155317664179,0.5626228414352353,0.6371975036517061,0.5661191913047934,0.6330111249992704,1.081258479577421,0.21060772533036523,0.6746502615278827,1.1091788985841768,0.41563234270881805,0.7190343012673612,0.3858249746203979,0.26789471268073756,0.3761282246903213,0.3513638773142509,0.32396509082577385,1.2203083642439634,0.2718961688823218,1.1474112376613648,0.8352709254996599,0.6019628834482186,0.38401719129817274,0.5870263867867935,0.2859433457032341,0.47761829433039743,0.6516807645080589,0.7003281529956635,0.9489921614732946,0.7595795990430096,0.7398532750642833,0.789364277063195,0.6125798568289371
Bolivia,0.49529908021681723,0.9385475649638858,0.5575556026156766,0.8328370494888861,0.43840045235654473,0.8403528659680818,0.8298774445738794,0.6139095889842808,1.0,0.5258512967886564,0.6898971873042614,0.6911182440464221,0.5763059325470474,1.101252038806845,1.0584573185305712,0.7380853474378032,0.8517174640151577,0.6245522805376016,0.3568570093613429,0.5159428002381798,0.61000105968889,1.4205228823069018,1.2784570096903167,0.4759411994447542,1.439479676392571,0.5929377805476457,0.5837411342981653,0.6697612370005603,1.6342440357940609,0.9199898493159475,1.525281785781314,0.5292747544682472,0.593291701273462,0.9965773750416013,1.5478764291723435,1.6082322168893484,0.8555443147646485,0.9402440619910643,0.5494948230094708,1.3667283921012099,0.5614597802133908,0.9607668272325712,0.5589072847898728,1.0484039433084646,0.580565315018458,0.5494883620086068,0.5009367811924738,0.7294398801718124,0.6587640712826481,0.5454887265820223,0.7237225896795924,0.9274176835965607,0.5869809426675874,0.5026673661337906,0.48127205084443253,0.8634944757963334,0.6554549448811988,1.5475013266737323,0.5977899937577605,1.0197041517996472,2.1136405217552325,0.753314103900882,0.6606808958873153,0.8345644006131199,0.5696042705774578,0.28642721651201436,1.0828005386802815,0.5228790923316813,0.7936063152126741,1.4013996462346474,0.5214291118638804,0.9678586307602421,0.707988010603511,0.5945310348240213,0.6069295830312952,0.5115572922028472,0.6558757911538284,1.097482929303449,0.7146533001557067,0.8810470955847295,0.9398138483515642,0.586474513765295,0.7048982304963854,1.1018681879390928,0.6118550072424644,0.5616949683125609,0.5034739211831406,0.5159786499255355,0.8946116523310675,0.8212297309062682,1.3411251197455807,0.8362289341748179,0.6852876910868096
Brazil,0.6720977652825461,1.3874413237142071,0.7354965897561826,0.955010649221306,0.6334110194991451,1.0371091609647674,0.9816004594942415,0.797409702149741,0.5258512967886564,1.0,1.0366467356293843,0.8568893113623106,0.6920280626301997,1.3186588314713639,1.1037941720421822,0.8866076609500604,1.3056037033801187,0.878372102807787,0.6407857174367972,0.6899442639258341,0.8751500691203149,1.5527704993791596,1.7221901427320665,0.6449820589928634,2.3686373509271648,0.8266183772114838,0.6856330478037844,0.8351680008812934,2.450640740518027,1.5926866118480127,1.47721138104549,0.6974149804643032,1.0172110683935274,1.4596410226819108,1.2589750631607177,1.4950434796918226,1.6017460679493423,1.1566363768038572,0.6803753735484188,1.9937454389151925,0.690041485788801,1.3218001435697724,0.725437665795506,1.5698000964080698,0.7541697946391912,0.9012960956524183,0.9012541190470896,1.0818841428251986,0.7345986094562813,0.7632843636270182,1.2056162496203757,1.2522816098281515,0.7437776554689903,0.6355470306121774,0.6765464731461288,1.29608609806472,0.898195617894254,1.514039503077749,0.7620313029415186,1.4206016423757488,1.8074149856559063,0.7829978982550773,0.8396741560274775,0.8392007021127841,0.7330566538530869,0.6284629571028039,1.027819604190725,0.7198792499956337,0.9712781188828865,1.7107682916925118,0.6512134442452926,1.0523370754845396,1.2257439472483165,0.8609963757508046,1.0092450350940667,0.6845905116731892,1.1276969610308671,1.224651934908504,1.1632813946867584,0.9445848075047059,1.096579359198133,1.0686654441903767,1.0521890795177593,1.4185269829982377,0.9168133901790451,0.7009647379721051,0.6835161264646422,0.7215951526214082,0.8575259948519568,0.9975299806402547,1.5152700351207438,0.8734964159453515,0.8119850398060049
Bulgaria,0.4931119314651783,1.202836185810185,0.3818557014861737,0.34025144400743673,0.18767232942440504,0.28303394423852435,0.36888575135361357,0.24695265483843915,0.6898971873042614,1.0366467356293843,1.0,0.41952820770341026,0.45759176809213165,0.7966864414152056,0.5871038302530236,0.7640643642623652,0.4990810026442809,0.1518530962681983,0.3563186118503252,0.267522993192883,0.27019030058265303,0.5526891230792819,0.7090579701052635,0.3147403461687546,0.7909359787007025,0.27015077708305263,0.580737378451401,0.4556516132114574,0.9774837905303276,0.44949743894448413,0.9486779384193637,0.2690908803531677,0.5012563133329134,0.5503968617905937,1.3025389321975736,0.691620479038285,0.4523867881583414,0.5380876934597726,0.48095964581060474,0.5682626861075416,0.476867814230716,0.41160511737875816,0.4877333202241199,0.3855488507948868,0.2854393976332076,0.2271905337151454,0.3665441724173882,0.159273431415151,0.640312682415302,0.20167406561143295,0.7676321850704557,0.3406882488352109,0.3357774317127856,0.38003703078345863,0.6733011541521127,0.2628289360930323,0.33554683950145664,1.112077410639318,0.29379733750012565,0.4040789676929209,1.565287200463709,0.731446678267469,0.5392678304128675,0.6092207514391184,0.5658234477201655,0.5969859039905561,0.932823179706412,0.207566799497078,0.6827710440389994,1.0008331021866745,0.4126621910693536,0.7453583083794332,0.2921721873921453,0.18384684052781883,0.2805438525704289,0.31413211800067026,0.24924931373578163,1.1710220308406543,0.18590326099768661,1.0925754103977303,0.7542994639129678,0.5129480779429308,0.32362545435453305,0.5692830408129266,0.2185010207907374,0.4921212377549458,0.6101987348988588,0.6658876421836558,0.8603085211127287,0.6464939748390871,0.6046700424609149,0.737666625123856,0.6072652119293677
Burkina Faso,0.6746409415142305,0.6381758468573145,0.5358390365456577,0.4836304340105415,0.49616816716923956,0.36607278425396306,0.48255474476221766,0.47028225514358,0.6911182440464221,0.8568893113623106,0.41952820770341026,1.0,0.5457239296203009,1.6820619130114018,1.4446555639357572,1.635426620426952,1.3729840548366397,0.6319130370648454,1.0812235494684028,0.5860348616412535,0.7063166557901494,1.465369450145436,1.6550123774095593,0.6976568907480314,1.6842446299439406,0.7025030365847564,0.8746729824302779,0.6909803954005974,1.8394851278145832,1.322269656419571,1.7078366003056784,0.5584973212817366,1.3867453912294192,1.289862291080756,2.3019701155437597,1.6721787286160446,1.3542348470614316,1.0701317589927413,0.5878036685145537,1.5327807414220673,0.6232269365310064,1.3460215391962684,0.5337811958427212,1.1747091060126436,0.4467369129664226,0.8996393821997669,1.24689342307478,0.7991482972298612,1.15463021540589,0.6044150826059744,1.5657482810054828,1.1133638942708357,0.5550144433230708,0.6751172871027467,0.7993202075993966,1.0925150131881083,0.8583161650097633,1.3444979177282934,0.4730559727004826,1.1082294989255752,2.4485767422715137,1.3536894702056983,1.0168079633281657,0.8211935932668516,0.7732555007593664,1.1083650950316946,2.138159470733227,0.5880974598247621,0.9571598100068411,1.7325680090416715,0.4924451292794419,1.1797926425023642,1.2030877499849364,0.7428651010147248,1.0334863778950956,0.886194529426588,0.9931691626805694,1.4828106396274152,0.9194582238746593,1.9229228630044577,1.5414500348566316,1.3844074943432043,0.9137014855498135,1.19525317607656,0.880160092108145,0.7502510281786393,1.1050215686499558,1.1514115277119439,1.6116649932823564,1.4945323134355366,1.1872775704431717,1.1190855975888736,0.9790849748739943
Cambodia,0.5277056582845412,0.4993880935391741,0.5402696904784527,0.4685489991223173,0.4829046783122372,0.3750890719204662,0.4576433140434744,0.47295627432238696,0.5763059325470474,0.6920280626301997,0.45759176809213165,0.5457239296203009,1.0,1.9358201041570344,1.6093017215665224,2.491454070493587,1.9107748195597183,0.7335807669820829,1.658364246540424,0.880206865162227,0.7773970399238738,1.2356317429936845,1.3116724243354212,1.1493158561307721,1.7166226088351166,0.8455178731028523,0.6693470646704018,0.5711103765700625,1.8784722560275813,1.4292107382042214,1.054314144707514,0.8088749531403088,2.1234475035515605,1.2662304442583971,1.4365663769799573,1.2803547049590063,1.2904509010512204,1.0399382922163072,0.6607128308760223,1.4365455943949461,0.7921763762145845,1.4049038332547852,0.6523221371864744,1.2089147025736973,0.5052968070743219,1.1755831286822878,1.8837273464055266,0.8304063961060485,2.402164703124234,0.8716902881831126,1.711467858296777,1.0929669465249876,0.5974424059620702,1.0865526533338468,0.7658016730089544,1.2160027038050591,1.2084721933298412,1.2725710713979679,0.4321090128803092,1.291523626901922,1.7804636744151807,0.7244913656317588,1.475844234853709,0.8331414851872349,0.7272776618918606,1.2127167330141486,1.4671887312446104,0.8773631946057951,1.0375666186089851,1.679650444666128,0.32365151936566383,0.8180557942905735,1.5627400264955782,0.9441773273008734,1.4863974471540076,1.3317200351623626,1.2857893102579971,1.278559613113139,1.094736581041098,1.7632341611656903,2.130936479958304,2.132423250628322,1.1486307029835061,0.9731503174785824,1.1340791503077732,1.0616775482179142,0.7956448846814197,1.1023260383991837,1.2678091826083813,2.7323680355140367,1.028025210229341,0.6657806328397156,1.3293902503612274
Cameroon,0.4784896826762785,2.410103048090983,0.8905298494841644,0.93576027781805,0.633632225975742,1.0559538440004204,0.9598843014584119,0.9374037692830736,1.101252038806845,1.3186588314713639,0.7966864414152056,1.6820619130114018,1.9358201041570344,1.0,0.5850160145169272,0.6904994929764873,0.8088515810888862,0.6805875264043235,0.5822175400729841,0.6662710840385533,0.7197984715539318,0.6717457553809497,0.6527152295321923,0.6376063239746959,1.2407318404603174,0.68933063164741,0.6243988912608796,0.7348438431539173,0.8076587083461133,0.6259882090947647,0.8326442024157097,0.6719177975581955,0.43041319797265704,1.1279028644768967,0.9472885337142855,0.6227286691894879,0.6975146428155669,0.8492846960994201,0.6475776904921721,0.7332981185927843,0.6466690833975001,0.5271588371606455,0.6918637594110579,0.7256031310993457,0.692138950462596,0.6570570473900772,0.5914757507322158,0.7070513311160491,0.5217848120435681,0.6701321752334986,0.505044052569776,0.6764660192894407,0.6711085117561332,0.645007437705835,0.6772028079060856,0.5965800760465994,0.7992594406031047,1.051996543688914,0.6620376026369122,0.7303454819946795,1.095874112084658,0.6120435328199079,0.8043315312718172,0.8915129087871008,0.6159732139499625,0.49461458731243546,0.6319557236730896,0.6458678971788511,0.8801491248895053,1.0649649864227102,0.6021115415070547,0.8703869625510658,0.5858237616729045,0.636805886297286,0.6182238386759622,0.6063572833092993,0.595086772355794,1.0051551987171483,0.7525790526200858,0.8878930395284916,0.8357137309392023,0.4380622740515962,0.8591404553431972,0.7595391480842706,0.7303021816643515,0.6552732157171895,0.5249090351575205,0.6177156429670394,0.6674301821796929,0.3939069576791042,0.7816040562160187,0.6482044127709928,0.7655771188732435
Canada,0.4716585503093911,2.6561211435489924,0.6647989709110409,0.7546636450612791,0.5639740271650849,0.9068962736597282,0.9127042412007991,0.7381470453899847,1.0584573185305712,1.1037941720421822,0.5871038302530236,1.4446555639357572,1.6093017215665224,0.5850160145169272,1.0,0.8369033474898666,0.8723125191881338,0.6234899325230878,0.57451867555046,0.5854103093764781,0.6781512089498322,0.7230406038105985,1.063944273240087,0.5711929547784488,1.6333064791418774,0.6871597520239668,0.6347708866460644,0.7023044512141667,1.5983089158308772,0.8843080685059834,1.0246682620908771,0.592969026799086,0.5709761348765658,1.119986695392767,1.0524788116331318,0.6406275042476011,0.9969837328681552,1.0783988394226591,0.6298233636342913,0.9913534751596507,0.6234236597436671,0.521316706788665,0.678516544367286,0.8975508340991095,0.617463717993381,0.6443515080302757,0.5246595345308868,0.7035750802808174,0.6909054343643868,0.5898478691257307,1.0862333138969207,0.6927772166205401,0.6536048083457889,0.5892174198164051,0.7368006775538287,0.6677588669765816,0.7092199170152874,1.3419274512311232,0.6337487184457137,0.7465809166795765,1.516898879886841,0.6585007854894255,0.8131299630206346,0.8892707117678971,0.655030450458369,0.5825110771250419,0.7767412967070653,0.566276782150377,0.8635544141067386,1.5957280743595914,0.5780975707746616,0.8780787746538762,0.6064213104455902,0.5633660693755674,0.6519992182670366,0.5132330660043383,0.6888763288002288,1.206657422792327,0.739875424950824,1.139557828127793,1.0150764235426113,0.6142055033336739,0.7902353124175129,1.0843084444544588,0.6658813676056387,0.6354113667718996,0.5553368177502744,0.6012243188164921,0.7198064475332683,0.5800211835775223,1.0977116707029342,0.7109782323078342,0.7759520155974575
Chad,0.6507920350167599,1.704485743281705,0.7545574024798862,0.9684715771170297,0.6445526100152352,1.0552115120383487,0.9976483913307058,0.846270767100465,0.7380853474378032,0.8866076609500604,0.7640643642623652,1.635426620426952,2.491454070493587,0.6904994929764873,0.8369033474898666,1.0,1.090389764026573,0.7913629535287707,0.6349283723605876,0.6616979691322333,0.8048263544662938,1.1989944966338288,1.2227689974503289,0.6387056271691381,1.9450340117541305,0.761319939834523,0.6615072888093575,0.7849265578973399,1.7625154551294269,1.112556805378263,1.21775007384253,0.6657235699947517,0.7721518203957956,1.3362923729210636,1.1318827956289088,1.1590038652021295,1.2451977017262674,1.1124905593444445,0.6627188235100689,1.4199010300848196,0.6664771678899685,0.9410412581942131,0.7160630721340766,1.2605256706845311,0.7209320377529711,0.7838867917508848,0.7555692381094284,0.9361793200272813,0.674679494509434,0.7157384797722787,0.818830771135715,1.0073600658081339,0.7172652441530677,0.6269432735425461,0.7148495723381106,0.9822466593555905,0.8279872578729481,1.2295212274211362,0.7300622037387939,1.1297618310196285,1.4911614875914392,0.7469263242775694,0.8761257028265997,0.8455196988506459,0.6837978499938058,0.595758941021822,0.928784960996625,0.678283014240246,0.8984875105558131,1.5013230475205719,0.6350578072451207,0.9769633943108053,0.9027743092515975,0.7066732120716839,0.814167474987662,0.6337454443367204,0.892982856847622,1.0665469717535478,0.987916723390405,0.8146947710122526,1.0921625635491636,0.8325960211401575,0.9606450400273367,1.2058704744818507,0.8023443826367319,0.6651866063984008,0.6178924391040361,0.6406859011781598,0.7936930197887231,0.8052717619860993,1.346439326459914,0.8072220939603922,0.820227174149374
Chile,0.5615535618192031,1.766659185946579,0.7137805786016395,0.8184488919623327,0.3923028714696244,0.7464549418836197,0.6882285551973291,0.6069416511446644,0.8517174640151577,1.3056037033801187,0.4990810026442809,1.3729840548366397,1.9107748195597183,0.8088515810888862,0.8723125191881338,1.090389764026573,1.0,0.41029672448892734,0.36091953357920353,0.39593092548321895,0.454072486120651,0.7742561801846384,0.8399464395391222,0.4214281988780207,0.5382207543241817,0.4033444638724882,0.623950009308004,0.6062628099096149,0.8893707019618169,0.5777021885545949,1.120055798189049,0.42237272958636035,0.4836207682386839,0.4971702854409351,1.2609995467773227,0.8859604065706479,0.5237052534922584,0.6609997825083953,0.5517770258186903,0.623991330589192,0.5478683596455269,0.5955256988181299,0.5728929874369566,0.45922197259745867,0.47126094332961244,0.38663492017864876,0.3978243584572445,0.41382575427253576,0.672335404728595,0.3970059466721627,0.7054390380572589,0.5411388924342597,0.48830715224340066,0.463566643531823,0.6810632537303225,0.4166905033843968,0.4365125305903557,1.1490248860864232,0.4667079285060054,0.4981625008952873,1.4261456310470981,0.8044685756168896,0.62818699337105,0.7614406633273864,0.5883477019835549,0.5102190926795592,0.9892257829732811,0.4020827800210347,0.7383048690798582,0.8602743342614618,0.510910902465665,0.8666209191224105,0.38543062390095784,0.4475697605476456,0.35719865135224854,0.4428629600680723,0.38043697839876156,1.077230386872959,0.36296094734241197,0.9630238799989014,0.6870745784476079,0.467755537314757,0.44433900380974106,0.7304514836682333,0.3702016257892674,0.5583918118361103,0.5761626665585668,0.6325909265456066,0.9088525066499794,0.6231348454325425,0.8142605153258394,0.8562382104540299,0.6530216072211096
China,0.553283240328687,0.8524461553661741,0.40732700027505137,0.2875249034297797,0.24246776342831736,0.1292135747189403,0.2856480172065074,0.1994492773229212,0.6245522805376016,0.878372102807787,0.1518530962681983,0.6319130370648454,0.7335807669820829,0.6805875264043235,0.6234899325230878,0.7913629535287707,0.41029672448892734,1.0,0.4255248443661224,0.20361968987414303,0.1949762446383747,0.701402413377115,0.8313682677179131,0.2790215160300544,0.8501188588918152,0.23314309381877918,0.5844809846937783,0.4030715530541691,1.0925988705070522,0.5706427912134244,1.031427392864536,0.20975959412103615,0.6819761298154235,0.5391232856170144,1.5555273949063788,0.8707901779481627,0.5547395945053631,0.5397084573727454,0.4601263946290846,0.7069875810770598,0.4551934881007271,0.582156369195483,0.4560518677233874,0.4808703511521568,0.19962047809421735,0.26467069073884764,0.5190432138840069,0.14750177327059713,0.698736357962227,0.15520657452695694,0.885747982397398,0.43801503173713907,0.27450301207139705,0.3498896148868956,0.6879406029912053,0.3992100434176068,0.3048270293093653,1.1418738197149683,0.19826443795038473,0.5039168548626224,1.7442246204949765,0.819144646020414,0.569119459044,0.5893868760013607,0.5704387831133461,0.7030680276697343,1.1778686333190633,0.16718323065729665,0.6790023945481207,1.0786638854273465,0.362459255140803,0.7142747097343465,0.4486043733370625,0.21722395363587202,0.37940883670283526,0.3596507424966312,0.33734705128044684,1.2131935551658222,0.23395599459676952,1.2577147080318012,0.8776370335813547,0.6849599622703705,0.3195186106173614,0.589703020513621,0.21011148494140575,0.4782528450904423,0.7074866093888081,0.7739002277717416,1.0141422279123427,0.8179447441560745,0.6883833520873752,0.7716942619077088,0.619219038453847
Colombia,0.5025912838491485,1.182909432465778,0.42460212501251127,0.6030363046735552,0.272525371545443,0.5508162052692789,0.5668310710724672,0.3832497266864843,0.3568570093613429,0.6407857174367972,0.3563186118503252,1.0812235494684028,1.658364246540424,0.5822175400729841,0.57451867555046,0.6349283723605876,0.36091953357920353,0.4255248443661224,1.0,0.2935269567627391,0.3667468754960152,1.2202202509508226,1.1191019973010048,0.26024082456522757,1.0148872237135718,0.32161991729510214,0.5562942294237085,0.5306610046542571,1.2979070429593809,0.6838281987365201,1.3999817871350042,0.3101184542467724,0.5973829630509949,0.7020774542686963,1.6686842058936797,1.4847024809336766,0.6226145854145815,0.6235895761660355,0.46046794690807813,1.050950634581889,0.44830318183418105,0.8109901872453803,0.4869708644357464,0.674513492916142,0.39343682138405106,0.27115622137826695,0.37193962022111926,0.4464568051023754,0.610091516354797,0.2939997543501636,0.7450898580868829,0.6845933481986981,0.382859503361128,0.3338697061083631,0.5773379700875465,0.609596470486081,0.4221278970772412,1.2733903520100633,0.4028120908536398,0.7195441321017992,2.181714347553198,0.7620100606473309,0.4651442209062324,0.6581875886154613,0.5231634997498336,0.4331579038028393,1.1514651424827407,0.28141432932485544,0.6606025560168978,1.0879705931359829,0.42635835366809727,0.8194998253877892,0.5201470818344003,0.3595444891953841,0.3265300154988335,0.3447924304337187,0.35636637538483446,1.1436881010667939,0.42392141427911106,0.910432664492209,0.6831382017028381,0.5562575464300622,0.43436060235829477,0.772242312300355,0.3538140930599056,0.4589678492268829,0.5343846582597227,0.597978292678925,0.9290079105223947,0.7728423264397745,0.9760094870821057,0.7937115478591924,0.5616035410458702
Costa Rica,0.5614357296724489,0.6993874986486694,0.3992174620281365,0.3815469060424937,0.30654410547631705,0.22442639142136225,0.3394964401918787,0.24537077330631857,0.5159428002381798,0.6899442639258341,0.267522993192883,0.5860348616412535,0.880206865162227,0.6662710840385533,0.5854103093764781,0.6616979691322333,0.39593092548321895,0.20361968987414303,0.2935269567627391,1.0,0.2899512470326369,1.3135819136331848,1.3450514948413599,0.17273825158453868,1.1158094957379119,0.25473324031116973,0.5249602596906677,0.41726027404594784,1.4890408792687804,0.8739986388869334,1.4562146576260055,0.14805015597715893,0.9014525555974708,0.6757556278010147,2.0174840711115856,1.6827485198433545,0.8307058251889876,0.6954278628653306,0.38206650554859134,1.1694410856886976,0.3688919909707224,1.0384712907148663,0.38598323784999866,0.7785284807369713,0.20381582367919773,0.38587427150496656,0.6666677097873106,0.3889345228320326,0.6345636354782606,0.15163100335364815,1.0666402322300803,0.7383791269405917,0.2566378297999602,0.20632870319079274,0.6296088275200421,0.7105882256914562,0.34605700251550875,1.3557895988537176,0.22696671794727172,0.7625199930519602,2.652831717798638,0.8417137465173711,0.5640952432752057,0.6049872099854228,0.512665490772865,0.6768628663547245,1.6131182540693632,0.1387848044039961,0.6185329246179521,1.3473619086239692,0.31635755646603714,0.7570399401059754,0.723354827269897,0.3444449506127252,0.5415799521626281,0.39059656049316727,0.531421266544654,1.2611143630255868,0.4377132062458884,1.327517542291019,1.0454946364747697,0.889723645455911,0.4170666235184818,0.8169342184825835,0.34402280954287195,0.38911061933559243,0.6747138942228216,0.733359992710733,1.0944765074850207,0.9461617084273461,1.0547733208535426,0.8335152593521976,0.555487790401831
Croatia,0.6175339471123924,0.8254201467714603,0.4336776697171678,0.3520216584136985,0.30856778171072563,0.21568025890094006,0.2813376850962887,0.3030910261165305,0.61000105968889,0.8751500691203149,0.27019030058265303,0.7063166557901494,0.7773970399238738,0.7197984715539318,0.6781512089498322,0.8048263544662938,0.454072486120651,0.1949762446383747,0.3667468754960152,0.2899512470326369,1.0,0.8515865273447957,0.84517230963076,0.3139350545842344,0.8771822499349349,0.25759004413166253,0.60472344223294,0.45228866140769364,1.0711001809474168,0.6513951815790285,1.0081302627423647,0.2595606071921347,0.8149235416668994,0.5976007726000895,1.7102662169831215,1.0394285535056487,0.5797605200743818,0.46983566154444834,0.4699229975275644,0.818360963864618,0.4433473595792745,0.7167783166758295,0.48251704045035587,0.540898146575017,0.24004323827523996,0.31167125788156463,0.644867410411558,0.2641916311463154,0.7705997205100681,0.2454395179613476,0.8556120173683198,0.5767841521293172,0.2834723556803569,0.3656126906738457,0.7019710963096386,0.5329432496547533,0.3755365958025311,1.0485194577228785,0.2417895606331545,0.6387651352092748,1.563575998036325,0.8722875862843555,0.5794489223957886,0.6081300724192288,0.5881433209399036,0.769418608086073,1.4594044765821672,0.25573683749902704,0.707068767612762,0.9740529431918903,0.36045019897373676,0.7282297435975579,0.5781265214869219,0.3014203010126586,0.47065576358722844,0.47275597625047044,0.4123158592497898,1.1608683765748908,0.3208957543658806,1.1555163669921336,0.886669070763647,0.797624949771649,0.31853406996136563,0.5755302851548529,0.2928126443064139,0.5069903465017785,0.77554890630415,0.8732498844561679,1.0942980697700637,0.9927069398003295,0.6944886855930142,0.7769677151799047,0.6400355978540411
Czech Republic,0.42174670717615226,2.5347083948237805,0.8135487016720105,0.663952745846034,0.5399777447755264,0.7946951605820076,0.7848464249971719,0.6949758534679066,1.4205228823069018,1.5527704993791596,0.5526891230792819,1.465369450145436,1.2356317429936845,0.6717457553809497,0.7230406038105985,1.1989944966338288,0.7742561801846384,0.701402413377115,1.2202202509508226,1.3135819136331848,0.8515865273447957,1.0,0.6550565375647636,0.5435971824551642,0.9076454936078074,0.581446489349576,0.6354514012781625,0.6326057574427677,0.9496024232479102,0.5857438236054809,0.8325934465815432,0.5505204975079272,0.4800171288253261,0.8207334803690998,0.9315945811468688,0.3456867104877813,0.6170227263556038,0.7152984851032146,0.6070421218733977,0.5237908194871367,0.6127217449248172,0.34977554714486625,0.6620096174259614,0.5953388112142156,0.519993970497752,0.5107372031165985,0.49828738579816567,0.4551795273893519,0.6580129373919061,0.4890336240355264,0.9462891521579184,0.4268675261744078,0.592555908904459,0.57102291070093,0.763450443736035,0.4113975362190737,0.5484767563847286,1.2279622035092457,0.5457474586515151,0.46829229130609257,1.3930837145183215,0.6547477491505269,0.7223331145762544,0.7509504445535385,0.6499550715251416,0.6010935604698857,0.7342387687140475,0.49728927530581535,0.8583192461447685,1.0323349346344775,0.5597873065313628,0.8287514716595351,0.4002195402260702,0.5034180653232821,0.4941457924970957,0.5233472272501843,0.49063140892482937,1.2202623579181255,0.46682128092801844,0.9943023086770704,0.7594625635466539,0.506069022808849,0.5711067328966732,0.776012262018991,0.5091082701062848,0.6330114101122216,0.5709134103173987,0.6190590125633665,0.7647720605546423,0.4730294351266828,0.6962831970711035,0.7338145668021705,0.7451405182609037
