Country Name,Albania,Angola,Australia,Austria,Azerbaijan,Bangladesh,Belarus,Belgium,Bolivia,Brazil,Bulgaria,Burkina Faso,Cambodia,Cameroon,Canada,Chad,Chile,China,Colombia,Costa Rica,Croatia,Czech Republic,Denmark,Dominican Republic,Ecuador,"Egypt, Arab Rep.",El Salvador,Estonia,Finland,France,Germany,Ghana,Greece,Guatemala,Honduras,Hungary,India,Indonesia,"Iran, Islamic Rep.",Ireland,Israel,Italy,Jamaica,Japan,Jordan,Kazakhstan,Kenya,"Korea, Rep.",Kuwait,Kyrgyz Republic,Latvia,Lithuania,Madagascar,Mali,Mexico,Moldova,Mongolia,Morocco,Nepal,Netherlands,New Zealand,Nicaragua,Nigeria,North Macedonia,Norway,Oman,Pakistan,Panama,Paraguay,Peru,Philippines,Poland,Portugal,Romania,Russian Federation,Rwanda,Saudi Arabia,Senegal,Singapore,Slovak Republic,South Africa,Spain,Sri Lanka,Sweden,Switzerland,Tanzania,Thailand,Tunisia,Uganda,Ukraine,United Kingdom,United States,Uruguay
Albania,1.0,1.3235047928556978,0.7798107284356742,0.8547924223419385,0.5571792097378233,0.928021468746124,0.9201987385523603,0.7769949302652791,0.9026339127669559,1.016717112558984,0.6687054709369851,1.181951657036801,1.247116860577852,0.5243356113954875,0.6543086150028288,1.7995705913568905,0.6262625943706248,0.8293684331725639,0.9102580544010102,1.1034213406347237,0.9645685531760255,0.4878635140142951,0.5806772153668225,1.167469327382958,0.6237337589961676,0.9450974548973843,1.4630225621888906,1.161838292195714,0.5605296355267029,0.5753481984604074,0.8722605573785923,1.0851652095746793,0.40131030978229754,0.7645685417576943,1.0376998470064724,0.5166390320888254,0.5736963068224096,0.8945769529208819,1.254014083868515,0.43412078014086264,1.5471184170758063,0.36625829599219684,1.295939132792664,0.5551297418327614,1.6658970415358483,0.7874741073999901,0.676641243541772,0.692758273545827,1.0257069119071944,0.9635514043153196,0.7310397658771344,0.5887851802208092,1.1086410526462769,1.4786108911796005,1.1923207497676844,0.47807692520326467,0.9563496889457905,1.2531088208406844,1.0330733598391477,0.6043551188389218,1.0136736795054806,1.303528314464206,1.2372204527850965,1.2112540086726538,1.193541685864247,0.8660118107006401,0.9077442699551975,0.9819305492629813,1.3721079304737558,0.8178814905290868,1.382996284892982,1.1457022506206818,0.4681998649390323,0.8181478497704235,0.675883620278463,0.9174022485014477,0.6326341667466607,1.2020206607433548,0.6862622758041765,1.5198523491643963,0.9532748711622494,0.40905716429586336,0.9034582958228512,0.7755792442405073,0.8024352321483448,1.3047242795710328,1.6295140902483773,1.0911708241737281,1.4493404486674575,0.44976150000864773,0.7220256765993135,1.2124752310223292,1.5774992417639884
Angola,1.3235047928556978,1.0,1.5217795730024883,1.7142771352396635,1.5542214606208624,1.7798174249146768,1.7341043754917105,1.690527485931353,1.2885584665381011,1.3283982714320897,1.652583488741689,1.7772766365822885,1.8171029453534027,1.2259523556257468,1.389653403995129,1.4857847708235272,1.4839677540642198,1.736333929599005,1.5399501665018276,1.7992276876906879,1.7386030503347596,1.4716985307002264,1.4810685951392089,1.7427914717245534,1.4798089986615877,1.7240882523522911,1.7700076273059098,1.8680011651845938,1.3908309897621054,1.5239132114726055,1.557139087638669,1.7715061117597812,1.3296938617738716,1.6685375204314186,1.4685048562698568,1.4132159432226734,1.5210766261888018,1.5554532216943011,0.8085818224441044,1.5015256438353481,1.806645603122367,1.4544970852942682,0.7131635167317194,1.5406048722898347,0.7636423373056311,1.605297231683012,1.501132823707519,1.670020946532253,0.7566611767242377,1.7661542803507437,1.4072550125487138,1.6203629631939016,1.7937298026729138,0.8504745915282358,0.9024242307144297,1.5537731051544517,1.6922021705678008,1.5032086845143755,1.8169538760714614,1.5248128218708803,1.4229763043946835,1.7245960573368035,1.6700967400807964,1.6934344035555244,0.7483051421295897,1.059032965752569,1.3355139429315457,1.7577710944009985,1.7842819788153852,1.3783234656936192,1.8717842043130029,1.6376947854153645,1.492817565708336,1.666538640922696,1.5060611113974627,1.6100112970244715,1.5290333148134674,1.180961374606789,1.6478132002800627,1.25312321969418,1.299551425766407,1.289388630096582,1.6504523301682295,1.586674734047374,1.6914253896975093,0.6342507012658948,1.7052815194769437,1.1846855161679193,1.5122373613673443,1.0646189652212446,1.5818984877650495,1.689367168917621,1.811144423445229
Australia,0.7798107284356742,1.5217795730024883,1.0,0.7224843384260942,0.5342356297198888,0.7237120472002273,0.7664981900162369,0.6482362291919588,0.9328489675463195,1.0745606998251758,0.5022736061757018,0.9007647955267206,1.169962681154163,0.8477257921378611,0.7281598357625385,1.7578018171777554,0.7539466317593861,0.625712736847543,0.7023374742712518,0.7907298443151428,0.671061313722849,0.7315416115092066,0.8131246949347368,0.8285323850609508,0.8674769130337914,0.6948775428239822,1.373654552018677,1.072673320383773,0.9434338587837926,0.6336273934060884,0.9928400346244218,0.7554304662091177,0.7117087371175634,0.8967780270320493,1.2216969065212047,0.7732462538345948,0.765662014115279,0.7816678964835607,1.5668013346605965,0.729654101224105,1.1763672772660658,0.6456579496536662,1.5824036049359878,0.5743637671556433,1.8215812032688283,0.5929847595577588,0.6888209821662571,0.5982435369097924,1.2601653469210317,0.6542616001735646,0.8630254456509927,0.6432058674396165,0.7781860249334275,1.7063029857506296,1.3985905857582979,0.5101510049931245,0.8347029608599148,1.1003972177324062,0.8301571622741929,0.6109103163163139,1.1945260869937164,1.3911400321287941,0.8733785135654646,1.1938255387906187,1.3782307716832358,0.9787366544224013,1.2818258641481657,0.6537661090618397,1.3650100730743062,0.9736230875144674,1.1700016742397719,1.1281479592470278,0.5653534183079558,0.5471810524403615,0.5568852505307244,0.6860901041520907,0.4685448585657318,1.3742319362176068,0.5907948959230813,1.528843433730939,0.8083066933706162,0.7149185809077483,0.753183746117376,0.8247329788345994,0.6635156493772627,1.5190152488686273,1.6450642158211306,1.230637029993647,1.4793930073562458,0.8379199393147192,0.7884121532950188,1.341570366035254,1.4061151619222545
Austria,0.8547924223419385,1.7142771352396635,0.7224843384260942,1.0,0.6041232655956468,0.40979970116805853,0.4946521426608006,0.45534835043707916,1.1545424786362102,1.1880203158870954,0.46782100566264145,0.8189204488190747,0.7762939400382528,0.9831028385473186,0.8571339707486864,1.6733026161645972,0.8206712722198091,0.43616572000028747,0.8406811262266276,0.6703408634170914,0.5096952447468017,0.6922918830600562,0.616321947222892,0.8063869637048536,0.7599129156141345,0.5234942717451283,0.9750222110291517,0.5723283680612691,0.8313493689442921,0.5527506631233782,0.6725176228789823,0.7069452192674343,0.9142699662598909,0.6836371685562991,0.9540047426681247,0.7024149988709629,0.6216696659890566,0.7266474198647578,1.7229581959470508,0.5712644260739053,1.0947460555236395,0.6938656643233986,1.7075016754353483,0.5584579477764114,1.9364222800658886,0.6108416381888044,0.7599937872120877,0.42123768490171876,1.481132389727391,0.5163643182224956,0.9527365138193635,0.5514523560578706,0.708614019977906,1.7825743526608964,1.490111625929675,0.6168733548515515,0.7433679046773748,1.1932814091327666,0.5491073160661721,0.6536808880933129,0.9394036735718536,0.9925890214781427,1.0311325500915898,1.0523330415738255,1.6175033391054754,1.2635551276067951,1.1051907318192513,0.5881013345117067,1.0217309778951247,0.9366134157724284,0.8327756090379079,0.7788416488628225,0.69593226682714,0.5383755645137314,0.7240755264779513,0.840480905939435,0.6329084060992507,1.4410783867392458,0.5259337109509208,1.5116972489707028,0.9594185956437796,0.8696439139477988,0.5968669046681605,0.45945145750022426,0.5656985583031786,1.6979140677957145,1.3611496992656922,1.3951194276214594,1.358997072098842,1.1054593991714834,0.7274771449408063,1.0310742405108586,1.2437122204626685
Azerbaijan,0.5571792097378233,1.5542214606208624,0.5342356297198888,0.6041232655956468,1.0,0.5694171492739124,0.5986117734907533,0.4034911816196639,0.7453559862222598,0.9475382757701927,0.2925963383866297,0.9897502755987839,1.0976441844058153,0.7005230959875849,0.7128742690659716,1.808169815320403,0.46007151140059804,0.4299443948532222,0.4878800810907819,0.6740417577955027,0.549614152271989,0.5705899861294781,0.6199749630904862,0.7312466784353747,0.5186462113274062,0.5451426414140041,1.3066927363034815,0.9812661039234446,0.6501487160060728,0.4289156099530467,0.92387968712916,0.6736068983617766,0.4777904873002347,0.5681722381949179,1.1740787534247716,0.6974134341501238,0.37233798271005786,0.6328110851832234,1.4972080208576906,0.4880016102082094,1.2384729132916914,0.4098575175343207,1.5017834785884223,0.37842092174218533,1.846381098162868,0.29961477015231097,0.4302893116194056,0.326256503351575,1.3314514002647069,0.521675954086854,0.6900570781185432,0.46969225144814286,0.7826723970336369,1.7523937476667728,1.2442973606683296,0.3009235626744346,0.5808409203276474,1.2192236112201504,0.7325997551585002,0.4772967645760448,1.029817909373811,1.3031678808831162,0.9465217159412249,1.095398703971195,1.3760298728791256,0.8448376355220341,1.1646550166556213,0.5494754298132078,1.2821950915455846,0.6952773352345323,1.137438636814041,1.0935217362773209,0.22295107189794874,0.44570630452236815,0.26662198761689204,0.6117315411406654,0.19983378036100957,1.1753845441971387,0.2572011010165714,1.6135229648873555,0.769800005630274,0.4471913527519965,0.499528237420092,0.6531336697920906,0.3942090104586293,1.5662022191889478,1.661078936171748,1.083826379683779,1.4103831123577837,0.7895426301802232,0.6829356504218647,1.2822743272988475,1.3963254937737195
Bangladesh,0.928021468746124,1.7798174249146768,0.7237120472002273,0.40979970116805853,0.5694171492739124,1.0,0.406612276536075,0.43049149205144405,1.1609236731937556,1.2178307998191318,0.39662995301975806,0.6316423580261407,0.6498102551311348,1.041817186734671,0.9574001278872006,1.6414271872783017,0.7553819254402957,0.20265855501580887,0.7733812949577151,0.4042563548576091,0.32971954967226913,0.763070206365395,0.8210314383450122,0.5902944791974021,0.725539394601375,0.38029145257654745,0.9165584147880119,0.6227086195908279,0.9419787748798221,0.7075747137667737,0.8974148758255791,0.4319046965517579,0.9670683382934421,0.5863297860630503,1.10839797797051,0.8581408496654136,0.6629833982895207,0.6597298386001774,1.774879121137737,0.7255538732035204,0.8829347156062135,0.7746580263238093,1.7740780307414612,0.5964207924498915,1.980608685535119,0.507880573952857,0.8185148776023465,0.30146931157148443,1.5776946167571286,0.33385778513208253,1.0234493479626234,0.6166627177914586,0.49019979297794836,1.8698541788725225,1.56984093859297,0.5979772110550778,0.5171342626778392,1.1728494872112256,0.25707789394008745,0.6608848989401063,1.0751951128616837,1.0536898163273358,0.9595660580618165,0.9091157813719597,1.6595833406596696,1.2975503367667487,1.1791971783235604,0.3866324655748361,1.024202159178615,0.9102918194687363,0.6590624660725168,0.8915948390011782,0.6831279748453997,0.4727281020094764,0.6351974834561844,0.7250696009543542,0.5731859162682109,1.3675854580776587,0.4087242452826729,1.5459254180425694,1.0008442721398265,0.9474469619672893,0.4584343966868148,0.6678466398104863,0.4477583711931628,1.771630973774292,1.3799596104487677,1.4024219968949776,1.2511701094095,1.1624501946747172,0.7707648927311905,1.0675281448648102,1.180059211251528
Belarus,0.9201987385523603,1.7341043754917105,0.7664981900162369,0.4946521426608006,0.5986117734907533,0.406612276536075,1.0,0.5204694377188641,1.1081442027787574,1.2769285991453483,0.5245192404840661,0.8389624388532327,0.7765881973222197,1.0082539118306886,1.0357411391568399,1.612801037270763,0.6528565803050518,0.4493087854461889,0.7774322449310327,0.5959455820429259,0.4258434018141257,0.8181384466066625,0.75430681123118,0.7348083958802697,0.5829151750761951,0.5233460525269792,0.8937987549130938,0.7808851903181647,0.8243223829379831,0.6852166666904418,0.8724382211300108,0.6366683594283405,0.954737140837366,0.4530283354023181,1.0416485951877352,0.8873190958482715,0.6199546056685264,0.6876988728051254,1.7123578108012258,0.6448068262479686,1.018949276034703,0.844860606857494,1.6677181486904271,0.5153540161739453,1.9158479266071684,0.6327865657120725,0.7954103595060233,0.41992793328399264,1.5508559082915416,0.5583013928373426,0.9159968628618604,0.6351939482143033,0.6971676545426587,1.8005546770990621,1.470737451463909,0.6190179304711813,0.6123367975184498,1.2970930921293764,0.5181316860914796,0.6649981766883051,0.9596804124198762,1.0473507657951044,1.0744061387578998,1.1024481464476716,1.5138589101888267,1.23104847488917,1.142934026469756,0.6286285459394717,1.1131848081962732,0.8343969241404936,0.8215748884299459,0.9308374552357794,0.6944500994613693,0.670445679697875,0.7050725366046818,0.8589659014661691,0.6318047387938044,1.253252075905882,0.4291134898621164,1.5996250969839,0.9601903590097869,0.9232492089053118,0.4808637632677865,0.6766994968810216,0.4931609601239985,1.673043511288517,1.458683557286086,1.387669052576734,1.2170169951404968,1.1414909956687436,0.831884166667182,1.2317237440990443,1.3400499945673499
Belgium,0.7769949302652791,1.690527485931353,0.6482362291919588,0.45534835043707916,0.4034911816196639,0.43049149205144405,0.5204694377188641,1.0,0.9601820444122725,1.085110330653597,0.36518961315189463,0.9033084375092678,0.9753967829732844,0.9458262701741134,0.8112578428525248,1.7392492179731556,0.6728327942359603,0.3361891638790218,0.6260937253330969,0.498645413909072,0.5163890909503103,0.6725707010288765,0.65792182579895,0.6239182381897789,0.7028562891768699,0.5208936877220075,1.1866402167443628,0.7591462649941838,0.8602173334060006,0.5431540057455502,0.9122169251029707,0.5907850995475106,0.7527610559718969,0.6148240863154344,1.1690063673581617,0.788196217940143,0.5908950407870047,0.7833985485463705,1.6224884100131163,0.6014422453705555,1.1575868853478677,0.5912611982090257,1.6656391915391848,0.5058402988579515,1.923919096672981,0.48077605670506407,0.6073389635337706,0.32784121920205667,1.4786941771970787,0.35061210127372777,0.8529960600674874,0.4595947254043342,0.68666630616767,1.8318505946982617,1.405306091748097,0.4529420825720932,0.5782759853504601,1.2012515812075306,0.5660101732175687,0.4636039133808651,1.0666866521270535,1.2346995152549485,0.9659990201351525,1.0820675176544878,1.5266024371617277,1.0868532197278071,1.275906409118715,0.40424533464733986,1.1660525233657468,0.9638911810079865,0.9845732561160284,0.9587862769684196,0.46902586732609686,0.43943714718668025,0.5265235472817319,0.5934365092686567,0.44181256151960463,1.3346708130346892,0.37298765710722553,1.6376285651740965,0.962129817330254,0.738347189520683,0.5617821133692459,0.6472119211202467,0.44309586328672684,1.697599696844688,1.5478189232984412,1.18904255625786,1.4256502684753314,1.0354059806969331,0.8079957810392732,1.181761679120915,1.2506391135872141
Bolivia,0.9026339127669559,1.2885584665381011,0.9328489675463195,1.1545424786362102,0.7453559862222598,1.1609236731937556,1.1081442027787574,0.9601820444122725,1.0,0.6129579172396747,0.9163807294696251,1.42142855327076,1.53137045576238,0.8362703896097955,0.9130390372596418,1.8734762957765398,0.8166701536386224,1.0285990998187486,0.553605927507352,1.0748006185965637,1.03631686958432,1.0779941664824697,0.9852052979907564,0.9806063056577256,0.9541789861126594,1.011366143909713,1.6441845464855982,1.4536184997473096,0.9427047601857084,0.8970658621755548,1.255533554193517,1.0376612783738524,0.6479404847551943,1.0548944694880749,1.4648661489811297,1.1200760268304475,0.8073253933970861,0.997653856947799,1.246843127004181,0.9822322364143573,1.4615208161248336,0.8456795248353636,1.1405395660666335,0.9185344211005574,1.5304764109443765,0.7694482358864154,0.643246192080913,0.9882353658734816,1.2144846624552001,1.0203527714730507,0.7410317334093754,1.0121469776071825,1.177286386958721,1.6340211159786509,0.7136374905655956,0.895518662565999,1.0238707132869331,1.2842075306719818,1.2512720270925597,1.0038543610882609,1.2293384150168984,1.6226068289358306,1.0002704665379543,1.287569408910207,1.1091569188852424,0.4160290872262613,1.4140077944906344,0.9905081550025058,1.4686194640542647,0.8682164095516539,1.5045652554210194,1.4161706020291327,0.7420212955163841,0.886769371315016,0.7172087678839931,0.8135529527436796,0.7668401293008072,0.8920349726147823,0.9142323688270099,1.7217763641637223,0.8272086229672632,0.6023399773611254,0.9866599083183332,1.0672473539789482,0.9009619544447551,1.3396614114743102,1.8136028347979622,0.802224583873439,1.5302835901503542,0.9500828340300799,1.0567301490111103,1.57199812518292,1.407376860519615
Brazil,1.016717112558984,1.3283982714320897,1.0745606998251758,1.1880203158870954,0.9475382757701927,1.2178307998191318,1.2769285991453483,1.085110330653597,0.6129579172396747,1.0,1.0250170338890894,1.381115933613118,1.4899615602003993,1.0001288422412733,0.949782926465811,1.861801121362276,1.0160028118221973,1.1050953066113967,0.7532536970030678,1.123913705760127,1.1541170619483714,1.1989314869630185,1.1561212458221184,1.0484758947840194,1.191865400557523,1.0691047277692034,1.6525191609601075,1.3931895921912534,1.125640299697464,1.0772485293778882,1.308348373375286,1.0769101012281936,0.8776940375970299,1.224259318714274,1.4829751901702797,1.205057535123047,1.0076485197360419,1.0416200955197767,1.368563875305673,1.1339260954207508,1.4369365093374393,0.9513574796116087,1.2758724597870614,1.078400673000641,1.5317872919064532,0.9084397942535828,0.8709055716716816,1.1216213115065707,1.204996594127656,1.0680704744157679,1.0349264954749036,1.1265342246583832,1.1231398283052856,1.654160990170141,0.861333632562789,1.0821553834893392,1.1682138246425926,1.228689971427333,1.246041101331261,1.1636275143407568,1.3999290655298886,1.6141811481910178,0.8327827081373493,1.0686576779054637,1.3409143923063964,0.7647536181427181,1.4478103053960167,1.021889276943624,1.3039800377610264,1.05751879376311,1.4201158246482493,1.4146141295006693,0.9790788680023992,0.9611297783380551,0.8966946723535734,0.8968247379262776,0.9370070091761087,1.184889184087598,1.118702089828006,1.5880173654632987,0.8598884750860785,0.8065416586614577,1.1882208576763507,1.0831601661523247,1.0221890044235442,1.4396729770141359,1.6344643092683533,1.0615493712551654,1.621187658225062,1.1276533560681343,1.0098549736316271,1.4409043228594494,1.1367590807279502
Bulgaria,0.6687054709369851,1.652583488741689,0.5022736061757018,0.46782100566264145,0.2925963383866297,0.39662995301975806,0.5245192404840661,0.36518961315189463,0.9163807294696251,1.0250170338890894,1.0,0.770939055316272,0.9470617532841374,0.8457835784604418,0.6841807750095685,1.7644566327365427,0.5618172577110175,0.25622761139871997,0.6016476116755453,0.5553586515433742,0.45676621008515034,0.5620914909095658,0.6689720958112404,0.6569142559233763,0.6446028648649902,0.47153971345682055,1.2001413184942598,0.8322541807990298,0.8098168810837019,0.5066791459392183,0.8425098211673836,0.5416029103721407,0.656372885571368,0.5918647739209623,1.1088157544198562,0.6629887073266273,0.48796263359210446,0.6644339198884175,1.626027415546614,0.5290777375172988,1.132628396349014,0.4787787937434665,1.6335316632561667,0.4254487278495462,1.9141662586687351,0.35360040842862045,0.5114104671841865,0.2301510643757787,1.427211762000431,0.38211989383714157,0.8563657662604756,0.4141555066307528,0.6704001342649871,1.7978963569048885,1.4086106354959942,0.32665422113271936,0.5304080283226893,1.1615372336561247,0.5737567727368829,0.49052771964117736,1.0919308062629094,1.2323961641131904,0.935593163046258,0.9737579907702766,1.5058525911540885,1.0550718643641062,1.1625762064034608,0.4046951231176933,1.1426767412644763,0.8177103831416153,0.9733885910279899,0.989944038749986,0.3702448622263827,0.3041348017775657,0.39989298198027873,0.553449383203359,0.35001815972265526,1.2847524803469945,0.2562392907267472,1.5612302372390623,0.8533984719877895,0.6494138816722412,0.46479882605349143,0.6436377262396183,0.33620398520294476,1.6430282431464136,1.5495314603294061,1.2071149215689922,1.4183317725548417,0.9129828340592187,0.6569732479275657,1.1465745809331047,1.279923363449314
Burkina Faso,1.181951657036801,1.7772766365822885,0.9007647955267206,0.8189204488190747,0.9897502755987839,0.6316423580261407,0.8389624388532327,0.9033084375092678,1.42142855327076,1.381115933613118,0.770939055316272,1.0,0.662308201263455,1.2666354748506607,1.119744641679109,1.4287925555321963,1.1082290655290457,0.7166503424128492,1.1181910480464712,0.76525821446856,0.7818158319918339,1.013804642422061,1.1517736766985405,0.8508066271029847,1.1261233912111157,0.8211235780443915,0.9667904896421524,0.8303968007761332,1.273201243741593,1.0506996008951852,1.086585970727534,0.7067074077032475,1.2287552970106372,1.0215313329390192,1.2000896800226915,1.0925655006428308,1.0420191553182334,0.942387128683964,1.8281077855273453,1.100653212805042,0.8336405407664622,1.0756707988851446,1.8392068308555498,0.9805364374739931,1.911841254993056,0.9299065025340716,1.1102034212074836,0.8103309356761454,1.609179251394085,0.7294344818653001,1.34473269954843,0.9242063081076007,0.7252293661435428,1.7713462638622062,1.7455676162509122,0.9465748941865241,0.8695772398930852,1.1168671684429203,0.6084183154112157,0.9561545362342755,1.3440390064149481,1.1438024815440107,1.0299007729091627,0.8364272869419813,1.7586718163365105,1.5378019961720533,1.277848426673917,0.7223621672284718,1.0374220530748426,1.1871503819315048,0.6803961306629063,1.0928731576015138,1.0429720750901141,0.8214964970230575,0.9954268111965076,0.9535206042286428,0.9636928030790118,1.4581622410091037,0.8658891612632048,1.3534136694595957,1.1828013332539153,1.242807793637437,0.8599990936645346,1.0333282098466179,0.9009468866523888,1.7519555081664537,1.2058988350103201,1.6027256571854611,1.2891893443472995,1.3222606919790603,0.9859040749863156,1.0464396548645953,1.155537922176625
Cambodia,1.247116860577852,1.8171029453534027,1.169962681154163,0.7762939400382528,1.0976441844058153,0.6498102551311348,0.7765881973222197,0.9753967829732844,1.53137045576238,1.4899615602003993,0.9470617532841374,0.662308201263455,1.0,1.2857817041515474,1.274284166242614,1.378287134469258,1.185145690084223,0.8031451263403955,1.261381674161365,0.8840253023880129,0.7785763223377182,1.1062863050421243,1.0924277696757612,1.0122774645934587,1.049686682593588,0.8426312936831947,0.5830350726253152,0.6947943027623535,1.1948269971605032,1.1257734250772713,0.9752109800713216,0.8470110071616477,1.365790242712829,0.9147979628718469,1.0312272212213884,1.131899468303755,1.030895057396078,0.9177588903585703,1.8664479286123399,1.0927067314773484,0.7720512032552111,1.181178653532549,1.8128477796602822,1.0020585364682564,1.9003895188033644,1.0288534867178294,1.296864074850502,0.8455610575094056,1.6473874365725347,0.9040036305347298,1.3350299547740405,1.0268089343864022,0.7270417716470441,1.7512916681201876,1.7396733158057394,1.0782560319875611,0.9833396089864934,1.1459104510517426,0.5425081398220435,1.1095890689293553,1.0934842918889267,0.7200025906442351,1.2065154176112125,0.9093915231674143,1.8117227839425833,1.6491584448148493,1.0469429648134012,0.9265698761820813,0.9338481988921494,1.1289865306257147,0.39858965436184235,0.8747848022646556,1.1827120733960566,0.9770775306656609,1.1573713052113193,1.1792270515534513,1.097294156444286,1.4380613401651694,0.9554639668292327,1.4557710479826496,1.3292706756603059,1.356737557743404,0.9178125437716074,0.9249420306479875,0.992897101444495,1.7471705367918853,0.9018390424652912,1.7115950678373066,0.9266024198086004,1.4508652895245566,1.0103166796349567,0.8789194973607721,1.1445863449948526
Cameroon,0.5243356113954875,1.2259523556257468,0.8477257921378611,0.9831028385473186,0.7005230959875849,1.041817186734671,1.0082539118306886,0.9458262701741134,0.8362703896097955,1.0001288422412733,0.8457835784604418,1.2666354748506607,1.2857817041515474,1.0,0.8294773562046653,1.818956983325687,0.8497870986449068,0.9520090663631523,0.9214188962934211,1.2079872409666295,0.9908763806961335,0.8274582058269712,0.701900565892261,1.192609322533154,0.778502618910521,0.9829278810653226,1.4584087850370104,1.2846614075267417,0.5797748771060269,0.6641354424900828,0.9442934425422578,1.1150267155057116,0.5818928296928363,0.9714679815850409,1.1720916309842724,0.7823680559040955,0.6623577439399223,0.8223073821499921,1.2713906727536788,0.7066538142633153,1.488785130928622,0.6697582862040067,1.2070358050533108,0.7199541104800821,1.5791266882005355,0.8436691485942625,0.8217572120988975,0.8555761417846899,0.8707926927361952,1.0963201991193403,0.5421375605149837,0.8709381218092135,1.1367177776023156,1.440042507928715,1.0469716299240623,0.7261975589810842,1.1143555457367829,1.2296167059519705,1.109440395277195,0.8784438441139214,0.9930216792766362,1.3071334092530158,1.1804425716792637,1.2119745651319398,1.151103372788748,0.7987338675500547,0.9347719146781598,1.0915773621002236,1.4313463284543757,0.7496241113176414,1.408647545606369,1.2066591919495384,0.7064198225568397,0.9096705718953927,0.7597599216640963,1.0543108231860112,0.7056641502943063,1.0546477967903567,0.8514941653181126,1.5893438147606522,0.9002317332967702,0.533940419914192,0.9967722391570301,0.7777687048926597,0.9440578172097754,1.2388338538507209,1.6234575549618837,1.232304211413606,1.321596682278498,0.5528632002642034,0.8308052987333309,1.330328745714668,1.6015705589641813
Canada,0.6543086150028288,1.389653403995129,0.7281598357625385,0.8571339707486864,0.7128742690659716,0.9574001278872006,1.0357411391568399,0.8112578428525248,0.9130390372596418,0.949782926465811,0.6841807750095685,1.119744641679109,1.274284166242614,0.8294773562046653,1.0,1.8270686867704375,0.851083039522424,0.8312686085252166,0.9052017461757428,1.0461654785559187,0.9597984766109648,0.6798492605966328,0.8136569641084032,1.062195137396356,0.9548652068735602,0.973858886806179,1.4871383168042605,1.1459304794332237,0.9798624004177642,0.7589540517962335,0.9209665111167868,0.9846685398164983,0.6540969425062825,0.9629042743368211,1.0714294354509735,0.5744621706151799,0.8288204629630069,1.0216191722934542,1.4184945685848576,0.7271237571700928,1.464252480821738,0.4961399713481028,1.436859944099014,0.7095111747746695,1.7007475728777075,0.8079365653611186,0.648874293662239,0.7899668856039084,1.1951159857576663,0.9261749680480071,0.9915781075715371,0.6644196453085499,1.0873423050226618,1.5569211387904858,1.2787686658914217,0.6799272289432101,0.9614101482712208,1.1384138736076785,1.052244178856504,0.7942882557928483,1.1832744790801533,1.4071349100468447,1.1815172515570849,1.1489645185618806,1.345295798190412,0.9637218146080053,1.1005438675280845,0.9098371591870333,1.2895506002370123,1.0324553976887652,1.329477223531627,1.0801376486679701,0.6481832550581764,0.7137266949471028,0.7618308261036989,0.7714298371678158,0.7652509620763458,1.31220682009498,0.821156978444308,1.5577873362328791,1.0016296174767343,0.662247068750255,0.953292928272289,0.8805613347022428,0.8469478649466995,1.3295888052866087,1.5828584825543783,1.0729354363320334,1.6059663434493692,0.7539942720479541,0.9137397589487146,1.1198737693545955,1.3492505832032433
Chad,1.7995705913568905,1.4857847708235272,1.7578018171777554,1.6733026161645972,1.808169815320403,1.6414271872783017,1.612801037270763,1.7392492179731556,1.8734762957765398,1.861801121362276,1.7644566327365427,1.4287925555321963,1.378287134469258,1.818956983325687,1.8270686867704375,1.0,1.7382342908637483,1.7176937459152033,1.7945001639246647,1.6557298769725608,1.6879908807534225,1.6817573066463587,1.7288767400741032,1.6316780689453398,1.6799673554333918,1.7123347645520537,1.1684658449108778,1.491517422711475,1.7396915003927134,1.7621770031540511,1.6605916423147222,1.7030196330573024,1.816398215612166,1.657302617244919,1.3523351156768728,1.7195890784324372,1.73579228060176,1.7369065031931885,1.485054606116031,1.759225468035773,1.3583902945996114,1.8347620905438835,1.4494176946395523,1.7768013384476005,1.2371121141178756,1.7989051920148007,1.7850433392557696,1.7295514393633207,1.6594128117956604,1.6813244893833652,1.8163802040942216,1.6747082651105192,1.648603103455658,1.1681585455467003,1.7194003092015828,1.7664272370584877,1.6526417914472222,1.6638258831118693,1.6029564956682165,1.686377821449002,1.5671538510828888,1.2624231954459866,1.7176912333889054,1.6892363848033722,1.5508704234352986,1.8182361911462201,1.498496862604104,1.7071942067518435,1.4809148136295278,1.690752215932794,1.4088873471487573,1.5223027352914227,1.8196523421918007,1.827043506678713,1.8296402225926185,1.7712601914924735,1.8129366094202648,1.5899011160382226,1.7206915313761109,1.1743650786987383,1.7447566165627515,1.8400375862009946,1.6674439912317973,1.7982566461781868,1.764156037787114,1.5119384281239452,1.1077250160859469,1.7210867689686822,1.2983702575825284,1.7674352727493712,1.8106364525049834,1.4845942148312017,1.538190997804668
Chile,0.6262625943706248,1.4839677540642198,0.7539466317593861,0.8206712722198091,0.46007151140059804,0.7553819254402957,0.6528565803050518,0.6728327942359603,0.8166701536386224,1.0160028118221973,0.5618172577110175,1.1082290655290457,1.185145690084223,0.8497870986449068,0.851083039522424,1.7382342908637483,1.0,0.6719919085545942,0.6049756121111624,0.7945178697161696,0.7688408729801023,0.7197063258154898,0.835566681605739,0.868923204224241,0.4136827657263173,0.6865661862045201,1.2849929627827272,1.120364146760391,0.7219005245322857,0.6888542094961967,1.0672133716931624,0.8301830919381855,0.6122187714268846,0.488164415323128,1.1213354186738629,0.800251008596303,0.5679507031421925,0.8012227531554575,1.4548001160568584,0.5574563365237653,1.310502728108736,0.6620030740505867,1.427528206958705,0.4962129446925718,1.7575442617677732,0.598258304450983,0.5635198579430606,0.5770352834267408,1.324688220146667,0.7404175848229317,0.838789500996891,0.6283924483274824,0.9512387018456616,1.7018032559237495,1.2320991769176193,0.4895203140971684,0.6533615369927607,1.364575260839987,0.8820942862567116,0.5701513162178219,1.0847674839530859,1.3525137729852117,1.1213750717746047,1.1955133551231971,1.2009405107602198,0.8406039532844033,1.1211634222030056,0.7723405356865632,1.2765304121401326,0.7007534548851664,1.2245397881224418,1.186433971816492,0.47293393817024265,0.7457149971143634,0.49321935799040595,0.756864431634689,0.5230277502149916,1.1171734977233592,0.4859324748073611,1.5932049894021052,0.8041012373750028,0.5788604850352137,0.6329983383635186,0.856345932263251,0.5505812349071975,1.4937722714486814,1.7188163497865483,1.0728092624466274,1.4160208866426702,0.8007965476410214,0.8364893347086392,1.3877799775071447,1.4786239592093118
China,0.8293684331725639,1.736333929599005,0.625712736847543,0.43616572000028747,0.4299443948532222,0.20265855501580887,0.4493087854461889,0.3361891638790218,1.0285990998187486,1.1050953066113967,0.25622761139871997,0.7166503424128492,0.8031451263403955,0.9520090663631523,0.8312686085252166,1.7176937459152033,0.6719919085545942,1.0,0.6555719291093922,0.3982541160842507,0.31673500541368027,0.6828411069339385,0.7599453991607165,0.5377323708768897,0.6989264859627948,0.3931446036820648,1.0607285281719694,0.7058742814339227,0.8931407136644873,0.626833268417891,0.8837848428162085,0.4016849648751738,0.8371005994524248,0.5688385758287388,1.1313381407702199,0.7811654793321362,0.5915043304364264,0.6543843346620353,1.7136073492033597,0.6495062808415235,0.9888158182967828,0.6413870610895628,1.7191213377050443,0.52881101925074,1.9614063831921429,0.39396830933238136,0.677308645769603,0.20958170239000765,1.529693413310504,0.2818112177416446,0.9347230075165757,0.5234560392317209,0.5257444661055654,1.858950116762254,1.4899240538602059,0.48252689148179145,0.45663130933805013,1.1828015436214145,0.373549769138608,0.5980930957334163,1.0997949746905467,1.1500390243181806,0.9261053004361242,0.9099084654470098,1.6031219445489504,1.182044888248066,1.194586079425303,0.3113149505026451,1.0638393270133903,0.8776246402475965,0.7893113096340707,0.9069205536311238,0.5408621120463731,0.3480157284270504,0.5143039461426193,0.5908865716981085,0.4562304557871678,1.3312467614834325,0.3148905550528683,1.577520648767505,0.9405989144416707,0.8187439046491424,0.4435064194649039,0.6617644916369777,0.30925494489283667,1.7305669476679322,1.4654419671796377,1.296511487374955,1.3399803121205385,1.070452442519915,0.7395713913183977,1.0883800285162744,1.1816300674043512
Colombia,0.9102580544010102,1.5399501665018276,0.7023374742712518,0.8406811262266276,0.4878800810907819,0.7733812949577151,0.7774322449310327,0.6260937253330969,0.553605927507352,0.7532536970030678,0.6016476116755453,1.1181910480464712,1.261381674161365,0.9214188962934211,0.9052017461757428,1.7945001639246647,0.6049756121111624,0.6555719291093922,1.0,0.6401258147813799,0.6720228764005226,0.9542233043288234,0.9389601669764622,0.5549409470072618,0.7827436495940381,0.5888624982109659,1.3694460194805815,1.1485545464322249,0.9317798581592507,0.729504426689465,1.197997460052007,0.657700298811255,0.7106646549432799,0.8168599419700263,1.3658909507906385,1.0344409159322585,0.6572897138072546,0.76465628444729,1.5439011492784782,0.8555565691105917,1.1561845346403006,0.7865525542548838,1.4712979168363935,0.7051727821902063,1.7852444501630562,0.41844090946329976,0.50364798140957,0.667486865719303,1.4086379060941863,0.5812340248717891,0.8143117445238388,0.7938056679801629,0.8211164652858187,1.8342118019123528,1.098116040428653,0.6864504440711081,0.6925147157282457,1.2694728075543336,0.8818448444777235,0.7693919920375945,1.2069368366294528,1.4723406609799765,0.7809785549879077,1.1423152213200067,1.3414971002355849,0.7213254131829616,1.4156974591814337,0.5673247285940624,1.2884699130418613,0.7956792094721931,1.1930759066959358,1.2626665020370327,0.5986615332060624,0.6026511436017742,0.4274466857417252,0.5843627727657374,0.4647478264017483,1.1203486116868648,0.593628439941342,1.6825125060747061,0.68872876969317,0.6389831792006986,0.6584037752523187,0.8803832443725407,0.5623666353049835,1.6307100551081462,1.7380466273973132,1.0365343374313352,1.4896440302695793,1.0346458590406842,0.9370073787897751,1.4881460900643726,1.259985741091664
Costa Rica,1.1034213406347237,1.7992276876906879,0.7907298443151428,0.6703408634170914,0.6740417577955027,0.4042563548576091,0.5959455820429259,0.498645413909072,1.0748006185965637,1.123913705760127,0.5553586515433742,0.76525821446856,0.8840253023880129,1.2079872409666295,1.0461654785559187,1.6557298769725608,0.7945178697161696,0.3982541160842507,0.6401258147813799,1.0,0.4870713691740735,0.9773414318158133,1.0357184950684732,0.32133566726476964,0.9001921425680626,0.42673787635837923,1.0540048557612274,0.777445183973517,1.135512452900813,0.8798719454671813,1.1422675409243879,0.27813390850459646,1.0443469114828916,0.737978441345521,1.3136772727032278,1.0810000378601305,0.8519545325630961,0.8343504044415104,1.7934517907170484,0.9342403311523924,0.8168916993715354,0.9281030050140124,1.7995888911732711,0.7815217537471338,1.9573391668756497,0.5497984908051707,0.8318069837124543,0.5412093642616893,1.6556588956299567,0.26754356080062786,1.1016359184745539,0.7823972748289907,0.49137801637739237,1.9551533160839587,1.5325040137175785,0.7439143687809892,0.5095265977674431,1.2154672539375275,0.441675578466034,0.7685804053058488,1.2595593141429002,1.2751238558618545,0.8439506437492005,0.9449034964453701,1.6439622321397287,1.2493996018452405,1.4244610785383582,0.2480107574002054,1.028469523500578,1.0629228391979304,0.7395217357810879,1.0285912784866031,0.776872829945892,0.5198151744330635,0.6649929885844719,0.5610576576499217,0.6527841818491269,1.365516795995251,0.5733565120935287,1.6196327443284353,1.0238185579441044,1.0281681555464086,0.5905351545402504,0.893482222579641,0.49630084753548886,1.8278134456652777,1.4857314241158892,1.3044767567012778,1.3599958485282597,1.2989880879660691,0.9645857074118696,1.2175715061032697,1.0254815869694376
Croatia,0.9645685531760255,1.7386030503347596,0.671061313722849,0.5096952447468017,0.549614152271989,0.32971954967226913,0.4258434018141257,0.5163890909503103,1.03631686958432,1.1541170619483714,0.45676621008515034,0.7818158319918339,0.7785763223377182,0.9908763806961335,0.9597984766109648,1.6879908807534225,0.7688408729801023,0.31673500541368027,0.6720228764005226,0.4870713691740735,1.0,0.8279542606819117,0.8360148503963041,0.5659638210529201,0.7147099192474203,0.4250519951017744,0.9888029332248062,0.8099876798902824,0.9242683116484245,0.7319148782422229,0.9083053841716954,0.4819379711352497,0.9685342850287415,0.6237577078469946,1.17970957169899,0.89939137041531,0.6324444293348708,0.5673518660394257,1.7363421403254407,0.7623845857173781,0.8774695042781745,0.7871321528829875,1.691540741622933,0.5977409677467552,1.945916923655855,0.4486818244076195,0.7917656660252412,0.3745299285210082,1.5717800568073426,0.43374242418004,0.959620594769556,0.7151528739578298,0.5367120111422571,1.8676336791327148,1.457744461907438,0.6417675457385722,0.5329299085812633,1.1431786898795961,0.4532998264858868,0.7436666461666546,1.005191453645942,1.1210786900980005,0.9166299122285122,0.966876355159529,1.5934675968911487,1.1939059930173679,1.2176278265750262,0.46420091381989315,1.0963838990911898,0.8090449849181562,0.7483759189752753,0.9443295905478892,0.6709233535119987,0.47774484907572795,0.6093895429711087,0.7572624917616935,0.5420313612528421,1.2924982421443225,0.4214452229931935,1.5846723694949496,0.9087230939081322,0.9057017787745227,0.41636693818893716,0.6793713299785316,0.4158228012483746,1.7221398203382687,1.4474656757513091,1.362529925165252,1.2420147828598427,1.1540051079988585,0.799594742113543,1.1846446031173041,1.207647563454058
Czech Republic,0.4878635140142951,1.4716985307002264,0.7315416115092066,0.6922918830600562,0.5705899861294781,0.763070206365395,0.8181384466066625,0.6725707010288765,1.0779941664824697,1.1989314869630185,0.5620914909095658,1.013804642422061,1.1062863050421243,0.8274582058269712,0.6798492605966328,1.6817573066463587,0.7197063258154898,0.6828411069339385,0.9542233043288234,0.9773414318158133,0.8279542606819117,1.0,0.5433027756188368,1.0526213516581429,0.6752409619025788,0.9122826444693629,1.3130444391260423,0.9790557449605348,0.7349644709371788,0.6047153246066188,0.7524774416144275,1.0043073565140725,0.6207404671797623,0.7283910051565662,0.9266526585086968,0.3450196068813519,0.5905112707497533,0.9086762433089832,1.3810463997131797,0.45727251413978126,1.4304484782472682,0.40010771791148825,1.452029498193657,0.6246021389097272,1.793281706672511,0.7325397835552145,0.6841384958522095,0.5595281620655393,1.314778514917659,0.8095817105513508,0.9583843880749949,0.44783915009028896,1.0500285106714722,1.5492456117746962,1.3906077400109267,0.47558338001421474,0.7608580730924973,1.3170260294658411,0.922530827722791,0.5490966122492141,1.0197728605005507,1.205880860519026,1.2890339989710982,1.2279075549472362,1.395187788881932,1.0846123773750143,0.9776745775667036,0.856940630892212,1.3315141646042004,0.8875347059643751,1.224626854579985,0.966807672837728,0.4888130521983711,0.7421765956648465,0.7102719580383434,0.8598122841767452,0.6690423029674059,1.3560609321953692,0.5620819127356644,1.394453560151614,1.0196649505315751,0.6472497020741442,0.7246531640560971,0.838381191461071,0.6919147711951456,1.4669884486887115,1.5580472299305812,1.1042418524801534,1.4716728296592587,0.6958357758169685,0.8077659164878174,1.075812706093038,1.5227997080690412
