Country Name,Albania,Angola,Australia,Azerbaijan,Bangladesh,Belarus,Belgium,Bolivia,Brazil,Bulgaria,Cambodia,Cameroon,Canada,Chile,China,Colombia,Costa Rica,Croatia,Czech Republic,Denmark,Ecuador,"Egypt, Arab Rep.",El Salvador,Estonia,Finland,France,Georgia,Germany,Ghana,Guatemala,Honduras,Hungary,India,Indonesia,Israel,Italy,Jamaica,Japan,Jordan,Kazakhstan,Kenya,"Korea, Rep.",Kyrgyz Republic,Latvia,Lithuania,Malaysia,Mexico,Mongolia,Morocco,Nepal,Netherlands,New Zealand,Nigeria,North Macedonia,Norway,Oman,Pakistan,Panama,Paraguay,Peru,Philippines,Poland,Portugal,Romania,Russian Federation,Saudi Arabia,Senegal,Slovak Republic,South Africa,Spain,Sri Lanka,Sweden,Switzerland,Tanzania,Thailand,Tunisia,Turkey,Ukraine,United Kingdom,United States,Uruguay
Albania,1.0,0.8952335764136864,0.29000919585089935,1.586422718654441,0.3836967853086073,0.4567343882580927,0.5508829364383033,0.17136055501824526,0.330880615414439,1.2146934070334776,0.4114738838104539,0.2070147999729697,0.23869810824711976,0.176465664724009,0.5514169781979577,0.23974052429007497,0.7003359728688963,0.46931154697734956,0.31125163220398067,0.732422375638644,0.27016747724852885,0.34429937532872473,0.34969953825251177,0.5441271971253646,0.16236312290402113,0.2394742650838438,1.4368391500875874,0.4304475692580271,0.7220480545083001,0.5268989778435916,0.21465529072684517,0.25834641299415995,0.2322391676265138,0.21226822319660346,0.6119780448701766,0.13479338729347076,0.3811035764273162,0.17919156627230068,1.6324220100462454,0.6774723250507344,0.2530363430262887,0.6334369518640041,1.1228466990665962,0.2841409678846937,0.35111469502463954,0.5065070108179197,0.3412317035485388,0.9579252360034823,0.33408292062272915,0.36112396779857725,0.1689523570198681,0.5356132091071978,0.5925167052384063,0.43945015927497755,0.5514555182718809,0.6890274636229416,0.2055945250807275,1.1248345977069978,0.5283911490680784,0.18342884511251248,0.44818143040148484,0.3706543652404929,0.25117721653151337,1.3918869110822152,0.4886889498442876,0.9896364632756194,0.3366115646728347,0.6536410970348436,0.2584030623453909,0.18860012604228846,0.9958915429349721,0.33508369402518456,0.3963325944774844,0.35396553440985756,0.6154401708840025,0.2950491178558481,0.40511749472516184,0.5792550024178136,0.40660102899791684,0.450920300214786,0.7273833897128952
Angola,0.8952335764136864,1.0,0.8960935551258198,2.081188506959659,1.3011127555260558,1.201692222223481,1.2458324737325994,0.7572115645424656,0.8831065386928757,2.044802233323805,1.34291427662049,0.9848635838281725,0.8296218588662976,0.9711023684357974,1.4759217778687366,0.9291999515078934,1.448311523038308,1.2926946091464495,1.0904372973072625,1.2909920029604953,1.0093187994018846,1.0859490245752217,1.0992211990951584,1.3544211492076341,0.8526644336315058,0.7666299681991946,2.1015818100886925,0.9624378575277667,1.5699126362461786,1.3086563844232524,0.9440135036082964,0.9314290609700715,1.015145131001045,0.9421105815702688,1.0909248961001294,0.8615510201904972,0.6295465895433215,0.9247244864664608,0.5290245511416343,1.3340168782759667,0.8394237393257583,1.4279125822668688,2.124303264206689,0.8025916696324707,1.0422413053597297,0.9236025967833046,0.9367367592915337,1.5926597233522082,0.933886309541841,1.3535933173470829,0.9104116746959964,1.0483622287972962,1.1331861534286527,1.0882201113191243,0.46442629576668015,0.865157098845488,1.0084814659961576,2.194335218762404,1.1099316875161591,0.9820782216330244,1.3590335165108467,1.0334648027180526,0.9718169876303945,2.20860110834508,1.0955265267632133,1.542435058225216,0.8349328090576017,0.6391204206084843,0.7659582801056906,0.8476393388010656,1.7190542845351784,0.9026880528087806,1.1191864322581189,0.818915955966406,0.9073974939574655,0.7360036106367802,1.3335941817577892,0.7857855074638169,0.9890633331194392,0.9443679379719649,1.2452946233022524
Australia,0.29000919585089935,0.8960935551258198,1.0,1.3523976751216988,0.4522430311288662,0.41851485142450695,0.5389120730580694,0.3255500263470908,0.4221527213444982,1.2057544951244439,0.49849647921384377,0.4651732313026733,0.3565914845765432,0.3152326826174161,0.5582824740477285,0.3354431758916781,0.800294537324602,0.43597331081838375,0.3847340765835886,0.6952641155611393,0.42927043061055686,0.2750021428478968,0.46397020085216156,0.592750234246378,0.3373065982555713,0.4158798904961163,1.3451847653416873,0.40916918509843947,0.6605586854845329,0.6311449305661461,0.40108602906314433,0.36697414608864104,0.4679127120007816,0.43161473127035127,0.4966344742993116,0.3272416618211581,0.5160719127037551,0.3792915128918896,1.7437907674831172,0.6299304139106652,0.32667723289169814,0.5990979988747664,1.1381258736581623,0.3338984548326633,0.4230220916642763,0.6912432315697584,0.6109292192308936,0.6808292994522684,0.4844719675727308,0.4292123299948966,0.32333795040460056,0.5410234342761071,0.42094698076418646,0.5166472805679329,0.6180592833568698,0.6764234599853742,0.488834293085726,1.0881416656918057,0.55421583002773,0.48687931450010635,0.46881803339082295,0.4413618107203781,0.2779671142488567,1.0710273829267465,0.5068044412192149,0.7381503313129206,0.4576610573193231,0.7737990692782641,0.3367666621966058,0.2982611769384088,1.1585367639976452,0.3528708746565047,0.3772424023382146,0.5859725304750762,0.7515559730322992,0.42300985426693216,0.4780610643189475,0.5701868672163243,0.3510539639162732,0.5876446261892792,0.6185405436056479
Azerbaijan,1.586422718654441,2.081188506959659,1.3523976751216988,1.0,0.8365243818415435,0.7341103143307226,0.6342028104352326,1.6779640714386783,1.8861111732859133,0.34864945340229914,0.8925095146770596,1.7295984471491122,1.6683764023327585,1.3768679638148118,0.5924845157638507,1.2605326618802597,0.5361233259115399,0.8441508824163884,1.027643899449095,0.7782411016388631,1.1959475126597492,1.2505616202260301,1.328498974662642,0.8749270329185486,1.7028707063195998,1.4494296630466028,0.3868041527652435,1.241793013408114,0.5939395859906609,0.8293187101757158,1.5840641066174428,1.4273637892040494,1.4623001702956822,1.5889331934038933,1.4884622119539095,1.6403872153624313,2.1965229899681424,1.451437903701554,2.9160246140680717,0.7554482292957054,1.2547951477205106,0.49349921987045975,0.4358760446654756,1.5972739415912427,0.8258920564607022,1.5483868220098447,1.9516189312666834,0.5107026150595627,1.8660105698520624,0.8675475392246982,1.4467587469984853,1.2168984310684592,1.3436061795157108,1.3780724008146943,1.648308261345769,1.002858760263945,1.6916175484787779,0.47007330894368243,1.4636860560342368,1.6805321877860804,1.0066438250522989,1.3417934753127867,1.2485575166966827,0.5158895873723803,0.8729834443396185,0.48831192914376353,1.9200670756072868,2.2495679229770875,1.6049866464176208,1.406188270731408,0.40792518974959036,1.4367305830336377,0.981787519190888,2.1152024630913715,1.7406649969482693,1.6988399288482376,0.8276807690903305,1.144023662956506,1.315533874200378,1.4510686742033065,1.461845211817922
Bangladesh,0.3836967853086073,1.3011127555260558,0.4522430311288662,0.8365243818415435,1.0,0.27770569702572445,0.3716654245531904,0.46378532786275717,0.5524697853114523,0.7611430451232518,0.26897212109954644,0.4522034907495499,0.47507235632281164,0.3248663088944128,0.13873624605781076,0.28311036835989134,0.28504582065526773,0.22472522088752536,0.4195310103760137,0.8910634490003604,0.3127046149577155,0.24974240071485965,0.4316543945882262,0.3768221825346173,0.4235947396118805,0.3546666246464667,0.8648483126502233,0.5269101446800173,0.37671117102138896,0.28944714544346567,0.4250979231449997,0.41212207531825845,0.23853475388414236,0.3348179408692912,0.5373801093129542,0.3666273322040594,0.9455386157460188,0.27366753163790136,2.348527652037793,0.3324446225885416,0.42764186976458773,0.23149401990207663,0.5932253991714874,0.48483046561703524,0.32297250478062,0.6317879899596642,0.6523701302324779,0.6267956273406011,0.6245604386398949,0.12626444915465873,0.29986076407955564,0.6725018782885757,0.4389847493918271,0.5308588189482524,0.8038432004096077,0.7157253817414289,0.47045596078872676,0.5900566442578369,0.5466812138013122,0.3877607413149423,0.266987176315102,0.4693231283067746,0.3094123606210424,0.8738469487499432,0.35814758775418254,0.5343254275415487,0.6606295074494252,1.1250075458791855,0.5529692213600834,0.4395064042377132,0.6402448853678602,0.36454791446681184,0.2629236124383184,0.8103834741637572,0.7959553745684252,0.6572797723003947,0.26614653526618626,0.7907291718704237,0.4502270270251874,0.4947694266562048,0.5932621671438469
Belarus,0.4567343882580927,1.201692222223481,0.41851485142450695,0.7341103143307226,0.27770569702572445,1.0,0.2968319098547174,0.4256844767622668,0.5269049905336225,0.7764825198711575,0.2984048333923375,0.5118817188839674,0.4896807568049953,0.35259446684777845,0.29438981408795895,0.291715297886665,0.3476989972964968,0.25165640292837366,0.3389939925968686,0.7956931942299036,0.32895996592646864,0.3045520962037603,0.4582919545686925,0.4956786630416411,0.45799009551789294,0.3931848254437649,0.9169747434929787,0.4730941157798898,0.37699853229920827,0.35169712404204023,0.45720150184088304,0.46586674638506365,0.31635782378037003,0.39246097810314134,0.519186218056976,0.42249086560484034,0.7842334553732663,0.3361136066586785,2.048032061865379,0.3450212959122295,0.3463123096060142,0.2757368964731539,0.5440701636220867,0.4362090555544314,0.3336675484671933,0.5523521285054535,0.598833725733358,0.5430435508412601,0.6037299201619248,0.315567334695114,0.3450560793700467,0.5176573546413434,0.5344618849660059,0.47446524230160203,0.6842479682259452,0.7245722554057905,0.48347228870953085,0.5397006291933355,0.5451592330032902,0.43862143388543606,0.33699894940007485,0.456688863163332,0.26574735610080785,0.7658262809483413,0.267657421794098,0.4070108023844971,0.6118833148183995,0.9344169898541098,0.45853085153546436,0.401255553549807,0.5935183901776692,0.41929275777522845,0.25219266986318434,0.7332131780191421,0.6518260389527911,0.5444382864221404,0.3093410022155032,0.5581173683312837,0.49066854561005224,0.46573106131150355,0.758124053929615
Belgium,0.5508829364383033,1.2458324737325994,0.5389120730580694,0.6342028104352326,0.3716654245531904,0.2968319098547174,1.0,0.7009762377883099,0.7362722671109123,0.6816176802550049,0.37559035263309937,0.791748138920289,0.6873929033672053,0.5520515514537622,0.29486794248006176,0.5063894543850053,0.325390952541299,0.3148991875829045,0.45040476557314163,0.6086433127173987,0.4842562278666952,0.4422051367526929,0.5119033539563581,0.5232910071947414,0.6307762653747508,0.47295195975902626,0.7144903583592931,0.475542883669129,0.32409701880867237,0.5037983820108125,0.7060340844397395,0.5163345927602383,0.5179887346901398,0.6489169960318548,0.6419291780604329,0.5614488816352694,1.0957880673709561,0.5143635212971274,2.4388259880584737,0.323772965178768,0.5472384484602719,0.31589773634536944,0.5147717941982176,0.5729508693078382,0.3344637244526842,0.7494702381632198,0.9990417973484844,0.5089298501594186,0.8934198449288128,0.3984418640732323,0.4565696749714492,0.6360153397969037,0.6319749614335449,0.727393892457205,0.871656148913664,0.7939520157726709,0.816188999467826,0.5107541567087085,0.6911258933791997,0.7467515867062309,0.4941441491486565,0.5492405860231595,0.3895309667722906,0.8305114146435182,0.3259067067697543,0.465879462814816,0.8513422634165504,1.242663037620403,0.6473689783507379,0.5077146509754271,0.6204483544676495,0.5451959579116418,0.31893818001757257,1.1307845012745514,0.8887110618836943,0.8201418675217598,0.37402551263312594,0.7216247881842393,0.434402024009321,0.6745671855365005,0.8007732702705103
Bolivia,0.17136055501824526,0.7572115645424656,0.3255500263470908,1.6779640714386783,0.46378532786275717,0.4256844767622668,0.7009762377883099,1.0,0.28000996171493825,1.4563048055220096,0.4940572587895423,0.2647452047039771,0.21673657953900433,0.2496414064342134,0.62588160842544,0.2906293331078113,0.8719577091598344,0.5212788747581159,0.41302482952677366,0.8696432385213111,0.3582319477526924,0.2748722829535414,0.4099179074815469,0.6196926327197813,0.24046225615691427,0.2718254050127551,1.5942746356169795,0.416237014047994,0.882179971245451,0.5563710783793367,0.22096624206065948,0.3660935820662916,0.2943134744187973,0.2757235038374724,0.5391254965578212,0.23153326228172597,0.33600815358182223,0.1929268846419797,1.6073882073611303,0.7968272206711274,0.3427654407071613,0.6485618819317107,1.452261920049395,0.27756565063604793,0.48986384275860684,0.6156906838261395,0.34849881962114626,0.9626268936104784,0.3584368093234449,0.4600238653712075,0.24257598027767566,0.6008342629377055,0.5411640460681728,0.4191908093894231,0.4515641667323238,0.7317776942026766,0.2562076435337598,1.452385287589019,0.5393116074018546,0.2673409433474564,0.5080989972143508,0.36262818458332924,0.3068379624264157,1.6711510891198085,0.6012544922561871,0.9665442671732983,0.3013525278052044,0.6516073355281538,0.21787545402150796,0.3178345169364737,1.2170225391650442,0.3637825614282302,0.40299212059731077,0.35522085225509203,0.6466615749895315,0.24277910045016393,0.5537842769151382,0.6500695473050585,0.4875026246339621,0.4766563498451786,0.7191155550306374
Brazil,0.330880615414439,0.8831065386928757,0.4221527213444982,1.8861111732859133,0.5524697853114523,0.5269049905336225,0.7362722671109123,0.28000996171493825,1.0,1.5083046956015989,0.49491173222960394,0.30690872801443747,0.3242501820461583,0.3594281821105291,0.6858223900744274,0.36368450744893466,0.7655714261999768,0.5837784027750943,0.570435163854367,1.0334788300775368,0.45319917156760053,0.41758357702052945,0.3955779661647517,0.6245672762061913,0.34167806166233006,0.36209311170346353,1.689909551206502,0.48959499128350337,0.7200362027380183,0.6806681084016576,0.2919715700345467,0.41714278958324846,0.30553812946126385,0.25650501173877116,0.5091780825252435,0.28812528142860994,0.4455565362068644,0.3525829209229631,1.3932675538229893,0.7627104013074272,0.4314341273958397,0.8311751138422458,1.279172051756328,0.40395714707984065,0.6042937972987976,0.3530929899943399,0.33833863403064335,1.1391525960479847,0.3015777335729619,0.518738522442435,0.35944369803454823,0.5816867823422535,0.5406172768029307,0.27559718979598136,0.645839236065548,0.8357710295877948,0.29259130277324724,1.15889509986384,0.5313442667103485,0.3087027939351513,0.447102206819993,0.39478305878103137,0.40161741172630205,1.5246146496051662,0.5856043275004883,1.1363297988192835,0.42169900660290077,0.548153527601274,0.32942951667780507,0.3691167190887349,1.2262184750550398,0.41768509898039374,0.4843052911260989,0.3555764864240841,0.36524801224852277,0.3921646418806616,0.47649880267545025,0.8202406064193144,0.4892206649877969,0.3368440006385477,0.588589289890592
Bulgaria,1.2146934070334776,2.044802233323805,1.2057544951244439,0.34864945340229914,0.7611430451232518,0.7764825198711575,0.6816176802550049,1.4563048055220096,1.5083046956015989,1.0,0.8795052407835939,1.5321615736054144,1.3588594525188415,0.96875149579857,0.5584655586301013,1.1924945309277986,0.5340639148599896,0.8179584333503217,0.8691638700672683,0.6878678461328989,0.8195520035335925,1.1264782827829283,1.185489126966268,0.7851919240194516,1.365290977870298,1.1769132360013723,0.25198037159779973,1.1321554013019122,0.6551197461866634,0.8427734847401027,1.368714972214371,1.14523044193053,1.0802888521845908,1.249390748664778,1.3605500618497017,1.1889079161289735,2.079546969928985,1.0005820647256864,3.0976298064421757,0.5925087565446673,1.061033487591959,0.4914845389439497,0.3840251458194372,1.350921633605815,0.5934728601402384,1.4971082675612635,1.8244702248531208,0.43876981212463206,1.7225678347200128,0.7504547818060727,1.1266604756421335,1.1651559136898664,1.1977425032607554,1.3171962174021352,1.5793896031489456,1.0125922301182337,1.5621368473225978,0.4625324820117175,1.3846824236960897,1.4088481654596936,1.0240169412683753,1.230090968305377,0.9820102805750474,0.48804319686323727,0.748817337314693,0.41971790223047445,1.6642608107701138,2.153889758112394,1.5036453473652789,1.23927913767032,0.4535364924076077,1.1463960974374627,0.9036059675292014,1.988070933192005,1.6652358391842592,1.6635351826288616,0.7953509950157422,1.171440785216237,1.0804803124193472,1.3964975719187,1.2177147600543694
Cambodia,0.4114738838104539,1.34291427662049,0.49849647921384377,0.8925095146770596,0.26897212109954644,0.2984048333923375,0.37559035263309937,0.4940572587895423,0.49491173222960394,0.8795052407835939,1.0,0.4107314884703737,0.42586186453878005,0.38017566151595983,0.33882173081782285,0.39989783615451513,0.36208900973994607,0.2769551830206353,0.5143227840490368,0.9596156366417212,0.447829066996971,0.23999969583254352,0.25301232446319655,0.3572419637403569,0.46256464428115285,0.499042868284563,1.092524160438518,0.40762161152429544,0.34451505729188836,0.3927054490005034,0.3428131596146868,0.4597742076871605,0.34314737934004513,0.2739982478077344,0.3306647519026623,0.43113713723132174,0.6751123715852739,0.38979704479487914,1.9300306772589568,0.4970249969369999,0.5106209623578045,0.39929520343592373,0.7399643242330783,0.4520336666013868,0.47227606446396975,0.3818792362156289,0.44338672241316773,0.537609158914788,0.45722719938448475,0.1683062433190813,0.3444731464635554,0.6093798444058547,0.46226936287605747,0.40971240569664474,0.9040049728661919,0.93988910499476,0.33675393963884337,0.7400911890854254,0.43120270005358535,0.36553497321608214,0.1890066772249124,0.3434876522844205,0.44153102809953837,0.9530456240389213,0.5315835055199811,0.712700387978619,0.496199323129936,0.7860888130715386,0.4499705869275811,0.6047579127030592,0.5774542880365842,0.40703167569680687,0.3468636436406807,0.4997478925387059,0.42136121992347864,0.5859447554352553,0.21088294534192567,0.9100433466184216,0.43956589442626826,0.3196762000572933,0.5277928778045097
Cameroon,0.2070147999729697,0.9848635838281725,0.4651732313026733,1.7295984471491122,0.4522034907495499,0.5118817188839674,0.791748138920289,0.2647452047039771,0.30690872801443747,1.5321615736054144,0.4107314884703737,1.0,0.260872844856355,0.2394275386333125,0.7045456318540957,0.40757328580863084,0.9075300469539372,0.5678778019998643,0.48279541962947836,0.9841841801967843,0.374840485200137,0.36658167893240234,0.4054220443618576,0.48361799807134925,0.1948320676605072,0.31016395850565237,1.875080403047455,0.4518820727577191,0.8507806806060545,0.6239719799605955,0.20164475284836492,0.3415053497476189,0.2322375441277529,0.1610740217579439,0.5124320899980408,0.2717113416125988,0.33909837506714763,0.2749085033954576,1.2606300286550696,0.9047020584071517,0.5049551373311145,0.8036595669235959,1.3550226347749406,0.35043087777639537,0.6160033015115906,0.3975632285485179,0.16619387417776718,1.0544401851904235,0.20964573533319497,0.36663328603260514,0.26472061184614126,0.5687206775857356,0.5776811763758412,0.33912650644908726,0.5510734327321397,1.0024985928143042,0.0765081507062691,1.4042600209781628,0.4567648260672146,0.11908758664517116,0.3457551600618183,0.3579839964555569,0.5198798778445063,1.5413079760215744,0.7500584806221522,1.2079467174271252,0.2932883470187674,0.5564897822384869,0.3324831389612846,0.40803706394432004,1.0848685236976268,0.4985312818456803,0.52136273153151,0.2343525012901712,0.5351249400243242,0.26561434148273544,0.5064796358242757,0.777254674866989,0.5499788708604616,0.38682353140274195,0.6643223751114762
Canada,0.23869810824711976,0.8296218588662976,0.3565914845765432,1.6683764023327585,0.47507235632281164,0.4896807568049953,0.6873929033672053,0.21673657953900433,0.3242501820461583,1.3588594525188415,0.42586186453878005,0.260872844856355,1.0,0.24835236756117057,0.6416204596459125,0.3039536590085786,0.8059400267213428,0.5489733754726851,0.3896454175629672,0.8277204210884482,0.3901131012945285,0.3220463598393143,0.3773843235003307,0.5263471481899333,0.25465243091372275,0.2999820261805487,1.560464616779503,0.3326781330000388,0.7988713236492537,0.5728116258740555,0.2830857903469024,0.34261306668324,0.2999046485284104,0.24142932089267538,0.5755443919432959,0.24811197007054103,0.3785245799057656,0.2994623729775428,1.6234106639240078,0.773439274733505,0.3940828771557575,0.718827766323071,1.2579926609423842,0.3238443331769437,0.421885826319081,0.5366760511734463,0.3294175957930815,0.9487334974495333,0.33000826166611064,0.4262015301214591,0.24859788185651427,0.547991363280415,0.6193398930078162,0.39817103554644684,0.560520415329785,0.6984374848159473,0.27623861563709023,1.316380705885292,0.4975444446630283,0.3009210523396596,0.45658138690047934,0.3438157517147885,0.36599651020382523,1.498517471042896,0.5418343701270742,1.0147451760510888,0.3179055788477231,0.6305570802305311,0.25960694980021076,0.3691547439753863,1.0690102285203082,0.32945611185184565,0.44178892723176183,0.3937160636185624,0.6351159862694356,0.2998645232678524,0.4767585932633103,0.6510350996877483,0.3722763043435443,0.4437074271380055,0.6923791374307413
Chile,0.176465664724009,0.9711023684357974,0.3152326826174161,1.3768679638148118,0.3248663088944128,0.35259446684777845,0.5520515514537622,0.2496414064342134,0.3594281821105291,0.96875149579857,0.38017566151595983,0.2394275386333125,0.24835236756117057,1.0,0.413118569147396,0.28782777972084717,0.6778369622286445,0.3943805486913018,0.23067259269689797,0.7706177389784147,0.22212981296582626,0.3266111745828504,0.37416121303073435,0.4861898497277405,0.21233462416021512,0.30783510086693205,1.2286752883313268,0.4254390516803842,0.7010444574119581,0.4113695457972021,0.29400331749111996,0.27006601207950104,0.21146667729084878,0.2742810768313314,0.5132365847506404,0.22896101341305833,0.38764747564384405,0.1923282915041233,1.739427215008404,0.5389412316628341,0.30188726745955285,0.46861908239339733,0.9868110235275481,0.37002778614928994,0.33766733424610695,0.5679711278570775,0.36030761212784057,0.7575301745038319,0.34960490364226215,0.3143350197930366,0.20939826444403536,0.4912901805188631,0.46310697542778795,0.42929287480636125,0.5719136048863374,0.6082016227700733,0.23563666261705946,0.9351045999660413,0.5137295029269109,0.23913176705338773,0.38986069173740134,0.3737197998605042,0.244585408775152,1.1446024058124136,0.34358963626244693,0.7358639086819505,0.3365494052480063,0.6808338443529,0.36000133910615073,0.28065218195847086,0.8738420310612319,0.4103328927419698,0.3061207305321525,0.37397471004949145,0.6610582255271004,0.3482556182341271,0.40087041431622955,0.538453950016811,0.47780172615252203,0.4557878942150826,0.7189059094685042
China,0.5514169781979577,1.4759217778687366,0.5582824740477285,0.5924845157638507,0.13873624605781076,0.29438981408795895,0.29486794248006176,0.62588160842544,0.6858223900744274,0.5584655586301013,0.33882173081782285,0.7045456318540957,0.6416204596459125,0.413118569147396,1.0,0.40887923153092437,0.2272475959923699,0.2686867274765114,0.46118584429106935,0.8021477110794211,0.3851414838615696,0.3649098275023661,0.5406100377354421,0.4193161307406281,0.621265460579568,0.47357659410607256,0.5477076379491301,0.5870328982581612,0.3311943786807776,0.3795384685210136,0.6050341342901966,0.4931707648099366,0.3428702244590963,0.5240022308131371,0.6593958184388437,0.511723671239026,1.1928947006050585,0.3792533836100409,2.710522637106067,0.294507714158463,0.4888061329326727,0.19240682229211817,0.40387153619428673,0.5925596018952632,0.3370813723663766,0.7961678975309995,0.9484676125291857,0.5846329596129906,0.8939654266847562,0.19453305621721614,0.4092048190123317,0.7427421599638098,0.5440029926891361,0.6727727088611448,0.9840104994491431,0.7012618169605023,0.7139133705739745,0.3877224234496714,0.7218481636288763,0.6150622307344908,0.4463026907484252,0.5898889549066176,0.370847645179465,0.749267899426148,0.33454309761919016,0.40373975035294907,0.8835872884970497,1.4176428994445767,0.6841813977065686,0.5357219943417588,0.6118276577388875,0.45932552134543325,0.2868471168528673,1.1184606832559543,0.9435677612970779,0.8981852141928639,0.32272725654815554,0.8613232360428107,0.49864504886588734,0.6666225571313604,0.7028336487205589
Colombia,0.23974052429007497,0.9291999515078934,0.3354431758916781,1.2605326618802597,0.28311036835989134,0.291715297886665,0.5063894543850053,0.2906293331078113,0.36368450744893466,1.1924945309277986,0.39989783615451513,0.40757328580863084,0.3039536590085786,0.28782777972084717,0.40887923153092437,1.0,0.5374874383959474,0.3878260784957357,0.3162115616191218,0.8029470737625565,0.305113071576289,0.23218511359728505,0.4598786100570823,0.47292011762403496,0.24639701344884568,0.20629066395081644,1.3182280597882892,0.4678870331717942,0.61742641298241,0.42694367299896174,0.32818413330346297,0.27475293289259256,0.2085085786087914,0.3166088418806624,0.5397331234950379,0.19857466760056108,0.5223363317701503,0.2219825100892522,1.9486163521262563,0.5339904812368418,0.273478265615298,0.4936947660191512,1.0446179595833194,0.25240035979190106,0.33078847887720786,0.6936807020565707,0.5688823215309049,0.7337614566400484,0.5116989516818995,0.25531595704379856,0.21477341444044437,0.5686187124758618,0.4764030212621517,0.44341218632680535,0.5338525221172371,0.7721399014679546,0.4353528720732629,1.063145270574916,0.5654617942045158,0.3339029924530331,0.4050664127473111,0.4699363611210281,0.19214464086249647,1.2698428859365225,0.39357271666401444,0.7138367238166938,0.45118331705482195,0.7966060868532518,0.3123858911348204,0.25727420447963845,0.8923251984569157,0.3206976518067287,0.26933010668325735,0.5953852133435158,0.750476471600755,0.3403919213247534,0.38327040061414946,0.6361402405871175,0.4387829280071516,0.5498854376160066,0.6073830289988458
Costa Rica,0.7003359728688963,1.448311523038308,0.800294537324602,0.5361233259115399,0.28504582065526773,0.3476989972964968,0.325390952541299,0.8719577091598344,0.7655714261999768,0.5340639148599896,0.36208900973994607,0.9075300469539372,0.8059400267213428,0.6778369622286445,0.2272475959923699,0.5374874383959474,1.0,0.3602263850931673,0.6884851545285204,0.721386184977373,0.5793494333979523,0.5789426691022913,0.6707793300375862,0.39961315242238526,0.7683238584856863,0.6239619349519911,0.5918846474086269,0.639978591834488,0.2687607384084265,0.48627012111909984,0.7649543048091313,0.6832343401427247,0.524111120418461,0.6961712852581527,0.7828518738245946,0.60917131802653,1.4882332085568943,0.5753678204720031,2.9043894183989782,0.34039659245380294,0.7066957217420949,0.30918397823869603,0.3214677086811282,0.7439791432545921,0.4059965937763229,0.9154873970785975,1.1412900954086058,0.4982094540991232,1.0447437416149536,0.24435480681620478,0.5488876003374334,0.8064422495258091,0.8262693096147362,0.6690144292365713,1.0014351139177007,0.7137558692254752,0.8830202706960629,0.3364000569222427,0.9108661792515963,0.8179269433397237,0.5703558645725559,0.6696534951382376,0.5841717046625677,0.7570488331927637,0.4384797081002169,0.4483209564895146,1.0589095336434264,1.5291571833342488,0.8024984051941232,0.7746787587345404,0.43429222214723795,0.6129202303332205,0.43862011758652353,1.2845285491974638,1.0685781833522392,1.0869958527019674,0.2501271524136287,0.9216693332881315,0.6060445974112724,0.8682891295851666,0.6503658592135084
Croatia,0.46931154697734956,1.2926946091464495,0.43597331081838375,0.8441508824163884,0.22472522088752536,0.25165640292837366,0.3148991875829045,0.5212788747581159,0.5837784027750943,0.8179584333503217,0.2769551830206353,0.5678778019998643,0.5489733754726851,0.3943805486913018,0.2686867274765114,0.3878260784957357,0.3602263850931673,1.0,0.49047633700803545,0.8565811270518248,0.3925313248758727,0.33645120386951755,0.43685136485916864,0.43647798234000934,0.5332390138467196,0.4331359131352944,0.9587638269322363,0.4807108521452296,0.3143902619957213,0.43204081616636747,0.512860320172309,0.4246481695408574,0.35438852824721845,0.41330705086506214,0.5741400504204537,0.4849404164473071,0.9426207339647823,0.38087919862879166,2.2002905290798185,0.33573997887997276,0.4638390476619423,0.3409257351170852,0.6971497644539804,0.5181634320099014,0.3599315316462578,0.6044241228287238,0.6859797977561132,0.5557324229943484,0.6772835542456008,0.2597715426102838,0.38938096885953466,0.5445325132517496,0.5066527215000806,0.42807191831649516,0.7884291654336115,0.7544687743878462,0.5462588389163415,0.6053369239650525,0.5770710455353057,0.4880222457257019,0.3090931343019536,0.45084231605927666,0.31685497655409656,0.8932708835701508,0.34575611459002764,0.5803002381928138,0.7359297733288249,1.0979287091505139,0.5933398269652044,0.4945107885438863,0.7180727657161363,0.44165067503805044,0.28890314925827154,0.826335631121903,0.676647904188031,0.6448929454136403,0.2910542706712106,0.7055224042121163,0.49627433783719666,0.4526608051279473,0.6248129375295918
Czech Republic,0.31125163220398067,1.0904372973072625,0.3847340765835886,1.027643899449095,0.4195310103760137,0.3389939925968686,0.45040476557314163,0.41302482952677366,0.570435163854367,0.8691638700672683,0.5143227840490368,0.48279541962947836,0.3896454175629672,0.23067259269689797,0.46118584429106935,0.3162115616191218,0.6884851545285204,0.49047633700803545,1.0,0.6738834895091814,0.34126005814464955,0.4051741894470594,0.4393638799537575,0.5323290389841067,0.3256161785661505,0.39178229459548153,1.1067315232068569,0.517892323679521,0.740251407383158,0.490573791914066,0.412793227143884,0.3361965107672012,0.4111421498336123,0.3707004678558865,0.6762224529643914,0.3333702918121547,0.6066381450579137,0.2649077799820675,1.8784282516111819,0.5025732088269541,0.3844355625672278,0.40558704311995203,0.916540053365408,0.4344060149098029,0.3264751683306614,0.636024599160464,0.5601660816511256,0.6648340253082583,0.5498024342926371,0.43030562649537596,0.3452469302486566,0.48794834859989794,0.5546280768822067,0.5876435380850146,0.6725513893332046,0.5487018353636643,0.46353101970422195,0.8739265433808349,0.6346998778121076,0.41711427720193905,0.5538193842570407,0.5380151781159098,0.30595324795308176,1.0346782227956952,0.2962804226261253,0.5533880641981856,0.5267139851302383,0.8648128591078078,0.47700836808242925,0.3675438636186705,0.9422765892832841,0.40412168220790573,0.30336287528022854,0.5843453101652691,0.706735379870367,0.4786055304005886,0.4838109446315926,0.4285521129776748,0.48568414003517324,0.5372283904036728,0.8382135756182373
Denmark,0.732422375638644,1.2909920029604953,0.6952641155611393,0.7782411016388631,0.8910634490003604,0.7956931942299036,0.6086433127173987,0.8696432385213111,1.0334788300775368,0.6878678461328989,0.9596156366417212,0.9841841801967843,0.8277204210884482,0.7706177389784147,0.8021477110794211,0.8029470737625565,0.721386184977373,0.8565811270518248,0.6738834895091814,1.0,0.6611035208449749,0.8855559239234191,0.796209547117972,0.6746381569610677,0.7419113198988163,0.7531412116613808,0.72224352697427,0.8152162422652697,0.8192901062165496,0.8200462875521306,0.8965539313895232,0.7704194359099257,0.8583551641458335,0.8845852110197372,1.0506167383364025,0.7570225614105445,1.1391525774538984,0.7711344218479745,2.071965736100733,0.6991143831510634,0.6937992208957253,0.6793162820582408,0.8436196532046183,0.7586439955894155,0.4642188077933979,1.081307974301775,1.1564024620623314,0.6118044369198997,1.0578490832471883,0.8851777744927234,0.7576314481840064,0.823018665893765,1.0021013356582196,0.9666169374275526,1.0528267815178523,0.7590723165882789,1.0551961205361102,0.9578622197542803,0.9163917582871062,0.976071607675806,1.0236891101650099,0.9164751130702248,0.6167219682682031,0.8560111209237404,0.715258203443571,0.5971420756859169,0.9432498701408182,1.1802888932599294,0.8859351997629576,0.6497946139752859,0.722191051249089,0.6637028574470587,0.7621370760990712,1.2825791811308656,1.1002892257333678,0.9827061037480126,0.8018816486501558,0.789348860472766,0.6619587364384407,0.9772701534726225,1.173093982049341
Ecuador,0.27016747724852885,1.0093187994018846,0.42927043061055686,1.1959475126597492,0.3127046149577155,0.32895996592646864,0.4842562278666952,0.3582319477526924,0.45319917156760053,0.8195520035335925,0.447829066996971,0.374840485200137,0.3901131012945285,0.22212981296582626,0.3851414838615696,0.305113071576289,0.5793494333979523,0.3925313248758727,0.34126005814464955,0.6611035208449749,1.0,0.31733438635333666,0.4191402135278314,0.5307767225233369,0.3151673846567742,0.26230166654562825,0.972083949186355,0.5337358470995504,0.6712525980359085,0.3843329120346546,0.3438724838164309,0.2803386835163837,0.22516884130850734,0.285578428254372,0.5544313278762152,0.2561917330810126,0.6186077981865747,0.2047493989563496,1.8494291199098243,0.522489518578372,0.2786529416803551,0.3863921747468998,0.9387278793658413,0.3766919386279479,0.3215002611040991,0.5911678330725763,0.49947530402415563,0.7983393401113951,0.5109688376848436,0.357910104767298,0.2540093545230644,0.512836436732976,0.5651907128380015,0.5316742000628946,0.6821045041132486,0.7857839367867198,0.41709501510497243,0.9199969587329214,0.5770498417777423,0.32689817983785563,0.4411783780812635,0.4722493798191151,0.29033228725704185,1.1122104949956082,0.40412311267598006,0.6365387879968718,0.4776430015309688,0.8970809848193171,0.40668897855045305,0.28976686249244465,0.8107534721558541,0.40758384174943674,0.26630273764209855,0.6141038102467404,0.6779855436424134,0.4520399139779461,0.4436251545932521,0.6848197609693245,0.42051451078755586,0.5240449740062559,0.835986381572466
"Egypt, Arab Rep.",0.34429937532872473,1.0859490245752217,0.2750021428478968,1.2505616202260301,0.24974240071485965,0.3045520962037603,0.4422051367526929,0.2748722829535414,0.41758357702052945,1.1264782827829283,0.23999969583254352,0.36658167893240234,0.3220463598393143,0.3266111745828504,0.3649098275023661,0.23218511359728505,0.5789426691022913,0.33645120386951755,0.4051741894470594,0.8855559239234191,0.31733438635333666,1.0,0.2862465681479216,0.41788743205611256,0.3538426827119858,0.2835065191505363,1.2747365043300303,0.376423402849357,0.573977928169058,0.38410352229555367,0.31063063905581056,0.3904049127447792,0.2664703566242362,0.26802763991515477,0.38027683385331956,0.3494388263708424,0.6721216198018175,0.2568911198273578,1.9317240203521038,0.5458314195382404,0.3063686340846119,0.3841120325933993,0.9938883332851657,0.33027918407666385,0.36317263659130306,0.6057507095490612,0.49694285480869427,0.6506742378971886,0.5097799045846219,0.22707689210939627,0.26868818594638877,0.6603985630406313,0.42158648911288643,0.3822839447869478,0.6168358668828409,0.8312895241132048,0.37790080405981413,1.020158248094865,0.4362291055043959,0.3385225214761768,0.29043245527564965,0.3292374055481889,0.24228965294832597,1.201098209608085,0.4822624541753437,0.7588342151371968,0.4419357225973363,0.8892888341583502,0.37764289407799245,0.36573866771958985,0.8963387674615458,0.3211147749001032,0.25606292502402256,0.620460061050894,0.6080971266229482,0.4367791414822867,0.31397818567968533,0.8063961958129114,0.4296783754482829,0.3703264608944435,0.5732250146891675
El Salvador,0.34969953825251177,1.0992211990951584,0.46397020085216156,1.328498974662642,0.4316543945882262,0.4582919545686925,0.5119033539563581,0.4099179074815469,0.3955779661647517,1.185489126966268,0.25301232446319655,0.4054220443618576,0.3773843235003307,0.37416121303073435,0.5406100377354421,0.4598786100570823,0.6707793300375862,0.43685136485916864,0.4393638799537575,0.796209547117972,0.4191402135278314,0.2862465681479216,1.0,0.4382917696220435,0.4277711891964443,0.46340706807222404,1.3832097071128502,0.38308021177027884,0.6113683550500897,0.47517149070470743,0.28727883008206323,0.4321541902322791,0.40603006311406553,0.23095675117339554,0.28728195504429355,0.35467785697775445,0.572670995434408,0.3641523906100981,1.5258167647178704,0.6307452912551896,0.4702330495649375,0.5491172117553119,1.115440553514959,0.3703975344507875,0.4669539560682947,0.3034627633459911,0.4567229055736197,0.7954123984207632,0.4040554114423641,0.31859491743993396,0.38057404802384576,0.5186976346016853,0.47933762426447074,0.3800464595737496,0.7584079843039282,0.9633675416052762,0.38091730211059116,1.1004521603163373,0.36648874083603866,0.38144702809529274,0.33194095095791976,0.3614565437789602,0.46870327452412897,1.2851114601487825,0.6370690511987992,0.8713764411314504,0.3971948897644261,0.686859072122886,0.36788275741388743,0.5271477897011527,0.8933447772962451,0.35639757507158054,0.398438127134699,0.5232477464158859,0.2596051436341278,0.4120330811655898,0.3229823485489611,0.76398875258748,0.38817793515826404,0.2883320965102945,0.5755989402224952
Estonia,0.5441271971253646,1.3544211492076341,0.592750234246378,0.8749270329185486,0.3768221825346173,0.4956786630416411,0.5232910071947414,0.6196926327197813,0.6245672762061913,0.7851919240194516,0.3572419637403569,0.48361799807134925,0.5263471481899333,0.4861898497277405,0.4193161307406281,0.47292011762403496,0.39961315242238526,0.43647798234000934,0.5323290389841067,0.6746381569610677,0.5307767225233369,0.41788743205611256,0.4382917696220435,1.0,0.507039618117562,0.5437201348239847,0.9685700645979042,0.5100130384311335,0.48431439474738747,0.5579584009353226,0.473601190318503,0.4846897660441745,0.4068383017948034,0.463380636522461,0.5310208718821028,0.5665242119708563,0.8541969499903239,0.4997369371075847,2.178544664032674,0.5424711127621941,0.6125012813410701,0.5166926897960004,0.7121251955325141,0.5537593263486089,0.4648561214493498,0.6047930503755705,0.6087535723351634,0.5264894177435218,0.5492961911629859,0.35306264169842055,0.4647857293657167,0.7224070813433643,0.6312559682723579,0.487436602808227,1.009761225849692,0.9178762813715966,0.48679917773394377,0.7603907595625689,0.5599305176815786,0.48181325065847364,0.3793778496813598,0.4831663558005171,0.5307510414191969,0.8844510724600011,0.643556799056425,0.7022446439270924,0.6098731121339644,0.8162960531871104,0.5891212654813716,0.6216194127373795,0.6072456204247452,0.4169275865966656,0.42989551062078846,0.7461389903281259,0.6639085584295963,0.6684765247517994,0.387097615084146,0.7254907004322335,0.4817104988118579,0.481105838922589,0.612927122293853
Finland,0.16236312290402113,0.8526644336315058,0.3373065982555713,1.7028707063195998,0.4235947396118805,0.45799009551789294,0.6307762653747508,0.24046225615691427,0.34167806166233006,1.365290977870298,0.46256464428115285,0.1948320676605072,0.25465243091372275,0.21233462416021512,0.621265460579568,0.24639701344884568,0.7683238584856863,0.5332390138467196,0.3256161785661505,0.7419113198988163,0.3151673846567742,0.3538426827119858,0.4277711891964443,0.507039618117562,1.0,0.22512089082822243,1.6573022085592715,0.44953112469630185,0.7766728722924453,0.5980152853916585,0.23732459691873295,0.267744395124325,0.18423268782985475,0.2296083165565871,0.6608558695239753,0.1862653506777507,0.36629235568490565,0.214877802060696,1.405232738251887,0.797929503690099,0.28288861461695747,0.7297579103596932,1.1886097545428906,0.2798792006937141,0.45163023031840216,0.4763737063615414,0.24646557322626172,0.9925070214303395,0.318787380709876,0.3781878139025545,0.19475574262644343,0.4864568872647863,0.621078234164629,0.4547895834433538,0.49139564558080256,0.6456875091989263,0.1921428089733906,1.2154882362913115,0.567478765257375,0.1373540659490291,0.43481040992579045,0.39778608687336575,0.32187219913725085,1.47604987876706,0.5303564743236109,1.0851566115564892,0.2556104904189017,0.6376306538899859,0.2761795371648925,0.20737780373355771,1.0373709717946444,0.3344053426217055,0.44634083964221305,0.302339636891242,0.6556422450110123,0.26512664728591917,0.4902417885231445,0.6251166267471545,0.4274091188047553,0.47871156521048647,0.7676591550218782
