Country Name,Albania,Angola,Australia,Austria,Azerbaijan,Bangladesh,Belarus,Belgium,Bolivia,Brazil,Bulgaria,Burkina Faso,Cambodia,Cameroon,Canada,Chad,Chile,China,Colombia,Costa Rica,Croatia,Czech Republic,Denmark,Dominican Republic,Ecuador,"Egypt, Arab Rep.",El Salvador,Estonia,Finland,France,Germany,Ghana,Greece,Guatemala,Honduras,Hungary,India,Indonesia,"Iran, Islamic Rep.",Ireland,Israel,Italy,Jamaica,Japan,Jordan,Kazakhstan,Kenya,"Korea, Rep.",Kuwait,Kyrgyz Republic,Latvia,Lithuania,Madagascar,Mali,Mexico,Moldova,Mongolia,Morocco,Nepal,Netherlands,New Zealand,Nicaragua,Nigeria,North Macedonia,Norway,Oman,Pakistan,Panama,Paraguay,Peru,Philippines,Poland,Portugal,Romania,Russian Federation,Rwanda,Saudi Arabia,Senegal,Singapore,Slovak Republic,South Africa,Spain,Sri Lanka,Sweden,Switzerland,Tanzania,Thailand,Tunisia,Uganda,Ukraine,United Kingdom,United States,Uruguay
Albania,1.0,0.7732396976647609,0.4403232285719296,0.33779482021512014,1.1196893330815247,0.44352170179722694,0.4416656785077266,0.5340935234683439,0.32432420574904225,0.36360458934975937,1.0836073993438036,0.3944511413095264,0.5199952508847274,0.21502047688319584,0.2148040022383827,0.7971610072069047,0.22252008458205277,0.5601355326193646,0.3721791338767277,0.7898920716632107,0.4837957041958399,0.34365460004913223,0.6640027951533549,0.40470710020206574,0.3002664917474848,0.3407293252726944,0.5229404330644732,0.5623137631693209,0.17480250900388392,0.21928365347898077,0.33674141380696493,0.766816851389833,0.37392290515283316,0.5860097858568655,0.30087738185262913,0.21018168047005645,0.1795184355597606,0.26428376024320227,0.6896926724791939,0.8798498378492587,0.5987615973868046,0.12565611771304952,0.5381320601025061,0.2064203396231448,1.0985852095146575,0.6156764954818615,0.3235870119807484,0.5840808773497517,0.7513323307176791,1.0873588471121214,0.2661893448610737,0.40600901749698604,0.36620661794152704,0.44097951840807353,0.3180871661870849,0.8195704248973303,0.7670216360552529,0.3410443580949185,0.45664893858192546,0.2098780319088227,0.4440457252365611,0.3481248331102975,0.5739218073269952,0.3962659601197401,0.5682923937243087,0.7252507337167823,0.2694111334365638,1.1092673440383267,0.4803574418667382,0.24490794161764462,0.5353859485409843,0.37738849327037194,0.2625702173414381,1.196825116029894,0.5044005954582946,0.3487858211626283,0.8091467749900882,0.3598614053128391,0.9814615027100212,0.6219799200542198,0.3468320928094051,0.24547631473244624,0.9234328670321216,0.30443186714130516,0.3877277812455163,0.3404375801115532,0.5562267652462309,0.34529111730298506,0.5374504210761093,0.47667983786727497,0.34685639023052295,0.4118897771441668,0.7566173093880124
Angola,0.7732396976647609,1.0,1.0184896642157406,1.0166774679681334,1.6590086284067227,1.1383170732010244,1.1110447685066718,1.214393191509267,0.7757543719825146,0.7943403555169856,1.6939448087307416,0.9804973500242921,1.116074007582913,0.7239856112886235,0.8032001876223943,0.9675103759434167,0.8625277610783489,1.2550481195892986,0.9364070455103429,1.4246401667761417,1.1392312779117717,0.9812828903973978,1.2103591646074165,0.9823812797017346,0.9250919976593932,0.9884791556735891,1.0121585079201716,1.2265403206764958,0.7821772259607568,0.8955421170647901,0.9262479319678715,1.3877686581351503,0.9204012425308915,1.247592042387713,0.7985964138853281,0.8486533471817527,0.8399168729810782,0.8298593276885692,0.5744035961398068,1.4285012825153693,1.0758627480406464,0.8382837985920206,0.4999249411251782,0.8978020532252424,0.6574318176587186,1.2191107714316725,0.941811992347334,1.2664430219318554,0.6030617960807683,1.7205041409537596,0.8329529217855483,1.1058361624950477,0.9828683094173118,0.6102728358908597,0.6642083707195874,1.4164400431348227,1.3687818137513137,0.794064973974145,1.1339474873218034,0.8759668351766274,0.896738534964451,0.8488800665799273,1.0833917570432696,0.9336028927612525,0.5148556079871003,0.8575524763993339,0.7433420163225931,1.727322485022107,1.008089216748242,0.7583522373711243,1.1087884787335813,0.9118450217882939,0.9407360073602078,1.7711112932090505,1.0839541857200101,0.9499762705542525,1.3571134007484325,0.7113061536215718,1.5956242115584638,0.7919674744755918,0.7835640366947648,0.8214126397921446,1.4893963507878978,0.9433005003830286,1.0733765993975233,0.6261331395300477,0.9584182673847728,0.7155468919413958,0.8981119856044653,0.7839593395099554,0.9957925634099216,0.9482136818448461,1.2181667155443296
Australia,0.4403232285719296,1.0184896642157406,1.0,0.4028834880825344,0.918148000891912,0.41355207616095374,0.43780996779604264,0.43231079361916114,0.4956872257576787,0.5573383116714061,0.8440429677232811,0.4817717878346499,0.6383421796611214,0.5211960710303118,0.4208074083663896,1.0097477835440265,0.4220401901828026,0.4233258337642017,0.3929163672364914,0.619543966825145,0.3915753725155169,0.4330966009764074,0.6684983069199953,0.45223489712446213,0.48089590905047147,0.39586707752024164,0.6934279625550449,0.6275024443175674,0.5032102569450377,0.3688986212759605,0.5281518617705672,0.5845998538888643,0.4431380764844244,0.6263965771997883,0.5859409870196104,0.4264742777084342,0.444421080682966,0.4653726861697637,0.9982491672776674,0.8224401153939197,0.6240644239672436,0.3872731616551707,0.8568012196632628,0.34864319338554683,1.3895446364426323,0.44908749528381203,0.3881277312439427,0.45090123771067464,0.9242333488726211,0.8400190810583809,0.46587773820317835,0.3936555868415357,0.4372905013620467,0.7600625609372984,0.6174858417048965,0.6403592453729342,0.6725535281398891,0.5528853773986577,0.464584037896489,0.3710744176396644,0.6581268828274502,0.6212862912860959,0.5032487098671566,0.5944056938123351,0.8011607088206066,0.7589859128524212,0.5910426008568759,0.8544029717555756,0.6826113671714106,0.5277326344244488,0.6196249465098737,0.5694783044403681,0.3236391795631604,0.9344999595829693,0.3769841467961559,0.38788715371522836,0.5778633120658274,0.6428217094107325,0.785807144095573,0.8272829641618418,0.44247617414926355,0.40259235264659726,0.7670944345785211,0.4500147830288531,0.3777291963918453,0.644282937930993,0.797182635150932,0.6029519213627537,0.7565623283051202,0.5738089941159706,0.44263136091691674,0.6633794953184482,0.8449914276226234
Austria,0.33779482021512014,1.0166774679681334,0.4028834880825344,1.0,1.0556353383417936,0.22468210789913776,0.2620324696131003,0.37295228369298244,0.47258816550434163,0.48585059519775237,0.9535804405859503,0.3275937213166065,0.358775535918813,0.38001980350804965,0.3397915277178962,0.8270846985853089,0.3342151501888718,0.37417353714069823,0.3721368838112196,0.5909358111412645,0.2892857294695293,0.3842545283222471,0.6119474213113314,0.3274352083741181,0.35451600915259224,0.21868893847194523,0.40142796336829895,0.3201253330521693,0.32769730938217506,0.2315175038585015,0.28681449133844195,0.5909013563620755,0.5284397179074466,0.5172268862030012,0.363016059734587,0.2975495578899187,0.2621316012901097,0.3027204952689248,0.9649473641139658,0.8336059996575782,0.47889817635734394,0.2820231268334626,0.78188827466011,0.23265552459694314,1.3210165571311332,0.5073656566507346,0.35839108365619676,0.43550709443023417,0.9839332050323836,0.8825664077534632,0.3916932552759808,0.3487465437905886,0.2867385807954606,0.6301002993647343,0.47815809630378325,0.7830074392106193,0.6520481798174229,0.42060136147186605,0.26708573653159606,0.2677571356477086,0.44081521974488524,0.3751125060260371,0.5192679190683035,0.41026406892745354,0.8119275732499518,0.8959811506525847,0.40084984556795983,0.9209019226443859,0.4145590985988707,0.3637401441990523,0.3629695280551527,0.3118602015427735,0.3325995038879131,1.0459878835286747,0.4867676505953174,0.3560511342318072,0.7445758941385726,0.5183503026805336,0.8637095048488723,0.6914794176932004,0.39673687587492035,0.41167934552383545,0.764680773021046,0.19658200372048082,0.2847848187483856,0.5242730339156803,0.5401740183610587,0.5238639982375937,0.573623113085206,0.698010446585739,0.34900603369085,0.41062133682630986,0.6611259844443936
Azerbaijan,1.1196893330815247,1.6590086284067227,0.918148000891912,1.0556353383417936,1.0,0.9724860879932756,0.9840252761949881,0.7820019034815073,1.1314375687174851,1.2056647382863352,0.3823433784897096,1.234882868378049,1.2558305108276644,1.273483168156821,1.1521487548712428,1.7517979176728458,1.0621828524439223,0.7882418449487312,1.0046942341060074,0.8845036414672104,0.9425058173880034,0.9393942634587159,0.8241046933071607,1.1369567174362294,0.9860992908803146,1.0701391789532675,1.365070874660417,1.1753095726116227,1.1801295890411458,1.0342923110970361,1.183367826591167,0.8891856734958408,0.8590330215634031,0.839132714493849,1.3190815239403597,1.0979130609149375,1.11506111723853,1.1932374069539216,1.578298889661937,0.6335524364883063,1.3340152477695926,1.0713036164749627,1.4985501914121488,1.0331369721753898,2.0786065262687976,0.6669909083874491,0.9524387061822144,0.6814076716772305,1.4958871697748009,0.6688973709890477,1.1123372734720238,0.868112690883313,1.169500307003165,1.5258496456347572,1.3465056483249078,0.4607198772211151,0.7947354624160609,1.336751811107034,1.0624582492410262,1.0746272091777382,1.2163600337815668,1.3572996980880716,1.1579075462623998,1.2768994470369823,1.4416025077498436,1.0332164735897102,1.3377346426840828,0.7034024191857564,1.3522615785622008,1.2454149042994205,1.2807120015617757,1.275341757949697,0.8988060841341636,0.5886812569588499,0.7236160480604724,1.0693414704321722,0.4118251536496259,1.3145629006241641,0.3636035079522386,1.5699462265714834,1.1354782044324674,0.9529708854711587,0.6614717459210864,1.0772334055147281,0.9202440071122621,1.4158854796676232,1.5334455214238893,1.2773464661153138,1.4224276456613172,1.0076922363059373,1.0390247362487366,1.351251034949224,1.468845741180238
Bangladesh,0.44352170179722694,1.1383170732010244,0.41355207616095374,0.22468210789913776,0.9724860879932756,1.0,0.2185219054307681,0.31336719736837576,0.5497244505640819,0.5743160408193599,0.8481643690069387,0.33541095431605866,0.3356037762863829,0.49199524748464296,0.45478737964307414,0.8946770918532284,0.37711501572593,0.21796327151525863,0.3908128217616349,0.422585298711857,0.18528868224938375,0.4322318711477465,0.6779752167991782,0.31420179272883925,0.37519249403709326,0.2311711321839957,0.44500344860608926,0.34782473571809835,0.4497447492582969,0.35646546670514695,0.4426934211486716,0.41989398392826477,0.5787100233102016,0.4397208005459056,0.49878915824834913,0.4236106797248258,0.36177653265939164,0.3813538126608521,1.0797088696546016,0.8421729007420828,0.4411613935435148,0.3860714158997999,0.905548016093036,0.3119620425353044,1.447501072701484,0.4164393369619405,0.4248229117582586,0.31954675987289366,1.1022525416921396,0.7445154590606927,0.49068203850723885,0.3687584601747018,0.2917856530967004,0.7616999044719014,0.5978118770307262,0.7158136878268264,0.5037133521503634,0.5136709804695662,0.1377723539272236,0.34178735386072967,0.5573841817738984,0.48716614939246833,0.5233868074573322,0.4367334841127436,0.9159602333390214,0.9503765565039977,0.5156581666039911,0.7763472885352479,0.4879807858924405,0.45817175923973325,0.33525877746703947,0.4303188087167653,0.35677836817932485,0.9458437250070106,0.42621160835407357,0.36414931312375876,0.6616834722956063,0.5869109803912689,0.7462647466982124,0.7884312269900323,0.48235514620376246,0.4935233537790169,0.643598500734182,0.3388376232552249,0.23774290907969076,0.6449141980331499,0.6317522209824289,0.6159245814597323,0.6022094862363437,0.7595254455511922,0.40332054585997096,0.5012480900775157,0.6771452103951113
Belarus,0.4416656785077266,1.1110447685066718,0.43780996779604264,0.2620324696131003,0.9840252761949881,0.2185219054307681,1.0,0.3607668265425021,0.5276953613183157,0.6011236190780869,0.8930891449960549,0.4115399401722176,0.4001230037763931,0.48783292895704167,0.4853897128602512,0.8800500064692955,0.3377039984314174,0.32928612791721856,0.3934586805788256,0.5149367846928179,0.23783894430547722,0.46333908617510083,0.6396248500289934,0.3702202459353446,0.3033228709234244,0.28425364394184416,0.4361243985032084,0.4355866555714277,0.41643547367354206,0.34786749089590374,0.432063083989975,0.5228048051858913,0.5719824048756339,0.3695161781329792,0.48124789005394486,0.43758776935855975,0.35070579053584433,0.3888970016940714,1.0433575788816305,0.8009887210364615,0.5069075083518615,0.4136691462204967,0.8525010034841609,0.2812924591009091,1.4049716020401362,0.4826545931280545,0.41352902972477207,0.3706936510163354,1.0857915857631928,0.8248166895343123,0.4453595966265795,0.3792745311931429,0.36080574602542814,0.7382819832828369,0.5768477752953909,0.725307535896796,0.5512638085518825,0.54523032675139,0.27219231830128365,0.344263699627429,0.4984834598175402,0.48698658623446534,0.5865869679476169,0.5105153441831979,0.8365258160822022,0.9086792385163035,0.5110204262559811,0.8715611565075646,0.5265598243934889,0.44499046981268725,0.4121046337323805,0.4459545781698821,0.3631636998937307,1.0266630096398912,0.46579669823306313,0.4248783024932633,0.689642164760152,0.5497638621030911,0.7524526440150465,0.8166865162282543,0.46550314204947163,0.481614532620812,0.6519416257316493,0.3435732360809635,0.2621366745324869,0.622928257244004,0.6659023422269106,0.6114400058909053,0.5874175651685045,0.7472932363846868,0.4357059273855767,0.5692934513557192,0.7687231295498951
Belgium,0.5340935234683439,1.214393191509267,0.43231079361916114,0.37295228369298244,0.7820019034815073,0.31336719736837576,0.3607668265425021,1.0,0.5943410784155594,0.6494926062098846,0.7045711011314398,0.5744786290034448,0.6099397980709816,0.6409147027078407,0.5434095524471649,1.0928521852489184,0.4812327163048474,0.23697716396466625,0.43507310069358857,0.41341544425789684,0.353040045358868,0.4468925084384803,0.5572005376521613,0.466022317129072,0.46528737012953686,0.4207806839233335,0.6965622611243709,0.4986109024418183,0.5781452964454868,0.4230786423702969,0.5724543444662971,0.47023282690166895,0.5084437102948037,0.45226090271710484,0.670849832693776,0.5163431058136757,0.49578306551677914,0.5672959640410792,1.1169718073986767,0.7028354819459263,0.6968948575653096,0.4638694145876639,0.9944293490233856,0.4159564153661134,1.5598954194135748,0.36592831613854193,0.415079900821619,0.25636688228411864,1.140151536973155,0.6165276954527009,0.5483595590234498,0.3137963991364316,0.500165835059463,0.9095579928612892,0.7233575203767898,0.5498442247684833,0.4908480649527716,0.6794965617610293,0.3922896075256031,0.4191541633729237,0.6634618660436594,0.6873873057845535,0.6201305973281309,0.643633013148547,0.9713536023023803,0.8648782428128386,0.6954660494402917,0.6579939293448264,0.6840828145566324,0.6297193097537824,0.6085199089378259,0.5963759321057187,0.3446980658956004,0.8099361197590886,0.36916750547837424,0.434054516908835,0.5044510693076611,0.7278674278044872,0.6067459947663371,0.9774687744889891,0.5951797000838667,0.4831150850820512,0.6105189329998496,0.4530583678983377,0.32454312827071674,0.7909579468359027,0.85050973868714,0.6825667178369177,0.821056889921196,0.7441232816799642,0.5210515385779007,0.6870635271938953,0.8205405401526598
Bolivia,0.32432420574904225,0.7757543719825146,0.4956872257576787,0.47258816550434163,1.1314375687174851,0.5497244505640819,0.5276953613183157,0.5943410784155594,1.0,0.23530658170681695,1.1328762241521262,0.5174193164049373,0.6680585871459028,0.31234522877237336,0.3302859668151183,0.8808004000018891,0.3087604642200892,0.6322551464959046,0.24105832954576695,0.7772050639157115,0.5201959898494118,0.5536104533872171,0.7801127040129987,0.3683478200821338,0.42779776437639,0.3899262844110472,0.6347540238922089,0.7097457496348332,0.3242522100370566,0.35066814736953544,0.5061794756010408,0.7450985353689882,0.4173777096498547,0.6882270835750649,0.46633174636561575,0.4479108370973221,0.28597846727987436,0.33656746022198236,0.7033662003010196,1.0123819800428029,0.605981802218877,0.3116428785699591,0.5019155827988679,0.3539916594887743,1.0659107704548758,0.588622154037966,0.3038174104991485,0.6778019925915656,0.8324209320232493,1.0930229678200838,0.2854357642759965,0.5541684409944111,0.425806799966653,0.5387560931229152,0.28651307455608344,0.9116077370311139,0.7849389190719317,0.39995095258666363,0.5647206699953653,0.37436436881928203,0.550138655059376,0.4758682620132285,0.49268198264076535,0.46167225843872467,0.550198724242245,0.5557162873260653,0.4073408972759599,1.0958268987796045,0.5566189394787479,0.3068858148521998,0.6211135211567429,0.5100109141745571,0.34823309437314454,1.1924309059244196,0.49596116228327014,0.32627419088549975,0.8181462197610867,0.3095723006852737,1.028182282643311,0.7476530285320729,0.3211736529270749,0.2911244695432477,0.9381484102851204,0.4322654683764953,0.4282496683910941,0.4019285975591029,0.6730195830628527,0.2865111243339231,0.6097125933589119,0.6219208242016668,0.48300730754367793,0.5804691987351493,0.7164366876521612
Brazil,0.36360458934975937,0.7943403555169856,0.5573383116714061,0.48585059519775237,1.2056647382863352,0.5743160408193599,0.6011236190780869,0.6494926062098846,0.23530658170681695,1.0,1.1772321524689657,0.5024233587267999,0.6500356216943017,0.3370775608355774,0.3429042452058412,0.8750109580928033,0.3836987443623866,0.6663990084059136,0.32156058388091313,0.7994155901710981,0.5716777526579713,0.6070494954907066,0.8565337612754018,0.3934642021419026,0.5279786992360909,0.41188337845759543,0.6375003070267219,0.6821907747623381,0.3789232227298184,0.42071639245996806,0.5270101066065963,0.7626170595253481,0.5107091948687897,0.7654825056603398,0.4710168611069113,0.4814212579523812,0.34965849321976367,0.34835605298735606,0.759694661705015,1.078631423590997,0.5955084655080869,0.3497838566090685,0.5588754677952805,0.4152937657080947,1.0662979024982933,0.6454613707082096,0.39758196760552506,0.7373074941346137,0.8278880104574373,1.1136575947405827,0.3983418111792008,0.6047311743895276,0.4061177407326787,0.5445837159006832,0.310037281065228,0.9906549136570871,0.8501216797488579,0.386147178961607,0.5622008521950894,0.4333671333315095,0.6229414125084953,0.47330902117282386,0.42121319636693677,0.3840383943685723,0.6526859722770597,0.6680150498524607,0.41279410729769767,1.109139013339729,0.49386312740714505,0.3454707142738357,0.5861733977230128,0.5090230700095638,0.4472633671625639,1.2215977707535242,0.5693888023309801,0.359165043763412,0.8847926782383153,0.39818864739628496,1.1149808425144392,0.6902260815694554,0.3336202309245152,0.3745617251073499,1.027970647566186,0.4383854387656265,0.4797196963619354,0.42225542755564777,0.6061757401375141,0.3728216983848656,0.6454002898083496,0.7007179159117853,0.4628940877742496,0.5317749812829314,0.5938721809522917
Bulgaria,1.0836073993438036,1.6939448087307416,0.8440429677232811,0.9535804405859503,0.3823433784897096,0.8481643690069387,0.8930891449960549,0.7045711011314398,1.1328762241521262,1.1772321524689657,1.0,1.1010772997758314,1.1165921954494327,1.2276006222571425,1.0827880063632884,1.6609371474350079,1.023907193990709,0.6526160362717887,0.9797454630883218,0.7363732358902002,0.8438594006762453,0.8760955955455321,0.8208889715050021,1.0532861677209493,0.9726288360993949,0.9899670884866083,1.254650718900205,1.027749678233906,1.152475217365217,0.9905003206798069,1.089106526248918,0.7325540070940069,0.8965714174165577,0.8011714306034506,1.2398761594256749,1.0251207077295652,1.0695707477287566,1.1364956311647267,1.632531229074478,0.649072884423274,1.2192447817292122,1.0219920182575537,1.5254863568101802,0.9799889071656577,2.0952910256157176,0.6354123651463829,0.9171742397368087,0.5786921170286415,1.5394602445212189,0.47522126283139937,1.1090477530230465,0.7840895168822485,1.0764848543484538,1.4836834029490404,1.3185968891844346,0.4415237332621385,0.7030252717976325,1.2617828063667313,0.9348818745978499,1.0151846528840642,1.1935684215349693,1.279539686883623,1.0942798775116624,1.1725220554624658,1.478715119450728,1.1872559306391914,1.2753795664133036,0.5026781969895624,1.2294179323687018,1.2009265528153952,1.1406190696416876,1.1768115245149868,0.8683045771979275,0.400368054769832,0.719043049833395,0.9902034036640741,0.4832072057195282,1.2894999984024238,0.32978357499879496,1.477899841047043,1.1054088525858516,0.9670592949388092,0.5862685251245656,1.0129367884399352,0.841980541176566,1.372627491452222,1.4176463682325757,1.2607943021273869,1.3677228172289218,1.0522290675275545,0.9678864449887628,1.2330810738681504,1.3264046654823918
Burkina Faso,0.3944511413095264,0.9804973500242921,0.4817717878346499,0.3275937213166065,1.234882868378049,0.33541095431605866,0.4115399401722176,0.5744786290034448,0.5174193164049373,0.5024233587267999,1.1010772997758314,1.0,0.30554931809702507,0.344641615717457,0.3777461154689769,0.6580765934938033,0.39641651094326014,0.5158956082084956,0.454210657003672,0.6635075236512821,0.41548178007299275,0.5199311305285763,0.8526155475157161,0.30241654602441065,0.4851465803178073,0.30231022642743194,0.3554522347168804,0.43751684929647466,0.39245006025146456,0.39153075960765565,0.4201318488627242,0.6280439561178657,0.6536178830723555,0.6743308641924294,0.35819689902681556,0.4180139042308737,0.3334473617696375,0.28998533374199703,0.9447586500944021,1.068304071426417,0.3404567905028981,0.37192850227891217,0.7622493002613676,0.3596299099767482,1.2280656136997739,0.6606439478829299,0.4844678292115689,0.6150538483422183,1.0009335985806367,1.004466103090372,0.4911417310728096,0.516261807893297,0.24618170544340784,0.5437300940767592,0.44864387808473355,0.943757167505131,0.7312142137014763,0.3247569427811144,0.3022090690635758,0.3365443999995962,0.5773087887108445,0.32849057625815503,0.49744160968310014,0.28151550894209915,0.8080599632610723,0.998631076250373,0.34462416623923364,1.018170111933784,0.37259671771638836,0.33773846593294676,0.2819957067580664,0.3699638237732918,0.46304134462630275,1.1886170473410647,0.6122698936529052,0.36687233518301654,0.9056225873963131,0.4494660010748613,1.0259689154823024,0.5680288386342006,0.43645296802694394,0.5410845604244702,0.9019326529679114,0.4020018342506657,0.4236175226910854,0.4503133361934504,0.42257041631858655,0.5218523328264852,0.48967759399470406,0.7775971449079727,0.44377779441489473,0.3645869798906955,0.5917287630982637
Cambodia,0.5199952508847274,1.116074007582913,0.6383421796611214,0.358775535918813,1.2558305108276644,0.3356037762863829,0.4001230037763931,0.6099397980709816,0.6680585871459028,0.6500356216943017,1.1165921954494327,0.30554931809702507,1.0,0.4824359798217297,0.5335331777789272,0.7167039977184726,0.5153336904215617,0.5248127158231577,0.5911498101885752,0.6797269016447496,0.4179077413355972,0.6001478432732089,0.8334289444315791,0.44271218591662986,0.5111979224479659,0.3777613957322646,0.27087294978969473,0.3777575122478952,0.48243255865373663,0.5014125931699946,0.44476159075762345,0.6458033945793407,0.779367528765886,0.623321736893732,0.4295054103656455,0.5117793012273266,0.433658082673495,0.3981621708944043,1.086696995935689,1.053985148527163,0.3599373988357692,0.5043671286796515,0.8769920651729342,0.44461101069381354,1.346349688305589,0.7044058739013416,0.63630991412625,0.603457310990023,1.1102423210572074,1.0145048066806135,0.585659876281383,0.5832759351150553,0.32945998039921387,0.6691578946058467,0.584761271211595,0.9838336748556462,0.7615329930637988,0.45745436192970623,0.26905562344509404,0.4801700213368438,0.5370533543982494,0.3718370441574666,0.6285726282784,0.39562435975770904,0.952678260869581,1.1406259307898459,0.44277587194846857,1.0410084182433972,0.4126882249660365,0.45318706679184634,0.18931650721899015,0.3832973977584549,0.5841277656992802,1.200955934813452,0.7116181393605128,0.5330408486422781,0.9532090945422678,0.5631938179504232,1.0207393167516603,0.7031585691948615,0.5865666633754189,0.6696366765133323,0.8859693122290718,0.423204525530845,0.5013551878577365,0.586774580250441,0.3966062930351814,0.6845293773859306,0.4202932684651743,0.9045147294983926,0.5010995242276205,0.3870255466646648,0.632769864109004
Cameroon,0.21502047688319584,0.7239856112886235,0.5211960710303118,0.38001980350804965,1.273483168156821,0.49199524748464296,0.48783292895704167,0.6409147027078407,0.31234522877237336,0.3370775608355774,1.2276006222571425,0.344641615717457,0.4824359798217297,1.0,0.26239490462709814,0.6580931246058928,0.3022720168928689,0.6510701908453884,0.39063593350118714,0.8330248701877697,0.5160578660528051,0.5116534912589182,0.8070644849127324,0.35354025316748056,0.40691977394544404,0.33742047794817176,0.42249366745164013,0.570889338049881,0.16853375422533154,0.3014661130275231,0.3635639941366157,0.8000966846401959,0.5380009864454871,0.705033544125767,0.23527204525867082,0.33353434138198823,0.2019851110546665,0.1837758630075941,0.6714729238761056,1.05805090920242,0.4813129691904759,0.2558676734398515,0.4679088000486722,0.2984222168355242,0.9807401162560094,0.7108852181892075,0.41991552227488615,0.7103347753238388,0.7709003319618506,1.177248950586214,0.2766063394309615,0.5545557215820491,0.31580875309320383,0.3099199103442729,0.15930604093981718,0.9912963968829838,0.8506272322307472,0.211593655227218,0.4718926330803216,0.2963529623942051,0.44612981521917244,0.21504914096835226,0.5319089536414424,0.3232903916099356,0.5399084705118234,0.7939729494316348,0.1286175703176259,1.1924998157369047,0.40394785519342474,0.12716848614486984,0.4627895809301931,0.3263465512760242,0.4109915161174441,1.308806572103523,0.6184967958806248,0.3755408325992786,0.9425286649944714,0.24316364598414483,1.1205367900987317,0.5392613713821502,0.32945871385906167,0.39143250111603,1.0144543708494316,0.34167375446577875,0.4634849318626296,0.1883975757133017,0.4256326392531422,0.3070305198584475,0.4200284211988319,0.6309997018381696,0.43098792056863644,0.36661423991165115,0.6652520268465943
Canada,0.2148040022383827,0.8032001876223943,0.4208074083663896,0.3397915277178962,1.1521487548712428,0.45478737964307414,0.4853897128602512,0.5434095524471649,0.3302859668151183,0.3429042452058412,1.0827880063632884,0.3777461154689769,0.5335331777789272,0.26239490462709814,1.0,0.8147295114973978,0.3014729446509094,0.5587856514218216,0.37154054714802415,0.7675027849721191,0.4822630630821525,0.39863173113776085,0.7282331054105062,0.37204427636799275,0.41725322794714614,0.35338426699675696,0.5366180353528694,0.557877258626918,0.2988480222446803,0.28338049616880806,0.355772593242942,0.7282243629014559,0.43891384521561905,0.6529205808239057,0.3153451235309834,0.22881253417860983,0.2610680448221202,0.30379017026642025,0.7596203473084173,0.9433848978958732,0.5727409969612333,0.1696761996145357,0.595909178078996,0.2601045940314169,1.119196765715428,0.6197601381869011,0.3126264318106376,0.6117358426133516,0.8170495078393889,1.0720727411015563,0.35921832058483577,0.426066698314519,0.3631522889006412,0.4702142589330929,0.341839537621238,0.8626744279708306,0.7672006898354314,0.3207572249491355,0.4653521077776476,0.27627228810527393,0.5098982574764374,0.3779533609779585,0.5545474681197728,0.38019367489489037,0.6307260645721064,0.7575581902229115,0.30564757861762215,1.0822007602696775,0.45616012344680834,0.2952018430288606,0.5196694653696144,0.35977979312852026,0.31723116798873713,1.163132336603336,0.5289791024491161,0.2983340217655399,0.8423239454263345,0.3976760748445987,1.0162452113579215,0.6415190583063677,0.3664589274704469,0.3216595106865114,0.9381072303296243,0.34286685018937246,0.40324102680767476,0.3521645635270504,0.5461552020091117,0.3438932502558717,0.5996326354218019,0.558083582059634,0.4151109959815493,0.3844552752470669,0.6671297325317606
Chad,0.7971610072069047,0.9675103759434167,1.0097477835440265,0.8270846985853089,1.7517979176728458,0.8946770918532284,0.8800500064692955,1.0928521852489184,0.8808004000018891,0.8750109580928033,1.6609371474350079,0.6580765934938033,0.7167039977184726,0.6580931246058928,0.8147295114973978,1.0,0.8095061325550295,1.087769523139544,0.9037922748913794,1.1730971656763456,0.9473967154317471,0.9603789435275888,1.2638193562786544,0.7589731544595842,0.8771128242834556,0.8102337237334158,0.567042129204049,0.8408720706619958,0.7289692215594326,0.8413028005741545,0.8126058828649062,1.1888585103469735,1.087400643654867,1.0948606454726462,0.5855331192814989,0.8354490961026259,0.7463923934814135,0.7109008179598155,0.9178076727669963,1.5144801980094087,0.6819645206724784,0.8325248681970577,0.7531077025040024,0.8391582086288254,0.9620829402768885,1.2068159465066581,0.938008210757737,1.16022922921188,1.1667205880624414,1.520672555782887,0.8567414966586344,0.9877964943710484,0.7445130789738174,0.5354464480538002,0.6486438972546927,1.455978937441343,1.200822799890589,0.656229195918094,0.8487230016059362,0.77838792909803,0.8246135284823126,0.5496248281778182,0.9506186076247991,0.7567103890018627,0.8685853647598819,1.301503817186206,0.587927694262478,1.5542575143908957,0.6979050777615473,0.6553401944702792,0.7046712412873839,0.6916407579246308,0.9617078467136071,1.77619439687746,1.1510558781643174,0.8602886018035549,1.445815719494933,0.6785150628068741,1.5288053222164217,0.610871593766813,0.8291715262370982,0.9719986967183073,1.3752573679729219,0.8804038680618017,0.9498413579723978,0.60109872869769,0.53166307360623,0.7530557527605871,0.6366346678037416,1.14384676210491,0.9602859261521665,0.6876663218259071,0.8926944358153586
Chile,0.22252008458205277,0.8625277610783489,0.4220401901828026,0.3342151501888718,1.0621828524439223,0.37711501572593,0.3377039984314174,0.4812327163048474,0.3087604642200892,0.3836987443623866,1.023907193990709,0.39641651094326014,0.5153336904215617,0.3022720168928689,0.3014729446509094,0.8095061325550295,1.0,0.4891783396690354,0.2613562827341647,0.6629669872458739,0.4071609115776778,0.40313849255499123,0.7219182703526804,0.32058861648625997,0.21381625609314212,0.2607368520162487,0.48805879441275085,0.5572574073765254,0.25060386409662144,0.2658695347509476,0.42487734403618704,0.6606750868139816,0.40869241987390753,0.47600783866979274,0.3592815370252974,0.31692657536168345,0.20355313236534933,0.2733451817583294,0.7940297833725549,0.8708849755286041,0.5366190395687898,0.2393792455729166,0.6156764300264606,0.18865642502296553,1.173827542702141,0.5322932360669069,0.27396484574548846,0.5234543319262874,0.8810766365488656,0.9919485875896162,0.31802664402721037,0.3990876790043446,0.3379680977375315,0.54856518698892,0.36825994438741183,0.7856192194470214,0.6443532540829326,0.40808574167587114,0.4055248170764406,0.20892818364048502,0.4840728804327133,0.4006092526836845,0.5414249382990612,0.42059724893170447,0.5860469400839539,0.7012470778063101,0.34588690025645646,1.0182335422443296,0.4756372886318347,0.2637269421813993,0.49984576207649845,0.4197426481150038,0.24475729456367612,1.149341645588309,0.42337235475094687,0.300346754243794,0.7484182348889278,0.3682753271158474,0.8981441054806097,0.6835088274224043,0.3075972269525746,0.28379697447243796,0.8136177017361558,0.34366146312018275,0.28799325230149014,0.4223171328992671,0.6268260026541106,0.36848560532972846,0.5556845748051441,0.5624611742812985,0.3885013780265426,0.5034764219783853,0.7418365612221545
China,0.5601355326193646,1.2550481195892986,0.4233258337642017,0.37417353714069823,0.7882418449487312,0.21796327151525863,0.32928612791721856,0.23697716396466625,0.6322551464959046,0.6663990084059136,0.6526160362717887,0.5158956082084956,0.5248127158231577,0.6510701908453884,0.5587856514218216,1.087769523139544,0.4891783396690354,1.0,0.45601158944580233,0.34060529462670136,0.2481183817097443,0.45849817305805246,0.6336310114264718,0.44614501276324897,0.47008474429700364,0.39009243206471944,0.6469161176360105,0.4716132245225663,0.5961715773569792,0.4621859129773419,0.5667322077824816,0.333098799321005,0.569346698318022,0.42044899723157086,0.6689060798303194,0.5209289146925418,0.5048434157670877,0.5477695237654374,1.187510363979614,0.732758163819121,0.6183583988847983,0.4883365800586111,1.0331662811541127,0.4320007211356214,1.5983033254876777,0.30317015403117664,0.45793416561689615,0.17276791698432417,1.185234478261167,0.5788112091639257,0.5911379786686293,0.3592448616907412,0.4607391404013576,0.9290054399699655,0.7513149871021245,0.5637700361282747,0.402228776882151,0.6840931728390308,0.3074770428776226,0.46858959294920577,0.6889799181300212,0.6773516760758148,0.6021555970849788,0.5872246313120074,1.0268563647624769,0.9416700537370963,0.6911740312588059,0.6066657910623061,0.6470102138257005,0.6225760033320804,0.5208847841534936,0.585412856452297,0.38685703955037287,0.7601115934400027,0.36297902481653826,0.44101471378569745,0.5091620134278696,0.7353950403963259,0.5719916410605228,0.9515647148793152,0.5934887279514853,0.5333608817907491,0.5294327471191408,0.4669873696044154,0.26917757442535956,0.8081850368341013,0.8215235355737532,0.7320223684769912,0.786244714487799,0.77378659869812,0.4902026994324016,0.6558702497750137,0.7820842045861521
Colombia,0.3721791338767277,0.9364070455103429,0.3929163672364914,0.3721368838112196,1.0046942341060074,0.3908128217616349,0.3934586805788256,0.43507310069358857,0.24105832954576695,0.32156058388091313,0.9797454630883218,0.454210657003672,0.5911498101885752,0.39063593350118714,0.37154054714802415,0.9037922748913794,0.2613562827341647,0.45601158944580233,1.0,0.5693686769245091,0.36143996161967873,0.511878070954025,0.7508889485605297,0.24231585231739583,0.3705722202313853,0.2552698852202054,0.5775271432961735,0.5985552361487672,0.37439526402380224,0.31435553805997674,0.5237671036765623,0.5617323209778592,0.43059766856325205,0.5741396428977695,0.4976139649782879,0.44959274284142475,0.2890865276472868,0.3303398378846351,0.8852528720615258,0.9371295633286121,0.5178185994884156,0.3297601067683907,0.6890016148256262,0.3024663171274696,1.2498679077742847,0.42249665939023595,0.2432354915180335,0.521802849898312,0.9538554390354913,0.8890460280771892,0.34703119545308286,0.45807448006659385,0.34132426201099164,0.6672388939160335,0.4175976971035309,0.7984223426855361,0.622133474286902,0.4581512493068049,0.4249530530343655,0.32451296972014126,0.5748901821811069,0.5037390033824105,0.404379906610998,0.4585714400928078,0.6894344138136891,0.6250950084388346,0.4735682486996439,0.8998674183112582,0.5359160382149938,0.35591579370762016,0.5324699828628842,0.5055420214872517,0.290449906294138,1.0517812797306465,0.35304474667062763,0.2560770756802539,0.67262055738095,0.4330031256113774,0.8719538105981953,0.7864326731152921,0.29655502691002233,0.3091691306320918,0.7759959378929318,0.3864941186614351,0.2831442929421415,0.5294573996026188,0.7060295993283359,0.4137871235463457,0.6447477273885696,0.665300485543051,0.4523581169585104,0.6039126519892809,0.6787510056663343
Costa Rica,0.7898920716632107,1.4246401667761417,0.619543966825145,0.5909358111412645,0.8845036414672104,0.422585298711857,0.5149367846928179,0.41341544425789684,0.7772050639157115,0.7994155901710981,0.7363732358902002,0.6635075236512821,0.6797269016447496,0.8330248701877697,0.7675027849721191,1.1730971656763456,0.6629669872458739,0.34060529462670136,0.5693686769245091,1.0,0.4451639906135557,0.7403903312697283,0.8997734310344639,0.5275057382337107,0.6880104143713458,0.5345651076228722,0.7678433140691587,0.6119566328541773,0.8039125977433133,0.690218846933452,0.8117821081326069,0.23352274783631655,0.7991025050210587,0.5982317428619157,0.8588157910529653,0.7809975319210732,0.7108569615149082,0.7259116345498745,1.3684580635401848,0.9597239615814589,0.6521659971958842,0.7198609479078557,1.2110745637237401,0.6527860413205057,1.7266508436346308,0.4521165195492442,0.6504589330748727,0.44497988497073093,1.3920057248832316,0.4597926768022526,0.7893954525778422,0.614331445421007,0.5883134759137285,1.1064668389774368,0.9008441803414003,0.7418856438651998,0.4402392054184646,0.830275806090986,0.4580412566835308,0.6574580111335235,0.8942643129757943,0.8446539735758101,0.653411635690577,0.7301348656770986,1.175012914358527,1.0699053775215681,0.871607586398387,0.46335330024881055,0.7571248565893635,0.7980984958577192,0.6176211199728684,0.7605387782963305,0.6201117430599393,0.7691444879877222,0.5344032776348885,0.557253071555261,0.6331469325065351,0.8816145294627039,0.6684547770250131,1.1013344589197744,0.7541389443388764,0.7599630835379543,0.598653724521649,0.6915451504784705,0.4716572469796493,0.9731018710055404,0.9606382843423229,0.8666664418255551,0.9204419936968936,1.0313526797052466,0.723820004375437,0.8381714263737955,0.776166009196206
Croatia,0.4837957041958399,1.1392312779117717,0.3915753725155169,0.2892857294695293,0.9425058173880034,0.18528868224938375,0.23783894430547722,0.353040045358868,0.5201959898494118,0.5716777526579713,0.8438594006762453,0.41548178007299275,0.4179077413355972,0.5160578660528051,0.4822630630821525,0.9473967154317471,0.4071609115776778,0.2481183817097443,0.36143996161967873,0.4451639906135557,1.0,0.47965545809944515,0.6841754544510033,0.3311942660205419,0.38612607343287775,0.27295881875290534,0.5002305434017933,0.46306563657280175,0.4736017811144348,0.3899396226446992,0.46977888564484155,0.42855362957244664,0.5909471423005813,0.4550611642411261,0.5491797052717124,0.46464219918855926,0.38232576902243626,0.3925171415253461,1.0835928311255227,0.8503327606424902,0.45923796653833915,0.4166333163016409,0.8918283437639687,0.33683724503784984,1.454375018106365,0.37263014292829777,0.42766919541176873,0.33251250122806797,1.1197309851989565,0.7519220822922968,0.4872541318152055,0.4305706082287682,0.33411164342251515,0.7928833984400844,0.6046273770464822,0.7222484427059092,0.49692273746773896,0.5376358160823881,0.2518380959078355,0.3985915203533033,0.5401955885718753,0.533046846973734,0.5148087459801487,0.48484255854860364,0.9051162531866398,0.8950786580491216,0.5541522817854255,0.779494223709073,0.5436897768409575,0.4708948876350609,0.3972315123063665,0.47651409895445623,0.36546634783604287,0.9232892758710032,0.40945268907500626,0.4004572876508248,0.6291940108172853,0.5910178721195306,0.7258150404514514,0.8349278671902881,0.4659298768538101,0.4893670869688832,0.6036556464780668,0.36540207308445927,0.23180970966408146,0.6654511878169012,0.6880059572445856,0.6295037211703458,0.6227464902505546,0.7669526869494502,0.43433195985771306,0.575323126591541,0.7106005341676735
Czech Republic,0.34365460004913223,0.9812828903973978,0.4330966009764074,0.3842545283222471,0.9393942634587159,0.4322318711477465,0.46333908617510083,0.4468925084384803,0.5536104533872171,0.6070494954907066,0.8760955955455321,0.5199311305285763,0.6001478432732089,0.5116534912589182,0.39863173113776085,0.9603789435275888,0.40313849255499123,0.45849817305805246,0.511878070954025,0.7403903312697283,0.47965545809944515,1.0,0.5055197162087027,0.5389981986322094,0.3765316138861829,0.4817628860573752,0.6601601045930078,0.5693314504693431,0.438267250511811,0.3519393488842029,0.4120643425664005,0.7454644487667249,0.3860497537205534,0.5181492302191859,0.4974738559579699,0.24676576502551348,0.38897903679735557,0.4913428804258533,0.8765552381245687,0.6830967747018416,0.7456133241174046,0.3046593462404907,0.7821626271310317,0.3625866973155587,1.3637339226344902,0.5363834591871532,0.3818518787453284,0.4284809991680044,0.9581314800314434,0.9324847512903354,0.5016449566066893,0.2743252852228043,0.5334003196747711,0.6975477745942874,0.609089224988429,0.6275962753668016,0.6257255953483782,0.5988819737787461,0.5102601729603176,0.34391467197020803,0.559950728873298,0.5708761018942321,0.7367086711942585,0.6020376622975372,0.8061778378891398,0.8282238310958753,0.5364763044317683,0.9757871366474572,0.6620269625434705,0.5043545152511852,0.6415354091811636,0.501265055307198,0.2801366469910516,1.0381611601655132,0.4718164815141097,0.4606359057221715,0.6893358035095543,0.6303466641737097,0.7749842953022055,0.750828371538966,0.5295124288270971,0.3630168041695275,0.7517681882091031,0.45146256176734534,0.38987067884045934,0.62593495600672,0.7529394532071039,0.5503334044649237,0.7471308280085481,0.4831632530106487,0.44922225904360674,0.5464009816976068,0.9100156672749413
