Country Name,Albania,Angola,Australia,Azerbaijan,Bangladesh,Belarus,Belgium,Bolivia,Brazil,Bulgaria,Cambodia,Cameroon,Canada,Chile,China,Colombia,Costa Rica,Croatia,Czech Republic,Denmark,Ecuador,"Egypt, Arab Rep.",El Salvador,Estonia,Finland,France,Georgia,Germany,Ghana,Guatemala,Honduras,Hungary,India,Indonesia,Israel,Italy,Jamaica,Japan,Jordan,Kazakhstan,Kenya,"Korea, Rep.",Kyrgyz Republic,Latvia,Lithuania,Malaysia,Mexico,Mongolia,Morocco,Nepal,Netherlands,New Zealand,Nigeria,North Macedonia,Norway,Oman,Pakistan,Panama,Paraguay,Peru,Philippines,Poland,Portugal,Romania,Russian Federation,Saudi Arabia,Senegal,Slovak Republic,South Africa,Spain,Sri Lanka,Sweden,Switzerland,Tanzania,Thailand,Tunisia,Turkey,Ukraine,United Kingdom,United States,Uruguay
Albania,1.0,0.73140130876346,0.3929119981661217,1.0787635715171706,0.3783736612556643,0.41140049905787307,0.4991571343817765,0.25956127073559226,0.3108446900174309,0.9666290772278823,0.44956359023326564,0.20930289436567504,0.21050818489263087,0.2207191508056667,0.493628767239966,0.3609259202299678,0.7141042054484702,0.4520015280193494,0.31370887076462123,0.6571462264279069,0.29473787234689897,0.32406887091664544,0.4947244774971099,0.50343559294298,0.16962930285408068,0.21641907981899555,1.0526077922946155,0.32686059026931413,0.6875178426925642,0.5574680890360189,0.2950823104942323,0.18818748860536585,0.1742810591144489,0.2617113987066882,0.5686089006984119,0.12325111916028086,0.36615309518416056,0.1856296221581973,1.0035573934883606,0.5942000266334061,0.31797600914013546,0.5160424566783627,0.9761269174231786,0.2374480367608194,0.38139219418803844,0.5123350583169797,0.28025802968050306,0.7213234509429304,0.33728257410870377,0.38641326507605545,0.1887671593385212,0.44191338902651706,0.5696928930981298,0.3838195777054357,0.5224090789073084,0.6256087039860977,0.26821933318646723,0.9978553014496422,0.46884507340992426,0.23702315716210637,0.481956296372044,0.35911311331790263,0.2585721829481001,1.0809400876026316,0.49100133064107726,0.7672137064057581,0.3311149454880901,0.6040595087544683,0.33038758691656306,0.22635175338863942,0.8649499107316101,0.29017395118344247,0.37333318639546426,0.33251191152794785,0.5461788962445017,0.30963255935170625,0.4569369333431789,0.4727588746817592,0.3304912549240675,0.39175315602563987,0.7475340574115288
Angola,0.73140130876346,1.0,0.9199165233979655,1.5947621799098186,1.0408182854929824,1.039923357021923,1.1387651880412903,0.7790923947264718,0.8020213845356315,1.5474149266605481,1.0080578516196528,0.6913200060487443,0.7489125496316873,0.8257481740130133,1.1585690874041983,0.928280375340364,1.3161979253723808,1.0743598833414054,0.9080250727942691,1.1765934723309444,0.8883697553853223,0.9305926719496398,0.9349069550966476,1.123386404745756,0.7525967880082897,0.8545552479197248,1.6197327211942638,0.8670302190841013,1.2762000761468446,1.1859680487055553,0.7559442156206598,0.7786711056616685,0.8163190468215143,0.7896345003169065,0.9961217073701496,0.7946987102337318,0.4742380786385067,0.8327011316355475,0.5809822305418233,1.1732357124339627,0.9267201324548208,1.1691702382632738,1.5830187547280976,0.8164373170032705,1.0441550113203641,0.8971824824842082,0.6573849316801627,1.2903105201145282,0.7401646820569067,1.0340843478515098,0.8062912607062998,0.8586590276319147,1.0557133276783064,0.8829611187496079,0.47639901523240663,0.8649716494314329,0.7038430004803861,1.591760839131924,0.9602137779435598,0.7367032095334989,1.0189136855493246,0.847793117792243,0.8966038194536464,1.6197179200461547,1.0330124013426578,1.282242226373259,0.7062215838441563,0.7062065785126485,0.7595227741626502,0.8105112181245666,1.3971670378840537,0.8829491689252321,1.0259094644679374,0.587485372349929,0.9053539971407056,0.7025395725550321,1.099351746956619,0.7302349366258835,0.9324666576327704,0.8765845859845445,1.1891922101527888
Australia,0.3929119981661217,0.9199165233979655,1.0,0.894189540712753,0.4022919027401624,0.4276563532901292,0.4238746756748781,0.3128877512137366,0.4228646919337871,0.777747494276849,0.619362610961812,0.46037757878466073,0.3859438312644882,0.3769987938274304,0.40642741039331765,0.2902594320322598,0.5900035786049918,0.37754285438249263,0.4211511806412772,0.646776158613823,0.44589018102770894,0.3773942988335551,0.6786842024284884,0.612165920447692,0.44340748626141613,0.3262895353475718,0.8710638644508368,0.504697406627176,0.5533842273853041,0.6120512568516915,0.553430702964125,0.4081913178757094,0.37890063847900424,0.42591472778226463,0.6112827215369799,0.3441100000162607,0.6315370664864552,0.3280921209102276,1.2324740449228015,0.42677143772927045,0.298050672063983,0.4316133953443617,0.7766190905128316,0.34978292260318117,0.3810524760228974,0.7136999936340753,0.5128230024627605,0.6538509186487651,0.5183119664201086,0.4498416792264285,0.3508708870296251,0.6238007180053738,0.46724410479426187,0.5719100275170601,0.6858368226568559,0.5089422199967696,0.5496613912347018,0.7885160080225556,0.6613507276531223,0.46276831350592645,0.6015772223545542,0.5518944920757609,0.2814817674339756,0.8666793385153964,0.3583230132889624,0.5606590662253356,0.54846634041306,0.8095203244975244,0.3743664819179644,0.30110282461353116,0.7410718603724123,0.43081279290339247,0.355181491391838,0.5859996485442173,0.7765593934120749,0.4945003692046921,0.44711971958988084,0.5468181991015959,0.4249730326065527,0.6480321573841846,0.8193140908256596
Azerbaijan,1.0787635715171706,1.5947621799098186,0.894189540712753,1.0,0.9506263692068012,0.9592527497498552,0.759265522078545,1.0468585467896883,1.1397697874310202,0.31402995294751024,1.2278056959546253,1.2267175538333992,1.1149728866185589,1.0233946767328543,0.7709141797941603,0.9521486018757649,0.8607680252648028,0.9211098130797996,0.9146262477532919,0.7908217212447858,0.9511009489729966,1.0416596582797895,1.335303732036277,1.1438792919980294,1.1332010354296025,0.9971361324486097,0.2844256456874754,1.1471133812541117,0.8655519667416909,0.8185046029224714,1.2843358163887688,1.067619523765911,1.0697861574175944,1.1564809445702067,1.304383802290459,1.0333452041723692,1.3804433390672821,1.002581494183755,1.9810754440000413,0.6457758195276332,0.8973709617954148,0.6667325722017816,0.6243039095502694,1.044114409067333,0.8439776932837417,1.431248280907467,1.2843058767260787,0.7773804109342233,1.2965314874407743,1.0394819774907154,1.0425139588499408,1.1749051951801337,1.121850951090836,1.246221483601799,1.360625947091928,0.8539852376900596,1.2973059439052417,0.6591220407890848,1.320709425411307,1.199246833530016,1.2537741991312685,1.2458017979561695,0.8600975972047951,0.5251837340144252,0.6960873556741796,0.4029711816394878,1.2538168432528525,1.5360218083025028,1.0963799588386203,0.8986394229307764,0.6441745863081573,1.0461351977471858,0.8927941393704447,1.3670318767909193,1.4991485965058857,1.2090063014424821,0.9813699810655043,0.9711312096268476,1.0066941001081473,1.319672258519925,1.4348652375599622
Bangladesh,0.3783736612556643,1.0408182854929824,0.4022919027401624,0.9506263692068012,1.0,0.20150895137421976,0.30231767969017725,0.35940051426178504,0.4260766129062519,0.7929863539146055,0.3260787084627385,0.40632947208854375,0.4064397412129321,0.30821951041395074,0.2103673237037696,0.2624940558218455,0.40206734351268275,0.16548138102846582,0.41497339911413494,0.6496083482531679,0.31852685484239146,0.1897664269885441,0.4305291891918407,0.33457892965320074,0.36027168534266474,0.29349611316924695,0.8902226274563312,0.4023437113227283,0.39803124174317567,0.42640460706345795,0.4522897833126708,0.3951385821084026,0.25249941013494,0.31710887081779116,0.42859454613829806,0.3244107720205443,0.669604046430268,0.2751300117180487,1.2780223292196304,0.3921787111464972,0.3190577425416983,0.3090301776389935,0.6911988499984651,0.34919513191834134,0.35014228051468455,0.5347118295274558,0.4650392186958673,0.49149835557124594,0.46089113172462587,0.13293029075979387,0.3054842775121402,0.5043860486320554,0.47741723189072965,0.40381172939569565,0.7955804262000755,0.7468528507323692,0.45378902922673275,0.7214049152847966,0.4581609648866903,0.36204680952734397,0.32454418535056934,0.4055507895405534,0.2986999706568624,0.8871875966581498,0.40065067999301957,0.6464957586690465,0.45945216705529346,0.7672844669022755,0.40982721063245303,0.3964659842243186,0.6248634690659555,0.3032895328449249,0.1923947124848519,0.5687293433720169,0.6046781153878733,0.48409618257087966,0.2258296576762873,0.7266556688816634,0.37259001730345837,0.48023812453919695,0.6448790719907722
Belarus,0.41140049905787307,1.039923357021923,0.4276563532901292,0.9592527497498552,0.20150895137421976,1.0,0.3532255232549806,0.4008113723320557,0.5087071261825812,0.8179040141021745,0.3784359049894102,0.44289095946628765,0.46546957138442685,0.30462399151582403,0.3054634900257782,0.3243849586878263,0.47650952471384617,0.22951196877118984,0.4554539413422,0.625877784671425,0.274723366108104,0.27479568045148545,0.4283335928643012,0.41668012587712133,0.367566398309519,0.32170866965110767,0.9347398036554294,0.4156475562855566,0.4829217208316995,0.36182583906456905,0.4588906229869709,0.4273020832921002,0.29589345393933614,0.361477357067209,0.49764918959457877,0.3887909858026729,0.6632119355946938,0.2701922635080684,1.2726363580870022,0.4687193224205304,0.3567468710559009,0.3450023548086801,0.7510677843872051,0.3542633179829059,0.3724419322572352,0.5677591258442202,0.49144379058493354,0.5327501680047181,0.5215273582627654,0.25213659971992614,0.33265137464169553,0.4710034363072703,0.5657566771838627,0.4967247138180258,0.7474088209239336,0.7487050594900823,0.4805011424241569,0.7973691983058387,0.5134639709237054,0.39248085963135027,0.39540651740928784,0.4360661977063528,0.34065570258428063,0.9504838687252881,0.45587776847273676,0.6707807304094041,0.4657302850203574,0.8030580514624793,0.4225046641273745,0.42457711786844093,0.62278403223298,0.33244963466566796,0.24950939042413553,0.5791982370071741,0.6526080278582705,0.5294919131061397,0.3081545431630171,0.7304753790717619,0.4245919729299695,0.5594256041834111,0.7511467470404838
Belgium,0.4991571343817765,1.1387651880412903,0.4238746756748781,0.759265522078545,0.30231767969017725,0.3532255232549806,1.0,0.46548572975397234,0.5474474281148523,0.6279620007227397,0.5906819362678116,0.5962798684960058,0.5182548086755783,0.4466530489276494,0.21465272335932428,0.3549700512207117,0.37735171333197576,0.3408524673724562,0.43673059016976395,0.5377605423228318,0.43482040591261717,0.4061243517263018,0.6830160065144814,0.48437550272814367,0.5318548611473457,0.3910711445432694,0.7140510632577175,0.5529468031168059,0.43419851254583863,0.4412149954807285,0.644455367751531,0.5016264487358012,0.44440813604051876,0.5377858912777518,0.6837141371789871,0.43224220933246454,0.8237209349817552,0.4005664410819909,1.4366914520181002,0.34459942890585515,0.34216691732412047,0.23053187413125087,0.5378540417900868,0.4625233263931247,0.3038389613060987,0.7613992947515741,0.6436439300316265,0.4734636350663725,0.6527194706461275,0.377278359611512,0.4035639496535202,0.633619721824946,0.5925823980669664,0.6244419434352532,0.8860615141909741,0.6722105636137348,0.6630415070193674,0.5788124402350959,0.6656062283190481,0.5808807228096458,0.5908149561317777,0.581252693182151,0.31164661705771474,0.7340923035511577,0.35386120737017585,0.48716522445572963,0.6530251664033617,0.9591772000652179,0.5488714332410358,0.4101295235083017,0.583924376538105,0.43737177305725855,0.30481132960344287,0.7471856017474877,0.8319421638370593,0.5970333237040494,0.3818637560565859,0.7222972703674632,0.5064801351029212,0.6733504739911245,0.7976236364929323
Bolivia,0.25956127073559226,0.7790923947264718,0.3128877512137366,1.0468585467896883,0.35940051426178504,0.4008113723320557,0.46548572975397234,1.0,0.21654517028069953,0.9300360292868294,0.5014402334670731,0.2747782239644278,0.23603588791987842,0.23185425203772916,0.4525228488535172,0.20175839614773622,0.5923873398107158,0.38969015507639454,0.4475182960718668,0.741146489769869,0.36542318610114033,0.2618845266407577,0.5325662465503982,0.5615197863295154,0.28578673687631667,0.2732885134549962,1.0171929771945805,0.4332316530516872,0.5475182552601808,0.5929774077920177,0.4116477433922582,0.34547395340332354,0.23881853081321427,0.26292913813905744,0.48679782882848716,0.2252817261813078,0.47179145112125337,0.21292332856181262,1.0550910378733194,0.5001796424275575,0.272754963630474,0.5083833249293721,0.891522137860419,0.27041123792351307,0.4521757425401357,0.5486482568420287,0.2869225376919068,0.6627617568264779,0.3351732358256512,0.37144447479937337,0.2436035571912033,0.5147982369591214,0.4449515899836351,0.37588420400588346,0.5509868639001817,0.5362182135219513,0.3650805815191546,0.8942031745657643,0.486658800459796,0.27501962925715767,0.4703177206727078,0.41631871548890886,0.2603042806643048,0.9887415534360317,0.4047821525957083,0.7071949459495347,0.3087529125281243,0.6789161642821213,0.2560656445560397,0.259676696133097,0.807425259411012,0.32971490830602446,0.32450891068780496,0.3808139266944816,0.6170316264137603,0.2832943795685703,0.4089607934188302,0.5793363782206369,0.3856357836036159,0.49054034266688235,0.6743622866327807
Brazil,0.3108446900174309,0.8020213845356315,0.4228646919337871,1.1397697874310202,0.4260766129062519,0.5087071261825812,0.5474474281148523,0.21654517028069953,1.0,1.0060533277885626,0.5086749618141001,0.2964887295396519,0.25881286634268297,0.33416496936610557,0.5282350032475012,0.3068422615358908,0.6494798276024639,0.4811080629979661,0.5267014512803685,0.826418756562916,0.49038997217147967,0.3153561972209893,0.5528179757095829,0.5403042104254779,0.34382746073756554,0.3669501544989366,1.0854083017642209,0.4581380023229511,0.6035338924044118,0.6957803455793711,0.43025607720618164,0.4002689445727249,0.3176385238089222,0.2902651619463134,0.49273839575212214,0.2841190167279402,0.5114456289841594,0.31844790898173597,1.0263682348142527,0.5873652901503216,0.37518575905863566,0.6114258416930306,0.9426594486252643,0.3703644587961799,0.527768346494736,0.4778470732842297,0.2976431246196718,0.757808358480706,0.31395744970381845,0.40551580978794133,0.3364045555858076,0.5906770089756477,0.3757354517972099,0.30245458885096066,0.6316749028901999,0.6434708821195766,0.37321574410976127,0.9389091427904408,0.4307404450261166,0.32103469689680575,0.4592094208089662,0.4336957025694378,0.38776455450396646,1.0430939745571781,0.5054825600659535,0.8014360447962963,0.3920620446087975,0.627010352641941,0.3042854002697233,0.36381119288585795,0.9268693349998111,0.3499762330640099,0.40922790395831443,0.3910602812493494,0.5531452392390163,0.35057569929092863,0.44447485858916935,0.6668520557179864,0.36724146401332036,0.4448204890164567,0.555585141324278
Bulgaria,0.9666290772278823,1.5474149266605481,0.777747494276849,0.31402995294751024,0.7929863539146055,0.8179040141021745,0.6279620007227397,0.9300360292868294,1.0060533277885626,1.0,1.06554367738262,1.1032324210474989,0.9772133742527155,0.9073479611053398,0.6025476381683005,0.8255683412697962,0.7000658189208473,0.7695323105277317,0.7955172871731673,0.7092833787619344,0.8614117106772694,0.9021013461333482,1.1864959210656119,0.9706873531633602,1.0249906968584148,0.877072061558167,0.24427349600557427,0.9915181885878424,0.6968324024629239,0.726925035028955,1.1426754135278807,0.9363717463702548,0.9385301303749679,1.0302549180585003,1.1534858741764291,0.9085747952880635,1.2857576279921628,0.8875725057041036,1.8972106298679359,0.5303605090867252,0.7555627235902052,0.5290982060501996,0.4580449639478747,0.9403981710048344,0.696859162516725,1.276260928347806,1.1633763155172738,0.6480948116458481,1.1584717551525545,0.8827831161696433,0.9230702251033182,1.0838312119333566,0.9882658256035991,1.0862918955516836,1.3062900274668805,0.8759463718073622,1.1668030475314142,0.48317800015527046,1.1453894757760812,1.0737777391221124,1.0838457078700263,1.0972204648353392,0.7459832611765771,0.383922622025039,0.6117173349304333,0.41433987233658187,1.1360945075294304,1.4046136311849893,0.9878536334176087,0.8110190782943038,0.5452642850114908,0.9213543275923027,0.7431365334952685,1.2500508175050193,1.3362803473886316,1.0955970240349981,0.8330998291765948,0.9485563115536426,0.8750382163243601,1.1564591240386244,1.23917728518161
Cambodia,0.44956359023326564,1.0080578516196528,0.619362610961812,1.2278056959546253,0.3260787084627385,0.3784359049894102,0.5906819362678116,0.5014402334670731,0.5086749618141001,1.06554367738262,1.0,0.3749082936706484,0.47835579892484237,0.4510139543536572,0.5121825953413546,0.49872399237325005,0.6591713345650461,0.3987458603461588,0.5770161927369785,0.8001977518459662,0.4571513491057106,0.33876258179550783,0.24753975889654153,0.359189727473089,0.3804765452552918,0.442453017733873,1.1559678833712315,0.3901383833894382,0.6254955677188346,0.6046283911994224,0.364343516856964,0.47664596690609384,0.3262194536260174,0.3199926639381452,0.3421084265532842,0.4426831575900458,0.6054298847997989,0.40466721720849336,1.1395074444311173,0.6789019263761084,0.5537986731616735,0.5887744558472369,0.9672117805555898,0.4501742724028771,0.5596348474091157,0.33764436314562474,0.4264586629479794,0.7438065067014127,0.3816757826243506,0.2622183635111919,0.43989821492362424,0.46828034629094006,0.5790450174949845,0.35056673450028497,0.8207642426047773,0.9663029530065812,0.35331281662891834,0.9924103492346894,0.37036195508761316,0.33570684302293224,0.18028305544283557,0.34800444405163194,0.5340581934136958,1.1451288854950143,0.6829412093687154,0.9314798414660612,0.40750929007111325,0.6780137766324997,0.5175588005584111,0.5874994000622057,0.8635396633344045,0.38101974996204785,0.46706256511639466,0.48561756799005457,0.3519770562120445,0.5488018295549046,0.374106654782375,0.8663767531781776,0.4632277876137339,0.3543263019993946,0.5932866906870733
Cameroon,0.20930289436567504,0.6913200060487443,0.46037757878466073,1.2267175538333992,0.40632947208854375,0.44289095946628765,0.5962798684960058,0.2747782239644278,0.2964887295396519,1.1032324210474989,0.3749082936706484,1.0,0.24880629222849987,0.2950923476999728,0.5715944290388894,0.38411682096281174,0.741190384342702,0.4689911697524499,0.4750848760969006,0.7965310012149841,0.3954829532925667,0.30316818483961167,0.3685242833260172,0.4910049141891894,0.16838401556696153,0.29114402708736137,1.1898502752334605,0.3443480117986659,0.7029702591411308,0.6678951558612086,0.21653823980549194,0.3020222892608675,0.199086173934097,0.16937984955785815,0.42700881154535414,0.24577651071886739,0.3091950131510265,0.26511799441608663,0.893958016168234,0.6820125706179986,0.41959662444615875,0.6330548326424389,1.05449426504454,0.2677536288267064,0.5219662223804484,0.362368633952004,0.11746843410458044,0.7945763947362976,0.19958841056079446,0.3735619505312412,0.2629838145537322,0.4426600350531652,0.5244477565573752,0.29332416880407663,0.5121521400424215,0.7304138632740275,0.12255081428398541,1.0692230689581226,0.3792397789543129,0.12179369199562695,0.3737284402153761,0.28610946779643265,0.4014025948696934,1.1835339497782738,0.5979157139343257,0.8928356905664528,0.22236832853775632,0.5080694598734387,0.3080741315986874,0.3835333208650901,0.9460961045794363,0.3136738000061642,0.4392098585461999,0.18685335694305058,0.4037339407485721,0.28929570382410297,0.46170949656673566,0.623330696531192,0.40507363346081837,0.32623238642743524,0.6515575626860725
Canada,0.21050818489263087,0.7489125496316873,0.3859438312644882,1.1149728866185589,0.4064397412129321,0.46546957138442685,0.5182548086755783,0.23603588791987842,0.25881286634268297,0.9772133742527155,0.47835579892484237,0.24880629222849987,1.0,0.2973772393984733,0.505085642241487,0.3494969321509339,0.7013450364301382,0.4577025967132734,0.38089156604781726,0.72158524857497,0.41127883453862174,0.3433475935423712,0.5159136110731308,0.5126966996191613,0.28820722687503114,0.28055697252452744,1.0766694235341319,0.35109762283781093,0.6577384938366109,0.6313766742152399,0.30827988460010575,0.21916208774795332,0.24834699197412524,0.29957781684050117,0.5494574810934773,0.16719827606817755,0.41327510051960237,0.25207940558955694,1.0087359047206028,0.6009574960487267,0.29731508298983095,0.5579190727552195,0.9705921649134037,0.325856530674568,0.4098396012775158,0.5007669471850581,0.28613532206661596,0.7285691268911866,0.31766270307558575,0.411502762440857,0.2686532591118763,0.5061628002232883,0.5490064690676959,0.37034364424215904,0.5772457455055208,0.6404099852271798,0.3002929512795177,0.9792077968452365,0.44699339029018803,0.2780692595685933,0.4754789497231442,0.34707595120558726,0.31502018823611355,1.056449364879862,0.519331543825152,0.8068986669314614,0.35551306018068535,0.6277011409746651,0.3433582562427858,0.294248200563394,0.8874278895642338,0.3358582069354622,0.39310630534911645,0.3363662937432966,0.538388679053238,0.28868962702570344,0.47823845582023483,0.554152962161083,0.4068119894376441,0.37148298422769177,0.6576968023775723
Chile,0.2207191508056667,0.8257481740130133,0.3769987938274304,1.0233946767328543,0.30821951041395074,0.30462399151582403,0.4466530489276494,0.23185425203772916,0.33416496936610557,0.9073479611053398,0.4510139543536572,0.2950923476999728,0.2973772393984733,1.0,0.421005365128554,0.2456826041278109,0.5819958330398214,0.3763856523010066,0.3803130838042491,0.7154694319019735,0.2104371529216845,0.24452883992467975,0.4621456488094067,0.5010913345037339,0.24394949066780272,0.2637424955357254,1.0097631283254715,0.41567163774219346,0.5776146661672511,0.4475586508424771,0.3557332261319715,0.303695575370807,0.19772413510374137,0.2717398421733816,0.507579850669744,0.23753994184315438,0.4687204795379216,0.16989316231024995,1.0831294096864275,0.5130441256269705,0.2653307679563695,0.4553747766820213,0.8787385000730841,0.2878171338182843,0.37775321894518177,0.5342325759787887,0.33191960318202507,0.5978615532791168,0.4028774088666726,0.33480225887182563,0.18997239030741536,0.48063596911295736,0.537940735745844,0.4113501845195882,0.5350139420048845,0.5915343727964114,0.3436475943015686,0.905649539741779,0.4664036787135939,0.25492164961240155,0.449766932096801,0.40577620328939057,0.2407816780696085,1.0345266772671495,0.4113557804510336,0.7084901957546401,0.3364907452200106,0.6678513733940833,0.29329668916032176,0.2679183317266854,0.7547623182659452,0.33225512110647965,0.2747390789816012,0.4125501734402428,0.6180553504026176,0.3289553958191129,0.3962380648152944,0.5583487634576727,0.3741793108999171,0.48742184280360823,0.7340159652284112
China,0.493628767239966,1.1585690874041983,0.40642741039331765,0.7709141797941603,0.2103673237037696,0.3054634900257782,0.21465272335932428,0.4525228488535172,0.5282350032475012,0.6025476381683005,0.5121825953413546,0.5715944290388894,0.505085642241487,0.421005365128554,1.0,0.3308266592000052,0.3262790332027975,0.22363323631950427,0.4340520094222584,0.5963521591509131,0.4111572404043093,0.3513166955595902,0.6260282624906908,0.45324222562691974,0.5137154538220308,0.398119457382909,0.7056750608079314,0.5207149194528782,0.3179988843028032,0.40224524693299485,0.6219503226195776,0.48567316476007405,0.413336768886145,0.48894842347050343,0.5991532034614453,0.42422229789872173,0.8188323357180591,0.39079550726380813,1.437441850595024,0.26657763644350596,0.3393643845171441,0.1681816439519458,0.5310641986689036,0.45672329190618055,0.3312011567586816,0.7223513853400849,0.6332153017799834,0.3922434895913706,0.6297146521186126,0.29986745280627636,0.4273713182264024,0.6321587092789959,0.5503028447054091,0.5513192439632272,0.9054789100510081,0.7166743843275207,0.6311068285043767,0.5577205000077596,0.6132193217556782,0.5385092582029247,0.5070229696206334,0.5559832870918695,0.31471058700926946,0.7060831209053352,0.32340768243670737,0.496953630890078,0.6211412861518093,0.9242772124039231,0.5241865159521512,0.42880820608971243,0.5153156627176972,0.427003594994516,0.21212489617016336,0.7332772906988292,0.7890846393272616,0.6060482758325684,0.3049969627633616,0.7328691673171479,0.4514296564210907,0.6284463320576997,0.7450382225211896
Colombia,0.3609259202299678,0.928280375340364,0.2902594320322598,0.9521486018757649,0.2624940558218455,0.3243849586878263,0.3549700512207117,0.20175839614773622,0.3068422615358908,0.8255683412697962,0.49872399237325005,0.38411682096281174,0.3494969321509339,0.2456826041278109,0.3308266592000052,1.0,0.4281535319940459,0.28938745809950644,0.46734563549083774,0.7371400862058595,0.35636695611526253,0.19392842833138713,0.530947102489807,0.5052005557268539,0.3681008267124208,0.2955886394097954,0.9166235645642546,0.49709833962721556,0.4162918086064295,0.5261456073409454,0.48740867288964196,0.41568580911843406,0.2849358503593746,0.31682999582375454,0.4581040003146996,0.3126680811676032,0.6168807542679308,0.25240819520961727,1.200347455502435,0.3807037171616606,0.23896321995788755,0.41090375610111673,0.7293865804232526,0.3307189750787429,0.4115610888423425,0.5870894464523565,0.40890854207524335,0.5463679639922832,0.4396510372242257,0.30364778901374573,0.2745853124838895,0.5646520653467811,0.39296705974036,0.43475367444509955,0.6653899104357988,0.5524563366317178,0.46673403144675574,0.7419459078440219,0.5138061890694496,0.35449549431618177,0.4534930963565912,0.47418561765856226,0.26273452431733413,0.8957420453732998,0.31159066486269554,0.6066810298303186,0.4273489309693074,0.7586403803244492,0.28919937102620835,0.30955341487153265,0.6885718393507351,0.3490632810630252,0.23743492489903575,0.5232155523680673,0.6871126455324535,0.3980839055424597,0.3252619788463234,0.652991739580331,0.4130292468247103,0.5697935033648726,0.6660459636615702
Costa Rica,0.7141042054484702,1.3161979253723808,0.5900035786049918,0.8607680252648028,0.40206734351268275,0.47650952471384617,0.37735171333197576,0.5923873398107158,0.6494798276024639,0.7000658189208473,0.6591713345650461,0.741190384342702,0.7013450364301382,0.5819958330398214,0.3262790332027975,0.4281535319940459,1.0,0.40715557985419454,0.7025767179932905,0.8496333680152484,0.6191517856611537,0.4790116848874761,0.7339611852310892,0.5850220154117283,0.7125508359501856,0.6179166625482881,0.778387353396075,0.7542089386700032,0.22674085393966742,0.5657492638687479,0.7977098246871751,0.7331318485594647,0.6138663198201093,0.65323653516851,0.6205233832414621,0.6472736716707177,0.9972481436628168,0.5992495050460446,1.5509970805816147,0.40089937217550836,0.5323402520119431,0.43002546661162994,0.4277871823116176,0.6548421262086448,0.5736995521888026,0.8239599701183856,0.7694720449381891,0.4218566045608775,0.7597407911082368,0.43986439557784807,0.6023241040823186,0.8244167103029082,0.5781102070680131,0.6783962558568757,1.0393357918405521,0.8356137743616798,0.7973127769270296,0.4293546645431458,0.7070483039367844,0.7019472636736818,0.5943593661021943,0.7164101083136685,0.5443417848344388,0.7282953817175175,0.48001395401774666,0.6116960959803991,0.7535029951947004,1.0614555716954102,0.6717574255707369,0.6555304756009346,0.5822724872812836,0.6389089539284885,0.4082324660965299,0.8834676767101343,0.9136927632157605,0.7254830944694532,0.41623139570438067,0.9773629885591344,0.6727288752335823,0.7966436774507754,0.7201331643314453
Croatia,0.4520015280193494,1.0743598833414054,0.37754285438249263,0.9211098130797996,0.16548138102846582,0.22951196877118984,0.3408524673724562,0.38969015507639454,0.4811080629979661,0.7695323105277317,0.3987458603461588,0.4689911697524499,0.4577025967132734,0.3763856523010066,0.22363323631950427,0.28938745809950644,0.40715557985419454,1.0,0.4699390954125576,0.6692962905768108,0.3625107358317159,0.26089313172948214,0.490877460491095,0.43786017243521075,0.42612779367933296,0.3626227840329024,0.875840600117961,0.4470380461740614,0.38868405864086325,0.44702870612615625,0.5286449105209696,0.45104776649470185,0.33036654093343204,0.36347801666562857,0.4493309554359609,0.3883947555644708,0.7151644595824023,0.3210963759027316,1.32530288243692,0.36435479209428,0.37033251484623136,0.30948407532775485,0.678831695557645,0.39721046331317045,0.4217149791515062,0.6008741483233473,0.5219405351084211,0.481503268648857,0.5077055365928183,0.2340055446950839,0.3811615659819236,0.5094121663251034,0.49244490611219477,0.47194926392283837,0.817661296532731,0.7343771337318615,0.5226008180267585,0.7066607055283939,0.5308365302182548,0.4201537397994297,0.385080238529945,0.46619868718287005,0.337482179731454,0.8446846280635175,0.39876538335717804,0.6136966602194875,0.512541214063292,0.820385661444131,0.42970699564877424,0.4365474022633537,0.576910794183852,0.34973333930929806,0.21894653078385407,0.6194976418557369,0.6735597406847267,0.5452696397345939,0.28643410907979605,0.7481306059063194,0.417090000556256,0.5628064497249801,0.6945423065390606
Czech Republic,0.31370887076462123,0.9080250727942691,0.4211511806412772,0.9146262477532919,0.41497339911413494,0.4554539413422,0.43673059016976395,0.4475182960718668,0.5267014512803685,0.7955172871731673,0.5770161927369785,0.4750848760969006,0.38089156604781726,0.3803130838042491,0.4340520094222584,0.46734563549083774,0.7025767179932905,0.4699390954125576,1.0,0.49489974658817654,0.35785487293930174,0.473511114283564,0.6490223878917808,0.5474021758161113,0.3991774115698924,0.33174335907994856,0.8973778469946652,0.3979526212465996,0.7065403826130946,0.508399721320633,0.48010962988520267,0.2394054992035212,0.34839599325737763,0.4724658681147287,0.7322421499284544,0.28020304275765295,0.5845550170626398,0.35430112145406395,1.2343462016885358,0.5241596528353203,0.33013716840929236,0.4008137740940085,0.8584250945207881,0.43163355522185326,0.26999763253569947,0.7270605990451504,0.538243442638609,0.6053554224996095,0.5794985242613652,0.4904113335119665,0.33450820425147937,0.5383977581768402,0.7202510488240869,0.5905650480444695,0.721190026667434,0.660920180652442,0.5120628893217423,0.9012488156315279,0.6504385604473594,0.46515687313742315,0.6229703853775367,0.49283213195989134,0.25890468211057394,0.957859849136342,0.4637387684415656,0.6695738289003689,0.5668014936085842,0.7392250223542556,0.4974423434186204,0.2986777388998048,0.7203318264348579,0.44238588931952577,0.3812628471917172,0.5881238565606068,0.7408060389863952,0.4682715951247435,0.5652937359110288,0.4687810664620674,0.43944069085588633,0.5378387752993706,0.8941900298989024
Denmark,0.6571462264279069,1.1765934723309444,0.646776158613823,0.7908217212447858,0.6496083482531679,0.625877784671425,0.5377605423228318,0.741146489769869,0.826418756562916,0.7092833787619344,0.8001977518459662,0.7965310012149841,0.72158524857497,0.7154694319019735,0.5963521591509131,0.7371400862058595,0.8496333680152484,0.6692962905768108,0.49489974658817654,1.0,0.6276595103020993,0.727956985836716,0.9048532706936014,0.7367524591797073,0.698308190031638,0.5841404149728214,0.7649834499064782,0.5990754045068727,0.8429380987252979,0.6562109990637653,0.7892841283144435,0.594747590422988,0.6588239417051933,0.7808068499444683,0.9976269699252763,0.6352964073320236,0.9145082564585292,0.6266447508690058,1.5242520053216846,0.6446596050731186,0.6265325335703179,0.49038492852806137,0.8646408903997748,0.6322046225162566,0.4817347159807482,0.9719318738530043,0.8611101635047806,0.8350435390677893,0.8749381650009176,0.7157027389681228,0.6587569617441126,0.6833890492664683,0.930653142600263,0.9024877414288843,1.0033624553321492,0.8326470691128027,0.8384677370350881,0.9157699420516164,0.9163819742149645,0.8020467554368393,0.8769017186771001,0.7408443659690002,0.5663450069093863,0.8504814554749376,0.6604329674463071,0.6521784796528944,0.8687549281998771,1.1047444488923168,0.7975208549088739,0.5842193147086153,0.7770073926086661,0.6234762981933617,0.6560998505838067,0.9146710239058606,0.9917757730663024,0.8436593338144649,0.7261995891973797,0.6983003303643461,0.6576721228991147,0.8292204990688788,1.1327119533723082
Ecuador,0.29473787234689897,0.8883697553853223,0.44589018102770894,0.9511009489729966,0.31852685484239146,0.274723366108104,0.43482040591261717,0.36542318610114033,0.49038997217147967,0.8614117106772694,0.4571513491057106,0.3954829532925667,0.41127883453862174,0.2104371529216845,0.4111572404043093,0.35636695611526253,0.6191517856611537,0.3625107358317159,0.35785487293930174,0.6276595103020993,1.0,0.32641997807232137,0.48904131884846985,0.5306746760220376,0.2886807646037336,0.29600225285778964,0.9607227309544176,0.43193166155844104,0.6216284895300276,0.3371049229946825,0.4299677425652001,0.3421526819812836,0.2545478713995219,0.3476183408385667,0.5853630843070433,0.3125448404800973,0.5340385270550626,0.22047191258415838,1.1733759545281477,0.49306185935136904,0.34545804500828453,0.386191339813005,0.8716108159929342,0.32943276053388415,0.3853614867118133,0.617195615987534,0.447111288773849,0.5691005663945414,0.5035577784913973,0.37553863132919785,0.2809089621327776,0.40585415674921577,0.6507972669566742,0.5148785396293858,0.6057070435471018,0.621172942126623,0.4272528459590261,0.9168934620554136,0.56708724723754,0.33737404645354413,0.5099493081428325,0.4724550276890649,0.26600744879748267,1.0160867664541184,0.41258044893757284,0.6609427979172652,0.41057405313857015,0.7527052967589773,0.3896010652137793,0.30356290682469794,0.6597701304154431,0.3378089124569809,0.3185901141939229,0.5148260992344572,0.6880029435830732,0.4509762037044794,0.4338938168315238,0.5407954391361939,0.40123481072122125,0.5602339649247423,0.8614072095839334
"Egypt, Arab Rep.",0.32406887091664544,0.9305926719496398,0.3773942988335551,1.0416596582797895,0.1897664269885441,0.27479568045148545,0.4061243517263018,0.2618845266407577,0.3153561972209893,0.9021013461333482,0.33876258179550783,0.30316818483961167,0.3433475935423712,0.24452883992467975,0.3513166955595902,0.19392842833138713,0.4790116848874761,0.26089313172948214,0.473511114283564,0.727956985836716,0.32641997807232137,1.0,0.3858935343076912,0.378195565690783,0.2878623237540071,0.2565597811543466,0.9843000058710193,0.3981760263221356,0.458843734645498,0.5186983466628777,0.3799771923199622,0.3771870832248592,0.20140762596688172,0.23508594961537793,0.34897779658548383,0.29500367748824985,0.572452519623924,0.23058255953901474,1.1516113835825164,0.4608244300218834,0.31839033146252815,0.43604608225829383,0.8007292964980518,0.26927526788828515,0.422738066220897,0.44024710322970684,0.3503401623827766,0.6172053195366523,0.35164058978035173,0.18436571957439893,0.26365450272724406,0.47416843687959176,0.4042023584827829,0.3509404229023352,0.6790865504033851,0.6912498625256687,0.3595536393671973,0.8174279029543686,0.38323241759998955,0.26897808407095214,0.30937428186052834,0.3580327887416225,0.32264157425038625,0.9685662977412688,0.4315958679116485,0.7077138575834018,0.37401317096550035,0.7052098649900774,0.32312123616541344,0.36560224725087453,0.7436424256519167,0.26346319027324866,0.263447790011621,0.4631454519028208,0.5426634396874346,0.4092077072719366,0.24407417333031237,0.6997210417750566,0.3638917830649611,0.44581518376643464,0.5988436082100613
El Salvador,0.4947244774971099,0.9349069550966476,0.6786842024284884,1.335303732036277,0.4305291891918407,0.4283335928643012,0.6830160065144814,0.5325662465503982,0.5528179757095829,1.1864959210656119,0.24753975889654153,0.3685242833260172,0.5159136110731308,0.4621456488094067,0.6260282624906908,0.530947102489807,0.7339611852310892,0.490877460491095,0.6490223878917808,0.9048532706936014,0.48904131884846985,0.3858935343076912,1.0,0.41734836608634257,0.3868251189988721,0.4800494716986514,1.2893662394443253,0.4483600278515944,0.725965493303491,0.6708968760093263,0.314693571590487,0.5075204974465899,0.37965680764580534,0.3447306774003288,0.34659827201670285,0.5072898245514967,0.5534497658462216,0.4561472813813324,1.0329268955972737,0.7794662125306467,0.5914271198122955,0.7040177773008922,1.0684917609771005,0.4888169809871336,0.6511508721013626,0.2747712650447687,0.38266174365662015,0.8010017931813036,0.4171343056553649,0.38806056119626114,0.4740281529824828,0.4812867186593186,0.6570073505923308,0.4144047610234742,0.7326088621735585,0.9830799460801348,0.3209067075155469,1.103484436931048,0.35922102705047987,0.31988443662580385,0.24945329071506725,0.3431996107560984,0.6079453218348673,1.2760521754115102,0.7566436038864749,1.0304729770850096,0.3966267019125685,0.5953751206386617,0.49937306496092754,0.6388574799233853,0.9272726252061605,0.43911129319402054,0.5258704790340161,0.4350717654254225,0.3658441536545397,0.5227626054298022,0.5031347572367011,0.8949701621993011,0.5754597554010733,0.4100255416612315,0.6325552245079937
Estonia,0.50343559294298,1.123386404745756,0.612165920447692,1.1438792919980294,0.33457892965320074,0.41668012587712133,0.48437550272814367,0.5615197863295154,0.5403042104254779,0.9706873531633602,0.359189727473089,0.4910049141891894,0.5126966996191613,0.5010913345037339,0.45324222562691974,0.5052005557268539,0.5850220154117283,0.43786017243521075,0.5474021758161113,0.7367524591797073,0.5306746760220376,0.378195565690783,0.41734836608634257,1.0,0.46164399768801323,0.41328919823371607,1.0594029006645869,0.4145454554960988,0.6105875465437991,0.5984932984893089,0.44727368971459786,0.4806655675908604,0.41696330375591306,0.45959962021961953,0.5226398491160745,0.46050803888967246,0.7453877143554304,0.47375529591811033,1.2678208236634525,0.6497945362198524,0.49807428788117564,0.5436882784296982,0.8340369405715344,0.47791535217238373,0.4721398590277223,0.445712106097376,0.5415664289436376,0.6999256703628048,0.5371212885912479,0.3198307922567729,0.46607211510952995,0.5961373811752492,0.600020309758689,0.46346338506175544,0.9184548878637382,0.9732638824243869,0.4892968260654292,0.8730353421061682,0.38614908683233884,0.4795349792824533,0.33794339677139523,0.38347561288341275,0.5305701798157361,1.0521037506778648,0.6699461903813757,0.8864438623485464,0.6050261380232229,0.7519505549426654,0.5755572187834492,0.5848336840030295,0.8450968033005404,0.39533693088368654,0.42120810366394146,0.6261590098218935,0.5183397126740947,0.586158322783776,0.3994745016840201,0.8860012354214706,0.4967955408409121,0.40673515620036865,0.5747144934630113
Finland,0.16962930285408068,0.7525967880082897,0.44340748626141613,1.1332010354296025,0.36027168534266474,0.367566398309519,0.5318548611473457,0.28578673687631667,0.34382746073756554,1.0249906968584148,0.3804765452552918,0.16838401556696153,0.28820722687503114,0.24394949066780272,0.5137154538220308,0.3681008267124208,0.7125508359501856,0.42612779367933296,0.3991774115698924,0.698308190031638,0.2886807646037336,0.2878623237540071,0.3868251189988721,0.46164399768801323,1.0,0.22005799219276528,1.11143996606095,0.30517612051275833,0.6860397912934085,0.5585656306819428,0.2598313725321428,0.26682577309902034,0.14627746920476642,0.18978783106765512,0.4925852354134902,0.21164806073813813,0.3661894642258908,0.19636600980204214,0.9824677340497625,0.616872371239024,0.36546750795809946,0.5498191487319631,0.998922027036646,0.2284124355533394,0.45475253516284964,0.43197201844983224,0.22624684654479907,0.7297420647429729,0.32590748753933707,0.3602807028675221,0.2274643472208608,0.35686534251383345,0.5539376050091105,0.3610348491456911,0.532333151799255,0.6895387131778556,0.2158301025650171,1.0298617556246004,0.4179586525635831,0.16707542023940103,0.40992265399351163,0.3078350086162908,0.3364845926747423,1.1336721365815905,0.5382760365681039,0.8164157644214454,0.27763614267865866,0.5597923335534912,0.2945775811559898,0.3076167088328543,0.8578548903528336,0.2509109041733759,0.37704040417359724,0.2952360490058027,0.4869436704748374,0.33510898687685214,0.4455575712141387,0.5777656674834345,0.3571199513973175,0.3760184502978878,0.7321935145882018
