Country Name,Albania,Angola,Australia,Austria,Azerbaijan,Bangladesh,Belarus,Belgium,Bolivia,Brazil,Bulgaria,Burkina Faso,Cambodia,Cameroon,Canada,Chad,Chile,China,Colombia,Costa Rica,Croatia,Czech Republic,Denmark,Dominican Republic,Ecuador,"Egypt, Arab Rep.",El Salvador,Estonia,Finland,France,Germany,Ghana,Greece,Guatemala,Honduras,Hungary,India,Indonesia,"Iran, Islamic Rep.",Ireland,Israel,Italy,Jamaica,Japan,Jordan,Kazakhstan,Kenya,"Korea, Rep.",Kuwait,Kyrgyz Republic,Latvia,Lithuania,Madagascar,Mali,Mexico,Moldova,Mongolia,Morocco,Nepal,Netherlands,New Zealand,Nicaragua,Nigeria,North Macedonia,Norway,Oman,Pakistan,Panama,Paraguay,Peru,Philippines,Poland,Portugal,Romania,Russian Federation,Rwanda,Saudi Arabia,Senegal,Singapore,Slovak Republic,South Africa,Spain,Sri Lanka,Sweden,Switzerland,Tanzania,Thailand,Tunisia,Uganda,Ukraine,United Kingdom,United States,Uruguay
Albania,1.0,0.18399343120806047,0.13517235186130955,0.0754475966631235,0.08981675653295129,0.03833092106660816,0.08943797189210842,0.09897903237927343,0.06515762023371184,0.09859679190656312,0.10568244346757713,0.10130209983605061,0.06239911793645284,0.04060034308163345,0.0893960407102083,0.17934484750158278,0.062460391281456466,0.04882150245526523,0.062216942996688715,0.06701702565670072,0.09621316529183939,0.08344994509479846,0.18444058632828625,0.06379860549436625,0.06683566602940233,0.05907601183569184,0.0873839895188766,0.13834185772697008,0.053377796480835814,0.07530868687943558,0.13914871110918395,0.09459396096129215,0.07559204140872725,0.14202334427840843,0.08031672490545419,0.08633920705124316,0.04237316710658268,0.058720814676934914,0.11643940233435736,0.1832390499232384,0.12087817789184857,0.04503341453316404,0.07956367797696462,0.04468086241670003,0.07950409674221036,0.1095044533240195,0.07743379968418798,0.05485146305284562,0.1786605467661471,0.07788720773926842,0.090518277508789,0.09471779211663961,0.06904349610424133,0.06123246369977742,0.04934088604099989,0.09367126647756675,0.12983327666061667,0.0976890384181675,0.04342914347657309,0.06070029515679935,0.1585554754932816,0.059027164399922796,0.14813339785353116,0.09272282640547826,0.11677760237186782,0.13795803266284817,0.042426323484342186,0.08019235751471537,0.14031495945375827,0.05383628933534857,0.06825236605758875,0.11947212213215182,0.04093304757564798,0.18300880455569746,0.07767638960405351,0.06593768636783717,0.09930171583139712,0.10007100577415495,0.08365310802444964,0.1658497814817246,0.10380180696601131,0.0538210678852685,0.1527932385176219,0.09074480633866883,0.07673252604750937,0.05133575492271866,0.06894156491557153,0.09108438570331968,0.13867800178793832,0.09541033095567342,0.11886990421203338,0.09688108543372959,0.14869257500526253
Angola,0.18399343120806047,1.0,0.21317714708099533,0.19063243565360785,0.1900816623783524,0.1847773466279907,0.22356441324650128,0.20906705156228222,0.15979654384633926,0.177604817065845,0.22042708347169057,0.21206271186467107,0.18931534538187245,0.17361391422989517,0.19108361835589238,0.26514123317215377,0.20510246268315216,0.18728860458932245,0.1653998817389233,0.1904722737876029,0.1879771756143563,0.18534396802948205,0.2295392119788397,0.16722419242191738,0.19036766694462134,0.18398481991159113,0.19830343481703833,0.27187496375287057,0.191244241473648,0.1932779731702746,0.22428285788194244,0.18701438172718365,0.19065962492778593,0.2808540802632268,0.19550670568207412,0.18802867091930117,0.17150438192614376,0.17072980118917755,0.22924340691921427,0.2872785980095452,0.18763184577055075,0.17909900750433883,0.15879384892777434,0.19049874746850776,0.18182020245431688,0.15444794223349384,0.20523674205351217,0.17748259058406024,0.19471631565139952,0.1984296612267223,0.2075919041146101,0.23532983348243525,0.18958207512804892,0.19749718089464846,0.15795333919287713,0.2275249010005605,0.21936758302359038,0.18686903928888404,0.19234645948370685,0.18874276260423786,0.20772111581457528,0.19922788128238667,0.24378837306293197,0.20736911032296484,0.20776949011794704,0.1490895945799167,0.1816662985574929,0.18155888605743106,0.25479712598597176,0.1695032596664695,0.1861489907891602,0.18755392350900627,0.17961356643619386,0.21223324603110502,0.15994772930450057,0.16503786813497143,0.15640282808551437,0.17047164079988567,0.21144557087705296,0.21988793491927539,0.1579162168051697,0.15991299706420833,0.18822193898065467,0.19682486220820214,0.2106970338581314,0.17183635377786063,0.20217968253900712,0.17617151673621537,0.18340230949638822,0.17072885432293158,0.24289165059775272,0.21041081274406837,0.25434773418925066
Australia,0.13517235186130955,0.21317714708099533,1.0,0.13654837901263944,0.15165083326081405,0.12656174303455928,0.1359553422969685,0.16922701886924935,0.13527651115106448,0.17107302380646885,0.1432952682951143,0.13691250312108125,0.14791818670806836,0.11930173636654223,0.13530405556238337,0.2066645761344386,0.1527058865300283,0.12067367630537575,0.12916208711962654,0.14866401829060694,0.10213096151239043,0.1463810599060322,0.22639601162686523,0.12392526685124927,0.16477707969589617,0.13445772151794766,0.15885735825597533,0.1965139990706777,0.1479449901710835,0.13345374181274527,0.1721625950711916,0.14594483747331718,0.15398950345550969,0.21881061150928108,0.13957008479648028,0.13550015339537366,0.14036233425264405,0.11756367366478178,0.18488880843335467,0.23461853359143522,0.13339875336244525,0.12753418567965613,0.14392054751035638,0.12172573764263532,0.145200515244467,0.1582675218533046,0.14814655788130368,0.1294026416055916,0.18575442193444502,0.13962484939929354,0.13473891890851922,0.14822894036645043,0.10937962328558334,0.1195674114994196,0.13693406779444386,0.13755252148960206,0.1955842672252329,0.1324613188456169,0.12830717232737648,0.14051854948280834,0.21970972463406452,0.1316296042003536,0.14400916259411176,0.16947210082271774,0.1607756727513824,0.1777804346129797,0.1294879913797659,0.13635007379666333,0.21394787927173248,0.13026894423797025,0.1275809982885956,0.16617252796605472,0.12760745831559372,0.19535745316982253,0.14422349928908973,0.13726716230472588,0.1342016057517313,0.17882967223413548,0.14639894341042353,0.1888007620279197,0.1299506894645752,0.1440365108209257,0.19723405541450234,0.1554078066611984,0.13404459202258628,0.11641574018655106,0.14538789584501033,0.16276836309935785,0.192706473428756,0.12830077968881481,0.15539913587204068,0.17618806152247754,0.2042778124771967
Austria,0.0754475966631235,0.19063243565360785,0.13654837901263944,1.0,0.12478236402551494,0.06573054277671102,0.09862150610626633,0.09797242053833646,0.10128845867196598,0.12310044418047342,0.11519728346678552,0.12382219753206732,0.08793378564538418,0.07499511155733947,0.09268711219415786,0.19159402374254195,0.10933299943878176,0.07385230638342616,0.09408109162533031,0.10375524743023037,0.10419595497544369,0.08878602642618655,0.15442170308558284,0.09013569539441134,0.10988704589536194,0.08080441308957252,0.08022027957925847,0.10320296304832745,0.08003960748920674,0.06260552513478092,0.10259831665226658,0.1326230599647877,0.1139308190941037,0.1766241087635244,0.07014889715593846,0.06947539601875218,0.07412587004865845,0.08638259307706818,0.15689688171672547,0.16110780510993244,0.14358863573810915,0.06887104173562074,0.11569114082922251,0.0800523503145053,0.1205818883499468,0.1281331963477986,0.08144634472852343,0.08016487315734112,0.18850250960795872,0.0817049226812907,0.10226045472837651,0.1016497513945642,0.10375098375958412,0.08386813283899547,0.07609536137312932,0.1271942352796858,0.16062249233636133,0.11760811441454579,0.08621518959113583,0.08749612522327244,0.1521929174664242,0.06526742798403296,0.17050190177426103,0.12347336637924705,0.1518487201639883,0.1685943363254051,0.07209455556101889,0.09931938981822726,0.13631393662003488,0.08668358364887667,0.07931198798401866,0.09370025925928763,0.08377393680351605,0.1729947831594647,0.11524907797716677,0.1015966914390002,0.12985555253363829,0.14235741291149978,0.11859037480772347,0.1555040189709431,0.104392782901422,0.08506325356277537,0.15409064924982901,0.05984103787828239,0.09403740055982289,0.08339632282819506,0.07523628422437488,0.11393733891794006,0.17671590885067792,0.12582313098287146,0.13058073392796735,0.09443562206546662,0.1512699185384796
Azerbaijan,0.08981675653295129,0.1900816623783524,0.15165083326081405,0.12478236402551494,1.0,0.09706763519760872,0.1295857574434607,0.12481072968930408,0.09724057952510355,0.13012758051280365,0.12885224315512697,0.1597483880425351,0.12142696552653964,0.09959673198055091,0.12654948592240223,0.2212426572420683,0.10735273546865168,0.08630214121283801,0.0943202186422467,0.10612360690746632,0.11749214253372003,0.11536628657659509,0.19781632524840617,0.10868450350069322,0.09159358571011066,0.10731168129371013,0.13960872005922548,0.17562470056696422,0.09776846902217153,0.11376777180638245,0.1788306879488921,0.11486680396643802,0.0832631515415787,0.1484305204750229,0.13165283131411126,0.1283392811699371,0.09781086737570598,0.09782145444722695,0.13652840319813203,0.1957784008777435,0.1492708838896905,0.09274141861583372,0.10905074262263827,0.09417891352205428,0.1361445407709639,0.09894701840361458,0.11961053084796765,0.0767857391463752,0.18533103840201226,0.10919361828292386,0.11457170065485169,0.1265242406099582,0.10800374262946791,0.12184502856605968,0.10443077675606574,0.11428570784064683,0.13226349004776075,0.14556692819859365,0.09983971175497673,0.11705236830418951,0.1790225690494851,0.11842849377699356,0.1653803118201747,0.1446751201924325,0.15409798217370504,0.10849354267430518,0.10703571022875144,0.11308913212286512,0.1965473673104668,0.09960272846943692,0.12105860963471136,0.15319095858369017,0.08784740516037268,0.19616362492284312,0.08204553578621623,0.1129670368152738,0.0749202705262028,0.13260254534456145,0.08357507853948731,0.21008920520584354,0.12449792902669626,0.08037844227623238,0.15433108699952042,0.1283904735460326,0.1110255112647605,0.10933463820939661,0.14142601416573197,0.12290717212047235,0.15530200586206175,0.10398648718286159,0.15086673147700816,0.1485093916867696,0.1973086321888988
Bangladesh,0.03833092106660816,0.1847773466279907,0.12656174303455928,0.06573054277671102,0.09706763519760872,1.0,0.08237377113070216,0.10097598304482874,0.07096200674628728,0.11259254442583792,0.10494396608338871,0.0924263913410475,0.04712402532799518,0.03774546559811399,0.09032681647434262,0.16843143709567035,0.0713343588763571,0.037037094190985075,0.06201530504927392,0.0596018267266977,0.08231326501182008,0.07788678180987109,0.18359464095821404,0.051467188714780995,0.06935980048477183,0.05234237222928082,0.06652118774333568,0.13220876265279305,0.05671123691204145,0.06764885252418455,0.13516865099670647,0.0877779353905151,0.08719394859773072,0.147757163080964,0.07117028940505457,0.08028031201217078,0.04004062630838209,0.05068041648272787,0.12749631412254497,0.19017360000772804,0.10358871702379813,0.05054030039264736,0.08329219571536955,0.051104782614122976,0.08907491648943541,0.10229818584847253,0.0776161753973331,0.045811264098025724,0.18934423169806588,0.06732205865754405,0.09047214263535568,0.09730183201032445,0.06440565371619834,0.0550304082196432,0.050331522598142386,0.10239801461731379,0.12123926533182533,0.0960182972336068,0.038853014248005135,0.0671132961881759,0.15887151409432923,0.04312977771186852,0.1503377623385504,0.09743228261562817,0.1257899950676076,0.1473086923267045,0.03463750939651638,0.07427943785766686,0.145446692793351,0.042996638398023874,0.04914867329602914,0.1144205823164789,0.04795575321116946,0.178626374105148,0.07686293447392716,0.06752756401110276,0.10247762842704188,0.10012652298977115,0.07545862953505039,0.15669140312496807,0.0997657559586923,0.06828060400034536,0.133568308795529,0.09087457418101841,0.07309485207315392,0.04940441242634594,0.06478503652581144,0.08609403406175903,0.13246437248687654,0.09986855849040309,0.12232420028585239,0.09696193399992774,0.15165093800966561
Belarus,0.08943797189210842,0.22356441324650128,0.1359553422969685,0.09862150610626633,0.1295857574434607,0.08237377113070216,1.0,0.11120823375430892,0.1128941633894802,0.15363220660463253,0.12550137378020637,0.12634718026437725,0.10047225786025155,0.09233581890058688,0.13697903028115493,0.1779216635422406,0.08801585757846345,0.08484389056552964,0.10662906863888848,0.096880404571942,0.11499117330145094,0.12405640140813129,0.17438821679049032,0.10219102159888217,0.0996626025043946,0.10825856409685986,0.09313134708808689,0.14662287659367493,0.09509771025652841,0.10140645559297627,0.14320999515632477,0.1243325728613229,0.12457654211388373,0.13791593712318526,0.09632016673351551,0.11940103799140414,0.09778123296492039,0.10168095354326702,0.15821800910013545,0.16918288408476237,0.15525879878464102,0.11006480155525576,0.12128284723497072,0.07447359670474953,0.12251687766438164,0.16447404715484132,0.10940254133654985,0.0902268658909156,0.20622450066957104,0.10874648266589737,0.09578429810043435,0.0958693210868926,0.1027498699222368,0.09154039731498045,0.10065949230431093,0.10633059406199044,0.15676212612291762,0.1455149097366364,0.07874340601334433,0.09380242598496205,0.19224004773839332,0.09192737174019244,0.17344567072939543,0.13971414358781614,0.12198543953656688,0.18418726470832134,0.0961666998550416,0.12462681504336917,0.16758090650540589,0.10479449053165969,0.09251914893941518,0.13281758083740244,0.0939461384215903,0.2219246688556227,0.1334685126985266,0.1131052147051465,0.13970296146201533,0.13377454554728976,0.10023165056448902,0.19003458048308955,0.1268803320943845,0.11774862759770559,0.17633431731432375,0.11752749112717208,0.08965377073381063,0.09296136716818298,0.11106405237171098,0.138000852483324,0.16747356576438377,0.14314941770190645,0.13819237256302375,0.1475781807599497,0.18360818543703336
Belgium,0.09897903237927343,0.20906705156228222,0.16922701886924935,0.09797242053833646,0.12481072968930408,0.10097598304482874,0.11120823375430892,1.0,0.11943092736851708,0.15821921700091574,0.15920378333229387,0.16061734915877982,0.1274742668357589,0.10356263762880707,0.12976953706494115,0.21207362515686312,0.1363865966626436,0.1020946830531722,0.1219463744189966,0.1066735821770412,0.13955258410121413,0.12922184778732448,0.15113090311476837,0.11440307887348786,0.12682745244827923,0.12864457464793022,0.13636228206228201,0.14085581306940162,0.11205867912363347,0.10319216122136748,0.15633278437959863,0.15084452910497018,0.12721398436220702,0.1778606613104245,0.13450501717077204,0.1332374730587701,0.11141385344974448,0.1214134500262481,0.12478013575970132,0.1924498475741113,0.18335174822775085,0.09955059564765638,0.1425377355908267,0.0955509419757339,0.1456003118026855,0.16548201703480778,0.12734483823942944,0.10122096438430177,0.20089553939993524,0.09990862928755041,0.10645675382991765,0.11504765614654464,0.1264424399609354,0.11768725703155675,0.10270982535066732,0.13392982423307015,0.17264289369566746,0.13540023775717092,0.09985528501520806,0.08535394728179244,0.17142297427910622,0.11750345993314336,0.19066437222234517,0.15498598636480562,0.15891558508489784,0.1692902589463949,0.12071725679654059,0.11564807502157991,0.1913011212113244,0.12967395449050587,0.13085945453968645,0.1374168694516296,0.09165888940670171,0.20902117054981836,0.1327998243245333,0.12140690832655855,0.1280504178460901,0.1449352429437726,0.1333058020957088,0.22120597545624837,0.15479999483664533,0.11392189207414455,0.19456388533349098,0.0984430130914606,0.13421998760846537,0.10888149456988949,0.12622275223107,0.12406585612557393,0.17999232520799305,0.15249727675291955,0.16779725104633605,0.14467199304353648,0.18572303898713174
Bolivia,0.06515762023371184,0.15979654384633926,0.13527651115106448,0.10128845867196598,0.09724057952510355,0.07096200674628728,0.1128941633894802,0.11943092736851708,1.0,0.07846709472979665,0.11860390294710782,0.11713689780293425,0.085025346023266,0.057648053669226984,0.08969837507276027,0.20288435314461484,0.08895572268072797,0.06727835994460948,0.046358852399993544,0.07503892646301603,0.08772187684595954,0.10945446505369304,0.1940402453597589,0.056888409614487864,0.0938634388130368,0.0781949813391889,0.11404275221552403,0.17763879585128634,0.08705462542259108,0.10577502882533421,0.14920115966094452,0.07682711093160317,0.09358750342079165,0.17028140672946665,0.10651049997072817,0.1066750655337669,0.05922542121197862,0.057786167272470615,0.13057681375214616,0.21613160288153196,0.10965885113427702,0.06496404126492838,0.06329139684778302,0.07016429706896776,0.07978772810022997,0.08810187700157751,0.09469745638672837,0.07504208691220793,0.18599067953343762,0.09618621053934578,0.10642349620985597,0.128810113033286,0.07372310319440638,0.08970613487505956,0.04182248392354492,0.12796954423544762,0.1324000891810133,0.09040155235952556,0.07299043263516007,0.092880630863628,0.1643738621791739,0.09067139521942105,0.14184798373474397,0.09496778065536247,0.1288271284657383,0.10665885808120366,0.07080529380771046,0.07734464915564758,0.16141398571496104,0.05884823886249188,0.07712046617427085,0.12772761909026184,0.059707490848959786,0.16315376670831275,0.06823630846612637,0.05604247061906165,0.09166415311995196,0.08416637018691926,0.10712832271401816,0.1800968405399502,0.09448882181138735,0.06629993105172549,0.1459174673721709,0.10845738386608092,0.09231732243647946,0.056175362131843785,0.08907541989534673,0.08816116663035573,0.1305581453689734,0.11485246736140718,0.1325028275357195,0.11722041230210291,0.14145542623566304
Brazil,0.09859679190656312,0.177604817065845,0.17107302380646885,0.12310044418047342,0.13012758051280365,0.11259254442583792,0.15363220660463253,0.15821921700091574,0.07846709472979665,1.0,0.14110836063100016,0.14621061347392883,0.11794606295746306,0.1051723065152137,0.1182128402096959,0.22952454691514335,0.11130024969054383,0.11026334394211286,0.07683427800148011,0.11059174403789304,0.12631514787472667,0.1432729981540769,0.2284508586829693,0.10398963332420551,0.12616733381796133,0.102701149363853,0.1418013057584816,0.1896463623704366,0.11544280969009688,0.13762973509403545,0.17595968805645396,0.11907338480539256,0.12607571933985273,0.18581084609208665,0.12878848750836944,0.13355809061371018,0.10080017116728253,0.09362757713354258,0.1726844092441327,0.2250015749716653,0.1433256776895472,0.10088081996588809,0.10206811726510583,0.10830533601182743,0.11543025350667574,0.1118686325360967,0.11887947616301188,0.12133288032889086,0.19484632054436987,0.11630167497139275,0.15195105669224504,0.1578532460351807,0.10359690522069984,0.13055070419288947,0.08478911519043066,0.16738712126990057,0.16463496241256717,0.12745529406481518,0.10963183904836805,0.13312097903526568,0.18831147431747575,0.12328509801005721,0.13449440679233274,0.09810535890943989,0.1639527030253866,0.12234852474520873,0.10600453047071745,0.10216117658907665,0.15175650770779914,0.09617082966573427,0.10347897904067026,0.15610602529329323,0.11346722118420062,0.18443372139142908,0.10547391131051395,0.10316815045832976,0.1259777412637969,0.13524954948405418,0.15563988328664072,0.17629425831825,0.09395373948067556,0.08439635757195278,0.18481116514414145,0.12320047583733389,0.11491254922437694,0.10875045555721552,0.10669188008865035,0.13079828793987988,0.17846969971207202,0.14871936927872642,0.13547932996873446,0.13540089864728885,0.11516123604542282
Bulgaria,0.10568244346757713,0.22042708347169057,0.1432952682951143,0.11519728346678552,0.12885224315512697,0.10494396608338871,0.12550137378020637,0.15920378333229387,0.11860390294710782,0.14110836063100016,1.0,0.1074156883064359,0.11323296578583822,0.11810354882671953,0.10167418934801757,0.21280672868038497,0.11961532270736709,0.09578707411974513,0.12289972751194145,0.13659006260271997,0.1261599846621538,0.10815910321517933,0.2021116684336115,0.12189871854441575,0.13434185483166966,0.1259507228373896,0.13586577648230908,0.17343465225965396,0.13646974281267055,0.12423406773476395,0.1355056503761982,0.1289115685602771,0.12210002857887141,0.1836769099131094,0.10987417348788611,0.10111879648573725,0.10813691827369182,0.12278343014296832,0.1873060418640331,0.1850945225666766,0.16660051219435762,0.10447754582518293,0.13111114613337035,0.11535018794914739,0.1500376786404865,0.14536295559549747,0.08520978619198281,0.10466674825913648,0.22415765568676163,0.11397022773467089,0.15186441521640298,0.11435798951048005,0.1383945747813505,0.12266742254405501,0.12645182481396727,0.11108379675220001,0.15157379782547775,0.13768320332131412,0.1230092923317424,0.12957399947215278,0.20909204438540424,0.12255553527269589,0.19208868764812032,0.11610953169148604,0.1735672506136581,0.19030113603763477,0.11087467572636876,0.1045598957391377,0.15461774837366674,0.11391900619324387,0.11626349911304912,0.15905679592859892,0.10128802504985449,0.15615105005437283,0.12598573088862738,0.116251990957234,0.15339222078033107,0.14379222582415802,0.10543491433932158,0.17650086129559087,0.13385178145257973,0.11683019527467876,0.14425424274124896,0.13637852590391364,0.11262961978986903,0.11872871759117218,0.12023254779585184,0.14742086567350768,0.20497082155139482,0.12254746325048307,0.13527427764945318,0.12884316516060548,0.16883796270557863
Burkina Faso,0.10130209983605061,0.21206271186467107,0.13691250312108125,0.12382219753206732,0.1597483880425351,0.0924263913410475,0.12634718026437725,0.16061734915877982,0.11713689780293425,0.14621061347392883,0.1074156883064359,1.0,0.08427319831357392,0.09605827833826687,0.1206714428910337,0.14145394419365426,0.12177258145505586,0.10771007178206386,0.11316901217979945,0.1244875513600012,0.13167166762800298,0.12614614634005478,0.22955382686166165,0.09536067788803528,0.13636702408437756,0.11362468609782675,0.11791274738511967,0.18046987306159873,0.1214033491799841,0.11285468075606958,0.17055653086550412,0.11486365392484149,0.12042995148815734,0.2013940834243185,0.1132424460551438,0.13328282773716654,0.095020886653515,0.10584952164802552,0.17056194192246035,0.24525033866054263,0.1266659988392833,0.11020789860047088,0.11935689553288677,0.11248986697416437,0.11054257622941596,0.15495196895040475,0.09484112849884961,0.12319822212432219,0.21740284801169163,0.1080789600538033,0.14624267980763953,0.1251452684006485,0.11598298483825281,0.08532370836214366,0.10767656884082241,0.13815634306719793,0.16141209304336981,0.11651863483776759,0.10213657197743191,0.10843265954365999,0.20933372218882307,0.10630798636850454,0.16035160049282193,0.10517388046788685,0.16337323865332704,0.19533729679110343,0.09568662457398969,0.0979997309069486,0.16379136932583116,0.09624361367688569,0.1027934736449108,0.17419218078252086,0.10729906534602446,0.20419855858397373,0.12924727148955908,0.10369311648813065,0.15699750152705205,0.10684972229186099,0.1254172297635432,0.1584774804619414,0.12762423890726732,0.11731989640311465,0.161928516307941,0.15171670971837828,0.13267879056383272,0.0960367214601331,0.09524382305622084,0.14144529953962237,0.17075580942786767,0.13468975645423997,0.15609216202729756,0.13876397824984463,0.18081262189151562
Cambodia,0.06239911793645284,0.18931534538187245,0.14791818670806836,0.08793378564538418,0.12142696552653964,0.04712402532799518,0.10047225786025155,0.1274742668357589,0.085025346023266,0.11794606295746306,0.11323296578583822,0.08427319831357392,1.0,0.06440086646889281,0.09913285076668535,0.15719129415400795,0.08305919908753127,0.0709955420866729,0.08240397585976886,0.08513539626194709,0.10259037207708556,0.09399661021931181,0.19607903192096507,0.07137558827625566,0.07926191168524035,0.07103667945179153,0.07409655061275035,0.15235847096163432,0.07907276269647484,0.09385548857176805,0.14718287561017684,0.09512130309396755,0.09668501392941045,0.15481400447407337,0.0775103612807769,0.1008931460643996,0.04830038022868797,0.06936049005496736,0.1469697629279242,0.21030338615196967,0.10164026748157981,0.07357587611436206,0.08362353374332422,0.07173620942702104,0.09499104534783342,0.11201966356741318,0.09077013486169505,0.07203977812384016,0.20456733103007685,0.09306800090857571,0.1193216350547314,0.10730136268617663,0.08055275701076385,0.07032498728798363,0.0682059152898124,0.122755000649215,0.1331643227821327,0.09766214188680848,0.05894493013041736,0.08481776321110512,0.16147754143894283,0.060859041174573,0.1602459635278242,0.1004069182075685,0.1449522108320249,0.16309553368957055,0.049045753715367464,0.09336663780854979,0.14833838349809572,0.05346702208662028,0.056976167738896084,0.13033942189253947,0.07595482055486519,0.19005190181035966,0.09817805068124275,0.07765223082321918,0.1267055177613947,0.08711018590869715,0.09348866515473274,0.1662683120004705,0.1142220113181428,0.08587367054063828,0.1361249662365353,0.11474884261617097,0.10304070782751928,0.06388571251593235,0.0520656820372245,0.10363992858093163,0.12180454593619687,0.124218028503973,0.13565888848748545,0.1010203950712441,0.15833084088351565
Cameroon,0.04060034308163345,0.17361391422989517,0.11930173636654223,0.07499511155733947,0.09959673198055091,0.03774546559811399,0.09233581890058688,0.10356263762880707,0.057648053669226984,0.1051723065152137,0.11810354882671953,0.09605827833826687,0.06440086646889281,1.0,0.08805035109902369,0.1748918378117486,0.08287910882459953,0.046471011606115956,0.054633880723870334,0.07200466634627022,0.08187405000299286,0.09331447650344245,0.18571107306174603,0.04253705347708676,0.08561996102260237,0.05510331759807978,0.07990097577648352,0.1409341462418212,0.052994472166348554,0.06808876652157637,0.13644630871714242,0.08123499520005967,0.08470925284366676,0.16490966042413263,0.08433975931192526,0.08859337082068501,0.04379922095511114,0.044326642598911115,0.11989401916320488,0.20083442257483436,0.10169552805071361,0.05234344427150614,0.07689406166765388,0.0545160321426104,0.06908309589175156,0.10325585559881716,0.08019485695568992,0.06486444623365603,0.17049146536573254,0.08397212636224932,0.07545804660606108,0.10812715764983762,0.061746764046348615,0.04814238473882833,0.038015921927558274,0.11108065032890933,0.13505929795052268,0.09329131630142286,0.04349151341254319,0.06960372744245179,0.15699334277362442,0.05380886000832065,0.13948065747168484,0.0951678077392066,0.1167866288849228,0.1322947546378297,0.04078034458838763,0.08037155824194699,0.14814624031800103,0.04711472795822642,0.06105990209765247,0.1119427218421608,0.05221467955825914,0.17982030367157628,0.07537347351319838,0.06509801919557869,0.09361799863140874,0.09530371028037064,0.09543779011987882,0.1634152453211805,0.09489565260099884,0.06046068316965964,0.14992307144316477,0.08992709804903103,0.08058609390145052,0.03971465858039883,0.06956752148318851,0.09422954801397353,0.13085243982056996,0.09370308667192438,0.130012314701067,0.1005937327144561,0.1523587280586543
Canada,0.0893960407102083,0.19108361835589238,0.13530405556238337,0.09268711219415786,0.12654948592240223,0.09032681647434262,0.13697903028115493,0.12976953706494115,0.08969837507276027,0.1182128402096959,0.10167418934801757,0.1206714428910337,0.09913285076668535,0.08805035109902369,1.0,0.21117990481352844,0.12019110524790251,0.08074436354980788,0.10030451237552879,0.11945633034711146,0.10173706660443797,0.1014787946874692,0.2056939861562776,0.09290571911526473,0.12609956471762673,0.10529700510731128,0.12271859235465846,0.1570135524520957,0.11809593706058873,0.11146039472389209,0.13332052764862226,0.11355363676119117,0.11483589885709647,0.18278760528779037,0.0974883524978572,0.0802510326584029,0.09219673336105542,0.0971288760980943,0.15308963367048242,0.20752479061474632,0.13892714704340264,0.06281090592727578,0.11054043066234762,0.09019430612175432,0.11722628989175325,0.11997154363055289,0.0803956566886454,0.09476584707265118,0.21085728885941574,0.1155017730343027,0.1386272712896101,0.11431736343786149,0.11341405811034318,0.0963162770850133,0.09227931869960239,0.13653279193790718,0.13997175479253846,0.09834608254965543,0.10458127107609115,0.11213784831134206,0.16948743234961963,0.0994198283239047,0.17742554390038995,0.11001859215457192,0.16250907935007633,0.15355567618929353,0.0829448847724412,0.10538511643030017,0.15271834326118539,0.09155912408625831,0.09911896593454253,0.12698731284848175,0.08369949442049222,0.15186224622034586,0.10846933769133743,0.09306391266395364,0.138615446026128,0.1281701384902517,0.12578760827700727,0.188168474874938,0.1250282016232371,0.09487518641207114,0.1504236936205835,0.10979549853219775,0.1120742942532495,0.07836262036979327,0.09101904165947113,0.11058814726774438,0.1823982141063793,0.11612022635937293,0.15019107033737816,0.09208237673328114,0.13745511458156787
Chad,0.17934484750158278,0.26514123317215377,0.2066645761344386,0.19159402374254195,0.2212426572420683,0.16843143709567035,0.1779216635422406,0.21207362515686312,0.20288435314461484,0.22952454691514335,0.21280672868038497,0.14145394419365426,0.15719129415400795,0.1748918378117486,0.21117990481352844,1.0,0.17567112211477798,0.1912737510108783,0.18234422306466974,0.18563079896846355,0.21355182663080702,0.18681939367133804,0.26886741797589336,0.16393747428193994,0.1829524648892895,0.17809039805636812,0.16145897414100127,0.2140221531793646,0.1783220888071821,0.17599332647313803,0.24587190410320225,0.20020886523729917,0.17043092660190623,0.23247131170407243,0.16397859118763122,0.2108771205294869,0.1642959961425259,0.18528004289122527,0.21383875280753611,0.29461651429255986,0.17696570858922475,0.1950940137123707,0.1735004132539124,0.18468941678779005,0.17330664633402076,0.22211510102142723,0.17264410039369213,0.1942424532428775,0.2679558075195751,0.1686461540754482,0.20356859962773396,0.15642941886105466,0.18047497945578814,0.14980647316751683,0.1827256071916172,0.20047385362617653,0.22062251195228327,0.20576446455579622,0.1709511225865361,0.1625437160337241,0.25339970437024123,0.16457749554632906,0.2169129031065109,0.22239059110046602,0.21235280016615588,0.2458888674325866,0.16916797298340228,0.18559607396936392,0.2374766627512333,0.17126303420522596,0.17983348647896472,0.2254318283761988,0.19190053621981634,0.31792951759077365,0.20993161350072304,0.17973253359560987,0.2220270408949202,0.17745578037294255,0.1816645165812423,0.22338561360857148,0.20096364384987334,0.19062104619655304,0.22669503911754602,0.23448108570267123,0.21208500240188072,0.17745381827465947,0.17248644287024487,0.20567175877578128,0.20344463102579133,0.21696346109311768,0.24503895098116768,0.21617449910023062,0.2719303009214742
Chile,0.062460391281456466,0.20510246268315216,0.1527058865300283,0.10933299943878176,0.10735273546865168,0.0713343588763571,0.08801585757846345,0.1363865966626436,0.08895572268072797,0.11130024969054383,0.11961532270736709,0.12177258145505586,0.08305919908753127,0.08287910882459953,0.12019110524790251,0.17567112211477798,1.0,0.0821930240023879,0.07405754298655097,0.06866808779575787,0.1185088855410915,0.11276227266547721,0.21525577843780455,0.08726152855660083,0.054270477185329714,0.06913848741977108,0.09198774724566498,0.15709883820581813,0.0816860989901451,0.1133437971531625,0.16430281945626968,0.10283657357745012,0.09517074530900495,0.11403263854137445,0.08822241275144099,0.11404134379999956,0.07317272387934874,0.08414219390805927,0.1449044444500873,0.1854296917183044,0.12193375726830773,0.09189754290978647,0.0918726015200573,0.06797655913838796,0.08845178357568509,0.12253269204936722,0.09845178141251557,0.08191682777783296,0.19941328111066653,0.1005446491264745,0.11789387182589814,0.10566995059041241,0.08209181148257597,0.09218386113411374,0.08448106339339144,0.10322596991455604,0.13008207568410488,0.12696031498464252,0.06986242491476802,0.08947413737822282,0.18277247965152754,0.08161613524961779,0.1553239600683779,0.11819520701120495,0.10975649004514519,0.1463647813742378,0.0687371810387922,0.10803339349236087,0.14680878906266057,0.07181557391138071,0.08179019756119489,0.14171520230506837,0.0813690303310056,0.2123470036339447,0.09508208488457527,0.08686988847310824,0.12212439308761674,0.11585737128705258,0.08728417422267606,0.1786552111511611,0.11490950957533824,0.09051483984744044,0.15990721535745447,0.1278283381753119,0.08429158493075681,0.08342810589735376,0.099590729715196,0.11286014801771262,0.14371121409616708,0.124205092224781,0.12506472859440937,0.1285800433479068,0.16143138873564453
China,0.04882150245526523,0.18728860458932245,0.12067367630537575,0.07385230638342616,0.08630214121283801,0.037037094190985075,0.08484389056552964,0.1020946830531722,0.06727835994460948,0.11026334394211286,0.09578707411974513,0.10771007178206386,0.0709955420866729,0.046471011606115956,0.08074436354980788,0.1912737510108783,0.0821930240023879,1.0,0.06637933727537819,0.06893594326152518,0.06860213634935573,0.07810591446485134,0.1819905892146462,0.05590269719236887,0.08304263031248314,0.07184200459963216,0.08372990332485708,0.13767763771634475,0.06842537762720362,0.07698601296346741,0.1292820110703984,0.08204343357570554,0.0931207912299302,0.14680427168670102,0.07934000964455777,0.07147628733986168,0.059058720282877265,0.0589213970398927,0.1299470068277608,0.18189219238907137,0.11943761566803024,0.047753693587767126,0.08728159288856158,0.05641456487829258,0.10248045187690541,0.10405713835628962,0.07674721251874153,0.04171954756774891,0.19285942103565176,0.07941947922506495,0.08953527245192376,0.09909185453102473,0.07274652462665589,0.06761615643863438,0.06009212339894324,0.09978448211537073,0.11193280262813748,0.10752480444636504,0.0503201073634682,0.0841739786854637,0.16481272979479067,0.06224031446253109,0.15706355371945682,0.09501140502051436,0.12874432694404617,0.14326143392848878,0.05119382295482163,0.07808334854875809,0.14697962517296745,0.0584231307481196,0.05647566467982968,0.10727532297845681,0.04703391907515582,0.16834004252031648,0.08090995759398283,0.0706124522912242,0.1019125971751898,0.1108130554804307,0.07623507716125315,0.16598095919444875,0.1018632614126095,0.06871453521492646,0.13704944451567488,0.09197815621292046,0.05554383577232769,0.05670337909539388,0.07993820837998372,0.09197924983217617,0.14963321176336433,0.09308961783215654,0.1262163904156272,0.094456045088097,0.14397623936568862
Colombia,0.062216942996688715,0.1653998817389233,0.12916208711962654,0.09408109162533031,0.0943202186422467,0.06201530504927392,0.10662906863888848,0.1219463744189966,0.046358852399993544,0.07683427800148011,0.12289972751194145,0.11316901217979945,0.08240397585976886,0.054633880723870334,0.10030451237552879,0.18234422306466974,0.07405754298655097,0.06637933727537819,1.0,0.06378780226748298,0.08708538396962683,0.11140377903554038,0.20558172564326188,0.045221967751417,0.08225565539777469,0.05568136186050599,0.09509592771456747,0.16568383652141225,0.07728129584158551,0.09463801290864472,0.1621998949431233,0.08389421425608269,0.09147801997906167,0.162589989267679,0.09332981631947723,0.10630204456786141,0.05719057101757242,0.05238084864267666,0.14119071665957705,0.2134025201795583,0.09884011262434417,0.07406073447712411,0.06324762113711196,0.06526351374642432,0.07966361224939726,0.08868343243503538,0.08873311507734763,0.07636827546624683,0.17522358778298952,0.0769096062843126,0.10426289333526781,0.12083850857037991,0.06017065628296097,0.08384539531422254,0.045314087576601915,0.12455988396532246,0.13696160710165223,0.10296868037778427,0.062351823007170716,0.08935159009147137,0.16973309447313537,0.07833302884295423,0.1265196525273642,0.10567132389724095,0.11830251207725333,0.10081887137202866,0.06339594417247797,0.07048033692608516,0.15697759076963613,0.04932276828340531,0.07220642419586933,0.13308787543459089,0.07236470823320787,0.1856457772215797,0.06680827617011911,0.06861669808971167,0.08484191023046703,0.10230078224988694,0.10326312227308225,0.1713600656485646,0.0783835541822634,0.05832439161719233,0.1516496346447994,0.10817131292697878,0.08769996538755295,0.06690741348506558,0.09085267060377314,0.0991808743505861,0.13876442196907393,0.1079616527667774,0.13470858716553777,0.12797897327151084,0.14430594596981572
Costa Rica,0.06701702565670072,0.1904722737876029,0.14866401829060694,0.10375524743023037,0.10612360690746632,0.0596018267266977,0.096880404571942,0.1066735821770412,0.07503892646301603,0.11059174403789304,0.13659006260271997,0.1244875513600012,0.08513539626194709,0.07200466634627022,0.11945633034711146,0.18563079896846355,0.06866808779575787,0.06893594326152518,0.06378780226748298,1.0,0.1047678315129262,0.11460876533665906,0.20609608087906853,0.06363584554425418,0.0749817860174085,0.06960132553394337,0.09826832394037789,0.15844227879600986,0.08075525619437283,0.10450273258687023,0.16885088550286317,0.08468204635195158,0.10490516919511106,0.1390802750121113,0.1048315994209884,0.11847802847783609,0.07489619570952022,0.07715096599328113,0.13465246757526006,0.2070431707559749,0.1130223098927074,0.08254569922411423,0.09988723740577347,0.06843236671272303,0.09785769347020433,0.11370187793882047,0.10982027475489496,0.07156621842142781,0.198657247986283,0.07847759639861403,0.10687803303548885,0.12149284411137574,0.06720357573284058,0.09446337514762364,0.06717000391035892,0.11608938861323997,0.12494895311192125,0.1124823755527403,0.05251244389458437,0.08061740635872108,0.17382568841038526,0.08324255192158606,0.150804021425231,0.1145207506879571,0.11872550849068932,0.13858727826186615,0.07349310944655102,0.07826297922305431,0.15962925457685131,0.07439314575950721,0.07470226017753503,0.132312293574652,0.0699441376955918,0.1962286249493184,0.0861057560266351,0.06678012516731226,0.10552154433800877,0.10758642178512064,0.09718154158243897,0.18372093666875725,0.1175660256432764,0.08782254415572634,0.15951647124969853,0.11844565523966519,0.08633528326514905,0.07407964894215209,0.09828704869625908,0.08815360915107341,0.13013319919758265,0.12928192547963374,0.1402063176476135,0.12541550432190157,0.15091019441866851
Croatia,0.09621316529183939,0.1879771756143563,0.10213096151239043,0.10419595497544369,0.11749214253372003,0.08231326501182008,0.11499117330145094,0.13955258410121413,0.08772187684595954,0.12631514787472667,0.1261599846621538,0.13167166762800298,0.10259037207708556,0.08187405000299286,0.10173706660443797,0.21355182663080702,0.1185088855410915,0.06860213634935573,0.08708538396962683,0.1047678315129262,1.0,0.11184182608863172,0.21028266203930865,0.08335536564768087,0.11171967351739084,0.09659239527577688,0.11529581001742338,0.17704639703225747,0.10833563755196624,0.11621459420799804,0.1434211108856943,0.114771221976859,0.1428501064397232,0.17394505668075624,0.11285020728115339,0.0945627704177755,0.09626782046328541,0.07510555607100522,0.151033557897168,0.20836746568853975,0.11180850394369274,0.08217755710390588,0.09640159304911283,0.08745094105525604,0.1229422602202393,0.11336648362492181,0.12154836480324308,0.07816237105829603,0.20363696709896745,0.11767347454357842,0.11868427432134245,0.14547689234486214,0.08456278226088433,0.10369689930035247,0.08876982452126356,0.12713899270825885,0.1351781575568098,0.10242625523896644,0.08898803152946552,0.11756020643521477,0.16122669812075538,0.09463515430956052,0.1593763805464744,0.120890675612213,0.1328608002676292,0.14529992192669708,0.08584953637709321,0.10984375097116442,0.1674171491271315,0.08260673448347838,0.078988427682704,0.12606317748365548,0.08347663317278405,0.16319895483929506,0.10639678578253345,0.10784102610401056,0.1116126725006538,0.14017822542251843,0.10643506902014303,0.1733952648254092,0.10968181686180067,0.10244058385404801,0.14496246109172753,0.11394883984078634,0.08094746583998796,0.08274104535864643,0.10546381674887371,0.11851055902852897,0.15709491073302653,0.10864108576801165,0.13999498078358716,0.1261498401331976,0.15573711549146832
