Country Name,Albania,Angola,Australia,Azerbaijan,Bangladesh,Belarus,Belgium,Bolivia,Brazil,Bulgaria,Cambodia,Cameroon,Canada,Chile,China,Colombia,Costa Rica,Croatia,Czech Republic,Denmark,Ecuador,"Egypt, Arab Rep.",El Salvador,Estonia,Finland,France,Georgia,Germany,Ghana,Guatemala,Honduras,Hungary,India,Indonesia,Israel,Italy,Jamaica,Japan,Jordan,Kazakhstan,Kenya,"Korea, Rep.",Kyrgyz Republic,Latvia,Lithuania,Malaysia,Mexico,Mongolia,Morocco,Nepal,Netherlands,New Zealand,Nigeria,North Macedonia,Norway,Oman,Pakistan,Panama,Paraguay,Peru,Philippines,Poland,Portugal,Romania,Russian Federation,Saudi Arabia,Senegal,Slovak Republic,South Africa,Spain,Sri Lanka,Sweden,Switzerland,Tanzania,Thailand,Tunisia,Turkey,Ukraine,United Kingdom,United States,Uruguay
Albania,1.0,0.16578371531951874,0.1354473510916748,0.08789325361355045,0.039288319966971456,0.09203563297435711,0.09929504114139047,0.061542249789764435,0.08240131748054813,0.10683577138708271,0.06362604994052025,0.042301898660476886,0.09296645268688154,0.06490464808338466,0.0502263302849694,0.05622087997199219,0.06864595074231972,0.09876241507129904,0.08607567718851734,0.18924086467623966,0.06821565884709029,0.061447326955948976,0.09007961467819826,0.13675294519321424,0.05596633483200518,0.0768483704502284,0.08879892725977595,0.14135069986506166,0.09655776727908966,0.14634951946951505,0.08076135535418372,0.08914433944625254,0.0414925625512755,0.06094362925723012,0.12478242342413463,0.04694493109964057,0.06174786299275447,0.0451120383004652,0.08615769423580093,0.11022176566194956,0.08014722398702959,0.05553097194650295,0.07889787156172845,0.09214346655366425,0.09703492641808568,0.09439758374163208,0.047798531849258766,0.13305958145210914,0.10077300395025521,0.0445981476021561,0.061287127187459524,0.1657978185353312,0.15412857646437503,0.09514264774478266,0.12443815089068389,0.1327119889411198,0.043574602552583185,0.07925633689694442,0.145325652235145,0.05403416346763588,0.06742417971471105,0.12384799006079131,0.041812637965983154,0.1847666832724812,0.0804364091588893,0.10104620777684739,0.103446722225345,0.163497342723959,0.09377977229535062,0.04179133382441073,0.15622413725397336,0.09397310204688474,0.07922204108156378,0.05225456984278332,0.07175644959975029,0.09634694698687163,0.08378251628088658,0.0958782689302084,0.12147842643941911,0.10012093939968125,0.15222114269965284
Angola,0.16578371531951874,1.0,0.19784809852337668,0.17625603864593975,0.16555775320693378,0.20711147680127695,0.1799290149402693,0.14059301468186208,0.17792360378856367,0.20825374157260948,0.1768950844452623,0.1503741180617211,0.16942324180002188,0.192368329514234,0.16972670692147038,0.15442788962714152,0.1763561287468868,0.17721148822691088,0.16761430351230683,0.20761680760322013,0.18046070088485414,0.16681633039086027,0.185779559751442,0.24673772376864758,0.17644922965686372,0.18280752431521982,0.18143047538795642,0.19391371411450417,0.17381273030371672,0.2781095200861231,0.1910736250575874,0.16955489787911962,0.15221763119746165,0.15353218959713896,0.16967917363697646,0.161051411252745,0.14673146890523933,0.1717667652486103,0.16704096635110963,0.13956173905764072,0.19287659072782004,0.16304944240148905,0.18600286179998457,0.18110298058791616,0.2210638816486334,0.20221341948736862,0.14248442019305693,0.20935879636945737,0.1595992961828497,0.1788030480496079,0.16346788130311546,0.18903384460687275,0.23788285729950975,0.20110429905793803,0.18959600499696921,0.13567947949655687,0.16733521824833522,0.17168136071358384,0.2523376250221655,0.1569397227657098,0.17971872453782725,0.17244028377857087,0.1539544945388793,0.18768579106392963,0.133238757014737,0.1370733655264598,0.1593246713473236,0.21663457275291614,0.16095847358671153,0.1561535397518223,0.17447758497738033,0.1764913975858442,0.20149863788487538,0.15076884473026683,0.18936102201671812,0.15961116597785507,0.20891423017551247,0.15604036587943565,0.2230938101005964,0.1930192786593089,0.24847601570051048
Australia,0.1354473510916748,0.19784809852337668,1.0,0.144485867426019,0.12756675346297294,0.13548840422098293,0.16818883953190591,0.12522663802194597,0.15590214148876613,0.14331004169823636,0.14943007029670136,0.11711575687191803,0.13659862246620402,0.15273532721466487,0.11853149525029587,0.11852597072705628,0.1495406406535862,0.09796488179039041,0.1487659619230466,0.2258487299596024,0.165513135458129,0.13500257646384406,0.1616402797054609,0.195378444700554,0.14980717544754624,0.13605970516413013,0.16377588224957004,0.17025957847815246,0.14612773254624076,0.22260443879447347,0.1394894528837624,0.13795911718886408,0.13657183997262318,0.11523970427593536,0.13549147086657415,0.12797445698015847,0.12202363387319881,0.1233604460306556,0.14600564320526313,0.1538446407604822,0.14602075829072714,0.12910994181936356,0.13766529639984756,0.12884540816862555,0.1459590193193952,0.15694498568926812,0.1331297210110432,0.19678339145357326,0.13422651822187598,0.12837545391256613,0.1424782106606164,0.2265876516000886,0.14215330855698868,0.17103021521639322,0.16707247703789818,0.16177701779642126,0.1304235105841496,0.13215546726863914,0.2182822400464268,0.12767039632535443,0.12623702827486602,0.16781177131994396,0.1266684075953329,0.19750503433936337,0.14338232912830004,0.1309395650805873,0.17960184379758476,0.19264727218004735,0.11838062542629853,0.13821518375302466,0.19988212931315016,0.15772105863188043,0.13287015835290214,0.1181622879148458,0.14594569460975715,0.16698994026885325,0.13479614867778994,0.13185547266954353,0.15550669022547137,0.1795269859749712,0.20255856588348753
Azerbaijan,0.08789325361355045,0.17625603864593975,0.144485867426019,1.0,0.09369107203782064,0.12951015128902302,0.1220465654127126,0.09995662321369202,0.12874483270690815,0.12820663597967402,0.12107578879601003,0.09874947253829351,0.12607289049379988,0.1089015839488054,0.08548864999129376,0.09613159800195577,0.10545551860903442,0.11902080580065337,0.11396577483233457,0.20370845086336997,0.09247219117653058,0.10670638117593742,0.14001111752006856,0.1710888016031866,0.09664144453741856,0.11128644734927139,0.0926586242891978,0.1795445642577969,0.11500509594293502,0.15157943005329355,0.1327166769868823,0.12713769631529734,0.0996678349670464,0.09807335018677954,0.14930536545127204,0.09064908732751636,0.10837265354190066,0.0888434430148743,0.14246503052121884,0.10145999253107676,0.12307977365677585,0.07442103450655772,0.11019463191536862,0.11427523182514997,0.12811075109390233,0.14982308386059037,0.10652011271511108,0.13479559323814608,0.14429394545213123,0.09876155686783063,0.11316183964375337,0.18317152647457072,0.1711529139640966,0.14761282255776226,0.1569411672041477,0.1084752929714336,0.10583885507728977,0.11468121812776189,0.20221017046814543,0.10059185884995826,0.12105721086388362,0.15655389226885225,0.08439786206033079,0.19435093582769428,0.08135519949710311,0.07549268632552553,0.13754485354136556,0.2053537987326548,0.11945753897102893,0.07728471125730395,0.15575598160053822,0.12797154070557173,0.11257150538064783,0.10537579214039122,0.14364474856653187,0.12427778492366695,0.11071824084207027,0.0967602028103658,0.15011588462237346,0.14911507652241748,0.20428183677112816
Bangladesh,0.039288319966971456,0.16555775320693378,0.12756675346297294,0.09369107203782064,1.0,0.08445013820658867,0.10116457950908506,0.0643679911674176,0.0963687166921948,0.10608316769466263,0.047196393726153946,0.0377624163915264,0.09396431490227042,0.07310860640302082,0.03639019952082301,0.05138467311983726,0.06031253306980862,0.08313016910224238,0.08056093940983107,0.18734983483655002,0.0697657355706217,0.05386788510280417,0.06833090954054935,0.13046973398326892,0.059050387885570134,0.0692502897958507,0.09498109363216538,0.1368175915798438,0.08881287052754337,0.1520868060099922,0.07011497374371944,0.08332322511283055,0.03487621323190164,0.05094208357015813,0.10676490011111639,0.052334552428096474,0.060475545096322435,0.05284214723818546,0.09504634387033292,0.10051210418135074,0.07867645039712387,0.045356010839600204,0.06649700047494314,0.0908813474728785,0.0988818656043287,0.09037947097070571,0.045587725202895904,0.12332618142994523,0.09939798447497714,0.039031517972523494,0.06886732126445154,0.16620486441615734,0.15534138286461507,0.09931475755775665,0.13433635519760825,0.14023150456757338,0.03484623272453763,0.07097806509567513,0.15022268582773088,0.039354299027468086,0.044899132205781,0.11800713744145762,0.04884131110976139,0.18063632942788047,0.07861663472564115,0.10327266943298956,0.10188976438954063,0.15466310423581323,0.08713923669920623,0.057981009094957854,0.13600511538191282,0.09424834176350205,0.07441089758783648,0.05101921823543359,0.06647661968329947,0.09089554784870649,0.08474751884999455,0.10184252363191257,0.1252097255560228,0.10030826382838709,0.15365639527778333
Belarus,0.09203563297435711,0.20711147680127695,0.13548840422098293,0.12951015128902302,0.08445013820658867,1.0,0.1138899617688153,0.11213221942601617,0.1440481593068105,0.12730794092124667,0.10186401728331344,0.0952693487233685,0.1421474838206701,0.09028165939371827,0.08695303311810461,0.10312429821491764,0.09862817526554452,0.1166257649709861,0.1275456860758995,0.17918295659690048,0.10071772232466479,0.11138996744489423,0.09467621572624277,0.14793882225368085,0.09785226491243589,0.10229863181649385,0.15244392869079912,0.14713330487273515,0.12635934121416068,0.1416091696865723,0.0945535998005864,0.1228912553131359,0.09920638308701185,0.10398129231753518,0.15963625582080923,0.11341624747677065,0.10992888421903965,0.07579268182775908,0.12894818946144385,0.1665896030418653,0.1123683576154074,0.09110857308675399,0.11016460504806531,0.09839044828360768,0.09862523826748923,0.11546189077735847,0.10055612797445121,0.16028997464667338,0.15080233958954564,0.07995417720247676,0.09650985627224141,0.20052114902317764,0.17946383183370776,0.14261149026773962,0.12915524936459064,0.18200512407664582,0.09797210026714172,0.12450229173086691,0.17258598366491296,0.10565306765993648,0.09041160322671274,0.13667416020403808,0.09726873403856492,0.2255063087965567,0.13782823979098252,0.1421385510942688,0.13667516159063697,0.18735436154262164,0.11519680318853107,0.11297161045959088,0.1797514338432014,0.12168640178814837,0.09105154646388247,0.09467674720518207,0.1142724892257613,0.1436612170740085,0.09994845792803268,0.14501677350467512,0.14275989428213864,0.15261274619504644,0.18805666876447616
Belgium,0.09929504114139047,0.1799290149402693,0.16818883953190591,0.1220465654127126,0.10116457950908506,0.1138899617688153,1.0,0.11624651445311408,0.14349383976724517,0.1602341851762021,0.12693035115710033,0.10494060595367226,0.13318591621933987,0.13898457520308238,0.10248530560344918,0.11593537526206656,0.10572694314325339,0.13938048014729776,0.1305052325797296,0.15533181720619008,0.12617257867342002,0.13030061461934184,0.13713384742752943,0.1438860142510266,0.11280954100917155,0.09946653023657832,0.14897190662849535,0.16211318458263618,0.15136133370986316,0.1813679679214711,0.13133069312129952,0.13506067397722804,0.11124590948182496,0.12186864557702681,0.18699693219873248,0.0992307158546734,0.13092971610583132,0.09505430034580296,0.1513873913998361,0.16485882723272166,0.12923788193901112,0.09885773838816547,0.09796066057030754,0.11035676075600184,0.11783079697370728,0.13772149516893564,0.09818662271724327,0.17495826871329842,0.13922138455151506,0.09863018933291388,0.08597301264625547,0.1778340582356037,0.19586697979250187,0.15561218855462539,0.1665653021852742,0.1606235909896376,0.12064272632355848,0.11124507049329227,0.19516677569154786,0.12870553488287284,0.1271110233989954,0.13909670429324025,0.09333767267412062,0.21147798720825686,0.13551713935767162,0.12715509794200924,0.14524108073048766,0.21677639487386954,0.14043439796016316,0.10152177884478591,0.19652814599853088,0.10005195606608569,0.13521463473549786,0.10832994165767718,0.1277010103771407,0.12577260294321224,0.12451168731301625,0.151191904349733,0.17369515905359384,0.14828375788647935,0.18900616780067162
Bolivia,0.061542249789764435,0.14059301468186208,0.12522663802194597,0.09995662321369202,0.0643679911674176,0.11213221942601617,0.11624651445311408,1.0,0.07304370995269785,0.11636287288745323,0.08233107386886226,0.05344936108174357,0.08563698620884819,0.09056311572992004,0.0648985997706769,0.04809342075045577,0.07159527569379708,0.08786040606903359,0.10794113549832489,0.2003905419598614,0.09606263485549554,0.07579978807696704,0.11370594405200653,0.17396521478306332,0.08646149885891503,0.10352588770742055,0.10312917651807635,0.14808706059389928,0.07322285249551894,0.17467644058234363,0.10736182192447341,0.1038503331059316,0.060933194037572434,0.05560763095866289,0.10674816340031529,0.06013332725658467,0.06192785954688277,0.06048927990048333,0.08503033854168152,0.09053624436475977,0.09861322174786782,0.07215603229471546,0.09673502401744821,0.10707774487291491,0.13150631412390473,0.11577281116125299,0.0417482378899132,0.13496474170195394,0.08236765564948101,0.06990710705297357,0.0862441134389943,0.16791134385322024,0.1475112296418743,0.09560639744919866,0.1303553656393178,0.10971548548138044,0.0670083336406727,0.07732536034438481,0.1665002372274629,0.05866967921600012,0.0745482368662234,0.1305177558781351,0.05206414777613283,0.1572806872190257,0.06605081854747241,0.09239423901236168,0.08805916935834925,0.17265769350582047,0.08651369633025195,0.06375612319054386,0.14650306837784055,0.10665857382385746,0.09361040743524437,0.041004358770511555,0.08927244565504044,0.08762376006169832,0.10030066413360156,0.10893965779056934,0.1302824308434625,0.11600216860754882,0.14742771104070554
Brazil,0.08240131748054813,0.17792360378856367,0.15590214148876613,0.12874483270690815,0.0963687166921948,0.1440481593068105,0.14349383976724517,0.07304370995269785,1.0,0.13124550619580005,0.10821424410996526,0.09044493625245154,0.10106574310474302,0.10200700215560853,0.09856114949566003,0.07505295026580232,0.09896254534200685,0.12198348662763066,0.13430491114188275,0.229263833547826,0.1232282104632763,0.08791207558287524,0.1343189337481708,0.1702027830232152,0.10470137589429221,0.1299406883017043,0.11827403686600257,0.16190500541530128,0.11039245130153875,0.18456882881040412,0.1263761270315545,0.12107275211018474,0.09303854258682544,0.08150554223474482,0.1328775888733365,0.08535382200449597,0.10762261413351559,0.08805832184047693,0.11187384804865756,0.11116713308058408,0.11354842709948917,0.11350498530224595,0.10857854445351825,0.1420979171039605,0.15144236518158644,0.09862703354399449,0.07848394098852206,0.1626236696699332,0.1070564670325132,0.0980752461248359,0.11560797498801145,0.1840123832255667,0.13084165234350298,0.08971279050677335,0.1563544913440195,0.13128048661607117,0.09372774475602624,0.09749678769415022,0.14932451636574137,0.08991797204701114,0.09704005370779886,0.1530055561539537,0.09641979303954161,0.16988959098445616,0.0922433023248859,0.12174605078670078,0.1376388507092878,0.1645617246895718,0.0929965221579723,0.08405870194805695,0.18272376362748097,0.10724722169216601,0.10774930015829957,0.09002569253649578,0.09485544528553894,0.12409293229567432,0.12067153550786452,0.13941056562778886,0.11434737168801862,0.12198134649069949,0.11069367194541413
Bulgaria,0.10683577138708271,0.20825374157260948,0.14331004169823636,0.12820663597967402,0.10608316769466263,0.12730794092124667,0.1602341851762021,0.11636287288745323,0.13124550619580005,1.0,0.11477044516057441,0.11945509756484295,0.10311241438903998,0.12161581732148885,0.0967022228128151,0.12063628775025173,0.13871804458502798,0.12808505954134583,0.11008208560608959,0.20591848960161366,0.1367271115725067,0.12811166863100204,0.13839231452662284,0.1720399582414006,0.1394379850855686,0.1262140410395591,0.10858492539261305,0.1349815415747345,0.13085885555987284,0.18838524919049632,0.11028385877519582,0.10268066181676239,0.1079373594532691,0.12462331729953868,0.1699924114548939,0.10581163228538903,0.12113057497615064,0.116753792072151,0.15571776863521902,0.14620226055018168,0.08457883011573819,0.10601903465532712,0.11517147476003099,0.15349728994193318,0.11536789650239432,0.14371492157471805,0.1271826612502159,0.1543744403954282,0.1398237879871808,0.12486174814101676,0.1310340344717723,0.21613081076621227,0.1974296403445884,0.11792234222608619,0.1806343135185214,0.18850020580478583,0.11221249643859134,0.10428461153179569,0.1590122695334961,0.11454824687499554,0.11667071935473226,0.16294711333260123,0.10171000656147425,0.15726226651990394,0.12807061450221674,0.15578096162930144,0.1466411763369936,0.17485490532409476,0.1272032321329984,0.11358408861866431,0.14700295124920626,0.13915776277245945,0.11438084456875892,0.1201129815293939,0.12219636494539386,0.15187963587085537,0.14677320269123686,0.12379912049763328,0.1365520795855716,0.1312902689510793,0.17122569838773882
Cambodia,0.06362604994052025,0.1768950844452623,0.14943007029670136,0.12107578879601003,0.047196393726153946,0.10186401728331344,0.12693035115710033,0.08233107386886226,0.10821424410996526,0.11477044516057441,1.0,0.0647836065969151,0.10177383253977855,0.08523701529124669,0.07182264973301923,0.0791723397720525,0.08702287345306674,0.10531614511723215,0.0967811068140162,0.19970918062632928,0.0815298454603725,0.07287537737721844,0.0763258523100886,0.14899083943662214,0.08189160809091753,0.0970664934371492,0.10604493982679027,0.14712814139001104,0.09715586384507703,0.15953529344146747,0.07929399209327173,0.10389887601446096,0.04523198726232502,0.07109358487253249,0.10435379844442054,0.07578796380828655,0.06662112735867234,0.07293445358487098,0.10091678720732283,0.11279410922181074,0.09270352076531872,0.07378080366301568,0.09414866421344108,0.1197755214987267,0.10834085944473767,0.10028437803373845,0.06800441429743509,0.13613296320516946,0.09904599179869622,0.06032272372155245,0.0851786190485418,0.16810067557375266,0.16580290235042705,0.10360638327341577,0.15280676811847016,0.16138873063184742,0.0503702295666397,0.09347851286231094,0.1537490029653533,0.05349836608113048,0.057091022448053586,0.13463412179543235,0.07634142914994942,0.19162709335232184,0.10034584678100947,0.12933418443001898,0.08961751112170718,0.16627036385041977,0.10933431135071313,0.0835034564852305,0.13929076561518625,0.11780294874596073,0.10609590661653331,0.06506488348866188,0.05308287384738825,0.10890502730197214,0.09679355726769365,0.12781605810366345,0.1371205135539975,0.10336156585416297,0.16114145009813988
Cameroon,0.042301898660476886,0.1503741180617211,0.11711575687191803,0.09874947253829351,0.0377624163915264,0.0952693487233685,0.10494060595367226,0.05344936108174357,0.09044493625245154,0.11945509756484295,0.0647836065969151,1.0,0.09153344410715394,0.08648544768611399,0.04754357791810391,0.046665377786205726,0.07326206042903606,0.08303963117050811,0.09598787467839827,0.1912446818055473,0.08785002045615693,0.0568621274131171,0.08152816716346972,0.14031358232114063,0.05514188544344133,0.06777537709665293,0.10110514059469874,0.1392782146288907,0.08183190481646932,0.17024269585975702,0.08407008453012381,0.09103103089323451,0.04373037570292459,0.04528306163962972,0.1042067920906932,0.05413910788461849,0.0586529817416225,0.05492720758974099,0.07551061601333123,0.10327352267958069,0.08342481473354647,0.06526839403819763,0.08495401583781202,0.0770662434968383,0.11165593118758581,0.09540119270904894,0.03410553683853653,0.13844696373454565,0.09613274962888411,0.043662920917074945,0.0707507734282653,0.16414156367414012,0.1451277125748582,0.09715421379596162,0.12445744969782291,0.12632663448566914,0.04069275157490291,0.07881184057046198,0.15329248785189434,0.045917272814955064,0.05797504361461638,0.1157281130541561,0.054200393067048214,0.18118297160970565,0.07814860442165711,0.09470322123292893,0.09813789096500478,0.15925219900877527,0.08059973973860449,0.04894898510376201,0.15279366787919405,0.09303042268612481,0.08299517666932853,0.038238504801664915,0.07221790044301558,0.09939234219677494,0.08271596417930223,0.09254179657864786,0.13376844827965953,0.10394026258338993,0.1565312004417319
Canada,0.09296645268688154,0.16942324180002188,0.13659862246620402,0.12607289049379988,0.09396431490227042,0.1421474838206701,0.13318591621933987,0.08563698620884819,0.10106574310474302,0.10311241438903998,0.10177383253977855,0.09153344410715394,1.0,0.1246618842554138,0.08333816397362577,0.09629166691121309,0.12304452960245522,0.10344541762480383,0.10506073034151987,0.2114540599741129,0.129599523124374,0.10933177369788932,0.12683518541984287,0.15882203328143898,0.12313821071068033,0.11464214255243307,0.1274012145653316,0.13623292070152213,0.11603197766087504,0.1886511798546362,0.09732246005559499,0.08310205577868239,0.09352476570872123,0.10012009995311986,0.14380553119006112,0.0648585506861292,0.09577248231845496,0.0937384205531442,0.12388585094368526,0.11939112461698917,0.08139478409743897,0.09695349462286926,0.11778908570847751,0.1437204362724144,0.11768601355208376,0.11711303563074775,0.09210824871602709,0.14312632755255542,0.1024047739894883,0.10800611742755252,0.11666745231314786,0.17736628740287882,0.1840127037806405,0.11209639051106356,0.1725821341625466,0.14586649129308496,0.08540706945179513,0.10484716704853043,0.15756235186052586,0.09236307327271856,0.09911072827834463,0.13112163883101,0.08719989372856515,0.1532901305640258,0.11225250441080722,0.14151074476655512,0.1312155742598053,0.1875144254470864,0.11482815725396396,0.08775326775687625,0.15344669737199118,0.11432387667520635,0.11536947905679192,0.08091792896296325,0.09417493916456618,0.11575466438297391,0.13506441611332307,0.11790196527170066,0.15550192395726414,0.09569546194495537,0.1387617659413422
Chile,0.06490464808338466,0.192368329514234,0.15273532721466487,0.1089015839488054,0.07310860640302082,0.09028165939371827,0.13898457520308238,0.09056311572992004,0.10200700215560853,0.12161581732148885,0.08523701529124669,0.08648544768611399,0.1246618842554138,1.0,0.08539122643834855,0.07278695951710693,0.0706303964098699,0.12258328191779569,0.11629840381966396,0.22253483807095883,0.05562672107932311,0.07165546505876678,0.09448022999904392,0.15637628857601527,0.08513426792756551,0.11648754825152088,0.11825949369786252,0.16798701747582964,0.10552703054933468,0.11730172974858886,0.0894353221403328,0.11748815700316621,0.0760905763391928,0.08780532767372064,0.1253122660163811,0.09557690292062213,0.08258146822239762,0.06851105519436063,0.09497633151883655,0.1255401255206904,0.10307175500206098,0.08427783905583863,0.1034352151871616,0.12177408696609873,0.1090407045572673,0.1016368288168166,0.0874141004689233,0.13393656541716914,0.1306758768106234,0.07222820275737205,0.09071102750246363,0.19073566822946392,0.16213961889086134,0.12233706509549913,0.11548824604263619,0.1452298787925107,0.07072991020707582,0.11013916013552918,0.1523664485529893,0.07408314055971742,0.08253075341063772,0.14725493115554572,0.08405487034149474,0.2150714935322355,0.0989567574466977,0.12587930238849876,0.12104288730587946,0.17623386629085405,0.10815218518287373,0.0884539024844357,0.1638072961154994,0.13234448829434348,0.0876036556723954,0.08501866524010776,0.10375574922233878,0.11858224416505676,0.09205464468119422,0.12571870430263712,0.12748084991142464,0.13284080095175402,0.16689357324387977
China,0.0502263302849694,0.16972670692147038,0.11853149525029587,0.08548864999129376,0.03639019952082301,0.08695303311810461,0.10248530560344918,0.0648985997706769,0.09856114949566003,0.0967022228128151,0.07182264973301923,0.04754357791810391,0.08333816397362577,0.08539122643834855,1.0,0.061999940995977436,0.07011628161199236,0.06977390051388871,0.07997161671579156,0.18719331564207597,0.08538332700784247,0.0739087823893694,0.08546883250147383,0.13562556263094816,0.07094292531919895,0.07761902608486371,0.09939369602948092,0.13078150000620017,0.08327192614676462,0.15154915188360274,0.07923145459559988,0.07289244133686147,0.05984922141563791,0.06055715173366587,0.12226606561811827,0.048933342528023116,0.07426457382740125,0.0562796324767794,0.10995752683491256,0.10482307732935482,0.07968734094583428,0.04155591911241429,0.08050529696932629,0.0911451886506341,0.10181193357987788,0.10133254512858396,0.05968943273053248,0.11472464283998231,0.1100143382674466,0.051048888006122534,0.08509305725129535,0.17192061570851552,0.16320699917995118,0.09741136971414245,0.1362120204057429,0.14016550819097887,0.0515856390968926,0.07732987358186517,0.15221732939134244,0.05859975918850872,0.053901487432600634,0.11108497315233548,0.04763941821644981,0.16919800018331593,0.0836967532102678,0.10404705912942003,0.11483866895739989,0.16236773704323634,0.09135210477631202,0.06168179538470539,0.13971858664281697,0.09478614775499772,0.057267511309503465,0.056084076032221285,0.08251454785368124,0.09646849583287588,0.09194539701131109,0.09253175080213281,0.128851400342663,0.09709411217150656,0.14769041194478544
Colombia,0.05622087997199219,0.15442788962714152,0.11852597072705628,0.09613159800195577,0.05138467311983726,0.10312429821491764,0.11593537526206656,0.04809342075045577,0.07505295026580232,0.12063628775025173,0.0791723397720525,0.046665377786205726,0.09629166691121309,0.07278695951710693,0.061999940995977436,1.0,0.05792897457401375,0.08733192026682067,0.10942666836324465,0.21087213513029146,0.08349929070488166,0.04768116465873047,0.09220759497433041,0.1571789246280055,0.07438861365322642,0.09128127440421897,0.10169285710554156,0.15958090926978913,0.08129905164890402,0.16598349370230112,0.09396405038575321,0.10269990992997693,0.05656440096588392,0.048360900604613975,0.09395335183584999,0.06982777469272146,0.06307791388733902,0.05266325693791142,0.08401254174668746,0.09163760963619552,0.09078002485764262,0.07353981798734927,0.07504858229652688,0.100962492452106,0.12075476898271283,0.09688608779120599,0.04584542488866981,0.13934085490299591,0.09547572198302069,0.056705525991296905,0.07974067731874925,0.17285382902222687,0.1305182528168776,0.10768353838789506,0.11732949587083488,0.10471812797834955,0.057813277851001744,0.07038920045328312,0.16162248397235576,0.048279925263666056,0.07038995856910475,0.1357439404401748,0.06467173393734843,0.1815375434777784,0.06257282346759169,0.08498882937045367,0.10789289297635565,0.16482276273562052,0.07268204472444514,0.05841045682847646,0.15284880518496485,0.10487296537281127,0.08804515236421187,0.05559043190974606,0.09007415227703083,0.09980619333493371,0.08569230681885644,0.10231517100682394,0.13032196904520724,0.12652753144887077,0.14944214785308446
Costa Rica,0.06864595074231972,0.1763561287468868,0.1495406406535862,0.10545551860903442,0.06031253306980862,0.09862817526554452,0.10572694314325339,0.07159527569379708,0.09896254534200685,0.13871804458502798,0.08702287345306674,0.07326206042903606,0.12304452960245522,0.0706303964098699,0.07011628161199236,0.05792897457401375,1.0,0.10742020480593252,0.11787956013277878,0.2108718594192119,0.07703935564985687,0.07145017210781683,0.10093997480631568,0.15635495693562326,0.08357827565637464,0.10747863941030145,0.11526033796208011,0.17089850558046635,0.08640935692881742,0.14357595532344553,0.10714277045939587,0.12190058390303357,0.07518930867291375,0.07921837808461167,0.11592379763562764,0.08503596284356375,0.08850021667517294,0.06934051008106466,0.1039450421593796,0.11465862637885318,0.11309055576421417,0.07316080852738374,0.07940807303586862,0.10735070717008044,0.12382497087143271,0.11146710323643115,0.06677059197924205,0.12788964747469042,0.11481225456315926,0.05368672855858457,0.08097209208567857,0.18093079173580912,0.1562219000169235,0.11792909018176485,0.12551330151344112,0.1335615104129304,0.075484346849107,0.07776538819325689,0.1652712162268737,0.0755637174635403,0.0749099354654585,0.1366791790145357,0.07053878112607098,0.19803639224163289,0.08823138498445784,0.1075973612561507,0.11114898001240338,0.18351895702537493,0.11170173830244451,0.08481072655766847,0.1631291874640285,0.12178494282704065,0.08888859729770571,0.07535395644893109,0.10113898487307664,0.09259371468755533,0.08523869360578795,0.13229154880250962,0.142454547387002,0.12877216557714374,0.15385994543325388
Croatia,0.09876241507129904,0.17721148822691088,0.09796488179039041,0.11902080580065337,0.08313016910224238,0.1166257649709861,0.13938048014729776,0.08786040606903359,0.12198348662763066,0.12808505954134583,0.10531614511723215,0.08303963117050811,0.10344541762480383,0.12258328191779569,0.06977390051388871,0.08733192026682067,0.10742020480593252,1.0,0.11457488651616227,0.21537875928736663,0.11593733661267687,0.0991643403266161,0.11842257646079574,0.17453942910023407,0.11201800217115472,0.1195478789746778,0.13919103108097544,0.14240163097310007,0.11773827817973026,0.17947112661280595,0.11656482035907298,0.09608100210744201,0.0987205128645512,0.07736798263672641,0.11402601491994167,0.08413742222285463,0.08865855407801597,0.08795713030107487,0.1306243079301858,0.11609860058896097,0.1258826809583066,0.08034588720479668,0.12043985056738284,0.1190098076073873,0.14870033656263673,0.12562999188146579,0.09147644940151303,0.138855813158664,0.1022651345829986,0.09133663421240455,0.11851352047247074,0.16709929469687737,0.16555001834758165,0.12528219703390503,0.13850908824944583,0.14466171651141224,0.088206956256477,0.1122758550217074,0.17371992650505735,0.08537470067753095,0.08092612962124798,0.13040674420237097,0.08355924236632571,0.1628166618388454,0.10918391651721494,0.11474766891320808,0.14652558414742864,0.17249668588014033,0.10621319152999166,0.10364063139332397,0.14845745562150148,0.11618506375600672,0.08365491264824937,0.08311971317696429,0.10869771571239732,0.12375681659768592,0.12400887171898158,0.10999258456220451,0.14081324158903172,0.1287914243913718,0.15989154886085932
Czech Republic,0.08607567718851734,0.16761430351230683,0.1487659619230466,0.11396577483233457,0.08056093940983107,0.1275456860758995,0.1305052325797296,0.10794113549832489,0.13430491114188275,0.11008208560608959,0.0967811068140162,0.09598787467839827,0.10506073034151987,0.11629840381966396,0.07997161671579156,0.10942666836324465,0.11787956013277878,0.11457488651616227,1.0,0.16822508837302233,0.11016405226634136,0.11186015386897213,0.10885880883590462,0.149446404953824,0.1039243326572066,0.10676696599260072,0.11187238325773584,0.1288561738116254,0.1377981510240881,0.18000063165334307,0.08685235969881475,0.06517374370960477,0.07947181759933752,0.10150995036331326,0.14558503650208784,0.0771862558994539,0.08678434593669743,0.10445666156688176,0.14478828547017503,0.11153757588402823,0.1020137845575565,0.07208985799773285,0.10126416816533032,0.13973426645060144,0.10906229520442126,0.1342545356113995,0.09679465180170284,0.12350171669994828,0.13558578571565805,0.10949759387958716,0.10779824961464134,0.17644246829405763,0.20272216635340706,0.14288625845928218,0.17416760859137592,0.16920740433805653,0.08537387079803636,0.1117222037628684,0.18021492893506774,0.08913712810970256,0.09756463828498423,0.11780608372289307,0.08204241433600613,0.17703283117502325,0.11204143021033698,0.13744597854043195,0.14144132552137467,0.14352943734888826,0.12312507548508744,0.0964349116373797,0.12281918064424854,0.13183060777889583,0.10370609994712843,0.09546306354209709,0.10402553680152449,0.09634159584172224,0.15125476883151082,0.11459134815937223,0.15123534294612265,0.10253448790631567,0.18170100991086544
Denmark,0.18924086467623966,0.20761680760322013,0.2258487299596024,0.20370845086336997,0.18734983483655002,0.17918295659690048,0.15533181720619008,0.2003905419598614,0.229263833547826,0.20591848960161366,0.19970918062632928,0.1912446818055473,0.2114540599741129,0.22253483807095883,0.18719331564207597,0.21087213513029146,0.2108718594192119,0.21537875928736663,0.16822508837302233,1.0,0.2137155402734196,0.2103609508545924,0.19625117512063353,0.19829068500274313,0.18974713414864178,0.17190519282701466,0.20441854019837422,0.1510862484781824,0.2313627720620348,0.2719420215649596,0.184856219491602,0.1736490657353352,0.18381258201806117,0.20580281369296427,0.2565080525058066,0.18914864459768624,0.20466084253105848,0.1918949636334881,0.2380489949269597,0.22424664539610903,0.20191628956223662,0.17510600913152533,0.19064237253909894,0.1782504393229478,0.1853566715560853,0.2056368465921494,0.18712222493230557,0.25885590040358364,0.22482409809126797,0.199148428624831,0.1808607044932832,0.21619349709330066,0.2836270982173021,0.24339555973990482,0.24130205470987862,0.2510230170574284,0.20004927794556196,0.20198820725935449,0.2525297433961088,0.2100049245512494,0.20133117465047068,0.15375860896900745,0.18465917942497803,0.2274168259351063,0.2193150083599891,0.20802408145429094,0.22286208937963553,0.24285138462052616,0.21074613164159228,0.19250753618185876,0.2315632501661712,0.17253250706647363,0.20877738598267973,0.1946350527967879,0.19555255708806005,0.2057132158128756,0.2271993273640414,0.2198515082315248,0.2305531736388832,0.19905971628262642,0.26729984371616006
Ecuador,0.06821565884709029,0.18046070088485414,0.165513135458129,0.09247219117653058,0.0697657355706217,0.10071772232466479,0.12617257867342002,0.09606263485549554,0.1232282104632763,0.1367271115725067,0.0815298454603725,0.08785002045615693,0.129599523124374,0.05562672107932311,0.08538332700784247,0.08349929070488166,0.07703935564985687,0.11593733661267687,0.11016405226634136,0.2137155402734196,1.0,0.07770137379892293,0.09390557450495979,0.15942374790481448,0.08163579867689305,0.11250591974151973,0.11677932635978598,0.1727747974446324,0.11862661803676613,0.11044968079952888,0.10034257761907359,0.11874957247838933,0.07422529699819547,0.08916323854669198,0.12822494128250012,0.0910237410066555,0.07800478246316749,0.07195852653460051,0.10736940550604754,0.11648766031654213,0.1175228156940358,0.06707377202120321,0.11094896411380345,0.11906656085392799,0.12197231886298633,0.11786738028110225,0.0875715558344702,0.12240059510114806,0.1273147990637879,0.07522268376796992,0.09036204571539719,0.16735758770874035,0.1837168875265802,0.13389309901665367,0.12180550138011664,0.13674410994248618,0.07245138314247118,0.12060682934333448,0.16870752583458065,0.07243279247693486,0.09105658678936833,0.14738633188668782,0.07733091712706006,0.2134311900799098,0.0930716099853576,0.11494357009775008,0.11491802438539132,0.18961570318989593,0.12185134659193064,0.08560793608322917,0.1440153788647039,0.12608000147463225,0.0994753699933188,0.0883122910733159,0.11267248366463643,0.10674254361734467,0.10119895581487016,0.11623961004648738,0.14223993476942734,0.13375734027471287,0.18737633590735375
"Egypt, Arab Rep.",0.061447326955948976,0.16681633039086027,0.13500257646384406,0.10670638117593742,0.05386788510280417,0.11138996744489423,0.13030061461934184,0.07579978807696704,0.08791207558287524,0.12811166863100204,0.07287537737721844,0.0568621274131171,0.10933177369788932,0.07165546505876678,0.0739087823893694,0.04768116465873047,0.07145017210781683,0.0991643403266161,0.11186015386897213,0.2103609508545924,0.07770137379892293,1.0,0.0780090808929153,0.13609979511295456,0.06759520680985652,0.08648466435585912,0.0953897574392704,0.1500118881045328,0.09805434868774604,0.16386806984825608,0.08367147417981156,0.10026430255595781,0.05497268563863108,0.06661074383685535,0.09107439278427959,0.07829102523451967,0.07507751119620211,0.0730712265086138,0.08488168740412814,0.09507615321629026,0.09662072144060192,0.07874602041475043,0.08796892505945314,0.09589294492214756,0.12392959788378671,0.07646755324779322,0.06432617419472769,0.15322978315384497,0.10364118451245442,0.06180532584447067,0.08635114032919723,0.16174411119052493,0.14461180349728325,0.11644666539944813,0.12320295022422433,0.12719292560889064,0.04842109208714062,0.08691531741137364,0.13956855738494783,0.05456874309300755,0.06710916978094678,0.12434960537479652,0.08053560137670376,0.1845114887017433,0.08322297973141127,0.10356289579153444,0.12324177772561969,0.16491492872879795,0.09290909614720881,0.06736808574477494,0.15678763460892087,0.10235061215805892,0.0933725464682655,0.07576844997418555,0.08056788464065773,0.11267921784229289,0.08812709697723836,0.1097320204406751,0.13033722322623756,0.11057082183082811,0.15413686822099548
El Salvador,0.09007961467819826,0.185779559751442,0.1616402797054609,0.14001111752006856,0.06833090954054935,0.09467621572624277,0.13713384742752943,0.11370594405200653,0.1343189337481708,0.13839231452662284,0.0763258523100886,0.08152816716346972,0.12683518541984287,0.09448022999904392,0.08546883250147383,0.09220759497433041,0.10093997480631568,0.11842257646079574,0.10885880883590462,0.19625117512063353,0.09390557450495979,0.0780090808929153,1.0,0.12211789072452703,0.0797493682050627,0.08739061678057833,0.13752347088255992,0.14492251471702047,0.11958119047782284,0.16287925013752777,0.06395297299651052,0.09559284207847532,0.07785480950198337,0.0946408940333808,0.12785659711712066,0.10665142501744558,0.09847570786756554,0.09514831216731347,0.11646062386107903,0.13441990022644007,0.09461750958032043,0.0949139964828405,0.10960082838596352,0.1129929331808872,0.11916901649142742,0.08606800588702357,0.08775252911585833,0.1463898005888347,0.14893803452862397,0.08592690408687073,0.11032831645153365,0.17775539340611032,0.19048124254695098,0.13398774102351682,0.14368281171141792,0.1761830843945163,0.06705483350362212,0.12399560029468522,0.1473063456290578,0.07760970920167896,0.07389754739507742,0.11892829194831887,0.10874301855938179,0.2156057912290818,0.12265743344993739,0.14989973886344934,0.13297000385604552,0.157612275360007,0.10966325526337314,0.10183241330726871,0.1465282281591791,0.1155526961845207,0.09712347329348414,0.0950722985487273,0.09300919097560982,0.1273131839927484,0.11920331734562098,0.1321516698553132,0.1594960767267718,0.11798672218162864,0.17202636157369444
Estonia,0.13675294519321424,0.24673772376864758,0.195378444700554,0.1710888016031866,0.13046973398326892,0.14793882225368085,0.1438860142510266,0.17396521478306332,0.1702027830232152,0.1720399582414006,0.14899083943662214,0.14031358232114063,0.15882203328143898,0.15637628857601527,0.13562556263094816,0.1571789246280055,0.15635495693562326,0.17453942910023407,0.149446404953824,0.19829068500274313,0.15942374790481448,0.13609979511295456,0.12211789072452703,1.0,0.12598624026801536,0.09976420810621582,0.17332444236964192,0.14897109938746825,0.1867359186764105,0.19046396210805527,0.11186415366691696,0.1339223239703933,0.14240832261568148,0.15688980239912453,0.2048531318084434,0.13556000726433262,0.17460637474532437,0.15079022648414514,0.17178142444421238,0.19107593740094642,0.12659786617826654,0.14547511110892272,0.13582418388226516,0.13340714883629662,0.1270702277173978,0.10208005913687027,0.14796927667889445,0.20114914176734613,0.19342261489372725,0.13965305693294613,0.14972420092090757,0.21396728501169995,0.21630969973574335,0.17128821325993748,0.2143124782673205,0.22739393554604911,0.12951698916504614,0.1594562657197776,0.14935336934079205,0.1509244145646967,0.13296660400083674,0.13739348833208231,0.15465351321242587,0.24007760151858618,0.1830052567635951,0.19753162324791737,0.207649934674067,0.19287158511776625,0.16015093221784082,0.14044137406389073,0.21594741159286007,0.11788691383281559,0.13789446818815398,0.15624879706628297,0.13328274468594845,0.1728963002672519,0.1539204738873403,0.17999028783914017,0.17430298403967812,0.12766310185183533,0.18561438529892194
