Country Name,Albania,Angola,Australia,Azerbaijan,Bangladesh,Belarus,Belgium,Bolivia,Brazil,Bulgaria,Cambodia,Cameroon,Canada,Chile,China,Colombia,Costa Rica,Croatia,Czech Republic,Denmark,Ecuador,"Egypt, Arab Rep.",El Salvador,Estonia,Finland,France,Georgia,Germany,Ghana,Guatemala,Honduras,Hungary,India,Indonesia,Israel,Italy,Jamaica,Japan,Jordan,Kazakhstan,Kenya,"Korea, Rep.",Kyrgyz Republic,Latvia,Lithuania,Malaysia,Mexico,Mongolia,Morocco,Nepal,Netherlands,New Zealand,Nigeria,North Macedonia,Norway,Oman,Pakistan,Panama,Paraguay,Peru,Philippines,Poland,Portugal,Romania,Russian Federation,Saudi Arabia,Senegal,Slovak Republic,South Africa,Spain,Sri Lanka,Sweden,Switzerland,Tanzania,Thailand,Tunisia,Turkey,Ukraine,United Kingdom,United States,Uruguay
Albania,1.0,0.7890235973545091,0.7258713817717916,0.8324324719798312,0.6338167747151789,1.2318702476092518,0.439585426570094,0.8105597991222887,0.6164871337162409,0.4073130610773556,0.4996496764670026,1.456801692230695,0.5017232777969604,0.5268139674243442,0.9267263961287336,1.0648455375618406,1.049143727482743,0.7695717030570792,0.8657302414677944,0.5962470653695813,0.8849201786600986,0.36818066262888177,0.5738818869525848,0.3992278910869166,0.3416003831645572,0.8165522187869608,0.7762543806245109,0.5909798689418726,0.7790383269198088,1.028961406948646,0.7653350236786647,0.327338324099456,0.9386971814471896,0.41991371781927067,0.9472984461250084,0.6394770100805196,0.7301914237018602,0.6655445412407801,0.7906855467498555,0.9947221020743647,0.833950548084765,0.5076911692633017,1.0832452828134427,1.1176688552737442,0.5269378396616028,0.3968948571846278,1.2634118125854166,0.638910463431548,0.5439662633678884,0.44598519261151204,0.6132888904273557,0.7543923434369376,0.5404171397845122,0.38139928516476174,1.0329017226689436,0.7012645923857848,0.391593304400942,0.2797402493249058,2.099407280968197,0.980103456313218,0.8635165791795516,0.6537787721073738,0.6730555582971143,0.387224438612858,0.6807492291733399,0.7382725207482854,0.41800106267650017,1.7056468777592668,0.45288383037385144,0.6535722781925991,0.545664421646329,0.935383905537751,1.1400350598627624,1.0394549250792424,1.3928237782094004,0.3772168160324108,0.6652604288148676,0.5780987841058487,0.43275844076542713,0.7209634813461104,1.3303843660383246
Angola,0.7890235973545091,1.0,0.9636765568139366,0.7724758760651645,1.1449004474974804,1.4105825843780886,0.8892010561110197,0.7443933274453595,0.6381561424196419,0.8585455090159102,1.1531566272697407,1.203990980331134,0.8108633685558332,0.6685195291504067,1.2353676401006979,1.3304168258817008,1.0809824891043052,0.8171552611295574,1.007826144620844,0.8931575158303868,1.1501763737142452,0.7584004922138734,1.0199538213932269,1.138413175197998,1.1062406945867926,1.1468278591471206,0.732034924154689,1.549443426030896,0.7553185409538926,0.9303699879949592,0.9656474478537437,0.9021417162333578,1.1128734745267117,1.2165298222469458,1.322536193716514,0.8689959766720656,0.6888543717349435,0.9544505639886428,1.119407484560034,1.2415614899819083,0.9157456542124189,1.0248042439146667,0.9155944743612804,1.4175095715911266,1.1494463593135638,0.6625213706708106,1.2783763583545338,0.7202376641217241,1.1058125235230065,1.5293276193850804,1.00671213142213,0.5761142370546484,0.9671834385614246,1.12394517383741,0.6701223435480105,0.5347361751467724,1.5005831341380849,1.2914146392605472,2.0981039695719796,0.947502784148754,1.203144290887938,1.1493927201354857,0.7373864750868908,0.9578210837150243,1.238462423006473,0.5931019746868168,0.8337325416065534,1.1137868163877496,1.0715059142781393,0.8162124245073729,1.033709346517247,0.9355642194921111,1.3947876475016392,1.9255514025848526,1.2203391355608795,0.8311836525861893,1.1500104902353225,1.1108691973532623,1.1029754675539343,0.9032521495242646,1.5131513734076434
Australia,0.7258713817717916,0.9636765568139366,1.0,0.8724195120939521,0.6789780398929132,1.5569484409841936,0.622240181420572,0.8935576440487237,0.704499360598963,0.6165046800288829,0.7529948220549432,2.2260270367574866,0.8520597286209919,0.6928110448048407,1.1515006235940084,1.267231135706136,1.2998174185197664,0.7579282127928781,0.8391425437501121,0.704256135738459,1.1537740791328261,0.548829057583254,0.5874354741850817,0.6023691130213629,0.5278311983791325,0.7681725732694091,0.9117848974618424,0.914164631437835,0.9431796540325976,1.0320835997219913,0.7568793884580275,0.5676707658171123,1.0745585058245544,0.7171576584747908,1.0843876778371428,0.5205372145933833,0.6971382484767422,0.45023886662238605,0.9197709553314052,1.0247701693713027,0.6987773337838082,0.7302447609124371,1.2898655228754468,1.9552355004691504,0.6834556732652702,0.59170320900915,3.5268553590885583,0.8316799240469117,0.6780631849962436,0.8593696525705271,0.8069692322846788,0.8592844898014764,0.8448568146961728,0.6224999617913989,1.095423740800712,0.823217458170101,0.9064774980286938,0.6652559002973901,2.6340707473403895,1.1515657735115135,0.9521114011702477,0.8073032458781298,0.7460559713560462,0.507963133462069,0.864729214811371,0.8205557060130025,0.6578597312694877,3.9369666799000087,0.629782109070208,0.568511361361449,0.6017719403719846,1.203203439504591,1.2712340117861287,1.6040912515806058,1.7371966517467607,0.5897687087122983,0.864515922404015,0.6884153029211594,0.5539853627886836,0.8625106203780515,1.9922018469154856
Azerbaijan,0.8324324719798312,0.7724758760651645,0.8724195120939521,1.0,0.46603358661920763,0.7733823486722726,0.606983761026536,0.1806952531699361,0.4316059621172063,0.6152205382138173,0.775830491344655,0.9512022348999232,0.7429577441604132,0.5111519082900505,0.40272972883371255,0.4909546521166175,0.9619590126882678,0.6519290710338098,0.6256415126370163,0.6489579526300181,0.596730924426543,0.5149480346952635,0.5609683573856474,0.633720033977725,0.5843861273701346,0.7540543003192656,0.5221726394732318,0.8364537033250515,0.4277906667785122,0.6708341741528576,0.6869552734265799,0.5682910809121018,0.3729266183662946,0.5917694720237747,0.9809093549596599,0.45276398579659066,0.41055905905310147,0.5370985015493708,0.9063035362931091,0.6164272787650042,0.6699285454098963,0.7232155336636011,1.055049922745171,1.1392038493438954,0.6879190142435623,0.530994510151628,1.0143370385809474,0.5359992257662223,0.6411848292585376,0.8197126459247448,0.7885680203101137,0.32983934889661043,0.8107513848423769,0.6427727055172309,0.48552931612448236,0.49636243897340143,0.7083609287380096,0.6496705842399322,2.054328387120676,0.3422818599336043,0.668499123496601,0.8006250247286757,0.35556675179492403,0.5441608277828108,0.8646595454731751,0.3416255580568377,0.6383133969957496,1.9538071440054763,0.6213264735152267,0.3568497056620739,0.6358698156334973,0.6477496350438027,1.3145609581376703,1.2680613749236096,1.2410321304257823,0.5735516923965995,0.8302657848446706,0.5386075256976646,0.5695478669218199,0.5905398308838061,1.4372730160038218
Bangladesh,0.6338167747151789,1.1449004474974804,0.6789780398929132,0.46603358661920763,1.0,0.6954883438139465,0.4716756092605439,0.4732180261623997,0.5412084792183905,0.44670964199348334,0.5453223522881225,1.0499753248954717,0.5786240116737376,0.5293366507541177,0.44619232871311737,0.5025654117956236,0.9577966933747415,0.7092602817421758,0.57980773000825,0.5785805372121531,0.5112854857618675,0.4284534789838515,0.3870572157547842,0.4129701145431348,0.32051097576005166,0.5827384234544494,0.6193036940419087,0.5196931005825359,0.5334627466009716,0.7899171428247219,0.6652645709206946,0.4178358224345069,0.5160612296666337,0.38865116983579034,0.7746667960260452,0.3617932888406252,0.5546355857897642,0.4200791991472423,0.7269194428222722,0.7714318460259723,0.6796414936427052,0.5269470765673907,1.1863285764745026,0.9465720132406192,0.4774837901902064,0.4592873549139112,0.983701413329791,0.6092742384496654,0.533073598078121,0.4695382563348549,0.6433324511300683,0.549823640070597,0.5961439823017328,0.42265031594326646,0.7789623535303076,0.6658608733542173,0.4298675041322702,0.391626561545671,1.543301478284852,0.4614572089086466,0.6894102333097857,0.647962431785323,0.46916098861396865,0.3406166683304223,0.5547644367970259,0.5960432679968327,0.49856090903365874,2.0431844022015895,0.47874804943883625,0.3259195566919771,0.444532435953111,0.7999363535351031,1.120105841462358,0.8606869021210798,1.4047287153454393,0.44387570799864484,0.6563303936272831,0.4135540847128055,0.27650224724875283,0.6168986186657737,1.250742813260326
Belarus,1.2318702476092518,1.4105825843780886,1.5569484409841936,0.7733823486722726,0.6954883438139465,1.0,0.6040787103215867,0.5154772960861695,0.6160785427504908,0.6097496694251305,0.6975780397154432,0.7800364624153079,0.6876107985414217,0.6411094527637744,0.6330096945675565,0.5688748545665273,0.9310756532367956,0.7336072722040792,0.7815648221861997,0.6636599654828729,0.5092341336044217,0.5606012687626838,0.6287992538933349,0.5103454065194283,0.552609003352527,0.8811503090876937,0.6626246396577464,0.558053130036626,0.601266488001858,0.798730344672162,0.7215658619499035,0.5576453951786504,0.6149568640265896,0.5294002711373961,0.7671572131172711,0.5875293536873796,0.6377001033672521,0.6614037178675215,0.7650682947808635,0.9194777747031,0.7364834631550797,0.65574650892134,0.8647821929151227,1.0761759567104092,0.6495842317575766,0.5832825081174147,0.7172228582588083,0.6092629975964198,0.6535520608380408,0.6870466141346638,0.7417257214356326,0.5450538141528276,0.7990223127812289,0.5511890576391787,0.59165807387632,0.6083423864401548,0.5371153032695287,0.5355433719806354,1.9122772387790408,0.4640241389744096,0.9532705148619087,0.7209603782420704,0.619266352700823,0.5736894750435103,0.8997804745331245,0.5562625374407957,0.631816875195338,1.2092490941465015,0.6012128367296257,0.5039183837459102,0.6174689763803373,0.718564911655732,1.185558355200691,0.9563246880373049,0.9759918970281581,0.5707221332750102,0.6892561338383596,0.5804853129235557,0.5881058923945934,0.7211766066518235,1.2056082812379116
Belgium,0.439585426570094,0.8892010561110197,0.622240181420572,0.606983761026536,0.4716756092605439,0.6040787103215867,1.0,0.8446802600860199,0.6213468358158135,0.3175388101770637,0.6825407129658269,1.8421779024752074,0.6342508251416787,0.5206576846014764,1.1493424812364852,1.345931121601738,0.9161233808310101,0.6780269389743434,0.749025504254182,0.6001255952704413,1.6102830914469597,0.3431389859705723,0.8593006499122742,0.4926509313789583,0.4406753976161916,0.8217362593494044,0.7860525799143893,0.9213800983730982,0.7938090422287543,0.9168411204663461,0.6502186188476428,0.39656724863255954,1.0521480216105756,0.6942942372308527,0.9545528075308618,0.6766925039325111,0.6862743877353648,0.6089339837814762,0.8032754835099442,0.9646486870974315,0.642477339531106,0.6153659235816501,1.0042663400540168,2.032482448322044,0.5981079919742891,0.36939992579290404,1.6335840364195482,0.7051298304466422,0.47514180341792367,0.9409954906372672,0.6994837856060152,0.7409348528968165,0.7529774130011748,0.4887061658446769,1.0073617128866668,0.7127053447166608,1.0804856325929577,0.7225125925431211,2.8348973359394525,1.18007768505011,0.9104221097113259,0.735252727889917,0.6821372779897975,0.600757796222612,1.0124700734202223,0.7248021056775243,0.5433783183935444,1.7690037189417231,0.5169299568770461,0.7295136967864633,0.529693869497782,0.8856589006377349,1.2890224954245206,1.482594178506521,1.2636638731198582,0.4361408164947526,0.7635996213022628,0.8492600048200601,0.7744988215163634,0.6664680072426564,1.3649538807248962
Bolivia,0.8105597991222887,0.7443933274453595,0.8935576440487237,0.1806952531699361,0.4732180261623997,0.5154772960861695,0.8446802600860199,1.0,0.39370446304917506,0.609516992661502,0.7738215526219565,0.8303094554299255,0.7420994620504522,0.48503015763181745,0.3594484707081386,0.44663197110620706,0.9271087167225763,0.6319071286304919,0.6091967054798196,0.6303661985177238,0.5768441357713223,0.5046089051111041,0.5501120599898708,0.6398452719329188,0.5885011435387277,0.7413434975037663,0.4924571683965569,0.8283559470601471,0.38214759084029626,0.6602836874824123,0.6588011360754811,0.5627416184265246,0.3201991825345309,0.5998542765559888,0.953088097663144,0.45901296809010744,0.42093605388255345,0.5385079878567662,0.8874792580260462,0.6545406233834385,0.6415208999068075,0.7216623627004242,1.0287100313708029,1.0972485251657815,0.6957368446868355,0.5125676885798399,0.9117446865696204,0.5100524148336402,0.6264279949449663,0.8221881209206049,0.7864447646419664,0.3062776999284648,0.8140697948631307,0.6454407523311725,0.5264519188298504,0.495243153029449,0.7040474679802355,0.6506223604918474,2.0027425291033794,0.28235810440191816,0.6702923261552605,0.7866540250604122,0.3339571375634996,0.5467784682716729,0.8633045558940882,0.3221059065364879,0.6314065316853079,1.8939240732635323,0.6137762567997141,0.3699934339436802,0.6349958418570187,0.5756337993503665,1.3194312278045413,1.1592858099962484,1.1069770005345854,0.5673793325676381,0.8168189410518369,0.5560682577201341,0.5677727273781303,0.5483004665128179,1.3377808884035178
Brazil,0.6164871337162409,0.6381561424196419,0.704499360598963,0.4316059621172063,0.5412084792183905,0.6160785427504908,0.6213468358158135,0.39370446304917506,1.0,0.768723809422261,0.9353302353657429,1.1018372968661383,0.812689294253598,0.4834549824602023,0.7434700060458155,0.7836658179257213,1.1344165977194967,0.7617691002249714,0.8632547925208022,0.789756690923913,0.9641392763822207,0.5847070396261449,0.83324404039866,0.8754924229488216,0.8553803199229741,1.0385951659892,0.699925657384519,1.1919019288003208,0.6713905510214201,0.9534310108451257,0.9620737042366045,0.6356915939070233,0.6309576864812461,0.8911170111537029,1.2288889356714676,0.6991763761867527,0.5683393237187203,0.812685501408622,1.1306563779425352,0.8742998399505967,0.9383928577158197,0.937544853190938,0.9794326116114948,1.4212118788890562,0.9785116107909552,0.540912903764512,1.3955332477459543,0.5273826374504751,0.8544518014016319,1.164483743804267,0.8241860292512763,0.5334387189194424,0.9965480893511642,0.8422114495101273,0.7196767990761673,0.4943850219040719,1.0709799210234876,0.9079819403688318,2.1105322786219376,0.7372709987076722,0.7733107390648789,0.8808068838820912,0.48916487309702084,0.8156453974171961,1.1882083495395483,0.3667797781694408,0.6973020064724322,1.7644423352010197,0.7795290412847111,0.6481448739929373,0.9057636454935858,0.9067574560092252,1.246835295593966,1.6305855582010138,1.4090152769711333,0.6654781498259801,1.0666273523729342,0.9289055369266532,0.8641117294137608,0.7447041235159112,1.7165331758305256
Bulgaria,0.4073130610773556,0.8585455090159102,0.6165046800288829,0.6152205382138173,0.44670964199348334,0.6097496694251305,0.3175388101770637,0.609516992661502,0.768723809422261,1.0,0.5734270388877831,3.0644009003706447,0.6015162975848849,0.5538331250413114,1.2820866607383703,1.3519330936078338,1.1215246455572105,0.7955213061747995,0.9734100144242261,0.5893917227385824,1.4230418016196886,0.3335597127025963,1.0341056073997426,0.4231581977668388,0.37746581919530403,0.9774974378379335,0.9218859647381749,0.7399127823227969,1.051236883019947,1.4063483589628134,1.22579590320279,0.3424048900410523,1.1805230835846043,0.7021987548437749,0.8752556465510339,0.9585815491082067,0.8227009554276529,0.9210788165765437,0.7501498491116406,1.0814450717075619,1.2587694128354763,0.5156214813722317,1.1077159023410295,1.7563631635772865,0.5001302339147635,0.3225103408611868,2.0209863333712774,0.8059992019658597,0.6725189996113957,0.699022870316632,0.6492365466379071,0.895683494812889,0.6782685380635095,0.4037937081500235,1.0649585979359533,0.7295551049196329,0.838017050884123,0.6497208195869133,2.2677133262996336,1.3021582890078685,0.9843557007385666,0.7226524846384009,0.7910953593738614,0.7189710160252961,0.8761052641305913,0.8101051048622885,0.44564050858692095,1.4494600612959652,0.5387886785227005,1.0032469935903976,0.5311007931098632,1.324104095344761,1.2373578257343483,1.2442276763180555,1.8008973433078013,0.3469447413162473,0.6883813163653025,0.9765079860027652,0.7943427069795543,0.7718114027575314,1.6513488060326782
Cambodia,0.4996496764670026,1.1531566272697407,0.7529948220549432,0.775830491344655,0.5453223522881225,0.6975780397154432,0.6825407129658269,0.7738215526219565,0.9353302353657429,0.5734270388877831,1.0,1.7570219054919762,0.8500793843543945,0.7832286330273067,1.3496421329412744,1.4229582875962752,1.724247085715297,0.830137934452623,1.4850719172005096,0.6426235103265869,1.2398893455175624,0.6453061430155742,1.180697013051682,0.5283510317542356,0.7035408974525675,1.4950161359705443,1.3040414194810757,0.6082145312291243,1.3115821637328733,1.6917950489213114,1.422720028682033,0.45930264449518277,1.3503719427321845,0.7775632114891671,0.8724601079834723,1.2609476080525757,1.1088065726933631,1.3074212763126039,0.8827911773888379,1.3703243649616579,1.5309287969579355,0.753926869520532,1.083939759409684,1.4599663192050572,0.6452113639426795,0.5855058997704865,1.4041394535771177,1.018018713428103,0.9963517426145666,0.6068017297186221,0.6896118864445546,1.1963286408467533,0.8607011708826908,0.5148554971238569,1.5570516819131646,1.0042964114828927,0.6571081009131567,0.5851729265034508,1.7812156936767878,1.3701350402981518,1.231485631723864,0.7157427089581654,1.0540877293498272,0.9634697202135127,1.137461299361135,1.0901097342382529,0.42372458700362353,2.332959305737865,0.7122319338213122,1.2391565368763005,0.8975878094340918,1.42820301115823,1.3168740018214844,0.908676702900206,1.37167251098928,0.47043621620609916,0.5624985717246173,1.021189371302318,0.9341213500778105,1.1696057055772915,1.9368617693190502
Cameroon,1.456801692230695,1.203990980331134,2.2260270367574866,0.9512022348999232,1.0499753248954717,0.7800364624153079,1.8421779024752074,0.8303094554299255,1.1018372968661383,3.0644009003706447,1.7570219054919762,1.0,0.8050722058320915,0.6816924790227399,0.6863601325820973,0.7181562953763901,0.7278887760670678,0.5389706026595534,0.6624201517221164,0.6231618866085556,0.7234626264102936,0.6631122349885009,0.7953276413948555,0.9020727627783519,0.8445542730568996,0.809753879437411,0.5921604055531936,0.8578999885236611,0.5666719532042168,0.6125336125130725,0.5156368160300372,0.7886371751605252,0.6493812793724377,0.7936308817813839,0.63171097122757,0.6157590098348168,0.6099800032086368,0.619200729155229,0.8185753017600905,0.935142280275363,0.4826100433103751,0.8852135116726941,0.6499443182776478,1.0632169162220522,0.8989778917780086,0.679097538174103,0.606473317171735,0.5663293539623874,0.7066506654237548,0.9966295662628537,0.9626772574620909,0.5465281436482521,1.0525891806455359,0.9014804564479211,0.6915275283374404,0.6930182406842011,0.8294061042983656,0.8821545243223397,1.873290259091185,0.6159668049185021,0.9442255665929885,0.7287152872598867,0.5881047415203845,0.7380279775900099,1.1699781421619742,0.6180016060914969,0.7508319462595647,1.0628580038811546,0.8278052193598541,0.5913428975298323,0.7752334818982183,0.49271564168012677,1.0939581830194702,0.8088707934433885,0.6097839620264354,0.7403242241440926,0.7151875407147347,0.7587586376510029,0.8407972969881085,0.6078778146904479,0.9703618381549665
Canada,0.5017232777969604,0.8108633685558332,0.8520597286209919,0.7429577441604132,0.5786240116737376,0.6876107985414217,0.6342508251416787,0.7420994620504522,0.812689294253598,0.6015162975848849,0.8500793843543945,0.8050722058320915,1.0,0.6882821128527616,1.4263013785721492,1.633262698275196,1.1221166206845905,0.8690881551989207,0.9422982708602634,0.7999770534554017,1.823284803160696,0.479958601814376,1.1056690466484989,0.6760045207354206,0.630417505671488,1.0035042109027767,0.9741082243644087,1.0488780863576417,1.0567478709706644,1.2744164981028745,0.9900091518091635,0.5432434302405527,1.3384646600072518,0.826836885616262,1.2360126339432564,0.9515192838614706,0.8891299454101765,0.9126145547705155,0.9733133271330748,1.2023848728180637,1.0311135336728299,0.6940507805675101,0.8581663552269965,1.6622045538374235,0.7865183667242743,0.4801313633157072,1.4042214322492277,0.8412946862336387,0.7556354314496364,1.014661988096148,0.7478623461409628,0.9702839588182168,0.7537179927232815,0.6355625071955252,0.967936272940524,0.6335358084007561,1.1271905239191506,0.8775564273249755,2.245789660467805,1.4458353061324551,1.1042694945011016,0.9558950823163035,0.885092804402919,0.8600831677421646,0.9863240550179698,0.8366451998880376,0.6117591949089594,1.0573748632365358,0.7295950181108027,1.0133937344853108,0.7045533986437907,1.218247523956476,1.596584352158277,1.7033467152468944,1.2785151933964802,0.5675152150532411,0.9673429236259309,1.0442810870027825,0.9460387430597055,0.8444070289986462,1.29019578752913
Chile,0.5268139674243442,0.6685195291504067,0.6928110448048407,0.5111519082900505,0.5293366507541177,0.6411094527637744,0.5206576846014764,0.48503015763181745,0.4834549824602023,0.5538331250413114,0.7832286330273067,0.6816924790227399,0.6882821128527616,1.0,1.0138574521556276,1.1676796842702728,1.1497762849577136,0.7627970083864579,0.9388059728314491,0.7039695644444125,1.2862183514486831,0.5797522503529486,0.9936760754620727,0.8723318544990947,0.9105454905095267,1.1040507107191997,0.7058228044654604,1.3353516407566806,0.6996317649721118,0.9660659976078936,0.9423625349343587,0.6495957721286354,0.9346865229638786,1.1258530324754208,1.2529236900958045,0.7907154316384629,0.6653319081685842,0.8817485452638616,1.0626632598088253,1.0387654739562364,0.9293533181570569,0.8963424697678156,1.2672611277723773,1.7088060849229445,0.9544319377099062,0.48649562130124707,1.6009942878756023,0.7504556673211096,0.897355018049476,1.2844318084434703,0.8583393263823331,0.6423009644166892,1.076591862260337,0.8582364313469489,0.9520641328186125,0.7806891511580442,1.3415661112062343,1.0967804511525738,2.7026704764873495,0.9367850507224187,0.831972242510472,0.9636264526198106,0.5150268177895918,0.9465076592898646,1.319067466428327,0.7219627216928314,0.674318624431722,2.155421374685955,0.7397413749394091,0.7552350152703459,0.951352233994089,0.9463652836585451,1.4898918268919692,1.6886426432157693,1.4430941049949244,0.5707772228171354,0.962613287389357,1.0717826343038144,1.0430624527477281,0.7397012767214197,1.7892924789582298
China,0.9267263961287336,1.2353676401006979,1.1515006235940084,0.40272972883371255,0.44619232871311737,0.6330096945675565,1.1493424812364852,0.3594484707081386,0.7434700060458155,1.2820866607383703,1.3496421329412744,0.6863601325820973,1.4263013785721492,1.0138574521556276,1.0,0.2502291207847666,0.8661498290218529,0.6363944612557376,0.5308069843260756,0.5974305997824554,0.5234528028594168,0.4852408503385709,0.4839483152277721,0.5381386740070185,0.4794839908768415,0.6329482283702896,0.5091416270868485,0.6234385293955707,0.4316060571530175,0.6526652352977975,0.611183219560716,0.508774625361611,0.16975075365129025,0.49936054183727513,0.7805157473091976,0.4075746506074421,0.4825917607933157,0.48475650203280424,0.7676377790672282,0.6235915172476802,0.6108182458955089,0.6220653738280536,0.9847898261240341,0.8616462033271539,0.5936935515307955,0.5033151039167176,0.6568302181427432,0.524940162731827,0.5610466467459061,0.5892634290640236,0.7117585107007095,0.3881029781066533,0.7064747684069742,0.5445242582153316,0.6209468986291972,0.6098370917781166,0.5447237027981207,0.5365464735961513,1.5701000468728237,0.3356352188012992,0.5517270534310119,0.6992361106657274,0.30601824555861823,0.4761991854995068,0.7065858932728513,0.44899189404546325,0.5788162734255997,1.454543213085483,0.5440428399756841,0.3601590559408358,0.5533054920350537,0.5891432779126281,1.0928024745114584,0.7970976570341197,0.9495496427904243,0.52462202452276,0.7118440238157725,0.4967538606322051,0.45642383092822925,0.488333047970721,0.9422849321122279
Colombia,1.0648455375618406,1.3304168258817008,1.267231135706136,0.4909546521166175,0.5025654117956236,0.5688748545665273,1.345931121601738,0.44663197110620706,0.7836658179257213,1.3519330936078338,1.4229582875962752,0.7181562953763901,1.633262698275196,1.1676796842702728,0.2502291207847666,1.0,0.8158421900193911,0.633194408359849,0.5729484507932094,0.6005734092645243,0.48124440704544985,0.5005249341529739,0.5143599409626318,0.5327133757141124,0.485232250823855,0.6737552539532403,0.5273135417770114,0.5833144464458428,0.4704407485185585,0.6668247486191463,0.6072377852009877,0.5183121741554501,0.23418786409045614,0.5038429146856652,0.68435837234601,0.44632699860909336,0.5112456263393524,0.5193907480081277,0.753067207781691,0.7006685896815026,0.6122252978502487,0.6232323750460956,0.8375535729050414,0.8685392172559385,0.6014960843349653,0.5141481705560963,0.631947304952653,0.5011896893248255,0.5762108613255938,0.590522517921567,0.7242462446542909,0.383964549165036,0.7271006041927547,0.539854174832606,0.5894012009356898,0.5876009170289991,0.525791722583419,0.5267317962947254,1.5694974181694232,0.3195766011258653,0.6387844015260891,0.6762392680273177,0.3664153525340644,0.4955043406575554,0.7461594596194142,0.44787030377579234,0.5832904619462865,1.2706295194255377,0.5598179208196247,0.3959050055802913,0.566139807722143,0.5844601147684891,1.043697233294788,0.7351150908787325,0.8500345928480466,0.5339920454572367,0.6757005633490972,0.5127816151579875,0.48026140757983027,0.5503996380592112,0.927305171730798
Costa Rica,1.049143727482743,1.0809824891043052,1.2998174185197664,0.9619590126882678,0.9577966933747415,0.9310756532367956,0.9161233808310101,0.9271087167225763,1.1344165977194967,1.1215246455572105,1.724247085715297,0.7278887760670678,1.1221166206845905,1.1497762849577136,0.8661498290218529,0.8158421900193911,1.0,0.7778011371056922,0.9611736559271824,0.8352268760744729,2.7050897648398164,1.2498429503976796,1.599759388425875,1.2669348126617215,1.5136412838298303,1.1649701176409037,1.3453856058844358,1.2858631187693264,1.2051364797584294,1.2391507702937634,0.9801091801824088,1.238668584352968,2.8306290842256123,2.8450510731863945,0.9416724858096158,1.2844452768822971,1.0064269503655536,1.0836205280016336,0.9680647508220004,1.2930882530840073,0.9367026860759594,1.1220212706134098,0.7257615923676942,1.5039810673934164,1.2064095227373484,1.3135316620691404,1.4023336585435362,1.6489005477723506,1.7060851255253309,1.4287157465892326,1.0700273238146192,1.6746936672494743,1.4932518781959856,1.26009580024475,1.3255517318581307,0.9998379051838913,1.5885401038917029,1.4741829975386842,1.7896248590806823,2.476165035903928,1.4287026062532797,0.8622111443253526,1.5527256533420521,2.073805862737287,1.9319104116720303,1.1399301706366742,0.9457465775524615,1.0339097572050682,1.3735641552733768,1.5031221353902426,1.2053168675310464,1.6140513909483347,0.9363167766447993,1.4021810025962507,0.8376424018946663,0.990996277741741,0.9622787678202184,1.9829270210399408,1.821634209421706,0.9438020987201353,1.4976652708864868
Croatia,0.7695717030570792,0.8171552611295574,0.7579282127928781,0.6519290710338098,0.7092602817421758,0.7336072722040792,0.6780269389743434,0.6319071286304919,0.7617691002249714,0.7955213061747995,0.830137934452623,0.5389706026595534,0.8690881551989207,0.7627970083864579,0.6363944612557376,0.633194408359849,0.7778011371056922,1.0,1.2911328309056813,0.7799732861153836,3.447101141735739,1.9413477755005608,1.9104116587435216,2.050521804904169,2.4208228054353835,1.5538615091918984,2.0652449047831567,1.2088025166864993,1.5806830692585896,0.9522848237563172,0.9771662107709729,1.6968433164128125,4.290988399468936,3.3180153169164384,0.9828898876823914,1.2389381766902487,0.9171395385686684,1.164625629890558,1.1725325812973766,1.8634671984243036,0.8202193276492596,1.36457770379565,0.7699841323061323,2.806265171567142,2.1441368786643586,2.159411989138387,1.318234818835307,3.886693890571822,2.727758814447273,1.5827353766705379,1.0736248149671517,2.3053475068982867,2.27666695939804,1.7523765340797615,2.8597506922937255,1.6220345628554431,1.6482808127836293,2.0486066257085587,3.14585751202199,3.9864437205073484,2.2554109410467196,0.8881604898973977,2.0994044528150297,2.118514978137611,3.30112803894681,1.9111738877016644,0.8447415615411428,2.7991571761411156,2.4831983052455113,1.465403821781358,2.164915071980111,1.9117683458245163,1.5778765587196204,1.1843433526283718,0.863460356365473,1.1699375309825661,0.7814933757143157,2.6637091421411214,2.800225751730495,1.6043218854155479,2.1770066000918007
Czech Republic,0.8657302414677944,1.007826144620844,0.8391425437501121,0.6256415126370163,0.57980773000825,0.7815648221861997,0.749025504254182,0.6091967054798196,0.8632547925208022,0.9734100144242261,1.4850719172005096,0.6624201517221164,0.9422982708602634,0.9388059728314491,0.5308069843260756,0.5729484507932094,0.9611736559271824,1.2911328309056813,1.0,0.7342723179169733,1.0293459181157707,0.6486413859727291,0.7018362926337103,0.6826169133415937,0.6053150806545698,0.5791715910558188,1.0408172069288284,0.9350663491814479,0.9366041221742809,1.0631983546771606,0.8875313363988563,0.6545242716389754,0.9331782426643984,0.7710128306227292,1.087483840946373,0.5000976663243383,0.7261856240113935,0.46868550241908563,0.8636309659633665,0.8721236636084679,0.8279145918739919,0.7600333367523635,0.8782818449453685,1.6354125997406368,0.738065643784622,0.6898627510276115,1.574988552508547,0.8080194999229666,0.8031940753690552,0.945760266487706,0.8010580664210702,0.8469661590454062,0.8622712566630417,0.690284853215015,0.8374925483536173,0.6984978156956335,0.9696201459745301,0.7714016976597635,2.2556904977682066,0.93337740681526,0.8503892260332955,0.7466729639958475,0.730529028640761,0.649955512588121,0.8635027972381045,0.6870682340639334,0.7054333081224227,0.9348048474894702,0.7004430683211523,0.5905124523942739,0.6647690419070276,1.3997684456487398,1.0054989149048768,1.6365925678642488,1.373311353552974,0.6666059872737875,0.9099015838881126,0.750306557526393,0.6720870120990419,0.789249144198007,1.328914447947848
Denmark,0.5962470653695813,0.8931575158303868,0.704256135738459,0.6489579526300181,0.5785805372121531,0.6636599654828729,0.6001255952704413,0.6303661985177238,0.789756690923913,0.5893917227385824,0.6426235103265869,0.6231618866085556,0.7999770534554017,0.7039695644444125,0.5974305997824554,0.6005734092645243,0.8352268760744729,0.7799732861153836,0.7342723179169733,1.0,2.0825225362426534,1.1194052707053035,1.850438602475559,0.932311481525141,1.4075541309167654,1.9606460984532166,2.4644516019295923,0.7545963154866997,1.6524740050716766,1.3406379739972374,1.5169452349832162,0.7768231762404146,2.1128068012150956,1.5351514131966535,0.7458264237297436,1.4985015100117893,1.0462438149531026,1.4817754912616696,0.812563672197977,1.4275526514233694,1.2960056247860607,0.9146203175333306,0.8409560747762517,2.0079187492419495,1.1990931979823636,1.0358619081872003,1.5580328166600332,1.5176071309987174,2.1825712139509994,0.9565529534357159,0.8030327304075726,1.804799978456654,1.2747839620701265,0.8769343721027912,1.7950318827772491,1.0669296611895318,1.0337094904319994,0.9654033399621894,2.283231053814766,2.354603467563133,1.4592179395961853,0.592148768606661,1.4329080877205875,1.8720511202985846,2.0234560619208914,1.1951175112630075,0.5183855332929946,2.04843189343495,1.1190184270279173,1.5946297432416152,1.8169055256674445,3.423189915109605,1.1842248152330868,1.022933642100883,1.0940067901646395,0.5839571976648326,0.46059115904280873,2.0108686584840094,1.725195417118224,1.3762186547721287,2.2058001359209287
Ecuador,0.8849201786600986,1.1501763737142452,1.1537740791328261,0.596730924426543,0.5112854857618675,0.5092341336044217,1.6102830914469597,0.5768441357713223,0.9641392763822207,1.4230418016196886,1.2398893455175624,0.7234626264102936,1.823284803160696,1.2862183514486831,0.5234528028594168,0.48124440704544985,2.7050897648398164,3.447101141735739,1.0293459181157707,2.0825225362426534,1.0,0.5198314181247075,0.584275441213033,0.5299386384418888,0.5497884017336564,0.7957779585836736,0.5343787014807562,0.7105443294904821,0.4930652171678099,0.6616333301471163,0.6255635149855756,0.5194145099077705,0.8422491594081679,0.45062213778727095,0.8215342202325737,0.522615834282337,0.5492264408062588,0.5906205524941573,0.7718935057550644,0.951026470904502,0.6249331092050938,0.677806146494288,0.815783107503986,1.114615151250258,0.6709109249740162,0.5473046984106561,0.8261186059160521,0.6587594637010413,0.5738331513765205,0.7669538432319503,0.7291313477980428,0.5510270097507197,0.7729741591563705,0.5353257217388392,0.6436013473431785,0.6513623675748776,0.46660981293280773,0.47724180094707913,1.9842344853501401,0.5986118273858758,0.9262415969764489,0.6493330434973742,0.5996628126488458,0.5089771353284718,0.8876737904713158,0.6502891471133176,0.6127717904377953,1.2104797272907906,0.5513643767736572,0.4308868138195765,0.6012339321390003,0.7165916740582584,1.1147722852341146,1.1878679834345653,0.8447321964836613,0.5559647225818314,0.7230554009700197,0.4793005001141432,0.5552389632808566,0.6469018802267521,1.1538061929906054
"Egypt, Arab Rep.",0.36818066262888177,0.7584004922138734,0.548829057583254,0.5149480346952635,0.4284534789838515,0.5606012687626838,0.3431389859705723,0.5046089051111041,0.5847070396261449,0.3335597127025963,0.6453061430155742,0.6631122349885009,0.479958601814376,0.5797522503529486,0.4852408503385709,0.5005249341529739,1.2498429503976796,1.9413477755005608,0.6486413859727291,1.1194052707053035,0.5198314181247075,1.0,1.0094611278199164,0.47405224071167124,0.49620373787362826,1.086528270120865,0.7539435048218175,0.8527906469373332,0.8140691912180319,1.1145803940219878,1.1189913221937082,0.287726128897962,0.9841385905281368,0.8285921665555139,0.9529899934903148,0.8461294782185996,0.6689575564988414,0.9290823550204368,0.7600063591641025,0.9616370139959983,1.0670463831096038,0.5205029570731823,1.3421934706999494,2.1525946094443524,0.6259979983006083,0.23907973584363082,2.5193207543383678,0.6080355969029615,0.59308497539332,0.8632368899758077,0.6180402904819189,0.6770793721445587,0.7074961574998464,0.42436289101204294,0.9671728234335369,0.6122537069587125,1.0095893567408352,0.65903978667519,2.6795823878756457,1.1325615102544857,0.8553009006181288,0.6732763617798032,0.6199932028252948,0.7569916008102862,1.0711088645635556,0.6429241370705802,0.42140305600766165,3.4791929872750718,0.4505203201113118,0.8552735081881362,0.5841575485104935,1.0133885436648804,1.336437240550488,1.4694811297319914,2.204826496690768,0.31059521089302433,0.7118663788673548,1.144103357306626,0.86859644705494,0.6655769120621057,2.037968764369787
El Salvador,0.5738818869525848,1.0199538213932269,0.5874354741850817,0.5609683573856474,0.3870572157547842,0.6287992538933349,0.8593006499122742,0.5501120599898708,0.83324404039866,1.0341056073997426,1.180697013051682,0.7953276413948555,1.1056690466484989,0.9936760754620727,0.4839483152277721,0.5143599409626318,1.599759388425875,1.9104116587435216,0.7018362926337103,1.850438602475559,0.584275441213033,1.0094611278199164,1.0,0.5392610546561687,0.4383695293483235,0.7044726912023895,0.7806927671906935,0.757482610613018,0.7872860192211986,1.0534914757263922,0.7288257263688178,0.5038854763144407,0.9546452763416471,0.5963683195190194,0.9703993196686291,0.4954878318426087,0.6587009027665015,0.5630134586656429,0.8055041974678454,1.0445586440621255,0.7726521291481534,0.6216411731704691,1.431234312975004,1.1967807315890435,0.6170166407914186,0.5369265408550926,1.7400902012397486,0.7622283483193106,0.630168083770293,0.6773579542667622,0.6994394929886788,0.794944293921875,0.6945484086542592,0.5419434731580055,1.0917718624250525,0.7762576529399121,0.6717367386549746,0.5074789575903629,2.0075772817863395,0.9870514118083829,0.8270166328054495,0.7591090168726753,0.6651481125417902,0.39795330790874844,0.7238897840383035,0.7802260871038821,0.5995736885984543,2.0010602240314093,0.5573450601524138,0.5530866150681638,0.6015354804126117,1.0355544309543359,1.100805184632569,1.2148563764388334,1.404156581292276,0.523173470252878,0.7983315968754493,0.6314910248032618,0.40805834851707423,0.7621978828614548,1.5169128635053744
Estonia,0.3992278910869166,1.138413175197998,0.6023691130213629,0.633720033977725,0.4129701145431348,0.5103454065194283,0.4926509313789583,0.6398452719329188,0.8754924229488216,0.4231581977668388,0.5283510317542356,0.9020727627783519,0.6760045207354206,0.8723318544990947,0.5381386740070185,0.5327133757141124,1.2669348126617215,2.050521804904169,0.6826169133415937,0.932311481525141,0.5299386384418888,0.47405224071167124,0.5392610546561687,1.0,0.3759700972038819,1.2044588008556016,0.9106873108862054,0.46757204680305864,0.9729550137560239,1.358756529785627,1.120684718729584,0.2782296657748776,0.976156809269856,0.455163098912603,0.7410193849270481,0.9038125852580067,0.8211120603944373,0.9506756919059542,0.5800620553631108,1.045400819211537,1.282218822658449,0.488033451394794,1.1661862408474888,1.5921700770544474,0.4061502128419498,0.3956493670583037,1.6854734492802201,0.7007509048953791,0.5819939023639141,0.565435953133497,0.5208760709106469,0.8138137998463016,0.6847365007464707,0.21243609895139598,0.9812364594322931,0.733391387432066,0.4952786001491188,0.3680578230681431,2.1106437167503964,0.9821500408182652,0.9334082137625439,0.5543392821221624,0.7354879682986396,0.6151952743503833,0.9401088002451761,0.7502165026765243,0.3923021793052878,2.036084634156857,0.3706036981755083,0.8407668630914605,0.4683361930954811,1.1469807244573589,1.1675119732936923,1.082836244827023,2.0487296879835477,0.2795409302820245,0.5217697992573893,0.6944687181991276,0.6491945905607062,0.7629792578547403,1.598070596991216
Finland,0.3416003831645572,1.1062406945867926,0.5278311983791325,0.5843861273701346,0.32051097576005166,0.552609003352527,0.4406753976161916,0.5885011435387277,0.8553803199229741,0.37746581919530403,0.7035408974525675,0.8445542730568996,0.630417505671488,0.9105454905095267,0.4794839908768415,0.485232250823855,1.5136412838298303,2.4208228054353835,0.6053150806545698,1.4075541309167654,0.5497884017336564,0.49620373787362826,0.4383695293483235,0.3759700972038819,1.0,0.7298169988109635,0.8617021574273902,0.5136958866318888,0.9090654785579687,1.2881860253548818,0.9543889361488981,0.2986168337489305,0.8858687738711944,0.4218053592579309,0.7163435249713044,0.6497143579016665,0.7648609272415127,0.6620208836248459,0.6590563610865903,0.9651763448593909,1.0450723536198048,0.4104719500794677,1.220188109186555,1.3493342846635203,0.38062667468566375,0.361034433382653,1.5398279235120442,0.6658990307541328,0.5244399444175821,0.4401736834021277,0.5840183276017145,0.768014712870068,0.5302447796466908,0.27695390775204726,0.9732280761806407,0.692506811958304,0.497341277356523,0.37537696075893157,1.873567513146546,0.9122127826209931,0.8413027645277513,0.5994947633177794,0.681531402981016,0.3952451063263721,0.5937197485379406,0.7192798575302246,0.39221506467659195,1.8862141940279593,0.42744187049026533,0.6954415615634191,0.37760296395058973,1.0657770160102145,1.09167920814366,0.9517604764761125,2.003403203414145,0.31678286403065764,0.5935645699145575,0.5988613064102309,0.3659175878660902,0.7301187369564603,1.5506749616826683
