Country Name,Albania,Angola,Australia,Azerbaijan,Bangladesh,Belarus,Belgium,Bolivia,Brazil,Bulgaria,Cambodia,Cameroon,Canada,Chile,China,Colombia,Costa Rica,Croatia,Czech Republic,Denmark,Ecuador,"Egypt, Arab Rep.",El Salvador,Estonia,Finland,France,Georgia,Germany,Ghana,Guatemala,Honduras,Hungary,India,Indonesia,Israel,Italy,Jamaica,Japan,Jordan,Kazakhstan,Kenya,"Korea, Rep.",Kyrgyz Republic,Latvia,Lithuania,Malaysia,Mexico,Mongolia,Morocco,Nepal,Netherlands,New Zealand,Nigeria,North Macedonia,Norway,Oman,Pakistan,Panama,Paraguay,Peru,Philippines,Poland,Portugal,Romania,Russian Federation,Saudi Arabia,Senegal,Slovak Republic,South Africa,Spain,Sri Lanka,Sweden,Switzerland,Tanzania,Thailand,Tunisia,Turkey,Ukraine,United Kingdom,United States,Uruguay
Albania,1.0,0.04676874031725084,0.05530026487269808,0.07474200786114593,0.06727743389134444,0.061549660796461576,0.040190143635623864,0.07612066525709384,0.04660870145719959,0.08560565716484457,0.06662346079130865,0.05235407090432547,0.035085728817082044,0.043822368833697785,0.059851022068617844,0.06089365662583234,0.044871615724753795,0.05059450442204393,0.04178832997878608,0.05261321533620409,0.06908126278048814,0.03283066242553862,0.025050562359174605,0.06393201075677357,0.02220244758572629,0.04305665842356881,0.06562571444084785,0.06214267796227429,0.07283359701796081,0.041936257314831325,0.040337207778865285,0.07471087271244263,0.05685487743915327,0.07408865155199425,0.05368352972546174,0.03732512715956869,0.05538204173066939,0.03839068572249862,0.05409093719008932,0.05159089528429948,0.06684308018285298,0.05424623559719255,0.07669963078196716,0.06253323946041205,0.06728451019643072,0.035488245705353146,0.054852802848547065,0.05262637651733055,0.037672674970450355,0.08289327577381295,0.05218345369020894,0.04421759214167387,0.03338288855324258,0.09481252529869902,0.05101390715019653,0.05098427711812946,0.01937336136275103,0.08795053893675218,0.05829483293247855,0.062267242083103996,0.04963275672249144,0.05516985317790912,0.046627115376592615,0.08009223321072058,0.03134019949353189,0.05573322740896945,0.07321382429537782,0.043933282043725125,0.03408022841981574,0.036830834391771934,0.07034348475081774,0.048848366661802,0.04316080890874133,0.06660338832518671,0.05058631902505361,0.029655477932774812,0.055150013001119144,0.037483896669715334,0.026739649238743567,0.04624589414024879,0.05154385472202623
Angola,0.04676874031725084,1.0,0.04147637623498686,0.03158287989545422,0.03900668609754879,0.03098256768826397,0.03831986485548864,0.031064626984685418,0.023234377837562912,0.06340459433813307,0.05486841655545992,0.03039036028720342,0.03435607119711055,0.030371506373652983,0.03275676867871149,0.03064839869752573,0.03980696943738989,0.04882626571486109,0.04663895162628896,0.04749314612093431,0.03820407650818169,0.04027506991410211,0.0512457521111128,0.04601245482685305,0.04359739228299034,0.04150321918842696,0.09313890299333469,0.04063161961942086,0.10745552863333048,0.04881883094559218,0.040663842722785636,0.061997251753172805,0.029955880514345397,0.04835897683937186,0.041407616418649186,0.046959995542958835,0.08022764571945849,0.044244759504722515,0.06444697639363249,0.034055701949428814,0.06291041202043647,0.043239009416979224,0.07412533389732599,0.0444939177660629,0.0508451611731429,0.028784706117018544,0.03529857782114055,0.02964399248398151,0.03929797097866259,0.054397807036692614,0.043715144411350784,0.05774164454857446,0.044798362047314376,0.06887082147957098,0.03113970059979184,0.02172865848785293,0.05163791846380589,0.06010125706106308,0.04293605393412489,0.028866074672440605,0.03867760090603816,0.04708645061636123,0.06839321102756044,0.05390840387498404,0.040461041936703954,0.017274281638900883,0.06272786542403978,0.04171938388115502,0.037876140525829737,0.050751498807820455,0.051118529665396144,0.034119824794329186,0.03541615539414983,0.0433904579843672,0.038847668441525506,0.04205167357773147,0.0434351015852449,0.07734957521997246,0.04566960083747279,0.05378801241369667,0.03868842245769294
Australia,0.05530026487269808,0.04147637623498686,1.0,0.047934878777352224,0.013904279374611337,0.01743565888132907,0.018193829642877773,0.05182130703695057,0.02349129529505058,0.03655067900815982,0.025488442831408463,0.023893087547323475,0.02392708269490233,0.017197935195208357,0.01408563926807543,0.016755530745094314,0.017971981649102513,0.02368394247321425,0.021151383724432444,0.0155144271464146,0.018443206053447514,0.05673031219779419,0.038104766345356,0.014602115638888717,0.03988562823952657,0.016031632633719362,0.06698112677020765,0.016242975076147137,0.08142573552251722,0.030076149312492476,0.03354462969544175,0.029673255608913197,0.015369789427180659,0.01997867419746436,0.016970899625796385,0.023763944655168186,0.053277522854524695,0.022371753423096122,0.058419284511343005,0.013287476815424701,0.0740957517372035,0.010689937002618076,0.053930588387188214,0.01486904294931843,0.022061781653705047,0.026451488760868894,0.013338510052312725,0.05863241172595602,0.023736232588499957,0.03221135914190675,0.012407007813039495,0.023226044403791883,0.05532517757722468,0.049468594424721304,0.013356690257769015,0.03951576826927355,0.04323983133647498,0.03567342804154713,0.019180728866429377,0.01785225971157772,0.009286493900814355,0.018650074634654915,0.035583269956324416,0.025670596534152303,0.027403236581569,0.04162725618378056,0.035181401110469114,0.01539166375425474,0.025588923323588895,0.02555006728438101,0.02297748833507477,0.013653490295332547,0.016021500020309897,0.02346352744653164,0.013826241096939383,0.04823182261323189,0.015388084350855228,0.0641090333386089,0.030054683000382144,0.020530079272577616,0.026347152594732533
Azerbaijan,0.07474200786114593,0.03158287989545422,0.047934878777352224,1.0,0.038458134015656634,0.03903386064545471,0.05420808077148061,0.010975612380049843,0.0352026808459292,0.06261540594257248,0.056130722364299085,0.041033992708411626,0.05157080996788662,0.04324408404189433,0.03778791779005474,0.035735267417465535,0.05297193203703861,0.06425669416234592,0.06268736035208712,0.05891879172313968,0.03548809916259588,0.0600348440909971,0.0732097972833582,0.05151856160909713,0.0637435730207628,0.057022430068734455,0.10928876222953886,0.04965944944899682,0.12426605783619979,0.06561100226500047,0.061858787564539004,0.06348169308849654,0.03675008937217518,0.04493440020073333,0.05204669267600304,0.06404234139087217,0.09848087419007193,0.061939006269903375,0.07389278579664711,0.0408616520500416,0.0850852995894092,0.05576421737336783,0.07644665399983472,0.049588103149208515,0.05373568939067927,0.04614791941626968,0.04730874958513185,0.044702181828811395,0.054467717903433945,0.04591374493790651,0.05731956871549141,0.07104918294623426,0.0708399400406287,0.06309214466007794,0.0406515721376927,0.029215232049798846,0.07450575753302367,0.052323226990501764,0.048799585871970266,0.03271219546431641,0.04858908599428068,0.057390809623141754,0.08301434768404842,0.04932067057012196,0.05980833062263474,0.020899394275348895,0.06715821444594254,0.054348014892008974,0.05230492227337042,0.06847359322308866,0.051524076988018426,0.047191484175347236,0.04961589273918478,0.044368209851856744,0.05243853373909337,0.055650682007897564,0.054084555768440075,0.10002741867433552,0.06566313542860468,0.06561971867221383,0.04949579807484675
Bangladesh,0.06727743389134444,0.03900668609754879,0.013904279374611337,0.038458134015656634,1.0,0.01429665995118669,0.028213991067533833,0.042312520449709894,0.025170718606806815,0.029313560450024922,0.021781244296517472,0.0232888074697525,0.03417648023862299,0.025119087009371245,0.01067750048148174,0.011938141888870234,0.023762254209610017,0.029507492883135367,0.029275813825099882,0.022637531692960764,0.012808892777055218,0.06611291723046515,0.049976839492805195,0.014457652816333657,0.050151593448508704,0.025663573388389375,0.07623439194793578,0.01320629180462763,0.09129469735800515,0.034744852415384414,0.0404740451087472,0.030751115514609954,0.012996575296562231,0.016703849863048806,0.019213601658300127,0.03324547914430216,0.06274856011241454,0.03114687003041112,0.06627499176198609,0.017117268983613192,0.0753725665758751,0.01888118365616611,0.052744176113952795,0.016310390503269705,0.018381393542571636,0.0360558929265351,0.015027775079701993,0.058743230429957397,0.032857197018170886,0.023794729624821594,0.020768299765837755,0.033150689023638415,0.06628958628889826,0.04316009920167088,0.01834153110212782,0.03892786641832134,0.0556252002174766,0.02723696962704717,0.017091876235748055,0.012224360593735084,0.017765400418371158,0.021095650729651392,0.04557357050342233,0.017768670437717102,0.03819256436256677,0.036797039431610654,0.032815811422069685,0.02451372297356539,0.03357420553665857,0.03546956286597788,0.01856934859050472,0.02199241924369917,0.024738451048381203,0.019241164938656505,0.02070167208782512,0.05504845386808137,0.018388330377086752,0.0729056469530032,0.04169234509899354,0.02997118315927923,0.023503229856015228
Belarus,0.061549660796461576,0.03098256768826397,0.01743565888132907,0.03903386064545471,0.01429665995118669,1.0,0.02215679451092373,0.042851900722862976,0.02218835509318316,0.037441612752002154,0.02678117125837693,0.01564663257759495,0.02743674402399717,0.023139031058800396,0.01163415752086288,0.009974038466674943,0.02365397399189591,0.025325117120311352,0.02422943346922339,0.02161480761741446,0.013573415315655356,0.061239255179195144,0.043009543924499696,0.018392123296125988,0.043485723797413466,0.020090769967623587,0.07357987292346602,0.013341937570601186,0.08847271803593605,0.029086725703031675,0.033674711738750404,0.0348227348250408,0.012384367437779651,0.022061914764909516,0.015619082425922486,0.027421238345097312,0.05967129558538793,0.02496967170732805,0.07023066154804539,0.01663552047161539,0.06584600982795515,0.017959581142558703,0.05810847341631289,0.0188654486944384,0.024490906035638037,0.031348133611135545,0.013599322346225141,0.05019411879971397,0.02754885249189347,0.031106327602786272,0.01962292349112989,0.03248210134778579,0.060759607867801456,0.04545919383785462,0.014136433868976457,0.03342171982933786,0.050886580966834564,0.030766574517563223,0.019337920661308215,0.01096171742881096,0.018089367968851272,0.021715690917770446,0.04463707663775688,0.029765281824313067,0.03145952731774499,0.030242943108866497,0.03532906822791837,0.020338835916279087,0.032428841594277454,0.031003704932993117,0.024680114776772937,0.01588910449204268,0.02240156769658538,0.018727564079871212,0.017984130427161044,0.05399924705264872,0.016554992032194557,0.06892113927999051,0.03487797918512491,0.028802580023851387,0.025365875578690477
Belgium,0.040190143635623864,0.03831986485548864,0.018193829642877773,0.05420808077148061,0.028213991067533833,0.02215679451092373,1.0,0.0580106726468028,0.022665679585350283,0.05296612795401137,0.032645798576626556,0.017263984871333505,0.010093093535749774,0.011557623134452601,0.01980273323604986,0.021567440670612763,0.010301001569016675,0.018988730699200276,0.011542294800903352,0.019665415988962806,0.029281660195613814,0.04128955649272651,0.024667269819804116,0.029711202249997515,0.022014979621602752,0.00733479723106689,0.06129764105476557,0.023759180414713452,0.07468075550654167,0.018946731120633414,0.021609791955058556,0.041804361863703,0.01811629916934613,0.036855632436578474,0.01774401601973794,0.010333122103151014,0.04482915516440644,0.008110335545133397,0.054657987258050815,0.017422622437024735,0.061368607344909405,0.017823936737758245,0.055752685373654784,0.024329380329677613,0.03627792899143125,0.014500807143569284,0.016086135853591574,0.051390439404661356,0.008482449143288716,0.04419886736455195,0.017449587738209007,0.021225785547121706,0.04549561225831905,0.06487499442241623,0.014710619271403295,0.040976641353717376,0.030116343879351415,0.04933122588720986,0.021052435653461866,0.023677520854844952,0.011910277806680376,0.01952874331691167,0.03318228171381598,0.042389722748951524,0.01305489816480705,0.042074032083968274,0.0410317035153596,0.0121502739255578,0.016327505906917252,0.014269093286247661,0.03886137434100893,0.009323539882380974,0.014086601681770306,0.027416302982740014,0.012255606584610938,0.03393006681199455,0.01876602807513666,0.04967533008931418,0.01666714048907212,0.023032082794057853,0.020537952000246305
Bolivia,0.07612066525709384,0.031064626984685418,0.05182130703695057,0.010975612380049843,0.042312520449709894,0.042851900722862976,0.0580106726468028,1.0,0.03814503325667697,0.06744146725420604,0.06118211366076581,0.04575580892285657,0.05619495387597025,0.047053581648949454,0.04165373691206719,0.04036592782027759,0.055638518522129726,0.06749219149013477,0.066438430648605,0.06311911543801256,0.04012922235544601,0.05974188741572485,0.07688893095871822,0.05580505670128379,0.06682816926904087,0.06034678538560115,0.11380164837623342,0.05315524736896272,0.1300000168364878,0.06925717105036036,0.06538604392181901,0.06868690652533427,0.0408543456134829,0.04989290043474485,0.056701094832517646,0.0676327945169284,0.10147691674216006,0.06556625259426338,0.0754837786711011,0.04497511216108838,0.08266763890615499,0.05941790208297515,0.07741822210595277,0.0533895390812047,0.05870165299735497,0.04927965373718452,0.0503253565624631,0.04391481920654809,0.058272595150017065,0.04954421711703362,0.06018079317924331,0.07438359535810944,0.07321897964333114,0.06673405914259406,0.04529583648834473,0.03266148854494472,0.07703918842663668,0.05806951019010449,0.0516030570340632,0.035784337745388035,0.052835234997123774,0.06051142540823962,0.08604171200189963,0.054545606876733405,0.06331854605182063,0.024063976810125533,0.0712903633562101,0.058596860416888434,0.05604951066485921,0.07216244752712758,0.055880412302409053,0.050509470847949135,0.053956162721708195,0.048494313077254714,0.05512869989228753,0.059044116176138146,0.058118626720830964,0.1030207719281324,0.06933438175941325,0.07017387759847196,0.05328414282859134
Brazil,0.04660870145719959,0.023234377837562912,0.02349129529505058,0.0352026808459292,0.025170718606806815,0.02218835509318316,0.022665679585350283,0.03814503325667697,1.0,0.050325003154322916,0.0400430846102974,0.02094714889864351,0.019609506776053786,0.015517720963006784,0.017603798734513135,0.017742797455111346,0.02684806553281869,0.03582029250505667,0.03352002474803625,0.03324391619925437,0.027508145581643658,0.041781383585257924,0.04205043921278962,0.03348793788922214,0.0311353045962034,0.027524611211519383,0.07651089756868344,0.028731173806562135,0.09253332306795345,0.03245823025708173,0.034910172733327534,0.04968947130793988,0.01462960577051541,0.037809986390476426,0.0289768479250391,0.03236749999540267,0.06526454655881782,0.03064922343353612,0.05550062249053537,0.015525639126126738,0.06967471922484848,0.027351969343397273,0.06526031471110537,0.028018864644379034,0.03765658227050824,0.01521798153002622,0.023017463159253543,0.039649235876120285,0.021437602741833334,0.04630372797705858,0.030007182644185584,0.041173400091373206,0.05008738687344541,0.06489450595733648,0.017711058058256637,0.025333033563378075,0.03982083832658999,0.0490264170847965,0.026564422736198915,0.017279775395984402,0.021022303881224325,0.03510220437244167,0.05319295877919438,0.03913269285782674,0.02781282862170298,0.02195126512513,0.05188531515268954,0.02850506045974365,0.02182287478813606,0.03591325013836128,0.039438143977534645,0.018729363209371252,0.019533748892302277,0.032572823982077385,0.025319720477772607,0.033852341597359704,0.029937195967190456,0.06537264475033626,0.03265997816158046,0.03967964881411727,0.023859848742003347
Bulgaria,0.08560565716484457,0.06340459433813307,0.03655067900815982,0.06261540594257248,0.029313560450024922,0.037441612752002154,0.05296612795401137,0.06744146725420604,0.050325003154322916,1.0,0.02670245818921759,0.048742770277314024,0.05850213092973514,0.05152684589306886,0.03934345090752701,0.039043849032822625,0.04935109157017772,0.0407297415038904,0.05096769505396599,0.03686048289042879,0.037274743780947084,0.09204927918009577,0.0643532180055948,0.025029474169487843,0.07471625167129642,0.04850369161213943,0.06664163566341459,0.030879216746255985,0.08320398611265668,0.048579380937179666,0.060720866179031746,0.01988323724782844,0.04136907544986301,0.027826213075301965,0.03623696028418137,0.05272304331913463,0.060164432516085845,0.052623324100574985,0.07867144060252827,0.041752891092727035,0.0891210967491094,0.03515227499724729,0.05619151359661752,0.03706263437529308,0.021981291637215145,0.06193766263553505,0.0387918208673722,0.0834579426643726,0.0585081665212174,0.029482808334188128,0.03646496043714794,0.04184866977639645,0.08845817615733961,0.027253501224632066,0.04389610340919304,0.06336138433751982,0.07242002112989687,0.028862468079244884,0.03546023249388984,0.037994412217372216,0.042703428927905025,0.03623342521965769,0.046256536645861684,0.023301383442107755,0.06107268416411961,0.061091730570910927,0.025725543593774384,0.04773684719770199,0.06051719318483381,0.05312358476037948,0.020615109630596738,0.046442604441845024,0.04364507055753189,0.03729949136881404,0.04194454439675223,0.08323940358932096,0.03591066739332731,0.09089065307964932,0.06214473294271929,0.04147471361867246,0.046233518882053265
Cambodia,0.06662346079130865,0.05486841655545992,0.025488442831408463,0.056130722364299085,0.021781244296517472,0.02678117125837693,0.032645798576626556,0.06118211366076581,0.0400430846102974,0.02670245818921759,1.0,0.030758075860606186,0.03811984412653366,0.03682493170269143,0.028087315582291644,0.028817798160194346,0.031547113816368405,0.020150280076240864,0.02956414835061959,0.017912462110775604,0.02495989964423543,0.07375809277333588,0.04634049732052752,0.014086743261821185,0.05287989947725754,0.029252461240907583,0.06384806191051025,0.015469904047211505,0.08113683393532255,0.028309469040542674,0.03956986831990734,0.017051747618475523,0.03014122508410056,0.02235907892572781,0.01729262945389184,0.031323352293823326,0.048739800403332895,0.031497792960109544,0.0785112942169282,0.0312155029792683,0.06879083631444656,0.021367190047531955,0.04828628175610794,0.026975081919083967,0.017658784411537502,0.045338824287689566,0.025864499847223478,0.06962105796496104,0.03897019478927161,0.020413532914369772,0.02080765228473356,0.02839491998652999,0.06906462752525923,0.034834057620053475,0.028626370514123863,0.0525680499104955,0.05514800931918885,0.025419981012583838,0.024253278737085254,0.028599475882427793,0.028545942833777815,0.017164513867977606,0.03595944772426657,0.02675932256392613,0.04262971692731,0.054454313920414374,0.017068704576912976,0.028353676800876238,0.04485251132553985,0.032390506046377984,0.022699442747293855,0.02990176915771974,0.03208289908069698,0.019179310077985925,0.026446984654610647,0.0661879067283358,0.01676197313619319,0.07082622143657598,0.042673656428633876,0.024386075784880085,0.03628478394170232
Cameroon,0.05235407090432547,0.03039036028720342,0.023893087547323475,0.041033992708411626,0.0232888074697525,0.01564663257759495,0.017263984871333505,0.04575580892285657,0.02094714889864351,0.048742770277314024,0.030758075860606186,1.0,0.019810238530312545,0.017384842612051858,0.016062726567132816,0.014122433230689482,0.019399368897592643,0.02470160047033781,0.02365847158284346,0.023343305249177455,0.021345758413053566,0.04869000765074078,0.03567842824275752,0.027771611098218293,0.03559453643057495,0.019231552951778953,0.07027432550767988,0.020345752182113225,0.0846456771292661,0.024661482732230934,0.022548810693340297,0.04099738110720745,0.01433640671568702,0.03421066077784147,0.016595383905468757,0.023631838876897047,0.05772942485540356,0.021785444812725607,0.06735150286671354,0.022761064255141357,0.05451263308360898,0.020320036611182684,0.05674824095906123,0.021710465308984784,0.032546560724214704,0.020795027788518532,0.01723504838966628,0.04189944205826908,0.018744723211026944,0.03551314518712268,0.023079121060571924,0.032522642637909806,0.05411060548423839,0.05707278502858224,0.018202607617824097,0.03341405736905776,0.045661561101477975,0.03960105426746673,0.02258144326755879,0.01638527742201082,0.01863078525377607,0.023188481910343544,0.04477317334256585,0.039557772741437375,0.02653869348118851,0.03014900266299179,0.037404666834073806,0.02335558698103562,0.025446503000531067,0.027545268019385206,0.03551139946818039,0.01354849052567362,0.02204798236310001,0.019431898995883105,0.018441483688273412,0.044005331168414805,0.01955261835329354,0.06429571271477605,0.02966426218008364,0.03182372503919977,0.020946032873535667
Canada,0.035085728817082044,0.03435607119711055,0.02392708269490233,0.05157080996788662,0.03417648023862299,0.02743674402399717,0.010093093535749774,0.05619495387597025,0.019609506776053786,0.05850213092973514,0.03811984412653366,0.019810238530312545,1.0,0.013973576372755713,0.025099155222047476,0.02629721693363295,0.017623205356983408,0.02600860998905741,0.01583279010305739,0.02186966372636727,0.03442886879831073,0.040183171620874945,0.02547326783400286,0.0344320825436339,0.018999999250244478,0.013099298273897744,0.061826652093924184,0.02900557966967567,0.07493038665179691,0.025065048406075728,0.024517807602217324,0.046901783029130936,0.021953707533167752,0.0428879469895743,0.022997365418343664,0.015092908744849146,0.04839508950561147,0.014213167363493642,0.05677131086543101,0.020203118530968688,0.060055581118047825,0.023527972426761263,0.06352629785737234,0.030695761117527202,0.040222969769954736,0.013164661161287262,0.024268379870137056,0.04920272673285665,0.013614283831663543,0.05053626118070919,0.022693793535725613,0.025214656020228845,0.040111367029174935,0.06901940129621337,0.01639869555979544,0.034119822526033225,0.02808929553274272,0.05412343523555301,0.02758837275268573,0.027683443913637078,0.017849564496659722,0.0229037301098546,0.035138157486004344,0.04794219987731861,0.011979262146749214,0.038391150554299196,0.04615373049463245,0.013059626364328758,0.017450046256392848,0.019194116323655235,0.04399550916203304,0.015250595956003256,0.01634383866624149,0.033371095328367954,0.020443228612660416,0.03252017382108225,0.02274458966530532,0.04965798215498236,0.016034054784860734,0.024002371476574066,0.02674841975200433
Chile,0.043822368833697785,0.030371506373652983,0.017197935195208357,0.04324408404189433,0.025119087009371245,0.023139031058800396,0.011557623134452601,0.047053581648949454,0.015517720963006784,0.05152684589306886,0.03682493170269143,0.017384842612051858,0.013973576372755713,1.0,0.016647746435527307,0.01864047884241016,0.013500859637320691,0.02488631387551921,0.020861768187150253,0.02366606333715781,0.028067145224288118,0.04187009138956019,0.03388489600065148,0.0312437394722502,0.027749945599938194,0.015063816236704788,0.07068652182712,0.025002330044504927,0.08443751433377104,0.027676757570358923,0.02542823812827698,0.04359749316619605,0.013516152963579537,0.03393940708056735,0.020706004142893454,0.021521694038309967,0.05569725679006975,0.01907332413612848,0.053630332986129355,0.014486186245083793,0.06573341473753641,0.018998408877021138,0.05492827602230996,0.02307111445141041,0.03670853474231311,0.0118544561946837,0.014165864673808216,0.04588264148208275,0.014879152537016964,0.04346932005960871,0.020309493685580944,0.031537496506221376,0.045377391777579906,0.06552249425667227,0.013318376629342602,0.03455784544836288,0.035587997382913086,0.04999498383745634,0.022444557866324523,0.019120028484377955,0.010007337022807516,0.02446706224370727,0.043363369104043835,0.03907556260332359,0.01904285308013244,0.033528000377262425,0.04618416624597336,0.01834363822265848,0.013645278255857004,0.025526983362306643,0.03761972950923973,0.009640901427851782,0.011238490949257867,0.02970858047007977,0.014461490354883689,0.032019550482766265,0.021894274514189342,0.05741341751215018,0.0256188827544128,0.030046538859735145,0.020209394693272483
China,0.059851022068617844,0.03275676867871149,0.01408563926807543,0.03778791779005474,0.01067750048148174,0.01163415752086288,0.01980273323604986,0.04165373691206719,0.017603798734513135,0.03934345090752701,0.028087315582291644,0.016062726567132816,0.025099155222047476,0.016647746435527307,1.0,0.005928253543917964,0.018851368414462253,0.026589189599703775,0.02531430041257333,0.02256498721419796,0.015550115658411376,0.056385286586955276,0.04376203257608636,0.02274582082000031,0.0412891885879456,0.019657395886039295,0.07362282101045277,0.016060673500051068,0.0899274567192757,0.03044095827722867,0.033784437053479145,0.03855457768309846,0.0038488973320931837,0.025752717478525533,0.018253352637178578,0.027923880669900415,0.060970233642638365,0.025653786871937295,0.061263953015545915,0.011345406808867333,0.06877169405014585,0.017980531951615718,0.054499998377565397,0.014952130881493341,0.025597014287984863,0.026486573416985012,0.011497841791979447,0.049914574345415345,0.023416996629339583,0.03002135276243996,0.020604853692338165,0.03343199867807905,0.05944255541643247,0.05311267403343628,0.0122588238272995,0.034734097901846055,0.04920332276207081,0.0363432342256817,0.01701823047100165,0.00933037495353111,0.011806774199716184,0.023645067435686107,0.045567008753054666,0.02728542432040856,0.02979585499068968,0.0318088448051056,0.03791879601800224,0.01908277969403082,0.025961055874505538,0.03186211721956595,0.02802113596407851,0.013174492344358748,0.017912657068203768,0.016636790161293786,0.016948118147320713,0.04512766232116729,0.01855525041734645,0.06819035808447393,0.03465708953164257,0.029712012774558032,0.018413836611996925
Colombia,0.06089365662583234,0.03064839869752573,0.016755530745094314,0.035735267417465535,0.011938141888870234,0.009974038466674943,0.021567440670612763,0.04036592782027759,0.017742797455111346,0.039043849032822625,0.028817798160194346,0.014122433230689482,0.02629721693363295,0.01864047884241016,0.005928253543917964,1.0,0.020355762469399036,0.028945746582465296,0.027273424154887753,0.024459724499830814,0.01404805356715587,0.05765654069686019,0.04476211872998234,0.02279873130088734,0.04248391687105532,0.022921478939131445,0.07498053863226334,0.017014962782985928,0.09003928945740115,0.03053361103487248,0.03394038518094224,0.03899775200528712,0.005859746233415128,0.026089582097831385,0.017707596032012735,0.029889246704558104,0.06309159482388817,0.0268598107011499,0.06650351943369298,0.013410022404555738,0.06744045214586307,0.020329203387317144,0.057681545760459405,0.017499943211959038,0.02618874199288851,0.02767760880506559,0.013466406356118397,0.04781087432954546,0.024599605818123035,0.029463549073263637,0.02292092877796043,0.03584900920106344,0.060397628633972654,0.0503970788150937,0.012239075147010302,0.03383820434530155,0.05092865598246753,0.03446044308114289,0.017992167785525166,0.009662678258751228,0.014901184217825568,0.025413928961017275,0.0480734547406658,0.028235932800690297,0.03148073340367334,0.028761959601137747,0.037958164612284205,0.02142910317633078,0.027655144877460635,0.0333451453606415,0.028400828109127092,0.01601407390479282,0.019518065248148062,0.015174846121445096,0.01957900192450597,0.047965877170282535,0.019932709526287538,0.06863684230214215,0.03635887365943218,0.03154406217048866,0.018878309999760975
Costa Rica,0.044871615724753795,0.03980696943738989,0.017971981649102513,0.05297193203703861,0.023762254209610017,0.02365397399189591,0.010301001569016675,0.055638518522129726,0.02684806553281869,0.04935109157017772,0.031547113816368405,0.019399368897592643,0.017623205356983408,0.013500859637320691,0.018851368414462253,0.020355762469399036,1.0,0.018923299708743617,0.013023627095860668,0.019732597205335545,0.02563822600956166,0.04513856664912869,0.029333669327479637,0.028198153405205484,0.026861176219220947,0.01075320055216522,0.06680514627263673,0.02212939313338462,0.07913569010069943,0.023927100553110953,0.023084111647375213,0.04016283567757474,0.018576026764117737,0.03245096521481762,0.01799409203206053,0.015143965346257978,0.04696731969916516,0.011876546542535634,0.05566238467775442,0.019952326846083435,0.06194433668921217,0.01818575642839737,0.04902729769625266,0.022140724460074222,0.034152825694722055,0.01847343810612998,0.012543346130640752,0.055113899157886434,0.013770907415400633,0.03989744130539399,0.01730396304301725,0.023025610072762864,0.04730493452317028,0.06283116714485143,0.017085880868949327,0.04403425303981162,0.03537174090873073,0.04700135510605872,0.020102176325125287,0.02138986638672026,0.013877117212458918,0.0184611853527418,0.03455291756587685,0.03788156793322515,0.018014410866326463,0.04426935677885109,0.04003888852599663,0.01469147729402319,0.01953948907664124,0.018535077877983388,0.03605369874646677,0.01135953051021061,0.018275859010237417,0.025174949697719346,0.010791742926972315,0.034892275649644554,0.018393365365604843,0.0526145391801185,0.02172019843216466,0.02299925214944942,0.020299153751828714
Croatia,0.05059450442204393,0.04882626571486109,0.02368394247321425,0.06425669416234592,0.029507492883135367,0.025325117120311352,0.018988730699200276,0.06749219149013477,0.03582029250505667,0.0407297415038904,0.020150280076240864,0.02470160047033781,0.02600860998905741,0.02488631387551921,0.026589189599703775,0.028945746582465296,0.018923299708743617,1.0,0.015003033104188433,0.011442256429334281,0.03255893355590368,0.05574546138179515,0.029860436216265385,0.021267245236397028,0.03404476256945908,0.015938449775730792,0.05771887453830225,0.017405368645064947,0.06985857989849738,0.014784987716337347,0.021110783752429245,0.029376016123163175,0.027831442040119392,0.03217182510056836,0.013909548003529516,0.01547438258938601,0.03469848601721063,0.013595685657025151,0.06512239898116017,0.0281207693979073,0.0544042372217949,0.014699866357713526,0.045926763330653306,0.02460327331161888,0.0282950015508359,0.030309159776508086,0.017652388692087934,0.0623813773247215,0.022209118526565767,0.03416342383013397,0.01499448626474901,0.021290690820717738,0.05525464720072152,0.05176378027976808,0.02552716390103252,0.05017248723596434,0.03851705101821949,0.03896497661343942,0.02364896015752702,0.03194682067327473,0.020105719311356986,0.012483760042862627,0.028818998980297487,0.04070124143394436,0.026451096847427823,0.05288606234350993,0.026909981146133483,0.021487886780422,0.02816689220560688,0.017251888041328524,0.0328784322156105,0.01861338545564157,0.02454441537234878,0.020838030510085145,0.01593595865688451,0.050069303440905,0.012265182800677043,0.053181144284783474,0.02558731754051992,0.021912734253651107,0.023215292250324777
Czech Republic,0.04178832997878608,0.04663895162628896,0.021151383724432444,0.06268736035208712,0.029275813825099882,0.02422943346922339,0.011542294800903352,0.066438430648605,0.03352002474803625,0.05096769505396599,0.02956414835061959,0.02365847158284346,0.01583279010305739,0.020861768187150253,0.02531430041257333,0.027273424154887753,0.013023627095860668,0.015003033104188433,1.0,0.015002255918436342,0.03083988884107737,0.0501092636122934,0.023511742610823994,0.0268837706739545,0.025538539846447054,0.0069413443219470015,0.05611373299110183,0.021790543328224356,0.0678212360133183,0.018286059964669827,0.023241771159099728,0.03938969497096804,0.026245860925124157,0.0354571589290103,0.017602072052425723,0.006674946069483893,0.03904906169069747,0.00639223999889494,0.06047189824643773,0.02372456864444696,0.06003728178926129,0.016485392124681853,0.056014070068480894,0.023371605017966916,0.03306869697413889,0.024936388647962427,0.017581637073657116,0.06199921607590446,0.018066433269109578,0.04301902995122652,0.014908689693205478,0.015219723964752399,0.04548939045904276,0.06172775201254185,0.022170037055394387,0.04694475548595001,0.03146182310617608,0.047576386430316024,0.021495054123985183,0.03090843753147801,0.016512491946762818,0.015304019104435967,0.023800992646602466,0.04327122246776507,0.016148195913677665,0.051698527794388334,0.036698193369808306,0.010656063329488466,0.025493830585165828,0.009541843840737167,0.036547378423333866,0.015974909488523273,0.021497655317987613,0.027251799570588542,0.014070104178382682,0.040933744194302,0.015595263156611703,0.04670183493649785,0.01718698137979946,0.014398864137941223,0.025852651100057668
Denmark,0.05261321533620409,0.04749314612093431,0.0155144271464146,0.05891879172313968,0.022637531692960764,0.02161480761741446,0.019665415988962806,0.06311911543801256,0.03324391619925437,0.03686048289042879,0.017912462110775604,0.023343305249177455,0.02186966372636727,0.02366606333715781,0.02256498721419796,0.024459724499830814,0.019732597205335545,0.011442256429334281,0.015002255918436342,1.0,0.026567114506910114,0.06048564259795037,0.03322513040322445,0.01377050677523682,0.0393493392801907,0.01449511031919072,0.05664831008505595,0.011728542127158592,0.06975965382813841,0.0198380923550533,0.026325672718437488,0.02523837136550777,0.024677021630172654,0.024149223930178026,0.008860174490396434,0.01698791419425137,0.04109659164686229,0.017227587450714843,0.06742895696026821,0.022685416551375643,0.06233486318512807,0.00987165487642504,0.051963612000812565,0.01969552430563723,0.02005956817065429,0.031810492009055426,0.01707170106532751,0.06346064664612268,0.02655725578671479,0.031227986494636543,0.009322771587406551,0.017069249621624,0.05446750988440134,0.04718534638208735,0.020095407288685085,0.04456399598617239,0.04153489872158768,0.03572974317430698,0.018988902332550097,0.027569482268495326,0.01494508731011018,0.007586857457994766,0.02644010105305115,0.0335080062977941,0.02572428801527894,0.05038769744121739,0.025334873407467047,0.013108771368034974,0.03182720766630016,0.01870741224215001,0.024847289828667424,0.01668609280820763,0.0212557597134431,0.019085291878987838,0.014110248479028616,0.053448492899057454,0.006048760400102547,0.05726761677298649,0.02645471903109577,0.012405016850463822,0.02760415370734985
Ecuador,0.06908126278048814,0.03820407650818169,0.018443206053447514,0.03548809916259588,0.012808892777055218,0.013573415315655356,0.029281660195613814,0.04012922235544601,0.027508145581643658,0.037274743780947084,0.02495989964423543,0.021345758413053566,0.03442886879831073,0.028067145224288118,0.015550115658411376,0.01404805356715587,0.02563822600956166,0.03255893355590368,0.03083988884107737,0.026567114506910114,1.0,0.06503361097058324,0.05081815362500997,0.018936725980932472,0.0506103508514637,0.026584477249121257,0.0808681498161582,0.017228832112195273,0.09475170948707341,0.03803659544581897,0.039818740487009806,0.030810093728256306,0.01796929788042671,0.016105556889218546,0.022227281526518483,0.03365773380931538,0.06555576706652512,0.031569999081361155,0.07011630073807479,0.02263650354321525,0.07078630255492661,0.02287949545268494,0.052919595500129084,0.022583414019923382,0.025832222871081365,0.03527583502881392,0.016808501462711345,0.058285426731230106,0.033845837292832456,0.025160194123127356,0.023472581511552147,0.03697830412421001,0.0683142830767153,0.04134212822549331,0.018366858851603787,0.03987553786506605,0.05810420832736737,0.024844174466582904,0.021479513024273235,0.013238553060774443,0.0226566002056075,0.023435971309076556,0.048960488572595454,0.02443392000246758,0.038882981362375654,0.03756100892497429,0.03643091991903962,0.026326812781511354,0.03733650497057145,0.03729559479291345,0.02511000112147914,0.02177678383090275,0.028175548341559106,0.020814711055112057,0.02079491237910342,0.05618823658023325,0.022576534321516663,0.07604023554258704,0.04237360434863435,0.03287637854478998,0.03048750280883402
"Egypt, Arab Rep.",0.03283066242553862,0.04027506991410211,0.05673031219779419,0.0600348440909971,0.06611291723046515,0.061239255179195144,0.04128955649272651,0.05974188741572485,0.041781383585257924,0.09204927918009577,0.07375809277333588,0.04869000765074078,0.040183171620874945,0.04187009138956019,0.056385286586955276,0.05765654069686019,0.04513856664912869,0.05574546138179515,0.0501092636122934,0.06048564259795037,0.06503361097058324,1.0,0.04222609255073749,0.06980853347492909,0.03263618084746826,0.04689563802787479,0.09058770897126801,0.06363449007463458,0.09798627402315835,0.04992233985746768,0.038165534084791695,0.0817912801283753,0.0537115694228977,0.07567370037069032,0.057736701311215215,0.046415633461174256,0.0695617638399204,0.04499675030805224,0.04942931209367985,0.05094107151799014,0.056577527121330115,0.05705690542870208,0.07227248604799556,0.0617306615127087,0.0757399703631485,0.03076594077804653,0.05425319651308576,0.03731290090449139,0.03485484558924161,0.0821585413848062,0.057561176809091646,0.057935072484435426,0.03336321198594536,0.10448612365406851,0.04898291475293625,0.03783693986491966,0.04304603332306209,0.08788254619437642,0.058620028619845256,0.05806352092920453,0.05050937764818825,0.06019073490648363,0.0701728364774077,0.07957397881834699,0.042701573434139044,0.04285423469237173,0.08195495918511224,0.051135020501092546,0.03596468769539231,0.04791895732556761,0.07798815709452395,0.04578100743002059,0.04915896931960212,0.06556297118509682,0.05045040370508746,0.024417351726241637,0.059431116842258075,0.06061324583952571,0.04142953180384917,0.06329540330038533,0.04963582500143861
El Salvador,0.025050562359174605,0.0512457521111128,0.038104766345356,0.0732097972833582,0.049976839492805195,0.043009543924499696,0.024667269819804116,0.07688893095871822,0.04205043921278962,0.0643532180055948,0.04634049732052752,0.03567842824275752,0.02547326783400286,0.03388489600065148,0.04376203257608636,0.04476211872998234,0.029333669327479637,0.029860436216265385,0.023511742610823994,0.03322513040322445,0.05081815362500997,0.04222609255073749,1.0,0.04298082933409683,0.01772842494848866,0.02502098426665188,0.05782111423798396,0.04241168636536443,0.0642163082783194,0.025297074405679496,0.02332946243778561,0.05322743320411174,0.04220526055221313,0.052954968600646524,0.034112674783992054,0.018843597542909433,0.03926254619694181,0.019942307233982593,0.05926584593678371,0.0389458253177799,0.05619441398612942,0.03394406459197751,0.05835341941099998,0.04259456150028462,0.04633827654051725,0.028501057400801146,0.03536747858267744,0.06376140202831138,0.02341646080451084,0.06192028186779667,0.03172842878174654,0.024963435972217923,0.04077485365846006,0.07420878068661022,0.03793164009579497,0.05532002859926179,0.021991499406801847,0.06827724081255297,0.04020555706063398,0.04730296523302734,0.03306620195851585,0.03582556353357417,0.030882192415073503,0.061926963939844204,0.021219067640485645,0.056896670903401086,0.051392179512630226,0.029800659406273692,0.02612428852605663,0.01892664013773482,0.049608849414437994,0.0322171324337405,0.028597119612879245,0.04620794262701393,0.031070562880602347,0.0352885642645542,0.03523672716583388,0.0389121124497848,0.014646696679203016,0.028486137143091006,0.03391285715683822
