Country Name,Albania,Angola,Australia,Azerbaijan,Bangladesh,Belarus,Belgium,Bolivia,Brazil,Bulgaria,Cambodia,Cameroon,Canada,Chile,China,Colombia,Costa Rica,Croatia,Czech Republic,Denmark,Ecuador,"Egypt, Arab Rep.",El Salvador,Estonia,Finland,France,Georgia,Germany,Ghana,Guatemala,Honduras,Hungary,India,Indonesia,Israel,Italy,Jamaica,Japan,Jordan,Kazakhstan,Kenya,"Korea, Rep.",Kyrgyz Republic,Latvia,Lithuania,Malaysia,Mexico,Mongolia,Morocco,Nepal,Netherlands,New Zealand,Nigeria,North Macedonia,Norway,Oman,Pakistan,Panama,Paraguay,Peru,Philippines,Poland,Portugal,Romania,Russian Federation,Saudi Arabia,Senegal,Slovak Republic,South Africa,Spain,Sri Lanka,Sweden,Switzerland,Tanzania,Thailand,Tunisia,Turkey,Ukraine,United Kingdom,United States,Uruguay
Albania,1.0,0.8582555724787542,0.7998054684897917,1.1855679083291166,0.9590472733532907,0.8938460452577394,0.604200774702472,1.2286549952078512,0.7132638523647018,1.2527690670178355,1.0835685895267795,0.8006951476173505,0.5457198340337394,0.6331470643431192,0.8668314772674605,0.886452091321831,0.6759705333044437,0.8313226504385598,0.6628618434397148,0.8195917540744668,0.999952680612247,0.5877133189176097,0.46813102350523533,0.9417008196855717,0.4058704609009522,0.6531735440269134,1.175103697434126,0.9206991816987944,1.2396869068563607,0.7371578174868039,0.6615225471099706,1.134668091420543,0.8279728930983651,1.051863127874716,0.8104447694831882,0.6160076771394825,0.9757881349957964,0.6132308737829341,0.9810556334130945,0.7869560340335869,1.0610942632694853,0.790975352602066,1.3385349048872721,0.9369965209182616,1.0438122222870299,0.5437188646078114,0.7922430741094514,0.9161655824572796,0.6023997329271736,1.2630807776359785,0.7885863133932931,0.7397964673065777,0.7011931591600498,1.4289690555676937,0.7436478791505321,0.8381171904846997,0.3412787092158603,1.3073325161846872,0.9268007859544387,0.8927043273069458,0.7155580830251367,0.853315126626536,0.8109775652901443,1.1517649229907125,0.5184376371876703,0.9093300002395294,1.1960653503904848,0.6842109647362689,0.5603832253726065,0.6104240626669777,1.016083510198501,0.7178356614872039,0.6223811955587241,1.0533668142496913,0.7518762446230133,0.5283313425901167,0.8477177661111981,0.6332782971709566,0.4696746733044961,0.7445373870462964,0.8283369485657635
Angola,0.8582555724787542,1.0,0.7209204836987376,0.6674134786502373,0.715113331014672,0.6189055807264152,0.6727913234429566,0.6656952225376344,0.49254091611461365,1.161145582757464,0.9804814802517758,0.5807972132103081,0.613481233610624,0.5757444378919835,0.6385541238688915,0.6007413442824568,0.7315085715803376,0.8687226571300448,0.7926892148053237,0.8076265439018611,0.6509674167033602,0.7107606088220344,0.906536190152055,0.8177201884569472,0.7846349558865452,0.7277897902524488,1.5592643655947682,0.7605837416455987,1.7379874317366604,0.7980715537158339,0.737823947812453,1.0539164405698827,0.5911800865926312,0.8578393073619157,0.7367200465051357,0.7916670925967098,1.309096384364042,0.7481311739403139,1.1358155472584588,0.6611414301115143,1.1076607831694378,0.755029139189981,1.3407693727202958,0.8308068534700823,0.8912369383407418,0.5405959707888642,0.6732580360040202,0.6446750756815118,0.7310667193166417,0.9707588490703621,0.7742894117586602,0.9502000482903591,0.8618101515949951,1.158646097892311,0.5964383378418491,0.46942555890776205,0.9063654959619615,1.0428340773266263,0.7961304213977388,0.5812605740435729,0.6818242958795332,0.8105349949467306,1.0820463959500648,0.9526218042367789,0.6955282885610938,0.4461856566432511,1.1400865895760963,0.7012815383870918,0.6636193636309003,0.8331609461649024,0.8911453334143061,0.6373402305497275,0.6454854021811822,0.8340976516651292,0.6972603852356256,0.7497005957506349,0.7707770279270766,1.1905977178534013,0.7716630153739261,0.8548973149518068,0.7332970899044212
Australia,0.7998054684897917,0.7209204836987376,1.0,0.7579113690436794,0.24345105791233312,0.3066010739589338,0.2870850951335924,0.8356092696598433,0.39305092889712984,0.6107279619128811,0.4616031155969535,0.3918484604488233,0.3681940735560234,0.3053254276637682,0.2610555400451139,0.30502811585081613,0.32708478017966935,0.4188528597067063,0.3441813154956949,0.2934306465292877,0.35604599237916157,0.8795620837678387,0.6013164274693064,0.2606188033198429,0.588127467459504,0.25897378858047976,1.2247176789967587,0.2849211900743055,1.349115944000459,0.45434066603416473,0.5876854255103148,0.48305250210073003,0.27287122279251413,0.35453149084414765,0.27087270336556224,0.35321654970090655,0.9146995383443701,0.3533890361095268,0.955741421664613,0.2513007079958133,1.1872868466863953,0.19465333224909878,0.9964170438238373,0.28860170222257914,0.4064488343540051,0.4258014950840338,0.23294102782116446,0.9887574812131937,0.39287317383700493,0.5744967785067936,0.238990423959708,0.3528102490435708,1.0611383963164098,0.7999698408925022,0.23727470386159938,0.6757766296776729,0.6540166390723362,0.5835276963280317,0.3924831751936612,0.3153739431910843,0.1752424969242838,0.3094848315176549,0.5700712471871071,0.40714007795864243,0.48179417845199757,0.6625834745881855,0.6200905340247999,0.2984550484384039,0.4114480952509562,0.3838814225870411,0.3793826616814517,0.25764715574352237,0.2875025663579035,0.450422979494343,0.2536311739547836,0.736988604364001,0.26629644419918186,1.0333270472104157,0.46413221741800187,0.37572596809804776,0.466837058867841
Azerbaijan,1.1855679083291166,0.6674134786502373,0.7579113690436794,1.0,0.6295961873188939,0.6211871758440904,0.838939886660703,0.22806239544510706,0.5834985721006373,1.0618774366690151,0.8993195359772693,0.6779411639095879,0.829555378944729,0.7146798577523951,0.5836676668980145,0.5636968112128415,0.8587804230255655,0.9603923049849904,0.9584836611431801,0.8793815816120982,0.6428379173279395,0.940388036400355,1.1250585903125003,0.8140467074216924,1.0511554327459467,0.871351814550231,1.7150036295046551,0.7622395168986856,1.9155177814873598,1.0049082448738098,0.9593553551066916,1.0166254574879978,0.5715632006149999,0.7614258943980571,0.8051902531135369,0.9680741919117544,1.5037586735355635,0.9439305717560954,1.258617463849119,0.6353253230222776,1.3694021100728984,0.8466506876171901,1.3196467223986892,0.7789240595003731,0.8138755248085731,0.7761850037419522,0.7372115037537355,0.7215783441460458,0.8310910118644376,0.8114372174843686,0.8764900175483975,1.0655862923785016,1.2639766485703945,1.0973368246772102,0.6544236799595866,0.5560660544790509,1.1885405308854797,0.8976483445761443,0.7741268630138571,0.5315838153375513,0.7532617770221324,0.8887101157482926,1.2502288628679965,0.8121230044593731,0.9742967037813257,0.3849024258985972,1.0631860038247543,0.8607555629105439,0.8504297888887028,1.0262181660662215,0.8541444976335408,0.7200824701423277,0.8244003904943537,0.738322715168565,0.811133994703264,0.9841174933495136,0.81828941426799,1.5336439799277002,1.010794086796289,1.0201807479717206,0.8014471040190118
Bangladesh,0.9590472733532907,0.715113331014672,0.24345105791233312,0.6295961873188939,1.0,0.26456516357985477,0.4292802541913033,0.6876992851034885,0.41137659136183524,0.5827559780846915,0.4447748309949471,0.3761892607398537,0.5161017976227604,0.3779248350824596,0.17820111353181078,0.19777785992835278,0.42572941593143127,0.48858044503142034,0.5049046723434093,0.37699636439642265,0.28862881797042655,0.9646373491670205,0.7612979961407685,0.2929027896098068,0.7579001646037408,0.4260052932941005,1.3270256146764599,0.2637060434495161,1.4914439546699283,0.5445432521590913,0.658257326758214,0.4853223312750638,0.2135251665111173,0.30243426365345905,0.3205103628127396,0.5193100615542203,1.0197956756508004,0.5057714896840245,1.0560144851583453,0.2978249522965004,1.2235730325837377,0.3051888470798296,0.994571812397637,0.3030354072318962,0.3782535389804276,0.5323490712873514,0.2847108815693319,0.9639192151701544,0.4905714163353337,0.4518049220172884,0.3710643066801807,0.5295498051269562,1.192681694905821,0.7262722944501533,0.31957520971309455,0.7002217448710529,0.8336726604817791,0.48688665439590906,0.3529398943055303,0.211769486112696,0.2891200521913574,0.3932986865614299,0.7471551007328735,0.328920951738693,0.646533315512146,0.6151433329946462,0.5884409795301935,0.44435038125406995,0.5275134138458017,0.555896632993578,0.3677305567423502,0.33373802550794557,0.4051254284164812,0.36409910283337676,0.35916606607588625,0.8602885467429863,0.33097722279022984,1.1719583360214827,0.645638334703191,0.5330866521912818,0.43581701375562276
Belarus,0.8938460452577394,0.6189055807264152,0.3066010739589338,0.6211871758440904,0.26456516357985477,1.0,0.40853541355490347,0.6854648809090511,0.39437441633924414,0.6710793261300632,0.4861351688180192,0.2957557647133828,0.44475549634544526,0.3926155608654074,0.23466684967238077,0.1997579230988091,0.43779120109118197,0.433547470499465,0.46668500646419947,0.34642671783148427,0.2748081285307095,0.896661088028535,0.7042689010721976,0.28751433383278624,0.7103070414414625,0.3853744159856039,1.2888296624567046,0.22835667738654114,1.4773147818992478,0.5124025966204876,0.556588183182353,0.541399210513166,0.23301026861775903,0.3639969880578265,0.2885405065007352,0.48346791822900315,0.9974328220502401,0.4552974532307699,1.1213045487159603,0.337240588324215,1.094423256324849,0.3049223471303556,1.0128094194811108,0.40467163327334305,0.42915031901167217,0.4858491038439595,0.23911337467942304,0.8688525436731976,0.47406205654152134,0.5191241952801998,0.33008419165179825,0.5602511431816636,1.102627844025427,0.7289944962575909,0.2631247756304879,0.6031836637512957,0.8284320271906942,0.541824117051882,0.4405490392815838,0.20377838417019767,0.3370292691451128,0.35848529613615127,0.719463694092728,0.49994366673654617,0.5395067040686299,0.5343385743219424,0.612368167405349,0.40808396718226536,0.536981186642707,0.533604964918012,0.4439190605922129,0.28892368233610394,0.40726329720627436,0.3924772998810151,0.31345361200978106,0.8626797922382765,0.2911650898484724,1.1196718473353833,0.5807330613817666,0.4971568830040017,0.46204531654710945
Belgium,0.604200774702472,0.6727913234429566,0.2870850951335924,0.838939886660703,0.4292802541913033,0.40853541355490347,1.0,0.8922149639350906,0.3760716838908395,0.8176426627518266,0.5685740659968277,0.3330901824566746,0.18252685125249543,0.20702205743932134,0.34772140834024207,0.38944326255408684,0.19061065972325303,0.3483350638633956,0.18487808108387224,0.3020303694757741,0.4763258730411618,0.6867543043928362,0.4148129184586208,0.4311565441017005,0.354081979927464,0.12819198779534421,1.179418233449108,0.37149282658174604,1.277449391902948,0.34521534710443935,0.38233468858243097,0.6413818673902046,0.3332563982240359,0.5461169229866696,0.29064492554699767,0.18051073030726927,0.8222075547391666,0.145330683472535,0.9300356564243231,0.3424843891897223,0.9692714853730503,0.2607863658618663,0.9908888445551194,0.43203910667544415,0.5632598967872777,0.24589140655078745,0.2667239513770761,0.9006919402468351,0.18640677064555208,0.7164890177764843,0.2812418742249246,0.3451776236062995,0.9292163653429222,0.9662455409695407,0.25446928369135213,0.6560417887920044,0.5005403827144723,0.7562614128818326,0.4398427466121026,0.39779779828589584,0.19999048717442686,0.32275128891177995,0.5414321733725808,0.6388083048451076,0.3003780694861261,0.6693663839022798,0.7015179104419316,0.21426156323592332,0.2644599034669292,0.22606242385380798,0.5757258458882897,0.16391294504892134,0.26821727008519397,0.5238652705798607,0.21839853244508622,0.5952924072680444,0.30628777717512085,0.8145215181134395,0.2646828259146953,0.36618144833986904,0.4296585886894765
Bolivia,1.2286549952078512,0.6656952225376344,0.8356092696598433,0.22806239544510706,0.6876992851034885,0.6854648809090511,0.8922149639350906,1.0,0.6212561507656336,1.1536466775337888,0.9724086811607165,0.702127895856805,0.8875434848465891,0.7637816193227157,0.6430263328891651,0.6190145847838667,0.8990875341590501,1.015575532288643,1.0208214375662292,0.9482277199631539,0.6990504531216272,0.952897168540784,1.1907086395197055,0.8960061630445565,1.0951499351384089,0.9340348146751709,1.7847187434665446,0.821536167081339,1.99241862541245,1.0336308957525302,0.9872276815070442,1.0984509809993968,0.6286991513286742,0.8526096513278196,0.8736835514377812,1.0247250507510206,1.5435044142681638,0.9986188857300944,1.2943877261865862,0.7193635306200107,1.3430976111404478,0.9113448980555078,1.3408446855221692,0.8533374055027523,0.9109421041116096,0.8121580453770623,0.7943560361355679,0.6937614547053681,0.8793081094145871,0.8894944023859549,0.940938396306215,1.1346801144415835,1.2965233898625697,1.166556302002523,0.7371561732883363,0.6005718282110899,1.2388217994627782,0.9489578350989379,0.8145158430102537,0.5819067056304448,0.8260355978287147,0.9566723319417432,1.3195673322879269,0.8891664342041946,1.0310176809693365,0.4150270109071259,1.139043448322733,0.9312748297749897,0.8975893107981505,1.0843780728797838,0.9419926483387013,0.7747836174675149,0.8880237946195425,0.7883484383944133,0.8638459234305467,1.0201572859028012,0.8908235248215284,1.5488164396721116,1.0728793652974742,1.0955097638422793,0.8226731481031714
Brazil,0.7132638523647018,0.49254091611461365,0.39305092889712984,0.5834985721006373,0.41137659136183524,0.39437441633924414,0.3760716838908395,0.6212561507656336,1.0,0.898551585453133,0.7375878829555563,0.37495275966704644,0.35997491250461566,0.26885943208080554,0.30157038335492586,0.31498716889087486,0.46197640384004834,0.6191041149400406,0.5362029085641078,0.534866615983607,0.5082642688300664,0.6345436843484518,0.7093482287896591,0.5671608255307967,0.5817708635420625,0.44439936912169054,1.3610574229282286,0.5043614245311517,1.5212370444836942,0.5741331778449329,0.6045651031152559,0.8147503795689036,0.2606523235545408,0.6275027054949837,0.4867614050587839,0.5225032722033743,1.1158367939945912,0.499533693973451,0.8973137263407469,0.2984377565107026,1.1447319208492364,0.4618293358011325,1.1755504819203668,0.5192745287772051,0.632546434766513,0.30328258109307943,0.414457077718026,0.6952115104890138,0.38077981227379487,0.766287568057443,0.5192863614541278,0.6312820916372708,0.9887375474355647,1.0575429960505056,0.3268664887826505,0.43824351776557846,0.65480212747446,0.8400353257235637,0.49341148884447295,0.3385691473319006,0.34113408442384346,0.5780850776929548,0.8365026473644874,0.6559054506918085,0.536077932311856,0.36947020118602636,0.8890543873603463,0.45623950474935865,0.37341778840138995,0.5621937801274438,0.6464762084903207,0.335194372108331,0.3927955108450629,0.5876275735853772,0.44851820584248353,0.5944276741688928,0.5116157478577235,1.0265841740992758,0.5427012843207095,0.6333680207472557,0.45806667541060103
Bulgaria,1.2527690670178355,1.161145582757464,0.6107279619128811,1.0618774366690151,0.5827559780846915,0.6710793261300632,0.8176426627518266,1.1536466775337888,0.898551585453133,1.0,0.5352952518665501,0.8185942750587631,0.9021357700419379,0.8518029181917826,0.6893708545305939,0.694837072284134,0.8208988341203478,0.6922363575920956,0.794674021909998,0.6031424409324556,0.7035615060880315,1.4069492739084364,0.9633086737625864,0.47838482052883186,1.0983147784961513,0.7560401713440497,1.1490162744384638,0.5833907636354887,1.3684772818063626,0.7806295531323808,0.9963895839276415,0.3733919997156831,0.7261244146341683,0.4879598199570491,0.6366627797511517,0.7867128285888922,0.9850014483646895,0.8104597027201146,1.2891102138854555,0.7062521234949986,1.5065431847530963,0.5855744956889716,1.0348607149322875,0.6140142948949421,0.4491591069944497,0.9857768125523356,0.6763049871162697,1.4041435741119095,0.8786266374204883,0.5311265267211375,0.6191480331596466,0.6585856599531591,1.5253286624096736,0.5185823496136233,0.7674422924655692,1.1528936214042498,1.0801977978676496,0.5842583837797206,0.6606711371310718,0.7372008996503393,0.6798208324308501,0.6538372743405875,0.756911369385259,0.4782292176549157,0.9613531095163549,1.0689412165847871,0.4830360419636622,0.7823544330827049,0.9059809214622808,0.7829799652316939,0.44907029139226406,0.7705321359598913,0.7498209427146897,0.6259750912246723,0.7116076778107973,1.2771903620233416,0.6021638436284028,1.3790555428818103,0.9154428471307442,0.6885735807831301,0.7722638916558703
Cambodia,1.0835685895267795,0.9804814802517758,0.4616031155969535,0.8993195359772693,0.4447748309949471,0.4861351688180192,0.5685740659968277,0.9724086811607165,0.7375878829555563,0.5352952518665501,1.0,0.5321763146669929,0.6647929946117771,0.6367814688460228,0.4983494266275286,0.517306337541816,0.5566397168576498,0.3890154880076207,0.5297406816462786,0.350920694788323,0.4979452659702449,1.155231410101358,0.7508375384561544,0.3034801705010028,0.8617607586072137,0.5161037406208873,1.158586464658474,0.3180290084340731,1.2970501735476128,0.5364207339345517,0.7046497435661976,0.31668065858650307,0.5216017093115776,0.41894895306191543,0.3609714465469486,0.5342642260376314,0.7993976432238662,0.5571211309865328,1.3055745824560263,0.5435698772235381,1.1544306441302523,0.4222125836993536,0.8917521949323244,0.4971537118661938,0.3213554373670283,0.763298342707631,0.4593597847895181,1.1569433689928006,0.630503635681249,0.39258079142003255,0.3901355439103189,0.509244973281624,1.3309381315876798,0.5585359160325242,0.5361191575309557,0.9467514191168541,0.9603382841980476,0.4357995699319094,0.4679073317276167,0.5063945656466831,0.5090743090881541,0.3712769549873172,0.6148660310340509,0.526336069503648,0.7384716340735743,0.9144813753267914,0.32514726400273686,0.5389011297880153,0.7217326075599133,0.5615523396475461,0.4331131606671733,0.5005131182350087,0.5965316623473627,0.3544011120097072,0.46493141320629344,1.100605623533112,0.3191179586303161,1.2156062995168602,0.7055986453883857,0.4833394470901087,0.6333100282736892
Cameroon,0.8006951476173505,0.5807972132103081,0.3918484604488233,0.6779411639095879,0.3761892607398537,0.2957557647133828,0.3330901824566746,0.702127895856805,0.37495275966704644,0.8185942750587631,0.5321763146669929,1.0,0.3742189810174586,0.3287248638444339,0.26916547914905875,0.24272087336221482,0.3663584284891955,0.3971622648216606,0.42982527840084117,0.3730149574270188,0.378488570595248,0.7687113227224659,0.6257136611670562,0.4314850805801118,0.6148569666999829,0.3741151947620977,1.30043583206185,0.32819285607777376,1.4051020322998184,0.39981345758536646,0.42225501366151535,0.6597014022201722,0.24382330273562064,0.5440808356157182,0.2874144290005963,0.41947125143220865,0.9107750701967582,0.391594551376561,1.0905262833523492,0.39767040484102195,0.921634874685387,0.3525864656827197,0.9873346162204899,0.45069131814990215,0.5328755279730605,0.38736916085391143,0.28683720377255284,0.7453500847910347,0.37140326662605616,0.5979559409940194,0.3905821775232549,0.5670196664039213,1.0296779992283316,0.8558458770828812,0.3136615329654159,0.6144639086124024,0.7529877869764182,0.6956776736514321,0.4614564389694977,0.28899818014165957,0.33013902703484727,0.40093588836336436,0.7425953921438939,0.6510093096468589,0.5240652426631635,0.5500038202281505,0.6772380393472268,0.42815573430014386,0.4430508533388647,0.4698621740928758,0.5929437841934933,0.25629448704980307,0.3925328327565717,0.36506606051748053,0.3221956470564286,0.7756313387086728,0.33680203073903403,1.0163721020980463,0.5279975199501054,0.5253601560126128,0.38428210004740715
Canada,0.5457198340337394,0.613481233610624,0.3681940735560234,0.829555378944729,0.5161017976227604,0.44475549634544526,0.18252685125249543,0.8875434848465891,0.35997491250461566,0.9021357700419379,0.6647929946117771,0.3742189810174586,1.0,0.27752065911126933,0.4316222170616599,0.44896918907075234,0.3194243085820989,0.4637403497275517,0.2626386786539723,0.3785354992820604,0.5164991384253989,0.6261675101441775,0.45598510972967443,0.5019901888499831,0.33931300455624047,0.22634832101174518,1.1880535405035635,0.46006764495061475,1.2942378306991291,0.4518980976634891,0.4434719333837538,0.7289676066864437,0.40501117043715396,0.6254185960798717,0.38113483143829696,0.26565877315329184,0.9076975492602769,0.24525913549832104,0.9540779188104895,0.4009931320563746,0.9628920445756427,0.36948950196166586,1.1184836561779468,0.5534476988118165,0.6174091051427324,0.22922697001811476,0.3742898385485058,0.8459975559048878,0.2786100268277753,0.814197755916767,0.3778440234999755,0.44198109153960996,0.8379431840962902,1.031121813511434,0.26247783609713354,0.5433122027590122,0.49289724561705944,0.8372854205676888,0.539239921861457,0.4499976963056867,0.3119536528565118,0.41015198015303905,0.5781357144077062,0.7147650379366705,0.25260889145516213,0.6130662931016578,0.808205151704339,0.22416294634011136,0.34269694459853595,0.3197533583531405,0.6478878729089113,0.2561549624137646,0.33389351424115865,0.6179562496563674,0.3288772284930123,0.567188638195851,0.39328718579101496,0.8350207348311541,0.27630723365905446,0.39168366595013976,0.5386447039077438
Chile,0.6331470643431192,0.5757444378919835,0.3053254276637682,0.7146798577523951,0.3779248350824596,0.3926155608654074,0.20702205743932134,0.7637816193227157,0.26885943208080554,0.8518029181917826,0.6367814688460228,0.3287248638444339,0.27752065911126933,1.0,0.28650189722725766,0.3254393367255087,0.2396688528869202,0.47758951864491944,0.3683497774426556,0.41849533799843375,0.4544297383293884,0.6554878572370473,0.5250769813457349,0.4830602708104914,0.4504318834684326,0.2868230013721398,1.297853152739598,0.418109834596188,1.405255870957605,0.46427160181824156,0.4587786833343243,0.7047039767117398,0.2559171461490794,0.5400247545656076,0.34601497502763295,0.3676148969435083,0.9534234374487969,0.32729072556177435,0.9029315425953364,0.28821370264511653,1.0654421054393792,0.34261019458378816,1.0488144027412525,0.44031851749100104,0.5916610208280396,0.21599574722959844,0.2833145499620822,0.8015872309952081,0.2625906769488209,0.7329699264794637,0.3884084467660605,0.4834605336127955,0.9193316867335845,0.9939271799056842,0.24176835072155184,0.5906491506400502,0.550896584138065,0.7867508715016074,0.4467687693033173,0.3155994994848151,0.19753827183343176,0.4308659062538638,0.709621503430019,0.6165363257202635,0.4101687056411992,0.5678484575451036,0.7886384953858239,0.325039475939134,0.25587221311726727,0.4072423872495896,0.5765411504756417,0.2149759472627576,0.23194360791546886,0.5591598293389892,0.3051713131185178,0.5386164457416399,0.4025075880433289,0.912670376402931,0.40515641837512373,0.4910779033190871,0.4046298091477749
China,0.8668314772674605,0.6385541238688915,0.2610555400451139,0.5836676668980145,0.17820111353181078,0.23466684967238077,0.34772140834024207,0.6430263328891651,0.30157038335492586,0.6893708545305939,0.4983494266275286,0.26916547914905875,0.4316222170616599,0.28650189722725766,1.0,0.11173618725006801,0.3753132951336795,0.44550801614877983,0.4640459971870964,0.3743920274062425,0.33337531405625753,0.8244071727895174,0.6900864139683771,0.36147659021405937,0.6640576552331557,0.3743215374339593,1.3267245824417564,0.27862632025946077,1.4747765858729827,0.4820562950384633,0.5570969192853598,0.5871151587230773,0.06954291661166657,0.40336136026380537,0.30401015401509507,0.4637487818763781,1.00003306374195,0.44172877104371483,0.9900996169473376,0.22765392076690666,1.1264790110608665,0.29790924678159797,0.9807413688796758,0.3054426896950453,0.44315535589189115,0.41894509430352916,0.2311128291282071,0.8429846125283244,0.37352721793381766,0.5020438065555203,0.3682597328210064,0.5315788107002544,1.1262089103282023,0.827502427154727,0.2641733338345952,0.6248586921683931,0.7653722237109886,0.6041158186793214,0.35013062218327157,0.17858896556985568,0.22754695958948296,0.4033690609176199,0.7589815532423002,0.4654487052776538,0.5766057805138713,0.5215622543554164,0.6351080964634698,0.4216050124582091,0.4197176809863102,0.5045457166076582,0.47293018995672853,0.23641389710568037,0.3664516187765422,0.34241100744525577,0.31188348396215887,0.7625152969191693,0.32236928113413466,1.090642141741302,0.5671151314134705,0.5493007676849196,0.35159348347974934
Colombia,0.886452091321831,0.6007413442824568,0.30502811585081613,0.5636968112128415,0.19777785992835278,0.1997579230988091,0.38944326255408684,0.6190145847838667,0.31498716889087486,0.694837072284134,0.517306337541816,0.24272087336221482,0.44896918907075234,0.3254393367255087,0.11173618725006801,1.0,0.4230277025874931,0.4683461914404534,0.4964087185935114,0.3885826861904541,0.31369126979941236,0.8498591262181431,0.7221955319275897,0.3653056626511912,0.7065895772321855,0.4131355761449718,1.341092371098398,0.28891136371471265,1.4863542582720888,0.49634328288188034,0.5547126122537364,0.5997842538744886,0.1081143356419518,0.4224053053862788,0.3064724283991239,0.49868359793025996,1.0247790905075942,0.4737404292791739,1.0463064035573366,0.2750366292085019,1.1143018951007602,0.3293674021079346,1.0179426817043333,0.34066452224444477,0.44939136341152475,0.4418780560916561,0.2708258467467587,0.8112214676456034,0.418816199323593,0.504190905409171,0.40087542400038295,0.5779110291191912,1.1244352703504221,0.8007148637811043,0.2827168367780749,0.6037636920910007,0.8012212995501155,0.6016918127566647,0.3773100355156035,0.17067018723188523,0.28008653284969376,0.4156782612042327,0.7885580354692778,0.4843723503965684,0.602326947620517,0.4974126643386539,0.6475070459408097,0.4472140279104382,0.45898178353597774,0.5394205478662341,0.48873143737915103,0.27958024416129795,0.38893463815577883,0.3418738750367181,0.34746405021822424,0.8092255934585698,0.3360352795327768,1.1155705550035069,0.6014305724569384,0.5636780307026913,0.3495958242340759
Costa Rica,0.6759705333044437,0.7315085715803376,0.32708478017966935,0.8587804230255655,0.42572941593143127,0.43779120109118197,0.19061065972325303,0.8990875341590501,0.46197640384004834,0.8208988341203478,0.5566397168576498,0.3663584284891955,0.3194243085820989,0.2396688528869202,0.3753132951336795,0.4230277025874931,1.0,0.3580254986693761,0.24833639862670792,0.3452374220576899,0.44718846087456365,0.7450130541299972,0.439665418503925,0.438783613299202,0.41710379012071586,0.20047863482688982,1.2457967573396198,0.37097659328153804,1.3249196357957114,0.4193434239119594,0.412767164830024,0.605514580392403,0.37413636118344457,0.4971414231656392,0.29936045423134733,0.2673739798480645,0.8195576254963667,0.22026563363008436,0.9720731658246011,0.41467769817795447,0.9810055320093369,0.2916434846498036,0.9116268315367986,0.4389418065279963,0.5946114774415443,0.32741283474202126,0.2496110124105825,0.9524944942861989,0.28204233782858057,0.7218137244630811,0.2962213798148167,0.3779895097958832,0.9589259981351442,0.9412094174284725,0.2964260902765894,0.7357799903086581,0.5803791264711174,0.7173085577118881,0.46727284421091636,0.3917277882973215,0.2509699235721044,0.31805031070579004,0.5812378121994283,0.618276538709716,0.3624228322739103,0.7350273453895059,0.6946945310803364,0.29022546559882817,0.35141352025752465,0.3183566518193627,0.5799000541012544,0.22440784004476005,0.2988972634404437,0.548261268969363,0.22198282298923747,0.6255289853943143,0.3416144124988968,0.874432905195795,0.36783987084610864,0.4102361331266484,0.4468181034018551
Croatia,0.8313226504385598,0.8687226571300448,0.4188528597067063,0.9603923049849904,0.48858044503142034,0.433547470499465,0.3483350638633956,1.015575532288643,0.6191041149400406,0.6922363575920956,0.3890154880076207,0.3971622648216606,0.4637403497275517,0.47758951864491944,0.44550801614877983,0.4683461914404534,0.3580254986693761,1.0,0.2933972409443922,0.22217708099591246,0.5209298961785646,0.9358242089392251,0.4920519188378192,0.3648873079801621,0.597813974369591,0.30296510581450636,1.0883758227978009,0.2849465145199886,1.1824139013892934,0.28642565490710753,0.40048662316990596,0.47649371219536774,0.45541989602501526,0.5127586476331926,0.24525247366052327,0.2893130531624366,0.6377254603361315,0.278285659881516,1.1414778586262728,0.49576196300694353,0.9215732140424547,0.274277451547762,0.8377927856163917,0.469392392185966,0.4897268269610589,0.5482435604186651,0.3228194289336302,1.0560990563741999,0.3877799130472976,0.5673782105212699,0.25879179168117067,0.3567951372742981,1.1555163227279557,0.7777012041019561,0.44459246209379033,0.8879290288349484,0.7217359082484333,0.6328281193542904,0.4422039980198667,0.4900243132829838,0.37647809440654206,0.2525850178371962,0.48558446432812025,0.6418177163056249,0.4905989185807895,0.8607503930962788,0.4465961644335161,0.3925370529035326,0.5071319993621285,0.30527390910553537,0.5596352422843788,0.3321261003473697,0.45405169231970577,0.4152441884487831,0.2878000574111407,0.9057563334403157,0.22710195874265304,0.8876113237099161,0.4456130116000032,0.3758138653790507,0.45378997287481326
Czech Republic,0.6628618434397148,0.7926892148053237,0.3441813154956949,0.9584836611431801,0.5049046723434093,0.46668500646419947,0.18487808108387224,1.0208214375662292,0.5362029085641078,0.794674021909998,0.5297406816462786,0.42982527840084117,0.2626386786539723,0.3683497774426556,0.4640459971870964,0.4964087185935114,0.24833639862670792,0.2933972409443922,1.0,0.25050097042303976,0.5069926380475035,0.8054636905871604,0.39291997213842506,0.4076021414710789,0.3913930359834668,0.1286966724000921,1.1076048017362083,0.3741164868432117,1.1904447979924806,0.366462851274155,0.40797143750649134,0.5705120464098443,0.46258471105447535,0.543861333374691,0.29510623458002877,0.13074328298360183,0.7406911231500711,0.10879472004942911,1.0256923735811128,0.4609164797513131,0.947690868337878,0.2728729395958682,0.9667185358702394,0.4863252993507218,0.5596656990537936,0.3940622828480896,0.33054436588117014,1.0382317076843806,0.3097574603439811,0.7259146166939279,0.2506668824744166,0.2732925366592798,0.9687376055757045,0.9212673300118,0.3312612647288453,0.7620919097650785,0.5485300814140215,0.7168759281055148,0.5006407614920628,0.49448209423057754,0.3122896721105093,0.24462657332285306,0.40424074833236096,0.6532468650636363,0.28653618685374777,0.8065343477246697,0.6352190185212035,0.18402253896479825,0.4131209609821089,0.17969885876152777,0.5797398146665563,0.27124233686620347,0.36784086755487305,0.5639008714249947,0.24942490897607872,0.7122311915488035,0.2818756058358976,0.8014254096384649,0.2698077675768816,0.26087197236907106,0.535726675301609
Denmark,0.8195917540744668,0.8076265439018611,0.2934306465292877,0.8793815816120982,0.37699636439642265,0.34642671783148427,0.3020303694757741,0.9482277199631539,0.534866615983607,0.6031424409324556,0.350920694788323,0.3730149574270188,0.3785354992820604,0.41849533799843375,0.3743920274062425,0.3885826861904541,0.3452374220576899,0.22217708099591246,0.25050097042303976,1.0,0.42001716673534045,0.9422259531614231,0.528983501796293,0.223580827681915,0.6025048254607233,0.2375310407481531,1.0667046637810427,0.1949326958212664,1.216124245652833,0.35822028540543527,0.4965277882571968,0.39292504527132605,0.38665945844287575,0.40592108114599434,0.16019360646232872,0.26268430471573007,0.7454726763950835,0.27197646524777463,1.1129999067071485,0.39862752363836385,1.0236319961252038,0.17504305803555772,0.9538134870548163,0.4350091030846949,0.34592360224215546,0.5107718210141257,0.28026018399732566,1.0422942815783163,0.3907661661801128,0.5447239880189397,0.18178091275594407,0.3013750854487893,1.120690357688934,0.7211751620297684,0.32710068722062513,0.7803382275066592,0.6939087736606484,0.5678177148431075,0.3855898608941108,0.4037505277891637,0.2905906271548013,0.17095009743137005,0.44437640969907655,0.515355618691709,0.4524957694231701,0.7748432428217726,0.4502365747823556,0.26308216098414916,0.49850632093185615,0.3001274363775533,0.42990978554494885,0.27360011184529837,0.3793818736224306,0.40909171024743374,0.24992010430416317,0.8769369743369695,0.11419088110146454,0.9582438739382632,0.43109955499616076,0.2491700970574545,0.4806208014290889
Ecuador,0.999952680612247,0.6509674167033602,0.35604599237916157,0.6428379173279395,0.28862881797042655,0.2748081285307095,0.4763258730411618,0.6990504531216272,0.5082642688300664,0.7035615060880315,0.4979452659702449,0.378488570595248,0.5164991384253989,0.4544297383293884,0.33337531405625753,0.31369126979941236,0.44718846087456365,0.5209298961785646,0.5069926380475035,0.42001716673534045,1.0,0.963858087599213,0.7827570485728313,0.33322040995283125,0.7606032829573052,0.44492698116692997,1.4217544818495085,0.30861879068434434,1.56202334639118,0.6237149528467025,0.6405212526593167,0.5192247696642189,0.35225652078813496,0.3051368734837727,0.36085860304710055,0.5525307523494227,1.0741134010346507,0.5167196945284879,1.143740793007907,0.45522393390954846,1.1278315848746547,0.3820503200562812,0.9940921406718429,0.4343623265883414,0.4825096123325878,0.5408259460583575,0.31531504815793676,0.9866017129173222,0.577075649264521,0.5240068073316018,0.3899525294297794,0.6145526305578769,1.0987940585010214,0.6940163490203192,0.3074440056760353,0.6592416252761778,0.9207564539840591,0.4562179575880849,0.5075304619825916,0.2545485217153142,0.4045052737900669,0.3610860328042768,0.7655381732378496,0.4482476602228362,0.6026298620917045,0.6281643577420672,0.6530015299751633,0.44389431725190986,0.6173050176682567,0.6091284668453574,0.4860406827026816,0.3681633595230041,0.4842092201948758,0.4522516791866126,0.3557219114366878,0.8811254725807491,0.36904928779496815,1.2309761546769613,0.664263955194552,0.5420450220923908,0.5683795319168669
"Egypt, Arab Rep.",0.5877133189176097,0.7107606088220344,0.8795620837678387,0.940388036400355,0.9646373491670205,0.896661088028535,0.6867543043928362,0.952897168540784,0.6345436843484518,1.4069492739084364,1.155231410101358,0.7687113227224659,0.6261675101441775,0.6554878572370473,0.8244071727895174,0.8498591262181431,0.7450130541299972,0.9358242089392251,0.8054636905871604,0.9422259531614231,0.963858087599213,1.0,0.7624576366575142,1.049667388627019,0.5237141384925595,0.7622496944266629,1.5612530262466984,0.9657729675977546,1.6162281641382648,0.8769078879158051,0.7147542766334191,1.270678318936653,0.7896268304709809,1.1015343195682465,0.9099986376698231,0.7786135947542365,1.291544187563975,0.7532177800565037,0.9332132563856108,0.7805464271761094,0.9829346571907195,0.9091617901209623,1.3343774451623576,0.9589364329196344,1.138180794558983,0.508010507188769,0.8274219494821553,0.6923057161887916,0.6206060764231831,1.2454732159553692,0.913550394227931,0.9668662586534978,0.7870125952258714,1.5425699481333501,0.7471720787202719,0.6420135377031038,0.726445255607123,1.3205701955982148,0.9269633781616484,0.8391585502943509,0.7856605983082842,0.9541305501891953,1.096854805478561,1.189069325207366,0.6713531478166085,0.6968707371903962,1.3063399884921254,0.7971582929153506,0.5976030887965997,0.8134970153219722,1.1747303368926147,0.7196723995759443,0.7954021554990933,1.0211673538835822,0.807335350207408,0.42937347113738594,0.9236982831900316,0.942550554569872,0.6793751981341449,0.985457157164473,0.8240496683182753
El Salvador,0.46813102350523533,0.906536190152055,0.6013164274693064,1.1250585903125003,0.7612979961407685,0.7042689010721976,0.4148129184586208,1.1907086395197055,0.7093482287896591,0.9633086737625864,0.7508375384561544,0.6257136611670562,0.45598510972967443,0.5250769813457349,0.6900864139683771,0.7221955319275897,0.439665418503925,0.4920519188378192,0.39291997213842506,0.528983501796293,0.7827570485728313,0.7624576366575142,1.0,0.664391107486449,0.3580023939446205,0.4071855363800345,1.0325232622256482,0.6462833908687413,1.1088257963255976,0.498937677844846,0.43089181973447566,0.8041282660631962,0.6741099057075406,0.7722412561435443,0.5384851849212599,0.3390123463374338,0.6677676726548112,0.34741562249620783,1.0520086183822526,0.6385172019842623,0.9142301158687044,0.5338535221759386,0.9890888548150113,0.7055727476126957,0.7898082667504436,0.5117341838420387,0.5374207197280926,1.0404898965599336,0.4423193497401947,0.9731168892778704,0.4970528450690282,0.46595792042733797,0.8627019158184518,1.11648793333144,0.5769771482909606,0.909684979056046,0.4704901611881427,1.0206483870391143,0.7062488541465837,0.7214544726877617,0.5173000023618236,0.5500682339834638,0.5256031743284378,0.9305290410257556,0.3779047419064693,0.9361673118574981,0.8356966123366378,0.4907711496724382,0.4697597980069819,0.33730946288396935,0.7835739432995588,0.5116515848030448,0.4789404707810237,0.7860017776572803,0.4829787386397373,0.6908920513811003,0.5557150392571548,0.6862679849931134,0.26856368820029175,0.4833415564488661,0.6528683053592139
Estonia,0.9417008196855717,0.8177201884569472,0.2606188033198429,0.8140467074216924,0.2929027896098068,0.28751433383278624,0.4311565441017005,0.8960061630445565,0.5671608255307967,0.47838482052883186,0.3034801705010028,0.4314850805801118,0.5019901888499831,0.4830602708104914,0.36147659021405937,0.3653056626511912,0.438783613299202,0.3648873079801621,0.4076021414710789,0.223580827681915,0.33322040995283125,1.049667388627019,0.664391107486449,1.0,0.7409419866427385,0.3603908854357961,1.1468147225327083,0.1777134464328727,1.3333393279000725,0.48744306818324584,0.6289248421262124,0.2937273478284266,0.382849649060178,0.24957091239865034,0.22413551553302372,0.4243935282103281,0.8556450309229442,0.4300914879615109,1.1692303575448593,0.4061184920004699,1.16719535699483,0.22342182909007963,0.9403402233708059,0.3796085516446443,0.259043448539704,0.6040859368666679,0.28976290679663086,1.0784371052265997,0.533818980828062,0.4603694231962737,0.22150383057636505,0.4007007536313416,1.1885405157133409,0.577110835970005,0.35060109474371715,0.7927985361413935,0.8171428398917319,0.4320008818484588,0.42284265498599194,0.3624791380877622,0.3396046107056308,0.23872173204880923,0.53716799343912,0.40642873184019634,0.5695737406043745,0.7614314659957604,0.4291538164394187,0.3732569217343206,0.596906312253965,0.4610844690238034,0.2781061434451659,0.36278704904948,0.41431433610495405,0.3983830267441426,0.30779139703419495,0.9557377558902155,0.201441484781983,1.1305608314727666,0.5690528068932601,0.3445587201696286,0.5364251607491171
Finland,0.4058704609009522,0.7846349558865452,0.588127467459504,1.0511554327459467,0.7579001646037408,0.7103070414414625,0.354081979927464,1.0951499351384089,0.5817708635420625,1.0983147784961513,0.8617607586072137,0.6148569666999829,0.33931300455624047,0.4504318834684326,0.6640576552331557,0.7065895772321855,0.41710379012071586,0.597813974369591,0.3913930359834668,0.6025048254607233,0.7606032829573052,0.5237141384925595,0.3580023939446205,0.7409419866427385,1.0,0.39078910262265953,1.2289578129881973,0.6919977875455877,1.281608482645562,0.5610260233759131,0.46672822198912006,0.9233436594083442,0.6444050266484991,0.8313774198647207,0.6124322864667711,0.3683501990545151,0.8988813546914843,0.35431789396701235,0.8829479889448641,0.605258375905176,0.9217861687102334,0.5775489704694268,1.0878411788733984,0.7138564896981207,0.8727405968562791,0.33427700138560107,0.5601892447513366,0.9708251092290464,0.37109647720524597,1.037558440064043,0.5579570656064178,0.5356597761219265,0.7660588394108762,1.261598780442736,0.5275107824917,0.7500889950561729,0.39446838108155957,1.0516337956244703,0.704829397153824,0.6938725835723563,0.5111912094204033,0.6032429435473929,0.6310344881163317,0.9332707403353007,0.2928505365422146,0.8251728163653981,0.9850914419679687,0.44638735954219494,0.3772200471338041,0.39084253734826935,0.8762140304776008,0.46960775580554487,0.5143196065556528,0.8345138409670395,0.48897745388241803,0.44279029603488673,0.616005744594992,0.660828673657001,0.24569647872697034,0.5770828713877649,0.6636802122349937
