Country Name,Albania,Angola,Australia,Azerbaijan,Bangladesh,Belarus,Belgium,Bolivia,Brazil,Bulgaria,Cambodia,Cameroon,Canada,Chile,China,Colombia,Costa Rica,Croatia,Czech Republic,Denmark,Ecuador,"Egypt, Arab Rep.",El Salvador,Estonia,Finland,France,Georgia,Germany,Ghana,Guatemala,Honduras,Hungary,India,Indonesia,Israel,Italy,Jamaica,Japan,Jordan,Kazakhstan,Kenya,"Korea, Rep.",Kyrgyz Republic,Latvia,Lithuania,Malaysia,Mexico,Mongolia,Morocco,Nepal,Netherlands,New Zealand,Nigeria,North Macedonia,Norway,Oman,Pakistan,Panama,Paraguay,Peru,Philippines,Poland,Portugal,Romania,Russian Federation,Saudi Arabia,Senegal,Slovak Republic,South Africa,Spain,Sri Lanka,Sweden,Switzerland,Tanzania,Thailand,Tunisia,Turkey,Ukraine,United Kingdom,United States,Uruguay
Albania,1.0,1.842767529776252,1.929357233176698,0.6537434028423332,1.8225776864188152,1.7373001615750292,1.913569495770741,1.8651384992979627,1.8577360874360915,1.6888499797751797,0.9157968671436288,1.8308539509785067,1.8207401660537401,1.7186598676018632,1.680133776990801,1.8532168570971506,1.8090296107429251,1.8661949723835942,1.5685877938495272,1.8976603594356551,1.7533675585641755,0.6187561261721523,1.8809203555640024,1.8335422480356636,1.8692393125761626,1.792381939719532,1.4191526514556327,1.8710203263513066,1.7874271098571377,1.8471760422385939,1.869906420626898,1.2150120431854852,1.8548707654283374,1.7622218887009768,1.8624959816499584,1.88842194211122,1.8718659940162095,1.8580197299369783,1.834074248696105,1.0364651975768344,1.8549168208756872,1.8098374733827336,0.8357176903365708,1.94211981614293,1.8677509333930038,1.0678120293234685,1.8318553348915354,0.7285606733167105,1.6892903253167035,1.8472866044263134,1.8545006668717516,1.874790733636851,1.8256583499882657,1.8185394657939,1.8962058008309945,1.6589991535118929,1.790984249119001,1.7593419743077907,1.8656268443709147,1.8855354407233358,0.7173248006332563,1.7694745753013952,1.8771497580242948,1.738567945931335,1.7678529438377837,1.7829540945818219,1.8457643700412276,0.9337310579610876,0.5397998884291919,1.8511765175713737,1.7848966318051247,1.8730071610451682,1.8674331436318925,1.8968285609719508,0.2667750602239706,0.6123253064274006,1.8596801436470571,1.7613453220625592,1.8719725691564295,1.8730878383822396,1.7807646784603688
Angola,1.842767529776252,1.0,0.29014065928533267,1.9904249696468146,0.29118787239767874,0.26843714634566096,0.2256213385007863,0.1000828519301223,0.18688708727276923,0.7758916947312721,1.8234837108713275,0.13198692238955875,0.13340157892833338,0.3411778642409243,0.8366348762812823,0.20232892601932517,0.19314227584406876,0.12362594638712637,1.283700593497749,0.24404449920609464,0.33202003551717096,1.6620584841308799,0.16055020101329082,0.1735632042714778,0.12240403736026716,0.2406084904807795,0.9298358359292874,0.3824295832636282,0.2510776581145288,0.24228642878393136,0.21261545644091473,1.746136687570779,0.10455804537216506,0.4895916482651158,0.08440744232505773,0.28822536856837777,0.12696436621795304,0.2381788321591852,0.2605570792737523,1.3968588865694491,0.03604478298964685,0.14496754108118554,1.4143743310754113,0.5601735201217959,0.19305262159784334,1.6463846995675075,0.11929134040138377,1.9112558412664067,0.40335759494896933,0.18543850483820265,0.2647049108152381,0.4549929663017146,0.048272072618180895,0.2927263709894351,0.19580040500833593,0.7125758751781455,0.40250360922744094,0.215841226784184,0.243905348051527,0.22837283617270698,1.7610407511525246,0.347000748358141,0.12749094048427784,1.141070563016815,0.42367286386294717,0.43071493094226404,0.02647653135226647,1.9125343455322479,1.681094886649515,0.785263440659616,0.4835325084533312,0.1779566680905921,0.09822142200104257,0.22568885338806347,1.7943408283683866,1.8965997549765503,0.16406895483536588,0.38333032155291236,0.14234194458202104,0.11092132511529357,0.31436460571636105
Australia,1.929357233176698,0.29014065928533267,1.0,1.9865308655815275,0.44719024282681563,0.49986971040054146,0.13239604546997338,0.22772997160986294,0.33868491456321903,0.7626856089479211,1.8511328674514262,0.36174723755778637,0.32497486358170413,0.5429352271903777,0.9247093254058736,0.35690445687602396,0.40156294761722355,0.20444347375179736,1.266168043922453,0.24654373780614378,0.4990257584879467,1.7813909607375036,0.24612746889536732,0.29757079513196355,0.2586472974801486,0.42762041514538995,1.0397702502684871,0.4431203656522397,0.4649041011783808,0.3872430681634812,0.31928043894754404,1.7334510097016127,0.29130546554780845,0.5808511076735233,0.26380489573808025,0.24376136296928597,0.2549628160356741,0.3385068194501615,0.4057109859269743,1.5159283101561403,0.2573467766085938,0.3619339447485154,1.5721642730593846,0.3451697481847604,0.2612426256372683,1.6912766038479354,0.34639491437476755,1.9351002227168432,0.671955966473443,0.345826157709302,0.40608037312819534,0.34419679279296533,0.33352537258357756,0.4266303147004955,0.19223906648577116,0.8467152501536404,0.5487872007519524,0.4573874151530628,0.34826997793830294,0.1841219436784092,1.8122984596494651,0.46059272153604114,0.25108598301830143,0.9878643238868551,0.4872759302680208,0.5762254446139219,0.27595796461061683,1.8963327481491625,1.770256928060999,0.6484155399470525,0.6292411071663123,0.2657505118981591,0.2613983963681567,0.15752154322809525,1.8795736083317476,1.9231232692860845,0.30375592082830855,0.4821959065054952,0.19690682765416964,0.19110410552505966,0.5244759065445018
Azerbaijan,0.6537434028423332,1.9904249696468146,1.9865308655815275,1.0,1.9563508864663062,1.9512417941286209,1.9973331704822843,1.9955845472361986,1.981854715099322,1.8355836446447886,0.7245191394935682,1.9808589881566292,1.9763507343978801,1.9466148327203625,1.7670593468210019,1.9789697117670662,1.9656656430036217,1.988681890859299,1.4687640512156954,1.9796363603163352,1.961216011811511,0.964427994640812,1.9873055844938166,1.9841924385199532,1.9984606834238279,1.9806700243856974,1.7050796674679611,1.9553926510778834,1.9548199664701957,1.9711579758119437,1.9794973398806288,0.9297795762146428,1.9862614907197729,1.9504795291103456,1.990373380828396,1.9927541159321145,1.9885557613691425,1.9962530316482745,1.9620546470230575,1.290951389401162,1.992161421644467,1.9717798236392106,1.277685735235721,1.9198289861404547,1.9756714207510218,1.0166570368009413,1.9801690575672075,0.46759000043457966,1.9314973178246109,1.9760550845543907,1.9785124666463292,1.9594798607769137,1.9859176270332455,1.9500433167655826,1.985392828008184,1.8092079355531938,1.9276627063070793,1.9647832140989387,1.9740660529577547,1.991831320270013,0.9563739810400567,1.9543941504608138,1.993572380622056,1.6771816610662287,1.9399696511072815,1.9202364295846042,1.9895373899835433,0.5013268835055934,0.9415905375221248,1.880345782271337,1.9181804998575043,1.9812502529974352,1.9919747749161956,1.9948463936053344,0.7785826620765053,0.45190202923581857,1.9806451420033047,1.927450328381855,1.993233025194113,1.9926645279896014,1.94861676833422
Bangladesh,1.8225776864188152,0.29118787239767874,0.44719024282681563,1.9563508864663062,1.0,0.41721706559837596,0.4224593638736295,0.37440346634840477,0.15405385532333846,1.0018633624646007,1.6869896723849862,0.16910026179760587,0.31927598565901355,0.5517894088722891,0.5642678681426,0.13437359973075916,0.1531824748939537,0.3561058729036128,1.074296699888594,0.2224660766950839,0.5890003689672499,1.554441025891417,0.21415486123698463,0.4450986596918881,0.3594124970399143,0.5058623765950979,1.0449347565566347,0.19327699824344796,0.13346526525074717,0.08778172972094134,0.14803126086678473,1.589118008094286,0.2002837150426136,0.7553633071982744,0.23758896237475102,0.5502396803261981,0.21687889947523728,0.4807838150242045,0.05019077068221025,1.263014817122361,0.2994756813939333,0.2640997600169046,1.3438111818494487,0.5669056583846128,0.2190437693001499,1.4759462468681475,0.17491934243192397,1.8115377955505978,0.37545347447672667,0.11594154152720816,0.21100910246035226,0.7063013448141917,0.2731981506758094,0.1269900600397916,0.2597093979428214,0.45911255246729726,0.12116553610730478,0.4107134546017158,0.12191241564068184,0.48673599596215034,1.8476197613306895,0.5940339425410956,0.2587614893993141,1.3232899767775703,0.664929942673175,0.14844815723368704,0.2928005725638651,1.812842077584156,1.6778274763340508,1.0244900059809705,0.23053869839655977,0.19349633072224348,0.24414115245360885,0.47190720284488,1.8114125969242196,1.822494671843502,0.15460636617452495,0.4961541922722613,0.40513470263212314,0.35401419450638716,0.11604199597171329
Belarus,1.7373001615750292,0.26843714634566096,0.49986971040054146,1.9512417941286209,0.41721706559837596,1.0,0.466628566858799,0.3205626131717433,0.4020656667418885,0.6798960788160134,1.8043691323055877,0.3130670979928005,0.1875693222478647,0.16057106711065608,0.8804810376341672,0.40631810068568297,0.2715449059225466,0.30025193736215355,1.306474572255272,0.4636319559474127,0.26295761778409943,1.5531249812889139,0.3981552533111672,0.24749027153510428,0.37092481952453576,0.27803961609428873,0.7036686439406018,0.5778535192095156,0.29683655388340024,0.4226565160175846,0.4266131143887945,1.7728923262226641,0.32755906870887347,0.5085562119093169,0.3347650067164624,0.4606495395177134,0.36736645579003885,0.43100453930493615,0.3962975794051948,1.2596638369019035,0.29098880790915793,0.18826459396733167,1.2402043109952474,0.7045248753224145,0.3569212107479564,1.605739264704138,0.291714838681571,1.8774427810656362,0.3975603115439434,0.3641610446920356,0.47890952594433,0.5304637954879781,0.23839823796314327,0.36966686623020456,0.4194484326205367,0.697787235934041,0.4798620716584663,0.07838398725947766,0.44342647936328033,0.39454594033037244,1.675577730892547,0.25271272809677386,0.38903328831192063,1.1463075589689413,0.33193489425895023,0.5022689063885939,0.2648769568772468,1.8982552498827434,1.5210639074947916,0.8557303569393306,0.6001964127909937,0.380412076883408,0.3555822502202167,0.4229775012548621,1.6686833462513506,1.8222089541703752,0.3658577321725865,0.24351808444624035,0.32975259740522506,0.3234576635953463,0.39651440684101563
Belgium,1.913569495770741,0.2256213385007863,0.13239604546997338,1.9973331704822843,0.4224593638736295,0.466628566858799,1.0,0.15241035819558826,0.28643018665680586,0.780645406847903,1.8611813981037542,0.30542921591543476,0.3071450950742154,0.4969931551638408,0.9312830438982003,0.3067270249559814,0.37814355420061735,0.18876033803459574,1.3198265677766974,0.24641201282306902,0.438633878399463,1.7725559005120262,0.21241631473850595,0.2592430531059972,0.1479084774254122,0.340517354258885,1.0511186754491968,0.4181097930981797,0.438324600664669,0.34906405953635483,0.2844207595818356,1.7555615135377014,0.24392879911923732,0.5004995554780294,0.20861702536396903,0.1735261869888267,0.21177400926874423,0.2170721443145433,0.38694182721051795,1.5308290226937742,0.19518559191160453,0.3413880030708394,1.5621222141462214,0.467207389811066,0.27733946857926833,1.7131345617408003,0.30088553309081767,1.9441354222282774,0.5898812507192552,0.3131378070119898,0.3311009779418943,0.3629687850859665,0.2725521641758144,0.4320683225488493,0.19520142050498945,0.8519985822105101,0.5364882280649614,0.41060248232808977,0.3188800749352382,0.1503775369299153,1.7838504688226287,0.437577244086272,0.17732257158316614,1.0430877363010451,0.48510170646874384,0.5633060909628561,0.22285650653644945,1.9215080586040831,1.7749282787626004,0.6565368796706051,0.5893726288866377,0.25110271260860695,0.19620925406216846,0.1060525972451588,1.8651060756885243,1.9427108126900385,0.27509626697002765,0.5129827365060908,0.15117506648744308,0.15304244771699363,0.4804952366016824
Bolivia,1.8651384992979627,0.1000828519301223,0.22772997160986294,1.9955845472361986,0.37440346634840477,0.3205626131717433,0.15241035819558826,1.0,0.2530260581012766,0.7244474685482843,1.8576678869444738,0.22316721493713823,0.18030555788584493,0.35489975528744433,0.911490129992026,0.2720386654511667,0.2845177231153377,0.09541014704240618,1.3292340589998561,0.26993888336511684,0.31300902113954665,1.7130043528302812,0.19847869204317026,0.13220872381264318,0.08975358278336398,0.2191618921276353,0.9407277019622363,0.4353810838325413,0.3462122906350259,0.31579047396989596,0.2694168062686053,1.7763268592523396,0.17637315288446567,0.4368360026913766,0.14211918284559746,0.19121899081756122,0.17431907871311425,0.1863383480711224,0.33972820387905067,1.4580804166504755,0.07891563066042392,0.22037864064904378,1.4695549560720542,0.5372872159521563,0.23670619686871533,1.694353938227595,0.21199506572201476,1.9370025949508134,0.4857415152697244,0.26196168732186864,0.31917479492382395,0.36721632582640396,0.14476193764150452,0.37096553961325185,0.20769284328908924,0.7972133181757722,0.48783720246074763,0.2606231279590752,0.30471169191911157,0.13290277730195665,1.748706124051362,0.3203162834861661,0.1540616368659462,1.0703709398968924,0.3868958781079498,0.5160305596973855,0.09805136137410003,1.9305898608314938,1.7050031414466909,0.6953923505393277,0.5624433462255339,0.22413152897543617,0.14431126130400548,0.1301329474352323,1.8089726842681937,1.9198754192414786,0.23081227355807188,0.40567684856779845,0.05824144928317222,0.0632933662265743,0.4082664680525434
Brazil,1.8577360874360915,0.18688708727276923,0.33868491456321903,1.981854715099322,0.15405385532333846,0.4020656667418885,0.28643018665680586,0.2530260581012766,1.0,0.9391951447385598,1.7559502556543738,0.09324845314733217,0.2716746849549167,0.5057292817226987,0.6946829827427515,0.02285722855226833,0.17988247002025992,0.26222229558493665,1.178353378068577,0.15136585475535638,0.507946671583388,1.6342269016967903,0.09707993337648334,0.3545337658249703,0.2188983418675858,0.4068349440739083,1.0572577831787877,0.1993935173175253,0.20794738662981765,0.072303528185677,0.05429611428724901,1.6550270404311072,0.09863160548465096,0.6425201387984806,0.11608013687290028,0.41610386075140243,0.09638748213064399,0.33972280762645146,0.1383971151140529,1.3714605182460102,0.1894413526342522,0.24051313306733554,1.426791928239348,0.5402653086725542,0.18313534961186115,1.571921198431816,0.11354931386680513,1.8663045420414852,0.3864000535207562,0.07648634940538014,0.11355719226522504,0.600429549449081,0.18717320024821035,0.2223996590856108,0.16968265298210805,0.6065017155373644,0.27228088094600467,0.36788780391447906,0.07555574547098745,0.36756169531016836,1.8271556137447704,0.5271403924863318,0.11443974245547607,1.2521591672577583,0.5995728778561437,0.2987635561391215,0.19410159697928533,1.8643355493891849,1.7258749771411492,0.9108702493838691,0.31973419222453237,0.1276090179499744,0.11000752079764688,0.3438200773575261,1.8358183412522069,1.8799460018752043,0.07657853264866105,0.5005879428057456,0.29200816362051474,0.2446419587599543,0.2054140267608112
Bulgaria,1.6888499797751797,0.7758916947312721,0.7626856089479211,1.8355836446447886,1.0018633624646007,0.6798960788160134,0.780645406847903,0.7244474685482843,0.9391951447385598,1.0,1.9343900436660468,0.8862372294444912,0.7133464994499122,0.5717907849078212,1.3979971053643392,0.9529782221600186,0.8731255832346504,0.7068987347151763,1.595607524640236,0.9218957371421953,0.5444348134941026,1.719291891149611,0.8820062848016399,0.6148071610826304,0.7925549494711075,0.6478442669789138,0.5661266477231126,1.0962059452251607,0.9201116982132206,0.9810962761027945,0.9472494253090002,1.9332279258541711,0.8549586171456136,0.5648428372770243,0.8365251319144219,0.6553884057140257,0.8629087110652258,0.7680258968840492,0.9670911141738386,1.4939476708683683,0.7708028661987099,0.7680532513728746,1.4108123428607893,0.898704359486158,0.8415521910963093,1.8138408397737344,0.8628742375689382,1.9223435498307073,1.0058691041668666,0.9191164361976617,1.0090675070181994,0.46112549942990544,0.787931920166726,0.9363995394419155,0.8566192290813157,1.246615141651874,1.0715551782225436,0.6758092164273583,0.973870251553273,0.6432385740982219,1.417529008570951,0.4625513418865871,0.8630808778357654,0.599059627880999,0.3759514337437812,1.0943255814726203,0.7648671514117038,1.9081927904927853,1.4196025541277504,0.49838863805749317,1.1854751977704854,0.8766007755687486,0.8483731031409073,0.6875151623313609,1.5403750151950264,1.7927727592617573,0.8960210180712569,0.6048635189981059,0.6863404956778891,0.7265600001249962,1.0178391865332765
Cambodia,0.9157968671436288,1.8234837108713275,1.8511328674514262,0.7245191394935682,1.6869896723849862,1.8043691323055877,1.8611813981037542,1.8576678869444738,1.7559502556543738,1.9343900436660468,1.0,1.7678721979167753,1.814171784352122,1.8554960353513013,1.318524707923061,1.7456879039513014,1.7411148887293955,1.843044726637837,0.9830004906367388,1.7596201322049816,1.89707939624042,0.6998687581265882,1.782828848476297,1.8731349727901214,1.8484618060894185,1.8844820277935928,1.738737191131094,1.6741235830790946,1.7110202678026531,1.7213782894156096,1.747607095806399,0.3653302543855567,1.785333387415489,1.949275218880009,1.8021833151639066,1.9148513665584355,1.7897898015649274,1.8841902069014804,1.7050867165952148,0.9558724343734853,1.8277561297087852,1.7872815621725997,1.1106649750381334,1.7478823553245397,1.769956291407514,0.41400925612395634,1.7714810315455616,0.28271965816323824,1.7018802485637234,1.745039205703143,1.742525843519149,1.9425703153045264,1.8114148901490423,1.6952883422197358,1.7894446418384797,1.418639279443565,1.6223473865145923,1.826788693036713,1.7294218181203294,1.8929015123276471,1.4275012653665726,1.8931569580462941,1.805561864922842,1.8969634187152242,1.9058104564312943,1.6046697523230644,1.8238253597604905,0.3665871046288987,1.1229102346144817,1.9862927767809166,1.5893012998142633,1.7684769371057536,1.8035631051586107,1.887502050643398,1.1226254895213523,0.5435701429575376,1.7616361427936673,1.7943262604459482,1.866332214447574,1.8464503636464495,1.6778387428449413
Cameroon,1.8308539509785067,0.13198692238955875,0.36174723755778637,1.9808589881566292,0.16910026179760587,0.3130670979928005,0.30542921591543476,0.22316721493713823,0.09324845314733217,0.8862372294444912,1.7678721979167753,1.0,0.2035752843214434,0.42170081324024844,0.7217930781709619,0.09680192233857315,0.11845687795266788,0.22993496459211415,1.2077550892114899,0.21006481132888427,0.43686829433226376,1.611646644404268,0.13764576714996618,0.29937272021159633,0.20716410431823906,0.34457490122261236,0.9832847877163106,0.28111089786536464,0.15426241650458156,0.12613665937145846,0.13090683375005172,1.6844477051517472,0.07467264059190419,0.5962942718569522,0.10166229970389458,0.4048978759598331,0.11328646196813043,0.3251673078965792,0.1505644129054633,1.3414698832672836,0.14880033090323244,0.16535679455051158,1.3791147325335,0.5785679144088028,0.18161257469907602,1.5787505478143367,0.038184724700753174,1.8714467184845864,0.33430448343487995,0.08548679455517287,0.17688947274507236,0.5778737845948579,0.11284693682770455,0.20888658279493688,0.20215906617111698,0.6043789397162849,0.28232288713524883,0.2808570684062735,0.14892146347533047,0.3494174661047443,1.7954370563564284,0.4581327925724566,0.13750130940894403,1.238883832581317,0.5365014838714712,0.30959831745090544,0.14165068106649048,1.8774384505712165,1.6823993382223643,0.8999986885499313,0.35580747971222043,0.14630360578048254,0.11079540948785872,0.33755533501095625,1.7997563984957166,1.8711991053268267,0.09523795971582483,0.4357230338882229,0.26456493815997006,0.22049455044917757,0.18795846530657542
Canada,1.8207401660537401,0.13340157892833338,0.32497486358170413,1.9763507343978801,0.31927598565901355,0.1875693222478647,0.3071450950742154,0.18030555788584493,0.2716746849549167,0.7133464994499122,1.814171784352122,0.2035752843214434,1.0,0.28826505902818794,0.8359886629763882,0.2809917140121765,0.17857882463325453,0.12773291779142612,1.2542172702229755,0.29396706168986136,0.3209054832847696,1.6323857526887775,0.23456741225526181,0.15531370128213223,0.2441299361803612,0.2777155258416198,0.8327016715601862,0.4504620209424859,0.24009232125071509,0.302882202129693,0.2822600908106062,1.7463496497543598,0.1790173417461587,0.5271614762996732,0.18153034406081883,0.34892630278527026,0.20746920986933637,0.34682764259358095,0.28237708350189245,1.3350439137560015,0.13929846458334397,0.0680290309448689,1.357960001950765,0.5412317696126632,0.1859695458267856,1.6187487192553154,0.1707783440389347,1.8992194393796256,0.44831217647910543,0.23223160382423,0.3692700703189795,0.4454041615172596,0.1280911553640345,0.2674399957393277,0.24033355209117876,0.685147307314523,0.4090563254598099,0.16657252185735172,0.3053525065387881,0.26121456893204165,1.7522832971754945,0.28726875226168735,0.23819348003258348,1.106293703577298,0.35606647907752864,0.436883970684502,0.11513336599979052,1.8972229152015276,1.6223522573676248,0.7951386686029692,0.5346873337965237,0.2152447179889799,0.2053007196362219,0.28031646716575415,1.763319887073857,1.8619876500517603,0.2173171924205831,0.252966522040639,0.18151156331072724,0.1565220166610516,0.34755339771919913
Chile,1.7186598676018632,0.3411778642409243,0.5429352271903777,1.9466148327203625,0.5517894088722891,0.16057106711065608,0.4969931551638408,0.35489975528744433,0.5057292817226987,0.5717907849078212,1.8554960353513013,0.42170081324024844,0.28826505902818794,1.0,1.0181611733741458,0.5141630065195001,0.4112892952585485,0.3587756524344306,1.4210642154278756,0.5639961241500776,0.1384121487631619,1.5895248195267013,0.49262961950967277,0.25202120534288236,0.40604785209255934,0.21913914832522594,0.6518234812744079,0.6918309170188994,0.44267254603686795,0.5409584330992266,0.5343593053346362,1.8403928053508831,0.4272489313734608,0.3852945453208676,0.42175353021642037,0.4340207168298295,0.4604163431847113,0.4174944793591318,0.5293664626434812,1.329183157012445,0.3591924251988619,0.3164897151710611,1.2668268698262628,0.782311623444494,0.47040895485903433,1.6824476525443937,0.4056069616498618,1.9078268772054625,0.47279850086908337,0.4830803825293468,0.5686661003702912,0.4751186795268851,0.3249991908627272,0.5156174131980181,0.5098654203728414,0.8421047802834843,0.6248160470581965,0.1486856403136796,0.557419233435436,0.3939790871099385,1.5969845779291305,0.15977479973173245,0.46418901794652473,1.0750866528148193,0.2438908042141907,0.6470800288562252,0.34120911623499883,1.934048828867105,1.5036836630106472,0.766192176404209,0.7250586706053265,0.48641736599259067,0.4370931491939105,0.43108856717868976,1.6305795593150199,1.842656740037809,0.47764933211592114,0.3190490637849395,0.35815330850595534,0.3758091362158462,0.5284854906300479
China,1.680133776990801,0.8366348762812823,0.9247093254058736,1.7670593468210019,0.5642678681426,0.8804810376341672,0.9312830438982003,0.911490129992026,0.6946829827427515,1.3979971053643392,1.318524707923061,0.7217930781709619,0.8359886629763882,1.0181611733741458,1.0,0.6754353354248437,0.6776164975989488,0.8823759313526165,0.6400873300049843,0.7109622183587593,1.0816075080784604,1.2700936550304902,0.7461687147678882,0.9667028052942969,0.8947464110424683,1.0204757838248835,1.285832390445169,0.564746174839708,0.6283417928571083,0.6277540866519465,0.6773962274493347,1.1951213336920994,0.7515969218871562,1.2386661802550878,0.7849919832540561,1.0630812088978954,0.7591087622490562,0.9981550635793094,0.5966693328618752,0.9733554894751127,0.8438330594059615,0.7793831799137151,1.1869220466430757,0.8569551579410507,0.7274346050068043,1.0515071408819516,0.727429426041805,1.5047534248153913,0.7356404495785298,0.6709498792774692,0.693993207489862,1.1831937713266496,0.8160098968655359,0.5897493935515269,0.7674872538612888,0.24218711535131637,0.45517485796215534,0.9029232344047982,0.642922376704155,1.0032981552664249,1.908680716758524,1.076379429282687,0.7960083837960412,1.622169723288984,1.1303561269956677,0.4277847838641737,0.8362986580925919,1.5069307667021623,1.5857091667816237,1.4480378402883847,0.4364908346254351,0.7210513291964995,0.7891885851477964,0.9876911995159089,1.742025363467092,1.5623121362475179,0.7014430152624144,0.9012979719460238,0.9338510344127695,0.8857344104332671,0.5701382794816207
Colombia,1.8532168570971506,0.20232892601932517,0.35690445687602396,1.9789697117670662,0.13437359973075916,0.40631810068568297,0.3067270249559814,0.2720386654511667,0.02285722855226833,0.9529782221600186,1.7456879039513014,0.09680192233857315,0.2809917140121765,0.5141630065195001,0.6754353354248437,1.0,0.17511468891966372,0.2787878953132925,1.165628977776429,0.15807021871332613,0.5211042213074104,1.6235663294538714,0.1135439581137969,0.37003008166740886,0.23857225810091523,0.4204920175375151,1.0609504494037871,0.18776366595689303,0.1969635533389723,0.05164907966895731,0.055512724293904366,1.6451016195635102,0.11126979571773198,0.6587938279265767,0.1344234220646021,0.43686031068344916,0.11407657154325332,0.35843656888634207,0.12232898502391508,1.3589868724735017,0.20612409981378857,0.24558955780524783,1.4169347535633974,0.5481669208940348,0.18986766260099522,1.5591405161284915,0.11823628388755836,1.858630688534678,0.378475040047723,0.07070089843526083,0.11107368993166446,0.6192876286076288,0.19914843217896547,0.211988705094175,0.18278679309321877,0.5873207218677139,0.25245913809730447,0.37548509083685727,0.06570271185736017,0.3873881751485296,1.8301331152475389,0.5400656880213188,0.13509043244633936,1.2670106122135454,0.613333387480694,0.2782557761011325,0.20959601627198252,1.8577441179758578,1.721864338805201,0.9296698482481701,0.2996557150042603,0.13399000321302032,0.1297537383249276,0.3646916463391546,1.8335228763265945,1.8735144601313496,0.08332923513064777,0.5056577569248853,0.3108171931721608,0.26294318045806764,0.18763582436607443
Costa Rica,1.8090296107429251,0.19314227584406876,0.40156294761722355,1.9656656430036217,0.1531824748939537,0.2715449059225466,0.37814355420061735,0.2845177231153377,0.17988247002025992,0.8731255832346504,1.7411148887293955,0.11845687795266788,0.17857882463325453,0.4112892952585485,0.6776164975989488,0.17511468891966372,1.0,0.2525656233756769,1.1512166329248466,0.2448742627953553,0.45931479046094204,1.5686930635866287,0.20000427875829394,0.3202368436436468,0.2999803182154138,0.3951120682266023,0.9218710542492521,0.3226612780052523,0.06921046692406149,0.17048473087983199,0.18987057125364512,1.6632713200361735,0.14381042321751486,0.6540713304815117,0.1791763785296029,0.4716853008717546,0.18234931884860223,0.42056972058154923,0.1280821505787266,1.2657234669085482,0.20815199370835963,0.11561298218045463,1.317825306469176,0.5626031549020007,0.1621895128051325,1.5300619069110821,0.09391492719282417,1.8476875541825402,0.36060846053741824,0.1174952291057423,0.27494706879891356,0.6043326767648065,0.16481818818812993,0.12204738564753402,0.236683820077288,0.532183948756235,0.2355081494791662,0.2690341917327593,0.19343825726279998,0.3960328734772651,1.8012111496447363,0.4529966789831419,0.23131899127436395,1.2399872492291497,0.5249004582363407,0.2635642473774206,0.18899491324101203,1.8516913014962242,1.632638935898345,0.9405276891062494,0.3688635101093599,0.1699473389829203,0.19962968459346803,0.395336176117803,1.7761127737585276,1.8321168881052878,0.13723738799504492,0.3587915231468199,0.30886398447107183,0.262752770233502,0.18077412277158192
Croatia,1.8661949723835942,0.12362594638712637,0.20444347375179736,1.988681890859299,0.3561058729036128,0.30025193736215355,0.18876033803459574,0.09541014704240618,0.26222229558493665,0.7068987347151763,1.843044726637837,0.22993496459211415,0.12773291779142612,0.3587756524344306,0.8823759313526165,0.2787878953132925,0.2525656233756769,1.0,1.279998955535095,0.24608596008938646,0.34327333634892937,1.7001085956933522,0.19073877158315639,0.12987437040788746,0.17411407895117337,0.2783444094311748,0.9062839999290959,0.434828741325686,0.3202874147182408,0.311997974332778,0.2648321309369879,1.7581717760112547,0.17233305007239025,0.4986281355934168,0.15007258631337045,0.24555069167289728,0.1709937753862384,0.28004867294410835,0.31456875473992685,1.419876941989238,0.09921296034560884,0.17651308408710759,1.448809495287538,0.4734724823710302,0.17675955922353875,1.6644968999403542,0.2047452101875449,1.9254874502488453,0.5188562661100252,0.24711315607853432,0.35297827018102196,0.36350306800454213,0.15915426869580127,0.3223553623454924,0.17560552382580585,0.759216407443202,0.4610767015035498,0.25822429179484624,0.2964501186422296,0.15073701582260163,1.7681115827866591,0.3111394415710549,0.18361226002550568,1.0507714091104619,0.3667214093751462,0.49018315273157576,0.10165330918752595,1.911523751701334,1.684806240888749,0.7122067840963351,0.5654464291032515,0.1937831905920024,0.16464367168493058,0.16116516019990068,1.809081935519546,1.8980440178370217,0.21337657489832756,0.33313147684041455,0.07209526698758216,0.042129783301192394,0.40530072611312673
Czech Republic,1.5685877938495272,1.283700593497749,1.266168043922453,1.4687640512156954,1.074296699888594,1.306474572255272,1.3198265677766974,1.3292340589998561,1.178353378068577,1.595607524640236,0.9830004906367388,1.2077550892114899,1.2542172702229755,1.4210642154278756,0.6400873300049843,1.165628977776429,1.1512166329248466,1.279998955535095,1.0,1.1361167959444667,1.480497104568114,1.1673517081320643,1.1902300724384263,1.36083424352491,1.3343558742250343,1.4488552146900293,1.4624361530155832,1.0566880784731232,1.1239920817039697,1.1254006542991488,1.1481917417772922,0.7895853034113298,1.211211846302022,1.6170618575662736,1.235978711386985,1.4335207937373924,1.2078491654216923,1.4300305241908333,1.0865066248869555,0.8847534899107297,1.2811884843118113,1.218170024183242,1.2290488088564138,1.0506369411346026,1.1441927952621094,0.6839326636525553,1.2017695250406093,1.1827758764158864,1.277835849673246,1.14857460545758,1.199300194371737,1.4686707698121706,1.2745999472949208,1.0522628876661841,1.1790818549290756,0.7657185658387601,0.9869374831936079,1.3369321139201176,1.121372613952058,1.3713856512872635,1.897754987186661,1.435109648837016,1.2470709703187128,1.631208687837421,1.4508234924462589,0.9695015386911869,1.2751464663476737,1.0954860908321193,1.4709834004256186,1.648953159649209,1.0139877147564618,1.1606929200006362,1.2423978764798194,1.361520190927578,1.6606588792832822,1.2260631889949136,1.1631295095509842,1.2299953561584327,1.3291216774847256,1.2908878610692385,1.110467161624954
Denmark,1.8976603594356551,0.24404449920609464,0.24654373780614378,1.9796363603163352,0.2224660766950839,0.4636319559474127,0.24641201282306902,0.26993888336511684,0.15136585475535638,0.9218957371421953,1.7596201322049816,0.21006481132888427,0.29396706168986136,0.5639961241500776,0.7109622183587593,0.15807021871332613,0.2448742627953553,0.24608596008938646,1.1361167959444667,1.0,0.5624643318930583,1.6810984213263551,0.09034981438698962,0.3673106204556211,0.26189401222861114,0.4682145184563002,1.0806516331259093,0.21955453345884868,0.2887334571306225,0.166733386166936,0.10385024953095562,1.6396208260658187,0.15714504259824336,0.6917104815168151,0.16610780259744506,0.40627821051488605,0.12247100669923923,0.39156850679156113,0.18495985209837917,1.4003839359846277,0.22462293155301816,0.2822397262942411,1.4814278093990034,0.4044319019943959,0.13371769632561198,1.5733065119103251,0.20374496334020753,1.8724566896206019,0.5276389721529501,0.14767020373881723,0.22858915271680835,0.5567076199984219,0.26517797455513764,0.23698273247856266,0.07385534838063541,0.6389932523258494,0.3222562038996,0.43615162683813924,0.11855015540845472,0.34231556332458457,1.8592054590693015,0.5471878417276007,0.15568784926561147,1.1858043635746125,0.6033123257274798,0.3474321339942378,0.23733319018235358,1.8485342592161982,1.7522317663903333,0.8678236759752355,0.39941387848382476,0.08795213331718231,0.1624912902100289,0.31725030543496535,1.8735236559802815,1.8809047898806215,0.12152478663148568,0.49159323956104434,0.28315351231176544,0.23396115750226035,0.31998436018911863
Ecuador,1.7533675585641755,0.33202003551717096,0.4990257584879467,1.961216011811511,0.5890003689672499,0.26295761778409943,0.438633878399463,0.31300902113954665,0.507946671583388,0.5444348134941026,1.89707939624042,0.43686829433226376,0.3209054832847696,0.1384121487631619,1.0816075080784604,0.5211042213074104,0.45931479046094204,0.34327333634892937,1.480497104568114,0.5624643318930583,1.0,1.6568468221013735,0.486361358260133,0.22145595525128914,0.3566097080220053,0.14105422462383516,0.7277960637146321,0.6980080750907102,0.5003527550216597,0.5579459203503078,0.5390022382595968,1.8721767210774225,0.4323832805610277,0.25547494876942084,0.41377486373921557,0.33802276903547607,0.45515456235573826,0.32866844166773174,0.5647333725986322,1.426180766361244,0.3448445900332161,0.3625847789849349,1.3581327358896291,0.7758798533582272,0.4890732051721286,1.7466278053868047,0.4258102991214318,1.9417364474615193,0.5127599710259185,0.5034040559063658,0.5591532656619689,0.3937089133386426,0.3301993930599119,0.5682059807509441,0.5028914407117764,0.9259490478136151,0.678427428787658,0.21150224330936282,0.5678487657859393,0.3275365231942846,1.5872164254693912,0.14758989161425423,0.4426085383306801,1.022203191448279,0.2267451856613042,0.7030105336993624,0.3350190848707314,1.963188962874318,1.5644146036933477,0.6651183640047409,0.7578893722532012,0.49642309071963936,0.4232526050660894,0.3621907283522193,1.6628979969988626,1.8875503290349034,0.489084060737979,0.40253713444704575,0.3156948699052248,0.3489538496167601,0.5724754927758402
"Egypt, Arab Rep.",0.6187561261721523,1.6620584841308799,1.7813909607375036,0.964427994640812,1.554441025891417,1.5531249812889139,1.7725559005120262,1.7130043528302812,1.6342269016967903,1.719291891149611,0.6998687581265882,1.611646644404268,1.6323857526887775,1.5895248195267013,1.2700936550304902,1.6235663294538714,1.5686930635866287,1.7001085956933522,1.1673517081320643,1.6810984213263551,1.6568468221013735,1.0,1.6742924469516356,1.696259955385075,1.7143331424493975,1.6785494843519415,1.3614048341487668,1.6115261403053196,1.528757434534416,1.6021511820807268,1.6420199955627635,0.9708195735401671,1.6476088524036898,1.7402207500892135,1.666640252546976,1.7945888575290905,1.6685782993318814,1.741910952708572,1.5761758566024968,0.5486835970441578,1.6780066096349915,1.600799634820477,0.510111303668231,1.7543438963946083,1.6488576995783257,0.6360724739939239,1.6132185403186736,0.7002739804337362,1.4536825266165532,1.6137759937679477,1.633394009096123,1.8209030967535176,1.6354895328890324,1.5508834850166577,1.6961046265050128,1.2631259710275473,1.4868661114829966,1.5890408580107194,1.6270072446729729,1.7661604812828775,1.2361378947988704,1.666816268962147,1.6882323023398218,1.8665921369512357,1.683789006285955,1.4712367725141484,1.6641617129458506,0.904365286250484,0.697387635148555,1.9133953781324264,1.4799041629503287,1.6571051182780878,1.6744843099515203,1.7728769003197105,0.7819920592000961,0.6543249950042741,1.6361215096578177,1.5761775748867592,1.7265436971721249,1.7103809855662386,1.5073833906404368
El Salvador,1.8809203555640024,0.16055020101329082,0.24612746889536732,1.9873055844938166,0.21415486123698463,0.3981552533111672,0.21241631473850595,0.19847869204317026,0.09707993337648334,0.8820062848016399,1.782828848476297,0.13764576714996618,0.23456741225526181,0.49262961950967277,0.7461687147678882,0.1135439581137969,0.20000427875829394,0.19073877158315639,1.1902300724384263,0.09034981438698962,0.486361358260133,1.6742924469516356,1.0,0.30285344379509044,0.1861507720271285,0.39002033760001853,1.0384332426877518,0.24798927634674328,0.2508453502894469,0.1457543811121844,0.08152909126862562,1.6766272445453525,0.07902004277067487,0.6193942687981593,0.0780941778889342,0.3546368300272126,0.03466343768571833,0.3195838159747522,0.17870272780212532,1.40225391580497,0.14566905180533155,0.2237948033001896,1.4611425209054,0.46344227355361367,0.12238217483610693,1.6005241031499609,0.133145856144929,1.8875797976453372,0.46384562367630316,0.10842093248045048,0.1912583341225512,0.5235333945040971,0.18158082998618832,0.23567233323677353,0.07610681289009294,0.6565171875576503,0.3291192187302087,0.3619643921504006,0.116130402861074,0.2940679733511522,1.829260597108571,0.48525913029523476,0.07624857277741297,1.180279099723265,0.5487871103115269,0.357140040214494,0.157412109087598,1.874209110642722,1.7350168987128707,0.8421450601593489,0.40218848740891405,0.06949420290944265,0.07466856319899991,0.2702848920019364,1.8503872653497668,1.8914886562168598,0.06874965807293815,0.4597966682903151,0.22369306332681088,0.17317891578456887,0.28655777632552065
Estonia,1.8335422480356636,0.1735632042714778,0.29757079513196355,1.9841924385199532,0.4450986596918881,0.24749027153510428,0.2592430531059972,0.13220872381264318,0.3545337658249703,0.6148071610826304,1.8731349727901214,0.29937272021159633,0.15531370128213223,0.25202120534288236,0.9667028052942969,0.37003008166740886,0.3202368436436468,0.12987437040788746,1.36083424352491,0.3673106204556211,0.22145595525128914,1.696259955385075,0.30285344379509044,1.0,0.21301952488579134,0.17939172606458587,0.8280034385796238,0.5410062722740399,0.38101313712541895,0.40628385132178185,0.36990424875955585,1.8106408530961706,0.26343175633673926,0.3946468347840697,0.24250456502842221,0.22575248515422316,0.27621077791297427,0.26367568381175405,0.4085216872073077,1.4286338448296567,0.16772732036377727,0.2179868649644236,1.4223125293949976,0.5763548200747752,0.29380917030693776,1.704346680389272,0.27835354606775375,1.9410675198874021,0.5179349315384164,0.34173817875194457,0.43090654627350355,0.3162428087553186,0.19514504825109621,0.41228628624549507,0.30004322414431533,0.827311548791846,0.5462134194500111,0.19494109855067812,0.40139374331319805,0.15307930811662662,1.703830830225256,0.19247375369511185,0.2742539419175684,1.0135265843790828,0.2618625650511326,0.5737957371854107,0.16386234112733378,1.9376755970897726,1.642898161281823,0.6613218122105272,0.6459164999374873,0.30621918444648577,0.25463343733252736,0.1908817765842673,1.7612740477140805,1.9002336966589581,0.31696367432295625,0.31530697176368133,0.11276097745870198,0.14293642031014236,0.46909569602607987
Finland,1.8692393125761626,0.12240403736026716,0.2586472974801486,1.9984606834238279,0.3594124970399143,0.37092481952453576,0.1479084774254122,0.08975358278336398,0.2188983418675858,0.7925549494711075,1.8484618060894185,0.20716410431823906,0.2441299361803612,0.40604785209255934,0.8947464110424683,0.23857225810091523,0.2999803182154138,0.17411407895117337,1.3343558742250343,0.26189401222861114,0.3566097080220053,1.7143331424493975,0.1861507720271285,0.21301952488579134,1.0,0.23997396518093295,1.004208567273117,0.39417351785274835,0.3527453891416116,0.2881966298534729,0.24377643558125237,1.7628762493530223,0.17250122706358675,0.44758930587082524,0.13621379044366969,0.21268555924695529,0.16491842621253486,0.1380904849989393,0.3322757831564329,1.477961305203186,0.11068503160780789,0.26582225752962374,1.4880085916450492,0.5725154585069114,0.26662725986936625,1.6942928474905703,0.21161373010982837,1.9322639973236013,0.45348602054067716,0.25169194287088315,0.2564430042079238,0.4271904953209952,0.16099968650255236,0.38623423370951354,0.21730825149453153,0.7962415401761715,0.47707142290393856,0.30701494372321086,0.27924566594404515,0.1941554240582499,1.7554728888625404,0.39172608738582365,0.11634304047812478,1.1214887162494924,0.46319927045625164,0.5037038324819882,0.13623545291038391,1.9303332631406602,1.7333256026982946,0.7285489049170444,0.521110971221577,0.2294815609021599,0.12273126542539564,0.17122022184067545,1.8219134054082777,1.931018167678827,0.22478702286123897,0.4835348389217145,0.142113209866916,0.13554720565330747,0.3861930202606434
