Country Name,Albania,Angola,Australia,Azerbaijan,Bangladesh,Belarus,Belgium,Bolivia,Brazil,Bulgaria,Cambodia,Cameroon,Canada,Chile,China,Colombia,Costa Rica,Croatia,Czech Republic,Denmark,Ecuador,"Egypt, Arab Rep.",El Salvador,Estonia,Finland,France,Georgia,Germany,Ghana,Guatemala,Honduras,Hungary,India,Indonesia,Israel,Italy,Jamaica,Japan,Jordan,Kazakhstan,Kenya,"Korea, Rep.",Kyrgyz Republic,Latvia,Lithuania,Malaysia,Mexico,Mongolia,Morocco,Nepal,Netherlands,New Zealand,Nigeria,North Macedonia,Norway,Oman,Pakistan,Panama,Paraguay,Peru,Philippines,Poland,Portugal,Romania,Russian Federation,Saudi Arabia,Senegal,Slovak Republic,South Africa,Spain,Sri Lanka,Sweden,Switzerland,Tanzania,Thailand,Tunisia,Turkey,Ukraine,United Kingdom,United States,Uruguay
Albania,1.0,0.5243818719218245,0.8687197845420785,0.7200938986372423,0.5388931096259275,0.7577558382819003,1.3595986483845273,0.5809330284581167,0.6275740658508272,0.14864690331104818,0.08050915440101791,0.6426905479681323,0.9087908902160571,0.5682477607148262,0.37249602614695143,0.6871977932459767,0.5461110207759626,0.9872794803673219,0.12463835956396727,0.9493624624295407,0.20867941987027516,0.06528400756546865,0.5614770112362074,1.3628923500462857,0.9419242966773964,0.7428602962444548,0.14906354090306903,0.8729004656935782,0.41714445916814535,0.7630023532540997,0.8041515726595946,0.20172325881891187,1.7791441635263698,0.1688180444162233,0.8889031862896143,0.5723740840478191,0.851193186620054,0.626875149564138,0.6029534184323138,0.09485077253708624,0.6357042568106717,0.7917506597612073,0.42098583544253476,0.3481683728983048,1.1843718569966137,0.09881749921211852,0.5040705171477203,0.5917169355263547,0.2768745692904081,0.8441311010136031,1.0158213634553135,0.6885473843317106,0.4457313827281387,0.8098930109214575,1.1908857560143942,1.1177676934491285,0.6080870494541187,0.27332438528398656,0.466331625659126,0.5507117234765312,0.0654786333537076,0.631896150776679,1.3219814943859085,0.12967391958751287,0.48706247129809876,1.734855852152235,0.6290509120093516,0.2149948599363544,0.06646343590849418,0.5419762635590205,0.6098664665973048,0.5389900565928955,1.0599088572693147,0.32883398721149415,0.12349421697176335,0.28588367756045113,0.9439963918326545,0.4257630859394457,1.121798140742024,1.198939029339511,0.3028698583629761
Angola,0.5243818719218245,1.0,0.2160623263696287,1.5430565207943348,0.06508373164890133,0.2376352813149718,0.7229240797320812,0.03502277948312724,0.06653015789579919,0.18154907586287136,0.439320765976316,0.09286445192775267,0.28576679994735793,0.10016016509035122,0.21775238426664004,0.11179438129485095,0.05872219421924324,0.33002199043517466,0.36912043369672165,0.28500208171724717,0.22055104194437555,0.36372831682082396,0.04918661916050657,0.7076469069507714,0.2983026961261842,0.172174060266092,0.14513560946390075,0.2304828910951308,0.05645131552134852,0.16673133933510229,0.18051553672644394,0.4690240798768175,1.1335210885169802,0.21866175669671958,0.2510020727680777,0.08367609039141255,0.2132732898629863,0.11029379110194279,0.0752012261170441,0.31188291982182337,0.06913977374020852,0.20615897642272316,0.49385557049326523,0.1499723880384156,0.5174696802873069,0.3499899934865226,0.03811328496107519,0.8006135111375112,0.11690960058243535,0.22694021937170275,0.3838123026077115,0.20109082112446666,0.04597731426784443,0.20239389872954808,0.5338966212617459,0.47986958265146085,0.10109630361235375,0.14237444179568634,0.06337365721113794,0.05476988619909515,0.4883561830607819,0.15667879310711022,0.6589238715890382,0.3082630375155365,0.1395051836243738,1.0557405669558513,0.0701226344615907,0.6408424171569418,0.3471593391227434,0.3498129956713569,0.1262384716124001,0.04912534282641132,0.40640129103440303,0.13087215315685946,0.5933160890928058,0.6960964674772587,0.30407088271481153,0.12688338628663756,0.45482537461377526,0.5561249918206449,0.13543646843965101
Australia,0.8687197845420785,0.2160623263696287,1.0,1.7533029782275031,0.2272360678096232,0.1897668938617601,0.45415081292901366,0.1910267118958932,0.1458009795743565,0.4980028648040228,0.8122547837868359,0.10522373503011878,0.19295826831389673,0.11976146413092006,0.42585293524429624,0.10992027367406962,0.171748054897771,0.16083120592999503,0.615001548372375,0.12384837232543083,0.568113983521848,0.691794909714867,0.21683310534566333,0.5190680546526447,0.1452592990301341,0.16092151492867143,0.4050862086699992,0.1453576020113554,0.27060890926639664,0.11412789822643657,0.09966009696223369,0.8949654551644528,0.8422086393320446,0.5722253369521764,0.1346495586737511,0.21026136324229847,0.0987698772829656,0.13670627180438383,0.18220492357443444,0.5039429373486746,0.11447283547972203,0.14978562368415535,0.604438850502733,0.3673989845493608,0.3125819187194781,0.7102327642052975,0.21222047339227246,1.0951807225572079,0.4565149120516202,0.11763673873799352,0.18891751955751518,0.16437829684691985,0.2934920090038101,0.1435985562979352,0.2797089636381269,0.3131520392437983,0.19839230456541992,0.47956009613044215,0.3211623379870735,0.2423296808874293,0.8616860292937587,0.14385156012564826,0.37409225369495297,0.6394964026900518,0.1289358071440106,0.7577473045174338,0.1097686822709959,1.1017296661157419,0.7024566195614923,0.33927890563954133,0.2155300127875585,0.2413991233215167,0.22050381726293775,0.483391194826444,0.9347128015933038,1.0868685882534828,0.16838714967618215,0.1570132690457871,0.21557810717942752,0.27148056363036965,0.4972870556890374
Azerbaijan,0.7200938986372423,1.5430565207943348,1.7533029782275031,1.0,1.5056378923993698,2.015896706961676,2.6115231212435503,1.5703517684238921,1.557594163387949,1.0825271659290816,0.7540623600854977,1.6252947075182262,2.185515637045431,1.6368276484480857,1.0878031796006404,1.5909739274493315,1.5488630325909065,2.2534382570848583,0.8174543546554814,1.7482402816139857,0.9184403720305547,0.8560825807817012,1.5164874325291795,2.717288923298342,2.1541432259065125,1.8602706382347962,1.0362655624881618,1.5862881967174518,1.4178526864619418,1.6407235917276886,1.6713944300494088,0.6267974665136042,3.208687318945352,0.9497757090883734,2.0029344534270317,1.62181286457978,1.8383865306636107,1.7375254177223487,1.522164237469736,0.8778365457198563,1.6207688029185765,2.0048621648464913,0.759265788285436,1.2277212747927186,2.4889926298438216,0.803809813244829,1.5221588948530893,0.1802148812217237,1.1825729547607509,1.8032731021961557,2.0058126641389142,1.643306624867168,1.4333269135726685,1.7866153628349921,2.3387388047815456,1.7242024526501818,1.5178647720753804,1.0706558856655508,1.4189270444817392,1.5445706982553635,0.6774380001396189,1.7513463678678685,2.698431289156078,0.9266928884348051,1.6047468317026377,3.012594744767489,1.6427474882954414,0.43474068894255946,0.7922369516231692,1.1688417125255768,1.4049720996252777,1.4769622945291374,2.306126886918625,1.1890171865856562,0.7323135183478756,0.4013891651220909,2.01188843402192,1.5535834656507617,2.4459345467482967,2.5805799264403664,1.114274240814465
Bangladesh,0.5388931096259275,0.06508373164890133,0.2272360678096232,1.5056378923993698,1.0,0.2604769031701467,0.6522434759689859,0.09593399955835649,0.05058518783497076,0.20200296303209314,0.4937366474770468,0.07180096254738302,0.2809031050113824,0.14555707038142307,0.19007834636182064,0.08101468953104357,0.056824466898243525,0.3134197281691753,0.3050327873959615,0.2598270429174836,0.24216805477450212,0.40205620598214703,0.05069096447323798,0.6392469904481513,0.2634015563752402,0.20997309879073978,0.15684924720838414,0.204085260015797,0.056661684811791874,0.13103300941625706,0.1642662968253826,0.4478612359796209,1.0881476329522886,0.2315004697078467,0.22300408977480254,0.14556803580922803,0.204615074161453,0.1584927372137581,0.07352971898411179,0.29865776711434383,0.09110018327962602,0.20105481201546613,0.48177530124957657,0.15368060959991794,0.4931157032329729,0.40109790996461836,0.05254703980519751,0.8129351119489987,0.1343934868619834,0.20474447289824294,0.3451127414682441,0.2574529600942119,0.07396789368270498,0.19819325005766314,0.492684205437219,0.4684201546879929,0.06615344871768303,0.16133644764466717,0.07134785114662762,0.08863063760206655,0.49894559750437417,0.19088301151002215,0.6137869380720784,0.3407776492498332,0.18209170126675758,1.0677866845851869,0.08400610965101057,0.6182052141353743,0.37249761285233196,0.4126037425794781,0.06166065802740536,0.047472986494894204,0.3664889410388179,0.1352867914980729,0.6311201273871342,0.6486451600142836,0.2800649218418342,0.12401794056287119,0.4024433478076914,0.4923715718715662,0.16321298338207202
Belarus,0.7577558382819003,0.2376352813149718,0.1897668938617601,2.015896706961676,0.2604769031701467,1.0,0.2068424312088899,0.22693889138483592,0.2330707112966275,0.440157136020824,0.6469661152724893,0.19444477166675375,0.11195503454441177,0.16585205671128547,0.36232487140103875,0.2025600637502255,0.21348502121312418,0.12594651441827148,0.5857139273285332,0.1601798610903353,0.4779425304880166,0.5905309288948118,0.2484927493258269,0.317340518909773,0.1346315941336639,0.14340965742958603,0.386694534332343,0.19999846071443744,0.2838500513960339,0.18145559373662945,0.1648670450866279,0.8162558734773835,0.5774986216165816,0.4781335601793574,0.13025552632473394,0.2523767385528709,0.13949198119229037,0.21939080920958243,0.2180834932321899,0.5149063554256004,0.19181049349898813,0.10440315096889566,0.6376816478911476,0.3577845438326044,0.19700874033424065,0.565241421100529,0.2508965589278881,1.3338498261483862,0.36561454845677044,0.13558612970446374,0.15094500076978892,0.2633351022522987,0.27978203471159846,0.16149223209203725,0.18232018988630683,0.37622582356893375,0.22793992234872076,0.39164619616074714,0.30058761802413203,0.2656411749311409,0.7382277804801863,0.14122964609397143,0.21138798572816592,0.6199538024207316,0.1785823604489655,0.5393414039364184,0.1848360020422546,0.9402503628658194,0.5823100492818594,0.4758010650363198,0.26914693799461414,0.2642754194918434,0.1144529494350483,0.3901306405078365,0.8736090226287593,0.9827192568452479,0.13607799896087477,0.19644364074566936,0.18185707884531493,0.17581563435353928,0.399620506903686
Belgium,1.3595986483845273,0.7229240797320812,0.45415081292901366,2.6115231212435503,0.6522434759689859,0.2068424312088899,1.0,0.6907296646079928,0.602402276248098,1.0099258672842208,1.2912715117843492,0.5144410876742743,0.24054064589874574,0.563539546803267,0.7751171294736411,0.5022137931767087,0.5817331636057066,0.21884272850822412,1.0368453417638352,0.371411413237528,1.0948439702486117,1.1896620238260716,0.7114394035360804,0.24890175296755923,0.2471319228148428,0.4534964470874793,0.921651173390603,0.39200207388495417,0.7693989530645949,0.40635617822842046,0.39410009492145753,1.5517021877376522,0.486291898294621,1.1111122208352355,0.25427261213777874,0.7148334059402688,0.3302425745298417,0.5634211113670704,0.5742675520707383,0.9735442342674091,0.5810855873261634,0.28970796034493096,0.8804545436156399,0.901185427636862,0.2523370292837991,1.1908668467856367,0.7176585241989285,2.09855576481137,0.9562872153358976,0.3400427700477445,0.2604408318412014,0.5969482703603859,0.8081184060079154,0.3909333716310813,0.2289045582173958,0.5631329893397748,0.5419731494560934,1.0072882475981855,0.8221982244974542,0.7665940028724748,1.3460194242699905,0.3967126878305605,0.1767015246297465,1.2303650259233396,0.5002727835394152,0.45887955556896737,0.5566997206695131,1.6802243191351898,1.1845024002333993,0.6392559547268838,0.6219285289248389,0.7267384082671483,0.1697923476688309,1.0346104549541075,1.4781090105508312,1.6110824724913964,0.26128204408717853,0.5093929718211261,0.13208868591698458,0.12937742812104924,1.0209235894892417
Bolivia,0.5809330284581167,0.03502277948312724,0.1910267118958932,1.5703517684238921,0.09593399955835649,0.22693889138483592,0.6907296646079928,1.0,0.0875358666095706,0.2293960279959756,0.4943534945748691,0.10221692432438834,0.26844616562365475,0.09081368718568955,0.24935196746535077,0.10783640697023483,0.06810391207252456,0.3091381353742164,0.4118346661290574,0.2624979184407389,0.27783542146282425,0.40833961495543597,0.050479546316785556,0.6907931512852692,0.28281264954058705,0.1630713417978238,0.17364043044310473,0.20830391201516274,0.08519712126750703,0.1622704429074586,0.16538367960827088,0.5261029573903299,1.0992993370898543,0.26829455219924636,0.2386486552878629,0.06415340091127858,0.19967732570570815,0.09931314891468007,0.08557897753911978,0.3450191435894107,0.06679196798343226,0.20824994485108558,0.497327300938341,0.1828508627169118,0.49542646919168704,0.3951116590819289,0.053795232169049995,0.8398523750054587,0.1488785135135389,0.21329067809084887,0.3619415798115866,0.18177611617909936,0.0621341861394962,0.1901550208932972,0.5065402094723724,0.46305133665992326,0.114045952042034,0.19134656155729,0.08867277779828717,0.05232013816050482,0.546582199646002,0.13440207874041832,0.6278454392741888,0.32403510219428955,0.12399214759037494,0.9996259891650561,0.07028659490955971,0.7159862725399664,0.4001175075435486,0.32968182655162476,0.15071927252707082,0.07682297737062876,0.3806658241771035,0.1753014281760142,0.614453501210786,0.7590854267001403,0.2844802519880776,0.13334289431305305,0.43086304725721314,0.5320073022305394,0.17341869558862769
Brazil,0.6275740658508272,0.06653015789579919,0.1458009795743565,1.557594163387949,0.05058518783497076,0.2330707112966275,0.602402276248098,0.0875358666095706,1.0,0.26856205185423204,0.5733483509918622,0.04456261636689332,0.23545784939931985,0.11616061355815974,0.2466254886903181,0.06450679522568833,0.05966984495515784,0.24234080831829824,0.41627144345228545,0.1941760392097239,0.32070875388770514,0.475009721784323,0.06657434212707355,0.5892224492911788,0.2155885425078167,0.16684098334483116,0.2115498977207862,0.14546469350605334,0.08476049864441984,0.09711585725605221,0.11469991094567397,0.5853451892945531,1.0240496432646933,0.3185005112446754,0.18647796191906604,0.13429041567117647,0.15471241411581876,0.11157054755297313,0.07192371501933084,0.3494987555072451,0.058556715808692233,0.17008931920817458,0.516518896348512,0.19527075777050182,0.42462711556057864,0.4777276486441891,0.05861372547232058,0.8731445568286288,0.20011242596504852,0.15834721992901504,0.29744113331346983,0.21291294606890396,0.10177447724569508,0.1454591297404886,0.42596714267323493,0.41347829517291823,0.08260954872208204,0.23936031694213225,0.1181302997424103,0.09749278704484604,0.5992636256671042,0.15069498225043748,0.5558232839984911,0.433995596773116,0.1498343353730464,0.9669733908784159,0.055813635767500425,0.7760778449850837,0.459082163204554,0.3544589740995814,0.09022571004884111,0.06670525596351595,0.3193384192486418,0.20486302222774802,0.7272776951358204,0.8081520361834003,0.22803635346523082,0.11208706455953507,0.3394861446817937,0.43250081552907144,0.24501837154301911
Bulgaria,0.14864690331104818,0.18154907586287136,0.4980028648040228,1.0825271659290816,0.20200296303209314,0.440157136020824,1.0099258672842208,0.2293960279959756,0.26856205185423204,1.0,0.189233547291243,0.2942307434245165,0.5487950684458377,0.2512145893136388,0.24744393503255493,0.32141819001382127,0.21158901226747306,0.6123705126007506,0.258716705108337,0.5619376600853065,0.0968594364196462,0.14404057977693382,0.20335575450563528,1.0104156879816144,0.5785862834396943,0.40820402189836313,0.058916409450901513,0.49968072365659766,0.1353147355556787,0.39417338632972765,0.4229539696311873,0.3396527107020356,1.4434456588780475,0.05926621994046488,0.5126964267869604,0.25717182582847353,0.4763398628389343,0.30894579928877036,0.24917131501071485,0.16159725619936738,0.2782579547277896,0.43723384285273026,0.40835669089589666,0.11883151499377678,0.8026223825608251,0.1755632952781823,0.17476471215871314,0.6989284045792344,0.11597577137459958,0.46734519120183204,0.6554321651193569,0.3759339944176172,0.136560157922901,0.4351397716585964,0.8239493033836649,0.7319825045294632,0.25182909330328684,0.08337968724936681,0.144423785241737,0.20364684954711645,0.13978164835373902,0.34095067446067073,0.9361674805204349,0.096335994359142,0.2262275035892859,1.389411365492002,0.276485358769406,0.4228043675821517,0.10606989865416122,0.4140232252293603,0.2511492233640017,0.1828205350921663,0.683698179165257,0.09212190181242166,0.22993585831634322,0.5413523268996853,0.5733676362971056,0.17329928270859135,0.7346566470403288,0.8384038870135198,0.10487592088215109
Cambodia,0.08050915440101791,0.439320765976316,0.8122547837868359,0.7540623600854977,0.4937366474770468,0.6469661152724893,1.2912715117843492,0.4943534945748691,0.5733483509918622,0.189233547291243,1.0,0.5801577709098088,0.8350467981410508,0.48047116258087996,0.3197522499752537,0.6355597412220195,0.4777627131176408,0.9313249027097753,0.09522317551764442,0.9108673859126089,0.15222917559331894,0.0825021282505671,0.4915606065837068,1.2953779461669084,0.8735971600772182,0.6389148476447594,0.1548888888525104,0.8393235206255824,0.3425219113456323,0.7161891852331077,0.7531480046663774,0.16702982174830067,1.733175523730842,0.19755982024559524,0.8214731996537743,0.5472717853395289,0.7867430530537278,0.6004282604928614,0.5507308438850069,0.15263207356329694,0.5564600307733822,0.7232937766873568,0.5306301717808507,0.3126605647292824,1.1444843413560832,0.02448521768207898,0.4289414691338119,0.5649617980617698,0.218618278872832,0.7931390778505021,0.9822444183873177,0.6931921415636311,0.3576436823666075,0.7565747728082228,1.1510915703383442,1.1552157100019194,0.5916869822109959,0.20437080847485456,0.4005855052304115,0.46516407258765313,0.10642190635237161,0.5717963654069746,1.2859940715589961,0.2257935393915842,0.5059050632489507,1.7763605361367238,0.5483433458767811,0.17826274316677004,0.08183977238474127,0.6572168574819272,0.5893635767672056,0.470227801853995,1.0091398524489563,0.3069253861167343,0.23384677667584744,0.27778802105623623,0.8955260495826997,0.43891505743207343,1.0738664677233265,1.1377173013112905,0.20328307192241088
Cameroon,0.6426905479681323,0.09286445192775267,0.10522373503011878,1.6252947075182262,0.07180096254738302,0.19444477166675375,0.5144410876742743,0.10221692432438834,0.04456261636689332,0.2942307434245165,0.5801577709098088,1.0,0.19613388028258177,0.11352209270563504,0.25181644944169224,0.05249413568201075,0.0591234442207898,0.20156289461351587,0.4299540153181152,0.13361097616738674,0.3323654803855204,0.4915014219251932,0.09173054740535874,0.5293162399824975,0.16844177901286292,0.15466050328189263,0.23683278266468413,0.12382384022736939,0.117780565781263,0.07099816971557063,0.08118054231331454,0.6449104523289498,0.9453612352300735,0.33963388381059123,0.13856580066680274,0.136487440161913,0.11312793501523466,0.10351154792365108,0.08704490558009775,0.3702134151928732,0.050177823873087696,0.1376537001439764,0.5375732194339988,0.22069528891912307,0.36236910001031597,0.48625375951755917,0.08848786992065646,0.939840063572793,0.23225456963143196,0.12332150195481187,0.23538951733119343,0.19973759677224504,0.13380984721054268,0.10922258686300992,0.3622666029591505,0.3838155458151714,0.09284860915832202,0.2585340794203611,0.1454464188223837,0.12578774214846836,0.6105089442251992,0.1331372879911312,0.4849343348703574,0.45360414629053364,0.1324798538904236,0.86039263303054,0.0474151944054248,0.8286738382130148,0.47279644101280294,0.33604974012597344,0.10873791956551951,0.09688462110235971,0.25616812913798026,0.23288920643233135,0.7404231039477771,0.8685005468740852,0.17236786059230977,0.10830069725253308,0.2799609467599796,0.3653004144469025,0.2593481467148544
Canada,0.9087908902160571,0.28576679994735793,0.19295826831389673,2.185515637045431,0.2809031050113824,0.11195503454441177,0.24054064589874574,0.26844616562365475,0.23545784939931985,0.5487950684458377,0.8350467981410508,0.19613388028258177,1.0,0.20485116203717854,0.44741385969807024,0.21588169741269642,0.24402839888198574,0.08574783052125251,0.665717459972053,0.1505541761234974,0.6057480693248911,0.7368896553456322,0.28172928869074304,0.307885893272745,0.13598970804539376,0.15841105802636157,0.47088065508062116,0.2099935332325066,0.3332430182241559,0.1787659762038759,0.18682599055804924,0.9842603882475132,0.5524654199843851,0.620889005472369,0.11936664866688526,0.3155205025376038,0.1362279755669651,0.23930349505050152,0.24853698210270508,0.5789823050624866,0.2006462727821465,0.09748605559318524,0.6681813739846397,0.43580979577995704,0.14465537853003252,0.733602147437829,0.2888152827573278,1.4928917949057061,0.47596418911776067,0.1514318838664488,0.15947183349119534,0.2813264917550782,0.34984715423437895,0.13312952674037004,0.11757281454560095,0.3310883142152906,0.24534527386746774,0.5162000705114866,0.3570890735144079,0.32094217810455694,0.8982596674672938,0.1742410110282538,0.16708842341351363,0.7378487445746738,0.19356512315667243,0.4840904129306047,0.196800296857694,1.1328531433235671,0.736227971557389,0.494887514377499,0.3109010241264683,0.30891001244382355,0.12636303494585657,0.47827582593450774,1.0225339100148914,1.1256187646215259,0.12244761768555507,0.22558549532867417,0.16352467002667748,0.14514916776018008,0.5124423271469167
Chile,0.5682477607148262,0.10016016509035122,0.11976146413092006,1.6368276484480857,0.14555707038142307,0.16585205671128547,0.563539546803267,0.09081368718568955,0.11616061355815974,0.2512145893136388,0.48047116258087996,0.11352209270563504,0.20485116203717854,1.0,0.27463494624487916,0.12427248451195977,0.1098905468208295,0.19559484241903363,0.43780105124747026,0.16452755980667758,0.2967888988119406,0.40286596273197134,0.10973211664012472,0.5553718425183944,0.19031641565950155,0.09542335865461579,0.21349147058252438,0.2057519007561518,0.13834394904163094,0.1653500214418904,0.14520767549064476,0.6036792758156497,0.9396411722307937,0.2749988259828329,0.16949762647047753,0.11233484344519318,0.1402396180798268,0.09522121619029497,0.13904368208631393,0.34898543193226444,0.08753433471472591,0.14648630253146405,0.55271185706366,0.20759128482081146,0.3599593726222145,0.40009632418076413,0.11295630081593805,0.9542961343423084,0.20268470315202286,0.15772038116781556,0.27979948523142506,0.15208877462892434,0.1257872581000529,0.169146864943615,0.3496878768921736,0.38190923818940353,0.15792714845252553,0.21194392407217527,0.1491173377530908,0.11092622850275977,0.5422104474744516,0.09354167552289522,0.4846487311712168,0.3603857802923497,0.10842984912722417,0.8278281532076166,0.08289566308147137,0.7024383827472213,0.40329052718857905,0.3001857106789339,0.20456635446754767,0.12556768909007426,0.2632529018038086,0.19370591743887466,0.6225011634214742,0.7503456033804723,0.20356634127499165,0.14318838879480955,0.30824039208288945,0.3917270485265021,0.22005745877424623
China,0.37249602614695143,0.21775238426664004,0.42585293524429624,1.0878031796006404,0.19007834636182064,0.36232487140103875,0.7751171294736411,0.24935196746535077,0.2466254886903181,0.24744393503255493,0.3197522499752537,0.25181644944169224,0.44741385969807024,0.27463494624487916,1.0,0.27450412321390805,0.19857079113748932,0.5016847001290323,0.15911567491608888,0.45743048695442307,0.22750315179763383,0.2579679231806791,0.2326675440881888,0.8033323868651916,0.45499943087352396,0.385049994389052,0.21324538642981417,0.37798935863699873,0.15691344610259536,0.3143618063770991,0.3296593946029438,0.24783274836064337,1.2577535233668562,0.23253157835018462,0.4014097676939544,0.29518939825400303,0.38175687324234886,0.33540457194695483,0.22024727894085147,0.19238323253034,0.26931114857031324,0.3606847059877268,0.4293979351903848,0.12049336344106248,0.6955543997872484,0.2981030287631562,0.1996675855522346,0.6907056908349779,0.17294832344851582,0.3667115422247861,0.4815749395806791,0.431978343819711,0.19761715140662997,0.36638035411759656,0.6803144164201869,0.7377407521423678,0.20529318047529635,0.18059186905753133,0.1714548482412379,0.2509439474394054,0.4003534490845006,0.3193260892415748,0.7388288454369852,0.3090027613012425,0.313653677809538,1.2161824304691542,0.2625941555416157,0.3187200710445182,0.29734436804281755,0.6285388463455241,0.20339021286473705,0.209503899193561,0.507136616995984,0.20329154452666628,0.4271235624199703,0.4208862468568841,0.44186683352636835,0.24338291753059652,0.5669148437694288,0.632011068489767,0.1645370176267284
Colombia,0.6871977932459767,0.11179438129485095,0.10992027367406962,1.5909739274493315,0.08101468953104357,0.2025600637502255,0.5022137931767087,0.10783640697023483,0.06450679522568833,0.32141819001382127,0.6355597412220195,0.05249413568201075,0.21588169741269642,0.12427248451195977,0.27450412321390805,1.0,0.05311466537740292,0.2202767848808559,0.47569576747172776,0.15860151986359852,0.3784837651588423,0.5363144654474576,0.0901076867526992,0.5171554690856012,0.1658476074712603,0.17466776148034452,0.2553582204049392,0.10591938518806221,0.13454943062841707,0.07793108221771822,0.09132602657671265,0.6673433799900127,0.9400638739707126,0.3776510790794795,0.13951347708405726,0.16770129138381304,0.1019945752886047,0.12590519403598424,0.07232385282829693,0.3975288559349225,0.07572612279310273,0.149475976026127,0.5244580792035192,0.24542586840652356,0.3730073540739064,0.5346008032727112,0.0966904527459018,0.9350988655167728,0.2565457306782437,0.1327300620086353,0.22814120607476296,0.22405373603031803,0.15078922885763255,0.14080433112024163,0.3541000168279055,0.3728994038952206,0.0767579915739266,0.29844578591893045,0.17172800381903117,0.12318621349518172,0.6558945087422297,0.1440843129783778,0.4732272245323056,0.49293992927554003,0.14824708022808133,0.8646930908712565,0.07711043734401066,0.8585188809594718,0.516917153343255,0.34940003707065714,0.09383353602126665,0.10782249931676777,0.2548415113198713,0.2618142346523837,0.7832557976861416,0.9018853920557673,0.16498379545564154,0.0973618140029136,0.28757814599280995,0.36059166669499365,0.298202043890138
Costa Rica,0.5461110207759626,0.05872219421924324,0.171748054897771,1.5488630325909065,0.056824466898243525,0.21348502121312418,0.5817331636057066,0.06810391207252456,0.05966984495515784,0.21158901226747306,0.4777627131176408,0.0591234442207898,0.24402839888198574,0.1098905468208295,0.19857079113748932,0.05311466537740292,1.0,0.2685589378526333,0.3650219371473369,0.21442588646285446,0.2405401320388514,0.40355610592867097,0.059079040814566525,0.5795953758642259,0.20826029732360304,0.16590193995809788,0.17198041866073577,0.14192470188716835,0.07109470782760885,0.09346144170982068,0.11082516699254671,0.5125236136258882,1.0129902057227087,0.24029046535540657,0.17822009062128763,0.11955028296895376,0.1512826983178809,0.12098635622046547,0.055248563872722756,0.31735485984980705,0.06670232753089331,0.15374817853046446,0.4979123896836747,0.17160006829979696,0.4334059117571697,0.393867398850945,0.05331030991374863,0.8370446445692095,0.15164201879816877,0.16257101954952866,0.2860447805482007,0.21910746176391965,0.07514912997424714,0.15982318312039753,0.43200464143338557,0.4101082834509558,0.06391124024308059,0.1711097789598333,0.09641848845107936,0.08937871632564814,0.5088951421076822,0.15061539376244848,0.5468885838418932,0.35974493457482537,0.14776914377951336,0.9572697900847272,0.06641472323804115,0.6812586774655396,0.3767042178207081,0.38172647546095195,0.08757092822508256,0.06274793288881694,0.30533017581937094,0.1549871113140784,0.642989352948821,0.7501344814159796,0.2190292416234295,0.10798326049851328,0.3414211442650362,0.4376809974570357,0.16691927713480517
Croatia,0.9872794803673219,0.33002199043517466,0.16083120592999503,2.2534382570848583,0.3134197281691753,0.12594651441827148,0.21884272850822412,0.3091381353742164,0.24234080831829824,0.6123705126007506,0.9313249027097753,0.20156289461351587,0.08574783052125251,0.19559484241903363,0.5016847001290323,0.2202767848808559,0.2685589378526333,1.0,0.6983626591140242,0.13777746779846176,0.6831065631397685,0.8100993939912624,0.3173544803419441,0.31153722188780275,0.12315753593190867,0.168235882126263,0.5250204674176082,0.19791347182382182,0.3850179235600336,0.18097230571847897,0.15799837199324596,1.0906156951581745,0.5633581170681796,0.6897476011600973,0.1068033304654964,0.34463657217623467,0.12217985527767472,0.24210839713005136,0.2712816026372332,0.6002653083871515,0.2274928532780025,0.12441398352612015,0.7039367636244565,0.47970317955940717,0.1444516379445033,0.8300585946356018,0.3211567319432203,1.517084743539083,0.5623204693286201,0.13413802689772192,0.14080815602428415,0.27641474019545353,0.414358964784791,0.14879707548419563,0.12781804423259638,0.3222513017157935,0.2792523639326068,0.5973595901972163,0.4230994207014355,0.3718483640986385,0.9829896246830574,0.16869068522993877,0.18458716712652753,0.8001561829345494,0.20567853139743406,0.5070183302261736,0.21043337260383213,1.2271210798199226,0.8185036557001028,0.4855212236932924,0.35021817965351953,0.34647863974077453,0.09745629645225251,0.5873769340682538,1.1007881378411417,1.1984083144383866,0.10943249040494521,0.2589915460342423,0.11310274994425165,0.13898647493595007,0.6010988136439803
Czech Republic,0.12463835956396727,0.36912043369672165,0.615001548372375,0.8174543546554814,0.3050327873959615,0.5857139273285332,1.0368453417638352,0.4118346661290574,0.41627144345228545,0.258716705108337,0.09522317551764442,0.4299540153181152,0.665717459972053,0.43780105124747026,0.15911567491608888,0.47569576747172776,0.3650219371473369,0.6983626591140242,1.0,0.6875770848184066,0.19808321501030918,0.09440012755922231,0.3579813250732227,0.9943878469627909,0.6578920712459833,0.5184658895114443,0.20534625784199506,0.62986004385868,0.254846264274609,0.5431704190891685,0.5817268823827311,0.1352989150027884,1.5044775835000048,0.25412576020221006,0.6365561422250452,0.4584236406685067,0.6087119094578115,0.4926472254484194,0.37830347460758573,0.0960134839255895,0.4446038369264138,0.5756025074240825,0.4109483306757903,0.22486228704394418,0.9042375356239953,0.10101946851562879,0.33535905084115797,0.5513203472142257,0.22077348756195703,0.6222225927743106,0.7801924427471048,0.5777795139151091,0.3027036243504012,0.6198427357767632,0.8926856217425614,0.9572165726913728,0.3669958645389953,0.22361254630782942,0.23896591265314002,0.3765131451739158,0.1938859181137209,0.4759007530464432,1.0345842896770192,0.27181938867104455,0.4398477116336419,1.5256049858371266,0.43809525847119973,0.18857111823559086,0.13833421110500554,0.7102932410170846,0.30565942525332435,0.3150403593793166,0.7871012753295439,0.268625399349149,0.24069428107444824,0.252711188921224,0.7020363076878575,0.4287725819206264,0.7621829195117142,0.8930859572742869,0.17112488530880943
Denmark,0.9493624624295407,0.28500208171724717,0.12384837232543083,1.7482402816139857,0.2598270429174836,0.1601798610903353,0.371411413237528,0.2624979184407389,0.1941760392097239,0.5619376600853065,0.9108673859126089,0.13361097616738674,0.1505541761234974,0.16452755980667758,0.45743048695442307,0.15860151986359852,0.21442588646285446,0.13777746779846176,0.6875770848184066,1.0,0.6494997192354792,0.7892084825270593,0.28189188504729745,0.43401639848357504,0.16987853274090503,0.20684250151689698,0.4851418327703624,0.11997745661695461,0.3579830027462248,0.11673495253817842,0.09203981829339361,0.9743659506686737,0.7516201201894533,0.6394345294119284,0.09635321130065738,0.28238120881356205,0.0959405242959171,0.20004158341966766,0.22037494412671607,0.6003199052068176,0.17226058336696268,0.12150782190187823,0.633533427915406,0.46272073881674003,0.2522854649908177,0.8146339471432498,0.28799790828050675,1.1261769732454285,0.5166197349022281,0.07330406619847338,0.1332097160156761,0.2586651856806758,0.368176370370803,0.11247896342892183,0.2414289846490639,0.2971490703081793,0.20941195907555954,0.5595102983285771,0.3930003211922366,0.31693090076968,0.9374585883823384,0.1953024979529805,0.3176279583486186,0.7512270423671136,0.20396778205587235,0.639850318959545,0.1573690371920764,1.173687135811571,0.7871213137902285,0.47446443254799187,0.2953369350635453,0.3042556105460958,0.1544437608626487,0.5484433073346711,1.049712813373635,1.2000669840139235,0.11571142425630063,0.1862781672075614,0.2126622337418302,0.2563034305204839,0.5665078691785106
Ecuador,0.20867941987027516,0.22055104194437555,0.568113983521848,0.9184403720305547,0.24216805477450212,0.4779425304880166,1.0948439702486117,0.27783542146282425,0.32070875388770514,0.0968594364196462,0.15222917559331894,0.3323654803855204,0.6057480693248911,0.2967888988119406,0.22750315179763383,0.3784837651588423,0.2405401320388514,0.6831065631397685,0.19808321501030918,0.6494997192354792,1.0,0.18286721964257993,0.25517529240931114,1.1307208082525126,0.6611846581929811,0.4525535924387568,0.09544572089369865,0.5953896938010269,0.13833623906422893,0.4572402347109013,0.517076476156441,0.26356525399283254,1.5399359687308665,0.03443216066548957,0.6012917929332908,0.3531188034092648,0.5564453267440362,0.3793947129877838,0.29787268586686133,0.19224075361390588,0.3380174661262606,0.4959044257369219,0.5013132540408352,0.15818027606339843,0.926475646238688,0.14231061050414107,0.19778568681793338,0.6691901498306554,0.09566462957342714,0.5532265125303574,0.7419591299068299,0.46705979198882336,0.15035245710641498,0.5015519282733588,0.9569543470280548,0.8910372667629778,0.2975467139227017,0.03521297758280992,0.1604311297843271,0.26148029768300296,0.13327508062534502,0.40475931484767486,1.0220704770081477,0.14670564077875184,0.3328832555932977,1.5309475963292398,0.3313478093571325,0.32726664434164215,0.1356782908813587,0.5556672229680072,0.3356794797021884,0.23240513461653045,0.7720613627925066,0.10068263863128357,0.29908504314415096,0.5236708010255509,0.644921669259809,0.245796162374794,0.8289036931265193,0.9075229369698181,0.05152405884711114
"Egypt, Arab Rep.",0.06528400756546865,0.36372831682082396,0.691794909714867,0.8560825807817012,0.40205620598214703,0.5905309288948118,1.1896620238260716,0.40833961495543597,0.475009721784323,0.14404057977693382,0.0825021282505671,0.4915014219251932,0.7368896553456322,0.40286596273197134,0.2579679231806791,0.5363144654474576,0.40355610592867097,0.8100993939912624,0.09440012755922231,0.7892084825270593,0.18286721964257993,1.0,0.4015997393789581,1.1875533179338476,0.7752833670139612,0.5586043524070685,0.12096586230131537,0.7343268557627187,0.29727543345995644,0.6221392119391507,0.6533836531084531,0.15753254881913478,1.6303383166959937,0.1638464306711734,0.7227638801273084,0.4526225324941711,0.6865711051551497,0.512907414512292,0.4644838542977179,0.06701086478910842,0.47126158863522255,0.6248142022246882,0.38899899710313635,0.25020864908200535,1.0316634702208225,0.07251086561917594,0.357326326304484,0.5525676588088995,0.17579156138271018,0.6926422815948692,0.8798523063027676,0.5774229400336378,0.2994668315669412,0.658643938917751,1.0357112288846133,1.0219190795584518,0.4836400076727595,0.202491521735349,0.32606784997750327,0.369301486686605,0.10670251342330708,0.4932491060595222,1.1592450055535508,0.1419565123890582,0.43418595469585874,1.6236808181807167,0.46426745587986407,0.19919366606016117,0.056202304509194,0.5951006700029686,0.4869974036317064,0.3815282009066318,0.9017997898413861,0.23666792906100498,0.14379251974411644,0.28679994886032595,0.7896977190337278,0.375640167547879,0.9448387256058954,1.0267320369674025,0.19752485326356073
El Salvador,0.5614770112362074,0.04918661916050657,0.21683310534566333,1.5164874325291795,0.05069096447323798,0.2484927493258269,0.7114394035360804,0.050479546316785556,0.06657434212707355,0.20335575450563528,0.4915606065837068,0.09173054740535874,0.28172928869074304,0.10973211664012472,0.2326675440881888,0.0901076867526992,0.059079040814566525,0.3173544803419441,0.3579813250732227,0.28189188504729745,0.25517529240931114,0.4015997393789581,1.0,0.695523104959801,0.2910520387966502,0.17633642280242903,0.15292181107767647,0.23543513095782925,0.0535573889265365,0.16117410727991283,0.1813380104791248,0.46860026732451365,1.1245539491675933,0.2561220340730563,0.2508575270418838,0.1042154966068447,0.21496140299114927,0.12859898043450568,0.06359902618550092,0.31445436170838037,0.07208351139663965,0.21316335661206645,0.4845439464333854,0.15037785380793978,0.5155186588304075,0.39244234840697106,0.03250244066175023,0.8106926574333515,0.1288179169816402,0.22597134696978077,0.37523762900319096,0.22969145043779657,0.05602766598649808,0.205580276025996,0.523237722769256,0.4775492981555015,0.08448353480580445,0.17310427975138043,0.06770595774767268,0.06618297496025835,0.5328011117100908,0.1715929787086064,0.6525084847107501,0.3566678198890704,0.14953021726582322,1.1001299222252905,0.08240282720417416,0.6417175120453621,0.3848367130484627,0.37447647552742436,0.09293481568982265,0.03771049973710691,0.40789266601149854,0.1457670280913137,0.6658180434646558,0.6656849203290414,0.30265075924691165,0.12418717913291949,0.4390787561520874,0.5347553774505487,0.1628606128240879
Estonia,1.3628923500462857,0.7076469069507714,0.5190680546526447,2.717288923298342,0.6392469904481513,0.317340518909773,0.24890175296755923,0.6907931512852692,0.5892224492911788,1.0104156879816144,1.2953779461669084,0.5293162399824975,0.307885893272745,0.5553718425183944,0.8033323868651916,0.5171554690856012,0.5795953758642259,0.31153722188780275,0.9943878469627909,0.43401639848357504,1.1307208082525126,1.1875533179338476,0.695523104959801,1.0,0.3482871767490128,0.4979702762760289,0.9632965193241746,0.49108559576499555,0.7478041521555219,0.4718901678408278,0.47083392863791074,1.472019689129084,0.24858601188043655,1.1217926945235503,0.35117851465670097,0.7382436001738133,0.394357595917723,0.5885540042062903,0.5766111163546175,0.9421667084849641,0.5949191456323208,0.35949291599501376,0.9634461941993938,0.8518363681641566,0.24090639688758836,1.1864169697405496,0.7052667512380367,2.0822270966979244,0.9456149681666809,0.40751900901891547,0.387398658702494,0.6477663005638384,0.8038088164296586,0.4418260043822955,0.26089944008399957,0.569354257842281,0.5753321990120395,1.01212189333086,0.8023268175857272,0.7885587487780784,1.387531179436235,0.4769297084981028,0.22203296210615447,1.2035442794300195,0.5577506178331413,0.38058692778549025,0.567065111639527,1.6064562989235505,1.1923539457624193,0.7906098798465471,0.6303283062849925,0.7133665409121241,0.2833579074698904,0.948234769897819,1.4791689910685897,1.5705529608337458,0.3370767604498702,0.5184426724758071,0.24093630956764536,0.22673215140390243,0.9753428699880805
Finland,0.9419242966773964,0.2983026961261842,0.1452592990301341,2.1541432259065125,0.2634015563752402,0.1346315941336639,0.2471319228148428,0.28281264954058705,0.2155885425078167,0.5785862834396943,0.8735971600772182,0.16844177901286292,0.13598970804539376,0.19031641565950155,0.45499943087352396,0.1658476074712603,0.20826029732360304,0.12315753593190867,0.6578920712459833,0.16987853274090503,0.6611846581929811,0.7752833670139612,0.2910520387966502,0.3482871767490128,1.0,0.15597751367724288,0.5199266375222358,0.2086898657112408,0.35183816181210176,0.15621406782031053,0.15965543177229413,1.0589208680772606,0.7042625315792624,0.6656900458623496,0.09293791581957761,0.31679906167287103,0.11656374341003659,0.18398324135274538,0.22262317158585446,0.5912072113190565,0.198737233078073,0.11584983699701121,0.6621249194743664,0.4524217025980367,0.20216675119286928,0.7735000053976334,0.2953895502729311,1.4245820351995333,0.5073870755003924,0.15423480315539412,0.16129377992628793,0.2591720164767184,0.3761313826207573,0.1958944422113046,0.17833367933276656,0.3803223736701893,0.24594392601186074,0.5558705592945268,0.3932621749598332,0.33651365066216055,0.927426846446895,0.14127021726532954,0.2911510724792435,0.7625238150204681,0.20566423536780876,0.6134960713250313,0.1808731882698004,1.2036230531345962,0.7657291594035167,0.3303158004179585,0.2690318156059234,0.3144821452294447,0.14704364140670909,0.5176762368858085,1.059516432727736,1.1822532535701928,0.1297691683049729,0.1947363953217029,0.14712089082937255,0.19978825631959926,0.5539495222133054
