Country Name,Albania,Angola,Australia,Azerbaijan,Bangladesh,Belarus,Belgium,Bolivia,Brazil,Bulgaria,Cambodia,Cameroon,Canada,Chile,China,Colombia,Costa Rica,Croatia,Czech Republic,Denmark,Ecuador,"Egypt, Arab Rep.",El Salvador,Estonia,Finland,France,Georgia,Germany,Ghana,Guatemala,Honduras,Hungary,India,Indonesia,Israel,Italy,Jamaica,Japan,Jordan,Kazakhstan,Kenya,"Korea, Rep.",Kyrgyz Republic,Latvia,Lithuania,Malaysia,Mexico,Mongolia,Morocco,Nepal,Netherlands,New Zealand,Nigeria,North Macedonia,Norway,Oman,Pakistan,Panama,Paraguay,Peru,Philippines,Poland,Portugal,Romania,Russian Federation,Saudi Arabia,Senegal,Slovak Republic,South Africa,Spain,Sri Lanka,Sweden,Switzerland,Tanzania,Thailand,Tunisia,Turkey,Ukraine,United Kingdom,United States,Uruguay
Albania,1.0,0.021322258466447086,0.0464241751072775,0.031921890303928585,0.022939786876878084,0.041500571184361,0.06294223369261975,0.024749331634750783,0.025838502394845454,0.022276295635277724,0.012643440871615754,0.02541856913969757,0.045044070134259304,0.02564808471530706,0.03136102491548816,0.027970610375657096,0.024001980062346658,0.045639307190211094,0.035898210537446754,0.043443376587720337,0.013293958950089696,0.009611211069484569,0.024656818885253673,0.06510117372736965,0.04063861851803119,0.03352777198528957,0.020102146291397886,0.03992749348853974,0.01805952584845197,0.03146737515056436,0.03372201155446109,0.028465589420806195,0.07497399382755009,0.015839629810739216,0.03652443461553842,0.03153584385386768,0.03544068136191319,0.03499405541318387,0.026477245094139065,0.026581701531963046,0.02602496302710549,0.0385881150634871,0.06267777759677876,0.03640997268516869,0.06140284428341914,0.01385996591622074,0.020461390947256474,0.03968684872502152,0.013118884203334371,0.03551378071876161,0.04643457622440806,0.045582209293949585,0.018163417958684987,0.04492839123000288,0.05501287950147861,0.0939937051678159,0.02874742877424258,0.013418953136216459,0.020634431713628457,0.026623461656881776,0.011157462722567785,0.03533750113557021,0.05400752552050187,0.03314426964922183,0.03596782952068379,0.09354554119173315,0.025974360327455693,0.027721521234800647,0.011221910018791595,0.060385031815718124,0.026579002394724452,0.02441832746018329,0.04313927347672078,0.020536794598593443,0.013616612783882622,0.03361487370901492,0.04037134292998528,0.03907166373452841,0.049116266437238355,0.05323252799908441,0.013672338799735477
Angola,0.021322258466447086,1.0,0.02795878407995789,0.04777718204446178,0.010524955945103276,0.03293712390341797,0.04259983493072065,0.004732822504400457,0.008266144455796216,0.016491814586477995,0.01899026345837672,0.008323203287277035,0.030642232770457564,0.017512556880465595,0.02886686905946741,0.010752020336963269,0.01117109807819329,0.02691014745813142,0.0340154889859929,0.024840942721317323,0.011590531054710937,0.02229216561109368,0.006242702292959412,0.04846321234207461,0.02278608704794547,0.022334182431821586,0.019860884909130655,0.024928221801743117,0.008828869341412927,0.015144789547423092,0.015065879222879826,0.03240133082359663,0.056959005299488656,0.012798121888280565,0.01624251467160773,0.015192525023086174,0.015025006395018395,0.023114938725022984,0.012808370721472688,0.031628822741705566,0.005160697416097882,0.025065180550149627,0.07070513350010073,0.025990428046960147,0.04529572967612559,0.018349870731061688,0.00412636266296827,0.05315826931074226,0.012966921860205769,0.018505231667741533,0.033664850195785835,0.030107552779407652,0.0034060460016898456,0.033374185612200416,0.03560984655817712,0.09132856858598032,0.01942306400509575,0.009321168190350617,0.007427054380888703,0.009443581144115322,0.019391074940870005,0.023581475713284082,0.034218411712418996,0.026296278874228883,0.024907422632483665,0.08494471185889893,0.005749414683317236,0.03383307451871286,0.019680219820129574,0.04818318456415117,0.01965741709654741,0.008964457687315597,0.02307231289514504,0.009385684034746215,0.030385458516099847,0.042478988230439045,0.02190450866990382,0.0312862815989982,0.02896783803954423,0.03312322297720748,0.010125882489282454
Australia,0.0464241751072775,0.02795878407995789,1.0,0.06293256237101087,0.030931716318272424,0.0446430609193312,0.029497620136810832,0.02490681542768974,0.02873340323292687,0.02898065204895954,0.039243971980753904,0.030589734478236895,0.032515491929303864,0.03733710027668571,0.042809165473516264,0.029653809278114385,0.029858882627594643,0.019886787179481513,0.03858579048985376,0.019175062611705228,0.03413294050674299,0.046092859719948864,0.024301398731855103,0.043473531273529424,0.03258587251078908,0.041056985462054184,0.03602587899598145,0.03307692389740003,0.03199915588207147,0.030518446392835862,0.02569567243576325,0.04453163876226758,0.05371629062426112,0.035358215090171306,0.024562863964505854,0.02434799688922425,0.022341533367295493,0.03854513228365219,0.029274506609547796,0.04770251760195336,0.025166314914851735,0.03214596005022687,0.08860516019656793,0.01992977397324229,0.03453192508884453,0.037543703174037955,0.029219937767568826,0.07036850951742059,0.040170009631159735,0.028939625404439145,0.04720537527083999,0.0171786046498365,0.03012574842230008,0.035997129274586225,0.021558214302206977,0.0967375948384546,0.034942150148110154,0.0331508374638401,0.028803653554563376,0.021328608737198825,0.04246412795359808,0.031881931263508786,0.034513167312486215,0.025109700223933794,0.029154993873800654,0.08846511629698849,0.02525308300405673,0.04487467714028382,0.0405508527124238,0.03664229017909359,0.041220660683598705,0.025191454779074435,0.027946435084606574,0.027329101282202027,0.05522836615403382,0.055342193899719366,0.02602373205549439,0.0342435783801833,0.02105998289565315,0.023357418969172695,0.034355779802169695
Azerbaijan,0.031921890303928585,0.04777718204446178,0.06293256237101087,1.0,0.04625981576723552,0.06299373751640429,0.08652483477547422,0.050569506805546935,0.051887015792628936,0.0402969410715777,0.03070411642440271,0.0525143262354492,0.0647302422260887,0.05205871692519439,0.043121343353485074,0.05409592852318066,0.04685482339433084,0.0661962861857044,0.036130973761167466,0.062334646117809166,0.03832795442816185,0.030959759502200736,0.04811149363819464,0.08780757458341024,0.06956229147414421,0.0641331325516924,0.036891610985238174,0.06214217760681397,0.042127635679036275,0.056240307844610024,0.0576257173850213,0.029587351648470782,0.09915333253227226,0.04254998419481186,0.06216652768289737,0.05649307457328402,0.05974027011024779,0.06406572060148863,0.04842932767425122,0.03372718302553991,0.05195986096955654,0.05908918381221638,0.06669858475186301,0.04504007215441057,0.07594940285613781,0.030322969694553566,0.04607517659155336,0.026683358883159973,0.04335257364008311,0.05894489003862753,0.07477112707069473,0.06261164655326808,0.04470894902002688,0.05957627112956057,0.07325783666644724,0.09731654500196898,0.04845813363398243,0.03895815376400255,0.04426085730384716,0.04949686594000207,0.037094622607913456,0.05722364853160132,0.08100275587809497,0.04302918596541073,0.054495232420351924,0.10648569003210236,0.05159223265252269,0.022433828557770336,0.03032291552577193,0.07611292756411994,0.05170792647482494,0.04619878034013279,0.06968603678244999,0.04343931601755962,0.03433874426352485,0.02505874219866364,0.06303281731805976,0.050568273739691735,0.07249518279230933,0.07569423997629438,0.039115299068330625
Bangladesh,0.022939786876878084,0.010524955945103276,0.030931716318272424,0.04625981576723552,1.0,0.031798238625889146,0.04720606810716426,0.014219321261093059,0.009259877974517867,0.022041751929819553,0.01853283497880232,0.008488857526147784,0.029213680346748042,0.021188182885374458,0.01878260999464591,0.00962315328430544,0.006678026825378172,0.02823697151447,0.02772025312454223,0.022021045655523385,0.017058282649445998,0.01985470328562813,0.009353792276431424,0.050899768227718765,0.02860690331110184,0.029143057222976016,0.021139491392602315,0.020850229716743777,0.006185786912605743,0.010284327314748891,0.012267994407980182,0.02698397111822145,0.05473821381561604,0.020410520111785208,0.017463619275677453,0.024624364827998572,0.015133587292597367,0.030944693763514605,0.0045792890349175015,0.026123528391512905,0.011592249897286586,0.02243558755145721,0.06575137028729922,0.025752916396245537,0.041568589907859825,0.01673831838008638,0.006619956842364987,0.04672592573450496,0.01606146070147716,0.01366937758522973,0.034159286392872704,0.036621550947761955,0.01050223555548306,0.02673228804447558,0.03379724647589132,0.08227447463447951,0.00966062553531217,0.014070652474003931,0.00824685413765423,0.017815878004969313,0.02473550434495836,0.0276548490906552,0.03557134273229625,0.03137620342582522,0.028879596549784392,0.07649659203979198,0.011175750566852835,0.02968779409041206,0.02008166403596569,0.05695822096291948,0.014383034672826903,0.008631661636189931,0.024278281180800786,0.016661514907932964,0.03184282122536346,0.03771571022052931,0.018508161240617643,0.029392321673698988,0.03284219075674412,0.03511850549405826,0.012185161506424094
Belarus,0.041500571184361,0.03293712390341797,0.0446430609193312,0.06299373751640429,0.031798238625889146,1.0,0.0574415731712243,0.034661869153435165,0.03554320529272246,0.035098083975217624,0.044527146781104456,0.030056857508201803,0.015502437814766465,0.019412962083288104,0.03877189547930068,0.03465829274962158,0.02600033249123836,0.02722944972653235,0.04503418545462059,0.03801144739129501,0.04037923185859155,0.03792313452670075,0.03586864145097805,0.032925323452589736,0.04199929386608534,0.034686203048906766,0.0290912688316851,0.04534411943414467,0.031006321457479266,0.03283078787392215,0.034395371098291404,0.05384346442925479,0.0462618606650702,0.04264970367235898,0.030296746025193656,0.042867133014934854,0.03168909000462251,0.048469334101598094,0.02972943441423746,0.03255922732919504,0.030997516795630616,0.014510402759173266,0.05101669705937179,0.04384027987441591,0.036177004357672495,0.041491387856853745,0.032011576808755916,0.06295205452855797,0.03902428897838546,0.027581053372689162,0.05189033554637251,0.04240162350775318,0.03404136641507587,0.02542504821235695,0.03977581273989583,0.07285512473276891,0.02907863061383228,0.036838106784717134,0.037519720195102566,0.03717541534005726,0.04551909171251171,0.018891231630593655,0.04388759776260212,0.04611734166545623,0.02337645812116873,0.06810541133535017,0.02914004882576821,0.051586338443923734,0.0359121334907589,0.06664483855748236,0.04022722798966296,0.03401272884889352,0.034300697554610675,0.04061545996632364,0.039284380575773305,0.045780211320337535,0.028711184907565666,0.023470931307129173,0.0330253513583805,0.03291225925789692,0.03870233722278012
Belgium,0.06294223369261975,0.04259983493072065,0.029497620136810832,0.08652483477547422,0.04720606810716426,0.0574415731712243,1.0,0.0386104409548617,0.04071811405876819,0.05015767913874309,0.058026759655795346,0.04239408259536817,0.04717044533336068,0.05030750332849328,0.06208367078981821,0.040287029904778116,0.04759427783806007,0.03465571750965364,0.06467534256534366,0.033580235773238334,0.050837741421728144,0.06472158628409205,0.04068646753529803,0.04389345362008339,0.02779890861801902,0.041655486475728316,0.05787857880894653,0.040432331749763795,0.04974939030307911,0.0412819181214534,0.03682221529669953,0.06623740550119789,0.04705546452402893,0.048926266788307325,0.033235823119488736,0.03324869945444581,0.03359376996594522,0.037306791366215786,0.045972430210465015,0.07027561821174676,0.03866910100855634,0.04814270996196607,0.10614626810893515,0.04826124594182633,0.0494804202881135,0.057981796404056075,0.045018999561234424,0.09242118561235743,0.052467099994270794,0.040595814400773915,0.041194726579380496,0.035004813561256655,0.045693425611129754,0.05480387836649041,0.031934562318684676,0.11266927772077698,0.05213581596631624,0.05045145266889125,0.04510335373153999,0.03817913080924632,0.056546429734398294,0.046882948987646784,0.024054189501408803,0.0496729622606404,0.04838178318721065,0.09573561137524586,0.03999378458098715,0.06935316229707379,0.060803613045351076,0.03994565442418716,0.05122785518030574,0.04294649079549946,0.028900714557791578,0.04428554798765428,0.07144412411808782,0.08051297464355368,0.037559680100197716,0.05755780014499429,0.025953173043656987,0.028237858016903226,0.05094524264984689
Bolivia,0.024749331634750783,0.004732822504400457,0.02490681542768974,0.050569506805546935,0.014219321261093059,0.034661869153435165,0.0386104409548617,1.0,0.01009605136327465,0.01661790422326308,0.021845008956489085,0.011041026862346766,0.03103293906336086,0.019150743719301932,0.03259344742201777,0.012452505160969428,0.014526858321806927,0.025359958229260196,0.03639632016175976,0.023854425358878766,0.013526491082970915,0.026597964885649562,0.007120818146997806,0.04676657139894972,0.02027892241336286,0.021387908558153264,0.02233207898571789,0.025729623462102478,0.013148486161318477,0.017001563717836114,0.015556654583048989,0.03517505941409015,0.056355118967831117,0.013521504987367388,0.015564898876521743,0.010966573914976,0.014379250475611652,0.021138570455570646,0.015662673003291928,0.035477818833821305,0.004812426517343599,0.026392902524065086,0.0745643211287917,0.025662792213544377,0.04515134457850791,0.02149240247822213,0.008469973122720326,0.057214391351039465,0.016331363589096405,0.01976689753830812,0.033665485277377394,0.026563656255620998,0.007456932424914894,0.03525544062815911,0.0340571540172433,0.09449828134637436,0.022937054645109672,0.012191005583055886,0.010093269828843192,0.006028532391279041,0.020919846597816264,0.023269025712300148,0.032387635432142244,0.024832768125825837,0.024487980980408452,0.08726547232973372,0.006582528378592096,0.036505654955603796,0.022902310692526098,0.043861284889109696,0.02295131784111856,0.010269311575632316,0.0218136608831818,0.009059340440553175,0.03373246218659694,0.04586100020886569,0.022299476553003957,0.03254167999406262,0.026145948750610794,0.03090128147790672,0.013567960045282077
Brazil,0.025838502394845454,0.008266144455796216,0.02873340323292687,0.051887015792628936,0.009259877974517867,0.03554320529272246,0.04071811405876819,0.01009605136327465,1.0,0.024152315787418128,0.022124465330378443,0.005832273988625426,0.03229792583826858,0.02298958110101128,0.026744377303034306,0.003358478197141789,0.013075570748732583,0.02811928033259506,0.03509496193410957,0.022047367108048947,0.01725347788454558,0.02539417202966275,0.007214678033609581,0.05015532462442033,0.020494201951309955,0.024662957214734903,0.026378753675912327,0.016895565245357326,0.01208296446815246,0.008770718240760172,0.00922977222099375,0.03226428488087531,0.053367978277783994,0.017926075512302322,0.013179104821803646,0.018164045050125182,0.011714840944474586,0.02261736238174061,0.011696539714551998,0.034660979781082416,0.008640415242653871,0.026344355361238036,0.07317407640113986,0.028487664277563374,0.044349916020700805,0.02179605980175961,0.0077222152595174485,0.053956864682281794,0.014994984491786802,0.01499266340526675,0.02717414848084575,0.03475714407370551,0.009780838128105523,0.03258779389444819,0.033574399800148834,0.08940288165107486,0.017278908711063752,0.015442920808804519,0.00842884504440411,0.014911076714572931,0.024608612885577596,0.0292206700181943,0.0295217550250238,0.03225164300172779,0.030876481539299356,0.08091265987346975,0.009229857449684336,0.03607085544821825,0.025515018755746733,0.052328757923987945,0.013813141001652518,0.01138006596055217,0.01898187316761015,0.014651020779640473,0.03572083260423464,0.04605231250753972,0.018332230103123175,0.035408020339312826,0.029737928809261013,0.03291949467447059,0.013543353940317778
Bulgaria,0.022276295635277724,0.016491814586477995,0.02898065204895954,0.0402969410715777,0.022041751929819553,0.035098083975217624,0.05015767913874309,0.01661790422326308,0.024152315787418128,1.0,0.020308461534271356,0.023664180704969326,0.032691893846366886,0.020367415514622268,0.03486454927929078,0.02661190120310794,0.019228798789677117,0.029778981708356602,0.031196041224255965,0.03258362960367463,0.014386686270156398,0.02408847233684297,0.018392862696528133,0.050482485462246714,0.03588870718719874,0.031746994302865233,0.011682866437788037,0.039321048259406806,0.017130729301814668,0.029733440979192328,0.02879993105437921,0.033583604479281014,0.06678284532153908,0.017669112171848505,0.028823365966653663,0.021895423086488397,0.02724297534435725,0.03468202979091143,0.0228442479637409,0.028905419982105714,0.018407148770312364,0.028885769453919033,0.06930895998704326,0.02120543312963917,0.04766980675077378,0.018361849853117524,0.017576800474247575,0.05234406238818291,0.023354140691706,0.03018465269276883,0.049910168711732296,0.02459876235183161,0.015699975282517088,0.03692127036308908,0.04114127157038265,0.09439944342231615,0.028269105665728617,0.01327698810196551,0.018829453387378826,0.013676035293770102,0.020368051460709045,0.020899076741665964,0.047281497073505076,0.014098947156699085,0.01838972416500439,0.09284005307262341,0.018006332723819924,0.02978717770084682,0.015100630860640115,0.043451586538564534,0.034213116115847916,0.017125775933058425,0.036113581652908,0.013892750705511228,0.028275837085321182,0.0358218580267137,0.032541565549645074,0.025305730919729572,0.03378693074722317,0.038272929772624885,0.017687501169081393
Cambodia,0.012643440871615754,0.01899026345837672,0.039243971980753904,0.03070411642440271,0.01853283497880232,0.044527146781104456,0.058026759655795346,0.021845008956489085,0.022124465330378443,0.020308461534271356,1.0,0.02375887403282981,0.04387309625813026,0.029696366302622172,0.025695834557543224,0.024459682870710917,0.02140069941931067,0.04232589266975838,0.027498965223570565,0.036094019703278045,0.010663720849728182,0.01378756614014706,0.018972748225306077,0.06512974107843278,0.039533423969284644,0.03706335062850292,0.021112849370272507,0.03393647975090008,0.015186607430718004,0.027653200879435322,0.028715817882105164,0.01817678293879562,0.07293701181394328,0.015518578337069964,0.03374080404278626,0.028741665826504368,0.03129295621191649,0.03546236148058144,0.02172076994802505,0.026644810077540586,0.023322548562109316,0.03758202941946572,0.06867138762452628,0.027593239808684465,0.056511636277354824,0.004697369321409963,0.01745793975474625,0.038006370131353114,0.015624428839821665,0.03190101369055536,0.04512171036051001,0.04175145022585352,0.016068515990135878,0.041224423510262564,0.04857900501202445,0.09247706588671584,0.02494960975400091,0.011287534683224161,0.014415037303864528,0.02240999398516842,0.013955020171872216,0.03677416828135369,0.05114237413102519,0.02758350181335857,0.03622528143887064,0.09143971269360303,0.02376601668702655,0.01916941931160533,0.012667561949098653,0.05704237265281755,0.024218162866641888,0.018095375432543713,0.04051484529185377,0.01554926279585128,0.025073867744300607,0.032101093297107815,0.03642526728595805,0.03712619180043234,0.04645067878019963,0.05014183629528342,0.009615254172363337
Cameroon,0.02541856913969757,0.008323203287277035,0.030589734478236895,0.0525143262354492,0.008488857526147784,0.030056857508201803,0.04239408259536817,0.011041026862346766,0.005832273988625426,0.023664180704969326,0.02375887403282981,1.0,0.02820147191507844,0.018183855863320587,0.0262500078566284,0.0054183906923892045,0.009987142062748377,0.026056868529156334,0.0356131099275442,0.022812098349276007,0.018629730334707353,0.02435256764873484,0.010010690002333967,0.04656851581653324,0.02113254978514337,0.02210616549440877,0.024204842644164046,0.020112785234859702,0.0108011010891797,0.00822986645481026,0.010222358075559261,0.03466784278556143,0.05079021943248116,0.019663672396633577,0.011833195329695139,0.020501624217200018,0.011359083500287599,0.024548237919029024,0.010082591558671233,0.03220265754604562,0.007658193548885137,0.02200977590961324,0.06859184217767947,0.030258599223928134,0.04240043979936011,0.02283138508968944,0.007240613165038341,0.053946252252399955,0.015355745352070273,0.01238533675592224,0.028615190526747523,0.034965086350406065,0.010116514962833603,0.02975018827900033,0.033282110460519654,0.08627232316785902,0.015180651592789004,0.015982680882088856,0.011229140452952967,0.01643619303978041,0.025534525523323623,0.025295958131710122,0.029476399621828454,0.033601966900529724,0.027907536981354866,0.07797738094100605,0.007372914171780213,0.03742190621680736,0.024395971080374376,0.05417866648415177,0.014790487547520735,0.012085560037437092,0.01812370228541685,0.01719677507717955,0.03337271058425876,0.0446965358696043,0.016555900662920606,0.0323796581578386,0.028299246829975224,0.03123902195350566,0.015023457449100771
Canada,0.045044070134259304,0.030642232770457564,0.032515491929303864,0.0647302422260887,0.029213680346748042,0.015502437814766465,0.04717044533336068,0.03103293906336086,0.03229792583826858,0.032691893846366886,0.04387309625813026,0.02820147191507844,1.0,0.02397560616006711,0.03684263074605808,0.031322962163855175,0.023633584167852727,0.01406650955681984,0.039776580337731265,0.026481882727242362,0.03966300994687685,0.04143860153541583,0.031188629932068758,0.02670663396169201,0.038403721772167006,0.03681645947592953,0.030081747702090825,0.03955423201038877,0.029926400608809408,0.028802162464150582,0.028164577253211538,0.05091799186615901,0.03962915129382431,0.04227199141796043,0.02403248783663539,0.03830574320381512,0.024398052995237805,0.047237022468983286,0.025742037638228632,0.03547583109903597,0.02719629163852676,0.007825211238984582,0.06256269967418694,0.03488498677968269,0.022422242004359147,0.04056745045484194,0.029909312234419273,0.06571418149456984,0.04077624690658568,0.021607590176107763,0.05017266495048964,0.033200000321237,0.032617437083703085,0.01760051373028768,0.025383474981353727,0.07393571285382847,0.02664761932800274,0.03625602176145863,0.03433576812164976,0.03213330485076746,0.046899309844222845,0.01774536365027887,0.03696254430175582,0.04008505189333923,0.019837872742890488,0.06697967482968811,0.025552062283285274,0.04921140519692092,0.03772817277284151,0.05915389120768307,0.039994399776240766,0.029133425892500876,0.027803657128729738,0.037391518568641674,0.046852147947490916,0.047465546324716716,0.02016935178292023,0.01844617642931785,0.022519075774094417,0.020753266565246502,0.037959172086670386
Chile,0.02564808471530706,0.017512556880465595,0.03733710027668571,0.05205871692519439,0.021188182885374458,0.019412962083288104,0.05030750332849328,0.019150743719301932,0.02298958110101128,0.020367415514622268,0.029696366302622172,0.018183855863320587,0.02397560616006711,1.0,0.035162339734078465,0.02346671942608231,0.016504145471542362,0.02691568278187303,0.040733800317366994,0.03367230014625245,0.023197072957574876,0.025839471637320147,0.022555364706602635,0.040333878594300494,0.030264851843523236,0.02025721773142007,0.018033945565035125,0.037997304313273014,0.01811552854374446,0.024955184568010626,0.026252547890702325,0.04375361031504136,0.054905056278897996,0.02439689886170803,0.0231608454439049,0.02700034766411095,0.024044223092256577,0.032581542127324836,0.021220062208678524,0.02968041707139255,0.017147260672386918,0.019734943902989792,0.059443075985968215,0.035714420652067654,0.044894467578152866,0.027947627085346333,0.018025871662898204,0.057122451571013706,0.02255287813697661,0.023623349926272744,0.04270254678500889,0.03345361404408501,0.01819463067722898,0.03251497508109146,0.04044850397001862,0.08690594798237992,0.024734874119707657,0.020292398121679725,0.023455752610982962,0.022044680150600633,0.027137580193538097,0.012988847890823907,0.039863172235338265,0.03351931230093838,0.018165910797355068,0.08201743634179683,0.016092583047909986,0.04210449390125143,0.022151819826147067,0.054024955782887546,0.030106513120082667,0.02151882730494825,0.02887780203290346,0.024223353835651613,0.026121395165075997,0.042169157990842907,0.026925718055203295,0.0261763267299956,0.029900898928477592,0.03349695508033102,0.02308946133371225
China,0.03136102491548816,0.02886686905946741,0.042809165473516264,0.043121343353485074,0.01878260999464591,0.03877189547930068,0.06208367078981821,0.03259344742201777,0.026744377303034306,0.03486454927929078,0.025695834557543224,0.0262500078566284,0.03684263074605808,0.035162339734078465,1.0,0.026267251966816535,0.02086749919670133,0.03987903931697581,0.019781867802257512,0.030865693271881035,0.031054415171319755,0.023533624795726397,0.02662029367739245,0.06226192223125416,0.046090597466648654,0.04653641957845914,0.029510297341825,0.028813590608756465,0.021220985969855326,0.023728108244517,0.02634791307044076,0.0214357115055002,0.06106889749485586,0.03586045265242287,0.03287161951307186,0.04264192350399486,0.030250844550844005,0.0485968458934175,0.018506516545068356,0.020908306286867965,0.030065145040934074,0.03005493295894565,0.058918744092242015,0.031694919963278605,0.04340953364141962,0.022870991356223645,0.02478216086292359,0.03436835167634789,0.029999560672619004,0.024776555061528472,0.04603945200450025,0.0509117552589917,0.027841326635712767,0.024953745721303797,0.04125608414508595,0.0685537777568444,0.012727303474942823,0.028461227637037678,0.0244027698401315,0.03485682217028811,0.0372882285787103,0.04076769310239347,0.04882474556058285,0.042172420230757346,0.040767517509230085,0.06740587723501765,0.029199852872588073,0.024934009536466187,0.027340132993713115,0.07287536725284263,0.022742027382973803,0.024331296324099166,0.03868593583216553,0.032411978400947915,0.03826271074003518,0.02991174037243024,0.0286720572799041,0.03286268558228029,0.04732077672033854,0.047479702596805826,0.025810352363405526
Colombia,0.027970610375657096,0.010752020336963269,0.029653809278114385,0.05409592852318066,0.00962315328430544,0.03465829274962158,0.040287029904778116,0.012452505160969428,0.003358478197141789,0.02661190120310794,0.024459682870710917,0.0054183906923892045,0.031322962163855175,0.02346671942608231,0.026267251966816535,1.0,0.013429621968650402,0.027650012441879153,0.03602473917496682,0.020913153752590476,0.02019027309256694,0.026972253550459423,0.009673037822771033,0.049066025629159224,0.02001490806964657,0.024663403516368008,0.028196912146379257,0.015206094962004023,0.013633741704497939,0.005819824201585006,0.007135862373427272,0.03372176385298983,0.05063258642943771,0.02089554805322816,0.011790860714581854,0.020409919391413733,0.010461763168418039,0.023751369657910144,0.011248729588709667,0.035338974795528486,0.009961132491857044,0.025395310230447315,0.07266757089723136,0.03028058391619138,0.043052146195004845,0.024002119342331443,0.009789954268878975,0.05483556116637947,0.0169648330577314,0.012611410232555683,0.025413382706463997,0.03628966116348743,0.012489318974452265,0.03133881513613367,0.03226095963281124,0.08756721290643356,0.01631206074834587,0.018181627558735765,0.01098007914944586,0.017433348364935413,0.027201425810831834,0.029753414162392643,0.027442910416088945,0.03491082719779724,0.03193642013206532,0.07817255434068915,0.010519349989393705,0.037855715551192555,0.027548351051425054,0.05436490254045974,0.012801169644462679,0.012752459899130836,0.016987677994550292,0.01780602412711653,0.037293788610098876,0.047220281844674,0.016304348362867867,0.03582445049498773,0.02926538926210936,0.03196649771056429,0.01618786296567155
Costa Rica,0.024001980062346658,0.01117109807819329,0.029858882627594643,0.04685482339433084,0.006678026825378172,0.02600033249123836,0.04759427783806007,0.014526858321806927,0.013075570748732583,0.019228798789677117,0.02140069941931067,0.009987142062748377,0.023633584167852727,0.016504145471542362,0.02086749919670133,0.013429621968650402,1.0,0.024111498755022675,0.027502721775836615,0.022394129138051222,0.018580532626340195,0.020546182610933057,0.011746819273565303,0.0461824459651027,0.029875869726334398,0.02849686145530617,0.01687458582665915,0.025472460803922944,0.0066418855889518414,0.013434993990269662,0.014770724796123043,0.03054319069036285,0.053074365756832394,0.022184804845479376,0.016897588644781508,0.025285711592675456,0.015195531426448552,0.03316143157287839,0.005979077044761035,0.023525637830765174,0.011208104561803036,0.01680955285502241,0.062450160390031435,0.02473830428108769,0.03804803546566754,0.018668345993715266,0.008109386846751611,0.048408956474384174,0.01897948668778966,0.013324046534350188,0.038104999506727126,0.03354441931219291,0.011599408026875622,0.02315366740710945,0.03234960842223075,0.08036020946775005,0.010134569900682046,0.014964274303645787,0.012330460091996086,0.017438492796141018,0.026430698196671754,0.021740437425882688,0.03635610424587361,0.029598074280229023,0.022885664420330652,0.07547200499678335,0.00959878400159387,0.031065602119592462,0.01891621420180502,0.055783762489669465,0.01991876569307529,0.009984565483687818,0.024398460597559884,0.01810063655296178,0.03067066307876047,0.03595492131913314,0.01740358864125594,0.023458284872393813,0.029838621963892923,0.031986881737239674,0.015113253679642316
Croatia,0.045639307190211094,0.02691014745813142,0.019886787179481513,0.0661962861857044,0.02823697151447,0.02722944972653235,0.03465571750965364,0.025359958229260196,0.02811928033259506,0.029778981708356602,0.04232589266975838,0.026056868529156334,0.01406650955681984,0.02691568278187303,0.03987903931697581,0.027650012441879153,0.024111498755022675,1.0,0.04060634882610268,0.019197510159113213,0.03656141750694887,0.04375533368921229,0.026079330519043546,0.026883365524512252,0.03094470712157674,0.03440693052402865,0.03197977405201912,0.034525069643685874,0.029429710625488777,0.026400525360007268,0.023388605451850942,0.04982842365603824,0.040119788553564135,0.03820079503669,0.018122337779814226,0.02953274677219187,0.018093778846510887,0.04038971592095021,0.025169424423402812,0.041838682333292514,0.02260948472990857,0.01634024221115402,0.07524844938706267,0.028893129966906683,0.023421704316262025,0.039678496662799996,0.027452466288982347,0.07009299195860925,0.03932881976097448,0.020628920712044207,0.04564210902699413,0.02260634241839736,0.02961451377125268,0.02447816212586989,0.017162193201054606,0.0847518761878402,0.029039112749365215,0.033929448624033215,0.030634413596067025,0.02503626831023133,0.04458909327306039,0.01939524477860077,0.029640668187727856,0.03367386458396155,0.01966998934808893,0.07551008927137916,0.021556731074821745,0.049184290818952994,0.03901820998900416,0.047619548046669,0.03917282523665072,0.025504809672634347,0.02129026423104236,0.031936485913418904,0.050566279208850186,0.05279161946905501,0.01700092461725369,0.024444613754658645,0.010832083854091583,0.010317509474311943,0.035657790724394525
Czech Republic,0.035898210537446754,0.0340154889859929,0.03858579048985376,0.036130973761167466,0.02772025312454223,0.04503418545462059,0.06467534256534366,0.03639632016175976,0.03509496193410957,0.031196041224255965,0.027498965223570565,0.0356131099275442,0.039776580337731265,0.040733800317366994,0.019781867802257512,0.03602473917496682,0.027502721775836615,0.04060634882610268,1.0,0.034050714366542764,0.03320077906346565,0.029504080775282066,0.030860529457208425,0.06495005912883613,0.05412487086830615,0.05487241594269149,0.027531829781296695,0.03971329865759586,0.027380589063660716,0.035037315099450364,0.03505465024819622,0.019407643460402774,0.07049509836691126,0.038971153811035435,0.040288135916396135,0.044636225305172354,0.03693255010725744,0.05577597931293168,0.026920172820886643,0.021949842821333644,0.035356078177065764,0.03495063541894442,0.06507429360775183,0.020997154943510066,0.0430279532334651,0.023598231752250315,0.031000442406857863,0.03577490857247354,0.038302261686062426,0.034662866082227586,0.05957328862563409,0.045425373998059564,0.032802761768602466,0.029071634080948938,0.04257777975396129,0.07451526197922581,0.02523679649791471,0.0313265521174694,0.029624516840163945,0.035299065572491344,0.04015341784623747,0.04165852228555493,0.05798296121083845,0.03271047369695705,0.03829129087895337,0.07839496428517462,0.03434670323603041,0.015713742804408116,0.027736939546474073,0.06703494291483898,0.03745904272989721,0.02789673552982988,0.0473002846449873,0.03336089577372796,0.042817604129562314,0.022746165905171905,0.036568283975179,0.028018535619205098,0.0493743107091878,0.04984701972391806,0.030644500819807605
Denmark,0.043443376587720337,0.024840942721317323,0.019175062611705228,0.062334646117809166,0.022021045655523385,0.03801144739129501,0.033580235773238334,0.023854425358878766,0.022047367108048947,0.03258362960367463,0.036094019703278045,0.022812098349276007,0.026481882727242362,0.03367230014625245,0.030865693271881035,0.020913153752590476,0.022394129138051222,0.019197510159113213,0.034050714366542764,1.0,0.03360231648100833,0.04103687444298186,0.02041482589570595,0.04259903336177684,0.029687592190560094,0.037571948357373694,0.0356349436683773,0.02196893951346065,0.026204451172697662,0.018547788318109618,0.0143021409760646,0.03935394587808811,0.043067123193097814,0.0357767018262608,0.017351357395332716,0.02909281963988282,0.013749413711197546,0.03856619416252817,0.01874931872498597,0.04140082675146625,0.021120554470269694,0.024479898617195732,0.07937061300319352,0.025407152323836002,0.028393894561286333,0.034250858454884424,0.02408623878077825,0.06302347717753914,0.03567361918247503,0.015086813633065474,0.03804553587947852,0.031429084878531056,0.02723623461452795,0.02516125491492983,0.013620868199324718,0.08339441122375969,0.023072359805504268,0.03153503994492907,0.024016807479798005,0.02435290953620442,0.04183061516954491,0.03225432419033595,0.027108601079448978,0.03535485459658279,0.032787746596156964,0.0727876588191241,0.02158894655239387,0.04212300883006349,0.0381794133030153,0.052629040692840565,0.0303929527207548,0.019339879698051364,0.019814968913855556,0.028688028914048615,0.05200658644398284,0.05124904581847928,0.01360749718307096,0.03243258864264551,0.02318057176604685,0.022867847174199166,0.030984619715944503
Ecuador,0.013293958950089696,0.011590531054710937,0.03413294050674299,0.03832795442816185,0.017058282649445998,0.04037923185859155,0.050837741421728144,0.013526491082970915,0.01725347788454558,0.014386686270156398,0.010663720849728182,0.018629730334707353,0.03966300994687685,0.023197072957574876,0.031054415171319755,0.02019027309256694,0.018580532626340195,0.03656141750694887,0.03320077906346565,0.03360231648100833,1.0,0.017497991412340905,0.013889140962175963,0.058124601329758385,0.031469966945773115,0.028569452087427012,0.018636842160898875,0.03237354436651816,0.012686593416514796,0.024746330721009003,0.02510743133553841,0.027556063618304275,0.0684209448263928,0.0060262236652304894,0.027699015479158765,0.01939379296312408,0.026083040515856932,0.026910437624279117,0.02034771526432798,0.03066238920609985,0.01632166863967008,0.03395235290130409,0.07130437293015203,0.02694807217509065,0.05424064130096086,0.011768521573984104,0.012318222198123018,0.04755888138843983,0.011092878259724805,0.02887642342645432,0.040785980220203626,0.03434657737067358,0.008813387709397639,0.040937764522240655,0.04513694551000686,0.0964044631518683,0.025653636638902078,0.0038079037600181943,0.010985719808173419,0.014159181791286224,0.009624193510717563,0.029949903618233933,0.044960867559237123,0.02350421920539085,0.029871831881182316,0.0930996657683385,0.01690023932399974,0.02788788204551998,0.01379260734682036,0.048971036492027165,0.02409162394337192,0.014913341911159112,0.03436019642571312,0.007331340067039014,0.02479981348001753,0.03845224866459679,0.032703828972213654,0.03543180547434242,0.03900113626671786,0.04359677042583921,0.0060570707471754226
"Egypt, Arab Rep.",0.009611211069484569,0.02229216561109368,0.046092859719948864,0.030959759502200736,0.01985470328562813,0.03792313452670075,0.06472158628409205,0.026597964885649562,0.02539417202966275,0.02408847233684297,0.01378756614014706,0.02435256764873484,0.04143860153541583,0.025839471637320147,0.023533624795726397,0.026972253550459423,0.020546182610933057,0.04375533368921229,0.029504080775282066,0.04103687444298186,0.017497991412340905,1.0,0.02452361375853868,0.06416240680372304,0.043129483015526056,0.03743867886745871,0.018042226165965947,0.03751286228648885,0.01564774428208223,0.028925402118938702,0.03180631432253206,0.024349334429962087,0.07186850947477039,0.02173785784808593,0.03530984395484266,0.03537961789227858,0.03399608711479074,0.03985694913154252,0.02297184480989252,0.01853624850675537,0.02649590621159198,0.03438359587476699,0.056729482323478526,0.034225849537073784,0.05639433727178383,0.01238075049833137,0.019834493622312658,0.03355459182510419,0.016489128767381844,0.032279272982095354,0.047264370187024944,0.04728160697271733,0.01926633666308986,0.03838620013433414,0.05229630418980676,0.08503571576796935,0.0226840244972194,0.01585913368870992,0.020545798438887302,0.02875318991805994,0.01961491633411032,0.03506633364810345,0.053754952460656646,0.034901924221699514,0.035229629370632294,0.08582921766026545,0.025687136618357916,0.02352435042790454,0.01061421551061749,0.0652905699548364,0.024191809902370433,0.023630169250180882,0.04235171217035494,0.023458555357349968,0.016436135930143345,0.02710313887980522,0.037035716120256114,0.034613468634123915,0.048958607781732,0.0519625689374541,0.01498690048517303
El Salvador,0.024656818885253673,0.006242702292959412,0.024301398731855103,0.04811149363819464,0.009353792276431424,0.03586864145097805,0.04068646753529803,0.007120818146997806,0.007214678033609581,0.018392862696528133,0.018972748225306077,0.010010690002333967,0.031188629932068758,0.022555364706602635,0.02662029367739245,0.009673037822771033,0.011746819273565303,0.026079330519043546,0.030860529457208425,0.02041482589570595,0.013889140962175963,0.02452361375853868,1.0,0.04976546994487888,0.02393289905434922,0.027020108059005246,0.022362769863839012,0.021205809527162903,0.010159136040546924,0.013404271193447635,0.01198487156823276,0.029424862730398862,0.05622675222732666,0.015908490491082367,0.015630492684033822,0.016081069996383757,0.0129743734935934,0.025458016358889814,0.011007499074662024,0.03245388066867433,0.007113974559984379,0.02575412998394144,0.0734834359614275,0.02212848988909565,0.04288999254022145,0.01811263891005978,0.006194304739170714,0.05267363505553289,0.016596799253598034,0.017038301413951205,0.03359582881292756,0.029707181309079598,0.007638290076482236,0.03175030678821122,0.032161418333293466,0.09025513632963193,0.018075978111606272,0.012103803242361582,0.005139406655799939,0.009554147533926416,0.022548415915902946,0.02675537009382879,0.03323231195076048,0.02543444137503134,0.02714612792616319,0.08355745921715456,0.007948355688715221,0.03180564857340117,0.02206382689721583,0.048118110617390436,0.01926894540449354,0.0060547621343306525,0.022416948367376614,0.009718921728757787,0.0348962191875658,0.04254986818019492,0.01991206507050782,0.031510409194614016,0.028738667675517787,0.03230300384277455,0.011506873480065084
