Country Name,Albania,Angola,Australia,Azerbaijan,Bangladesh,Belarus,Belgium,Bolivia,Brazil,Bulgaria,Cambodia,Cameroon,Canada,Chile,China,Colombia,Costa Rica,Croatia,Czech Republic,Denmark,Ecuador,"Egypt, Arab Rep.",El Salvador,Estonia,Finland,France,Georgia,Germany,Ghana,Guatemala,Honduras,Hungary,India,Indonesia,Israel,Italy,Jamaica,Japan,Jordan,Kazakhstan,Kenya,"Korea, Rep.",Kyrgyz Republic,Latvia,Lithuania,Malaysia,Mexico,Mongolia,Morocco,Nepal,Netherlands,New Zealand,Nigeria,North Macedonia,Norway,Oman,Pakistan,Panama,Paraguay,Peru,Philippines,Poland,Portugal,Romania,Russian Federation,Saudi Arabia,Senegal,Slovak Republic,South Africa,Spain,Sri Lanka,Sweden,Switzerland,Tanzania,Thailand,Tunisia,Turkey,Ukraine,United Kingdom,United States,Uruguay
Albania,1.0,0.632991457062033,1.0359628825680285,1.027663354601556,0.9533886130518936,1.3874996369853254,0.7783648582467647,1.383764028953578,0.9965955337642975,1.0458559048054865,,7.338911679723805,2.427569023864701,1.8109010017861094,1.5529001816375503,0.8742937224180848,0.6673337097750707,1.1328059654531555,0.8365058730563675,0.9018714557760786,0.7322946996841824,1.1859786457057349,,1.3453815607251915,0.983108038180854,0.8028926084004839,0.8477685900557319,1.137872017096448,0.689866523928782,,,1.215773770657305,0.8986914488868831,1.3514557828211031,0.6909360704087045,0.9982008552696314,,1.5336221982310303,1.0008215934407676,1.0454411721228574,0.7591541047768221,1.4221456554740106,0.7482646201702852,1.1676230370088019,1.5453541573579106,1.287480726592287,0.6677082936282112,1.522628851403455,1.1922923955938423,1.1761544072267838,1.0303004249724523,1.0273168083201756,,0.7174806258412771,0.7793190178918205,1.2287358352976065,4.086031010613675,1.1154133531119887,1.413395071199933,1.3273131722298812,1.324069266708424,1.2260639470031993,1.1843335996775575,0.9909624738575417,1.5364027963804823,2.285840012659004,5.722269274899799,1.1936685493954569,1.7445357823806227,0.7844428096888361,1.6001130144201925,0.9331968343772664,1.779956467353758,2.075620219810099,0.9588859500023044,0.9164229580751441,1.7893104075185264,1.0574589457200627,1.0997866925013964,1.1379464996610638,0.7896628932644008
Angola,0.632991457062033,1.0,1.2220266961171533,4.0681814118908,1.071180851128681,3.774640064851603,1.1600931683991393,2.0379703100000723,2.0923118756850454,1.5378360754523375,,4.758479247865195,2.659823256461152,1.9580473970997927,1.415871018588855,1.5170881965882375,0.8434782951356758,1.555502375303821,0.6482274798956352,0.7615213273865667,0.6763864279452334,1.365907872175702,,1.2447407226017804,2.9477089998376407,0.7705742508807815,1.099240951211374,1.0298874146223584,0.8105541745185022,,,1.3765511877038494,1.6624885158475695,2.298183350373984,1.2013252600377806,0.9313144883539232,,1.4583496816832628,1.854649812524852,1.1041701817953273,1.5423918916534523,1.6776688736011098,0.941060125297382,1.130597983576231,1.3543334556888897,1.4933737799450424,1.0207379418130011,2.587211469816913,5.4125748038386385,2.8964216186197835,1.0387207092642772,0.9718877149545222,,0.4853628536689191,1.2784097585128833,1.5424748516802762,5.2204237109431935,2.7058405833943566,1.360045677140767,4.6480260879846504,2.1284906028885384,1.7339695311246304,1.9257130120042956,0.9180623062075979,3.595926511427374,4.70119825620887,3.634653865518947,1.101840418913602,2.005979521775316,0.9606029723929516,1.7727017399463194,2.680321521451104,1.3934787421345307,2.938135776415587,2.444192001223961,1.297626774104701,1.2525681843042986,1.4827515134855118,1.4523613943873952,1.52583295983375,0.9206877499030548
Australia,1.0359628825680285,1.2220266961171533,1.0,1.1225539891429737,0.2672817743528468,1.390613783211182,0.5129023441749643,1.0154418198077595,0.9845384770805713,0.7801193833686585,,1.9679523850613927,1.5951768037251641,0.9663720784423055,0.519097718883019,0.8725183428313309,0.62614878043674,0.41633401004499926,0.357360589265821,0.24728265982001427,0.5108311804646034,0.4070636949612201,,0.45042130938592984,0.8266431618380137,0.293443292506771,0.6941276026213778,0.39266474223864395,0.26915157886240565,,,0.47473505535670724,0.6998397644177686,1.0707352533873256,0.41179394492968013,0.22266109590552263,,1.079715448217232,0.499226680008797,0.3007311667028033,0.45396726851243124,0.5718553220136743,0.584202577903973,0.3198675025829849,0.9281007150108551,0.46513765731280254,0.6159194134870315,1.367744829689148,1.6914501754423923,1.2812556773588368,0.3481662393754958,0.6262491857634468,,0.3892399536967751,0.6697351245045232,0.6558808791854794,1.801371345188924,0.9545340463087322,0.4580174090897701,1.4774960477482602,0.9059771209792089,0.5775527775312252,0.5888915112671503,0.34521185789508624,1.0064532156204289,2.378255059914433,2.5729758237460167,0.32769317270999154,0.8138727078535363,0.2046205748384708,0.5711329041443517,1.1393340242170247,1.156908183141499,2.3784541713450134,0.6757230051717188,0.43836854208034315,1.1263910506450525,1.0655624265081158,0.2647715730289556,0.5062512689687652,0.3396429062745394
Azerbaijan,1.027663354601556,4.0681814118908,1.1225539891429737,1.0,1.1003390204000671,1.2057069583635678,0.7777629544937159,3.283489707532041,0.8289058100147936,1.217495614099188,,5.25374839292358,2.6093437612295967,2.2481714018076935,1.952306764657034,1.4933751183883066,0.9747486512617279,1.1567228460654762,0.951774807869619,1.1123028293681771,1.12192182077373,1.187467069779019,,1.4684963959861819,0.7904396958482535,0.9354575784611697,0.823416648082413,1.2247484415892145,0.8933929671665657,,,1.275975111857087,1.3168763474570888,1.2998900775032096,0.8762602416362998,1.159405932020337,,1.301800933615116,0.8628929819959273,1.1431624870915642,0.8953191121823256,1.4626288550610673,1.2321174332315263,1.302426616262736,1.6182798918726957,1.3635043447117823,0.8569910636346881,1.121169286301093,1.1585149921047413,1.487828349370923,1.269526447518608,1.1635847913207358,,0.899418500676922,0.7513916242305941,1.3955022532337222,3.6627000252818327,0.8965170665776098,1.7589828613239038,1.5640962776547223,1.5346420942296894,1.4592198642969205,1.090769359008956,1.2493882902911626,1.776235370148659,1.7865222579201452,3.657721825660167,1.2941029713322372,1.4280799377674338,0.9588796977792535,1.511476777482311,1.0259678151859364,1.7572010247807206,1.567853303282206,1.232080976689375,0.9814942513849261,1.8342588050230375,1.066669026074165,1.0200416258356693,1.228651705112154,0.9060343511745219
Bangladesh,0.9533886130518936,1.071180851128681,0.2672817743528468,1.1003390204000671,1.0,1.4083918848834938,0.5652911579643948,0.911204333681528,1.1544451615939588,0.8267380466421672,,1.9067960831497817,1.4535284831529105,0.8530236916448714,0.4594626290364543,0.857183097445922,0.6525218366327523,0.380080064092215,0.2644125564386372,0.17487589682562793,0.48604059706573616,0.32879321600344336,,0.3685139298250881,0.9335702877111918,0.2687672072252102,0.712429305456549,0.23986056144484016,0.2648290503584906,,,0.3388186476901211,0.7454019509520632,0.994406003965654,0.4176839499840117,0.14745824525040244,,0.8672411741570175,0.5681589202429574,0.23250048547716953,0.4774600400185023,0.5453649977815643,0.5306457807827942,0.2030318889442215,0.7194056323114362,0.35091642355878255,0.6679078453184092,1.4045974900444753,1.6486187574355877,1.367898996268825,0.20867101305184885,0.4889089012242885,,0.3408491929560997,0.7744744375350103,0.6126911017460552,1.9994673864765093,1.0351246947367907,0.37438414179985646,1.7331788091027662,0.8418090742191416,0.5194607862954718,0.6165194347011602,0.20048603101654203,1.1023193062312187,2.7207315705414423,2.434107537435859,0.21965772048007315,0.7834303596152468,0.19074058443668962,0.6506540920903704,1.251399891172498,0.8916314357542059,2.6598050459452582,0.7790442867841184,0.48995218884659164,0.8304283355982834,1.1177960868625778,0.269855125261907,0.4714937496159952,0.3370368950827192
Belarus,1.3874996369853254,3.774640064851603,1.390613783211182,1.2057069583635678,1.4083918848834938,1.0,1.70083360582145,2.751672873476396,3.017606051591581,1.2059188033822221,,5.920852898529246,2.8774526099985143,2.241228607919627,2.074849597959236,1.4017664745515503,1.412732162741569,1.9444532525887386,1.3306701061433215,1.3350531983210803,1.1234907466045418,1.8813393671899405,,1.616867763864668,1.9597680247287033,1.2894532757410635,1.9241707287790315,1.6608137408369628,1.2751438713588135,,,1.873544719799999,1.4200989913360957,2.1160669283115086,1.6017431885482252,1.4267581858927014,,2.247031711812888,2.3027439191750987,1.5222287202823086,1.6517885253795133,2.6030019415076344,1.1362344385637342,1.583498614318789,1.3706760165143963,2.0504515551244817,1.4300402274153463,1.9065617707697506,0.9305708831321758,4.138037534910482,1.5091942450373117,1.4405324205808931,,1.205298255608508,1.6502099150552045,1.4407556905903887,6.216923495804061,3.094575373571414,1.9763900513438808,1.7429087614662626,1.9012941662408636,2.3547911311285152,2.3598500021464224,1.478047470391466,2.215606944879239,5.814629419657468,5.736088555784411,1.7237414353477651,2.9817102731662013,1.3889989840409256,2.011954530696009,1.7018286745385018,2.2936802695967478,4.857993126621403,2.386033978847132,1.7407161500230588,1.9070950742659454,1.3475381244830476,1.6776353670672959,1.9825249372306477,1.4833615504045332
Belgium,0.7783648582467647,1.1600931683991393,0.5129023441749643,0.7777629544937159,0.5652911579643948,1.70083360582145,1.0,2.5574574354102797,1.3550413188552166,1.0071489637272197,,7.500810015682557,2.9618999831558463,1.823829791868289,1.677751729239108,1.2327450216136526,0.7951576520963493,1.7639395068635173,0.7639910752245093,0.9162144093701075,0.8818596793517238,1.2039334139925286,,1.5493297480035066,1.3032836649078163,0.7043307924249944,0.8279960293362199,1.0783173866853466,0.699580706351076,,,1.3818288200413944,1.345801948490344,2.464769130067129,1.176808162599408,1.0656629586481574,,1.3150109261039409,1.4927019787496036,1.1558197627470375,1.0695176308136718,1.6857276490554496,0.9633098930267895,1.2818287428843633,1.4083888990872202,1.7890626403007623,0.9032588408711036,1.5326756158643124,1.3223333217571385,3.858773612579185,1.2836602925632037,1.011273287353269,,0.6840540979445107,1.0153168893689883,1.6548042438157549,6.877948160543019,1.5870748055854784,1.5696667487802818,2.6161241616510504,2.114833327591703,1.8448764082047813,2.2085598392010497,1.1101862379727263,2.288136276427763,5.364074721859788,5.022495198748921,1.1846777261387782,2.105175486067791,0.9379832573009985,2.042547729677732,2.452339861809606,1.5294044225522447,2.5478682303291382,3.1568750797225027,1.2166056283523092,1.478623619046034,1.0428272608814602,1.6044158100847568,1.840312493681037,0.6600574984096226
Bolivia,1.383764028953578,2.0379703100000723,1.0154418198077595,3.283489707532041,0.911204333681528,2.751672873476396,2.5574574354102797,1.0,0.7293361805599203,0.8343985278714241,,1.534567091887321,1.060723645307004,0.7263846272023311,0.3911288083717035,0.9430929686473017,0.6846110965432564,0.42364997406227856,0.5021573839642878,0.46018532074877166,0.6521732957054679,0.48178016550368197,,0.48068840207567504,0.6634801059906671,0.48690033402154853,0.6994261856876278,0.46965749239076915,0.4809105906273707,,,0.5171895772688401,0.7644848599661516,0.5322968400864191,0.5409623302488006,0.4341533841675512,,0.8569433963972676,0.421596940120375,0.46652085135075144,0.5687121632608384,0.4600631918561446,0.6874654152510861,0.43363496652420397,0.606152397993629,0.412064137326169,0.5142441698323063,1.1256393608527364,1.1029657510682627,0.6475995058613989,0.5101767123736697,0.6985736581009588,,0.5429081569439838,0.47399262522844265,0.6214583331622999,1.572400904815701,0.6540849834395392,0.3611313818162298,0.7879939401889235,0.9218481711038571,0.2691198839978923,0.6516414150754083,0.4895785533044377,0.947249378318252,1.3480206336685494,1.9219624585478015,0.4301790899197723,0.748773761210779,0.4513375437899543,0.6561688925043196,0.8536463623785951,0.7920171341313249,1.2669124016076712,0.6375388414732905,0.6107142739603805,0.7888011727559249,0.9745161701164531,0.4086932595267709,0.5835491460934387,0.5086257490576682
Brazil,0.9965955337642975,2.0923118756850454,0.9845384770805713,0.8289058100147936,1.1544451615939588,3.017606051591581,1.3550413188552166,0.7293361805599203,1.0,1.5379924197764165,,12.22815136097796,4.288654587028016,2.385361366962065,3.4196723854851125,1.6355171468258949,1.2703043736039334,1.6702711117659532,1.1860514068510848,1.4934708966766816,1.3338367596912453,1.6220420440361834,,2.117745134524154,1.0177293080028598,1.2200038780404996,1.092586862384086,1.653038910191566,1.2017562153007189,,,1.6919862005319957,1.6291557876874903,2.0939132015184487,1.1415105588360852,1.6743934734094288,,1.5028658578560026,1.1915807570744057,1.6803338078808387,1.081273060797978,2.1325946868831642,1.4849445521989912,1.868643247519311,2.000442048946884,2.062242023489626,1.0870906592431073,1.4159804938650382,1.3909723652400998,1.8871910826433786,1.716684570498504,1.4212597640980098,,1.0897558531576603,0.9299400574473603,1.556323480042935,2.958996248553153,1.251950602925261,2.6938784327225767,1.6779097694894134,1.7608845436621745,2.3045623324535924,1.5297269820081119,1.664976749198465,2.484543416753924,2.3600655167101543,2.514442894176491,1.836300772842296,2.384372923573351,1.3608454482492836,2.090897811535563,1.0944612324092304,1.879744725131015,1.5983342471105766,1.6918811500139388,1.3300967280225087,2.1690665164105187,1.2147170365833504,1.5988058273933416,1.626372832615505,1.2329121416789708
Bulgaria,1.0458559048054865,1.5378360754523375,0.7801193833686585,1.217495614099188,0.8267380466421672,1.2059188033822221,1.0071489637272197,0.8343985278714241,1.5379924197764165,1.0,,3.319964819437197,1.7514883736297866,1.4573579763021696,1.357398303231569,1.0589644165160823,0.8539832347991325,1.1663178051860106,1.082023506331244,1.0972583272626635,0.9952867783545409,1.276342625074814,,1.3991809416359777,1.1167867977469441,1.0089644225341516,1.0458411918527935,1.2815475688708813,0.9361425084054248,,,1.33104818214663,1.085708149815267,1.3640232392043523,0.9619479431588003,1.1363313815714762,,1.9626077722687636,0.9720676031687645,1.154294786175769,0.9528300475457355,1.3306645271277608,1.024924493415734,1.2122508266802339,1.7660442664046088,1.2333178258648363,0.7146460528588258,1.6309460622524388,1.0337476911357761,1.4778513714423374,1.2175072817391719,1.3478629240172468,,0.9789099398177318,0.8353481378356501,1.1119197053857148,1.8308187555907411,1.2719807394427445,1.3090764893058475,1.5250658714343772,1.246505830722103,1.1504647372566956,1.379139918054532,1.2042930836729262,1.5888993393495725,3.0368439029508614,2.3026940096151045,1.2286133384715063,1.6095181526619728,0.995729477930727,1.2956354217783195,1.116551780722675,1.6948129617404244,2.410196492897451,1.2932544527053482,1.0575540679631072,2.1322562601923796,1.2646540854900745,1.1325942574926657,1.2694524522068005,0.8791390703731234
Cambodia,,,,,,,,,,,1.0,,,,,,,,,,,,,,,,,,,,,,,,,,,,,,,,,,,,,,,,,,,,,,,,,,,,,,,,,,,,,,,,,,,,,,
Cameroon,7.338911679723805,4.758479247865195,1.9679523850613927,5.25374839292358,1.9067960831497817,5.920852898529246,7.500810015682557,1.534567091887321,12.22815136097796,3.319964819437197,,1.0,1.040130242245281,0.9636278397904942,1.2410006044131914,0.8120803462102801,0.7520634804180958,1.0834385670692266,1.1472172758190453,1.3186197629649996,0.9585995814679475,1.4078945879482967,,1.4066823211871773,0.7577334603152797,1.1764715443927858,0.9091373597096986,1.4399442483144873,1.1210173188711012,,,1.3160744257971297,0.8306747710225761,1.0246123517244714,0.9243009804890352,1.3578166547342931,,1.00406541656398,1.0149442764168624,1.3575817324072694,0.9320242985111604,1.4282772443295015,0.8673993572433542,1.3991720490296082,1.0498509877854776,1.3231688805122765,0.878148949206118,0.9388195123412263,0.8456332990656403,0.9117306025977248,1.3341028518363631,1.1346016719750074,,1.027297076477027,0.8630140082130993,1.0292414779387054,0.7506047955372882,1.0114840525786506,1.2519318102214916,0.7945963994961798,1.1104918716943883,1.206675147401617,1.0927962258507773,1.3587248708888686,0.9287136753112688,0.7954958128072112,0.8296864853319905,1.4825428771207072,1.105545598386657,1.1502850075460411,0.8617473531052119,0.7293542349892707,1.0731306608166082,0.7552317764047114,0.7828747227226229,0.9532489084391835,1.1134619388379912,0.9038439777535967,1.2128127352725109,1.1492156308443824,1.0301910810292634
Canada,2.427569023864701,2.659823256461152,1.5951768037251641,2.6093437612295967,1.4535284831529105,2.8774526099985143,2.9618999831558463,1.060723645307004,4.288654587028016,1.7514883736297866,,1.040130242245281,1.0,0.7193125889935926,0.550578837334228,0.8448053760268134,0.6215367498430123,0.5768846490360756,0.6327315944291346,0.6014724186142384,0.7380023429466663,0.580953026148113,,0.616616889909194,0.701679163231374,0.6187798978412585,0.7578239873083232,0.6137711816306064,0.5952376691489107,,,0.5894519352332911,0.7306550404111667,0.614344910412265,0.6237224007153171,0.581446170927393,,0.8053269261564241,0.5497203987901053,0.5971600526216918,0.6479342791545658,0.6433210324109514,0.7406259889532272,0.583485409161874,0.7951548677830461,0.5481521222121566,0.5333018732201494,1.0970188602922974,1.0520516416980228,0.6322055058883834,0.589859959226312,0.7204529840880195,,0.6460670088558133,0.5731608621495313,0.6912826589509421,0.9174330083104697,0.7317611864266326,0.5839399675180298,0.824783009025262,0.9259850987892876,0.5153515511981538,0.7624919056060865,0.6095297356030313,0.7210500759011017,1.1604668669414409,0.7482226908468929,0.6042486113383561,0.9037431094720505,0.5786721573232151,0.7169442177238391,0.8133079035835895,0.7206119624999202,0.7712134860653278,0.581681690809872,0.6896731272188692,0.7068821374687988,0.9228926805772315,0.5568607426776332,0.6795959292453839,0.6287555915867851
Chile,1.8109010017861094,1.9580473970997927,0.9663720784423055,2.2481714018076935,0.8530236916448714,2.241228607919627,1.823829791868289,0.7263846272023311,2.385361366962065,1.4573579763021696,,0.9636278397904942,0.7193125889935926,1.0,0.5138971251061092,0.8322459093507591,0.7081203383133182,0.5925177050726501,0.548538728428845,0.5293804691449101,0.6877644857357555,0.6260663693463487,,0.6412815251882575,0.7809971940185828,0.5398692898874362,0.8334430200834965,0.5729460090108198,0.5519524368200788,,,0.6884801902018082,0.8085143773446757,0.8236497912593098,0.6611659950653112,0.5193809279109247,,0.947179927455436,0.6291517266306401,0.5945195284524254,0.7018320001595113,0.6555360150058306,0.6960185628209381,0.5412870919070464,0.7425774057227376,0.6040358623137775,0.7510579586810664,1.1129141996514786,1.0554215057230096,0.8762786251505477,0.6249791596299437,0.8697113837289734,,0.5957831015651166,0.7133068351365776,0.7170793627749658,1.377057781666471,0.9479854381880957,0.5356505434083508,0.9094979597266186,0.9873335815038183,0.5649298670197904,0.8037181819640508,0.6086201622483447,1.2018087776707687,1.4586910370428332,2.181435815133254,0.54624367788666,0.8350878084799559,0.5356624258289447,0.7277319582891648,0.9009602849990528,0.7860355740405603,1.3007972345512266,0.8046583268975285,0.6789762503182837,1.0030686011635686,1.0159518013944893,0.5782731011801392,0.6980138175143528,0.5698399972312836
China,1.5529001816375503,1.415871018588855,0.519097718883019,1.952306764657034,0.4594626290364543,2.074849597959236,1.677751729239108,0.3911288083717035,3.4196723854851125,1.357398303231569,,1.2410006044131914,0.550578837334228,0.5138971251061092,1.0,0.8449079536263894,0.6501328863614139,0.29886831970174593,0.3906216274174623,0.31396149697055187,0.5574980660349396,0.36133923899462234,,0.30478084661319366,0.7131126945850215,0.36338879966196447,0.7059963639427774,0.3338729527618076,0.37184538189000327,,,0.37887722191854634,0.711559020475673,0.5472629668276008,0.5000423252512337,0.26821195291786293,,0.8881907220050871,0.363216014230703,0.32448728263894283,0.5219424029387212,0.4385454188274476,0.5779882541926147,0.2449287586488278,0.5806719493003086,0.2841363984145767,0.5768127399839417,1.2270878558777578,1.2988090927641125,0.7718969686724031,0.3442672316837115,0.6135746939849537,,0.42413766131539693,0.5600479256313277,0.5421393276359113,1.3461901675593917,0.7470614001009157,0.28504953584508175,0.9162895830237278,0.8541629865260767,0.2708824825791322,0.5516004128809628,0.35140753448913375,0.9810314866339166,1.5398481431727518,1.7678155686782842,0.3167241553268075,0.705568551693956,0.3268511963496443,0.5965698305233396,0.9583032554024008,0.7949226082407428,1.4242769935960267,0.6690873549969275,0.551250563453211,0.7694316567914773,1.0186442122200894,0.29657801015177554,0.47156387972080066,0.425902818736694
Colombia,0.8742937224180848,1.5170881965882375,0.8725183428313309,1.4933751183883066,0.857183097445922,1.4017664745515503,1.2327450216136526,0.9430929686473017,1.6355171468258949,1.0589644165160823,,0.8120803462102801,0.8448053760268134,0.8322459093507591,0.8449079536263894,1.0,0.8877619713592799,1.5767113595749942,1.1932313476040937,1.2193656996681523,0.8453089554926797,1.710439861213126,,1.6717852979442631,1.0960937321678708,1.2663682230597593,1.2477718458404508,1.6011338782439677,1.1792499343346194,,,1.7927106054196538,1.2578844599980192,1.5509496272937828,0.9964688447119143,1.3565491413095598,,2.0303874107977604,1.457171445201233,1.4869637632746289,1.3232155882259047,1.9358144976022733,0.934876368402827,1.4924684374304282,1.4633625492088969,1.6388389767270002,0.9348834192521913,1.4616352323827837,1.0232678121826464,1.5105668273535966,1.4023221750781867,1.5053945302000329,,0.9897731202502549,1.05449460933083,1.1567805554135921,4.06111485101052,1.5397808249875538,1.7945019587238957,1.3810309715179898,1.4154281295377005,1.6563323024141607,1.7839093033802988,1.351277808122469,2.2076909630644894,2.8378156086808013,3.0141778475957555,1.6195690385328327,2.6514564199559243,1.2471404472982914,1.6096300268560717,1.2842148985343282,2.330452156320625,2.2803598293592113,1.2709615946942425,1.2308497253151884,1.9114516675239557,1.1818745484232738,1.450131866666072,1.4704890599426883,1.276854935772167
Costa Rica,0.6673337097750707,0.8434782951356758,0.62614878043674,0.9747486512617279,0.6525218366327523,1.412732162741569,0.7951576520963493,0.6846110965432564,1.2703043736039334,0.8539832347991325,,0.7520634804180958,0.6215367498430123,0.7081203383133182,0.6501328863614139,0.8877619713592799,1.0,1.0497546311993717,1.005677271671,0.9673424369392319,0.7223619712379848,1.2434151295521214,,1.2834367003012028,1.0012133211757746,0.9558128561723859,0.9013502830010832,1.1832437690051318,0.8958349467997359,,,1.3099893631393456,0.7948820621169769,1.417040631039134,0.9167082754664326,1.0287937620065033,,1.7955566552194895,1.0061532861893445,1.090509563641859,0.9956763628609963,1.257257174238449,0.6537321895384888,1.1103993352019703,1.2137844013428165,1.2101527323481494,0.6669967099314298,1.34139647567017,1.2948395265182127,1.2796681216882464,1.1255302380397674,1.2342443681576847,,0.7762674107214491,0.7461541034963521,1.1898284979768552,2.5813374715526956,1.3173225391355443,1.1760860164855456,1.2917106239352076,1.5058448403516462,1.1158120396068714,1.2896874241216718,1.0358001586108567,1.8578990986129027,2.510837165985349,3.1004223623448786,1.1846104076778035,1.6112589675664863,0.898935755118413,1.2356550030026414,1.1971808349751198,1.9467866098720015,2.088844507383114,1.131077177469706,1.192475980283708,1.5936079983315286,1.0422889141235039,1.123184593837438,1.1759697604520212,0.9642394365400938
Croatia,1.1328059654531555,1.555502375303821,0.41633401004499926,1.1567228460654762,0.380080064092215,1.9444532525887386,1.7639395068635173,0.42364997406227856,1.6702711117659532,1.1663178051860106,,1.0834385670692266,0.5768846490360756,0.5925177050726501,0.29886831970174593,1.5767113595749942,1.0497546311993717,1.0,0.43365382251284135,0.3281505280962907,0.547444375018043,0.4249667429631726,,0.36350044097189804,0.7131899206279185,0.3797851548125164,0.7036166980328081,0.3821613657340126,0.35829936731423717,,,0.45298227630139265,0.700485523552295,0.7435091558078885,0.4770738670875627,0.2650655934477471,,1.0658025801846687,0.3200370290042806,0.26488069383475144,0.48000284806649773,0.5296550350239787,0.534763162077598,0.2863141668842498,0.7338098373354166,0.28009517477356327,0.5967764502388041,1.2573243456863448,1.3156226607352481,1.0723512723295348,0.35943699092213083,0.6158705759366376,,0.4408590601793681,0.5711919781524513,0.6027580708402986,2.060984895138987,0.7460889434670102,0.3645206486189433,1.3698291312915463,0.8728656265064895,0.38366768397946494,0.4689632580130499,0.3516660520401562,1.0411060296743258,1.9854400911964454,2.9240175454245216,0.35615578089120103,0.8105349401440961,0.2773164734463136,0.6408138981081721,1.0308071412795967,1.1464867940823267,2.366131881705463,0.7080777256550873,0.556881746581657,0.9403416776944323,1.0357916909004847,0.24605070560384953,0.47594607396633876,0.42080733130737125
Czech Republic,0.8365058730563675,0.6482274798956352,0.357360589265821,0.951774807869619,0.2644125564386372,1.3306701061433215,0.7639910752245093,0.5021573839642878,1.1860514068510848,1.082023506331244,,1.1472172758190453,0.6327315944291346,0.548538728428845,0.3906216274174623,1.1932313476040937,1.005677271671,0.43365382251284135,1.0,0.2183149438810277,0.5249608033207738,0.4793920890402677,,0.5624291458357777,1.4658441073049944,0.23060277855047354,0.7795856934358925,0.32790744613213574,0.2948572494021666,,,0.5085124026914865,0.9337199668771127,1.218834091004212,0.5422595610463323,0.31000265533761906,,0.7323720779816221,0.9604109486657578,0.43276025569529086,0.6578990000680567,0.7505859478921925,0.622395413961089,0.41337163754810796,0.7486840976544422,0.6670672125253992,0.8377031962011354,1.748830220482316,1.9968896295750713,1.4677874511077988,0.38600382185842835,0.5080718186307356,,0.27432556181831286,1.1187896915564788,0.8298725319395351,2.1221165669994875,1.568253662331476,0.5701296817510747,1.8814769848272932,1.1043436760274885,0.8058367458582233,0.9058293804835218,0.3223664785317362,1.4358314907877598,2.3919210585756843,2.0970431384486745,0.34767615296264426,0.9282863502486567,0.3374577335342374,0.8411988280315741,1.4366131699978868,0.7530248469461318,1.777084435408111,1.0646739928549518,0.5919096877339097,0.7870158020955677,1.2040238419778133,0.5816685323713272,0.7177566928618566,0.35500780234652823
Denmark,0.9018714557760786,0.7615213273865667,0.24728265982001427,1.1123028293681771,0.17487589682562793,1.3350531983210803,0.9162144093701075,0.46018532074877166,1.4934708966766816,1.0972583272626635,,1.3186197629649996,0.6014724186142384,0.5293804691449101,0.31396149697055187,1.2193656996681523,0.9673424369392319,0.3281505280962907,0.2183149438810277,1.0,0.46109502195178875,0.3631126902416079,,0.39568279274636786,1.1529302943764925,0.19199477228024503,0.7462558402895696,0.26026880253904794,0.21158360119561984,,,0.41132703693836664,0.7796627735341704,1.068505170242111,0.42938468610116604,0.1294535316596369,,0.8790309499416762,0.6859339769118591,0.24133182942864073,0.49550176253188255,0.5991868233086445,0.5188663898932518,0.2762283777786717,0.729004687046561,0.464401983603641,0.7117714251749265,1.6868663735686733,2.113588660331308,1.3890270717749744,0.23997786079809935,0.4790673043873519,,0.2869385021748951,0.8880752456046214,0.6328830548873693,2.0910080255884425,1.200225876579508,0.42961770101417873,1.8500793650090142,0.9222520189750059,0.6187568199208039,0.6718422632233889,0.17667552709503898,1.1897196556848635,2.663175559910498,2.3935777789311565,0.22655199471877985,0.8527852361356424,0.18415839031818934,0.681513749539318,1.3929862276549076,0.8585157552716007,2.4304398491469006,0.8428437067962181,0.5133574153369755,0.7864776916602556,1.196544462278365,0.34994290542583534,0.4898715666102139,0.3054539178339248
Ecuador,0.7322946996841824,0.6763864279452334,0.5108311804646034,1.12192182077373,0.48604059706573616,1.1234907466045418,0.8818596793517238,0.6521732957054679,1.3338367596912453,0.9952867783545409,,0.9585995814679475,0.7380023429466663,0.6877644857357555,0.5574980660349396,0.8453089554926797,0.7223619712379848,0.547444375018043,0.5249608033207738,0.46109502195178875,1.0,1.2232694914491777,,1.1779277712880378,1.5542596119454803,0.7640924830309556,1.1389935714497799,1.0599495042585778,0.7233524568059191,,,1.2726621968811827,1.1850870841710184,1.6712803060650372,0.7582512582642336,0.8543817643567014,,1.8356701443263053,1.3025948059797752,0.9694411107221628,1.0422932546199566,1.3941572804323787,0.8395093961649447,1.077478102820376,1.5570295794258333,1.2388015702751864,0.8088203112675802,1.8706189068906978,1.6118846247501664,1.7237030107628142,0.9717424385844282,1.1680596486179866,,0.7249233277184494,1.1189976586568762,1.169052788175446,2.7030725244912843,1.6323896996206715,1.279605718720606,1.7747560134376492,1.3493016564816223,1.3544559283331237,1.283201305460308,0.9345352599697623,1.7605578399750896,3.0925316088332786,2.8736883647501803,1.0395676871438042,1.686019689862249,0.7905837402730426,1.1516726796822958,1.518818825640749,1.857732547057637,3.0686269323920423,1.192022186487915,0.8689685959496121,1.7656183068404159,1.4149763550116505,1.0774477032874175,1.2166713181677027,0.8070386593727769
"Egypt, Arab Rep.",1.1859786457057349,1.365907872175702,0.4070636949612201,1.187467069779019,0.32879321600344336,1.8813393671899405,1.2039334139925286,0.48178016550368197,1.6220420440361834,1.276342625074814,,1.4078945879482967,0.580953026148113,0.6260663693463487,0.36133923899462234,1.710439861213126,1.2434151295521214,0.4249667429631726,0.4793920890402677,0.3631126902416079,1.2232694914491777,1.0,,0.390339704749996,0.9788569278752587,0.2896547347621164,0.7417786166074112,0.2187649730868504,0.30458166256831487,,,0.24713248647486655,0.7635971828728096,0.8648379154087994,0.4882798777439042,0.25602263562269734,,0.6409882193768647,0.5032161193682388,0.2598400386776673,0.49897082300697504,0.4090907284141154,0.5790820315924031,0.2820302030209428,0.6373892268080741,0.377122684826022,0.6981734169027505,1.1946793690791042,1.6509460167796486,1.0623970176403177,0.28569335728356665,0.4435135762101187,,0.4015048249449193,0.7435804677431965,0.6428130153752644,1.526980945252372,1.047210333663996,0.3534417388558696,1.3344441640767974,0.8485585877965159,0.4332246491573055,0.6482109198607536,0.27559714634018734,1.0826083680463432,1.842847825217276,1.5112253998568654,0.2402198375720861,0.7500669605420601,0.28667377877752015,0.6810229588266521,1.235503092621964,0.6440538247927817,1.4167280583396198,0.8161496176294093,0.5549718551329001,0.6542375772255631,1.0443771799603006,0.3205911072612791,0.4988075191790576,0.3695830897899639
El Salvador,,,,,,,,,,,,,,,,,,,,,,,1.0,,,,,,,,,,,,,,,,,,,,,,,,,,,,,,,,,,,,,,,,,,,,,,,,,,,,,,,,,,
Estonia,1.3453815607251915,1.2447407226017804,0.45042130938592984,1.4684963959861819,0.3685139298250881,1.616867763864668,1.5493297480035066,0.48068840207567504,2.117745134524154,1.3991809416359777,,1.4066823211871773,0.616616889909194,0.6412815251882575,0.30478084661319366,1.6717852979442631,1.2834367003012028,0.36350044097189804,0.5624291458357777,0.39568279274636786,1.1779277712880378,0.390339704749996,,1.0,0.8155061623291238,0.34165929991974997,0.7636775514281349,0.3191893304011841,0.3686841371040881,,,0.3817579678719983,0.7464121774415663,0.6182411189538777,0.49632898143637233,0.2643017970889783,,0.9698193357941804,0.4371975087910269,0.28648806098533885,0.5439736326776974,0.49986316820275184,0.570667607621223,0.3152942496060503,0.6454595422464985,0.2771166220117417,0.6496772319602788,1.3738797904669038,1.387910483848251,0.9898011343528781,0.2780187370650379,0.5676151394557686,,0.4256980301832921,0.6740626884355124,0.5129446750387703,1.5331378553144945,0.8375183046013625,0.347920984410813,1.2264017583516686,0.9016582692936389,0.4347293974664342,0.5660686890891498,0.30072367657335625,1.0517853594246866,1.8867672464026766,1.7972907101792486,0.33044374644553204,0.6610795858526243,0.3148537845840701,0.6478885057986997,1.1303721305978138,0.894986847720153,1.9186128493037553,0.7443047443890501,0.566193520121578,0.7206058565085567,1.1297524557112255,0.3064705510016841,0.527537813852436,0.42769762885300067
Finland,0.983108038180854,2.9477089998376407,0.8266431618380137,0.7904396958482535,0.9335702877111918,1.9597680247287033,1.3032836649078163,0.6634801059906671,1.0177293080028598,1.1167867977469441,,0.7577334603152797,0.701679163231374,0.7809971940185828,0.7131126945850215,1.0960937321678708,1.0012133211757746,0.7131899206279185,1.4658441073049944,1.1529302943764925,1.5542596119454803,0.9788569278752587,,0.8155061623291238,1.0,0.7916588959320378,0.8206024733864101,1.018293560455167,0.7497308250267961,,,1.1017573980692257,1.1583226388499623,2.3895346944876286,0.810902105123864,0.9430354131667236,,1.5115518161706443,1.0421431441159401,1.0148522058187683,0.8261331187487474,1.3286356521733784,0.9195221099953262,1.0931569139943123,1.6346761904764286,1.5592412944887293,0.9242863970479409,1.1203793763487728,1.00395247456697,2.4198797378237633,1.0642249855776766,1.098055879912892,,0.7755433215885702,0.7947994462698821,1.2473365418722602,3.5626990047301748,1.3029549235909867,1.5278477614590926,2.324895100208489,1.2732608519961173,1.6263327155507263,1.3814448820492442,1.0156353376731593,1.5774157689603086,4.8918678391248065,6.238721954057918,1.0547906649347405,1.7289766006996006,0.8069926301628962,1.492161481633275,1.5274692131472651,1.948128194706612,4.054035905962056,1.3689087366115535,0.8844405983063669,1.639062349076163,0.9535952021103841,1.0909927849460501,1.2584523092205313,0.7740703705513156
France,0.8028926084004839,0.7705742508807815,0.293443292506771,0.9354575784611697,0.2687672072252102,1.2894532757410635,0.7043307924249944,0.48690033402154853,1.2200038780404996,1.0089644225341516,,1.1764715443927858,0.6187798978412585,0.5398692898874362,0.36338879966196447,1.2663682230597593,0.9558128561723859,0.3797851548125164,0.23060277855047354,0.19199477228024503,0.7640924830309556,0.2896547347621164,,0.34165929991974997,0.7916588959320378,1.0,0.7261151502734527,0.3516104733595515,0.21422165504174107,,,0.5477060219988881,0.8338971271555077,1.3694452265912063,0.5040359327930093,0.29257312850115985,,0.9114852158484823,0.8940605439504477,0.366236420081925,0.5565987851118914,0.7774667420216091,0.5543736442485556,0.43076879136870955,0.7995861535464969,0.6755433626063263,0.7538930007531428,1.8589220496038596,2.920355381537457,1.5683279049868353,0.4098479564869471,0.5515556804835198,,0.28214381632319835,1.010651914545163,0.9090895482048654,2.4681669676253457,1.527329765720578,0.5833728325350009,2.11834627880674,1.1963443927223696,0.830975628117068,0.8282569548466344,0.34829418294375414,1.3346729605874614,3.103167289974161,2.652678457925462,0.3623631640719001,0.950599196455041,0.23757770044808782,0.7925800693068302,1.6443385055013573,0.9534369875433338,2.555848155719122,0.9802333466252043,0.5710118489994985,0.8954920246590327,1.1642122845612288,0.5477294582936546,0.726278836356592,0.26224202150329157
Georgia,0.8477685900557319,1.099240951211374,0.6941276026213778,0.823416648082413,0.712429305456549,1.9241707287790315,0.8279960293362199,0.6994261856876278,1.092586862384086,1.0458411918527935,,0.9091373597096986,0.7578239873083232,0.8334430200834965,0.7059963639427774,1.2477718458404508,0.9013502830010832,0.7036166980328081,0.7795856934358925,0.7462558402895696,1.1389935714497799,0.7417786166074112,,0.7636775514281349,0.8206024733864101,0.7261151502734527,1.0,1.6002524543286802,1.3649826883566762,,,1.9429299319667992,1.669822538312723,2.9111032051208294,1.5982562807148453,1.7445676005688031,,1.562211032545797,1.929687962756973,1.7586268150340099,1.3876898939128448,2.170719026676141,1.1512504357583462,1.9899809224726923,1.99249248544943,2.5160915247374245,1.2921273703388134,1.4009817081861349,1.4597950298471905,2.3952675443805123,1.6549354382634645,1.1155077231419113,,0.9283184105924301,1.2030151538510903,1.732123742415978,2.4615833597271646,2.525861198006294,2.5525430822210717,1.7449908582843574,1.4144738573078486,3.216184975014568,2.069155625705146,1.4994349357972696,3.8891774757885798,2.5242772347849947,2.165123805936657,1.9143141634135532,1.9355616163904728,1.705237940025,2.7692937672029223,1.4781050399553715,1.664487758370674,2.1335113119538374,5.006176632360863,1.806817942087096,1.3738514752291644,1.2935400430323702,2.7311853672421726,2.111759643960262,1.4382009932582167
Germany,1.137872017096448,1.0298874146223584,0.39266474223864395,1.2247484415892145,0.23986056144484016,1.6608137408369628,1.0783173866853466,0.46965749239076915,1.653038910191566,1.2815475688708813,,1.4399442483144873,0.6137711816306064,0.5729460090108198,0.3338729527618076,1.6011338782439677,1.1832437690051318,0.3821613657340126,0.32790744613213574,0.26026880253904794,1.0599495042585778,0.2187649730868504,,0.3191893304011841,1.018293560455167,0.3516104733595515,1.6002524543286802,1.0,0.30092251148546456,,,0.29388633593098434,0.7798150782486892,0.8199664529278095,0.4747103527244381,0.20740531568705906,,0.6181454830051784,0.5666194325528441,0.2181148978895322,0.538771935883154,0.4471146538636974,0.5550672347139756,0.22887993870991216,0.5616134821346956,0.3387562743638181,0.7264449298365311,1.3596394645028071,1.6638924108339002,1.0438139341541806,0.25721247165519345,0.3827520128855695,,0.34904727690700177,0.8260166203920621,0.6202780524983244,1.5967280896444886,1.0640168133508232,0.31700567622250503,1.352172774531288,0.902661823264707,0.4760231287078305,0.6412589681569502,0.22044400726335736,1.1300081659073224,1.880045631204412,1.572169627722021,0.20113442596318873,0.6984554044456653,0.26567678352006996,0.6747299094063051,1.2584093583098197,0.6023868408440383,1.5099421413621839,0.8239754367902459,0.553701450947612,0.5907446618460768,1.1227406232187729,0.36086832107263533,0.5482166661001108,0.33246450935719946
Ghana,0.689866523928782,0.8105541745185022,0.26915157886240565,0.8933929671665657,0.2648290503584906,1.2751438713588135,0.699580706351076,0.4809105906273707,1.2017562153007189,0.9361425084054248,,1.1210173188711012,0.5952376691489107,0.5519524368200788,0.37184538189000327,1.1792499343346194,0.8958349467997359,0.35829936731423717,0.2948572494021666,0.21158360119561984,0.7233524568059191,0.30458166256831487,,0.3686841371040881,0.7497308250267961,0.21422165504174107,1.3649826883566762,0.30092251148546456,1.0,,,0.5831817050083584,0.8224521266679433,1.5673176175217765,0.4606405265150189,0.29940059197165686,,1.0094353565438932,0.9169352133982361,0.3707222706318627,0.482617403655806,0.8420364006101015,0.5480587963316614,0.47935727415946855,0.9634499990382505,0.7397550541272522,0.7034233099997939,1.834052695012603,2.9136598706837784,1.7163802877757866,0.4384218546716674,0.5620537906660388,,0.3406504585062585,0.9434547272961035,1.0173547628135142,2.909376282549809,1.4803009671830474,0.6835776657172807,2.4058062882901874,1.2076294031127104,0.8995030240175494,0.8285862045370617,0.36611541366960937,1.3275290125980677,4.425381322033326,3.241910064979672,0.424762300069932,1.0928948464773873,0.20503773201933978,0.8511459721369612,1.48196276906452,1.0937554251925654,3.1258977648874584,0.9556965712177665,0.5584754840509955,1.0297510267812837,1.131568482553767,0.5465559510422373,0.685894943918159,0.2601982166605766
Guatemala,,,,,,,,,,,,,,,,,,,,,,,,,,,,,,1.0,,,,,,,,,,,,,,,,,,,,,,,,,,,,,,,,,,,,,,,,,,,,,,,,,,,
Honduras,,,,,,,,,,,,,,,,,,,,,,,,,,,,,,,1.0,,,,,,,,,,,,,,,,,,,,,,,,,,,,,,,,,,,,,,,,,,,,,,,,,,
