Country Name,Albania,Angola,Australia,Azerbaijan,Bangladesh,Belarus,Belgium,Bolivia,Brazil,Bulgaria,Cambodia,Cameroon,Canada,Chile,China,Colombia,Costa Rica,Croatia,Czech Republic,Denmark,Ecuador,"Egypt, Arab Rep.",El Salvador,Estonia,Finland,France,Georgia,Germany,Ghana,Guatemala,Honduras,Hungary,India,Indonesia,Israel,Italy,Jamaica,Japan,Jordan,Kazakhstan,Kenya,"Korea, Rep.",Kyrgyz Republic,Latvia,Lithuania,Malaysia,Mexico,Mongolia,Morocco,Nepal,Netherlands,New Zealand,Nigeria,North Macedonia,Norway,Oman,Pakistan,Panama,Paraguay,Peru,Philippines,Poland,Portugal,Romania,Russian Federation,Saudi Arabia,Senegal,Slovak Republic,South Africa,Spain,Sri Lanka,Sweden,Switzerland,Tanzania,Thailand,Tunisia,Turkey,Ukraine,United Kingdom,United States,Uruguay
Albania,1.0,0.07852116555727047,0.0913211779112123,0.10228426139326786,0.0704322062149417,0.08406226867780392,0.09182912923443426,0.08914274578081342,0.08572048793831567,0.09225889728119752,0.0863663233308611,0.09860445155111046,0.09172318822068384,0.11370643518443667,0.08686422596137926,0.09338572274493247,0.06974313567994841,0.14397043758224792,0.09412098145367422,0.09635881762306868,0.11697404240158997,0.08221825009769086,0.08636632333086144,0.09771986830682089,0.0867433346692887,0.09024222364616553,0.07390873766792673,0.08836185924371714,0.20408844145021707,0.0863663233308614,0.08636632333086144,0.08978406125699784,0.09107755226226716,0.08392715278664475,0.07119529613722674,0.09109353605020659,0.0863663233308615,0.08657687939936132,0.08742034329247547,0.12384490672062641,0.10420888050290775,0.08618214215644875,0.05440230453719919,0.09441261858771065,0.09061938468565985,0.08649443575627919,0.0927821211444563,0.10229033320945054,0.09360447752865614,0.11434423998514116,0.09250255373662973,0.09846198928982963,0.08636632333086106,0.12402861135327643,0.08351017462816593,0.13167032339510182,0.0877557470439194,0.08988099299754096,0.10157258772882884,0.08386808293687784,0.08589012819094048,0.08686738498184793,0.08894547484978675,0.10846396319802264,0.09777741556448079,0.08368220700853031,0.10225836023138965,0.09459293494688777,0.086022103105822,0.09670927969397194,0.07395843598261029,0.08701065180496251,0.08488927398546882,0.1195000285040502,0.0794849400814254,0.1280448705535549,0.08752801523250131,0.08238129614082841,0.09025703161417203,0.0853651593898331,0.10442617842633527
Angola,0.07852116555727047,1.0,0.029679314353399558,0.06720618923556032,0.06433298100791847,0.01700573002785993,0.03148705576692585,0.0603799537311005,0.01470595510748754,0.025160843927713124,0.016713378418107345,0.04035423229986705,0.02250370041749575,0.06995841645545611,0.015439762248069427,0.02415441404482933,0.016602233508161285,0.10870267103517954,0.03340889621624977,0.037581984108274014,0.06300879277743732,0.034870725645621305,0.01671335979165605,0.04781677131034907,0.02129073798732538,0.02407808143789872,0.018195171378186718,0.0218573563832775,0.16748655911011323,0.016713359791655953,0.01671335979165605,0.02582636900455587,0.022177590413780448,0.026278964865981053,0.02383007973009915,0.02610428837956745,0.016713374692817248,0.01928607300503902,0.027680270288804088,0.07828553065471944,0.04132439020751644,0.020458423855396334,0.04840309784565698,0.0417650037617132,0.03545012270794372,0.019928222141623084,0.023828598620399273,0.05173283368917752,0.054862110608326964,0.04774081642830774,0.030564685878173015,0.03486852277596135,0.01671336351694621,0.0865940997487021,0.02102964315834873,0.1006893290111122,0.017110755371454536,0.028421820948528007,0.06202220724848357,0.017480313644532845,0.026716309629249764,0.031498481974055324,0.020046987099755983,0.055058502539582714,0.03140180353240468,0.031561458422435434,0.03676741907472835,0.03665341231314525,0.015195699480843946,0.03285301210456284,0.050613869504882426,0.02339396835919069,0.02172287447407816,0.09042172990961869,0.018056790779464968,0.087241270508837,0.023226284311479054,0.01319806728103867,0.024887200471554693,0.015173998667751563,0.047726457734384706
Australia,0.0913211779112123,0.029679314353399558,1.0,0.06619751636195839,0.0927733482223625,0.02316191158996133,0.014622807752629214,0.04726285891624809,0.017544566351115124,0.01790577855087891,0.017613930883255465,0.04704940855536486,0.022033551417056367,0.08281570888674834,0.020999242964921512,0.01608547875426905,0.028796526040490968,0.0829829530480694,0.012245974559334221,0.00967426904843793,0.04176588003758499,0.05835015950246388,0.017613930883255455,0.022700277706856647,0.0277404735527557,0.009770722685878119,0.033591620805605085,0.01051346067110265,0.13972653681503508,0.017613930883255448,0.017613930883255455,0.009240494723406831,0.014607043353183278,0.016411717989551062,0.049126694196261846,0.005994153317751645,0.017613930883255493,0.01567365334490192,0.009913896807272372,0.05115507991940472,0.020510412975962882,0.011208656976876575,0.07076147614579138,0.014852204415926488,0.016217058725875637,0.03182194880774619,0.02093397036471222,0.04639808440627535,0.05829565799607441,0.057075645502122865,0.00800695305503006,0.017473852087425707,0.017613930883255455,0.0604766053859326,0.015744353214324852,0.0845003941082177,0.01700911746811039,0.03460148045068518,0.03884998107612392,0.016815206156520972,0.013222041564145047,0.013981220249835955,0.012203872306450597,0.026765573286040092,0.02040042048729877,0.03334154878421571,0.03656962413995802,0.010389979595391247,0.020213135232268455,0.007272180076820246,0.06593696503697398,0.019798144690799286,0.01472920871016684,0.0985106942602787,0.025433148047185557,0.06259185974624651,0.015479284120858862,0.023856035536070498,0.006755863929628963,0.022648067508149503,0.0218226156177665
Azerbaijan,0.10228426139326786,0.06720618923556032,0.06619751636195839,1.0,0.07114049492263318,0.05748089813744378,0.054165600632330016,0.10163077059694141,0.06089738054403578,0.05725893381290479,0.05790438432165561,0.06635408352367071,0.05472583878861857,0.08385602723584148,0.056536267281380795,0.05695937747927778,0.07190813601695381,0.1377015193386356,0.05975200185062885,0.06715365886441757,0.07084038245146171,0.06479974628006337,0.05790438432165587,0.08426594383279452,0.05330000883895613,0.058783045829354404,0.07134263875664322,0.06019082108771755,0.14778009764993283,0.05790438432165586,0.05790438432165587,0.06291797482733393,0.05715826967902067,0.07294802151092279,0.0663335720177443,0.06298036795583692,0.0579043843216523,0.0581413933027552,0.07077019989016987,0.10668824612423647,0.06013150685115442,0.06216505516464162,0.081033643973985,0.07518264359076035,0.06893893181193472,0.051735004523360044,0.05378761490811814,0.0636094281855729,0.06968519746911388,0.061048956029522164,0.06538784032354125,0.06685545709732392,0.05790438432165559,0.08135423577798079,0.0695385619508064,0.13356942076453002,0.0584825716931042,0.046743648503279354,0.09762500416313911,0.06059292310243812,0.06105225467306348,0.07279196626725888,0.06097940928026632,0.0802967975034281,0.05853090039947204,0.05679173751889501,0.07032197906871199,0.0703732844243373,0.05556740034488835,0.06441195752276467,0.0574637137108709,0.0536192843934578,0.06027760288990916,0.1261770455284826,0.05863604966089189,0.08529050101329984,0.06377098369052725,0.06472151609139111,0.06531385669336899,0.05705681292666866,0.0647700396860507
Bangladesh,0.0704322062149417,0.06433298100791847,0.0927733482223625,0.07114049492263318,1.0,0.07247650015118716,0.0831472860505929,0.1161470720022386,0.07578711514808989,0.07665913896036491,0.07522687327394909,0.06719666391642193,0.07197746768628938,0.05727462532975364,0.0720454006975813,0.08167561967895368,0.0675646475545244,0.17073696450960157,0.09428053331239009,0.10094479880591863,0.11424739037250273,0.03601732128767883,0.07522676337788528,0.11090366597579078,0.06548613135058752,0.0838708583646638,0.06844029320839398,0.08340835993575293,0.20606482903982226,0.07522694032916023,0.07522676337788528,0.0896305778678643,0.08004511367251285,0.08697883408009713,0.05447909233629711,0.08977757448296081,0.07522706233241742,0.0780274608457841,0.0903550896621296,0.14229157688419197,0.10090377371470037,0.0828561807630186,0.047231643375370023,0.10607201545595936,0.09253558735112659,0.06180345624498459,0.0760438058111667,0.09777076845448687,0.07906637288862009,0.0722248782846947,0.09452058807367611,0.09433856556397491,0.07522661995422301,0.13586249380708398,0.0836608327419795,0.155129368407472,0.0758179339890125,0.06169298750403182,0.1224359408964528,0.07701130891892366,0.08816112698817224,0.09449349603639556,0.08247410495649671,0.11938122507737346,0.07976995703869655,0.07286266786699035,0.0709130929104021,0.10072822853524843,0.07273721507126404,0.09605939441996951,0.05535195034513997,0.07751086976192485,0.0809863053830069,0.09590280644966906,0.0698765371601167,0.1389989820798019,0.08357154483562768,0.07490696827284947,0.08921104792548892,0.07053687410691932,0.10299193402100772
Belarus,0.08406226867780392,0.01700573002785993,0.02316191158996133,0.05748089813744378,0.07247650015118716,1.0,0.023291902153639736,0.05690012882806983,0.009383690791543374,0.019458337464468338,0.008914347960469454,0.03301214730872392,0.014359214998497589,0.0693139278452005,0.0075971614540439976,0.01475348037782421,0.027482488963271406,0.10394232982017115,0.025370962701115485,0.030811440966908164,0.048363492477884594,0.03778015534985435,0.00891434796092423,0.04294362426604584,0.014457313213003059,0.016805077620796912,0.026409023990820922,0.01553371646949522,0.1586954338772531,0.008914347960014685,0.00891434796092423,0.02027141678869871,0.013978241379092994,0.021763295173778525,0.03163754661269249,0.021198450440891657,0.008914347960469514,0.011630474025690864,0.024285924580314422,0.07247322224104916,0.03546538680764428,0.01548483401665277,0.056923638413790494,0.03631534457828803,0.027011236712881213,0.013231514777699085,0.014475629691816658,0.04754285924667637,0.05056596431479756,0.0395808731667278,0.023930496466632038,0.026833491475903085,0.008914347960014692,0.07400705497440949,0.022176359695588056,0.09353415194024603,0.010036396849435131,0.019899900492886653,0.05792557114960525,0.011887196201501136,0.020331609418663226,0.02706637644563024,0.014997232832165405,0.04852384099487258,0.021025776590806816,0.024169970214391254,0.02941922443738339,0.03139630657252593,0.008292290675645035,0.027246607524098927,0.05311357537853486,0.015338326610642614,0.016526632632572733,0.09126284930324886,0.013985516074085593,0.07756381276411853,0.01781030121300611,0.014488202911299392,0.02007722907976351,0.007382934751491385,0.039116059693728916
Belgium,0.09182912923443426,0.03148705576692585,0.014622807752629214,0.054165600632330016,0.0831472860505929,0.023291902153639736,1.0,0.05885956749835106,0.01921080257694106,0.012522985993998573,0.01746750226337437,0.04371326513377329,0.019491204810649424,0.07923003785549888,0.019691477790380853,0.016522310963993602,0.03664359858694534,0.09417502123991289,0.015094251020019395,0.019176203706646803,0.04630883410975326,0.052286333616573664,0.01746750226337427,0.034056998176083396,0.024831875662836258,0.01049850808991795,0.03803520683023741,0.0130393323295664,0.13627552216537703,0.01746750226337435,0.01746750226337427,0.014447944203391582,0.016582703663526474,0.026407478948816027,0.04628187680218867,0.013153413883681552,0.01746750226337425,0.015852333849969095,0.022917586439712836,0.062021373830404784,0.023396928979859958,0.015575199608665555,0.06144758154604899,0.026227725908373255,0.0258263669555254,0.02637835706607313,0.01448534541633794,0.043333666584263075,0.0594214013491553,0.04952630987208026,0.014874222582071979,0.017489773377596256,0.01746750226337431,0.06088486078774005,0.023762412218304618,0.09558950233378773,0.017835193221955647,0.02439636164967739,0.04999964711086445,0.020576093156359384,0.017608799402866398,0.025520768756931694,0.014544284198449919,0.03761796335755514,0.02020305537269895,0.028751885768467853,0.03942806390649689,0.020412099220566852,0.01997000756186724,0.015056418901315887,0.061778119525058905,0.015168004933932997,0.01675224038640558,0.10636373334442067,0.025602115964060985,0.06302208979169312,0.018814049043882754,0.025746144536617013,0.015596729299376558,0.02053281907652386,0.020550062817668587
Bolivia,0.08914274578081342,0.0603799537311005,0.04726285891624809,0.10163077059694141,0.1161470720022386,0.05690012882806983,0.05885956749835106,1.0,0.05198291200758793,0.05921893081904734,0.05347228828713047,0.0706972604027555,0.06085531980990388,0.12177140408403063,0.05720132657399122,0.05454094465107606,0.056741650648821,0.05966093467355364,0.0503909662843202,0.04874556562247385,0.06502599631544867,0.09321780918835819,0.05347228787967693,0.03637878643546006,0.05821398320973481,0.04989271442169218,0.05900889976167227,0.046928551977916545,0.13865504143787657,0.05347228789422884,0.05347228787967693,0.045438619137280645,0.054772917335811765,0.03984516358000457,0.06300209569018662,0.04680919398583445,0.05347225743797974,0.049748286000748224,0.04452205674110947,0.05165130391747666,0.06311081026648326,0.04467638127324217,0.09447260775407822,0.04340893153704973,0.041110415978314975,0.06696830171890332,0.06130609680990381,0.05964623874234615,0.07782841595156369,0.09459235194827686,0.04650163617945639,0.051632867362223826,0.053472317973037545,0.07362749934343914,0.046471862460611975,0.07513632900821522,0.052872107241923885,0.06713713360592029,0.028267348222339422,0.04932360199596976,0.05005596336264804,0.034867918019493904,0.04990187141290261,0.04723248990670296,0.0618251598603752,0.048391648932075565,0.06764396177403037,0.044347364825445885,0.0563260992273081,0.051006495259277355,0.09289584964801506,0.05623660955449097,0.045196211593539856,0.11843370118669046,0.05148294283051299,0.08202156905633601,0.045093697960776453,0.058139241058524214,0.04521327795391905,0.05664043634919616,0.05862227623452587
Brazil,0.08572048793831567,0.01470595510748754,0.017544566351115124,0.06089738054403578,0.07578711514808989,0.009383690791543374,0.01921080257694106,0.05198291200758793,1.0,0.01584939828174629,0.00488752592787658,0.03599206568210408,0.012778561300787047,0.07297428311367181,0.007032886826310663,0.01111779189643597,0.025330816511577443,0.09812666199278151,0.020595937708882885,0.025428764452672118,0.0493234872226115,0.04239432541171616,0.004887525927876528,0.03705219412130938,0.01422878437259639,0.010556641095500129,0.02604055365942826,0.008803147254294421,0.15431545441776603,0.004887525927876548,0.004887525927876528,0.01455635488834444,0.009753545949838453,0.015834123817767606,0.03243879881091874,0.014039307854526282,0.0048875259278765805,0.007775780784191425,0.017797612625108,0.06665155467613605,0.029978571406511403,0.00920724959085968,0.058321412945316724,0.03049030372801506,0.022575722087265087,0.01744673148753676,0.014493656091347869,0.04810553487569259,0.04952906928767386,0.04332876322998088,0.01885471017237155,0.022579804417715232,0.004887525927876585,0.07320055387928134,0.01557481323771534,0.0926262297216307,0.0055090523959570184,0.023726872620662958,0.05195576466807706,0.00624696586794946,0.01609511924487098,0.021505264180555737,0.007908076035754101,0.04382388021100789,0.019344211908519763,0.024183122180440327,0.029700553818608966,0.024983709947494995,0.007147957984799996,0.020439366007521966,0.05669303061438765,0.016323250773748393,0.011124946554970776,0.09461361699577163,0.011204460742268519,0.07558411777045182,0.011346356163840086,0.013017449815924636,0.01377664740752271,0.006752154368384887,0.03472496327831221
Bulgaria,0.09225889728119752,0.025160843927713124,0.01790577855087891,0.05725893381290479,0.07665913896036491,0.019458337464468338,0.012522985993998573,0.05921893081904734,0.01584939828174629,1.0,0.014834505762629048,0.03979541885537485,0.012526515689997944,0.07053765727843848,0.014430718517952442,0.01610221857881874,0.037397086705334655,0.09945574726993749,0.020916052918855756,0.024719311565461106,0.04887487301789737,0.043731803418180296,0.014834505762629045,0.03838860828793223,0.020032998710718824,0.013875332464423344,0.036465768995829255,0.016030026570951966,0.14393233615561182,0.014834505762628951,0.014834505762629045,0.02054457377282327,0.014820062869871309,0.024434625090931392,0.04244385557046,0.016076263443386567,0.014834505762629015,0.016574038558631213,0.023402137678773253,0.06719921937051296,0.02954726853813451,0.01726048488665144,0.060018427242789545,0.031159529780882177,0.027371053179765566,0.019015659433971956,0.011806187485931083,0.04650464395111088,0.06195865692707773,0.04333710167488862,0.021130349820580843,0.02246349291588605,0.014834505762629013,0.06684753062753312,0.023914435347426533,0.0939963562168306,0.012337891252454443,0.02086829869671065,0.05478566709622528,0.016999453823690985,0.019949434128949763,0.027391787631738915,0.015164523389454187,0.04360891083221437,0.019710612723502177,0.027398809268479034,0.028388590894889237,0.025982934089077425,0.01602746901938585,0.02059387425780626,0.06192965346062084,0.01917881614121518,0.018768254574088428,0.0968094281688379,0.023640075634900795,0.07004837222645359,0.021151931078169536,0.02342169466568709,0.016067561017019623,0.01536099749868066,0.026462306954081482
Cambodia,0.0863663233308611,0.016713378418107345,0.017613930883255465,0.05790438432165561,0.07522687327394909,0.008914347960469454,0.01746750226337437,0.05347228828713047,0.00488752592787658,0.014834505762629048,1.0,0.033583430634129156,0.011046145854870527,0.07228686440095074,0.0038821688211869813,0.010306014592209142,0.02680616013735559,0.09951833892493375,0.01970559407467308,0.025751745799808677,0.04854843695330331,0.04087505113238208,1.1102230246251565e-16,0.03862802949101959,0.012091567587496249,0.009143383266069468,0.027296966228640016,0.008538643159848362,0.15286578031240766,8.326672684688674e-17,1.1102230246251565e-16,0.014444945500971182,0.0084704347867226,0.01867317575708265,0.03239676318026491,0.014590857170290747,1.3877787807814457e-16,0.00454227450742677,0.02049295044687927,0.0678138140631887,0.02867868858342434,0.009945478337095437,0.05915418456029518,0.031153611758555428,0.023397401111327053,0.015487537015195254,0.01160505402014639,0.0464098973468704,0.05019855440979601,0.04133686333418008,0.0192961022372355,0.02061929451433859,2.7755575615628914e-17,0.07123232492935781,0.018737270146797085,0.09429361325443054,0.0028527631551505616,0.02068849102582472,0.053984395514240426,0.008125778574210771,0.015005860356491504,0.022830615502098042,0.008026437782000842,0.044378773583645996,0.01759832447410116,0.02129902562478915,0.029971878023318143,0.025538822382817156,0.004278059430916485,0.02083302952418706,0.055395167656492286,0.013426983103355562,0.009681138106242645,0.09673273780432032,0.010712410497752286,0.07545107942540491,0.010483141467516463,0.013527161537748394,0.014405450533090074,0.005068297345733709,0.033389323172172324
Cameroon,0.09860445155111046,0.04035423229986705,0.04704940855536486,0.06635408352367071,0.06719666391642193,0.03301214730872392,0.04371326513377329,0.0706972604027555,0.03599206568210408,0.03979541885537485,0.033583430634129156,1.0,0.03240213477398741,0.06781543456980597,0.030654675223676313,0.03810651870230536,0.044527849181213795,0.11285857615244577,0.0446469660566061,0.050963032821208086,0.06960348487015737,0.04365095063622388,0.03358343063412909,0.06101500095231341,0.03742728843793734,0.03871431979505209,0.0499587102300945,0.038452068215938336,0.1572960713471199,0.03358342318354849,0.03358343063412909,0.04089246721781209,0.038950980278114035,0.04516518612530382,0.05023568547662434,0.04356972137613835,0.033583423067133175,0.03479688453339804,0.04768652378723723,0.08221670715284476,0.05363401932105822,0.03979104752786749,0.06901772585515534,0.05656997886909926,0.04870493683323704,0.027577901303409754,0.034764466699270496,0.0535150146943887,0.0724298735933604,0.04625408280444112,0.044534335146895566,0.039874422930195066,0.033583423183548566,0.08700360055256141,0.04525065098381502,0.09853950363690765,0.035405161947103865,0.04073648299221767,0.07265498387429906,0.03919129829472565,0.04252987246767688,0.04981895837173229,0.04013723934773754,0.06236110828519985,0.04365634623373782,0.027494968751697157,0.039346426953009404,0.049882494921233846,0.03113703262100615,0.04909536696885034,0.05358126086924516,0.03577073072337134,0.03748549815087854,0.11193336956281419,0.03152174270338373,0.10320871098280929,0.037535664355533314,0.03573676155064595,0.0434832844973286,0.031239974498729596,0.055567190181966826
Canada,0.09172318822068384,0.02250370041749575,0.022033551417056367,0.05472583878861857,0.07197746768628938,0.014359214998497589,0.019491204810649424,0.06085531980990388,0.012778561300787047,0.012526515689997944,0.011046145854870527,0.03240213477398741,1.0,0.06397965514966658,0.009222105013178727,0.011931911872761923,0.036558885077340314,0.1049694333027547,0.02295280732974618,0.029482201862830657,0.04838990765787376,0.03698904888452868,0.011046145854870458,0.04439408715223041,0.016822309996086703,0.013787103031185067,0.031852889539751975,0.015646784711981075,0.1530710230675349,0.011046145854870508,0.011046145854870458,0.021148576593106212,0.011235816614229876,0.0257171977437559,0.037686112985371674,0.019612069122210134,0.01104614585487048,0.013712498239247924,0.025220038497387427,0.0729904093065018,0.031978687952705816,0.016654859103126057,0.060772677014403934,0.03654281494787084,0.027763073559245066,0.011321563408445099,0.008946715163344283,0.04735665723641579,0.0552953040050543,0.03530291566360032,0.023745965892121322,0.024948181658520363,0.0110461458548705,0.07096722133605303,0.025087590298968444,0.09763574708449924,0.00897959594333712,0.019728325696990533,0.060291731841424445,0.01352987427513407,0.02055925803068624,0.029940642264104297,0.014988969598599683,0.04843280191573226,0.012230061700049371,0.023854653992033733,0.021858320404095535,0.030692227472751184,0.010543444878743171,0.02497801664774556,0.05939902887470811,0.01844041698475164,0.01821941977235808,0.09082311291061883,0.018525336153247488,0.07692068455317863,0.019414000946147637,0.021928608917456665,0.019424579906549666,0.00988758247475495,0.033803617986358586
Chile,0.11370643518443667,0.06995841645545611,0.08281570888674834,0.08385602723584148,0.05727462532975364,0.0693139278452005,0.07923003785549888,0.12177140408403063,0.07297428311367181,0.07053765727843848,0.07228686440095074,0.06781543456980597,0.06397965514966658,1.0,0.06877490071377036,0.07185031755724458,0.08224197976699345,0.14708466773267098,0.08484725249766464,0.08820268485484895,0.08562923926577008,0.04614954840123893,0.07228686440095065,0.10015504263054562,0.06794199658610277,0.07749482910692505,0.07405426710844594,0.0790389297160098,0.18037661524052273,0.07228686440095065,0.07228686440095065,0.08429473777050069,0.07109383471955268,0.08607571390170436,0.0687540336874872,0.0820679798503885,0.07228686440095064,0.07607498221937066,0.08556468708109995,0.11643277540569737,0.07961632561923895,0.08022668891565168,0.07714371738027369,0.09533054931100379,0.08726025988650718,0.060587687705387645,0.06699285528881416,0.10445637737734112,0.09341201992505381,0.06408946418956202,0.08520230030030451,0.08538330584468937,0.07228686440095071,0.1045702978047533,0.0839711190450769,0.12729955534380666,0.07178316103550023,0.06428687907016034,0.11494726808561195,0.07529324940901648,0.08141893203654593,0.09278619384289134,0.07548181459486991,0.10008266532825329,0.06415944395514374,0.08264543987667769,0.05477446295339011,0.0919220977535005,0.07028019154853551,0.08265471897475898,0.06849023395581547,0.07365932028772584,0.08161941913171372,0.0807611885423859,0.07654377297767784,0.12326484246979191,0.08173637388654938,0.07521148543263077,0.0817933360479544,0.06927012631500547,0.08740671861506046
China,0.08686422596137926,0.015439762248069427,0.020999242964921512,0.056536267281380795,0.0720454006975813,0.0075971614540439976,0.019691477790380853,0.05720132657399122,0.007032886826310663,0.014430718517952442,0.0038821688211869813,0.030654675223676313,0.009222105013178727,0.06877490071377036,1.0,0.011150874550725451,0.028258234723744776,0.10330772575406823,0.022574574737825245,0.0289079988570653,0.04988773541051096,0.037353173013422586,0.0038821689812580753,0.042475888239607885,0.01121174366842003,0.011842284451956004,0.028293209566334156,0.012095325389214205,0.15486556096027007,0.003882168981258067,0.0038821689812580753,0.01782990789094443,0.010246723984815048,0.021992461938010632,0.031742495052996034,0.018057582083160984,0.0038821690249138266,0.00754777519027992,0.023558790818475752,0.07145161427413317,0.03124464410684824,0.013548555172361487,0.057400035488758716,0.034863563508984834,0.026410906983164777,0.01161650448051827,0.009899840645293579,0.0472401121688403,0.05179302092627929,0.03771096395179877,0.022496653026113162,0.022818630198283982,0.0038821689376023053,0.07307421166020395,0.021653849400250266,0.0959897673959154,0.004837621003223043,0.018783418092215412,0.05786023590568757,0.01011616759168956,0.017706391949264173,0.026588646442744848,0.011772490672244016,0.04773573115695131,0.017838419186457646,0.02117304230586028,0.027761215395347795,0.028886218922284258,0.0026173041217492235,0.024108640582651424,0.05430691504887014,0.014037265760173698,0.01292522914486279,0.09571946452861949,0.011246822596889689,0.07771728510309461,0.0141908298741636,0.013449338971510339,0.017957364934956383,0.002624344487161104,0.03552289956688864
Colombia,0.09338572274493247,0.02415441404482933,0.01608547875426905,0.05695937747927778,0.08167561967895368,0.01475348037782421,0.016522310963993602,0.05454094465107606,0.01111779189643597,0.01610221857881874,0.010306014592209142,0.03810651870230536,0.011931911872761923,0.07185031755724458,0.011150874550725451,1.0,0.03611813394560955,0.09520325370553677,0.018994976313662554,0.0218207894934719,0.04205316820558637,0.04686682838989162,0.010306014592209181,0.035643942559094505,0.016746384148688613,0.010272389309687654,0.030622904171109955,0.011230105310195835,0.1489958305700266,0.010306014592209084,0.010306014592209181,0.015307251261305584,0.006416102403350141,0.019759188160520445,0.0367702803156445,0.012800067013430453,0.01030601459220921,0.011466898839816886,0.02257549025760728,0.06415918299848797,0.02653953779843458,0.014577035455464717,0.06634000268473335,0.02752772150469619,0.020148319667506083,0.019997947808276125,0.009925764765170885,0.0502739487160868,0.05020282546400636,0.04444076460823779,0.015036302878339635,0.020186668444447765,0.010306014592209155,0.0665686531336564,0.023764140565284312,0.09354761174233633,0.00967946045834377,0.024067249707310185,0.051812266573210954,0.011397809820923872,0.017107992707808595,0.024695141731237047,0.010493719861765892,0.03887662417739875,0.014276426049537012,0.02608150255369237,0.029881635059434943,0.023770184181742485,0.010674373105864547,0.017359026533648347,0.06078405016138814,0.016818464375362007,0.014875179343234256,0.09405343136833359,0.017605964829929953,0.07355048608485024,0.013867680829304235,0.022295765521692046,0.013961253623483562,0.012290853188772021,0.030130041859867823
Costa Rica,0.06974313567994841,0.016602233508161285,0.028796526040490968,0.07190813601695381,0.0675646475545244,0.027482488963271406,0.03664359858694534,0.056741650648821,0.025330816511577443,0.037397086705334655,0.02680616013735559,0.044527849181213795,0.036558885077340314,0.08224197976699345,0.028258234723744776,0.03611813394560955,1.0,0.10637619492855599,0.03449783063655004,0.036157458654152486,0.06672985815619392,0.04600054698615131,0.026806160137355733,0.046214664314504,0.034555489951596054,0.03032684696819123,0.020956894003397997,0.02706236944082007,0.16585466739637983,0.026806160137355615,0.026806160137355733,0.0266267154767939,0.03373799897296631,0.028108233038277596,0.030258058959986206,0.02916511269248398,0.02680616013735568,0.026069117856496273,0.02695192782898864,0.07508752354435187,0.0439070917189769,0.02517382544612304,0.04651504626151389,0.03920844415072543,0.03759873462867824,0.03270597172384506,0.03794628882332887,0.05391585443486993,0.06008971568328082,0.0618986105165918,0.029845607977749183,0.0371609216660333,0.026806160137355664,0.08662791521902091,0.02287561711119651,0.0970994004456779,0.029304559487610612,0.04125012584490157,0.058916153967322686,0.028540089491279053,0.028918710240232185,0.030784186056748288,0.028098378294229356,0.05192827495289902,0.04235771085131517,0.03258265887817738,0.05072212648170958,0.034424353829198354,0.02701421421311555,0.03482705810791226,0.044060170220414634,0.02898968751204692,0.025028498961646755,0.10016909980891774,0.022773984586170283,0.08745510418801614,0.027780754330929094,0.019978899691798804,0.02729181577146182,0.027621867432565644,0.04822098130398535
Croatia,0.14397043758224792,0.10870267103517954,0.0829829530480694,0.1377015193386356,0.17073696450960157,0.10394232982017115,0.09417502123991289,0.05966093467355364,0.09812666199278151,0.09945574726993749,0.09951833892493375,0.11285857615244577,0.1049694333027547,0.14708466773267098,0.10330772575406823,0.09520325370553677,0.10637619492855599,1.0,0.08477795161424574,0.07749904958020779,0.08734640323705133,0.14023436515337387,0.09951834637551442,0.06291270554879555,0.10737248745698759,0.09180397331436616,0.10566476157428749,0.09135046836104889,0.09506086160718971,0.0995183538260951,0.09951834637551442,0.0858527155793599,0.0951844349348515,0.08378234122542716,0.1179926345131304,0.08537449678970943,0.09951835382609511,0.09697383176651138,0.08102349697096095,0.046125170974936555,0.08111695824771258,0.09051023916877103,0.1477656501043089,0.06968129676045326,0.08123634284190698,0.11477358817829647,0.10281258566078813,0.08950066530464286,0.12044877884184074,0.13817342479019326,0.08203978277419616,0.0847351953785922,0.09951835382609492,0.08250195570725832,0.08767997310377765,0.06638768836912652,0.09886871245531079,0.11576629171770425,0.05003833241118918,0.09592912458773219,0.09104620923752893,0.07720441426879492,0.09155220094478304,0.06463849999414892,0.09829918095711132,0.10181051993864565,0.10604579604146713,0.07513367777727287,0.10286267924315025,0.08021181107366082,0.14112399854649293,0.10276898088766155,0.09308452605653206,0.1212544902327773,0.10243801474079499,0.08243148776812242,0.08950623112204813,0.09929289158608094,0.08555097799771319,0.10392812002572203,0.07886837980020565
Czech Republic,0.09412098145367422,0.03340889621624977,0.012245974559334221,0.05975200185062885,0.09428053331239009,0.025370962701115485,0.015094251020019395,0.0503909662843202,0.020595937708882885,0.020916052918855756,0.01970559407467308,0.0446469660566061,0.02295280732974618,0.08484725249766464,0.022574574737825245,0.018994976313662554,0.03449783063655004,0.08477795161424574,1.0,0.00859511992934766,0.03787067936103006,0.05924830148225417,0.01970559407467308,0.02666618449776036,0.029904826912433798,0.011256024029808624,0.03866027664945517,0.012024287405931956,0.13413505249836824,0.01970559407467307,0.01970559407467308,0.0106341854990304,0.01884492770384108,0.020584914445071496,0.05158499327208518,0.009648607235690271,0.019705594074673084,0.016883471538023834,0.018737968060156696,0.051930132931049165,0.021371270979045058,0.01397277733725431,0.07371030218014478,0.01694504915776457,0.016351600169429457,0.03251544351638603,0.019870623089729984,0.043970236072921165,0.05555816392974973,0.05621175829968272,0.01007174107247033,0.012611418268823614,0.019705594074673097,0.05357842302062526,0.021735277076993288,0.08900956848798561,0.019158074156197767,0.03412403091277017,0.039242776345856344,0.0203959309573489,0.014936767800188485,0.019092359894227914,0.016783725546081565,0.026718768430530462,0.021733339191276766,0.031128087427998618,0.041005450536437775,0.012302517600397056,0.022531952478703883,0.010092881476867821,0.06387890067161747,0.020342785655646563,0.014197994031555056,0.1047507285250878,0.026014982163283875,0.0622760266453057,0.014643057326114635,0.028050420815763227,0.01344435131497956,0.02393489993713813,0.01681686006713194
Denmark,0.09635881762306868,0.037581984108274014,0.00967426904843793,0.06715365886441757,0.10094479880591863,0.030811440966908164,0.019176203706646803,0.04874556562247385,0.025428764452672118,0.024719311565461106,0.025751745799808677,0.050963032821208086,0.029482201862830657,0.08820268485484895,0.0289079988570653,0.0218207894934719,0.036157458654152486,0.07749904958020779,0.00859511992934766,1.0,0.036144600414817554,0.06614220092492211,0.02575174579980867,0.019000196191477893,0.035692232218252164,0.017121257628646913,0.04065572588952209,0.017542906143694744,0.13109453845488261,0.02575174579980868,0.02575174579980867,0.012113353639705409,0.021577292462854933,0.02124945364862893,0.057082087071906616,0.011658569033943024,0.02575174579980868,0.022964793176278267,0.015930731226079936,0.04392773948733419,0.020517039772579463,0.018389394182112995,0.07943691043186268,0.009942448857224225,0.015500882432131562,0.03923388641463342,0.026937336291061757,0.045820359918947305,0.060386020341798095,0.06354299263248447,0.008621260026789073,0.014558555370228656,0.02575174579980867,0.051531151447643704,0.022785020979034933,0.08276468735802851,0.025170813581647824,0.04179979406949902,0.033367614113551936,0.024855141720162174,0.019224698545293684,0.015949672472843308,0.019438370525826008,0.018978317383115718,0.024864427664600692,0.037630947044122856,0.04150715446957351,0.00768089568766317,0.028346255215311002,0.007263372124311516,0.07002484701129386,0.02695591493980882,0.020066633970387843,0.10257322294769218,0.03169655910805059,0.059908764638831685,0.01919107182006057,0.031008304674966205,0.013558201112861625,0.030525210374380267,0.01618849197500891
Ecuador,0.11697404240158997,0.06300879277743732,0.04176588003758499,0.07084038245146171,0.11424739037250273,0.048363492477884594,0.04630883410975326,0.06502599631544867,0.0493234872226115,0.04887487301789737,0.04854843695330331,0.06960348487015737,0.04838990765787376,0.08562923926577008,0.04988773541051096,0.04205316820558637,0.06672985815619392,0.08734640323705133,0.03787067936103006,0.036144600414817554,1.0,0.08014395627131168,0.04854843695330313,0.04391326231461756,0.05212352072741991,0.043655662913419636,0.0632708639855271,0.044858307303285376,0.11532151257960926,0.048548436953303166,0.04854843695330313,0.04545611663513221,0.042424861202780405,0.048454037264970794,0.07365383234061852,0.04185441387182288,0.04854843695330309,0.047274532768325814,0.048335408090870814,0.049966159312329575,0.04031789552156263,0.04638507915670468,0.09980865618620473,0.040172056677767555,0.03878910731124637,0.05551125331298169,0.0442323105070815,0.06264552977254088,0.07479005942375053,0.06902497624491864,0.04131377816265961,0.04342323438542251,0.048548436953303103,0.03760289870434811,0.05417108095353507,0.07846191022996792,0.04766213093408694,0.05489084017937909,0.05208031051321428,0.04777528518597983,0.04641219444805721,0.04727425817967199,0.044948723650433085,0.038409520713213026,0.04283695356642778,0.056929562783878555,0.05112594148788007,0.04192306688310867,0.05014845700929474,0.038427874250359054,0.08484371893205665,0.04795805707050204,0.04653575728427234,0.09640666452579061,0.05382803858024913,0.05583335298212993,0.04653356755614056,0.060040970141235786,0.044422212706604076,0.0506468456378163,0.036368415610014596
"Egypt, Arab Rep.",0.08221825009769086,0.034870725645621305,0.05835015950246388,0.06479974628006337,0.03601732128767883,0.03778015534985435,0.052286333616573664,0.09321780918835819,0.04239432541171616,0.043731803418180296,0.04087505113238208,0.04365095063622388,0.03698904888452868,0.04614954840123893,0.037353173013422586,0.04686682838989162,0.04600054698615131,0.14023436515337387,0.05924830148225417,0.06614220092492211,0.08014395627131168,1.0,0.04087505113238206,0.07925816560232271,0.03544051376668464,0.0490471098525555,0.043070443873653164,0.04889327606640481,0.1838454503390779,0.04087505299138924,0.04087505113238206,0.05518303530753828,0.045826750744009215,0.05693380460023217,0.03279656567850681,0.05538470892651142,0.04087505113602003,0.04368154917523755,0.05931555697137272,0.10849048347158143,0.06697926318406612,0.049843737470767924,0.05717259896036307,0.07202449607185765,0.06118653835733364,0.028419410764797853,0.04187059486022348,0.07402289998284953,0.06162073297262308,0.04160415678815211,0.05971594502436426,0.059295347951683904,0.04087505299502722,0.10246617352234474,0.052801246819212305,0.12226882505277653,0.041503672721388156,0.03276919991558966,0.0943295422158244,0.045208356071654084,0.05411247289843785,0.06317294491943946,0.048783580154706095,0.08506080602926903,0.04488151885092315,0.04797616121219171,0.03865987296017328,0.06623536903066216,0.038632764706294474,0.061428188547163726,0.04974492161658408,0.045240044960735776,0.04883253886840665,0.07930758616009369,0.041932873792257436,0.11240806074410227,0.050837254170211475,0.04136985480291147,0.05526638766611775,0.03685604863630948,0.0690732966815876
El Salvador,0.08636632333086144,0.01671335979165605,0.017613930883255455,0.05790438432165587,0.07522676337788528,0.00891434796092423,0.01746750226337427,0.05347228787967693,0.004887525927876528,0.014834505762629045,1.1102230246251565e-16,0.03358343063412909,0.011046145854870458,0.07228686440095065,0.0038821689812580753,0.010306014592209181,0.026806160137355733,0.09951834637551442,0.01970559407467308,0.02575174579980867,0.04854843695330313,0.04087505113238206,1.0,0.038628029491019594,0.012091567587496358,0.009143383266069458,0.027296966228639894,0.008538643159848399,0.15286581206471483,2.7755575615628914e-17,0.0,0.014444945500971189,0.008470434786722622,0.018673175757054183,0.03239676318026477,0.014590857170290761,2.7755575615628914e-17,0.004542274449219104,0.020492950445060325,0.0678138140631888,0.028678688583424438,0.009945478337095422,0.05915418456029524,0.03115361175855544,0.02339740111132709,0.015487537015195237,0.011605054020146324,0.04640989734687031,0.05019855440979558,0.041336864003340815,0.0192961022372355,0.020619294514338537,8.326672684688674e-17,0.07123232492958512,0.01873727014679712,0.09429361325442981,0.002852763271566055,0.020688491027872045,0.05398439551424045,0.008125778574210762,0.015005860356491424,0.022830615502098153,0.008026437782000845,0.04437877358364604,0.017598324474101017,0.021299025624789112,0.029971877906902776,0.025538822382817173,0.004278059445468419,0.020833029524187505,0.055395159973080886,0.013426983103355496,0.00968113810624268,0.09673267819967606,0.010712410324038798,0.07545108687598545,0.010483141467516494,0.013527161537748437,0.014405450533090088,0.005068297345733709,0.03338933062275293
