Country Name,Albania,Angola,Australia,Azerbaijan,Bangladesh,Belarus,Belgium,Bolivia,Brazil,Bulgaria,Cambodia,Cameroon,Canada,Chile,China,Colombia,Costa Rica,Croatia,Czech Republic,Denmark,Ecuador,"Egypt, Arab Rep.",El Salvador,Estonia,Finland,France,Georgia,Germany,Ghana,Guatemala,Honduras,Hungary,India,Indonesia,Israel,Italy,Jamaica,Japan,Jordan,Kazakhstan,Kenya,"Korea, Rep.",Kyrgyz Republic,Latvia,Lithuania,Malaysia,Mexico,Mongolia,Morocco,Nepal,Netherlands,New Zealand,Nigeria,North Macedonia,Norway,Oman,Pakistan,Panama,Paraguay,Peru,Philippines,Poland,Portugal,Romania,Russian Federation,Saudi Arabia,Senegal,Slovak Republic,South Africa,Spain,Sri Lanka,Sweden,Switzerland,Tanzania,Thailand,Tunisia,Turkey,Ukraine,United Kingdom,United States,Uruguay
Albania,1.0,0.4055229633211414,0.3982874853071896,0.4517272690162086,0.37162135740088137,0.39672380512524275,0.382085297808959,0.4301453770483914,0.41848984258258515,0.408511102455791,0.4060108957878282,0.5093901643908694,0.4047219167971562,0.6388449929635479,0.4085025202461229,0.43197218490610195,0.3963388019084137,0.529263375516264,0.40554486799940026,0.40577579775541406,0.5418137329285935,0.4245767562109733,0.4060108957878282,0.4580992196090154,0.4303563345580318,0.40592503534538754,0.4188193887439947,0.40849070638209745,0.5829407454793035,0.4060108957878282,0.4060108957878282,0.40998884586262,0.3984030557605975,0.42854688335146685,0.43791031872263597,0.4109934517500455,0.4060108957878282,0.41123535695097335,0.41509911145834755,0.4829228765279833,0.4017204896014371,0.3965597616758139,0.4332313202419233,0.39696875954455413,0.4588653569492493,0.39358578796792093,0.4039278490598612,0.5195121355338211,0.6819482809895544,0.49607344704708406,0.41529879662047814,0.45050447743079747,0.4060108957878282,0.40040758322836917,0.4154583162718088,0.41740592285759237,0.40687336401839286,0.3796221287163924,0.43041031904300137,0.3800750531080906,0.33911832341594306,0.4148074116326238,0.41255148172115674,0.4310389112975617,0.4142500770067191,0.44507111503726077,0.44240113064529,0.41195548428519285,0.3999656580496801,0.41575892049303925,0.5527176122951906,0.40526262413264824,0.40571117655358957,0.5648628508493437,0.4065958243818617,0.4775256830804051,0.41562791754896045,0.4328429704599827,0.41528546098921165,0.4124007744553063,0.44485101380814845
Angola,0.4055229633211414,1.0,0.04876881038827127,0.3628398918829816,0.14044151503876107,0.0907392215903048,0.08430398574282448,0.17837658383324245,0.06035324542923152,0.08197431680462253,0.04522933125268476,0.24021820198318966,0.06578493089702808,0.30865681935604794,0.04610672431985415,0.09170281010755403,0.09182186360654775,0.2512736400487461,0.07261267818691976,0.05980787839089535,0.2555039450857143,0.12143880697912246,0.04522933125268476,0.132056823793205,0.08839783378209096,0.04814350801387671,0.1821367418318136,0.04855473084582894,0.2711607638744133,0.04522933125268476,0.04522933125268476,0.05440189184429117,0.07841788547391519,0.09557184026247303,0.12705940425318127,0.049531868715694274,0.04522933125268476,0.050526390977434214,0.056060794270869324,0.1381127308411917,0.15364795132539277,0.06174617500440003,0.28270789083600784,0.08917267711254125,0.13713264342457912,0.06274587322017462,0.0634518079755208,0.41592180101301685,0.47185855800767146,0.25662098603760286,0.05801292985355254,0.08258976367760185,0.04522933125268476,0.23887358265168476,0.062299847740692985,0.43713204081810786,0.05232983495819308,0.15518830118499582,0.11932221665375842,0.07677754810751397,0.14097843418422243,0.06316478391040334,0.07046038088077163,0.09720563149498365,0.12441379278025395,0.16833045149996942,0.1891299613625474,0.0705368954678154,0.05231834267600496,0.050456316878725475,0.3177162368554172,0.1014230982239305,0.061444688730333465,0.3584525718629687,0.05855308261058219,0.3731907795937025,0.06659266944070294,0.12377231254271187,0.04106914353884883,0.0484899012265275,0.10585387337925835
Australia,0.3982874853071896,0.04876881038827127,1.0,0.35639609677262224,0.14028771231514842,0.08320416257871915,0.07010945151399833,0.17439823833629747,0.054360921256839785,0.08294802316684546,0.034274305764638864,0.2507798978936912,0.05465276569358826,0.3232765284847636,0.03726808593236032,0.08553063214608878,0.0950764750091992,0.25469122184150883,0.053145511294921705,0.035437553315738515,0.24769019188440136,0.10995053575205993,0.034274305764638864,0.12702522421515544,0.09615949887221589,0.03761653879975786,0.17389296279254932,0.04167881487527667,0.2614692865845796,0.034274305764638864,0.034274305764638864,0.04600534277894224,0.06393481880226559,0.0950832935594202,0.13243940230985016,0.036566977477894155,0.034274305764638864,0.044795670904575084,0.05413652143213479,0.15129669261210837,0.13476348057645576,0.04204512332487671,0.2754721612239329,0.08158161749032786,0.14356922462907895,0.04955238941939676,0.053920062452258034,0.423288838557266,0.4603180964112946,0.25514356268021365,0.04843385770839713,0.09179957406112274,0.034274305764638864,0.2232568732232409,0.06392570081652754,0.4154972155042975,0.04450247422394155,0.16030791077216608,0.10505046712478693,0.06367686951125211,0.13138231541125842,0.057082235301635885,0.07055154749282744,0.07861276185647814,0.11154715090933508,0.17355430829727048,0.19271445823718097,0.058416014208497805,0.04553692964882047,0.03671697772997332,0.3267337547277823,0.08339722081231524,0.05493536949355937,0.35890633120423554,0.06508987201995134,0.3534981541908722,0.0543263335950642,0.12486855792801217,0.03424219712985983,0.04612521066467072,0.10506660587787602
Azerbaijan,0.4517272690162086,0.3628398918829816,0.35639609677262224,1.0,0.3507522262478857,0.3515806383821628,0.3460102976095858,0.4468514160086167,0.35579113221826536,0.3561374911851041,0.3457283460761506,0.37036173986429816,0.3387253200977023,0.5985876536416697,0.34659430396108754,0.3472117314474356,0.3811942550150533,0.4591454309530028,0.34433794054762945,0.3468784382747573,0.397154415065273,0.3351727779314613,0.3457283460761506,0.373091023943324,0.3493765526064083,0.3444538822294912,0.3795639589921706,0.34755577099556845,0.41096097450258057,0.3457283460761506,0.3457283460761506,0.3470785578900185,0.3243189369453681,0.3706523288787656,0.39590026680896795,0.3490915534960393,0.3457283460761506,0.3479003563094152,0.345151622319712,0.40987178353695597,0.3599469406530084,0.3485849046247935,0.5002531348262726,0.35671333632931446,0.39549093851359546,0.3477323134987629,0.34856932005834074,0.41247039717734535,0.481091239150333,0.4087988381651188,0.3444894122900743,0.3794538814856118,0.3457283460761506,0.412288796726022,0.35244178563899725,0.5109942089071706,0.35273210916860115,0.3528921602495577,0.38205566392820006,0.35454475930329615,0.3744657340060545,0.3628026286384765,0.3503213497969465,0.3557500633713773,0.3738834358984608,0.3288553284348128,0.39354242250597343,0.3544352083377058,0.3395446858405315,0.3569112517426245,0.4440168501119818,0.34265325584211526,0.34114426080951854,0.5095967737953309,0.33531778918424693,0.4671090765566202,0.36353161056815764,0.34766007768625384,0.35671349605130903,0.354382252153463,0.3638688724462348
Bangladesh,0.37162135740088137,0.14044151503876107,0.14028771231514842,0.3507522262478857,1.0,0.16383381636691227,0.10948039561795249,0.22510076991330297,0.1523397362888876,0.12621217968515802,0.13663958402101498,0.27073061821208205,0.14275342989018028,0.35412377025475805,0.13643761374798674,0.18448874041369598,0.15586070799248145,0.295811950081811,0.15879846889284552,0.14778737947994916,0.2920898307475828,0.1636943795620495,0.13663958402101498,0.1942386652240997,0.17151736259862177,0.1398601176667599,0.18004628284702345,0.1453732342237926,0.30263669126763565,0.13663958402101498,0.13663958402101498,0.14791534404932777,0.1339837175532407,0.16579939876034935,0.18798857185785522,0.14598976653694598,0.13663958402101498,0.14640592505872202,0.13495466210045565,0.21518912876028032,0.161633913505335,0.12683622082369547,0.31113643473821934,0.18345678700406026,0.2186585930057812,0.12423162576421742,0.14811223806998416,0.4037920121318003,0.4813077344226752,0.34878271584355236,0.15792111673011397,0.1736557814270008,0.13663958402101498,0.2806421981607404,0.12896563983016934,0.4120258265905787,0.13976146150435467,0.20124356877848254,0.20182643575626888,0.15315070838896627,0.1972472042272726,0.15131677234068677,0.1381302836880615,0.173005098828943,0.18973310553881104,0.2025947668856409,0.220956772195106,0.16207064089793013,0.13697561733935654,0.14963589836432034,0.33918023981452733,0.16586178130473417,0.14362076519759706,0.39819354524423173,0.1412821507182767,0.41270925241228956,0.1354961533258937,0.1767236456446487,0.14515998759337306,0.14285378435233753,0.1777031018067748
Belarus,0.39672380512524275,0.0907392215903048,0.08320416257871915,0.3515806383821628,0.16383381636691227,1.0,0.11796061191670006,0.18101883843550054,0.075491168937351,0.12326652335653823,0.07296726830177683,0.24694799933261916,0.07740897761041406,0.3181484899311833,0.07331270424462243,0.10777117558430173,0.127299016709121,0.2556013776130996,0.07564551806410158,0.07587695652212181,0.22660124669365395,0.11327883211324538,0.07296726830177683,0.11273377268462219,0.10791727230217536,0.07320253414959116,0.19566966009378983,0.06778970664708693,0.3190385703973109,0.07296726830177683,0.07296726830177683,0.07756615277027816,0.07624932777740949,0.10511867836974449,0.1743964055821532,0.07872197894328785,0.07296726830177683,0.0728199704584725,0.09423441948177044,0.17183786037655321,0.17738695799085416,0.07930934585499656,0.30421174478616686,0.10363016196533455,0.10797736455658043,0.08783518350110547,0.07498304538065233,0.39500377852545726,0.42607933807949927,0.2519908723403283,0.07321832708545097,0.10544870681610584,0.07296726830177683,0.22146088056245072,0.11498557900389098,0.40710622718476336,0.07756894656119173,0.15042576448121198,0.13162269716868202,0.08553548994643263,0.16124010506208244,0.09291857897148877,0.08672342820699869,0.10999155024141738,0.1209111460498259,0.16199385097275656,0.18831932509188404,0.09744475012892491,0.08508585215738579,0.08570567231435276,0.31969846734107776,0.09725081693362103,0.07957540119469651,0.34357501780818384,0.08553535193759258,0.35869197724781887,0.08439311597002667,0.15745059289724983,0.08379047661038781,0.06900846281439024,0.1350933127075096
Belgium,0.382085297808959,0.08430398574282448,0.07010945151399833,0.3460102976095858,0.10948039561795249,0.11796061191670006,1.0,0.19406431082844616,0.09047004363919253,0.06275579637726403,0.07139428931974762,0.24916309152437363,0.08167209624590108,0.3385911289980477,0.07214175788269592,0.11767592824633477,0.10900964307974244,0.2616293613993649,0.08706088633880295,0.07748784676062964,0.2718316765200469,0.12339070071669428,0.07139428931974762,0.15784647685074285,0.12000028391675407,0.07296789026465274,0.18667830689713066,0.07529769157100895,0.26623397195219456,0.07139428931974762,0.07139428931974762,0.08528698182201544,0.08594652432143798,0.12301784318792595,0.14638537726723352,0.07378577051161583,0.07139428931974762,0.07805256615412136,0.08245349293682527,0.15164924592240522,0.13526934168306748,0.07426341129434377,0.27195467408872936,0.10976847479124983,0.16976049746099348,0.07100345405450333,0.07511505482810167,0.4085913838630942,0.4805314267249404,0.2869969514996414,0.09233795176256035,0.11213539877982713,0.07139428931974762,0.22909482811316717,0.07613981008448212,0.42097773884046635,0.07392178912163587,0.16365244966211343,0.14323720824703165,0.08848784814974194,0.13823869552963047,0.09107284705572743,0.08094754052120164,0.11302527925406208,0.13145753503909766,0.16703229231073743,0.18945610709687039,0.08508293277747758,0.07591844197768763,0.0775569769172079,0.3175094949019158,0.09191686979004414,0.07784717436689824,0.3709181435426822,0.08281638160169105,0.3769755449503193,0.08320939441819365,0.1213134967943196,0.07987001559032982,0.0773740003282744,0.10265362344717843
Bolivia,0.4301453770483914,0.17837658383324245,0.17439823833629747,0.4468514160086167,0.22510076991330297,0.18101883843550054,0.19406431082844616,1.0,0.17310487809331712,0.1961849859115555,0.17254713342867417,0.33151639070049066,0.17782447408757596,0.3588519969847826,0.1733920105389792,0.19310981063617644,0.17361518542098664,0.3013264096603655,0.16174522160406815,0.16631114251024476,0.26689413444049487,0.2192841028615624,0.17254713342867417,0.2253645609762921,0.18816209723874103,0.17359777566898207,0.21830948415194212,0.17124500437579826,0.3182109573647755,0.17254713342867417,0.17254713342867417,0.17392423204422885,0.19380460787820195,0.20267009671028374,0.20789810579214674,0.1706462414608999,0.17254713342867417,0.17046319368597426,0.1874769830003904,0.23433514877594475,0.2352943451463958,0.16694394904688115,0.3399596575810754,0.19494601284311414,0.18110315811819883,0.17018625329778864,0.17965321332390885,0.4306534037153759,0.4570958220702804,0.3085638603558335,0.18910690103444855,0.18889574609585438,0.17254713342867417,0.29607282669998897,0.1658126877988055,0.4782414498745035,0.15925086425889168,0.22695488048906234,0.1866858948063987,0.17731611271371828,0.22283839049637802,0.1397156174808908,0.18679055443898082,0.18973127574870396,0.21122091623850248,0.23535072201060114,0.21226475577643436,0.16618606257717358,0.17067413191180592,0.17385088824532208,0.37275668016461455,0.19615512074732772,0.1740534437232891,0.4144977356226272,0.17695214528622438,0.411934445364222,0.17463550968536987,0.21107703836828018,0.16762561502469453,0.1738353696058347,0.17585965916026544
Brazil,0.41848984258258515,0.06035324542923152,0.054360921256839785,0.35579113221826536,0.1523397362888876,0.075491168937351,0.09047004363919253,0.17310487809331712,1.0,0.09660433006245447,0.0403837583809521,0.24330726114947734,0.06512541496859411,0.29937124701930456,0.04256356009290346,0.07563724709630178,0.10835016360522116,0.23934465267631558,0.051086210792202914,0.0532675031376954,0.2432187154162023,0.1026012286003973,0.0403837583809521,0.1273232845595717,0.0865028459887846,0.04836210825662521,0.1893260907919098,0.04069798175233903,0.26912974109903054,0.0403837583809521,0.0403837583809521,0.05085191739147035,0.06598568040798355,0.08883551586423183,0.1333781583022036,0.042298682997488006,0.0403837583809521,0.042680110236039306,0.05477713397602663,0.142838738454292,0.16000102775001035,0.058406538387835265,0.27688771651045196,0.07132473437371456,0.10930602762947285,0.06296233779216269,0.06552822402673347,0.4220263013008755,0.4479251384613347,0.2564906045863575,0.05392869253336295,0.07889980302225899,0.0403837583809521,0.23157675659628785,0.07357880871643215,0.4444964583872708,0.05095326655976877,0.1492696852754257,0.10504206767529348,0.07979434644837771,0.15220734755603355,0.056051415841864204,0.06802676078777535,0.08882010070404829,0.10985272531421053,0.1647979735185265,0.19462812111662503,0.059955454303185454,0.05328954565745073,0.052101715288772985,0.30397487589203437,0.0769746178092327,0.058243375730526854,0.3483573290917224,0.05810280684952203,0.36793110707601623,0.06656930354500583,0.11155047932245055,0.04495035314559288,0.04005387848612936,0.1014871174569031
Bulgaria,0.408511102455791,0.08197431680462253,0.08294802316684546,0.3561374911851041,0.12621217968515802,0.12326652335653823,0.06275579637726403,0.1961849859115555,0.09660433006245447,1.0,0.08063480788349688,0.23554172331042567,0.0830045592924614,0.3331854929452534,0.07970404263612947,0.11837548774020727,0.13288167968152476,0.25300393920387637,0.10227908139355416,0.08483750836963519,0.2501694357239596,0.1201540198191804,0.08063480788349688,0.14850552989247623,0.10967865598812182,0.07864104367694892,0.2028555712725187,0.08292235000689703,0.262589803853879,0.08063480788349688,0.08063480788349688,0.10236860534074751,0.09915434507383396,0.1192421897962146,0.14682452756618683,0.08089512613293853,0.08063480788349688,0.08434262499271851,0.08307822627995795,0.12903172105573013,0.16903149443418708,0.09167066032025654,0.2938093505558192,0.12544962149369923,0.15788621504330852,0.09372642146598718,0.07727220575990469,0.40456135833456996,0.48126034358189773,0.2814230745914383,0.09643090910588697,0.11111762894809783,0.08063480788349688,0.2557386372218604,0.07967154665228153,0.42453768289490046,0.07509006527663394,0.17148056555624733,0.13212446000236902,0.09652825214427642,0.155547451788564,0.09843745947061487,0.08941665132278805,0.12354462721478847,0.15424213023255312,0.15073141844306234,0.1630039015492977,0.08762537357050817,0.0875162543403789,0.08525227153727999,0.33667703779608404,0.11618348764202029,0.0758553702797364,0.3474797769885024,0.08016378507484825,0.37711782338925004,0.09475697167410214,0.12618287736130634,0.0813420956937223,0.08228018203818288,0.08765163071378805
Cambodia,0.4060108957878282,0.04522933125268476,0.034274305764638864,0.3457283460761506,0.13663958402101498,0.07296726830177683,0.07139428931974762,0.17254713342867417,0.0403837583809521,0.08063480788349688,1.0,0.23592179246197545,0.04279931568689376,0.3137780891609788,0.008951961916082166,0.06684611135271666,0.10117349965460606,0.24779615345038383,0.039874131902781135,0.028985429776013902,0.2420358878416925,0.09418044955169591,0.0,0.12440454570330854,0.07378153476805326,0.01894401718628222,0.18034577228346685,0.016427954009774478,0.2673620531400989,0.0,0.0,0.03375365459154907,0.050543529167116165,0.08960342646280445,0.1233695678012638,0.018107853704954973,0.0,0.01878932318416076,0.05233310952595127,0.14421601305352694,0.13936920716840343,0.04279812491018505,0.2868698438800596,0.07524017910140582,0.1254678752666176,0.03801742223957477,0.03837474868449954,0.4138121051902455,0.4465292547613919,0.2526037174441161,0.038013245148832,0.07522496956223784,0.0,0.2191686040934775,0.061384518160857646,0.43123470111116313,0.026319559669315134,0.14864288655336297,0.11041783814946468,0.05752198756001222,0.13689696860355197,0.04881995452271503,0.056468681273159016,0.07481622707239749,0.10681416730678742,0.15740441887957896,0.18364217892258192,0.05037913742925403,0.02629670274148241,0.02849634329331782,0.3101560247198681,0.07628691931659481,0.039996041768472594,0.35612969409206846,0.04008069156126401,0.3698541940678605,0.04238938007995844,0.117317854618507,0.026890505166774888,0.022826261453594822,0.09561140730862254
Cameroon,0.5093901643908694,0.24021820198318966,0.2507798978936912,0.37036173986429816,0.27073061821208205,0.24694799933261916,0.24916309152437363,0.33151639070049066,0.24330726114947734,0.23554172331042567,0.23592179246197545,1.0,0.24410724495950306,0.3732561446107262,0.22995053128233486,0.2430072136337248,0.2646444237307546,0.3465688694821811,0.24543469981637556,0.244032244980184,0.29856624773923485,0.24897837496846764,0.23592179246197545,0.2766266334329325,0.24795522934351857,0.24020542469473136,0.3325936600332058,0.23510229621587356,0.3552869041090746,0.23592179246197545,0.23592179246197545,0.24304329244608752,0.24893708639247733,0.2593617015883021,0.2780710844495958,0.24023858529101258,0.23592179246197545,0.23033334805418143,0.23989925874509535,0.25813918868502694,0.2726000954233661,0.23837008548021274,0.37862780960613984,0.2658628417261116,0.27725587590659806,0.24659724639554279,0.24097775893123408,0.42951365808869024,0.5026474109511574,0.3450750415914847,0.2287065866333454,0.22298310573183888,0.23592179246197545,0.3761345508995076,0.2407471867606958,0.48211593027790844,0.24224717957168523,0.31004101891263997,0.2457344813192254,0.25155414957896255,0.2775496677208031,0.2523547429131524,0.2471090253404317,0.24419549257903353,0.3217478237316132,0.14613059080130789,0.29129551734445763,0.24145790033254913,0.23711576353812505,0.24408591277090635,0.382151434774895,0.24871587056444816,0.21826271847644968,0.42488870969481385,0.21748889430760981,0.4241063037944247,0.23448566930728823,0.2511717657339967,0.23890077702540702,0.23507759343224086,0.26070174041083677
Canada,0.4047219167971562,0.06578493089702808,0.05465276569358826,0.3387253200977023,0.14275342989018028,0.07740897761041406,0.08167209624590108,0.17782447408757596,0.06512541496859411,0.0830045592924614,0.04279931568689376,0.24410724495950306,1.0,0.32728487287690944,0.041449656517012455,0.0777266031666698,0.12665894978439515,0.25589727682532204,0.05343015245630314,0.049689604026880455,0.24071811277328267,0.08333092834163935,0.04279931568689376,0.1281482653003839,0.08077626085191658,0.03791370637071675,0.18019490646584138,0.044731328333887634,0.2741726538340508,0.04279931568689376,0.04279931568689376,0.054708127553232413,0.05612585152780515,0.09456740378030054,0.13583347359281914,0.0469927421662152,0.04279931568689376,0.04596301131048191,0.06731812642261267,0.1572346451350821,0.14462237318351182,0.057638721559581836,0.30303458526684307,0.0875733954589268,0.1339803529578394,0.0521216921423215,0.045023942027656506,0.39141993350757226,0.44184427289197137,0.2418566970404693,0.06294104330667064,0.0977421961833343,0.04279931568689376,0.21843032286909767,0.07009379414640157,0.4276190643690623,0.03178785115118519,0.1590155902710792,0.11425684948006352,0.05718085104455581,0.13767183264678906,0.06813521769869373,0.07606952599351703,0.08255687475416557,0.1043538876689205,0.15897469254295982,0.1568484310369352,0.05638086532446222,0.05400319477479496,0.04740653821525448,0.33792907786258386,0.08576783024627167,0.05353900337863682,0.352160914514993,0.0586267983018917,0.36265358510834544,0.06272500601144759,0.13771206129785327,0.05349363261097803,0.04674833667626732,0.08635331619038082
Chile,0.6388449929635479,0.30865681935604794,0.3232765284847636,0.5985876536416697,0.35412377025475805,0.3181484899311833,0.3385911289980477,0.3588519969847826,0.29937124701930456,0.3331854929452534,0.3137780891609788,0.3732561446107262,0.32728487287690944,1.0,0.311628543839514,0.31857243265018126,0.33742018797126516,0.33855375947175237,0.321456044298447,0.320325932836463,0.4001246537259949,0.33974444282214883,0.3137780891609788,0.3250944384924672,0.31788580257767035,0.3164966113577546,0.37413089391117343,0.31206476249507453,0.4080741360228521,0.3137780891609788,0.3137780891609788,0.3094383594737851,0.3236343066478894,0.30424509010322653,0.33223718465933927,0.3131153862176562,0.3137780891609788,0.3133732618202791,0.316345626888924,0.2865961706473589,0.35304132251835807,0.3204348152865952,0.4402040827213835,0.31590996990713743,0.2871621820722091,0.31664170241165596,0.3185680826847382,0.5662210043572481,0.5849620889735198,0.42582014468662965,0.31454089786175615,0.26926526436785825,0.3137780891609788,0.3874452756837042,0.325432013697287,0.6248372742092434,0.31533660790683365,0.34860791738535457,0.3452610799793892,0.3386188623048089,0.37351639135873577,0.3166196351231827,0.3079133508825948,0.31113444306470106,0.31823379321576145,0.38088564377009565,0.36603539783173916,0.32211727423606384,0.3197833233705471,0.3074674542329528,0.39780806951522957,0.335329639559236,0.3288463887300501,0.4582432276058943,0.32432803220716355,0.568028590523693,0.3031234756871334,0.3393427942637696,0.3081084285329732,0.3068939295096511,0.32614532579700223
China,0.4085025202461229,0.04610672431985415,0.03726808593236032,0.34659430396108754,0.13643761374798674,0.07331270424462243,0.07214175788269592,0.1733920105389792,0.04256356009290346,0.07970404263612947,0.008951961916082166,0.22995053128233486,0.041449656517012455,0.311628543839514,1.0,0.06737524020634882,0.10153848073078359,0.25138871128414214,0.04026534238289036,0.032088984739994046,0.24016679530325336,0.09326424469703935,0.008951961916082166,0.12761335818403158,0.07555690186986026,0.02221515358699527,0.18138622714176553,0.020076109828385813,0.2673022759260595,0.008951961916082166,0.008951961916082166,0.0363941097072681,0.05445526771543114,0.09225589506215522,0.12458098118656,0.022958296085864076,0.008951961916082166,0.01812182132118632,0.055942599519764616,0.14627098195950805,0.138685815619644,0.04311386489335986,0.286213298553067,0.07979959268176318,0.12767960715390286,0.03661145616494957,0.037754818287610424,0.4127331598686326,0.4468864014929961,0.24943573497394653,0.039661423870032554,0.07415955763932822,0.008951961916082166,0.22231363791793662,0.06191974126439486,0.43144187432847014,0.025954694415472948,0.1522190274074571,0.1106707247274516,0.059172254409970086,0.1363088664141035,0.05175171602665714,0.06022098719778519,0.07520905226265473,0.11168839888405349,0.15294517038521807,0.1815095000562489,0.0504314454030644,0.027166929475720695,0.031222640735201087,0.31235911793797505,0.07551594900323019,0.03800402081079196,0.3570195831969646,0.03978999772918813,0.36775235786962557,0.04247484373605262,0.11800127475208033,0.028819150709110394,0.02339049595704626,0.09515825830962363
Colombia,0.43197218490610195,0.09170281010755403,0.08553063214608878,0.3472117314474356,0.18448874041369598,0.10777117558430173,0.11767592824633477,0.19310981063617644,0.07563724709630178,0.11837548774020727,0.06684611135271666,0.2430072136337248,0.0777266031666698,0.31857243265018126,0.06737524020634882,1.0,0.14033930502941624,0.24327491893907094,0.0652348534854081,0.07015054838607572,0.25226882219596647,0.09506210103681709,0.06684611135271666,0.15339103944170704,0.07903979621207292,0.06839469094731124,0.2164875847284142,0.06925748315753488,0.27546732244556715,0.06684611135271666,0.06684611135271666,0.07584513852784568,0.08292108771266495,0.11117686815727902,0.10357175366793318,0.06129918053591914,0.06684611135271666,0.06294719726211821,0.09812803075065364,0.16032646577074175,0.15419250531130588,0.10372713944548809,0.309906063331295,0.07849482608475404,0.12652923682024356,0.07901554900179893,0.07663211565536426,0.44505840498633487,0.4398781856802583,0.2330989501256816,0.06415135607828669,0.10513323973884668,0.06684611135271666,0.19817354401474715,0.10507455204323309,0.45980720527239227,0.0714251257275032,0.16349807602974264,0.12894032315033221,0.07689923009218357,0.13551443505048624,0.07993474930619762,0.0889040148159494,0.09388971794937817,0.11365931305782588,0.17444107925116453,0.19996948068101242,0.06874204638002206,0.06341455932339271,0.06544481078704473,0.30101824234322716,0.09737544014933236,0.0780370831017779,0.34605721168747827,0.07038514297765606,0.39541164430597264,0.08309673270084142,0.13746931155227665,0.0685836624166847,0.07111178041853765,0.11783535303056306
Costa Rica,0.3963388019084137,0.09182186360654775,0.0950764750091992,0.3811942550150533,0.15586070799248145,0.127299016709121,0.10900964307974244,0.17361518542098664,0.10835016360522116,0.13288167968152476,0.10117349965460606,0.2646444237307546,0.12665894978439515,0.33742018797126516,0.10153848073078359,0.14033930502941624,1.0,0.28681215373170976,0.10882523876829879,0.10926814423027151,0.25814916911626906,0.16494111945638287,0.10117349965460606,0.17372739529827422,0.1578914312956686,0.1099119002580067,0.17127519340621067,0.10586200158980703,0.28381514287887477,0.10117349965460606,0.10117349965460606,0.09894598280242561,0.13071465175289726,0.13973649534417582,0.15804328592112327,0.10294760812310952,0.10117349965460606,0.10287534684297117,0.11506106708479286,0.18961955437033123,0.17370627178587508,0.10341082929951327,0.2575526807786962,0.13936061648892303,0.18445699048818817,0.10206929981612364,0.11871803907377292,0.44094500825246946,0.48837387622403566,0.2760941035516657,0.10449863925991941,0.13037702000101123,0.10117349965460606,0.2666895345310733,0.10426357661341247,0.43221618623119373,0.11132805472649326,0.20278787378493993,0.16924809342943264,0.13174711336223044,0.16344036800236766,0.09429561016921194,0.11059923136614407,0.14230391378615362,0.16971767752762107,0.1861153498546301,0.24423895756183112,0.12151045669333768,0.10004202680406257,0.11194974617447633,0.28911231726233516,0.11121692300700602,0.10443425820527384,0.39506199597358554,0.11023153777883625,0.3803845384299296,0.110491613762725,0.14640006864051278,0.0965771691630151,0.1054578758545839,0.15696586890410355
Croatia,0.529263375516264,0.2512736400487461,0.25469122184150883,0.4591454309530028,0.295811950081811,0.2556013776130996,0.2616293613993649,0.3013264096603655,0.23934465267631558,0.25300393920387637,0.24779615345038383,0.3465688694821811,0.25589727682532204,0.33855375947175237,0.25138871128414214,0.24327491893907094,0.28681215373170976,1.0,0.26463009642392715,0.24994755777174582,0.31589905808947094,0.26116565685565785,0.24779615345038383,0.2331596118976439,0.25301474326798334,0.24909243050429059,0.3193942929770098,0.2423372777527978,0.36946190930968237,0.24779615345038383,0.24779615345038383,0.251462346989249,0.22944397702600022,0.22524349300405486,0.26526438789044854,0.23767464285797388,0.24779615345038383,0.2517300379067411,0.2221548594180945,0.18022677543945553,0.2977593549724344,0.2579800902276656,0.4494828715809772,0.23463344672031392,0.2120937035273696,0.2704368122417002,0.26002621536162884,0.4628046139757358,0.4932364050854301,0.4486529482049475,0.24178365265180612,0.2511597249937282,0.24779615345038383,0.3162492655642342,0.24175636589084237,0.5282036296332429,0.24918999355073118,0.28792255673124667,0.26747835370764306,0.25129583551429086,0.32137008483577867,0.23124534824332582,0.20646981756336164,0.26533821044994654,0.25068895028940147,0.2905125696617773,0.2854692764110606,0.25956336962064913,0.25620121239257154,0.23746250266278718,0.3174056113440027,0.2869073635101822,0.25517000471144924,0.2565778891451276,0.2481645676534175,0.552097679317008,0.249380855425733,0.2784101802010453,0.24018237450787883,0.24459052489858088,0.2668297090153602
Czech Republic,0.40554486799940026,0.07261267818691976,0.053145511294921705,0.34433794054762945,0.15879846889284552,0.07564551806410158,0.08706088633880295,0.16174522160406815,0.051086210792202914,0.10227908139355416,0.039874131902781135,0.24543469981637556,0.05343015245630314,0.321456044298447,0.04026534238289036,0.0652348534854081,0.10882523876829879,0.26463009642392715,1.0,0.035817823027363145,0.24384465356686943,0.10525737977030046,0.039874131902781135,0.13962985535716343,0.08395602190178719,0.0387471816159507,0.18736931190482678,0.04066828743225167,0.2672282479727866,0.039874131902781135,0.039874131902781135,0.04176604013922937,0.06886372104095506,0.10485579034795109,0.13193780390993104,0.040665335567359545,0.039874131902781135,0.034815402749180546,0.07967294824819153,0.1639116448963004,0.14242985049757634,0.06103300842127745,0.2861566235581793,0.0748803741899038,0.1242781556369274,0.044532199079619396,0.0520149457279424,0.41651646101222245,0.44062036723521236,0.2300123138939648,0.05254001128267116,0.0860463901032629,0.039874131902781135,0.20756291598321255,0.08190678192719442,0.4360743201155776,0.042666032072361464,0.14912222118537521,0.11343915153853473,0.06751418137293311,0.12808512886113055,0.05711739021725609,0.08130745431868526,0.07325732905133214,0.1075555981942799,0.16377001167297806,0.1888628764665402,0.042253781902698476,0.04075529358074733,0.047526638989498125,0.3152591228018979,0.06475154371232811,0.05264075979388981,0.3719963264157008,0.05709522222228212,0.3607164850375656,0.06003775826640723,0.12401706761613573,0.048175055721850255,0.04745944956991654,0.09508611720732234
Denmark,0.40577579775541406,0.05980787839089535,0.035437553315738515,0.3468784382747573,0.14778737947994916,0.07587695652212181,0.07748784676062964,0.16631114251024476,0.0532675031376954,0.08483750836963519,0.028985429776013902,0.244032244980184,0.049689604026880455,0.320325932836463,0.032088984739994046,0.07015054838607572,0.10926814423027151,0.24994755777174582,0.035817823027363145,1.0,0.2376595756028126,0.10499708455473958,0.028985429776013902,0.12445627828851229,0.0823570140888838,0.02700674115481184,0.17771051946122385,0.03257884449412154,0.25899814739063337,0.028985429776013902,0.028985429776013902,0.04080945815470939,0.05347743684866681,0.09825998088488935,0.1353838063017033,0.026668599392466328,0.028985429776013902,0.03634321556606127,0.061851214244253605,0.14562421517719235,0.13459095580142752,0.04921980521033548,0.29647017593970765,0.07905922840990985,0.12728461645137404,0.04687058075690723,0.041909191023110554,0.4144012741279743,0.4433053497979061,0.24713166884340404,0.04364215700595042,0.08205124448962786,0.028985429776013902,0.2142210854336977,0.06767552089938589,0.42031774657423226,0.033104096843494434,0.14862122910199946,0.11115856900374389,0.0626419389481655,0.13410348203014033,0.05106178644722869,0.06532707757905447,0.06331080458021418,0.10835293013003958,0.16652628845551815,0.17946262906717472,0.045215732804938354,0.032722628917928785,0.03175664166126486,0.3199617770772561,0.08124578682184157,0.05255481519232137,0.3600259665459958,0.056689299602413465,0.3657299389417296,0.04982343673079981,0.11742346347507836,0.03164969795408908,0.04529265555372715,0.09295300838156491
Ecuador,0.5418137329285935,0.2555039450857143,0.24769019188440136,0.397154415065273,0.2920898307475828,0.22660124669365395,0.2718316765200469,0.26689413444049487,0.2432187154162023,0.2501694357239596,0.2420358878416925,0.29856624773923485,0.24071811277328267,0.4001246537259949,0.24016679530325336,0.25226882219596647,0.25814916911626906,0.31589905808947094,0.24384465356686943,0.2376595756028126,1.0,0.24088529451554383,0.2420358878416925,0.23149146858643352,0.26363906600110804,0.24548137719538707,0.2539416167410672,0.2411015115353124,0.3247982005909353,0.2420358878416925,0.2420358878416925,0.24475726836737408,0.23932017762099286,0.23877378912777628,0.3079139934387016,0.23805906420754663,0.2420358878416925,0.24208070543752194,0.24360682121521682,0.268577540017319,0.3253207652166993,0.2419801221560111,0.4574002426947596,0.27967884283948,0.24722030662111152,0.25770911080007247,0.24181696865435526,0.4006451880087434,0.440267650900334,0.3428630557079315,0.231835493125153,0.2467154371644666,0.2420358878416925,0.39240286850949313,0.2470568690837595,0.46341945832715237,0.24019808995758002,0.32653587573039433,0.27247433266964016,0.27041348503819224,0.33177935740714837,0.23106698695495145,0.23218325272464221,0.25570158769586454,0.3041028757404317,0.22357289604483616,0.26528750525543604,0.25943132936469854,0.2456698179616509,0.2478272177213523,0.38056767582179934,0.26262746430995487,0.23077831008546507,0.35717286454282976,0.23918837902393617,0.4298991521586307,0.24792255530061136,0.2898343340288071,0.23519619078321174,0.2429395510464175,0.2586019575503784
"Egypt, Arab Rep.",0.4245767562109733,0.12143880697912246,0.10995053575205993,0.3351727779314613,0.1636943795620495,0.11327883211324538,0.12339070071669428,0.2192841028615624,0.1026012286003973,0.1201540198191804,0.09418044955169591,0.24897837496846764,0.08333092834163935,0.33974444282214883,0.09326424469703935,0.09506210103681709,0.16494111945638287,0.26116565685565785,0.10525737977030046,0.10499708455473958,0.24088529451554383,1.0,0.09418044955169591,0.14159664530030372,0.11844748807402103,0.09914307634954392,0.19581140834554858,0.09795858278793557,0.307171237586659,0.09418044955169591,0.09418044955169591,0.10561348405989143,0.09130317958714669,0.10041112516624165,0.14259416489261928,0.09571595761643667,0.09418044955169591,0.09557065160880782,0.1119018481191241,0.18394559036836347,0.18445713396968316,0.11228078265124566,0.3184305906296819,0.12031222759570158,0.15951847755528636,0.10496011923598303,0.09322102487684121,0.413471996843749,0.4350712110386143,0.26117964255657167,0.10030431278102617,0.1337886328360861,0.09418044955169591,0.23263020147782518,0.11810088944453181,0.42736061980178447,0.09278068470148337,0.2024192244333548,0.14887376200371913,0.10286092642893747,0.1687783610315389,0.11490530639136953,0.10853283241549518,0.11433011446371912,0.13052472339222138,0.16943346855336924,0.1812631288402408,0.10395341935223518,0.10371350588564503,0.10766298415966259,0.33292065820531014,0.09958046564221662,0.09320737037321476,0.3470218112327221,0.0941707414647141,0.39204857451476527,0.0993124616506951,0.16004860452381697,0.1050261898955835,0.09503847242281609,0.12959426359513027
El Salvador,0.4060108957878282,0.04522933125268476,0.034274305764638864,0.3457283460761506,0.13663958402101498,0.07296726830177683,0.07139428931974762,0.17254713342867417,0.0403837583809521,0.08063480788349688,0.0,0.23592179246197545,0.04279931568689376,0.3137780891609788,0.008951961916082166,0.06684611135271666,0.10117349965460606,0.24779615345038383,0.039874131902781135,0.028985429776013902,0.2420358878416925,0.09418044955169591,1.0,0.12440454570330854,0.07378153476805326,0.01894401718628222,0.18034577228346685,0.016427954009774478,0.2673620531400989,0.0,0.0,0.03375365459154907,0.050543529167116165,0.08960342646280445,0.1233695678012638,0.018107853704954973,0.0,0.01878932318416076,0.05233310952595127,0.14421601305352694,0.13936920716840343,0.04279812491018505,0.2868698438800596,0.07524017910140582,0.1254678752666176,0.03801742223957477,0.03837474868449954,0.4138121051902455,0.4465292547613919,0.2526037174441161,0.038013245148832,0.07522496956223784,0.0,0.2191686040934775,0.061384518160857646,0.43123470111116313,0.026319559669315134,0.14864288655336297,0.11041783814946468,0.05752198756001222,0.13689696860355197,0.04881995452271503,0.056468681273159016,0.07481622707239749,0.10681416730678742,0.15740441887957896,0.18364217892258192,0.05037913742925403,0.02629670274148241,0.02849634329331782,0.3101560247198681,0.07628691931659481,0.039996041768472594,0.35612969409206846,0.04008069156126401,0.3698541940678605,0.04238938007995844,0.117317854618507,0.026890505166774888,0.022826261453594822,0.09561140730862254
Estonia,0.4580992196090154,0.132056823793205,0.12702522421515544,0.373091023943324,0.1942386652240997,0.11273377268462219,0.15784647685074285,0.2253645609762921,0.1273232845595717,0.14850552989247623,0.12440454570330854,0.2766266334329325,0.1281482653003839,0.3250944384924672,0.12761335818403158,0.15339103944170704,0.17372739529827422,0.2331596118976439,0.13962985535716343,0.12445627828851229,0.23149146858643352,0.14159664530030372,0.12440454570330854,1.0,0.1386086256280933,0.11944306340054456,0.20863431622878786,0.11884650111385549,0.30786314010619753,0.12440454570330854,0.12440454570330854,0.12093179772008286,0.12038019681327161,0.09898769004534048,0.19370656108698278,0.12318845599055782,0.12440454570330854,0.12484056562169255,0.11089284869537301,0.15331734597843338,0.2184407261342282,0.12994886825440843,0.3469560107025071,0.15279258554512645,0.13904176081290598,0.15029465541104792,0.13080084942145162,0.40691435339863113,0.4131644509968336,0.30590546174295224,0.1136441522525951,0.12995721914911565,0.12440454570330854,0.25751376389211944,0.13976433577862124,0.41278059455462407,0.1302185079111917,0.21046907048575356,0.15426106194566402,0.14535256144887448,0.2311666456105584,0.13490649082218656,0.12020044968338761,0.1303930221484243,0.14956768548902444,0.19749745734719543,0.22177198997207878,0.1405787898356854,0.14391630459665378,0.12701495739511715,0.3331158171818036,0.1491766262808856,0.12646739830478954,0.36012900947722637,0.13042466508398254,0.4025332473745221,0.11376419657194703,0.18962250673510822,0.12494298456769867,0.11956859922407516,0.15399405887320983
