Country Name,Albania,Angola,Australia,Azerbaijan,Bangladesh,Belarus,Belgium,Bolivia,Brazil,Bulgaria,Cambodia,Cameroon,Canada,Chile,China,Colombia,Costa Rica,Croatia,Czech Republic,Denmark,Ecuador,"Egypt, Arab Rep.",El Salvador,Estonia,Finland,France,Georgia,Germany,Ghana,Guatemala,Honduras,Hungary,India,Indonesia,Israel,Italy,Jamaica,Japan,Jordan,Kazakhstan,Kenya,"Korea, Rep.",Kyrgyz Republic,Latvia,Lithuania,Malaysia,Mexico,Mongolia,Morocco,Nepal,Netherlands,New Zealand,Nigeria,North Macedonia,Norway,Oman,Pakistan,Panama,Paraguay,Peru,Philippines,Poland,Portugal,Romania,Russian Federation,Saudi Arabia,Senegal,Slovak Republic,South Africa,Spain,Sri Lanka,Sweden,Switzerland,Tanzania,Thailand,Tunisia,Turkey,Ukraine,United Kingdom,United States,Uruguay
Albania,1.0,0.030355648904537402,0.02438654569891143,0.050326312414427074,0.018670002586784102,0.033494050676199184,0.014819546328423147,0.0212712838326224,0.010961720888891684,0.042168856800133714,0.024358079251376126,0.0260791167290566,0.010386051557806548,0.012246966328813896,0.023470064591473386,0.01293334495233366,0.031467471188613025,0.06761972276598202,0.06157298072429203,0.025767152319297108,0.02046070746675309,0.028566702392362895,0.05712704365850042,0.06537713455022291,0.037387082009639916,0.01715856841409188,0.04838842392232303,0.02814169146698481,0.01747796665188899,0.02274772236147711,0.050483224825283765,0.06762074385043847,0.01831157383227119,0.014735750474533316,0.04370004872467423,0.018907450739686957,0.022315757711499698,0.032424403427125166,0.023059836556319043,0.05156349709919711,0.04216073603795441,0.03648961194346422,0.01331564209188309,0.05001789793140235,0.02665395132220434,0.035016174608643126,0.016678352707956125,0.018670002586784102,0.01346887894569242,0.020956931474388478,0.028246402002604615,0.01785087238528442,0.018670002586784102,0.05943841465822831,0.03194718306922504,0.0372537336572875,0.01885659315535652,0.014956271650107404,0.014942101261364223,0.01636580676024151,0.014266273390560387,0.022455654080704098,0.0408353778611791,0.04170366858837524,0.025345085357103687,0.03552109322029679,0.012705167920531316,0.0725032963478373,0.04479511022434159,0.03960794116958171,0.01882926259591762,0.04624238589571874,0.014965117077427998,0.03555383293947308,0.021839643405023226,0.04428000210126352,0.036738133281252895,0.025989540081796558,0.04187590773841763,0.04117873905658125,0.04042784512941968
Angola,0.030355648904537402,1.0,0.0096169392367487,0.03554598843841707,0.012222758990380214,0.03846099450556987,0.040153004015137245,0.04058659769538298,0.026166618176036705,0.05775243601175811,0.0414604751089682,0.04130053777717164,0.026498951567696022,0.027861806798678692,0.04275151238331585,0.020731602899553826,0.05230758482522858,0.08821830584977311,0.08610333662673625,0.04803600749434125,0.04762148608863004,0.04749628022000679,0.05253029258014875,0.08851730404953476,0.05585751486738033,0.03444983201860111,0.0751188572606883,0.053471094564146456,0.030923308420633965,0.0261255082566704,0.07796081473975904,0.09627906336003171,0.03154472792912284,0.01976203562447609,0.06594467404735964,0.02940515965409438,0.03452224103903396,0.057219078491892894,0.039849176658600695,0.06626332663973838,0.041964966731818876,0.015055690710581097,0.022650327691705666,0.0747162122634417,0.041670606058176914,0.026320461244147757,0.018394501964731212,0.012222758990380214,0.02018458627395986,0.03953906167889183,0.05159166436240508,0.043583908409465036,0.012222758990380214,0.08113296145698257,0.021005466517319195,0.04292358347290254,0.012543893571486964,0.02749791714281428,0.01864257785717467,0.033038014733631105,0.017626539774029035,0.044233599067964,0.06564520219178122,0.060273812039855094,0.031846570147238615,0.04050384825197578,0.025179341418159522,0.09687332073739231,0.024183136147584036,0.051565712900102534,0.012478530764982614,0.024299969848739084,0.036301969330487724,0.048711095171428215,0.04256854948789831,0.032003291088678026,0.052582353154525134,0.03448493900774728,0.028234574700429803,0.060598367476796804,0.0287693153249748
Australia,0.02438654569891143,0.0096169392367487,1.0,0.03698111301881155,0.00804874812653183,0.03754480972317045,0.03577695028361458,0.03768575560803874,0.02164560744114105,0.056166036263172944,0.03904820092214573,0.039415895989426866,0.020565448857644934,0.023086803491777386,0.039880954521711795,0.014197473470158468,0.04943128571560418,0.08530366277232558,0.08241811385504345,0.04343456672994225,0.041759338767101105,0.04478405954276751,0.05028545190093339,0.08536591855265274,0.05073281279744848,0.031105337800434035,0.07080385845186658,0.049145313667644644,0.02862626611368456,0.023934680366068172,0.07219820716217713,0.0914487396917328,0.029406986835451943,0.01637689445527716,0.06132816584436065,0.026618295454708788,0.029072788211365,0.05271321905380955,0.03711896406684528,0.06461516872360135,0.04174931143181258,0.02024211707218167,0.020369534301816983,0.07124887920788608,0.03996899035815011,0.023450445654995156,0.011768272161544219,0.00804874812653183,0.01507387114856973,0.03671174053549934,0.04696371991291952,0.03952885359770786,0.00804874812653183,0.07864602816284173,0.022502205481786535,0.041179423700345406,0.008823385696370912,0.02517737427749805,0.014987187101392557,0.0297734957296032,0.012303067884183155,0.03997414704025388,0.06154646613122556,0.05803644920130514,0.0307255599819059,0.04043184492420871,0.021594600086149943,0.09318846446258772,0.031582463221480464,0.04999560166944806,0.008701948582947193,0.028075725349970555,0.03156592704668925,0.047131514521928826,0.03966660984526301,0.03252496291119844,0.05096269104080211,0.032891097338602335,0.03232687949505646,0.05864256745488771,0.027537959986888322
Azerbaijan,0.050326312414427074,0.03554598843841707,0.03698111301881155,1.0,0.04039916638204915,0.042834316729821784,0.05040370547267124,0.04674526887696407,0.04478615993996298,0.061709644471928705,0.046854960934357384,0.04674174306552557,0.04847484658220547,0.046103758731783046,0.047940193639431326,0.0435801034015046,0.056806883698410554,0.09303730497564569,0.09024968017301366,0.05043024539574248,0.05674190103164878,0.05276897690216058,0.07378269985666291,0.09313629410376327,0.054853109538337795,0.0454535976145427,0.07812821126855357,0.07173120661575498,0.041301913483139135,0.04337735611098678,0.07880073443187866,0.09727694841817387,0.041467581340372595,0.04100975848426144,0.06835239232188652,0.04483164081484523,0.04115090369642198,0.06003640847224249,0.05400939011005422,0.0713434350839764,0.04524247974951941,0.031544835593454945,0.045665485504745675,0.07935821320936126,0.04672605561448329,0.05312616483516741,0.044395575067418785,0.04039916638204915,0.04425762983782922,0.045649618111807296,0.05326758105455834,0.05327980788710068,0.04039916638204915,0.08659568464882678,0.035345458311604544,0.04541787103333075,0.03944833542534061,0.04890347830823123,0.04105968029504279,0.04427672360297217,0.04401181944177505,0.048236587312277215,0.06942235032508723,0.06573466039422057,0.03565461596715944,0.040361344215844586,0.041892514195176485,0.10128186981529014,0.03173573799519115,0.05583492292714744,0.03977099328121292,0.043474709171789326,0.052600698342279636,0.053005825507782496,0.04966410116206726,0.055102432572011514,0.057186651749425395,0.04009668066745949,0.028756096992955296,0.06605742059226342,0.05507851417811822
Bangladesh,0.018670002586784102,0.012222758990380214,0.00804874812653183,0.04039916638204915,1.0,0.03405918074567621,0.029003848703121303,0.031077086027046046,0.014779672347958855,0.050888880116271754,0.03265763452445001,0.03354850200560265,0.014278677951984321,0.01806819509916148,0.03323412050088534,0.00875451489227509,0.04251724070495876,0.07896694040348927,0.07588246761911052,0.03657720753984965,0.035691157010492,0.03812612351916717,0.05283487966706291,0.07844596983872189,0.0465675069015163,0.025382469593412133,0.06411077369219027,0.04196048550129973,0.022511371076094064,0.019696352421499697,0.06603313236107987,0.08460614336723142,0.023391222411078664,0.009924496754711472,0.05543215377271115,0.023163201672338034,0.026593490743022148,0.045902342184997086,0.031384869675311275,0.059425818659150594,0.03906917572573051,0.02172371729987168,0.01364106637962087,0.06458546086812628,0.03415957194648935,0.02676375976669461,0.0077587500653833255,0.0,0.008880150022762741,0.03011288493014114,0.04087523397896661,0.03298228272130642,0.0,0.07195736734151383,0.021222305588464475,0.037319030059200196,0.0023597462615428007,0.018969864461811783,0.008682555233508284,0.023077806525973164,0.005665889882467891,0.03310150748030238,0.055022998725325775,0.05172619467382026,0.027255243161652815,0.03697261853845352,0.015010938633893498,0.08657463206875711,0.03240726965190036,0.045465917654684655,0.0017580754035458565,0.03133944211144126,0.024773527534212175,0.04255007201721689,0.0329835156689314,0.03609831281071868,0.04555089872507746,0.028232841332693222,0.031704471029032476,0.05231172512974629,0.0310780245344597
Belarus,0.033494050676199184,0.03846099450556987,0.03754480972317045,0.042834316729821784,0.03405918074567621,1.0,0.028201894392150956,0.01890411432443977,0.026502237248068317,0.021455356621791436,0.01581770599510158,0.015459671465165612,0.03381325525925404,0.030519607385696437,0.01830998772117012,0.03224598865337597,0.023204146323854733,0.05279803060821837,0.05063398934800764,0.028276912800227483,0.03520872571464541,0.017733970150654133,0.08605176612524973,0.05365500876354429,0.030359178351462308,0.024259259979780907,0.04038100664290216,0.04965597907537514,0.017424276797164705,0.030041867860154652,0.04994975352648218,0.062345422804028855,0.017174172702754287,0.025153503992451427,0.03512361175874024,0.02961005784065233,0.030014470803108935,0.027244283892988136,0.028323275478571504,0.030253145451128217,0.015757923409047116,0.03330868616493508,0.029460875524352115,0.039501699307044724,0.017100040979865047,0.060803759320438945,0.03729722756520384,0.03405918074567621,0.03418877762996545,0.018100113389570873,0.027608378634316748,0.02883295793168098,0.03405918074567621,0.04460375938151846,0.027796782557366922,0.013753058826106267,0.03215939017247096,0.02764147151358949,0.02695206284615827,0.022649491252572655,0.034739495622043245,0.021120468050739676,0.03285679551353132,0.026818716877196006,0.010980957801205983,0.013011730583889065,0.02300149568351148,0.06195932292905385,0.030357284556449333,0.020934401792118924,0.03265085144429695,0.05698041485990017,0.031102332837695743,0.015350708253311638,0.021899856153215522,0.07003653305734595,0.019689659362114895,0.015289700124944851,0.02341095111495721,0.027938066997539437,0.0650721977760349
Belgium,0.014819546328423147,0.040153004015137245,0.03577695028361458,0.05040370547267124,0.029003848703121303,0.028201894392150956,1.0,0.011788928319255414,0.017127409621098676,0.029349404558248544,0.01538540453450469,0.019756536031381087,0.020237612558299433,0.014862288251592764,0.013313170505745703,0.023497551217968596,0.019322918542716963,0.05467135784950485,0.04859546555531651,0.016184883781077092,0.017696542048253695,0.01661762363036917,0.07130731180983434,0.052419027694093165,0.026769166065077968,0.014384548046790747,0.03577798728981005,0.025805552844859823,0.014042303501142035,0.025024448287424714,0.04064587011429201,0.05692119549989453,0.015061218871212043,0.02045682122182776,0.03426582387519076,0.021444820344623264,0.022551070294987388,0.020544304701662266,0.018705835709631018,0.04119674597519088,0.037385472795630564,0.03867991525836153,0.020328285557422516,0.03744845511216039,0.01977216991098593,0.048437334622087554,0.02854916261496884,0.029003848703121303,0.023027045544939548,0.012207116646327664,0.01671810979330489,0.011327585928011653,0.029003848703121303,0.04666725703121155,0.035096041595962316,0.029771514561789912,0.028096701788659296,0.01583699687917748,0.023036957586089552,0.010488599433359882,0.025511822929728298,0.013897762392124355,0.027843627287313617,0.03144172157384493,0.02222810772206378,0.030064435463690104,0.015299374794548123,0.05975694258967453,0.04593970464461876,0.03240528178728893,0.028251934191037067,0.05274919969747325,0.013787929085494496,0.027717624928130444,0.01343488775037538,0.05789834614231917,0.028707268746473332,0.021738039210209836,0.04142384858377718,0.02840571975774832,0.05383290425471201
Bolivia,0.0212712838326224,0.04058659769538298,0.03768575560803874,0.04674526887696407,0.031077086027046046,0.01890411432443977,0.011788928319255414,1.0,0.017707826819804904,0.021308488408235713,0.00415693764633821,0.008856207272020737,0.023316049410389485,0.018324840315920018,0.00250400339146287,0.02758880265112806,0.015853005884788277,0.0481905292369597,0.0455195085110992,0.018169800112517166,0.020188085063268964,0.0075842786524593165,0.07802636127735613,0.04878839574389502,0.025175396888146385,0.011334530048524914,0.03505747300033155,0.03238209393365958,0.009865474948245556,0.02411713056513144,0.04197402630994241,0.0572478616503436,0.009857993044935657,0.021314748548520716,0.03284944129279839,0.024656571230388058,0.026050685286198215,0.018226674170670365,0.01488753900242066,0.031785897910519854,0.027534622682246598,0.03733798273123566,0.021113034082491402,0.034210312611499066,0.009411744144118788,0.05552770754163115,0.03301429291336875,0.031077086027046046,0.028055765310105233,0.0012023878278866293,0.014891415695015751,0.012371810821930868,0.031077086027046046,0.04097159331785957,0.03215214659786137,0.022180396664849278,0.029773485239698406,0.014334404360584958,0.023874401794641457,0.008263022802922498,0.029862172758064322,0.008816617261574265,0.025607894767927686,0.021512283003815812,0.015166517885253533,0.02272751226798185,0.01609539411943965,0.05693576327499044,0.03979963184702291,0.023452521197165045,0.030059637738154683,0.057590983568942156,0.017830184330954325,0.017657814917458402,0.004244088343470106,0.06520674886035142,0.01784876689765151,0.012722981384290713,0.03385477421622295,0.02127889279882986,0.06015998503964207
Brazil,0.010961720888891684,0.026166618176036705,0.02164560744114105,0.04478615993996298,0.014779672347958855,0.026502237248068317,0.017127409621098676,0.017707826819804904,1.0,0.03857339346474094,0.019993036826508825,0.02137691192749206,0.011890145995347825,0.012775340049072116,0.019970297490750147,0.012004199186215248,0.028861604818467355,0.06524565965410703,0.06146660715232937,0.02721180277649575,0.022989433079955202,0.024949117253759024,0.06137613407878448,0.06433368742059821,0.03864998288925931,0.016913231119172072,0.04951874719726932,0.033029606790494985,0.012410573704574294,0.015590447042371095,0.05524544894068206,0.07043564420993685,0.012709834440380737,0.008266111655121611,0.044012571409734115,0.017531895576454147,0.022487267410092597,0.031566101887736495,0.020062368500153197,0.047605291548558575,0.03232016163853374,0.029750552347983128,0.010902334068865828,0.050318508716355466,0.024665235515658596,0.038034803884175405,0.01648811440020581,0.014779672347958855,0.01330203354103733,0.017148102924848984,0.027860291887288596,0.01844007971012009,0.014779672347958855,0.05790109851877134,0.024900991036871684,0.03356759126778691,0.013995801931214129,0.010381132713134532,0.009527985091790016,0.014156410366357917,0.01281492183921142,0.02122316530681084,0.04055754666428479,0.03847400966178101,0.020890376609600417,0.03205177942623801,0.00782097817588032,0.07301720444303958,0.03752275025922771,0.03693682455450096,0.01409349012987119,0.0433140969601588,0.01634740312478063,0.03117016033008659,0.019021060729999924,0.047722630596567596,0.03317576774212649,0.017612546111533626,0.03527200329568376,0.0386283107321781,0.04267154927900661
Bulgaria,0.042168856800133714,0.05775243601175811,0.056166036263172944,0.061709644471928705,0.050888880116271754,0.021455356621791436,0.029349404558248544,0.021308488408235713,0.03857339346474094,1.0,0.018828767199065254,0.017971835697492045,0.04366927220646838,0.0391787904606558,0.019295635686450614,0.04814473704877398,0.02080754297337762,0.03748977306023754,0.03260818438825706,0.03129034955204293,0.03914249345007067,0.01491254488385421,0.09853281571345414,0.03893365085276506,0.02357501197455791,0.028811642665294408,0.025930671514547556,0.044519798496724175,0.028387170943115013,0.03817935015908783,0.037761004200177806,0.04835085007281893,0.027514135325620453,0.040996122825404616,0.029301024470656824,0.03839937131827938,0.04211908209274502,0.018269044362491004,0.02332545424678284,0.016247566088947434,0.02489112338440427,0.05249848308642136,0.040370469839579246,0.024726636177132222,0.018907314601531836,0.07654361469329805,0.053559022329509764,0.050888880116271754,0.04856679122192641,0.02186150140699289,0.021710340706876198,0.030121514292039065,0.050888880116271754,0.0257340796674033,0.047135604931625844,0.020763198742163768,0.049296092492274055,0.03413805489961925,0.04296448593015567,0.02913925419483006,0.05054673858294508,0.024527793949832108,0.01954886323241167,0.01247193378884351,0.026679895958811175,0.022323954980248188,0.036114112530086756,0.04771653976788127,0.046478887976257925,0.016059336255338685,0.04968364263375424,0.0767245298196482,0.03444837213384581,0.011078484348186885,0.021044419551640582,0.08623868467935827,0.009735568699433109,0.02362741572306216,0.03879011993057302,0.012298004924746721,0.08118529792817195
Cambodia,0.024358079251376126,0.0414604751089682,0.03904820092214573,0.046854960934357384,0.03265763452445001,0.01581770599510158,0.01538540453450469,0.00415693764633821,0.019993036826508825,0.018828767199065254,1.0,0.005106947427847975,0.02624715596922847,0.021528078198856722,0.0038653481643625494,0.02955156038191295,0.014703728998936278,0.04717681088305045,0.044740704174847636,0.01847950711135739,0.023031419075787353,0.006466612197955298,0.08093427811269847,0.04825000289004819,0.024706278191780746,0.013586574834755427,0.034860625841649055,0.036221587214594085,0.010541943888543303,0.02507587727846672,0.04229980426924743,0.0571717763678216,0.010125298582522787,0.022756217183656623,0.0321186580482629,0.026861953688236687,0.02831073330621438,0.01824480281106666,0.016754624565811428,0.028740749389560664,0.02354473013825345,0.03750315058991643,0.023351625500676636,0.03376666572865527,0.007486398761399393,0.05791939209425868,0.03502438781111714,0.03265763452445001,0.03002261484083571,0.0036052846195589023,0.015032345010276744,0.015435924263948238,0.03265763452445001,0.03974110129312995,0.03159168868669958,0.01937628871523497,0.031246534904348,0.016864227990784818,0.025199783220669812,0.010572523565695675,0.03192658919270737,0.008926764044707759,0.02552006280076375,0.01935984240021274,0.013020144644661495,0.019675394467001492,0.017664383521915388,0.056660816652546686,0.03693135833066843,0.020758281708088508,0.03156936278035386,0.059153059611389704,0.020151824913906154,0.014248031855893455,0.006637060363565284,0.06761982766800859,0.015347515407677223,0.011982493956471857,0.030334854389067717,0.01968153081517088,0.06256062488149017
Cameroon,0.0260791167290566,0.04130053777717164,0.039415895989426866,0.04674174306552557,0.03354850200560265,0.015459671465165612,0.019756536031381087,0.008856207272020737,0.02137691192749206,0.017971835697492045,0.005106947427847975,1.0,0.028372724908834013,0.025597279854483835,0.007993654083192329,0.030763535815600623,0.016691490247360923,0.049309830237939806,0.04578814260715622,0.022632597549189302,0.026366267352116442,0.010118348837134774,0.08243245056340773,0.05074030637785981,0.027983315782432926,0.01575153305178213,0.03770159184116217,0.04037245127948999,0.011092323260524794,0.023662250255912638,0.04631523602965643,0.0601238476594684,0.01015819027517813,0.023636730003042738,0.03520957599579063,0.027081860403859688,0.029527453920879177,0.021578968322202918,0.016212104732949095,0.026238012342805248,0.018969540436002214,0.03612605316689906,0.02417037106839356,0.036142884004041566,0.008121165341612927,0.05927564927287099,0.03617183380687209,0.03354850200560265,0.031178022633638527,0.008213392030175156,0.017263823173935346,0.01791884781411073,0.03354850200560265,0.039971142965982566,0.0318171438731576,0.019284505205519258,0.03200679394715182,0.018526168749780688,0.02574098451135921,0.014596377338468245,0.0331747472602946,0.013544886863107796,0.028595405699319343,0.01952530275662647,0.01220971719250271,0.017630491127551735,0.01872533449576708,0.059874703082045753,0.034698565804571015,0.019061801732557792,0.03237515143498115,0.05977455384035467,0.02185392355615303,0.009903845633026195,0.009464167060545193,0.06896921346038164,0.013217786515050301,0.008745720617600438,0.027550370004614702,0.019330637076833183,0.0639079538965345
Canada,0.010386051557806548,0.026498951567696022,0.020565448857644934,0.04847484658220547,0.014278677951984321,0.03381325525925404,0.020237612558299433,0.023316049410389485,0.011890145995347825,0.04366927220646838,0.02624715596922847,0.028372724908834013,1.0,0.011234435528310074,0.02537602106379475,0.008284674366854271,0.03373942916710123,0.06745112092080807,0.0630861872619228,0.02638258562145241,0.022362086222898373,0.030214193546945798,0.0550824530651238,0.06637647197637989,0.03786930732587603,0.016115319985488565,0.05099484011111371,0.029371821206011686,0.018904273731313783,0.022626913387139506,0.05218400572215301,0.07127361903307992,0.020031282568251207,0.012742925585379213,0.04509345933613639,0.020688492900226917,0.022453451512229064,0.03363765541714704,0.022300237472018626,0.0537164512368659,0.04399764015937363,0.034503056234913766,0.010135512099723491,0.05217910715171442,0.027113309788566884,0.0352389128922337,0.013349721986115323,0.014278677951984321,0.009927797551107067,0.02295776780333641,0.032633765923166115,0.02259671904299223,0.014278677951984321,0.05995681893280634,0.03124152129928831,0.03548506606928611,0.015033308746971232,0.015171023467281209,0.013828076164507333,0.016523536099034074,0.010153246651160686,0.024860586066082352,0.04222144606887321,0.04208590177358289,0.025720756487005978,0.0348488069409461,0.01209809399013556,0.0740950860758311,0.04418701873087786,0.04140043486829523,0.014803632127369976,0.04359776216026154,0.0185372428724964,0.03777438798972575,0.023313938413067822,0.04443595693112978,0.03890984854292057,0.028300112928501348,0.0414450174860357,0.04175105133048913,0.03992080371524876
Chile,0.012246966328813896,0.027861806798678692,0.023086803491777386,0.046103758731783046,0.01806819509916148,0.030519607385696437,0.014862288251592764,0.018324840315920018,0.012775340049072116,0.0391787904606558,0.021528078198856722,0.025597279854483835,0.011234435528310074,1.0,0.0199374511753436,0.015657545218043245,0.028585780576078596,0.0638150524615088,0.05940014244021168,0.0228476541787199,0.02093230679860089,0.02495186281217909,0.060397626961445336,0.0627956947920778,0.03606115955866084,0.015340129143717903,0.04772569562632958,0.030226383654286745,0.01686035610721901,0.019055985465482893,0.05161923611393071,0.06883853250637736,0.017847508639516528,0.014211479986596113,0.043308639060868646,0.02052220180119393,0.022232508483255562,0.029760244600001397,0.020773082021986345,0.050076038933718654,0.04087131091554766,0.03335617358015599,0.014339850244437485,0.04835004690073347,0.023776781281663523,0.03832039948706574,0.01906706987883465,0.01806819509916148,0.016488891750120895,0.018190567158258893,0.029058621205195537,0.01838363341240115,0.01806819509916148,0.05614941104343543,0.03323734311874007,0.030820188985992165,0.01787290336494043,0.014585430563555823,0.01489901826129939,0.011702509095192293,0.016206728780682546,0.019531920194263662,0.038495619521943074,0.039069007921771655,0.023635580098490535,0.033296626018963736,0.012567545167520388,0.07030471288103593,0.042334699747105325,0.03857743338314234,0.017908085568075827,0.046258526148716714,0.019536745378566978,0.034986150791239616,0.019857668895235325,0.04774799088749339,0.03562411185895123,0.025626011605043963,0.03911072216441347,0.03734357472828402,0.04316260697414595
China,0.023470064591473386,0.04275151238331585,0.039880954521711795,0.047940193639431326,0.03323412050088534,0.01830998772117012,0.013313170505745703,0.00250400339146287,0.019970297490750147,0.019295635686450614,0.0038653481643625494,0.007993654083192329,0.02537602106379475,0.0199374511753436,1.0,0.02987886412599037,0.014488204153314638,0.046108685560795545,0.043351895227387825,0.017890046380545345,0.02140750712240215,0.005416118555816389,0.08008585322919551,0.04672973122792998,0.023377962749300322,0.013231812644138918,0.03304813303404687,0.032827219877609295,0.011970477612468012,0.02618144185911319,0.040290895734109544,0.055299023479076795,0.01184524993314728,0.023519589777656218,0.03092769985495846,0.02664993187173504,0.027662432230986637,0.01632272248136571,0.016057172381228002,0.03018394890105581,0.026916595736292556,0.039321752982662765,0.023202084613797268,0.03211116164608385,0.008825762338025407,0.05785057491473306,0.03535249399553347,0.03323412050088534,0.030362094095806775,0.0033031600778302547,0.01382069084972015,0.013652442158233084,0.03323412050088534,0.038769567588442445,0.0337953528654205,0.021475384139312145,0.03196213102870214,0.016354501803545952,0.025918553649878596,0.010398994807184984,0.032207951304642615,0.008592207678935922,0.023649738894763246,0.019560775746547132,0.01614544963232259,0.02211820535143482,0.01828834434871613,0.054947919228490814,0.040622336392882326,0.022354610840296166,0.0322392671420613,0.05972266476560695,0.019134605877330083,0.016542382568375563,0.0053336051627438106,0.06746302843120291,0.01693296943475497,0.014055163243964995,0.033869169799359666,0.01914491968281861,0.062447417575945754
Colombia,0.01293334495233366,0.020731602899553826,0.014197473470158468,0.0435801034015046,0.00875451489227509,0.03224598865337597,0.023497551217968596,0.02758880265112806,0.012004199186215248,0.04814473704877398,0.02955156038191295,0.030763535815600623,0.008284674366854271,0.015657545218043245,0.02987886412599037,1.0,0.038480442076718795,0.07543132216928446,0.07082058668291423,0.030828840730444104,0.027680441653823502,0.03478269523774865,0.05488908512511416,0.07433856310787884,0.040807054245247776,0.021094260254449812,0.05869742974093919,0.03641601962213021,0.019928726790994642,0.021929433165063857,0.05846613808400108,0.07827449790682325,0.020731325472712416,0.009094818815637666,0.049180015389546264,0.020710652583056915,0.020825588612328482,0.040676948558966135,0.028435517816740058,0.05690026559304594,0.04138281635086969,0.028957693559482012,0.012559340577096512,0.06005637018992674,0.03110048653134288,0.028871069707331963,0.008027576347871379,0.00875451489227509,0.005355658139306289,0.026718044827002786,0.03558996367509656,0.027498083485958738,0.00875451489227509,0.06792283606190576,0.026197704179860084,0.03565131233543769,0.009596820665518273,0.017097807250458633,0.010072767171573313,0.019826600790831445,0.005357121138304108,0.02866997668856695,0.05001645949834393,0.04853641809793272,0.025149468936736526,0.03484218506589542,0.012075289534452234,0.08198437812172431,0.03896259001503538,0.04298206531447662,0.009311120187685063,0.03699682473810066,0.019228653685484837,0.040193538622108865,0.029187637739422928,0.03832444345012294,0.042753326066944895,0.027234931868885058,0.03670850468810776,0.04881442161185684,0.03327578714227855
Costa Rica,0.031467471188613025,0.05230758482522858,0.04943128571560418,0.056806883698410554,0.04251724070495876,0.023204146323854733,0.019322918542716963,0.015853005884788277,0.028861604818467355,0.02080754297337762,0.014703728998936278,0.016691490247360923,0.03373942916710123,0.028585780576078596,0.014488204153314638,0.038480442076718795,1.0,0.043166151758928364,0.037832225766348086,0.01778441432802386,0.02634054685010109,0.013668838537883532,0.08567193096515996,0.04101247541476933,0.025407254332496985,0.023367720724918346,0.028616542602919313,0.03776643005217943,0.022454417916253105,0.03472298236632093,0.03778441398361868,0.048846872781378066,0.02239197084710361,0.033344146034467184,0.025192394351691898,0.037299369490236114,0.03719032025455182,0.015718460021431454,0.02559625749761924,0.028502989470412524,0.027812212315668716,0.049312963927193976,0.03234278492560187,0.02723445739704782,0.019367297664420913,0.06426863347639289,0.04360812262896358,0.04251724070495876,0.03876433926997647,0.016253309895952077,0.01735984136474738,0.0219377217417086,0.04251724070495876,0.03242359420497387,0.0421384502128707,0.025605015130858996,0.041352496779524274,0.02618289771795363,0.036427424930903333,0.021861860730425314,0.040474414197195455,0.015637006148607892,0.020704481636287367,0.01859910926536227,0.024498277937359907,0.025201552231868304,0.028054755267898048,0.05278987989248224,0.047752243652451246,0.02671591926681672,0.04159475389812645,0.06872007249316561,0.028932045345921843,0.018665879020267593,0.016862005378915405,0.07249825549964888,0.020681658821981187,0.02337341985922595,0.04078800530310454,0.017531644995872755,0.06953190566446867
Croatia,0.06761972276598202,0.08821830584977311,0.08530366277232558,0.09303730497564569,0.07896694040348927,0.05279803060821837,0.05467135784950485,0.0481905292369597,0.06524565965410703,0.03748977306023754,0.04717681088305045,0.049309830237939806,0.06745112092080807,0.0638150524615088,0.046108685560795545,0.07543132216928446,0.043166151758928364,1.0,0.014552442109398168,0.04857383299339484,0.055681666350971985,0.04169883150307677,0.1196575617040127,0.011404643679794905,0.04361928840374933,0.057274570526578625,0.021385952098004687,0.05326358232858975,0.05753725285173165,0.06857457504834927,0.04049337762545374,0.01942434154005631,0.057109319996761186,0.06920656393382181,0.03416634766614428,0.06812377901070428,0.07142723614666258,0.03521938592529022,0.05263399309934075,0.03167759800559594,0.060193035944139064,0.08422925223178385,0.06668085545605999,0.02106319563634063,0.05099478395902189,0.10200249306197388,0.08069335051773499,0.07896694040348927,0.07583557785767904,0.04920509420670171,0.04451998057635536,0.05134758888719519,0.07896694040348927,0.01760840563481398,0.07677870505134195,0.05458275999344596,0.07759270891598581,0.06102438802549787,0.07154550377106961,0.055997595428062374,0.07758494474809736,0.04759891896345388,0.02702012446751252,0.03211656612672485,0.05991518196024868,0.05723043679439334,0.06403787985063263,0.01408166464801449,0.08217382806320032,0.04204597282817555,0.07790578830459502,0.1054903503236526,0.061527697906449866,0.04684642787326951,0.04662733854208013,0.11070314289232164,0.046026864446223094,0.05804657901139456,0.07508280248220228,0.030397949246909698,0.10697737673722334
Czech Republic,0.06157298072429203,0.08610333662673625,0.08241811385504345,0.09024968017301366,0.07588246761911052,0.05063398934800764,0.04859546555531651,0.0455195085110992,0.06146660715232937,0.03260818438825706,0.044740704174847636,0.04578814260715622,0.0630861872619228,0.05940014244021168,0.043351895227387825,0.07082058668291423,0.037832225766348086,0.014552442109398168,1.0,0.041229961163297,0.04882083299241797,0.038690488959022405,0.11161742386569991,0.01590282994519602,0.0392138866726152,0.05516694628563096,0.015805033584950053,0.044118203228749445,0.0552588190158092,0.0632581747471139,0.030748395596181997,0.024466117643695922,0.05479976185615157,0.06665344006730008,0.030113851776336548,0.06424761051280917,0.06729940660630956,0.030289000824210415,0.04769084100616841,0.03228081981484918,0.05479965886436736,0.08175237469833012,0.0643428250300572,0.016086859818489757,0.047611150155310485,0.0960114596495265,0.07599577010968693,0.07588246761911052,0.0708184129323057,0.04656428370995618,0.0392395653314722,0.045432831417380574,0.07588246761911052,0.017212666145794437,0.07455063258217617,0.05187548453514409,0.07483137172169763,0.058713963730516905,0.06777608053933563,0.05307382576387548,0.0727071608489918,0.04298237849025918,0.022303757467026276,0.0268649742550985,0.057563979117154565,0.05410721213395642,0.061364541913619466,0.019979769292497458,0.07839982143296664,0.03955393674848826,0.07503891056391333,0.10083347082429589,0.05609639237435739,0.04193497208576466,0.0435451121973479,0.10392880151303566,0.04102682068644215,0.05422521166914197,0.07070993814572722,0.026467114453392095,0.10143086523699313
Denmark,0.025767152319297108,0.04803600749434125,0.04343456672994225,0.05043024539574248,0.03657720753984965,0.028276912800227483,0.016184883781077092,0.018169800112517166,0.02721180277649575,0.03129034955204293,0.01847950711135739,0.022632597549189302,0.02638258562145241,0.0228476541787199,0.017890046380545345,0.030828840730444104,0.01778441432802386,0.04857383299339484,0.041229961163297,1.0,0.022829614468650467,0.018184435243084867,0.07514641743802689,0.04568188503645654,0.02129089031070197,0.021828932874778613,0.029666270720688094,0.030990727195421126,0.022323044850430265,0.034748103273773194,0.031208075500956924,0.048728345095063914,0.022931296404512854,0.029244306963895284,0.02542062066416361,0.03518071920110192,0.03216718034581932,0.017028469538972933,0.028666770575928712,0.04424338785064133,0.037958594127170134,0.04580540891806992,0.027298987155679154,0.031033335921226073,0.02037702212190466,0.05522598276121608,0.03573518230006838,0.03657720753984965,0.030598674911330146,0.01818737322495263,0.02105033295138776,0.022885366319069556,0.03657720753984965,0.04632884612110545,0.0392615033099418,0.02841451175974798,0.03582791085784329,0.02721358829832663,0.03282582584502567,0.018563780864651137,0.032636718148388505,0.014372774204705238,0.025363869503514023,0.03310743245673088,0.02329569489622457,0.027624432526309545,0.024401011738850502,0.051801613648198686,0.04651916293653931,0.033184307818767425,0.03592951210357033,0.06052348030685465,0.026632365568111726,0.030044434999703325,0.020721574614780126,0.0630051020612781,0.031012241434757466,0.026332357203627126,0.04001136382242707,0.027963115111957773,0.060814198410605876
Ecuador,0.02046070746675309,0.04762148608863004,0.041759338767101105,0.05674190103164878,0.035691157010492,0.03520872571464541,0.017696542048253695,0.020188085063268964,0.022989433079955202,0.03914249345007067,0.023031419075787353,0.026366267352116442,0.022362086222898373,0.02093230679860089,0.02140750712240215,0.027680441653823502,0.02634054685010109,0.055681666350971985,0.04882083299241797,0.022829614468650467,1.0,0.024682425238508346,0.06545834223897855,0.05296067865525702,0.030741306651791842,0.016576949546298552,0.0360915733214871,0.02331788884083448,0.023576391513469356,0.032934520692859924,0.03863737308857489,0.05392917878620977,0.024259402514181943,0.028552668965316295,0.02947489780471585,0.030038801186613635,0.027073855890180035,0.025105728126499333,0.026471974203695996,0.04628825309032224,0.04350302280099795,0.049922260902272766,0.026734770385671208,0.037483929941222384,0.025548211863799998,0.04784903452093877,0.03429944453265742,0.035691157010492,0.02773418293354975,0.02034048850558717,0.02164254607802187,0.013728637116058047,0.035691157010492,0.04857986547863093,0.04244421153765474,0.03813360112553167,0.0350977161740925,0.02503912094442471,0.030469891042315057,0.020313357959786893,0.030955512190064472,0.01800850813157847,0.02964186723426465,0.03406143918677277,0.03158181608443135,0.04025531446454081,0.024158570590806613,0.06116269869444703,0.05637448669675381,0.037610462669661865,0.03515179448946585,0.06008979876164481,0.020213819847671465,0.03561731727057631,0.01940570727106203,0.055203847378634416,0.03723414007063769,0.029771624392700938,0.050914474372688236,0.03300891526460203,0.053054557716270594
"Egypt, Arab Rep.",0.028566702392362895,0.04749628022000679,0.04478405954276751,0.05276897690216058,0.03812612351916717,0.017733970150654133,0.01661762363036917,0.0075842786524593165,0.024949117253759024,0.01491254488385421,0.006466612197955298,0.010118348837134774,0.030214193546945798,0.02495186281217909,0.005416118555816389,0.03478269523774865,0.013668838537883532,0.04169883150307677,0.038690488959022405,0.018184435243084867,0.024682425238508346,1.0,0.0849959749751062,0.0424047394705186,0.019806461154035133,0.017897121898034222,0.028848982158892394,0.03420817046421071,0.016593460290251705,0.030583960229682367,0.036202403606631815,0.05100227882111868,0.01620701940549639,0.028418887485904924,0.027295256736359845,0.030666949000209803,0.03165858042555986,0.011998768385290832,0.01952189115862316,0.02677503506466699,0.026260108080877118,0.04357112226115208,0.02838178511758168,0.02787903013065514,0.010972885684794192,0.06292999235511769,0.04026049828353818,0.03812612351916717,0.0352613743850718,0.00830189731631914,0.013560085405876167,0.017355549253357857,0.03812612351916717,0.033881970757194096,0.036688150526382815,0.020431848432015908,0.03686486783145963,0.021089517631080662,0.030381997647017038,0.015294446448550873,0.037135506163266545,0.009819665020026437,0.019372092363051336,0.015983760538101802,0.018944131130213936,0.020679519708080834,0.023191377158039404,0.05066668850456098,0.041652523655067344,0.019752983574861056,0.037140042877475285,0.0645716500911919,0.0226337079860935,0.01470434907099427,0.008826410831620982,0.07260117907009911,0.015175199192104923,0.018258557028059143,0.03469149486864917,0.014377582650238538,0.06755826560008905
El Salvador,0.05712704365850042,0.05253029258014875,0.05028545190093339,0.07378269985666291,0.05283487966706291,0.08605176612524973,0.07130731180983434,0.07802636127735613,0.06137613407878448,0.09853281571345414,0.08093427811269847,0.08243245056340773,0.0550824530651238,0.060397626961445336,0.08008585322919551,0.05488908512511416,0.08567193096515996,0.1196575617040127,0.11161742386569991,0.07514641743802689,0.06545834223897855,0.0849959749751062,1.0,0.11662900665546766,0.0871674797998823,0.07012809295291952,0.09973194008324236,0.06920290799552997,0.07250728300925244,0.06418832034117337,0.09029526436627114,0.11533667598641187,0.07317859855792154,0.06107427526718777,0.09139980862535627,0.06811577372097158,0.06897797481223746,0.08726357674205318,0.07702450744273429,0.1084116398741638,0.0886478068414117,0.0657507545715787,0.05909594976638745,0.10010169407754518,0.08169243361231839,0.035293016125281684,0.04932717551644954,0.05283487966706291,0.0534717017770967,0.07765288322226377,0.08389620025344402,0.07302008186059929,0.05283487966706291,0.11261871135900395,0.0699481088869914,0.08900245118343003,0.05517318379045745,0.06616834643018366,0.059857716321811,0.07087421935919988,0.0514273762290501,0.0785488580089971,0.09380363521766535,0.09698621573906552,0.07892143255568548,0.08889113554863914,0.0649223481161755,0.12228626667460779,0.07410523054454779,0.0944588876123001,0.05456147577868358,0.04529403969430023,0.06688346986075355,0.09226206901917548,0.07798636137162457,0.033959416894357414,0.09353451187495186,0.07862900434101022,0.0801215304686594,0.096174062635068,0.03322228759204917
