Country Name,Albania,Angola,Australia,Azerbaijan,Bangladesh,Belarus,Belgium,Bolivia,Brazil,Bulgaria,Cambodia,Cameroon,Canada,Chile,China,Colombia,Costa Rica,Croatia,Czech Republic,Denmark,Ecuador,"Egypt, Arab Rep.",El Salvador,Estonia,Finland,France,Georgia,Germany,Ghana,Guatemala,Honduras,Hungary,India,Indonesia,Israel,Italy,Jamaica,Japan,Jordan,Kazakhstan,Kenya,"Korea, Rep.",Kyrgyz Republic,Latvia,Lithuania,Malaysia,Mexico,Mongolia,Morocco,Nepal,Netherlands,New Zealand,Nigeria,North Macedonia,Norway,Oman,Pakistan,Panama,Paraguay,Peru,Philippines,Poland,Portugal,Romania,Russian Federation,Saudi Arabia,Senegal,Slovak Republic,South Africa,Spain,Sri Lanka,Sweden,Switzerland,Tanzania,Thailand,Tunisia,Turkey,Ukraine,United Kingdom,United States,Uruguay
Albania,1.0,0.09530930187568423,0.10501778760414801,0.20394050659000135,0.0881134221062802,0.1251853789273591,0.12175742410007757,0.08912655068802611,0.08251623337172453,0.14356543566075747,0.08998330670864146,0.09007623778098678,0.10462724800554385,0.11324509904091411,0.08867153958985612,0.0946178040924534,0.18914796189245678,0.11904955769271466,0.13215429813566798,0.15278057203333295,0.14105141792114634,0.09257570619195411,0.11690592249619451,0.12290574482548809,0.13778379648288389,0.10834007474544242,0.09568137681966107,0.12664127666812558,0.08924423800736715,0.124991109270905,0.14460397588951232,0.1333049142043169,0.08990046888781869,0.08799019457716965,0.21529414200030045,0.19857606899462235,0.14969701584953843,0.10307047917274383,0.12342006393938001,0.10757622784750763,0.11939431736581382,0.1699387645477688,0.1010443240766709,0.1181830896287184,0.13214401011146246,0.10200451864298955,0.12583667680392363,0.0881134221062802,0.08573892168331848,0.08803076197667854,0.12485311220488489,0.16980837921373187,0.0881134221062802,0.11499262546967882,0.1740793301174673,0.1766112707846398,0.08694529571290556,0.15190593110211137,0.10489133048532315,0.08792555823414029,0.08570900423360871,0.10259719076004911,0.0959834328041653,0.09413546908968708,0.09594558988504964,0.11955611342912184,0.08778805295958782,0.1622328299785086,0.12198532878050125,0.22368304862151814,0.08825196767617693,0.18118958035625035,0.09116126674117633,0.10453878260615118,0.08918819342134933,0.1330855580412269,0.10626370007796002,0.09731455673953797,0.10741735935500257,0.10160761283318255,0.13367754396957277
Angola,0.09530930187568423,1.0,0.058375174241937715,0.19404323088264788,0.02261437198156289,0.09986388391918266,0.08292293026785491,0.04558124922212344,0.050604309732676406,0.08846827211029759,0.04506183080217743,0.03759745311475088,0.06301630598266726,0.08943132280122854,0.04804309462161085,0.05160991837943755,0.15735116836002333,0.1185324260525418,0.11611147754624941,0.13319941471031832,0.13049968381321495,0.057563137007883104,0.11395646448582218,0.11564892018944507,0.15026380266380418,0.08126779679471957,0.08411113418204212,0.1366964199921663,0.03369090638077088,0.11808017057751945,0.1587809729631661,0.12862225460743731,0.032079735381981424,0.026193739342890897,0.1718308801613743,0.16020189066406956,0.16391307229483887,0.08434964479740634,0.10524681141889071,0.06311214320715741,0.057278519495802246,0.10834895725840013,0.07215958411196927,0.0920810263956835,0.09197407356525265,0.05194327113676652,0.08076878019351097,0.02261437198156289,0.050357716371621467,0.04448771676642104,0.09237315257779292,0.12302298093195602,0.02261437198156289,0.08621118116071183,0.1307018310645764,0.13067525973824506,0.02156987652723968,0.10566869126762667,0.05698660409839371,0.05722908832392543,0.033592808524233506,0.08578644031328043,0.08019510921519196,0.06085914298284455,0.04119689103197582,0.08068911313971647,0.033766887030012856,0.15681323180907344,0.05210363390933423,0.19904138003207542,0.022267127737963317,0.13567927587859804,0.1039538524367632,0.043642590293991396,0.043256474891501744,0.07752265977020707,0.06089952187326215,0.030838709364245896,0.0705895728471016,0.0651649231957708,0.09857660809009718
Australia,0.10501778760414801,0.058375174241937715,1.0,0.18829307324742087,0.05471071069051753,0.11708106833996808,0.0993692572771422,0.06305899554860146,0.06707376415872592,0.11076054286413489,0.06526199198961573,0.0684120028238427,0.06908610230679725,0.08579460432827754,0.06326917293747272,0.0569310713917636,0.15998902052382588,0.120690446114734,0.11126438708007706,0.1521368921032545,0.12831363609565452,0.06877438409953804,0.1153525087742802,0.12132097991731594,0.1539448351281838,0.09970851434266123,0.08975532591532992,0.14049883328252788,0.05937048682882822,0.11762245754520055,0.14564431196516953,0.1408507708396141,0.0606197178959417,0.05627849398691073,0.1626584089080377,0.1616389276932814,0.16683283212221311,0.07360952167046023,0.11699183780522993,0.08933159358449222,0.09020993944879863,0.1460458510230132,0.10351547874434104,0.10297148289043999,0.11602459283322826,0.06984341604439337,0.11155206398436897,0.05471071069051753,0.058891583241655596,0.062335734598291385,0.09831286322889123,0.13929832208258855,0.05471071069051753,0.10220563242084361,0.162570481487553,0.10402336564448321,0.056309293154981906,0.12943569333206528,0.06411940755893775,0.05516056233770296,0.055182254064707933,0.10288488832148153,0.08923032329230236,0.08155065885124389,0.06426434845821237,0.09896942684000774,0.057064579171933846,0.1819493158210692,0.0930025788882746,0.21746036418778183,0.056076925592521434,0.16106906324534348,0.1201931295172566,0.06697379899509312,0.06725950426135818,0.10442906663684466,0.07510225176709938,0.06691625617036427,0.09567739969113331,0.0796680321084603,0.12087491494818406
Azerbaijan,0.20394050659000135,0.19404323088264788,0.18829307324742087,1.0,0.19730941740073052,0.2344248961420824,0.21750572943903734,0.19891207715265083,0.20024972119594,0.2163412449009516,0.19830660067843492,0.19936922538221014,0.20580084379473104,0.20120819339417437,0.19463606507839548,0.20293792230736543,0.24446131487208994,0.2127473712956195,0.2397672103299735,0.24133024039641032,0.25827410161168174,0.2034023276971307,0.22424480742746697,0.21945757515681724,0.17183654883485747,0.23056712226436762,0.21121555744535428,0.2447432004414244,0.19720033677780166,0.23265684307413098,0.2222010722607745,0.26512428510196906,0.19711821361630452,0.19807717536478261,0.27263379462412,0.2565823348926802,0.24469016367878926,0.1979201880075804,0.20841793349967072,0.19929775445560283,0.20926233896221136,0.22245126968714232,0.2082043592957971,0.2383105575648637,0.2359773799724483,0.21577267570534417,0.23611240663922378,0.19730941740073052,0.1908640461617753,0.19837091039639262,0.1893621318006383,0.25158482285527256,0.19730941740073052,0.22966312313053608,0.2534279204381911,0.22122831740566606,0.19722663190343195,0.22111970135190442,0.2042894729066373,0.18311188265489645,0.19774155842410918,0.19407680833384777,0.21209694529459178,0.20402476262924907,0.18984173513538075,0.22529718649738398,0.19852684285254107,0.277505858045874,0.1993718327766515,0.3123921430827175,0.19727711518015134,0.24336388751435192,0.1850131354831381,0.1966101228711177,0.20316000195026201,0.21666803489533848,0.19702453790940494,0.19889840577714063,0.1795890562155386,0.21092285576021222,0.20258064320866762
Bangladesh,0.0881134221062802,0.02261437198156289,0.05471071069051753,0.19730941740073052,1.0,0.0957463995119155,0.07340494891276127,0.029252126071834725,0.040156133306357186,0.08678859841701324,0.03231264974173165,0.0317357985058962,0.050623467078692294,0.07980181993360806,0.03271706537253777,0.03691067352627812,0.15225104448332946,0.1060088119471897,0.10362823450837283,0.12239883382105367,0.11757235963582174,0.04468626269765572,0.11036964144524018,0.10084256151742066,0.14092196809669194,0.06904655104354653,0.06655937434492305,0.12293872407627716,0.020380146708962894,0.11898540842366664,0.14291561764234162,0.11402162806696577,0.020764214032944636,0.008807646065636065,0.1633429992795889,0.15918051852853277,0.15955038095329074,0.0678606334492196,0.10462915821787926,0.06326733625454595,0.06761939930541756,0.11701536648559646,0.06773758946094141,0.07933224580261489,0.08744239265623933,0.04219415397123626,0.07562198557640773,0.0,0.03638508213036099,0.028660562431378364,0.08440979425087633,0.11844778728623351,0.0,0.07903965347068465,0.13365312438684593,0.1278890949648943,0.005029074563727388,0.10568852457986776,0.05452511602859673,0.04501077880675254,0.01209105306185622,0.07508120238314248,0.06609284087715518,0.05388339310392363,0.03606624571924425,0.07852564450271836,0.015442899091383243,0.14670076814512192,0.0674832386262362,0.19641792822114248,0.004943141049723911,0.1383562008343268,0.0971081043961749,0.04167870236035682,0.02918705183291081,0.07389299358140917,0.05939695950955008,0.032085367104387426,0.07914899367339459,0.05178356622879135,0.09368079355766541
Belarus,0.1251853789273591,0.09986388391918266,0.11708106833996808,0.2344248961420824,0.0957463995119155,1.0,0.13065256649213125,0.08725946841217277,0.09676067866786665,0.13689553167657245,0.08425419663178323,0.09264360132835865,0.10926928278475087,0.13021896186088386,0.08673130777865674,0.09758173509486236,0.19207676238246543,0.11049262151384741,0.10920527202526137,0.11344829844417167,0.106440773645983,0.07958611242904776,0.17326348862059834,0.09934039127112723,0.13879154635569446,0.09393874612295616,0.09528114397275818,0.10685691890490279,0.0887937083089506,0.15156388613632368,0.1280714079015623,0.10299494345997798,0.08951603993216666,0.09217887719080782,0.1713929380827104,0.20019022620429341,0.14609101070095656,0.0909971347278387,0.14498942107241486,0.10815042824994676,0.10365861298368521,0.17389805682146298,0.12196607423084108,0.10480615850309068,0.09825616947371817,0.09943735527416764,0.11365226071407167,0.0957463995119155,0.11058197431873691,0.08599165106131053,0.13299795793669433,0.13840111314883075,0.0957463995119155,0.10277372885882254,0.13372680406210974,0.15626066867072488,0.09305885450052497,0.17538006636583753,0.11105185323338403,0.10901210089888315,0.09557691626562143,0.09212230136420191,0.11740727447158453,0.10164173789734769,0.08055850691846608,0.09981293094468882,0.08997736028267234,0.14864182530814804,0.10780423111542456,0.16895807555153963,0.09414686491370831,0.14695307096543608,0.13185550825901865,0.09035388426608919,0.09636388074731116,0.118454609616631,0.10033587146714566,0.09505446335805913,0.10670440463182355,0.08932428795873688,0.1427718035401682
Belgium,0.12175742410007757,0.08292293026785491,0.0993692572771422,0.21750572943903734,0.07340494891276127,0.13065256649213125,1.0,0.06725814051477227,0.09496019764252527,0.07214822407061987,0.07063943865907418,0.07384560718415722,0.08699605106506463,0.07907983703519827,0.0727356840987527,0.08162663284692417,0.150006103098655,0.13609772787982757,0.1108311951230753,0.114638160124652,0.15284127857417254,0.0753784260734878,0.13647873326182985,0.11763973676852768,0.16971390287819413,0.10927174152183536,0.07635330914278046,0.14648366667752724,0.0702935502625197,0.1394389550650359,0.15348979413902095,0.10838132560146935,0.07125653677777385,0.07112863943526272,0.18383488393575922,0.14089710595556967,0.17238696160390582,0.09164354136953491,0.11464999662910258,0.08763189050140609,0.10768491879066695,0.11672765690514905,0.08918853454487297,0.07869627296922345,0.11733112400120889,0.08788554983920618,0.09225877917059566,0.07340494891276127,0.07349521560028445,0.06864273027670023,0.08819981652562728,0.1254147487834481,0.07340494891276127,0.10678706511861387,0.15431670288403745,0.1436655536058867,0.07355312580862873,0.09536848978858929,0.09780869627624876,0.07257415869881328,0.06989758364686693,0.11349156229617023,0.08826734434447867,0.09037967329598254,0.07883582126747611,0.09250675811323297,0.0692451105267136,0.15837205975552604,0.11221721705514959,0.22324358040570597,0.07256794896777725,0.13560213124669881,0.10875635903170029,0.0803655849893293,0.06888257866264999,0.10830344935342487,0.09538339850450551,0.07978216071458129,0.12652430977077977,0.07016469966020063,0.10937934963444329
Bolivia,0.08912655068802611,0.04558124922212344,0.06305899554860146,0.19891207715265083,0.029252126071834725,0.08725946841217277,0.06725814051477227,1.0,0.04574290536319615,0.07923360038806167,0.010584721328422315,0.024383437632513612,0.05161333088741953,0.0764344306216632,0.011424383800910062,0.04103369361913676,0.1486888943632745,0.08878246639275131,0.08540290757513337,0.1105801807639366,0.11268597837263296,0.024568248660995412,0.12332796466242657,0.07948436653321116,0.1322357515909715,0.064637934092871,0.04048777701868079,0.11453434240671112,0.013364308982124498,0.12038603339230385,0.12653433401665434,0.09629382497104702,0.015639491002408606,0.02146473854644508,0.15648312459685568,0.16074273227971492,0.15755044246234087,0.04727993984294449,0.10246878179343553,0.05440101065996496,0.07088228757862272,0.12519296403510316,0.06919349430950614,0.06131512179092495,0.08162370181205231,0.05620982456562147,0.08004385243354412,0.029252126071834725,0.040069971027276115,0.002957970304660666,0.07986625724413893,0.11658707715285424,0.029252126071834725,0.06711623775431111,0.13646462450882973,0.12145167281067425,0.028344275670468686,0.11025020850825747,0.0624228162758112,0.03647645311287252,0.026321625344495964,0.06568447059557514,0.05191138078440541,0.043762619279570536,0.0278743240190263,0.07343738150478457,0.01493784866356094,0.1351522731298261,0.0767061721656492,0.19315011237637852,0.028516415279170176,0.14259307383099962,0.09504351840255243,0.031226347788982742,0.01755848860139922,0.08472261661260078,0.050308784712325826,0.033841183591249345,0.08233215639210158,0.029640194396885176,0.1030779574995883
Brazil,0.08251623337172453,0.050604309732676406,0.06707376415872592,0.20024972119594,0.040156133306357186,0.09676067866786665,0.09496019764252527,0.04574290536319615,1.0,0.11247018190517749,0.04854922220258809,0.04593900057389879,0.06739045605926912,0.09147138755003839,0.047099638730288544,0.053273168845871584,0.14984553717696172,0.09512130303462532,0.10490538064912407,0.13152356382152422,0.10379602727565132,0.0600780918139202,0.11922541909598519,0.1011718400465473,0.13872792287087388,0.07392353900198396,0.07143213341322618,0.11377628846650029,0.04240684335443674,0.11282878023811717,0.14024467474323454,0.11160494911657141,0.04236112773415799,0.039822928218434736,0.16188355898569354,0.1735270999170603,0.16606546567914524,0.06816776124601502,0.12520182990293102,0.06476139883672649,0.07813697583499998,0.14468964391067696,0.08173434745998678,0.08851547698930226,0.1094209568384822,0.06380035789295356,0.10054522906712408,0.040156133306357186,0.05295333942308771,0.04550315269841088,0.08685909458909594,0.1324817516575694,0.040156133306357186,0.07694801789225755,0.14745903332258636,0.1379511423411797,0.040368089713153955,0.12571728875262356,0.06924117147797397,0.06226480357174728,0.03997881878237347,0.07881729056457848,0.0685288716662004,0.051123395055835096,0.056972776428864995,0.09370326190787477,0.041448103716043155,0.1510780494847946,0.08152787035424704,0.20113249157383245,0.04045923486122043,0.15171785548801145,0.09479031412577892,0.056265696392210136,0.043829683632512446,0.08710906539212594,0.07345432473672377,0.04873995268341658,0.08533397557562042,0.06099584653000676,0.09755085941936706
Bulgaria,0.14356543566075747,0.08846827211029759,0.11076054286413489,0.2163412449009516,0.08678859841701324,0.13689553167657245,0.07214822407061987,0.07923360038806167,0.11247018190517749,1.0,0.07905224497025985,0.07549531156758159,0.08419007512464756,0.10734285572191908,0.0809543831319816,0.09509686648879873,0.16864663812071856,0.1377203584923123,0.12056249045761273,0.14218666776259745,0.16632155306316662,0.08507011358300193,0.15061758466740188,0.12087228686132279,0.17304573834194795,0.10891747317622141,0.09055850833217126,0.17875848333936895,0.0798263090925579,0.16296598601400797,0.18023013310865652,0.13373878584870813,0.07888244528862319,0.08269354304244032,0.18805820692249775,0.13602846823872064,0.18423853542482252,0.10870725566047568,0.09462629419854789,0.07991655332389085,0.0956931205250868,0.0905625391946171,0.08300956302939652,0.08916858139918622,0.09559597157756,0.09947658574675336,0.08815785717275139,0.08678859841701324,0.0962476026201727,0.0803340901423058,0.1037677706912852,0.11178724192277406,0.08678859841701324,0.10607160077443785,0.12733112591391232,0.14214542747296885,0.08595198438362998,0.08514765644494963,0.10025640896890047,0.09184476354622186,0.088514923341514,0.12127238288362137,0.09310045150600091,0.08643150581933144,0.081079719866545,0.10440233695228951,0.08176974290964997,0.14718847867133641,0.09858039733550433,0.2079402590254635,0.08606750854078822,0.15810644424078427,0.13809500741122632,0.07622966145833733,0.07640461050410144,0.1275633713896942,0.09154887250581767,0.07775100346624252,0.12159800045847824,0.07981263630981243,0.12355335167398786
Cambodia,0.08998330670864146,0.04506183080217743,0.06526199198961573,0.19830660067843492,0.03231264974173165,0.08425419663178323,0.07063943865907418,0.010584721328422315,0.04854922220258809,0.07905224497025985,1.0,0.020450447866056397,0.05601495471527633,0.08203329062527286,0.015518891415619743,0.04551158513469644,0.1491370322363363,0.08972895087762181,0.08870307215168324,0.11330908709624829,0.1153024002228471,0.022499117278283003,0.1290314965895211,0.0799145945992337,0.13316403721430262,0.06750186770017816,0.04164939420759338,0.11800374590371934,0.013689869337735064,0.1212253807075787,0.1299702127537811,0.09709955386769943,0.014992867429614464,0.024027732849427434,0.15678958836427692,0.1633218763663611,0.156958092597203,0.049129832849690705,0.10311346823798428,0.050625147970762396,0.06563927928254693,0.12263907191806299,0.06912765014944278,0.06009035739445898,0.08067012245351504,0.05914877741627602,0.08280869945275605,0.03231264974173165,0.042911342455290304,0.00895006346639625,0.08022976077476351,0.11866498658812846,0.03231264974173165,0.06448150538817263,0.13276228830379105,0.12017919828441428,0.03041494859009733,0.11124960080687485,0.06450525518481665,0.04027164603716446,0.03147958653376167,0.06464553820519522,0.05276421787139834,0.04092854573229816,0.02294340317974164,0.07308760006064163,0.018551337885307106,0.13625583755243464,0.07038583960764862,0.19355113790627143,0.030815035638786032,0.14097917133679164,0.09577379474570921,0.02698015260651664,0.01927068924673565,0.08583744881499596,0.04893872573046714,0.03032125570906034,0.07767459413680726,0.03427868307298926,0.10654255144460456
Cameroon,0.09007623778098678,0.03759745311475088,0.0684120028238427,0.19936922538221014,0.0317357985058962,0.09264360132835865,0.07384560718415722,0.024383437632513612,0.04593900057389879,0.07549531156758159,0.020450447866056397,1.0,0.058434774266451626,0.08768162587554258,0.026781971222402823,0.04928401295919397,0.1497282340866104,0.09688736015945397,0.09767436694174489,0.12608328528637697,0.12089616160258737,0.03515347811718329,0.12830962581920527,0.09303634654342875,0.1426017514443793,0.07318755467549685,0.05523293406778166,0.12856333514742807,0.018073880791334047,0.12098534780079417,0.1466455959011329,0.10444074102392295,0.014947030830672765,0.024287092073860594,0.1632286457477523,0.15995788342900666,0.16056591634578188,0.06597105406451585,0.10229280043145257,0.03702114901090915,0.052331366735339585,0.11333305198602352,0.06506143538869633,0.0656893175208373,0.08322932931561287,0.06341612559984584,0.08468776517287381,0.0317357985058962,0.0488322859783081,0.02350491744670375,0.07769398362264522,0.11704256356729247,0.0317357985058962,0.05951384494052448,0.1275539530615684,0.1252282790841656,0.02922580770355765,0.10196901614692164,0.0585470481620385,0.04987245222518412,0.035761831579303835,0.07270812480996745,0.054079026507548006,0.031160219451913693,0.03116790965046187,0.0767008206008578,0.0245427900278811,0.13865646716621238,0.0597600565905846,0.19522771482634999,0.029813297933261238,0.14278488772798925,0.09574878640163617,0.02335519336819338,0.016746483432053573,0.08836293030800346,0.051170009450809226,0.01664936554498325,0.0739879572629903,0.04299138328475197,0.10528356831604636
Canada,0.10462724800554385,0.06301630598266726,0.06908610230679725,0.20580084379473104,0.050623467078692294,0.10926928278475087,0.08699605106506463,0.05161333088741953,0.06739045605926912,0.08419007512464756,0.05601495471527633,0.058434774266451626,1.0,0.08152231714568035,0.04740363777622345,0.05036414126051582,0.16353911639209032,0.11111477549223134,0.1047117093738624,0.12680777782946592,0.12023143730615517,0.05632722333200827,0.10764587770262293,0.09386780487122984,0.1391536225496758,0.07479308534380819,0.06788713475866003,0.1307495836744714,0.05362800999126405,0.13985856133449487,0.14067708004990198,0.12479210605095752,0.05395485098389723,0.050410209821325776,0.15652474921593526,0.16864370907292173,0.166098926579359,0.07532578704997057,0.10317228226196565,0.08338500440229926,0.09499807847528995,0.12714038056212484,0.06848718508951494,0.07265347290684661,0.08987916212375462,0.05633413269556919,0.08141707556704632,0.050623467078692294,0.06264103719711393,0.05235226574536224,0.0875823256390987,0.1205680374896502,0.050623467078692294,0.08272379134519625,0.12662790339478522,0.12706939766100933,0.050735810863041755,0.10761642966651024,0.06690639166609051,0.06427949608064783,0.04732386873563218,0.08650027383465853,0.07340185090134133,0.07067585496481238,0.06234533480735637,0.10841000937263119,0.04775988567982411,0.14628276945400817,0.0999539209267217,0.20086342426104994,0.05057843569695106,0.15368322701458137,0.11601115205995918,0.06671423329047595,0.05211570135443981,0.08530028732430371,0.07986354205996961,0.06385349481785561,0.09975968484373399,0.06660451408832958,0.098571129111006
Chile,0.11324509904091411,0.08943132280122854,0.08579460432827754,0.20120819339417437,0.07980181993360806,0.13021896186088386,0.07907983703519827,0.0764344306216632,0.09147138755003839,0.10734285572191908,0.08203329062527286,0.08768162587554258,0.08152231714568035,1.0,0.07636136177655574,0.08365775966700727,0.12956601321230696,0.13717399405465497,0.10996750109246921,0.11380180082406792,0.13800942727508037,0.0824521817738201,0.13146873724538863,0.1091196397104818,0.16672813270253142,0.11654759834182393,0.08804040866656636,0.14178614019498614,0.08097866171493759,0.1257763018022508,0.1345676993127665,0.13527183175741853,0.0820248780045249,0.07963281825943919,0.17565093355371245,0.1782920110294234,0.17347214765514732,0.08542809399357133,0.1225828030980133,0.10787948363749572,0.12118323000218673,0.1583651906446773,0.1005803286467325,0.0920712629805168,0.13667735913404547,0.09555229168522698,0.1251563827774526,0.07980181993360806,0.08837515119422466,0.07744606825969409,0.11001204221482719,0.15230085098953813,0.07980181993360806,0.12457548543781202,0.17657049739158145,0.1224114038206657,0.07996012791187576,0.12285141287765006,0.09445878659227185,0.06370787217824334,0.07665895230094709,0.12260651492707222,0.10006691462992476,0.10472585438778557,0.0871491951465638,0.11023610553051602,0.07764417309249032,0.1882008837187205,0.12229069133400743,0.24996709511067655,0.07995476913951707,0.16200132965306585,0.1284743991779702,0.09226433377159327,0.08461483505887905,0.10785010027730828,0.1061146112344123,0.09392891924142685,0.13122749486224056,0.07651404267654,0.09404831562170808
China,0.08867153958985612,0.04804309462161085,0.06326917293747272,0.19463606507839548,0.03271706537253777,0.08673130777865674,0.0727356840987527,0.011424383800910062,0.047099638730288544,0.0809543831319816,0.015518891415619743,0.026781971222402823,0.04740363777622345,0.07636136177655574,1.0,0.04209849315042534,0.14975658818118393,0.08939298214876666,0.08891664959974242,0.1115911307189212,0.11224101111346899,0.023224492895939357,0.12386195348220568,0.07591442632140848,0.12689596722259294,0.06751197556653277,0.03983361656528371,0.11535074950885026,0.01863680449173832,0.12413533331281976,0.12462148508769183,0.0992641750788124,0.02025334614039966,0.025687417416792913,0.15278091869204008,0.16555824174212244,0.15628696406922024,0.047705623570533214,0.10219216947066971,0.05413201393057372,0.07092890724432312,0.1252653511314024,0.07203713874892007,0.06057353001016099,0.08206969288354785,0.05909230345215898,0.08204070844513574,0.03271706537253777,0.04450942599475027,0.010987017140888037,0.07705718209284804,0.11719409815238951,0.03271706537253777,0.06440339170162222,0.1340262171195013,0.12252984129191638,0.031511668016570765,0.11175330665880485,0.060482103209827394,0.03777615799320822,0.02982808582087558,0.062206340302931144,0.05209186519716256,0.04410004379175908,0.029867587754950634,0.07913286974744006,0.019585544598882516,0.1360420211132842,0.07833504683182337,0.19363799213641816,0.03188986309947945,0.14588901048525893,0.09694946524594862,0.033110107126977865,0.02137943706016902,0.08558392848964494,0.051653047708366776,0.03665638044015357,0.08074686430471176,0.03504940160659849,0.10266398763615067
Colombia,0.0946178040924534,0.05160991837943755,0.0569310713917636,0.20293792230736543,0.03691067352627812,0.09758173509486236,0.08162663284692417,0.04103369361913676,0.053273168845871584,0.09509686648879873,0.04551158513469644,0.04928401295919397,0.05036414126051582,0.08365775966700727,0.04209849315042534,1.0,0.15890983005580844,0.0988349548492989,0.09189078644488592,0.1270243926925473,0.09679051759886144,0.0485754310058591,0.11765612897666133,0.10192427079847423,0.14491926846845354,0.06786954586860473,0.06427890338798777,0.11863022856070349,0.041340563039694675,0.1359305773678505,0.13103303428251253,0.10356601946593587,0.042499472140652104,0.03695776184258917,0.15835298350021046,0.15471018045159488,0.15552329902372775,0.0599541570561936,0.11567489302530458,0.07457020190148433,0.08307841346501824,0.13312908241159294,0.07652920053157898,0.07994858576482218,0.08107730117524971,0.04581444679763061,0.08755734862538593,0.03691067352627812,0.04903093182158825,0.040949488701942115,0.08474991302471964,0.10804609963849461,0.03691067352627812,0.08466755095464241,0.13191834935014807,0.11730003634025328,0.036936467977896736,0.1104228509649474,0.045101233993411656,0.05522106631344064,0.03297783005050134,0.07156821781201729,0.06621802963006095,0.06468270520067686,0.05273900732999372,0.0890816204227279,0.035301024405158754,0.1445893076538568,0.09103397115539572,0.18825223622915702,0.036579630986545854,0.15653493946873134,0.09550309240132983,0.058037218422915406,0.044597594991146995,0.07936765453347222,0.07412655543146206,0.05533564571375664,0.09205021600747365,0.056819109513487655,0.09882480948376934
Costa Rica,0.18914796189245678,0.15735116836002333,0.15998902052382588,0.24446131487208994,0.15225104448332946,0.19207676238246543,0.150006103098655,0.1486888943632745,0.14984553717696172,0.16864663812071856,0.1491370322363363,0.1497282340866104,0.16353911639209032,0.12956601321230696,0.14975658818118393,0.15890983005580844,1.0,0.2034671802468838,0.1860648504605274,0.18633135246738777,0.1709842510166438,0.15626247079207686,0.2133465701976467,0.1571449024361952,0.23921353232734466,0.1816080384530958,0.15546016145368358,0.21781974768130646,0.14882081517934767,0.2006003406437369,0.21718699798151656,0.17702599706638514,0.149648636554129,0.1507658859352917,0.15806959859825367,0.24154780065163228,0.21869459222781337,0.15128580661605093,0.19278753963342,0.14973371089085177,0.15958916606652218,0.19301592960884872,0.17786870500777646,0.1416744531809638,0.20648292854175715,0.17164276030614897,0.20289557443930953,0.15225104448332946,0.16468008323290903,0.14936220532601915,0.14879171773302372,0.20445612048810005,0.15225104448332946,0.17081099467766814,0.21872161660672454,0.16403579943699817,0.15249141433114533,0.14660361613552922,0.16130111854245616,0.15180095170633046,0.15327036132771663,0.18175428344619693,0.15910509992593325,0.15323695237406626,0.154849220672917,0.17768396765120775,0.14957783807248493,0.2576305455380712,0.16122919485022183,0.31641428477224254,0.15276827782020327,0.22893452296467467,0.19760334280842765,0.14941422456779618,0.14938507108754884,0.16159362058096333,0.177638920012563,0.1501225413533933,0.1965521349578479,0.1466120629819304,0.13560662751561026
Croatia,0.11904955769271466,0.1185324260525418,0.120690446114734,0.2127473712956195,0.1060088119471897,0.11049262151384741,0.13609772787982757,0.08878246639275131,0.09512130303462532,0.1377203584923123,0.08972895087762181,0.09688736015945397,0.11111477549223134,0.13717399405465497,0.08939298214876666,0.0988349548492989,0.2034671802468838,1.0,0.08665274971396622,0.1387927031512464,0.12372694155194736,0.08913659280032116,0.16900527253900735,0.09769183007278923,0.1183250161247557,0.08503157360114735,0.0814842394467019,0.10040093332470196,0.09567637406177974,0.147596148281658,0.11007772952774401,0.11385656605103775,0.09569817090039964,0.10117960611286897,0.19472751121530418,0.19184614902426028,0.19110250624409414,0.07663168484031413,0.15446495094461501,0.10885322408054916,0.12964262853612646,0.1938727005630278,0.10710539959974825,0.11882776580243691,0.10766266801396314,0.11753619865668186,0.1346019603947164,0.1060088119471897,0.09635704084923992,0.08920959662361244,0.13119526735829615,0.15472480279256065,0.1060088119471897,0.10239118481423516,0.17890565983705412,0.1470835946606739,0.10561669791433098,0.1754556887886078,0.12205825512963463,0.0966832181186891,0.10195057573586386,0.0843688758203643,0.0878766344412161,0.09122881531102864,0.09510991979997438,0.11677707606537897,0.09701460261686143,0.1130041301031697,0.1349441821639995,0.1771455064746962,0.1052083501123491,0.1795849685264065,0.106942539926908,0.0976618128150409,0.09352619143824908,0.1370213042245454,0.09236048294185491,0.10467523908552093,0.11325708296259711,0.08524753556478838,0.15997786075317824
Czech Republic,0.13215429813566798,0.11611147754624941,0.11126438708007706,0.2397672103299735,0.10362823450837283,0.10920527202526137,0.1108311951230753,0.08540290757513337,0.10490538064912407,0.12056249045761273,0.08870307215168324,0.09767436694174489,0.1047117093738624,0.10996750109246921,0.08891664959974242,0.09189078644488592,0.1860648504605274,0.08665274971396622,1.0,0.12285176513674499,0.11706589718562295,0.08436611587216201,0.15801551206689832,0.11211370334910184,0.16618591829362903,0.10126850391199595,0.08126537699891821,0.10420842401811958,0.09471117780428437,0.1333619188773917,0.10922517678527241,0.10103652224025192,0.09499011755754608,0.09867286332509656,0.1820184567846433,0.1615247979697147,0.1842660876429943,0.07637076693065702,0.12820537086834483,0.11162252271234038,0.12761765517931167,0.1879271513567268,0.11328223725387901,0.10157995687835071,0.10408042498901154,0.1068611945766345,0.12565616078267577,0.10362823450837283,0.10315899954291667,0.08661649304869025,0.13541572127681667,0.1230054445805154,0.10362823450837283,0.11400387549213868,0.177412782187897,0.12477319244917558,0.10325417193050164,0.1576329131638454,0.10574799052318809,0.09319148000561746,0.0981534731737682,0.11228347471077045,0.0983409945213419,0.10126544092199953,0.09946868685023329,0.10678609733807276,0.09508939278505679,0.14465185746810635,0.139068656699466,0.18976520509990502,0.10366348562007115,0.1728123920855341,0.12456313399766232,0.09575377296390486,0.09267569713889688,0.13041391392790858,0.0953279949629136,0.10473783510993302,0.13416415130159334,0.06930522658773994,0.15379887629501798
Denmark,0.15278057203333295,0.13319941471031832,0.1521368921032545,0.24133024039641032,0.12239883382105367,0.11344829844417167,0.114638160124652,0.1105801807639366,0.13152356382152422,0.14218666776259745,0.11330908709624829,0.12608328528637697,0.12680777782946592,0.11380180082406792,0.1115911307189212,0.1270243926925473,0.18633135246738777,0.1387927031512464,0.12285176513674499,1.0,0.1563753509621764,0.11328671744985484,0.16951210126736338,0.10256374159113191,0.15485744401624596,0.1167185576391971,0.10670385562457017,0.11967058361172696,0.11765412036875277,0.1600840698180826,0.10875846212505455,0.12521549330483966,0.1190597132385547,0.12013092322338581,0.18547641552313124,0.224379195696716,0.20628536943503603,0.10974346125111885,0.16700697129587463,0.1449681417943327,0.1590494151032801,0.18324454307320204,0.13068617777877167,0.11698042116229833,0.13356476190942881,0.12284849388909443,0.12140604489339271,0.12239883382105367,0.1258891170994389,0.11140891643193347,0.1601584686484386,0.17065456419457228,0.12239883382105367,0.149228462258031,0.18348461774906133,0.17846819584167078,0.12139175819528854,0.18055998398847936,0.15348539521778914,0.11580809058725172,0.11785034281901141,0.1166258699395937,0.13716332187044813,0.145242904387077,0.11608843927367304,0.12440581423551002,0.11612791526683178,0.15236856271884158,0.15747085174204317,0.21014228294719953,0.12112514283539462,0.15526464007607949,0.1506351804027768,0.12647080852133968,0.12232578101843261,0.11298453912153396,0.12451061352220252,0.1331744389793513,0.14250140203974476,0.10271968576345972,0.14021804337555818
Ecuador,0.14105141792114634,0.13049968381321495,0.12831363609565452,0.25827410161168174,0.11757235963582174,0.106440773645983,0.15284127857417254,0.11268597837263296,0.10379602727565132,0.16632155306316662,0.1153024002228471,0.12089616160258737,0.12023143730615517,0.13800942727508037,0.11224101111346899,0.09679051759886144,0.1709842510166438,0.12372694155194736,0.11706589718562295,0.1563753509621764,1.0,0.11419550991374611,0.1789806640873603,0.11973223724472923,0.1786335821145802,0.10850488639048575,0.113718708542258,0.12558581068014296,0.1165416193614132,0.18860126295481686,0.1410637708791306,0.10605379789043369,0.11787182459959382,0.11605812879121015,0.15360970118304415,0.20534207478273372,0.1621543831217816,0.1009017545420781,0.17577089277590183,0.1333443077309704,0.13707136677678336,0.20791422953690822,0.1464086793874726,0.12255642402656149,0.1303781365072831,0.11220464820492329,0.15199083894463522,0.11757235963582174,0.13221018905910475,0.11272333964427972,0.138326668845286,0.13380024400651808,0.11757235963582174,0.12772961447148767,0.15880900088165814,0.1602223118765926,0.11719538992994191,0.17451753086288208,0.1109371907182238,0.13287508991841285,0.11379439958227122,0.11495500199940785,0.1248420592395181,0.11964443565720351,0.12386761056812992,0.14726294296017442,0.11355473922639307,0.17374037530364472,0.15182057288798678,0.19465303739691409,0.11782015663956612,0.2129240770319018,0.14911941554442845,0.12598326824324693,0.11676760371391978,0.13379493898608297,0.14449889045350625,0.1261988900041271,0.1584462300409412,0.1121783092554991,0.1313520873510182
"Egypt, Arab Rep.",0.09257570619195411,0.057563137007883104,0.06877438409953804,0.2034023276971307,0.04468626269765572,0.07958611242904776,0.0753784260734878,0.024568248660995412,0.0600780918139202,0.08507011358300193,0.022499117278283003,0.03515347811718329,0.05632722333200827,0.0824521817738201,0.023224492895939357,0.0485754310058591,0.15626247079207686,0.08913659280032116,0.08436611587216201,0.11328671744985484,0.11419550991374611,1.0,0.13659911393320393,0.07934016791285727,0.1302440717103124,0.07389201937254469,0.03831840208413963,0.11121400500706657,0.030688601911721274,0.12478054585783768,0.12277556727501171,0.09145444802232865,0.031932562962653614,0.03794896352007803,0.15469307185345768,0.1662264748731733,0.14999227512095573,0.050389526851286934,0.10540584437632496,0.06046346765456365,0.07419329427115522,0.13136144233185706,0.07681671555199605,0.05405971357383233,0.0801116316626931,0.06834291243575567,0.08783818518390686,0.04468626269765572,0.050153269526041024,0.023412825692926572,0.07932224539885287,0.12014648931399215,0.04468626269765572,0.05936592550105654,0.13512699457343108,0.11615529294374347,0.0426842802581524,0.11848292113619724,0.06387611216556889,0.04440754616749232,0.04186368576372138,0.06818366657605594,0.05238482695212005,0.048243760013988016,0.03272520960844465,0.07332629149648594,0.03194832525404972,0.1370941002895409,0.0811578106823368,0.1950891480145617,0.04306180668352403,0.13893397211829916,0.09780906112588976,0.03818878382666914,0.03335598620997142,0.09139516727622209,0.05699529794734088,0.04448254811725368,0.08607615768948812,0.04065853164831344,0.1172449531991454
El Salvador,0.11690592249619451,0.11395646448582218,0.1153525087742802,0.22424480742746697,0.11036964144524018,0.17326348862059834,0.13647873326182985,0.12332796466242657,0.11922541909598519,0.15061758466740188,0.1290314965895211,0.12830962581920527,0.10764587770262293,0.13146873724538863,0.12386195348220568,0.11765612897666133,0.2133465701976467,0.16900527253900735,0.15801551206689832,0.16951210126736338,0.1789806640873603,0.13659911393320393,1.0,0.163117329686474,0.17757747031412272,0.12286275454434728,0.14389107611939467,0.16559161752560192,0.12127896889794042,0.14880823156441012,0.18298347617092267,0.1870217466983463,0.12205637536652836,0.11479169072689194,0.22066769129480604,0.2001086430119799,0.2012931619293672,0.14331993989300656,0.12672222992869556,0.1481371772124755,0.1550219240469275,0.1659628355427162,0.1269619852905034,0.15676652817133305,0.14956443193526775,0.10692171164861548,0.11577282668664339,0.11036964144524018,0.1128459858755366,0.12382544204132744,0.16111339952345788,0.17723271028966975,0.11036964144524018,0.16009637576559602,0.19526058802256688,0.194995081474577,0.11217902104175481,0.1495065795134023,0.12854363592182153,0.1204269621415242,0.10937854329865748,0.14424700327410117,0.145613923204767,0.14237449675265818,0.13094470776655376,0.15382636083353832,0.11677936184642634,0.19109276799440816,0.15744142578917555,0.2260001207287113,0.11266323060453366,0.2008822806020838,0.14668029642898833,0.1347541033861163,0.12272604412740114,0.13372703557766671,0.12607621575616,0.1274987206931085,0.13637826386221535,0.13059976624961167,0.14410727973250892
Estonia,0.12290574482548809,0.11564892018944507,0.12132097991731594,0.21945757515681724,0.10084256151742066,0.09934039127112723,0.11763973676852768,0.07948436653321116,0.1011718400465473,0.12087228686132279,0.0799145945992337,0.09303634654342875,0.09386780487122984,0.1091196397104818,0.07591442632140848,0.10192427079847423,0.1571449024361952,0.09769183007278923,0.11211370334910184,0.10256374159113191,0.11973223724472923,0.07934016791285727,0.163117329686474,1.0,0.12269268765881589,0.08780379414853567,0.06313064565093787,0.12402834859476422,0.08809069408843953,0.16924244281121564,0.11194094539917804,0.10952538925379336,0.08997942439045432,0.09530765521788816,0.15311114944349216,0.21900421791483962,0.16897535881574166,0.06657503688436843,0.13897124125961136,0.10870138936613997,0.12475768210037586,0.17258609901836303,0.11519684950678734,0.08063541361684393,0.11125298132274454,0.11014052518191685,0.12339754597900324,0.10084256151742066,0.10600980818343057,0.07995225326530539,0.12156900476830472,0.15727888779616894,0.10084256151742066,0.10020000069967151,0.1588858293859082,0.15303135421328382,0.10012724679463048,0.15654648961045628,0.12553129599307525,0.09230136218657323,0.09685123487240396,0.08047223401744641,0.09746624493825695,0.09755908547181136,0.0856699510238212,0.12563467889235744,0.08844375408285782,0.13874258010022414,0.13384132295393325,0.20577385617078695,0.10030691725877745,0.18505696321903098,0.1380963263375405,0.09313801000233056,0.08786264448542866,0.12614720923941694,0.09937208619876808,0.10137672577256489,0.12642779849940555,0.0760863858369176,0.13096553765820743
