Country Name,Albania,Angola,Australia,Austria,Azerbaijan,Bangladesh,Belarus,Belgium,Bolivia,Brazil,Bulgaria,Burkina Faso,Cambodia,Cameroon,Canada,Chad,Chile,China,Colombia,Costa Rica,Croatia,Czech Republic,Denmark,Dominican Republic,Ecuador,"Egypt, Arab Rep.",El Salvador,Estonia,Finland,France,Germany,Ghana,Greece,Guatemala,Honduras,Hungary,India,Indonesia,"Iran, Islamic Rep.",Ireland,Israel,Italy,Jamaica,Japan,Jordan,Kazakhstan,Kenya,"Korea, Rep.",Kuwait,Kyrgyz Republic,Latvia,Lithuania,Madagascar,Mali,Mexico,Moldova,Mongolia,Morocco,Nepal,Netherlands,New Zealand,Nicaragua,Nigeria,North Macedonia,Norway,Oman,Pakistan,Panama,Paraguay,Peru,Philippines,Poland,Portugal,Romania,Russian Federation,Rwanda,Saudi Arabia,Senegal,Singapore,Slovak Republic,South Africa,Spain,Sri Lanka,Sweden,Switzerland,Tanzania,Thailand,Tunisia,Uganda,Ukraine,United Kingdom,United States,Uruguay
Albania,1.0,0.502188378996816,0.7413932636328409,0.33956185592404575,0.7498747031788158,0.5980834096424233,1.7390832316109521,0.3957111619155835,0.6884081797621853,0.8960209199680734,0.25567121889405314,0.3357376634241293,1.5296983199551288,0.7229567295244812,0.5711204931423469,1.078392811745184,0.5186425883024611,0.5446493168766786,0.741774430955567,0.4161963207785125,0.378911309337891,0.32737028445523586,0.32594386857611435,0.5765062921674344,0.7398216582838298,0.5511136529005687,0.4210616494163592,0.4264518589742783,0.7778989626496688,0.4338138852074147,0.289351724144452,1.150186220419981,0.3509485461681438,0.4739898547892216,0.5082616883243913,0.3189958616745838,0.6928177647894689,0.41983576931995803,1.2999847698426736,0.39596366472917305,0.5184874608148772,0.3656927141612536,0.8181963408362618,0.46585120475495906,0.4893545833105522,0.46565985063221665,0.39664636184794017,0.5734804356257472,0.7743805524759455,0.6036392612915863,0.34095815934756346,0.3439713687752041,0.6292438240956825,1.6258799835702933,0.3602596981024651,0.3635838768889826,0.9007792719057796,0.3561997948405376,0.4165431080905072,0.3032487269496831,0.7157470718781705,0.31929888596676914,0.6394815796676934,0.3418790168734167,0.550037642245288,0.5773348558173409,0.4434335032145507,0.5445967552115013,0.43793090722748723,0.8426583549316184,0.3951105742896407,0.3445560964858907,0.300165910968377,0.3158943649575344,0.514448465836373,0.3759638448958531,0.5724120677210374,0.32482169855407234,0.5399166140776082,0.3068227014577248,0.9556731876280132,0.37593022583243535,0.45197418778185566,1.1652300368724386,0.30466928653835357,0.7171527173151755,0.7634285033210693,0.9284339766875723,1.1532621784365227,1.1235294413866612,0.32040547941416264,0.4278911398738683,1.2153785275628348
Angola,0.502188378996816,1.0,0.8255411719456907,0.7211606400469811,1.2047341326100174,1.2852012653510374,1.3978826843941068,0.6707270179829631,0.9665715775308378,1.5885832453666804,0.543378922624506,0.48842555479858335,1.386905646246641,0.5630174999447493,0.9051424698945191,1.5937372214007148,0.6486070847683161,0.6897359710191213,0.8307172075459529,0.6592753793254715,0.37555936514260063,0.5635912029813696,0.5985124060313439,0.8841811393281265,0.7473495310977663,0.8017070262217662,0.7716142848095974,0.9225732925507734,0.862412118795794,0.5992246040102588,0.6391140025608721,1.5057457258667373,0.43693415742242814,0.46466624881980695,0.5378867342553094,0.7602177967560507,1.3700359627764824,0.3783140780292881,1.6143009089250018,0.41628544731364103,0.5658812959782347,0.4894818440595043,1.353646803410732,0.6831567167899901,0.4911101927346585,0.33293143197037167,0.41361152235285586,1.3679459427948013,1.0869935546450578,0.6838827368809582,0.5100851852665239,0.5846123223249439,0.7747379151265459,1.3331306302657222,0.3727198844947497,0.6294607063991405,1.3544300160266063,0.5877796526316814,0.5901089117339423,0.49406294534884937,0.531063040278082,0.7274838939172952,0.4290838430809009,0.4673090380514007,0.347411361695924,0.44745900502852487,0.45447821456624765,0.4643146265166494,0.592388645922131,1.620761281573525,0.6137286983105611,0.34489046331633133,0.4210230401250949,0.4126111224595652,0.7365772274374741,0.42517432525951954,0.5838889010633129,0.5841331442659079,0.635199478474753,0.5548473482351319,1.3066266065001284,0.486846620335973,0.7529326040995129,1.499631328281142,0.796151941761339,1.1379311805044379,0.8427568721825248,1.6716048531845413,1.6502220499648372,1.2217008836970398,0.7002641370160054,1.1564065906667964,2.172300068743875
Australia,0.7413932636328409,0.8255411719456907,1.0,1.6740139930522948,1.0935702879780147,1.3594062419108321,1.4850584702041711,1.5134307260409356,1.1991331607624276,1.5063606944901278,1.3858867896367575,1.05095756089725,1.448710831399067,1.1188967751608632,1.5042563879088602,1.701370858796987,0.9981530593968667,0.9213085665728005,1.0785802490997594,1.0239018132276563,1.0165188949010815,1.461346535373815,1.318006543089526,1.3676367667712477,1.2043054035294618,0.9764466201289048,1.2070207116501266,1.1933891011661335,1.1643354302596296,1.1237615824027296,1.65890476733305,1.7965818534434967,0.9951137893950075,1.0349762775279938,0.7386542128645801,1.5005503808285423,1.6020527955579786,1.1706544387922622,1.3279010153530568,0.8570086410167786,0.8284229328024174,1.0991602027048486,1.0448984194202688,1.6225088842038373,0.8507470499407885,1.0034689456159838,0.8554740743332311,1.2928634309806413,1.183199490579042,1.0448895555453932,1.1047531563748638,1.2366687929221538,1.2436601614926917,1.4036243559507458,1.0427666722438031,1.1059285009478999,1.07846775203557,1.3586689695949057,1.5009853303068124,1.197454128103411,1.4795220895727432,1.3170920645930995,1.184969021185569,1.1008599151255363,0.9954030185681791,0.989696841688724,0.9865318712033542,0.9667812690764699,0.9518333625584987,1.513446210815803,1.0904999819613397,1.1274530524935997,1.097309677916433,1.1193576912888004,1.5043670247816168,1.0806205157667959,0.949701695102362,1.3404582343671374,0.9803687699984851,1.534760500969282,1.701897810743252,1.0172174245123002,1.2678908103071382,1.3520152496110676,1.5124849771830111,1.3328006923748115,0.8797661150214525,1.18890674982554,1.4472448862190492,1.186865794491554,1.220104422305442,1.4381022310583123,1.8414826927028174
Austria,0.33956185592404575,0.7211606400469811,1.6740139930522948,1.0,0.7686569700959954,0.6090432314191945,1.3439442988420383,0.2381513658665407,0.680271999200915,0.9001068344127507,0.22239897381920434,0.3519283748165861,1.1362384598016058,0.7492428951529585,0.5912089356103797,1.035796550372986,0.5503823463793115,0.5697086274261751,0.7525708626880031,0.4476199052527941,0.400953939799941,0.2850024271594149,0.20607624544220715,0.5500116729781453,0.7611692316663645,0.5802189517026578,0.4407644516044098,0.42159347380504636,0.8130266677509332,0.44366411519162785,0.17901661536510585,0.9313297207950518,0.35848286203739804,0.48548379562273475,0.5344586863473096,0.3215446098355075,0.6248997463597772,0.43527668831569627,1.2346755518705328,0.41693320443276927,0.5472564325238707,0.32752263387251,0.8558867612625527,0.3162456572893905,0.5120877801966158,0.4995063633551495,0.42025779285345694,0.591475209302274,0.7613233993826487,0.6303194717565499,0.35212970416296857,0.29515018475968413,0.5852197364156592,1.4025524643738427,0.35204715491672467,0.3790799666898309,0.9112089418636284,0.2195927879029423,0.3856661636829048,0.2767064917118766,0.6828812628067834,0.30345072018049896,0.644677716953332,0.2964680044068864,0.5790956960753884,0.5954068023926614,0.46689777408834676,0.5711330415778101,0.4525136105573756,0.8227017370024791,0.39731836203720805,0.32775023257738667,0.30517262802167666,0.33330998610596685,0.5172983939875735,0.3788233695487535,0.5931185971555102,0.29582480880907225,0.5721350086490427,0.2198706537465018,0.8401186161818678,0.40008152530127283,0.43962825776163167,1.052304070458498,0.2952446353124933,0.7170280861217073,0.7825750157227991,0.9049534713148453,0.9912037417108862,1.0319392008681716,0.3614545415970537,0.44918555470384475,1.1814257544152122
Azerbaijan,0.7498747031788158,1.2047341326100174,1.0935702879780147,0.7686569700959954,1.0,0.6717742006798506,1.3288352272511874,1.1917275394296467,0.5226470558156667,0.7104146779127882,0.9896061236945842,0.8855657021304653,0.9169162752801036,0.71318330502259,1.2271849781963797,1.008132817933931,0.49041679976888025,0.5407477868923504,0.5882738260421281,0.8381773231779737,0.6418288237063403,1.0022601644336564,1.1560642117054465,1.1740995332888835,0.5471621010014235,0.4629205338827028,0.7914402585236772,0.8109159893877734,0.6520444579412392,0.7459877630532332,1.1846585765880855,1.0475297290570122,0.7431322526943717,0.7005646384567055,0.964965148268129,1.0182770530409888,0.7466386075048485,1.1376095853367225,0.8153384361333759,0.7386621551880294,0.612461128531963,0.8196553948464605,0.5852350709841156,1.1045854095833814,0.5901261189051922,0.7389014810142088,0.8235591243689988,0.6791482385410273,0.5660413547855617,0.46421169929462947,0.8807789172028321,1.069866236808416,0.8951187910501103,1.3428956962928382,0.8610106373257145,1.0751201515379991,0.6063848285644242,1.0631644041485242,1.358058024927167,0.8920341823729862,1.1480980759185508,1.0846033014581786,0.7584718658090884,0.9390456529219546,0.8087159181781871,0.5595368005921763,0.7188774206639155,0.45706849926048365,0.9767117620276997,0.4913017977751612,1.0147824751310126,0.9101131926646284,0.7991229517177793,0.8106057824023827,1.3065365513139406,0.8181150021254182,0.43677916568236025,1.0757982139569842,0.5686155175770422,1.0755945948783983,1.5627732135875605,0.6508783273287868,1.1214888339174398,0.6136816176988538,1.074888897496517,0.5872767703913488,0.6564518739398496,0.47663910536858445,0.7937489616931653,0.9122341737001565,1.1199048815449928,0.7877329912437726,1.0442637459495412
Bangladesh,0.5980834096424233,1.2852012653510374,1.3594062419108321,0.6090432314191945,0.6717742006798506,1.0,1.4897139088967895,0.6504900554127657,0.41638726387689223,0.557769439786238,0.46979323600665923,0.47882409925861896,1.4893859193124837,0.6360992936787401,0.7359461709960572,1.252605354235558,0.5161933833946056,0.5553076953218716,0.5589998209010357,0.4648097110997344,0.5103664763611582,0.48828172625197797,0.553177780781364,0.7631198137431802,0.598565674534568,0.5464568690888265,0.4870875888904247,0.4107144041548189,0.7130315173001683,0.5400309430500855,0.5424175421240759,1.1502895814101566,0.5013146668195787,0.548356328222741,0.6532761758565698,0.4071740207317265,0.4623288261468772,0.6215140964584508,1.278358130732344,0.501920024640672,0.5508550709649676,0.530497453635534,0.5862963191372176,0.7679551823976339,0.5270888132815482,0.5384199077730514,0.5327107184789984,0.33505599110351314,0.5149316122227685,0.5021352660726768,0.47500701790892474,0.5256616969127662,0.8145309866928895,1.1665325836364318,0.5480953414978381,0.526540928313331,0.6044491614111883,0.6714649386027809,0.6865348352008147,0.4754927161625376,0.8642804181701124,0.4809990752635962,0.6723037340957391,0.5878659865096494,0.6164529234917833,0.5278435952426654,0.5447438177575401,0.46143354146673204,0.5324773576953818,0.8526573527128457,0.4797730362112127,0.5554792757464738,0.47440893604880313,0.46033306520961403,0.640007158895723,0.6224375502768875,0.5210540965531311,0.5516435510758736,0.5485157640339706,0.5496126672564555,0.9468143856103369,0.46985620574467907,0.5673685940842548,1.3873765245424292,0.46240486046111806,0.4348011069049263,0.5687701448243127,0.8300943120617462,1.364305502282485,1.6246317105479455,0.5497702822803544,0.29295316740602617,1.2942259802709346
Belarus,1.7390832316109521,1.3978826843941068,1.4850584702041711,1.3439442988420383,1.3288352272511874,1.4897139088967895,1.0,1.8269060911924633,1.6345708727114368,1.4494990123920466,1.9961408913451575,1.7771097072659592,2.5145026885915267,1.6529220395676083,2.2088647264934567,2.59483693391035,1.650542249503658,1.8589750587662155,1.3046452307625969,1.833044901995765,1.421806311335408,2.2459764527448094,1.7736541294921242,2.1010617543227936,1.6622240007548672,1.6248616779651186,1.447849076143159,1.6457006035724528,1.6438559542460016,1.3276718801047327,2.2498752092597236,2.099731867893824,1.3511624646007157,1.584089682661201,1.6554629210137743,2.0433175791769664,1.9944857920346206,2.0329026613123236,1.096712553141856,1.6592086846162855,1.8223211065065266,1.5618372971368177,1.3823377895320654,2.0370933556644926,1.5289535046505747,1.7313678920472033,1.672410292444059,1.5010950683236426,1.3963480103341828,1.288688429553936,1.8471924405565616,1.7089061677573005,1.4957601982183495,1.2143091123889096,1.6934381735548485,1.8964681591365373,1.3323491648219095,1.6648594134268972,2.27593618399225,1.768818968189509,1.6938971767247517,1.855959502403942,1.436150715704545,1.5977001279291512,1.6249992264881792,1.2480447215037698,1.5242351291553853,1.3353149688285457,1.6841881704352648,1.665156972219136,1.8137186684461812,1.8394896329418187,1.6058564641960615,1.848512678421793,2.1707469485435187,1.4882486979061373,1.4712858103264292,1.5210623179471152,1.9449884604810852,2.243921462813889,3.5911528291782315,1.46244043254863,1.9790411999772501,1.4557509244910225,1.8551519904889548,1.6458663086092442,1.0356836340069775,1.427315491063657,1.9833209770801055,1.3715411896264886,1.3542995306578631,1.549547454367118,2.347536369116067
Belgium,0.3957111619155835,0.6707270179829631,1.5134307260409356,0.2381513658665407,1.1917275394296467,0.6504900554127657,1.8269060911924633,1.0,0.7999180841429179,1.0606844492877898,0.3136864597783541,0.4175519548147933,1.3197833012809002,0.8090897272086057,0.8049799559670364,1.1996214057138173,0.5891069684787048,0.6062535753507483,0.8064675352531595,0.541089994862939,0.42080137883056223,0.4182781357840602,0.25514954945642065,0.6399773111406852,0.8298724517818545,0.6320447127850505,0.5197122846023531,0.5370232973312713,0.888403857987041,0.42964907759717297,0.37865278246081396,1.1487936236807663,0.3508264221761853,0.4931763040041097,0.5669000706349955,0.4087669530638913,0.8695851129450399,0.5478049081227275,1.21632219915122,0.43393756086195545,0.5769618597725428,0.2866532668077151,0.9865294690023921,0.48711559581031716,0.5328543436243894,0.5619905418591394,0.43326031660008424,0.7688313335589783,0.8687633082260705,0.6849577814250951,0.419970486557296,0.40011410349201365,0.6828580674472519,1.5062732106677679,0.36892616838808967,0.45863671605894296,1.0352624323053186,0.25013604758550456,0.5665578095751153,0.2890126587780926,0.8110961284517106,0.4364576255829455,0.7181994881950745,0.28096706820060785,0.6403512432882434,0.6368350713166748,0.4671109472992428,0.6146424838643533,0.49076554013506024,0.9979505528657238,0.4836425426317417,0.38055973752954614,0.3287572136946727,0.40570440666348395,0.6969307356740236,0.40870692625410476,0.6329619951279918,0.42823317416834106,0.6152648242510304,0.3842610911371837,0.907953277410263,0.4078018493326929,0.5779234563732122,1.1810798517521026,0.41394571039899375,0.8814496421006787,0.8244722756660751,1.0116892313370731,1.1040357231668867,1.0890468956574366,0.39518509998850504,0.5909375762318062,1.3939226982134614
Bolivia,0.6884081797621853,0.9665715775308378,1.1991331607624276,0.680271999200915,0.5226470558156667,0.41638726387689223,1.6345708727114368,0.7999180841429179,1.0,0.615675129122733,0.6651509014965391,0.6389693770568614,1.2993750679962273,0.6267445915464476,0.8583719300605218,1.0305173283504174,0.48329685146164103,0.5047101137944447,0.4251142197865353,0.6312272505588153,0.577459978382278,0.6719527824718416,0.778945293877094,0.9548893032064513,0.5067769584000488,0.5831600216390823,0.6463954936314782,0.5932163045240991,0.806489935384857,0.6560936366545669,0.7415085599785015,0.917578893227769,0.6066818534464615,0.6059970950299626,0.7713980468988293,0.6236552873064045,0.3741866441856203,0.7941469965918521,1.377654687904174,0.5808519600031403,0.54015805956545,0.6707474968475523,0.6692773665894799,0.931087244673004,0.5248761874548349,0.6368605122308183,0.6371267673677612,0.4352707494426901,0.3026952539459379,0.44704705652591675,0.637739391634885,0.7129648087238261,0.9543398269723847,1.1039480028490474,0.6704788705610427,0.70774539690724,0.6622079194426295,0.8743311900066358,0.8717401075790158,0.6478210015049837,0.9926470399953179,0.6805410927287017,0.7523534913649208,0.7451771547028265,0.691365721723399,0.4721670501996734,0.5949359229631549,0.39270912842200534,0.7002258947121371,0.6454639169100094,0.6767593208163782,0.70072128548492,0.62408609015006,0.6129105297884523,0.8272913707398961,0.735934522407506,0.3999828491522873,0.7532428406098813,0.5057975594173527,0.7413629257689595,1.1349189184068091,0.5702701635927874,0.744614525994453,1.2802524673836018,0.6693115849507003,0.2739881034984232,0.5030856495384124,0.7718603576151237,1.2405322514747648,1.7087851833009855,0.7567757294076953,0.4969311921271648,1.3088761543846201
Brazil,0.8960209199680734,1.5885832453666804,1.5063606944901278,0.9001068344127507,0.7104146779127882,0.557769439786238,1.4494990123920466,1.0606844492877898,0.615675129122733,1.0,1.2114803072256837,1.02130317574937,0.8417566968969883,0.8203599275952103,2.6721859905945164,1.3548629694421601,0.7821752248045789,0.8796230156167947,0.8636738622985637,0.9800595083997939,0.7416836744805512,1.2358978538967806,1.5152440900161062,2.0189016780759266,0.8076888634240812,0.770847073665712,0.8367438806232289,0.9053078989748512,0.9216719680888329,0.8357323135348987,1.7832490690813494,1.69895582406523,0.8620154602705439,0.8480516703933698,1.1328260418339078,1.457982691446354,1.4797689134435446,1.3397614295100806,1.1212819990652458,0.9201791554954787,0.8968031244275096,0.9278256501476794,0.6001752567064593,1.3755703966775688,0.9022268008280755,0.9328571626587011,0.9861066569060232,0.8759454554132388,0.8445398777146209,0.6463784540933757,1.0141116224635436,1.2863106694152362,0.9839834875094962,1.2662434156415805,0.9789862326645499,1.4855733358220249,0.5794976008064164,1.259868624743709,1.9369932518768584,1.0253090334766362,1.0787237021165794,1.7307564605128227,0.8273298712869473,1.0754854241482081,0.9715711291873317,0.7101355276696554,0.8242397436420431,0.6247621860089535,1.2328201401804164,1.2514724627244243,1.3453272020522355,1.0340436826819739,0.9093602427483604,0.9282325355201309,2.0667795146334274,0.8933116781510478,0.8459416798372457,1.2654022022310865,0.8562663673754008,1.3544715446860989,1.6498014217606691,0.7685315162343074,2.031592911087836,0.9536066330163979,1.8176063309044028,1.0062853429002394,0.8721565887618095,0.8479457146332834,1.2268392849171457,1.2192818779966421,1.3700842057001201,0.9555260156427862,1.0538432820068258
Bulgaria,0.25567121889405314,0.543378922624506,1.3858867896367575,0.22239897381920434,0.9896061236945842,0.46979323600665923,1.9961408913451575,0.3136864597783541,0.6651509014965391,1.2114803072256837,1.0,0.22769117068822026,1.482923859271797,0.645515389173403,0.5673477580543903,1.077990949516989,0.46060737373039307,0.48839029196295725,0.6960148124452,0.3418471475528738,0.30281441031558204,0.13832664371765618,0.20695943056147265,0.5436082761534801,0.6922009549940548,0.5000201451434825,0.34090475944750487,0.35167943377673233,0.740846741652861,0.3533076450955028,0.17655129922635632,1.0499780390821511,0.2554871546210711,0.3775736849206585,0.4484770370594593,0.2258425721380538,0.6993617576423362,0.34019171252135594,1.5744744767190044,0.31157457428885715,0.45653229378734306,0.24659849012819474,0.9002969491241317,0.36273308411736255,0.41513904686588865,0.37961687051523857,0.3118515645029942,0.6051741569151367,0.7589026499163817,0.5610744629480591,0.22737328437103932,0.23463232824580146,0.5589091073421045,1.4436043674510546,0.2527069403951452,0.2937028732546555,0.9984707283550782,0.2961782819213784,0.35924338752475626,0.138798551243952,0.6036945087173036,0.24929369005086455,0.5352144932146662,0.24278425526840489,0.4702683079216736,0.5037293696653697,0.3596208197094066,0.48516032701530865,0.34246520426260835,0.9174557392501144,0.2906315166403993,0.2247271798109485,0.16787665671482832,0.18486267747133212,0.45379511937381367,0.31800304131988355,0.5133303053483235,0.25511204136809434,0.4828234911771127,0.14693397266774827,0.8777896581927382,0.2772804776115641,0.3859383649860344,1.517574269080475,0.24711171468928528,0.7269676769793725,0.7128014248827091,1.045656762425888,1.3209784604962675,1.3318640429276172,0.3195648730711573,0.4167968936420615,1.3191713482762333
Burkina Faso,0.3357376634241293,0.48842555479858335,1.05095756089725,0.3519283748165861,0.8855657021304653,0.47882409925861896,1.7771097072659592,0.4175519548147933,0.6389693770568614,1.02130317574937,0.22769117068822026,1.0,2.3432871627686467,0.5848371060767982,0.6288040868042885,1.1996776995089602,0.4043136955707301,0.43978038781231904,0.6728592550260052,0.24264511352418858,0.31738607088627363,0.29659076334387696,0.3404727114887733,0.6869327732006586,0.6431639234990068,0.4179893495761382,0.36464177778659135,0.31536465900669625,0.649311219815056,0.39061465400715145,0.3926567096759222,1.4364109524903423,0.25238781142537753,0.3685134839169447,0.43314786245989934,0.3495801458455534,0.785302249076412,0.3183895957723081,1.797895240569145,0.22584531125623267,0.4005590677446113,0.30397573121651084,0.8218019844669107,0.6192151312375589,0.341361802692375,0.30745107385618375,0.2800822796392026,0.6492260088145119,0.7365942015939723,0.511869407391016,0.06860341033551019,0.20290991864092128,0.7841218965705438,1.5416225855904822,0.23232055811440067,0.24435951813690784,0.9646927723139541,0.45359898786295383,0.3972474637773681,0.1996912687961683,0.5761327940904751,0.2886178884243394,0.5329604883454601,0.29892429075540905,0.38153470575080345,0.4689059658373189,0.37907727646859896,0.44225092563977786,0.3009598620967078,1.0013465727539845,0.24959181550990614,0.23241280949642892,0.20631707050015355,0.10977609457245652,0.49475715195850833,0.36331094929219454,0.4684050700118889,0.34844285237697953,0.4336585231187473,0.34825139274467054,1.0858777873989205,0.25033208673982277,0.40055004887492307,2.337014393402236,0.38015733149720526,0.7230636785447057,0.7261210862503847,1.0531583287617203,2.1957872379026693,1.8843199313890697,0.3279626328098161,0.523196687812488,1.4749446436341527
Cambodia,1.5296983199551288,1.386905646246641,1.448710831399067,1.1362384598016058,0.9169162752801036,1.4893859193124837,2.5145026885915267,1.3197833012809002,1.2993750679962273,0.8417566968969883,1.482923859271797,2.3432871627686467,1.0,1.190128197449519,1.41105787912794,1.2820700789990553,1.2345979637718696,1.1141144794654871,1.0101295610832184,1.4004793059330927,0.932926306302226,1.2945415194384622,1.3174959617213762,1.0097228594163337,1.1604898636897027,1.1343408502654726,1.279615690005481,1.169974609889112,1.3646271183893983,1.1621058097707864,1.3550621391631896,0.8468624693616493,1.2079162930568463,1.0095805435789658,0.8865399392775883,1.4221982283529366,1.329753624280888,1.3403661215172191,1.1344632332863935,1.2276912619802705,1.1591385930056044,1.2028356261357984,0.7221597447756579,0.7834283588178435,1.3008763413107274,1.4962954808187603,1.072662013823514,1.1099458582271504,0.9239316033597317,0.9633878552051552,1.482827959439906,1.45227495597071,0.6173663508191097,1.1329069251234611,1.0677122897726896,1.2296712255152726,0.7159148519821288,0.9901553353904786,1.434613291361805,1.4458268208136074,1.274571897697787,1.4182582028040756,0.9083056121828573,0.9790342338452521,1.4901715280778804,0.8792466559563218,0.7973584389474446,0.9358944491436557,1.4665338814887434,1.1088687468309235,1.5044907048693987,1.1491357411073513,1.3160272426911475,1.5138652339260812,1.8475075596363613,0.8436552462323974,1.243437400420381,1.5393127025452455,1.1771585287732846,1.3106765382356473,1.6723993415208833,1.2824340099632465,1.354483029327837,0.7473821690757558,1.493315911576042,1.2089195635772374,0.9229575578711446,0.8312570398593168,0.8477551837659283,0.8990847824585361,1.151725249707107,1.405439092295027,1.0511148515473878
Cameroon,0.7229567295244812,0.5630174999447493,1.1188967751608632,0.7492428951529585,0.71318330502259,0.6360992936787401,1.6529220395676083,0.8090897272086057,0.6267445915464476,0.8203599275952103,0.645515389173403,0.5848371060767982,1.190128197449519,1.0,2.0170399536352708,2.302172848407706,1.6530421807188969,1.6865700049578958,1.1114012696460631,1.8769245499245377,0.9653030390144254,1.4247075161880385,1.2335611075030692,1.8752250653704923,1.131572097197558,2.148756251110504,1.5112733968814318,1.610965418185585,1.1158957279401316,1.1629266159711613,1.4931103187906258,1.8864389264732895,0.9602089560064324,0.936756246721517,1.0956834361834367,1.8805854530397352,2.2429927488527714,1.2006827256305423,1.2046334232864415,1.0591251080240494,1.359218087529075,1.0281490958295558,1.4224353700822425,1.4297060988054398,0.9519782288806321,1.1826090189885352,1.0150619006692485,2.0719951206233467,1.4739129787059415,1.0963185984150412,1.2451043978980683,1.2024253330291965,1.4896746403002814,1.189780742081788,0.8714569728788861,1.5481928467750747,1.3118904238462645,1.1463509241812526,1.3911029817966767,1.177586247125956,0.9299077816485501,1.5553087973346325,0.9997828527563496,0.9645024396268059,0.7462814274254624,0.7259774152200474,1.0781203976196874,0.7978383021895704,1.4099968812823775,2.4571876920687936,1.6837799180475013,0.9533640279998061,1.1330230055515425,1.2806721591273225,1.9150126844112696,0.8438285781433464,1.032432275847426,1.266235269417002,1.5693852799590648,1.3074969884798417,1.545227503306948,1.2025503352099174,1.8561340921255487,1.4495858780063018,1.637869056966701,1.8503610789409695,0.9272979918877792,1.67999871043935,1.671860717741807,1.2900789101853576,1.1664332210510795,1.962273931001129,3.0604960321439902
Canada,0.5711204931423469,0.9051424698945191,1.5042563879088602,0.5912089356103797,1.2271849781963797,0.7359461709960572,2.2088647264934567,0.8049799559670364,0.8583719300605218,2.6721859905945164,0.5673477580543903,0.6288040868042885,1.41105787912794,2.0170399536352708,1.0,0.9025473191365138,0.4938939154204318,0.5242827879093253,0.658005186048031,0.3106710491920398,0.45828079294956964,0.3686159709461764,0.4205374153470252,0.48387948789994856,0.6361525305520486,0.5072487206790104,0.4901216349561111,0.4010951937032276,0.6134875447954425,0.5158720340641667,0.366824752353072,0.8858105885686893,0.4299148338600448,0.4798267590442247,0.45402772378608197,0.35713746418060316,0.47467268978106136,0.28491194329596614,1.1116257927333921,0.39941869163104754,0.49730366976727164,0.4632160294906242,0.6225769083235997,0.5727205181878765,0.46693434008156776,0.4096900216084102,0.40047327407222927,0.42102204164477963,0.6101810792505262,0.5331936624028,0.3354445721259933,0.342667013518632,0.7781418300030486,1.160239947261955,0.3778546469640374,0.28241585350011783,0.6984305866301361,0.5176649406732421,0.2596497289148816,0.3915273789783019,0.5280624329089341,0.27836171889152267,0.5656933751787183,0.4250421954772502,0.45037964541625747,0.5345841574320539,0.4787473922058356,0.5007571322734264,0.4017261012087328,0.6784599347488254,0.2838334063487266,0.3511934741938078,0.39410757613235275,0.34097596805376823,0.25736418626474816,0.4501390706973879,0.5337505503168272,0.44259999194601757,0.5169090128534533,0.3904580400147708,0.8945100104641814,0.4314630866264301,0.18823143219025523,1.0603320157366647,0.345703656197258,0.5396542980737271,0.720920500414516,0.7785424496408648,1.0753572848557302,0.9804245307926335,0.4186369323045894,0.43637327398178755,0.9629445750162057
Chad,1.078392811745184,1.5937372214007148,1.701370858796987,1.035796550372986,1.008132817933931,1.252605354235558,2.59483693391035,1.1996214057138173,1.0305173283504174,1.3548629694421601,1.077990949516989,1.1996776995089602,1.2820700789990553,2.302172848407706,0.9025473191365138,1.0,0.5428339130769525,0.5410195961182176,0.6195802261686798,0.7597856037440056,0.6887846369326998,0.8206701776964533,0.8953140509856301,0.8507310699489486,0.6082839246104925,0.5358807933864572,0.7668250609838071,0.7190967259776506,0.7433343142413149,0.7596453496861644,0.8788752348293188,0.726663143943203,0.7542131110559464,0.7634945690016329,0.826239635267251,0.7915359382401884,0.6114648969547397,1.0009702462040762,0.7406851090300145,0.7499150817270982,0.6049618298304034,0.7947928088008909,0.6106857089306039,0.830128940393273,0.6924991842822094,0.8018112880301793,0.8013588651453898,0.6250916217380826,0.5277024425020302,0.5512579732974274,0.793408164688989,0.8561619647743711,0.7657213626131822,1.018801287731296,0.8233935653768008,0.844636285940656,0.5961179623085482,0.8957832355885045,1.0222930207950467,0.8109104655978171,1.0440738888269832,0.826249527504154,0.8151522936141413,0.8362301580241297,0.8675313997055932,0.6408066061343427,0.7166783722227651,0.5664634722227372,0.864936281864487,0.4479911335356986,0.8509184973470659,0.8566481297815761,0.7796058768714904,0.780771750266586,1.0556623773965,0.7768723151243394,0.5640778779705419,0.9255554531987534,0.5661221932703245,0.8669426803384306,0.984321978490834,0.6855394557485999,0.8788267873729981,0.5784477474548282,0.81943310753926,0.5810300038075077,0.6794800715522054,0.55801716571629,0.7078319475845755,0.8109349655586592,0.8333579268078921,0.6978056374357275,0.5694865583410273
Chile,0.5186425883024611,0.6486070847683161,0.9981530593968667,0.5503823463793115,0.49041679976888025,0.5161933833946056,1.650542249503658,0.5891069684787048,0.48329685146164103,0.7821752248045789,0.46060737373039307,0.4043136955707301,1.2345979637718696,1.6530421807188969,0.4938939154204318,0.5428339130769525,1.0,0.19652078475773593,0.5622273320679867,0.7078944987453153,0.4239148270549666,0.864482878037766,0.9629376308915483,1.4880863426594628,0.4906194195713489,0.3197270859686217,0.6581061613272726,0.7913430394845052,0.7042938188432235,0.5131591356473248,1.0827672490260143,1.2905193549577962,0.44097903913834474,0.4401336831729167,0.7004186451173243,0.9561242006372924,0.8256611991263889,0.8311996100366982,1.6643321580891783,0.38105645119163606,0.3074973247341138,0.5666889016554832,0.7047427019420721,1.1792453554953584,0.3210259751817321,0.49666915488728003,0.49871791494762774,0.7423284081598481,0.5834233206275037,0.37757051407860764,0.6371505720473303,0.8494081938034678,1.0446879147677617,1.34934615825379,0.5711465585987902,0.9134603041785406,0.7135461257628333,0.9490222094073848,1.1467032132745925,0.6349652056031474,0.9217197832306869,1.0326956178083309,0.6367239614163767,0.7004843626508879,0.5571040316149031,0.4250218722578322,0.45808462115894666,0.3388916016680029,0.7043881763274814,0.7430133108786571,0.8451404126731024,0.639854233924603,0.5334948212581822,0.5664043557480182,1.1861334333658469,0.6501520509502168,0.3132579964589826,0.8507966815820908,0.27030530295421173,0.9398979397891174,1.9137238685246776,0.3702590311301461,1.1297079947133386,1.1737539126929821,1.0600104090321265,0.5879507409507991,0.6236591787344469,0.6864558568895407,1.2965659345461682,1.6632636422314193,0.9553711264178427,0.8267576984422047,1.3664276634343582
China,0.5446493168766786,0.6897359710191213,0.9213085665728005,0.5697086274261751,0.5407477868923504,0.5553076953218716,1.8589750587662155,0.6062535753507483,0.5047101137944447,0.8796230156167947,0.48839029196295725,0.43978038781231904,1.1141144794654871,1.6865700049578958,0.5242827879093253,0.5410195961182176,0.19652078475773593,1.0,0.568197084253181,0.6941365261904799,0.5023376897328694,0.9251670603513182,1.0305004557375919,1.3441362561216679,0.5160151201918906,0.31947557283521966,0.7277320414979929,0.7943784133378855,0.685465288089514,0.6117709775847893,1.1357073214277,1.0950892079431858,0.5148524789204464,0.515302860615263,0.6459705102039167,0.979840953436498,0.8296686467370863,0.8769985691295994,1.381116863532504,0.3914820680674695,0.2171618217196503,0.6464266208091298,0.6965224166657685,1.204606052010452,0.2982917438984874,0.528231988231815,0.5202000594719406,0.7519620802482695,0.5944813204223219,0.4371823758624509,0.6709372090094176,0.872894100944365,1.0179415823243922,1.2673177954591652,0.6275056353163364,0.8946870631284604,0.7201748333960495,1.022619390065898,1.1697958421695578,0.7112088476194475,0.9944624277421418,1.0276441359220425,0.6931541945888365,0.7624232832474297,0.574277614846536,0.45683532203803495,0.5053228813826919,0.38849944843839535,0.7000275491110235,0.7141111476892781,0.8472424218175142,0.7049963400254556,0.6133948331937265,0.6242838218120798,1.2027851288541007,0.7075093896595867,0.2941348436208882,0.9263298554646688,0.2168485257543417,1.0083760922709024,1.7671442141850813,0.45818854544301646,1.0979288127878692,1.0167456761985914,1.0731616924032696,0.6124854979034664,0.5955623862400475,0.6948421911633091,1.1220646343201153,1.453011326516512,0.9387976068607566,0.8468525497751107,1.1718840994787298
Colombia,0.741774430955567,0.8307172075459529,1.0785802490997594,0.7525708626880031,0.5882738260421281,0.5589998209010357,1.3046452307625969,0.8064675352531595,0.4251142197865353,0.8636738622985637,0.6960148124452,0.6728592550260052,1.0101295610832184,1.1114012696460631,0.658005186048031,0.6195802261686798,0.5622273320679867,0.568197084253181,1.0,1.0380331913323804,0.8142749480840019,1.1108525684948691,1.225240739533911,1.662155757649202,0.6807929210296979,0.9581400557626161,1.0121896424070251,1.011265944121182,1.1946632069884766,0.9935805989066654,1.2693126506706112,1.5168250247211343,0.881011433041933,0.8510767700777857,1.0589453686156953,1.0843078192773314,0.9130215800733388,1.1732125339317132,1.5002528534369755,0.8297328951184246,0.7760703660504423,0.9893452970787172,1.0288149418076646,1.5216454532806405,0.7347541361906138,0.8806165194226325,0.888601828811702,0.8172185940714157,0.523689075176036,0.7274119916941433,1.015348275354232,1.1257186670877417,1.4477223922788238,1.2593512958234527,0.9311439173135905,1.1870686329079823,0.9272884424056693,1.2760828588107498,1.4080539433906964,1.0114623707620969,1.2830887320493802,1.1919655955930495,0.946087233268426,1.0464114088354413,0.8986886412807648,0.5521296210753567,0.7971283112393267,0.5253621646756854,1.0845259275365913,1.5552977041134086,1.1216663598874461,1.0018923727256321,0.9512234111042249,0.9584657868031468,1.3856789496116602,0.9622253942007707,0.5231606477755836,1.1519810115628266,0.7359164267885133,1.2091346764670683,1.6310608312075743,0.8836858249384313,1.3233586489226103,2.1137347188894777,1.179342395618476,0.7350128526540118,0.6523732727869603,1.3877937612940716,2.448706627416509,1.9475152338242494,1.155009608680436,0.8808039375063458,2.465811536214108
Costa Rica,0.4161963207785125,0.6592753793254715,1.0239018132276563,0.4476199052527941,0.8381773231779737,0.4648097110997344,1.833044901995765,0.541089994862939,0.6312272505588153,0.9800595083997939,0.3418471475528738,0.24264511352418858,1.4004793059330927,1.8769245499245377,0.3106710491920398,0.7597856037440056,0.7078944987453153,0.6941365261904799,1.0380331913323804,1.0,0.3819078231693966,0.3806729445687147,0.4324055175974434,0.7032262120547268,0.6048512022897644,0.38541524432118596,0.4104083832757483,0.3490362945354883,0.5295397240283759,0.44327202703058655,0.4675911023189611,1.5824059490699887,0.34439313443841124,0.41024371601013837,0.4029318491366145,0.36291881885142074,0.7584079944674162,0.3272079150582654,1.6362557582208428,0.2677443766346868,0.37583300954890037,0.39126780818053686,0.5836810970300996,0.7043169607202648,0.3575792097631318,0.2875019961297417,0.3142135925033482,0.5488051095698682,0.7046251753739181,0.5050562762163542,0.22385713067069157,0.3297648145000278,0.8170658419942767,1.3756981671671342,0.3354321033935601,0.25083922706160744,0.7289934803566265,0.5495896989692381,0.45476131141628545,0.3157938229154166,0.6298282784516352,0.34878009085600364,0.518727540339388,0.4092989336656688,0.3779420082166007,0.4683231031166667,0.40377530771350306,0.44533559283231794,0.2911694266823922,0.9834628656752501,0.1733518645630972,0.3333609214312001,0.30519852318025653,0.220085909884887,0.4284639222056169,0.4558877985283261,0.4548675149405591,0.4217312364848066,0.40857227927576784,0.44327258110280826,1.1338924357864513,0.3192612331352411,0.3328629553378385,1.9097885844743354,0.41781714945222376,0.6746569913596846,0.7066574787913659,0.9074425863875729,2.011649711665633,1.9774492018049261,0.43452010973991373,0.48817529019798633,1.4106894812024149
Croatia,0.378911309337891,0.37555936514260063,1.0165188949010815,0.400953939799941,0.6418288237063403,0.5103664763611582,1.421806311335408,0.42080137883056223,0.577459978382278,0.7416836744805512,0.30281441031558204,0.31738607088627363,0.932926306302226,0.9653030390144254,0.45828079294956964,0.6887846369326998,0.4239148270549666,0.5023376897328694,0.8142749480840019,0.3819078231693966,1.0,0.6229188363565042,0.544275384204723,0.9786464332988608,0.8351709865513717,0.7850067354606113,0.7424610782884986,1.0337056549479802,1.311376511916752,0.34623314995209625,0.6985762540141702,1.8609070862646069,0.21953829228154595,0.38783657792447035,0.5689903500614997,0.7911306842730127,1.322022813385237,0.5640311085699822,4.255547767198514,0.36033220268175326,0.5401806602397232,0.27887405497766854,1.5905779293304831,0.725206160111848,0.46543181674884243,0.4951154186852746,0.3712395056011305,1.3017136740512052,0.997149272177901,0.5970465800145329,0.550084271133708,0.6401108313131483,0.7809838344872891,1.8554038656427814,0.3217689208157965,0.6878382744140823,1.4283096638601067,0.4962027651709908,0.7623082842875621,0.39329579351455557,0.743391355805827,0.8043434995368565,0.5914234511382344,0.3506292690743476,0.5622122601958646,0.46502652254603394,0.3497497804274277,0.4247879941453466,0.5867159255810435,1.6440000273583701,0.711969505950168,0.35137952765172226,0.28880911760234135,0.445078105421562,0.9715351046651308,0.33890863031314183,0.5634193827844052,0.5517330306885212,0.5924951769008012,0.6037807172343558,1.6093702474574547,0.30909215116109956,0.9112841459298422,3.2046021873587525,0.8551796079095801,0.9898813217402954,0.7860263122954128,2.653613806091466,2.6133266243712603,1.6507452960852276,0.69291007110859,1.1780869947925183,3.502090969246077
Czech Republic,0.32737028445523586,0.5635912029813696,1.461346535373815,0.2850024271594149,1.0022601644336564,0.48828172625197797,2.2459764527448094,0.4182781357840602,0.6719527824718416,1.2358978538967806,0.13832664371765618,0.29659076334387696,1.2945415194384622,1.4247075161880385,0.3686159709461764,0.8206701776964533,0.864482878037766,0.9251670603513182,1.1108525684948691,0.3806729445687147,0.6229188363565042,1.0,0.26621371369567914,0.5184496771018668,0.6952498630672511,0.5113986852428074,0.39474182091338,0.3562002167256172,0.7350804437740746,0.3936734920512222,0.18745967968315377,0.9312317690441415,0.2970553267918339,0.3933375352703376,0.4561563442287323,0.24059265517545084,0.6675512802192833,0.345627817955383,1.5237094484857232,0.3311015362040845,0.46987225083182727,0.2937884944886717,0.8796993064783384,0.3588752077975384,0.42644482946789725,0.37836284979675006,0.3336114762046431,0.6078001767997177,0.7434306671882059,0.5706977709844976,0.2359902091176558,0.25995080070251075,0.5198363896709907,1.3271925873169046,0.27305423312222854,0.3015521964758494,0.9930445196096935,0.34418236731819984,0.3574302465278727,0.18687961316892307,0.5724051487720614,0.2655790601831337,0.5277771582697534,0.2829572070592674,0.4760476644978453,0.5067409668212582,0.3742377844302844,0.49537062558329864,0.3487531514510255,0.8878768267283724,0.3054183656992884,0.2440123694907109,0.22589902048178562,0.21380104635219763,0.4367036163638701,0.34530468227651046,0.5210058231403495,0.3137898963141262,0.4927472222063912,0.15153815359916717,0.8574113882667357,0.31676351130908287,0.37149844454436454,1.3550569920549795,0.29101503945684687,0.7182351453106862,0.6957972338413523,1.0407219917730726,1.2517609761030928,1.2336950062396568,0.36773647524048475,0.4340846376523618,1.2920889175739854
