Country Name,Albania,Angola,Australia,Austria,Azerbaijan,Bangladesh,Belarus,Belgium,Bolivia,Brazil,Bulgaria,Burkina Faso,Cambodia,Cameroon,Canada,Chad,Chile,China,Colombia,Costa Rica,Croatia,Czech Republic,Denmark,Dominican Republic,Ecuador,"Egypt, Arab Rep.",El Salvador,Estonia,Finland,France,Germany,Ghana,Greece,Guatemala,Honduras,Hungary,India,Indonesia,"Iran, Islamic Rep.",Ireland,Israel,Italy,Jamaica,Japan,Jordan,Kazakhstan,Kenya,"Korea, Rep.",Kuwait,Kyrgyz Republic,Latvia,Lithuania,Madagascar,Mali,Mexico,Moldova,Mongolia,Morocco,Nepal,Netherlands,New Zealand,Nicaragua,Nigeria,North Macedonia,Norway,Oman,Pakistan,Panama,Paraguay,Peru,Philippines,Poland,Portugal,Romania,Russian Federation,Rwanda,Saudi Arabia,Senegal,Singapore,Slovak Republic,South Africa,Spain,Sri Lanka,Sweden,Switzerland,Tanzania,Thailand,Tunisia,Uganda,Ukraine,United Kingdom,United States,Uruguay
Albania,1.0,1.778664369484588,1.1621488221795224,0.4544628708311944,1.201693940608922,0.8139963162411928,1.359581189464672,0.5935743516840953,1.118180124006602,1.5945036019562187,0.4300390961296702,0.6578730414083895,1.1874657277463225,1.5019543622643667,1.860032573540279,1.1169704262371434,1.5894791782708273,1.5484332633002378,1.268967093664535,1.838034719672005,0.7638085793829257,0.5245336440615816,0.5410185212669961,1.8178968135043463,1.4391565315130785,1.5704372483239357,0.7097260059186097,0.6974212345690105,1.5329899226514692,0.8044295547638858,0.41842963947362677,1.7276626201539635,0.7436049742506122,1.701575334629356,1.7310330999897299,0.5226900595996137,0.8452919623543047,1.8688126905506715,1.1775369924004502,0.9062500500583024,1.6142566549803101,0.7113192648912974,1.5980319420966653,0.5904808531836532,1.6071772613909618,1.7599094684619667,1.8040582479494771,0.8341745962537431,1.1687205820747402,1.418900177993243,0.6539412241314851,0.5795251096754636,0.7198180388302182,1.5828863545304916,0.7262365611069967,1.8895599575921742,1.4650867040606579,0.531415465477683,1.91004030298076,0.578828357001752,1.717443499421678,0.514209589124583,1.6715035671881537,0.635418276665604,1.6903880967775287,1.5779787943257129,1.7736667403193143,1.5284767245996316,1.784116658761647,0.9624716650458363,1.861432462060872,0.6522894529054442,0.5935047768516076,0.6156996420916238,1.8697629197699122,0.6613459941912382,1.4512083425837052,0.5179067937419448,1.6079093969907476,0.4594222750208754,1.055953412669399,0.8053702470316377,1.8678691681430042,1.079765356663087,0.4679676685810571,1.0120428168716562,1.162070773420639,1.234328269083432,1.1011024883740372,1.7101376612202683,0.5177111961313497,0.6320792921084462,1.2090997218421258
Angola,1.778664369484588,1.0,1.593762019382754,1.7702643322724012,1.146789693908083,1.5067053181843695,1.3580482725949294,1.7316888202382632,1.2884968025645112,1.5561907457588586,1.847577256141283,1.8770146414294482,1.6181136717389115,0.7444900103120354,0.8683592617410959,1.414047628111793,0.9123731722922059,0.9895657313652402,1.1034844493974196,0.7489904899726979,1.8996616956907726,1.8520789291359399,1.7984596455631812,1.0606890451996462,0.7611101852750337,0.9303576193120211,1.7645006794766513,1.7254110168452237,0.7518040141324787,1.765345202064185,1.8221395282653803,1.2161161932873166,1.848541018254405,0.828597982283055,0.8294650835147661,1.7524477261360163,1.5405765241596632,0.5043675993041291,1.3759796378889206,1.876128249176222,0.8240483572144006,1.821251066200043,1.1232261488816284,1.786363232626078,0.8066567865576968,0.44811282834967153,0.7087322225078003,1.5316795150873395,1.1713957079043313,0.9358962848843785,1.8698164917304658,1.8448232587685993,1.7198072667468993,1.4277244906364122,1.894308387285457,0.8510218227416393,1.3800252075948392,1.7963157590414272,0.7137718093068163,1.8460413944339646,0.6523877784572278,1.783691205467094,0.555311508370502,1.8290517607533576,0.46888772827681896,0.689606175932797,0.7982903609363179,0.7196473671843859,0.8604107033233113,1.3864767918016292,0.7653631244476601,1.9226693404731747,1.8874686858204461,1.9138626732498083,0.7312912292413837,1.8664924388091613,0.8509796511205001,1.8411175270643312,0.8730716902807927,1.8566727630446132,1.581506026098321,1.8518875217396102,0.8481694605655955,1.3076544503989076,1.7366633945186825,1.4179320604765093,1.2344736358804542,1.13986510009569,1.4377960229019495,1.2269964301477418,1.7357390345293935,1.5993539023486103,1.529747892937445
Australia,1.1621488221795224,1.593762019382754,1.0,1.1977680902098362,1.5629193762133764,1.2992903242278133,1.3888037921975298,1.139966968557763,1.5330465429095488,1.480354102906339,1.1776427054585525,1.043620605455196,1.585790770517969,1.6067576864370208,1.6659005508252953,1.5921627550597182,1.6708168723620047,1.7653550489781171,1.5848408886736542,1.7144701374976357,1.1379178509939814,1.2308770933698663,1.0014619174449928,1.8045465884639627,1.5452067364215507,1.6560033724364613,1.3277181867640406,1.2404305228265746,1.5339426429002512,1.1934532764080186,1.1798613963245401,1.4344951345398553,1.0092452525590596,1.6721966024249593,1.8683574757178487,1.1050081580681794,1.3887300775107774,1.7181841040997567,1.533066984858668,0.8984462025485613,1.8113596768347346,1.0708213925302525,1.4059162978313737,1.2677484564570474,1.7692788279483833,1.7283156716676702,1.8122327123470257,1.2934626576405737,1.4743899494210102,1.5112282757041646,1.0872400128094166,1.073042115276752,1.3082350918785912,1.1950737455266816,1.0157906233520282,1.751039154159259,1.4114940112090326,1.0780785885946378,1.6593919522498246,1.1138519119734742,1.6169916631723904,1.0429239613392793,1.5803891444231142,0.9770581268247486,1.694996400293142,1.5956554481742617,1.7127018651657564,1.5766312948385475,1.8187329645311345,1.4175089710422188,1.7515666570976782,1.0401941891995614,1.089893816343796,1.1370323163939084,1.6814044663430616,1.0026864006987994,1.684959924155799,1.110706447828332,1.733400376868295,1.2196915542822142,1.126575374031285,1.1371742261165656,1.7160701485748644,1.223693197596929,1.1439751140604135,1.4290865604052267,1.735822476179491,1.26816092895499,1.187410040967271,1.7841465088480748,0.9669512855974944,1.2761824235454078,1.5785375388368066
Austria,0.4544628708311944,1.7702643322724012,1.1977680902098362,1.0,1.177784030262022,0.8356923284046048,1.3199929339241554,0.3280562285058436,1.0554354428103756,1.436133750822468,0.3601220574324984,0.6616252223947631,0.9464815367165896,1.4648284948492716,1.8436162305699646,1.0459658162318448,1.522352706949799,1.4708172828890815,1.242872535472476,1.8160285688852102,0.7745918839739947,0.4414188788141349,0.3208893790581121,1.8304044507441246,1.3572148906524657,1.5259527219006122,0.7054729395840706,0.6546929911981418,1.4456892330726065,0.7773268345265191,0.24956379583118257,1.7654207418959245,0.7199167566174629,1.7085200914137388,1.680958869563446,0.5233982265392876,0.7365014036934918,1.8637147406458767,1.1303169649434393,0.924448792583934,1.5525249009489899,0.5922679693759922,1.5263558667636796,0.3878726939366816,1.5921284744158515,1.7270821051504053,1.7847981239346469,0.8491427057212324,1.097551144471249,1.4691697950434293,0.6455513632582032,0.4670210050139735,0.7001316345395996,1.4171058627970843,0.6762565332945691,1.8839504827832945,1.427374604989477,0.30566200858784776,1.9285878331841269,0.4998052091480693,1.7704516623668805,0.47283342182244203,1.6787391990316534,0.5191083092631277,1.6715523967843655,1.5601264635905836,1.7437025818520338,1.520757207775236,1.7768356405939636,0.9122723266548078,1.866015197301969,0.5916142731473691,0.5767357457936603,0.6238361461780203,1.8688353419469281,0.6395356344478883,1.4105206273554236,0.4483532501931771,1.5002579796283304,0.3151368173134337,0.8865101054036431,0.8192801348653483,1.8786630983944155,0.9306404975977773,0.4437526687950633,0.972215533645688,1.2005704060941051,1.1115545299421827,1.0241252894052386,1.7513969349488705,0.5706322170535062,0.6526668393517729,1.1424270164464643
Azerbaijan,1.201693940608922,1.146789693908083,1.5629193762133764,1.177784030262022,1.0,1.1054626488264392,1.4372095557793194,1.2496991284447503,0.8301966336569798,1.3912363672030235,1.3744401505203259,1.5870842993431042,1.047205326185303,1.0080200831625183,1.5043334296040909,0.7008412144556952,0.710364920909861,0.6496408830297117,0.9079962897137336,1.1525405668981223,1.5571904603435953,1.3624285405243477,1.333332517323169,1.5160353797910626,0.8755931925497981,0.6283428002130871,1.5179083276276146,1.4433745920740975,0.8022233055572897,1.5200118980188082,1.235841263780979,1.74781515045122,1.5840429327174372,1.1143319689463187,1.1140569306851749,1.3546783812568497,0.9815736916916098,1.3180371145820353,0.7331871641174643,1.7306200496150241,0.7479502895008805,1.4966483068422598,1.133103445815265,1.1593916120179388,0.778638447851937,0.9983507779505201,1.1151244052582858,1.23575805223229,0.9445550838819835,0.9209109176121948,1.5641471922727384,1.4220594572208627,1.1363106641588359,1.4793597097020736,1.5300747889615993,1.3315263727674826,1.1719283387000854,1.2345825064090556,1.5044110577176202,1.4888921967418964,1.3627168998156092,1.3547257140977054,1.1955074571481386,1.4141998430224587,0.9978003511494371,1.0112812970325238,1.2008419651712359,0.9125339670896089,1.097675623793567,0.5263328916992153,1.2736634160586435,1.4897571813924124,1.536666849503669,1.5764208659366108,1.4395008034959758,1.390098191935117,0.6258554414831506,1.3707369881851128,0.7389906626818654,1.2875045776905285,1.3236756235233653,1.6649517421959388,1.4230039599916868,0.7483071760283133,1.2765756431571307,0.8948651872767506,0.8710330659016665,0.7223864762151464,0.9625685924065014,1.679013453341971,1.3564384027113148,1.26430210787246,0.8203110409966677
Bangladesh,0.8139963162411928,1.5067053181843695,1.2992903242278133,0.8356923284046048,1.1054626488264392,1.0,1.433898171245152,0.9590369072222369,0.6425771082921604,1.7769096177268418,0.8520695033903926,1.0085540490035747,1.295862180709647,1.099443551812965,1.790250178295245,1.1403426221719302,1.3354995501583955,1.3049277269675355,0.8613030210497,1.765117511701091,1.3160884336447776,0.8399427817898191,0.884804706253589,1.7795988773698441,1.053483863378693,1.4452109780191118,0.9592644933118236,0.7133982446338683,1.415263673308492,1.1937913347919862,0.7914046442698367,1.7548558585414722,1.2270938863641867,1.4085425731989734,1.503672889260409,0.6846681863011695,0.5463228380544373,1.655788938481607,1.34550835007051,1.294698550245217,1.349501704956309,1.1534385468024324,1.718170248344291,0.9777866054023103,1.3294414415051643,1.5363976545625972,1.5393327633875016,0.5116834393794697,0.7389851276125114,1.0724522940865142,0.9839950863882312,0.899085394938475,1.0579261981312444,1.5483464026969092,1.226953027352643,1.765693656791106,1.7242938039490026,1.0163700496751293,1.7562185566749176,0.9870603078341593,1.5001091762344225,0.7475666857690545,1.3814564385715038,1.1424511412290796,1.3900646460164299,1.14302773725732,1.458864835944875,1.0562140596963783,1.6759019018153891,0.8768591303845606,1.7947657644514086,1.157454192814431,1.0664602125982132,1.0179447720186243,1.7914729537161844,1.2609560649168652,1.1056893061063917,0.9290242105098758,1.3310927636055234,0.8709937151188177,0.9653470165142314,1.1960233169016008,1.8101375223343832,1.1201487206525107,0.7029017985124641,0.5983148637024444,0.83573372012837,1.1266317523381137,1.0621719366632567,1.6634626931434429,0.8790290224712412,0.4702374024636405,1.3306944113819652
Belarus,1.359581189464672,1.3580482725949294,1.3888037921975298,1.3199929339241554,1.4372095557793194,1.433898171245152,1.0,1.221258674806822,1.5039936573588486,1.3223450561946823,1.361605228849913,1.3120007479978537,1.475905500937585,1.3597476163824789,1.2317518411533883,1.4583435869559243,1.5382543206378223,1.522335676931072,1.2115339795037803,1.3741127380082394,1.2780751157531207,1.424065190388964,1.3616072826508474,1.2242311129979735,1.3628754359560615,1.5247014483122399,1.2063907524018953,1.2403597527155168,1.3009041386232414,1.1590430017552702,1.4086034579228648,0.927355820821971,1.2650359156207005,1.382267488291626,1.239414917022077,1.4187548295897925,1.4805094634911435,1.307649006913489,1.347625350052116,1.3530702795479164,1.4198521002512956,1.2421599564669843,1.404287389433377,1.495888382285983,1.464540330720733,1.3136633811471805,1.3792042682145589,1.3727941467037572,1.3680448560316072,1.5064751338004267,1.3123302201615343,1.316276734055579,1.4712419283058085,1.2426142960519406,1.338643471962313,1.3618096581387409,1.3164955028817114,1.2987229270046732,1.3932960087385176,1.2898252358631332,1.2912105960773814,1.396313002408961,1.1272570946761968,1.3088307066603886,1.3401708416918068,1.4355909409336054,1.4583174578864118,1.3978576977411599,1.3858222006996217,1.4553862973676728,1.3661512204839035,1.3982458071727726,1.2964664568652664,1.3415812224017638,1.2925543855682846,1.3610181605348637,1.4042572140210914,1.331226611958931,1.469381995130359,1.384941976184612,1.4355526166975556,1.2017107844313404,1.2852344862009217,1.3919035239254827,1.400889042634366,1.427504508779991,1.3709069218941456,1.4799138125115747,1.5966337893702414,1.1648073869454514,1.2297517351930087,1.3454985045400554,1.4819938562860684
Belgium,0.5935743516840953,1.7316888202382632,1.139966968557763,0.3280562285058436,1.2496991284447503,0.9590369072222369,1.221258674806822,1.0,1.212071706274156,1.4497358147042367,0.438925407695908,0.6918263732198164,1.0135696563318832,1.4686979156900992,1.7617776633814959,1.188558994010698,1.5993657140500253,1.5579832674208227,1.3314331893227196,1.784048068456349,0.7178542158880427,0.5557312564916801,0.34980508041762975,1.8245347732995858,1.3490013789103832,1.587337440659699,0.718266598563624,0.7104758425815841,1.393957726804847,0.6526861161049433,0.45518360899708143,1.6878396476943105,0.6243860787248748,1.7758675504100674,1.697290138830619,0.5631249975018108,0.9131796328306833,1.818402188494961,1.1769558817176504,0.8507135063170205,1.609372453084101,0.4532290836199953,1.4475063371824342,0.5188778501377802,1.6667991320513333,1.7127990008750604,1.8203236139375696,0.9621690086647664,1.181822673389842,1.5428432183802898,0.673016702283027,0.5605341579638615,0.6998485043803312,1.3923824346030267,0.6238606232703783,1.868468454836208,1.3613430910761921,0.30526059300798747,1.8783030466360864,0.4521804804623035,1.7285056466603774,0.5937898453078795,1.6478350647970657,0.4321618842876579,1.6523573941415497,1.6077734680668432,1.8117326494612394,1.5717577386965969,1.7907148038138967,1.0405056630665497,1.8423824263284008,0.6108631611313131,0.5471032059507126,0.6677240112854635,1.8053623788894289,0.6203614735117762,1.4845548236830424,0.5880438385717048,1.562253573526337,0.47933203744588326,0.8391318779409236,0.7256405222699557,1.8346718730595801,0.9304190918036448,0.534362683482204,1.1590750677529498,1.273978395298059,1.1427478201022525,1.0547400075326394,1.7196361132507427,0.545764033604065,0.7268274180474146,1.2747479710468503
Bolivia,1.118180124006602,1.2884968025645112,1.5330465429095488,1.0554354428103756,0.8301966336569798,0.6425771082921604,1.5039936573588486,1.212071706274156,1.0,1.6095901467552218,1.1830184442250593,1.3323273341075466,1.161075593507331,0.9740348665713805,1.7141295801814518,0.8053422514881184,0.8839337283992577,0.8441425845918851,0.5937512537868577,1.526230397689697,1.5923731373807988,1.1382135629969525,1.2024419043287877,1.5929882180199024,0.783175984243995,1.0535641401854319,1.2741735879574605,1.0602325265691337,1.2100992846525258,1.522052813428182,1.06242925060402,1.7979440046027884,1.5314542110361753,1.1010194079490117,1.2171815974528708,1.097866850335624,0.479941255755189,1.4806157745260773,1.144923220910805,1.621052198755971,0.9387913871662567,1.4600066201522994,1.5667541496111204,1.1233752630831104,0.9381157399053744,1.224364887128965,1.2205431292425033,0.7170264375093718,0.4301623583447073,0.830995586148205,1.3095422421893428,1.1715202852060012,1.2869078459928085,1.502023370609215,1.4842886599571845,1.5696816317452045,1.6046815137177228,1.2565911020774467,1.6433539268406436,1.3297044062152479,1.4431766944436502,1.0481143940667006,1.2011230560149004,1.4035898884844404,1.1810734125850353,0.8249315018418716,1.106799679793027,0.7529773515887862,1.3821881271828318,0.6494303602748754,1.56846575994735,1.4027667058000743,1.402876806000468,1.346235648696483,1.6638512726548722,1.4501316684114887,0.6524452304221113,1.2240761329418868,0.8633024714803813,1.1251676624487723,1.205628632628577,1.5429959487017575,1.667654909432834,1.0696260416957646,1.032234132907615,0.3808612731882928,0.7665656483317095,0.8916142786614137,1.0093972644517188,1.6335741050279973,1.21519318096845,0.8605885069248085,1.0438498083129784
Brazil,1.5945036019562187,1.5561907457588586,1.480354102906339,1.436133750822468,1.3912363672030235,1.7769096177268418,1.3223450561946823,1.4497358147042367,1.6095901467552218,1.0,1.527191508817755,1.526756367891332,0.9709091019414707,1.686616039913919,1.3221645087874734,1.236624663822082,1.2980723604457047,1.2778486283713388,1.5966885753016327,1.1580383602472826,1.3262467439539811,1.513227456299437,1.475268275701175,1.2246588990568894,1.6350367902924583,1.1966587456629818,1.6121207194200202,1.6601955909704205,1.3706987069878476,1.4837864266982055,1.4852041110317105,1.391984331626386,1.4150785353437185,1.4409940279768707,1.335532647069895,1.6839739217130232,1.5722553556179362,1.4497557246543975,1.1210378467421644,1.4770489814315688,1.3449870219793068,1.411842318897476,1.0216768579772766,1.378677666452438,1.4267352188287337,1.4016832324761472,1.3572420523146138,1.7402258767652032,1.6428953179942343,1.6831969986194122,1.5364706308255573,1.4617792047196436,1.4623554756037962,0.9844185860907713,1.3482127216616875,1.1991962304251176,0.9356569592393694,1.370657208076732,1.4350711100423317,1.5126344744796347,1.6770214804127024,1.5833582869598122,1.6299332972831162,1.373152245798942,1.556175282211654,1.6187907111508142,1.3851225484103455,1.666097328117248,1.2276971512899417,1.442679299933037,1.231568120404121,1.3343760430561498,1.473069685280619,1.5088806858180779,1.3563667426327501,1.2480539861724425,1.4952920373723384,1.4436166444574896,1.2718293832635745,1.430184728459347,1.53345348463573,1.506050168690386,1.257739088206176,1.3591743895653798,1.619230988011457,1.583212998759785,1.7066923485433354,1.3870944876384184,1.420713562384225,1.501370667708117,1.59613975526799,1.7732561895627847,1.0181202924442554
Bulgaria,0.4300390961296702,1.847577256141283,1.1776427054585525,0.3601220574324984,1.3744401505203259,0.8520695033903926,1.361605228849913,0.438925407695908,1.1830184442250593,1.527191508817755,1.0,0.44689711329885595,1.0795320039843848,1.5687910959024112,1.8610807375612954,1.1932682457979191,1.672189190203888,1.6206637208348098,1.351839895822696,1.8956457882236308,0.6446509565367179,0.2261389217957172,0.3480428514290151,1.8339927599178416,1.4761550182872858,1.6796118818224868,0.5663600132229188,0.5477182952141791,1.6137485574449368,0.6803666952044405,0.26311874727021095,1.7275637295469761,0.5584904481669986,1.809490632486256,1.76793285500312,0.3758741430934727,0.8423000158674555,1.9074578841919356,1.2958173729508313,0.7318756824645153,1.6805098866233037,0.492310571468346,1.620293796454459,0.48240152308575857,1.7232371168007157,1.834363343924434,1.8712106476977175,0.8353484791560951,1.2044987387555601,1.5571999302532609,0.4360968263964832,0.393886321915057,0.7282154284014667,1.5156025890243718,0.5269769085980834,1.9276917363576336,1.5062711539643807,0.46324282956747287,1.9302124196237755,0.2686721554314907,1.8002214335441549,0.39713680557676917,1.7593034282088271,0.4672703028017188,1.7638081886356778,1.6533341066201168,1.8314841728384763,1.6272719530121478,1.872757556780449,1.1059079847822018,1.92853494203709,0.43975171107001104,0.34042387046188544,0.3642467909258228,1.8968121408708176,0.5948184740525329,1.5590272612988658,0.41738146450081826,1.6533876623461699,0.22639284438200177,0.951982258333401,0.6014425268706199,1.9072452248402954,1.1522602744571457,0.37991861518215825,1.1116088391308385,1.2532637257507018,1.3230859015291407,1.1232145588671634,1.678909739787152,0.5327935296002188,0.6014956374570062,1.281251138967685
Burkina Faso,0.6578730414083895,1.8770146414294482,1.043620605455196,0.6616252223947631,1.5870842993431042,1.0085540490035747,1.3120007479978537,0.6918263732198164,1.3323273341075466,1.526756367891332,0.44689711329885595,1.0,1.3228186236434272,1.7052103431368186,1.8702106279369741,1.3783101996420914,1.7891585288994718,1.7713500049807145,1.446147692594709,1.9577894102833822,0.6965503608232161,0.4926210355892086,0.5602364864306563,1.8195681635970506,1.599754153742215,1.8231189119208357,0.6228336494816428,0.4802259662656232,1.7738881665473416,0.7894138773398492,0.5796308095644113,1.5774999602281994,0.5508758158119275,1.8235613560990525,1.8442272665700772,0.5531941977062165,1.0011661538100258,1.9296183572437684,1.4425747478035595,0.49151120192513564,1.8123255477718756,0.6242457121528954,1.7333007816311925,0.8319956077300621,1.8478332738529493,1.9036143419419798,1.9096411991104045,0.8810637736373718,1.2876728483556295,1.6334076571884595,0.12541325933990133,0.3296548487116166,1.0392587647317326,1.4545688424761816,0.46894536251657726,1.9609012239153196,1.5893886561152768,0.7107984347787746,1.9243357133573107,0.3871509502551466,1.82201058219299,0.4291368170619379,1.7531714403778043,0.5630484476247365,1.8696473782467722,1.7146520496432258,1.8217231777368312,1.6928574036022461,1.9189748187473783,1.3032847544213406,1.9562225200300878,0.4460662567319845,0.4214965978879725,0.21144190615198916,1.8925057122511209,0.6768832445862106,1.6997208458341493,0.570613936654505,1.779034942966363,0.5501255519880844,1.1145139772289456,0.5465637022326049,1.9221671045686697,1.3652059952253588,0.5556377716421654,1.2254349423272786,1.46485732055544,1.478030028992409,1.33187397543143,1.6219521920000526,0.5021233517001588,0.7525852732306891,1.4258476958412631
Cambodia,1.1874657277463225,1.6181136717389115,1.585790770517969,0.9464815367165896,1.047205326185303,1.295862180709647,1.475905500937585,1.0135696563318832,1.161075593507331,0.9709091019414707,1.0795320039843848,1.3228186236434272,1.0,1.3901699537349463,1.5360216011997656,0.8733261921795822,1.1907028442184597,1.0585633950617621,1.3279652877934662,1.371177686920496,1.1335464650105571,1.0357798278973132,1.076049945437619,1.4910975000880298,1.3447066942672103,1.1593536456187752,1.2490008257992224,1.3218775717693922,1.2106757743826533,1.1784614919039869,1.0121839720850399,1.7815227342676752,1.2114369429305676,1.5318952966046804,1.302319976535993,1.2504157989397846,1.0999761612921857,1.5813843937663548,0.9467043825767012,1.4382401814676615,1.175798479818739,1.08645149106935,1.1718104761053232,0.8127937826830879,1.2956942515963639,1.4530566733362804,1.4628499298444926,1.4012825484176048,1.2879135218449722,1.563567980002369,1.30751207718103,1.1655585825306238,0.9184361450206618,1.230814243382948,1.1950144341508686,1.4619032302971375,1.1321857188401914,0.9843446580435928,1.6452906824742726,1.1540188421164108,1.7048723908297652,1.233409324665011,1.6558121498283982,1.1235708627157035,1.446977310516106,1.4708199035545304,1.489189990810137,1.5270031864840334,1.3967396789156492,1.0530343353974592,1.479220533293117,1.1129562301961495,1.1563142171404832,1.2462034459009248,1.597536660305626,1.0719396682100764,1.2354809314231991,1.1044082159952915,1.1195139726547327,0.9454862573526289,1.179042763167528,1.2856567708862299,1.5188994554456656,1.0173536493184465,1.1990126866499207,1.2264251722972055,1.2369746827640868,1.1705284044022073,1.1026277782077116,1.6461738565696609,1.328905891833361,1.312208162737554,0.8820420868646972
Cameroon,1.5019543622643667,0.7444900103120354,1.6067576864370208,1.4648284948492716,1.0080200831625183,1.099443551812965,1.3597476163824789,1.4686979156900992,0.9740348665713805,1.686616039913919,1.5687910959024112,1.7052103431368186,1.3901699537349463,1.0,1.1019811757667262,1.3249987222820514,0.9618556537011834,0.9480766907226438,0.898770619777258,1.1052386694692917,1.7245343192462368,1.5818694327467584,1.5324433136136464,1.2734941859765154,0.6722413906955327,1.0541265459820717,1.4647506156921415,1.4575058839945358,0.7462361416997914,1.5090974016193934,1.540542905212474,1.4588147429062428,1.6860878323199253,0.8865995950808293,0.8402115890695732,1.4675581341789268,1.265169587693535,0.8665593067074394,1.3563035034644828,1.7891367092926518,0.8482050453737062,1.5898746734258722,1.3611274438007572,1.5079586963497371,0.7478194025514198,0.8102528110479746,0.8971970790211145,1.2852766525970551,0.9865769268579818,0.9128301854856217,1.6883297849057735,1.6322106855068745,1.4058289408127231,1.4469507285775884,1.795156883517294,1.1145605404723995,1.5456874497572282,1.5431802480186927,1.0557692645960028,1.6101404453419381,0.747458841448206,1.5592666935541923,0.7833238975960919,1.6766391133467455,0.5338344387786664,0.6254085150398229,0.9546186651814982,0.6605641611281173,1.0857357633369227,1.2188068102064629,1.117165142300054,1.78087462337845,1.6575140621486704,1.7022791963053736,1.1256486442337004,1.7578530558737802,0.7250465306656886,1.5682433243744156,0.9140439935560583,1.5848256170122539,1.2265082889795578,1.6459014077771024,1.1345869249282232,1.1635873927008096,1.477746679612898,1.114403127769831,0.8400732829343786,1.066634815765057,1.3132878439973545,1.340422469253932,1.552152839293861,1.254575708540033,1.516882633643914
Canada,1.860032573540279,0.8683592617410959,1.6659005508252953,1.8436162305699646,1.5043334296040909,1.790250178295245,1.2317518411533883,1.7617776633814959,1.7141295801814518,1.3221645087874734,1.8610807375612954,1.8702106279369741,1.5360216011997656,1.1019811757667262,1.0,1.6691880809572521,1.350091851015291,1.331612864442411,1.5104231481905,0.6293512344609382,1.6581720680399348,1.8751471966440152,1.8427770396452874,0.7021401307576097,1.3569259396966153,1.2766235696063173,1.6825237934827189,1.827288589938021,1.042007713387641,1.5402585058243417,1.9040473496999994,0.8430335732879317,1.6964787032387108,1.1397045249636535,0.8322663907183006,1.8759471858845296,1.8725308201451945,0.4811658211404988,1.493724132032219,1.7484253417907916,1.1785823204579486,1.6859164769021802,1.1061379621435277,1.8211070379445908,1.156152823463678,0.8728456468497783,0.8997934128647763,1.8529412376975085,1.6579606280094454,1.5145595055206809,1.8647730581931286,1.8946910530476226,1.6383940918286923,1.3262729618973697,1.8306060505200976,0.5361198964213086,1.2332966190656023,1.7959150227548726,0.386295583814996,1.796915465340202,0.7130445489258468,1.9369101985536534,0.9971593182780559,1.8071822791476946,0.8488259745868473,1.2418413904834464,1.1141114618013814,1.3602098868631427,0.8527045386093894,1.7698704929012146,0.5457337079703684,1.8731166352072457,1.780437501908394,1.8515229303867795,0.36778574877264153,1.8096219553889978,1.3550189597766207,1.8282666701007664,1.2718799797775933,1.8810881225067317,1.6290467906635375,1.645651981161938,0.30447540962836483,1.5735931154375509,1.9012388985642477,1.796439124770202,1.4546190209332648,1.5970531670427075,1.7135400845238584,0.8748706461135018,1.838329227971279,1.8116586509307973,1.6813289704412862
Chad,1.1169704262371434,1.414047628111793,1.5921627550597182,1.0459658162318448,0.7008412144556952,1.1403426221719302,1.4583435869559243,1.188558994010698,0.8053422514881184,1.236624663822082,1.1932682457979191,1.3783101996420914,0.8733261921795822,1.3249987222820514,1.6691880809572521,1.0,0.876301800995632,0.7887819778665852,0.9411465194523576,1.3416275797001092,1.4161895036911183,1.1287632770436282,1.2292243304853303,1.5045711747119188,1.0733845084372136,0.8299111017673062,1.371950803122697,1.2847181182831766,1.1762631939995842,1.4768594570305413,1.0635882347810701,1.7621883822930198,1.4322452759551934,1.294522813993494,1.2355698491904992,1.2595429541845464,0.8395296223502543,1.527415014231149,0.8656324024883147,1.590489945426882,0.8956306135521833,1.3935540322230204,1.2556988049633429,1.000002565403679,1.026803825730751,1.2415502576339297,1.2803101900567557,1.1107996302833916,0.8980610466938601,1.1312866740357936,1.356650075046883,1.2217447924540576,1.1603389598652145,1.5453219135140002,1.3322094245301261,1.4946354284866386,1.1394574886357434,1.162141489690706,1.6608453159431515,1.320902281525302,1.6294329774938283,1.1712874728069191,1.43375354064915,1.2653268082925857,1.3046812787565334,1.2062175874342633,1.2953113146657051,1.1681724409593286,1.318400998765111,0.5882451799463144,1.4486873395133197,1.2694817682531545,1.3730605590313347,1.3679856123246432,1.5961002291694646,1.1983215787713957,0.8686525717650784,1.209239091895109,0.8421464533594938,1.0814277366084815,1.473618581186115,1.537911488652858,1.5715188840680963,0.8956014209223203,1.1696748209439707,0.8730626147741883,0.9938015245867604,0.9491350365688059,0.9999320351972361,1.606823400113336,1.280506353466638,1.1935544740290787,0.5217863324076609
Chile,1.5894791782708273,0.9123731722922059,1.6708168723620047,1.522352706949799,0.710364920909861,1.3354995501583955,1.5382543206378223,1.5993657140500253,0.8839337283992577,1.2980723604457047,1.672189190203888,1.7891585288994718,1.1907028442184597,0.9618556537011834,1.350091851015291,0.876301800995632,1.0,0.2895794644889668,0.9750875028258694,0.931114121074946,1.8342953578873697,1.6266219401853947,1.6462222692115005,1.2592866999629737,0.8301740750062021,0.4688997118847205,1.7609795698303579,1.650971334028391,0.8794800784554551,1.8254637837462364,1.5528512634418847,1.661389998875883,1.853410579250536,0.7512916448048131,0.8721951202056878,1.6215371588461238,1.184978410490086,1.067855040725854,1.0895404823498183,1.9054474540264577,0.4692627852189657,1.7805480223394972,1.1433169430067904,1.4776432763035263,0.5367093566639012,0.7700935596384322,0.7704227760819018,1.407597339637207,1.0004182856336261,0.7830758024130369,1.7790695913354724,1.6775788432065548,1.535463619675674,1.3946284566088274,1.7771853303311216,1.0574705984700552,1.2246928289372305,1.6009299612052457,1.2500089032783563,1.7688543274587682,1.25849916521883,1.5984907013350413,1.040491716810642,1.7076557870634987,0.8708934690639977,0.8174892807182611,0.7529583603746565,0.72926380748362,0.866605370770838,0.8726540829302524,1.0187345382362734,1.7343482386270308,1.8099757750688157,1.800591592899966,1.2678756769451203,1.6828409394491564,0.5432723384883649,1.6866036566250184,0.4078734953090237,1.5910471293426613,1.5076783669152056,1.897392146322268,1.2207755460791025,1.0998074094714625,1.583495833920396,0.9931944458707382,1.074069987246929,0.8950204898777319,1.197910080292963,1.523478710338334,1.6865602570347633,1.524284871351983,0.9397641551802682
China,1.5484332633002378,0.9895657313652402,1.7653550489781171,1.4708172828890815,0.6496408830297117,1.3049277269675355,1.522335676931072,1.5579832674208227,0.8441425845918851,1.2778486283713388,1.6206637208348098,1.7713500049807145,1.0585633950617621,0.9480766907226438,1.331612864442411,0.7887819778665852,0.2895794644889668,1.0,0.909908294246961,0.9175658351343231,1.7795036981894714,1.5711963857233244,1.6157603951385926,1.211871753977242,0.8479475216972727,0.4703410224945227,1.680847290840144,1.6131164359444172,0.8711005086257564,1.7564608616125887,1.50773604992447,1.6694892930802752,1.8148584148615203,0.8279929593851328,0.7573456719024158,1.6074012439650156,1.149171654289511,1.0749598547707584,1.0002792586076812,1.9101655932756776,0.31482511900598925,1.735439992912631,1.1734039906527785,1.4184681175106861,0.46784995448155636,0.7753631330214596,0.7417011402945192,1.4009188160444508,0.9857331575199829,0.9023232244506588,1.752358408857294,1.642334126104636,1.4630214111045796,1.4177928173828043,1.758596211798141,1.034527486453919,1.2449937939029554,1.5630479599233034,1.2707086572180124,1.720126604834911,1.2740902038089523,1.5894866408367063,1.0756309544850526,1.691954218481255,0.8535009358960699,0.8307846787840205,0.7864813141075527,0.7999748274231456,0.8071663099299365,0.867794607669046,1.0088580291872478,1.7085839388213093,1.759437589486412,1.7609472259003003,1.2580018091558227,1.6647438776535843,0.47936347678045244,1.6280091263448557,0.3130561591133125,1.5300526150915488,1.5158521064326733,1.845550774893037,1.201112904659253,1.1074580426189011,1.5579056159191433,0.9877023802287033,0.9546688279087263,0.977266200310346,1.2077659930648459,1.4790222945102591,1.6725028814066814,1.4885350697710156,0.8759405271710436
Colombia,1.268967093664535,1.1034844493974196,1.5848408886736542,1.242872535472476,0.9079962897137336,0.8613030210497,1.2115339795037803,1.3314331893227196,0.5937512537868577,1.5966885753016327,1.351839895822696,1.446147692594709,1.3279652877934662,0.898770619777258,1.5104231481905,0.9411465194523576,0.9750875028258694,0.909908294246961,1.0,1.3618075935485543,1.6404524129429507,1.354781368953936,1.3642089507698116,1.3587017454238013,0.7326847896131005,1.0310902248815286,1.2663683721662702,1.157368128191506,1.1032320705050196,1.5150759847770234,1.291561202798602,1.547092435999244,1.5801015995521708,0.9974890564223902,1.0066457085029725,1.306034079714557,0.8315593179596111,1.26439876048725,1.1413754658603956,1.7031487288685736,0.8722474337491206,1.5425399376811664,1.504420824310303,1.3656675606995228,0.8539910389651221,1.0046276780153707,1.0458212055889167,0.8658434157207824,0.5373283349630453,0.8738822361954871,1.4293836832568407,1.3132165359663726,1.4530868950718114,1.4944795294208186,1.5986314717476569,1.3899036431929246,1.5790497210078105,1.4021276456377334,1.4683170486901145,1.43934711290485,1.2118382000012928,1.2552205420473082,0.8983341327108092,1.52324934940456,0.9754914023375566,0.6859387266559313,0.9758862203736794,0.671388862267058,1.224693353061015,0.8963466046160585,1.3951065462866075,1.5550328256522017,1.4935871813400285,1.4678014002058999,1.4376026926709948,1.5697467986594547,0.5699342023790948,1.346120257113493,0.8140200374055493,1.3257119724720996,1.3779507744816446,1.5631253791186128,1.4589038223796305,1.1664665795743736,1.2341583166531631,0.7197402455011325,0.7499220516413371,1.0564645582506043,1.192191648742321,1.4268188285158383,1.2595060244374439,1.0100644756888557,1.1580945213782794
Costa Rica,1.838034719672005,0.7489904899726979,1.7144701374976357,1.8160285688852102,1.1525405668981223,1.765117511701091,1.3741127380082394,1.784048068456349,1.526230397689697,1.1580383602472826,1.8956457882236308,1.9577894102833822,1.371177686920496,1.1052386694692917,0.6293512344609382,1.3416275797001092,0.931114121074946,0.9175658351343231,1.3618075935485543,1.0,1.770951440615314,1.8843757774048455,1.8648466200142637,0.7691952638658858,1.1895759521920084,0.8009696577213646,1.8348519852960472,1.910785595075896,0.816468996127403,1.7319749034965715,1.8701197449634435,1.1824419150071035,1.8270043903773685,0.9695178338405931,0.6951480604057853,1.9130372895528083,1.738235858134454,0.5488220101707063,1.219775513925565,1.9062082620693879,0.8000491628090837,1.8037533642906374,0.8410582049545824,1.752972219738428,0.8301728690226023,0.5895595018672929,0.6790690623343162,1.831999510915401,1.5114615616261935,1.3079563668714114,1.950926893866334,1.9178229138087706,1.6331671984174465,1.3384505653919776,1.867362143484777,0.4092860964234458,0.9894303674521121,1.7859137576381487,0.6401905761196888,1.8894112123362232,0.9360401010922424,1.9280834893553989,0.9692765073770623,1.828960971832884,0.7292592978331498,1.1008588238809527,0.9169058533470241,1.1871166184218862,0.541574835648849,1.480813780577438,0.28921312838040125,1.8832614054906271,1.8842323398524354,1.9472271126347653,0.5546218586517164,1.7805012037520431,1.0526529926013537,1.863203319309602,0.8802781209349281,1.8586095189469174,1.7178200121725948,1.8477319928263511,0.45343992093600644,1.3664308051800296,1.9003651534529258,1.6282930870338268,1.3729400429041687,1.3546231922925456,1.525607999270702,1.1631033503907897,1.8710281004602987,1.8525427746268253,1.3244473446781808
Croatia,0.7638085793829257,1.8996616956907726,1.1379178509939814,0.7745918839739947,1.5571904603435953,1.3160884336447776,1.2780751157531207,0.7178542158880427,1.5923731373807988,1.3262467439539811,0.6446509565367179,0.6965503608232161,1.1335464650105571,1.7245343192462368,1.6581720680399348,1.4161895036911183,1.8342953578873697,1.7795036981894714,1.6404524129429507,1.770951440615314,1.0,0.7198938103542912,0.6898302682513191,1.685864222308582,1.7437822295374212,1.760886384057369,0.7308273816716451,0.9802549186093897,1.6473549887825902,0.43869292708967816,0.7782771696270738,1.4921879367629025,0.34292998832383015,1.8888030362071064,1.7810825447947987,0.8831867408935593,1.3505545793226879,1.8469572846895521,1.3498365394814429,0.5915434242871617,1.8128515671706458,0.40400754420958274,1.4811887691789936,0.7737532024794781,1.8342039821830372,1.871533960810969,1.899827522736726,1.327008675706016,1.5990619573604328,1.8179113481982754,0.7068697472379105,0.7678455230813614,0.7551413544258058,1.4274993106276297,0.5185100114976731,1.7949445618871314,1.2955242295710943,0.6180569979281084,1.7990347537346805,0.5306662770364557,1.7651758817139793,0.9071815538601398,1.8306018343652006,0.5357607105115619,1.8169012029286606,1.8582524307780344,1.9162641385049866,1.8770881741041192,1.8176572006490195,1.4416291677913113,1.7876443912129962,0.5318406947431549,0.4075620676343971,0.5867297542891937,1.7317877781706184,0.5203891953106722,1.786302969684684,0.6528970829538747,1.8076795729129818,0.694702499252981,1.1498466549742703,0.4305996600516363,1.7174713252951286,1.2913512996370609,0.9247031991925428,1.5154526493816245,1.5099985391874877,1.5572830651477534,1.3635601926994843,1.5537273473567375,0.8138940049241588,1.11249740100811,1.3965009436524998
Czech Republic,0.5245336440615816,1.8520789291359399,1.2308770933698663,0.4414188788141349,1.3624285405243477,0.8399427817898191,1.424065190388964,0.5557312564916801,1.1382135629969525,1.513227456299437,0.2261389217957172,0.4926210355892086,1.0357798278973132,1.5818694327467584,1.8751471966440152,1.1287632770436282,1.6266219401853947,1.5711963857233244,1.354781368953936,1.8843757774048455,0.7198938103542912,1.0,0.46500401722076445,1.837920674359972,1.4777887839723909,1.6617566861484767,0.6776098804873186,0.5643201988875771,1.64789420491731,0.7881483147189272,0.2893477552334611,1.7517543125600699,0.6626315177913618,1.7872801703936645,1.7445074880153586,0.41569399104645244,0.8107561101742922,1.9025779428646974,1.3087869145414213,0.7880440929313728,1.6384132552966515,0.6043169459470544,1.6493716469561879,0.5047418066071002,1.7048341118622232,1.837484885497943,1.8453201475156888,0.8469969832749866,1.1711673048555993,1.5640425577936028,0.45517468982834036,0.4433657337032585,0.7446575425598567,1.5245025387460414,0.57715490711237,1.9208415465518223,1.5023234871735611,0.5654594157583477,1.9281942779474182,0.3693230975097555,1.83366005636561,0.4325999087849662,1.7720768741942734,0.5604029446533247,1.761497556918394,1.6474351447310716,1.8035707166132504,1.616941867951242,1.866668331254183,1.0764002766638978,1.9189813332556822,0.4826887883541107,0.468343828040151,0.4253778265290089,1.903093364219833,0.661368839360584,1.5429025622920383,0.5284246264883659,1.6167038326613006,0.23974912732624676,1.042476027483998,0.701211203644514,1.9120930883751046,1.1687367846851107,0.4664389307420517,1.0734061143222515,1.2282192873856057,1.3506600518861227,1.1593543146839203,1.671257212915037,0.6442043351526149,0.6506615664972908,1.2398664335794625
