Country Name,Albania,Angola,Australia,Azerbaijan,Bangladesh,Belarus,Belgium,Bolivia,Brazil,Bulgaria,Cambodia,Cameroon,Canada,Chile,China,Colombia,Costa Rica,Croatia,Czech Republic,Denmark,Ecuador,"Egypt, Arab Rep.",El Salvador,Estonia,Finland,France,Georgia,Germany,Ghana,Guatemala,Honduras,Hungary,India,Indonesia,Israel,Italy,Jamaica,Japan,Jordan,Kazakhstan,Kenya,"Korea, Rep.",Kyrgyz Republic,Latvia,Lithuania,Malaysia,Mexico,Mongolia,Morocco,Nepal,Netherlands,New Zealand,Nigeria,North Macedonia,Norway,Oman,Pakistan,Panama,Paraguay,Peru,Philippines,Poland,Portugal,Romania,Russian Federation,Saudi Arabia,Senegal,Slovak Republic,South Africa,Spain,Sri Lanka,Sweden,Switzerland,Tanzania,Thailand,Tunisia,Turkey,Ukraine,United Kingdom,United States,Uruguay
Albania,1.0,1.8057915418513266,1.1284069123640839,1.2164595448570763,0.771105997192407,1.3743520976510757,0.5160311502173832,1.063016244973226,1.5986339866136754,0.3590733452804542,1.1761861429710665,1.5589324598666838,1.907782022921416,1.5651037492691167,1.5417457215955792,1.2846543307551932,1.8805691393588755,0.7648315635372636,0.43307065997211186,0.42684986002981656,1.428752550673747,1.596187391556579,0.7596741993521818,0.6504959546268473,1.5895087980933666,0.8558369801278923,0.5995225597266799,0.32326771680122707,1.7764143052889823,1.7418453075400315,1.807281768909933,0.43125141555924285,0.7676955477190716,1.9280706583999156,1.6364524084038647,0.6514769671669192,1.633334052061443,0.5554414454170168,1.6949787894454393,1.8153995335219397,1.8786568118048461,0.7779037262688548,1.415051236128726,0.5379327576418363,0.4559101946691625,1.926100439847846,0.47121288351980767,1.5022169390968136,0.4579308355665686,1.9578216579683363,0.5037098936204255,1.842066413400629,1.7149353519821173,0.38832112409126635,1.775193071932152,1.6091598963605438,1.8014074386370253,1.5229040744928501,1.8437701421605723,0.9313800655757181,1.9138386768923292,0.4050148588267225,0.5492118837464882,0.5443007803485382,1.9215423193720538,1.466066385536837,0.5023539953520659,0.3681001395229,1.0217808231526055,0.8115954142445654,1.935073994823954,1.1330870577067256,0.38205081337039265,0.9760533254803327,0.9747716261298832,1.228188907910387,1.138791284354986,1.7510259518928595,0.4787899004402832,0.5935378923309901,1.2251998605683128
Angola,1.8057915418513266,1.0,1.473804463814971,1.1986679037314214,1.5734688065148428,1.353539389908649,1.7024374829859439,1.367076964102224,1.4763585424481476,1.8424204120786223,1.6080296936496157,0.7625260258629195,0.9011339216497295,0.9558201834607125,1.057396980993396,1.176729440771255,0.7725123153843297,1.905132959443982,1.8483499582502758,1.772919180763135,0.7920648163332925,0.9690498057774387,1.7951563658276293,1.7289515569376108,0.7229965143235241,1.769170650224632,1.9261780366221335,1.8137078400717093,1.1959366008327914,0.8892265915960554,0.8839201996382012,1.746949520749452,1.5705374656944018,0.5273002769543534,0.8835515714695141,1.798955284893315,1.0080392511801841,1.775996833191087,0.833032704006388,0.4626680540026369,0.7437340527274318,1.5716875863686417,0.9953326633946201,1.854921731884827,1.8253110714254936,0.5986593898893131,1.8854635568072027,1.297402796442387,1.7755054562678474,0.7566143310037785,1.8312988490498092,0.6209738698335081,0.5813978427558839,1.8045013587588938,0.4030589043707308,0.7284151089992463,0.8495972765820708,0.7664476706779404,0.9210094226240378,1.407314698244986,0.8099021237791937,1.916568734110112,1.8812695998828302,1.9074634085858613,0.7597698037851915,0.9083899460891185,1.8482143530132844,1.8501885621692944,1.568421292048289,1.8440745335692237,0.88625334731528,1.2182228248552833,1.7231250451239088,1.4730493640237592,1.4231461232908067,1.0866637015706668,1.7063654816117264,1.328593788751118,1.711935623456527,1.6406182180965887,1.5235462582062929
Australia,1.1284069123640839,1.473804463814971,1.0,1.4587249429928397,1.078496038220318,1.386503606863087,1.2512246355348144,1.3702634618201737,1.7469550370857558,1.2427538774984979,1.6884869692518503,1.388025773995071,1.620838890258144,1.5946101451697128,1.6942710370809537,1.4094178369134822,1.6939347997525864,1.3092315733068598,1.286744109902983,1.1459978906005495,1.4433081536685537,1.600485959505395,1.3451380866126907,1.231587154033549,1.513973583737368,1.2642923534206154,1.3018276416643115,1.2439764679391474,1.4585562140981996,1.477575337349181,1.7979672096540837,1.0957969119501012,1.316457069911441,1.595021308573771,1.7402981662627262,1.239547200142982,1.5510773130653175,1.353478192528704,1.6432843256037621,1.6412517010873129,1.703910499330899,1.152930333459839,1.3201204384263916,1.1918142448436309,1.2009471333471973,1.6686839885085267,1.2518667672879313,1.5854282588385122,1.2210171522129585,1.561542286325541,1.2200554532404004,1.3720019977270534,1.39489104788175,1.2044735957904562,1.5080158997037025,1.3863781345501631,1.6263532572983987,1.3349941516596422,1.7596925831892547,1.3652138863596839,1.697484849465208,1.253667468985089,1.2114556424639111,1.232041044071097,1.633338058597187,1.529872771326727,1.2296642051333015,1.2981045766570738,1.1021953449492599,1.240097899111094,1.6689663569398638,1.338312651639135,1.182402211463366,1.2959331461883954,1.4618447100614247,1.2914244043615315,0.9900419994767815,1.6969492258774959,1.0338566438107337,1.1429918052488073,1.6606012600369138
Azerbaijan,1.2164595448570763,1.1986679037314214,1.4587249429928397,1.0,1.1698465874489032,1.448467744442295,1.1655044444906817,0.8706260715428613,1.232907455703925,1.3433806573082527,0.9819786280458311,1.1097082544889776,1.577594700445947,0.6695921754075597,0.6459646108867334,0.9912874074594982,1.200227831424494,1.5450949067605981,1.3253191922432743,1.2433318910389068,0.8948812067963008,0.651012332708392,1.5761904928339283,1.4386196038073196,0.823068320488235,1.5444584875425422,1.448937265761803,1.181888155794696,1.78274924235491,1.1968969504393918,1.2177364935730262,1.3257926385106233,0.9701826012379288,1.415472814495703,0.7761124652653074,1.4429381079174801,1.0274434365135134,1.098549304002083,0.8291428261430551,1.0677764511318046,1.2052676961010467,1.26610855135601,0.973132140418759,1.518463274631865,1.351898478073,1.2678232223939683,1.4253534926688252,1.063922945521226,1.1374271999033383,1.591886959250885,1.4490182528304003,1.540977782543042,1.287419977045953,1.2866314516620077,1.089991491174277,1.0894896718731442,1.2635887529911296,0.9554151696499434,1.179504192292972,0.47474074239709657,1.350861232169019,1.3875025151531057,1.5121840313360115,1.5497684260318114,1.5148967594610503,0.6495562476183058,1.3442130683342626,1.2371073741029281,1.286444949997933,1.6676202123196207,1.5139298224808473,0.5460227325519088,1.2320040020991279,0.9275927643176193,0.8711420692147809,0.5862838501117952,1.5549211216311303,1.8245560221386297,1.3111759085757135,1.3097924267720544,0.7593533714333183
Bangladesh,0.771105997192407,1.5734688065148428,1.078496038220318,1.1698465874489032,1.0,1.4428724960036505,0.8279338457061626,0.6598125254982439,1.7440865833588246,0.7497396324111623,1.268344021738547,1.189889293723494,1.863841017577125,1.3701860974541245,1.3680531450931275,0.9168341211984776,1.8326413671996575,1.2553099124264557,0.7396223524578998,0.6552792032046469,1.0828091601221315,1.5080954635865234,0.947596974090451,0.642881395617275,1.4653969594346525,1.168211837118585,1.1281015074116076,0.6711565944970096,1.7817522573829077,1.5177992997042256,1.6512318724829844,0.5696843381938839,0.5025731586324694,1.771657663196954,1.4382411436114226,1.0256924532482652,1.7044294082162417,0.902188371566498,1.4696298943694444,1.6368056216298348,1.6795061662295894,0.5002396227034961,1.1263886678366835,0.835724797595662,0.7071495359121209,1.7948710688274194,1.0247494109542903,1.7123684531505836,0.8733803641590869,1.845578162823432,0.8643858501820979,1.673678949946671,1.4739117870842866,0.9203833977660559,1.527543323779323,1.2192989804117913,1.5310554707759485,1.1063712382599258,1.7979455214253008,0.8761176307337993,1.8923086115808156,0.9576392857980303,0.9574651750925979,0.9115415389961585,1.871151706292407,1.1836129651669312,0.7829964416134801,0.7646644337673549,0.8986839783210582,1.1343557245787825,1.907798401253639,1.057612134337536,0.5685987128945289,0.6142575009209439,0.7327915595344661,1.083910559521026,1.4239824045947187,1.7863297912636125,0.7326195640820748,0.47031545441080824,1.3276720419564592
Belarus,1.3743520976510757,1.353539389908649,1.386503606863087,1.448467744442295,1.4428724960036505,1.0,1.216509935392932,1.5118187756890675,1.2984183841364578,1.3669494059442269,1.4767642038406195,1.3599291548736174,1.2279164625381214,1.538855285916424,1.529381772293613,1.1926778996910463,1.375569855338039,1.2768422891810858,1.4270514476149974,1.3659838582793489,1.3604665600849533,1.5329143772825102,1.2113318463942655,1.2422724747194194,1.3078387664850144,1.156012757469314,1.3649768150890411,1.4139927793826346,0.9302642168891992,1.3748658811564924,1.2008967795392953,1.4211698224178717,1.4800238425831245,1.2925918731606307,1.4210428269446334,1.232396271528731,1.405613774860874,1.5045806683530838,1.4877436821659888,1.3073215906040412,1.3713511389035777,1.3744790889723937,1.5156047467796692,1.3081387300146852,1.3138287830463344,1.3935217041636037,1.3251772404215496,1.3153502443239153,1.2994462318743984,1.3916501361152547,1.2893068689422675,1.2716436542632932,1.0947989281958692,1.2953991157645248,1.3299315542232495,1.4419600592828594,1.4598946274768951,1.3934336219056311,1.3850692187968179,1.4577970025575027,1.3648275881230478,1.3981291114839551,1.2980177566776423,1.34313832686228,1.2907010810230302,1.4080006603159079,1.3408132543896274,1.3891426554090422,1.434759301253363,1.1992545949678561,1.2831865178723652,1.4038165578158914,1.4051038567631415,1.4314474288525514,1.3580907644534255,1.4809954189793924,1.2356532384681487,1.1292461951113655,1.2282586572742087,1.3517513204881828,1.4871030565674352
Belgium,0.5160311502173832,1.7024374829859439,1.2512246355348144,1.1655044444906817,0.8279338457061626,1.216509935392932,1.0,1.0906400503845544,1.5392539029897954,0.4451873613826275,1.018490219231258,1.3689524148417873,1.7487283281834445,1.5492288827693916,1.4908631883990195,1.21633170669707,1.7736828305454577,0.7462309390365678,0.5579924986663578,0.348569549186288,1.282106896880695,1.5548255476627997,0.6590869474560371,0.6896872006999798,1.378853126357533,0.6382054604420738,0.7593999323217764,0.46278283428941747,1.7128098194483847,1.7453125940003735,1.6503388102292624,0.5522041357179878,0.8386747152922328,1.796883554940822,1.545974435572739,0.4658554271747704,1.5053916488596373,0.5289572216303097,1.6251954279793088,1.6810197401534033,1.8039922813311435,0.8823294329253529,1.4830320434850723,0.7018806471097354,0.5901827435480076,1.8427755110637616,0.6185097329834869,1.4277525572206389,0.2917603751496748,1.8675171916984743,0.47512380288586586,1.7124353852183618,1.6009484585079,0.38239131468846027,1.5979887789851326,1.545511476928192,1.7895830289803327,1.4899177356841573,1.7691843222068964,0.9919342294519159,1.8300951291361316,0.6219729431004001,0.5719375930101261,0.697725720496053,1.795389982118751,1.388508788607111,0.5720802887803825,0.48978261747089746,0.8315019841000332,0.7588093468986784,1.8301153299686688,0.9711282939774811,0.5400255636445,1.0787014480472996,0.8051960735047685,1.1551570600132568,1.1581045374357828,1.680240344716816,0.5644460405246731,0.6090854262975229,1.2874853364269476
Bolivia,1.063016244973226,1.367076964102224,1.3702634618201737,0.8706260715428613,0.6598125254982439,1.5118187756890675,1.0906400503845544,1.0,1.5277378032984055,1.0954301856177613,1.1061864920061735,1.064924063172398,1.7996188153167934,0.9186704935019874,0.9037269853630877,0.6143672354600116,1.5968643375594729,1.5392124666665254,1.0546372869021867,1.0230087018989151,0.8149317311266431,1.1067623609875024,1.254955204058339,1.008427316608607,1.2367543979993503,1.4995928652596282,1.3433609825944546,0.9505502768725418,1.8234227179450035,1.2121360929331582,1.35857310272622,1.0248016989564617,0.41725291373536294,1.6144990873817227,1.019861210202415,1.3586047167777486,1.5206801429500039,1.0264598368701414,1.0271494801020526,1.3225731901277378,1.3566028076730758,0.7134982133178046,0.8911136323419245,1.2009888249344585,1.0105202595288876,1.5424108879757203,1.3360013785433464,1.5566034806137652,1.113921710812974,1.751554298630134,1.234560180148593,1.6312319812158413,1.303383482213011,1.2283210131549323,1.317375696957655,0.8963714867712959,1.1834992879717983,0.8118050384496344,1.5052722582158817,0.616450837931744,1.6742854852048557,1.2429265787739348,1.3150388189684485,1.2625085887332255,1.7531321121502637,0.6991396331825068,1.0868653041550365,1.023434338324322,1.1537046636244432,1.4960835846972163,1.772074732311745,0.9232178791909171,0.9253015032058989,0.37604857079497767,0.6926087501748311,0.7914991185404202,1.5825732842710463,1.7866393146596669,1.0922387864313248,0.8615962171029012,0.9950191290264252
Brazil,1.5986339866136754,1.4763585424481476,1.7469550370857558,1.232907455703925,1.7440865833588246,1.2984183841364578,1.5392539029897954,1.5277378032984055,1.0,1.589615033576972,0.9452781867027725,1.562738249395433,1.1909609010963405,1.174696001222965,1.0747667219292356,1.4554880726836017,0.9823162477553781,1.3964555035907642,1.5740683973309784,1.5973361340895234,1.592251286994623,1.0107004163628344,1.6117524223722848,1.703300858017554,1.2790293320549337,1.5116240362287254,1.3774310976312192,1.5457459161905,1.3752428731317687,1.227351240370091,0.9984983983544105,1.7502383589327843,1.5644876812175614,1.2808585729157411,1.117755061887557,1.5290201121984606,1.0576488550645093,1.4211975304224096,1.115947734625339,1.2203777231195718,1.065918785192632,1.7359797258576124,1.614684050485467,1.6534242523471192,1.575999470215378,1.1336859480835884,1.539248471208655,0.9646038549283952,1.4562640190579335,1.3097340873002863,1.6085842876051482,1.5321751633380984,1.5266193793743918,1.54838212441129,1.3588624195266068,1.4961387133429436,1.236879841237289,1.5730445048479198,0.9315281091328457,1.407310033476577,1.0171795323771182,1.4989338963940781,1.5643330448261081,1.598891363805038,1.224666594730919,1.3045717917399726,1.5031482911364005,1.4882670036798764,1.5859597054468026,1.5839082463345393,1.059023890440594,1.3970050046401,1.689804342315025,1.5259279992684724,1.5239246497317382,1.419232426427572,1.2518668254153054,1.3452130780358948,1.6916442193142278,1.766845126649853,0.9549564480604777
Bulgaria,0.3590733452804542,1.8424204120786223,1.2427538774984979,1.3433806573082527,0.7497396324111623,1.3669494059442269,0.4451873613826275,1.0954301856177613,1.589615033576972,1.0,1.0863041889116059,1.543610089454161,1.864096294510405,1.6431385194936425,1.5863164268447174,1.2895790272265035,1.8998781677195578,0.6438945044188727,0.21420868590512146,0.30113536299482435,1.4427062395404016,1.6703410899376296,0.5177006616201191,0.5334849635658099,1.6260460184487218,0.6832173745920435,0.5440631824700947,0.26927375626291944,1.7498524882333946,1.812566646554664,1.7745930941881656,0.3654990613603132,0.7853073051247484,1.918713518221482,1.6581138272381397,0.4744472656290301,1.6672550600932443,0.49647100601730126,1.739379981575579,1.8396281162671955,1.8936171868037888,0.7713356507533439,1.5238196309179934,0.42320000390778734,0.3788633029739058,1.9477335285939306,0.4009670367163366,1.5604450707169912,0.4519901399016406,1.934782746730684,0.26159612145440747,1.8414525921189926,1.7546609509492002,0.33766227826694445,1.7779702350986262,1.6313999300070616,1.824829947324589,1.5897848478219943,1.8840459434038477,1.0813750196014085,1.9370064379687568,0.3219457553392558,0.32752521061700435,0.36742487474904983,1.9029758322364703,1.5208351367407194,0.35379014976719025,0.22951779934706248,0.951079346113807,0.620302889041855,1.9208065067179592,1.2010177054785602,0.3858009593950403,1.0554259350760882,0.9182707570728589,1.337403805795633,1.1487738160257241,1.6564886570328554,0.5430357725891474,0.5130458821106031,1.2953774356636065
Cambodia,1.1761861429710665,1.6080296936496157,1.6884869692518503,0.9819786280458311,1.268344021738547,1.4767642038406195,1.018490219231258,1.1061864920061735,0.9452781867027725,1.0863041889116059,1.0,1.3390809963305594,1.5234656685087098,1.1463624747036227,0.9751201848356339,1.2757919723544955,1.3511597846105314,1.1302153159431514,1.0436715758404675,1.0751653429706296,1.3212994488468104,1.1208482691881614,1.2405742564740398,1.3264965763639065,1.1921324858361495,1.1747611014358035,1.1050499259250912,1.0183232595073748,1.7871845382618698,1.510302389457301,1.2186591234224233,1.2588970556452042,1.086336880845392,1.568120064829366,1.0935123912891278,1.0864939523709631,1.1844341771063827,0.8113544413604643,1.203397989755031,1.4255183565793212,1.4249522675026423,1.3902157724404616,1.5490830181234168,1.3268451137225346,1.1782545985374522,1.4829796314932846,1.2044450885792792,1.143554915844612,0.9720435649592241,1.637327889507376,1.1653311634414765,1.7323283022149012,1.6522067978050021,1.118651084207333,1.4049341149489363,1.4406121307403221,1.4672468971853572,1.5051410298405337,1.357548395187085,1.0392734312156984,1.457945392129528,1.1128517794774226,1.1643659861864564,1.2612213468626767,1.5876728047348947,1.1540390002597174,1.0905699316330595,0.9504189936957236,1.1854293856957536,1.3007548880140627,1.5035610685384808,1.0103464274397431,1.209105133953426,1.1993474939034918,0.9787745137781743,1.1771251276428083,1.3505736108888624,1.6421739283043961,1.3471072440881549,1.2991300747896934,0.8811152752108793
Cameroon,1.5589324598666838,0.7625260258629195,1.388025773995071,1.1097082544889776,1.189889293723494,1.3599291548736174,1.3689524148417873,1.064924063172398,1.562738249395433,1.543610089454161,1.3390809963305594,1.0,1.1752815284644325,0.9775117247894353,1.0330502689282068,1.0480940071695262,1.169981220838478,1.7226031771503356,1.5573882508407046,1.4235298226239996,0.6339890025173155,1.128933474583905,1.5241625725553223,1.4468412688604355,0.6944506372257107,1.512084803364413,1.770807712348074,1.503591700980971,1.481018469579317,1.021677434520527,0.9997001085430188,1.4305369057686954,1.2783806948238368,0.970112857179384,0.95736218896624,1.4990497557092715,1.229557499708259,1.468186964322254,0.9140869207316666,0.9052573237474446,1.0495918462920655,1.3358943078850634,1.0045279200048869,1.638324692203727,1.5619771081630063,1.0623457449671942,1.7197762222921638,1.464783456747127,1.462507183381259,1.1497466783806694,1.5583936505556644,0.9142467288850684,0.8820565222148522,1.5633687390968207,0.637906165685535,0.7127685514821044,1.033684849528442,0.7268714312856339,1.2413720411466707,1.2321711035876926,1.231991800654401,1.7131349157691653,1.6263424858376692,1.6801470012332926,1.2134542193772713,0.8459549940317508,1.548814703432119,1.5546166045693857,1.1213228692919963,1.6275946823568066,1.2496394831113675,0.9880901929142418,1.4298389664125997,1.1795284735057383,1.08203474977556,0.9109722650788058,1.6387581654103018,1.5422965294795339,1.503373152272833,1.3132046832484865,1.5305524495049085
Canada,1.907782022921416,0.9011339216497295,1.620838890258144,1.577594700445947,1.863841017577125,1.2279164625381214,1.7487283281834445,1.7996188153167934,1.1909609010963405,1.864096294510405,1.5234656685087098,1.1752815284644325,1.0,1.3961156493733704,1.3999180640466022,1.621942912272903,0.6503060012735692,1.6459349760892137,1.8746342218979994,1.8445695315191342,1.4024499068468765,1.3260677538634744,1.7197817541704232,1.8345181993543387,1.060409694845803,1.5380285176828945,1.804561461631673,1.907445935395019,0.8143399492057843,1.2111055858505273,0.8500054383838158,1.8781462929498853,1.9024533666314318,0.4563799102971741,1.248817185362474,1.6626035190439978,1.018750924638778,1.8214889738319027,1.244344669195222,0.9146688729434826,0.9308134795399111,1.8942235320863319,1.595161107796007,1.8556230060662537,1.8921634727376324,0.6703159217304685,1.8245208291900026,1.1534205313746144,1.7963136123400936,0.3869308252043974,1.7881891117020645,0.6851289482553092,1.050317033336574,1.8024840579988857,0.8713946467343564,1.3246549383357304,1.164688305840665,1.4533315219039669,0.8911298944244964,1.7988781748454654,0.5639646046328155,1.872408508842975,1.7769541679878058,1.8464552861593655,0.3815853430533979,1.4557476477359883,1.858186438953987,1.8816927828816483,1.619237786585557,1.6305933423659016,0.3078253470564622,1.5586587450155776,1.903998680759149,1.8559162076277924,1.7072734095340785,1.5870424784917092,1.4911951178257061,0.9127888991467136,1.845882853122163,1.8581703922683148,1.6874761353964738
Chile,1.5651037492691167,0.9558201834607125,1.5946101451697128,0.6695921754075597,1.3701860974541245,1.538855285916424,1.5492288827693916,0.9186704935019874,1.174696001222965,1.6431385194936425,1.1463624747036227,0.9775117247894353,1.3961156493733704,1.0,0.2743071441829289,0.9841564822631695,0.9488247515051974,1.8110546961800826,1.6031894622279221,1.5832922391236945,0.8561883192801174,0.4361078762383712,1.7649049303217468,1.6471999234463552,0.8298247375072633,1.8157523655324024,1.7308173471004111,1.5123940748911238,1.6629067028799531,0.7793344231228783,0.9033188291780585,1.6051687644194494,1.1981745201253107,1.1411228052703057,0.44761900582008834,1.7444918463091117,1.0357899096066288,1.4271501823681543,0.33152883185683213,0.7881030742502911,0.7936485190953332,1.4349938823355273,0.8093801391480117,1.7567889601793085,1.6331365596566092,0.9037224217963123,1.7463542002388173,1.1111055822746654,1.5311217877482521,1.317470348147015,1.74109438273753,1.3462007760610073,1.0947451906077126,1.6494116798695664,0.8837491311317378,0.8432094753168672,0.7914963257562286,0.7606961497720518,0.9032807602182908,0.8539868875170077,1.0639240627912832,1.6913376933149387,1.783429819084103,1.7801964333121756,1.3126194649877445,0.4861491996375165,1.6382660444217676,1.5545838487033417,1.493113820186843,1.885955192002608,1.2641731907791223,0.9299522414315546,1.55207597851777,1.010537808980822,1.1026147770347987,0.808898246757157,1.7268860584528636,1.6435102242693178,1.6425357403164331,1.5460663872093339,0.865870538995172
China,1.5417457215955792,1.057396980993396,1.6942710370809537,0.6459646108867334,1.3680531450931275,1.529381772293613,1.4908631883990195,0.9037269853630877,1.0747667219292356,1.5863164268447174,0.9751201848356339,1.0330502689282068,1.3999180640466022,0.2743071441829289,1.0,0.969733150497009,0.9508323162835837,1.748160159817621,1.538417223208966,1.5346952237557823,0.8853226534345918,0.4643640925354311,1.7017289768980899,1.6111799220907468,0.840559410684461,1.7539583563492895,1.657801367179149,1.4570313101728323,1.6845846664746527,0.9195071985914757,0.8311299668976025,1.5891968636808305,1.1598439273944106,1.183914664843694,0.33253164061011126,1.6824541311976728,1.038949236553563,1.3540987951377492,0.39853115533914624,0.8365169006559611,0.8187699757322655,1.4423616975119884,0.9719307260595997,1.716947510534928,1.5790221853987103,0.9528802215157696,1.6934470405575504,1.106071195391636,1.4771275442759737,1.3649741875379788,1.681832639289173,1.4356258611467416,1.1738793871604558,1.6037963680293865,0.9374977554627821,0.9106028970292578,0.8499064899957327,0.8844307144332388,0.8806786323090414,0.8447942694192303,1.0814909583891474,1.6331509430849849,1.7252484615050079,1.7332645384210401,1.3269757307461298,0.49580149163188164,1.574625490918536,1.4810810618758654,1.495428250938977,1.8334257787035968,1.274852911133581,0.9253160881104674,1.5208895478893103,1.0226044079997219,1.0431430287825871,0.8750109062794401,1.7362608862181201,1.6330351683254039,1.6275945730033192,1.530499240416511,0.7730742650556062
Colombia,1.2846543307551932,1.176729440771255,1.4094178369134822,0.9912874074594982,0.9168341211984776,1.1926778996910463,1.21633170669707,0.6143672354600116,1.4554880726836017,1.2895790272265035,1.2757919723544955,1.0480940071695262,1.621942912272903,0.9841564822631695,0.969733150497009,1.0,1.4501125012825402,1.6281243450098921,1.2902843763409575,1.224092991407724,0.7253096742812174,1.0966058066541364,1.2923171139143652,1.0963764262609264,1.147400522751759,1.5339330105973008,1.4642822613256954,1.2097541510019563,1.5811583586093598,1.1189724778397119,1.161236761995028,1.2462454713155469,0.7642878791990481,1.4082706220482175,0.961460582726076,1.4626899252098473,1.4387256804497612,1.308022658910786,1.0055372759211036,1.1127919410615998,1.1898034947185063,0.8503869519657703,0.9467456212310378,1.3200086995448537,1.1588824588909699,1.3811306498995748,1.4586449026437545,1.524730470777821,1.3016857624601847,1.5982992564674996,1.3580769956417829,1.4419858707032096,0.9975174191493078,1.3711772913106104,1.137452684328232,0.7631455872008555,1.0421521959573343,0.7125604904729432,1.3724801183575481,0.8599051942476169,1.5253884938187168,1.4170952408071564,1.4327256655376228,1.3981794838421808,1.5499563877287816,0.6383711098768301,1.2754465525056506,1.2471226119964731,1.3284582903853523,1.5364472337024067,1.596373196646817,1.0461295551931942,1.1440660040314277,0.7244708129152533,0.8467330789405187,0.9376589109860405,1.577627439071943,1.6043949524735084,1.1430295625809757,1.0350589017919447,1.1117502690392775
Costa Rica,1.8805691393588755,0.7725123153843297,1.6939347997525864,1.200227831424494,1.8326413671996575,1.375569855338039,1.7736828305454577,1.5968643375594729,0.9823162477553781,1.8998781677195578,1.3511597846105314,1.169981220838478,0.6503060012735692,0.9488247515051974,0.9508323162835837,1.4501125012825402,1.0,1.7784736898521498,1.8835772938243827,1.870431708576302,1.2265489599269224,0.8292106124532915,1.881175818702131,1.9191632628001738,0.82128932402734,1.7507663699629807,1.8377799033449287,1.8706324780671484,1.1754579947185506,1.007141547498934,0.6650729842907068,1.915680564245969,1.7624722657679524,0.5306885484158984,0.8227511182334533,1.800204382158529,0.7068799942947077,1.74839799698558,0.8274913285458994,0.5983216633450166,0.6472061839381755,1.8693702394455367,1.3711969507503456,1.9500293301822207,1.9182663154991175,0.3199271866911767,1.8731245090159838,0.86928388844734,1.785396703746991,0.658050172921952,1.8892117031423283,0.9617488399046614,1.0140134253098843,1.8322018311712793,0.7085155487525862,1.1612679547768037,0.9504578167690244,1.2540317255902604,0.5321036640146166,1.500634648936901,0.27849816627793383,1.8870378772234373,1.8923554623865628,1.949404083826142,0.573613117822864,1.1087180742580791,1.897000794597164,1.8571912388947391,1.7120589726017004,1.8526575922277544,0.46280142678253394,1.3260335635988794,1.9021009552122212,1.6783675550273105,1.5714321207343915,1.3330845119570232,1.6238415106305313,1.2266695389044266,1.8814236353140739,1.8964235275649837,1.3153232817383165
Croatia,0.7648315635372636,1.905132959443982,1.3092315733068598,1.5450949067605981,1.2553099124264557,1.2768422891810858,0.7462309390365678,1.5392124666665254,1.3964555035907642,0.6438945044188727,1.1302153159431514,1.7226031771503356,1.6459349760892137,1.8110546961800826,1.748160159817621,1.6281243450098921,1.7784736898521498,1.0,0.6903273985736605,0.7597760989711924,1.7308342959214145,1.7666805083827646,0.7122532751118718,0.9545320214918508,1.6904761570271156,0.43901345627715543,0.4815170582398054,0.7894288385176004,1.5334450756896467,1.8867795641310712,1.758141214364751,0.8639596713123504,1.3051297981824281,1.8333565668466218,1.7953942005444279,0.4296846559702556,1.5683998250809992,0.7894590615267026,1.8706948932323855,1.8851422092034955,1.906835075137952,1.2789170157236749,1.8146994226797897,0.706247481419581,0.8087234408741674,1.8864206336381406,0.4631917500632704,1.3849344325970872,0.6832252945426703,1.7853888258624453,0.534658324113523,1.7832369472138418,1.8314214888930664,0.5523288532265087,1.8251816415856552,1.8648407525790718,1.9198855824163252,1.8688323934927105,1.8111177142767192,1.428758016202002,1.7801551787630765,0.5104706713740722,0.4310266977600326,0.5815428708821275,1.7304231073040397,1.7793248837220652,0.7299959065226949,0.6913474879925339,1.1416448180637924,0.4428780801946033,1.7177951373064684,1.4121324104005673,0.942107036010999,1.4838987202328844,1.304552096231936,1.6061003220524075,0.8909478323273932,1.4536505515142177,0.8877862656644104,1.053726733255059,1.432784514036733
Czech Republic,0.43307065997211186,1.8483499582502758,1.286744109902983,1.3253191922432743,0.7396223524578998,1.4270514476149974,0.5579924986663578,1.0546372869021867,1.5740683973309784,0.21420868590512146,1.0436715758404675,1.5573882508407046,1.8746342218979994,1.6031894622279221,1.538417223208966,1.2902843763409575,1.8835772938243827,0.6903273985736605,1.0,0.40789552918170024,1.4497105847445053,1.6489584047408783,0.6145204024565794,0.5600811364772312,1.6511120314410395,0.7681735459412603,0.5788472420696751,0.28875212416154994,1.7644841173726216,1.7923099322997824,1.7494672684901345,0.4189873710869409,0.7687262592125358,1.9156668504968923,1.6145302183282215,0.5753947986200121,1.6879604160798858,0.5094875339234173,1.71306064074127,1.8413783430076212,1.8671185440486704,0.7966454765308371,1.535062558289253,0.4460245099309502,0.42220421774215594,1.9323137410488487,0.46096843713589775,1.5450453606293642,0.5332817823821465,1.9320584749655296,0.35455147182970165,1.8773448751849469,1.7693178002108394,0.44331391322707087,1.7752116272931617,1.6275862023377776,1.7971317197875993,1.5871580525222084,1.876658145446455,1.0548319069350924,1.9242200646819596,0.3688604294045189,0.43814451484266675,0.4244486233855521,1.9049834534994086,1.5046286642525242,0.4312530764721638,0.2381429085294672,1.0492777969739766,0.7044075253147579,1.9197755679695225,1.1966749936501524,0.47366252656840185,1.0195792431408182,0.8787168438942932,1.3634034167914342,1.2005177734094157,1.6527153359218405,0.635643324038598,0.5766300363915992,1.2476256258391738
Denmark,0.42684986002981656,1.772919180763135,1.1459978906005495,1.2433318910389068,0.6552792032046469,1.3659838582793489,0.348569549186288,1.0230087018989151,1.5973361340895234,0.30113536299482435,1.0751653429706296,1.4235298226239996,1.8445695315191342,1.5832922391236945,1.5346952237557823,1.224092991407724,1.870431708576302,0.7597760989711924,0.40789552918170024,1.0,1.3478264451653779,1.6047281623608498,0.6264304826190299,0.6044049509872518,1.5076754896606843,0.7007937866777649,0.6881258892704636,0.2795860382471353,1.7748406282167324,1.7633860521093065,1.755878327674935,0.35738644285970694,0.7299537304510357,1.880691208446426,1.6146073058872603,0.506128904689363,1.6121983531042146,0.4701954495877523,1.6703932341844234,1.781056365125252,1.8592707621616567,0.7536219998187578,1.4604354332872083,0.5775370984232161,0.4454634832685078,1.916051299023754,0.5591066190762992,1.5751424345159646,0.33431819023079706,1.9178454184505334,0.3883491991388488,1.7726449242179485,1.6794503796875562,0.38765695908661657,1.681603163955872,1.547589261218971,1.7944329908067103,1.4915694870706284,1.8561430576416538,1.0034593168859727,1.9186730422969422,0.5037386217433327,0.4807890755736677,0.5618652480287012,1.8762613508739199,1.4382978249947387,0.3810122768399941,0.3591186201554811,0.7750630572434122,0.7446593175333289,1.9164376633361249,1.044003050546386,0.3951983232619182,0.9894995943014302,0.8577231524313925,1.1959577702603859,1.1295857483944978,1.7392460330684716,0.5150344839150223,0.48502673456003154,1.3163711979935477
Ecuador,1.428752550673747,0.7920648163332925,1.4433081536685537,0.8948812067963008,1.0828091601221315,1.3604665600849533,1.282106896880695,0.8149317311266431,1.592251286994623,1.4427062395404016,1.3212994488468104,0.6339890025173155,1.4024499068468765,0.8561883192801174,0.8853226534345918,0.7253096742812174,1.2265489599269224,1.7308342959214145,1.4497105847445053,1.3478264451653779,1.0,0.9794563138622342,1.462724470999968,1.3458790231084847,0.7283633682809547,1.5665727107317675,1.677432393086171,1.3770645984049548,1.5870116829548582,1.1654972915017263,1.0788845038293713,1.3299519991798026,1.026738349680752,1.1513314653301971,0.7882944710001346,1.5114298442633414,1.1730158719461083,1.3545756017713533,0.8587906069621831,0.8264300203431002,1.1194644739455628,1.1132411164977951,0.8058401303543908,1.5474493634445208,1.4444834435992782,1.1492478716107077,1.5981255112283355,1.3842234263540745,1.394180330103706,1.3616011953561584,1.487578959163351,1.170136732283091,0.8331906105460382,1.4516906762431305,0.7647992462968108,0.6271466251215058,1.0724130051100484,0.5853914110585132,1.2651831678390897,0.9425255240712336,1.3290388206499737,1.5974054677514569,1.5777206759399922,1.6099582427385735,1.3090624545594656,0.551083655971384,1.4744524931122742,1.4400093983347415,1.2754741132351777,1.6462069436673583,1.4186560987507069,0.8319527866452858,1.2833884074147763,1.0203378455557197,0.8689212592094246,0.7551843521397468,1.731975914590864,1.5837496359095748,1.3532831804467313,1.1585057400475507,1.2892012828850374
"Egypt, Arab Rep.",1.596187391556579,0.9690498057774387,1.600485959505395,0.651012332708392,1.5080954635865234,1.5329143772825102,1.5548255476627997,1.1067623609875024,1.0107004163628344,1.6703410899376296,1.1208482691881614,1.128933474583905,1.3260677538634744,0.4361078762383712,0.4643640925354311,1.0966058066541364,0.8292106124532915,1.7666805083827646,1.6489584047408783,1.6047281623608498,0.9794563138622342,1.0,1.8025307683620118,1.7363554990054968,0.7690070526548404,1.78804900306199,1.689267263599053,1.5504813414077958,1.6300023391904073,0.9368451068836902,0.9623937866768485,1.6725283422560349,1.2962311257917556,1.1108129354380245,0.5681145628105368,1.7340291094623552,0.8005583126806604,1.4219051054334213,0.47231142862802833,0.7436843413685493,0.8220567013451463,1.518404601412947,0.9627238603294233,1.7979253627497198,1.6718384437755407,0.8692156555328181,1.7214520907751578,0.9638857166383218,1.5229974066618324,1.2688090722392005,1.7513876980513823,1.3366272747550927,1.1904130104354291,1.6323685025919206,0.8739160027423672,0.9598114654870687,0.9626454238298009,0.9377019222269114,0.8509731623056944,0.9350023570249826,0.9897239893214964,1.6805920222173303,1.782645670195453,1.806244476291765,1.2213374602178437,0.6329075999228632,1.6437396439834748,1.5845605797356952,1.5132392868359787,1.8818132733796145,1.187790876145602,0.9059586149661124,1.601165263933115,1.209678634769069,1.199152653453939,0.782994772145905,1.6137293905867331,1.6324903925816787,1.666570468211695,1.628658103842783,0.8154599930506409
El Salvador,0.7596741993521818,1.7951563658276293,1.3451380866126907,1.5761904928339283,0.947596974090451,1.2113318463942655,0.6590869474560371,1.254955204058339,1.6117524223722848,0.5177006616201191,1.2405742564740398,1.5241625725553223,1.7197817541704232,1.7649049303217468,1.7017289768980899,1.2923171139143652,1.881175818702131,0.7122532751118718,0.6145204024565794,0.6264304826190299,1.462724470999968,1.8025307683620118,1.0,0.49302715665620905,1.6628801326517753,0.6019884268301334,0.6914049695635919,0.7098935143502862,1.5385310802219152,1.808574602256031,1.6798736290320269,0.6603951065477596,1.0084126235390312,1.813976676061279,1.7154479316702462,0.5588376897562545,1.738181988848256,0.8536924421648394,1.7954405707457841,1.8001293297853622,1.8447156783249916,0.8811455284117314,1.6289028049876966,0.4693014432552622,0.5523654246588269,1.9009304671370537,0.6387232029050597,1.6543608252735817,0.7731173263946156,1.8248892149166691,0.4169360373145507,1.6983032163834986,1.6313842513380148,0.6551894058267278,1.7516885603981187,1.6111555901813426,1.7562082777722468,1.6319200928723643,1.8365443359194151,1.36247909200143,1.871926445053915,0.651111496263273,0.4394874164891099,0.42825557675004405,1.767939779413318,1.603125635315466,0.6111583042512122,0.659372432259762,1.0385363746002698,0.4554008959881971,1.8143018353674327,1.4215111172187234,0.6920489479733897,1.247903192272614,1.1030778759588575,1.5246738315465032,1.1836257610342107,1.4103612047780136,0.6652788721888547,0.6321546402980026,1.508776430095392
Estonia,0.6504959546268473,1.7289515569376108,1.231587154033549,1.4386196038073196,0.642881395617275,1.2422724747194194,0.6896872006999798,1.008427316608607,1.703300858017554,0.5334849635658099,1.3264965763639065,1.4468412688604355,1.8345181993543387,1.6471999234463552,1.6111799220907468,1.0963764262609264,1.9191632628001738,0.9545320214918508,0.5600811364772312,0.6044049509872518,1.3458790231084847,1.7363554990054968,0.49302715665620905,1.0,1.6619799187564046,0.8798199758385419,0.8258540932703419,0.6207877458269319,1.5932802310482563,1.6658819275862422,1.684604928741652,0.5324816742925664,0.7505334105706688,1.8296045164253734,1.6360604724575551,0.7817043886338527,1.83125161859315,0.917546726425952,1.7064527790143904,1.7669048662461995,1.780820167131201,0.5624929984962738,1.4398000409346041,0.3593488356139867,0.37871522580772,1.9010669603592392,0.7362813183718951,1.725264977575037,0.7973703413143861,1.8822550992083167,0.539771731440735,1.720120973188199,1.554576561860464,0.7317897948115246,1.7140977557124288,1.4669395105277943,1.6617257350607257,1.4158520189057593,1.848942408081771,1.1615157280797563,1.9248192832202653,0.7254681056124658,0.6493345802718247,0.5036265810014915,1.8577564544428347,1.4570149055964787,0.6065974876954199,0.6376839429687443,1.0757784843953135,0.7426911716197185,1.9033529451449775,1.3332733953371336,0.49740283921759465,0.9444914621324217,0.9383185536728808,1.3847344941023259,1.2788106271485584,1.5536584219846508,0.4942126782959566,0.40330691598417556,1.434178050342769
Finland,1.5895087980933666,0.7229965143235241,1.513973583737368,0.823068320488235,1.4653969594346525,1.3078387664850144,1.378853126357533,1.2367543979993503,1.2790293320549337,1.6260460184487218,1.1921324858361495,0.6944506372257107,1.060409694845803,0.8298247375072633,0.840559410684461,1.147400522751759,0.82128932402734,1.6904761570271156,1.6511120314410395,1.5076754896606843,0.7283633682809547,0.7690070526548404,1.6628801326517753,1.6619799187564046,1.0,1.5444154752592734,1.736545613403137,1.5584779282439956,1.489435416358019,1.1123588633340797,0.9030075289347986,1.5821328407493747,1.400468751069164,0.894897205427751,0.7536223342923882,1.537901967382633,0.7183890458119572,1.4324949006880037,0.7641856434692706,0.6550052787468569,0.9759689896193621,1.5410245558703417,1.0936903105790927,1.7719732066342921,1.6675246459335282,0.8567271008116263,1.7002930074257758,1.0739418172438635,1.4385330638396066,1.1071537799686193,1.6397617495647376,0.9875666299136747,0.9104759309866564,1.550215923893977,0.5185075612841915,0.9292060638911538,1.1347021975265574,0.9264865370527144,0.9529780313409705,1.1265868930902099,0.95990411533213,1.7119027944913263,1.6900423017213593,1.789326218522146,1.025731823202636,0.7717644264737491,1.6302229855193722,1.5948976756317068,1.2931365751935584,1.7208102108608976,1.0714491657973197,0.7818635355412434,1.5480594016232436,1.3595006022402576,1.1664204330388661,0.7947063673010012,1.5994850260856852,1.5571760923965487,1.5717866079680773,1.5226298692270543,1.2897311464191312
