Country Name,Albania,Angola,Australia,Austria,Azerbaijan,Bangladesh,Belarus,Belgium,Bolivia,Brazil,Bulgaria,Burkina Faso,Cambodia,Cameroon,Canada,Chad,Chile,China,Colombia,Costa Rica,Croatia,Czech Republic,Denmark,Dominican Republic,Ecuador,"Egypt, Arab Rep.",El Salvador,Estonia,Finland,France,Germany,Ghana,Greece,Guatemala,Honduras,Hungary,India,Indonesia,"Iran, Islamic Rep.",Ireland,Israel,Italy,Jamaica,Japan,Jordan,Kazakhstan,Kenya,"Korea, Rep.",Kuwait,Kyrgyz Republic,Latvia,Lithuania,Madagascar,Mali,Mexico,Moldova,Mongolia,Morocco,Nepal,Netherlands,New Zealand,Nicaragua,Nigeria,North Macedonia,Norway,Oman,Pakistan,Panama,Paraguay,Peru,Philippines,Poland,Portugal,Romania,Russian Federation,Rwanda,Saudi Arabia,Senegal,Singapore,Slovak Republic,South Africa,Spain,Sri Lanka,Sweden,Switzerland,Tanzania,Thailand,Tunisia,Uganda,Ukraine,United Kingdom,United States,Uruguay
Albania,1.0,0.0653297045540973,0.02168780361828803,0.013226987722159592,0.0345574189229078,0.022205645697645108,0.030581090160204705,0.016458669963697235,0.04981187310504478,0.039650861166049114,0.019918919655508235,0.06166058076329106,0.025858321427792517,0.03459800970577634,0.04422212837724037,0.04750980365996706,0.044034281100673145,0.051044346583416784,0.02605409605318368,0.048882012983704294,0.0191615146048888,0.01439657856194927,0.012044509342258593,0.059407979455816565,0.03367258302615005,0.06977541581016419,0.016304551023129766,0.015696728093106155,0.03181640926248241,0.01805831436584413,0.0073703654711348935,0.050475007453845054,0.029796863319183874,0.046458525277028435,0.043561518373425964,0.010147492284693659,0.025237713011791313,0.06404603087270845,0.028471920272334778,0.020910511756959495,0.038295830179704574,0.014059452276799108,0.03792322260903102,0.015274085535983157,0.04933592028190872,0.054117545751486765,0.06642842208743588,0.023316159348562657,0.02778265655537061,0.041859277652265194,0.021232658948958594,0.01696356145667836,0.021626640099685065,0.031143069192937894,0.016065837260254248,0.06965467058732894,0.033871341243994296,0.010712762354887197,0.08545866136014947,0.010723187577654386,0.03500035869305145,0.02858692784010113,0.06908847023569226,0.0248361380246095,0.03567105997337011,0.03571987755892994,0.04534072110666573,0.049716911188267904,0.041477320119329475,0.030479385938673668,0.05914309922350084,0.021232157787977275,0.0169969459206464,0.027051353679038735,0.04783106622030491,0.04273883188507423,0.046060842698291284,0.013001785412826634,0.03547852081730316,0.011369486834105175,0.019091076333558967,0.01795231143633919,0.07068938520281012,0.023787288945877488,0.0073190325307565356,0.026602638039709397,0.02297613934091881,0.02745825032439676,0.027417207031883422,0.03599878119552106,0.011730526267771185,0.013107787557938651,0.03285280835066595
Angola,0.0653297045540973,1.0,0.0513211499594011,0.05570661698507355,0.03875482543629233,0.06124766128849075,0.05218038164318921,0.05354053250923765,0.05154981602723852,0.05350182407523173,0.08498004490989051,0.12696224022184247,0.05025143925921089,0.033057747340752196,0.04121290079993791,0.057776399431206195,0.02888121488639595,0.03372310335642612,0.043248926958435456,0.03651500569992196,0.06930269785092326,0.07531352913408146,0.05929026814080855,0.04842858987849483,0.034533502535509325,0.039823044267503174,0.05639811204885701,0.0680542319180882,0.03742109838013673,0.05588905398261957,0.0653157673163282,0.053110054180631,0.09164245315205564,0.028446730072741826,0.03649280273249752,0.06661762656854248,0.059341535646515536,0.025548503115357564,0.04470643932218387,0.0754690661115441,0.03386680693957451,0.06294811352193744,0.0421641110768832,0.06765173768616073,0.026724377723910637,0.021848013486646518,0.028759581671259672,0.06515274695159429,0.04703072429647433,0.03617401463245743,0.08645757811493486,0.08119769615154451,0.06843909655494708,0.0478354592920928,0.07664280128872032,0.03910368725558221,0.04803150686238416,0.061076182616555175,0.04457529041792663,0.06740697447590716,0.03547116953823999,0.09152539596644596,0.02529778264752518,0.08577473830006502,0.03253242331940194,0.03169581428621419,0.030185016040906128,0.027792659976155036,0.0364318108358415,0.04872687530696232,0.037013829626460576,0.0840058815020332,0.08074599404579685,0.09230118097051904,0.03709536477567016,0.10056472674454314,0.03082463234244322,0.0592846815406021,0.034659939826302194,0.07341275951916293,0.051241263534915774,0.07205177242631963,0.0427988808970467,0.04442696409060294,0.06244120355182764,0.04955992105897253,0.043382716212850184,0.039276170944354344,0.05880485229363329,0.04760099357976361,0.05808707311103628,0.06295938098443976,0.04641314604239161
Australia,0.02168780361828803,0.0513211499594011,1.0,0.015766415610646192,0.034048950369907516,0.031590265546117664,0.020053624533423253,0.013010695896863742,0.05664146801451961,0.0271499092032868,0.0360635979752721,0.07795154818710409,0.02290937015266417,0.025993089853060574,0.029419085628369767,0.0497402477843296,0.03468794360887777,0.04660724230020428,0.02105311955719763,0.03415727898730184,0.02170062000107832,0.028585937053217523,0.0137792108382815,0.043860295272142094,0.034185857562084636,0.06338253651416502,0.014654830022296256,0.02495356616255908,0.017731522726906437,0.012610415303808874,0.02210148644784442,0.03610935697168424,0.040858200834658555,0.034550910847582605,0.02989642930086464,0.02292404454918346,0.033210019990813945,0.04963848705807896,0.02637964225196713,0.025297974174278932,0.02770695288385539,0.015173895353369998,0.02349240888243698,0.028420715726595932,0.03714712338795002,0.039900209458684735,0.053013458306339245,0.02997706592391397,0.031189093219836893,0.034772842204851585,0.03770297451957449,0.03206634021369891,0.033911053852224246,0.01629258089397069,0.025806161463855257,0.05530040201880332,0.023601540704183688,0.016801525463610245,0.07006424965989003,0.01880272954369735,0.020218881015658597,0.04347537463455171,0.058659340988593225,0.035723469238837326,0.020854340215979945,0.02741243757449211,0.03490561164654548,0.041341293806642046,0.028323353666216536,0.03345859740170542,0.04512397982604643,0.03321367826299153,0.03027392560088831,0.04274438042402317,0.03245584890852766,0.05087443090794235,0.04496396414387624,0.014014567633980972,0.02496555821692481,0.0272031343648446,0.012089496999437604,0.022657381217360564,0.05659386680044032,0.0128510393609169,0.01881088799498431,0.031022697273450268,0.01842551576469562,0.018080463724223294,0.027844062355160158,0.02440264604826898,0.013001245265785598,0.022705882287949116,0.029693986234881908
Austria,0.013226987722159592,0.05570661698507355,0.015766415610646192,1.0,0.029878363846441547,0.023985568923541714,0.022116111485990055,0.0038073685938875414,0.04983749270571329,0.028066071700555265,0.029378492293989714,0.07197766346101926,0.013326741190253146,0.023906303749174723,0.03289377974219902,0.044644453764670446,0.03443048550290923,0.04339370393361842,0.017490031500852002,0.03743451382443486,0.017664766738433126,0.019607048307544953,0.004437858240430099,0.04855916356636182,0.028454999348687622,0.062089357842509844,0.007710344655041122,0.015826803521344794,0.020157391644112652,0.008669861513853407,0.010366429762928012,0.04130963405309325,0.03656026407893026,0.03780890240002849,0.0318078196753691,0.014211228322170692,0.025433708425043538,0.05207315535106011,0.02090347121387512,0.02354873679678365,0.027393328859599046,0.010338925074180712,0.025725975117290384,0.018579920734819632,0.03933901748359249,0.04294204605316169,0.05541838793971611,0.026296431970612565,0.02397922039947028,0.034157161042432924,0.03168893532416728,0.026053529032662108,0.02426476371885605,0.0195456944228503,0.022870924920596135,0.058069495325582525,0.02270719210457421,0.007724608657518138,0.07476089504267114,0.012218417559329476,0.024283359038009798,0.03857845800440059,0.06042627176661443,0.03200647456210634,0.02464275667944986,0.02814061603354539,0.036829089544656225,0.041949103033759476,0.030520407445015257,0.028907472388792835,0.04804914895775516,0.029042450463427148,0.02520416012902488,0.03682847060047455,0.03652931681568141,0.04982982037537225,0.0393689315687632,0.005249058215363252,0.02467897630524125,0.01771445195247777,0.011043368548580382,0.019326799857275145,0.060026292457620006,0.01218680527586586,0.00969448686818328,0.02334629854405362,0.012408284206401443,0.01671687682320638,0.025634473223328257,0.02611980177856136,0.007545398824302044,0.015111874248731224,0.025812693401815714
Azerbaijan,0.0345574189229078,0.03875482543629233,0.034048950369907516,0.029878363846441547,1.0,0.033953296377887084,0.037951621376020955,0.030892788098532274,0.03913447999784649,0.03661724747609264,0.05433375504682147,0.09621724747526982,0.02896254693982531,0.028063724847476972,0.039451121204098105,0.025799894335051875,0.01938660482742435,0.0209292390574114,0.025664760195056282,0.03125909242548692,0.04541180027666093,0.04488359697352957,0.0331333124365856,0.051717393402953324,0.02207075521838478,0.03551284785063636,0.03558669103418317,0.039181849403134995,0.02387492014111723,0.036871574290689726,0.03479183920922847,0.05157062870237328,0.06279650115723442,0.032738885130744404,0.03210153427475294,0.03718722844709681,0.031153950021971768,0.045748360452797,0.02062826178423246,0.05040823933087888,0.022042664818357146,0.03923777573904614,0.028311010343698626,0.038212126384322906,0.023323508398845894,0.029333136185215443,0.04405442853508873,0.03649209136023249,0.02668263829032589,0.027257860223230995,0.05570948795104917,0.05042458816859561,0.040270997999430146,0.03461266748167846,0.0467660960755318,0.04999369375726193,0.032307843610146714,0.032950136413471706,0.07286074608574654,0.039567868455640594,0.031457518338938444,0.06108376820104001,0.056318506502059024,0.055605414556869,0.025813538672792836,0.028796509629866466,0.03545300105490645,0.03296569960348029,0.027928569677602866,0.016135612577825177,0.04020658466891055,0.05408285837677833,0.05077656563327058,0.0615883887430588,0.038497868071300685,0.07146813916804337,0.02135376545454332,0.03417124795385165,0.022534291740563796,0.04301298046240161,0.032281841452482515,0.04881024792649691,0.05460514443682213,0.024395792658670725,0.032753710206968545,0.02658665184801631,0.025514000200707238,0.01856052432045645,0.029848617009568694,0.04163206416605261,0.03295173764277085,0.03420076554028014,0.022181246034496484
Bangladesh,0.022205645697645108,0.06124766128849075,0.031590265546117664,0.023985568923541714,0.033953296377887084,1.0,0.03773609617380718,0.027075557180626188,0.03346598006209067,0.04830873520819781,0.030795868851883575,0.06586660531399667,0.03132010655803593,0.03203439701025328,0.046051565216732655,0.04760960820119891,0.0405943516091532,0.0485270411339651,0.02314165289170605,0.04815477801033335,0.03867725404129935,0.025937272904608503,0.02392278647531219,0.0608380424881604,0.029043393759580552,0.06586188664729437,0.027273669198476413,0.018463863096540405,0.03368217155202731,0.031359713063731594,0.02095668429279275,0.057491717782205846,0.04349218703224808,0.04236766310045153,0.0429242171517717,0.017751057660679564,0.013673208154833796,0.06282780023421378,0.03803594538124555,0.0386093667838565,0.035906090061424624,0.030438142251250404,0.0432719394635986,0.027319588150345693,0.04551049459353512,0.05096400032944461,0.06389883060002761,0.01329871401166277,0.01759578656676655,0.03547696849324261,0.030266598354031227,0.02509717074427155,0.031899682990200726,0.036496098560920016,0.03605173451209408,0.06885376380325207,0.04478611101445838,0.02602764127799777,0.0865446490873035,0.026753328628886092,0.03399087787071399,0.03116473127255425,0.06217730183952326,0.040900230104151954,0.03298337914566097,0.030355885041795993,0.04455404004622227,0.03950195940753933,0.0412444879142553,0.02795492107678671,0.05935339719029704,0.03918842291662664,0.0329120615100191,0.03840977561415002,0.04951441610349492,0.060687228644898825,0.039492290264522764,0.02609711726887185,0.03340866916340381,0.025578180521329024,0.0248033847946858,0.0357200364659747,0.07154321825518035,0.02817199857368114,0.018598239055630905,0.01679215446144166,0.02324541072506388,0.02919563364892344,0.03228647851004158,0.03911255943503497,0.025483810131677095,0.013290040375908196,0.03645703003349625
Belarus,0.030581090160204705,0.05218038164318921,0.020053624533423253,0.022116111485990055,0.037951621376020955,0.03773609617380718,1.0,0.01979422017353955,0.06058907848934872,0.024327309082012406,0.041585462813073876,0.07972826854483035,0.024481336932264165,0.03035604621191068,0.02414262371363025,0.052156519696702715,0.03701331801646205,0.048057392864750414,0.021942813757428698,0.030681374709454257,0.02777330162210557,0.03461768128128401,0.024244113139577524,0.03471330079962845,0.036394925417798374,0.06560035818509176,0.01809684559971549,0.02533472398002596,0.020250645209379307,0.0179163655892336,0.030500525150845594,0.026350600629175512,0.04710788359467484,0.033720937014770205,0.026784165768114914,0.03138361518910907,0.03775451797460657,0.04437824099904131,0.027547020965388067,0.03719218906015175,0.029471616339296534,0.023237097392294577,0.022895697647064932,0.038631292158638905,0.039158605268932035,0.037961391463309256,0.05026853063773673,0.03612504008738119,0.03319433822065863,0.037093238106714554,0.04235883738936073,0.03646640496261935,0.04095658277272178,0.018759233446226348,0.03668938068821446,0.04911571120403937,0.02350689913977925,0.026521180567383614,0.06417748290748321,0.02613903188942061,0.02313554153021161,0.050034402053657126,0.05070259452197478,0.04393868308131166,0.024122191961922907,0.029832954144701298,0.03595139001796663,0.04101710512027279,0.02681140046080848,0.03659945293361489,0.04066510672724836,0.04321399215591105,0.03642796156498191,0.048160291614938865,0.028298081412856044,0.058015589342773184,0.0441559032363211,0.021916212642066314,0.028294072794934424,0.03430178094138597,0.02317221149291302,0.028207395781244385,0.04711853114411535,0.021464216685921807,0.027561889725896967,0.0347807581335179,0.02332879357773526,0.026323061212808294,0.04071282911128283,0.022037515703385812,0.02088744715690748,0.027934757772178125,0.031318883945473566
Belgium,0.016458669963697235,0.05354053250923765,0.013010695896863742,0.0038073685938875414,0.030892788098532274,0.027075557180626188,0.01979422017353955,1.0,0.05218754781199104,0.026362989183524074,0.031789882853036903,0.0746907662749053,0.013323050202272368,0.02313173354324699,0.029659793435615655,0.04582921057775346,0.033087061038747353,0.043466727218024345,0.016327463208783522,0.034520414967355424,0.017708210890562393,0.021863921068855156,0.006329012152802903,0.045226730643742975,0.029108280219747203,0.06190748716298661,0.006878116200445777,0.018274801071695154,0.017349234331456916,0.006723014900063887,0.013616586824234627,0.03843578835707964,0.03834268208861879,0.036230739467945555,0.028906576998322796,0.016616087002433437,0.027843528973536747,0.04915422396787724,0.020646260528770926,0.023361436527562424,0.02495557070836527,0.009746652044892206,0.02310087902777198,0.020490764283601987,0.03707773202133118,0.04044288650217657,0.0532750189573275,0.028581077153343123,0.025461037097917912,0.03321166236304399,0.03455461877320835,0.02882364280172733,0.025942644600297177,0.01684127969541809,0.02376217493756039,0.055135012736240746,0.02013413476696816,0.00922237190584489,0.07144268723094795,0.01387026762494604,0.02150131941163498,0.041498716994620745,0.0586459810082393,0.033297017885622573,0.021894853428859135,0.02724169794538996,0.03506491511314146,0.04067887722064448,0.027996222719727123,0.030318785476609537,0.045111618649238114,0.03072506926312228,0.0272237561603005,0.03938490026072026,0.033270244788152714,0.049995391059756526,0.04028494150278822,0.006944166304124214,0.022243750124306263,0.020155537340515926,0.009629643432954589,0.01903194832272839,0.057028285130914964,0.009636049802952837,0.012418801397005774,0.025420242998757572,0.010953494816113588,0.01484490913556632,0.02662308675240813,0.0235826379971378,0.007866739390138528,0.01727129366117576,0.025808030898360694
Bolivia,0.04981187310504478,0.05154981602723852,0.05664146801451961,0.04983749270571329,0.03913447999784649,0.03346598006209067,0.06058907848934872,0.05218754781199104,1.0,0.0671467049619509,0.055273890339345697,0.08387094617425492,0.051613694423435996,0.038107395242013564,0.06452229310003356,0.04201586676920752,0.038115959104626444,0.03889513609795098,0.04129034861710108,0.05935443806547533,0.06694950440940174,0.05041941325474134,0.052129100535071415,0.07108239636875167,0.028348063056568285,0.05718105002330695,0.054445150810032504,0.047001903693279855,0.04923730880573415,0.05817508381322255,0.04792113419015138,0.07811262969813051,0.07501708701676663,0.04304132876197545,0.05083711119183172,0.04907973056458646,0.024860498991846478,0.05972608709648441,0.05044049643804663,0.07000917527784382,0.04305949305576042,0.05885272650833969,0.0576391835485721,0.04867012678410839,0.038376885189236154,0.04810973793337895,0.05924939140655889,0.032446472432559235,0.027809302276317994,0.03326476869205216,0.05839423320219257,0.05117979105369473,0.05827127153615481,0.05642217969733025,0.06304677423722284,0.06821509148676089,0.0617327598694927,0.05390918862239613,0.08553092062558475,0.05593750342398422,0.05312417515941645,0.0498135889376456,0.055099531792917385,0.06657384388052191,0.04727617318721192,0.03636176352227137,0.04417420491058557,0.027205286758902172,0.05487564093332294,0.028371082421566166,0.06465366896644056,0.06219244230305142,0.0632524270533118,0.06364814284694223,0.06312544070130535,0.08052767082841472,0.02962988610873828,0.05314407692549872,0.043212475449536124,0.0495523460441008,0.05181473260083558,0.0653154606911325,0.07611964549018396,0.049125241096224515,0.04664280146816072,0.026888280741017307,0.04566285960305173,0.042002238556072144,0.04440625451699959,0.06318688058007169,0.05183860438771551,0.04234639713307657,0.046923195871185104
Brazil,0.039650861166049114,0.05350182407523173,0.0271499092032868,0.028066071700555265,0.03661724747609264,0.04830873520819781,0.024327309082012406,0.026362989183524074,0.0671467049619509,1.0,0.05167809486710129,0.09328932129388871,0.02026155412468664,0.03842021984003643,0.018274655294774934,0.04833918617487034,0.03322044002416806,0.04086028030931436,0.029075530163446408,0.020066880528109666,0.032512983406297255,0.04370316768081227,0.030099402702683117,0.02845586235488537,0.044986832358239776,0.05190102789091174,0.02947549798218,0.04129708739284025,0.023639423712610987,0.026594125975667984,0.03733580014474862,0.031783813095255575,0.05190678709317224,0.03397897725126206,0.023656646129345097,0.04119090298277123,0.0459679891046971,0.03477334472292603,0.024752301416578994,0.04360893287899448,0.027773935431396325,0.02944293534734578,0.017951532947210184,0.03912098294533656,0.03388746317652534,0.033626048514991576,0.04401949052353582,0.04958718031263611,0.04109956470608357,0.046724222212103324,0.05467631831407748,0.04877764719477966,0.03712276491265539,0.01886377257653454,0.041943948427087624,0.0354313753255046,0.017123709312761755,0.03075133669268084,0.05300532696977728,0.03557911279759049,0.029196834277994292,0.0626688995593879,0.06048511437421246,0.0495995617281842,0.02750524761431247,0.03679152022631918,0.033437091794780244,0.052236002807748906,0.02029394229804657,0.04137367971746988,0.028032871600669952,0.048143361030447605,0.04417783810822851,0.05901051822324828,0.020389054834086616,0.058138266726733716,0.047346103544426414,0.029357971137051412,0.026528983524260124,0.04066391220261048,0.029744383559584812,0.038317743550649486,0.035435935631475214,0.023404440667504245,0.03679128173886586,0.04272142639399966,0.029465505171956268,0.029284153438309278,0.039879371294402124,0.027106501785531416,0.031780328330999634,0.04195821807493886,0.023861870778079917
Bulgaria,0.019918919655508235,0.08498004490989051,0.0360635979752721,0.029378492293989714,0.05433375504682147,0.030795868851883575,0.041585462813073876,0.031789882853036903,0.055273890339345697,0.05167809486710129,1.0,0.04339313487328538,0.039890204473645594,0.052086987214345425,0.05811211267630213,0.057600592648483974,0.06367213682933896,0.07014984573310108,0.04360744865542937,0.06562452132624662,0.023803241713467076,0.010809168451235212,0.026182632577948547,0.07187960949039993,0.05270445063159086,0.08822866768535015,0.029420301538755286,0.0239291429453276,0.04906132456553308,0.030884694742047348,0.019677774131379822,0.060823351516325015,0.022684411685686804,0.06618796695957518,0.0579961003188871,0.018668376281082307,0.03292973163088227,0.07956495589339432,0.04433287344565063,0.023944910549461084,0.05664008985467536,0.024381016378816043,0.05350485838141447,0.01956362408441642,0.06870723512943232,0.07216439551197448,0.08467392784300785,0.031372182990019454,0.04319998150847559,0.0615050028629727,0.014005155608849105,0.014565300398791376,0.02468833466694195,0.04413631135444046,0.017737745514087317,0.08541266055985287,0.048853301400010325,0.02440261296428932,0.10034636286094625,0.01927458747574806,0.052972654262943605,0.020552471974455578,0.0856918707134557,0.015262893434885027,0.0536466854588995,0.054023533908251535,0.06514867196990351,0.06831412932659274,0.05973354097630578,0.04375592612806092,0.07527680788060459,0.013850558414813214,0.01302062840402441,0.012398985237579775,0.06280214373542894,0.033944480421922066,0.06486345992325743,0.026408728642482008,0.05399709729213599,0.012188387436553398,0.034932757023195704,0.021156595499194724,0.08447387611111752,0.041386566051567035,0.022595749792980332,0.04348394931624608,0.04160974414594942,0.046069172621102404,0.0408768582066251,0.04871317838404919,0.027957306998759278,0.024630303810927165,0.046574211255346054
Burkina Faso,0.06166058076329106,0.12696224022184247,0.07795154818710409,0.07197766346101926,0.09621724747526982,0.06586660531399667,0.07972826854483035,0.0746907662749053,0.08387094617425492,0.09328932129388871,0.04339313487328538,1.0,0.08327669662283954,0.09456302764438501,0.1014477904970588,0.08830111219592923,0.10566352160441743,0.11254243790663503,0.08454016142099198,0.10897921472900794,0.06316967282343743,0.05291024597396928,0.06900357948779307,0.11163445612766314,0.0929891276442817,0.1311468616032948,0.07154608079897114,0.058942757337910635,0.09203723109497226,0.07412073125320569,0.06212778202240832,0.09015686903924443,0.045400266528904006,0.10706451115994728,0.10138598857162799,0.06037840342364019,0.06838730489824645,0.12295735701682725,0.08693931522921118,0.0534450361376591,0.09937078287736684,0.06754805203068694,0.09677006880131703,0.06251298088113126,0.1109772331078918,0.1149057647977427,0.12721673442600298,0.0641049136502428,0.08040799983839086,0.10037698627620491,0.04050847134619098,0.04592606576979755,0.06619947788570804,0.08674726981202573,0.05278583665363349,0.12871595346328207,0.09207360043226151,0.06729017633797275,0.14365417037099718,0.06137878648415641,0.0955476016823771,0.036154315226140994,0.12091706091433654,0.04464326899531686,0.09657686078745319,0.09605952701940176,0.10661024718706694,0.10473446220431455,0.10240868289080446,0.08299564265228798,0.11842888595583641,0.04613213979168962,0.05034411605038309,0.0353688033668378,0.10603191287080377,0.04951758295727602,0.10469455762042755,0.06951843867274558,0.09665268097994612,0.055329001180192794,0.0780963395272231,0.058961080626094134,0.12655569886162937,0.08416242717161848,0.0645525952713167,0.0790838164377222,0.08410621969011813,0.08830889586616222,0.0841067205911451,0.08807705785537401,0.06905107503438607,0.0640354392659945,0.08880817713292818
Cambodia,0.025858321427792517,0.05025143925921089,0.02290937015266417,0.013326741190253146,0.02896254693982531,0.03132010655803593,0.024481336932264165,0.013323050202272368,0.051613694423435996,0.02026155412468664,0.039890204473645594,0.08327669662283954,1.0,0.02636839054004197,0.02437914961803644,0.0421063371089965,0.028345109392378186,0.037240448019593156,0.018687789067448772,0.02612444653948408,0.022508002101926303,0.03129750962633903,0.01675074254049754,0.041075285212052365,0.03046528089822606,0.0534826720977969,0.016154975735665118,0.02645478955413126,0.0156417749453906,0.015217602530981238,0.023455160294856253,0.03945805579183383,0.04294770350297421,0.03470451514932855,0.024253848568944365,0.026820983142852986,0.031555236067189074,0.04139047610167343,0.015993240259922655,0.03365749527040873,0.02156535013689633,0.01795516037465356,0.01820078702923771,0.02320214245570559,0.033620123316682717,0.036598124936002174,0.04957501351485176,0.034816078535599995,0.027239470900439634,0.036773241678299325,0.04393622576085258,0.03800484394983786,0.023227937564227204,0.018123018386541758,0.03215122394086496,0.04638259596006485,0.016674595186403414,0.017556315657042,0.06701843815897855,0.0231437079001203,0.025840072487875728,0.051649674766655815,0.06116448031642121,0.04057599687930539,0.019721101545747063,0.026824885065268696,0.03352298032185118,0.04205841785315283,0.024167921704622772,0.029602746447805188,0.03781551494625452,0.03775335925811864,0.03341647731992928,0.048020008137286976,0.02874578433171589,0.053756739357369625,0.03606636586943978,0.016136465199811104,0.01854499486984926,0.02832299869084856,0.015044000653108664,0.027287570136015193,0.04871250636083167,0.013111061866853497,0.022597668080603883,0.027643601915445917,0.013482822789448429,0.018675427888715533,0.028793880318840386,0.025291591154584417,0.020275546673324287,0.02564629561991908,0.019903445235135826
Cameroon,0.03459800970577634,0.033057747340752196,0.025993089853060574,0.023906303749174723,0.028063724847476972,0.03203439701025328,0.03035604621191068,0.02313173354324699,0.038107395242013564,0.03842021984003643,0.052086987214345425,0.09456302764438501,0.02636839054004197,1.0,0.02730043887797965,0.043112632624865116,0.022254793924397123,0.03166695369237317,0.017385166788572777,0.025755927095497174,0.04039064904129848,0.04259304596148214,0.027405477181921552,0.035554468156299715,0.01439996954964534,0.05081876139760179,0.02580090983650171,0.036166783272298164,0.016232058376867885,0.026307006574008317,0.03305888081851387,0.0412348227536963,0.05987818180119216,0.02160550226059536,0.018313444691430102,0.0359621517770212,0.031099274051024958,0.03518719482923267,0.028249782845105795,0.04573740474923205,0.01677874191688161,0.03165268803157286,0.02703266185253797,0.03731777152056349,0.022272025205168272,0.022876295097830117,0.036437800021029004,0.03713796223674968,0.021375153668319307,0.022841439243880688,0.05431533973521398,0.04864408931416285,0.04033318095002556,0.02257977574359968,0.04656827933627811,0.04014396902485167,0.03278431572672651,0.030815423560990523,0.0603692149532508,0.03490338935656931,0.016883309669055338,0.061251708315088804,0.04352213553885463,0.05563416870949813,0.01273345854316985,0.013022091691720316,0.023342387216254038,0.023754388452546654,0.023340557159174918,0.029807612322470128,0.032452512032551895,0.05244646110499983,0.048386314120734325,0.059442903953675415,0.027122061301028746,0.07240647977109624,0.026444565020322615,0.027411570049996888,0.017323945298841195,0.04072945832862999,0.0211100715751921,0.03992572409743361,0.043878118563979406,0.020200269478136825,0.03185874456410309,0.02144234828658789,0.01731946372557284,0.01820064197242619,0.0357585194061273,0.027098353164925065,0.027288963710091305,0.032385542702189504,0.03469934639775886
Canada,0.04422212837724037,0.04121290079993791,0.029419085628369767,0.03289377974219902,0.039451121204098105,0.046051565216732655,0.02414262371363025,0.029659793435615655,0.06452229310003356,0.018274655294774934,0.05811211267630213,0.1014477904970588,0.02437914961803644,0.02730043887797965,1.0,0.05351794816705623,0.03157533877983368,0.04221795395366311,0.02435480004163243,0.014251157959156546,0.038278128778436886,0.04953259713629317,0.03563269773093905,0.019791188979065052,0.03785471428193081,0.05573449615118304,0.03128005979087993,0.044305003207102234,0.01979646735643812,0.028166636030067426,0.04321569240062266,0.022227363384112846,0.06009468809525349,0.02493678220018171,0.018764311509666468,0.04573633038929948,0.04528726944857349,0.023217083451219027,0.029511466004911984,0.04982779129708152,0.024533068809369864,0.03401044914713419,0.02102551788232375,0.045520860772535074,0.03222337317004987,0.028094533005336257,0.03821155577571637,0.048733391184755344,0.03689672448983028,0.04197349415851895,0.06217182599675581,0.056251414632688665,0.041795782810636166,0.01761603239123295,0.049634329043123135,0.027685818546584848,0.02283964302107752,0.037066010477221245,0.04316443322966795,0.04071277955774745,0.014022790368608009,0.0700518970086398,0.04812998082946514,0.05781532692015372,0.01726734305691853,0.02897173921756135,0.028203414898102835,0.04543547194971746,0.015429203425091721,0.04296638406358271,0.019565492495000652,0.05597316814630779,0.051157075971041646,0.06626421400480187,0.008578258206100314,0.06703405319061456,0.045396589490642826,0.034467041549242544,0.023081668781763858,0.04681129779191981,0.03026484493019674,0.042538024791334256,0.02755478335396886,0.025195290583189145,0.04191509552398899,0.04008722631320528,0.02545549220308192,0.02975451567543287,0.0444977902759544,0.019361057367052226,0.03589167221292348,0.042904735406693956,0.03250621656015008
Chad,0.04750980365996706,0.057776399431206195,0.0497402477843296,0.044644453764670446,0.025799894335051875,0.04760960820119891,0.052156519696702715,0.04582921057775346,0.04201586676920752,0.04833918617487034,0.057600592648483974,0.08830111219592923,0.0421063371089965,0.043112632624865116,0.05351794816705623,1.0,0.03203380716938334,0.030629784151217088,0.0387821830534985,0.04459788388060639,0.060847995901745465,0.05158293923551132,0.04811801984931504,0.061100327239974404,0.03646090021213847,0.0458048446038646,0.04995130745641708,0.05323782720657478,0.03847115808901254,0.05184407717546518,0.045927076382682695,0.06458659173423532,0.07395023850928398,0.044400471106442414,0.04274601152154649,0.049084472087732076,0.03793448964259252,0.05891334509682337,0.03581936014463521,0.0654961298557611,0.033741603618045825,0.054413276190842394,0.04360658521864708,0.04626719739861156,0.035635342559519924,0.04351629562494374,0.05193694744505771,0.04821596181458458,0.03892589626673457,0.04469934761682226,0.06406727141511113,0.05750616887208227,0.053486528837897125,0.0484305164278848,0.05767801979215859,0.06077729734389911,0.04517666698046083,0.04806144461025146,0.08524413659570265,0.054019494032655976,0.046836391638768356,0.05796809925982194,0.07341348512571348,0.059966212011309236,0.04017955499708975,0.04100180803192792,0.04531946963888936,0.049724769203344996,0.042791956215786006,0.02520802897436353,0.052465842847465353,0.059580156142235254,0.06372003580637668,0.0677527552531868,0.051923807805996716,0.06673315109758951,0.03582983623260169,0.0488143827107348,0.03427834298689758,0.0502454769754257,0.0476365726802519,0.06377142743635673,0.06601389916112536,0.0391973734180229,0.04632944757442177,0.040309138606064034,0.04059599623782476,0.033734998101468384,0.0417120216248708,0.05369601064995879,0.0474029456873775,0.047640580565331034,0.027832475692501326
Chile,0.044034281100673145,0.02888121488639595,0.03468794360887777,0.03443048550290923,0.01938660482742435,0.0405943516091532,0.03701331801646205,0.033087061038747353,0.038115959104626444,0.03322044002416806,0.06367213682933896,0.10566352160441743,0.028345109392378186,0.022254793924397123,0.03157533877983368,0.03203380716938334,1.0,0.014368250852293913,0.0228234499185953,0.022831911596381087,0.04789463255939659,0.05403730207362858,0.03802144526466237,0.03847982971576412,0.01976697386297234,0.03276629205344572,0.03626393950807429,0.04676820957960098,0.02149282710308927,0.03774029497806603,0.04402150297112896,0.04751391952002288,0.07034113619854328,0.017259388507554117,0.020389635592963917,0.04530466559746701,0.03819988018492323,0.03233945776630072,0.023314404633361097,0.05468078075209407,0.010728123431929483,0.04259436299037128,0.025280045628093224,0.046243380344661564,0.008995875318304036,0.017904658137499828,0.031966140406272735,0.043823532605333185,0.026236798845334697,0.020233456337775506,0.06515583260693573,0.059881857452550674,0.047228618857840084,0.03148641672647778,0.05536228829324031,0.036775202973569704,0.027568264915642182,0.03980724759263356,0.0590397065654483,0.04627275210485206,0.026086292852920787,0.07030054630901705,0.04745311807872602,0.06449591531646287,0.01958903608877826,0.018447876861945094,0.01937776463791288,0.025437959195340528,0.019591892537410838,0.024787236489725237,0.02965412782975369,0.062716634157227,0.059475432011281026,0.07098504841812649,0.028980057733151265,0.0791418953760593,0.016152569800390645,0.03803306529452762,0.011794667979982215,0.0521395430441492,0.033120643119760755,0.05204336073975101,0.04278468522506942,0.025064603233270637,0.041124464048165194,0.028446830059550485,0.02472669245373131,0.019586493371071684,0.03865798761187952,0.032812033851248486,0.037225817256907406,0.041917083830977676,0.022588576180893077
China,0.051044346583416784,0.03372310335642612,0.04660724230020428,0.04339370393361842,0.0209292390574114,0.0485270411339651,0.048057392864750414,0.043466727218024345,0.03889513609795098,0.04086028030931436,0.07014984573310108,0.11254243790663503,0.037240448019593156,0.03166695369237317,0.04221795395366311,0.030629784151217088,0.014368250852293913,1.0,0.033510413934376294,0.031447488852941796,0.05742674274298755,0.060279745501682754,0.04702498746101686,0.04478782475049073,0.026485231161759392,0.024487022138629386,0.04698366679310902,0.055535785413724524,0.03198821692242585,0.048176985256969944,0.05052290944675064,0.05772116871984013,0.07728135774026128,0.024603728528136512,0.0268026960230473,0.05359452712861406,0.04651567165756479,0.032917659318927164,0.02953707940698872,0.06420134295906052,0.020182943452188948,0.052414078724697236,0.03589920040414641,0.05217719421138677,0.01387361525432519,0.02126995449727938,0.03002083954317803,0.05267585235494226,0.03595633183394651,0.028401267390699637,0.07205564165649744,0.06665922389049211,0.05391509424246287,0.04175538274021933,0.061271473718726766,0.03787526028181983,0.0387323030700775,0.047293356682730756,0.059928191030874246,0.05465353805313454,0.035679843906274676,0.07769627778724203,0.050934764062090764,0.07079151080015687,0.029644490276481843,0.028681648630690195,0.02617876790601552,0.029789894128765856,0.028806489348195373,0.03307918546330596,0.03508246333269568,0.06857754731119031,0.06555470268589336,0.07758340299445454,0.03886313193907341,0.08529537827803077,0.017679473654275964,0.046921218399180675,0.022443403711514903,0.058320043624739436,0.04367382140921594,0.061976303115701036,0.04737160188942199,0.03542682540831084,0.0491606252511656,0.03695606071682932,0.03502542633365279,0.030764490444066855,0.04446676526518698,0.04195983229510828,0.04761727554523234,0.050696146330701165,0.027159951893329645
Colombia,0.02605409605318368,0.043248926958435456,0.02105311955719763,0.017490031500852002,0.025664760195056282,0.02314165289170605,0.021942813757428698,0.016327463208783522,0.04129034861710108,0.029075530163446408,0.04360744865542937,0.08454016142099198,0.018687789067448772,0.017385166788572777,0.02435480004163243,0.0387821830534985,0.0228234499185953,0.033510413934376294,1.0,0.026832819424667628,0.033709661485999305,0.03458561931824319,0.020632120218703268,0.039792510484722,0.01781179140984588,0.05227784918119052,0.018030546738331057,0.026002331875361575,0.013977480754896467,0.021514047019235316,0.025463744233184545,0.03688426106003493,0.05304259860047804,0.02372203438795282,0.02209560792310262,0.026051819026466645,0.02230256136857221,0.041986003621220486,0.021248881764558435,0.03887730063213356,0.015443202731595081,0.02521254076957037,0.023043140218371245,0.034414268096736776,0.02675219241137215,0.030965728941369387,0.043571153010299686,0.026096741860366604,0.014122905639341406,0.024854594260155946,0.04424917791380067,0.03872627042114606,0.037412853676954044,0.017770479327966937,0.03972264149953776,0.048112567919722196,0.024823955461568143,0.024616222697666466,0.06499867129364055,0.02771788997340621,0.015226072089796594,0.05019960029152993,0.04846300898489812,0.04907522142219233,0.012737886322526404,0.013940654779541787,0.024262301799101195,0.028118109363045027,0.020550650604783196,0.024456741497563203,0.03843601413243,0.04584524144788217,0.04088377016948813,0.05065321156624612,0.026789380716612524,0.06539289094427911,0.025027995921618654,0.020366246128703552,0.01281693263843914,0.032922659582821236,0.019224243776133066,0.033056165478995835,0.05039994923042082,0.012840525491466649,0.022330989929303525,0.017092435651335086,0.00930680104737011,0.014726880448272306,0.03191815013891125,0.025287144634613543,0.017959250305233262,0.021246884467686217,0.025396511935493502
Costa Rica,0.048882012983704294,0.03651500569992196,0.03415727898730184,0.03743451382443486,0.03125909242548692,0.04815477801033335,0.030681374709454257,0.034520414967355424,0.05935443806547533,0.020066880528109666,0.06562452132624662,0.10897921472900794,0.02612444653948408,0.025755927095497174,0.014251157959156546,0.04459788388060639,0.022831911596381087,0.031447488852941796,0.026832819424667628,1.0,0.04616083534311496,0.05617475394852706,0.040276435543706864,0.024109400151552003,0.03263227196013613,0.04196950432649564,0.0376404629516141,0.05093734296058254,0.019053678514735255,0.034859507916283027,0.047471545719788025,0.032180866571319314,0.06853049219308703,0.02170408659333455,0.014703637880331508,0.050185076962592494,0.047441286810445876,0.019892595100303435,0.02313237373850842,0.056005023243120206,0.017293709014528067,0.0415018400872667,0.016583722883897433,0.04820790129318596,0.021843235410310302,0.017222234808473156,0.028925279495054714,0.05252529017130933,0.035261141314959284,0.03762617222800967,0.0690653425174531,0.06328049476123165,0.04421622278066131,0.022814697482702165,0.05624661010642837,0.022231525427616007,0.01969952897768019,0.041788892825351066,0.04473267084102953,0.04761901304962769,0.0198750013790416,0.07560794267742246,0.04632957394365653,0.06565931590449892,0.016145359189293332,0.026048708597317963,0.023015352810930888,0.04007263255523516,0.011282105735886125,0.03873765583026116,0.013043442935328085,0.06284757397851612,0.059218445236022016,0.07361666572033893,0.010849139751710753,0.07545096934421393,0.03607336213869335,0.0397420467285323,0.017576001711773065,0.05365130175098709,0.03317040720274848,0.05053946195730967,0.026395205948564884,0.026852423121563773,0.04608443264563959,0.03978159040174598,0.027992758599248588,0.028237230145529795,0.043593240136775964,0.024269905749973363,0.04105817719555284,0.04671960309785382,0.025954056050585723
