Country Name,Albania,Angola,Australia,Azerbaijan,Bangladesh,Belarus,Belgium,Bolivia,Brazil,Bulgaria,Cambodia,Cameroon,Canada,Chile,China,Colombia,Costa Rica,Croatia,Czech Republic,Denmark,Ecuador,"Egypt, Arab Rep.",El Salvador,Estonia,Finland,France,Georgia,Germany,Ghana,Guatemala,Honduras,Hungary,India,Indonesia,Israel,Italy,Jamaica,Japan,Jordan,Kazakhstan,Kenya,"Korea, Rep.",Kyrgyz Republic,Latvia,Lithuania,Malaysia,Mexico,Mongolia,Morocco,Nepal,Netherlands,New Zealand,Nigeria,North Macedonia,Norway,Oman,Pakistan,Panama,Paraguay,Peru,Philippines,Poland,Portugal,Romania,Russian Federation,Saudi Arabia,Senegal,Slovak Republic,South Africa,Spain,Sri Lanka,Sweden,Switzerland,Tanzania,Thailand,Tunisia,Turkey,Ukraine,United Kingdom,United States,Uruguay
Albania,1.0,0.06375320590469602,0.022174421143208948,0.035122474508716604,0.019344616945966866,0.03348036405429182,0.01682590941677182,0.04467760649747774,0.0427492710132153,0.021970803203610036,0.027275558663468032,0.033262476472588946,0.047378474790817644,0.043500795988133986,0.04964559660157927,0.02510659420296565,0.051991086822326366,0.020641852982050204,0.014993016697055472,0.01213576188290546,0.03180709995390262,0.07210686163083387,0.01717337302084104,0.015537733019541883,0.03403179208292396,0.019545146993594376,0.021904450858128133,0.006914736901770098,0.056562821921488864,0.04284839124470771,0.04307585845129432,0.009532565560844669,0.024334508683065182,0.06344837390020051,0.03803817139807728,0.014697127628767893,0.04216604174576353,0.016828729820833346,0.047132385582523646,0.054663465900869186,0.06257939598397179,0.02269952844630744,0.03873494486823646,0.023257116170032524,0.0167431382094881,0.06331260759755013,0.012854775158437009,0.0375596733256291,0.011188392317577936,0.08656943661827955,0.011006868330997593,0.0353713229862229,0.0641174261398189,0.01936750118265854,0.03585987681961148,0.03354715121569375,0.04362530055241188,0.043272023981388914,0.04256045040511908,0.031696812487022774,0.06167226475060993,0.017999041534647167,0.017320747198775376,0.029390461234853966,0.051361129228848765,0.04110538988911033,0.013773312628492485,0.012140174822886844,0.019161205152949085,0.020145469608861006,0.07491492469902955,0.025381677165048754,0.0065333157739560326,0.024082116294442447,0.02165757523274771,0.029072951812645475,0.02471021408882173,0.037064589000494585,0.011978271470753733,0.012237775152646737,0.03592421996794542
Angola,0.06375320590469602,1.0,0.04656643826693035,0.03944317265684735,0.06450618871186181,0.05162942318278937,0.05029569484890498,0.05763324062312411,0.0505165327732838,0.08492494732130657,0.04850803258510491,0.034122315193495095,0.04093489538979081,0.030947409286836026,0.03781734855900557,0.04333689858832911,0.03626821653742593,0.06398699177234442,0.07495978175928186,0.055525759232775196,0.03563200226912995,0.043036966814153414,0.05455263891812505,0.06901682169200514,0.033976016952491646,0.05241460203087394,0.07690448432398164,0.06349176059541417,0.05323487325014579,0.031268109050143954,0.039252440923458136,0.06649048744701345,0.06166125835018942,0.028303470391095424,0.03518537971009195,0.058768096090800706,0.0368271791918912,0.06381054920371329,0.028417210946070578,0.02245688999537559,0.029232469468645283,0.06859866277397252,0.03927812290173742,0.08700652622981964,0.08005391827115038,0.030121225227764715,0.0711556002562325,0.04329404291931925,0.05665760292600163,0.047647873106696235,0.06484083089898533,0.03547541579900744,0.02624042271047456,0.07998070398884467,0.031835860565135675,0.03235904784493113,0.03280121315271747,0.03122915125004573,0.03729942954822845,0.05051215141268412,0.039001735817437225,0.07906337553839428,0.07795869062802166,0.09283204440821133,0.03638277351497906,0.03313457951913749,0.055558341062863156,0.07183735204061935,0.04904666735761709,0.06942031254507568,0.04607408812852015,0.03976813377257466,0.06132338143174724,0.05185042486451766,0.04377794626783962,0.03529423364493399,0.051669002167505626,0.04977798468059685,0.05530986861197261,0.06414589304431874,0.045817523276022655
Australia,0.022174421143208948,0.04656643826693035,1.0,0.03526223744127324,0.029291516785289195,0.02060261862042331,0.012174414223899784,0.05204194206571862,0.03104179264257507,0.04069261823607356,0.023848357300154697,0.01958412441619588,0.029459857521832625,0.03320500680029799,0.04522526999129284,0.018594180074009325,0.03463267896867812,0.023429282054607134,0.03158503661878356,0.014761842808143253,0.031722378769386946,0.06532644727135642,0.013955257283817607,0.02644912363775412,0.017989394950175475,0.012556176277025847,0.034708642118160646,0.023639341824332593,0.039994482856369785,0.028011963537525164,0.027092291525461918,0.024382845157607417,0.03202858667215028,0.046246574718926375,0.02626721999266704,0.01668199321205282,0.02662979517616584,0.0314290122396646,0.033552896033969104,0.03757144446148142,0.04518232586133092,0.029616098594276344,0.030779134573184472,0.04366047759453011,0.03652442175150931,0.04565460591901495,0.026964527095011983,0.02694964172417789,0.01803970663434621,0.06843248320646227,0.020887592661761406,0.016689418494613018,0.05039779219445876,0.037255272621200236,0.018459896990289854,0.021753977016463016,0.02997058189250843,0.033923043104430284,0.027076167819206003,0.034515678032881095,0.04517357791058047,0.03461200153469522,0.03347870083910523,0.0489109773937667,0.03324354932320164,0.04029516134173987,0.01474964664406356,0.030059990379455323,0.011309252957293951,0.025375536309152076,0.05796921856033843,0.013277260705223616,0.019675757756084104,0.027555813766974222,0.012756876061099888,0.01887080752124381,0.012801392747579802,0.0227777678234934,0.013396537505279173,0.022334633456854706,0.032476574772878124
Azerbaijan,0.035122474508716604,0.03944317265684735,0.03526223744127324,1.0,0.03793812130713329,0.04180989477906958,0.03250613204773029,0.039653955901052675,0.03711887016015459,0.05615905095130536,0.030913414972239112,0.030055613925748355,0.043504727739099136,0.018615173979370545,0.018956741605592103,0.028261412716729706,0.03376807932243716,0.04592118635564289,0.04647233237584772,0.033849609546905815,0.022715576601707525,0.03703002671601365,0.03850413366737107,0.04293611562588991,0.024960730421451173,0.03904436812842696,0.05094722562321543,0.03469325300077337,0.05681243062322901,0.03295276214666159,0.03389607643685635,0.03982480532292707,0.033913567888719,0.04731566021712811,0.0228899473216227,0.04035753009431412,0.028291866563853588,0.03679209262209053,0.022887408155939603,0.03114569025227373,0.042857261305970375,0.04073390392924337,0.027675478841976277,0.0581753001161359,0.0511656272975894,0.04148996068437511,0.043591577214411634,0.03275250124602492,0.032652001767162146,0.07604324362847653,0.04083178895640939,0.034913083606300924,0.056657428777708574,0.05121999057910021,0.028013138457146456,0.030814206223892703,0.036862993232872183,0.031140014422545898,0.030032555715866667,0.017093079398734255,0.04397906291308551,0.050935448933128374,0.050743898221315274,0.06396082338363955,0.04282739061630239,0.019479052013544593,0.035352605808772516,0.043404198027819696,0.034451184949699815,0.051484988799169906,0.06012648644977027,0.024840907115830684,0.034398932265966096,0.028495314274249423,0.02813314593574835,0.018621320948204165,0.04201268744563609,0.04587347342009553,0.03474195805502293,0.0378407148198728,0.022049509209608586
Bangladesh,0.019344616945966866,0.06450618871186181,0.029291516785289195,0.03793812130713329,1.0,0.03978462026728065,0.026514507512542668,0.03207615228193063,0.04968435692034273,0.027541586691378437,0.03338506646411919,0.03503490193257743,0.05225851407009419,0.04400070746479164,0.05134015216111358,0.02594665885453648,0.054678252891887776,0.037082488120894284,0.023959759247737154,0.02143757071039522,0.031803831826427514,0.07239548394440273,0.027460483355648803,0.017967320855607018,0.03687169475579172,0.03152005991183309,0.03591091333988996,0.01810903349868358,0.06329155049275914,0.0448706746989418,0.04705905684243766,0.015746362721781804,0.01449097176004401,0.06707516121064502,0.039839928119805225,0.028719220652091284,0.04626231299941077,0.026183687380613798,0.0479731333468719,0.055855652747559235,0.06479023273690235,0.01434681461999381,0.03775021617850749,0.026684015768143294,0.020580619183272256,0.06562275111552146,0.029616453276662357,0.047203109431234305,0.02307510102531588,0.09190596582300052,0.02493759392144979,0.0387068713343345,0.062406615685327856,0.028866412193830873,0.0373121103094074,0.03339427608603794,0.0483579507290805,0.03867664186770443,0.04647052790396473,0.030941081227725837,0.06645725324331625,0.03197902551025818,0.029139387124318485,0.03579359952587993,0.056381440660622756,0.040935351475953834,0.02438406695376173,0.02224482629595145,0.025318067806456214,0.034830332055598906,0.07980601068415606,0.029081532454815855,0.01638698254810129,0.018334747386269647,0.026178347993379335,0.03130559216856678,0.037867842076383905,0.044017718207588825,0.023665775528728013,0.012665091646551295,0.039260405207521866
Belarus,0.03348036405429182,0.05162942318278937,0.02060261862042331,0.04180989477906958,0.03978462026728065,1.0,0.022434613765751527,0.06006244376307479,0.02681610248113612,0.04578660620558023,0.0278918548400291,0.029235181759027173,0.02452768928984845,0.03779175497183431,0.047436609901318115,0.022877257418872744,0.032357040975346855,0.027619217801276994,0.03916722818669904,0.026836871354743174,0.0379541782968768,0.06988228282850134,0.02040172449587898,0.02894037414306942,0.02263941561161504,0.020040177109071126,0.039577453929003394,0.03442820519910962,0.02966712143107496,0.030224066968135163,0.023687170221440332,0.03608226210208066,0.04152315022685273,0.04099167051717685,0.029512092649722436,0.024980364963207314,0.025416724379562914,0.04307148128032323,0.036866706154311424,0.03695191375596699,0.04428322938276656,0.03976333616900912,0.0376109824078973,0.045853163808709435,0.038734662033235646,0.04460315541365506,0.03637418398084171,0.02601260843326361,0.028737447560505863,0.06105377978528463,0.0282026705566761,0.022235311068250895,0.04461704968823825,0.04400065266380938,0.023839706244906916,0.029775157453268884,0.034212132022402496,0.03782688276439454,0.026693867429260224,0.040993536929442936,0.0409345902646808,0.043471595075071104,0.03760085517296589,0.051899279046005026,0.029049559890935266,0.043326404549051054,0.024016356405626767,0.03826011234724738,0.026186095615401767,0.029557760893865137,0.04847709766405819,0.02409421953346689,0.03133723746079513,0.0360851970857108,0.023407526502038443,0.029837586010515182,0.019937945216783996,0.020781791337733054,0.02299828323562903,0.03151993044667738,0.035901066178286575
Belgium,0.01682590941677182,0.05029569484890498,0.012174414223899784,0.03250613204773029,0.026514507512542668,0.022434613765751527,1.0,0.049160318445976965,0.02869004583084956,0.03476395059293495,0.014639470618576195,0.018863288491925645,0.031788786907089646,0.03206457413133896,0.041736201542486424,0.014504748338966702,0.03620143461878513,0.016261325714800413,0.02470300385898823,0.006219973222511967,0.027579266719535606,0.06483812501513175,0.007245532302296878,0.02073938841320552,0.018254263207423158,0.00710361843977836,0.027403181622066078,0.015300766860376961,0.04386108920937797,0.031664411407885416,0.027497926201634694,0.019364450195057267,0.028871098917798575,0.04722696450598065,0.023301998772888122,0.009355248852104505,0.02676450764421361,0.022189172884396834,0.033524397934191895,0.03893221783964716,0.04644518275435066,0.030533471885981843,0.03155598368291688,0.038021432619838966,0.030722857668336063,0.047845380523254356,0.021100472844988775,0.02294318582855176,0.00859730332647331,0.0714486983042334,0.014569660508395458,0.020820188369149836,0.054022965165005016,0.03009795678698881,0.020483993445090616,0.02292981905551981,0.032344485927611195,0.03404649609881498,0.02743481014282657,0.032796030711927035,0.046852227587228346,0.02892722322787379,0.027798424136554083,0.04298451867795042,0.035827667042501586,0.036023577476152605,0.006688519186209242,0.022011040710784965,0.010199182755200244,0.020156328569273678,0.05999499716037453,0.010801541205974966,0.01428605790424662,0.02435059056800944,0.006783907430330826,0.01649980710190806,0.014824150647652896,0.023664832698853073,0.00822281162395407,0.018423940661123933,0.02945228585025807
Bolivia,0.04467760649747774,0.05763324062312411,0.05204194206571862,0.039653955901052675,0.03207615228193063,0.06006244376307479,0.049160318445976965,1.0,0.06622040661772985,0.04868101262889247,0.050526468726612025,0.03982482065771615,0.06792309285797028,0.04065956611976265,0.04335571569347131,0.04080810035100399,0.062244952699391135,0.06288793237120997,0.045258206565691475,0.04718785793389646,0.02739148377890121,0.06331391884915367,0.05262008172217943,0.04379490582021029,0.04817166038162024,0.0560096783274471,0.05734144299076952,0.04269604306048944,0.0814715771624135,0.04764912162617619,0.05542060863754373,0.04492883458955966,0.020616558529745223,0.06715642961155525,0.04516782021276521,0.0546823399919394,0.05510198856693698,0.042488619906138246,0.04232643852171449,0.05224875609922887,0.0641406543003718,0.03005229717872487,0.03598683075240105,0.05202914296193353,0.04284623714869138,0.06318745077327063,0.055034637774587974,0.06003544143884963,0.048147213757656696,0.09414680899654047,0.05158679588859223,0.05570728280793339,0.05979508092002255,0.05355575254085007,0.04899077853852016,0.03737770514034671,0.04730722774429971,0.029904023054421157,0.058049422686346885,0.026495634999400483,0.07056264630297246,0.05309817201719907,0.057570738728439035,0.05841061254507866,0.06663254972709605,0.032677443222307236,0.049045004334271274,0.043717251505057585,0.04962155281909813,0.06215989400424125,0.08421882877471257,0.0464105331241034,0.04175101765390062,0.02519457339273333,0.04687044111076885,0.03823405622279981,0.06054595126604789,0.06766703501661492,0.04731751950835257,0.03967327383324574,0.04496272576547206
Brazil,0.0427492710132153,0.0505165327732838,0.03104179264257507,0.03711887016015459,0.04968435692034273,0.02681610248113612,0.02869004583084956,0.06622040661772985,1.0,0.05833292521705081,0.020095836466386522,0.035852190612802044,0.01802788040280392,0.030423088793020376,0.035721269298505755,0.02964642071387177,0.01833551675131702,0.03519639205025806,0.049871276033265195,0.0336510521602239,0.045275919429843055,0.05210306264466353,0.0321717602449813,0.04618700254084135,0.023798845067429117,0.028838698296896198,0.04849805338467333,0.04174298484787852,0.03527988159553253,0.028503002179116273,0.017571225085511642,0.046338357934169266,0.048907452188307964,0.02774228934275983,0.02425470999945681,0.03284061710945138,0.020166787752167497,0.043074686733461945,0.027792118463848298,0.029185973612497088,0.03020339106260633,0.0528060601118399,0.04626786393860974,0.06313989382594637,0.055693560833025506,0.02769692995676007,0.04682412847979461,0.018856475733880274,0.03370850754665638,0.051728850752934014,0.040069219647017956,0.02763370742802827,0.05663194277408842,0.05349565446000229,0.025103975443773283,0.03513401003620149,0.02776596742636359,0.04862072662506323,0.015118189558062937,0.043735692295309145,0.024418496551044083,0.053625474064692404,0.049051972868233776,0.0672742997887599,0.020867049967911326,0.04350679924055179,0.032271181419630285,0.04574756147287609,0.031162402112911162,0.0427391929073059,0.03346983724327224,0.024513590840903324,0.04120582790805339,0.04356138812897492,0.026600612571165926,0.03200136258106188,0.027582058971797527,0.024605020249543905,0.03538798244861742,0.044751045629104466,0.024640421581552996
Bulgaria,0.021970803203610036,0.08492494732130657,0.04069261823607356,0.05615905095130536,0.027541586691378437,0.04578660620558023,0.03476395059293495,0.04868101262889247,0.05833292521705081,1.0,0.04349334582046582,0.05127681014107005,0.061833954368044355,0.0648344515977787,0.0691078947863978,0.043589544724735245,0.0701408627844375,0.027118224670674228,0.011065358771611977,0.029491845929698345,0.0522086505303286,0.0915525854525153,0.03183592153575371,0.02462400287287958,0.052881898596796414,0.03434170245495197,0.020945446327280477,0.021479848201054703,0.06840213595366969,0.06457113316477427,0.05846325870861534,0.019080371649733703,0.031369813940128645,0.07951986628961007,0.05753383339923261,0.027835166247302822,0.06084281766970961,0.02244617098727648,0.06778797144844076,0.07354323377343723,0.08090272801919633,0.030090483944979794,0.060207475004154666,0.015356293471146738,0.016251328616779196,0.08205450338355808,0.018013231476437734,0.055815928703601615,0.02835097033245244,0.10182609184526649,0.02167657665167609,0.05393691575888293,0.08050820519165366,0.009920700786035835,0.05504596190257589,0.05376603364167051,0.06514237996798046,0.06364908646278447,0.061711999434606854,0.045202841820077645,0.07854092472929637,0.012884113865670586,0.013610847406409384,0.014365209260249211,0.06713394597147972,0.06158484836822257,0.029788747597432177,0.01348766738266774,0.03734521444787135,0.02467497630920728,0.09000793177441561,0.04556527304674679,0.024198762050208687,0.04197063287142995,0.041196547193394766,0.050435951161400865,0.040358203080056367,0.050745273847753965,0.03127666294688078,0.023300107359322617,0.0513136640887245
Cambodia,0.027275558663468032,0.04850803258510491,0.023848357300154697,0.030913414972239112,0.03338506646411919,0.0278918548400291,0.014639470618576195,0.050526468726612025,0.020095836466386522,0.04349334582046582,1.0,0.02496539608112695,0.026828080542342155,0.026536615000827362,0.034387564559922756,0.019577728529863517,0.02747383061672194,0.021801961880839524,0.03497906643976293,0.017912028429588077,0.0311185094900894,0.05511823036432181,0.017724602534508693,0.030621513466792184,0.01740025210383843,0.016431873719240788,0.033629303889741495,0.025816111406469444,0.04530268073130091,0.032865227408809164,0.02245538421428362,0.030660035989534106,0.03495764063285757,0.0398753484298138,0.018950076739390736,0.018790442202097763,0.019915541952586203,0.024828366604814647,0.028974582062356462,0.0347559703569719,0.04341162484779729,0.03881692803478668,0.03749058501452863,0.048273848213298186,0.04082830424376445,0.039482267036476386,0.03169828203734604,0.01804975268135905,0.017342085175008876,0.06769750731784431,0.025021325781194547,0.027042472324481075,0.05895050037387482,0.03846766503922033,0.019784070253162287,0.025859743372643903,0.03199728646696617,0.03973490281002535,0.024218204177415624,0.03306291415840512,0.03846346207148594,0.03871581102376574,0.03446984833303086,0.05240944218773813,0.03099759794163678,0.032387655298446866,0.01703690806042842,0.03075893654482135,0.017417946555099203,0.029241030989934285,0.05210493021130748,0.014653892261650515,0.025391734062000196,0.029074337551867946,0.013606413681616381,0.021807415310345232,0.020068151893227384,0.025237364300008214,0.021954917657896943,0.02841903034221427,0.022767097230116492
Cameroon,0.033262476472588946,0.034122315193495095,0.01958412441619588,0.030055613925748355,0.03503490193257743,0.029235181759027173,0.018863288491925645,0.03982482065771615,0.035852190612802044,0.05127681014107005,0.02496539608112695,1.0,0.02899061083167912,0.023588449917255255,0.03352912438033985,0.017925732196544624,0.027417806647713868,0.03429136685436473,0.04142462937501751,0.02308756029094027,0.015792339533672484,0.05682863298607012,0.023826737439920455,0.03678869884355899,0.014010687503687088,0.022080368860545763,0.04463063755637151,0.03168392240264583,0.043490282821889395,0.022658072297501296,0.020180429150489208,0.03620389734999491,0.03331299832668209,0.03702768702710847,0.01823702972553871,0.02591135638236855,0.024184849680891414,0.032701010032786006,0.02328345748886498,0.025452608052938964,0.03571067122121056,0.04016179674299989,0.024823407427344443,0.054768372176138176,0.04738517648876343,0.0350547793012433,0.03847768619955981,0.029825035601819438,0.023702794810838743,0.06317491459497726,0.03131726223457454,0.0181204829128592,0.04338206693174056,0.04637890465490706,0.013070165051924505,0.01429047347463686,0.024773505188079546,0.023376339077637524,0.02553717726906637,0.03170549791000907,0.03646736637126625,0.046143993658950784,0.044605902269155596,0.05949982222931249,0.028902613786652345,0.027309385048307527,0.024260674380201557,0.038221744150361794,0.018838750301489068,0.03637652270720523,0.049559217499247216,0.017132978972468987,0.03105946244818357,0.023513239768275067,0.018068740648517018,0.015250595446326913,0.025790736407413202,0.029731554514358043,0.024731577931202082,0.0334322370175675,0.034911386504392745
Canada,0.047378474790817644,0.04093489538979081,0.029459857521832625,0.043504727739099136,0.05225851407009419,0.02452768928984845,0.031788786907089646,0.06792309285797028,0.01802788040280392,0.061833954368044355,0.026828080542342155,0.02899061083167912,1.0,0.0338424893393864,0.042782487427950766,0.02765038733331076,0.016316933166771307,0.03758006209652287,0.05349919016122623,0.037818407050925755,0.04218277163581305,0.06049361661396235,0.033383297531091906,0.04882376353534717,0.021449360812722053,0.029036021632745455,0.052016237273000185,0.047063299147278644,0.024107819391470244,0.023647171913228533,0.01795153521303036,0.05058016011079433,0.052013717167762055,0.018931543694491352,0.02635945234499204,0.034530794776344395,0.019551829486762838,0.04921963490478578,0.03161184124797159,0.028800371064971308,0.032832542991471265,0.055867625978231576,0.045305244416882856,0.06666319004961409,0.05922340420496544,0.02406124673674668,0.05026725495558619,0.023195719774855246,0.03899358760389242,0.04127512136768807,0.04260001333171311,0.015252394664227117,0.0465383446994295,0.058173163897856366,0.018956361953367428,0.031281076521051915,0.02860796175164586,0.04614603575753071,0.016309623752003552,0.04885053588708924,0.0202129718275411,0.057267180706498715,0.052382831691999074,0.0707753633317634,0.009346328031239571,0.046706241540057175,0.0360712506482493,0.050446799157987825,0.03336022229769444,0.04369529903933679,0.028622388711625365,0.027257175446716936,0.045842479833935044,0.04538848823435609,0.028126318074959737,0.032124186505236976,0.026735745343240264,0.020828167831615226,0.037732291416933364,0.04815462957325983,0.03629950034716627
Chile,0.043500795988133986,0.030947409286836026,0.03320500680029799,0.018615173979370545,0.04400070746479164,0.03779175497183431,0.03206457413133896,0.04065956611976265,0.030423088793020376,0.0648344515977787,0.026536615000827362,0.023588449917255255,0.0338424893393864,1.0,0.013966229766637934,0.023453332453617852,0.024004583090477104,0.04504739699666414,0.05497666886796186,0.03572185341730888,0.021662839665268267,0.03540755968962523,0.03640791917551027,0.04878994431859801,0.020543054307787818,0.03735047856811877,0.05716441258418418,0.043359537655635855,0.050644388666472535,0.01789763268365511,0.02160558105680516,0.04627687517732667,0.04131147517250052,0.03440192940497743,0.011132443976417489,0.04104394232804116,0.021602025334999605,0.04412623040614029,0.007949323395772288,0.019209081618435327,0.03094196039721431,0.04778979288360092,0.02204317308147415,0.06675791013262594,0.059833624032918954,0.02901637648013853,0.05128419060634586,0.024050528185337754,0.036674047376053925,0.06265080323897523,0.04537297470940609,0.027648876597254533,0.04886681045044682,0.0598854991743901,0.02051297755210048,0.019829172903555216,0.02110631648770814,0.02546997296499777,0.02093091135033897,0.025467329674432233,0.03270497306837981,0.05921688253649783,0.05811802885722223,0.07267388959781049,0.030853702509078307,0.01605858789115089,0.03592399247204349,0.05188809249908328,0.03356690755897844,0.0520480925613728,0.04734564990754676,0.02309855374479161,0.04104773250561987,0.03103945195749492,0.026029352312174743,0.017916897262144394,0.03836055424592461,0.03608996140260334,0.036224110684599624,0.04421263509036258,0.02027483462560131
China,0.04964559660157927,0.03781734855900557,0.04522526999129284,0.018956741605592103,0.05134015216111358,0.047436609901318115,0.041736201542486424,0.04335571569347131,0.035721269298505755,0.0691078947863978,0.034387564559922756,0.03352912438033985,0.042782487427950766,0.013966229766637934,1.0,0.033700272203142714,0.030199634665090052,0.053493933002073855,0.059049185297422736,0.04462152231812039,0.02701296462148557,0.025742269493733167,0.04641160049696044,0.05670390239422783,0.029670204015473572,0.0465335570970494,0.06035620356717188,0.04790214014235165,0.05932799947389192,0.027465106898925836,0.028811797405135033,0.054361401604113194,0.04817762943400437,0.03688217217325799,0.019833256368096457,0.049835065700871886,0.030537891241810566,0.04710464372208203,0.01376179437024895,0.022165957181390774,0.030581899755891723,0.055378575727127684,0.031008982601731763,0.07171680548617461,0.06460066952824828,0.03020873902597542,0.05568909526548019,0.0329517219595221,0.04397768458778669,0.06528887993975131,0.052904722876897015,0.03702671040871073,0.05485819113035397,0.06416832725700823,0.029904244382612886,0.030011257392529418,0.028459893344872735,0.03290181848856033,0.02848730282957705,0.03213931071388223,0.03721055960958327,0.06285661573880395,0.0629223237489457,0.07718698832473285,0.03913654677523462,0.01830246860631845,0.04452227868293404,0.055828769921531345,0.04298603134026031,0.0610163825636662,0.05151859471044355,0.03299331313476408,0.04888762736134695,0.03846665958485626,0.035963313090434906,0.02962365288273662,0.04757591312079345,0.04443945675696077,0.04661064333924976,0.052042261467382556,0.022640799929556813
Colombia,0.02510659420296565,0.04333689858832911,0.018594180074009325,0.028261412716729706,0.02594665885453648,0.022877257418872744,0.014504748338966702,0.04080810035100399,0.02964642071387177,0.043589544724735245,0.019577728529863517,0.017925732196544624,0.02765038733331076,0.023453332453617852,0.033700272203142714,1.0,0.030355948899627082,0.02993950651175386,0.034706434742998615,0.017295867654059997,0.018848983508241136,0.056625038620828856,0.017380907360493216,0.02756800178706014,0.01453894752938366,0.020461069206364407,0.039281677810247106,0.024286902159099344,0.04076626127156266,0.022446531469042297,0.022462867156137628,0.026403386759803145,0.025269563109982077,0.04219250683597508,0.015993401316153906,0.02266287998120602,0.023836069602664944,0.03401069467287425,0.025615376039212788,0.03215862861001625,0.04061653842639281,0.029770021477546153,0.025654081130880312,0.045599352333822,0.03839636322622884,0.041338992028394826,0.03338437688472293,0.02513737658138553,0.021156177772351143,0.06693200428061215,0.025447702015946566,0.01678344336872393,0.046605869826306885,0.04141427377537853,0.013765125646666643,0.013624379466225668,0.024405246000229697,0.025138132102352096,0.022311678555865407,0.02748560258802772,0.04181364713632558,0.040511856420299544,0.03857658853683124,0.050940449958593335,0.030526399253852546,0.02368646851250059,0.017418768443954836,0.0322749963359564,0.01991296252462299,0.03223873375773576,0.05488748611411489,0.012071556778484548,0.021807102227719276,0.018619707003890547,0.009862284672603396,0.014043224175674905,0.023505687042705184,0.027746286640534704,0.015266016737463192,0.023013143070815475,0.02747145821475587
Costa Rica,0.051991086822326366,0.03626821653742593,0.03463267896867812,0.03376807932243716,0.054678252891887776,0.032357040975346855,0.03620143461878513,0.062244952699391135,0.01833551675131702,0.0701408627844375,0.02747383061672194,0.027417806647713868,0.016316933166771307,0.024004583090477104,0.030199634665090052,0.030355948899627082,1.0,0.04613614138293381,0.06068882465309668,0.04180489864428505,0.036338654486169,0.04475298013156044,0.040316125414536844,0.056195986942417876,0.020448202679842816,0.03620564584306961,0.06010740158118758,0.05057372675084519,0.035396256975889634,0.020663426564455516,0.014355757262483103,0.05491170603723431,0.05429196025500282,0.01751172779739353,0.018243141146634376,0.042315422741500304,0.014975948005853586,0.05123962777625438,0.02026643469715405,0.016788613669958305,0.022771173227724914,0.060110220127715094,0.040199545259087796,0.07421273719041228,0.0668729105146128,0.012863778825571296,0.05697904594668531,0.017012276057134075,0.04278662114959167,0.04457485808874117,0.050003422985327665,0.021469439506976697,0.045422924127627974,0.06514063321106933,0.017723989096565806,0.028432308220327586,0.023403368991355998,0.040479663395015054,0.011909714115339042,0.04392176006594732,0.012717881352310013,0.06412905519624025,0.06120346063345007,0.0788790568597834,0.011882517152419503,0.03633626305389001,0.04123627598017168,0.05689690830324771,0.03624926256364163,0.05256954865025307,0.028283662636057676,0.0283365701352172,0.04978903575225383,0.04519753319365182,0.031195904254763,0.030620001120507858,0.032640245449621144,0.02670869660669718,0.04325139802983789,0.05231817288146888,0.028359052205417547
Croatia,0.020641852982050204,0.06398699177234442,0.023429282054607134,0.04592118635564289,0.037082488120894284,0.027619217801276994,0.016261325714800413,0.06288793237120997,0.03519639205025806,0.027118224670674228,0.021801961880839524,0.03429136685436473,0.03758006209652287,0.04504739699666414,0.053493933002073855,0.02993950651175386,0.04613614138293381,1.0,0.021740438837683968,0.016426738758584466,0.043061624098025386,0.07498357993410026,0.014263088936794887,0.022811562594312468,0.030786384214455974,0.01301013365377964,0.015206197791759196,0.020976587546514085,0.04745674688897797,0.04653564192147761,0.036437896577165944,0.02372483471524564,0.04241541957409645,0.05527391971164203,0.03703747241364984,0.009979210943140339,0.036885580306401065,0.02211203692034966,0.04671567948168287,0.05203784326782649,0.05951454173291605,0.039405607820094335,0.04437253601216601,0.029599161574786488,0.02690285697376785,0.05825894806374126,0.013807704712552627,0.03205725689709757,0.01583201546614526,0.07596263305400339,0.012468416263928356,0.032193909093553845,0.06582639076648354,0.023985025981679144,0.033249902428581994,0.03899326079328416,0.04616808980457758,0.0499896429340488,0.03914737595619996,0.047253532765072485,0.05458942332729001,0.020428661308406627,0.015226414230429875,0.03319530854641699,0.04270508204859811,0.0510084270117987,0.01514935651864561,0.020498599891524,0.020628561858861978,0.010512015617059998,0.06419497344329768,0.0248591588997342,0.023305907590220325,0.03905019497623288,0.022026938557084978,0.031073246429845405,0.016177831520656886,0.0267803119810806,0.01780465195920083,0.027150305754443316,0.04163411905158292
Czech Republic,0.014993016697055472,0.07495978175928186,0.03158503661878356,0.04647233237584772,0.023959759247737154,0.03916722818669904,0.02470300385898823,0.045258206565691475,0.049871276033265195,0.011065358771611977,0.03497906643976293,0.04142462937501751,0.05349919016122623,0.05497666886796186,0.059049185297422736,0.034706434742998615,0.06068882465309668,0.021740438837683968,1.0,0.019440099528484033,0.043307605762662266,0.08162301816740876,0.022155339855029446,0.018596601957508428,0.04290078691072722,0.024785162584336096,0.01804623525740525,0.012023128460814474,0.061755799551158036,0.05525814693992028,0.050438754806457264,0.0148143278423978,0.02674678209507075,0.07084037408491237,0.04749478549160042,0.019591446681888808,0.05127539527222675,0.015112421211202187,0.05774312162728184,0.06356600556145975,0.07099380115852037,0.02713878542167497,0.05189142825428223,0.01629486125785504,0.014896429588680328,0.0724068656353437,0.013739732516076323,0.04636193437790716,0.018693475242125192,0.09214866846324875,0.012892723233718408,0.04391110103832012,0.0729400199203292,0.015547617798305467,0.04512118595549293,0.04414994212995617,0.055532785771626854,0.05502939034184846,0.05165956646171611,0.03827399163880733,0.06890961373930711,0.012391521354171686,0.013978306909858419,0.020343917144399398,0.05746309444504864,0.05265883146311705,0.020466113713116622,0.00687487514488844,0.029002444436251607,0.02061216551292228,0.08122297214026325,0.035504515765419506,0.01714312046319482,0.03419179896663666,0.031188888694120658,0.040486894194794946,0.03281894441048655,0.04200877635177063,0.02200953975173449,0.019178628810976813,0.04305178046735374
Denmark,0.01213576188290546,0.055525759232775196,0.014761842808143253,0.033849609546905815,0.02143757071039522,0.026836871354743174,0.006219973222511967,0.04718785793389646,0.0336510521602239,0.029491845929698345,0.017912028429588077,0.02308756029094027,0.037818407050925755,0.03572185341730888,0.04462152231812039,0.017295867654059997,0.04180489864428505,0.016426738758584466,0.019440099528484033,1.0,0.028479901565741234,0.06766485867562319,0.008027943540173487,0.015602996243045867,0.023721472353992395,0.01018869464780902,0.023724680675982657,0.009604496161600857,0.04894656407229733,0.03632574351639655,0.033702995375224774,0.013398935080986182,0.02658712597424882,0.05343188970206013,0.028105637226853337,0.00790514971895966,0.032174949150928674,0.018446604964290025,0.038304154414925067,0.04438609326146854,0.05220949689108321,0.026276093212429318,0.033951663063454096,0.03259392700939291,0.02534777128424768,0.05331315445976645,0.01674241618703742,0.028391438890164766,0.0060270133255013675,0.07731732996412917,0.009697309356338762,0.025299157916362083,0.05748702338932567,0.02566827283265484,0.025838393955968656,0.026096886137898345,0.037634697165218264,0.03748122708503108,0.0331506641739201,0.03330003692239878,0.053055527454447436,0.023916176570275154,0.02267629037863387,0.03767822816543795,0.04185257070803877,0.03735667576137236,0.004926499420245248,0.017110052788002178,0.010680497808284884,0.017908527650372503,0.06617295816031665,0.016075927678868184,0.009414659629413201,0.024187122686113303,0.011782864275161458,0.021053222139343884,0.018458490728264644,0.028137014595439488,0.007055462165376437,0.01345844429981515,0.03224436266277052
Ecuador,0.03180709995390262,0.03563200226912995,0.031722378769386946,0.022715576601707525,0.031803831826427514,0.0379541782968768,0.027579266719535606,0.02739148377890121,0.045275919429843055,0.0522086505303286,0.0311185094900894,0.015792339533672484,0.04218277163581305,0.021662839665268267,0.02701296462148557,0.018848983508241136,0.036338654486169,0.043061624098025386,0.043307605762662266,0.028479901565741234,1.0,0.04892395984060841,0.03222364880153549,0.03533697220873257,0.023028431165973702,0.03364783148992136,0.04913705365091855,0.03152724760143623,0.055844115699671355,0.026643199457228633,0.030618214363910518,0.034001316645172315,0.02926806146456519,0.04346793506540011,0.022058448171678235,0.034321346322288546,0.029722834351153585,0.036751110327228276,0.02154471348603564,0.02727463683507092,0.041402002860623836,0.03632012665907339,0.021276385141284933,0.05313044408477291,0.04607727338423012,0.039479990065061345,0.041595523903263314,0.035449419802056154,0.030121950431283823,0.0702018236311553,0.03480114156118974,0.03043217348642418,0.04525155866415555,0.04897697984846834,0.02370588652722814,0.015238650743856197,0.026982734830832703,0.01661095925299976,0.03291945453553158,0.023495691614548127,0.04420133212193565,0.04897736925518648,0.0471583456611831,0.0594821726442564,0.04073244814742909,0.014554830518711556,0.03027628563094159,0.04026159603862533,0.02954456615381072,0.044254431704161525,0.05715184259771815,0.023690175915576223,0.02933999156295128,0.020454093935117504,0.02453099818375744,0.01748155550363077,0.039356831373092024,0.0431888836111168,0.026991582845750924,0.030504219439485742,0.033718842532578217
"Egypt, Arab Rep.",0.07210686163083387,0.043036966814153414,0.06532644727135642,0.03703002671601365,0.07239548394440273,0.06988228282850134,0.06483812501513175,0.06331391884915367,0.05210306264466353,0.0915525854525153,0.05511823036432181,0.05682863298607012,0.06049361661396235,0.03540755968962523,0.025742269493733167,0.056625038620828856,0.04475298013156044,0.07498357993410026,0.08162301816740876,0.06766485867562319,0.04892395984060841,1.0,0.06966256109343999,0.07980735285835017,0.052403872381136384,0.06887360132439892,0.0818160477010574,0.07086397451628423,0.07671035832075304,0.0505416066826969,0.05143785586548222,0.07684118311280508,0.06928202138496005,0.0491959448230481,0.043011701825759426,0.07193643849794536,0.04674277598601331,0.06929058266348741,0.03685689981834417,0.037156413679046374,0.041202221409682854,0.07592853413755044,0.04943395742119084,0.09468616494350159,0.08755351550177848,0.03953488318254885,0.0786950254220161,0.04768802617750755,0.066931483512999,0.06721942787747733,0.0754483310076659,0.06042728889773896,0.061530591940624296,0.08678891793076796,0.0526277308165182,0.05164949536805613,0.05130998088049898,0.04958217616339123,0.049309186547696504,0.05220388595176782,0.045310291917516156,0.08511515228614323,0.08477815159931208,0.09994395033940164,0.05377124290384615,0.03496854693009525,0.06738838274413886,0.07816055857039182,0.06579494033391853,0.08312314156398391,0.05714111020694147,0.055733098142560396,0.07137632789794285,0.05909313066346425,0.058926860467754284,0.050603634734007114,0.06914446777711593,0.06598405775196907,0.06953227613996665,0.07485050653121647,0.04232626916942192
El Salvador,0.01717337302084104,0.05455263891812505,0.013955257283817607,0.03850413366737107,0.027460483355648803,0.02040172449587898,0.007245532302296878,0.05262008172217943,0.0321717602449813,0.03183592153575371,0.017724602534508693,0.023826737439920455,0.033383297531091906,0.03640791917551027,0.04641160049696044,0.017380907360493216,0.040316125414536844,0.014263088936794887,0.022155339855029446,0.008027943540173487,0.03222364880153549,0.06966256109343999,1.0,0.01605703497742377,0.02246162054650935,0.007028760604002915,0.023553455754166397,0.01665127639083589,0.041933342957178765,0.03580601785506696,0.03032115553319445,0.019199319361112223,0.032180692143322115,0.05056642507051813,0.027359121965662737,0.008796331447541298,0.031053341170547345,0.02459295114337581,0.03798885908687097,0.04313433120972551,0.0505904337035282,0.029515224803005634,0.03540442781532492,0.03390108601344518,0.02656155987886551,0.05201122914845069,0.018733955214919464,0.027468582037844424,0.01244822541716551,0.07152001700973334,0.010751534346605574,0.02330619952242321,0.05549332491280794,0.029697381314254798,0.024690499391874454,0.025089220380542943,0.03511740156165744,0.039225392310371095,0.031171803224518072,0.038677971183461016,0.048999375773546724,0.025162420711982506,0.023810840942169592,0.0387677318043076,0.0368059524808966,0.04000392820048559,0.006290680814450519,0.021706619007305798,0.012575672252070482,0.01604820724438473,0.06161695703697715,0.01598338601155052,0.015377221448475606,0.029078779397752642,0.0117537561777115,0.022592320938209662,0.013990808056550985,0.020822689747598554,0.009253893392224185,0.01743537403293198,0.03420016551030006
