Country Name,Albania,Angola,Australia,Austria,Azerbaijan,Bangladesh,Belarus,Belgium,Bolivia,Brazil,Bulgaria,Burkina Faso,Cambodia,Cameroon,Canada,Chad,Chile,China,Colombia,Costa Rica,Croatia,Czech Republic,Denmark,Dominican Republic,Ecuador,"Egypt, Arab Rep.",El Salvador,Estonia,Finland,France,Germany,Ghana,Greece,Guatemala,Honduras,Hungary,India,Indonesia,"Iran, Islamic Rep.",Ireland,Israel,Italy,Jamaica,Japan,Jordan,Kazakhstan,Kenya,"Korea, Rep.",Kuwait,Kyrgyz Republic,Latvia,Lithuania,Madagascar,Mali,Mexico,Moldova,Mongolia,Morocco,Nepal,Netherlands,New Zealand,Nicaragua,Nigeria,North Macedonia,Norway,Oman,Pakistan,Panama,Paraguay,Peru,Philippines,Poland,Portugal,Romania,Russian Federation,Rwanda,Saudi Arabia,Senegal,Singapore,Slovak Republic,South Africa,Spain,Sri Lanka,Sweden,Switzerland,Tanzania,Thailand,Tunisia,Uganda,Ukraine,United Kingdom,United States,Uruguay
Albania,1.0,1.2328217857202746,0.4435668142065521,0.2546869843281963,0.6336959340285547,0.4230491710727286,0.561435815426251,0.3143344133873511,0.8600303947410082,0.7172083898664952,0.3540514965507372,1.0533076411954425,0.45592983195315995,0.6676957187151303,0.7936856950698656,0.900417645421687,0.7361074804666392,0.9071796470213062,0.47887228181289504,0.8004661082784831,0.33488842413576425,0.28586297379252457,0.2558847836096928,1.057214690302635,0.7028450363304309,1.1741073808568498,0.3245418353575994,0.3065307996237384,0.5354940622297222,0.34917082708402597,0.18515481469367154,0.9379278915441166,0.5399349870855035,0.8130418975470672,0.7563754737591003,0.2322164736009063,0.456837154912496,1.1400867354494404,0.518455117721801,0.4566925602040549,0.6588852011509468,0.3012824590558963,0.6334394882817568,0.30875588012945293,0.8342127970289477,0.9378986218275935,1.176492690101289,0.4283236427255591,0.5281959517451998,0.7283174227440258,0.43376684100484936,0.37158599098070916,0.404920048651831,0.5907541174544177,0.3874631010432692,1.1455424171189896,0.597009765751435,0.23281822921088946,1.5746031539105367,0.24997934777836237,0.6698058228830502,0.5454517116477832,1.3489556920186734,0.5076228332014654,0.6259756264231466,0.6715726679999685,0.8488372189879627,0.8653155121743678,0.7105818393414662,0.507890395572169,0.9849833438638639,0.44511624433690966,0.32496877540418084,0.48676413478350655,0.8711907552781637,0.8247195207054624,0.8451929515754397,0.25532336918865656,0.6139162355506919,0.24798190401216602,0.4084903815101894,0.3556421365061415,1.1929941101317045,0.41230146848806976,0.20760316806592416,0.49187709737355134,0.4331523122413527,0.4773261249198243,0.6312241657260118,0.6953867283837457,0.2572552278710809,0.2756988072806487,0.5734367294286514
Angola,1.2328217857202746,1.0,1.0255942990136737,1.0809301382278709,0.9022039543241532,1.1332883466111154,0.9648287730646756,1.0310510711766734,1.1690463893400902,1.1023722736011377,1.4893971399959989,2.093395199245671,1.0422222890183819,0.6779374135523499,0.7425211026427632,1.3144893960280828,0.7502298821599477,0.8186592723545124,0.8553590413515709,0.6865469367962358,1.2811901719029115,1.368740603256226,1.118702636340038,0.87475683952096,0.6611267259468433,0.8761127212561649,1.0564298706978412,1.184050462321349,0.7841534626518624,1.0477208824810447,1.2404965662016645,0.9644534725443908,1.5421254061368814,0.701570052048339,0.720166526214885,1.2070715728717536,1.173709879073537,0.44709145080717494,0.9928692360623487,1.3689999964715867,0.7369152903254437,1.1488475062176013,0.8575278840401118,1.3130675809779662,0.6787647383233639,0.45714208231987735,0.6215502427069823,1.1457973507092998,0.8881979354328022,0.7606788502351766,1.489474978534356,1.4385772336555251,1.3098080467762283,0.9697277985581093,1.406857288866742,0.7224912979624458,0.9719575851266604,1.1735883722452207,0.7844565783310095,1.2083011834408448,0.6993673341035894,1.5869737693664725,0.5853206865126599,1.5433750740617256,0.6887683707580746,0.6719431390585713,0.6849609004897604,0.6149317313078742,0.7566178452084511,1.0617350732349293,0.6503667591375102,1.5445553324955656,1.402974926456488,1.601428375624818,0.6572757236838674,1.870498006746651,0.711411254555212,1.1266574540435963,0.7743329455265292,1.360525043246639,1.0143545402455978,1.260383098986739,0.7356795752511102,0.9150897683883269,1.1513571291341886,1.0526750891029848,0.8976009445592055,0.8653111173797866,1.1376979357377779,0.9026040551145135,1.0816814623731479,1.107268100103153,1.1127259180765996
Australia,0.4435668142065521,1.0255942990136737,1.0,0.3086266791745873,0.6989232251436382,0.582517111078531,0.4488976511432524,0.2681471813721405,1.0038691589369926,0.544415400702223,0.6757713629141137,1.2666377302510117,0.43389297294793944,0.5761372000839886,0.5626973434076554,1.0708923472238585,0.6312661305262424,0.8822284390120332,0.42521864140835686,0.5944846743493566,0.4143148800939191,0.5605646987691429,0.2770276062166223,0.9011022873168694,0.6332661065833028,1.1158158704908874,0.322007799439052,0.4479784952991037,0.37373390604559364,0.2841332965428002,0.4307585450443269,0.693988887545755,0.6795073300013527,0.6588348184579741,0.6470780711108357,0.4142923907765475,0.6389365755435856,0.9246744737187101,0.544257051583546,0.4403477357977118,0.5717272909826949,0.31254241867014565,0.42746314127808027,0.5607421662001384,0.767386309600627,0.7805858639108049,1.0358863985309077,0.5739901692246456,0.5462493120063109,0.6636525078935641,0.6282568999038085,0.5897512725784549,0.6241903396564304,0.32917737423387833,0.5014106793577986,0.9308000415185125,0.44706275245972743,0.3472879069210918,1.316985798326144,0.36680397251190555,0.47988440810017086,0.8023006725478223,1.2070004580007847,0.6891957988626336,0.46456294151195593,0.5377960538910693,0.6742492367005086,0.7784691888956149,0.5560491447887477,0.639697178240714,0.783487176447549,0.6280467785301015,0.5253597683342027,0.7247739059833808,0.6402106900873853,1.020937476523016,0.8413044852732147,0.2997268672477375,0.49551539533469047,0.5450431280419443,0.2920987337388402,0.4202828691455361,0.9781166334347451,0.2736932544331351,0.3749523394047358,0.5863005309288964,0.4199765185242954,0.35769052877951774,0.6315537071136142,0.5611779591139909,0.258888300691204,0.45029593880661356,0.6192242016252062
Austria,0.2546869843281963,1.0809301382278709,0.3086266791745873,1.0,0.5665183399211512,0.44283936658667455,0.4191644013056711,0.09168262913894208,0.84542878245973,0.5209665798788423,0.4863341153760195,1.1858536583559314,0.2521211688153354,0.5203968682143303,0.6036410978164463,0.8880372976290856,0.5716060377808565,0.76792512999893,0.32284796525540904,0.6121704571933677,0.3077356200306575,0.35591036665897713,0.09345402270981257,0.8965878474316571,0.5634191549399218,1.060144263679899,0.16653842116255255,0.2785694770314108,0.33878171822045355,0.18026184666894632,0.19909128063899628,0.7985246909658512,0.60982733660595,0.658246579236796,0.5730862597708273,0.2567023796363554,0.44474927304178513,0.9653582376131069,0.4122453867049654,0.4503271706893974,0.4805138831750474,0.177336365418391,0.45092973662339486,0.33413677127174546,0.694294864539724,0.767472648933267,1.012355082660777,0.43966598198172047,0.42276697398224444,0.641012056317249,0.515932660698879,0.4460495529697678,0.4489080890072712,0.378189734505594,0.41353723162489936,0.9663784873475988,0.44139144923957524,0.1453866851453442,1.4104680746339928,0.1969124278974914,0.5095478035044329,0.6797075112989063,1.2351331326315829,0.5900795270144852,0.4435593665005642,0.5148827093592331,0.6713127491683601,0.7502097736445005,0.5283604022547663,0.4809052568542091,0.8097528761999396,0.519918078688754,0.3925684877620787,0.5953332611895142,0.6879895515614415,0.9441609075960382,0.7370263500477332,0.11948010900631455,0.416886695544875,0.3236110745100304,0.22177815190312966,0.3260345220319104,1.0259864876086446,0.20558712344000918,0.18304496852328486,0.4404285556124897,0.2804232448750718,0.3056050663058351,0.581732398661784,0.5364827011701357,0.14902830272097017,0.2689757279270635,0.473085941204937
Azerbaijan,0.6336959340285547,0.9022039543241532,0.6989232251436382,0.5665183399211512,1.0,0.6337396281595641,0.7060419442302436,0.5802639111523475,0.69403759402459,0.7283302606849693,0.8897772540598934,1.5975858054946437,0.5273223255055808,0.533717953735238,0.7554522481840592,0.6505266605925627,0.39246897309134865,0.43293646313250933,0.4845680043680066,0.5975534022295423,0.7947349187824374,0.7811884581833526,0.6265069092094275,0.9827278303356048,0.48983691055458894,0.6254713648963127,0.658639866121092,0.7405299390523327,0.47160116501070604,0.6532012963616805,0.6407032734516962,1.063206493885495,1.0729180140515613,0.6124094446632516,0.5802025390378477,0.7030054790828029,0.5763629152418487,0.8992562193646985,0.4020650763347206,0.9762723841633453,0.4143057725115775,0.6996713447550258,0.5650606181353275,0.6578109524470945,0.4553346782101975,0.5984747673162434,0.8229709780757167,0.7040235764324673,0.5063018687790748,0.5324871233233798,0.9944077217087313,0.8777159742865828,0.6749337996151996,0.6784077205609911,0.8848473110092969,0.9031979247540141,0.5865976910318212,0.613357692366177,1.3869154441518496,0.7300124058275416,0.6528174845528244,1.0149660228074295,1.0937360113097578,0.977197667034407,0.511245053418339,0.5261235157605655,0.6599216755156815,0.5759451290135111,0.5522367274746727,0.3066428664551631,0.7595849428796759,0.9596291302543868,0.889400757436663,1.0728411897679409,0.7729309315179168,1.2391446833462147,0.41198354648309754,0.635236510879627,0.4248270806644026,0.7302255838240418,0.6126365437868402,0.8531978353204692,1.012537056790695,0.4907457306440644,0.6355189566014496,0.49763395405797395,0.4878933390441896,0.4224851721879331,0.5989473372684074,0.8066129910234721,0.628859852223343,0.6486076335546704,0.45249849042237644
Bangladesh,0.4230491710727286,1.1332883466111154,0.582517111078531,0.44283936658667455,0.6337396281595641,1.0,0.6800585318847412,0.4866166911731781,0.5869139504155955,0.8970437245005828,0.553392779104562,1.1864977164854633,0.5857990765812677,0.5578625958514704,0.863880676651574,0.9292251557315125,0.693546975131601,0.829372545790734,0.4448106780186801,0.8669726569938767,0.6551106098938576,0.4694195140950081,0.44936432348129757,1.1266737840742456,0.5708073668705202,1.1507479685824193,0.48156125806320305,0.37349352775629713,0.6031846474704128,0.5398738008797909,0.40938314086088246,1.0428732434465806,0.8261579579216914,0.7497779378045936,0.7441356735330076,0.36042363091774005,0.31428389764555204,1.0996246794514404,0.6722087411570308,0.7117459850773472,0.6396607205206862,0.5431805314471377,0.7791826133583479,0.5401322791353718,0.7586331183075831,0.8991885350437286,1.090392696421118,0.28403444252529214,0.3871818691933351,0.6045368727488374,0.6204651340017356,0.5474467161965175,0.6142999353004072,0.676988858223828,0.6920086226513726,1.1641783774910257,0.7992148258594918,0.49883333445815076,1.5549079449163843,0.48864802117278966,0.6823358678242154,0.6172122999220311,1.2143874423936312,0.7879030168697375,0.6191424857742704,0.563968215125127,0.7775749641501523,0.6531509416990907,0.7665123181793067,0.49839444438853653,1.0447825633834338,0.7361718565279567,0.6020511414022542,0.6994674919831708,0.9322652673528029,1.139520537937818,0.6992473279913379,0.4645957957826314,0.6069922988573686,0.4811843469437486,0.4776534293372038,0.6014671983016703,1.2499855486687548,0.524511920189092,0.3728430352945054,0.32399946936964674,0.4525423018627983,0.5304026032597208,0.6478051418567602,0.7735176938168132,0.4502180773192924,0.2697653657980995,0.7033810756646243
Belarus,0.561435815426251,0.9648287730646756,0.4488976511432524,0.4191644013056711,0.7060419442302436,0.6800585318847412,1.0,0.37209445309730343,1.035887083521091,0.5454369131473623,0.7727811909260353,1.35731519204402,0.4847583266002788,0.5525969932901406,0.4770185238502928,1.0569895675256034,0.6546136511773295,0.8464774996430828,0.3966729786858112,0.54482713243398,0.5095890179770408,0.676313056206699,0.4514632716773231,0.7136409859518136,0.6202577662045338,1.1094774126340896,0.37508867072584673,0.4961249926091035,0.4011197387051166,0.3598010073641645,0.5642245513568702,0.5202562822042984,0.7817482678716605,0.6131150843250621,0.49385853358494686,0.5746506376402405,0.7253511671952177,0.8023707799657113,0.5411362255321499,0.6301035889634918,0.5210130460676807,0.42697052177329126,0.49775869481067336,0.6963520860805417,0.7140317737159325,0.6718207157983522,0.905478597387883,0.647369366450202,0.56714581876634,0.7206580032403836,0.7329105605639692,0.7029917930352669,0.7329703611175363,0.4126161119324997,0.6475982343153432,0.821594404039852,0.4809760980035306,0.47486135061427703,1.238765924983195,0.47926688449440935,0.4509020829417665,0.9495218652057433,1.0386129329165597,0.819888999172472,0.4423420302796278,0.553406177203153,0.6466011255528299,0.7569394743838876,0.4956278581907936,0.7057567249757589,0.6902853159460929,0.7856244045562464,0.6300365862200624,0.8221901796475308,0.5574693166045691,1.1539169174621775,0.7814999133698114,0.4349866008792012,0.4984940018709415,0.6482579967742065,0.45471369092473035,0.4846749199325073,0.8423117677199673,0.39929258512504606,0.5196625323486856,0.6407981575136067,0.41843135451249464,0.4963745693943088,0.8356073631104777,0.42609117102241706,0.40174250866125505,0.5298120206638501,0.6481963773389376
Belgium,0.3143344133873511,1.0310510711766734,0.2681471813721405,0.09168262913894208,0.5802639111523475,0.4866166911731781,0.37209445309730343,1.0,0.8939536238985292,0.4984398449903899,0.5438566861921823,1.2296959469222066,0.25158522287704904,0.4933137879660023,0.5335302690082093,0.9342602964104049,0.5615337898982609,0.771064615234847,0.31305200704063807,0.5563671963087466,0.3113173816159139,0.4147463674307904,0.12538302109137378,0.8500911457864926,0.5434814099817863,1.057506532811968,0.14775341082206472,0.31182436247827194,0.2870036543610784,0.12867524520837678,0.2721873107573982,0.7355356238421502,0.6273927011497809,0.6362998310144583,0.5368057447260537,0.2962180832752617,0.504997910255582,0.9054530872544593,0.4144040638546388,0.44729971128484847,0.458232920543984,0.16490747733467764,0.39610200924802713,0.3964778749334987,0.6833665593037094,0.7243450406962613,0.9825037635794316,0.48026992073489877,0.4373316521782066,0.6367629234027884,0.5553485165861424,0.5022866712669424,0.4784118923639249,0.33777076301505843,0.4350619074596671,0.9137592490264629,0.39555313659246766,0.18824068500666974,1.345771647181655,0.218761761076244,0.4521523758259793,0.7406952183511823,1.1963083424367458,0.6237384409721641,0.3943373720068549,0.491846957183365,0.6476350644906966,0.7395075949655089,0.484527595752688,0.5225142742271951,0.7549848469556674,0.5612191580283052,0.4246316427929967,0.6397393166647121,0.621432105711552,0.9815556190917039,0.7401473217641337,0.1576885460532605,0.3943512971429156,0.391262497191051,0.19396680727034876,0.31985524344451344,0.9656474425491262,0.1653549070580874,0.2304580218510556,0.4895418566403175,0.260714365551468,0.29208467386555215,0.5979188945950727,0.4830248006404639,0.14645921370748763,0.3049138583636054,0.49922074217282686
Bolivia,0.8600303947410082,1.1690463893400902,1.0038691589369926,0.84542878245973,0.69403759402459,0.5869139504155955,1.035887083521091,0.8939536238985292,1.0,1.1340054747716088,0.9690183331106723,1.5199026802823004,0.8742325869538856,0.7859804122347585,1.1623258711618945,0.7499982577730554,0.7361846102372691,0.7082826675954044,0.7217106250667771,1.0711654833255455,1.1093602941319334,0.8900769021471432,0.8884358454145767,1.292178476021693,0.6740090393336629,0.991831985470384,0.9092789308087361,0.8290864483348255,0.8918174763713476,0.9762833756298607,0.8301854200787468,1.390355491597549,1.2813534419741717,0.8567482205365828,0.9081440055964163,0.8483573568825613,0.48690076901925927,1.240294814813635,0.871919493314616,1.1994499399862935,0.781652060601782,0.9926707963735013,1.0498505498671618,0.8776201207520116,0.7635013215817267,0.9642226043408334,1.0654748586584908,0.6308222086846118,0.5492599267578514,0.6957273908942522,1.0577277827218095,0.9388758340823669,1.0040286190907353,0.9990920641571814,1.1250341836164253,1.309215776274091,1.079532514279593,0.916620003553796,1.7099742801029747,0.9527480176034709,0.9900160787823263,0.9334842312842202,1.2086656591455538,1.1882742166202094,0.8810192690372322,0.7259591248780056,0.86039468136012,0.6391752024793461,0.9691136593022563,0.5850308813222732,1.205765670295229,1.1379088320906283,1.0701649830017923,1.1322503270307476,1.187001173815719,1.459562462875034,0.565906663585363,0.8956267526146419,0.7721689835745001,0.8787620187186129,0.8895137080685942,1.086214370449383,1.4374645823640688,0.8704414257778181,0.8187668504787533,0.48758276180555793,0.789356952971262,0.783897349724587,0.8223206027434148,1.0941172812260667,0.8925564120008793,0.7368337192038635,0.8227199890868094
Brazil,0.7172083898664952,1.1023722736011377,0.544415400702223,0.5209665798788423,0.7283302606849693,0.8970437245005828,0.5454369131473623,0.4984398449903899,1.1340054747716088,1.0,0.895606442074671,1.4920426327945862,0.38466821683787156,0.7486819508283605,0.5643037631575255,0.9648661018613446,0.600543404327172,0.7621829709256166,0.5850745940892845,0.5040956355563786,0.5793537683612392,0.7667122225766005,0.5539223318569458,0.7376878018233567,0.7964945922412388,0.962052034967689,0.5542235918585997,0.7266436643846268,0.4889407785619632,0.5118276935806502,0.6516902055421091,0.7627893489815667,0.8867102715841978,0.6882957521075596,0.5829421282334154,0.7458099756407514,0.8198125142487637,0.9067103647790361,0.4928707915341208,0.7339179720455536,0.5501961846912069,0.5469249439426791,0.41357997697648524,0.6899209693507165,0.7423914545777324,0.7528916296780316,0.9230117139683612,0.8722500877635423,0.7414463811439455,0.8594998094211583,0.8833415796106687,0.8128167381352701,0.7753114656006092,0.38937285807248184,0.6928443476279605,0.76623476660795,0.3869611919660836,0.5588411515039979,1.283578080073518,0.6235817376483342,0.653469829971307,1.084959984387193,1.323100666024716,0.8812595663158725,0.5789926389234221,0.6877756974932356,0.663024054981944,0.9373903859352639,0.49426288050297623,0.746461742250379,0.6619530022349199,0.7889764231601666,0.7558589928243367,0.9431812947713927,0.6315276158602581,1.1098614710640915,0.8679570895205089,0.536223871745601,0.4928851770754166,0.7151903817052517,0.5530264118246245,0.6633920671301482,0.8502202128687872,0.46634999354580997,0.6659115142785001,0.7644114132042908,0.5820033139816728,0.5293460934264069,0.7960940597856059,0.6110133307812996,0.5841265463695511,0.7665859358179912,0.48296487239057456
Bulgaria,0.3540514965507372,1.4893971399959989,0.6757713629141137,0.4863341153760195,0.8897772540598934,0.553392779104562,0.7727811909260353,0.5438566861921823,0.9690183331106723,0.895606442074671,1.0,0.7939916359947167,0.6437756098871054,0.9111236255645098,1.0355371717983457,1.0106778411238981,0.9933249674236355,1.1356965923379516,0.7351949089514749,1.0690923777207113,0.4528964388567294,0.2043980783501809,0.4526848229797693,1.289046768566123,0.9130687443060718,1.4160726322547126,0.5423620818583326,0.41231857820129447,0.8013903879152743,0.569903477794293,0.31614917372543827,1.1498712858721554,0.4121148867384843,1.0952770820024027,1.0047979452482714,0.3430638490864369,0.5533038058574707,1.3943785048145585,0.7643007931627694,0.48037464400367097,0.9163257552541597,0.4599907503941725,0.8719621619047935,0.33911354093470725,1.1080530354315856,1.2042937689638034,1.438713787054288,0.5421351208948019,0.7256828791069289,0.9928902421742873,0.30217458629614224,0.2712672238485811,0.4840102493017069,0.7998086477720473,0.3600093808392832,1.4030687513067672,0.8338870445120573,0.42034780063430754,1.8115055595723444,0.36467186234033194,0.9424120199213682,0.35984314850977406,1.5905215555237606,0.3549286638835202,0.8937409175169377,0.9286335145591867,1.1095875959722943,1.111844052612624,0.9901073835362582,0.7153528688293957,1.260402000724638,0.3073893879137773,0.25458654328041397,0.27516862010507537,1.125097665175733,0.6719480229871614,1.0837602232965968,0.4742556621823464,0.8655857459532029,0.21336696120425824,0.6089746285899802,0.43205635206651694,1.4463053924281501,0.6727738816476435,0.3905794734719273,0.6952268514742657,0.6949595395743617,0.7318738687912355,0.7608000853492958,0.9139191542043665,0.4987655194175919,0.4382607725318138,0.7848406763115088
Burkina Faso,1.0533076411954425,2.093395199245671,1.2666377302510117,1.1858536583559314,1.5975858054946437,1.1864977164854633,1.35731519204402,1.2296959469222066,1.5199026802823004,1.4920426327945862,0.7939916359947167,1.0,1.355130628162334,1.5951554647036894,1.6694633724744783,1.589517292392258,1.6731812405073319,1.8227790033147115,1.3984624519895337,1.7373943300967696,1.083095521502014,0.9171294175464666,1.1402620532024232,1.8690933022308545,1.5735897277963626,2.0901176855599797,1.2030032837844271,1.014237236755285,1.4938370284705067,1.2381865381831303,1.041285108941315,1.6124578570618864,0.8191361010264675,1.7179003330603826,1.6698441832949165,1.0271687697886864,1.1780227727597055,2.0179664546941556,1.4362304846097853,0.9302786424458336,1.6071322589302874,1.133791161642281,1.5494279540206841,1.086259440090933,1.7962440157282675,1.8644400630864,2.064308569503052,1.1119817739164992,1.3536117066075082,1.6224874618062226,0.6990660811166535,0.7867574387659696,1.2020910574222192,1.404564194842363,0.900356158331665,2.042014200056395,1.4894360534798587,1.1253387906286816,2.37711242948682,1.03791325677894,1.5852511165506629,0.6696634843886585,2.1049773071079723,0.8173124370993361,1.5747556538701752,1.5772548169173415,1.7178675404689576,1.729567236370829,1.6487553633769283,1.3843938972530099,1.9023928193293844,0.7966881480822368,0.8819320444040432,0.6379935998398271,1.7472338519151036,0.8461065490613859,1.7515747314033965,1.1516344440078792,1.5507287022293454,0.9495922147973177,1.2906358542072207,1.0287002411409718,2.058744373673212,1.3620471377492165,1.0754601618296677,1.3229130491812369,1.3938955400071036,1.416848915431878,1.4247657578220478,1.5062917097400415,1.143507389449396,1.1083177881960211,1.4459788962224827
Cambodia,0.45592983195315995,1.0422222890183819,0.43389297294793944,0.2521211688153354,0.5273223255055808,0.5857990765812677,0.4847583266002788,0.25158522287704904,0.8742325869538856,0.38466821683787156,0.6437756098871054,1.355130628162334,1.0,0.5133618287252067,0.5310393097042684,0.8294029270562494,0.4778215055592276,0.6361912536148908,0.3660131435115043,0.49187368985611574,0.4171267043932189,0.4986126736281528,0.3049289647665504,0.7924984245400241,0.5714689544752075,0.9387769463399241,0.31408212090791277,0.4802686248615196,0.3067694527428797,0.29154217929440135,0.3813614470040851,0.8288707177070547,0.744458366099681,0.6196822187323177,0.47158507040906694,0.4653402979511032,0.5448491832043348,0.881288821208191,0.3616970250517676,0.6195439548349326,0.38458554428531266,0.32356269553166694,0.3651687224319145,0.4170812254272491,0.6072812131834472,0.6895823928320233,0.9098244562568082,0.6161097204444952,0.4917138893501802,0.690091686465666,0.7037259945429368,0.6205529654025865,0.49842361933023893,0.34763668783376916,0.5608139348808336,0.8299537516129024,0.3686752449197476,0.3233491789094618,1.3186709883955867,0.38452410928146646,0.5174939355253808,0.8635797960478762,1.2434677594568888,0.7335019832682372,0.40701968064125094,0.5072433712248718,0.606252736405577,0.7678492123911963,0.43879265893281955,0.5205823242843272,0.6938052004353529,0.6507203704562385,0.5485648103600448,0.7621638374011813,0.6215270145214454,1.0381340595567625,0.6854128191708013,0.30604794999084856,0.3285174961682077,0.45798127618369755,0.3148854766578957,0.47293842524344776,0.9107512409720157,0.2473055787663058,0.3977414393444957,0.5234804567490866,0.311889558707482,0.3381669889586043,0.6045202296604776,0.5301528976513027,0.3655280772816067,0.46825864721125265,0.3950435112941063
Cameroon,0.6676957187151303,0.6779374135523499,0.5761372000839886,0.5203968682143303,0.533717953735238,0.5578625958514704,0.5525969932901406,0.4933137879660023,0.7859804122347585,0.7486819508283605,0.9111236255645098,1.5951554647036894,0.5133618287252067,1.0,0.4645680680937839,1.0106735225442112,0.44090389235116134,0.5907919228473147,0.3532383214142737,0.47497954313444934,0.7438494918517464,0.7930757972424338,0.5642491770207614,0.7592791478857613,0.33361649798975096,0.8865574204571995,0.5034624625886831,0.6301815235331987,0.32038364358619004,0.5086459373051145,0.667700925132647,0.7909754807163732,1.0281742880842728,0.42246205252794033,0.3623673979650319,0.6421817043896854,0.6599230857417727,0.6013369436546064,0.5888437807114622,0.8775228442465599,0.3470800819030268,0.6024784832487912,0.5335633779133937,0.7460888761397017,0.4056756340489022,0.4552678003372335,0.6816138827257223,0.6424431057819081,0.4402319903962112,0.474992670608327,0.9565453884291794,0.8943745684886941,0.7404658035736041,0.534166145611842,0.9070328081066165,0.719557787026311,0.6192805376454354,0.6187138643441166,1.075898063078864,0.6542403019492239,0.3048199823808843,1.065193828335616,0.8725320051207202,1.0415298488903038,0.24582573602040378,0.26483563490776274,0.45506674211922593,0.4261981422845835,0.43252931727845495,0.6297095763788123,0.6005837594064947,1.0198269482232147,0.8399292872104516,1.0424722261957,0.5190390199522211,1.4013425306796838,0.47496245715613455,0.5681534004963472,0.3606746784181988,0.7833327661717759,0.44926310416881754,0.7161940710617363,0.7824743076779405,0.4170394838439072,0.6001887677782929,0.5353509313254922,0.34253397857903145,0.4107148925272488,0.7352339713329406,0.5390310499294922,0.5601851509367911,0.5359257077768727,0.7099718640545698
Canada,0.7936856950698656,0.7425211026427632,0.5626973434076554,0.6036410978164463,0.7554522481840592,0.863880676651574,0.4770185238502928,0.5335302690082093,1.1623258711618945,0.5643037631575255,1.0355371717983457,1.6694633724744783,0.5310393097042684,0.4645680680937839,1.0,1.1818257099415386,0.5954760257356074,0.7707520893716224,0.5159931924581789,0.2595944176179779,0.6855447956005832,0.9041060737093534,0.6363361577222184,0.4863351909021416,0.6351251447047489,0.9959749422479035,0.5302759728476749,0.7572673207340948,0.36077624324698826,0.4835708103872911,0.7910916949646735,0.48378240925574234,1.0079212907249053,0.5241082918548502,0.3442612442936492,0.7873344684249196,0.9299955393268942,0.45562326977082135,0.6219360118313174,0.8279641352354374,0.45250287947430656,0.605189409809246,0.41305976824035734,0.8664123642573023,0.5893265403941524,0.48273691586165124,0.6879858082235405,0.8861696633788471,0.7103638165835132,0.7444428429329162,1.018297061861632,0.9978784067110892,0.8308987617997077,0.4643478246500232,0.8929921396646935,0.4681533147508941,0.4715183191623812,0.6856020143766741,0.84645717756777,0.6965999157813146,0.2697507668970435,1.2476112565742077,0.9770872043047152,1.0843669327412628,0.3109885353631132,0.4982659685372862,0.513964955200079,0.7538077220596084,0.3229121720385958,0.8720617551393223,0.34019536193282796,1.0373232973404751,0.8703394338053685,1.0938635917744872,0.18065614124575316,1.4054165409206072,0.7722679404228283,0.6204862035044683,0.4565712850547256,0.8941679636436589,0.5407025083060131,0.6867610793469794,0.46096315870639626,0.46749301451749886,0.7357907009605462,0.8260784224666047,0.46893578505435546,0.5622741525546856,0.913945646540923,0.3361734353778095,0.6200993712259184,0.7409398609865636,0.7574800133580177
Chad,0.900417645421687,1.3144893960280828,1.0708923472238585,0.8880372976290856,0.6505266605925627,0.9292251557315125,1.0569895675256034,0.9342602964104049,0.7499982577730554,0.9648661018613446,1.0106778411238981,1.589517292392258,0.8294029270562494,1.0106735225442112,1.1818257099415386,1.0,0.7728816771489788,0.6975373497254527,0.8524167128356516,1.0143667582063034,1.055475724416516,0.9218060464434755,0.9424155440829155,1.2599046033604078,0.8816699656796398,0.7982737451226446,0.9821313553978422,0.9857388686522685,0.928258314597172,1.0091120299600884,0.8723980886612166,1.4058367675224845,1.2348579074299295,1.0128068254764093,0.9594431520682304,0.9746799126331925,0.7365648352586991,1.3155251046139123,0.7777497115551603,1.220412250483,0.8083617559415212,1.0093067519620669,0.9564815835976511,0.8382821141707951,0.8584001004759174,1.0132169653178464,1.1481651867953253,0.9087493197516675,0.7879049107540376,0.9253910023141582,1.129889465139141,1.0113760808966148,0.9527589322672317,1.0607127673276044,1.060555644146266,1.283884029054566,0.9082567547876512,0.9180623184622243,1.7609507272369145,0.9915982981070356,1.1164664965485966,1.0706431598335344,1.4651681181005232,1.1050657927733853,0.9691134566396395,0.9412209642771281,1.013815828177478,0.9780883873298982,0.9844784020468667,0.5887798911877268,1.1591468214568958,1.0688533657683312,1.0888521517843006,1.1843078600929984,1.18779948074014,1.23276137595145,0.7570699386473435,0.9353404680104845,0.8105293600803215,0.8892587186343269,1.0224791012014904,1.1259864507822441,1.391436484199958,0.8880818471424838,0.9217743719893011,0.7647518057020392,0.8834576531141559,0.8465869378462756,0.8494953309179709,1.1249799369728652,0.9593554233539194,0.9367813803134494,0.5982834956909866
Chile,0.7361074804666392,0.7502298821599477,0.6312661305262424,0.5716060377808565,0.39246897309134865,0.693546975131601,0.6546136511773295,0.5615337898982609,0.7361846102372691,0.600543404327172,0.9933249674236355,1.6731812405073319,0.4778215055592276,0.44090389235116134,0.5954760257356074,0.7728816771489788,1.0,0.28622770903474265,0.4068013488572762,0.42012935556879,0.8253719640008136,0.8432029924089368,0.6367437160077078,0.7664462983826653,0.4171280457901872,0.6112093445893425,0.6219196030015239,0.7448639749293937,0.38452810382966135,0.6295619617189733,0.7023998473379194,0.9224600291466731,1.1520727644594466,0.3691949185563015,0.3949415679179517,0.7399244634208993,0.6366360104752189,0.7070431056244982,0.4947206318050339,0.9685414759862541,0.22604514292170635,0.7062695505334388,0.4789959711990596,0.7564240537447181,0.3030100834800303,0.4378745460575784,0.6131333268677787,0.7249005040083939,0.465114695183017,0.4183189754501565,1.0350648410142438,0.946033687340726,0.8306460029074044,0.5481304772610381,0.9297706245951769,0.6962373778929681,0.5201341808070022,0.6731053367956348,1.181839369893925,0.7518022517084425,0.518108543809019,1.1099066776484257,0.9891621186191866,1.0860494665493898,0.37447483703694895,0.36470200114793944,0.3707555376323327,0.45433975969089563,0.37514753146615043,0.4691514179657836,0.5626890686847162,1.0241631690725015,0.9476513236440621,1.1269429461388691,0.6066353769855779,1.3798674990565543,0.38129927607247494,0.6416741844587625,0.23257095977804823,0.813984628587668,0.5688231518064486,0.8608405915837981,0.8376932651575831,0.44006797724505764,0.6737397466742759,0.49316761914731305,0.43295403924071757,0.38202615811273904,0.6908568272616202,0.6417522966655819,0.6386228674225806,0.6801418970861071,0.4569294489466669
China,0.9071796470213062,0.8186592723545124,0.8822284390120332,0.76792512999893,0.43293646313250933,0.829372545790734,0.8464774996430828,0.771064615234847,0.7082826675954044,0.7621829709256166,1.1356965923379516,1.8227790033147115,0.6361912536148908,0.5907919228473147,0.7707520893716224,0.6975373497254527,0.28622770903474265,1.0,0.5918235074589424,0.5754518190936285,1.0107259399056419,0.9941682176839858,0.8383028360835469,0.8513468221515637,0.5452000888804562,0.48432064832262806,0.8191250814198622,0.9254508322674524,0.5979538971553718,0.8333522040779187,0.872067516129439,1.1107592702718954,1.3250529627989613,0.5323292744713298,0.5016003444405384,0.929551909451271,0.7463367295251703,0.7871670740929991,0.6156322508093574,1.1871203117071216,0.38111504571593224,0.9041676102368255,0.6812455315275404,0.891698836100018,0.32302622524577107,0.515704987404499,0.5848024666693232,0.8841633770182005,0.6112097536835713,0.5856935014264211,1.2109955847743001,1.105960610091614,0.9545841722750514,0.7625538691449265,1.1188576276508642,0.754130217094765,0.7162720587096985,0.8595123017048002,1.2501821027565274,0.9410014223507827,0.7196636649732092,1.2558040928478096,1.0264142304285158,1.2524799367366621,0.572089995269761,0.5375976441183433,0.5096324152571241,0.5472375598148268,0.539240196181196,0.5665049311674711,0.6643446788920503,1.1935651762096082,1.1202102357371415,1.2909159497577791,0.7647343658054659,1.5179982148402344,0.3332436991014766,0.8355929476619767,0.4301626313320951,0.9596755385080553,0.7844855021808977,1.051922534624865,0.9152063729569588,0.6636292848076927,0.8634228452749035,0.6235079570983452,0.6179797969557546,0.6077774084693807,0.8173411569647214,0.8212628912695008,0.8496147405046939,0.8548057994746006,0.5579275998615398
Colombia,0.47887228181289504,0.8553590413515709,0.42521864140835686,0.32284796525540904,0.4845680043680066,0.4448106780186801,0.3966729786858112,0.31305200704063807,0.7217106250667771,0.5850745940892845,0.7351949089514749,1.3984624519895337,0.3660131435115043,0.3532383214142737,0.5159931924581789,0.8524167128356516,0.4068013488572762,0.5918235074589424,1.0,0.4835527254901557,0.5767232515086038,0.6030498633741285,0.3795551964574848,0.7409354033734449,0.3768801544127356,0.8993991400702933,0.3104456709985966,0.42318561784718234,0.27347898602359,0.3604491055701845,0.4675320341767322,0.7354870801166679,0.8741910795983984,0.43833732969469535,0.37402763510284476,0.47916020321484004,0.46238535059181113,0.7626863711066274,0.42105156070564986,0.7066822622851988,0.28892044036742065,0.45051384259467553,0.4593197093099949,0.594752641080218,0.46437045633371615,0.5358767513618254,0.7648461112594801,0.43960228996074263,0.26415069832704413,0.4577031083361829,0.7437715956217582,0.6691207320791234,0.6752368674831247,0.4143467442769923,0.6970031268591201,0.8002201356792092,0.5007328578880506,0.44704253299005264,1.2459225916233316,0.46820148253460303,0.3638122371845928,0.8703758690230881,0.9821330739308215,0.872531406842233,0.26945879463933453,0.26068537727480146,0.433091128708216,0.4935004574859874,0.38080001571758687,0.47232066245751153,0.6595272265849765,0.8034767425892555,0.6610805452473172,0.8386702901008911,0.5609292818163679,1.2129426371856278,0.49378988529974005,0.36588349319635394,0.2363112579706925,0.5812769168216857,0.35998176819983485,0.5583391464801537,0.884331994788747,0.2662503916244441,0.40399889776745773,0.36573991552499774,0.1893345233096418,0.30028630460694766,0.6335608440320679,0.45483341478245704,0.3397206152780907,0.36876707940990405,0.4819207969861616
Costa Rica,0.8004661082784831,0.6865469367962358,0.5944846743493566,0.6121704571933677,0.5975534022295423,0.8669726569938767,0.54482713243398,0.5563671963087466,1.0711654833255455,0.5040956355563786,1.0690923777207113,1.7373943300967696,0.49187368985611574,0.47497954313444934,0.2595944176179779,1.0143667582063034,0.42012935556879,0.5754518190936285,0.4835527254901557,1.0,0.7477571780914188,0.9246622549507663,0.660727951668706,0.5109312215264146,0.5679438850721794,0.7716198727708563,0.5896045510038787,0.8087437553466317,0.32049260675624275,0.5506065861582105,0.7935354975230123,0.6448244216905384,1.0902281862652747,0.4546991377500712,0.2932782013172487,0.819771506336234,0.8804589681680117,0.4690793576669191,0.5185181304074602,0.9171590024525156,0.3179838501556536,0.6630960154657116,0.32777048766944766,0.8496662791893541,0.44301836536230893,0.3570698937049578,0.5892319157462571,0.8920961686157137,0.6608081600981834,0.6573453624886629,1.0785137401466047,1.025749751644582,0.8412453104643087,0.4827067996903399,0.9262824647685973,0.41502919934966875,0.3897545529512189,0.6979336205756304,0.9046886281734756,0.7492722351729062,0.3594225764470484,1.2589188380278318,0.9609486086150281,1.110519613442845,0.2875641772829014,0.4518034860454849,0.4319525333398065,0.6762945404789324,0.22006803173417422,0.7471985951822304,0.23928644711947292,1.0582987853381736,0.9353714433288179,1.160553378918807,0.25711153044741125,1.401767613410393,0.6305748263089239,0.6488951190909638,0.3362035266230566,0.8997530042928913,0.5843684234435488,0.7872495318901714,0.48733060095629277,0.44059788093785457,0.7524268741200629,0.7638021676972396,0.4626820756883831,0.4945069097952201,0.832858291529713,0.45702517943137694,0.6477434506724519,0.7740702744476881,0.6097634934322433
Croatia,0.33488842413576425,1.2811901719029115,0.4143148800939191,0.3077356200306575,0.7947349187824374,0.6551106098938576,0.5095890179770408,0.3113173816159139,1.1093602941319334,0.5793537683612392,0.4528964388567294,1.083095521502014,0.4171267043932189,0.7438494918517464,0.6855447956005832,1.055475724416516,0.8253719640008136,1.0107259399056419,0.5767232515086038,0.7477571780914188,1.0,0.3768470274571133,0.27790131161612525,0.9658117753814857,0.8278434666976359,1.267494846126639,0.3052644775661277,0.4166479352859752,0.5432630387229895,0.25845822852185024,0.33165158891583246,0.7990126175875314,0.3976755100382132,0.8774675347454217,0.75457446268912,0.38020411653981856,0.6943684258186842,1.1051653431953692,0.5761725354699633,0.3073446554356294,0.7140654269949724,0.18534815642657962,0.5670688572635263,0.3926507643006713,0.9257991329396552,0.9717363881137498,1.2083440044337985,0.6546608679999016,0.7018017013587937,0.9049259610965464,0.4634692662659673,0.4618941228433386,0.42192726994015683,0.5152723292991832,0.2950437754485115,1.0710794890597028,0.5102517588837857,0.2500906722677381,1.4851791415063325,0.21728787692159554,0.6634231872486424,0.7227274586387282,1.4257196132981025,0.47939282177020553,0.6443022296309342,0.7654443708328613,0.8917287061167247,1.0271959725398678,0.6989509077106856,0.7305012093935092,0.9246281984146525,0.4031571943120563,0.250231582130819,0.4859966898288486,0.7845503513135712,0.7919996682062505,1.0034780353505857,0.2695311224169479,0.6611277292056489,0.3568043075777977,0.41410020050210716,0.18438466581870294,1.0876221262714005,0.42861255481746396,0.3707609864992634,0.714226701513852,0.503339296390884,0.5671100254281215,0.7536988360077218,0.6110786759790082,0.3164472117120158,0.46689277973007787,0.6446780778440886
Czech Republic,0.28586297379252457,1.368740603256226,0.5605646987691429,0.35591036665897713,0.7811884581833526,0.4694195140950081,0.676313056206699,0.4147463674307904,0.8900769021471432,0.7667122225766005,0.2043980783501809,0.9171294175464666,0.4986126736281528,0.7930757972424338,0.9041060737093534,0.9218060464434755,0.8432029924089368,0.9941682176839858,0.6030498633741285,0.9246622549507663,0.3768470274571133,1.0,0.3344412524356459,1.1635107099602244,0.8004130431582308,1.30018172114009,0.4207041499919458,0.30730459275367683,0.6722929777716459,0.4488099004607538,0.19499614959110823,1.0415894484261228,0.47960221653112983,0.9509790466312676,0.8600625446438989,0.24072641171970305,0.4654992006357016,1.2584756604762717,0.6550746428292591,0.43374105349465736,0.764959571098701,0.3561628065984315,0.7512367612114527,0.2792316753981592,0.9731904742038847,1.0753983516126369,1.2936060951461659,0.4703444734058705,0.599612393457083,0.8820740381492446,0.3084197855879606,0.2810811680391541,0.4336775817783493,0.6689422317335402,0.32583278405673105,1.2640548019544187,0.7039640204985239,0.32490661886578304,1.6823990749447673,0.25446422924147866,0.8178223543311809,0.44664461408399336,1.4911399629217397,0.4352090411504099,0.7539915686589541,0.7957647352824131,0.9610962886733596,0.9921665507979548,0.8476218004869073,0.6119835736345516,1.1175553415343507,0.33342456116107927,0.26474331676144364,0.3514839355886111,0.9905639152773862,0.7705545863212936,0.9672420065473387,0.35658925814638337,0.7160357119972927,0.1331699260403874,0.5005230124159609,0.3684150668141257,1.317834685483261,0.5344413030621898,0.286333772641168,0.5778139605868564,0.5509301445549251,0.6115234081722271,0.7061351316092279,0.7774855328186128,0.38650348777637916,0.34638943784223925,0.65622431947064
