Country Name,Albania,Angola,Australia,Azerbaijan,Bangladesh,Belarus,Belgium,Bolivia,Brazil,Bulgaria,Cambodia,Cameroon,Canada,Chile,China,Colombia,Costa Rica,Croatia,Czech Republic,Denmark,Ecuador,"Egypt, Arab Rep.",El Salvador,Estonia,Finland,France,Georgia,Germany,Ghana,Guatemala,Honduras,Hungary,India,Indonesia,Israel,Italy,Jamaica,Japan,Jordan,Kazakhstan,Kenya,"Korea, Rep.",Kyrgyz Republic,Latvia,Lithuania,Malaysia,Mexico,Mongolia,Morocco,Nepal,Netherlands,New Zealand,Nigeria,North Macedonia,Norway,Oman,Pakistan,Panama,Paraguay,Peru,Philippines,Poland,Portugal,Romania,Russian Federation,Saudi Arabia,Senegal,Slovak Republic,South Africa,Spain,Sri Lanka,Sweden,Switzerland,Tanzania,Thailand,Tunisia,Turkey,Ukraine,United Kingdom,United States,Uruguay
Albania,1.0,0.14935157724430637,0.09593809711722838,0.10249209684375972,0.10100876070635598,0.13741930246802803,0.059789866530948074,0.13745988013531255,0.1201189219409264,0.0698597963432208,0.09137995235389954,0.10277125790718467,0.08423865829689861,0.0648353864265574,0.1030374906233844,0.09478716976103899,0.07606674481650931,0.05622256801432323,0.06313738289487866,0.06665460320468748,0.1423270225294901,0.163172674041567,0.07065419975394295,0.07564091704232323,0.07380172336031464,0.06180731407815557,0.0807938192304582,0.05678649593375122,0.17238070153153845,0.09797017716135742,0.0892330191691466,0.05740094805248254,0.10538058531907196,0.1082964976558464,0.08049680266296194,0.05882054404761314,0.10229808550659987,0.10112205844026101,0.0926701568638206,0.14550286222875394,0.12300213758784874,0.10670312864628323,0.10410511491960826,0.07328070342659741,0.08882284289190555,0.07941395132832559,0.06598783961212086,0.10756945829160985,0.07583813049378058,0.15554020652989745,0.06216460881882861,0.08053323474000805,0.2635439993044878,0.09081992120165285,0.08248418787056837,0.0928331355612847,0.09605565343970882,0.09915781639647096,0.08541572795184584,0.07246474288018855,0.08010453643440514,0.055149266297296204,0.06364435341999566,0.07122957537592946,0.11788929797515522,0.12031357157309797,0.07036199951549857,0.05800026217355664,0.10831100529994481,0.05949122044350153,0.08857439149291953,0.06659200635288273,0.05742653524675666,0.08006911921161895,0.0666334975616013,0.08502316371730509,0.11654268438758453,0.12413438342476911,0.06447488061588985,0.07332830115377988,0.11561436670534249
Angola,0.14935157724430637,1.0,0.1724461447724817,0.12956738099460471,0.14819251988487175,0.1745816214362352,0.12624012622004782,0.14900228898664258,0.18708622904660233,0.14123519323351252,0.1502597117658161,0.11640665230615398,0.12222269696053781,0.14060005175205326,0.14875643341655145,0.1301397354138686,0.1251490202454077,0.1536544641415623,0.14400086901814407,0.13367235518576384,0.09126847307993344,0.1651342829601195,0.13662564529871513,0.13092351680138226,0.11556473966849455,0.13315815095429812,0.17949686545260024,0.14152285641712445,0.20722089465285704,0.17857824110289558,0.13397972443374942,0.13277781851936013,0.13205972453947867,0.09085646381621182,0.12701124526658378,0.13255298795920212,0.12497624457645201,0.1509374140276577,0.13518308068539672,0.10368573953613557,0.151864821104453,0.12562655972549397,0.16127139168801027,0.15272928788840567,0.1563633169775268,0.12718628282754976,0.1450076287502837,0.16432420431778816,0.13708088760117917,0.15714225285479605,0.13103482137018707,0.12360921191019533,0.22662375508820287,0.12857538863252665,0.10784005852558376,0.1152033617042704,0.15927710186861446,0.10898746372724295,0.15702856513508695,0.13937461585202834,0.1420311647910668,0.16046354522921324,0.14637015518459237,0.16465773294207398,0.11961055208666772,0.10970220775822517,0.14847767361812506,0.1486682182310032,0.1534242301404206,0.13981286876733584,0.13807721662940395,0.12281687930632018,0.12775410036548226,0.16243217488563771,0.12662626311950087,0.11188724311883765,0.1780894507371102,0.16896729474986996,0.13477264595665217,0.11118740451017392,0.17738160831216382
Australia,0.09593809711722838,0.1724461447724817,1.0,0.1493480005289398,0.09204306031883136,0.15562164254113925,0.10533039346102024,0.16834169968599233,0.1432890913971051,0.134195789053415,0.13809533059968307,0.1413560800419001,0.10791112827459196,0.10955234842802321,0.1585133794073294,0.10665227418096171,0.09982519486026088,0.09786896303596157,0.11093093596561773,0.09768491089094203,0.18031000511724912,0.18490469880100613,0.11145888751728068,0.11996168232937761,0.11646555198207154,0.09692922123553563,0.11607163485620113,0.10799518848405924,0.15701037758950562,0.10575224956856187,0.13647389522841658,0.09767369299705882,0.14334571269782787,0.12293969395942632,0.12771832583386408,0.10665160438159377,0.12368978398283667,0.15665191277833024,0.128590783736473,0.17612820197861498,0.14626720112987232,0.12333171148910331,0.13316223415606346,0.11004237428409525,0.12335082318338177,0.1052768250382027,0.11019761640296809,0.12899666271714452,0.11887188261989183,0.13545598991128782,0.10417966248733676,0.09845936003404201,0.2668145961983895,0.14566901612574987,0.10007347490660128,0.100151511730213,0.1149223116200044,0.11234321796921555,0.1286444633484108,0.1262659991218796,0.11710231734262931,0.10178312030369464,0.10527232900872784,0.11725326110581084,0.13183896000033365,0.15754315410602088,0.09955155911046727,0.1174953526137493,0.12663744629981236,0.101490744520954,0.11196215132908345,0.09472439016613338,0.1174718434230495,0.10637153409362543,0.09879610845819822,0.12229089702437239,0.08425410084385787,0.1476809412859782,0.08851980917840749,0.11607473950558361,0.1518910401206586
Azerbaijan,0.10249209684375972,0.12956738099460471,0.1493480005289398,1.0,0.11319766872201589,0.1515022704418938,0.0883952296640823,0.12605655121254525,0.1347743933604552,0.10341959388137277,0.09940738357937008,0.10220692095981802,0.10960159469332699,0.0968483703419321,0.09173884474641726,0.11387545545818892,0.09778918357331366,0.11174452441923943,0.10818971615486354,0.09581122192712076,0.12189532865363722,0.13622473022725318,0.11514988358206782,0.10613110809594499,0.08564177746322103,0.102667711238121,0.1311671301658209,0.09312849204872846,0.2110792950703304,0.14238271401059466,0.10123662415354816,0.10860115470549853,0.0957937466620407,0.11413878211305915,0.09470962964401806,0.09975580979795336,0.116425106359465,0.11286726449046743,0.0923057180307115,0.114948975056723,0.11708802995853337,0.13066602357020107,0.14743350724316387,0.12479550229424127,0.10748479588871249,0.11168285946644256,0.11232027922175802,0.1344992043084341,0.0835225580262098,0.1965981261489442,0.1055583290580786,0.11829200826752645,0.2517201894083332,0.09818397493998145,0.0977741919286841,0.11235906313767823,0.1358049909271567,0.09935534561139563,0.10677070914950343,0.06566140921751845,0.12124248211254017,0.11468347499705567,0.11541029908043038,0.13024822695227553,0.1349802737060813,0.08706576615770768,0.10989953622003806,0.09449409269909717,0.11188983587174264,0.11589988018115738,0.12938134273547428,0.0919745294098152,0.09514792479072613,0.10968309689523896,0.09898727917954281,0.08509473105780907,0.1544963418430082,0.17487982230598667,0.1023990551471215,0.10421573837555817,0.12373516048238922
Bangladesh,0.10100876070635598,0.14819251988487175,0.09204306031883136,0.11319766872201589,1.0,0.13724462883233515,0.08777751612616837,0.1273595611253162,0.1442752378773648,0.1009627085486808,0.11526110813431116,0.1007727126566183,0.10010192782167741,0.10287962772735089,0.1293916907915577,0.083992256889108,0.10275642017862559,0.10150479894411359,0.09261172008719357,0.07977555265766363,0.13815172874657403,0.1774904524271678,0.09862510983311111,0.08649184213749088,0.09860029914818357,0.08811663179348744,0.13026315905579502,0.08849692887599729,0.17989186938461518,0.12116686488215382,0.1093704429381173,0.07983506041008191,0.0998157065963127,0.10681954654024342,0.10692779168485542,0.09291522343259898,0.12581774060794493,0.13694078256492734,0.11015362300228028,0.14806377009066363,0.12650507182364665,0.10096091198951,0.12970635620489232,0.10172500355641095,0.09942115036970905,0.11027775450896467,0.10931262557953197,0.1431773261059719,0.09708404259290263,0.16353431987158323,0.09065932531146448,0.09845286284340163,0.2485774370865889,0.1200745108950374,0.08446033732773359,0.08647543434599449,0.11113536677221497,0.07423829042463352,0.12350761059174116,0.09935113101667023,0.13384484138424002,0.10470716765167018,0.09375969518056931,0.10672951954364022,0.13288770214814555,0.1168910101509383,0.09332005264718785,0.09264583722363329,0.09920886682174386,0.09192908447167067,0.12307933122272312,0.08646412714390429,0.09512484376466683,0.08228265813535258,0.08243471590884657,0.10887403488474653,0.12538167587289467,0.1558162816446458,0.08202128454652627,0.08683870066588946,0.14677075100572545
Belarus,0.13741930246802803,0.1745816214362352,0.15562164254113925,0.1515022704418938,0.13724462883233515,1.0,0.12135949561580045,0.17272412111603336,0.1396393624482175,0.12689350894416734,0.1489043687470518,0.14575663053113333,0.12650036536331072,0.14040628620354204,0.15722797232834515,0.1093783856856686,0.13400150129204144,0.12684782929781896,0.13654739740551572,0.128051260537862,0.15598567117669584,0.19253517855669725,0.1278570522587439,0.11903334729524782,0.12916436581937532,0.124064135445163,0.16596866467890806,0.12509030227548867,0.13510878565603382,0.14875038779117544,0.11504929281399608,0.13130084774545628,0.1471330728847785,0.1371681587578468,0.12917688424277946,0.12367065765535096,0.14258730991027016,0.16631664679825153,0.1370674606996103,0.14561150459433697,0.14572040508981088,0.1225240369556129,0.15369853991786828,0.13536943726365933,0.13604512042731026,0.13642298389124513,0.12491587069068123,0.1444884321774917,0.12189174763519592,0.19836158746335433,0.12343876965845822,0.1352746361472477,0.21842450755701492,0.11883458067697837,0.12707325276014658,0.15353094574108467,0.1655151826097743,0.11974237026762088,0.15508942765575542,0.12768290238891325,0.15309238699421615,0.13490386897453888,0.1217417508857654,0.13447080384096688,0.15119349816515715,0.14267462108497497,0.13058679883469868,0.12732755397389084,0.15059663794684267,0.12153576485089507,0.13091011396096136,0.1255928771422912,0.14175447812233652,0.11964182665319167,0.12150173118924125,0.14723889973994236,0.15666625181813673,0.1358456624925265,0.12551517906120427,0.12440786888334392,0.14430238853647234
Belgium,0.059789866530948074,0.12624012622004782,0.10533039346102024,0.0883952296640823,0.08777751612616837,0.12135949561580045,1.0,0.11596094332348791,0.09967655975383183,0.05072262422599123,0.057166333556987504,0.07250719950914461,0.04274128026102257,0.06557497016966857,0.08398302485723202,0.06411101744997655,0.05313013558915016,0.04193602186163924,0.05442670345869918,0.02510672480522302,0.1091254003057394,0.14224351975047878,0.0351581661184271,0.04845595161383421,0.02993788525207581,0.025572105559311845,0.08913700684920439,0.02912442003889969,0.16230492030663424,0.10466313344870423,0.05099476618305918,0.04340114153143571,0.07255743648568336,0.07448029434592891,0.05624988498623461,0.02799498128805935,0.07752604391952543,0.07641829715719668,0.0570965366761728,0.10282522298234865,0.09264650415011842,0.07844311739163684,0.1130890586964287,0.06780436942511989,0.06551534716655302,0.06307498385830236,0.05575755874804686,0.10771718804992945,0.03626488655770509,0.14385108561308033,0.030439144651096102,0.0466129259879671,0.23773635804019816,0.07247671425506635,0.04022534003465918,0.07476136926096857,0.09327297255654751,0.07550966576458035,0.06522922800939175,0.07414309224792175,0.07216406772445658,0.05687697497612308,0.04300285312070695,0.059764229963821795,0.08463374839045235,0.092043082615732,0.051120490960123534,0.046453512732172214,0.06883767462154378,0.038011984241308534,0.07787010691575899,0.030869973201760947,0.047194949112158435,0.07881158620019314,0.03028142809331971,0.05647917487025219,0.11397459638505383,0.10589140871052002,0.04464785774499164,0.03828429924703155,0.10373797235088582
Bolivia,0.13745988013531255,0.14900228898664258,0.16834169968599233,0.12605655121254525,0.1273595611253162,0.17272412111603336,0.11596094332348791,1.0,0.15851092081766444,0.11558075883079694,0.11036925369240087,0.11011690347244535,0.13941170859826846,0.10985059776963896,0.09837369599009897,0.11562375167950179,0.13419599440497745,0.14216930176780715,0.11704691261158931,0.11745334162378603,0.1102357855620198,0.15475726703898388,0.12510905425876975,0.11714604970797794,0.11348014985632306,0.12910459574509162,0.15685588624861282,0.11358586610864733,0.22919574513551016,0.14817964693585672,0.11231483174864423,0.12424082607736243,0.08499753297199937,0.13805295342373972,0.11735065701830896,0.12278713613867603,0.1363919778319166,0.1168562019447878,0.09454107296560323,0.12357179727332439,0.13946888783182776,0.11295570405168262,0.1736013119837642,0.1375136990450461,0.11090947754677179,0.13822089616788605,0.1479529160139226,0.16274036527875999,0.11516077837216002,0.205287752384833,0.12185616743920813,0.13549633480710263,0.22038940732305198,0.1355507119935095,0.1162915339089317,0.11032753118674841,0.1351490074984701,0.11024860105213122,0.14517826302992826,0.11742671304764306,0.14723531613756322,0.13957156491027026,0.12427593839195923,0.1364728876693076,0.15697618512193753,0.07578325921690879,0.1348835870855564,0.11171896482079177,0.13172738354081576,0.13463946000729046,0.16244015958663346,0.11950554289369472,0.12781036335597395,0.1119638771894883,0.12184365998321814,0.10727407017011445,0.16356563365542043,0.17625654147360734,0.12802434872430513,0.10252283349859755,0.14632928596740497
Brazil,0.1201189219409264,0.18708622904660233,0.1432890913971051,0.1347743933604552,0.1442752378773648,0.1396393624482175,0.09967655975383183,0.15851092081766444,1.0,0.11529778810400891,0.08416255850943674,0.13776891891045503,0.10033047151095119,0.10795975513310178,0.1138964900967593,0.10251194284699236,0.10213712340597685,0.09090680122878464,0.11343020645697256,0.094341381195462,0.17761242507052719,0.13548183311352274,0.09822867238742836,0.11576029280517028,0.10390167571721305,0.09275076009475691,0.10296953420206714,0.09260649231300665,0.17695732562261163,0.11678895363662772,0.09759271434612514,0.12078803255349477,0.11411681430230845,0.13135330798376227,0.09998488246284876,0.09871400809186301,0.11393908326239206,0.12152725714379203,0.09636037237885542,0.14943317516415733,0.10377859142241327,0.12341155863558932,0.15516504979998086,0.12120861357618552,0.1069629217624309,0.10854247595115744,0.10278002966946102,0.15335240915511214,0.10040933973244523,0.16932798662221155,0.09991933957870877,0.10779350666254313,0.28590998361893977,0.13225942417635192,0.10367760543376985,0.12591453126055413,0.11437853893203466,0.13094860038077558,0.10666047471825443,0.1251498566680561,0.11259565872727031,0.09821735593765506,0.10157089325577268,0.10502072652730379,0.1212786355735706,0.13829684347676494,0.08590392910186666,0.09486310602896761,0.11716856163947585,0.10480361462288361,0.10511359298152799,0.09439947656971995,0.10972054670591448,0.1104316535682888,0.09906305458797655,0.10915738735104681,0.10947706193059041,0.12924620629606032,0.10931592261162702,0.1211457815339624,0.10280248472701668
Bulgaria,0.0698597963432208,0.14123519323351252,0.134195789053415,0.10341959388137277,0.1009627085486808,0.12689350894416734,0.05072262422599123,0.11558075883079694,0.11529778810400891,1.0,0.06542511148859814,0.07538883648303522,0.07664559887573688,0.08138088396917509,0.08885059900762095,0.08446917783037956,0.08802104669635621,0.0634360294704288,0.05659316135781806,0.05826816608150545,0.11019235301870907,0.14796149646085288,0.05898658116933987,0.06222438991811262,0.060205169994871244,0.05958549372259328,0.10235112219246187,0.047241295255992286,0.1867537989024552,0.1252323899818862,0.06642608392811342,0.05794469727388866,0.07764918570754947,0.09738056301384801,0.0749106244949746,0.04678803985112508,0.09689974841874653,0.0686101839773032,0.0825707221843507,0.12203799074248674,0.11708080145218172,0.08914231879110365,0.1214118574578193,0.08363705402398343,0.07903561488519793,0.09244595295107902,0.07701044862616602,0.1210246381820737,0.060542702932888506,0.16396441155417357,0.05059892189431442,0.08094494542056246,0.2545101382389093,0.06470912433643614,0.07383270245986995,0.09493175245058033,0.11506922259065573,0.09588442403282989,0.09836727112921681,0.08134291611275175,0.10368965658954774,0.0710321698831369,0.04752692344908735,0.06577061407568183,0.11570315593371873,0.09735218645952066,0.0742836310390441,0.04363840240987053,0.0888808424083672,0.053098510117103426,0.0989201993161347,0.06849640772077074,0.05900239719874221,0.09440136186379378,0.06202993013468177,0.07859615861983987,0.13516457235161466,0.11975898322369567,0.07634389512213646,0.04927862027954139,0.11968505048176264
Cambodia,0.09137995235389954,0.1502597117658161,0.13809533059968307,0.09940738357937008,0.11526110813431116,0.1489043687470518,0.057166333556987504,0.11036925369240087,0.08416255850943674,0.06542511148859814,1.0,0.08493094467468644,0.06913708871413819,0.07482275722530957,0.06765995980142106,0.08840523649431094,0.07338069864144096,0.06631073376368529,0.06887670340258763,0.05858138076002663,0.1258942161402468,0.1338111289763887,0.06500054713209624,0.0839260519148528,0.0555916653308735,0.05983617082875395,0.10061063825392633,0.053242615556463244,0.19825847518101244,0.11923924027296554,0.0630328387334397,0.07642348733540003,0.0734930669860876,0.10002393184748222,0.06650592300008129,0.056345299324822316,0.08332461472187905,0.06892044829276439,0.05876504772745659,0.1153764129083443,0.1051564334321621,0.10444108894188316,0.14252040404850594,0.10198610425470273,0.08170424035862683,0.08216246494999632,0.08416731427384608,0.13066641718337266,0.06338419312329356,0.15331303946832855,0.06326026963221955,0.07817986185888272,0.2587432898266895,0.09980428245761247,0.06807263289573695,0.09917308618570386,0.105411849687535,0.10886251604474893,0.08194381561363165,0.09530230031938493,0.08744317995729957,0.07687041885257259,0.06440417055913579,0.0824811574518094,0.10496799108806888,0.09897033709604355,0.07487815141146606,0.05009910419772992,0.0799475695480109,0.07189583447535354,0.09317507960682264,0.06182030759147629,0.07061668316510893,0.09755435164342628,0.06581038685125123,0.07256700987253814,0.1253367246515995,0.12441048493625449,0.08212572684169113,0.07545315888477332,0.10112596909294139
Cameroon,0.10277125790718467,0.11640665230615398,0.1413560800419001,0.10220692095981802,0.1007727126566183,0.14575663053113333,0.07250719950914461,0.11011690347244535,0.13776891891045503,0.07538883648303522,0.08493094467468644,1.0,0.08033145967897753,0.09489677230716763,0.10386402476694821,0.10900962020854797,0.10558641120782751,0.09652334740052823,0.09204267341168568,0.07473042603950981,0.10472856578340807,0.15591939370295355,0.09148441978433926,0.08772205832271485,0.06559254308719956,0.08032470610948794,0.14373234734470391,0.07811504882480372,0.19977933168365344,0.12333332979343502,0.08430196853219571,0.08085340902773852,0.09611730302862406,0.08476625907932364,0.09687792183796097,0.06927260843294634,0.1140465382966696,0.08343242145981111,0.08219155580874662,0.11863290118678278,0.11646323025581028,0.11046684495041327,0.1380993251364068,0.11639364782442037,0.10608828041959308,0.10641308837356403,0.11838005139353014,0.14363925294506072,0.06699008952745326,0.15579558189927542,0.08243876387562388,0.08173259062475823,0.2457352312553826,0.08815635349715276,0.07460330465642921,0.09559940883333584,0.12741422999863786,0.0834383781187906,0.11952658519050903,0.10548057813607861,0.11988607424803438,0.12009464605092614,0.09033577655806321,0.1117566771527576,0.12320096411353426,0.09816712890733986,0.09588491150821896,0.08793149151097641,0.07434732798635431,0.08804127711067102,0.11320175748659554,0.07948496081625096,0.08767244982220256,0.10270748649239378,0.08513983076737831,0.06846862276974225,0.13853690138621755,0.14966488099863764,0.10244084350744302,0.06984554679382639,0.15664324301247473
Canada,0.08423865829689861,0.12222269696053781,0.10791112827459196,0.10960159469332699,0.10010192782167741,0.12650036536331072,0.04274128026102257,0.13941170859826846,0.10033047151095119,0.07664559887573688,0.06913708871413819,0.08033145967897753,1.0,0.08122503956247633,0.10219428073465289,0.07571643553369338,0.04836766884114807,0.053023411229724766,0.06973371218858088,0.048343174531395576,0.11800015192868166,0.15027146706003838,0.04818967865587487,0.06849303776752147,0.04715739014835686,0.03451563241868726,0.10334773516583827,0.05947750355953356,0.15137187087568144,0.1142142880043505,0.05774636065408341,0.06237787103235866,0.0952700632894659,0.057153159918306405,0.06192573991809765,0.0460291994807454,0.07998901662298522,0.09517036485422872,0.07040417092240198,0.10466968662895254,0.09137332512504673,0.09159509555390492,0.12018656246964586,0.08392869266404464,0.09264798133038196,0.05204158390553069,0.06732307465212431,0.10980011151401649,0.0631951530682026,0.11517407953633316,0.04720152247096474,0.04349446401551328,0.24699561206917878,0.09092394341451647,0.04119409901836057,0.08127820983110098,0.1005856226074954,0.08906945348791935,0.07590430656219119,0.10172681863210609,0.0703970547832114,0.0779668802667951,0.06149198009011169,0.07718375113532194,0.06624415733261758,0.11054958674306685,0.05812893479199748,0.07447930451845895,0.07885803099092024,0.047912953415301676,0.054089945862489934,0.04249042665870876,0.06897280472787581,0.10169316507278427,0.04132015558288413,0.07609723922865887,0.11397509698269706,0.09296745433502408,0.06463093492501672,0.060431170174549284,0.11668220920385972
Chile,0.0648353864265574,0.14060005175205326,0.10955234842802321,0.0968483703419321,0.10287962772735089,0.14040628620354204,0.06557497016966857,0.10985059776963896,0.10795975513310178,0.08138088396917509,0.07482275722530957,0.09489677230716763,0.08122503956247633,1.0,0.0646988859465978,0.08378200514112147,0.062186539231143714,0.07245561205976446,0.06677058756868431,0.07211068176580979,0.1261051766802768,0.13295045461522811,0.07465519739430727,0.08715805395678093,0.07009509612404417,0.07221801086188262,0.10655818858589959,0.06239284956780351,0.18420053524251198,0.09186774366328912,0.07333764474666085,0.06820406540059756,0.09282427532905016,0.0984782933602806,0.06376831980297547,0.07213297461943288,0.08561069143521162,0.0893425436509978,0.059971352839562675,0.12366894500405307,0.10722047799783219,0.10321951918950187,0.10333960002985224,0.09885906383854222,0.10453983980226177,0.061983472789471764,0.08447778166602593,0.09230643875185379,0.07797127674412424,0.14987306195794117,0.07510777396097632,0.08246315983429693,0.251649535773388,0.09851355588839188,0.07117287446395464,0.08852959712595121,0.08304151897210156,0.09233887451185584,0.08886693977275315,0.06323867731460592,0.07154023427849308,0.07476462895151925,0.0814556301495215,0.0911925025809057,0.10979967935711998,0.09645695922549932,0.08314584209182013,0.06636118501139834,0.10588303965063084,0.0832632220998448,0.08192201580507413,0.060349519196186106,0.08001676678976506,0.07478884182187223,0.05986754092703641,0.0802818383384801,0.12098453208233495,0.11657364432793946,0.07892084363876704,0.07647043961065789,0.09243770185973554
China,0.1030374906233844,0.14875643341655145,0.1585133794073294,0.09173884474641726,0.1293916907915577,0.15722797232834515,0.08398302485723202,0.09837369599009897,0.1138964900967593,0.08885059900762095,0.06765995980142106,0.10386402476694821,0.10219428073465289,0.0646988859465978,1.0,0.10019481368314936,0.08525287082421963,0.10062994018429315,0.08859102702070143,0.09003414819746826,0.11386230057545753,0.12375915770750263,0.09144651652107923,0.10257960830611809,0.0782088203716376,0.09477497057446749,0.12036857594286174,0.07835093898033291,0.2083526223759404,0.13597750783736734,0.06836232195435389,0.09922596379701104,0.088319177019109,0.11495263794500535,0.06276472046320325,0.09028669930883389,0.1028270432511915,0.07936601169190949,0.06548172648536922,0.11682159749477773,0.10844411086117366,0.12286586221653663,0.14112723836716723,0.12113547400854409,0.10867404029445767,0.0893655232583388,0.10507664602298955,0.1297845630647496,0.08818697638483602,0.18235091832964362,0.09176088199710096,0.11172463288639807,0.24852055678608986,0.10632353144222945,0.0914270858206987,0.108986361903205,0.1083649580534277,0.1115084901159467,0.09224244598034524,0.07550479723850591,0.09007428589530046,0.09906303890417413,0.09977305416379818,0.11423652210493121,0.11838786991064815,0.08277072106332688,0.10275417840022351,0.07665069927590275,0.12091925686418323,0.10659406331112808,0.11155826918377969,0.08552332735734049,0.09645027950751052,0.10144300062606301,0.08594225178235225,0.094321451389092,0.16245046193172322,0.1387275773899665,0.10635297630761498,0.09374202576437332,0.09971417159489299
Colombia,0.09478716976103899,0.1301397354138686,0.10665227418096171,0.11387545545818892,0.083992256889108,0.1093783856856686,0.06411101744997655,0.11562375167950179,0.10251194284699236,0.08446917783037956,0.08840523649431094,0.10900962020854797,0.07571643553369338,0.08378200514112147,0.10019481368314936,1.0,0.06858429357407105,0.08152842091209452,0.08573606255139646,0.06260177729308648,0.11282280914820815,0.13666687711013958,0.05848990027522285,0.06722418640994339,0.07105527155686946,0.0665962055070148,0.101819261655829,0.07129189875885286,0.1600418468184634,0.1172798919815552,0.07293837985055156,0.07411163900671472,0.07076468911171117,0.08483482384024665,0.07406637253365628,0.07595950253013284,0.08029877146105477,0.11576313656761057,0.0829642336522277,0.10771888597504163,0.10384376154226918,0.060303447798807315,0.11932629399343364,0.08696416649408782,0.07674020472063976,0.0758190744073542,0.0774855058422883,0.12444406013872779,0.08526502618452286,0.15053451208441718,0.06515106890750759,0.07133514365611396,0.22009824861606495,0.10405560738984054,0.055793365867808566,0.07136695328832442,0.08539471046447351,0.07076734781589411,0.09284660860583725,0.08599676867583543,0.09536797902187008,0.0759513329449577,0.0688311221959235,0.08258001594331327,0.08975983876590579,0.08620983459832111,0.07903606261023613,0.07421825172873042,0.10257954480305614,0.07185862925132927,0.09152541212178013,0.06355383830825469,0.07851578723456713,0.08828879458402492,0.056248153944352904,0.09032502900928414,0.11659370102968657,0.11021814866032172,0.0518774343189768,0.06289367239374068,0.10235070485524814
Costa Rica,0.07606674481650931,0.1251490202454077,0.09982519486026088,0.09778918357331366,0.10275642017862559,0.13400150129204144,0.05313013558915016,0.13419599440497745,0.10213712340597685,0.08802104669635621,0.07338069864144096,0.10558641120782751,0.04836766884114807,0.062186539231143714,0.08525287082421963,0.06858429357407105,1.0,0.06030945556889514,0.06872993012594164,0.06081039386367181,0.11976740773094718,0.13694633251712685,0.05960280914957288,0.08169189485376094,0.05638527912149771,0.05187822751789253,0.09238740285644172,0.06482944825885163,0.1587458811536063,0.11614657084395807,0.06613631856224883,0.06848070092781051,0.09572816473356235,0.07189506739330458,0.05059566046917637,0.0625998600217441,0.06390508088496376,0.10260619657779306,0.0700676025435899,0.10587876824110429,0.09967013227923709,0.09734207050626013,0.11763329589155921,0.08952836452928298,0.09791774586418026,0.03308537898968702,0.059440617547077086,0.09299508208338371,0.07729297067069947,0.12366361873440554,0.058663976789345915,0.06587337107674904,0.24335901696669854,0.0993032937609911,0.04908067083598237,0.07980035568036191,0.09162934698262556,0.0943326352764916,0.06898494790855159,0.08247835596728201,0.04943986661457071,0.06386889246772955,0.069985395598343,0.08820259757781869,0.06949750010991704,0.1017192076441326,0.07005118772351422,0.07169599448620126,0.10360315865979047,0.06509391624508708,0.0530577307752433,0.04457528333960509,0.07327894864040928,0.09891810215024158,0.043714704025318775,0.08253920245473234,0.11758396158968294,0.10009231180560818,0.060253471175169514,0.07308005028449531,0.09041249158029674
Croatia,0.05622256801432323,0.1536544641415623,0.09786896303596157,0.11174452441923943,0.10150479894411359,0.12684782929781896,0.04193602186163924,0.14216930176780715,0.09090680122878464,0.0634360294704288,0.06631073376368529,0.09652334740052823,0.053023411229724766,0.07245561205976446,0.10062994018429315,0.08152842091209452,0.06030945556889514,1.0,0.05053756876437997,0.044200898066023904,0.14318371176717323,0.157338294718082,0.04910275621802627,0.06690124139223001,0.06119267891495767,0.031738582089128775,0.0795860839695271,0.04012337152758819,0.15673587997780847,0.09734555921250561,0.06983224701354336,0.050311576478335465,0.1029960207798162,0.09111617409652123,0.07326822630394762,0.03488591682186738,0.08735777212048226,0.08714650214542839,0.08286455331902737,0.13551413415426633,0.10881209748953176,0.10153843414578452,0.12512205828002138,0.06680339382351425,0.08043280993381878,0.07157394645675066,0.05030540115416477,0.10765818970934117,0.05548426431401201,0.13719016950937596,0.03835592123648712,0.06047263562105065,0.25759097835379086,0.08299001182287286,0.06034178911351367,0.09697371647519107,0.09636511111975933,0.1050003806403143,0.07940494440736359,0.09104196344238275,0.0680730021314844,0.0443452231012143,0.0431064131354055,0.055118171880271356,0.09292516567700743,0.1250261155779824,0.05707408388285273,0.048763431605150294,0.08972325476026437,0.03655939681421774,0.07004826519650158,0.04584957074742675,0.06459445795398011,0.0856074387892634,0.04631347606082612,0.08235487062625191,0.10183639616115502,0.10122976210586143,0.05742699848047854,0.0688063593785591,0.1081283943072986
Czech Republic,0.06313738289487866,0.14400086901814407,0.11093093596561773,0.10818971615486354,0.09261172008719357,0.13654739740551572,0.05442670345869918,0.11704691261158931,0.11343020645697256,0.05659316135781806,0.06887670340258763,0.09204267341168568,0.06973371218858088,0.06677058756868431,0.08859102702070143,0.08573606255139646,0.06872993012594164,0.05053756876437997,1.0,0.05911269394382634,0.12872075191002003,0.15901448248919828,0.06318156233886087,0.06042006081051825,0.07094831257096519,0.052977499060372336,0.09684266353792345,0.04495638163342532,0.16505334051496606,0.10662567376471489,0.06707064268548396,0.04901199276135894,0.09196638717503246,0.08990689751499366,0.06303080900394309,0.05023878941796597,0.10009061586866844,0.08895779615322577,0.08070517663384359,0.13142188985273898,0.10838924539173801,0.09282084336933562,0.1287351215942761,0.062011814057867064,0.0829415411478095,0.07517270887650745,0.06270869070944794,0.1074440621439998,0.06892814035697625,0.14022230929858265,0.043975251848275096,0.0797722523702542,0.25658126452988306,0.08575311663635114,0.0649451825127914,0.09330119716568933,0.10345035745980441,0.09864663112557912,0.09629203758958406,0.08416162101554807,0.08329709604446471,0.060524398761382756,0.05661078538140248,0.06343802211500037,0.10336685774522841,0.11322488681027464,0.06860882996849062,0.04725425438207096,0.10599566873138541,0.05389167230073001,0.0873847530696507,0.054805935665519924,0.06755595419428954,0.07919467152236809,0.0481101188501592,0.08749226539315012,0.12009867525565805,0.10479879984286009,0.07128039050328912,0.06063111275404241,0.10884084043274748
Denmark,0.06665460320468748,0.13367235518576384,0.09768491089094203,0.09581122192712076,0.07977555265766363,0.128051260537862,0.02510672480522302,0.11745334162378603,0.094341381195462,0.05826816608150545,0.05858138076002663,0.07473042603950981,0.048343174531395576,0.07211068176580979,0.09003414819746826,0.06260177729308648,0.06081039386367181,0.044200898066023904,0.05911269394382634,1.0,0.11791674108599208,0.14241625702829638,0.03821678550048753,0.056745733153112696,0.03582971027977721,0.02236825550588787,0.08474672783873584,0.026874577083639127,0.16474801316066245,0.10571179156965643,0.06329550730319464,0.042709814768322224,0.07296468656876345,0.08110977268013635,0.06270891899794136,0.029402234951503882,0.08110164777949566,0.0774231444858191,0.06397608913368194,0.11593062849924882,0.09739818791188297,0.08055458927677911,0.1178823740434321,0.07108191695797375,0.0626981336107623,0.07047299194736258,0.05979144545647505,0.12231076209397627,0.040065370245230846,0.14224082911110417,0.029024059219041186,0.045014595162463804,0.24254943857520406,0.08059711793017586,0.03902221664061204,0.07106690253666749,0.0905992651378921,0.07491513987344617,0.07140423781558314,0.08078651344668067,0.07923972830957088,0.05807527975705727,0.04102969961649304,0.06285202131362189,0.08315454107585739,0.09928103590293988,0.04266474789375081,0.04800946596178662,0.06450910651299513,0.04222814503857519,0.08525536520311336,0.02837853629642276,0.05105921828777415,0.0772025774953718,0.03780049505095787,0.06008768659805754,0.10546552211725248,0.11316465715178167,0.04525755702766349,0.04583240105124194,0.11365876625953761
Ecuador,0.1423270225294901,0.09126847307993344,0.18031000511724912,0.12189532865363722,0.13815172874657403,0.15598567117669584,0.1091254003057394,0.1102357855620198,0.17761242507052719,0.11019235301870907,0.1258942161402468,0.10472856578340807,0.11800015192868166,0.1261051766802768,0.11386230057545753,0.11282280914820815,0.11976740773094718,0.14318371176717323,0.12872075191002003,0.11791674108599208,1.0,0.1575736738588146,0.11459669377578222,0.1183475581415778,0.09738117675913445,0.12273129349136387,0.1666517370801865,0.12120090293211935,0.21397268504818912,0.18959815236345567,0.1067375621463961,0.11985072360060343,0.10177456897370571,0.1105585660261848,0.10544597559484171,0.11830917808885914,0.11370131184266592,0.11463540851964597,0.10854485561721901,0.07373588947184608,0.1485046496370599,0.1138484531787685,0.15143686177499507,0.14682289771621326,0.1375512938872435,0.12194764734629876,0.13336251557119708,0.14654012396143684,0.11635636075384613,0.19053988147989406,0.11610402437502484,0.12500582796190793,0.2004765681498912,0.10410257682132311,0.10708985229833709,0.1123954009941869,0.15587098669644203,0.10962760093735228,0.13728697532470002,0.11795479420100469,0.13797031664887774,0.14203435885815271,0.12193964278531691,0.14384305912610637,0.11893695423013752,0.07166863404700848,0.1357613503786254,0.12628017542046435,0.13299611952163085,0.12604519415756468,0.1409834498959479,0.11583398492064477,0.12244448765931817,0.15105474547215186,0.11521343487310219,0.11354966169574987,0.19297534309903452,0.15423739846533907,0.12641958787079915,0.08832028697357452,0.15603491996879504
"Egypt, Arab Rep.",0.163172674041567,0.1651342829601195,0.18490469880100613,0.13622473022725318,0.1774904524271678,0.19253517855669725,0.14224351975047878,0.15475726703898388,0.13548183311352274,0.14796149646085288,0.1338111289763887,0.15591939370295355,0.15027146706003838,0.13295045461522811,0.12375915770750263,0.13666687711013958,0.13694633251712685,0.157338294718082,0.15901448248919828,0.14241625702829638,0.1575736738588146,1.0,0.15111432626586235,0.1648961194070956,0.13069432387359425,0.15060859961284834,0.16263204244336452,0.1436962749806735,0.2402747971854263,0.17469595579842168,0.14269922589861783,0.16199596726359933,0.12955063448663992,0.1422675490311529,0.13777263214439545,0.15021138254560473,0.12845578267604862,0.13454462556621993,0.12457448816552101,0.1465892211121451,0.14026879566953826,0.1447821216926071,0.170680052789516,0.1799399146657456,0.15791196391151086,0.13902780172000093,0.16410120627219027,0.1643147499491403,0.145002128904175,0.1963833117820089,0.14968222526865432,0.14918672102478875,0.2939762882073222,0.1540730618234427,0.13227016932292193,0.1345645859495059,0.1655438403692387,0.14125978056502278,0.15782124734356176,0.1310927660662096,0.15625830514829017,0.15936248172934503,0.1576143335634596,0.17484484957194868,0.15933514652124905,0.11932547959037806,0.14933334902652926,0.14890511074481372,0.1572435562092401,0.16492766083017996,0.15577430188933228,0.13575352499905669,0.15238932047518935,0.16793866374628477,0.14041600018678466,0.12004819813115936,0.1645080177208336,0.1856131518163443,0.153138364530126,0.14876219784084613,0.14636637852875822
El Salvador,0.07065419975394295,0.13662564529871513,0.11145888751728068,0.11514988358206782,0.09862510983311111,0.1278570522587439,0.0351581661184271,0.12510905425876975,0.09822867238742836,0.05898658116933987,0.06500054713209624,0.09148441978433926,0.04818967865587487,0.07465519739430727,0.09144651652107923,0.05848990027522285,0.05960280914957288,0.04910275621802627,0.06318156233886087,0.03821678550048753,0.11459669377578222,0.15111432626586235,1.0,0.05139717186081808,0.04865844722949096,0.033261888621533904,0.08098739742706826,0.043887490942214356,0.1611507535428638,0.11502029402675984,0.05518828065619992,0.04990643838880619,0.07539012506429649,0.08434842710477677,0.05794460521108691,0.043928653462978876,0.08148598388537916,0.08425433176879257,0.06948051657359555,0.11068952288600928,0.09913298146152402,0.07621002461788311,0.10967370217958325,0.0663944051273357,0.07119406217671766,0.06210568089204727,0.05295654940352209,0.116973053082972,0.06300953357558511,0.14218909167057792,0.03438747364098654,0.04776727540083715,0.2407123483367448,0.0882609636593074,0.05268638090086365,0.07642801323891853,0.08076913629433682,0.08921775737312387,0.06120263204562584,0.09074310873144464,0.0697366132965192,0.052928036114001584,0.041750576130610166,0.04607627861848031,0.07391803438151906,0.1032783010055465,0.05242305586012247,0.05639968506992732,0.0825459382131176,0.036668947183159974,0.07568583781377283,0.04712192053857599,0.05245297345392231,0.09172144596414121,0.03850599885676545,0.07921912125630906,0.12226344500709911,0.08839444204104696,0.04742693308716534,0.0428902982660855,0.10551174976282256
Estonia,0.07564091704232323,0.13092351680138226,0.11996168232937761,0.10613110809594499,0.08649184213749088,0.11903334729524782,0.04845595161383421,0.11714604970797794,0.11576029280517028,0.06222438991811262,0.0839260519148528,0.08772205832271485,0.06849303776752147,0.08715805395678093,0.10257960830611809,0.06722418640994339,0.08169189485376094,0.06690124139223001,0.06042006081051825,0.056745733153112696,0.1183475581415778,0.1648961194070956,0.05139717186081808,1.0,0.06970018321211041,0.055336117231213455,0.09962460080457629,0.05612664493251036,0.15554644925733932,0.10582707575421274,0.05748762341058104,0.06079613317565831,0.0741653453280481,0.0809316081958919,0.07317184846691402,0.059822482845841164,0.11296800540015342,0.10565099843528225,0.0830699063214163,0.115319957787827,0.08809649940272689,0.07179950898268672,0.1243459256474649,0.04253974145186081,0.05721389330111362,0.0853173756967176,0.07160751972730352,0.126447258420963,0.06723670056893641,0.15826193586205128,0.04987877327606421,0.06901178086908946,0.23618498613857303,0.08898520522972006,0.0637971752997336,0.08229307719334626,0.09002508107092508,0.07604075643505144,0.08429910230460265,0.08797119924490991,0.09578382102245045,0.0764821380654112,0.06569495143305423,0.05167757570677046,0.10013128690213978,0.10098508675375623,0.07006165927936477,0.06413182172166096,0.095600568965273,0.052302749905315596,0.09815269649755433,0.06409806022977524,0.05883061413485409,0.07904484468461162,0.05055730107269987,0.08451735823963767,0.1282280124731238,0.10817356216642891,0.05510118054841315,0.046577881638895154,0.11835193560359591
