Country Name,Albania,Angola,Australia,Azerbaijan,Bangladesh,Belarus,Belgium,Bolivia,Brazil,Bulgaria,Cambodia,Cameroon,Canada,Chile,China,Colombia,Costa Rica,Croatia,Czech Republic,Denmark,Ecuador,"Egypt, Arab Rep.",El Salvador,Estonia,Finland,France,Georgia,Germany,Ghana,Guatemala,Honduras,Hungary,India,Indonesia,Israel,Italy,Jamaica,Japan,Jordan,Kazakhstan,Kenya,"Korea, Rep.",Kyrgyz Republic,Latvia,Lithuania,Malaysia,Mexico,Mongolia,Morocco,Nepal,Netherlands,New Zealand,Nigeria,North Macedonia,Norway,Oman,Pakistan,Panama,Paraguay,Peru,Philippines,Poland,Portugal,Romania,Russian Federation,Saudi Arabia,Senegal,Slovak Republic,South Africa,Spain,Sri Lanka,Sweden,Switzerland,Tanzania,Thailand,Tunisia,Turkey,Ukraine,United Kingdom,United States,Uruguay
Albania,1.0,0.7631276460496293,1.1627343824233205,0.8492563016905664,0.9741184794135404,1.182535289549061,0.7069058996783821,0.9214264916802681,1.646877110449325,1.528477148027454,0.8443066041389581,0.9892992755268519,1.5210499832952917,1.5570897256325562,0.6459071836083468,1.1718469971987602,1.2191826171632236,1.3414127036458485,1.344069753588714,1.597117308364391,1.5554896606205002,1.8009784340776975,1.6508503770928302,1.579115854842573,1.5669389245690888,1.3003772528353683,0.7405364306143085,1.4423421014450202,0.8348071318630641,1.2074446747024095,1.305273912445967,,0.6873137824056773,0.7868768202101235,1.0566645911238475,1.0891271904394169,1.6652719425944418,1.1756412982765438,1.099838190632459,1.1180012126219132,0.7311649663218649,1.2061844246198603,1.6661091798769696,1.7602713075152894,1.5818094250639227,1.026540443892925,1.739953450348147,1.214369080781707,0.7943951018046395,0.9065472185960736,1.6823855061862474,0.8487504344802977,0.8442374656396018,1.4044491926578992,0.810755035299911,1.455044960551323,1.2959356655214265,1.8023420211618257,1.3912692694677686,1.5528475912165534,1.4867908011288988,1.5779502334275586,1.1475743415244757,1.8504651112485226,1.2068651199824934,0.8225062582834983,0.8974176494577637,1.6729155930290738,1.1471650607626653,1.5505861565412826,1.0746096267279162,1.8107369849413397,0.6019484752902214,1.3116285428704824,0.9589533910127187,1.6446252419607836,0.7835938625273225,1.7443939851340786,0.7292809897814037,1.5662313658326268,1.229071568577483
Angola,0.7631276460496293,1.0,0.748327464832288,0.5620448112638768,0.6963476766621721,1.3380216807231275,0.8172412581046655,0.9862736637036427,1.8312337637062857,1.681240552017891,0.710283248730412,1.1280489347988265,1.3665936284890479,1.3189783922032061,0.6640977635684566,0.937601396378273,0.9960917472587948,1.5059731979888782,1.6458165207537758,1.4623051551400061,1.7114037360087044,1.8646626404513595,1.7205781799517776,1.678976946651493,1.7616218719093755,1.5492339904393762,0.8888257735820133,1.3995407047567148,0.9379116096699676,1.4587737130720422,1.381055766970771,,0.48837544937384664,0.8029231380903076,0.9243701426155124,0.990553431527263,1.4711339220353001,0.8387340640787201,0.9127402987582528,1.4573068009679255,0.9443272814569241,1.2209468057431192,1.6896892155875793,1.561338752020243,1.6479756955897045,1.165281476995785,1.8073676788461261,0.8837619979697169,0.8852167126927564,0.7436470641008289,1.8091928272780025,0.8909025918328778,0.8552949527067868,1.5414300862049741,0.549773248481289,1.419011230982391,0.8964028936803523,1.8331831978015425,1.298400504192437,1.7010094321329343,1.5877254591947692,1.6993024265796202,1.0244669990534792,1.8998097542217858,1.2494314704287222,0.9212300618317789,0.7279740597479328,1.86788210667371,0.9818214742280168,1.3694914464622772,1.1797302264879868,1.8548322621236295,0.5948969304531587,0.9427614490173467,1.0103594578264068,1.8316906785375215,0.9195343405740048,1.8532023527079213,0.6902174608673052,1.49258012395657,1.208548249183457
Australia,1.1627343824233205,0.748327464832288,1.0,0.9327126272527034,1.038773743454501,1.5177906631347746,1.2606518020112805,1.3187061912077307,1.8825510927484739,1.622300064724121,1.07343672360238,1.5224504464206412,1.3253137805889694,1.1590630732759408,1.117336434872454,1.0587359591545888,0.9751308443438562,1.7687954295145991,1.804455874469823,1.2152802387148507,1.6544314958274824,1.726283374041259,1.7538371517840035,1.6895384325203084,1.9338198036525027,1.8042660503042554,1.2367879103734645,1.4067421809663152,1.13846574533236,1.513294045887275,1.758637408564111,,0.9300590968586256,1.2197198587534757,0.9998639680487794,1.1989647493864044,1.2690329815749102,0.8979117085354931,1.093597390870128,1.482709056523764,1.3376318682461688,1.3138791504880931,1.7290525305578022,1.180563432211536,1.561461152471318,1.1757616134727604,1.6720869686594009,1.001654220819009,1.254149826470966,1.1347251548050656,1.8767771268698266,1.117230214395837,1.0440442556387288,1.7509921966482611,0.7724240568490488,1.2076311191869151,0.7776363175247836,1.5982884351481565,1.4096568147939377,1.7177781240654773,1.5025151471952556,1.8559384448003302,1.066117362851808,1.8672953635017564,1.401182561455068,1.2932779683397597,1.0841176144549214,1.8642088319240446,1.1422379201896586,1.4161051235878765,1.2504078153291873,1.7545969413349543,1.0743792190117414,1.1431778215038453,1.3324493380279987,1.8496471317117338,1.280933198113569,1.6911535744987547,1.199329255802333,1.4859272137829949,1.4915239637601032
Azerbaijan,0.8492563016905664,0.5620448112638768,0.9327126272527034,1.0,0.8546893431044079,1.269788429879028,0.8023279775609863,1.1364848878983382,1.8980472331370166,1.8005496721891472,0.8294805070250372,1.2166022414295437,1.4407173669669624,1.4310253094704453,0.6306197624926468,1.1444823194905325,0.9294834575223849,1.6732675090213047,1.7121053087789233,1.330451698339987,1.8322413619705007,1.9159459176770537,1.5787367852926881,1.8232112492576615,1.7814762205890082,1.6127634421530799,0.8712641418902629,1.6705869114629601,0.8165715028376483,1.6127596312066004,1.3550417335419278,,0.32703518704043405,0.47016035390147776,0.897457134658534,1.2896486372995015,1.5724325742217327,1.225231245932991,1.0210309417530912,1.4425989061011397,0.8486466691005813,0.9974408432832222,1.6616129051687205,1.6059076545931157,1.736940470820285,0.9761110971186288,1.8984839421101214,0.9925450250230087,0.8503796780173906,0.6340001715867181,1.83430882908587,0.7436380301667271,0.94355944491642,1.5916407094417764,0.6369063112185765,1.4516382675358117,0.7978803348327494,1.8843762422763757,1.3493249560067,1.6095666219479297,1.6860098842497329,1.7652712928575813,0.9503554911073328,1.9299976711633875,1.449042797067313,0.8431299725429061,0.9202862057743475,1.9345333855333156,0.9643885615487763,1.5395271827996497,0.9866189537685245,1.8542990935322092,0.4531590998333086,1.0721590765196085,0.9789682983569705,1.8872856890337748,0.8472236112459877,1.9159971475673812,0.5157496686460703,1.6498588765843454,1.372532964002082
Bangladesh,0.9741184794135404,0.6963476766621721,1.038773743454501,0.8546893431044079,1.0,1.217522993022282,0.7388822863282227,0.8478380266652132,1.6831351854832102,1.5484095833113265,0.3079918755830441,0.8988803906826985,1.1341119543468257,1.5115892966281042,0.6896088256123242,0.731357085439173,1.2808807645239295,1.3038839239003512,1.5063231953476697,1.6720712407804603,1.4998308157562423,1.7627606788479941,1.4866558968246193,1.4916137005975811,1.6490103291841414,1.3095574001099701,0.9730023094643605,1.2032593118500288,0.8878357322823168,1.2875590853857564,1.3558364843352586,,0.7289320317566186,0.9814924098971178,0.6856947628140957,0.9489510178105,1.6261052989364435,0.8259255872711057,0.9990309827589353,1.5423950670929856,1.1311337661323815,1.505731025734814,1.7462389384840555,1.5597597470778812,1.535686323960322,1.1928440240829403,1.7098772685341628,1.012003496025219,0.7002145307615273,0.6494701474625668,1.685147242263646,1.1047093310898348,0.7139986498796133,1.5029059596333239,0.7967698351190055,1.5237656069024996,1.1703548411228861,1.8680851327102568,1.064508213638457,1.7206940120418108,1.414597201581025,1.555105965943073,1.39109957118909,1.8081286373769372,0.9816655280724653,0.8442476822616667,0.4002623548943177,1.7339833665179398,0.7797552047648058,1.4460897583460746,1.4280511744288351,1.844238389335272,0.7334615369056207,1.0665346810406937,0.718948067891277,1.6045512636689028,0.7720496021644837,1.7741278842844725,0.7971704536894325,1.2070208525842163,1.1339572632223835
Belarus,1.182535289549061,1.3380216807231275,1.5177906631347746,1.269788429879028,1.217522993022282,1.0,1.1638283185752043,1.5095239408275143,1.5059851868032244,1.5926965062165794,1.25459955584388,1.354291233372224,1.4487439461781502,1.5795422752290662,1.1965608261459504,1.5476875041021698,1.2524650638230987,1.3021226165120579,1.2814166861702112,1.496451488512516,1.3860048006951755,1.5504688745572102,1.5114889008599828,1.436443540080252,1.4605677221988949,1.3016487614169203,1.019867858275906,1.656604420276412,1.2149527367635407,1.4004439132829016,1.1583567007433433,,1.237540961681856,1.2126484810312277,1.3157413598657168,1.5411283007926877,1.446758715746011,1.4561873345452234,1.4299057650479037,1.5191217996038553,1.0963928981793283,1.436035988691843,1.5154020058347333,1.56092440432056,1.4236067801449523,1.3643872051132542,1.5276255709538402,1.4287874696543275,0.8203069406605207,1.2913288003337193,1.605314267965871,1.3183054496252171,1.2351122514372883,1.5390472546920466,1.2912288924265516,1.4929064329248292,1.4463256218975764,1.5962059485862055,1.1420988049233654,1.5383728404638592,1.466656422395027,1.4965099957755803,1.6270796667131835,1.5155975146674818,1.1301896245169067,1.135774005603919,1.3162079300515706,1.5074637190943347,1.1368534006800142,1.644215455590108,1.5161234521240043,1.59575365288286,1.1923169331875187,1.5801402757151337,1.4054781317917202,1.3439156393326614,0.813711906658785,1.541085933358438,1.2074586384199824,1.603205203515651,1.0491426644379878
Belgium,0.7069058996783821,0.8172412581046655,1.2606518020112805,0.8023279775609863,0.7388822863282227,1.1638283185752043,1.0,0.8484201069880204,1.6318974804814161,1.5843848084882413,0.5939781380899604,0.6637642009407002,1.153113611752021,1.5535370877509844,0.4300766325910303,0.8671530466013057,1.3058473859600963,1.2393552897900257,1.3574207648508687,1.747640715176263,1.4415880771610678,1.7865878777892872,1.3420138398527794,1.4429780756528643,1.507049818328754,1.1283291708347913,0.6015235117166003,1.343653487579104,0.690411589611095,1.2564148979910803,1.1545384413247186,,0.6854245387137353,0.754635367733274,0.9158205745804764,0.9499610286034453,1.7670529932495724,1.1218831366487267,0.9206544386966571,1.1970126261473097,0.783836245685914,1.188945999869705,1.8058065184356047,1.8145665805035047,1.530486823216772,1.0767134770178028,1.7301345168856794,1.2057025127531444,0.6750225765498143,0.5903299341056659,1.6766959674850934,1.0387134738801942,0.7331155777869796,1.4045145845979592,0.7846685040464731,1.6513812626662585,1.3790504413484013,1.9367352789150942,1.0915427707548855,1.5081151598700169,1.4925075756014443,1.4786290778733666,1.2220376279045093,1.7711228463661932,0.9541601073051829,0.6901415097116268,0.631058541252204,1.677529974479744,0.7601956223605439,1.485246942094654,1.188962317922434,1.8952642563569968,0.48569892132413084,1.2668691348254433,0.6882399571948653,1.5492096487858615,0.5662615125477771,1.7875359103711979,0.6666526279689945,1.3856369989365027,1.0858188001225075
Bolivia,0.9214264916802681,0.9862736637036427,1.3187061912077307,1.1364848878983382,0.8478380266652132,1.5095239408275143,0.8484201069880204,1.0,1.4011571113880732,1.2964026729327218,0.680193162905644,0.6877265409306671,1.3697660566638956,1.6063455939885731,0.798325166385162,0.9047887969616015,1.6025369105217033,1.0588248518673422,1.2235717701760653,1.7788195296787574,1.407505651232877,1.6963515182511735,1.4082116119705381,1.3633528822283678,1.3258615023465044,1.0621819743190128,1.1374109997050719,0.9673214039496926,1.0505162089379605,0.9915704955468053,1.1895016058868755,,0.9539004042916438,1.1189013796643152,1.1209062058267045,0.8404461016814553,1.7073706095764953,1.0493201221954018,1.0806902533557043,1.275857289162856,1.0199748310727013,1.3905016184970571,1.6185643182493918,1.7490844712565812,1.4578560943883785,1.3420862338948105,1.4640779889653144,1.165929214735804,1.0300146019260723,0.8375867596357596,1.3770912028670554,1.0157936454834857,0.8653571859762624,1.145095723189376,1.0071726485660342,1.6215846438912267,1.4724178213200274,1.7415612144872972,1.3086195220717944,1.4173465457033803,1.3044139182817653,1.2068258556724427,1.3336317104198172,1.6827168315344914,1.1045877549890075,0.9150707065855913,0.7068616316502134,1.4415501201035572,1.2466812374374483,1.2879404115687205,1.3058214818692073,1.6629380255404977,0.8708243531399271,1.129380457087022,0.5491944030102132,1.4069176917154016,1.0865827244665354,1.7040843468645648,0.868919750108398,1.1128537535033005,1.1253230533006837
Brazil,1.646877110449325,1.8312337637062857,1.8825510927484739,1.8980472331370166,1.6831351854832102,1.5059851868032244,1.6318974804814161,1.4011571113880732,1.0,0.8741378550005374,1.6810897331856538,1.2840956234939571,1.4332871602800101,1.435130968792061,1.7262655910430025,1.580023832670868,1.8443317054570316,0.7791600313161734,0.801996851240741,1.6846463680193546,0.9118870279064192,0.8292306273698777,1.1064874216308207,0.7919715493066936,0.5049949022767692,0.8379530206152723,1.6401253839773775,1.026471652695115,1.7781019227465402,1.1735106559062347,1.1555145338782131,,1.860805409591259,1.8005174736608855,1.7612290858541997,1.4005552557184069,1.5108831482854057,1.553706520318876,1.543016269127587,1.2852859013270348,1.6518960322864604,1.6682382052399727,1.098825546853358,1.4919201633708083,1.069950179889551,1.7157818585632294,0.8690584313455583,1.693918604084226,1.6809643142080757,1.7212122257054328,0.5485480629585393,1.750094284086095,1.6984247537601453,1.067234995176394,1.8282706116859746,1.5125823768951365,1.9013621443770508,1.1006840185911189,1.3915466145068167,1.0817624188987967,1.2108209189937353,0.5442902898288071,1.7109461752782316,0.6646478888818083,1.3022932519423676,1.593255013631383,1.6347889199477321,0.4865804183663876,1.6826189801352713,1.1699366223908256,1.7002291571548258,0.822535922335254,1.7933701604769214,1.563393605236459,1.504090495861742,0.49687172422459985,1.678635372723251,0.9166100211121558,1.7298614785480515,1.0244579405069747,1.2401657297199127
Bulgaria,1.528477148027454,1.681240552017891,1.622300064724121,1.8005496721891472,1.5484095833113265,1.5926965062165794,1.5843848084882413,1.2964026729327218,0.8741378550005374,1.0,1.5420049624524594,1.279637572725395,1.2852851817956916,1.59726250025534,1.6519059730422787,1.3420784328611497,1.6685374242219955,1.0023849983864395,1.0060549670440966,1.6053023814087286,0.8362685517292044,0.8840778959486439,1.2737902642500556,0.8336957579265174,1.1082168957528087,1.016860623201709,1.6030952889849717,0.8667716230464568,1.703827245429823,0.8104623834224381,1.4636338375693991,,1.7412450810852118,1.7280765168852263,1.572575559795077,1.1724733484845553,1.2810617148257128,1.3083283125228582,1.4953048078481492,1.319139521066321,1.6870553762760503,1.637261604030517,1.3198847514209169,1.2939950705226544,1.241797530829082,1.658233400429641,0.8706972742578343,1.5415145366013152,1.6226459245066032,1.6361442083672904,0.9384717888664201,1.6952687070074688,1.547188462897822,1.0980014527318653,1.6155166639685052,1.6015741900381246,1.7304507329038579,1.0817284504169473,1.3684943749855383,1.3333254022635275,0.628743288585423,0.9461585658365198,1.6621080622211013,1.1114311707232154,1.2685187152893278,1.5996226200037036,1.4446853985800197,0.7410253823414418,1.6786039790437701,1.3592954513893205,1.5953695445147498,1.0091618966413445,1.6871262611641957,1.5939457941860318,1.4653575464629454,0.8966529215514137,1.6125740395645651,0.7671673355533573,1.6982026023751122,1.0870487328069547,1.402142699877124
Cambodia,0.8443066041389581,0.710283248730412,1.07343672360238,0.8294805070250372,0.3079918755830441,1.25459955584388,0.5939781380899604,0.680193162905644,1.6810897331856538,1.5420049624524594,1.0,0.809966626299572,1.196741292882012,1.5782308136157153,0.5229690264057738,0.7397049483858767,1.35832678832354,1.2888174106376935,1.4485681961758297,1.7231613809776285,1.4858362159380711,1.7916057356701318,1.4491588989210755,1.4933844819129818,1.6122830469419354,1.2673465195552542,0.906005234008723,1.19777711844465,0.7216376851334827,1.1977319033439096,1.3155158938696214,,0.6317077082362937,0.8904339374062921,0.7028625225097899,0.9245528398089468,1.6922945291584681,0.92845789046806,0.98467242270727,1.4226435479797375,0.987190842426533,1.4288095571615065,1.763769375920891,1.6655371511545578,1.5125840610008743,1.1174456079660973,1.6892636246773673,1.1016811167998972,0.625458018600463,0.6007030273491235,1.677911083086334,0.9852163742234702,0.5480711353958739,1.452064190307792,0.7788274769530552,1.5449357077441543,1.2570971861218305,1.8756085930096467,1.143994046711048,1.6587431209763897,1.4120577816845257,1.5405147521889444,1.3515566695614911,1.8278436673571292,1.0021835274802602,0.7181144648607684,0.39931211640300873,1.7102399450200383,0.8256218161146361,1.4946663574240069,1.3202769945089663,1.875114494192935,0.5884399045326016,1.1373889051923158,0.5557130598376533,1.5862015964838867,0.6847126783773152,1.8115612960170746,0.7058779285743927,1.243549215725001,1.1505155852491804
Cameroon,0.9892992755268519,1.1280489347988265,1.5224504464206412,1.2166022414295437,0.8988803906826985,1.354291233372224,0.6637642009407002,0.6877265409306671,1.2840956234939571,1.279637572725395,0.809966626299572,1.0,1.1226024243149213,1.6486099246592936,0.8696018216240247,0.8541376206557733,1.5191981238150434,0.806438417668026,1.1498556608283592,1.8434403079457518,1.2219819420612748,1.5748100684971125,1.2043919516906325,1.1180085320403135,1.1974340986972536,0.7059839756596314,0.9972982999154111,0.9882541501599622,1.075903152958801,1.0606030352334885,0.9889704546072221,,1.0962015835170453,1.0930030048096093,1.1661238406584529,0.7340083384948685,1.7247612376274655,1.0564795776533198,0.9970929167668047,1.248314327772579,1.1301238208928461,1.4046310650539025,1.6582973472172164,1.7882395140321012,1.427571470683324,1.413289363286891,1.5227301187262199,1.2454028335108687,0.9983653803914013,0.9081972899828687,1.2991404376809377,1.2667631525934049,1.0343133541235727,1.0677369419943228,1.162936377373377,1.710183448314061,1.6084439238304054,1.7957571449534475,0.9925053475731344,1.4527389797836898,1.270930093480253,1.0450312026950987,1.419691099239329,1.5336927707244243,0.9025045331763997,0.8817663582621004,0.6992789586531847,1.3482421116843646,1.0684746925048478,1.315746601711885,1.3402191726271782,1.6958288183681052,0.9459694344751289,1.187171239853435,0.604097185293339,1.2498875497897672,0.9751582535993061,1.604838413539615,0.9540025114373991,1.102359865584172,0.926402602498478
Canada,1.5210499832952917,1.3665936284890479,1.3253137805889694,1.4407173669669624,1.1341119543468257,1.4487439461781502,1.153113611752021,1.3697660566638956,1.4332871602800101,1.2852851817956916,1.196741292882012,1.1226024243149213,1.0,1.4532533128976448,1.3770375235351697,0.6909060767402382,1.3414264146643406,1.2975536163936472,1.5016195900070655,1.6327024898511808,1.0944009309111342,1.3560793821060082,1.0907636780383252,0.9858474537109105,1.4999238182764434,1.2544282099026387,1.3395833156373975,1.0846627112410825,1.3295510143142877,1.3062624663681233,1.488552403065569,,1.4545478185878393,1.5105469640438745,1.1474740630119025,1.1074070853523208,1.465499864240046,1.114313053992622,1.291455957192926,1.4349278884660068,1.6417510461049851,1.5660214985832355,1.7279822849713828,1.2883511830296972,1.319518507329166,1.3571120547382918,1.4023418454108938,1.3216385870934315,1.3924824145675454,1.276571240782773,1.5332909556843446,1.7360743601442903,1.3136493730253713,1.4578745755245128,1.3118307976405428,1.6245282955835332,1.455220571349977,1.632637346906273,0.9013615281202384,1.5614445841359084,1.2460185995250586,1.375128585322968,1.5546964112107158,1.3587871331724743,0.8615390191489357,1.4820267219355006,1.0544871204912833,1.4517406483892688,0.9055727258302857,1.397413753440445,1.5384276965861012,1.6084957302228233,1.4108596849540576,1.398154145284789,1.2539788424796028,1.3590755793467182,1.315752298598405,1.2720059999183893,1.5110065891883437,1.0714723371329558,1.3237264451164872
Chile,1.5570897256325562,1.3189783922032061,1.1590630732759408,1.4310253094704453,1.5115892966281042,1.5795422752290662,1.5535370877509844,1.6063455939885731,1.435130968792061,1.59726250025534,1.5782308136157153,1.6486099246592936,1.4532533128976448,1.0,1.512154700773082,1.4956502625041466,1.3700080144920954,1.5835672725680812,1.5212400319792274,1.3999344872092225,1.4609472315269862,1.3385941847011849,1.4725033885365464,1.5052595463500542,1.4741996988863162,1.6413720347090381,1.3608028799711087,1.400478729818107,1.5597514072184628,1.7119299788250555,1.5997488232597157,,1.52122560577718,1.607328444867318,1.574276838504261,1.4000596829454333,1.3682522783538515,1.2504740010609348,1.1911879409940316,1.5294132068188417,1.4720715251639198,1.449105122116748,1.4382984782333397,1.2833960353769005,1.2763480230209379,1.5180599719267442,1.4035864052017286,1.4677321659737512,1.6534341882504635,1.5273534337612764,1.4779729799223231,1.550929784771758,1.5076744313633408,1.650235602814377,1.3555558745348533,1.0774935019142158,1.3378779552064055,1.3627194283316546,1.5248570845431673,1.3043367971387179,1.6332320621927043,1.5037202390379167,1.127793072522451,1.340624895608087,1.4659745645522069,1.529918284665783,1.557505728230027,1.5353984821957514,1.3738323689335845,1.0238224429140133,1.598513984926114,1.3250177775439678,1.5535968776746065,1.3526847666219077,1.6559004109556485,1.4751509170012216,1.5888614920787176,1.4558222927498177,1.5733543640791992,1.306349731165979,1.4253758324261259
China,0.6459071836083468,0.6640977635684566,1.117336434872454,0.6306197624926468,0.6896088256123242,1.1965608261459504,0.4300766325910303,0.798325166385162,1.7262655910430025,1.6519059730422787,0.5229690264057738,0.8696018216240247,1.3770375235351697,1.512154700773082,1.0,1.0058583703807997,1.28510506206351,1.3613142968401735,1.396899276665297,1.6660236658129264,1.554669144001474,1.8377221272797772,1.4913038203979023,1.6228960692662013,1.6030060094278962,1.2929633347507912,0.6265437120712968,1.4123065163819424,0.5872301589857528,1.2763863737463588,1.2563981015978354,,0.43657056975518976,0.61382937334239,0.8082902997995381,1.0050810954338405,1.7493637047585309,1.1126731778888013,0.8747508498184441,1.2784475081309,0.6308477634633873,1.1843737733762918,1.7978844301792658,1.804973075899051,1.5334886750377408,1.0659843679981502,1.7770610395643052,1.2012700564916283,0.6227930078384186,0.46669313412083907,1.711895340996344,0.7517873218440376,0.5331756797430148,1.4688483680901743,0.6027553672217646,1.6091774817598545,1.2784601222912455,1.899916766906834,1.2912779949755024,1.4831044884523572,1.5205400894105712,1.5850361603283367,1.0658298620030526,1.8676192933793558,1.152145617353733,0.5702483747944104,0.6688440492452751,1.749045721546967,0.8992206130991669,1.495160547469798,1.198850838684338,1.89230477719163,0.3157862497208548,1.2308611551448039,0.6982239792576609,1.6438124270383998,0.5718883788654542,1.8701433861957357,0.4554953947391863,1.4946704536770945,1.184268558313331
Colombia,1.1718469971987602,0.937601396378273,1.0587359591545888,1.1444823194905325,0.731357085439173,1.5476875041021698,0.8671530466013057,0.9047887969616015,1.580023832670868,1.3420784328611497,0.7397049483858767,0.8541376206557733,0.6909060767402382,1.4956502625041466,1.0058583703807997,1.0,1.3133187233596313,1.2797454364055758,1.539697447371206,1.6880183353291915,1.3059555817792936,1.6105785594912092,1.3508693531515807,1.2033889059196894,1.6030897285253094,1.279325274541151,1.194096356626585,0.9404646017789519,1.0733958015587273,1.1866703999849209,1.4606967324005278,,1.0720577626182668,1.2466036488455416,0.8791481424137324,0.7610171534805028,1.5691145773564232,0.7925646631234344,1.0655343991787425,1.3730300018801425,1.4132092038448354,1.4921548131560134,1.784449090124534,1.442085493863574,1.4229052802970485,1.2428211660795938,1.5797056322686274,1.0856528933999898,1.161148935734519,0.934353359053407,1.6159259038600415,1.4092360874911065,0.9523635608523449,1.3759320124225805,0.9726994930114921,1.6104070638734644,1.3021868741237095,1.7841196790021345,1.056840633710103,1.6636936731913643,1.2752409940539793,1.4484756458759613,1.382808352509324,1.658500883530052,0.8666005265799773,1.1982646745009762,0.5892527169949345,1.6102633193463016,0.8553932625296554,1.3585772816093673,1.390486946054675,1.7800950565548872,1.0413460071331295,1.1365089990784554,0.8597702371897128,1.5484444034923068,1.1512208168867841,1.5595173741446096,1.170755620624938,1.0676615767297986,1.2571578323676218
Costa Rica,1.2191826171632236,0.9960917472587948,0.9751308443438562,0.9294834575223849,1.2808807645239295,1.2524650638230987,1.3058473859600963,1.6025369105217033,1.8443317054570316,1.6685374242219955,1.35832678832354,1.5191981238150434,1.3414264146643406,1.3700080144920954,1.28510506206351,1.3133187233596313,1.0,1.7454698450783308,1.8326068124818604,0.9929401011613276,1.7248764424184004,1.6750546006882712,1.6707309556719245,1.631753863310346,1.8505073108056571,1.761168216036128,1.2672743999528988,1.7186951087212479,1.3172376796195517,1.6608093206018528,1.5337208353016603,,1.0810563341797068,1.0761687139748384,1.2892092841819287,1.4666559750960861,1.0885383064090592,1.2260949727063382,1.3169511750250853,1.6171624082820755,1.387140258340435,1.1969138372732453,1.4925171713290741,1.1233672008312978,1.5947178455683944,1.3224975954250555,1.7825259601221832,1.0690464711339922,1.254112522133106,1.3225108228050972,1.7854455879548712,1.3229846659106512,1.3788180102345318,1.5751120326667563,1.024190450047358,1.351019919975198,0.7975646971212164,1.5910644097695719,1.3666765117629012,1.6947586183154575,1.5293745481744165,1.7374982244474937,1.168900168357508,1.7142374973076169,1.478016716697542,1.3252710085185209,1.319288724973181,1.8411960769711264,1.1817851253055371,1.5129726503053629,1.1877093232086373,1.6115271860979288,1.169396401316377,1.2190579271227295,1.461746053909037,1.8466730934406583,1.2780417612199995,1.6074512500517169,1.2505252012612815,1.743106742251403,1.4068508107690054
Croatia,1.3414127036458485,1.5059731979888782,1.7687954295145991,1.6732675090213047,1.3038839239003512,1.3021226165120579,1.2393552897900257,1.0588248518673422,0.7791600313161734,1.0023849983864395,1.2888174106376935,0.806438417668026,1.2975536163936472,1.5835672725680812,1.3613142968401735,1.2797454364055758,1.7454698450783308,1.0,0.6951180044085687,1.834094587389264,0.890439012411171,1.197547566014214,1.2598507205059541,0.8258463045150759,0.7328873000675369,0.4102513437155221,1.3286563791825359,0.8198704118567077,1.4970905628746456,0.8900875241153899,0.9365894717643284,,1.5612804165096001,1.5312565103715758,1.5191389691425776,0.9714886281960814,1.5352469012804175,1.2244535337881841,1.3264755289954673,1.3278567130378585,1.3563889273716732,1.6439958776414285,1.386305237183628,1.7137600047043158,1.224423519027603,1.7007113056792393,1.0987865181297256,1.4792065566393597,1.3090257922821034,1.3982582975993199,0.8859514048266636,1.5540454146630551,1.384604741333794,0.9561815780148009,1.5568126858825817,1.667215381488821,1.8363262544372498,1.405377717149498,1.1369748632305676,1.2942232588481042,1.126068066284569,0.6675789260971782,1.640226720577741,1.0671452806601738,0.9625812656098203,1.298620690886439,1.2032778311208856,0.8041283013113085,1.4619136916568714,1.1610638003743283,1.649433321035791,1.323558235584426,1.4617371161484864,1.378257983878392,1.2074601554735631,0.7700647062849472,1.3164394381395585,1.2214606829240553,1.3973218349108434,1.016212212413177,0.9015030548839672
Czech Republic,1.344069753588714,1.6458165207537758,1.804455874469823,1.7121053087789233,1.5063231953476697,1.2814166861702112,1.3574207648508687,1.2235717701760653,0.801996851240741,1.0060549670440966,1.4485681961758297,1.1498556608283592,1.5016195900070655,1.5212400319792274,1.396899276665297,1.539697447371206,1.8326068124818604,0.6951180044085687,1.0,1.7968151633174276,0.8534153666712326,1.1559194048202188,1.193707799351922,1.0739873915214508,0.6680018756532388,0.6476932126568409,1.2760641478651666,1.1029930584175327,1.4441663908904296,0.8417282360538619,1.1904128209087579,,1.6275588431025805,1.545185858654842,1.5427057285172827,1.2265840267615848,1.6439128703992445,1.501973463675053,1.4276052057698982,1.21683025921438,1.243646674558909,1.6344351200756901,1.387307523174137,1.7915677905126048,1.129794286004956,1.5469572537390075,0.9930739912278339,1.7435233176136073,1.4070889252974796,1.4734657284732964,0.8529037262595234,1.5138173332551954,1.3845325543165035,1.1506075491527563,1.5735302020657729,1.6395433367874042,1.905423760910238,1.292913910872106,1.4663737771619016,0.93958105230443,1.117368628445344,0.9011631523535506,1.5274136520817945,1.0738032781260853,1.2033132533464361,1.354662682528029,1.4387234950664112,0.6948236440930226,1.618267527556254,1.38220530145658,1.6888459425341094,1.203313253346438,1.5241998908059744,1.684251040572617,1.390306252794631,0.7424064322788391,1.3270157239605702,1.0953227750389822,1.4608681810817723,1.275712750876387,1.263959047006075
Denmark,1.597117308364391,1.4623051551400061,1.2152802387148507,1.330451698339987,1.6720712407804603,1.496451488512516,1.747640715176263,1.7788195296787574,1.6846463680193546,1.6053023814087286,1.7231613809776285,1.8434403079457518,1.6327024898511808,1.3999344872092225,1.6660236658129264,1.6880183353291915,0.9929401011613276,1.834094587389264,1.7968151633174276,1.0,1.7768303686967835,1.5021812248415012,1.718899236376837,1.7428974811331284,1.714862677214156,1.8455751382857266,1.7176605033083518,1.7853900026961065,1.639195835777039,1.724872241597284,1.6105447892416311,,1.442437866552882,1.3868800650627642,1.5119221518156776,1.7432684267549925,0.9304074348335633,1.5966942341742685,1.616850628523296,1.4804535834748547,1.582522365454259,1.1052993657005306,1.1841833165578208,0.9760392421138311,1.6763801667894676,1.3886035830051084,1.5677929489831839,1.1695190237049544,1.6081835877858823,1.570252816489481,1.6023066810633266,1.3127035277032812,1.7195993400951382,1.6288463970721452,1.4688377022626782,1.2866074520206991,0.8335747577952879,1.1547031799643728,1.6220196984369268,1.5401766632295157,1.582079056066292,1.7379690644333972,1.2510132936527563,1.5057284568935652,1.8387099856384064,1.6664155000129681,1.7324123498143231,1.6245068441675203,1.6734075461551718,1.4829572337603008,1.2090436199587637,1.2853444373933074,1.5554676706399382,1.2685024454037839,1.755034192174967,1.767809494488868,1.7039284316148573,1.365222308916481,1.5122025314744731,1.7926643257393207,1.6972778486343014
Ecuador,1.5554896606205002,1.7114037360087044,1.6544314958274824,1.8322413619705007,1.4998308157562423,1.3860048006951755,1.4415880771610678,1.407505651232877,0.9118870279064192,0.8362685517292044,1.4858362159380711,1.2219819420612748,1.0944009309111342,1.4609472315269862,1.554669144001474,1.3059555817792936,1.7248764424184004,0.890439012411171,0.8534153666712326,1.7768303686967835,1.0,0.7969509462327466,1.1444710608861912,0.6419545161510813,1.0851634809786002,0.8907368710516028,1.431296430179303,0.8861823284043915,1.4832048141928666,0.8294251107554378,1.4798306004061332,,1.7563885430260446,1.7541391327380937,1.4883205292088302,1.1347763387403278,1.4890630923733839,1.3091326841336202,1.4581702751467893,1.2769834249244847,1.5929172812952326,1.7164673661089527,1.5931958329582476,1.4411735376972026,0.891095676811849,1.641347248036305,0.917287148894725,1.7190925113423206,1.519126587495087,1.6019390342112987,1.0735097389218096,1.7573631500868787,1.3597569752391152,1.1761951897002574,1.6049328868833592,1.6014822375289361,1.8944796990155828,1.1790844656745265,1.2734938344344824,1.2576901205778814,0.7619059032838417,1.026555536116107,1.6854737537395055,0.9791623034623853,0.8996358515374434,1.5445608923282574,1.4090905433533711,0.7436322082050876,1.416260860844369,1.3743712943380728,1.7587122848270784,1.2964488487890353,1.6684688194513726,1.7596244357085153,1.473361699955436,0.6297806190187858,1.447986594987558,0.8368553562071215,1.7352298658371608,1.044018952270832,1.295003636804499
"Egypt, Arab Rep.",1.8009784340776975,1.8646626404513595,1.726283374041259,1.9159459176770537,1.7627606788479941,1.5504688745572102,1.7865878777892872,1.6963515182511735,0.8292306273698777,0.8840778959486439,1.7916057356701318,1.5748100684971125,1.3560793821060082,1.3385941847011849,1.8377221272797772,1.6105785594912092,1.6750546006882712,1.197547566014214,1.1559194048202188,1.5021812248415012,0.7969509462327466,1.0,1.1831453467421456,0.9257365921209271,1.0820231318027607,1.2437592239910258,1.70884201660152,1.2068330427326557,1.7656999673711924,1.2901857009432651,1.4973594776053292,,1.9103513923059143,1.8508462616707944,1.6856878017745909,1.5076325062137665,1.2517585362754433,1.5643482684437802,1.6432525346988913,1.4235046216633982,1.8006903816646624,1.6693959639203482,1.1866751294218736,1.1246282570321804,1.0418710385234113,1.719275113376859,0.9612637144224511,1.7772764225304163,1.773427531617672,1.83822127778042,0.9525834490962115,1.8351933923059334,1.6847508928797155,1.1812504424662524,1.8538748626333483,1.3897537574948728,1.7884060155126744,0.7787123692461964,1.461232088182424,1.2877158368117683,1.0145919040070677,1.0779808585783324,1.6923900736825344,0.6857410144399629,1.4056100407047247,1.7668448791080986,1.7388250861028305,0.7701218649945799,1.6256060177050344,1.342290861666382,1.6861170752845365,0.8816321007704104,1.8883552811048199,1.737811178161665,1.7398792305494692,0.7757346256225469,1.7313044205929862,0.6921981232414147,1.896555283896488,1.1752058323623202,1.527821807945694
El Salvador,1.6508503770928302,1.7205781799517776,1.7538371517840035,1.5787367852926881,1.4866558968246193,1.5114889008599828,1.3420138398527794,1.4082116119705381,1.1064874216308207,1.2737902642500556,1.4491588989210755,1.2043919516906325,1.0907636780383252,1.4725033885365464,1.4913038203979023,1.3508693531515807,1.6707309556719245,1.2598507205059541,1.193707799351922,1.718899236376837,1.1444710608861912,1.1831453467421456,1.0,1.1450495513258765,1.009328158318994,1.065857106161644,1.4139518236454058,1.3155615640065328,1.4021950900891706,1.3914182927984975,1.3067617830726317,,1.628467858691043,1.513354329597839,1.503584786491693,1.4655821553626025,1.6674506687364519,1.628973239773077,1.4397619996037925,1.4538988893601161,1.5281293782403624,1.5264500126190557,1.3887730086878178,1.5546063855525414,1.2446220711460867,1.4238103443225096,1.1897402667264914,1.7096210982919449,1.5352899692740096,1.4641006008181,1.0508173330835797,1.7043761996559417,1.5034838634475753,1.2807929955663415,1.6411244126472389,1.515430190790903,1.7307420651706735,1.4664172698614688,1.265194882294834,1.0522232983013426,1.3279948166044555,1.0358394919083564,1.538052957014051,1.0417871889224812,1.3503040114443237,1.3996512523082678,1.4471272377289286,1.1506782443892034,1.3093966878634222,1.4350612040999717,1.480323762299278,1.2490133930895804,1.5420748441411969,1.6019956802312676,1.2340407873426609,1.0250772659610186,1.4136168063107144,1.2934911715835251,1.5441750759611002,1.090822043381068,1.4693855152765758
Estonia,1.579115854842573,1.678976946651493,1.6895384325203084,1.8232112492576615,1.4916137005975811,1.436443540080252,1.4429780756528643,1.3633528822283678,0.7919715493066936,0.8336957579265174,1.4933844819129818,1.1180085320403135,0.9858474537109105,1.5052595463500542,1.6228960692662013,1.2033889059196894,1.631753863310346,0.8258463045150759,1.0739873915214508,1.7428974811331284,0.6419545161510813,0.9257365921209271,1.1450495513258765,1.0,1.0090289195427358,0.9268475530531805,1.5415619390953872,0.8209615872758412,1.631535107741169,1.0290042910996637,1.2438612172272718,,1.768568296724272,1.7540285433708596,1.6101090110756147,1.132797098774302,1.396718645984048,1.2446841722132218,1.4099823477488558,1.3297931790060582,1.7035037107013429,1.6878791724459163,1.4083737016560924,1.3402155658956627,0.8912728332430453,1.686304743506381,0.9715241321508541,1.594372497148714,1.530878748820344,1.652504231996554,0.9954648292352404,1.8185710497015495,1.5058707104474074,1.0836764796077836,1.6650782915541955,1.6266627599146883,1.8437584788030004,1.2806876213450207,1.1626792003696136,1.4109226173959584,0.9607883528552466,0.7901594130057866,1.7921729471876309,0.8908975323659477,0.8803003636039727,1.5111763120674722,1.414669437053015,0.8036137703143513,1.411714836151055,1.316242477904203,1.7187509189666907,1.206039099909194,1.6819949956153248,1.5664132977814225,1.3979930820416235,0.6922589941549813,1.523206248588475,0.9269309170092849,1.739724730990048,0.993050020555683,1.0536809189680674
Finland,1.5669389245690888,1.7616218719093755,1.9338198036525027,1.7814762205890082,1.6490103291841414,1.4605677221988949,1.507049818328754,1.3258615023465044,0.5049949022767692,1.1082168957528087,1.6122830469419354,1.1974340986972536,1.4999238182764434,1.4741996988863162,1.6030060094278962,1.6030897285253094,1.8505073108056571,0.7328873000675369,0.6680018756532388,1.714862677214156,1.0851634809786002,1.0820231318027607,1.009328158318994,1.0090289195427358,1.0,0.7366122644076118,1.5270093618545921,1.1638082970218853,1.6541929887941353,1.212532593337014,0.9437127314747736,,1.754247798362965,1.6277782416974718,1.7476579824456218,1.4008944327906971,1.5852993345796338,1.6345655557905472,1.524734904983744,1.291835978482738,1.4355319405079903,1.5728291114380744,1.0379033185899362,1.7080501617916217,1.1913922745159309,1.6431804020876686,0.9695458984260407,1.7045717549668014,1.590367176057216,1.6131536964793043,0.5337488962983743,1.6401652742208768,1.658805513708268,1.0002040596310147,1.7918994439303237,1.5580613906450527,1.8809718956262171,1.2287914522721528,1.4482219751208376,0.9452399992336178,1.3514294985285753,0.5807109983430682,1.60561878838709,0.7252288284596475,1.3756105366882179,1.4770741840184565,1.6021116466172165,0.6248069005463879,1.6827147539143876,1.2185527672582523,1.6182118260547182,0.962307140338972,1.6668790540287102,1.521040394802995,1.4296410878613957,0.7084901194859287,1.564330410545606,1.1133663362662145,1.5677832587038554,1.1679207505075693,1.2417953348792719
France,1.3003772528353683,1.5492339904393762,1.8042660503042554,1.6127634421530799,1.3095574001099701,1.3016487614169203,1.1283291708347913,1.0621819743190128,0.8379530206152723,1.016860623201709,1.2673465195552542,0.7059839756596314,1.2544282099026387,1.6413720347090381,1.2929633347507912,1.279325274541151,1.761168216036128,0.4102513437155221,0.6476932126568409,1.8455751382857266,0.8907368710516028,1.2437592239910258,1.065857106161644,0.9268475530531805,0.7366122644076118,1.0,1.2241056790669411,0.9514895018896906,1.392996590746935,0.9101316909665322,0.9922106239532479,,1.521316249034993,1.4386250366408855,1.4521520063565683,1.001990298729854,1.6625961750591607,1.3378138625354283,1.2963634573165383,1.216975917692397,1.2962104984746214,1.5568158519762476,1.483189840204995,1.7955789355276817,1.3275302113920728,1.585774879979235,1.165204624087902,1.5157932509602734,1.2895348265046507,1.3009641651081494,0.9132528817873947,1.516315977635673,1.3722887996729198,1.0165890453889015,1.530673443185603,1.7025181009754724,1.8438732598376488,1.4987174003640067,1.0876455244420171,1.200753641000215,1.1201242986667996,0.7443678934560619,1.5773467962570769,1.146475596611812,1.0216826645080814,1.239551368260518,1.1745071725258636,0.8388803253236173,1.4157756271078863,1.2805214634546964,1.5514563382307467,1.3918694932923121,1.3884284527451023,1.4567953136349114,1.1204339431031216,0.7937724027239621,1.2383850790032649,1.2358427630001718,1.3266689528159272,1.0542294618656913,1.048899143803351
