Country Name,Albania,Angola,Australia,Azerbaijan,Bangladesh,Belarus,Belgium,Bolivia,Brazil,Bulgaria,Cambodia,Cameroon,Canada,Chile,China,Colombia,Costa Rica,Croatia,Czech Republic,Denmark,Ecuador,"Egypt, Arab Rep.",El Salvador,Estonia,Finland,France,Georgia,Germany,Ghana,Guatemala,Honduras,Hungary,India,Indonesia,Israel,Italy,Jamaica,Japan,Jordan,Kazakhstan,Kenya,"Korea, Rep.",Kyrgyz Republic,Latvia,Lithuania,Malaysia,Mexico,Mongolia,Morocco,Nepal,Netherlands,New Zealand,Nigeria,North Macedonia,Norway,Oman,Pakistan,Panama,Paraguay,Peru,Philippines,Poland,Portugal,Romania,Russian Federation,Saudi Arabia,Senegal,Slovak Republic,South Africa,Spain,Sri Lanka,Sweden,Switzerland,Tanzania,Thailand,Tunisia,Turkey,Ukraine,United Kingdom,United States,Uruguay
Albania,1.0,0.433526172672989,0.04101923009373637,0.4456136608034426,0.17947633580364453,0.20728859089621474,0.04926280610473055,0.24155615368239755,0.17953412609126992,0.0871985135402635,0.5358008024379322,0.4093700607334517,0.07458900776651886,0.0852699820445326,0.26318072702372064,0.1632788127676991,0.11686165531562531,0.05670403569135549,0.049134475783599474,0.1365967588792978,0.2122421030795771,0.10197597742685932,0.19942276888538707,0.05049992086559707,0.11413843065639093,0.05377389410069955,0.24697756490356002,0.08075441477661802,0.2756109215837842,0.25296458174999276,0.10887514508284143,0.03829696163669169,0.6219329824728282,0.33076568326489253,0.06346647126327337,0.0679649927865976,0.1478158847406646,0.07664499750214893,0.05638976349154276,0.1763361874193907,0.3105410797146396,0.10943033942236247,0.0910329949789099,0.10221506034517414,0.05565003392052931,0.061917390718234794,0.254628734795885,0.07167615578537648,0.06680882669221347,0.3923031138016341,0.07366876230785635,0.05982652166212224,0.976420256558293,0.09310347076179395,0.0580184526598822,0.04219525138730776,0.41478096753821586,0.3275540840204507,0.1301064226644654,0.20922871397174414,0.3698486187897679,0.04886472875113643,0.03439705483545391,0.23435742035157528,0.01508810732226537,0.039026039898197834,0.49882027212870816,0.0723702015599875,0.347376303437709,0.048425558661546575,0.04087370249097258,0.053312107513868084,0.04258199589370271,0.15689796715726426,0.02472006698510107,0.12211160777528696,0.3504116768094977,1.4352407489198258,0.045760062989968125,0.03690501939390886,0.059023057222552744
Angola,0.433526172672989,1.0,0.3854539301731531,0.22016219691671138,0.28717862004734285,0.6729617070490739,0.4172264843122727,0.4050585057377189,0.6916336751361685,0.5419624180269375,0.3023452335668366,0.4045219870944611,0.4698660184704636,0.4538984244913894,0.2593354524051381,0.3614324889594738,0.3977020529604215,0.4952634827583432,0.52226211112405,0.48038628897831537,0.6529659111189894,0.5865786137770547,0.6495624868295999,0.5180615289706891,0.6632108956699121,0.5121251196173031,0.3425001164569309,0.45048432580617725,0.34074161201516373,0.5195074993937878,0.5309916560773075,0.4894937935912448,0.2288066156626443,0.27114835624694833,0.3651737025040379,0.36555651828588936,0.496929359821743,0.3464471732579145,0.37719187227750867,0.5393892675209382,0.3447687416078393,0.4618001096682839,0.6116919453501592,0.5323555072392668,0.5415830879040424,0.4319862584687699,0.7521110695081316,0.4055629877355509,0.3983496479924724,0.2997808238171239,0.5780107241385765,0.428771517968352,0.4828664076957745,0.5178588321854004,0.3561132692210083,0.49050479201228225,0.29621826360487247,0.7747449304276661,0.48104533100864877,0.7110345864580884,0.6045469200088349,0.5375332995226467,0.4331757993677229,0.8571880555043367,0.46040163959958236,0.44599137183896176,0.2806701897875922,0.5550620085980765,0.3627204855664986,0.47026332188659514,0.47889217806591344,0.5359117695479934,0.4188440267754283,0.4022565198336592,0.4614390059625513,0.6777893116368049,0.3046549604906805,2.0419072946997585,0.4223254011360955,0.4855679800878787,0.45381286516210284
Australia,0.04101923009373637,0.3854539301731531,1.0,0.3795861017647454,0.14370610647106713,0.20926881902757336,0.03055413699378562,0.21124712278440574,0.1871477562659616,0.11087032179093967,0.4783276386061408,0.4133988403157609,0.07905982498733599,0.09646520601894623,0.1780147822266196,0.12993547387972326,0.10202038630007026,0.08070522944897535,0.0680629784821388,0.13145679005690739,0.21117195345362508,0.09139648537237563,0.20282318174695171,0.08155007426533559,0.12309612693443914,0.07423510084888307,0.18054029248819944,0.09755919801730406,0.2700194918666068,0.24097269518578043,0.08681466237831173,0.05749452935845073,0.5501632761106608,0.2634898324026974,0.05119722175436048,0.07838004883348307,0.1311474943194543,0.06382811347514855,0.0612070172020093,0.15456999142989392,0.2671456273484739,0.09035899397053476,0.12700377810713162,0.09835261434568132,0.07898606002446373,0.051443977629709925,0.2702373960906729,0.0675778891403945,0.040882846048749755,0.34355130282241225,0.08398974332195852,0.06826336909737094,0.945730774550068,0.10466763322071876,0.02842623202710895,0.05747697832174292,0.371078874152559,0.3224984054503338,0.14014328333271786,0.2112356462405866,0.35174513603236535,0.05827148939173746,0.04109365825329708,0.2617353646433114,0.04944088941834773,0.05337321815130927,0.42322511430715515,0.07286059682191448,0.2881112248745762,0.05740388359677273,0.038523463024276894,0.06499480120695719,0.04603880980912592,0.15559196977360212,0.040819241656152805,0.13564159338936557,0.2578052637139562,1.4737541511495098,0.050037838653419764,0.06682359231782198,0.07829581300667687
Azerbaijan,0.4456136608034426,0.22016219691671138,0.3795861017647454,1.0,0.18986826467056706,0.60023956950639,0.3873098004278396,0.3072753464512944,0.6084884873636882,0.5012227225877055,0.3885565129229877,0.3518811566695237,0.42686400595641094,0.39017616848929926,0.15230818311869482,0.24225106393559573,0.3399088202568322,0.46889829584853826,0.510558329224077,0.40452641658370164,0.5951477300694953,0.5572805532592007,0.48632157472015475,0.4985876494133179,0.6085772109231106,0.5011236617027938,0.2478657044200559,0.3816337924550165,0.16183136773849505,0.3592737340133381,0.4658709417969545,0.4924898192601824,0.2720613157364698,0.14706623621854256,0.32633267456130255,0.3032902111593437,0.443262128738894,0.30832923336125506,0.33109507348774897,0.4535322918857667,0.22795653038575578,0.33864212131489535,0.5727187187742081,0.4929794688239728,0.5180572322469739,0.40961625530038903,0.6725624790440012,0.3591645621182642,0.32942885380919573,0.23514009076987877,0.5654514478178497,0.377051050842065,0.7860687916458433,0.44440964538195304,0.327427271586922,0.4944746998632318,0.3182828007857534,0.6779342890091603,0.3844309567675609,0.5675051651645755,0.49775940681100944,0.5325501204026237,0.41756162790652257,0.7789605986086237,0.46230330347000664,0.43302387854136437,0.4053360824564779,0.5491909029188076,0.23005111837407413,0.45542296090574846,0.4872793019823969,0.533669987947391,0.40585522320692535,0.3218649712493813,0.4433585145149289,0.6129025694364606,0.21701805189691195,1.8167701817366124,0.39132569038911863,0.4770761746313823,0.4020554504024081
Bangladesh,0.17947633580364453,0.28717862004734285,0.14370610647106713,0.18986826467056706,1.0,0.326058713074891,0.18140157702638748,0.17315906718701402,0.31168847214214757,0.24277942677209716,0.4103231954728347,0.28116998687336786,0.18592031655304525,0.17945910219919797,0.0911958589789097,0.0938421520059273,0.18657024881671225,0.22848454155197806,0.22561741755025527,0.2367437002674663,0.3378243300785909,0.2633623992166054,0.2749163009059126,0.2161452529410066,0.28478496049613355,0.2239530626773777,0.13892570400142165,0.20816723529894465,0.1417239431335353,0.2863496656482859,0.21069856809459628,0.1934197120407032,0.38855238817768767,0.20050704825043209,0.15575729645189626,0.13982971399379385,0.20243784550319838,0.10379898269306287,0.13699702171908518,0.2541628412626452,0.20443699521644262,0.22496644913302374,0.2853304854865019,0.21586888822487485,0.22182242142263658,0.17050447096718016,0.3490004176142815,0.1830972186168742,0.1907558257100699,0.19845263953564923,0.2598932432778977,0.16760091779446268,0.8090130576628816,0.22115644186149033,0.14361276848929427,0.1895612995516771,0.40839963207986996,0.49514040715664664,0.19059790095950987,0.35721083234419704,0.35015893856726643,0.23262798638631757,0.1810918010806953,0.378072157427257,0.19038189495961133,0.19374705062681985,0.3338688298899621,0.26183569369134774,0.16087211962976294,0.1988681497384381,0.19329237526890047,0.22874665855151366,0.1758819881295485,0.17115635151677516,0.19786985336767282,0.2875323282629327,0.19109494995337167,1.7395018096837263,0.17123130139991596,0.21488332926921475,0.18888889606799916
Belarus,0.20728859089621474,0.6729617070490739,0.20926881902757336,0.60023956950639,0.326058713074891,1.0,0.23020278342575076,0.350686666852178,0.2567917414280052,0.22613559030664554,0.6549386456851478,0.48777678538695246,0.24050552271205192,0.18241894621270494,0.39937451515678735,0.2578572243155842,0.24441040030502229,0.21394891280265274,0.21023941029593632,0.22863315936766712,0.35292647513791886,0.2084552852681104,0.27947789299848536,0.2119092961784579,0.2056110612976551,0.21740536620132614,0.37402452634492034,0.22923504649159626,0.42432377237411467,0.38300097232990093,0.2397052620802087,0.19817795605609875,0.8902779412736441,0.50190396517464,0.23701904049682268,0.22329340718810942,0.23121619814152772,0.21850186915613268,0.18942460951894594,0.2190558645387105,0.4458366902405927,0.2311596421552699,0.1989677609665171,0.19971836235471077,0.21216522305568492,0.1829119623990099,0.28420441790918705,0.2252126075289101,0.2415813861054445,0.49508363835531066,0.2150165678905329,0.21019768852449247,1.0495676863691321,0.22020131102568052,0.23174835770803917,0.20404003494507583,0.5509583176521896,0.4155555837018837,0.265261936461724,0.2827885760750395,0.3311078045087937,0.22895241278302234,0.1968613339976403,0.2835489434894859,0.21780695966348695,0.19580133995377147,0.6145944345741603,0.2195119508791107,0.4065227747360277,0.2166091283354687,0.2046690339333897,0.20677419639921116,0.2117125319636443,0.2944649364093832,0.21638098552987325,0.21826125333282007,0.42938327231478074,1.4055429235006212,0.20218673141762533,0.21275644857081402,0.20769683741936365
Belgium,0.04926280610473055,0.4172264843122727,0.03055413699378562,0.3873098004278396,0.18140157702638748,0.23020278342575076,1.0,0.2235193552921657,0.16778367072237108,0.0854526620505737,0.5084628205886791,0.3734505687012045,0.06442566132767716,0.09952460043362657,0.2473069518206871,0.1730320463830667,0.11916497089355019,0.06261087661724468,0.0809649950892456,0.14616079098952006,0.20706206840866434,0.10736802907307413,0.1977152706852718,0.0705050243252143,0.12704765054828923,0.06318050794717811,0.2225267105069349,0.0754617231445987,0.2596157489744322,0.25232501230244425,0.10410217798023316,0.07714646782536527,0.6301869062674794,0.2947694015009572,0.04408588459360985,0.061320624982615035,0.14510926589588846,0.06533457971258119,0.05842242935422662,0.17831649453511952,0.28450467916892386,0.10541765105222989,0.11785378394541193,0.13109499398861627,0.0885678340852922,0.06728643526545025,0.2608041239982005,0.05524907168750001,0.037475733468437494,0.3446937875863455,0.07871701823201546,0.0462080202910789,0.9591910416079272,0.0837602207960011,0.04332311418624413,0.07644355672473252,0.39815472760625076,0.33933508276444957,0.11590666275833286,0.2222512344363505,0.3417991904479766,0.06090694462765034,0.05698514510086233,0.2561227858395848,0.05414690191573926,0.04992783149858118,0.50216897813271,0.09184784031181148,0.3193482177533445,0.04617332332857699,0.05667975482841833,0.0884470256362691,0.03840155004521803,0.15457322774863894,0.031719249189488125,0.13506992633607834,0.30493700087609454,1.4467981952329745,0.04232389319432628,0.06497329936644633,0.06978972168771039
Bolivia,0.24155615368239755,0.4050585057377189,0.21124712278440574,0.3072753464512944,0.17315906718701402,0.350686666852178,0.2235193552921657,1.0,0.2678397652356833,0.21045950589862278,0.3503311278415574,0.20430732331130058,0.21006421902534023,0.20471392873425986,0.18874344479173533,0.15659888733998983,0.22298226638926652,0.21126323104037598,0.23466203524551993,0.2827958897954158,0.19180224654348693,0.24086941749259805,0.2135827053515775,0.21236073927932214,0.26681232428283286,0.22009613510146692,0.19511311287113758,0.16475007851069987,0.24102226056662435,0.24188692826651434,0.21292151284542213,0.25721389103602554,0.5246068439917722,0.23762569273063391,0.23929936124722592,0.17956556833153678,0.22392428989904029,0.15443359144418,0.17837831325120856,0.2827287136730111,0.23893269471324727,0.24739226819113086,0.2603121393551585,0.2178992386503122,0.21364414821185493,0.23936342791418505,0.3277263352305224,0.2187224245827586,0.2129335777571434,0.19424735395253448,0.23848057550384388,0.19754947114693067,0.76839482790373,0.22333692695451945,0.22183367297233428,0.25709964133299534,0.5224250305548556,0.4330117371120682,0.1819370426947216,0.3176283503495243,0.33179383373290083,0.24338306035871451,0.24389589928011685,0.33412855299354605,0.23320104289861066,0.21256348313775902,0.3705930291955353,0.2520362722696833,0.18359898975562244,0.21605582147202598,0.2538809576870773,0.2499506479799878,0.2176726192828841,0.17256415741464995,0.23146894880509145,0.2133505701387696,0.23537890660849134,1.64723484486834,0.2129563482953312,0.2272569999731632,0.19120688096484054
Brazil,0.17953412609126992,0.6916336751361685,0.1871477562659616,0.6084884873636882,0.31168847214214757,0.2567917414280052,0.16778367072237108,0.2678397652356833,1.0,0.11285700413896965,0.6671404837773082,0.3588593959180875,0.14064909687077498,0.14452186446635237,0.36606015345386245,0.25362632661084317,0.21704423926613778,0.11950676942259708,0.14090354484784073,0.1723177001240902,0.15979135056912783,0.09957218883648436,0.14765967362585097,0.11198463284052163,0.0813551832217087,0.13712452308120793,0.35267526305483876,0.12201738154168235,0.39733801130950697,0.2712805682607184,0.1145251969637533,0.16044042448772167,0.963910352756755,0.5060074585869906,0.20781637245752757,0.14177013489023313,0.1799545336048901,0.16952638826937583,0.12198645471883351,0.222993691976366,0.3633269682368381,0.18524706719692255,0.09908018048285352,0.1169912817311807,0.11041943965239212,0.1518176129474399,0.1270419523855163,0.16512676306764848,0.1879792103790613,0.49378478843375817,0.09590226416994405,0.20495337441685685,1.1421724850741544,0.08963743247558814,0.1930404727952307,0.1558438067375102,0.5090194882575219,0.2550938513266735,0.1778264816865179,0.1479507944439147,0.34895429004166134,0.119726260916762,0.14648638428386157,0.10803641577114739,0.15313006267146292,0.15805570135696062,0.6533674868760125,0.1264345154482033,0.3720206899062633,0.12352444297854312,0.15092575962195842,0.1261540591226273,0.1891856340779943,0.23363598104002045,0.16156155756819593,0.07614264092088865,0.4444310148640113,1.356532693215924,0.18167506141325845,0.14093105678860166,0.11662133722413226
Bulgaria,0.0871985135402635,0.5419624180269375,0.11087032179093967,0.5012227225877055,0.24277942677209716,0.22613559030664554,0.0854526620505737,0.21045950589862278,0.11285700413896965,1.0,0.5596051572382814,0.3449359051215022,0.0888102779123833,0.10972804366730265,0.3238579345479609,0.21175172063650738,0.1719756119856142,0.05372140480338469,0.05813802719216282,0.12542591452768995,0.14870545251803743,0.06842183112065658,0.22001281568104997,0.056608079739639244,0.08940908343362841,0.041849780066896464,0.27919204839728284,0.0643557600789669,0.27910294980380024,0.24332001050071794,0.09448071392980623,0.08519404063519517,0.7243160965988658,0.41129762878793685,0.1006704707194713,0.07537420559560917,0.11443226466008591,0.09699622204743433,0.08927831783279788,0.1768236597851115,0.28525914574981415,0.12275027728919413,0.09220048823281085,0.10246073040513157,0.06910679146594292,0.08709247913666973,0.14803310736636077,0.09351213432950861,0.10150596010330792,0.4168783096174602,0.06612382432099886,0.1184243604528755,1.0063703951429077,0.07769531477005556,0.11364687395528938,0.078260770629411,0.41914631066499664,0.3201534830719709,0.13468198027320993,0.1791986235501935,0.34094046998428384,0.07106657376694869,0.10882701314824778,0.14789187108870316,0.07880796117745614,0.06525986849404769,0.5822394897268217,0.07039606742169346,0.33330158619958405,0.05871462568008512,0.08174584024514331,0.07848492344797309,0.07802207316246029,0.17405561504840858,0.07396335516184438,0.09307794104850664,0.37915273335696453,1.4129569117169185,0.08878519639914731,0.07280390630130784,0.07085974351379185
Cambodia,0.5358008024379322,0.3023452335668366,0.4783276386061408,0.3885565129229877,0.4103231954728347,0.6549386456851478,0.5084628205886791,0.3503311278415574,0.6671404837773082,0.5596051572382814,1.0,0.3609124655661218,0.5250729070349162,0.48983742497030397,0.44361872570186656,0.41029965393867973,0.4021845512268968,0.5549770979643844,0.5532100317164133,0.5004225039050368,0.5873047761732105,0.572442679961061,0.5909614561796822,0.5748231910472105,0.6477412576570615,0.5678685680516987,0.37428977738156133,0.5222348720038371,0.4234637730925135,0.55599385290629,0.5574055448169257,0.5621897778134195,0.31462984068198285,0.4095957785864439,0.47088345017870936,0.4587376694644363,0.46590341124846885,0.39314964102684724,0.4727491955278737,0.5616321577250576,0.4409251051740031,0.49971311646790634,0.6116864664686381,0.48589502089714587,0.5595694815565527,0.513718588182396,0.7152362179077588,0.4757975424665244,0.4887784342990322,0.31623107607818735,0.615837846778791,0.4581735541298003,0.5641254358799617,0.5890410615005175,0.4730895129253868,0.5602791296884183,0.49595763996067527,0.8124079170849572,0.4835097978183249,0.7245587055814107,0.6085260698120634,0.6034925096976514,0.506387160429657,0.7523942541535587,0.553849234062157,0.5207600032317602,0.18960885821157855,0.5772198400030708,0.4069501171499214,0.5415781570282971,0.5579030101846956,0.5810539915858557,0.5001762266129545,0.38108009501098283,0.5515863000088542,0.6582250904595113,0.39785418572259706,2.1701493583959532,0.47824269744888603,0.5607041758767235,0.5335546324449392
Cameroon,0.4093700607334517,0.4045219870944611,0.4133988403157609,0.3518811566695237,0.28116998687336786,0.48777678538695246,0.3734505687012045,0.20430732331130058,0.3588593959180875,0.3449359051215022,0.3609124655661218,1.0,0.3248108415449751,0.32779661735568133,0.2801694669236744,0.2913287411791112,0.372922268957006,0.3543011037507421,0.39367355194139153,0.42755822850280867,0.29776750499584304,0.34419122184368356,0.3163160101741749,0.35879612345865974,0.3567324459239569,0.3880581401859945,0.32569962961305493,0.29278254710270846,0.31445744728368535,0.2972428348569225,0.3479429366815846,0.4044298006390441,0.37686129835758775,0.35191965978758943,0.40778622534022835,0.3145848145959552,0.31768585775271596,0.29064517068878115,0.2877732780237502,0.4519611095107913,0.30396964625637357,0.4203019509805358,0.37676310354283205,0.3618655089111953,0.350487849587931,0.4283717980212215,0.3838631795648867,0.36706646130082565,0.38486299700971616,0.2792805366016896,0.3593634803650031,0.35941550684270385,0.7638585498271768,0.33591450132556183,0.40584560105593215,0.403493034696056,0.6305765296694703,0.5086356387463541,0.2283967243567885,0.39994437710905395,0.36293069012316725,0.36096041613394925,0.3847257937116506,0.3552389911070691,0.3962893702404776,0.38140781911114485,0.36203483254603475,0.3570567152849926,0.29887264528328983,0.35839689000308106,0.40233803442132443,0.38516258127563785,0.4240836987535963,0.2704633600890038,0.38520751021038785,0.33995590796590813,0.30309633128306823,1.7197621372434209,0.4044612030170961,0.376697337011082,0.3047959800665973
Canada,0.07458900776651886,0.4698660184704636,0.07905982498733599,0.42686400595641094,0.18592031655304525,0.24050552271205192,0.06442566132767716,0.21006421902534023,0.14064909687077498,0.0888102779123833,0.5250729070349162,0.3248108415449751,1.0,0.08894726460669883,0.2526721998579187,0.15729616840748797,0.09673028286898333,0.071619429500769,0.07137566081791444,0.12634338347860782,0.16538926463009704,0.10038618006693681,0.19635560837521576,0.04913566111254006,0.1244813167447435,0.07303404045519696,0.23059944763679063,0.08238660266426759,0.2506861643522276,0.19856413798778227,0.10612533810562919,0.06752303781273777,0.6527850795119754,0.33851092105388114,0.08376385201217096,0.05277737052587153,0.11173016768437494,0.08130875846496066,0.0906780799555997,0.17817710214371785,0.2854610972797781,0.12282598269451078,0.11768548357912362,0.08551119056484197,0.060400322893915476,0.0911673761378621,0.21279014553808026,0.06809980074200644,0.09530311621269269,0.35145850505458137,0.09646937438512335,0.07284911479901687,0.9618065148571223,0.08771192434031275,0.08488951983033574,0.06559263026724124,0.39718352915602595,0.3193317084674593,0.08640453065252043,0.19078973911450145,0.29409371654431504,0.09183048202783373,0.05821524141362891,0.1961943554271786,0.0634818463008813,0.07812374464786079,0.525606230794586,0.10347999060988572,0.2845525042893945,0.06580157319276025,0.07490125888196805,0.07649041652651595,0.07589501993100492,0.13886804828367638,0.07466058772618964,0.13376789903409603,0.2887838631261208,1.4466922072670536,0.06768176190643602,0.06587185815050015,0.07587250565829484
Chile,0.0852699820445326,0.4538984244913894,0.09646520601894623,0.39017616848929926,0.17945910219919797,0.18241894621270494,0.09952460043362657,0.20471392873425986,0.14452186446635237,0.10972804366730265,0.48983742497030397,0.32779661735568133,0.08894726460669883,1.0,0.2544145530662469,0.13118274212769374,0.10260629602960852,0.0854441193156047,0.08500651823994473,0.10370147595182899,0.19383790441340043,0.08561876024322881,0.1930409530367012,0.08142937108986872,0.13009150335553896,0.08825880115265383,0.22167264994065614,0.09297197816173006,0.2462882193012965,0.21178990526328656,0.11475034760683764,0.08221560329478231,0.6212176434697206,0.3200451159725428,0.0986055125591013,0.08598276192563109,0.10568405272834036,0.10629874358824071,0.06233161148961244,0.16534971732777137,0.27783961001142266,0.10992528167467683,0.09870035343020314,0.0934548736172976,0.09386324221967579,0.08907393308131775,0.20433792496267908,0.07990248665852687,0.09250498973609766,0.33387264888464285,0.10542352982429012,0.0975225116851133,0.926819958124515,0.09720782527084332,0.09371915409586581,0.09209833184776658,0.3940104481126096,0.2714719022712996,0.11440172325735307,0.21656096976613656,0.32409025046931117,0.11204200860788435,0.08445235187689015,0.17392655309674804,0.08747800058667549,0.07909016515973588,0.48168433893691,0.10381638722096215,0.2504534771034661,0.08971440493392413,0.08655684417051898,0.08521125267856869,0.0980931459674319,0.14339059865423975,0.09029079686744651,0.11590978960085718,0.30993579360578644,1.4538391912521011,0.0843185090447579,0.08191759684790068,0.07606505956696707
China,0.26318072702372064,0.2593354524051381,0.1780147822266196,0.15230818311869482,0.0911958589789097,0.39937451515678735,0.2473069518206871,0.18874344479173533,0.36606015345386245,0.3238579345479609,0.44361872570186656,0.2801694669236744,0.2526721998579187,0.2544145530662469,1.0,0.1389552070936176,0.17971439024920038,0.2912059478747797,0.33097633474886656,0.27254659328094355,0.33969510581924867,0.3890220402020791,0.30732086426079985,0.3314555913249636,0.37274990650182516,0.3119539623722717,0.12486763969999898,0.25273612577169996,0.16921174896494112,0.27784623738496916,0.22964281479048015,0.3057686860079959,0.38110382360186057,0.13980802576183993,0.17282752195416445,0.17452687859957583,0.2351223913894344,0.17846737336464866,0.19210447872279732,0.2928977959309912,0.201985403030522,0.21503277207702814,0.3914484841355778,0.2678896153956821,0.29651556972146026,0.23119902880988075,0.38685868622106445,0.22066838999958818,0.2030023691960125,0.18601861911038767,0.37858504557937783,0.1955812561582675,0.84295291265047,0.25644073303483783,0.17282402822056758,0.30146155616291037,0.3807117655837342,0.5777216774311139,0.22193318850217802,0.36248935393561454,0.35129149860848363,0.35149442894143373,0.2486465925476894,0.46923508452211904,0.2901511459972069,0.2484577272549132,0.37014059235426466,0.3850167582857107,0.19255430347389932,0.2959045775189395,0.2954237005327024,0.3440946373611047,0.2278811063097155,0.2295911422849779,0.2794263725416547,0.34656009945027577,0.11857475977911144,1.6985934376959124,0.20974346837692656,0.3141067393209124,0.25825448016878205
Colombia,0.1632788127676991,0.3614324889594738,0.12993547387972326,0.24225106393559573,0.0938421520059273,0.2578572243155842,0.1730320463830667,0.15659888733998983,0.25362632661084317,0.21175172063650738,0.41029965393867973,0.2913287411791112,0.15729616840748797,0.13118274212769374,0.1389552070936176,1.0,0.1444011760510968,0.20446881324814198,0.20371623970206007,0.1796370026477082,0.24618571133542722,0.21485716439588334,0.2267118830612238,0.19844527741075285,0.2310496994812446,0.20486364272054464,0.16084417340649512,0.17418210941535206,0.17141105906140142,0.21975763223611297,0.1661839141701126,0.1836955366863608,0.4762493920361286,0.22077971912009708,0.17384854295313593,0.14101125317738664,0.16484212266060727,0.11131783388209862,0.10273769884372436,0.21629540331693495,0.2239428957935725,0.18333623946849556,0.21231378207360682,0.1562747087425863,0.17315949630964161,0.15130798012632934,0.28613867842020624,0.15173059893316138,0.16520114018015408,0.21103376690707337,0.21913331693014645,0.15518802701717127,0.8374961606336294,0.18425896052287802,0.14916358927990114,0.1866332009014847,0.3820333931197992,0.4014470986055356,0.16437510289975632,0.29377559319849605,0.3543945400133094,0.20165774973019196,0.14289060483560126,0.3015067633255641,0.18083737190310764,0.1643984508946132,0.3481289527053359,0.21982171124984135,0.1351952960758205,0.18302052032496663,0.17318829141340053,0.21002695441188307,0.16890745175897628,0.15398247286271724,0.16971343392235036,0.23526765859684884,0.21531922805389558,1.6976418191731235,0.16562436419826246,0.19726571704608029,0.1594467610384303
Costa Rica,0.11686165531562531,0.3977020529604215,0.10202038630007026,0.3399088202568322,0.18657024881671225,0.24441040030502229,0.11916497089355019,0.22298226638926652,0.21704423926613778,0.1719756119856142,0.4021845512268968,0.372922268957006,0.09673028286898333,0.10260629602960852,0.17971439024920038,0.1444011760510968,1.0,0.15892800958205244,0.13592165139677376,0.10649969705207682,0.2231873011485334,0.16635336281420124,0.226817987311232,0.14675390522234696,0.21598332320525346,0.14961135730355327,0.16345670823190006,0.17349730657641416,0.20300730679345347,0.24556050438602717,0.14826814646532896,0.12863218755603448,0.5576444228264771,0.22567407988335164,0.10400479548060282,0.14141485790460118,0.11147239602472336,0.14294994892460827,0.10941090064130896,0.20398623159146936,0.2193009325241498,0.13931655504481466,0.1648703257881747,0.12230189284021861,0.13630650515928844,0.1093389201405153,0.26834368675947545,0.09941850846283284,0.09829181339784773,0.25284650884966775,0.17945062071303242,0.10348356002379072,0.9288510821202173,0.15476682047547163,0.09564488710895078,0.11204064617229934,0.33964368098710773,0.31260956366206105,0.1314093369528006,0.2591871549496642,0.32242582271327613,0.1669727271409765,0.09571554490702933,0.25317431552489666,0.12308659059017021,0.10699172802941664,0.4025613354812271,0.16017964877426144,0.17959069205359138,0.13284490208897967,0.1152219394910243,0.14264966814573316,0.10166416022825484,0.13989033353871386,0.11999901251478562,0.210603082470728,0.21334607556352309,1.5116207299682918,0.11542366093426998,0.14198047145193518,0.12529642477534025
Croatia,0.05670403569135549,0.4952634827583432,0.08070522944897535,0.46889829584853826,0.22848454155197806,0.21394891280265274,0.06261087661724468,0.21126323104037598,0.11950676942259708,0.05372140480338469,0.5549770979643844,0.3543011037507421,0.071619429500769,0.0854441193156047,0.2912059478747797,0.20446881324814198,0.15892800958205244,1.0,0.02785066307844372,0.16585812389537413,0.1562089439688189,0.07062317127398124,0.209725019580443,0.021304631320300305,0.0843899977615035,0.024795757304637123,0.26368769806474296,0.057183327995470545,0.2830500842019113,0.23523315318271865,0.09086111974855099,0.05792315712226148,0.6818464946959871,0.3733552797609241,0.08647713011050176,0.059187225524018366,0.11367742220887117,0.08959991689183441,0.057583045947444206,0.17000033700328843,0.3025647058087413,0.1330880088388561,0.0976519814653643,0.08607539992080698,0.04040643602691371,0.08084403116273228,0.21386204037360423,0.08417903377120378,0.0848265846755511,0.40232094250474604,0.054220359168397736,0.08704784482994826,0.9783854631227432,0.08347923200209856,0.09515130113104234,0.0647230033098774,0.4493725225177746,0.3252724270371938,0.11208044606751161,0.18936538645029347,0.3290998428414874,0.04595913223485992,0.08184308439065224,0.20289851699487813,0.036119817259105486,0.023461516591320952,0.5718934307879888,0.04117606150449199,0.3306372156254046,0.04550258506404303,0.07160811986222385,0.042651222873471756,0.0542966163562269,0.1357157446629038,0.038100063022438346,0.05733882977708965,0.35429312380441214,1.4140398479406675,0.039012302666164095,0.02718851723774507,0.042209220348347454
Czech Republic,0.049134475783599474,0.52226211112405,0.0680629784821388,0.510558329224077,0.22561741755025527,0.21023941029593632,0.0809649950892456,0.23466203524551993,0.14090354484784073,0.05813802719216282,0.5532100317164133,0.39367355194139153,0.07137566081791444,0.08500651823994473,0.33097633474886656,0.20371623970206007,0.13592165139677376,0.02785066307844372,1.0,0.13692801296707738,0.17417071872606735,0.06375861954923559,0.19376186436422588,0.02072023561407818,0.08909205174244653,0.01708717049307118,0.29517153982025224,0.07134339133843876,0.2952275518652214,0.27011338860156947,0.10041806965994993,0.04341555465960825,0.6884546404880898,0.40928511894945563,0.08360637770792628,0.05947557266118472,0.12472829145037581,0.08040928808001505,0.06389608383111534,0.16798393148893045,0.3362334088576625,0.12212446517162628,0.08804166241662076,0.08985139527661837,0.046556000713767975,0.06386186139110625,0.21281067952221983,0.0873977979206707,0.09962773910476927,0.43837943533608636,0.054189218105641146,0.10334563320406293,0.9979860263588012,0.08105637358988693,0.08517251367317966,0.0339369608854809,0.4671503283669117,0.2944739952815809,0.13346366034955548,0.18790640203015135,0.36856925826839176,0.04974266445107903,0.07667216072727129,0.18794308671860208,0.038626173331481356,0.03018809330361208,0.5628805165349753,0.04336897842938864,0.36109747028857014,0.0437865379922702,0.053081355595725854,0.039617405292446256,0.06606483923950948,0.15029438762333738,0.0461514951188384,0.07668958024102901,0.4043084575709518,1.3953841403623235,0.07860318008842967,0.03506137262069334,0.05314806042104883
Denmark,0.1365967588792978,0.48038628897831537,0.13145679005690739,0.40452641658370164,0.2367437002674663,0.22863315936766712,0.14616079098952006,0.2827958897954158,0.1723177001240902,0.12542591452768995,0.5004225039050368,0.42755822850280867,0.12634338347860782,0.10370147595182899,0.27254659328094355,0.1796370026477082,0.10649969705207682,0.16585812389537413,0.13692801296707738,1.0,0.20064401265674034,0.10798815004100634,0.23133673523506484,0.15216574684628556,0.19221776564295767,0.15214875574860043,0.2318074199723977,0.15812023822100912,0.2476800231333186,0.24803543973918157,0.1665745676067348,0.13639635667567562,0.7295137997017878,0.29610216634613024,0.11013526669829055,0.15859622724878356,0.1262886933485765,0.16720490057339635,0.13085697819339023,0.20960786715585472,0.2856026941167889,0.13184588591368085,0.11561381218543665,0.11057724051223222,0.15684914820394985,0.09054593568357738,0.19110609877326484,0.14505732206691968,0.15235952601110148,0.3814727986894988,0.15378044462318213,0.1400721032395687,1.04124711244453,0.15322364541493871,0.13826013585306962,0.12114541569194737,0.38639380493589254,0.2475391452756156,0.18573580397963638,0.23796973990379616,0.3862698397643847,0.15798393918495687,0.10969118609144013,0.16188154037981406,0.14115358559117833,0.14783030282208576,0.48159908798983475,0.14540701237675804,0.28834646276119136,0.13105996193109856,0.09865915712921555,0.12629646668152522,0.15003111840487737,0.1737571917171034,0.13641692342219916,0.19258340211937783,0.2798165510738238,1.4503886503218157,0.16726970313696035,0.14837131637935017,0.15157564035811136
Ecuador,0.2122421030795771,0.6529659111189894,0.21117195345362508,0.5951477300694953,0.3378243300785909,0.35292647513791886,0.20706206840866434,0.19180224654348693,0.15979135056912783,0.14870545251803743,0.5873047761732105,0.29776750499584304,0.16538926463009704,0.19383790441340043,0.33969510581924867,0.24618571133542722,0.2231873011485334,0.1562089439688189,0.17417071872606735,0.20064401265674034,1.0,0.1815275635628525,0.172392245925789,0.1527898892393174,0.14244968451264997,0.1672789119331161,0.3240299947128622,0.15732332437325303,0.3289409984460757,0.16572208355841303,0.11537180849470377,0.20440202021302023,0.8407560111282678,0.4173674332867028,0.21153025765289687,0.1896755490840141,0.16851925757781888,0.21490377279731568,0.18400233787689907,0.2482832148479654,0.2743530081380887,0.22575564439307566,0.17366410964830578,0.1769109303053614,0.13561505565544565,0.1750163932496975,0.2064844867318868,0.23412062644876291,0.2402282310397149,0.3992154181833905,0.1517570668549146,0.20978198384979302,0.9402017044847415,0.1487704143461975,0.21534832419113042,0.2011656629665685,0.42465196077768874,0.288549155272362,0.1581811476134741,0.19088729827260276,0.2945922264045313,0.1455200671152418,0.2324908640375153,0.18040855076543055,0.19564856457572483,0.18236929254685527,0.5998469450974593,0.16156229620229365,0.3408984373177175,0.1630942724392913,0.21024041410887753,0.1804424398005196,0.21811864925441266,0.19541866903499777,0.17428815996305635,0.12270946746707684,0.36794712840712307,1.4124727555657355,0.20431699690433758,0.17405237221844638,0.16649631067870285
"Egypt, Arab Rep.",0.10197597742685932,0.5865786137770547,0.09139648537237563,0.5572805532592007,0.2633623992166054,0.2084552852681104,0.10736802907307413,0.24086941749259805,0.09957218883648436,0.06842183112065658,0.572442679961061,0.34419122184368356,0.10038618006693681,0.08561876024322881,0.3890220402020791,0.21485716439588334,0.16635336281420124,0.07062317127398124,0.06375861954923559,0.10798815004100634,0.1815275635628525,1.0,0.19772279002652918,0.06584701374695134,0.09221817112866013,0.06953546026403445,0.32841144125043337,0.061470408844048474,0.30360284633486007,0.27280625403737163,0.12071140822876758,0.08569672853009502,0.7642351578811856,0.4510892515181638,0.11736630174328422,0.0955431283218818,0.09909688695103808,0.11847483994849875,0.08291722757170361,0.17998046505727996,0.3396717411297723,0.12975253503354367,0.07604049692559525,0.06809019418178439,0.06071369654960623,0.07569277837694402,0.1636728438582938,0.11433897408110899,0.14590155731296778,0.4577719336436342,0.0431003798603547,0.15296679363509852,1.0208480434908689,0.061729354361704014,0.13070591806213755,0.08302418746947274,0.46121118220176927,0.26302638102669196,0.14819472754912583,0.16558446918937145,0.34061249288003037,0.04774950819881904,0.10189936047558121,0.13142066964068602,0.08460212999248723,0.08889512514801312,0.6022103254185858,0.042519519245214826,0.3407398823226385,0.057559087978476337,0.07154805926364793,0.05314311756901022,0.13309876019637898,0.1802573361111655,0.08154310596157782,0.08472123445174148,0.42562272612533136,1.37467634547809,0.1400876871746818,0.07614781611173019,0.07398325216109247
El Salvador,0.19942276888538707,0.6495624868295999,0.20282318174695171,0.48632157472015475,0.2749163009059126,0.27947789299848536,0.1977152706852718,0.2135827053515775,0.14765967362585097,0.22001281568104997,0.5909614561796822,0.3163160101741749,0.19635560837521576,0.1930409530367012,0.30732086426079985,0.2267118830612238,0.226817987311232,0.209725019580443,0.19376186436422588,0.23133673523506484,0.172392245925789,0.19772279002652918,1.0,0.19514149939565723,0.1673427630144108,0.20004790721572832,0.2816118209276703,0.21971299812515016,0.2823799636974077,0.28202842006407425,0.15386876746598221,0.19990745875480723,0.733683473856811,0.3730648565780307,0.21845636937403917,0.2184161018629166,0.20985967533964348,0.23531207407233257,0.1906457197152431,0.22957926185309163,0.3133540911943591,0.18972387562626547,0.19692848295056345,0.19471739366526505,0.18201907652710195,0.19424862888470049,0.2147456804424651,0.21135520012919753,0.20198084846234243,0.33516341822531537,0.17618505902483048,0.2011623852628242,1.036641981319146,0.180248233623083,0.210785923702217,0.19158954716579055,0.575045927096935,0.23560818838198858,0.18386174699001792,0.1378745618953445,0.36577971117129615,0.17915728031007674,0.1955626479535324,0.18856155464504262,0.19324869556751462,0.1961455277161502,0.6524368277806836,0.18895139449454257,0.28550434426358656,0.1934351879715657,0.17564290315202982,0.18481035393842768,0.20074040877067162,0.2340233542088306,0.18762597577090095,0.18283769482705564,0.33803561491347206,1.133670405060072,0.21081157655369342,0.19766209815133534,0.19584607454812264
Estonia,0.05049992086559707,0.5180615289706891,0.08155007426533559,0.4985876494133179,0.2161452529410066,0.2119092961784579,0.0705050243252143,0.21236073927932214,0.11198463284052163,0.056608079739639244,0.5748231910472105,0.35879612345865974,0.04913566111254006,0.08142937108986872,0.3314555913249636,0.19844527741075285,0.14675390522234696,0.021304631320300305,0.02072023561407818,0.15216574684628556,0.1527898892393174,0.06584701374695134,0.19514149939565723,1.0,0.07405219397418555,0.017910540241899947,0.27836579999592104,0.0637080779796492,0.2954331350297168,0.24991730860114683,0.09474415710279038,0.03983973912922242,0.6857058722624587,0.4015496925885256,0.08207048044440787,0.05716339121228692,0.12217412413084369,0.07417002522407434,0.06616578061868117,0.16136021132691053,0.3343272735999066,0.11881147772532152,0.09376327762513953,0.09025578596054126,0.04064174176359145,0.0715238557315111,0.18928853908871154,0.09303700396982625,0.0990590169310698,0.42029683425081554,0.048252913929658164,0.09566969667991024,0.9901928595485214,0.0870399557134931,0.0886630481000677,0.04233363491332218,0.47757253214614526,0.3113503037631348,0.11756941306921634,0.17354894246348487,0.32722498991123067,0.04842630131107256,0.08207589822106415,0.18739541966551987,0.03530755288303755,0.03640506154727685,0.5763863737332957,0.038098014731427626,0.34365787241905316,0.043355479052841206,0.058928320813118024,0.03163206042016478,0.06421029111803342,0.14044902742201365,0.04275663871340643,0.06539090095257832,0.3768254516881785,1.3971279228612323,0.058601195669795436,0.025197163865052524,0.043577890344858206
