Country Name,Albania,Angola,Australia,Azerbaijan,Bangladesh,Belarus,Belgium,Bolivia,Brazil,Bulgaria,Cambodia,Cameroon,Canada,Chile,China,Colombia,Costa Rica,Croatia,Czech Republic,Denmark,Ecuador,"Egypt, Arab Rep.",El Salvador,Estonia,Finland,France,Georgia,Germany,Ghana,Guatemala,Honduras,Hungary,India,Indonesia,Israel,Italy,Jamaica,Japan,Jordan,Kazakhstan,Kenya,"Korea, Rep.",Kyrgyz Republic,Latvia,Lithuania,Malaysia,Mexico,Mongolia,Morocco,Nepal,Netherlands,New Zealand,Nigeria,North Macedonia,Norway,Oman,Pakistan,Panama,Paraguay,Peru,Philippines,Poland,Portugal,Romania,Russian Federation,Saudi Arabia,Senegal,Slovak Republic,South Africa,Spain,Sri Lanka,Sweden,Switzerland,Tanzania,Thailand,Tunisia,Turkey,Ukraine,United Kingdom,United States,Uruguay
Albania,1.0,1.1536249824934308,1.186328587214981,1.1771726139597785,1.921901497866743,1.446421332578959,1.6017339684036733,1.9134131066642908,1.2408750840501275,0.8739080732695012,1.671754237009328,1.5988139366184773,1.7055473106971564,1.565156168130099,1.710325202313189,1.6085989418057016,1.0256306486971238,0.7679794658182796,0.7507432369620745,1.1849219482326658,1.7939091960777813,0.7496170364703322,1.0552184003725107,0.9223185967010036,1.3239560390950726,1.5731239684906413,1.2646088392109633,1.4026662395177851,1.5124298370609028,0.7075946541684593,1.0508752403410595,1.1465779097635658,1.2237971954285225,1.897903265594578,1.4960817975930973,0.5081556043106874,0.7969582443767678,1.2357381297583123,0.8731508816740129,1.1020516794715303,1.7867015374315245,1.014796172974794,1.8897852547202696,0.7732210898605135,1.100507740790901,1.7829040470966853,1.641607639069096,1.413837542809106,1.524032914755138,1.795237952286899,1.1290298695556455,1.3480158970230125,0.8118216489296177,1.9174503988443259,1.846012538412895,1.7063201308649445,0.9137307713088763,1.8853276506774526,1.6060509060500794,1.7267821705494035,1.8643466173751657,1.2739018090844143,0.6904127080103466,1.2155023805682885,1.611474923776138,1.7569523633272657,1.750776572743599,0.7523773470092284,1.4264455245379706,0.5086113383566138,1.7971699288219907,1.7710089128534385,0.9658965268861706,1.7303235353594397,1.1813512602753693,1.1602027942002215,1.732641983491941,0.8862328516045972,1.4169813446462376,1.1420906342227612,1.466748096832438
Angola,1.1536249824934308,1.0,1.3090731892155676,1.3693728177794122,1.6890800848108454,1.4011178747653719,1.7008814604564186,1.553203894262788,1.3289777973073849,1.3434335958242818,1.5268047199545924,1.5133598333052802,1.6635717864984427,1.4684131945519718,1.4681193513590105,1.5316001778129087,1.4707722722870693,1.3553484288125202,1.3377675741800215,1.63433112058252,1.5059857832636219,1.2659202418111053,1.7502590290549098,1.6259250831585277,1.7757923124418202,1.774750045983574,1.7161691712801228,1.6018632886053281,1.4301124595396417,1.4603307146833413,1.545605903522834,1.5022418018956578,1.4203980497537803,1.5380183824301883,1.7225981640849926,1.364112778079321,1.5111838283924823,1.5358560770689522,1.2490265585462457,1.4380175999755669,1.5534926181878612,1.662164153835868,1.5813484121741699,1.5361625189195065,1.68653343973302,1.7370400836735778,1.473126804214226,1.6032483216073898,1.4588871826794012,1.5784986135308476,1.2651487160849226,1.6697539108904347,1.2595639011606563,1.5722218879548033,1.6332385523824988,1.5163230658583184,1.3729841495036215,1.6024090962947355,1.6972602736022229,1.5211426803844241,1.6519301752044806,1.4627105983179567,1.2396408777372045,1.3928527293463846,1.7036408717720546,1.2699477488375366,1.7173471162422296,1.4499902296445735,1.390921533301464,1.3404264337835257,1.6859892266821181,1.777217355765231,1.2288576600701018,1.5732212534848455,1.7103700425617345,1.295369088248579,1.76857939123759,1.5569305341417818,1.6829751421969354,1.6167593501217588,1.4032584298743935
Australia,1.186328587214981,1.3090731892155676,1.0,1.3942199224196812,1.497393738665758,0.7599846261681238,1.2702801922452094,1.5655856926359526,0.878506668569378,0.8681762633444314,1.587234754687601,1.6066216589359383,0.9531206199650919,1.1483821781638468,1.0996368997777815,0.9822634388842404,1.0363187490333627,1.1819978553570145,1.4380822943945264,1.4122024639377193,1.3222005301371553,1.2016163381429488,1.2040089911918477,1.2678519340098904,1.348754048003626,1.299770617033538,1.549470243072867,1.6645500989178543,1.5597923702493939,1.3768785038791322,1.1927833774325183,1.5607777169072419,0.712259787698519,1.3485014605729722,1.6898598505460036,1.3267663020943705,1.4775264336788536,1.6243148014185484,0.7679627777899795,1.2388652197831693,1.216077509837912,1.3072529902347099,1.344373510883912,1.0675585418345392,1.1306408555132832,1.6464907786312182,1.0192248445736556,0.9209206269783186,0.9436823824724996,1.390876157616875,1.5494286005206956,1.5160959401313059,1.5416204080783107,1.4032552079903984,1.2594397067810459,1.1998646891838702,1.2829016666534379,1.2439512001586226,1.1142947749359466,1.088450253577561,1.7485881271373485,1.0795496666166204,1.5171414394642315,0.8397018740712051,1.270268651840878,1.2651222951152812,1.6895779874036412,1.5209292129307803,0.6693620122008599,1.287549401734805,1.1699874021025054,1.6021301154769867,1.3544401028327686,1.0838514339201046,0.9260517597014107,1.265565892171311,1.1081656599678515,1.2776048621998344,1.6895260288745073,1.453076132552341,0.6283840909358414
Azerbaijan,1.1771726139597785,1.3693728177794122,1.3942199224196812,1.0,1.6312861623319215,1.690973188217044,1.7362417330543094,1.795258528834065,1.6326748508266393,1.4698163843148708,1.3685589122872333,1.4471005969060304,1.6633363865336266,1.712310292317799,1.564593035958558,1.570587363393397,1.6113782131684165,1.1138094992996153,1.2833711091138411,1.3626900900343302,1.8155026594996677,1.555926602617623,1.3078240637219953,1.0094204899376997,1.5612249884213134,1.71202240633562,1.063706159335158,1.6197507782712517,0.9823161513106431,0.904308780734091,1.358667909757292,1.1163434046621956,1.5199539474469685,1.6749891255167817,1.5949118378286127,1.231536352911761,0.9590853654746586,1.267187558832593,1.43055652754101,1.3427204762005123,1.7353158621093743,1.3516771413875603,1.805059411537634,1.1647463327666925,1.2874891917477875,1.4657365985349045,1.7447772844843006,1.5920260763945357,1.687056631480262,1.7395092883446275,1.5319882443292898,0.8955702086589578,1.0974969042851226,1.7184848920989217,1.7643813761480678,1.5296074641515496,1.4311641038500018,1.7508497595791053,1.5360082633254426,1.798862709514931,1.4285523908386413,1.726241492785656,1.2729502214286021,1.6304637428606636,1.6549466765732639,1.7438916060855691,1.4581581186785622,1.2252142230402585,1.6246604969721417,1.125417924749387,1.6805865444380867,1.6960885973282973,1.6838903326179444,1.7011383665489024,1.3226758854486609,1.6562665318437344,1.5880157019119086,1.359955616235696,1.213283138064157,1.0597366011522087,1.6041701608579158
Bangladesh,1.921901497866743,1.6890800848108454,1.497393738665758,1.6312861623319215,1.0,1.2469929778351045,0.999414200142825,0.6604394500186153,1.5900845361486766,1.5802254422945474,0.9401237851883996,1.0370345556073024,0.8090297343710857,1.225565075567466,0.8365485437346848,0.8621283551161919,1.6487162415091137,1.6745066367557715,1.8751978846051593,1.4953975953568104,0.8017169388964831,1.7879433932658988,1.5847980105540578,1.691610846807974,1.3165572005177297,1.020445925171835,1.5123628536281386,1.58533256059877,1.4008255116838835,1.8639729971850278,1.5983960418338614,1.687527919122643,1.3528590970267735,0.5030201627689098,1.4238285543950182,1.884947065313253,1.7677605367320897,1.6720944204082762,1.6363515637209851,1.4205880371515056,0.8785525757464011,1.6646100596239068,0.527718329449683,1.6945095777823769,1.5220780339729139,1.2067145721586647,1.02138483713196,1.2848919202091866,1.0223754361930253,0.713783137371885,1.6531723055924852,1.3948240840191026,1.9076781888606589,0.4001547261870814,0.5138005308735845,0.7388811729128852,1.6595926702691277,0.6990384376508715,0.9998665932491425,0.9657173077262778,0.6759690976285204,1.5309466603631054,1.9327363909598176,1.3717453274523925,1.0162552819167434,0.8601391491641824,0.8531844200273123,1.8293420315692486,1.1703564186941227,1.8745580257499945,0.8509465036335949,0.7974096767182915,1.684358232962453,0.6589466180928031,1.4291444683047343,1.725671855426451,0.7314814757969831,1.6502029877206372,1.4624914304028769,1.6745318967690768,1.200265091435063
Belarus,1.446421332578959,1.4011178747653719,0.7599846261681238,1.690973188217044,1.2469929778351045,1.0,1.1856982109290506,1.279094785403972,0.69989250169542,1.0979612265286738,1.5943084480233323,1.449811598749755,0.6988326157953393,0.9962490922461519,0.6725335602215172,0.8176856924524587,1.1783389009431406,1.4694457793176048,1.676676702882342,1.6429155374764168,0.8327033154614399,1.3092708146981946,1.4222804161020213,1.6019742778149328,1.4214660478347831,1.2189981351096757,1.7884446500898987,1.6402365004312487,1.7671936405160884,1.6846718066216846,1.4535701699949846,1.7916928909690046,0.6248353882593803,0.9794476099157978,1.7162634800429788,1.5166932212593836,1.7393636275479643,1.8440695774706677,0.9200429940617191,1.358429250655681,0.8219720546060187,1.4005609034602695,1.0346788739937318,1.425231775852684,1.3820143356736552,1.631191505809156,0.9495944175192123,0.7032951267848649,0.5775078782314301,0.9969635005124906,1.6517949031742614,1.7553410517524026,1.7822204113094378,1.1449914667924863,0.955886398699765,1.1400620204844245,1.5120995529803383,0.9820053002590088,0.7928945599678896,0.7390533009885064,1.5288730002598168,1.1267237399437333,1.6934639251190948,0.7123589861145879,1.0148421344557044,0.926451831442033,1.6325428645027364,1.7086670580488108,0.5843472841527222,1.5915986193531326,0.9457949127021917,1.429182014524832,1.335899213557545,0.7310997879596957,1.0814947808894262,1.1387404632089415,0.9573492396875021,1.4858531368907277,1.846400479360622,1.78100323605862,0.5090562925603813
Belgium,1.6017339684036733,1.7008814604564186,1.2702801922452094,1.7362417330543094,0.999414200142825,1.1856982109290506,1.0,1.0778356585032534,1.3978954215790054,1.1374165599942365,1.3706507702791917,1.2596167816978323,0.9289235119952428,1.1957060181446233,1.2423422613192705,1.010320973423573,1.0922855737326072,1.3651585041565009,1.4227257631659636,1.0571077902540365,1.1641850888257244,1.254154685884824,1.0974869898816206,1.4371016177165445,0.6665009488654187,0.39522130002083045,1.2734574143566657,1.2008130287197796,1.5469627215140211,1.6381408455706834,0.9630636082654277,1.3973321731878838,1.15203571727913,1.1511046461724848,1.1385598360046623,1.459268845702189,1.541188591347434,1.3747404075512875,1.2519565807567505,1.3487421520403233,1.125502319378057,1.1122461371834234,0.9885548107817235,1.3021034880516305,1.0878312450600338,1.3727467450573572,0.7204719855700352,1.2094856504730012,0.9569201786467222,0.95360441532734,1.2238544661358712,1.3261484590660892,1.658842076491533,0.9608595950638664,0.8550207016828447,0.9646441130133232,1.2028785451308839,0.9209706122419178,1.054213834715827,1.0220313347012056,1.2569581946142427,0.839714833671011,1.5599984954498172,1.0685853256259292,0.9320857670067486,1.1663589007959643,1.0502193929498207,1.433444854491663,1.0199173847614342,1.4656331664299882,1.0556238382269105,0.666424519666353,1.322771021766073,0.9185100332286612,1.164007812027851,1.4589972253223409,0.7935022108602998,1.1374647295222824,1.3096150781508613,1.385960668578673,1.143375434397739
Bolivia,1.9134131066642908,1.553203894262788,1.5655856926359526,1.795258528834065,0.6604394500186153,1.279094785403972,1.0778356585032534,1.0,1.4664833790323475,1.6742697365958605,1.168310544972562,1.0977024455439641,0.9963367936002013,1.0766398563601176,1.0668252899556288,1.1115272943919556,1.5631041726215742,1.8083658813854195,1.8139776776600902,1.5809823842003334,0.6888040634595641,1.71455676755031,1.7020432406393118,1.8241366994277963,1.4173751705050035,1.1186592487897442,1.6473886611396265,1.3592348740580324,1.496772139669554,1.915947380538304,1.646768552849588,1.7003646349140946,1.5251466276713974,0.6954562946625638,1.306418737577205,1.869174063225212,1.8473919741077525,1.5945898023106964,1.6797232709858179,1.6439794486591142,0.8753467415860554,1.6748181376963933,0.5918872184754495,1.829192633579108,1.6437965315414071,1.0809032591969294,1.0410641860871144,1.355373139582235,1.1574737091004494,0.8896717202743172,1.569603442097599,1.6234813898380835,1.8491860354468141,0.49211309506184436,0.697412253352319,1.039080779750825,1.7168653486527425,0.6393844244904582,1.189844329829842,0.8476443922255041,0.9017577724557561,1.4035124967459354,1.8297757393930347,1.451515014431364,1.1256507890208682,0.831789858962756,1.083539690333602,1.7848521074087913,1.2646480244083134,1.902966872762245,0.9026411635620017,0.8722072258498286,1.504130210470944,0.9190176508146539,1.6030720439711292,1.568172668234915,0.9519284195926494,1.7215106369611048,1.4785173184202056,1.715893802126331,1.2786224153248593
Brazil,1.2408750840501275,1.3289777973073849,0.878506668569378,1.6326748508266393,1.5900845361486766,0.69989250169542,1.3978954215790054,1.4664833790323475,1.0,1.2075485929403353,1.8341195871142044,1.5789633815949566,1.091792141445744,0.8521212811737283,1.1358862023575034,1.264214820406182,0.9852394095222503,1.526115049981573,1.4216845124269972,1.6449638372507143,1.082719543308306,1.2095373483698282,1.3196192010594843,1.475325772791212,1.4768997314247312,1.383845308514432,1.6906242090880057,1.4028484565529622,1.7207238702119023,1.4404398377562664,1.366064359107541,1.6544013382136575,0.9923591508470562,1.3427465957974216,1.5223953526331755,1.347481297819747,1.6128400159239658,1.624114703984632,1.0329718257676408,1.5281177426810193,1.0256350146658104,1.3066953308265254,1.3395803884169626,1.3375622016969624,1.3381779221135384,1.490386247085689,1.2361618949956719,0.7536961608975957,1.0287930880569394,1.432498974996649,1.5643567797283005,1.777172527569629,1.5535095549108053,1.4657147065391996,1.3449361538645235,1.4732653492271197,1.5419556149046176,1.215064992269704,1.105947386811879,0.9092491345115352,1.7257327914470724,1.0500987639165416,1.4360434956949977,0.917507967092229,1.1183587946464197,1.299646113417051,1.7520372076175683,1.480201490946089,0.9450315747696982,1.4545252553164494,1.1057357219735517,1.6125699903684994,1.2020043444684174,1.2279412576368234,1.065104380943159,0.7027624251656464,1.3276964988307904,1.4394748666058022,1.7726186656420817,1.6227542748462118,0.7745207835055014
Bulgaria,0.8739080732695012,1.3434335958242818,0.8681762633444314,1.4698163843148708,1.5802254422945474,1.0979612265286738,1.1374165599942365,1.6742697365958605,1.2075485929403353,1.0,1.411086648292486,1.4333139044577314,1.2429719150720402,1.4049854136652857,1.4176751145722133,1.0978762675081357,0.7356414019765221,0.6314703594859472,1.0478812835740126,0.9429703336760334,1.5225537707424113,0.7662671455046827,0.8982046171031486,0.994056196149184,1.037257097402766,1.0760295490254534,1.3035896032567806,1.5083680077854837,1.6152422797177122,1.1586499209673498,0.8141217064280014,1.2984588308429232,0.8412975539116184,1.6027343014137776,1.5565279012131676,0.9385681773103723,1.0858609967951722,1.4098404986837993,0.7339211580008088,0.7965840158874984,1.4715382015849756,1.0769674495583428,1.486137648894334,0.6795562637504472,0.8184020775673448,1.8173179465215386,1.2071559583699134,1.2618040546239297,1.0499140935518139,1.4091237855452659,1.1335680350673514,1.3001694967891189,1.3316777708571614,1.5493899189895544,1.384763034249649,1.2194426137874927,0.6984068416944405,1.5113209120304572,1.2822444158132802,1.3535564201997103,1.7490634257409963,0.9640030984637954,1.208503119466591,0.6771353449226383,1.2687434673451143,1.4036137627777707,1.5042461920176102,1.1347790924031849,0.871684470171482,0.859199551406332,1.5423960454728245,1.4030128671785014,1.099776951761574,1.2282820903559752,1.0570531390874813,1.3177663039472045,1.3020958003152994,0.8028209778187848,1.4155152405541882,1.2855807571420725,1.0716342171888262
Cambodia,1.671754237009328,1.5268047199545924,1.587234754687601,1.3685589122872333,0.9401237851883996,1.5943084480233323,1.3706507702791917,1.168310544972562,1.8341195871142044,1.411086648292486,1.0,1.174465956958279,1.31181238888548,1.6416617121060662,1.363143837317185,1.144356558645858,1.633170266666443,1.3095938906398885,1.5986874938743107,1.1858874662322125,1.4020667536785527,1.6769320301978201,1.4952500397349426,1.3660500497966994,1.4180464499012178,1.28309054595744,1.2860718425880349,1.6019668220179344,1.1599438482295583,1.5334336984799135,1.5372228952958402,1.3853626395241734,1.5306085748956815,1.1926922042289658,1.4776812929828687,1.6635239163664728,1.3412381389869426,1.4101412588918882,1.6718206299264011,1.0526499645354879,1.364915271710065,1.6966189050257787,1.1213947749876423,1.4468300561524825,1.4011028808479244,1.4146153734236362,1.4432713125091787,1.6809103763191842,1.4551223831951798,1.1978308320275721,1.4272580626915998,1.0735600965256415,1.558616034232037,1.107854689684697,1.1277487407319953,1.0268580346336216,1.3097956521082323,1.318074308797616,1.402874125939985,1.4642511658074209,1.0941471537174974,1.649752110973671,1.6788841794054374,1.51015929815943,1.4614289047351057,1.2173617921940205,0.9369140729041555,1.5856372200342885,1.4200158712391362,1.5410750959056505,1.4680851724917048,1.0840545497734837,1.5856299799560247,1.1929023613326277,1.6260882662708396,1.8608839125986665,1.2378863646272067,1.4966514720217083,1.1200588484657659,1.3703208939800906,1.5290928368812178
Cameroon,1.5988139366184773,1.5133598333052802,1.6066216589359383,1.4471005969060304,1.0370345556073024,1.449811598749755,1.2596167816978323,1.0977024455439641,1.5789633815949566,1.4333139044577314,1.174465956958279,1.0,1.3179308376773469,1.3268092848781554,1.2281451973810809,1.1793223110573137,1.4674048032624976,1.4049772992969616,1.609466660900479,1.3615992402746706,1.154623170808122,1.5659107693243959,1.5118372331685983,1.5479699772967608,1.3412953142154367,1.243794326605974,1.3387181881568238,1.5259926547014226,1.352888254170533,1.6087262156347415,1.4245716615591375,1.461831051113639,1.502669361046174,1.1923134788227783,1.444298807631616,1.5962890073231564,1.4523042130850705,1.5038132057362006,1.5590533496291483,1.3489634589733812,1.3208650351014481,1.5681522443464053,1.153538301609213,1.5461527816483491,1.4291291320576045,1.435361429980951,1.4468446181105867,1.5169923961227363,1.1674564579252653,1.2199290661273,1.551756656651939,1.2644360298352644,1.6825378864308125,1.023943568172629,1.137915586077591,1.069693751100415,1.5305865709332347,1.2598041954330261,1.3142367529371273,1.2863529027960858,0.8156616280434772,1.599797318864062,1.6233422313448813,1.3638352311437438,1.1409490659311954,1.240699037720995,0.9698883991098918,1.4791724602221032,1.333951637868073,1.6044308894786696,1.4505088235551966,1.0816306038599155,1.5962392464818282,1.1252201479338488,1.4730798462487984,1.6557154509218477,1.2712337032936953,1.4473317732726734,1.3084971086546031,1.58072084104756,1.4185275260561239
Canada,1.7055473106971564,1.6635717864984427,0.9531206199650919,1.6633363865336266,0.8090297343710857,0.6988326157953393,0.9289235119952428,0.9963367936002013,1.091792141445744,1.2429719150720402,1.31181238888548,1.3179308376773469,1.0,0.9636708709815174,0.6497916998806782,0.5081518616664091,1.2928342174739575,1.5599355625397424,1.771022223373708,1.4893767065816572,0.729162916860738,1.58920869252471,1.353678502640838,1.5303702270352633,1.2622164621222187,0.9022426285719256,1.569165761912284,1.630596367387913,1.5798528997196657,1.7332460616050196,1.4136417927806886,1.749430919216865,0.8707382042740316,0.7076533721928795,1.5412957790045836,1.7259096435264576,1.7344571532711253,1.7384913154113764,1.2263893237889563,1.3018408007155269,0.5663360271572652,1.4748641976548353,0.6669486453985582,1.419676951456838,1.2505133785328484,1.3504294103171648,0.8098268531571924,0.8562387900688365,0.6876485611061498,0.8786276362471833,1.6871255911329948,1.519522821455005,1.9111607751443769,0.7755188614046027,0.5295625016723431,0.7909784858178845,1.5822982524925087,0.6331216433763477,0.6621163481490007,0.5944004506104384,1.2842229537031313,1.2143582484236972,1.8819186710309086,0.9109225146659148,0.7933304511936516,0.8451293708036547,1.2961191946173007,1.7585673190365103,0.6150488202096386,1.730132163928948,0.5701756858000357,1.075942324331226,1.525261163075384,0.43433769650803006,1.0413572121947385,1.4746156623651026,0.45243325253250527,1.510386087141509,1.6251752367206922,1.6436812089840869,0.5695773224993971
Chile,1.565156168130099,1.4684131945519718,1.1483821781638468,1.712310292317799,1.225565075567466,0.9962490922461519,1.1957060181446233,1.0766398563601176,0.8521212811737283,1.4049854136652857,1.6416617121060662,1.3268092848781554,0.9636708709815174,1.0,1.0786161968975583,1.1693735580644244,1.1540838334436323,1.658066045782908,1.616788762624222,1.6205704900850453,0.7887789301970509,1.4666656145786214,1.41253131300444,1.6245204858443931,1.3897532541066198,1.224698700660309,1.6207285156060032,1.4043570752402172,1.607429358092182,1.6781826775080795,1.413621382227922,1.7157718986045525,1.3145308457739486,1.0430417684679585,1.3874241542669046,1.6471805325305326,1.75272584181099,1.578449785953728,1.3997891730584537,1.6359422371628596,0.9614396029536819,1.475449107711525,1.0091433410125328,1.5441484019151872,1.4244625887302311,1.2440606479442604,1.0535996983338167,0.8655220732089701,0.9486385352979083,1.296678977673405,1.59282699687903,1.7184434038278842,1.7474707916804397,1.0816412923002503,1.1044890514354495,1.203933236099777,1.6381282909762378,0.87009228693827,1.0915539358457362,0.624352477770031,1.3673450511123173,1.2671934464380528,1.669498074283138,1.1032830904154234,0.8718941194310144,1.156241700117423,1.3960077550603702,1.597663211908464,0.9807142898504528,1.7093606846338947,0.8758493571621969,1.3241337034422407,1.3772533069362842,1.046972053208943,1.0959638778459782,1.08405732410846,1.1536083780756936,1.5038812485803836,1.674448584701479,1.6618037228290725,0.8404946010432026
China,1.710325202313189,1.4681193513590105,1.0996368997777815,1.564593035958558,0.8365485437346848,0.6725335602215172,1.2423422613192705,1.0668252899556288,1.1358862023575034,1.4176751145722133,1.363143837317185,1.2281451973810809,0.6497916998806782,1.0786161968975583,1.0,0.6714398772635211,1.5622172037896225,1.6202265798652347,1.9061553912680462,1.764144059562838,0.6656088532805886,1.6602264097683443,1.6218198012240286,1.729694815601622,1.5329962153195702,1.3000427145720557,1.7662402811200846,1.7945093788495836,1.6324133532113068,1.8306311436927667,1.6580283037533152,1.8768777217366612,0.8842639673611522,0.5117768013582625,1.7601104335494548,1.7680521311600839,1.8409427918794905,1.9367037912899154,1.261562876084584,1.413413083713059,0.7311688771441095,1.6164382595758662,0.8302755064566831,1.6372659136797778,1.5540276810149551,1.533822165659044,1.0183550628808116,0.8774270960752621,0.642415706028568,0.832868078913838,1.8120601387714328,1.6653635846166919,1.9306679866392704,0.8307576421602784,0.7698353148468186,0.925457080830628,1.742564475603379,0.8514182343271369,0.6984264899642245,0.8132373141121116,1.1117796347023456,1.485129531548986,1.9146945054773463,1.0389609284377788,0.9899983693278694,0.7531389921937194,1.4109546714200465,1.8781197046073226,0.8275769749676618,1.8201859527539435,0.8167868829762972,1.3179744280330823,1.591459330008315,0.5301510344789976,1.2300552811330254,1.4641941521140607,0.8366266610762568,1.6796411388155257,1.8378713757267808,1.875332892603002,0.7425883339149606
Colombia,1.6085989418057016,1.5316001778129087,0.9822634388842404,1.570587363393397,0.8621283551161919,0.8176856924524587,1.010320973423573,1.1115272943919556,1.264214820406182,1.0978762675081357,1.144356558645858,1.1793223110573137,0.5081518616664091,1.1693735580644244,0.6714398772635211,1.0,1.3169776103376922,1.375183090075198,1.7367494710163827,1.436248188780845,0.8996734741717287,1.5414186431698063,1.3968880453423946,1.4973539925389483,1.3232303842171769,1.0023144176927472,1.5289024018164326,1.774398176804587,1.5646442170102954,1.692765415687073,1.398989682431023,1.7528351005189853,0.7906663178862301,0.8059931785184826,1.6967385599643134,1.6516969133540735,1.6459520629516882,1.7937123267751776,1.1322014635585689,1.0405759623891326,0.8154751635029103,1.5266805117450886,0.8219007206076119,1.3512684400893873,1.2034116186649035,1.5575004987067986,0.895430808130323,1.0973950424945873,0.6776509168567237,0.9497299912216632,1.6100334522162911,1.447362624311825,1.894389028528567,0.8573136437703829,0.6445190292312212,0.6490245540634082,1.494486138732868,0.9113632092473702,0.7195694361202017,0.8226614981871984,1.2685563814727983,1.3140185588181283,1.8604639545332853,0.8049247798528795,0.9010536140094415,0.7243690314729184,1.336953071955048,1.6922752367136906,0.5647343106354494,1.6389386568939732,0.9643889546823143,1.1067313012330777,1.504716386600982,0.4849855740072968,1.1765998450025796,1.634320929108571,0.6439488972923461,1.4248366449250127,1.609987676358925,1.673500439356027,0.6801074296508297
Costa Rica,1.0256306486971238,1.4707722722870693,1.0363187490333627,1.6113782131684165,1.6487162415091137,1.1783389009431406,1.0922855737326072,1.5631041726215742,0.9852394095222503,0.7356414019765221,1.633170266666443,1.4674048032624976,1.2928342174739575,1.1540838334436323,1.5622172037896225,1.3169776103376922,1.0,1.014048996457548,0.8873921409917818,0.9454386648290283,1.4617206712571114,0.7416758429511431,0.7697240782030624,1.021359172730786,0.9791340689563038,0.9850002138330829,1.234004154244069,1.1300364145886224,1.6768156739881752,1.1360317249123997,0.6736235514792384,1.2756109948626377,1.1652703476621962,1.650403935703621,1.2603303611450745,0.9497402543719071,1.1885847462102344,1.212868067803797,1.0610075547937363,1.2077880039300968,1.416086424937298,0.9409959366284603,1.4613418982758075,0.8477992054077786,0.7484040507569895,1.5069639089373774,1.1620596803072396,1.2221617417026287,1.165405973099056,1.533017046453254,1.0243019767665489,1.413227360906027,1.3168903450384828,1.5369276806042875,1.4003175703275568,1.3295093813254466,0.947581471131706,1.3768526538482835,1.3374342419729388,1.16833238720123,1.7578273813473537,0.6678013216682318,1.1131045599619867,0.7847791720613214,1.0713048051235277,1.4740676309439924,1.5179981485768637,1.0255404913338095,1.0148585019475098,0.9840307765824363,1.4455179620996885,1.2871238824394742,1.1166459886087885,1.379114330828864,1.127710298916581,1.045667146946255,1.3446938247816895,0.759106349282034,1.2924707045966524,1.21621250848437,1.130953431315055
Croatia,0.7679794658182796,1.3553484288125202,1.1819978553570145,1.1138094992996153,1.6745066367557715,1.4694457793176048,1.3651585041565009,1.8083658813854195,1.526115049981573,0.6314703594859472,1.3095938906398885,1.4049772992969616,1.5599355625397424,1.658066045782908,1.6202265798652347,1.375183090075198,1.014048996457548,1.0,0.8817238197699084,0.8209905501210469,1.778417096604849,0.8375272425760916,0.8615841400488303,0.7751221146795784,1.095079219058497,1.300382484401438,1.0817587785751954,1.4826316823657741,1.4727493294442795,0.891793739939029,0.8072659583828942,1.0401574919544454,1.1835739411698,1.7707108126467717,1.5563119938751857,0.7169482293308318,0.7260485631991491,1.2484397450547975,1.0186497522912277,0.8591899667651004,1.769460609146926,0.9946084180002839,1.728273467309924,0.6491071447321803,0.8344991258342725,1.8025425189380915,1.479437839322208,1.5087322167977277,1.3685090191275138,1.568234446455828,1.0562011890464584,1.0154287102033412,1.055967334219871,1.7051367609805361,1.6340532141827604,1.3649289447573831,0.6264149635623917,1.7376173257115533,1.4616116040842917,1.6710424081862922,1.650603428351865,1.253227184092027,1.0027472686540653,1.0972754376246459,1.4858308073565087,1.6379448593250958,1.4326665645246763,0.9370009018535596,1.2827572350385947,0.571390240950121,1.7786320203716122,1.462630620932989,1.2811172217364608,1.513936377763164,1.2074609215651209,1.4964046691202177,1.495295251647282,0.700578489912932,1.1866653321917242,1.0851282318862776,1.4622062293523925
Czech Republic,0.7507432369620745,1.3377675741800215,1.4380822943945264,1.2833711091138411,1.8751978846051593,1.676676702882342,1.4227257631659636,1.8139776776600902,1.4216845124269972,1.0478812835740126,1.5986874938743107,1.609466660900479,1.771022223373708,1.616788762624222,1.9061553912680462,1.7367494710163827,0.8873921409917818,0.8817238197699084,1.0,0.8209023897186404,1.8602268099178698,0.7484991844275061,0.8533985995796536,0.8119971735004096,1.113587955896758,1.3516322524503555,0.934008517965093,0.9593228650294927,1.3897687946710071,0.6515233695255432,0.7383809396277925,0.7335553432529379,1.509598944433851,1.9491021943905278,1.1155469976944656,0.563599477612434,0.6904386556294457,0.7484696127890111,1.2438431981589726,1.2361311587503665,1.7949205372230346,0.8946923229615786,1.834113894882213,0.8001911306855902,0.9309738613317146,1.5123817585600106,1.6010251138848488,1.6283150385070386,1.695169588817147,1.7670763335436819,0.6695396674048735,1.1242506821559517,0.6460598465362951,1.8598771796664262,1.8054708215083861,1.6878612216095907,0.7548491183235078,1.7923179975050574,1.6947106727447356,1.7228487624302122,1.7891543524643716,1.0367961388782598,0.44837595404349256,1.3748550666087693,1.5759299824870392,1.8023748505050743,1.50588456871541,0.47397140407471144,1.5845261164525901,0.47438659726290516,1.8003212705136313,1.4838436683108318,1.1101009551324843,1.820030526021459,1.369464829712257,1.18616908983686,1.7342164816071932,0.7871790432184885,0.9603813637638243,0.7745898834289732,1.6651643176862967
Denmark,1.1849219482326658,1.63433112058252,1.4122024639377193,1.3626900900343302,1.4953975953568104,1.6429155374764168,1.0571077902540365,1.5809823842003334,1.6449638372507143,0.9429703336760334,1.1858874662322125,1.3615992402746706,1.4893767065816572,1.6205704900850453,1.764144059562838,1.436248188780845,0.9454386648290283,0.8209905501210469,0.8209023897186404,1.0,1.7389031699306716,1.0627738129932736,0.7153530868815725,0.727706344325337,0.7393132748402321,0.9053920300487514,0.7140366939568441,1.1032056415816638,1.2813709146077579,0.9714886897692088,0.6253184592168279,0.8073743734420306,1.4522305732314202,1.736683994883185,1.0320156476146904,1.0231214746760398,0.774688988852229,0.8037269776611482,1.3657935833249164,0.9984859564336602,1.6520308981635394,1.0247506269764737,1.5297913033066106,0.7439421130282685,0.696737645584164,1.414698656601007,1.3709271559656382,1.6164504168187541,1.5084671548926525,1.5315897216259755,0.8679204388594094,0.7750840301405488,1.1133731130619156,1.5288541797759847,1.445314901756693,1.2741333000960555,0.6513971734132481,1.546887810669118,1.5559026298731733,1.5867424361522273,1.5455999624257795,1.0681960659910357,1.080967987518727,1.297485445861407,1.3676039510103835,1.652241733778751,1.0986180062903048,0.90078797260304,1.4007252293385195,0.8480419557770354,1.628546961947102,1.062486482701425,1.328515388279241,1.508173461735175,1.303958295129828,1.5667976930952234,1.3586812571406692,0.7010569016913628,0.6828717457351442,0.7177025649759734,1.560708082529911
Ecuador,1.7939091960777813,1.5059857832636219,1.3222005301371553,1.8155026594996677,0.8017169388964831,0.8327033154614399,1.1641850888257244,0.6888040634595641,1.082719543308306,1.5225537707424113,1.4020667536785527,1.154623170808122,0.729162916860738,0.7887789301970509,0.6656088532805886,0.8996734741717287,1.4617206712571114,1.778417096604849,1.8602268099178698,1.7389031699306716,1.0,1.6389636019841511,1.6641262318113923,1.8248227782266258,1.5113968469693668,1.192647241440538,1.7914193682029689,1.5659070400010249,1.664304078061835,1.9009899883643802,1.6731738167332855,1.8433200033432626,1.1980173458578967,0.5453114812563264,1.5420753478078726,1.8230211818317006,1.8921453391577716,1.8136843390115054,1.456761755087024,1.554902825323239,0.6122521955071583,1.6635483955218078,0.5544379385198285,1.754718549934068,1.614557747693387,1.3109906300374221,1.013460732828458,0.9912687739157571,0.8160053641967853,0.8099385749387327,1.7080549936061242,1.776424196441653,1.9329450846855378,0.6609075542385393,0.6725476228172086,1.0422936844142536,1.7565053177024978,0.659589613321058,0.8871585489799162,0.5299969951919286,1.0767681020270008,1.3998405981313629,1.870372269635802,1.1446907224405607,0.933817403823057,0.7105541672641567,1.3169714800100065,1.8187191000126357,0.9589505762420264,1.8969906876347753,0.7130637096969255,1.1442286679612685,1.4845942412654585,0.6544217758685009,1.3592984119428457,1.3281278374604304,0.9176849640794894,1.7337602066969722,1.747131841840463,1.8645449628748307,0.8963415327271458
"Egypt, Arab Rep.",0.7496170364703322,1.2659202418111053,1.2016163381429488,1.555926602617623,1.7879433932658988,1.3092708146981946,1.254154685884824,1.71455676755031,1.2095373483698282,0.7662671455046827,1.6769320301978201,1.5659107693243959,1.58920869252471,1.4666656145786214,1.6602264097683443,1.5414186431698063,0.7416758429511431,0.8375272425760916,0.7484991844275061,1.0627738129932736,1.6389636019841511,1.0,0.987693285862579,1.1527920270971708,1.0468479731514755,1.2743635571926468,1.3516250729366965,1.166201631893113,1.737149512789607,1.121704748119956,0.8553511039704633,1.1801227351851573,1.16169233303911,1.7775008370170498,1.3728291035166091,0.5750964508797675,1.1087905809695051,1.2716072373096496,0.8882280680206596,1.2239157758650356,1.694376256745326,0.8293696237108328,1.687650565228377,0.9743001198100537,1.0815290860772415,1.746221957185831,1.3290399972376976,1.3695027983556283,1.3231789016178737,1.5025311850450196,0.8690395020888994,1.480001669813306,1.0221157946203068,1.7191674578006073,1.6363573151190396,1.5951281513513234,0.7005414061270064,1.6563573182198745,1.513830998482728,1.52319751709859,1.7808414271380455,0.8333735611386281,0.7398292328291358,1.0441323031050567,1.455899496643134,1.583724099625673,1.6237333096632067,0.9175278214906355,1.3152461062846899,0.6972675079137842,1.6835051484278396,1.4793951329876938,0.9346986017716821,1.567512139396488,1.2735124368458792,1.0124925858296177,1.590677813461164,0.7620168262866001,1.4006091930799176,1.2820985423477242,1.4368085303336267
El Salvador,1.0552184003725107,1.7502590290549098,1.2040089911918477,1.3078240637219953,1.5847980105540578,1.4222804161020213,1.0974869898816206,1.7020432406393118,1.3196192010594843,0.8982046171031486,1.4952500397349426,1.5118372331685983,1.353678502640838,1.41253131300444,1.6218198012240286,1.3968880453423946,0.7697240782030624,0.8615841400488303,0.8533985995796536,0.7153530868815725,1.6641262318113923,0.987693285862579,1.0,0.5848999834715125,0.6952788017503033,0.9330234454855486,0.8195500152083222,1.1197164244694278,1.482833182056084,0.8487930792231366,0.5537630511642694,0.9987374215328255,1.2322978529194086,1.7055989629811719,1.120408559337743,0.8611819423525024,0.8451385952486957,1.03023911520726,1.1929549612062804,1.138230677590114,1.5575685114063207,0.6711558316926466,1.6057112555890416,0.5510715434395225,0.43473678910120755,1.4340695703931723,1.3769791880453846,1.2283839114148358,1.367281230325088,1.5585941894468296,1.1267327574505877,0.9745154279394184,1.1695063569936663,1.638037696842455,1.508230661951867,1.3921437620922759,0.9073539896450935,1.5203849274412131,1.2596638415400347,1.4620130170173395,1.6295105230139344,0.9829371839627333,1.101003856109816,1.1064866403599716,1.1721530508322802,1.7298203725467693,1.2973322192124188,0.8907594393742727,1.2812443279683159,0.8263840186226025,1.4690745847888154,1.2212640411005666,1.3064491297728504,1.4661932167014955,0.8571404070921229,1.2940091811928736,1.2756658653074564,0.6367044145163265,1.024572340708269,0.8570231054510288,1.3660750354645252
Estonia,0.9223185967010036,1.6259250831585277,1.2678519340098904,1.0094204899376997,1.691610846807974,1.6019742778149328,1.4371016177165445,1.8241366994277963,1.475325772791212,0.994056196149184,1.3660500497966994,1.5479699772967608,1.5303702270352633,1.6245204858443931,1.729694815601622,1.4973539925389483,1.021359172730786,0.7751221146795784,0.8119971735004096,0.727706344325337,1.8248227782266258,1.1527920270971708,0.5848999834715125,1.0,1.0583302161607402,1.2663355723498748,0.7186359263547345,1.3087267283308486,1.3014596607277729,0.4808539141443678,0.8215648008329897,0.9202392352967129,1.3503812333385006,1.8236121830028604,1.2307963133487179,0.8565716402584841,0.518936441125668,0.9656588433693105,1.281776287806113,0.9776402846121888,1.6936991376475323,0.9727793519260257,1.7350945265078634,0.40830231563917385,0.614094469118226,1.448379612114344,1.5858032116606202,1.455234736016774,1.5893917824797719,1.7550612511556807,1.1937445532293003,0.8127885294806785,0.9890497143298153,1.7610277490802397,1.6655667082701615,1.4674835617771895,0.9397447202780953,1.7203254723763621,1.5030947279670417,1.6794653751840978,1.7019270334825545,1.2743632531444937,1.0410660326646823,1.29475820083668,1.4264795782058368,1.8097903442955536,1.3988098274948837,0.8534893416810212,1.435420454869746,0.6932333797197159,1.6239287540929148,1.4586986368320816,1.3710159417044159,1.6398299160742837,1.0903046111966688,1.4505800974498397,1.4680002720450194,0.774011273227144,0.9318306410554663,0.6738002951952986,1.4978620420706383
Finland,1.3239560390950726,1.7757923124418202,1.348754048003626,1.5612249884213134,1.3165572005177297,1.4214660478347831,0.6665009488654187,1.4173751705050035,1.4768997314247312,1.037257097402766,1.4180464499012178,1.3412953142154367,1.2622164621222187,1.3897532541066198,1.5329962153195702,1.3232303842171769,0.9791340689563038,1.095079219058497,1.113587955896758,0.7393132748402321,1.5113968469693668,1.0468479731514755,0.6952788017503033,1.0583302161607402,1.0,0.6067688195995304,0.9602716139426966,1.0442919575514134,1.5333106513460726,1.2792762270350373,0.6901105923312754,1.137963582941775,1.2462733136435622,1.521040265035729,0.9238151582430322,1.123771091785113,1.1697773170500632,1.1195380561455806,1.2362988399973356,1.2441627544128828,1.4780795675816174,0.7987252287146858,1.3910756154552666,0.9709776257463061,0.8221741009909325,1.4136419001475473,1.140720843557001,1.2353751238475081,1.224379322521181,1.302930332406989,1.0974969218904307,1.076501021191249,1.364575793398003,1.3649436737916587,1.2622579935115288,1.2488952070308121,0.9657822743196877,1.3319399209506926,1.2813605258593905,1.3905130123653737,1.4109451168898641,0.8955566836508525,1.2644637814325452,1.1881277272018076,1.114886536281806,1.575387439236066,1.0650493427751868,1.121335419980498,1.2858834911591794,1.120321698400291,1.3395907288189661,0.9060217625834714,1.2392317008208844,1.2799167946952688,1.0108622717211138,1.4229787910473288,1.1027166138770363,0.7650468755738171,1.0979604700951886,1.0866550984889505,1.4056946577657492
