Country Name,Albania,Angola,Australia,Azerbaijan,Bangladesh,Belarus,Belgium,Bolivia,Brazil,Bulgaria,Cambodia,Cameroon,Canada,Chile,China,Colombia,Costa Rica,Croatia,Czech Republic,Denmark,Ecuador,"Egypt, Arab Rep.",El Salvador,Estonia,Finland,France,Georgia,Germany,Ghana,Guatemala,Honduras,Hungary,India,Indonesia,Israel,Italy,Jamaica,Japan,Jordan,Kazakhstan,Kenya,"Korea, Rep.",Kyrgyz Republic,Latvia,Lithuania,Malaysia,Mexico,Mongolia,Morocco,Nepal,Netherlands,New Zealand,Nigeria,North Macedonia,Norway,Oman,Pakistan,Panama,Paraguay,Peru,Philippines,Poland,Portugal,Romania,Russian Federation,Saudi Arabia,Senegal,Slovak Republic,South Africa,Spain,Sri Lanka,Sweden,Switzerland,Tanzania,Thailand,Tunisia,Turkey,Ukraine,United Kingdom,United States,Uruguay
Albania,1.0,0.026861346998255285,0.026066436215463548,0.06258338788058808,0.041661160556008166,0.04406846528561779,0.03079171085172159,0.059759488358674416,0.03067233776007252,0.027592935326160795,0.03728013620677256,0.02921048785094747,0.03772597901446901,0.0363717719837912,0.04129551090100066,0.03975904962007018,0.023280848113664813,0.02064333899975722,0.0162373753655404,0.02477274410880634,0.048346100355055065,0.016862404420695934,0.020907880562059073,0.023517617808022178,0.02571676093050231,0.0292628319613224,0.029118469427880905,0.02787248376874892,0.05540914775725224,0.017974988067430548,0.023816745214972825,0.023237354573011335,0.030912540260933832,0.06104884592528083,0.02981587079779958,0.011140400322475041,0.01664635198394683,0.026172769133917702,0.024366249069541723,0.02634566814563836,0.04795712365456239,0.02350606011759653,0.0791789776319748,0.024642167769613824,0.028777564146148522,0.039523364743142754,0.03142685017412257,0.056354471454660375,0.03636480046037544,0.05232786423221289,0.021646820174712467,0.02683165904477267,0.037572949912475055,0.0623894760965721,0.04625506431548583,0.060308597282694415,0.017994387078190042,0.06112693106013513,0.03757886447592599,0.048978951228903014,0.0479407841292037,0.02731334988039961,0.020117952346342453,0.032198522565020885,0.0363856711739756,0.057354561569055544,0.040861258467365325,0.015802210644212913,0.03332170083021401,0.017607118293941564,0.05388759627255065,0.03304247165168723,0.023871961183236295,0.05918724311611174,0.026096792489538955,0.025659396645926834,0.04544326731715463,0.023952396670133717,0.027491438593949275,0.02396926317182893,0.04220691099481176
Angola,0.026861346998255285,1.0,0.0265160317258548,0.06858534933377705,0.033332174037594774,0.04340670158056981,0.02975968342546007,0.044307994683318475,0.03252916311818399,0.04128351492651212,0.031734952776979526,0.024022754411524294,0.034620438823213286,0.028544146481906434,0.032353362870330686,0.038588365363709826,0.026731986825073075,0.03789860645515755,0.022460746000136516,0.02871553410692224,0.035749131392692195,0.028391767819322875,0.030391861902463548,0.0405362310328925,0.029310311909628593,0.028257535438327243,0.03912375304181233,0.0258607064195902,0.050410277327446996,0.03867650228767204,0.03430342364336955,0.0266516865314688,0.03833067618705238,0.04544647526735189,0.02766131524762128,0.025375208480485526,0.030526545915679916,0.02366208986713554,0.03916410133231721,0.030785769254306046,0.03884056705978704,0.025644723400391565,0.06595646886904494,0.0452658062562567,0.04020797084482955,0.029817661196679373,0.027455975984944366,0.06377246790455235,0.033807761836363574,0.0407796241675731,0.021987845517450047,0.027441839529281132,0.056878330053836926,0.04809135793195743,0.03997439266359479,0.05373742822960923,0.025893915953397646,0.04927661832553662,0.0342408390854661,0.04053034162364636,0.03408029688089795,0.029113261081639263,0.04002346873497727,0.03396083950635608,0.03384698259018764,0.0421476868587767,0.031659680479713334,0.031267071180376756,0.03254983139679913,0.04105225300734294,0.04519013103447172,0.02898235481844925,0.023436285112605416,0.05337545124872009,0.036947764406356096,0.024658231030640767,0.044410116623830646,0.038302906893644524,0.023607388136466078,0.025656610587684404,0.04001656091914021
Australia,0.026066436215463548,0.0265160317258548,1.0,0.06936050441319208,0.016385022891409376,0.027540447841460616,0.011209017094118562,0.034698905152098794,0.01928364345212104,0.034047075073195945,0.021907424854538456,0.012605632413871271,0.011732440009234367,0.014582961859689254,0.015821904282755,0.016852998126052274,0.01245255172161123,0.030733338448313437,0.016950522286071558,0.01910198851626901,0.022936608815558944,0.02352857698046139,0.015457725160602395,0.034033332751300736,0.011700684147265812,0.009844503080104958,0.03437539309733699,0.016334905988231896,0.04747148951287969,0.0384721628330333,0.02300778875512917,0.021986109756759832,0.019377448768186655,0.03528442581016931,0.015412470572918172,0.018384976052435425,0.02588441499663699,0.015369573882256307,0.031164486884350934,0.020022352456791306,0.022379452518122404,0.010718440903664053,0.05386242948417803,0.03899887668534676,0.026713784553039636,0.020879413315333935,0.00877811960205319,0.044441780874245634,0.014377835810782353,0.030102839497650954,0.016428426646782426,0.017662480679863427,0.058470462463581875,0.03706616835498421,0.020856259564726934,0.03868703447495175,0.01759130658409966,0.035848125119676166,0.012437601252670676,0.024539648901224353,0.02760702548750335,0.01365222605203064,0.03862713809554166,0.015356908567303146,0.014045924205442428,0.03387117476118262,0.022736270196672608,0.025570113700087344,0.01130149119590035,0.04034395945854971,0.027895867749919978,0.014718919682769647,0.010562198340710675,0.03645515352931212,0.012682839391944123,0.013370822141740436,0.021030306522773545,0.028889905061838465,0.016811791696298997,0.017586351737828,0.022764199473686016
Azerbaijan,0.06258338788058808,0.06858534933377705,0.06936050441319208,1.0,0.07600002647913705,0.08615961110139725,0.07373010998663311,0.0911969989952858,0.0786203920326423,0.07305329425535294,0.0687999492184331,0.06985661901632453,0.07655250347854091,0.076669634073878,0.07650097214988288,0.07903391611083709,0.07162071665166836,0.05925227223368525,0.06328454112039139,0.0658732007873072,0.08461763302213404,0.07357894299692648,0.06478711252533387,0.054250277341589784,0.06915012731993833,0.07204799820400157,0.055115432765409866,0.07023390968767713,0.05161086620231606,0.05211363453698362,0.06566341898497496,0.058486117203799745,0.07414125250887328,0.08872155697511974,0.06987384990007743,0.06365743925813974,0.05569139016464689,0.06537330425180805,0.07093568204600074,0.06663077541797166,0.08521970191905404,0.06677387442900816,0.10880428886106522,0.06147548854373226,0.0614890276098605,0.07133530747449178,0.07376244733334039,0.09543406310153744,0.07868917151616918,0.08721402798647668,0.06958610983705092,0.06142541495583262,0.06035685665258401,0.0926786495061679,0.08437448039259998,0.09079487253200125,0.06637150456583285,0.09516557137795688,0.07365235248094136,0.08844311408204322,0.0734330188255103,0.07518327847620114,0.06780653630335846,0.07775666481732992,0.07727691941383485,0.09378716105400645,0.07052337999626299,0.06029131226484519,0.07740166337225535,0.06249094405140918,0.08356251415904098,0.07372903489117248,0.07020255710758441,0.09747712781102368,0.0655339244284298,0.07197558456522254,0.07954138698474235,0.07232057270846087,0.06552019651909498,0.0614182763007638,0.08336191751596264
Bangladesh,0.041661160556008166,0.033332174037594774,0.016385022891409376,0.07600002647913705,1.0,0.0336744635076195,0.012547728347330615,0.02017026165244084,0.02609436909725542,0.04469369357989335,0.013830831637736084,0.01269857410325516,0.010598731942295615,0.016218509109950537,0.0128326744261058,0.01649237766549457,0.02222084031393836,0.04364936906705441,0.029890150210738854,0.026278274479910435,0.01670416409433317,0.03765643621423396,0.026686440036200597,0.046287597263385404,0.01746819307898541,0.013006001225288846,0.0394314709073905,0.018300682503113484,0.04690385860119425,0.05005355480265609,0.03482752158220534,0.030616035271967313,0.031555570141269064,0.021474484746900464,0.016302967350364166,0.03346709319688397,0.036777826304362285,0.02204724851613349,0.04345435403598054,0.02813364776969511,0.01662788961108032,0.020292538360344795,0.04072835757103415,0.05149465453330579,0.03862147392260165,0.013097301483235808,0.01146536245909824,0.04815922868483474,0.016236767983357252,0.021518398035121955,0.022338366054086334,0.02231367257601712,0.06793406493877788,0.02344071126000918,0.011087809265017838,0.02964849502175869,0.029496263794831834,0.02432296018147955,0.014135911154722656,0.02191958599207227,0.01684613947746669,0.02055015954048077,0.053022977180957394,0.02342297942686013,0.012692120712252116,0.026660346109010944,0.01548433207380438,0.03857391003245805,0.016406845726766015,0.054410526269645765,0.018699101451090803,0.010050727143284633,0.019340373192224827,0.03009204440545112,0.023055219998645578,0.021893706279979535,0.014618082354158892,0.040084928597914585,0.020367950145480714,0.0264071352218305,0.028162924963214726
Belarus,0.04406846528561779,0.04340670158056981,0.027540447841460616,0.08615961110139725,0.0336744635076195,1.0,0.03204403345526634,0.043048429926627454,0.018300632398466805,0.04131700325188862,0.04298295646070783,0.03633269939191836,0.02486651752183164,0.026639520544746064,0.02365180946273801,0.02401117351281775,0.030763784131342852,0.04832580060081899,0.041231477769208436,0.04383046417180165,0.025335422636407017,0.03633970271686049,0.03815819340805393,0.05416786174974663,0.03539736125968942,0.032821341559247104,0.06038956805970259,0.03753372954733076,0.07124711382367159,0.05930016894349454,0.04426457153066566,0.04750378376041805,0.017406341815982607,0.029030166660340546,0.03830671026954132,0.040080492435063036,0.04963644870452056,0.04219392890837128,0.02840202816322359,0.04162375462564234,0.02439314021019599,0.03538666962057716,0.04965815726416942,0.05694285027371347,0.04637059548246686,0.040939750391912715,0.030388562873518297,0.03026179912651822,0.019541874490425565,0.026283070346123153,0.03975087786859439,0.044658937178102986,0.08018277985103385,0.03663690857439192,0.025727672812593708,0.0381102603962296,0.04001521108864879,0.03147496641021006,0.024588671977180142,0.021691956069102326,0.047893137964293946,0.028128989493409404,0.05914212440443094,0.021243553959861973,0.027343521479886546,0.028191471361381136,0.04506832286096812,0.04850948185157592,0.019972028376938563,0.05936813465987731,0.02565725323329006,0.03568872205894526,0.03271241180667489,0.024410500008136868,0.0289843984902537,0.027693356991324088,0.025465894735279954,0.051176270739597206,0.043253411940563924,0.044766966553320464,0.012671777722655854
Belgium,0.03079171085172159,0.02975968342546007,0.011209017094118562,0.07373010998663311,0.012547728347330615,0.03204403345526634,1.0,0.029464817521105406,0.022429727042757586,0.03650257617142472,0.018982162744844638,0.009709158888305518,0.009638694460519239,0.015225905964862344,0.01621010477794865,0.015929813518046915,0.012645032884711409,0.03552604022097069,0.018997649771303016,0.01534945481450618,0.02099781303354508,0.026371420819237712,0.01606101583573932,0.03695540002179007,0.006730343066164162,0.0040504224849806205,0.03128750396997735,0.011930726768463414,0.04811592271589095,0.04111856083798068,0.023718197166745277,0.021889359244274913,0.024305988017116194,0.03241733580948542,0.010207546262175887,0.02205165947340379,0.027447061584034083,0.013932032239194503,0.0344353751307975,0.02048871463640643,0.020292124103599308,0.009687409291255196,0.05039270588017921,0.04224013850338335,0.03093022552308488,0.017806382413942744,0.005899552250809343,0.04637920862637028,0.014105616038184403,0.026908987154233906,0.01331548508450816,0.01472590469259316,0.06140031708885257,0.03288683972637048,0.017004710510506678,0.03482338960750665,0.018593387659550084,0.030939247914953207,0.013090017423332205,0.02381773945853042,0.023930218535071178,0.010208209317143046,0.04203960619811378,0.018283798954151886,0.010045487007269822,0.0318436306888882,0.016846959063430506,0.027981999676808995,0.014441801113093016,0.04333557508622739,0.024512722169328212,0.0069560240736261285,0.01046532511032552,0.03364650737887444,0.01752924995681632,0.01730745640652898,0.016629599545496896,0.02929111112155095,0.012566131352135695,0.01788753367606489,0.027085815267395393
Bolivia,0.059759488358674416,0.044307994683318475,0.034698905152098794,0.0911969989952858,0.02017026165244084,0.043048429926627454,0.029464817521105406,1.0,0.039330412026011854,0.06267730862323523,0.03131392876536665,0.031020458057050417,0.026170445278194437,0.028655990303576462,0.027171730340322473,0.02899017521709019,0.03998030833708357,0.06278310422779705,0.04775063081366369,0.044152392639932606,0.0201053366823047,0.05519424833118495,0.044661497503423665,0.06463261427705712,0.03522771713724034,0.030814235275669167,0.057629562280005035,0.03570474439858236,0.05484189242873929,0.0682362963469314,0.052700823725798436,0.0485716889106601,0.046160637865988084,0.017849122624762678,0.03456505732132784,0.050845726684682166,0.0548398440581684,0.04000476114625606,0.0576152362484998,0.04732590773497572,0.022348297667368223,0.037275322134694706,0.02936785502201563,0.07043242203230574,0.05753452242998157,0.03021036757942684,0.029176139361959827,0.058596927115952394,0.03140542482429835,0.02714930013059105,0.04033967809330227,0.04066992256562206,0.08547775055672875,0.01319913371040375,0.01938635852415885,0.03375700992268297,0.047481676411085603,0.018268427903214514,0.029946826359858614,0.022437483126933833,0.022258341768316058,0.0364809201038568,0.0710355794031954,0.03946563986689982,0.02872515596915484,0.02288731418759606,0.030810787095058814,0.05649354104319364,0.03221605059662367,0.07227911107654447,0.02609614254861207,0.027967735275385795,0.03620034742482866,0.03197923265963267,0.04036294904316261,0.038082280220295826,0.02716089625306547,0.05818483573128832,0.038418372229012926,0.04450814081814226,0.0387092880412544
Brazil,0.03067233776007252,0.03252916311818399,0.01928364345212104,0.0786203920326423,0.02609436909725542,0.018300632398466805,0.022429727042757586,0.039330412026011854,1.0,0.03929986745614559,0.03600120160561316,0.024583910217450433,0.02017061088703946,0.015337984175487988,0.019700963251296794,0.026514949328615405,0.0207951183822919,0.04374583716162871,0.03027034668002979,0.03307126355117265,0.02106309930423575,0.028617354593339573,0.027619522704548958,0.04398179721090808,0.024347803442848627,0.022008932404841093,0.04956846246641218,0.025280146564113436,0.05971057361993121,0.04378317251306102,0.034771405580831215,0.036007314574217894,0.023101798941650584,0.033254393804728055,0.026281095678643663,0.029101821941666814,0.03864372354719412,0.030447097966710846,0.03119681972663155,0.03524451927211741,0.022354882019151576,0.02391152890044832,0.056724297112341206,0.04434439443488806,0.04078116640412787,0.027906385747692913,0.020479440116565464,0.03426666345695796,0.017757724723299628,0.03538743094439169,0.028693598075659656,0.03397268631633793,0.06441230775808415,0.041100360811383185,0.026848455113544535,0.04504745254515024,0.030101640023813252,0.0362325010628981,0.020235924008050285,0.021691963238786006,0.03898578829840163,0.019759620275243445,0.04461400496604429,0.020404267791573606,0.018150974027338604,0.03748294036288849,0.03297072039686716,0.037549597190442305,0.019596576068718712,0.04532985852252024,0.027109565229850485,0.024653429688249538,0.021816737423895602,0.03529888823514484,0.021013650552213686,0.015248149281561705,0.028858099536031325,0.041656417802425225,0.03186875533067554,0.03347154604148411,0.01993860477642481
Bulgaria,0.027592935326160795,0.04128351492651212,0.034047075073195945,0.07305329425535294,0.04469369357989335,0.04131700325188862,0.03650257617142472,0.06267730862323523,0.03929986745614559,1.0,0.04202349136466404,0.041111012279450264,0.03905945482757412,0.04481429103724944,0.042416392077748624,0.039275588118672926,0.031549815999356905,0.02363900637363266,0.03311269016279256,0.03221139244575647,0.05135363570033487,0.025793702964261592,0.03196187431578428,0.03041313677197144,0.03521233183091295,0.03768923810464367,0.04418135660301568,0.04193278812223754,0.06870566838144798,0.03506303862382252,0.02649899220433701,0.038408330314327284,0.028886311952002034,0.06048508246961629,0.04234928628723483,0.030508475821943038,0.033956334117684,0.04015708589194111,0.02237639436068753,0.022928080204760764,0.05014898716433354,0.036924523681285105,0.07779792500630967,0.024519195098009133,0.02290388208855264,0.051714016702126574,0.03817298729461534,0.05660570382518102,0.034916829228122594,0.05133849056169369,0.03494459776669618,0.0393032825619744,0.05741638068730137,0.06176275544299385,0.04649421782860696,0.05330926009217056,0.025863530812473067,0.06221085419993859,0.03971032592363015,0.04913854946039843,0.055178989465655734,0.03152189865284302,0.04123281657140281,0.026585540616467198,0.04201474100633457,0.055549836412901066,0.04663715370670608,0.03538836412412208,0.03222108962289255,0.030313631110424143,0.05489421145457864,0.04116949637732084,0.03662363550868026,0.057098037369944656,0.03405761545539394,0.03985926994078596,0.0452972573738805,0.028532208742868978,0.04034485603640255,0.03782111551078568,0.040320997534832335
Cambodia,0.03728013620677256,0.031734952776979526,0.021907424854538456,0.0687999492184331,0.013830831637736084,0.04298295646070783,0.018982162744844638,0.03131392876536665,0.03600120160561316,0.04202349136466404,1.0,0.01655189724093013,0.02007887896853959,0.026324660716698645,0.02429077579310088,0.022439050209594046,0.024860852960593025,0.033480317873273824,0.025338640824655388,0.019134364978390567,0.027209517614327317,0.03534355109168374,0.025324351323299958,0.037774323848801174,0.020156063767808468,0.017444053244368863,0.029586824927874757,0.021432867585340805,0.041446336221694365,0.0405747509244517,0.03182831804769974,0.022089451704292603,0.03731595571686926,0.03191611063413393,0.019773351799945778,0.029990928483849773,0.027748302258198472,0.018413364135717713,0.04670532593527937,0.021845454318790487,0.02738421921116584,0.021402408921521683,0.05057696455760425,0.043844656482429155,0.03483691296319142,0.02049325652526314,0.01906876474935752,0.059392854928239196,0.027190458450805956,0.02967732259408626,0.020639937845555508,0.015402278131537744,0.057958486821914595,0.03426173677760011,0.020377902381854607,0.034969389279153766,0.022445003391458794,0.03566591468196351,0.02184660089345167,0.03295061644735322,0.02197016858561894,0.026908489067212178,0.04592075347310631,0.03064021501339017,0.022290204718755993,0.03573809614819787,0.015515284902380473,0.03383005572850016,0.025045204156663493,0.04549117009091342,0.030506484567449536,0.014905238307424244,0.02102852017377289,0.03995674546861398,0.02936085896336781,0.028419978958345728,0.02248005006548133,0.035141964208013646,0.015191431147869295,0.01956434165099296,0.03670166508096352
Cameroon,0.02921048785094747,0.024022754411524294,0.012605632413871271,0.06985661901632453,0.01269857410325516,0.03633269939191836,0.009709158888305518,0.031020458057050417,0.024583910217450433,0.041111012279450264,0.01655189724093013,1.0,0.014167622376505377,0.015022212945879233,0.015511113284431569,0.020897205382780306,0.014641811823576309,0.034429705245403015,0.018035314926464582,0.015442750047922102,0.021521682056675425,0.02639656836077637,0.01736530984929698,0.03533365066799741,0.010697727159834271,0.007606139860119185,0.029436314380403797,0.0103677152092046,0.04410012845520477,0.03951282056542618,0.026256511334834864,0.01985752106138371,0.030064894336214988,0.03322002524275202,0.009992533755546363,0.02133164232735748,0.025758365926025144,0.011278640527871862,0.040042452091821855,0.020308977764502367,0.022153321299736253,0.010882583660643116,0.05024519841715118,0.04213292727787068,0.032159557038959063,0.012686524916296238,0.009379273349668434,0.05042849916311812,0.01789359278460766,0.026564085430956584,0.012303914506944,0.013253726113866254,0.058298012748228926,0.03360316742860845,0.0202026622350127,0.03831915754234909,0.01850171967798988,0.03398494459344296,0.015594039317065286,0.02689449832670626,0.019137531413511846,0.01756566236294415,0.04063485737182424,0.02423686793294041,0.012962572589232956,0.03316169875732405,0.013438812095589924,0.02704445399547244,0.01947671188359546,0.04227991735609135,0.02643931668922002,0.009004899660553584,0.010826957477949442,0.037706207954748924,0.020950756753439256,0.014751437724457334,0.022218817643642825,0.0289604038953458,0.010401429640173663,0.016045209203484897,0.03207552581548065
Canada,0.03772597901446901,0.034620438823213286,0.011732440009234367,0.07655250347854091,0.010598731942295615,0.02486651752183164,0.009638694460519239,0.026170445278194437,0.02017061088703946,0.03905945482757412,0.02007887896853959,0.014167622376505377,1.0,0.01291159305947221,0.008461160240296457,0.010731813070668438,0.018937209259472235,0.040010413695015984,0.02633040686023523,0.02354847606256615,0.014680821168524113,0.03266960414957232,0.023409118860561497,0.0433546043370187,0.014753383931275363,0.010110264014455765,0.03883225292835833,0.018010882098037456,0.04956499629651918,0.047770216908423306,0.03128452036666429,0.028834567770321465,0.022878205040747255,0.024858802950820484,0.016104659529258186,0.0283357319150643,0.03399079777673061,0.020173114111691145,0.03565682485077236,0.024921515324088272,0.012393629169729855,0.015174055784129874,0.04406419242251719,0.048099187398545566,0.035070092735038624,0.01802471368120358,0.008964017943754359,0.040827451795763525,0.009774670803095813,0.024259743821301603,0.01948836473562544,0.021281993648607205,0.06770530822350261,0.027036995234724727,0.011229671665403092,0.031964366735881024,0.02583783834302212,0.02530810702381779,0.00801983191581156,0.016014311814424514,0.026323695643789263,0.015060601354411568,0.04910381201211495,0.01704761340647251,0.010164586817809513,0.027102596190889384,0.021325194899717466,0.03527268603743995,0.008350013528419778,0.050816567950390946,0.016869334758938502,0.013033356333266738,0.015516184954773402,0.02726211206090704,0.016390195704998924,0.01862474355699056,0.01108980808078749,0.036924081650038056,0.01947575038302606,0.02426634975103693,0.018689603820239306
Chile,0.0363717719837912,0.028544146481906434,0.014582961859689254,0.076669634073878,0.016218509109950537,0.026639520544746064,0.015225905964862344,0.028655990303576462,0.015337984175487988,0.04481429103724944,0.026324660716698645,0.015022212945879233,0.01291159305947221,1.0,0.014451526986218847,0.020832081044749633,0.016229822214031478,0.04124754957121974,0.025511861510742032,0.025737546243356856,0.014967150796678475,0.031283189924108,0.023203009019916683,0.043040871863351475,0.017980053804111235,0.013999800746656464,0.04170366283003762,0.017804139068493787,0.049730286152155884,0.047629922130432045,0.030982140037201622,0.029785359908433177,0.028400753986056376,0.026922469711568205,0.018071612640203388,0.02787677819953699,0.03407494296725219,0.021586084905966356,0.04132261059597973,0.028081312048905693,0.015829908803124196,0.017326129073415887,0.04712441787014462,0.04766928684058481,0.037515966149208234,0.017147453551498926,0.01321186188351741,0.040351254495447485,0.01511275903435701,0.029148522960767923,0.020817069403787747,0.024597110923309372,0.06654533614700353,0.03038706001660494,0.01970251553239586,0.0379246832162302,0.025798948762367456,0.026237314236953427,0.016217059005038538,0.01629999531721009,0.02610895061582324,0.01608772807711991,0.04824201711656298,0.02043094470678409,0.011041173093616683,0.03239127301504281,0.021935275390481433,0.03437267120556426,0.014427441160930424,0.048949637987674044,0.019613549874766573,0.015312400773526786,0.015520873980334566,0.031526950828438094,0.01809822589527145,0.01496161332597248,0.021726836882147854,0.03610313080994044,0.02273886139310427,0.025283747908598952,0.022106835728699932
China,0.04129551090100066,0.032353362870330686,0.015821904282755,0.07650097214988288,0.0128326744261058,0.02365180946273801,0.01621010477794865,0.027171730340322473,0.019700963251296794,0.042416392077748624,0.02429077579310088,0.015511113284431569,0.008461160240296457,0.014451526986218847,1.0,0.014991352805861315,0.024728203978985785,0.043903921362781366,0.032070902961611227,0.029041177502494794,0.01173027712702453,0.0347328509434469,0.029121961776677877,0.04902134820502751,0.02046818330727833,0.01610969264897211,0.04408288179377885,0.021487990366116597,0.05150544067337715,0.053020625658064355,0.03690069993734058,0.033730265132288176,0.022044846788850717,0.019901834364652086,0.020003618647175862,0.03330610150515162,0.0394694586080366,0.024711688167865085,0.036201606819329935,0.027647739476650342,0.013635414872986792,0.02094558373287164,0.04420164912942636,0.05367512068594523,0.04050669694967315,0.018979196895661056,0.012334275552318958,0.040975929818944906,0.008677571956009935,0.021124812518937174,0.02447892756759311,0.026067961858420863,0.07106126055520566,0.02716019456057126,0.015272478996287217,0.03473983929015247,0.029970718379597652,0.02737956650076879,0.009346145039816943,0.016711434070221385,0.02514139207779929,0.02117503551218031,0.0543619050505232,0.018239610085528348,0.013198182503384826,0.024934833109439836,0.02364227431313595,0.041055682396501106,0.01221601536335414,0.056151992437982766,0.016662716622023895,0.018353094582425206,0.01916798419567633,0.02652341696864953,0.02113797395633274,0.018616174632377625,0.016101229054626562,0.04238343749367192,0.024287060036609572,0.02927425298819177,0.020118000864183513
Colombia,0.03975904962007018,0.038588365363709826,0.016852998126052274,0.07903391611083709,0.01649237766549457,0.02401117351281775,0.015929813518046915,0.02899017521709019,0.026514949328615405,0.039275588118672926,0.022439050209594046,0.020897205382780306,0.010731813070668438,0.020832081044749633,0.014991352805861315,1.0,0.02314648207615543,0.041952290375091815,0.030748107468778856,0.027828317184406776,0.019983476887007943,0.03458888907129044,0.027637379137235383,0.04789842727280243,0.020865304407808538,0.017686688522704296,0.042236623116074096,0.02642162834985487,0.052845634827574726,0.05282426658941419,0.03483636893479517,0.03570758120996427,0.019479684924053334,0.02244001341860935,0.02433085465414886,0.03165910448215309,0.039240052002514424,0.02772883083056209,0.0340970081249183,0.025927496412959168,0.017576023020691774,0.022417089876462144,0.04191808398218437,0.05170060468123651,0.03863101233588703,0.025511858444048095,0.014932235512500619,0.041583093781161165,0.013998363429242272,0.02405473207245463,0.024460166644892156,0.027987451409376588,0.07401574151833881,0.0257342009420468,0.012454597066585978,0.02702376357761996,0.028277169791621287,0.025436606415857294,0.014509897021071888,0.018184398297957684,0.031079554125211042,0.019174105869878274,0.05277582289764666,0.018554397416690148,0.01635925271685713,0.021460483482010614,0.028532434140193637,0.03946299120622177,0.010899862805697113,0.05403444230947111,0.021408945033918138,0.019579105586335098,0.02077888709900319,0.023473947068654185,0.02379780433795214,0.025586600797818142,0.011278634791001942,0.040030722065520774,0.02642132626695837,0.030263767325849754,0.017205971182765397
Costa Rica,0.023280848113664813,0.026731986825073075,0.01245255172161123,0.07162071665166836,0.02222084031393836,0.030763784131342852,0.012645032884711409,0.03998030833708357,0.0207951183822919,0.031549815999356905,0.024860852960593025,0.014641811823576309,0.018937209259472235,0.016229822214031478,0.024728203978985785,0.02314648207615543,1.0,0.027595982120363106,0.013359579451174873,0.01418194809895633,0.030271332091234854,0.01607296004326266,0.01122072161739307,0.029652638500373543,0.010364812804768935,0.010590302672160136,0.03103737265508389,0.01203489032323148,0.051565941120503056,0.03394911145410205,0.017220923083840194,0.02132884568505684,0.02238654974461959,0.04305861964378475,0.013023518432020922,0.015946586252226332,0.022816411112675048,0.015769479512756788,0.030315617178936265,0.018946895945916576,0.02872817705726886,0.010701857064843811,0.060419914311906825,0.03378485821667165,0.024010280779443772,0.021265472586391488,0.01343785904106488,0.04764026101439009,0.018711498675441914,0.03577812415485106,0.013324607573644884,0.019595476215512903,0.05658956709034207,0.043280348841772676,0.02714023383538621,0.03897504099877258,0.013607762426104472,0.04099966540917731,0.019344838798282252,0.028779561204344672,0.030018947016978277,0.00805128698177764,0.0360862468460795,0.013423565282000042,0.016177711275871136,0.040599719381681464,0.023308194681243375,0.021478043177364393,0.015226586777002418,0.033507864058747346,0.033791813811949255,0.014016141158590695,0.009838935738361308,0.04157949991523223,0.01852984360256855,0.013456375861914009,0.026776337999231133,0.02223004725923301,0.017125417713156232,0.017271829416359116,0.02675108755168165
Croatia,0.02064333899975722,0.03789860645515755,0.030733338448313437,0.05925227223368525,0.04364936906705441,0.04832580060081899,0.03552604022097069,0.06278310422779705,0.04374583716162871,0.02363900637363266,0.033480317873273824,0.034429705245403015,0.040010413695015984,0.04124754957121974,0.043903921362781366,0.041952290375091815,0.027595982120363106,1.0,0.023787982028274163,0.024819112260809618,0.050767517481740417,0.020752894817422065,0.02390340027491528,0.020856885863347253,0.03080341245330835,0.03413326428870009,0.028378558256704607,0.035965406286578426,0.05505725507540533,0.02456608105453315,0.01963009578738438,0.024453167580012373,0.03320885876915016,0.06350577140119469,0.03691578388948132,0.019525946641585783,0.018249081814768656,0.031662628719684754,0.03008950504459496,0.020980082200651135,0.05110072653893861,0.029532647722264972,0.08015937018461507,0.02373939218828409,0.022743432758089245,0.045899555617019264,0.03589240735338373,0.06409086008753605,0.037904738094691616,0.054581318026088184,0.028633365074181114,0.027810872567954732,0.041032387496003825,0.06363948304462787,0.04823238341592097,0.054423449912454396,0.01964879535710632,0.06364489796228454,0.03958148196335977,0.05070514829984397,0.049769066663878474,0.031104052322182177,0.028256355906583056,0.029898753904867233,0.03951672567734746,0.06011745692833251,0.0410776197429512,0.022570543123325636,0.034718178242991816,0.01681012173202437,0.05630676140181074,0.03776685797002034,0.03194402386519706,0.06069295343508569,0.0296945516774716,0.035636792115274096,0.04697736212989446,0.020263853999583383,0.031743424224264016,0.02749630641775568,0.04631044154511811
Czech Republic,0.0162373753655404,0.022460746000136516,0.016950522286071558,0.06328454112039139,0.029890150210738854,0.041231477769208436,0.018997649771303016,0.04775063081366369,0.03027034668002979,0.03311269016279256,0.025338640824655388,0.018035314926464582,0.02633040686023523,0.025511861510742032,0.032070902961611227,0.030748107468778856,0.013359579451174873,0.023787982028274163,1.0,0.012597623153180162,0.038642495322597975,0.016745137806490458,0.012172183982048428,0.024467989437292764,0.013609143047789814,0.017030513520234755,0.021977333409367868,0.01381919586369971,0.04573560701055252,0.02360980758518235,0.016032946380038528,0.01106477950581391,0.029064270107679133,0.051189149103715005,0.015589718012434863,0.008830919065921393,0.012963601102851614,0.010643613048133332,0.034331044891435646,0.019424121266870632,0.03670450427292518,0.011932936055792008,0.06748143930214581,0.031299030097692145,0.022620541217006934,0.0254977234852087,0.021108961725882582,0.055516847406976794,0.02932950774998628,0.042989346184451854,0.009192093973559945,0.016208058094945087,0.0441329605619539,0.05091564575834066,0.03526673703282805,0.049301803001196805,0.011231584860249135,0.0494712100090807,0.025938789035578506,0.03904200104637668,0.035522733672280274,0.016428518474140615,0.024863041218189694,0.025954040264244985,0.024780267280449665,0.049512655194983456,0.026822708464407076,0.010692073311759217,0.02583226606454158,0.025405977135885292,0.041666814870187543,0.020587442671273565,0.014167841041931535,0.052148782229846084,0.021673265544668974,0.017534185863722317,0.0333361730624049,0.020822864222836385,0.013036117905935436,0.012002666507604776,0.037995254075106136
Denmark,0.02477274410880634,0.02871553410692224,0.01910198851626901,0.0658732007873072,0.026278274479910435,0.04383046417180165,0.01534945481450618,0.044152392639932606,0.03307126355117265,0.03221139244575647,0.019134364978390567,0.015442750047922102,0.02354847606256615,0.025737546243356856,0.029041177502494794,0.027828317184406776,0.01418194809895633,0.024819112260809618,0.012597623153180162,1.0,0.035199172465289835,0.021803393349900304,0.010318627984292115,0.024252943457473055,0.010257890778323337,0.013653586771292477,0.018295120482811882,0.014951747263688829,0.04359376401272519,0.026549561345930072,0.014798981949718265,0.013272914557159897,0.029255551457753416,0.04764046573671943,0.0137099602792265,0.017437609344517577,0.01448346664075836,0.011300141395096188,0.035998710223785924,0.01376157175571678,0.03436255921337823,0.012338336607187837,0.06386355887064009,0.029995556883086492,0.021506963664611044,0.02275221570014411,0.018413943145533105,0.058084967099912885,0.02632297401075749,0.039787605368196324,0.012002167242257729,0.010516827935157196,0.05039942926358588,0.04734835258808117,0.0317389228364475,0.04102669104908758,0.008753134077633897,0.044920792800271926,0.02448140561602729,0.03747890731703479,0.031208758202925187,0.017385489863356675,0.034978912981038716,0.026446178617273195,0.020492415101741823,0.04682306065250721,0.01847197898579121,0.018836167370107716,0.02609067628281225,0.031106354564043957,0.037932561040822516,0.016504681743109033,0.01567703746637303,0.04806707123454885,0.02245628524130347,0.0233184951735057,0.02850083757068889,0.01875533140374318,0.00985606451590724,0.010811187691233534,0.03965258502321048
Ecuador,0.048346100355055065,0.035749131392692195,0.022936608815558944,0.08461763302213404,0.01670416409433317,0.025335422636407017,0.02099781303354508,0.0201053366823047,0.02106309930423575,0.05135363570033487,0.027209517614327317,0.021521682056675425,0.014680821168524113,0.014967150796678475,0.01173027712702453,0.019983476887007943,0.030271332091234854,0.050767517481740417,0.038642495322597975,0.035199172465289835,1.0,0.041641466949705865,0.035715610184753256,0.055832793234713816,0.02629190420765984,0.021736312905375574,0.05080019007440993,0.02727901654195746,0.05507150523160574,0.06013606045511629,0.04356386176960167,0.040262466697620646,0.03015744981060035,0.0146034104791983,0.02646687817817955,0.03982698978884052,0.04641043901549866,0.03168304762206669,0.043673106870311236,0.03538394260466038,0.010777377779873351,0.027623197898810296,0.0381019387487385,0.06020472386072577,0.047412003957662714,0.02370336905293232,0.01844720483678222,0.0427651340947999,0.016745775278627206,0.02063418991116636,0.030281891451678207,0.03241788786424795,0.07809559427474408,0.020756367774372453,0.014128538994639181,0.03551622723159327,0.03674768547673293,0.020145347051258183,0.01736161399419502,0.010903278875777923,0.02789985641431498,0.026388512827470578,0.060879353616989144,0.025014231445498605,0.016965233852629335,0.021803981703300158,0.027900030129689724,0.047680171587624505,0.01994196731513556,0.06267982114192547,0.014954878470701823,0.02199150845169668,0.025184639322721747,0.022624332778414264,0.02764694522482177,0.02397517391097419,0.020292184369635063,0.048933243840045944,0.030630436791249372,0.03639968285667107,0.02288350942585945
"Egypt, Arab Rep.",0.016862404420695934,0.028391767819322875,0.02352857698046139,0.07357894299692648,0.03765643621423396,0.03633970271686049,0.026371420819237712,0.05519424833118495,0.028617354593339573,0.025793702964261592,0.03534355109168374,0.02639656836077637,0.03266960414957232,0.031283189924108,0.0347328509434469,0.03458888907129044,0.01607296004326266,0.020752894817422065,0.016745137806490458,0.021803393349900304,0.041641466949705865,1.0,0.0204224408198417,0.030622972280033727,0.02248182188748986,0.025194330304922803,0.03434797132292701,0.023874002208434317,0.0602813059393612,0.032086554008717884,0.01827884181674862,0.025974257093973534,0.02635727052480526,0.05436232823279192,0.025647222798751597,0.013064160940558988,0.025863039314796287,0.024532827702789167,0.024655370709251397,0.025018115495924923,0.04212249092190633,0.020903418350020336,0.07502232716328198,0.03157311099452338,0.02813382959195696,0.034585798061531,0.026741640708622855,0.05294933879714521,0.02912320056782862,0.04494307335020217,0.01771259324889855,0.029849352735144184,0.04902605427863649,0.058454213039905605,0.04149788819980766,0.052112056571265636,0.01622304268362927,0.055933885691820895,0.03140794305444932,0.04217464695077348,0.0442915412890625,0.01934576368983618,0.02797441352081583,0.021643288258609627,0.03134221749464232,0.049937619533388176,0.03676883532692587,0.021141306202159097,0.0272007938540143,0.0252688651012538,0.048455787977147204,0.028894547343414623,0.0193747385801724,0.051937057415824425,0.027417687506830653,0.01975238365745535,0.04079089545704839,0.019372943399607673,0.025876740234593586,0.025339080139407166,0.03678796242560572
El Salvador,0.020907880562059073,0.030391861902463548,0.015457725160602395,0.06478711252533387,0.026686440036200597,0.03815819340805393,0.01606101583573932,0.044661497503423665,0.027619522704548958,0.03196187431578428,0.025324351323299958,0.01736530984929698,0.023409118860561497,0.023203009019916683,0.029121961776677877,0.027637379137235383,0.01122072161739307,0.02390340027491528,0.012172183982048428,0.010318627984292115,0.035715610184753256,0.0204224408198417,1.0,0.02155505733112259,0.00978230833925882,0.014030656557964425,0.023512837371799305,0.015513811396086511,0.047154154534985705,0.026200953572432576,0.013121285155266529,0.015924976379323344,0.023131387111990424,0.04812280424745782,0.015330051226943423,0.01384701829804473,0.014821849806141077,0.01409375741662732,0.030799691660713356,0.018967389251812992,0.03378705143023735,0.009692448164676517,0.06525389498549403,0.027199025545197597,0.018539277196727898,0.023335998476150754,0.018352737669397053,0.05173924319636932,0.025564120293688146,0.04131722587485563,0.016162255104334163,0.014543811770321383,0.051299893701592665,0.047957684696313334,0.032298469060793714,0.04448028955438665,0.011728223125493969,0.04516495789767049,0.022358194772803472,0.03586146677250143,0.03182416187355156,0.01489720307195625,0.034093121421763704,0.0220680047395011,0.020299785151366666,0.04705122882644156,0.02318240782468994,0.015962401707262514,0.02319236975470564,0.03080391928664965,0.037028156119690264,0.017577610753221423,0.014729154652035273,0.048468857899921586,0.014862108816127022,0.019119406563891998,0.028312779681808765,0.017530393945571977,0.014919540029131251,0.012244547277806089,0.03591640279824797
