Country Name,Albania,Angola,Australia,Azerbaijan,Bangladesh,Belarus,Belgium,Bolivia,Brazil,Bulgaria,Cambodia,Cameroon,Canada,Chile,China,Colombia,Costa Rica,Croatia,Czech Republic,Denmark,Ecuador,"Egypt, Arab Rep.",El Salvador,Estonia,Finland,France,Georgia,Germany,Ghana,Guatemala,Honduras,Hungary,India,Indonesia,Israel,Italy,Jamaica,Japan,Jordan,Kazakhstan,Kenya,"Korea, Rep.",Kyrgyz Republic,Latvia,Lithuania,Malaysia,Mexico,Mongolia,Morocco,Nepal,Netherlands,New Zealand,Nigeria,North Macedonia,Norway,Oman,Pakistan,Panama,Paraguay,Peru,Philippines,Poland,Portugal,Romania,Russian Federation,Saudi Arabia,Senegal,Slovak Republic,South Africa,Spain,Sri Lanka,Sweden,Switzerland,Tanzania,Thailand,Tunisia,Turkey,Ukraine,United Kingdom,United States,Uruguay
Albania,1.0,0.4979993936208955,0.4049762808276165,1.0305459722136938,0.8428230439247142,0.5008417993805896,0.6145239235658777,1.074022195275496,0.269368423008602,0.5021816081399597,0.7624951148083091,0.6152159039750742,0.5865231189363489,0.4647641486692078,0.5920735199726542,0.6232096034502413,0.38698624006584015,0.4349099245380175,0.36968193212319733,0.5648554012316886,0.7151890652597889,0.31358554512206027,0.42487521678163404,0.4335960896046836,0.5374874965581764,0.5700012715704877,0.6346406743229213,0.550189702158664,0.9925841993189446,0.3063242101835547,0.5611105870237246,0.48767474194109434,0.4168915194604871,1.0336457114190005,0.573952012055471,0.31288299729384317,0.3407116980868397,0.5239244746677959,0.40024473691735796,0.5049501787779065,0.5553316478793546,0.5537233846149,1.6870764313283029,0.5805175392612973,0.6294853536048164,0.5562418430579767,0.5431909318016899,0.9581513838773628,0.6260532821913107,0.9431116447666608,0.4534823047251181,0.5837191705593314,0.6951568327630042,1.3440493055582707,0.8505591935532021,1.2244984248622721,0.4589355710876528,1.0303270051484685,0.5966254055109108,0.6464193069362888,1.0883281503086666,0.5323724312572231,0.4250552541314794,0.43062941128480225,0.5444558666224589,0.7494937769567438,0.8531267735415893,0.4391738432485298,0.490060053468673,0.27692527511965576,0.731419696769174,0.7134323661640911,0.4637125686367193,1.141528383282537,0.4348982224570783,0.3500252673594115,0.8439822423116281,0.5638934770448808,0.6570701735246848,0.4900784090450292,0.4769320413275591
Angola,0.4979993936208955,1.0,0.47390972538824616,1.2011136826976034,0.8471434204005803,0.7604568945293111,0.5920665488508176,0.6827986176409391,0.4323486336442136,0.7460837736720911,0.7269674240130656,0.5894732276353426,0.6767998988895836,0.5750001905790456,0.7906227578738143,0.8248657286694698,0.4123022353513336,0.6956485832342513,0.4170913460117483,0.5906794686994314,0.7311323610788996,0.4997384090436248,0.541334701968733,0.6590468314442006,0.551709711731015,0.6222263353056772,0.7248168032649795,0.5971026499730032,0.8609674632341671,0.5506985238262951,0.5919389955513111,0.5467874069442223,0.7492926949526837,1.0096238512755265,0.5690226608287452,0.4364280635073647,0.5606955553643043,0.551189937897475,0.6855543469578468,0.6028759578760353,0.6336632949507852,0.44006614033145486,1.3490894535491105,0.6149888520096038,0.7055858702251214,0.5096313778404917,0.568050095441068,0.8107522378721618,0.7726202199701151,0.9711187988671486,0.5299052141816708,0.5934818970297193,0.9110075272238323,0.8962396469374976,0.8238070204867701,1.1054262137257787,0.5053405493025377,0.7406592998352867,0.6993028090908953,0.5959804648409157,0.8625601580867642,0.5419933374206405,0.6594080277355454,0.669666011128357,0.6494988963139718,0.9213656192819923,0.7873595077094573,0.5401691033999907,0.6297697182981585,0.6224631072412937,0.6625820390741812,0.6503336129738398,0.4296596075009519,1.3341957522008265,0.6220944276292729,0.46498024890183165,0.8738298030601339,0.601358779680808,0.5344058503469973,0.4766866522061871,0.7807865853089059
Australia,0.4049762808276165,0.47390972538824616,1.0,1.2901369700216563,0.3668807266347605,0.5481240717687844,0.24942288787107764,0.7260239587196613,0.3949053111870737,0.7401413480381455,0.4754367228441294,0.24294230031863023,0.1705771842233972,0.23241893879414677,0.27000830738183146,0.3190124444397451,0.2494185394311212,0.4624255894324874,0.2986698945117321,0.313092276338811,0.35688160795542645,0.3693926085984793,0.2679267419020732,0.5206274145900959,0.24542208336010568,0.23127622032188205,0.5139346565906697,0.2641780803181099,0.8749093791009331,0.5817434548009275,0.46662518566780326,0.3814348554663501,0.38757764857969035,0.677552380517763,0.25394704630402526,0.2639582688825998,0.2917564234543129,0.25500337736468826,0.657274480827795,0.39908718532136334,0.31678552938798366,0.17876531923308192,1.0929986004799779,0.7593261776299107,0.5227896983914742,0.27598691757146354,0.15750738608017148,0.9225732674842935,0.2799099523085647,0.5296264380765223,0.29997464750333613,0.2759097269019981,1.073951192086962,0.7990642679856235,0.42893684598522847,0.9564943299992053,0.27581304275194085,0.7098496216261092,0.28923680934160334,0.3581885415250955,0.5501680869202965,0.2520071448423773,0.7577611540857858,0.3097242266657793,0.25903267256526896,0.5557578832631201,0.4489425539739337,0.46055263832258464,0.2151906004408203,0.745043920119168,0.41226003116114496,0.32837129717344193,0.16711504758476586,0.7604133792316274,0.29271917521227137,0.19160577381727792,0.455151724410728,0.5574025436371688,0.23529943679443666,0.30949046355628196,0.4679267659193935
Azerbaijan,1.0305459722136938,1.2011136826976034,1.2901369700216563,1.0,1.6386079882605826,1.0813829792624583,1.5111096456326667,1.5122552172037964,1.2805160506080857,1.0495820566566045,1.5340223918144311,1.4658914040747035,1.5361909672452634,1.4412858801825443,1.523915100183192,1.4447875947948696,1.286883658227324,0.9923896418283387,1.2442731939924059,1.3451055769217544,1.539901254920611,1.1687923666561577,1.2243065850409447,0.7739694969515527,1.452577786940072,1.5093666886149304,1.1087526894090671,1.3412084219527536,1.1909249036115073,0.8027105223333806,1.194264303483365,1.3309229010145436,1.0829322914312929,1.689135582570076,1.352738334879562,1.1807828120733013,1.1142726917209926,1.2812408045649903,1.0207613008382501,1.0280574111699194,1.3830344757742705,1.3444588681404883,1.9504777817666847,0.8437472289032667,0.988548561653477,1.230364996371702,1.4799990255034516,0.9322910717332781,1.5276848380718753,1.5525123823014932,1.3129415945622465,1.3477883690460772,1.0591900212847312,1.7064287985052395,1.6215443818294926,1.3027138828754419,1.2854701845626608,1.5211085733607466,1.5041303128025065,1.443194915267345,1.5713674020656785,1.327571382911919,1.0088008705368572,1.2066470970267464,1.4599567912011966,1.2522354063126877,1.5081867854654987,1.089514005796265,1.3529496482461545,0.9267120492609481,1.4319143024876066,1.541631731888942,1.3264294181513185,1.7074094465716132,1.3217762202417398,1.1989929006915903,1.4809594949287375,0.958889326530459,1.3043764706376195,1.2187209554673764,1.1540791704998443
Bangladesh,0.8428230439247142,0.8471434204005803,0.3668807266347605,1.6386079882605826,1.0,0.5889458728659266,0.2112335484076122,0.39576156050054834,0.5096684236685471,0.9607921790620099,0.29540863067030765,0.22008241981108673,0.2336777170178095,0.4432416135649225,0.25153246708399984,0.3643209501668454,0.64516497343119,0.7922939742708924,0.7468407279082183,0.45553320342748305,0.3051801580046253,0.7914983529376912,0.49966897177382064,0.9623052868093251,0.3264105038928535,0.2425780179155246,0.7242565694045477,0.38146604992974775,1.023396819351149,1.1240072349349886,0.6518049641008753,0.5689294450504256,0.6432509733480667,0.2809756847437822,0.33716124570302963,0.7974148371688162,0.6963556357125702,0.49313947954386605,0.9515250369743636,0.639573251703456,0.30828388368982484,0.4425426456320824,0.7706882686484615,1.0436203052294346,0.8307965702552857,0.3763539879053468,0.2468134200647892,0.9776974968818535,0.2819266020511858,0.43458277147762836,0.5297556371379388,0.34981858642106034,1.5391123696280908,0.37729311077094735,0.16537766458685146,0.651726497398684,0.5084328777543399,0.4899619049395995,0.30405924603392687,0.4211041729104663,0.3592290157617291,0.4799833152336447,1.4246537169266924,0.5544367590154204,0.3120842043252165,0.539570981470114,0.3333861515373242,0.9786855212436425,0.3443848564576965,1.3275914513288178,0.3621691563809427,0.21417922120286648,0.5060399375236151,0.5108173729574703,0.4552500358901335,0.5450775650096424,0.3305288173564142,0.7614857871133599,0.45101820640111634,0.5721972357475755,0.5137001995749277
Belarus,0.5008417993805896,0.7604568945293111,0.5481240717687844,1.0813829792624583,0.5889458728659266,1.0,0.6590906089584516,0.5477757711229387,0.5025475433051628,0.34236348861643173,0.6473725260312576,0.6491322819646609,0.5460680841776652,0.5513014308062749,0.4974521166768613,0.3772332324895456,0.5996753256038383,0.2680080607670432,0.6993066622671548,0.5867424138931853,0.49886293205442883,0.5692055140543644,0.5782766408888679,0.5208232329899564,0.6825326394328447,0.7478740426893002,0.7386183964413052,0.9149505791688357,0.8777263103102313,0.5692351429240868,0.6942846110784656,0.8054331254122199,0.2660432264206768,0.5228821066372276,0.8683632972279853,0.582155337904385,0.45274420153667294,0.8914425171078337,0.38969630671012406,0.4848755496567688,0.4008921923227818,0.7331294668747281,0.8722113724534977,0.5398628655457416,0.5950279658734614,0.7632440986089883,0.6747554620288503,0.7705980479988479,0.41979145870516876,0.6298622413297651,0.7707024615257743,0.6181747479622313,1.346246665776524,0.6067271897543726,0.49235145642332045,0.770000574820241,0.5661294994618571,0.5305922362316149,0.46408258218176834,0.37952324238307095,0.7644285812705036,0.5272314317832326,1.0797521853303345,0.3054449708273369,0.527500849894171,0.3102896562291855,0.8028603874713012,0.6252494970329614,0.379816538408178,0.6810555707192357,0.43627424812057264,0.721922928672388,0.7133489703736171,0.6129096623863461,0.44067813188653127,0.6601487698398999,0.5216044908819497,0.633471870477947,0.8124903956689296,0.7192579090455307,0.2901568253859613
Belgium,0.6145239235658777,0.5920665488508176,0.24942288787107764,1.5111096456326667,0.2112335484076122,0.6590906089584516,1.0,0.47366685633656186,0.4956983875215565,0.8474177823213497,0.3444226887116269,0.18736777536725818,0.19755528079184229,0.2965557041889385,0.26293043224279833,0.40866326436455314,0.32592892468368306,0.5369625116517394,0.3811876474207264,0.2379297993654324,0.28473346549037754,0.4502323186199809,0.25965996066295477,0.6686645825136106,0.13685770786323856,0.12301967215066789,0.49101901881789545,0.2127681512084253,0.8450091346263658,0.8387896681212792,0.45925214059015873,0.34930252374733584,0.5223620416097959,0.5422019912858043,0.19452113912668023,0.4351670246810503,0.3650335410827541,0.2206028962598064,0.8264683596852876,0.4588700715151587,0.2954124475646327,0.19664192000901135,0.9755966519265653,0.9346852784592429,0.6297827198028608,0.25305032212563355,0.17818431390986006,0.8976342859153184,0.26754639636419864,0.4809184908475662,0.2798866212948228,0.21369170026867473,1.2173646378130802,0.5717619090581354,0.2740499549637944,0.8279557067147375,0.2514912531671065,0.5602147952935683,0.2918276540356323,0.3672862265656144,0.4033924716637196,0.25160880062168034,0.9811295392220916,0.4915535310503775,0.29256689912774303,0.6177354429628867,0.3582064555210045,0.5691181564238685,0.3374060700605799,0.9467665377702581,0.3664665342637424,0.16566860663667643,0.22903705086924459,0.7399354042126634,0.33571561270883343,0.2867201470795839,0.3622610500335472,0.5889649579571048,0.2003563015297252,0.28283531583622323,0.6560165110443745
Bolivia,1.074022195275496,0.6827986176409391,0.7260239587196613,1.5122552172037964,0.39576156050054834,0.5477757711229387,0.47366685633656186,1.0,0.7010609182908824,1.0155685122831073,0.4640798349112739,0.5409624635130811,0.5565541653901837,0.5830558087749733,0.4623834306517276,0.49952951965246906,0.8410905079296657,0.7631985548858751,0.7119219186510928,0.5466728013358311,0.3899769508529909,0.708442920115697,0.531223677136246,1.0210547848254556,0.5453286962640644,0.5527989177882698,0.6268553680992092,0.5598179422417855,0.6819806557599235,1.2153330426420796,0.6991407091119586,0.4376524540552643,0.6824986771710533,0.3481771189031755,0.5407362411090522,0.7305003280039436,0.7134882691501545,0.5634760868413415,0.9149785903849651,0.8517939942804158,0.41177262334596265,0.6246523277493752,0.5412907154176273,1.178885091013741,1.053351018949531,0.45374291897691643,0.5918308056504129,0.9684885463214601,0.5155812351894205,0.48256769735458543,0.6327374888848218,0.49016782360414857,1.206540770148047,0.34389645546681247,0.3393233687468432,0.6440020258628778,0.5724315681015738,0.3098439639623862,0.4394077420197723,0.4713190671089976,0.3592279861994852,0.6622134359735888,1.0101365641112316,0.7422419602065238,0.5682031851637478,0.47539549770239015,0.39226093061698825,0.79639140196278,0.582143611985176,1.0660632765276603,0.43598889581674116,0.49272500780540174,0.6818149694996749,0.5821709587531202,0.6948241415383016,0.6866651453048505,0.4027501569895279,0.7205394351601769,0.49928231059869055,0.5537644422420888,0.6147728459117177
Brazil,0.269368423008602,0.4323486336442136,0.3949053111870737,1.2805160506080857,0.5096684236685471,0.5025475433051628,0.4956983875215565,0.7010609182908824,1.0,0.5074072566967212,0.6377757532335407,0.46937423694178715,0.48088440752245465,0.35461213097097877,0.5572118254370757,0.5994438900550809,0.31719734005961087,0.40409095608265,0.4342153592836021,0.4809987546674406,0.5204948510049546,0.31746911378692344,0.4046397628707229,0.4840808209788815,0.46252402825058836,0.46293500967164336,0.635472559376808,0.5299689829427877,0.9128529683686336,0.4049081207461226,0.5319298472752539,0.5701887942712329,0.5424690501205385,0.7361066728650503,0.518832365432572,0.480600153900105,0.42066105142400767,0.5061979558004152,0.4858037722568035,0.4609990560130516,0.48049076696788906,0.4531089488725939,1.3248585599839138,0.5343857695488927,0.6848781698784712,0.4497933139524398,0.4532521870511298,0.9031339276955436,0.534716009376716,0.8557864622260825,0.5000547139665186,0.5432582982862377,0.9712240908343379,0.8978847773566984,0.5847840724575212,0.9587980494816949,0.40413492358963976,0.7316718773014115,0.5368001343204383,0.49764580160346145,0.9072143636753522,0.4196201891903205,0.6648731626871629,0.4682131006719331,0.4495125408605851,0.693525191786484,0.749580912980252,0.4464106535527662,0.43685119854482524,0.49439296396262966,0.5176205232690391,0.4958847593384885,0.40264742735475834,1.01390913756227,0.4070656909509254,0.38751461345722515,0.5995062480925816,0.516553750224803,0.4853022867626482,0.5442492953635951,0.45605381915068377
Bulgaria,0.5021816081399597,0.7460837736720911,0.7401413480381455,1.0495820566566045,0.9607921790620099,0.34236348861643173,0.8474177823213497,1.0155685122831073,0.5074072566967212,1.0,0.7716583070298153,0.8535780097581397,0.8309471506348428,0.7010564202439946,0.792871415015959,0.7641635665546267,0.5990384005776028,0.3411912277395983,0.7422387651901247,0.6601722020711862,0.7561706804982922,0.5613710978197121,0.6468457777052631,0.4817285304097635,0.7936275565029582,0.9431601314414506,0.808338234424579,0.9796738992571097,1.0731387602223845,0.520326724592004,0.5460949360382455,0.8274871917601739,0.4035745150631005,0.9217372681009564,0.9685356885790416,0.6853694247416728,0.5241317543673932,0.9759330745494528,0.35461310818372327,0.554769083078359,0.5797978837456712,0.8658276454545112,1.3184915371001624,0.3723604746444955,0.5115303018428996,0.9674528045147975,0.9067338769418911,0.6651052892860392,0.653177083804438,0.7423127148266896,0.7662518287719109,0.7349649711186957,1.0434592286519047,1.1402045732244095,0.9355734709661383,1.0872842599460495,0.6386916273828613,0.979502065774308,0.6493795431219334,0.637930293827538,0.9713358317145708,0.6490751328011204,0.9084632412020208,0.41261558350905014,0.7192133239305788,0.45771811339798596,0.8818002191988284,0.7230575754105364,0.6024510037271159,0.5322357656923238,0.5510999835339085,0.8910490890121098,0.8913520220148635,1.0065045249467823,0.5842085274396458,0.7454822274953067,0.9193682519048686,0.5562060135414272,0.9176913684176107,0.8462695800302822,0.44334422953825026
Cambodia,0.7624951148083091,0.7269674240130656,0.4754367228441294,1.5340223918144311,0.29540863067030765,0.6473725260312576,0.3444226887116269,0.4640798349112739,0.6377757532335407,0.7716583070298153,1.0,0.3733145449705777,0.3885494349843991,0.48177201091044486,0.3761900977472751,0.44695261855404955,0.5810898810385987,0.5002410815330127,0.5644856118862108,0.37755114280084956,0.3668684998479742,0.6062465713799635,0.4397308513004677,0.6909374460501592,0.3453254855166473,0.3710757203523002,0.5194315043976853,0.447559896597048,0.80141022416193,0.906338909862475,0.5368027766506825,0.3736247428561425,0.5570525966295953,0.37955631621338365,0.4322971801412051,0.49406499109630275,0.3925982205384719,0.471758351519176,0.8883082978688797,0.5418750937193456,0.40894125008706184,0.4476295739987388,0.909192485733767,0.8921659619858785,0.6950851017381379,0.44199132664035895,0.4349227940004007,0.8847236332511657,0.40118380935412395,0.5332598811865187,0.47751820642535014,0.29026955389603104,1.3317870893526416,0.4523916313552569,0.29611334133096173,0.7041947176536273,0.3770571722357632,0.5205493080329657,0.2757008826226065,0.4287157276208363,0.423216614578613,0.49883218773064764,1.0267253021138099,0.5964624115939292,0.3697392634788302,0.5869719833179057,0.3575710214109045,0.6492240517445851,0.4923910982423888,0.8690099530526572,0.45486213623417127,0.2721624494540735,0.5148139205585408,0.646756314236927,0.3718747641996212,0.466435179980102,0.3226598278143228,0.6552388520374375,0.38507350613091795,0.45277481819789867,0.6588341537076112
Cameroon,0.6152159039750742,0.5894732276353426,0.24294230031863023,1.4658914040747035,0.22008241981108673,0.6491322819646609,0.18736777536725818,0.5409624635130811,0.46937423694178715,0.8535780097581397,0.3733145449705777,1.0,0.17650341486358595,0.3273496309365613,0.22221677493928713,0.34665792771006987,0.31852854676760833,0.6036805367130471,0.38900044383609034,0.32646959274829157,0.33177538571403575,0.5023718941139841,0.29790624184087783,0.6956087915027102,0.19172116661298774,0.15684916221870374,0.5214242378279644,0.24846453453754574,0.9291218041536174,0.8625011736221028,0.5161346231060959,0.42219932511793423,0.5323803674812136,0.6030661851120522,0.22301960229248316,0.43195223741522026,0.42938949989384606,0.2610102288567625,0.873480071420445,0.42843517291589805,0.3085124833634897,0.19816069328601849,0.952740789239161,0.9170700956163823,0.6588301585577214,0.25644237990936614,0.17258956371801606,0.8778761202639511,0.2583034759550478,0.4993592273800071,0.29388042693620053,0.19868981227772872,1.3036049611880327,0.5967554563319037,0.32714907149272504,0.734037015449839,0.2860800733529193,0.6137227529212921,0.28156064971085326,0.44146819376534174,0.40351332314510185,0.33179875557726846,0.9520713265273943,0.4383461248887159,0.26901911583119165,0.6009286256759082,0.3365667409914074,0.5924129005896557,0.2944218941713284,0.926516804009814,0.4205442697095071,0.17792126235676253,0.2324471428845343,0.6395616046775323,0.36442635225090697,0.31191045448969346,0.3492879621846731,0.5798606794440767,0.2221043522090149,0.2861092440240115,0.5868496500049483
Canada,0.5865231189363489,0.6767998988895836,0.1705771842233972,1.5361909672452634,0.2336777170178095,0.5460680841776652,0.19755528079184229,0.5565541653901837,0.48088440752245465,0.8309471506348428,0.3885494349843991,0.17650341486358595,1.0,0.2937555514131922,0.14909755152805262,0.27095924641780633,0.4395390827453723,0.5764713272591906,0.5653894862666088,0.41889896088561496,0.24870880567480438,0.5994103543045682,0.39546336247479474,0.6931779297458295,0.28555012322604756,0.21268029169680355,0.5750737286361833,0.3476865752344047,0.8789445771091611,0.8871130074541608,0.5777937858365036,0.576464062437301,0.4081082732901603,0.45132872571185745,0.3291978750538477,0.49160774681392505,0.4921666613909511,0.4456553108421904,0.7185291976916377,0.5050358847972046,0.24378541962652409,0.28238311831600804,0.935816168794057,0.8779950841290736,0.6261660634067655,0.33206781556799303,0.16528358505871807,0.866532327489494,0.17793092302778205,0.4336652854422427,0.3990793794475899,0.28403127816289625,1.4606281245616815,0.5854152435984027,0.24844216935046734,0.7945883625839133,0.3921339202403617,0.599300408772379,0.2527407450587168,0.31156123500124705,0.45664441329726646,0.29575247419789896,1.0927475619589726,0.36242398484305316,0.25163022412848035,0.5132480308086601,0.3959798183060099,0.6938622268834924,0.22236225490717046,1.042162744518241,0.359095064480943,0.28161093257556036,0.29935709540890076,0.6026596447145596,0.32859411289453955,0.36424121001624077,0.32411161686805345,0.629993488897071,0.35036782770251845,0.4292813227221029,0.4848936725118419
Chile,0.4647641486692078,0.5750001905790456,0.23241893879414677,1.4412858801825443,0.4432416135649225,0.5513014308062749,0.2965557041889385,0.5830558087749733,0.35461213097097877,0.7010564202439946,0.48177201091044486,0.3273496309365613,0.2937555514131922,1.0,0.3367462590038304,0.4355233145009818,0.28819283858457334,0.5122377415139264,0.4718014147583707,0.37322085994038734,0.36687831286076467,0.43078843786091203,0.3473025573239992,0.5353524344834197,0.3152424160447668,0.28203386604206915,0.525969826788128,0.3598631004104952,0.8396889043418554,0.6394868139638954,0.49445105243183335,0.5149243793917508,0.5342757727325438,0.6292099856763566,0.3285864255550719,0.45162518602477897,0.3118788118368178,0.4165824885192535,0.6540919752905976,0.3809170232030533,0.3032648284150624,0.28859957098529077,1.190034536482007,0.7707886936058898,0.6362596439408558,0.3249497598398673,0.2556455005510252,0.8939930332028179,0.38457213353616826,0.6325060514474625,0.35997986475380606,0.3137152995656428,1.248646564215642,0.785148248773865,0.46272160728023864,0.7693826951968668,0.29163192563882245,0.5394477356414452,0.3336098366862176,0.2669400323508979,0.570168728941053,0.2218341030887813,0.9776093371503709,0.39716368730476287,0.23704408238745,0.6814197496661509,0.5055187466307098,0.546047533170037,0.32949180570642883,0.8261265489249636,0.38059212137550846,0.3330233532726013,0.24706601238954412,0.8073873591461547,0.3676935915602134,0.2936154704944287,0.4887425759774356,0.5707145626551894,0.3515399950946415,0.40064572323537473,0.5595593815680927
China,0.5920735199726542,0.7906227578738143,0.27000830738183146,1.523915100183192,0.25153246708399984,0.4974521166768613,0.26293043224279833,0.4623834306517276,0.5572118254370757,0.792871415015959,0.3761900977472751,0.22221677493928713,0.14909755152805262,0.3367462590038304,1.0,0.21651713761718488,0.48739881298173715,0.640649171489087,0.6835952394563471,0.49529572495254737,0.2680783016965757,0.6641398426093525,0.4569562871199072,0.7056764737763401,0.32381462580086473,0.2560130297676538,0.5937751460585121,0.4522458814115681,0.9861506282465535,0.9735476520882704,0.6685681649666126,0.6725308465926199,0.3843333254319323,0.34196055071883513,0.43377248077363817,0.5657252494310187,0.48203738206325397,0.5242317264632057,0.7702532197296141,0.5023875385904042,0.22468291627675321,0.3983254641957644,0.8154059798158997,0.9458613165289687,0.6346604519638184,0.3813095342191929,0.22297966328928953,0.7951865039821931,0.14364718722849523,0.3982702704848782,0.46902299437900224,0.28864376384969315,1.6306329154810084,0.47445683698310914,0.22966586556082222,0.6571602473257059,0.4949423414275272,0.48655338121080205,0.23581421737931832,0.30286672959484606,0.4568123171132842,0.41648763116810794,1.2274396716478784,0.34058408985154986,0.22087145552617182,0.4316827514003032,0.4348850087896585,0.7482054990553321,0.22966592209401268,1.0940638470579227,0.30537653774374807,0.2932091037205201,0.4158435753686245,0.4590917966757019,0.3748333855912943,0.45845059679018396,0.27970791331634604,0.6967887409875685,0.4119038266731917,0.509798128969808,0.40294926506921713
Colombia,0.6232096034502413,0.8248657286694698,0.3190124444397451,1.4447875947948696,0.3643209501668454,0.3772332324895456,0.40866326436455314,0.49952951965246906,0.5994438900550809,0.7641635665546267,0.44695261855404955,0.34665792771006987,0.27095924641780633,0.4355233145009818,0.21651713761718488,1.0,0.5658804840333993,0.5742267994228384,0.607539347034406,0.5815626239568419,0.2539212677745156,0.7510056597259486,0.5224457605463834,0.7299875228086056,0.4742430592646405,0.4227609563299993,0.6560069182054947,0.6700760620345789,1.0560993125997544,0.8688849818312622,0.7539273873371329,0.720137954729409,0.29603552255002097,0.3153025608944372,0.5819881544440878,0.5747009851177886,0.537198260000612,0.573589745484969,0.6248948887785745,0.4906674846699405,0.2993887492547685,0.4760357979130255,0.7759126440530651,0.8964146708339771,0.6518726377490228,0.5412338497786658,0.34856580675124504,0.83412726840371,0.23124721384296879,0.44141423661139667,0.5463062584018785,0.3924485158613119,1.790247863531755,0.4664948976611907,0.24199971928365122,0.6052270731293296,0.5868434895295651,0.4528624396624499,0.31215964923018724,0.3324215294924445,0.5192007090027799,0.4767021997974754,1.2340254755551865,0.2982202690656407,0.3014343243391852,0.28628227673702844,0.5619402266207434,0.7007142997949309,0.28663932597435293,1.0083464065961187,0.3313388969538572,0.448624813152693,0.4739670254657308,0.3628249679477862,0.3935438745627349,0.5532627469039039,0.3008896211668204,0.7546585607671913,0.5184561228029609,0.558091401952864,0.3675994923754171
Costa Rica,0.38698624006584015,0.4123022353513336,0.2494185394311212,1.286883658227324,0.64516497343119,0.5996753256038383,0.32592892468368306,0.8410905079296657,0.31719734005961087,0.5990384005776028,0.5810898810385987,0.31852854676760833,0.4395390827453723,0.28819283858457334,0.48739881298173715,0.5658804840333993,1.0,0.4602885726795133,0.26090987732542703,0.3047830501487014,0.528061234770458,0.3169188978364084,0.21245894794907633,0.4126710670186926,0.22611066502567495,0.28803706650463495,0.5115084066396978,0.318252530128048,0.8111311078437996,0.36777589349316653,0.3478542438056714,0.38793196553979825,0.49611642967524006,0.9784089135432611,0.31063120062460703,0.33709422044930243,0.3422305600272819,0.33248212636753316,0.5700743253547793,0.32172585012504307,0.4012386449459806,0.2376706584989571,1.3631276612149745,0.513812180841568,0.495231999207153,0.31681076750570536,0.31321167236166836,0.9155354602071039,0.4737819341410746,0.71611094173119,0.3191795590391594,0.3649633824758621,1.0508710077308236,1.0077254314781465,0.7777357197959949,0.9683854736140809,0.2720209526470444,0.8764175129783168,0.42151637157354827,0.5418880634355372,0.643821737646951,0.24969329316829536,0.7302958695895309,0.4185546650516303,0.3238951332214187,0.7587390087391327,0.5346789001957017,0.37309797410981305,0.404188574309697,0.5371273837843864,0.47893384790345683,0.3494874920699327,0.23998718917736184,0.9697995993722602,0.40254403945106043,0.2712640785092586,0.7132603708402805,0.3903363163323724,0.3592276834388256,0.3236017845216651,0.5600882780088099
Croatia,0.4349099245380175,0.6956485832342513,0.4624255894324874,0.9923896418283387,0.7922939742708924,0.2680080607670432,0.5369625116517394,0.7631985548858751,0.40409095608265,0.3411912277395983,0.5002410815330127,0.6036805367130471,0.5764713272591906,0.5122377415139264,0.640649171489087,0.5742267994228384,0.4602885726795133,1.0,0.44026478629983734,0.31972191066050026,0.5339891199457119,0.3218447811671372,0.4037525812785043,0.3896220923324433,0.5381698343246845,0.5715349807638029,0.46894461419569977,0.5361409519811613,0.8405064020514065,0.3822123111439088,0.48954547215455885,0.4152845446643861,0.3588808263852822,0.875271016161439,0.5349184437770218,0.3644823558825043,0.26532923612704606,0.4401111773275457,0.3956238827211713,0.3308156235893064,0.4751247036435421,0.5452133500507753,1.2260876995738401,0.4425980644943952,0.46460976567659573,0.6229554203986194,0.6079137592169416,0.8424634468973955,0.4109052841321494,0.665537854014375,0.4743020202515168,0.36909416890418323,0.8653685209757664,0.8718237326887401,0.7158546862427826,0.8574898990583261,0.33315065975654035,0.7393754592939277,0.43761900731961945,0.4998135620650827,0.6642406868789104,0.43090978567656524,0.6649055116671073,0.31957324304627127,0.41826141938487854,0.5369588245134527,0.562196351372563,0.419933000892249,0.37861218986961287,0.3980375296162911,0.5729243348427184,0.5383495384475827,0.5714465552663769,0.8036938142381052,0.3270157729287753,0.5065219072958421,0.5442581244651024,0.46455614501357223,0.4411916550777375,0.37986290586887295,0.3987801615865603
Czech Republic,0.36968193212319733,0.4170913460117483,0.2986698945117321,1.2442731939924059,0.7468407279082183,0.6993066622671548,0.3811876474207264,0.7119219186510928,0.4342153592836021,0.7422387651901247,0.5644856118862108,0.38900044383609034,0.5653894862666088,0.4718014147583707,0.6835952394563471,0.607539347034406,0.26090987732542703,0.44026478629983734,1.0,0.25297053463022956,0.7038142634155862,0.2507980031894175,0.2907291878322723,0.4750248901257973,0.29517672415928964,0.37119013991135996,0.46956738032228174,0.2989772698874978,0.8536412026983,0.4630449240391462,0.4409976544812162,0.2484848659975655,0.48542766911796864,1.2372633387066434,0.2898308920767174,0.20417331167542324,0.2675790794742604,0.22247263177194482,0.6762492134021169,0.45499051586282546,0.6074344574599384,0.23060343873320918,1.4689599875389294,0.7604081652086672,0.6437217940939762,0.3327760317119651,0.3631881846761046,1.1332723170867842,0.5760053042008855,0.9215383974416365,0.285813142567787,0.33654780862198197,0.873930510705959,1.1467989672676597,0.8927051917827359,1.2438207485070951,0.201812379449318,0.9342698796342714,0.5231995767345895,0.6782104562147013,0.6990326049954765,0.3775730621957865,0.522294300899092,0.5434523610739973,0.5589382310364038,0.7842032580757736,0.5197868945743936,0.31016705878978634,0.479122990340633,0.4824434048917261,0.6663516299363874,0.47074226771230776,0.25222532794048413,1.1098404855115882,0.4170528630450554,0.2723589228298998,0.8459157422089387,0.5318509612797793,0.25849741334974236,0.20193946596634543,0.6581225019925392
Denmark,0.5648554012316886,0.5906794686994314,0.313092276338811,1.3451055769217544,0.45553320342748305,0.5867424138931853,0.2379297993654324,0.5466728013358311,0.4809987546674406,0.6601722020711862,0.37755114280084956,0.32646959274829157,0.41889896088561496,0.37322085994038734,0.49529572495254737,0.5815626239568419,0.3047830501487014,0.31972191066050026,0.25297053463022956,1.0,0.5018175611630393,0.28335707889824047,0.22150344474484276,0.4803406002292637,0.19993065671476853,0.22295424662288096,0.42900057694119903,0.23070050006147239,0.8064071634856107,0.5327664011179588,0.3755691776155661,0.26506016963892454,0.5128498234903638,0.8649482453013538,0.23638651927681947,0.27809943646974533,0.1925612404242318,0.21352085507883475,0.7326629573824576,0.3688369111269567,0.48024749359121793,0.22981349780400948,1.2670611590872125,0.6937376338178378,0.5923095855631909,0.3465773554252797,0.23838729168169243,0.9717041942655783,0.46226442141377855,0.7294287472147286,0.2705583096341289,0.18537592553486176,1.0570097699696719,0.8586494485096067,0.5640095435453062,0.9382689252260145,0.15977220757597985,0.6578952639142545,0.4112614285774764,0.5560425787373235,0.47193085019252756,0.35628619854204746,0.7295866767615413,0.6190583497205913,0.34930162671159737,0.7379496250474568,0.3980202016458161,0.35969686327588135,0.5370866827691103,0.5745601156328846,0.480114630389048,0.24117754575342115,0.2876574150689587,0.9429063854844218,0.36713000277953944,0.2725104730193243,0.5386404785240471,0.5047552541885744,0.16294170844743372,0.21512319763905424,0.6892804778219661
Ecuador,0.7151890652597889,0.7311323610788996,0.35688160795542645,1.539901254920611,0.3051801580046253,0.49886293205442883,0.28473346549037754,0.3899769508529909,0.5204948510049546,0.7561706804982922,0.3668684998479742,0.33177538571403575,0.24870880567480438,0.36687831286076467,0.2680783016965757,0.2539212677745156,0.528061234770458,0.5339891199457119,0.7038142634155862,0.5018175611630393,1.0,0.7094532797035487,0.4509422731571724,0.7605763980636427,0.3773465031504207,0.34940444794452524,0.6490214415633158,0.5065339843984809,0.7919869917824368,0.969861272254269,0.6609025217592961,0.597875663189653,0.38694937728153317,0.307380374722779,0.4558129710152279,0.654384575207146,0.5641952249131376,0.6270082411592497,0.6617689736549284,0.5731027223538804,0.2027720907812568,0.5019613776799796,0.9122412689754416,0.9565253492135514,0.6976436831286674,0.41723201410184363,0.35144815470356594,0.8794406611155572,0.22259691847631685,0.43287098233936705,0.48958495170560823,0.39006405975099573,1.4571765989508467,0.42369273412861963,0.20390488807170565,0.7022136070071144,0.5185244718582214,0.44850723628189093,0.28829100453386847,0.2688486123975114,0.43478820119901074,0.43351696098586495,1.2661580377868922,0.40054740636735864,0.2890179686497776,0.4252976939833558,0.42328840634284204,0.8186830899355494,0.27246609575348174,1.1203292537947072,0.2849882732543988,0.363920574631445,0.4453318368522007,0.507563335905584,0.3785726254599022,0.48956570421489154,0.31204279549076785,0.7409108889551441,0.46763605683263865,0.578445850597731,0.4275438494668363
"Egypt, Arab Rep.",0.31358554512206027,0.4997384090436248,0.3693926085984793,1.1687923666561577,0.7914983529376912,0.5692055140543644,0.4502323186199809,0.708442920115697,0.31746911378692344,0.5613710978197121,0.6062465713799635,0.5023718941139841,0.5994103543045682,0.43078843786091203,0.6641398426093525,0.7510056597259486,0.3169188978364084,0.3218447811671372,0.2507980031894175,0.28335707889824047,0.7094532797035487,1.0,0.3538497552568317,0.4306807058244376,0.3847131156409772,0.4441806988393776,0.46196624829966426,0.3815956436669739,0.7661951142675121,0.3428775524412705,0.45924047677953705,0.34296016557473963,0.505786174746174,1.1670878016146913,0.39527201242000587,0.25797085163734856,0.28916221275193876,0.35756145119503974,0.5830101762668787,0.41012649528503986,0.5505873052706658,0.37178108108991936,1.5169451791602597,0.5597755826738766,0.6573989137956331,0.4579860664055684,0.46289396169166774,1.0847534150115603,0.5624539141495235,0.9405278772062775,0.31022177698995196,0.3770847732902154,0.7953218984043074,1.1444359943473863,0.8811934295102534,1.1537722291580395,0.2379066409269931,0.8523328915623773,0.6030936136088165,0.6548088369034719,0.6759044286852611,0.34508929027870905,0.43661046830624006,0.45005871357078353,0.5500841503501831,0.8525826772653942,0.5136240662271662,0.3134678798344289,0.5288592441457515,0.3190544278106636,0.5819224548306943,0.48472393504815503,0.3561576809071261,1.1875921209804088,0.4036380554623311,0.2582252442196039,0.772062142063675,0.48361234383963825,0.3515401199197094,0.23042725185584906,0.6411817411121205
El Salvador,0.42487521678163404,0.541334701968733,0.2679267419020732,1.2243065850409447,0.49966897177382064,0.5782766408888679,0.25965996066295477,0.531223677136246,0.4046397628707229,0.6468457777052631,0.4397308513004677,0.29790624184087783,0.39546336247479474,0.3473025573239992,0.4569562871199072,0.5224457605463834,0.21245894794907633,0.4037525812785043,0.2907291878322723,0.22150344474484276,0.4509422731571724,0.3538497552568317,1.0,0.38703216319856043,0.2197350153702454,0.2766477591931221,0.41009366856961293,0.3256160638026865,0.7491209184634753,0.45947793648010876,0.34673450296369157,0.3643591482506592,0.456034058115273,0.8983574699759989,0.33192605056567986,0.32683468872997,0.2909264604671186,0.3599162272463957,0.655607730155274,0.4044539174934785,0.4468688666200189,0.24111104652792886,1.170541598745862,0.5389004733488504,0.46882450080709404,0.3617596204965924,0.30166003844216915,0.9287149963176984,0.4345115114066966,0.7143474892222956,0.3116790388466235,0.2990894132121774,1.0291530732278729,0.8371704766686903,0.5959108438645444,0.8694510425369445,0.23258726931034907,0.5831736408866874,0.3725920019757836,0.5144924654017535,0.4803806079330103,0.32107654506564964,0.7772976222469815,0.501190636488116,0.35929637329581127,0.693466585635089,0.389529420173906,0.3228600704758287,0.4374331478352235,0.5942419609853913,0.4529359701412806,0.3002344224180696,0.3017043895912748,0.8808307002725284,0.3274908743635586,0.30745847349535455,0.5417335394326488,0.45351182475457463,0.2647373426692463,0.3160847361017975,0.5791574698547852
Estonia,0.4335960896046836,0.6590468314442006,0.5206274145900959,0.7739694969515527,0.9623052868093251,0.5208232329899564,0.6686645825136106,1.0210547848254556,0.4840808209788815,0.4817285304097635,0.6909374460501592,0.6956087915027102,0.6931779297458295,0.5353524344834197,0.7056764737763401,0.7299875228086056,0.4126710670186926,0.3896220923324433,0.4750248901257973,0.4803406002292637,0.7605763980636427,0.4306807058244376,0.38703216319856043,1.0,0.5765926196260629,0.657094622809032,0.5166229894674179,0.6695326800407045,0.6321103586831885,0.41815177332995657,0.3707300191262914,0.5002741912035417,0.545800976880061,1.1500738861097313,0.6509274894602866,0.437840110068872,0.35895736714469384,0.5978450423726686,0.651244281244363,0.45723984041174814,0.5923094863724234,0.6208251955683557,1.564376448337661,0.41886075244252463,0.4136966453432944,0.6929351067729362,0.67419900195635,0.8868505291403034,0.6261352428664697,0.8491909948132256,0.5481586826680485,0.5200651458305122,0.7475577952803508,1.2517594952152202,0.9823306380436354,1.03540237370059,0.4298986672589036,0.9876186236338136,0.5817445104821282,0.6977689138053327,0.9161211800224578,0.5334358358183597,0.6431079293601409,0.4532253677744672,0.5882106568765004,0.7247372178521206,0.749121136564654,0.43191607261805937,0.5142421882149757,0.4991212759670671,0.6715536664991723,0.6771868736076807,0.6094441745467778,1.1009972958647256,0.4563435631186227,0.5146074360483707,0.8623845624399215,0.44689923997782854,0.6399856137687763,0.519609537853114,0.6361134963799566
Finland,0.5374874965581764,0.551709711731015,0.24542208336010568,1.452577786940072,0.3264105038928535,0.6825326394328447,0.13685770786323856,0.5453286962640644,0.46252402825058836,0.7936275565029582,0.3453254855166473,0.19172116661298774,0.28555012322604756,0.3152424160447668,0.32381462580086473,0.4742430592646405,0.22611066502567495,0.5381698343246845,0.29517672415928964,0.19993065671476853,0.3773465031504207,0.3847131156409772,0.2197350153702454,0.5765926196260629,1.0,0.13007005885801906,0.47146463294484053,0.19360310375841622,0.8949395589748993,0.701737542026247,0.40931622918392746,0.3302971440696393,0.5350651670212335,0.6954208794925916,0.19032586875990945,0.35100782823127097,0.2970528262144,0.22787409663178765,0.8066754148533937,0.3727820911583564,0.38584393951286633,0.13871656461717652,1.0924260625459488,0.8105701588719018,0.6326134127684673,0.2740559505711246,0.20080791216544705,0.9525636909292308,0.3210941043997657,0.5917012984261067,0.26730042558907663,0.1991415633521316,1.1549899621765811,0.6663569014496824,0.3966347965835513,0.8624798426316451,0.2257299579915931,0.6261784132338578,0.331209095214063,0.4902774153966979,0.41472192344960146,0.3034326670535902,0.8465908993730974,0.4843505365080819,0.30043800642704943,0.7306303900835733,0.35866370327036734,0.46917253070445364,0.3664263023659683,0.7979093123294443,0.41754354703614704,0.13788259626602298,0.21739522255485458,0.8111692193731874,0.3446633009176133,0.2545685135150012,0.4310244213908289,0.5273435221776831,0.21064477504169937,0.2577740029599837,0.6489177133458844
