Country Name,Albania,Angola,Australia,Azerbaijan,Bangladesh,Belarus,Belgium,Bolivia,Brazil,Bulgaria,Cambodia,Cameroon,Canada,Chile,China,Colombia,Costa Rica,Croatia,Czech Republic,Denmark,Ecuador,"Egypt, Arab Rep.",El Salvador,Estonia,Finland,France,Georgia,Germany,Ghana,Guatemala,Honduras,Hungary,India,Indonesia,Israel,Italy,Jamaica,Japan,Jordan,Kazakhstan,Kenya,"Korea, Rep.",Kyrgyz Republic,Latvia,Lithuania,Malaysia,Mexico,Mongolia,Morocco,Nepal,Netherlands,New Zealand,Nigeria,North Macedonia,Norway,Oman,Pakistan,Panama,Paraguay,Peru,Philippines,Poland,Portugal,Romania,Russian Federation,Saudi Arabia,Senegal,Slovak Republic,South Africa,Spain,Sri Lanka,Sweden,Switzerland,Tanzania,Thailand,Tunisia,Turkey,Ukraine,United Kingdom,United States,Uruguay
Albania,1.0,0.35342188549211584,0.37393636070192243,0.46955863043190643,0.6716306245479091,0.2607745015454048,0.23279538644869235,0.6093644238907265,0.4477474088696769,0.1490129635206036,0.49440165810744713,0.14982930228410227,0.27173897982307255,0.3667624942830309,0.5664031318833691,0.4275266056106434,0.5154130462131289,0.23283221755346006,0.10089978294606324,0.2121036538423076,0.35420084532462653,0.5964609534381834,0.36317882436595705,0.21610495440048272,0.26830328568445583,0.3139198831520924,0.3274627139273826,0.1487413446841247,0.41476743776587166,0.501759034404004,0.369598232484098,0.18269883212525076,0.420950381464101,0.4132608958077986,0.46381452566236814,0.4938861467909199,0.23845460992811798,0.8418342249012127,0.2573723172320173,0.4282557531623736,0.5303346155355542,0.35178660143595086,0.3620187846648749,0.1587431240356125,0.18955836177257782,0.33120011995954196,0.3970683152172394,0.5190612122802165,0.08564717101004861,0.5754499489729222,0.2939635211407751,0.3454555408110176,0.339687835346711,0.12831682472835568,0.3268409078058184,0.38884486249624567,0.4096743967197352,0.60013516682371,0.4571616467301263,0.4485607887820614,0.5000333594922436,0.10628711428154491,0.33636760521503606,0.18455683601418724,0.3708422507368062,0.3222036699279931,0.10355971372302786,0.09779092564655872,0.43402482988674546,0.4034902945073815,0.506521921203662,0.2583479727426444,0.3065973856191714,0.4958996537915983,0.36036254059137157,0.25993882749169905,0.2440661838172455,0.3783478243560653,0.6012700172958096,0.41785774894872185,0.6328866582846918
Angola,0.35342188549211584,1.0,0.13947910639170688,0.20917353110560988,0.7323324986050019,0.17531128898552825,0.42596319847851766,0.5710949284662169,0.2810792431028824,0.3340617942511249,0.5582842721112081,0.3278968398273366,0.27071191886276014,0.261403512242251,0.5529316712021104,0.17343619501088603,0.493207664304606,0.5037709898349025,0.40701728540451987,0.4092671908267039,0.3173755505838736,0.4382709920885933,0.4392070295584048,0.35595851249998595,0.4815134690370986,0.4966264546730198,0.2354843511903904,0.3552997317102654,0.38468299665434386,0.5462161030260848,0.4415124552895995,0.47358183143241533,0.48644789859627874,0.35513029645239835,0.4801592167145747,0.6854274925767877,0.30942181063008856,0.8000391947465695,0.35582259738852545,0.1292744473493837,0.5892486635048368,0.46771457917184367,0.2865395452446384,0.33763407862407335,0.32450514479339854,0.24342151695719222,0.30924940220476993,0.33214823121779125,0.30835887207509766,0.5545718099833042,0.5061153952117545,0.3368877639706106,0.08881230565990675,0.3213526203560347,0.27617142042678045,0.17950722584356457,0.48191667211468425,0.6004183631564883,0.35791635413921263,0.34212929070531195,0.46362303776725006,0.30702420645434875,0.592609281674042,0.38872241154881726,0.16981905371419131,0.13224333501610597,0.3625570828149376,0.35208189199121503,0.47639348585074737,0.6310604311536555,0.45158167919174147,0.3182731034479637,0.26991407381413235,0.45606498928094563,0.3871286992512226,0.2910436727381583,0.19459678207464326,0.3561286540071522,0.7392536530891969,0.5428266054360968,0.5444621906205143
Australia,0.37393636070192243,0.13947910639170688,1.0,0.25233095740892997,0.658781951201183,0.23810666897696234,0.4691911977634629,0.49657167343539343,0.2514876321825962,0.31535444083687086,0.49281851167508506,0.34856632033790713,0.3136174155518363,0.1668529889202799,0.4787840505060056,0.10727665826783195,0.41852553357800404,0.5477844994603327,0.43188590067004107,0.4448671028643702,0.24995324495995425,0.3880151006573809,0.38335264548705017,0.33310148143690854,0.5273607023076611,0.5443074489820096,0.16605465786770612,0.3664867450900652,0.3226876510470272,0.48135649162753225,0.3816048858290369,0.4959165893612166,0.41526421039258293,0.25935262820689214,0.4038258525788961,0.7352315800026389,0.280274263104745,0.7524899715633993,0.3197170426966508,0.11200449289176745,0.5276865055384689,0.43716517826109397,0.22921218274464034,0.35756471940643175,0.30724827324235804,0.17049707707556794,0.37815315376976116,0.22907094056599742,0.3221283893943273,0.4660671294939919,0.5507815396776827,0.28029163322849815,0.19989448645964936,0.31872366284633574,0.3454938086716176,0.22916214346846409,0.42282390497577116,0.5284200162053913,0.28989482134653594,0.2527134942353519,0.39121918737547934,0.3242883865494517,0.6367101969480975,0.39644448577950897,0.1894813059022508,0.08686593560731368,0.38382487287511374,0.3913679720424626,0.491085730596699,0.6859852908014673,0.3656160584358096,0.34994111886436635,0.20903333879247235,0.38526501688578524,0.3105105929076969,0.35095762823470184,0.21368982287546381,0.40384868053311523,0.7954902186699265,0.4919537655028474,0.457751214107277
Azerbaijan,0.46955863043190643,0.20917353110560988,0.25233095740892997,1.0,0.8383374741432374,0.23192603563713254,0.5167507007053216,0.6656250690768267,0.1950300575621151,0.4447137541213652,0.6819560688220397,0.45685928159354444,0.37925932422742215,0.3643661656446369,0.6570475229730565,0.20389790193432947,0.6084561285096232,0.599872389216835,0.5060256897399656,0.5128408751160173,0.4524341397548725,0.4794486274412989,0.5888869383023306,0.5179006537947735,0.5720016491459676,0.5624227229459906,0.36227290615192353,0.46473969936659315,0.4921120418432395,0.6735318304195564,0.5675465739428472,0.601960683524431,0.602042224187134,0.4421971977389736,0.5791554373790122,0.7380909989240694,0.4535104704699401,0.7239551080999578,0.47737335021807564,0.1924059569266708,0.7056543315556107,0.6417562514034606,0.40627725685373905,0.48831954922158055,0.47583411191592134,0.37474094304449895,0.43643724191493827,0.4126686109349372,0.4128490289449877,0.6503203138821069,0.573578689907135,0.5047383932100605,0.22985926581782537,0.44116093593207495,0.33230567183000387,0.231620174786042,0.626894953911735,0.712688485559739,0.42549981518582847,0.44059295961203865,0.5683697623299653,0.4117476220576839,0.6674864707502196,0.5098766238443778,0.20121543177821483,0.2658155113334386,0.46603559962161467,0.46822524732951176,0.5105980268178385,0.7073496297146598,0.5471393309902204,0.44094654414559914,0.3725443916242759,0.5579405640075285,0.5023285588685009,0.3563561034293013,0.33167997506356256,0.3720623131520827,0.8695966770174925,0.7019711787151992,0.589411715559483
Bangladesh,0.6716306245479091,0.7323324986050019,0.658781951201183,0.8383374741432374,1.0,0.7697498206751546,0.8580790859922293,0.2299350080774829,0.7839769488910748,0.5599130513563023,0.1959563347026147,0.6956230692967238,0.8250705594800554,0.5290628460401517,0.21048878943039048,0.6735562409975366,0.26559665832609225,0.8513577229023133,0.7398820491435174,0.8267502400807781,0.4467639011740018,0.5129704842053121,0.3518431018845883,0.5064699011724795,0.888899109965778,0.9378180034798129,0.5192241312292513,0.7334765394813524,0.38321741599756254,0.20766168878535776,0.3411232805998304,0.7388441882389913,0.28337917309422245,0.44776972096409184,0.2847367506998587,1.081890268030478,0.628293781919171,1.1479892368831224,0.4577689746643307,0.6983988475323603,0.1809260649310503,0.43278705404296697,0.4706122569041209,0.5944346737597197,0.5245916810601274,0.5140869564830717,0.8648640214573022,0.527300964039446,0.6794019799324434,0.22946530518147337,0.9195913888984405,0.4912159884502326,0.7453580497739537,0.5848233986631257,0.8983665465916681,0.8291707107964891,0.29982935874923733,0.16587255878757515,0.4483134345351688,0.4324132267144396,0.2984983718127776,0.6422516320156687,0.932776986491832,0.5590799164553139,0.7956607984194961,0.6724197466708387,0.7094522745326223,0.7449677557597795,0.9761413214969011,0.9967028446987303,0.3338897003796791,0.8101057740808579,0.6411853807601647,0.31612429620487176,0.3828130098908169,0.8488992928180783,0.7121275001476853,0.9286069285868508,1.0494009055530187,0.37308467854855043,0.37577620642874926
Belarus,0.2607745015454048,0.17531128898552825,0.23810666897696234,0.23192603563713254,0.7697498206751546,1.0,0.3132668186088701,0.6365877281318812,0.2606878254511444,0.27747809401132045,0.5924860412665233,0.26060589094470804,0.2119983944732965,0.3130321795749925,0.6120289243245426,0.25921429168348087,0.5568259954487594,0.3891134109543252,0.29177980611530424,0.3046830696960068,0.3728027334978522,0.5238476517823166,0.4704595862832009,0.34950503601473487,0.3676946193785945,0.3744840320015654,0.2898334675284766,0.25123480868354164,0.43061153870287816,0.5879940874911972,0.4635638398420305,0.3918335379844763,0.510181464262306,0.4051312231841192,0.5117146511099203,0.5683837610337944,0.2946740847753308,0.7539127516455357,0.35038794427743536,0.2510907161186169,0.6207877599644944,0.49229941770938573,0.34752445421943506,0.30515603901009886,0.30801828387730185,0.30250593533430886,0.3270774848132558,0.4404114643225032,0.21032330903690374,0.6135081304614296,0.37949398441728716,0.3953149355423656,0.1685971467736859,0.25701985365065333,0.20308721558232232,0.2162263128063125,0.518995493121809,0.6604493547755428,0.41356636710063116,0.4181240828089546,0.5247714802988299,0.21726237959830674,0.46830489379144813,0.33551856229806154,0.1783397715237607,0.19600929038200166,0.2581599358427709,0.2474765156840212,0.39281750395668774,0.5171403464535322,0.5158483486219494,0.2549922225186157,0.2795764613506403,0.5158906993525638,0.4132075308259198,0.1925370824648793,0.1673315406394378,0.27095976580622994,0.6977604595668693,0.5632507529787324,0.6034896209084619
Belgium,0.23279538644869235,0.42596319847851766,0.4691911977634629,0.5167507007053216,0.8580790859922293,0.3132668186088701,1.0,0.7947735390168128,0.5147960414766425,0.3588866009337546,0.6889585724849538,0.21613366590398753,0.22755275604245387,0.5180179874239756,0.7566340028525042,0.5329001520889713,0.703716728575668,0.13433209047185896,0.1710334266205988,0.06438902236871355,0.5276451613880757,0.7573175135406154,0.5519203924660234,0.3928757109192494,0.07962540764106701,0.10180353812255363,0.4901546810482329,0.16360843951879497,0.6016574203034863,0.6905689763842796,0.5714440282917,0.19645637670653263,0.6199462912775556,0.5899067444201025,0.6569161763709451,0.2969691886950427,0.3460687718924732,0.7871379390764841,0.46537392033300823,0.5206783250872316,0.7249103419910121,0.5103017340548779,0.5344444279726259,0.3331653925114597,0.37944461405606944,0.4941503920532206,0.3724223314629544,0.6566369108735516,0.23451953671581108,0.7602233574480148,0.10959223773574607,0.48016949447236695,0.41198547653186346,0.32353320688349807,0.24636291780241243,0.4114306203845825,0.5983728558092373,0.7878024741466315,0.6348578816423678,0.6185389857572583,0.6879658925002418,0.29620764337294836,0.18618364837813509,0.38236780763898837,0.40658004739993403,0.4159880969853143,0.18574327821873104,0.15342069473155517,0.3022268964277332,0.23168735861668086,0.6890574027296977,0.17598748768801373,0.3976624468431632,0.6814028469468126,0.5521332178374435,0.20176988216849165,0.30374810403065805,0.3130159007502154,0.45961522400325994,0.5714370244953049,0.8056138451716373
Bolivia,0.6093644238907265,0.5710949284662169,0.49657167343539343,0.6656250690768267,0.2299350080774829,0.6365877281318812,0.7947735390168128,1.0,0.6317178168579318,0.48558000256964223,0.19042238309670395,0.6193415530675828,0.7231059740909351,0.3775871295548468,0.07106163156467084,0.49583110684437415,0.12691471541840732,0.8147590460196988,0.689543213114463,0.7636066750871808,0.3158282841878034,0.306497876248112,0.2995776516871617,0.44305510477590926,0.8372059451476779,0.8788815405661854,0.37090170694015145,0.6637858163472466,0.23120000506318444,0.17230321742997598,0.2778035275486975,0.7121227936272811,0.23337926936950976,0.31140146853923606,0.17149674127683967,1.047431253494973,0.5505238806785339,1.0729981628307264,0.37151851748015197,0.5179406523498578,0.17692669521294577,0.41319626946338817,0.3167049091646232,0.5237062090545016,0.4484662355753866,0.3686992661977014,0.7530564561380584,0.3445919765517593,0.5981835664515898,0.12122250763141831,0.8686588695146935,0.3942357124702519,0.5866180486573565,0.5038974940826937,0.7830082992305137,0.6825185090880274,0.26526136584351395,0.09827451198764595,0.2612912485540626,0.254469400814057,0.1260915747002602,0.5580071701567046,0.9043272515532914,0.4992899993306535,0.6509538345702188,0.5244603050046597,0.6442709118886591,0.67686213995839,0.8952037406922039,0.9663484498520559,0.16971915057463263,0.7206348837855654,0.5260087616720206,0.14460742058977774,0.2817849822402575,0.7428402874534252,0.5908689383023564,0.8227833808646704,1.02829978735247,0.3943944041012739,0.19532510677140227
Brazil,0.4477474088696769,0.2810792431028824,0.2514876321825962,0.1950300575621151,0.7839769488910748,0.2606878254511444,0.5147960414766425,0.6317178168579318,1.0,0.4003642437285563,0.6338342496990564,0.46463392696519723,0.37791066241998117,0.3015496882633076,0.6190973936249403,0.2061236400250168,0.5668071543648263,0.5874555993946367,0.47423210262036314,0.5078399580999243,0.4295850168819923,0.47202764454035007,0.5490782370032483,0.4888683688422356,0.5656249092105847,0.5590488813500435,0.33435919973944733,0.4323352975956731,0.45871453390736694,0.6286075399714616,0.5097027975932675,0.5915803936076047,0.5416936352407167,0.376444746800547,0.5248468483256563,0.7347960310136905,0.39695132666307087,0.6326877026388132,0.4392505935504206,0.25684343091211537,0.6552979142353937,0.6149609585840854,0.39529639663206295,0.4788949635421088,0.4476502417142376,0.34772964636696946,0.49231451704815293,0.38713258315468807,0.3911969247434824,0.598761898628277,0.5620341270807131,0.4953516007576043,0.3217900546658654,0.4176393163961793,0.37447907642176154,0.2590927869551289,0.58706311167299,0.6706337388382402,0.39185203550709063,0.4043393134308289,0.5317255256253813,0.38256370685109936,0.6573418936397719,0.4802058296639555,0.20499231991685335,0.26144914310512224,0.4531891938014915,0.4568499826845476,0.4683469785721122,0.7115574269759825,0.49884900687616573,0.4426124588505973,0.3503005494824167,0.5353036137923692,0.44230347226440586,0.3842121048499326,0.3161832359994102,0.35677819683106976,0.9020701136278225,0.6692609068354881,0.5320137603749752
Bulgaria,0.1490129635206036,0.3340617942511249,0.31535444083687086,0.4447137541213652,0.5599130513563023,0.27747809401132045,0.3588866009337546,0.48558000256964223,0.4003642437285563,1.0,0.3818659717315356,0.21543577309697004,0.34490439126535916,0.2653205201623449,0.44197278333084433,0.35785975918807306,0.39142768653962395,0.37169647076831996,0.22537032096965903,0.3354243352654944,0.24041854833002482,0.48315099450993154,0.26479779291243344,0.17300431877560246,0.40151383767660176,0.4406259098098393,0.22626866070879317,0.23664157045084486,0.293961776232072,0.38931325256245164,0.24566766322617076,0.2982925610360769,0.29499827709672877,0.28443924018116906,0.33495622515733203,0.6232062474762035,0.22801142735064153,0.8436622791243343,0.12711590756847393,0.37461217512483713,0.4171699865237613,0.3108480532102021,0.2508015958070473,0.17160250997618925,0.13116765376688322,0.2284530009821467,0.45896566650846227,0.417655731869329,0.14114052712919561,0.4484571002992235,0.4233950476860066,0.28092709356249135,0.3330683880342314,0.08054899801626429,0.40209299159387696,0.39697375674726143,0.30780288183380305,0.4810112574290441,0.332852886280892,0.3269921167607938,0.37313490516806236,0.11208081326635856,0.46845982138800163,0.15040631165948695,0.3659851929169685,0.28079894611681544,0.19406706358092632,0.23057290766339295,0.5128636386001355,0.5398963169592329,0.3757896231766775,0.3429571185195947,0.259082343755373,0.3710687088422969,0.2298937546274918,0.33362132257654387,0.2536463720007109,0.44403955012682766,0.7196999446177492,0.35944864658787623,0.5054204814490594
Cambodia,0.49440165810744713,0.5582842721112081,0.49281851167508506,0.6819560688220397,0.1959563347026147,0.5924860412665233,0.6889585724849538,0.19042238309670395,0.6338342496990564,0.3818659717315356,1.0,0.5217627725722609,0.6479974881091204,0.36331103956518174,0.1378858983575503,0.5179697332584473,0.14104065183319722,0.6886266225251036,0.5694153378713415,0.6567126536781419,0.2745129255515327,0.4200553902946592,0.16744769405702062,0.3208588480310373,0.7237282216323264,0.7742439625634792,0.34292575230534056,0.5606510320346382,0.2187368288401765,0.04816074125495093,0.16165307898892295,0.5770928563683997,0.1146018215530177,0.30011197775240167,0.13886792241114645,0.9337622932372373,0.4523929101193273,1.0505806535931264,0.27689607458898374,0.5390823591177625,0.08116911906496167,0.2704945264465042,0.2986219993795877,0.41176770248493194,0.3365517332187657,0.3394258689686637,0.6951291134000549,0.3996722516400879,0.5018815457539174,0.16771908509288458,0.7571929003796889,0.32351172407812606,0.5708563711353258,0.40447002712636293,0.7233430560207003,0.6597894561417568,0.11922706844246364,0.13697907120628705,0.30846876982561017,0.28483094350474,0.16705710712284919,0.4623118552341496,0.7798331054681489,0.3836943115296789,0.6261636848640019,0.4993344347197193,0.5369447443777956,0.567540072727285,0.8180454116889202,0.8447543938050089,0.21683871894817922,0.6355886709419623,0.4789722453405604,0.1906062766620849,0.20773292996545753,0.6750734706462306,0.5328399537979563,0.7588038255100191,0.9143068225416794,0.2441610179156862,0.32585223743295383
Cameroon,0.14982930228410227,0.3278968398273366,0.34856632033790713,0.45685928159354444,0.6956230692967238,0.26060589094470804,0.21613366590398753,0.6193415530675828,0.46463392696519723,0.21543577309697004,0.5217627725722609,1.0,0.2571910182152473,0.3834881999691339,0.5785655291093876,0.41615287779680615,0.5279696066108789,0.27026833711343606,0.18874505011165904,0.18392688998656662,0.34247491349134834,0.5977874090111918,0.38200446713272107,0.24281187235079618,0.26430314649136843,0.30198330570613935,0.3348700900899731,0.13712965592595175,0.4374331141743379,0.5223220494881504,0.40655660810462746,0.18791075223483095,0.4517616614891972,0.43033278981167905,0.48757142665435016,0.4872513979155341,0.2702175701552267,0.8346142076897574,0.29365211467726954,0.4024888292992571,0.560810046729055,0.36691200539246577,0.36560157130313475,0.22051737916057873,0.23105824174290845,0.33105362668656485,0.36872647261086006,0.5085815158891998,0.12489305753216295,0.5906456329372273,0.30012794448305075,0.30119035340299033,0.3092230757837467,0.17124525807818958,0.2979765251033833,0.3814524566596407,0.427026370113032,0.6141628363290417,0.4728172099296278,0.4514808251994902,0.5129507464403136,0.20292785292852628,0.3496858873739955,0.2749896432101408,0.3677494458368948,0.3038245773365161,0.11395881796891125,0.15811920108057717,0.422027859060327,0.4067413020737136,0.5140222498771468,0.2027062716948464,0.24714228728584786,0.49514938304796313,0.38744920396845994,0.2155177907501973,0.2203333904092356,0.4029719482724328,0.5601094465496403,0.4148038004606857,0.6517053575563753
Canada,0.27173897982307255,0.27071191886276014,0.3136174155518363,0.37925932422742215,0.8250705594800554,0.2119983944732965,0.22755275604245387,0.7231059740909351,0.37791066241998117,0.34490439126535916,0.6479974881091204,0.2571910182152473,1.0,0.39356826999561106,0.689465498454238,0.37672779427524133,0.6264980744044562,0.311472366757329,0.26614110684176084,0.20977615737683972,0.43995997409755455,0.6550416628794853,0.5006592611541378,0.3578927216141061,0.26736551844091955,0.28442215937973014,0.37679852777493605,0.207575378977339,0.5277378658900445,0.6455349792897663,0.5217950029189139,0.3204565100306093,0.5717082999360686,0.4820900555690297,0.5970608955015962,0.46170723219605114,0.2411843876224128,0.7085217248828095,0.43179369279566915,0.3641951634053373,0.6878890137551246,0.47492985429207046,0.44479444058482737,0.33239859260790533,0.339696846613024,0.37905946680089553,0.21698438173928628,0.5093915352439691,0.2516325887160751,0.6819310557017279,0.29440001531485305,0.400228016392077,0.28560421886881404,0.3287441762949012,0.12686973573914473,0.2386231020460079,0.5541046544702086,0.7265300266265402,0.5396146982422632,0.5078014398443494,0.6129493571534266,0.2916736658882772,0.392758513694229,0.40035740440849704,0.22567921834445895,0.2554769821042671,0.2714891144105758,0.21604980084071815,0.2544000661990895,0.4255661096857362,0.5991957702352058,0.11538919697821733,0.31317949487564506,0.6091011625123205,0.4809324149377688,0.19264720107101257,0.19161578542839988,0.20269733069957363,0.5597081221014039,0.5507810358103248,0.7140999937800463
Chile,0.3667624942830309,0.261403512242251,0.1668529889202799,0.3643661656446369,0.5290628460401517,0.3130321795749925,0.5180179874239756,0.3775871295548468,0.3015496882633076,0.2653205201623449,0.36331103956518174,0.3834881999691339,0.39356826999561106,1.0,0.35818401444138986,0.1878708508039942,0.2969842167306,0.568972234242,0.43414738126003416,0.49146748759837217,0.18231733131344796,0.32836058102594035,0.27823468782410904,0.26988087304642633,0.5700964059919347,0.5992086206764972,0.08547499082990033,0.38736843280960626,0.19546647455618066,0.3528684361124928,0.255910117601264,0.5053976492070292,0.28407253581484987,0.15173442678383708,0.2677968813303214,0.7886252329400913,0.25918866541216834,0.8114841985302841,0.2338797398788851,0.22998820153389085,0.3922700991187747,0.3600776475005973,0.15054327440145118,0.3208130680650624,0.246729011635612,0.10636322731173516,0.46910770715982625,0.18950468361343648,0.3325946943550262,0.3414864649066423,0.594537867433399,0.25547809832044915,0.3032750652208658,0.2857957656255782,0.4538007871737016,0.34011444864441226,0.31403352160223696,0.4047627677002204,0.18505796536477911,0.1470416759980858,0.2690149670769776,0.29969754237223545,0.6661363028118845,0.3289280643070695,0.29867811477410977,0.1839041578025593,0.39815059080757403,0.40904953044446174,0.5671981268015159,0.7267696239120487,0.24909507008358633,0.4209684125620371,0.2664578329914167,0.28281708710044906,0.17970893969724375,0.440077416164338,0.27340819873006716,0.47905402293211413,0.8434969242689666,0.4128480871874965,0.33780533146069397
China,0.5664031318833691,0.5529316712021104,0.4787840505060056,0.6570475229730565,0.21048878943039048,0.6120289243245426,0.7566340028525042,0.07106163156467084,0.6190973936249403,0.44197278333084433,0.1378858983575503,0.5785655291093876,0.689465498454238,0.35818401444138986,1.0,0.4855414543884909,0.07989077290118049,0.7717450425773245,0.646246241144369,0.7241475684775205,0.27554192921605275,0.32798769584103327,0.24597612428626348,0.39898857977053803,0.7969943536877497,0.8412725290857355,0.34411258811090945,0.6246906089109628,0.214320007604619,0.12731403881700076,0.22454753029770197,0.6644862331966627,0.17570467931745617,0.2776234924240727,0.13646664669476172,1.008237881003941,0.5101620774709785,1.051101615174828,0.32668777448185055,0.5077746105216246,0.14179482750348202,0.36404270801228683,0.29347763917496394,0.486538041024319,0.4065505248044977,0.3378796804159037,0.7231207007932381,0.34147741525171216,0.5587814358131843,0.09373446862757458,0.8287786187433795,0.3534077653732097,0.5680016887345033,0.465479203568743,0.7538729595751696,0.6639155230427217,0.20839083825899785,0.07377375819314014,0.25715818376439925,0.23806597638673746,0.10390225135324867,0.521289031798838,0.8627266481336263,0.4631720021296336,0.6306585146718783,0.5011186888190217,0.6038388093163984,0.6371118892176837,0.8615378895122022,0.9257407733380574,0.14246658247739155,0.6857525786967286,0.4899904576560724,0.11916172636528961,0.2368577859521125,0.709931018538481,0.5611908585262131,0.795366128596269,0.9925707375040456,0.33900567688317845,0.23371894246106956
Colombia,0.4275266056106434,0.17343619501088603,0.10727665826783195,0.20389790193432947,0.6735562409975366,0.25921429168348087,0.5329001520889713,0.49583110684437415,0.2061236400250168,0.35785975918807306,0.5179697332584473,0.41615287779680615,0.37672779427524133,0.1878708508039942,0.4855414543884909,1.0,0.4324014785209445,0.6070807677177795,0.4873555822009453,0.5119647696663763,0.28852942130291576,0.3472547848465331,0.43024123214873883,0.39624377419218054,0.5889042736420442,0.6009889776877042,0.19691050154190165,0.4300404917730438,0.3347912807188973,0.5076318144610399,0.4126389752993648,0.5660731900119348,0.43942850440931236,0.26587041170466985,0.412686414012688,0.7895768823906874,0.3519171514586602,0.7529924627009259,0.354040084141779,0.08950598493781646,0.5441314258847834,0.4999021563276763,0.25197688772323257,0.4142706444585344,0.36344677360997496,0.20610084387240554,0.4324864025737184,0.2238897662373539,0.376237713466964,0.4734904333429255,0.6059120876240278,0.35235311398468455,0.22314681768747385,0.3667133141302248,0.3920809606332845,0.2560180782580283,0.46639104021211875,0.5410722854418252,0.2669974797580134,0.2559647461990257,0.39818119368762317,0.36432112296150315,0.6928224296808927,0.4364611534780699,0.20923143757522863,0.15210625385012608,0.44255281080159525,0.4508334519179451,0.5415599813474733,0.7440835948649442,0.3679915997866085,0.42540800357833125,0.27520969451875466,0.39025295307722935,0.33767969729580394,0.4008142141956814,0.2794216099332683,0.4353938091180208,0.870765483619395,0.5521504335515823,0.4295947640870308
Costa Rica,0.5154130462131289,0.493207664304606,0.41852553357800404,0.6084561285096232,0.26559665832609225,0.5568259954487594,0.703716728575668,0.12691471541840732,0.5668071543648263,0.39142768653962395,0.14104065183319722,0.5279696066108789,0.6264980744044562,0.2969842167306,0.07989077290118049,0.4324014785209445,1.0,0.7220978969081225,0.5947175448119407,0.6705810836483577,0.21471772187071028,0.305916117580466,0.19548591230488793,0.3457048945451159,0.7442613072233099,0.789383967234015,0.28407609469608475,0.5701703219402193,0.17275300710112207,0.12447492671365226,0.17245868216258506,0.61736991923004,0.14206866080304323,0.2197657110342235,0.11919993356312311,0.9600639121128114,0.44547927791422265,1.00835904343761,0.2770453846304356,0.4547177876958065,0.15898307331932712,0.31922413478726075,0.2431606062011021,0.43631187819801254,0.35308804168266555,0.2746115718334499,0.6609112325082832,0.2928603562016077,0.506089692141032,0.11507818876857856,0.7778191984660785,0.29847480065514653,0.5109845223113363,0.41732203248520044,0.6947714605873833,0.6009651673193265,0.17025227452195263,0.12131630635752472,0.21984873812858233,0.1830279418201158,0.07045692865755393,0.4693886850678421,0.8173281261872323,0.4200472639276361,0.5708000428450173,0.43786257073238943,0.555043518912091,0.582718627673482,0.8021029593968891,0.8790100856522797,0.09519191644841368,0.6258546879764193,0.43395178982353244,0.1059209339117551,0.18048129293782114,0.6523760280133428,0.4976247305235857,0.7354267983985582,0.9471327800100053,0.31101601687334807,0.24441544004297017
Croatia,0.23283221755346006,0.5037709898349025,0.5477844994603327,0.599872389216835,0.8513577229023133,0.3891134109543252,0.13433209047185896,0.8147590460196988,0.5874555993946367,0.37169647076831996,0.6886266225251036,0.27026833711343606,0.311472366757329,0.568972234242,0.7717450425773245,0.6070807677177795,0.7220978969081225,1.0,0.15446496243483798,0.1506510423311733,0.5641945196859152,0.8025498274875266,0.557834322177353,0.4036701195906305,0.10070432674275775,0.1558490731443052,0.5378952789710314,0.2211780639245231,0.6275848489059443,0.6955931601814842,0.5757915086715932,0.16060651310782809,0.6259845571900945,0.6252854818618302,0.6739737894057182,0.28352730779683327,0.37991829875572697,0.8484524316324089,0.47818782706484775,0.597417423524776,0.7233573444431993,0.5052002940610656,0.5764030095672471,0.33758244177846514,0.3939954532482632,0.5405198550747884,0.42940397343917586,0.7150066475306913,0.27014955753273107,0.7787214219002111,0.12110782528514105,0.5236382400676841,0.4853443381541445,0.3446479473531589,0.3447829400268076,0.492795517656379,0.6022673456889358,0.7967653003386692,0.6735324346545177,0.6613457779629562,0.7121086014434662,0.31163917666739627,0.1248419745202643,0.3712107128619329,0.48937751834706295,0.4898852152615335,0.22152811969516778,0.17247759856758113,0.37798621351666495,0.18393471470234346,0.7183848648543592,0.2742138757882823,0.4701578580014932,0.7086538586208043,0.5737193000202475,0.29876836917648913,0.37953557737135024,0.3799385615882796,0.44775495593282355,0.5665887762615064,0.840076676537637
Czech Republic,0.10089978294606324,0.40701728540451987,0.43188590067004107,0.5060256897399656,0.7398820491435174,0.29177980611530424,0.1710334266205988,0.689543213114463,0.47423210262036314,0.22537032096965903,0.5694153378713415,0.18874505011165904,0.26614110684176084,0.43414738126003416,0.646246241144369,0.4873555822009453,0.5947175448119407,0.15446496243483798,1.0,0.16595408324026062,0.4353465199684477,0.6745946731978711,0.4401166808254111,0.29137994404267936,0.19692599352411355,0.24061782343435476,0.40464859213307564,0.13709003306845585,0.49465178442465235,0.5767129177951777,0.4443668114151176,0.15995764444234778,0.49541792693338144,0.4855033568702502,0.54138379187774,0.41396658926854424,0.27039801192402774,0.8136982872284044,0.34052562491897903,0.488247794794473,0.6045319291014137,0.4177733364623211,0.44430963926100175,0.23032842673692627,0.2696825747431346,0.40868478719810075,0.41080034779479613,0.5899674520747191,0.13673106687293723,0.650245207849547,0.2129807620925847,0.41905180254360813,0.3959069593128833,0.20975121050997647,0.31662494445124517,0.4139707265099121,0.48618120323177866,0.6767483423553012,0.5365292948580996,0.5270020679754834,0.5811331809561797,0.17027941312482706,0.25699142477516723,0.24939227617089926,0.39726997391425045,0.37698794263093155,0.11056257800934713,0.08266495835212603,0.3856058488382513,0.3285216983801124,0.5844895110279104,0.24649867971531725,0.3582666530758907,0.5802949524489961,0.4357564461733511,0.2513190921089713,0.2807929900049787,0.34828983754273496,0.5638188241252744,0.4790904125780761,0.7059877376775562
Denmark,0.2121036538423076,0.4092671908267039,0.4448671028643702,0.5128408751160173,0.8267502400807781,0.3046830696960068,0.06438902236871355,0.7636066750871808,0.5078399580999243,0.3354243352654944,0.6567126536781419,0.18392688998656662,0.20977615737683972,0.49146748759837217,0.7241475684775205,0.5119647696663763,0.6705810836483577,0.1506510423311733,0.16595408324026062,1.0,0.492482490400117,0.7331664929233328,0.5153735371386641,0.35753940691590635,0.09917188299732313,0.14072482893308116,0.46180844284810646,0.127622845775542,0.5753966511376404,0.658795779217777,0.5404172269896597,0.17181439046486885,0.5880763791634962,0.5597106955546264,0.6256336619410843,0.3267841817505629,0.31834494429626564,0.7836981230885176,0.4375978793786389,0.500427155633009,0.69387341006508,0.47186032892563523,0.5097652999606941,0.3167209487983334,0.34959480094662637,0.4628888240728169,0.3525396731340341,0.6281084383917588,0.21395502808550737,0.7284722164604224,0.1452574622901691,0.44009914290018476,0.39451003129887685,0.29963285222123154,0.2496415463921747,0.40577497924543987,0.5632610226096276,0.7551339297165268,0.6086412978984022,0.5884299631217241,0.6579938118461208,0.2840071782593435,0.21417787362074878,0.3700543198309872,0.3970060245813627,0.3908472595326355,0.17675507672538074,0.1399115304722983,0.3001565302161824,0.262136700874681,0.6564546730899967,0.14308290073792676,0.36209996020471297,0.6485720141792318,0.5213638215312986,0.20375010832857537,0.2752711100022323,0.3289688586462664,0.4588623420618322,0.5306176456692128,0.7793828466467391
Ecuador,0.35420084532462653,0.3173755505838736,0.24995324495995425,0.4524341397548725,0.4467639011740018,0.3728027334978522,0.5276451613880757,0.3158282841878034,0.4295850168819923,0.24041854833002482,0.2745129255515327,0.34247491349134834,0.43995997409755455,0.18231733131344796,0.27554192921605275,0.28852942130291576,0.21471772187071028,0.5641945196859152,0.4353465199684477,0.492482490400117,1.0,0.3369260364673198,0.1683905065556453,0.21791959512503678,0.5734956376397186,0.6141647939162319,0.12795950301023543,0.3953507684604873,0.17331508381297506,0.26801794410870755,0.1733660350799324,0.46199904132765857,0.20128864678226788,0.14446437076240368,0.2113917038220891,0.7969465980823881,0.2934950353482621,0.888622144326922,0.16038223427267945,0.30022223557908256,0.316056657414935,0.272915192404474,0.12558948883524845,0.3049619384442942,0.21081217822820222,0.09963185705561482,0.487975410671394,0.23885396491953242,0.3297544362951272,0.2831737615976063,0.6073978931528954,0.15134472645922606,0.33461746380810786,0.26015836957538435,0.5017199801985236,0.43151013404422417,0.20201354814433226,0.32328527188109585,0.20001910487770358,0.13910589057386277,0.20615196640745145,0.31566626586664415,0.660470499965947,0.31654974824719095,0.3969807460966206,0.255861584153989,0.38487085230705775,0.41464786659338687,0.6287979577964197,0.7213760219382608,0.19060461480436716,0.43931357232771384,0.24456455068438698,0.18813430556844643,0.12666698657486,0.45967874830892413,0.3147780285534701,0.5638970983827983,0.8140132969151052,0.2943539869664963,0.36244860362451575
"Egypt, Arab Rep.",0.5964609534381834,0.4382709920885933,0.3880151006573809,0.4794486274412989,0.5129704842053121,0.5238476517823166,0.7573175135406154,0.306497876248112,0.47202764454035007,0.48315099450993154,0.4200553902946592,0.5977874090111918,0.6550416628794853,0.32836058102594035,0.32798769584103327,0.3472547848465331,0.305916117580466,0.8025498274875266,0.6745946731978711,0.7331664929233328,0.3369260364673198,1.0,0.43157977461689406,0.500648556792464,0.8061181838314896,0.8311992053979794,0.3353356903448177,0.6378108653181951,0.2945655025519032,0.3989798967553735,0.3825118596110392,0.7366684396658112,0.3841917532128922,0.3089540271763861,0.32535807044155,1.0099410605758512,0.5594568835382601,0.9853998851943767,0.3926969146863044,0.3705621171968899,0.4033530928492736,0.5393316932510155,0.3130713379529493,0.5367578847241282,0.48555272432445945,0.33567678429779096,0.685756673212136,0.29720926864312464,0.5611323333366796,0.35947206216587135,0.8304766115602807,0.4480169858385926,0.4433380980293254,0.49657013951877965,0.6834130644719546,0.5440069870847997,0.43079608117586765,0.37382647211188,0.19673748573304342,0.24756807129224684,0.26574244662292645,0.5243692669622143,0.8888343769292893,0.5202154727621414,0.5348744162067849,0.43085673554595777,0.6239612005031613,0.6475430589776241,0.8179616519996665,0.942202401149124,0.24926912437530938,0.6744862294075628,0.4636769321461927,0.26968072930973663,0.35427466473360214,0.6392344405115654,0.5025958838716513,0.7310550768191504,1.0401903796226715,0.5683968250385968,0.24323681340354983
El Salvador,0.36317882436595705,0.4392070295584048,0.38335264548705017,0.5888869383023306,0.3518431018845883,0.4704595862832009,0.5519203924660234,0.2995776516871617,0.5490782370032483,0.26479779291243344,0.16744769405702062,0.38200446713272107,0.5006592611541378,0.27823468782410904,0.24597612428626348,0.43024123214873883,0.19548591230488793,0.557834322177353,0.4401166808254111,0.5153735371386641,0.1683905065556453,0.43157977461689406,1.0,0.1740192876480621,0.5863709246111506,0.6401143283737536,0.24167337010522216,0.4224798495553044,0.19907299737895276,0.17142621524837626,0.10872104358365148,0.4411254510507142,0.13288637904435938,0.24212933069157827,0.19165200437856875,0.8065780995446871,0.3086322367707254,0.9678079039752492,0.17942107567514157,0.44266647052830504,0.22215100015789882,0.14990632468510467,0.22441724857388828,0.28771659774135167,0.19828918926764283,0.2297316251385424,0.5461588685082509,0.3492546932625335,0.37128118531488874,0.259827816579136,0.6253279707481123,0.18836516976781054,0.4511011107729771,0.28411962045980793,0.5827660782110832,0.5344134967811163,0.0713346194346076,0.2653694180264001,0.2948385492484698,0.24394575886816938,0.2154694894699942,0.3435031947842311,0.6569402819095767,0.2888874019640618,0.5058494363996067,0.372862658965574,0.4097709584823091,0.430453897258559,0.6826189768636042,0.7186829258296307,0.23550331277399653,0.4867158393779289,0.35670330886430673,0.2218313686468524,0.1404968213286647,0.5394312384297929,0.3977048139292928,0.6292513370344645,0.7880014381768132,0.16583160698160984,0.39918086344579956
Estonia,0.21610495440048272,0.35595851249998595,0.33310148143690854,0.5179006537947735,0.5064699011724795,0.34950503601473487,0.3928757109192494,0.44305510477590926,0.4888683688422356,0.17300431877560246,0.3208588480310373,0.24281187235079618,0.3578927216141061,0.26988087304642633,0.39898857977053803,0.39624377419218054,0.3457048945451159,0.4036701195906305,0.29137994404267936,0.35753940691590635,0.21791959512503678,0.500648556792464,0.1740192876480621,1.0,0.42901855113231135,0.48419908683247537,0.22490260105171633,0.27000664716390954,0.2703887837428875,0.3217672104863416,0.22101216721484784,0.29877675728805914,0.2673363032175482,0.3063603165127323,0.31115136796270465,0.6579557750081666,0.19794211071447596,0.9137733365594067,0.17294116353035746,0.3990215626302487,0.3642848994547708,0.15935959004307307,0.2437907031853037,0.14534104738331838,0.06412448852261265,0.22499772635036125,0.4286662772002917,0.398239629872609,0.23422488308935915,0.40882726851224066,0.4703973271926519,0.18452697967692672,0.3611256490983546,0.16249200401749953,0.4436660597721331,0.4373115317863088,0.22674551835251763,0.42444810839817815,0.35167390311673785,0.31506439604838177,0.34223775323923167,0.2129138070771742,0.5072078495659887,0.18649647808920994,0.41143274549520464,0.2986373843000438,0.26489715232192973,0.269823252195031,0.5501064366989241,0.5677550538320434,0.3588470696489728,0.33713577302324904,0.2986412321393785,0.3433380839370355,0.21801815358832463,0.4044740763100845,0.27782154099884104,0.49679319185698906,0.6584769358651019,0.24009426502235756,0.5010420325762348
Finland,0.26830328568445583,0.4815134690370986,0.5273607023076611,0.5720016491459676,0.888899109965778,0.3676946193785945,0.07962540764106701,0.8372059451476779,0.5656249092105847,0.40151383767660176,0.7237282216323264,0.26430314649136843,0.26736551844091955,0.5700964059919347,0.7969943536877497,0.5889042736420442,0.7442613072233099,0.10070432674275775,0.19692599352411355,0.09917188299732313,0.5734956376397186,0.8061181838314896,0.5863709246111506,0.42901855113231135,1.0,0.08168941006812734,0.5424623994028496,0.20389881712837227,0.649236716103952,0.7271559377981265,0.6078192299948484,0.20060416849928459,0.6574838956847522,0.6361914066529567,0.698441754152471,0.2442949228126846,0.38520481440949733,0.80069157831479,0.5071160500312004,0.5772221942503322,0.7580974974792734,0.5350309105550204,0.5886017196418435,0.37469082583505126,0.42019212771353726,0.5437147651745587,0.3929891370516136,0.709301876606089,0.28289621068862114,0.80249223539147,0.0795254403946607,0.5246008982310189,0.46394101004939337,0.3690966536576103,0.29183536064142646,0.46226253195498956,0.6334039211395138,0.8248870854999346,0.6843328865396304,0.6685423029420886,0.7328139942171045,0.3410046121564859,0.1347251570237205,0.4193917219929461,0.4596199373307202,0.46998440382881557,0.23758064739140974,0.19074786815627928,0.31228204838609247,0.1771544280446447,0.7333246031261856,0.21711432117363755,0.44943999149838637,0.7263023054873026,0.5956642827248798,0.2532747133416724,0.3531956798246586,0.344406471807017,0.4229297183778484,0.5953619329319065,0.8534006923654184
