Country Name,Albania,Angola,Australia,Azerbaijan,Bangladesh,Belarus,Belgium,Bolivia,Brazil,Bulgaria,Cambodia,Cameroon,Canada,Chile,China,Colombia,Costa Rica,Croatia,Czech Republic,Denmark,Ecuador,"Egypt, Arab Rep.",El Salvador,Estonia,Finland,France,Georgia,Germany,Ghana,Guatemala,Honduras,Hungary,India,Indonesia,Israel,Italy,Jamaica,Japan,Jordan,Kazakhstan,Kenya,"Korea, Rep.",Kyrgyz Republic,Latvia,Lithuania,Malaysia,Mexico,Mongolia,Morocco,Nepal,Netherlands,New Zealand,Nigeria,North Macedonia,Norway,Oman,Pakistan,Panama,Paraguay,Peru,Philippines,Poland,Portugal,Romania,Russian Federation,Saudi Arabia,Senegal,Slovak Republic,South Africa,Spain,Sri Lanka,Sweden,Switzerland,Tanzania,Thailand,Tunisia,Turkey,Ukraine,United Kingdom,United States,Uruguay
Albania,1.0,0.043465874182258814,0.02405363189675805,0.05882498041889705,0.04837211778836528,0.02440167248854772,0.029488730000964518,0.04914307293248022,0.034842684777657035,0.014162900735090682,0.03568698421585655,0.02138340975874595,0.025096072796271605,0.02690556768529368,0.06940072493840842,0.030969777512562996,0.03658285912531684,0.021714363422143196,0.0097817056925172,0.028056852946280113,0.025045019326420694,0.0409000402248878,0.031722920366727816,0.016593253911498906,0.03153666707475379,0.033222084299449756,0.037269598682290565,0.02680227019844411,0.051392739699881604,0.03303069335828055,0.02740011450335148,0.017929447481796305,0.029516319441120088,0.04267906456687531,0.03046409612662405,0.041317897893460694,0.03902525117604111,0.053511251087098574,0.02009321789202693,0.05033062995887678,0.04081133837564722,0.02634632961443293,0.03190854823531009,0.013436541068756375,0.01727885544963652,0.02313735470199173,0.04279131765199493,0.06536602144830128,0.016994431046013468,0.04828588263168437,0.031079788350012676,0.02361412845364004,0.027043273221966268,0.010132635629341063,0.021976267917604,0.022264471961348134,0.02729761650312859,0.04501746024001849,0.043716409902021504,0.0349231851731587,0.036981776170681276,0.006597797421482202,0.034781810268687485,0.022286400356387653,0.03936926073770172,0.02138600078759629,0.021035149636709268,0.007374129927469178,0.029151726618361334,0.03618897841829302,0.04733600505417779,0.02790723968598054,0.024598540197216433,0.03386626718410546,0.024516021497534537,0.025747648858817095,0.011907253928521284,0.026562232787388257,0.05032631779859007,0.04093223868888128,0.05111406748294942
Angola,0.043465874182258814,1.0,0.029570832699384035,0.024104322607898652,0.0627301449286217,0.02387685076452691,0.06595925858779708,0.05096939992141005,0.027029609303328237,0.033621745336687915,0.047492169321761264,0.05629545130846908,0.05502689958951019,0.030067312078586303,0.04967161195616701,0.02432930518550331,0.047781971069908606,0.06205125307847559,0.05164697278702193,0.0638594186406425,0.03592612142291472,0.04287685496377725,0.06293757463255051,0.035757729129130604,0.06821403936571754,0.07033865555264798,0.018715535510209474,0.06155692062212553,0.030065065858163233,0.05532069860831847,0.055540502871414016,0.05747137093773991,0.041102944237883896,0.02930692692738601,0.0554726716314077,0.07896106468058797,0.06977056931078159,0.08156694625647293,0.048411812675071435,0.011290102374268111,0.0486026706271799,0.057429806322840754,0.027295102356821768,0.03717795470535447,0.03219634340800092,0.035496015710648796,0.0730767819703907,0.029223713649725997,0.05434197806924476,0.04667003301949727,0.06930336815295113,0.04655370576583441,0.01814125344383941,0.04507040417151826,0.05133706670213733,0.037595144213559833,0.05303670114232529,0.053661732815363586,0.03042125208680274,0.03473421784929457,0.04426697502122427,0.04427994839450952,0.07345236735649714,0.03173524172982416,0.015279085785476553,0.03393177613979737,0.05915937644003264,0.047976115137499206,0.05858498315303963,0.07433715483041438,0.03844863780736977,0.05987613754443556,0.05218731983617779,0.050556130204084615,0.03981148548941235,0.06113317708512257,0.03520208900034377,0.038339632456996536,0.08241548335593141,0.07289255266052447,0.04483217311733494
Australia,0.02405363189675805,0.029570832699384035,1.0,0.050160787347438854,0.04161891019003449,0.023364806610343018,0.041084695590512164,0.03726373873897647,0.022896315635490265,0.022673233100215375,0.03202836973742326,0.030309304197427823,0.03036014224877928,0.009719331831783924,0.06280759063772585,0.009621219738279639,0.02611910555836656,0.036496532859101045,0.028223822581991766,0.03881855303842838,0.015474729662995054,0.026094188916748882,0.03474738574505357,0.02155262851851033,0.04341678370624596,0.04579152767606908,0.023432221934444844,0.03591148934100878,0.04128938435182723,0.0271907114325113,0.027181879002317274,0.0329009088062962,0.027013720625523843,0.02959619398451343,0.026522689366899065,0.05448599663743277,0.04287091973344117,0.05478770980926439,0.02252631151328279,0.03357668637338955,0.036203271134419346,0.029741957662491294,0.02114726589944444,0.025308403148897565,0.020864959312729088,0.008642947578553238,0.04720914095921915,0.05073477648240168,0.02815568058320648,0.03889914767091527,0.04456352921015868,0.018258402632532644,0.01986875589080213,0.019265608135867206,0.026900274601897423,0.013873220984808457,0.02445094587974869,0.036080177709702385,0.03200930926125658,0.018484957814896175,0.025033168537310687,0.018822964565210012,0.04849179884137864,0.0352406169251374,0.030426232936042595,0.006685807346123898,0.033041782045898624,0.025415843456392025,0.03453669255066229,0.04973573512370379,0.03720809863523252,0.035111867273106695,0.02442857673695,0.02441435099825323,0.014488726011629658,0.036654295838932115,0.014244586319878913,0.03222364140661892,0.05744639011609913,0.04432050452728899,0.0356447695123048
Azerbaijan,0.05882498041889705,0.024104322607898652,0.050160787347438854,1.0,0.07936294591776255,0.034476789443070845,0.07962950240674482,0.06585891878617801,0.03282856480782705,0.050061669496377206,0.0663757391002345,0.07362345127656476,0.0711812957150751,0.05099984507652327,0.05746865334600362,0.04151743916168048,0.06636344491701941,0.07465754504625992,0.06503147408740693,0.07830966774293381,0.05565751336621973,0.059239654419406824,0.08455449510810543,0.05839596122624455,0.0813689719557512,0.08213961335604576,0.03844644135369581,0.07768810463184565,0.03927422397294729,0.07633724230184483,0.07711599078300038,0.07391942619165888,0.05983973780048355,0.04227408126324676,0.07593252159767566,0.08900678622103514,0.08875770282577339,0.09437266055188806,0.06885893360729438,0.021346235336374947,0.06689314124576287,0.07973490536437733,0.04607446255255984,0.05778763340326124,0.05433536716482962,0.05676274199615937,0.08905301417971333,0.03321876079987974,0.07007167054734316,0.06106113478889605,0.08093305923718856,0.06798482821555847,0.037671235164674896,0.06271197360711281,0.06239959159170987,0.052517027876685746,0.07436296062202384,0.07042170430383875,0.04145831585261867,0.05270142740161528,0.062098240939006843,0.06021641485769824,0.08538794747964433,0.05035916926051339,0.02433160853330723,0.05440775953066438,0.07476354507367095,0.06269685783361297,0.06744210115798421,0.08567562703844668,0.05267810464650907,0.0768234897245478,0.07036656188990163,0.06964857269999991,0.060153677655333714,0.07410919460574217,0.05388563493272731,0.04388015518830057,0.09816371119872062,0.09355394673402327,0.057351265571811465
Bangladesh,0.04837211778836528,0.0627301449286217,0.04161891019003449,0.07936294591776255,1.0,0.0592793793466192,0.061467773235944365,0.015453006164350696,0.055102392659876896,0.04276479721287378,0.015905448847985833,0.05153582723940747,0.057806579456631785,0.03590850830710797,0.036923308908943075,0.042358313451427126,0.016730263295446655,0.0575319056189292,0.05212411808126556,0.059484885137870085,0.03165702457250136,0.03020424711946587,0.04647588836918948,0.039326391565995523,0.0630663305983089,0.06577670609997519,0.044087895104996104,0.057011395207466356,0.04099668200548284,0.025087327557492708,0.03961855234066807,0.05251786827155427,0.022552636251935893,0.03718676761148528,0.036660769527937044,0.07308433588402193,0.06159241274070051,0.07696264821373809,0.03856328419374991,0.06019443646468214,0.014749250325909026,0.036241658051263406,0.035506804062065266,0.04337033577438595,0.04089270463494429,0.03482735097850081,0.06502608592660483,0.05257984085156352,0.050745727900014664,0.021117166910211028,0.06483219240445809,0.03622386203424779,0.05298394953501989,0.040810419819685875,0.05824127562393879,0.05073572023923499,0.028533930877235988,0.01013277699496023,0.03866258420236588,0.028041549639907026,0.018709391857748447,0.04321141002488656,0.0665210663521236,0.04560306041283142,0.06598903592638883,0.04352247398535512,0.053601889399775254,0.05128979114116694,0.06401762450672109,0.06778582503048265,0.029038742220524164,0.05836391898734359,0.0501319353589939,0.028713317555496803,0.027913138407722183,0.05991076325513107,0.04786915071450201,0.06917552117124875,0.07064120524153054,0.054975143693918045,0.028484623189334184
Belarus,0.02440167248854772,0.02387685076452691,0.023364806610343018,0.034476789443070845,0.0592793793466192,1.0,0.04686627876820728,0.05115485942253092,0.019828093788848974,0.018958403976413896,0.04339634009276499,0.04004909612341042,0.039319467622470045,0.0240445115380041,0.060994037089575126,0.021407329285375903,0.04405288939803079,0.04079893471974884,0.03067563211314693,0.044981099528285315,0.03082239042558338,0.04216243812559138,0.05364889236959457,0.026412075612006213,0.04880566731242918,0.05078884961546222,0.021824668453487923,0.044415356553957314,0.0394764133288645,0.04869758253109837,0.047223853002010714,0.03962999542308384,0.03675103489547296,0.03022084778772913,0.0479712130392212,0.05906680147111891,0.056677903034295166,0.06907472650437904,0.038588410040311404,0.030369105453987296,0.046575802633644886,0.04816136689547383,0.025737757848392398,0.02377099970716328,0.021763370903339886,0.02868468287943123,0.05943189666520955,0.04963603030411737,0.03612907469407464,0.046571033063246614,0.04880800667937702,0.0389392599617498,0.011607193112493572,0.0290827524934665,0.032485730157282774,0.023561910406538947,0.04566824037785946,0.051795006899919706,0.03459901394590191,0.03222344996864847,0.04163069690405557,0.02586143747161618,0.052651327902423266,0.022357746480240893,0.017251205487309035,0.02355509836468753,0.04049966336071453,0.028293891095014782,0.03967017481190073,0.05403355160512301,0.04003729209729996,0.04457488929694265,0.041207479741537316,0.04531685930670692,0.033451811921889875,0.042145521532054996,0.021607625351910742,0.020260721923712144,0.06735669091389015,0.0624992642016894,0.047050300755239444
Belgium,0.029488730000964518,0.06595925858779708,0.041084695590512164,0.07962950240674482,0.061467773235944365,0.04686627876820728,1.0,0.0666546919358017,0.051705574525779764,0.04252552196026568,0.057165752893924886,0.011070716703891498,0.011131868862320655,0.04776363325475846,0.0942858393181605,0.04900665809617761,0.052844677265280846,0.012588657567974526,0.02132646048457675,0.0029177107602166336,0.04890707247523983,0.04884408525382306,0.021629956827995633,0.04192052154856748,0.00291057449912591,0.004933770968349656,0.06367479381468935,0.0062962467567344495,0.07678698831945954,0.03759780755913815,0.023919994995436396,0.01219910758423851,0.054195909127360935,0.06963095887658752,0.029714374888914263,0.01352853665386325,0.015274278760820329,0.028917834961914534,0.02499554784849227,0.07297682549371304,0.060260210262239655,0.025812937636962963,0.057416127679485764,0.038275372613578856,0.04298818383743284,0.04106440318411005,0.015366857870257074,0.09157190279202149,0.014219136059849043,0.07235359580905586,0.004109720194635418,0.034194869820181564,0.04902930363990155,0.02627376807203519,0.01760420581083214,0.03135624455957991,0.034854466729448946,0.0627059231962555,0.06908589687933453,0.056159028526335475,0.05401870192555457,0.027239257701530968,0.007616511829033308,0.04750438558393682,0.05814763828355407,0.034890867860752385,0.00896146452493172,0.022915015766469024,0.01802304335298482,0.009768998722053647,0.07332995944840898,0.006122429827163309,0.0170851132617045,0.03877217832018478,0.043566172780786894,0.0076042461417111795,0.03330599158959259,0.04214636632157245,0.02084076632134108,0.022895891579886536,0.06478091970975478
Bolivia,0.04914307293248022,0.05096939992141005,0.03726373873897647,0.06585891878617801,0.015453006164350696,0.05115485942253092,0.0666546919358017,1.0,0.046073120747280344,0.04075914067290429,0.015699183396487303,0.05560141792324425,0.059048128429980376,0.029687662678035888,0.027956052153422135,0.03465718346312339,0.015073767926390877,0.06288205920387295,0.05523448657584747,0.06447326995758557,0.027320403423456326,0.021180837396194734,0.052238394971073875,0.03647488216643766,0.06894595290211593,0.07149491808762846,0.033342761644375864,0.06196778603203886,0.026688951496700326,0.02943783944369896,0.04427711890915471,0.0575034650519042,0.02026981041314972,0.025621362794399465,0.04026968344734847,0.07980925891726502,0.06688328488377708,0.08175363841074136,0.042077919986810965,0.04712677257252369,0.014260262640086448,0.041209819173314864,0.025694670208692923,0.04073306148696629,0.03678591109961154,0.03208398049836428,0.07036003464713997,0.03892129441780997,0.05433525674545247,0.010908161549048305,0.07053894803681934,0.0345292426255108,0.043075811411369104,0.04257335469256829,0.05767286985341958,0.04919184754830016,0.031806910884337784,0.007748734196916666,0.02445833350319901,0.020356029827203522,0.013709415602346915,0.04491452422471538,0.07352324965789077,0.04148075548707871,0.05667901430221181,0.04088252175227458,0.05843238973200596,0.05277194307822907,0.06613667652360024,0.07472996738956496,0.014453968192731967,0.06130007638749869,0.05196536568581887,0.027883492348546472,0.027209925038713268,0.06346974605105767,0.04467711039870447,0.06489581730292267,0.07879603302007639,0.06255407159668751,0.015484926943436483
Brazil,0.034842684777657035,0.027029609303328237,0.022896315635490265,0.03282856480782705,0.055102392659876896,0.019828093788848974,0.051705574525779764,0.046073120747280344,1.0,0.029034077453559883,0.04195155136775785,0.04501375701639851,0.04226151854451713,0.02325071108867267,0.06512800820758236,0.01735634865800688,0.041326970611646655,0.04675447679808269,0.03813765096855047,0.049580876880143815,0.03243337151592417,0.03771254608297424,0.0548255176095909,0.036810615303709694,0.05352776607501029,0.05573864793394539,0.02566941447951952,0.04834506308148335,0.04358783885154031,0.048294314380670375,0.04768260576333536,0.04628237764917897,0.0359871762481365,0.029122450448223355,0.047107011732810095,0.06419723554675846,0.05865965722345409,0.06829789895427166,0.040426123762654566,0.029464901579793285,0.042131665869429076,0.050711489484450534,0.02632127091741162,0.03668194885005703,0.03313876538520659,0.029540386059195387,0.06148817191170467,0.04793195950001281,0.041544621174485326,0.04316944005318854,0.053960312936298556,0.04016872044196669,0.023808868971021573,0.03508354068682842,0.037099894154259634,0.026221569289017574,0.04580869323245451,0.047754191667094104,0.0331980495538499,0.02938676981368987,0.03791187700463302,0.03283529091153707,0.058073314658119,0.036193969742019445,0.018106555897864952,0.026339112088440454,0.046235508106760796,0.03625494792792666,0.04170001269505645,0.05943219831576054,0.039546063235837356,0.04737023783897016,0.04077190338989662,0.04388220085229313,0.03234091276115405,0.04692707754685129,0.02635908167471378,0.026616103723518785,0.07094281497734845,0.06335283616217177,0.041121388152249326
Bulgaria,0.014162900735090682,0.033621745336687915,0.022673233100215375,0.050061669496377206,0.04276479721287378,0.018958403976413896,0.04252552196026568,0.04075914067290429,0.029034077453559883,1.0,0.028143164789462303,0.032469111194617054,0.034720403314393515,0.01809927460006503,0.05702725783836434,0.02526209100066412,0.029485701032741472,0.03585143651141807,0.023467845348187993,0.04050190052852846,0.018264358783530565,0.03413365480048248,0.03891387847219273,0.011445327304525856,0.04440246626014394,0.046526289828170427,0.02345317101331517,0.03845734260233869,0.03845204231289455,0.030714522518046808,0.029614876555458875,0.031181424042455372,0.021183694731055483,0.02858737376810083,0.02942532655562967,0.05493938177478596,0.05010900721992612,0.06293458874926132,0.021486734365909456,0.04067517200458299,0.0327939790797122,0.031072440767248407,0.020354033407196548,0.010081908970431057,0.008327684183599172,0.01841507089979609,0.05444994412380951,0.05148584103187031,0.028317584761496813,0.038222833525217534,0.04469987008142148,0.02536914563639109,0.01828656891066988,0.016311459685911592,0.031217601423625226,0.026842725984391514,0.02773455351070675,0.03772534709280448,0.03235108232875041,0.025465636339433374,0.02914644829283965,0.015639841314585488,0.04873318775072117,0.015481828250671207,0.03139348271151342,0.022900972429950636,0.03386987409483806,0.021089147696786343,0.03843491626962542,0.05020227068364741,0.03462335078907952,0.03973900227098634,0.03148240681201102,0.02939067229196335,0.01673579952683474,0.03755508451859131,0.01646813603943547,0.026861918683109123,0.06282202425599966,0.050823489831713094,0.04120886732442119
Cambodia,0.03568698421585655,0.047492169321761264,0.03202836973742326,0.0663757391002345,0.015905448847985833,0.04339634009276499,0.057165752893924886,0.015699183396487303,0.04195155136775785,0.028143164789462303,1.0,0.04610043893138713,0.05105684446629126,0.023426549530999496,0.0375499291760633,0.029794275461020647,0.01087285196103902,0.05263379591317743,0.04263263703164585,0.0549798459475135,0.018460294673430824,0.025838259215518567,0.0426084458303249,0.024456012284930825,0.05937142015444968,0.06194740278277803,0.028902400114143995,0.05250772575541893,0.028262641013657008,0.019802101866285424,0.03486251174726715,0.04558817908258987,0.007352838565033202,0.02694850870429202,0.03070706738430549,0.07018163940718582,0.05741600926993865,0.07251405301476375,0.03277569058083835,0.046606988872249254,0.006032358368406422,0.03157971755549575,0.02086958321280842,0.02825834787037378,0.02580877541284277,0.02584370742441938,0.060810634319728996,0.04768191491535076,0.045179513371035554,0.01698974651223091,0.06101276387833247,0.027435527455580373,0.03713152173786536,0.03258698799096144,0.05103728014304896,0.04303025377021062,0.02240615629346791,0.010738737138835715,0.02726242575019255,0.01667675652152513,0.011670066636380457,0.034704544006945524,0.063877054699498,0.030436801293169127,0.05046560818908651,0.03532848884725875,0.048962429469061305,0.0396314193564901,0.057966529415800376,0.0650873399535568,0.022573988995774064,0.05229390360121383,0.04363339925909776,0.021094662199993137,0.018776696007192784,0.05430381734072139,0.03465400410045779,0.05419993541799976,0.06943315723819576,0.05303356633500596,0.025725525947248733
Cameroon,0.02138340975874595,0.05629545130846908,0.030309304197427823,0.07362345127656476,0.05153582723940747,0.04004909612341042,0.011070716703891498,0.05560141792324425,0.04501375701639851,0.032469111194617054,0.04610043893138713,1.0,0.010975995670560162,0.03693119813831598,0.08327126869646262,0.03843522936076708,0.04194984551829998,0.015289979241031695,0.017983715291299152,0.008966004634377063,0.038078187378636746,0.0410830725594323,0.017155103443631744,0.031093695512778206,0.01338645509088045,0.015900261741026177,0.05284604744770931,0.007500904244711355,0.06589107883442166,0.027834813991405267,0.018269372003130432,0.011165144902566888,0.04336339490472802,0.058811553981345424,0.022722497472968207,0.02439760001668872,0.01825788737572721,0.034428692375892675,0.014710273545480086,0.06305903004744158,0.049498580703427504,0.0164843491914578,0.04655669713053649,0.030138344315809137,0.032277973643459794,0.030235075658588448,0.02225727613498031,0.08073749414666348,0.006021350480516379,0.06146333155488609,0.014937620695591085,0.02330101074070213,0.039933297673846214,0.016367026136284425,0.015754153615478134,0.02443197914394388,0.02379519282716399,0.05164038081910892,0.05826018186540294,0.045327358462882814,0.043098652334397816,0.018858338933662205,0.018336731524467558,0.03958934184502956,0.05194168962710515,0.024206497965382632,0.005058575032086042,0.017004800938227038,0.020431205393468415,0.019522385283979548,0.06250054096285261,0.009490967970694071,0.009684036579954024,0.02948632484080023,0.032737692838506235,0.008688469333504149,0.023219000952301547,0.04248070689100232,0.030429448059357628,0.022622478934042966,0.055808137948745985
Canada,0.025096072796271605,0.05502689958951019,0.03036014224877928,0.0711812957150751,0.057806579456631785,0.039319467622470045,0.011131868862320655,0.059048128429980376,0.04226151854451713,0.034720403314393515,0.05105684446629126,0.010975995670560162,1.0,0.036962106455906,0.08625916154250224,0.03821605634852668,0.04428161212151039,0.0162666947750536,0.019662216917765388,0.00948763730415784,0.03862846111411939,0.040750654760388555,0.023187325684028114,0.0336063480354149,0.013228985302157215,0.015438947116039313,0.05295846702827959,0.00979039987589218,0.06760240375419117,0.03316636537399612,0.022826682894096912,0.01625781528983302,0.045739748925176196,0.0587890799419419,0.02703450558997809,0.02413625096948619,0.020216174250552037,0.0328643169332348,0.01974131984362313,0.062148617612917845,0.055335377528954365,0.021578435584817163,0.04753003021684426,0.03331272578796081,0.03382753812994386,0.030376922292627798,0.020310396618378506,0.08102457275965978,0.011315928817771423,0.06283292216702177,0.014281802395194448,0.025369351148890537,0.03940527374555343,0.02216193639076182,0.010383155124380391,0.021270706750943086,0.02929886874159144,0.056050479951136586,0.05846620920693351,0.04569555362838261,0.045438968712668636,0.022315667725142933,0.018510124594699386,0.044499626027041064,0.04778585285328476,0.02405555319979274,0.01103184602458691,0.01926296208681422,0.013810800148288121,0.01941297448157538,0.06274755479060017,0.006162057211808526,0.011547384163675466,0.032278506912589405,0.03307077331892665,0.009900453281442895,0.023311573364532368,0.036462115436406005,0.028681672640338045,0.02814552908722293,0.0566184978657867
Chile,0.02690556768529368,0.030067312078586303,0.009719331831783924,0.05099984507652327,0.03590850830710797,0.0240445115380041,0.04776363325475846,0.029687662678035888,0.02325071108867267,0.01809927460006503,0.023426549530999496,0.03693119813831598,0.036962106455906,1.0,0.05455471059207539,0.010812563551222641,0.0209455513556413,0.0430241357171934,0.033053479780347055,0.04545540522067341,0.012423667357472704,0.02170363186069538,0.03625715452952359,0.019185954279646287,0.05003416050203802,0.05239819355495772,0.01682101905195255,0.04250147899297718,0.033511339256530645,0.025867521871466972,0.028089247400329344,0.038155027846305055,0.01812835198725353,0.022112439395264763,0.02606859760335363,0.06109626183549885,0.049425237024889865,0.06108933976266364,0.02358193741551637,0.032922651405819174,0.027044570662577674,0.029563854269938027,0.014951721568147999,0.02146362358799424,0.01725730985656106,0.007929746150408154,0.05373904388030223,0.04425978286347211,0.03433034788558964,0.0302148701738086,0.0511422258623125,0.017838776744394373,0.020019031950390054,0.0223124673150063,0.03343437639090053,0.021180813860940045,0.023771397688943822,0.02940499817598295,0.024932645472208782,0.0118380336155516,0.018798502376608312,0.023084983752650133,0.055105243349238456,0.02806579674198995,0.031418465027245976,0.013250058886055006,0.03943477042996751,0.030799733715022964,0.041007848298116344,0.05637349611038183,0.02876021545952392,0.04182162684687952,0.030949728216277162,0.022159270932997202,0.011269138159273173,0.043292200280187175,0.018509516147568968,0.035217339820167816,0.06403275482706662,0.047884035085707315,0.027790658813006297
China,0.06940072493840842,0.04967161195616701,0.06280759063772585,0.05746865334600362,0.036923308908943075,0.060994037089575126,0.0942858393181605,0.027956052153422135,0.06512800820758236,0.05702725783836434,0.0375499291760633,0.08327126869646262,0.08625916154250224,0.05455471059207539,1.0,0.05906079883181644,0.042082266301345976,0.0897938080953797,0.07916473462099086,0.092116333811314,0.04839101955038426,0.04796162256594131,0.0800563881178352,0.052816136817512606,0.09665084853876077,0.09916962132668203,0.04034208656815795,0.08957654923716724,0.021644541353592364,0.057344870371213906,0.07186920553369894,0.08285992957986071,0.0412504748179564,0.03641509448207621,0.06802442642466772,0.1075821676580214,0.09449012123789045,0.1092153267107056,0.06961738631862256,0.043861876157237856,0.035452908094904804,0.06904212638955128,0.04255827992388295,0.057362119957643065,0.0524433450194819,0.0576945972761454,0.09804702407047218,0.02619886238360105,0.08182706784175936,0.02450922955051408,0.09818758704538391,0.06089151650816292,0.05552629027847756,0.06923776804746128,0.08458498321407526,0.07556555229279027,0.05952454475492208,0.03196265709860702,0.03237366388579896,0.04432968911221277,0.04082837573028249,0.07086892142144881,0.10136124997314162,0.049203907785412865,0.05957848303716587,0.06704161709101673,0.08604882748719525,0.07593743701549843,0.09329131933628385,0.10254882137882824,0.02581692298884106,0.08876073289743738,0.07921748052897212,0.055610258835733097,0.05334401476587585,0.09092800154533566,0.06707454701287742,0.07919425198111812,0.10673774194447427,0.0905085104013108,0.03319007335971077
Colombia,0.030969777512562996,0.02432930518550331,0.009621219738279639,0.04151743916168048,0.042358313451427126,0.021407329285375903,0.04900665809617761,0.03465718346312339,0.01735634865800688,0.02526209100066412,0.029794275461020647,0.03843522936076708,0.03821605634852668,0.010812563551222641,0.05906079883181644,1.0,0.02705891285372049,0.04375838694544312,0.035300266838561876,0.04659505891889818,0.01878448409489397,0.024907125468843584,0.04424950574332013,0.028157280241293145,0.05108373996706089,0.053414412628635236,0.01886555438385064,0.04348686122199465,0.03747445809231255,0.034902585349984076,0.03668735590964086,0.04061343039070882,0.024883053556671683,0.02467849272826621,0.03459000575549921,0.06210089315702297,0.051752724636130246,0.06239017446384946,0.031126825970664698,0.02523142524467593,0.03346312712970046,0.03904277033658229,0.017981408586447513,0.029979955484027206,0.025627285357411763,0.01562363526863739,0.05609805344613845,0.04386959114686305,0.036137409261551276,0.035803561476973375,0.05206889046936199,0.026807125408526214,0.017429402400857413,0.027344688996542823,0.03444026808742279,0.02050169334801666,0.03312504493424343,0.03457402767589997,0.026725951976672286,0.015662738651316517,0.024434572731087425,0.02631422513557333,0.05610071419754064,0.03499712137291004,0.024758630337044132,0.014850133601689453,0.04125026799493227,0.03244602356569106,0.04099073240230093,0.05745371944699433,0.03378706109351129,0.04328441493451774,0.03228274152766344,0.02924969531057968,0.018679738924267174,0.044445185819862364,0.020389641997616347,0.03280134542785335,0.06628182582793095,0.05379083013609311,0.03298877434310029
Costa Rica,0.03658285912531684,0.047781971069908606,0.02611910555836656,0.06636344491701941,0.016730263295446655,0.04405288939803079,0.052844677265280846,0.015073767926390877,0.041326970611646655,0.029485701032741472,0.01087285196103902,0.04194984551829998,0.04428161212151039,0.0209455513556413,0.042082266301345976,0.02705891285372049,1.0,0.04901274572812377,0.0416191090418109,0.050701952672387855,0.015774297736735284,0.01772729212039779,0.03924522563375654,0.025230428367929846,0.05531850841039138,0.057776924625012785,0.029227534983995277,0.04805438512094827,0.029077940522511322,0.017190629058252423,0.030389778578818694,0.04417869230134053,0.01166607696900528,0.02621656444872254,0.02694956193688119,0.06634684075713329,0.053052093141110895,0.06726533260361468,0.02799045734032659,0.04645952870077735,0.014026350868535691,0.02866507796032491,0.021058428768164775,0.03027841505203635,0.026304735796809156,0.018795648019049274,0.05699789285334824,0.04616727341580554,0.040099423304636964,0.019865857431401856,0.0567201673334831,0.020555656320139903,0.03740156841124813,0.029177881444516125,0.04348331391053957,0.035236502813414304,0.0188078814522958,0.01234361857848478,0.026600682241298416,0.013663752373088207,0.0051824196245293394,0.03088457430855024,0.060253359159313735,0.03430382835069796,0.05132369758803736,0.027722174395143913,0.044568790003447906,0.03970614780195502,0.05139953470067365,0.061423005262836367,0.022165247386444407,0.04700126423149195,0.037174128949322316,0.014846192306376729,0.013550674883088467,0.049017475335788346,0.03313909889046817,0.055141845728710386,0.06675822334085679,0.05029825024898211,0.019686036644406574
Croatia,0.021714363422143196,0.06205125307847559,0.036496532859101045,0.07465754504625992,0.0575319056189292,0.04079893471974884,0.012588657567974526,0.06288205920387295,0.04675447679808269,0.03585143651141807,0.05263379591317743,0.015289979241031695,0.0162666947750536,0.0430241357171934,0.0897938080953797,0.04375838694544312,0.04901274572812377,1.0,0.012744179201902201,0.012680045456210704,0.0441080065910353,0.0523425833238844,0.029619081951253016,0.037373441002780915,0.012441924717903492,0.014582247209256851,0.058713646874414584,0.01427384777739027,0.07228238165381067,0.03966398805230208,0.030361721695132196,0.008584831569400129,0.04949548057266277,0.06425863524352829,0.035780630282114846,0.02125628526017942,0.024192988568173188,0.039933113083244355,0.026288337749191877,0.0686484915592967,0.0556071423385811,0.025827165049832734,0.052822632970202676,0.03273090865977245,0.0383126817212872,0.03612658620990787,0.027595949183876357,0.08677258528392862,0.014711548744844241,0.06782835285629707,0.012097549780932373,0.02977349480442053,0.045266777561952715,0.02086828767090503,0.0168023478263104,0.029462366663989402,0.03377992619432978,0.05820940918593591,0.06397725666593967,0.05137743310787464,0.050584927485731505,0.020394714917178647,0.014847614157298133,0.040796377142921066,0.05458327184724548,0.03022961471566732,0.01286229232886797,0.014942156608200112,0.017992050465819826,0.01462875313177286,0.06848563547939884,0.016834444451928658,0.023675168073341187,0.041831419227987054,0.03873636481153949,0.017500403949004786,0.02795540245135545,0.035161757849736956,0.030320209481180325,0.032202593324005324,0.06589776529062921
Czech Republic,0.0097817056925172,0.05164697278702193,0.028223822581991766,0.06503147408740693,0.05212411808126556,0.03067563211314693,0.02132646048457675,0.05523448657584747,0.03813765096855047,0.023467845348187993,0.04263263703164585,0.017983715291299152,0.019662216917765388,0.033053479780347055,0.07916473462099086,0.035300266838561876,0.0416191090418109,0.012744179201902201,1.0,0.020174379659648488,0.032398734508424246,0.04538809909142533,0.029936061471141133,0.026371465919315173,0.023108260706050966,0.02486774702479452,0.04671755295332634,0.019452718782542074,0.06113199415344073,0.03548701394118295,0.027521748207741604,0.010211653135442799,0.03799547907916347,0.0520396166926005,0.03236997246287114,0.032613974600178466,0.03177430378988449,0.046563377738321324,0.021891948631169906,0.05828681413632594,0.04694323138878803,0.02483757187443652,0.041289252406181476,0.021992446572939636,0.027034547868762793,0.027471616648858832,0.035143330813747375,0.074819832456308,0.01306605501079541,0.056457655042332244,0.022635417357393967,0.024872043710944803,0.03517061050760713,0.013072407261613695,0.01697596089041724,0.023941383813090484,0.029224734751652624,0.05065622459939218,0.0521809149550926,0.04081679920968349,0.04267977230165106,0.010810560681610876,0.025989066853757486,0.030833568297942374,0.045516081943156025,0.02351079544631928,0.014794947774526328,0.004948433385478644,0.022235132481255346,0.027274821764045803,0.056589962831114,0.021912786153780478,0.02357075992312033,0.03710098457083347,0.029522910215057124,0.019832659767733008,0.017565579357180734,0.028991956807475024,0.04189745786132665,0.036218979225591065,0.05744412632374193
Denmark,0.028056852946280113,0.0638594186406425,0.03881855303842838,0.07830966774293381,0.059484885137870085,0.044981099528285315,0.0029177107602166336,0.06447326995758557,0.049580876880143815,0.04050190052852846,0.0549798459475135,0.008966004634377063,0.00948763730415784,0.04545540522067341,0.092116333811314,0.04659505891889818,0.050701952672387855,0.012680045456210704,0.020174379659648488,1.0,0.046679263636752136,0.04732801561723893,0.02125296534549923,0.03976613684883512,0.004644621344399959,0.007075905776700928,0.06140982403873865,0.004990178749588625,0.07464462200274036,0.03543320275218416,0.022870271468577966,0.011488188186895681,0.051997452547958005,0.06724733773502194,0.02869976549976312,0.015698817618128368,0.015827154254228253,0.029820392851756007,0.02277112938689124,0.07070600293863337,0.05814295464862036,0.023673986142741986,0.055258623373254906,0.03707649579527673,0.04078694001654487,0.03879502683495429,0.015865867548934338,0.08936754925747763,0.012319252080799922,0.07020977219157953,0.006178181042121315,0.032052085254132806,0.04691630681508042,0.024252259476293572,0.016566713097026304,0.029483674620215224,0.03267062972984403,0.060520368211270166,0.06673026940767472,0.05394816894517796,0.051875791080360445,0.025729734394552815,0.009686416383796552,0.04635045660213252,0.05651975773407503,0.03255043520085058,0.00759568756642339,0.02183061918934301,0.01672649536687165,0.011207825903174444,0.07110154634188899,0.004968048119696302,0.015040458812633844,0.036637728606418764,0.041325734048751915,0.0077382304774403655,0.030896046079883853,0.0421552806774186,0.022382187967350836,0.022953860832236554,0.0630470488028754
Ecuador,0.025045019326420694,0.03592612142291472,0.015474729662995054,0.05565751336621973,0.03165702457250136,0.03082239042558338,0.04890707247523983,0.027320403423456326,0.03243337151592417,0.018264358783530565,0.018460294673430824,0.038078187378636746,0.03862846111411939,0.012423667357472704,0.04839101955038426,0.01878448409489397,0.015774297736735284,0.0441080065910353,0.032398734508424246,0.046679263636752136,1.0,0.019165256782615894,0.03708748392100037,0.0157181902182651,0.05129867125730871,0.05369375602028463,0.01760027819474657,0.043854264348319155,0.02900260400624105,0.021109454853703625,0.026822021250211818,0.03768036180434146,0.012790530870106733,0.021628691389728942,0.02390117259283651,0.062371899155808506,0.050257989867479806,0.0625176312425106,0.023923705703337277,0.03649994110890138,0.023667428085718752,0.027818798233778162,0.012178431706241577,0.02123959609633924,0.015685747705204388,0.0093168143085479,0.054569075414207614,0.04374350358474533,0.035758067435837246,0.024889301570928626,0.05252505194989964,0.017517220560259103,0.02447572101362409,0.023453883888600088,0.03626997069532479,0.02722048525292751,0.02012996644349915,0.02571562054717368,0.02182951209929248,0.010648042359127865,0.014945435828862475,0.024027119713677412,0.05636567141591554,0.027810241464422163,0.03895903159397405,0.01879225097640935,0.040590227043402455,0.029396874488618042,0.04517472917199701,0.05758247429558236,0.024424360500643102,0.04292637926997469,0.03204008638207564,0.014639237354393026,0.008081066721890986,0.04455631752652512,0.02084081425845866,0.04162977787510345,0.06486005633029472,0.04871738238676237,0.027237045471895698
"Egypt, Arab Rep.",0.0409000402248878,0.04287685496377725,0.026094188916748882,0.059239654419406824,0.03020424711946587,0.04216243812559138,0.04884408525382306,0.021180837396194734,0.03771254608297424,0.03413365480048248,0.025838259215518567,0.0410830725594323,0.040750654760388555,0.02170363186069538,0.04796162256594131,0.024907125468843584,0.01772729212039779,0.0523425833238844,0.04538809909142533,0.04732801561723893,0.019165256782615894,1.0,0.03772758452512511,0.03232847220907707,0.051345046385743824,0.05337635148262987,0.027455360098735088,0.04356291244791641,0.03219421725201915,0.02512021035015969,0.02873419987068599,0.04827762242468108,0.021976436482919432,0.02714423659074306,0.02601894675995654,0.06204174542637984,0.049835696049000656,0.06229786744955252,0.02819897150350806,0.03954749519484602,0.025967517705872308,0.034733339116697126,0.021492296034119375,0.036086969980324936,0.03154544974581397,0.020445506010312576,0.05415422410631839,0.04603200948713148,0.038600535389101465,0.02711267194038773,0.052595579279487395,0.02776686524474694,0.03419701371890688,0.03394457355091542,0.04287234417431358,0.03522381016229082,0.027676878981908033,0.022841441299504796,0.023427594792795697,0.01567738253174735,0.014592881252231491,0.03485855314657827,0.05607279572277594,0.03985134605822866,0.048212402270359625,0.028226314071256316,0.04235516205406245,0.04334490965051489,0.050700916690224036,0.05843934538289787,0.024939431345814184,0.04306751501006412,0.032643612911557755,0.01725165221753466,0.02034670070826466,0.04427147768501692,0.034380062024737104,0.05516515185538896,0.06445459877658746,0.04881550577962255,0.01898890577429161
El Salvador,0.031722920366727816,0.06293757463255051,0.03474738574505357,0.08455449510810543,0.04647588836918948,0.05364889236959457,0.021629956827995633,0.052238394971073875,0.0548255176095909,0.03891387847219273,0.0426084458303249,0.017155103443631744,0.023187325684028114,0.03625715452952359,0.0800563881178352,0.04424950574332013,0.03924522563375654,0.029619081951253016,0.029936061471141133,0.02125296534549923,0.03708748392100037,0.03772758452512511,1.0,0.03313720099727019,0.02331021081272226,0.023816301460359842,0.05220026016689914,0.01700097360266571,0.06334551289919671,0.022843104551037125,0.01091291757770516,0.024041372332407718,0.042100197937056674,0.058294404136445946,0.013605200990270724,0.02949062982186834,0.015180946473167315,0.031526526603061274,0.01803020303220517,0.06789503490740359,0.045312510683679016,0.014310697213327042,0.04504038517181895,0.036218412550392,0.03631740386656187,0.02993598766166231,0.018673258321864426,0.07844707656262626,0.018649512919528606,0.058672031849464464,0.024973477492003567,0.020627830554397094,0.05023286211193674,0.024766165336078227,0.031114408085928857,0.035657611862427996,0.020560975604025124,0.048216215333830935,0.05851020665341772,0.04355406818219099,0.040274423991804996,0.02927868212388935,0.02643477622792514,0.04725249758136195,0.061992068666744095,0.030629829559620375,0.01764194900993529,0.031211297257631828,0.035091471476307104,0.029828217762003596,0.060719933037413035,0.019763881753681288,0.01574722111875972,0.02476620770902524,0.03238334566276927,0.018926108883561565,0.032966676437797424,0.05707448327829731,0.027907703930687533,0.01192022878364489,0.05189879908597351
