Country Name,Albania,Angola,Australia,Azerbaijan,Bangladesh,Belarus,Belgium,Bolivia,Brazil,Bulgaria,Cambodia,Cameroon,Canada,Chile,China,Colombia,Costa Rica,Croatia,Czech Republic,Denmark,Ecuador,"Egypt, Arab Rep.",El Salvador,Estonia,Finland,France,Georgia,Germany,Ghana,Guatemala,Honduras,Hungary,India,Indonesia,Israel,Italy,Jamaica,Japan,Jordan,Kazakhstan,Kenya,"Korea, Rep.",Kyrgyz Republic,Latvia,Lithuania,Malaysia,Mexico,Mongolia,Morocco,Nepal,Netherlands,New Zealand,Nigeria,North Macedonia,Norway,Oman,Pakistan,Panama,Paraguay,Peru,Philippines,Poland,Portugal,Romania,Russian Federation,Saudi Arabia,Senegal,Slovak Republic,South Africa,Spain,Sri Lanka,Sweden,Switzerland,Tanzania,Thailand,Tunisia,Turkey,Ukraine,United Kingdom,United States,Uruguay
Albania,1.0,0.6966037281160311,0.3993607206000725,0.9588018343843682,0.8229116165254806,0.39830684740302713,0.5099456923117393,0.7697390376650308,0.5588702362662183,0.22285179933924446,0.6164547842519954,0.39422609886189486,0.4368133670631821,0.4091651192934572,1.0937895889533693,0.48872363176430794,0.5782274659705684,0.33503725670531037,0.15936535043129643,0.4817253600411912,0.4048837202946423,0.640542271664356,0.5677922848193192,0.2732819748397163,0.5261384466140175,0.5720791291740672,0.5452282026870049,0.48276510403894507,0.7765036749660628,0.5256799384140284,0.4739644281046498,0.28315297174154885,0.5279919246922127,0.6516776276948225,0.5298075536878958,0.678316839299176,0.6926894219208699,0.9403875038855795,0.3439726324576003,0.788535582098528,0.6753724379552649,0.41418172889963045,0.4873240509762164,0.21549534693098457,0.26393656969895496,0.35248699217528406,0.74264086077021,0.9892928285661579,0.33762551965699494,0.810318494633155,0.5309968530561554,0.37474401471366103,0.46638018063661785,0.1857634229997184,0.39198941779818275,0.4118580404282885,0.43687922305097104,0.7377087025541272,0.6851857327382568,0.5298150109318939,0.569393509471919,0.1472578820170145,0.5688444699462147,0.38057910634677533,0.6345309055099602,0.34442388151711567,0.39646662226285856,0.1374141694513324,0.49051288769632395,0.569024629668884,0.7502099616349411,0.4997938646175079,0.46837790637818316,0.5199942003544223,0.3890638273697549,0.5133269148236305,0.2609630089665268,0.47833326091025646,0.7848164038350665,0.70539509248243,0.7844572001245927
Angola,0.6966037281160311,1.0,0.5750462854087883,0.38545253491631176,1.0619863574847843,0.3708350716947056,1.0825205210400601,0.8457527309895435,0.5059381555548846,0.5937256802673122,0.8338591397274179,0.9628562481488978,0.9359370871599231,0.5793126936471763,0.9245912435899242,0.4872558345692963,0.7901004309420219,0.9664505953726806,0.8169687040869659,1.0564993437844643,0.6081917187760371,0.7718829945593553,1.0962586986658942,0.6271098780384007,1.1086881023751551,1.1416945688242393,0.3778750115349745,1.0529512033889779,0.5897123325072068,0.9381908347572139,0.9853390429188235,0.9274804402114027,0.7463771525442047,0.5359077010999816,0.9923438478171044,1.2542086050474166,1.221884991042927,1.4338702114750308,0.8688891841222938,0.20061288376169145,0.8708050462312942,0.9357898807798678,0.4949566411516771,0.6105314928266949,0.5802533789126515,0.6419922586304406,1.2398040009554032,0.5552744807317976,0.9193301527294215,0.8224258770151494,1.1152794784119582,0.7783935779792851,0.3148994931818894,0.7672404491661429,0.8255516598124436,0.6589353146688345,0.8856830346104028,0.8874653064229273,0.541250508617065,0.6019498310152598,0.7498130512685511,0.73230352393074,1.173097880141207,0.5969518421886729,0.2688184269088765,0.6365379993259621,0.9886219034788716,0.7583225528392066,0.9606853467399074,1.1672446195331099,0.6743180404593239,1.0269329855473044,0.95272170394961,0.8662521368656336,0.7189078725714458,1.0325548157047173,0.6208374580245871,0.5940376791026878,1.334800903548569,1.2502492088239736,0.8123872648946214
Australia,0.3993607206000725,0.5750462854087883,1.0,0.8131304667972343,0.8085001512050664,0.38800289714947483,0.5969221361221025,0.6496259710359256,0.3654362002306135,0.3907158075015786,0.6171908665433441,0.4692600718159286,0.4444028178475515,0.19945329305280288,1.0240014231008523,0.16790290614793282,0.47209911454027526,0.5693743371999215,0.4493099626789507,0.5694561488459918,0.2967394693451268,0.4141089780702852,0.5616586729043408,0.3984869917327132,0.6315089212032865,0.6594375248501977,0.43627252353849527,0.5423228870016917,0.7119534698480001,0.4982508466901255,0.46864610152751585,0.5193241593129237,0.525552263158323,0.5284484376627159,0.47391105441963133,0.782890402919399,0.6838935749483258,0.899052075019975,0.377502820923534,0.5975394226124893,0.675028572546918,0.472723902106617,0.3696650428988376,0.4226224213338549,0.38615991093694246,0.18019056681007214,0.7221161239909414,0.7846338710960665,0.4271107545163404,0.7021324137234168,0.6422105058289044,0.3055312143170788,0.3479515512348391,0.34107173607611374,0.3953227850668252,0.24656135321866876,0.4416907513406081,0.660492187686168,0.5404562187530216,0.3277849079198957,0.451471481395803,0.34152363473256886,0.7040635285077051,0.5739978115775267,0.5090177531353033,0.11265103383045541,0.498800343465318,0.4083550471835493,0.5253802208713048,0.7208938428683553,0.6212503998005442,0.5228970543269724,0.40916028640776547,0.4058318521943301,0.33393525518549316,0.534483606393123,0.22543645594322093,0.5090895773199391,0.8493330274717018,0.7137871460279763,0.5963222497126123
Azerbaijan,0.9588018343843682,0.38545253491631176,0.8131304667972343,1.0,1.3176954168097832,0.5821759114231783,1.3029754471259434,1.082928876951063,0.5909973581796335,0.8558173598677096,1.111649906014519,1.2016302650094348,1.1617641964328826,0.8289910376867017,1.1093849169435808,0.6849426532434423,1.0581640235596927,1.205295762805057,1.0609502246672136,1.2832699010183268,0.8918334485901847,0.9682345941912367,1.3424729492555747,0.943431272010084,1.3308260559495115,1.351797919709577,0.6558314582141394,1.2777821165434768,0.8055115969521213,1.2098573473047136,1.234479877046817,1.1902112165937604,1.0141407367700195,0.7513177530686973,1.228740310197937,1.4594124440907614,1.4382488389964272,1.5997061311873026,1.1174554484772432,0.3483338950471787,1.1380215838186771,1.2297811586797318,0.7674449226367919,0.9134381398389457,0.8854463180915079,0.9046723646558487,1.4508688327142905,0.6850425527807216,1.1485158604029377,1.0500377518946247,1.327863853424855,1.067854371998399,0.5891462093146911,1.0207239081387622,1.0350148351503858,0.8670971400957159,1.1692946467861496,1.1503989988946193,0.7320380898443033,0.8514520631292488,1.0062261401691437,0.9767765432125063,1.3898257023031215,0.867985798716316,0.4261082321727087,0.8783723474081745,1.2169567632855858,1.0143655563411382,1.158288670679888,1.3872455854363468,0.8989462124155659,1.2556352230432797,1.1749239439005306,1.1132235670049109,0.9822966684572437,1.2389900590785026,0.8800381888673339,0.7543378242480145,1.5687041697524624,1.4890702348115674,0.9869517565191575
Bangladesh,0.8229116165254806,1.0619863574847843,0.8085001512050664,1.3176954168097832,1.0,0.9903418442830492,1.050429702964102,0.29868263395341293,0.9933784190670628,0.7004441168338548,0.24999278844592165,0.9081678679738935,1.003400234014741,0.65995244719175,0.6258856917865805,0.8332939554851978,0.35738179136568965,1.0121623737263026,0.8977504018511996,1.0231335811585909,0.5626670357282415,0.6472261832970297,0.7858543727008013,0.6335919185438524,1.072221111724921,1.1114959339583694,0.7050189532254508,0.9682360854109616,0.6296744992804437,0.44360116814688727,0.6643758004528181,0.9064238740924715,0.360223654998686,0.6261354351382882,0.6211192312128727,1.2090761078023893,1.0237095691482634,1.2658813992451703,0.6764854651680536,1.034423685080284,0.23347816972480662,0.658546663730701,0.6025854751129802,0.7399361051375808,0.6577134631613761,0.6536728855264727,1.1247214780421613,0.8997188505663593,0.8819078151531788,0.3454605560824734,1.0920554528396622,0.658405940627682,0.955233961331593,0.7454774641599499,1.055302227664182,0.9911711515923264,0.5029729146124008,0.2118700321227405,0.6210117002243354,0.5441859964094844,0.3884134844596522,0.7963365405661663,1.1056183543368263,0.7355864770700019,1.0989494253841179,0.8260770018592516,0.9230942058690091,0.9021804442375068,1.1265159056970204,1.1449223561626363,0.48345307058286857,1.0125520223074969,0.8744405253738741,0.5154274373878563,0.5050510057080425,1.0427013225642976,0.8670688136194442,1.1720772131408514,1.2015580225497653,0.921792817593256,0.4825484084610835
Belarus,0.39830684740302713,0.3708350716947056,0.38800289714947483,0.5821759114231783,0.9903418442830492,1.0,0.777688181159377,0.8269938285127727,0.3351405612114403,0.3623431201447782,0.7581660842957095,0.6730463914435741,0.6496091077185102,0.4233513666327876,1.0513627117616113,0.3522597799641208,0.6992264642366472,0.6475998772502185,0.4968268782850118,0.7537695068357185,0.4834623176637215,0.6675389781655969,0.8481788255962729,0.45117296242850424,0.8012720519413704,0.8329993241833036,0.40575713774924044,0.7540033139752347,0.6831567785330954,0.7612043834751753,0.7469220343568754,0.6309339818126184,0.6504734361218991,0.5693345144362482,0.7665525345633897,0.9439205677011855,0.9495889965018897,1.1571943814255659,0.6150679638600149,0.4716888531970469,0.8029806962926961,0.7150859611121041,0.4474109936454505,0.39964096707973557,0.39790084353032135,0.45378615452538756,0.9733224725175733,0.7884582806849314,0.6178448896544241,0.8399014253720873,0.8014862091026435,0.5857433774147175,0.2174485153343509,0.4800409696262805,0.5317136992504261,0.4224093726521906,0.6968355716539086,0.8471981251920104,0.5747565879571884,0.5321357618193819,0.6612685709530709,0.4288551582872463,0.8584800335452261,0.4451036628204112,0.30420618914345454,0.4051335004349464,0.6849211116342012,0.4455533511933747,0.6620540859514742,0.8538526612558164,0.7178418308423202,0.7402593011804717,0.6898792344342839,0.6942772348084675,0.545992535205377,0.7384803980709833,0.3518673427517586,0.3485390648466384,1.058048617838682,0.9930588936687371,0.7786818417934378
Belgium,0.5099456923117393,1.0825205210400601,0.5969221361221025,1.3029754471259434,1.050429702964102,0.777688181159377,1.0,1.0347690971117187,0.8184695655041515,0.6916659890595492,0.9265857222300266,0.17932075019207117,0.1908437148301902,0.6928681917782539,1.4730805680004293,0.7344137820308819,0.8184877359656263,0.24283161004057463,0.3755379651531639,0.04869275726974935,0.722310180429876,0.7837453299271793,0.34912447189919943,0.6861297510710962,0.05084303343420351,0.07552751627580183,0.9581148085840713,0.10489411617376113,1.191041858539349,0.6301638265273815,0.42331644493334303,0.2913951307411439,0.8713078020971001,1.0389495356986156,0.49197451027218664,0.19780107094401353,0.27315634948287787,0.4850320175917157,0.4158004382978038,1.1528607338309045,0.9797566827346273,0.443234082741748,0.8583695846288678,0.6586431771474452,0.7064717120937642,0.5958500966866288,0.29452360096932895,1.3523202831712586,0.21894693661696651,1.1244267522698659,0.06988845060662367,0.50429537219104,0.803883292639848,0.42343907627985894,0.3008372551615808,0.5028255445495016,0.5709795367096453,0.9958565451307686,1.0501440644211206,0.8203516099276383,0.8269843205919439,0.44160944099181726,0.11940514396599763,0.8558512962745436,0.9844841858188662,0.5100123821647968,0.15279013981005443,0.39834815381832284,0.2992034461817673,0.14994022777766738,1.0991910103127438,0.11620494426570942,0.28464915106499555,0.6240820198403955,0.6662657115945956,0.12945743592496914,0.4977072827831558,0.7210198759783621,0.31308205572105663,0.35656951697244327,1.0238105376191078
Bolivia,0.7697390376650308,0.8457527309895435,0.6496259710359256,1.082928876951063,0.29868263395341293,0.8269938285127727,1.0347690971117187,1.0,0.8101644976627385,0.6202191690078899,0.2494081075201932,0.8799981779872693,0.9502917645374556,0.5021228335751826,0.5242337834069101,0.6332368732326845,0.24161807074175964,1.0011240484009616,0.8664672836909499,1.0063129593274998,0.42610009529181814,0.45175669613265773,0.7968613937172915,0.5690132696805623,1.063705213785561,1.1000684641332443,0.5098850525192603,0.9522596750205193,0.4421350949033599,0.45241100792037403,0.6626017509485133,0.904084030768895,0.3052358791659783,0.4454744256298706,0.6064608223157574,1.213695246751005,1.026451593687263,1.2676238755075555,0.6412872277411912,0.7925650869988959,0.23030074817324825,0.6696102054501439,0.4104758677958483,0.6663783188722903,0.5746711790312398,0.5256184264503467,1.1083844303343355,0.6709902364749717,0.8462899193861093,0.20732790604142504,1.0830140480353265,0.5961671951355492,0.7595361577830682,0.6906126248998434,0.9703044623571656,0.8558779408807393,0.5043641785534703,0.13270854540321914,0.3751651146777481,0.34147898247763203,0.22563500426168823,0.7314669231550589,1.1127499416222932,0.661468013522393,0.9086326241349878,0.6950136897149135,0.9032965075644191,0.8502877087174289,1.0750664860214942,1.1481503347504665,0.27300693746634674,0.9796531892081067,0.8262563735251496,0.44029591488087505,0.4224678587284649,0.999627923116895,0.7538211137283237,1.0504420369031293,1.2181752812605453,0.9558682854593834,0.25405549212681344
Brazil,0.5588702362662183,0.5059381555548846,0.3654362002306135,0.5909973581796335,0.9933784190670628,0.3351405612114403,0.8184695655041515,0.8101644976627385,1.0,0.4948754659672901,0.7977676949195333,0.7284717887431961,0.6751882129485071,0.3861151149896081,1.0726115312357334,0.2698698397122172,0.6906219420719616,0.7579810149861401,0.615948365736731,0.7994204018678134,0.5292625318908375,0.5853272867410946,0.8426668480153942,0.6007484526898209,0.8478385333118651,0.8660061297053306,0.4708628519812651,0.7754931345250323,0.7316190048658756,0.7680377965936499,0.7358815237879313,0.7519964066530886,0.6778143887252229,0.5400922327417584,0.7359826796738469,0.9795806368317683,0.9248941267522639,1.0822976778494655,0.6366342118170953,0.5058658043844704,0.8358839650765015,0.7775844668610441,0.5018349703410394,0.5884905641451383,0.5531066007248285,0.4644192535549637,0.9651070275288658,0.7501682876213471,0.6583574356201964,0.8175146687064588,0.8428211198834146,0.6396751995248618,0.40955776109471564,0.5687003492405753,0.5870522714036733,0.4142904012703042,0.7278320625278021,0.8468128259220441,0.5525341943592521,0.4997238277093998,0.6506600721622439,0.5230448963604204,0.9090973267234628,0.630688041196132,0.35871015340320866,0.4126533964252944,0.7311475791195857,0.5905090270136883,0.673626670612114,0.9233313649678986,0.6976882896518779,0.7685140219287916,0.6756889988592871,0.6790163957204758,0.5511985645706512,0.7539663901460072,0.43677102391508976,0.44536054393617014,1.1009112149509366,0.9884516191556159,0.677031375892437
Bulgaria,0.22285179933924446,0.5937256802673122,0.3907158075015786,0.8558173598677096,0.7004441168338548,0.3623431201447782,0.6916659890595492,0.6202191690078899,0.4948754659672901,1.0,0.4762957386160964,0.5537739506322661,0.6030826111533194,0.31965136651624787,0.8970979616340641,0.42521101981004833,0.4636014505398775,0.5449303669041289,0.3605515019965519,0.6627641756138876,0.288131225041224,0.5676761840338371,0.6680980796531668,0.207251603669446,0.713239322157786,0.7563012501732153,0.36923321986387536,0.6452301436902955,0.5795734846318468,0.5046807909772645,0.533888593336861,0.47661564818531543,0.365867440020744,0.45366428369525497,0.5624673079731407,0.8688509611303237,0.83297920837371,1.0785733992668043,0.405121498765286,0.6601712003070431,0.5315906244252387,0.49741801099081456,0.324962751648361,0.2057169499665521,0.1580529167945395,0.31202767898462913,0.8976381557600572,0.8145193088295392,0.4921801655706418,0.6343954732110725,0.7189215078548489,0.4105559742128903,0.42461577393848327,0.29064413267959466,0.5574275800448707,0.49351602034564807,0.4355918367750031,0.6002259580217654,0.49824678946848666,0.3926893365834705,0.4433780644979767,0.27229581389620644,0.7582559877116621,0.25202998388536624,0.5625574733104116,0.3840445847804463,0.5601106005415314,0.3464078155762424,0.6585155917746409,0.7685581184325776,0.5597103260059975,0.6679710698287878,0.5796018223140765,0.48882031061081294,0.294607136037586,0.6766241135164668,0.3384726058914937,0.5446677924861886,0.9654378190434879,0.8283518056244485,0.6367970277243312
Cambodia,0.6164547842519954,0.8338591397274179,0.6171908665433441,1.111649906014519,0.24999278844592165,0.7581660842957095,0.9265857222300266,0.2494081075201932,0.7977676949195333,0.4762957386160964,1.0,0.7745715460783009,0.8554598287734964,0.46132238124136105,0.5974334013912652,0.6390631081863362,0.2177455267262643,0.8533051075994239,0.7153980438696114,0.8961675529031377,0.3554636970515374,0.5366410441507129,0.716660127690734,0.40373428494782093,0.9497523205655798,0.9937629085337529,0.4790360363733751,0.8508504805378966,0.46093095317819177,0.3649480118989726,0.575277295165193,0.7493581714177256,0.14503870333854021,0.44303658694319803,0.5501385286577348,1.1018215140311318,0.9515006523598456,1.2139847004706703,0.5412316866696817,0.8282976353587299,0.10983885591618282,0.5382128007039555,0.3804771074915464,0.5124450377242933,0.4210849872555194,0.46478507592758017,1.041306297729371,0.7570534485817896,0.7386814723727361,0.2842418519120611,0.9684859876151183,0.501286372810106,0.7273393734595224,0.5667942589129594,0.8805485221187961,0.8016454094446834,0.383265710035523,0.1739069710968586,0.4462305941778197,0.35867722675231906,0.23295471491689324,0.60609832356186,0.9919515435675449,0.507414961790775,0.8727015012607523,0.6381660571434404,0.7920371810198488,0.7078763474703097,0.9695631235279748,1.021894888009405,0.34954206407482585,0.8846384574497145,0.7553990267857458,0.4170370378065692,0.320231438646115,0.9154021440015918,0.6633732611771754,0.9513826320699872,1.11865085938496,0.8765533328303409,0.416686171812162
Cameroon,0.39422609886189486,0.9628562481488978,0.4692600718159286,1.2016302650094348,0.9081678679738935,0.6730463914435741,0.17932075019207117,0.8799981779872693,0.7284717887431961,0.5537739506322661,0.7745715460783009,1.0,0.18992642897863127,0.5575023936347205,1.3155281884735395,0.6092168953103329,0.6638510783049928,0.2448175552841599,0.29580540040267694,0.14926253119609234,0.5593076136361763,0.6468154926140272,0.28256414322254075,0.5437947696108796,0.20934744356937737,0.2460445242820746,0.8132301013181489,0.13445889921231052,1.041109863429128,0.4921074442300255,0.3076566392602103,0.21283636662566344,0.7175419371276762,0.8902710025974923,0.375265239285556,0.3643241310347652,0.34028599764825296,0.5911259372851948,0.2678017864864558,1.024992519881492,0.83030781912552,0.31930462273046933,0.7047404726085734,0.532220639180886,0.5658710497899588,0.4449372885010818,0.3831855423129167,1.2107582727499453,0.10341299106556787,0.9711962688892896,0.22897180880110132,0.3456479026457274,0.6814277988973881,0.2784262891365854,0.27419410693356205,0.42980939543492397,0.4239349311904086,0.8427298352237201,0.8998974505445742,0.667571445272954,0.6717178694091425,0.32281073037200947,0.26730086509757145,0.7318593307634871,0.8886307319842986,0.386630050052613,0.08417461537811968,0.3090070520895206,0.3446493607870816,0.2944696343677522,0.941806812051195,0.1617245028908196,0.18045886971392414,0.4721516979437343,0.5150682322032742,0.17593030433189719,0.3827382825305092,0.6831274950247719,0.4364659712801826,0.36413068182802927,0.8846619417385252
Canada,0.4368133670631821,0.9359370871599231,0.4444028178475515,1.1617641964328826,1.003400234014741,0.6496091077185102,0.1908437148301902,0.9502917645374556,0.6751882129485071,0.6030826111533194,0.8554598287734964,0.18992642897863127,1.0,0.5584676338109617,1.3767341769465158,0.581686415086855,0.7299431552903616,0.271334215930372,0.3303263822305209,0.1693986782149565,0.6099005281995044,0.6874471115717651,0.3619818798254264,0.590939617482699,0.2159834678596957,0.24224827741645386,0.825738226910899,0.17694213953864568,1.0823912983601491,0.5844562398251093,0.39505776673361365,0.29485097177193614,0.7884563117265311,0.9122816117869298,0.4590996059187801,0.3561802728581476,0.34055333899444973,0.5597292292155427,0.3660487710045584,1.0022839232442111,0.9138140402443883,0.3982501854210142,0.7412617072221485,0.574635773351673,0.606711225666679,0.46905071227118256,0.3529553654829141,1.2057027949505283,0.19385329456613765,1.0278450323687165,0.2299759013098479,0.40693222674518514,0.6651576711035461,0.3603479254183018,0.16475623539031506,0.3409497149134848,0.5148477922660053,0.920087698038293,0.9332628714092172,0.6982874474558712,0.7372090122935422,0.3638800895546816,0.29762175909024036,0.7810196524318737,0.8298027996650092,0.3545888547318509,0.19968201620272674,0.3275873679706977,0.22046489987646828,0.31064930332164503,0.9888684932674049,0.11868973665513001,0.23017278151819284,0.5562976742061835,0.5708346037756543,0.1681111158851806,0.36419872348850363,0.589616772132322,0.4427901299564355,0.42860938528665105,0.9265597539508601
Chile,0.4091651192934572,0.5793126936471763,0.19945329305280288,0.8289910376867017,0.65995244719175,0.4233513666327876,0.6928681917782539,0.5021228335751826,0.3861151149896081,0.31965136651624787,0.46132238124136105,0.5575023936347205,0.5584676338109617,1.0,0.8724870619406155,0.2188045725001584,0.3387559207878089,0.6393180920919216,0.4899313458185834,0.6643212924590934,0.21008833387419296,0.367452045334712,0.5945885044844819,0.3178099605631244,0.7243531655697322,0.758562958388939,0.3250679924562008,0.6244054488389148,0.5630117543959277,0.41902766727497454,0.4638376212549126,0.5774388774288272,0.3649525958510007,0.39235086149896015,0.4541794449357609,0.8819346135869953,0.7583102155593158,0.9919159614195141,0.38043617033335714,0.5853078009345506,0.51163435096945,0.46658626896917427,0.2522011977179727,0.3747986508164618,0.3013985043496217,0.1510367966740901,0.8222477990150934,0.6942341544338979,0.5004083380638955,0.543200499817272,0.7357283240643805,0.3311826565180091,0.406386802549995,0.355985587216872,0.5377611865898099,0.3920898166932618,0.38422769937562484,0.5124775181054916,0.40286327067678285,0.1897483360307252,0.3115648223708029,0.3555659139403558,0.7893571299921328,0.47366974692612074,0.5326959053854202,0.2455771421577992,0.5751941285538054,0.46049618255182007,0.6423515948482758,0.812784605309051,0.47099672190302694,0.6288897883062656,0.5068258250497535,0.3576812791586133,0.20580986768315282,0.6485715333244929,0.3139385498311708,0.5825955032572083,0.9437777472633044,0.7645147169432595,0.447083245377031
China,1.0937895889533693,0.9245912435899242,1.0240014231008523,1.1093849169435808,0.6258856917865805,1.0513627117616113,1.4730805680004293,0.5242337834069101,1.0726115312357334,0.8970979616340641,0.5974334013912652,1.3155281884735395,1.3767341769465158,0.8724870619406155,1.0,0.9638999774810507,0.7063974894503622,1.3842258473652636,1.2240908993104485,1.4419836528095555,0.7904303668741433,0.8983473974973772,1.280118533763525,0.8676873746157477,1.498490686953571,1.5398643649938164,0.6707529244473168,1.4006678586919585,0.41028108992648427,0.9343216020876964,1.1385335527963274,1.2863583473642137,0.6333448411075724,0.5726515839752833,1.1004966899503097,1.6514491896553771,1.5053360688937147,1.7427985030948285,1.0900377946601016,0.8524188637942388,0.5669652509881767,1.1077543075527836,0.6945202162675769,0.9553510187714418,0.8579828267113321,0.9298342804696432,1.581818791993509,0.5782567904698518,1.2767279235816669,0.41376428906967244,1.5146646257861036,1.0181788828753235,0.9988539422418515,1.0876726322310486,1.3630041088062588,1.226189961605158,0.9568839906982782,0.5635981045090557,0.5573944349031259,0.7213522908855322,0.6917029228991074,1.1076849685366297,1.5460012839349742,0.8445450139572502,1.048269003794965,1.0837340632379864,1.3388937136704095,1.2029297112303952,1.4643278053111863,1.570204872292288,0.43054909217832316,1.422186893501818,1.2780071093745906,0.9326190195527864,0.8337957206712815,1.443941143223776,1.1091221466101966,1.2986940453838718,1.6740790844405504,1.438743749856486,0.6365744937541402
Colombia,0.48872363176430794,0.4872558345692963,0.16790290614793282,0.6849426532434423,0.8332939554851978,0.3522597799641208,0.7344137820308819,0.6332368732326845,0.2698698397122172,0.42521101981004833,0.6390631081863362,0.6092168953103329,0.581686415086855,0.2188045725001584,0.9638999774810507,1.0,0.4999361642646752,0.6981085437205123,0.5627762573397631,0.7089532128993633,0.33456155647893704,0.401496597648903,0.6903249310999918,0.4653472686603247,0.7680892819239037,0.7931866088094985,0.36736958042160506,0.6788102504924545,0.644243575597222,0.5859490303720373,0.5850025574047072,0.6558273035921597,0.5393052106747027,0.4572462792939858,0.5733195887626116,0.9158781568707683,0.8136418320366993,1.0120587005281994,0.49120119178343813,0.477621182822987,0.6851029986729502,0.6048473795586948,0.33688010335436136,0.4857161795855718,0.43358659811087674,0.2644762402694691,0.8493013783139227,0.6810978168480099,0.558889018189566,0.6731578990996633,0.7751848968249421,0.4400463975500396,0.3065323727285155,0.4521241291685539,0.5164682186579895,0.3358999027719418,0.5467063888647415,0.6702298256060056,0.44831293200333955,0.3056814024723599,0.4638101996883527,0.43865927677764094,0.8378112041849209,0.5832317655506211,0.43004988839671054,0.24861619527202083,0.6336140979059658,0.5219174126361589,0.6487105677195001,0.8557398016172111,0.5667324113656383,0.6652992349744364,0.5457732262455206,0.47669431688494185,0.38998120163305344,0.6645088594287494,0.33841507056909276,0.5316477800700424,0.9909931905684833,0.8460781008831793,0.5456572933530844
Costa Rica,0.5782274659705684,0.7901004309420219,0.47209911454027526,1.0581640235596927,0.35738179136568965,0.6992264642366472,0.8184877359656263,0.24161807074175964,0.6906219420719616,0.4636014505398775,0.2177455267262643,0.6638510783049928,0.7299431552903616,0.3387559207878089,0.7063974894503622,0.4999361642646752,1.0,0.7861229323624039,0.6585018810430147,0.7886921075989564,0.24724112618547658,0.34976322096138324,0.5895651176940098,0.4047590418291668,0.8458674442979593,0.8846482641600621,0.45971525007493436,0.735804786830476,0.5331267569394729,0.25978399744920094,0.4474441433541099,0.6890161304897668,0.20771327834925463,0.4274901400210072,0.41255164029802005,0.9986757136177794,0.8188973314376139,1.0713926297090701,0.4234553625035307,0.7729789902137254,0.2591338376498859,0.4521164645124683,0.33354308176075925,0.5089709644590502,0.42114135907143685,0.3224453597839161,0.9010197004143699,0.7436951376980844,0.6297985127339214,0.3440049331694766,0.8661116280731237,0.3805869439953031,0.6399778758286229,0.4872287966828923,0.7602857600232459,0.6646639999203598,0.28605451724780384,0.2063813805825697,0.41655686476534354,0.22365942444761328,0.08432199697654025,0.5312862081952581,0.8983546173736626,0.5679278815558516,0.8144869116932442,0.4978776976203481,0.6885100949273606,0.6458812003546933,0.858173920991946,0.9324718939434667,0.3516201679974935,0.7614179961724942,0.6104720950361481,0.2507208367832817,0.2138131073849231,0.7841208082770048,0.5570176397793808,0.8851458614514405,1.0100584485881081,0.7569630034779121,0.3395450334718764
Croatia,0.33503725670531037,0.9664505953726806,0.5693743371999215,1.205295762805057,1.0121623737263026,0.6475998772502185,0.24283161004057463,1.0011240484009616,0.7579810149861401,0.5449303669041289,0.8533051075994239,0.2448175552841599,0.271334215930372,0.6393180920919216,1.3842258473652636,0.6981085437205123,0.7861229323624039,1.0,0.1901958778192112,0.22693617033423405,0.6542989731709391,0.8048677641730605,0.4685335014813108,0.5508540693216866,0.238784805646118,0.286072044959028,0.8515254741194549,0.2710201233015677,1.0839262475820373,0.6323340716000986,0.4721106578456749,0.1414376677128133,0.7870914705249032,0.9480651982094792,0.5542361604284844,0.367263822005062,0.4831751711619639,0.7063865937909047,0.407707433578396,1.061388870819165,0.9103865785271769,0.4305520777973882,0.7744800179679923,0.5015206943893225,0.5662281578049886,0.552866932595997,0.5125902371887466,1.275947228942219,0.2321919015390207,1.0668084509747797,0.23887481162335542,0.4847088507909254,0.7057321426910059,0.3318141282441343,0.29523503572892434,0.47949212397876045,0.5505348627685965,0.955395718367579,0.9757686487136721,0.7755425117375614,0.7918537716266444,0.32302765668707556,0.26478302698339357,0.6851702479668786,0.8726500148882291,0.47997865958900493,0.21962975175877225,0.22320999262186975,0.31736914617468703,0.24868281339115375,1.0300260553042868,0.28606866359688166,0.39092993820201555,0.6438408666687363,0.6088129796694896,0.30825610397715136,0.41357666543211963,0.5911908919466827,0.4984903187905524,0.5300423539683297,1.0086093999920043
Czech Republic,0.15936535043129643,0.8169687040869659,0.4493099626789507,1.0609502246672136,0.8977504018511996,0.4968268782850118,0.3755379651531639,0.8664672836909499,0.615948365736731,0.3605515019965519,0.7153980438696114,0.29580540040267694,0.3303263822305209,0.4899313458185834,1.2240908993104485,0.5627762573397631,0.6585018810430147,0.1901958778192112,1.0,0.3518140405958363,0.5065166499999995,0.6971783380492335,0.49818702989012603,0.3965403816143212,0.387836306174498,0.43297687740296675,0.6793314852028571,0.3617600957348536,0.9128312122580282,0.5517414507998518,0.4379565276317614,0.17730524432601436,0.6331788044047614,0.7747817543856992,0.509836061552325,0.5342129456976515,0.5796270989574975,0.8167678129407039,0.331401099363247,0.9076613133015461,0.7735683196932376,0.3979622619915279,0.6116660625105566,0.3450367902224999,0.3994830628636514,0.4197546724000958,0.629282429742647,1.1138799495741427,0.23822224511150777,0.9169463744787667,0.3883542422616964,0.40226306181782767,0.571107769490713,0.20173575331043045,0.3098980092883678,0.4065462330192575,0.4653946946980946,0.8274321730163304,0.8089227879538492,0.6270582321947317,0.6568057614820003,0.16777881555196986,0.4263849570646552,0.5159838047064824,0.727712579912664,0.3719014244400937,0.27991693348363333,0.08575115406585881,0.37542792657807883,0.42569388439461087,0.8687554355087354,0.38292333919210264,0.39714116515721043,0.5551549031736618,0.46507076446133716,0.3971266872072573,0.2927331548888144,0.49519157073269726,0.6582341862466615,0.6113345367504952,0.8693070170354973
Denmark,0.4817253600411912,1.0564993437844643,0.5694561488459918,1.2832699010183268,1.0231335811585909,0.7537695068357185,0.04869275726974935,1.0063129593274998,0.7994204018678134,0.6627641756138876,0.8961675529031377,0.14926253119609234,0.1693986782149565,0.6643212924590934,1.4419836528095555,0.7089532128993633,0.7886921075989564,0.22693617033423405,0.3518140405958363,1.0,0.6890020856654491,0.7619829723582762,0.33384047336643197,0.6523132764956482,0.07091020115811689,0.11088496880647015,0.9276019127106311,0.08546737953634786,1.1621490930275686,0.6043158871965044,0.4017086370846905,0.2618044520206467,0.8403301800792113,1.0080987330096687,0.4711103752753288,0.22844321639492746,0.2849508095236383,0.5060360073679111,0.3899793873446499,1.1261429508389573,0.9503962483725145,0.41158330557992223,0.8302175192225931,0.6323687468171053,0.6750144732280299,0.565040088461336,0.3095474727340056,1.3226244852926987,0.1940672436137898,1.0944805456157591,0.09754367858407068,0.4691520177655594,0.7777523690546292,0.39493649533154673,0.28529269383969397,0.48522678754425047,0.5409997140038366,0.9665641499444525,1.0218981330116197,0.7906743518374098,0.7987596379398408,0.4177082806998583,0.145871255027671,0.8313458740331308,0.96113863039168,0.4818678336054089,0.1366987824982002,0.3720136766358145,0.2848626564921512,0.1723739657227271,1.0678640566776507,0.0944985869024007,0.2587685466860426,0.5973214029795558,0.6361986041812974,0.13423760681214178,0.46670987515949924,0.7063460060277026,0.33217667521252625,0.3545617659634596,0.9989410629182256
Ecuador,0.4048837202946423,0.6081917187760371,0.2967394693451268,0.8918334485901847,0.5626670357282415,0.4834623176637215,0.722310180429876,0.42610009529181814,0.5292625318908375,0.288131225041224,0.3554636970515374,0.5593076136361763,0.6099005281995044,0.21008833387419296,0.7904303668741433,0.33456155647893704,0.24724112618547658,0.6542989731709391,0.5065166499999995,0.6890020856654491,1.0,0.3862728841572937,0.591558410175457,0.25671586766503457,0.7502632180454771,0.7908750019197476,0.3229493938170724,0.6532106796275854,0.5263843534876088,0.36461395846113226,0.45558361751361126,0.5593352799130854,0.2660155582409917,0.36483190377040026,0.4523072209057766,0.9107209453861146,0.7914059925557606,1.0409104615301366,0.36690617922042856,0.6197887472306461,0.41964124856309687,0.4281050847924916,0.21258259749838923,0.35708448351296934,0.2561234637119337,0.16599377637379467,0.853864404876088,0.6993867882517143,0.5226041316174483,0.4714913976908093,0.7669609884504339,0.2761264446847538,0.4341966509360227,0.35320234451632493,0.5968314598042301,0.4966382952811346,0.3141855501564809,0.41500477143000575,0.39429981965426303,0.17245072793173077,0.23955913225851014,0.3865940911842677,0.8098827466943844,0.45019944968687664,0.617229012017507,0.32644387674591135,0.5919519992920889,0.48035153214458054,0.7132230518564135,0.8321063746724486,0.40397929857578496,0.6627659852069516,0.523490352124374,0.30517148037503156,0.16290813123271178,0.6830374863794941,0.3689142488360989,0.6832144532887968,0.9557523774840991,0.7613161352830637,0.46870857593537296
"Egypt, Arab Rep.",0.640542271664356,0.7718829945593553,0.4141089780702852,0.9682345941912367,0.6472261832970297,0.6675389781655969,0.7837453299271793,0.45175669613265773,0.5853272867410946,0.5676761840338371,0.5366410441507129,0.6468154926140272,0.6874471115717651,0.367452045334712,0.8983473974973772,0.401496597648903,0.34976322096138324,0.8048677641730605,0.6971783380492335,0.7619829723582762,0.3862728841572937,1.0,0.5980561654310199,0.5777792420557811,0.817261512989878,0.8400734559721683,0.5530093359892789,0.7052138409693546,0.6803047741645963,0.42618472633490345,0.48135821143582086,0.7468076675101704,0.48922558513392583,0.5574642963258101,0.4327799682244505,0.9576854742495553,0.774270824300107,0.9844492525981509,0.44568496949546127,0.7392768174970231,0.5400653350020176,0.5697047553701897,0.43871770809133054,0.616127338895863,0.5734417232825879,0.35690935636800225,0.8314002209484656,0.8115680613300388,0.6072771925898113,0.5930742990457766,0.8328944563480388,0.472508729637561,0.5742162365404231,0.5197645923054295,0.6975520798342201,0.5688169994619741,0.45649617336174364,0.4933753032795744,0.4614778165513201,0.31691835509754107,0.3155887613111629,0.5482478935426287,0.875507903323581,0.6969242974136838,0.7959062398912122,0.45385309246312366,0.6699680392415012,0.6742001156775613,0.8171261069782173,0.9105726073047063,0.5160378496843037,0.7232844242852956,0.558822173821055,0.3062263999683542,0.38233628428839994,0.7057070974415784,0.5320989835480067,0.8666300841696405,0.9809544499821583,0.7560296894090884,0.37890422873731006
El Salvador,0.5677922848193192,1.0962586986658942,0.5616586729043408,1.3424729492555747,0.7858543727008013,0.8481788255962729,0.34912447189919943,0.7968613937172915,0.8426668480153942,0.6680980796531668,0.716660127690734,0.28256414322254075,0.3619818798254264,0.5945885044844819,1.280118533763525,0.6903249310999918,0.5895651176940098,0.4685335014813108,0.49818702989012603,0.33384047336643197,0.591558410175457,0.5980561654310199,1.0,0.6246276433074403,0.369302983965966,0.39292225377911416,0.8801229412236211,0.2687267473630123,1.0598750223969007,0.3662400632382896,0.16740347914998313,0.4193205882224201,0.6941213290816298,0.9144619397954199,0.21682478903804608,0.48042562598178046,0.2507418419214985,0.5359814907225828,0.27767472196466303,1.1289600884498474,0.7632078289068114,0.267489231190128,0.7481938979673728,0.6517612324911441,0.6572658145932188,0.4866709164405003,0.3513824662533061,1.2354405332409681,0.3017429188441003,0.9076928023927107,0.3955763037011429,0.37814654536017667,0.828808470111075,0.4142300068392458,0.4962578417624285,0.5762752813951462,0.34673724237370657,0.7484738536292664,0.914859349133918,0.6622644502950257,0.6155118397830996,0.4703807412845932,0.4070536577128737,0.8336735173162085,1.033697844091928,0.4957021508215295,0.29217968208168466,0.5172140971478224,0.5368116656899482,0.4598427676969336,0.9198770953751476,0.31457694947379705,0.26062359092390586,0.38193019242254334,0.5074222527370505,0.3431972434981744,0.5471192197523599,0.8749659197157316,0.45655575356334605,0.18116584749590575,0.812356499516809
Estonia,0.2732819748397163,0.6271098780384007,0.3984869917327132,0.943431272010084,0.6335919185438524,0.45117296242850424,0.6861297510710962,0.5690132696805623,0.6007484526898209,0.207251603669446,0.40373428494782093,0.5437947696108796,0.590939617482699,0.3178099605631244,0.8676873746157477,0.4653472686603247,0.4047590418291668,0.5508540693216866,0.3965403816143212,0.6523132764956482,0.25671586766503457,0.5777792420557811,0.6246276433074403,1.0,0.705923096078922,0.7558014820990434,0.37946522908112107,0.6350918695705603,0.5720972034197078,0.432029668315918,0.5040156120535445,0.45943808764962313,0.3342999741161977,0.48672003252258245,0.5306408357160722,0.8665543860889102,0.8081812850761584,1.0795727460944344,0.4025960095429335,0.6960309596022322,0.4694018141619235,0.39744274061533047,0.32141186086072493,0.1717094086037953,0.08158270448105595,0.29553599157219806,0.8696725544916791,0.8070551527597132,0.5044871186610869,0.5930176206347719,0.7218471902868238,0.32440161245708143,0.4602211154656772,0.30919815683964585,0.5732109820997463,0.5203312440457255,0.35766572692038956,0.5309083826327691,0.5269981307856062,0.3760957722637592,0.40236226145891146,0.3198764869644212,0.7571886223282714,0.29938342601317625,0.6212307434914929,0.3860033776667748,0.5648709607253152,0.3639492730367453,0.671945300626507,0.7656155763626064,0.5480990799883242,0.6459092788522269,0.5763931636561016,0.45025673326349286,0.27150416495521484,0.686448722383227,0.348937008072128,0.6063672622094811,0.921775372740051,0.7827105523451946,0.630551291031403
Finland,0.5261384466140175,1.1086881023751551,0.6315089212032865,1.3308260559495115,1.072221111724921,0.8012720519413704,0.05084303343420351,1.063705213785561,0.8478385333118651,0.713239322157786,0.9497523205655798,0.20934744356937737,0.2159834678596957,0.7243531655697322,1.498490686953571,0.7680892819239037,0.8458674442979593,0.238784805646118,0.387836306174498,0.07091020115811689,0.7502632180454771,0.817261512989878,0.369302983965966,0.705923096078922,1.0,0.06216618194659208,0.9861646317927577,0.13047280616027473,1.2184103448452497,0.6552825072931477,0.4475212865698451,0.29720097807908386,0.8953806754834364,1.0662678596838866,0.5196904489133221,0.16741175572814326,0.28326476796143507,0.48475847823958906,0.44323586336211107,1.1824722846099658,1.0021810848904218,0.4602393451452394,0.8897476540904801,0.6791915702942329,0.727761289077075,0.6263941278992442,0.2972134931071529,1.3829103050927813,0.24805282550194685,1.152421120664315,0.05080707194783408,0.532645142957784,0.830371218482904,0.4488533182598802,0.3257888033257593,0.5328460879771043,0.5947076106036472,1.0213569542471623,1.0802719237984464,0.8520679222705032,0.856838166502749,0.4651322499719207,0.08662477079624438,0.8745179690751422,1.0096081912021118,0.5417999156966754,0.18481321099672945,0.4130717659236626,0.3074847297598335,0.11532166463979042,1.1272471879032437,0.1428288608773764,0.31857695660832624,0.6546866359215808,0.6939688764929204,0.16208337151041746,0.5226196155800152,0.7365093508370603,0.29378871300914955,0.36469464404751534,1.0564353850621178
