Country Name,Albania,Angola,Australia,Azerbaijan,Bangladesh,Belarus,Belgium,Bolivia,Brazil,Bulgaria,Cambodia,Cameroon,Canada,Chile,China,Colombia,Costa Rica,Croatia,Czech Republic,Denmark,Ecuador,"Egypt, Arab Rep.",El Salvador,Estonia,Finland,France,Georgia,Germany,Ghana,Guatemala,Honduras,Hungary,India,Indonesia,Israel,Italy,Jamaica,Japan,Jordan,Kazakhstan,Kenya,"Korea, Rep.",Kyrgyz Republic,Latvia,Lithuania,Malaysia,Mexico,Mongolia,Morocco,Nepal,Netherlands,New Zealand,Nigeria,North Macedonia,Norway,Oman,Pakistan,Panama,Paraguay,Peru,Philippines,Poland,Portugal,Romania,Russian Federation,Saudi Arabia,Senegal,Slovak Republic,South Africa,Spain,Sri Lanka,Sweden,Switzerland,Tanzania,Thailand,Tunisia,Turkey,Ukraine,United Kingdom,United States,Uruguay
Albania,1.0,0.11413675751795141,0.07924091289299964,0.1445514564276762,0.09374133873003163,0.07484425519917774,0.04106955701911811,0.07906074544891198,0.09840614165514561,0.028399878035661987,0.06472536300071004,0.044911744560916206,0.05833933439182219,0.07052351830236314,0.08785636634897208,0.08607267316794912,0.07376765955358663,0.030518056311062903,0.025813793620521035,0.040653528402605756,0.05898467534453425,0.10602143978196304,0.05674337707378253,0.04155929599066584,0.041533016783859206,0.04255600729327732,0.0684477426775308,0.044357556796190536,0.0794383001639588,0.06350818537531763,0.060143333859607497,0.030616508471858976,0.06296069076627327,0.08172301507832877,0.05719331101958589,0.04772626766113188,0.06382238511507149,0.08614237497974696,0.04446978037110112,0.12245036541285206,0.07602704305084407,0.061284770395856836,0.06894803530970087,0.04947292537671979,0.0395096202578786,0.05770935375202591,0.07238912697503785,0.13383788548443049,0.032959588960609985,0.0915184123255828,0.04022990518191269,0.06408842034138344,0.09553270023064002,0.028058752157141518,0.059141152212928726,0.09386714802652762,0.05808462299399834,0.08409108917546589,0.0763398784945994,0.07076214857444492,0.06728670395685439,0.027175610640004108,0.040213165050453005,0.05526572535514023,0.11712883189326925,0.06847231793023817,0.039106742148431795,0.026479316939978577,0.08302145980940963,0.04083947568914647,0.08485055149986771,0.05608488508313594,0.07010291542688046,0.0640037691173919,0.055009535723833505,0.056763118918734395,0.07094708788967835,0.1130185387066731,0.06944134204076922,0.0633884216278404,0.09229606237574657
Angola,0.11413675751795141,1.0,0.06563895018883484,0.07369683472826404,0.16890521041326187,0.0710633142489166,0.11045642548688134,0.12169319356366029,0.09038672563511001,0.11544017919432373,0.1361597142103431,0.11237423173847291,0.08891343900952861,0.08860430567767497,0.1302984131011588,0.06338241030102956,0.11551748118817579,0.12118677102917776,0.1178847727611434,0.11292454021067898,0.0946710989545872,0.11432710606279198,0.12101038027565905,0.10846298918564086,0.11659501765949577,0.11603367689639915,0.07290691675913072,0.11753474233592671,0.10562446142522315,0.12522996536023429,0.12379827597372604,0.12486743723814708,0.1331529261059524,0.10997262965410182,0.12323770466332624,0.1266143477059213,0.11341361183925389,0.1373152624258185,0.11558558351658,0.05085913299008563,0.14735974806511667,0.11882403615636547,0.07943571973212377,0.10114549863353814,0.10256598526456805,0.08576752707145466,0.1018962069961383,0.09898823911114134,0.11154899881723478,0.12988270436212335,0.1185154946630221,0.10038124277923562,0.05062500961422129,0.11309487522957234,0.07190722551302353,0.07760399559111575,0.12103590268079129,0.1325187335065796,0.09357677171162193,0.08807681596638083,0.1070509672607905,0.10508078423314787,0.12892400106626295,0.12132632076602995,0.07222617022975177,0.07672602411108594,0.11434358958149729,0.10369818603779041,0.12018391845344259,0.12494498637449525,0.1157002102994951,0.1006534391713447,0.11530013662594922,0.11313823445336865,0.11308740879755828,0.10114126272558535,0.08672944724492153,0.10239900444974068,0.11916514770888446,0.12913511191852253,0.12106875691203726
Australia,0.07924091289299964,0.06563895018883484,1.0,0.10402401394477719,0.12144040432643756,0.06882792419205079,0.06776995023665704,0.08093591654747004,0.06281100449333513,0.07693591487193811,0.09267792328672915,0.07202525999565192,0.04812875524886428,0.039470438597167805,0.09300037783799818,0.03584844923818536,0.0714506975797854,0.08617293329944169,0.07975192297984483,0.06923578094606692,0.05178473301994488,0.090272962571963,0.0738601674774386,0.0729781532984584,0.07610680918611502,0.07379120220894596,0.041413951177532944,0.0717824019888093,0.08087258983129023,0.08043648208223239,0.07828290029650968,0.08513184299166769,0.08671997281988796,0.06313027553942635,0.0758868388344365,0.08458827725783016,0.06539115564304786,0.08009121680975546,0.07351097293011066,0.06953612805142828,0.10783036574986693,0.07937451384319069,0.05367355929737094,0.08170651752093745,0.07207202865457968,0.04012511985493882,0.06636636916936146,0.07862692313094924,0.06845727626757175,0.08371293752046495,0.0768024810832972,0.053882492725493586,0.06848781084443574,0.07533210993207298,0.040827422658634184,0.05737045908471323,0.0753971116829253,0.09104281910485225,0.0669082954854768,0.04033844695462607,0.06501641464236892,0.07141222514718779,0.08936633176379367,0.10297785206248213,0.0742844600168457,0.033361216952672454,0.0733104541009921,0.07088793185019712,0.07272642552541451,0.08791166411639552,0.0703920899848528,0.05633983599826534,0.0627503068117291,0.0712860369450576,0.06333347547223642,0.06152775940957901,0.054314278301589164,0.09498689784584215,0.08488760433778685,0.08086063339734305,0.07831511776885956
Azerbaijan,0.1445514564276762,0.07369683472826404,0.10402401394477719,1.0,0.20144960073003804,0.08788704542873291,0.1460895240744796,0.15324888563058914,0.1006486346725923,0.14286020144769407,0.1726547747615914,0.1447812666343737,0.13256990494717297,0.12566280088959828,0.16130880744092305,0.08784526388127324,0.15646552764497196,0.15667893697839758,0.15008030630898547,0.1484230527869735,0.13264125932328344,0.1439144744536834,0.16103208738357827,0.1508622312116045,0.15348968095914603,0.14995948867208983,0.10769611531224291,0.15201988003018366,0.13181417136640397,0.16579329902009857,0.16280701588983582,0.16039358558018504,0.16681308054346344,0.13866091700005778,0.15402085725885634,0.16086919066600022,0.15400466561569248,0.1637993418098366,0.14928709170065463,0.060743418671493535,0.18405139455702554,0.1676519795500234,0.11050504837199944,0.14338035053042664,0.1409524823993351,0.12398228561018228,0.14463973019441667,0.12495760755368246,0.14180070754414253,0.15817611727442266,0.15114423852250822,0.14418956194254887,0.08884439586528188,0.1416976127049301,0.10996989814023028,0.12025913333171848,0.1632970602103858,0.17286381086522853,0.11396096347098658,0.12306296820193069,0.14324937230703536,0.13578920848382428,0.16119083941633688,0.1535408644855636,0.09251489378339627,0.11525964566329515,0.14459571278224617,0.14068918453882823,0.1548014146428368,0.16024472784543514,0.14959804379342492,0.14158797746793375,0.14471882698013927,0.14292022199648008,0.14705276462640535,0.13531447461571844,0.13147953829808914,0.1284012115848797,0.1675695946135132,0.16821238413797251,0.14041542669999502
Bangladesh,0.09374133873003163,0.16890521041326187,0.12144040432643756,0.20144960073003804,1.0,0.1425203678725712,0.10045644154971954,0.0601631573210625,0.14189150379558166,0.0845613271509121,0.037421135222436105,0.09693880249788354,0.11174236807721083,0.10016692969125553,0.05308962126937327,0.1289458767052687,0.06404226643735882,0.10214548387872247,0.0955330817414097,0.0998826055543207,0.08580108375403088,0.12181550177630482,0.0711838147536895,0.08564813604581221,0.10120930551561304,0.10289357810961947,0.10611819737884756,0.09315996465566725,0.1003592445086628,0.052782460485281985,0.06770965993667115,0.0935478244213695,0.04584626128215335,0.09078857616842745,0.06289585650574347,0.10534874074209748,0.08962477032346085,0.10548714627339455,0.07497479165022033,0.16917286528270248,0.04843223838178703,0.07718520476509907,0.10273912086058216,0.10432603132259867,0.09073083661901217,0.09248542432938772,0.11092448555771424,0.15128807852853907,0.09149613734757309,0.06229205536929086,0.1005242526888709,0.09011994729959913,0.15454068729546755,0.088931095468058,0.1262588785884217,0.1441041272620272,0.06024218705049801,0.05073118082806351,0.10156845000202268,0.08953904983207779,0.06806627708323948,0.09317893674017912,0.09921031030751863,0.10522839798836668,0.17015921959845762,0.11644075285603173,0.09341624181283738,0.10313731114625195,0.12822966850452613,0.10535526398270503,0.07497797979972072,0.10691862292022161,0.10015598693208942,0.07276973520502507,0.06573729675160882,0.10975264565350805,0.1207321020640818,0.17003112130994338,0.11130424827001628,0.07283950412544495,0.08597998747213069
Belarus,0.07484425519917774,0.0710633142489166,0.06882792419205079,0.08788704542873291,0.1425203678725712,1.0,0.07709297317015194,0.10342325027411818,0.0738107672684802,0.07540332354210574,0.11098348457707614,0.08073531999800865,0.06932977232913219,0.07475642718111995,0.11350347136875481,0.05895338173508715,0.10236927491636706,0.08237304184330249,0.07718667123392908,0.07721224879202564,0.07533737432918927,0.11321959027237016,0.0983406214965694,0.0783862127808672,0.0803799746095887,0.08063406797531357,0.05746986339486767,0.08089250310119964,0.08719664266185508,0.10377854036249246,0.10265204346060315,0.08814421989969976,0.1074120494290047,0.09764036460716041,0.09222122351368492,0.09022754602171143,0.09313732034659944,0.11229017462779957,0.08827128114448454,0.08035166989129983,0.11722201346568532,0.10047662251208075,0.07153528298127297,0.08317363776487079,0.06860168631770446,0.06702560873448882,0.0859092369169253,0.11905441117038591,0.07773962327167823,0.11512882004280674,0.08160940332710942,0.08859139109771706,0.06022072646172511,0.07140266478986997,0.05270918011152634,0.09258014873415152,0.1038037166898202,0.11949032623293328,0.07186282758182887,0.0777104635589078,0.09188935262632623,0.06638095554514924,0.08937516881533561,0.08843805887154996,0.08017506656809636,0.06284823813972354,0.07905441228979272,0.0656604544048748,0.0988357817263971,0.08867930653075456,0.10298503551483518,0.07381177616925814,0.09644483830403171,0.08906195828612007,0.08726896517028364,0.07831976555825396,0.07102254883819281,0.09389738058270176,0.09990354832593172,0.10427507250387945,0.10175355863110887
Belgium,0.04106955701911811,0.11045642548688134,0.06776995023665704,0.1460895240744796,0.10045644154971954,0.07709297317015194,1.0,0.08251627070475581,0.09588652544779866,0.04906699262182317,0.07475512135003706,0.026937813530559723,0.04216520525174234,0.06750642783654699,0.09719803485909921,0.08211362126719718,0.07125434534046005,0.03228691298481657,0.03439384372164268,0.013971184491301586,0.05425950074088642,0.10014072731325037,0.04712726183935901,0.051877915512092754,0.01708928753343254,0.01276816019673303,0.07214399545908479,0.022982649473195015,0.09165975556291688,0.059342761888084815,0.054383834933189844,0.033086047491890515,0.07028939922960505,0.08715873014649873,0.05321382349137506,0.02207923555232689,0.045135404935802904,0.06674060243822336,0.04336580923550038,0.12075147678520658,0.08417311897353046,0.05630433289961607,0.07277505140012837,0.0631557158011676,0.05458025996792642,0.05337503449789381,0.05590573447830699,0.13429435772464135,0.026520002458830464,0.09623158162279558,0.018632950214546057,0.04924655455554266,0.0923371512287503,0.0359434423395044,0.046975458248461145,0.09000276757795653,0.055915353274431534,0.08509533066745384,0.08313034123847779,0.06851506514235481,0.06593888436217729,0.04037879811934413,0.02553868537577981,0.07757892851346572,0.11813462859621449,0.06149119202898032,0.022582685424563705,0.031647451142652466,0.06789553323565192,0.023288015827407183,0.08349631582530431,0.027994097584629424,0.04988024597999376,0.06050591624633006,0.05570653523141823,0.031514903070144845,0.05396027795896905,0.11494111873219659,0.042321122407298455,0.04677034354992412,0.09359996779692731
Bolivia,0.07906074544891198,0.12169319356366029,0.08093591654747004,0.15324888563058914,0.0601631573210625,0.10342325027411818,0.08251627070475581,1.0,0.10840382755225308,0.07067103556956597,0.041870391310484624,0.07591201375118407,0.0857282073795664,0.06732028354753132,0.03101448571166548,0.08415470890512684,0.038107655116080746,0.09264309126384836,0.085929995703909,0.08161066877564388,0.05162960752177535,0.07850865518078491,0.05543320444225491,0.06840705450579185,0.08588197834644591,0.08650664354574274,0.06829754862452157,0.07640165981065686,0.0635290588759096,0.04043036811666359,0.05679207963974873,0.08600414928190449,0.051923520150903325,0.07084104867492762,0.0428329765969403,0.09499340483756574,0.07299102030389211,0.09631556853578062,0.05591316998592667,0.12053682118279548,0.050396449336603075,0.06790379015189853,0.06346484547826436,0.08320997593056303,0.0698551238380467,0.05626916727705501,0.08299283411539142,0.1141167607586004,0.0712547651281842,0.05376885453035436,0.08748822684906271,0.06610555314285814,0.10561154532663147,0.0662369336011061,0.09326924548709438,0.10784147859073084,0.051144017535320656,0.03724481735939833,0.05295829062836657,0.046596313399784046,0.029031291310198916,0.07127552422037679,0.09046119164318912,0.08963695048466883,0.13341001558363114,0.07847728250714565,0.07693182561156997,0.08394823984213333,0.11508794808709338,0.0947409795620798,0.04793798701269855,0.08240149126141352,0.0790016465890283,0.036059002247806296,0.05009768748652777,0.08338414650072241,0.08915962565128752,0.1448027367897931,0.09427686045237495,0.06499860850596528,0.048488103761858706
Brazil,0.09840614165514561,0.09038672563511001,0.06281100449333513,0.1006486346725923,0.14189150379558166,0.0738107672684802,0.09588652544779866,0.10840382755225308,1.0,0.09113461872760507,0.11598219653624636,0.10328168424432095,0.07601137667731422,0.059566785560272624,0.11654994498288707,0.05239792859022687,0.09968640059718953,0.10629559078839453,0.09600529091873332,0.09663010273686953,0.08465656488251413,0.11122506041781802,0.1036529889051113,0.09958083847749259,0.09949549292422025,0.0973910754883421,0.06541124847540543,0.09338227787443064,0.09965654632715763,0.10885177970337734,0.1008253031918726,0.11308031551610581,0.10369304971018983,0.07123451139577328,0.096320051168525,0.10630036605600122,0.09199080107639082,0.09100306768584386,0.09776880573563297,0.0901417749008128,0.12515176639452505,0.11296010993430157,0.08585287921996472,0.10948946189214398,0.09324862313795393,0.07138630856998687,0.09982789264685485,0.0954147847224322,0.09288840837514152,0.10477105251418795,0.0977531933877365,0.09855754338160394,0.09934032790210823,0.09699876041190324,0.07356613654714439,0.08277265940548471,0.10772093588440639,0.11802060296735177,0.07570268755094438,0.07021541879451501,0.09395493867944296,0.08845150260430278,0.10959937587667355,0.11660027902164313,0.0699529343309099,0.06705928338396215,0.09951553556270756,0.09375160224812058,0.08401475778519038,0.11292853151826795,0.09113216058798441,0.08792269390744058,0.09467845006126627,0.10077837563856414,0.08373828157110572,0.09214766434548287,0.07705018912850187,0.08667634507586987,0.12292159218826053,0.11293625056130123,0.08464173464309581
Bulgaria,0.028399878035661987,0.11544017919432373,0.07693591487193811,0.14286020144769407,0.0845613271509121,0.07540332354210574,0.04906699262182317,0.07067103556956597,0.09113461872760507,1.0,0.05831442827706667,0.0501023838575687,0.06511484263160411,0.06588766812139839,0.07612027828579714,0.08353816327651112,0.06525656796470464,0.046346098884985955,0.0318715898158843,0.05024530476488682,0.050360529945680355,0.10211593165920213,0.05713050134483758,0.04936512394004369,0.0524923867748936,0.05192285426464634,0.06382103801726498,0.05047797064334986,0.07502239562897031,0.058154810226092084,0.05563249886651947,0.042173052999351084,0.051691446792382426,0.06785955609984039,0.05293614586577975,0.05864261767381372,0.0643346729551995,0.0835248471352336,0.03964099261855834,0.1233297341720577,0.07021167290466752,0.06792363012965569,0.06323861471445363,0.05671409688940633,0.043221884839694115,0.05389280774180105,0.07862665489569608,0.1289558993161261,0.03790804676552846,0.07870430701339695,0.05032349310402976,0.06562642624986889,0.09962800035243587,0.02971092614463868,0.06540895748144487,0.09520022956970556,0.05578822993026091,0.07610956477927852,0.06992772974310886,0.06305029415456302,0.05876141225800229,0.029216832138428763,0.052306394580923544,0.05443071528229577,0.1166008614551127,0.0682888729537814,0.040404163820806346,0.03979421418176952,0.08636503301407779,0.05479315922206566,0.07165030217900295,0.06322897760475074,0.06950166684293897,0.05849089368963076,0.04499179013659529,0.05964708237800254,0.07354696793939317,0.11594817966336052,0.08135109435952868,0.06521916404802285,0.08431144078241805
Cambodia,0.06472536300071004,0.1361597142103431,0.09267792328672915,0.1726547747615914,0.037421135222436105,0.11098348457707614,0.07475512135003706,0.041870391310484624,0.11598219653624636,0.05831442827706667,1.0,0.0740795037771647,0.08156089887332235,0.07167837065518681,0.04120769793788784,0.10097855731294068,0.04133971263930246,0.07533440396641698,0.06838419983781314,0.07392247891302728,0.058313274538266235,0.10395271768359825,0.04786167203730915,0.05336047043230251,0.07548033143998537,0.07853225242854131,0.07513214422458458,0.06936984552666076,0.07318974646827285,0.029010941195307068,0.04649710275846063,0.06879518345620499,0.029689904058807434,0.0706135657024516,0.04152733938648794,0.08328408692982596,0.06577241781216132,0.09187533073826427,0.051128960318187595,0.14032186748938394,0.03506244729340854,0.05092018644037286,0.07412253662349236,0.0739594516193746,0.05707320027565848,0.06276622362866599,0.08484978816569393,0.1282552739289276,0.06610339770591342,0.051033800372712865,0.07648031937400239,0.06612995792773306,0.12316029365532916,0.06202619824386033,0.09517426634349778,0.11598563200235468,0.034800163210926265,0.03778686423236392,0.07440078003776512,0.0618281646727783,0.04227305801792823,0.06363492106780903,0.07695514368860226,0.07757786820409626,0.1384894846857709,0.08662722750577777,0.06986897038617117,0.07231225443285048,0.10640352884753848,0.08185268463081691,0.05930696664317813,0.0790126962972337,0.08165088247087467,0.052731905881352216,0.03990720941556976,0.08504652889723,0.09122780388802991,0.13838740777298944,0.08754393231196093,0.055262082063816144,0.069318874811741
Cameroon,0.044911744560916206,0.11237423173847291,0.07202525999565192,0.1447812666343737,0.09693880249788354,0.08073531999800865,0.026937813530559723,0.07591201375118407,0.10328168424432095,0.0501023838575687,0.0740795037771647,1.0,0.05710066617463394,0.07648027017515324,0.09000057004286013,0.08251629254163709,0.07069791441783374,0.04589688237705158,0.04810272813295983,0.02746915813683298,0.0486168324553234,0.0939668250186808,0.04989882967822401,0.05852038443733452,0.03371273522621896,0.02714972660702224,0.07544282554153578,0.030296057971015297,0.09195297261780326,0.05972347660149641,0.05716505399527674,0.037200566364138925,0.06894655529404502,0.08879932750921724,0.05249329090647182,0.03502582536486195,0.05696106729378119,0.07512276870590781,0.039796956776708726,0.11944945138138911,0.08408211571100574,0.0638079642259793,0.06943023665607279,0.0671502923564053,0.061237193900357624,0.05630080722813916,0.06490524879231858,0.13675419942337394,0.025950879143485168,0.09520955409302802,0.0307195036615043,0.04563166231990735,0.09009463280141056,0.032476857799189254,0.056333027078740536,0.09465205017237177,0.055933676519005215,0.08092839102942617,0.07984303162724103,0.0690742157887313,0.06337880585930682,0.048097840027782536,0.03484039913072796,0.08175250634438154,0.1272543587854623,0.06777268122948016,0.02403074258365211,0.04665449711883695,0.0815442229769016,0.03464460053325998,0.08034159253583663,0.04268295639924359,0.04607835002991175,0.049146947546976634,0.059981866077290544,0.03372233566242546,0.06294250656427747,0.13133558988712477,0.05207170881621195,0.04929030340831667,0.09284541530083482
Canada,0.05833933439182219,0.08891343900952861,0.04812875524886428,0.13256990494717297,0.11174236807721083,0.06932977232913219,0.04216520525174234,0.0857282073795664,0.07601137667731422,0.06511484263160411,0.08156089887332235,0.05710066617463394,1.0,0.04569096057397258,0.09821942605360823,0.06034321181295445,0.0669568688605572,0.05469754723451277,0.054131015479141016,0.041376855502064394,0.05139750308911863,0.09936662271069434,0.05200453489702156,0.05055770065428407,0.042783833880335104,0.045794445726570224,0.05372902362187923,0.043763139982536205,0.09059338348950059,0.06728509260518857,0.05968600146721021,0.060164957369508054,0.07599808851321638,0.07189218376545023,0.06181236887249506,0.052279918091668987,0.038213326556614836,0.06389034409396982,0.059557226516271995,0.10149482068914682,0.09250257430582158,0.050729218769345684,0.0708591243452247,0.06994334831728434,0.05351816407793177,0.03735133030843544,0.03976506974092446,0.10922735807346032,0.05152059671793834,0.09113350408401881,0.04768435685576162,0.04824187643606996,0.08094651807763376,0.06130160990350811,0.031092549815557816,0.0692129701680662,0.06119492276996426,0.08699693097093622,0.07845695212195052,0.05506965176510406,0.06742122939289388,0.05346477304862339,0.05937274765250283,0.0907185884661107,0.09062585151536141,0.037973878783916705,0.05636378753978166,0.04443581186830577,0.053449410606155316,0.057494884885657745,0.07708454292368024,0.026422068876347536,0.060697878091906764,0.0695585582156659,0.05440813494004502,0.04823968229949787,0.04222948695630963,0.09079589096772611,0.05248210590151684,0.05641715820242056,0.08985778532307412
Chile,0.07052351830236314,0.08860430567767497,0.039470438597167805,0.12566280088959828,0.10016692969125553,0.07475642718111995,0.06750642783654699,0.06732028354753132,0.059566785560272624,0.06588766812139839,0.07167837065518681,0.07648027017515324,0.04569096057397258,1.0,0.07747705362648061,0.04859403269570674,0.05625173526541031,0.07837304468447319,0.06909380304954875,0.0680174728004295,0.05148040680701259,0.0933602445178623,0.06253670217822495,0.05521129278891808,0.07176560529100896,0.07272199067456438,0.03338923929009941,0.06495025372408217,0.06736452588965454,0.06404092344242697,0.06456902612254262,0.08058261044564596,0.06650710135595551,0.04707616213891936,0.06166424940047358,0.08226693799759101,0.05503360071883957,0.07562342878245461,0.06670152310512335,0.09231330264841349,0.08362880877877217,0.0640666867501009,0.057665817002620676,0.07323526513914128,0.05559398709978462,0.0320565428887632,0.06477483891146901,0.07963906638152875,0.06643930048420396,0.06662844506447407,0.07346557514745394,0.05803525199507127,0.088036495941339,0.06916523351099162,0.05474996309245703,0.06454031998561961,0.06436935060906034,0.07458578166416861,0.06133237432901668,0.031229669676725358,0.05436764827807468,0.05970786093003661,0.08494080038421925,0.0886168557315457,0.08060065843075895,0.03382845570367761,0.0734158540743221,0.06336830154849638,0.06912765719314966,0.08600626995530347,0.056806278882510094,0.057190308137133924,0.07310298024771579,0.0683531400183589,0.04263151897239528,0.07108972633926611,0.05881141089471989,0.08947714203986525,0.08566415592916465,0.07292154626561134,0.0621525265851255
China,0.08785636634897208,0.1302984131011588,0.09300037783799818,0.16130880744092305,0.05308962126937327,0.11350347136875481,0.09719803485909921,0.03101448571166548,0.11654994498288707,0.07612027828579714,0.04120769793788784,0.09000057004286013,0.09821942605360823,0.07747705362648061,1.0,0.0951990437667317,0.04516958050789324,0.1031761480986958,0.09418594758402521,0.0964244033330822,0.06015708946872122,0.09548571977231406,0.07065077415173915,0.07569869368154278,0.10024291975611749,0.10166905334705682,0.07323862309310532,0.09137509962714367,0.07289755367499573,0.052065699523600094,0.0677509317194603,0.09555867250108338,0.04688117921660778,0.067529466669966,0.058400694478621895,0.10905144714444444,0.08739609768009468,0.1085816589772469,0.06820441025585952,0.1285641945256585,0.05369246794694883,0.0755318522835292,0.07207069596014937,0.09253241222603063,0.077061386849466,0.06724613172487684,0.09947982612159434,0.11772801470244659,0.08546475708455435,0.04487190273795473,0.10065372831863267,0.07484898644054509,0.11875469843415266,0.08055157851011023,0.10627514933119098,0.12145881802548734,0.05847421759430456,0.04105875865345294,0.06587877468650384,0.058102982648937165,0.04275633229095519,0.08293246346974104,0.10390527301321364,0.09762283831480514,0.14001963170500806,0.09168243463358737,0.08964102050260402,0.09477714267218211,0.1233054875368567,0.1081244498736571,0.046539789028621305,0.0974492608334384,0.09025703500609601,0.05317219497500908,0.05418118688784978,0.09838636198351224,0.1014379134251929,0.15162838135421092,0.11058043982032363,0.07804213964578294,0.061819130393200125
Colombia,0.08607267316794912,0.06338241030102956,0.03584844923818536,0.08784526388127324,0.1289458767052687,0.05895338173508715,0.08211362126719718,0.08415470890512684,0.05239792859022687,0.08353816327651112,0.10097855731294068,0.08251629254163709,0.06034321181295445,0.04859403269570674,0.0951990437667317,1.0,0.08110791343054963,0.09834861008952117,0.09155584798046665,0.08233996240239722,0.06145214742121551,0.08821599451671146,0.08560519696455408,0.08222282078018267,0.08817823423478308,0.08619646439282996,0.039127699444605625,0.0819192857542348,0.0865274001314561,0.09178746152770441,0.08954151763546313,0.09879656022816993,0.0938152201396316,0.06744587764953117,0.08077611845704172,0.09673479401565689,0.0790885044952222,0.09057326494715615,0.08216444766908584,0.06353553862259488,0.11154468355857217,0.09167020469306553,0.0573051722534703,0.09041766591363296,0.07758381132417597,0.046127783395640595,0.0753192187136388,0.07915886303678159,0.07976060805358695,0.09173758700490613,0.08841763001099498,0.06964554746419462,0.06441829781670072,0.08229691467735963,0.05049917324861423,0.06624079373530928,0.08990036530987816,0.10071415725431845,0.05970716310149073,0.04696119749152454,0.07273951683085512,0.07727051080374857,0.1001076604707856,0.10863278703322156,0.07065455229742305,0.042079986469584635,0.0851277553869561,0.08195506605008088,0.08723811774994604,0.10060466740616482,0.07567745457452695,0.07258076843568495,0.0787035637210505,0.07380872710071519,0.07254925857384407,0.07442294098189109,0.06848585564758145,0.09931218134209079,0.1011039911082412,0.09337785614758222,0.07627854687107392
Costa Rica,0.07376765955358663,0.11551748118817579,0.0714506975797854,0.15646552764497196,0.06404226643735882,0.10236927491636706,0.07125434534046005,0.038107655116080746,0.09968640059718953,0.06525656796470464,0.04133971263930246,0.07069791441783374,0.0669568688605572,0.05625173526541031,0.04516958050789324,0.08110791343054963,1.0,0.08116708976919539,0.074148091214802,0.07082733946550465,0.03925207024685802,0.07515054888495658,0.03708265921266413,0.062473159562740445,0.07259983448356626,0.07541252652401584,0.06422634281628985,0.0656530323443145,0.07678780368441385,0.02871253636048569,0.03323809017839312,0.07808254186031813,0.04003928293803372,0.05440566766204185,0.039084034600637765,0.08196626013305461,0.049752080509060416,0.07770232357709261,0.04358417133490477,0.12149521134242529,0.0509323543486551,0.04832511944376411,0.06898889079890533,0.08079940724942783,0.06652161835577179,0.042600918128575756,0.06381159583585974,0.11339114004041162,0.06328715535607826,0.054456866471514265,0.07548535177398524,0.05602514545342316,0.10175044327179864,0.06722363929191007,0.08205736118602339,0.09605351478533217,0.03310647370239483,0.03197687392276404,0.06222931658325079,0.04028609073410092,0.02348577297522307,0.06477672649604672,0.08137093984936172,0.09179981188725092,0.12663029340981713,0.06763343183904655,0.06957328293174816,0.07350890471115826,0.09625341207054336,0.08353284729733969,0.0316706872653815,0.06731507655999028,0.0659644147815887,0.04241179017218098,0.033356882381755215,0.06837203516145199,0.07248268967884416,0.13224518473297692,0.07847229495272405,0.047975602551394596,0.06245401210670837
Croatia,0.030518056311062903,0.12118677102917776,0.08617293329944169,0.15667893697839758,0.10214548387872247,0.08237304184330249,0.03228691298481657,0.09264309126384836,0.10629559078839453,0.046346098884985955,0.07533440396641698,0.04589688237705158,0.05469754723451277,0.07837304468447319,0.1031761480986958,0.09834861008952117,0.08116708976919539,1.0,0.01961554119610125,0.032735729328827144,0.06723448056145252,0.11717199169750198,0.05700093970933948,0.04667850940509728,0.026658335744877318,0.03123383157847641,0.08191179562108326,0.03707295609329351,0.09026719736776621,0.0671799927129888,0.06096249603843294,0.026406042871918067,0.07310280678758047,0.09473708685486965,0.06375938757960455,0.03279385865726954,0.05877765800462197,0.08364730249984605,0.05227597834150017,0.13105106138461278,0.08524556332658498,0.05887574641502789,0.08472863086335235,0.05906494057552656,0.04976029415907055,0.06655479570138209,0.06787539851359994,0.1461886991696899,0.03528833077905257,0.10255016728011711,0.026897309170769833,0.06808838278564272,0.10335646012004808,0.03875739166432024,0.06191140777233297,0.10023546730101227,0.06232148534691892,0.09009604378819637,0.09120719318556937,0.08219296571268206,0.07863930818115598,0.03736565179517665,0.025533584737515953,0.06489966590336729,0.12465284451983792,0.07522780363609002,0.039916080016677055,0.023724024070689624,0.0770892646269111,0.025076916465297173,0.09543128208324526,0.04644398452225096,0.07207952185568722,0.07518219800882418,0.06336619882266856,0.05577227743046963,0.06612632202732481,0.1134569650981036,0.054534318272560625,0.05947898665742245,0.10515992356350466
Czech Republic,0.025813793620521035,0.1178847727611434,0.07975192297984483,0.15008030630898547,0.0955330817414097,0.07718667123392908,0.03439384372164268,0.085929995703909,0.09600529091873332,0.0318715898158843,0.06838419983781314,0.04810272813295983,0.054131015479141016,0.06909380304954875,0.09418594758402521,0.09155584798046665,0.074148091214802,0.01961554119610125,1.0,0.03696732330492044,0.0607019871556214,0.11308382574272326,0.055814840998880726,0.04477644176387712,0.034273249176904164,0.03658279593787402,0.0722554230736557,0.039844411260171235,0.08268645951525065,0.06273197673438537,0.0568007165169065,0.030456715509765545,0.06334767247227731,0.08198872368401001,0.05898811521042569,0.04089076369168473,0.056567193911897025,0.07986824307198603,0.047057314228432,0.12673571757284974,0.07947886924859549,0.06067272320821714,0.07629669933969764,0.056691312942226235,0.04423958509816223,0.059345539677584394,0.0701362866718583,0.1377359054230315,0.033352871331843344,0.09169174727851637,0.03204458413901497,0.06666325348514167,0.10222284683417801,0.03453209170634122,0.05980304314043128,0.09663316636823673,0.059093753336149434,0.08536939193565937,0.08365741360165892,0.07336188225478162,0.07082441817407781,0.027437472065496314,0.034786340965201175,0.059199678966037714,0.1175298096239196,0.06934132692381029,0.03611608072854762,0.021944862083849083,0.07481081431150896,0.035500627700734706,0.0852570153959867,0.04921550483442764,0.0689544374293932,0.0711737874177477,0.052135578257737965,0.0547503148193327,0.0656854492894288,0.10757283170449124,0.06504531308488283,0.06043707449729019,0.09650671135337241
Denmark,0.040653528402605756,0.11292454021067898,0.06923578094606692,0.1484230527869735,0.0998826055543207,0.07721224879202564,0.013971184491301586,0.08161066877564388,0.09663010273686953,0.05024530476488682,0.07392247891302728,0.02746915813683298,0.041376855502064394,0.0680174728004295,0.0964244033330822,0.08233996240239722,0.07082733946550465,0.032735729328827144,0.03696732330492044,1.0,0.05242758471910864,0.10050936091992682,0.04542649910709574,0.049529881203167946,0.01380448649712833,0.013403586966222831,0.07317543866834846,0.016566077615173976,0.09283830353872885,0.05988580819471778,0.05470902121756624,0.03158589102070722,0.0702938623189252,0.08678725848404999,0.05144163359371097,0.020016883597477893,0.0461023813274676,0.06445467216405187,0.04459200783588834,0.12186722513188535,0.08252140094348365,0.054528302393904875,0.07749554660863002,0.06851984569175443,0.05444774498009238,0.05313161568370641,0.05484163466988858,0.13481878537538408,0.027118841314628973,0.09658668303536141,0.019283866889164294,0.04925260109201378,0.09281358188002896,0.03568594626063801,0.04948016277340663,0.09233882634209659,0.05546754852593993,0.08446388521487405,0.08180844554710805,0.06872743347226133,0.06728711227206083,0.04422117298683049,0.025625510073937284,0.08138029526116233,0.11924166612432074,0.06119129605659855,0.02976207019647623,0.03322630108794554,0.06465734225383973,0.02501531441134345,0.08271206871701604,0.024501457873428403,0.048782891625418365,0.05908493301969961,0.05661600069954208,0.03577630093232862,0.05136969197570606,0.11701053827039412,0.04170354328742204,0.044944050515389695,0.09255413774046843
Ecuador,0.05898467534453425,0.0946710989545872,0.05178473301994488,0.13264125932328344,0.08580108375403088,0.07533737432918927,0.05425950074088642,0.05162960752177535,0.08465656488251413,0.050360529945680355,0.058313274538266235,0.0486168324553234,0.05139750308911863,0.05148040680701259,0.06015708946872122,0.06145214742121551,0.03925207024685802,0.06723448056145252,0.0607019871556214,0.05242758471910864,1.0,0.08102763697382587,0.043221766760564446,0.05276036567342645,0.057633177001368746,0.05804870383612539,0.048467472107177,0.05056754187436221,0.0720894846157693,0.04699956389858308,0.04630195790321934,0.06084003795902117,0.05280442265133698,0.05362485309847458,0.04418336494429542,0.06731507521492704,0.0510058120550641,0.07407663933836164,0.04058938960354753,0.1002675219568275,0.07199458505780194,0.05619805667790353,0.05321746385272265,0.0722672189157608,0.053371358058224246,0.026762137696501615,0.058851278410829565,0.1059521133538127,0.04656196492591389,0.06460881715131872,0.059604883927560796,0.03888918240868201,0.0809625900509095,0.04920691676693506,0.05696817810915974,0.08347344652917268,0.04347873959365604,0.05675108093808939,0.05469970237988191,0.03306088411980401,0.03760760551945883,0.05329959504579208,0.06756153201563195,0.08519800366990339,0.10728151471701405,0.04862628139931154,0.05238447739607185,0.057879704802202496,0.08245772799429228,0.06924359368404187,0.044931765857332814,0.04908039501287767,0.05122915049399311,0.036767149975345484,0.038137812495624666,0.05142125390391499,0.05505268935191108,0.11873343177550004,0.0705959201311707,0.05164348740731447,0.07090038745659948
"Egypt, Arab Rep.",0.10602143978196304,0.11432710606279198,0.090272962571963,0.1439144744536834,0.12181550177630482,0.11321959027237016,0.10014072731325037,0.07850865518078491,0.11122506041781802,0.10211593165920213,0.10395271768359825,0.0939668250186808,0.09936662271069434,0.0933602445178623,0.09548571977231406,0.08821599451671146,0.07515054888495658,0.11717199169750198,0.11308382574272326,0.10050936091992682,0.08102763697382587,1.0,0.08558194066678548,0.11123930596584584,0.10306422540194664,0.10194469845746053,0.09758633396673688,0.0974750169171768,0.11226728836805432,0.0880775089446227,0.08314284632960207,0.11707684192527268,0.09966058705802915,0.09927551845723842,0.08351032957915075,0.10888312700906891,0.0934888079611189,0.10704479105266336,0.07721282553881242,0.12300966155841234,0.09744398929397387,0.10252739553522307,0.09627365349661487,0.11172623042451743,0.11215424131043157,0.08060850863143196,0.0902007187102744,0.13619008453427625,0.09153670940076686,0.11655108327321037,0.1062175249936158,0.0954616998115371,0.08773600063492103,0.09559071052670406,0.10145082611675452,0.10340236669109516,0.09219633260471989,0.09047908903237813,0.07431653875240041,0.07779692670891833,0.06957334941811752,0.09559621517265628,0.11082146488592537,0.123059390501594,0.14671791344548984,0.09173818812313148,0.0980015837125955,0.10590481059967337,0.12612661020445837,0.10992172279076337,0.07440202515062311,0.09896964651256668,0.0857111292171026,0.07165732339916414,0.09204680411241106,0.07930160790197639,0.09011966242937208,0.16207003820755497,0.10502676824623924,0.0948911772879469,0.08529618661621897
El Salvador,0.05674337707378253,0.12101038027565905,0.0738601674774386,0.16103208738357827,0.0711838147536895,0.0983406214965694,0.04712726183935901,0.05543320444225491,0.1036529889051113,0.05713050134483758,0.04786167203730915,0.04989882967822401,0.05200453489702156,0.06253670217822495,0.07065077415173915,0.08560519696455408,0.03708265921266413,0.05700093970933948,0.055814840998880726,0.04542649910709574,0.043221766760564446,0.08558194066678548,1.0,0.05275443927291087,0.04614928786682036,0.048689994724127036,0.0727824868773601,0.04094556972486102,0.08483721063795122,0.028260146244112477,0.020885304782481774,0.054362545844300614,0.047682901294725216,0.07111880985991377,0.029800205431733052,0.05288755274610555,0.02737681057675813,0.06191140286904776,0.030807633126469752,0.1280141847214144,0.0591680155780016,0.03580408875177129,0.07454806283042698,0.07174378555849684,0.059040116825685315,0.04518710683609518,0.0456952390587847,0.1278894642965476,0.04191134507191732,0.0719137027179538,0.048801917692911076,0.04963004138455091,0.10228027701006998,0.05085939414895365,0.06979914054916786,0.09286958689934817,0.02645803647052988,0.04976547667033722,0.07425633577590489,0.05423383594972784,0.0429874423218371,0.051389517647159086,0.05342987092619382,0.08474243232708784,0.12939005716740792,0.06545196087942742,0.04946076508873233,0.05648708429841062,0.08274396920158203,0.05549654821737494,0.0594163986560364,0.047622151271029076,0.05538648968257507,0.04159253972769247,0.03926401889053098,0.05200846036459199,0.06683729741347665,0.12903766300776753,0.05182755865680839,0.019531184788916155,0.07690599915346127
Estonia,0.04155929599066584,0.10846298918564086,0.0729781532984584,0.1508622312116045,0.08564813604581221,0.0783862127808672,0.051877915512092754,0.06840705450579185,0.09958083847749259,0.04936512394004369,0.05336047043230251,0.05852038443733452,0.05055770065428407,0.05521129278891808,0.07569869368154278,0.08222282078018267,0.062473159562740445,0.04667850940509728,0.04477644176387712,0.049529881203167946,0.05276036567342645,0.11123930596584584,0.05275443927291087,1.0,0.050849470540699236,0.055925430608755176,0.05514308299622403,0.04923481093655884,0.06707342033154465,0.052839339498177505,0.060074343739506784,0.04510722856823326,0.05857890731937936,0.07620226468597047,0.056517049871299345,0.06231282890280579,0.05895222765959592,0.09148749339690795,0.05767818300430764,0.11732735221331046,0.06589530120403882,0.041084697901299684,0.06531189925736998,0.048073487206912006,0.021264750220801095,0.048487318735678464,0.06708883166908297,0.11605995210260955,0.052648580489849765,0.07714140031345902,0.054955905926654953,0.05130164674362916,0.09730901658877952,0.04621125130478083,0.06146105350653143,0.08995860880318492,0.05143146556581616,0.07003450832073668,0.0763536546031234,0.05967463554955823,0.06130133667345824,0.04376965197903736,0.058762885089307576,0.0621024529393965,0.10849752543416108,0.05845379803866499,0.05730709239773206,0.03791746150423794,0.07943213334678123,0.059333934078299816,0.07578333907515676,0.05071689640093915,0.07895519330772116,0.0651701658840945,0.04806603921929262,0.07138765007635021,0.06571049502517799,0.10607149735414895,0.06451385549901847,0.060174292058336555,0.0856519470674888
