Country Name,Albania,Angola,Australia,Azerbaijan,Bangladesh,Belarus,Belgium,Bolivia,Brazil,Bulgaria,Cambodia,Cameroon,Canada,Chile,China,Colombia,Costa Rica,Croatia,Czech Republic,Denmark,Ecuador,"Egypt, Arab Rep.",El Salvador,Estonia,Finland,France,Georgia,Germany,Ghana,Guatemala,Honduras,Hungary,India,Indonesia,Israel,Italy,Jamaica,Japan,Jordan,Kazakhstan,Kenya,"Korea, Rep.",Kyrgyz Republic,Latvia,Lithuania,Malaysia,Mexico,Mongolia,Morocco,Nepal,Netherlands,New Zealand,Nigeria,North Macedonia,Norway,Oman,Pakistan,Panama,Paraguay,Peru,Philippines,Poland,Portugal,Romania,Russian Federation,Saudi Arabia,Senegal,Slovak Republic,South Africa,Spain,Sri Lanka,Sweden,Switzerland,Tanzania,Thailand,Tunisia,Turkey,Ukraine,United Kingdom,United States,Uruguay
Albania,1.0,1.0412286098853674,1.151860751467811,0.8923582210745853,0.9218961151005627,1.0981189302521186,0.9179332982626836,0.9796739026667887,0.9191417622467617,1.157582603820289,0.946712082665148,1.0074861663985952,1.000540352478679,1.1334019994638886,0.9229648147769638,1.0402770875851208,1.18425371275733,1.144881399531529,0.920903435621448,1.0233914262387902,1.0240978153981022,0.7065004261730375,1.027602466725245,0.995060866142105,1.0288912345936534,1.027084528568314,0.9364801605550072,0.9456946650621488,0.9376924161405551,0.921490606872779,0.7678350464613762,0.8950304115341909,0.9474003353992138,0.9495186933817216,0.8797139761967911,1.0815675494132142,0.936408942059798,1.0222366147649917,1.0692191548281091,0.8415978974126425,0.9540023347650011,1.1248056462168234,1.0219894726597738,0.9318282090700656,1.0058321035074078,0.946340300952246,0.9173047841371571,0.8923732076280385,1.1908461622090676,1.0013152741711815,1.0308500861077032,0.9212321897280559,0.8498531887928147,0.9517052830867709,0.9804107173855443,1.1207958242831302,0.8327319022026721,1.1209540625072794,0.8488764156346806,0.8425322477028155,0.953757544320844,0.87355080184315,0.9335433737100037,0.8812793697749083,0.8456568451520013,1.0051936149204215,0.940453603623083,0.8980081188670189,1.1278357109219919,1.0985150588373187,0.8919039913769629,1.1829753370365126,1.125738692369243,0.8726417627643657,1.0345139126255118,0.874039411160181,0.8188724792630535,0.8864487025663421,0.9799440565548311,0.8221398039364853,0.8804467730262475
Angola,1.0412286098853674,1.0,0.6183856572478349,0.4732864229898157,0.3235367599177012,0.6154621921631408,1.5898847466454238,0.36292810299075556,0.42079731932345144,0.9402348764821113,0.3232746661761422,0.5304845323320206,0.32150823711755844,0.7410574874642732,0.358231612587088,0.7167071014896875,0.9099185110319378,0.6284993970405456,0.41996793158288254,0.8396424576824935,0.4106004798373076,1.30935652941709,0.8440556072777586,0.8844907634666412,0.33333114714928863,0.5344602609878273,0.353031987701336,1.1779876878479816,0.5164932473871018,0.35300440492166385,1.1283095942966328,0.5381601720442265,0.32297164971074843,0.2983244953190882,1.1340374053061064,0.3607710911678447,1.3117266232076552,0.354477152327406,1.228749295953996,0.43558174382362186,0.8359750571074803,0.5599444951572693,1.1678896217610202,0.3200015103462734,0.7277038067563305,0.5058610659175913,0.572675783034906,0.38528389899669746,0.9498298091675447,0.40358153107959366,0.4305817566783956,1.498602115329342,0.5728698878625402,0.6916085245738647,0.7291424381505373,0.9787554701155162,0.5179924164199465,0.6325629347690452,0.4641881565870775,0.4617948454082158,0.8476825486348653,0.5511804902048502,1.0807094250033238,0.3833616506782237,0.38727009681039204,0.5490654383691628,0.5171461568901905,0.3996966042151909,0.6585302888170018,0.8102883524325768,0.5809398905927862,0.8186580487208527,0.833055136337434,0.4152525221401688,0.4132252332256887,1.1958738881218105,0.49409953657538785,0.3225848027217513,0.5187168329723103,0.500817863833819,0.618635548800245
Australia,1.151860751467811,0.6183856572478349,1.0,0.5889263208774876,0.5115006455242783,0.2886857294096118,1.7759778442434284,0.49589714209659436,0.6584208785207638,1.1008122721616616,0.49733167070243633,0.625790849150278,0.5000646615282823,0.6541662144107939,0.48003698712461773,0.49427371807435805,0.871156280386754,0.6335206997144822,0.504338685696814,0.7017792502009093,0.6343601660839712,1.1305804869839036,0.6813382834208074,1.22553643615489,0.45686858588055723,0.38071270160034865,0.4833256531521382,1.5709675275960442,0.7121544599447736,0.4971497178851167,1.1042141359466955,0.5884185457340377,0.4890927730763963,0.4892557567906939,1.1601592067580233,0.463961661413714,1.4692236903149443,0.4483138005705057,1.196536892552007,0.5683823905386111,0.67255412410667,0.608196742900724,1.0487145133134914,0.5012643226734811,0.7031353486086768,0.7268825684882332,0.6571540359345271,0.5567837875699797,1.0473963701492437,0.5003113865213232,0.4788838671778786,1.1495917623624479,0.7091754274077509,0.7546329310779789,0.5869032708123848,0.953752449384781,0.7033681386035169,0.6330953399151213,0.7257786653535307,0.6082990736951349,0.6658404209357921,0.7096687238404815,0.8648162843181092,0.5826762589335687,0.6210786785754291,0.470712638601392,0.5244799226480852,0.5296252022412774,0.7990793528145576,0.43537809468538224,0.6875673704619117,0.45260299078564514,0.8690980214342642,0.6047927695366602,0.6387801963746399,1.1933874098828423,0.5976204736640035,0.5515829537316951,0.44143117612044497,0.6538985486545605,0.7588877382819117
Azerbaijan,0.8923582210745853,0.4732864229898157,0.5889263208774876,1.0,0.37520238171518844,1.3954085074060454,1.5862567631697424,0.9652164364338092,0.6669089785314795,1.4457821827439397,0.48027666771480226,0.6887739566332659,0.5814869503975745,1.328843082071365,0.9301834798304394,1.4010152035692551,1.7422729191198147,1.1589967724142025,0.4376458077403368,1.7228072953567695,0.555344428990607,1.2196242762404603,1.9509287647313107,1.2536915295520892,0.7334382292772336,1.2771900475446876,0.5934864324320113,1.1355908396871695,0.8040198277439411,0.45075008297717,1.3546115464277082,0.48343213188798057,0.8348388799995934,0.5835323890656419,1.611880812982763,0.9518920461758905,1.4041786453540221,0.8085878091874538,1.764113735842574,0.3949787149165116,1.0199539148933086,1.29403920526701,1.6116849157075177,0.5154372309907875,0.9820651961158917,1.0406893161073394,0.9998080385123086,0.38347359136850134,1.5251699253310882,0.4389162276105012,1.0645412697247367,3.5772918206592683,0.612215456922374,1.0726657582089771,1.7500485660931462,1.6069909278599215,0.6425456196637508,1.4961723919490917,0.7208164674866235,0.4801034635448983,1.214695218660484,0.9226573637348059,1.6510229415633204,0.5889786449681892,0.46098845373735864,1.4282959854630448,0.5989697357468451,0.4156364354218325,0.8392560806918553,1.7263833445358119,0.7560726100292722,1.427042256782308,1.533117970056465,0.5001959119013731,1.1429776129071623,1.3890812839806284,0.6384500079028006,0.42257915898527776,1.0920646889749024,0.9900592252300692,1.1610904146157253
Bangladesh,0.9218961151005627,0.3235367599177012,0.5115006455242783,0.37520238171518844,1.0,0.9902471720338928,1.5719464758443884,0.485857933517084,0.40592084195096184,1.0658794926389488,0.16029582615871532,0.4611850480266914,0.23636744081942532,0.8879913053411758,0.5094767434650419,1.051613214915616,1.223212729234472,0.7327171861474153,0.28708487438473224,1.3046764093016414,0.3448954801120841,1.3844400519145779,1.4665061427712336,1.0431485082187097,0.3886198914362884,0.943480180369777,0.24550577003705382,1.2184681368306873,0.5462491834047832,0.17677047689025524,1.1639414944448983,0.4202562558526986,0.5464071867057074,0.28233902311388775,1.3687713650376776,0.57841180503326,1.3633454205845787,0.48410497305447153,1.371630495956834,0.2752598667675156,0.9541422842651409,0.9109243595645194,1.3777129869748304,0.20144577953411708,0.7363414990573283,0.672566879854102,0.598239925595987,0.22812372580343576,1.012522699381354,0.27744636613195217,0.7301187415832274,2.9490633446847245,0.48359189008881226,0.805824621352054,1.260122488361226,1.1611759391357062,0.5098886360152449,0.872757700092903,0.4862554848606553,0.3418109750474726,0.9735911771235249,0.6381994629384937,1.314972046426737,0.3499552521167656,0.3211618678933974,1.0241023799825917,0.4646143676310462,0.2056844791933349,0.6276333489087063,1.2160890467994003,0.5462183604115091,1.0577204326647114,1.0401718652669805,0.32563955805758515,0.6759344083524245,1.3849986316005531,0.4454215497062547,0.1998123132197084,0.780828867242957,0.531545436541942,0.7142172847440588
Belarus,1.0981189302521186,0.6154621921631408,0.2886857294096118,1.3954085074060454,0.9902471720338928,1.0,2.0361619200570633,0.5492792569683175,0.7042462323007669,1.1701953213090304,0.5620054818260845,0.6272874629909121,0.5636302463037685,0.6308422222416279,0.5435768277312332,0.4163946761116908,0.9303278054187374,0.6413471059267019,0.5079724337199966,0.7961640153660708,0.6804961665266469,1.0025807788419092,0.605807742687592,1.3511315308767182,0.5463691894811646,0.5591875484496759,0.5255979829709212,1.9035410072804142,0.8134233226526532,0.5301242327248761,1.1062045230735629,0.5717946479343572,0.595462659241679,0.5681085353711717,1.3063835992929587,0.5762038380293919,1.6302651921702054,0.5359147018226479,1.2588295726016152,0.5822562891245885,0.5660635795807262,0.6161750712480266,1.0387512023341257,0.5465605217164836,0.6399765902391459,0.7839343024775074,0.7008285252961075,0.591654349503798,1.1175809957547829,0.5129652346975495,0.6130029574534005,1.07068147033672,0.720717054640508,0.8445817989044083,0.6008308626187634,0.9226170646117383,0.8467872180048465,0.6574099008125905,0.8044595921150018,0.6295779427161688,0.624215797101928,0.8090246873040596,0.7587727305319152,0.6718306870539589,0.6996617508937637,0.5753183570186148,0.4559318102845146,0.5510382979203646,0.8517341612114886,0.47348999464770913,0.7178565762885072,0.4381551708871278,1.0088714942016168,0.6824294240068153,0.6855658591900567,1.5709637802758132,0.648172781781386,0.614950242496038,0.5598396289006368,0.6870923485752602,0.8437409612108535
Belgium,0.9179332982626836,1.5898847466454238,1.7759778442434284,1.5862567631697424,1.5719464758443884,2.0361619200570633,1.0,1.2341235218513362,1.24949368917339,1.9064752428610885,1.0757444276232855,1.1056246689808313,1.115358524300117,1.1217928701812436,1.3452121072073537,1.1259029611853555,1.2372821769671793,1.0845233689458857,0.9712035631441671,0.9719407329222846,1.1152542606409475,1.2072213738706874,1.0602915987540769,2.288197135050836,1.1374615051693486,1.0156207284649261,1.0519671355858233,0.8212389631071599,1.2390834788886953,1.0314229486192599,1.4846173679851176,1.0127551289402013,1.1101294628451477,1.218679533254486,0.9541017010338985,1.0568054841532648,1.4006487634488123,0.9544940469564175,1.174174602309526,0.9436706222792941,0.9035459873320386,1.3550412238228287,1.0758044439417394,1.120820968550665,1.246166202607813,1.571729233247537,1.030863668107887,1.0011134633415968,1.3571000177352344,0.98030371618027,1.528489988147007,1.625033271433636,0.9556782543512201,1.5606427416788617,0.9569385311086341,1.6182430952036566,1.0928342784174045,0.9966733342206505,1.5040047436085673,1.0309272846597568,1.0234396189231982,1.7265680887144657,1.224510775834732,1.2258928634953432,0.8898554350091465,0.9095282462067164,0.9846541347984737,1.0673964615627656,1.2148488900004584,1.0012757493403517,0.9955839771936515,1.070051270606133,1.1206326190004001,1.0949761854408244,1.2742152755201972,1.1490660134784416,1.0449632667592583,1.0335121155708507,1.304425553185827,1.2057973412006415,1.289977938149095
Bolivia,0.9796739026667887,0.36292810299075556,0.49589714209659436,0.9652164364338092,0.485857933517084,0.5492792569683175,1.2341235218513362,1.0,0.446578321382572,0.9861491519431215,0.31603118373195543,0.5362919201228106,0.30081781929996915,0.8501274308039678,0.24340686482495213,0.7585419839252542,1.0188622914361223,0.6688197693389722,0.3793204763247784,1.1079470619758545,0.47320511793835296,1.212367836540626,1.1787200774589954,0.9198448097299515,0.39385343278038265,0.7691826678958783,0.30751467198277327,1.1881791310956522,0.566959273896325,0.32652482743239497,1.0273065099341214,0.5396570207902628,0.4670517716243791,0.3107263886125369,1.1106074267863522,0.494280383483415,1.1597197373435957,0.4633610957054189,1.1675000199235315,0.44621642971985226,0.808587195668377,0.7694201966468351,1.1355622942523431,0.256593767221558,0.7545116863101573,0.5053646120140439,0.5666876205800976,0.40498135506545907,0.9286261372863148,0.39720324780127336,0.5112012271483964,2.278987338214576,0.5962129097167026,0.6195462307867998,1.0146520898470617,1.0149847082808487,0.5227730646362352,0.7071139976986631,0.46095154126685667,0.4335138610355149,0.93516233748474,0.48301662285241487,1.2170278766455664,0.3210825482422513,0.4586739616885084,0.8578364082057477,0.5311818138230673,0.36915910819738984,0.7024332549316742,1.095102860029373,0.5949553537732393,0.9532385659662228,0.9756944855378811,0.4237051286784071,0.504530592423193,1.1324109554610875,0.459017567282286,0.3739545130240231,0.6276500686568847,0.43614122838780633,0.5710481971717148
Brazil,0.9191417622467617,0.42079731932345144,0.6584208785207638,0.6669089785314795,0.40592084195096184,0.7042462323007669,1.24949368917339,0.446578321382572,1.0,1.1570270754239462,0.425633814076592,0.6525263908923504,0.4319744714688381,1.1618267793251758,0.6713433798833307,1.169470085133483,1.297026284258141,0.9912055925801099,0.48785639586280544,1.3222260494540035,0.4281791565535746,1.1599522760029515,1.5620433702545122,0.8305259825984997,0.5963693953155768,1.068232169004525,0.4669963948004723,1.053307357513714,0.6667214024757022,0.43004107121569796,1.1207253435384084,0.4549817646753705,0.6947586310933873,0.44692014740205654,1.2377219281842793,0.8060959980270475,1.229973787613986,0.7184588122360088,1.2921560861485046,0.4403812335465568,1.0518368136301928,1.0495871045994636,1.2955643298547614,0.4168248058467536,0.9305403014023329,0.5954045341479096,0.7679298200592802,0.37216008026694264,1.0185942428227552,0.5033274463738103,0.7763979263061594,2.2175901696931968,0.6184929672170921,0.8409015538554481,1.3368811942511711,1.3230910017358322,0.6285193588075335,1.0726857729165589,0.38158114962738165,0.4968872484252733,1.1172039888502874,0.7151149800643413,1.361177442359093,0.5449885400934085,0.475871053784882,1.1419031608653363,0.6573441607232086,0.3781514541003887,0.6864631610572544,1.4064734594341635,0.6683803929823661,1.2593608102529683,1.139395506864523,0.45158758131228716,0.6729406378000236,1.2868281991596104,0.5996991965039172,0.3434226767177745,0.8743078058428895,0.5025874656333313,0.6628659704366723
Bulgaria,1.157582603820289,0.9402348764821113,1.1008122721616616,1.4457821827439397,1.0658794926389488,1.1701953213090304,1.9064752428610885,0.9861491519431215,1.1570270754239462,1.0,0.8291387462821027,0.9327656454889216,0.819453711943806,1.298629861203169,1.0131874381083612,1.1279044781348042,1.0701724278422489,1.17708507471696,0.9325954810404087,1.1980726678743603,0.9046694656412598,1.3901659713146042,1.271268182220589,0.9648026921964269,0.9034216112251598,1.1793727553211408,0.8896097184149279,1.1359814504203627,0.8968106062452355,0.8415282170399362,1.026577040287262,0.8661280416935468,1.0001295121283302,0.8861474239145332,0.9736392125518301,0.9853657625225261,1.312440520111288,0.9949197917621591,1.0204969575120637,0.7751360759312829,1.1821637036556623,1.3823670154955763,1.0367119244266827,0.8928751470100994,1.117355467827516,1.1105334015582973,0.8542556397838703,0.7565296755370555,1.0912378264867557,0.90019139666372,1.1047802479475046,1.8935682755172134,0.8193860674112795,1.1471786924628748,1.3142445906297295,1.466784311214641,0.8719617163271987,1.2356758180463807,0.8350909402638067,0.8382268894813167,1.142657581178739,1.041869239719182,1.7345135621464869,0.8485170051643544,0.838167221004482,1.259132545040175,0.8853370035921012,0.8394114976489044,0.9629816070047194,1.582231901996239,0.7803253712668703,1.5348725895076136,0.9936156433380687,0.7536149647760335,0.8531282008845041,0.893426157556048,0.8628328312845486,0.7632223307364365,1.197325060415784,0.8836784512807395,0.8827768540991905
Cambodia,0.946712082665148,0.3232746661761422,0.49733167070243633,0.48027666771480226,0.16029582615871532,0.5620054818260845,1.0757444276232855,0.31603118373195543,0.425633814076592,0.8291387462821027,1.0,0.4697822757480542,0.20426063190257976,0.8298940032165013,0.4921708716227815,0.9759168161930052,1.1326764991133087,0.6680288163298207,0.30164032951730485,1.217803424899166,0.3813931593725349,1.4421467145683213,1.3410937295952534,1.0773365698417532,0.34797680995494384,0.9081225913375154,0.23867968705558884,1.3851812207590954,0.4928120259829236,0.1586008798811721,1.1692458527500895,0.43738164522551304,0.521959052276602,0.238290263344699,1.3433029928689209,0.5381261549085217,1.436689147210171,0.4360887554218014,1.338422781793651,0.3107406406181521,0.9187421797977428,0.8722385358974337,1.3118707745567881,0.21031991195354882,0.7378054476107645,0.6671790173554845,0.549946122208408,0.23304964664492134,0.9845094701042569,0.2864641910500098,0.6878810610280011,2.5839804009134135,0.4905014126518534,0.7765099916696742,1.1367810810910743,1.0944744108424833,0.5185245943769795,0.7386405675602526,0.5206304547316114,0.37756123111685097,0.9520572804498826,0.6450408055916689,1.2793482444184139,0.3784507513158091,0.3526933792817777,0.9691841728376037,0.46925534278432496,0.24037977219763143,0.6019496008610344,1.1356450878405095,0.5556256549406764,0.997359319897869,1.0040569257502254,0.33928233499246624,0.6404523194429509,1.4800299492136646,0.44733156000760316,0.22346831515040314,0.7219099750577949,0.5077957853433693,0.6571144937258219
Cameroon,1.0074861663985952,0.5304845323320206,0.625790849150278,0.6887739566332659,0.4611850480266914,0.6272874629909121,1.1056246689808313,0.5362919201228106,0.6525263908923504,0.9327656454889216,0.4697822757480542,1.0,0.7890936738894213,1.3927257340742853,1.1638040921701185,1.283424109283779,2.3677386325181646,1.3815056442420652,0.606983675532226,1.7986669479303246,0.780308501429617,1.2778531297466382,1.9587977262089047,1.557021514190995,1.0190142645836542,1.9844392245744953,0.7211361552684785,1.5812074184750724,0.9492805331435716,0.5565865449192126,1.1596218686839326,0.5779281827743401,1.4010968230810008,0.9300238294001987,1.9957666617616416,1.5281259597558916,2.015820539600904,1.3563437436352317,1.5822576790323863,0.5661890934564675,0.9712745388631511,1.8564442971555128,1.3234534730612568,0.7109913807867528,0.8578627288168295,1.2625258476114616,0.8760783467747761,0.5625358781813803,1.2123464382381297,0.6283182039668631,1.5806850142927031,3.283299061532368,0.7453526062221034,1.3654578131137658,2.0566065781865746,1.9794795774589804,1.0497275724260677,1.480753220061596,0.9449222480408362,0.580345968686495,1.1117485298805374,1.2405558495179607,1.2235732307806448,0.8786849313516081,0.8247043747372457,2.001254337754699,0.618551542184103,0.5445588157536324,0.8614846336719657,1.7774560526088958,0.8251553647630506,1.2892155381538573,1.5534667933875441,0.7481286232323751,1.3272766439994526,1.5884120958014851,0.8339634862003709,0.707616239591806,1.7273079381811867,0.8339274442242675,1.045923084253908
Canada,1.000540352478679,0.32150823711755844,0.5000646615282823,0.5814869503975745,0.23636744081942532,0.5636302463037685,1.115358524300117,0.30081781929996915,0.4319744714688381,0.819453711943806,0.20426063190257976,0.7890936738894213,1.0,0.8178650717262961,0.43555984620259114,0.9065606047543819,1.0826072083630451,0.6515314677906829,0.3319863258931001,1.1688656127910624,0.4056274512396943,1.4377154167752442,1.28886430892967,1.0079140312014478,0.34198183567412627,0.87346742958038,0.2484808677867031,1.347472650505371,0.5392268432922849,0.2427374228322437,1.16620348898109,0.46193996160923706,0.5136257659868407,0.23747972947224358,1.3687204552478949,0.517745133930437,1.4792844320076042,0.43764666364488236,1.2725912798620418,0.33543121248197383,0.9121058927376686,0.876553733352647,1.2500515363057936,0.23912818226657653,0.7153165419290833,0.6434712590985966,0.5306190424165214,0.2990828126911097,0.9775933757801655,0.32778128139465684,0.6503166232689357,2.4295506194205507,0.5566351461200439,0.7579038029139503,1.0911430831028177,1.0823627061836785,0.5709863934085374,0.7161510755377527,0.48033673690995254,0.40420540172603286,0.9244081391513186,0.6043809174450497,1.2170951895310687,0.36923231715504157,0.37003200270573583,0.9063606758698664,0.47292779929466994,0.28131138270391187,0.6591513082279724,1.097360374221096,0.5438469381910292,0.966036684359557,0.9200557499745051,0.36333944126813855,0.5507175721253198,1.3784996491662553,0.4631082019326515,0.24701425044945932,0.7195590627601329,0.47539353566735765,0.6429791808660159
Chile,1.1334019994638886,0.7410574874642732,0.6541662144107939,1.328843082071365,0.8879913053411758,0.6308422222416279,1.1217928701812436,0.8501274308039678,1.1618267793251758,1.298629861203169,0.8298940032165013,1.3927257340742853,0.8178650717262961,1.0,0.8910884703761415,0.700851470505358,1.2413495711901417,0.6685104187240807,0.5819509187627123,0.9618065310985755,0.9040677275100666,0.8621561167201396,0.7558420996046601,1.727804119506037,0.8847589142343508,0.83103494924299,0.6795209368849298,1.300895246784654,1.1763164791417813,0.6545638743518438,1.0399103782566084,0.6210045639022465,0.9865143468581629,0.9236730948254694,1.4723363535873808,0.9352513962826255,1.3034681877746095,0.8657350331615776,1.3095561803733644,0.6984983696910332,0.7232545681395489,0.9814747123597789,1.116689284282745,0.7596933514404365,0.6789060821607045,1.2069530297108964,0.7123938655532042,0.7446518977414179,1.1287407705702976,0.5976696945336849,1.014114802023752,1.1016445433265372,0.8166505122181159,1.2040928718809965,0.7864485300043623,0.9542335152270036,1.1739193379909705,0.7301089752136659,1.1473817846528327,0.7857371549140085,0.6465613306118301,1.243850752475144,0.7672478049209416,1.0032364666106004,0.9973154528970044,0.8106012259965821,0.4798583041913726,0.6479488899577585,0.9889830550185386,0.5535911495266347,0.8010731000732536,0.6419768522414044,1.189769575940804,0.960517737675949,0.9979930086589677,1.2946754172434423,0.8349207122944403,0.8731292073017403,0.9354304247006927,0.8328472151965423,1.1213719107410336
China,0.9229648147769638,0.358231612587088,0.48003698712461773,0.9301834798304394,0.5094767434650419,0.5435768277312332,1.3452121072073537,0.24340686482495213,0.6713433798833307,1.0131874381083612,0.4921708716227815,1.1638040921701185,0.43555984620259114,0.8910884703761415,1.0,0.6155815880859609,0.896995942132335,0.638477648944165,0.3840362130789018,0.9151692930537534,0.4452876371959722,1.0873623998736763,0.9515876361520139,0.771509018284877,0.3202813753102779,0.5686897034491714,0.3153016208680963,1.0360984896221812,0.4936668950114289,0.3397264783730244,0.9701333078514811,0.5320494761839656,0.34355123477410826,0.25960647544861476,0.9845027547087446,0.4095304828937112,0.9061885421771889,0.39940329364667715,1.1365981087637649,0.42418527223815977,0.8139808887734953,0.5860322109059348,1.133237494784446,0.2788326355373554,0.7314220604709041,0.4476920891145778,0.5678248434272737,0.3990751701522653,0.9401099009868441,0.3998565780693756,0.39077217462233105,1.618751820472806,0.5716193433233583,0.5560312477410881,0.8001198797370774,0.9136208276977497,0.4433517865458481,0.6791804916172688,0.37756235798123156,0.408454219483291,0.8988345218454022,0.3638052149363121,1.1287390279300322,0.32154947319981525,0.4117290015157543,0.6712827783248019,0.5226820495100186,0.3556140067609719,0.671972670423838,0.8772841425820332,0.5703316598110783,0.8674333786493856,0.8838672173668506,0.3897188981261468,0.4590703981176679,0.9200366071282188,0.40873895319093484,0.34350209300686213,0.45302739497198025,0.4228664732221668,0.5643591480961577
Colombia,1.0402770875851208,0.7167071014896875,0.49427371807435805,1.4010152035692551,1.051613214915616,0.4163946761116908,1.1259029611853555,0.7585419839252542,1.169470085133483,1.1279044781348042,0.9759168161930052,1.283424109283779,0.9065606047543819,0.700851470505358,0.6155815880859609,1.0,1.0777678463296585,0.7847980422175824,0.5914218196120915,1.1409497529925685,0.728805044569351,1.538630969339535,1.0674561515290286,1.2431356431541452,0.5974583452922381,0.8010880750475878,0.5750924975545103,1.5758163087237238,0.8264437350973226,0.5906669321612575,1.3387801868693843,0.6914619729944602,0.6924526561704024,0.6017834601835041,1.1870041430101608,0.6872686042356064,1.368935947558915,0.6177667544145767,1.2872497073680103,0.6474636900093274,0.6726605227231587,0.772475436694828,1.2419057532489877,0.5881642736908966,0.8893580858094329,0.7992838428907042,0.7836792694014063,0.6414379544206497,1.272528791860929,0.5853759798714291,0.7461421399725952,1.6485253404342055,0.767650540971877,0.8389944281969166,0.9140471582348006,0.9970157073921636,0.8542811717191208,0.8122994059977632,0.8370353463428796,0.7008867274607681,0.8868727058157632,0.7874918296419108,1.241848295645797,0.7081788386660538,0.702388854803308,0.8493118786404601,0.6075294687302679,0.6209008897102578,0.9138835124087417,0.8742427835312884,0.7664894056496663,0.8138620430454054,1.1290618183340675,0.7261851367299237,0.7824665964654322,1.270953320620373,0.6921414434231358,0.64637829363683,0.7188022050362971,0.7420795204987404,0.8928253933429859
Costa Rica,1.18425371275733,0.9099185110319378,0.871156280386754,1.7422729191198147,1.223212729234472,0.9303278054187374,1.2372821769671793,1.0188622914361223,1.297026284258141,1.0701724278422489,1.1326764991133087,2.3677386325181646,1.0826072083630451,1.2413495711901417,0.896995942132335,1.0777678463296585,1.0,0.7183051648049394,0.8091634377816753,1.0445034548607095,0.9798935799057836,1.5152982289131816,1.3762420130786674,2.0487258962504837,1.0693718064391762,1.7223757025954187,0.8622090400319823,1.6395232104937016,1.1698456075983141,0.8093896379553704,1.4265483222784323,0.8792872913788659,1.5067590457162678,1.1530842358985884,1.089981352012495,1.151155478742061,2.029382688641885,1.0945675581572372,1.0714178102539722,0.8619776617060846,1.0252437566760877,1.8745797424527184,1.190197626743549,0.9083822365397107,1.0705954183113144,1.3963290414632434,0.9164972347667881,0.8558162437019,0.9976763716518157,0.7636330387064177,1.9602939124944518,2.4414221278459847,0.8741827066566821,1.6657771039046199,0.8863171046047391,1.4744634042196811,1.201116755285536,0.9743104002262046,1.2836804785775326,0.9349302112965967,1.027845612322875,1.65301261985246,1.2887800700400678,1.1324406194512282,1.104127952529114,1.4768198713646006,0.8017019497420844,0.8438557993539245,1.0049968743778606,1.221093660225018,0.8571897049771354,1.0698331104938374,1.234650516893708,0.976612337838859,1.134765464146533,1.2821452793626356,0.9211301230145806,0.9817855979819081,1.9561295159034566,1.0293386146137602,1.0897690834793727
Croatia,1.144881399531529,0.6284993970405456,0.6335206997144822,1.1589967724142025,0.7327171861474153,0.6413471059267019,1.0845233689458857,0.6688197693389722,0.9912055925801099,1.17708507471696,0.6680288163298207,1.3815056442420652,0.6515314677906829,0.6685104187240807,0.638477648944165,0.7847980422175824,0.7183051648049394,1.0,0.5386441257153265,1.3505160075100404,0.8659050299595563,1.104030786861763,1.1776233727860759,1.9869084758487006,0.9682435616856995,1.4890627633238769,0.6511025812801964,1.8946314594111449,1.232289493967859,0.6060297329350193,1.1714752063553198,0.672934358709551,1.5404358078623392,1.0359280068783836,1.9380761457454991,1.2464250383833813,2.211727817116029,1.0906706041815275,1.3158059870788699,0.6589194102724689,0.8474234791974087,1.713312429097836,1.208129656993197,0.7317761260045962,0.7438446457194657,1.3570363243707861,0.7965345493447511,0.6994323799061227,1.0650958552124667,0.531573641387475,1.6574520945815172,1.6705786441913062,0.8005314471597843,1.4673292723515026,1.0581404113319182,1.189060733338728,1.2468375261254223,0.857207833999784,1.1506385650137467,0.7378648076885084,0.7916230126569292,1.6142972522406096,0.9592399532597681,1.0046616542649622,1.029855981918756,1.3681429041981679,0.4965409319718162,0.6166880895051938,0.9633800289435209,0.9398504033816589,0.7698621236445466,0.85398293922413,1.4705235690239518,0.8810533944974946,1.1533202813928067,1.7531009775753794,0.7299233766566607,0.8607080167530001,1.66624759016882,0.8855569307938936,1.1256311553971543
Czech Republic,0.920903435621448,0.41996793158288254,0.504338685696814,0.4376458077403368,0.28708487438473224,0.5079724337199966,0.9712035631441671,0.3793204763247784,0.48785639586280544,0.9325954810404087,0.30164032951730485,0.606983675532226,0.3319863258931001,0.5819509187627123,0.3840362130789018,0.5914218196120915,0.8091634377816753,0.5386441257153265,1.0,1.9549887205246914,0.5152308483892767,1.3783140829680862,1.7013634664090698,1.3918708427570157,0.6258081146085737,1.3510539332201665,0.36207262323983397,1.5146189608164804,0.7703261820005648,0.25664182378778005,1.2490379210442009,0.3971953544805188,0.9135636785357076,0.543906756039958,1.6825724706806828,0.9059046982685394,1.8006669091718583,0.7059241450673512,1.3661010667776208,0.333214496058186,0.8309409839046565,1.261286657590398,1.2239895614458591,0.3297242348224811,0.7165511143930454,0.9778363630982089,0.7227084031272274,0.3418210925392395,1.3133295765768427,0.2347963028859703,1.118385728613138,4.241620064673535,0.5544165783274431,1.0103207999606796,1.7076609086122665,1.2040600675683257,0.7340169159949806,1.1563333675511613,0.7541384282731122,0.4118292491426319,0.8952718725450746,0.971951113154051,1.2272605965929875,0.5707520185091065,0.49589494555451236,1.507534318630148,0.4054131119063314,0.2694836171029298,0.7445508771716202,1.2993033212353151,0.5876220968761965,0.9887747410365154,1.4733924528421325,0.525983809617292,0.998138443979702,1.767510867247881,0.47185696083593703,0.4090445894559804,1.1768579629330935,0.7621400562832119,1.0154065826555092
Denmark,1.0233914262387902,0.8396424576824935,0.7017792502009093,1.7228072953567695,1.3046764093016414,0.7961640153660708,0.9719407329222846,1.1079470619758545,1.3222260494540035,1.1980726678743603,1.217803424899166,1.7986669479303246,1.1688656127910624,0.9618065310985755,0.9151692930537534,1.1409497529925685,1.0445034548607095,1.3505160075100404,1.9549887205246914,1.0,0.7851595533569438,1.4376732810105168,1.1085670718877474,1.6851590001940182,0.697013688145491,1.1700574715163132,0.644576235064704,1.7833511450859023,0.9885758690122243,0.6463121839006599,1.3318881369030307,0.7659153982824002,0.9390056177521915,0.7357326057876276,1.5638836473433342,0.7241501285410805,2.327741576844203,0.7202797925321403,1.168468170095749,0.7147085395220472,0.8118554253627392,1.2529434923040947,1.081364529765447,0.6768176017336893,0.9501692103129028,1.005847038788651,0.832273458451232,0.6996875667588117,1.1153771478709398,0.6464513399290288,1.0686915313300143,2.02825518895924,0.8119266089523509,1.1012925328808234,0.7391583330449442,1.4250830843467341,0.9777114500587424,0.8024065437760518,0.9722549635154855,0.7675512138800353,0.9400569768301171,1.1387534645805084,1.2521225600695365,0.8308108241237925,0.8315925788672472,1.0245283712799373,0.7121713940859961,0.676877030254637,0.9477725960377842,1.1588715703308907,0.8356247361162117,0.7728525692450332,1.0822550759764715,0.7568088281207196,0.8314057497491144,1.6893806983610908,0.7775394119175256,0.7368626168705923,1.1054237484235168,0.8211124938842266,0.9126453020964388
Ecuador,1.0240978153981022,0.4106004798373076,0.6343601660839712,0.555344428990607,0.3448954801120841,0.6804961665266469,1.1152542606409475,0.47320511793835296,0.4281791565535746,0.9046694656412598,0.3813931593725349,0.780308501429617,0.4056274512396943,0.9040677275100666,0.4452876371959722,0.728805044569351,0.9798935799057836,0.8659050299595563,0.5152308483892767,0.7851595533569438,1.0,1.6505265150950497,1.5487690439653614,1.1713242603355025,0.586526194842645,1.096153246421242,0.5062373419284523,1.2398778392186902,0.687365043698427,0.406364333266572,1.4648205448673708,0.5075720730545532,0.6900133817487658,0.47697291681424636,1.5506989234884485,0.7173374370290176,1.4916595564737063,0.6630970820678437,1.5417436200523174,0.38294803060737953,1.1266941834263258,1.0454743136831597,1.4827916647223645,0.40474501363553467,0.8881842370694114,0.7956368002662446,0.7770164606301789,0.37583943248851587,1.0491301101781971,0.4385164128260347,0.8890893869021224,2.574258036372582,0.5596637242313289,1.0448377486253007,1.4027896215472133,1.3718423666527322,0.6594981929606544,1.0381788253126667,0.5984702946372517,0.500820030541542,1.136054891713722,0.8323969539165095,1.4015666752344174,0.563196681548867,0.4063078627736905,1.138167730177171,0.6229739968900635,0.3718548444668689,0.6615454093513604,1.41626757207785,0.669306560088312,1.2404614373337455,1.133527138008504,0.4774756369315832,0.7924145221143535,1.5021553153677303,0.6408199231792852,0.3470818453764502,0.9600471881424582,0.7336466499359222,0.8510723325990814
"Egypt, Arab Rep.",0.7065004261730375,1.30935652941709,1.1305804869839036,1.2196242762404603,1.3844400519145779,1.0025807788419092,1.2072213738706874,1.212367836540626,1.1599522760029515,1.3901659713146042,1.4421467145683213,1.2778531297466382,1.4377154167752442,0.8621561167201396,1.0873623998736763,1.538630969339535,1.5152982289131816,1.104030786861763,1.3783140829680862,1.4376732810105168,1.6505265150950497,1.0,1.0234046150592546,1.2568727681275114,1.6279510887617887,1.2366268300008578,1.1149035070879254,0.7832848398847861,1.2418342382103287,1.1436940695444264,0.6407664831439015,0.7493568375526143,1.2622928547292955,1.33205922542671,0.9133324191671105,1.5186911351094305,0.8772576249198522,1.4171436553117986,1.2657996449902953,0.8503908655342621,0.7839925037561244,1.3940329029941056,1.0328537441679402,1.1675974445133697,0.9788785536648904,1.240963565686586,1.2325592775047867,1.0277291310427301,1.3744626488960212,1.1671026662775017,1.5908063401835826,0.971637596037948,0.8426685830170206,1.1440751686905677,0.835778470916867,1.2924297864811942,0.8715836840668049,1.0379731218935535,1.1378697416825978,0.8161937720164705,0.9840835781126309,1.1458405325815917,0.7872814517122996,1.2047937229571493,0.85165311066093,1.003587216609598,1.0007910691369792,0.9462445827555558,1.2677837912576428,1.052766028912207,1.1856510880893238,1.054632627636183,1.3543831592233477,1.14332552317481,1.7348584376869747,1.15285174471927,0.9769537070759825,1.0646366793163424,1.2809231965320653,0.9403261616043848,1.2356525562529412
El Salvador,1.027602466725245,0.8440556072777586,0.6813382834208074,1.9509287647313107,1.4665061427712336,0.605807742687592,1.0602915987540769,1.1787200774589954,1.5620433702545122,1.271268182220589,1.3410937295952534,1.9587977262089047,1.28886430892967,0.7558420996046601,0.9515876361520139,1.0674561515290286,1.3762420130786674,1.1776233727860759,1.7013634664090698,1.1085670718877474,1.5487690439653614,1.0234046150592546,1.0,1.7834122173487024,0.7274880147429454,0.9223631537045661,0.6356216437080339,1.5966107928062596,0.96777880187428,0.6379365990651227,1.0790583794858135,0.6937063429967241,0.8361533496603131,0.7390625249897474,1.4422734023236494,0.7987849850758502,2.2160681635935573,0.7022121486137645,1.2433284247956211,0.6966561089730595,0.7298277604977313,0.940362515479765,1.075562558336579,0.6689027349292271,0.7280266914865378,0.9758124917279739,0.7642480348918572,0.7102559768456144,1.217033591181968,0.6324643540781791,0.9756349118068789,1.068192948859375,0.8140031758751497,1.091098673175688,0.770364391912691,1.160057654120823,1.1230068254014083,0.731929430617405,1.0173223967799676,0.7478556728585652,0.7500356883252081,1.0568693935034872,0.8389279733542282,0.8259077537043523,0.8528941786659573,0.7731625347658383,0.6004193084952993,0.6648805672100034,0.9731163010479776,0.7696618185506792,0.8130851713449755,0.7562484810604823,1.1181589531251526,0.8321066008365261,0.8524455377204415,1.4997603517410298,0.7852044464724885,0.7477998212617302,0.9144053055701215,0.8056230077355427,0.9508850425152802
Estonia,0.995060866142105,0.8844907634666412,1.22553643615489,1.2536915295520892,1.0431485082187097,1.3511315308767182,2.288197135050836,0.9198448097299515,0.8305259825984997,0.9648026921964269,1.0773365698417532,1.557021514190995,1.0079140312014478,1.727804119506037,0.771509018284877,1.2431356431541452,2.0487258962504837,1.9869084758487006,1.3918708427570157,1.6851590001940182,1.1713242603355025,1.2568727681275114,1.7834122173487024,1.0,0.6076442252642328,0.6947012721734687,0.6086276987884023,0.7321566909599156,0.6353737346020524,0.6028613587089964,0.9711548760219882,0.6547967875194168,0.5781460532753099,0.5168144685572624,0.9300809679974122,0.6656306097636049,0.8011420423576637,0.6275332338320051,1.1534041954760192,0.6157288151905015,0.9537211728396924,0.7085767566229141,1.0283554274215307,0.5713987154753895,0.883302974521484,0.6783088697095722,0.8087854671821774,0.5815014019049849,1.1639953954964963,0.6343350649321445,0.5651218310072057,1.1369647125663602,0.7305928997274275,0.7791627716173104,0.8221907743891468,0.9814014373056582,0.5989393231994147,0.8243718066881027,0.5775487836762726,0.640700775768873,1.0328848615625683,0.6563626966468523,0.966142532271985,0.6122505850659172,0.5591915362274356,0.7489070696550683,0.7251459944483365,0.6072463764785884,0.8250638688479484,0.8242436154419792,0.7745566860239901,0.9482245298988179,0.9678748552115993,0.611383431801333,0.7477264792661275,0.8916875034075982,0.6713434157341431,0.5300098407206025,0.616342053099543,0.6969871643893303,0.763816191705257
Finland,1.0288912345936534,0.33333114714928863,0.45686858588055723,0.7334382292772336,0.3886198914362884,0.5463691894811646,1.1374615051693486,0.39385343278038265,0.5963693953155768,0.9034216112251598,0.34797680995494384,1.0190142645836542,0.34198183567412627,0.8847589142343508,0.3202813753102779,0.5974583452922381,1.0693718064391762,0.9682435616856995,0.6258081146085737,0.697013688145491,0.586526194842645,1.6279510887617887,0.7274880147429454,0.6076442252642328,1.0,0.6755988437099416,0.26885898458628377,1.3171389117371637,0.48170256823256186,0.3059134348663117,1.1712370711048263,0.5063856557911477,0.43029735889719933,0.2562389762376464,1.213879253876757,0.42889574308324313,1.3541212178921578,0.32197655522321833,1.3032494111438335,0.37788678504372664,0.8766924860028139,0.6830181401061658,1.2613755612347661,0.29982997720978477,0.723419564896327,0.6708328343925148,0.5674929552936916,0.3459977604523089,1.0305033301162365,0.34964648979600577,0.5451608188319292,1.8914373893475336,0.5793674612651709,0.7180986060403313,0.8573767007054486,1.024135469149499,0.5083587897648234,0.6507452333354069,0.5132592550917718,0.4121521185109802,0.8885406000319322,0.6118457978253325,1.1502899025720232,0.40762332551257313,0.37942178541171667,0.7654315922355617,0.49744146912065945,0.3269121544160731,0.6164002299096728,0.9424102790543882,0.5540292694079956,0.8709398602336407,0.8323829802219024,0.3816195004458691,0.5495749271393628,1.2933825239263004,0.4012068185424436,0.30174715168236294,0.5244427569192728,0.5037338660576993,0.6517279006572502
