Country Name,Albania,Angola,Australia,Azerbaijan,Bangladesh,Belarus,Belgium,Bolivia,Brazil,Bulgaria,Cambodia,Cameroon,Canada,Chile,China,Colombia,Costa Rica,Croatia,Czech Republic,Denmark,Ecuador,"Egypt, Arab Rep.",El Salvador,Estonia,Finland,France,Georgia,Germany,Ghana,Guatemala,Honduras,Hungary,India,Indonesia,Israel,Italy,Jamaica,Japan,Jordan,Kazakhstan,Kenya,"Korea, Rep.",Kyrgyz Republic,Latvia,Lithuania,Malaysia,Mexico,Mongolia,Morocco,Nepal,Netherlands,New Zealand,Nigeria,North Macedonia,Norway,Oman,Pakistan,Panama,Paraguay,Peru,Philippines,Poland,Portugal,Romania,Russian Federation,Saudi Arabia,Senegal,Slovak Republic,South Africa,Spain,Sri Lanka,Sweden,Switzerland,Tanzania,Thailand,Tunisia,Turkey,Ukraine,United Kingdom,United States,Uruguay
Albania,1.0,1.1524039111946036,1.6227983944092708,1.1787953323367406,1.146430681364139,1.3049941522108848,1.4091921201219368,0.9894625077500314,1.1270732224502102,0.9060717370189392,1.2295933824063177,1.174865584761623,1.1547366691830012,1.2797113481306053,0.8723976586505074,1.06331854722323,1.4703513032614803,1.500076261814804,1.2729018257163442,1.48666693508731,1.2691318472127568,1.0023757720477608,1.4443101987053215,1.058254833783231,1.6357468833133453,1.650381446747057,1.2010082899859167,1.5329744547381383,1.2116221417204533,1.2628302819202781,1.5169855409618533,1.3555071269743328,1.1557723786394296,1.1716314709332654,1.3631069204059565,1.6264744859617182,1.7217539935301716,1.5016739227677665,1.1838972806549912,1.2320302789621758,1.3047886415543948,1.5382665347293187,1.5798213835579962,1.1758765721560331,0.9328411827840887,1.212312478313221,1.3751419557492401,1.2572677835595554,1.1845711472383629,1.368947537102154,1.6954875297111844,0.7693305591886342,1.3628793553180372,1.2557580062911453,1.455722191998031,1.1934365264758664,1.0798959707018658,1.4875306722872002,0.9031985582174539,1.0188825659231655,1.2990594135019429,1.0010158024482447,0.949917077803633,1.0062893187595352,1.2746609223858225,1.5311082969894951,1.2561663058087826,1.177295777435299,1.3730486303060778,1.5236560985802081,1.5281131724847132,1.5609713718288707,1.58529010288371,1.0926316422888287,1.0525616074605932,0.9205821758373046,1.0596585524251438,1.2049959504118808,1.6102851256914315,1.0316990398326293,1.2230584250108898
Angola,1.1524039111946036,1.0,1.819257366045986,0.9467200602207864,0.6564428966306222,0.9259392593005437,1.6869765531943044,0.6097614120467509,0.6807116275239199,0.9518151493300353,0.6529274714706788,0.985129358168854,0.6226969795889468,1.3294111843573386,0.5688001083491111,1.0080874579613082,1.612642955030658,1.549415385157129,0.9758000334029786,1.7490266101488336,0.7052914410018734,1.2438613924165332,0.9391853323514121,0.7787841894721184,1.906720393182508,1.8901173675526706,0.7522297589046029,1.7850333810347438,0.762655309667906,0.7779119137440809,1.3494053989444357,1.0894426486046356,0.46656896901674155,0.537179364962449,1.63941494172512,1.9213285779570966,1.7485713892281558,1.8959501663346152,1.3350204887821802,0.9061146726675294,1.2885818015136268,1.8815321790880641,1.4418674921306585,0.6424903524441631,1.1948365609396698,0.6644113782547891,1.051270595328595,0.7844854345490037,1.0937029334489372,0.9480089558052879,1.919917364573017,1.382124328272135,0.9857408645312185,0.9933388719491812,1.7787445245213374,1.2669100844435135,0.7422872872116016,1.1057169111923186,0.6461551937771873,0.8494054870046918,1.3805051490867943,0.7228374549135641,1.3657643522931633,0.634367684687791,0.6668112613696141,1.8808909185326759,1.2183201786802853,0.8584023056120763,0.9866971805004251,1.719084991594145,1.7084808700420984,1.562756843443896,1.6688753949942237,0.7350321393021331,0.570032419549129,1.1071576053747951,0.9306411922373785,0.608814454390395,1.870294610024843,0.7994902115760054,0.8809087372523259
Australia,1.6227983944092708,1.819257366045986,1.0,1.5117561783087616,1.637563897581107,1.9474394169943339,1.1451319112920468,1.7697484650118616,1.5513246886820757,1.6236708668595776,1.6895416650484587,1.39019061395844,1.705063319423728,1.7250295973387229,1.8171585106832548,1.8440300922788655,1.1194387056847728,1.3212936791548393,1.4380568812856163,0.7718469332484077,1.5461898028479661,1.4199294423887825,1.779378426211196,1.6918599706656035,0.8508803354282976,0.46385042017076317,1.644447437198961,1.0088093805635168,1.6922259151373682,1.5693850843636972,1.2477956342175671,1.2711935372545715,1.8628870268496722,1.7745548999033522,1.119192518995459,0.7444964342680072,0.9889816453510623,0.8433329327959984,1.529688293239128,1.4726328486570412,1.6945580746192983,0.8108708232898871,1.590839947364222,1.6486564375847037,1.2981512012189425,1.6362530728432856,1.4606283177948964,1.5535526365443728,1.5112626770885764,1.4700058871223314,0.613210150849161,1.3810371785911624,1.426654389646455,1.6192729872469194,0.8520094854753838,1.6355502950085519,1.7563426821138755,1.589579162205245,1.6792501046776374,1.5323680546140885,1.0090969425541578,1.7536419128204863,1.1612555818787216,1.7272896602132897,1.6545234076338207,0.6170175361322122,1.23345091482789,1.5115089286843029,1.4857041056067888,0.5400316219435085,1.3929061290591078,0.6259585112216904,1.0490046318050632,1.6738665146292393,1.701032177383351,1.6807983841841294,1.5938487471450575,1.6523627701996766,0.5859305879573362,1.5899799806859378,1.6386654535988345
Azerbaijan,1.1787953323367406,0.9467200602207864,1.5117561783087616,1.0,0.4602848981261357,1.4913969519559205,1.6861609324575153,0.9093358682042595,0.7138405420975591,0.9821669667202799,0.5766610943426583,0.7248356498835415,0.6614376136552763,1.5403896521054272,0.8954232666461561,1.3959711184003805,1.5823150527314023,1.6775566761222793,0.552649020065698,1.5611064571522355,0.643563550563151,0.9075380743973568,1.4410667819915695,0.9162900480708254,1.8300213756910952,1.6618405216745942,0.6886121039333339,1.7602564930382272,0.8625967909656362,0.5753881867242284,1.1279331452418657,0.6007868691592808,0.8784837874144837,0.6577385705209228,1.5829493226316078,1.770051831742064,1.7114920101395028,1.7920859030010798,1.5718421915342833,0.5408501796763685,1.6926923669999547,1.6844742800695938,1.6175030463417346,0.6097800415615845,0.842101038762981,0.9433945233521237,1.0451845042316628,0.5053998449489024,0.9375408621675714,0.567243297172068,1.7559423059677213,1.1944431092929262,0.7879813239211974,1.0705857025969414,1.475439446568954,1.4573377775179415,0.7249163371227921,1.185675464707988,0.7289266451533765,0.573007970975754,1.2120567639660706,0.9045011905115491,1.0395604973381833,0.6551693847579732,0.5993524047389374,1.607061564224633,0.756793847382533,0.5182746105468835,0.8518114191753351,1.4036886735098761,1.7579655496747753,1.2353120604682968,1.6429711339674493,0.605015563435557,1.0431174177754552,1.092929398432211,0.8097009594804339,0.5426239731004813,1.7001460576005376,0.898043836076353,1.0021082849183758
Bangladesh,1.146430681364139,0.6564428966306222,1.637563897581107,0.4602848981261357,1.0,1.3171516135650911,1.6158743825798656,0.6178783308705347,0.5690847363647946,0.9651833401127217,0.2564545075888853,0.6647547993704901,0.3608206082806097,1.5984906729569388,0.6370070011116843,1.2230388429730756,1.6627975148162815,1.7330298057731919,0.5079803381432649,1.6912175634565187,0.5066573716348597,1.0455415724335493,1.2361703651851426,0.9446717251382352,1.9189818667173013,1.751573657753256,0.39598669735662734,1.7325806223180829,0.7066020917141616,0.30291549091026077,1.1498866789518716,0.6948940849427682,0.6760961820234832,0.4174807741763235,1.6244702577928258,1.8665657062123784,1.6967547878882958,1.8758768480413803,1.4617181261028418,0.47245760803371517,1.5375336867561014,1.7576961894522072,1.5719388480524055,0.31951271292364136,0.9054301152256096,0.7675735180658175,0.825684183049086,0.3873432739828772,0.8943770578566089,0.49860381983204094,1.8274604559292424,1.3067309087649466,0.7248678523274533,0.9547076799431021,1.641674853384356,1.4451179778759988,0.6579987001609359,1.0414792270722262,0.6056386777541974,0.5216152371673992,1.200512084556961,0.7279796253215367,1.147170394162501,0.48303038227321354,0.49545922308109935,1.7341581107144952,0.8153592033186235,0.34599342951134826,0.8200710681779612,1.489123281786575,1.8231816771428797,1.371819222914366,1.7113592377349516,0.48952436916056374,0.7918685027882006,1.0711657638704277,0.6909815908935805,0.3223864961788059,1.786418366916324,0.6680098662905327,0.8266709020993952
Belarus,1.3049941522108848,0.9259392593005437,1.9474394169943339,1.4913969519559205,1.3171516135650911,1.0,1.549490235282522,1.0622159102683437,1.3418652207665953,1.3043543030405584,1.2488954596452597,1.5270261321218157,1.2178538455079553,0.9454812852758253,0.9617151392440069,0.6626255060475832,1.54777300394096,1.312645050937482,1.5300321993595163,1.784779328086856,1.348291141924987,1.4983854180873462,0.7519269866950753,1.153757100707468,1.7036314324979405,1.8704981702901315,1.3010187288902724,1.6269485440848896,1.1699142987193099,1.3921191465880223,1.5510189002225163,1.6270079585601263,0.8547612749437794,1.076336326056619,1.546852760705312,1.7522558206179306,1.7290954168804702,1.7039704656049506,1.1906599411008885,1.5082966947203156,0.9029259144657679,1.8317740733290613,1.1294092929620534,1.2725248934575961,1.6494682692386098,1.103169903007795,1.429577819921325,1.4197111315867723,1.3761952670103867,1.5065991909397367,1.8373554878762903,1.516734044460341,1.5016309603128306,1.2275771384793936,1.784101791373288,0.9982129655752829,1.1471903269909052,1.298637759757876,1.1937881457943726,1.4312602708034674,1.759529139454812,1.0141443025424206,1.7104238084177252,1.19873413985365,1.268313438428496,1.8363731365294353,1.7510690876944297,1.4381629153520528,1.4106412693706405,1.8988919255962524,1.3090475182689516,1.901662368900981,1.5454813838831634,1.2816853595683062,1.1033457263880242,1.1722607263778149,1.3801033215319705,1.280642132830475,1.8635796615711362,1.2743842348511287,1.2047087384131085
Belgium,1.4091921201219368,1.6869765531943044,1.1451319112920468,1.6861609324575153,1.6158743825798656,1.549490235282522,1.0,1.4803050780122686,1.5612777398840874,1.603064097157911,1.5782814432856174,1.337448105478666,1.574894440730827,1.7143020298709677,1.555257450317526,1.4309496732528422,1.379439416260055,1.515660537947748,1.548528374280131,1.3913682880113434,1.619109949151617,1.5345728261926193,1.444585727346876,1.7429963431068811,1.1653560096235254,0.9168227270383035,1.5373505648579604,0.6636579056270102,1.5756180566038909,1.5121412729213721,1.3975477493690245,1.5444584080755344,1.6979152826426902,1.6776376546300196,1.1625889339723277,1.0288755928541482,1.0054145984760334,0.9942142705486366,1.1445579017123544,1.5792036117746293,1.3189677955277803,0.888588585227123,1.2648688009001872,1.5830532576525551,1.3670426087896455,1.585803667349375,1.25433607969458,1.603166249083734,1.4123412464495415,1.5538983477587291,1.0190684537162575,1.3875786073814478,1.5513404170945009,1.5347710323589927,1.3344015184413969,1.62661437697887,1.6784772657512974,1.3397494762333908,1.5788107993996392,1.554843260847022,1.1447792345323902,1.5681884124676333,1.3409150585351528,1.6199279111829223,1.754788502681656,0.9801567120646019,1.4290510974111572,1.5052165482170754,1.5545594179651914,0.9104061948754955,1.3708876690972245,1.446524558810886,1.3856470902259617,1.5935867374080694,1.4633777778361845,1.5074224155670302,1.5159267270309977,1.682125782808925,1.0749630798738925,1.3575384957522905,1.4148000469761346
Bolivia,0.9894625077500314,0.6097614120467509,1.7697484650118616,0.9093358682042595,0.6178783308705347,1.0622159102683437,1.4803050780122686,1.0,0.715482936394338,1.0329530403577525,0.5983334660831785,0.9170193422152277,0.5330895991890037,1.4699316237297388,0.35174780580618403,0.922583114483481,1.6936580006468616,1.7001886022475932,0.8141991216660321,1.7234688644339478,0.8326985444646542,1.1558429279462459,1.0512711050323789,0.9498084101568323,1.8813858944105362,1.786186240893214,0.5909302206290382,1.576660096553775,0.8602524651793427,0.6671378618926588,1.2662211670786794,1.0828785325587917,0.6723875856157608,0.5417725422546178,1.526616706760893,1.870712994068629,1.6845812989696554,1.8356566451571916,1.2777640796936993,0.938206224138608,1.2172069819752076,1.738538609383158,1.373455302792403,0.47884834095896966,1.0601999031132467,0.6883668802306464,0.892311568598233,0.8170211631232951,0.9481587081491373,0.8671868180269968,1.8973178153490486,1.3313921122886636,1.0945799688701574,0.8987695357932278,1.729046973231092,1.3112658484051016,0.7869898481807188,0.9587599515354035,0.6512976856161358,0.7971932950263768,1.3013354658048804,0.630800341144653,1.1647513923448878,0.5102341243143345,0.8648337258558978,1.7448023248518034,1.1280929099064294,0.7448922234622699,1.125985280801465,1.572616981009513,1.7061187933659818,1.5912654542674647,1.6416041476984717,0.7364540807868075,0.6381634824936292,1.0971724571220796,0.8396490016607158,0.7188398566662655,1.8212438692958317,0.6347029346509259,0.7328510184461562
Brazil,1.1270732224502102,0.6807116275239199,1.5513246886820757,0.7138405420975591,0.5690847363647946,1.3418652207665953,1.5612777398840874,0.715482936394338,1.0,0.9091734512460784,0.6127059487379009,0.7732180952469153,0.5770640011820373,1.5126084505796151,0.7507359160675603,1.290533997407147,1.4548996280669009,1.5537658401419616,0.7531442274899849,1.583271346320121,0.5330995266360233,1.0235044047091304,1.2451066914105797,0.7122502422549696,1.8425724115579603,1.6486833552048796,0.6571718238949713,1.6854166267335122,0.7825255980874345,0.6446314761727719,1.0697292782368037,0.6078748663728494,0.8344278740786631,0.6009725847131296,1.3863757988085308,1.7531963841475113,1.6747732133388187,1.73042155535651,1.364721353502806,0.656636665012366,1.4611126932949157,1.6896762166444372,1.4362003171814222,0.5822350982320684,0.8611713991345366,0.5919320805452474,0.8762934244090312,0.5433123443169501,0.9251524831780277,0.7953150691137342,1.8189944515314,1.1614274413600967,0.828900936909604,0.966899236373371,1.5163556265006934,1.3781073937439012,0.7974126160014452,1.1808065719597118,0.39330293499010643,0.6633972753141644,1.0381978072678664,0.7483173866907092,0.9384391271872932,0.6927034497571927,0.6896724384756254,1.6095952571801164,0.9584503037351952,0.5338626595467745,0.7723261832752565,1.3765517604587378,1.8108883421084299,1.2780568743834284,1.6293676893054454,0.5921695639972229,0.6010344305215864,1.2060840252088467,0.82089009208118,0.4868558187084662,1.736727992900772,0.5010567081900216,0.6517917357117453
Bulgaria,0.9060717370189392,0.9518151493300353,1.6236708668595776,0.9821669667202799,0.9651833401127217,1.3043543030405584,1.603064097157911,1.0329530403577525,0.9091734512460784,1.0,1.030699325378321,1.0852793980052085,0.9124565671860932,1.3823841459236443,0.9727789850515542,1.2804832546368266,1.4251168865371195,1.5051189226440393,1.13032452077901,1.6388855537736002,1.014356656854431,1.2899865266614146,1.3834311432760218,0.9649079849546652,1.7660796312344325,1.6862561723130505,1.0986736919892766,1.6911446659671756,1.1238470531378244,1.1158631750384773,1.6065839868423382,1.0792886090071645,1.0168173743028575,0.9675875208424131,1.5846415188664413,1.745735610091598,1.773130913830049,1.6944357059719584,1.3969445288612483,1.041905591117536,1.4223058250474439,1.7064450742291988,1.5924115233510314,1.0865949211974797,0.8701656873528045,1.1829561022005604,1.3423648722403625,0.9847395988445075,1.052758962250394,1.1315228172995533,1.7175829598696883,0.9747337780124784,1.1646706803188376,1.3890219245930004,1.5732624301944087,1.4943592072060286,1.023254151447637,1.3523736270467166,0.7930150828543292,0.8856502454469873,1.2859921703792925,1.050378368172108,1.13832148612541,0.9718862245872614,0.9721146344817896,1.6619373738730991,1.1570380734050312,1.0381648089043893,1.0644630599736646,1.4730275610468606,1.6278067004435366,1.4041969084704793,1.7134658866136057,0.9180319064942144,0.757516197437689,1.2074982314072307,1.0981002333722623,0.9229970880661424,1.6395064450369572,1.0094992744553832,1.1961599733919293
Cambodia,1.2295933824063177,0.6529274714706788,1.6895416650484587,0.5766610943426583,0.2564545075888853,1.2488954596452597,1.5782814432856174,0.5983334660831785,0.6127059487379009,1.030699325378321,1.0,0.7196607444914872,0.3229822119820049,1.595527520249353,0.654927055709963,1.213765962284272,1.679848522642378,1.7501130396595799,0.5692698732344134,1.7468429986980143,0.5835795478341288,1.1329462602721734,1.1821754717323956,0.9428431208965922,1.9316345917823776,1.7578230288054453,0.40702817413468756,1.7120462342279055,0.6151987525685458,0.2834854304659875,1.152046765068016,0.7498858624450766,0.6580664207381867,0.3617656934951974,1.6369187009294621,1.8756506602523926,1.6662584046137359,1.8913944754897074,1.4704766361900576,0.5513507468406108,1.516142281471728,1.7566466327344437,1.4765129165433015,0.35151791010544975,0.9831913213808267,0.7942427639053005,0.7744586895705521,0.405291148103983,0.8806700757388738,0.5476135818036304,1.8416732894205452,1.3666916701891096,0.7407860733754139,0.9564149805451259,1.6878224111941758,1.4802007311781045,0.6697279452610329,0.8986564091810083,0.6622183561231157,0.6036217975355029,1.2393341429940166,0.7470985785273737,1.2137707447037438,0.5447313103533656,0.5550913683844225,1.7544058392396462,0.8833325447111552,0.42446704444467526,0.7778398480900955,1.5092698636491535,1.8096461363319523,1.4508942763318178,1.7648549409808847,0.5208173041952383,0.7672434595842377,1.1350690897053877,0.7132659287722237,0.36934746196792656,1.823031567127781,0.662885014303174,0.7592595719616084
Cameroon,1.174865584761623,0.985129358168854,1.39019061395844,0.7248356498835415,0.6647547993704901,1.5270261321218157,1.337448105478666,0.9170193422152277,0.7732180952469153,1.0852793980052085,0.7196607444914872,1.0,0.8003980136159345,1.6857001388657085,0.9913382257944631,1.4210942897861494,1.5733685898136893,1.6983055447619912,0.7383111989071293,1.5577615301438095,0.7788633926209487,1.0840840156117988,1.3696887024789268,1.1554100908916947,1.762170849096636,1.4973897314055897,0.7994135281397369,1.551108031998046,0.8970176533906927,0.6187108085550674,1.1788883813043356,0.7323546040921565,1.0675814343641719,0.9324361245687718,1.5291643850967422,1.6576510685029153,1.5714109304012467,1.6727543059749241,1.358741417773067,0.7108661134610748,1.6797633945389758,1.540986794956767,1.7043366057691092,0.7543189858209729,0.7597170980572905,1.0331661621973653,0.9067361394158973,0.6745121508324364,0.9138952478229297,0.7195922293912194,1.611632906312213,1.2038623533869124,0.8655481256732621,1.2107533976324607,1.5082573786716704,1.5985301029027725,1.0043054861809178,1.0992194719055302,0.8645742365622869,0.6057244628361628,0.985883249718522,1.0701488576783909,1.016732072198343,0.8446033818334138,0.9061499715851434,1.4811953018811423,0.7278575492040668,0.6444573345170631,0.820354050270356,1.1725676584718834,1.7357261962363066,1.1877155137503104,1.656285386748857,0.8224692305715341,0.9655182432349558,1.2033082686014072,0.9301030694744807,0.8061287743066736,1.5465344582932692,0.7959817033609892,1.0775705509667202
Canada,1.1547366691830012,0.6226969795889468,1.705063319423728,0.6614376136552763,0.3608206082806097,1.2178538455079553,1.574894440730827,0.5330895991890037,0.5770640011820373,0.9124565671860932,0.3229822119820049,0.8003980136159345,1.0,1.5683320639623974,0.5948233567540661,1.1246247003198464,1.6444593513538854,1.7236272200464735,0.6560854088836701,1.7441774814699795,0.6428021017063046,1.2193821878585693,1.130519656146837,0.9335550005234525,1.9281670520861502,1.761887736458257,0.4433375682679852,1.6797951646134832,0.723604569023733,0.45767032824021947,1.2496613449947507,0.82308708457813,0.6579365490573809,0.3707076979235797,1.5895165591358775,1.874721748312282,1.6852792128358596,1.8808887762378368,1.3413678834715357,0.6154500906970624,1.4353346153218667,1.735795319106487,1.4668491612510983,0.41736359334353756,0.9870979224507388,0.7771590684001652,0.7851939321201287,0.5460665956347968,0.9544207297399685,0.6572522118307003,1.8509553817712134,1.350269720302344,0.9049579534884744,0.9635253186756729,1.6849651328996087,1.482930752355761,0.7786907059265374,0.9671161305629129,0.6170003014825076,0.6695878239013642,1.2838464861769048,0.6981387483816331,1.1725025680075054,0.5491970445946293,0.5917042373343675,1.7759450894731201,0.929496635336254,0.5178936540072884,0.9122559727813571,1.528042402811448,1.800855100172267,1.4614360830784165,1.7756465299973327,0.5795574849089775,0.6660307855401808,1.0714533035886464,0.7793663606502368,0.4205324596449127,1.8105695435037659,0.6458781917024303,0.8022062734058559
Chile,1.2797113481306053,1.3294111843573386,1.7250295973387229,1.5403896521054272,1.5984906729569388,0.9454812852758253,1.7143020298709677,1.4699316237297388,1.5126084505796151,1.3823841459236443,1.595527520249353,1.6857001388657085,1.5683320639623974,1.0,1.3727617142264874,1.1595868117680297,1.2272627435151486,0.8777272401184641,1.7188719971597692,1.3788650389403294,1.568433220579328,1.2849495752478353,1.2295813302907388,1.096466023646071,1.380259003224337,1.6810096314879777,1.6431060036135205,1.6797248374557063,1.4607465417607675,1.7010290238111838,1.524801735209013,1.669943982057903,1.2645499339104858,1.4258202465714434,1.3172926874755777,1.432381585676252,1.7300610048243457,1.3551675838267017,1.2187589343098189,1.6765449070044796,1.1544805378508538,1.618704528969576,1.3027405563353476,1.5845126942996752,1.6548389144272577,1.3562417114727239,1.806100359467306,1.641728538933743,1.5026321123331758,1.7445004561839192,1.6813196046022805,1.2495731783764987,1.685503763651744,1.4360300690403454,1.3560812279342267,0.8382299646869512,1.34827248525058,1.717357496642132,1.3775679661056417,1.5435014450859872,1.7518797669951478,1.3382568047591412,1.5217683943938765,1.4425660849147857,1.469169144850102,1.5594537395437995,1.8289943607716819,1.689795422188369,1.518579111264063,1.816251971953069,0.9549694001471021,1.6865027357013447,1.237527266760497,1.5438355176862193,1.499229087056538,1.282024203529464,1.613312874469668,1.5419513066973807,1.6297787633252405,1.5788502849148804,1.548176244626866
China,0.8723976586505074,0.5688001083491111,1.8171585106832548,0.8954232666461561,0.6370070011116843,0.9617151392440069,1.555257450317526,0.35174780580618403,0.7507359160675603,0.9727789850515542,0.654927055709963,0.9913382257944631,0.5948233567540661,1.3727617142264874,1.0,0.7593331137902704,1.6546436752237605,1.644472775153298,0.879561096741603,1.7165102079498216,0.832104139248104,1.112242526043373,1.082693379974564,0.8437439550297668,1.9101993678701028,1.8535603456963452,0.6576083507890094,1.6455569771664051,0.8005316482689915,0.7556232728522925,1.3149390705391726,1.1303510162213273,0.5487525675017997,0.4879267018308223,1.5291634651322878,1.888611832452048,1.7843340504543235,1.8489463621590214,1.3072893615317314,0.9357277566566794,1.1990736810967106,1.8304361206482935,1.4073551979554284,0.566374210816987,1.0967457728678893,0.6530436971049312,1.0205014259366305,0.8671401713283313,1.0297966744452176,0.9474926891956033,1.9254666336355637,1.2763558635513257,1.1095438947549359,0.858568334727071,1.7267492276543583,1.1789602909250558,0.7116117462107764,1.0868066071194673,0.5626770581376436,0.7792054830534592,1.3928772818063861,0.5130217964008462,1.226089242310573,0.5566691393033409,0.8272906166340196,1.7884521046379946,1.2080316068599508,0.7569257721606751,1.1121391544678474,1.6688064081503176,1.6778107789828127,1.648833349743696,1.6604872120504288,0.7235297490996115,0.6607881746882971,0.8965902807213368,0.7807971911702508,0.706980819022198,1.8872088348929026,0.661997424823134,0.8048809521807176
Colombia,1.06331854722323,1.0080874579613082,1.8440300922788655,1.3959711184003805,1.2230388429730756,0.6626255060475832,1.4309496732528422,0.922583114483481,1.290533997407147,1.2804832546368266,1.213765962284272,1.4210942897861494,1.1246247003198464,1.1595868117680297,0.7593331137902704,1.0,1.5060685475572673,1.4351796861548012,1.370579704022671,1.6398799712039478,1.3291312258159698,1.3991285054343765,1.0234321025782076,1.172366266031745,1.7196639547386445,1.7703814731945513,1.150694596727666,1.452198725934212,1.2206156600545313,1.3010011535620367,1.5027987703376988,1.5849774779802217,0.964967636473547,1.0452486396265408,1.3755302348949847,1.7021194743136345,1.6911696216278038,1.6605640209129542,1.0971478598047595,1.4470546991826456,0.7828971880765866,1.7632307340865132,1.2223883213228246,1.1569957879546604,1.514025658597953,1.022422837834669,1.3415037419020845,1.434380667962133,1.3524473353905457,1.422744156316166,1.772353732400162,1.436494075838001,1.5707367861985526,1.1325762722483845,1.665378871976136,0.9776601088384521,1.2453293004884016,1.2883878689917372,1.14000873256213,1.339905071916735,1.7241361993890303,0.9423087800941671,1.5603685852074882,1.1533575216053682,1.3314742736697436,1.7306198318253068,1.6431758057585382,1.2995830715539085,1.4937989289408906,1.7735757160825716,1.314833499550649,1.810407534331998,1.5132795098052985,1.3044546422936278,1.1008316528214568,0.9531549295802033,1.2914242763843908,1.2869145659356855,1.780304017373844,1.0925962941011693,1.2014999886479087
Costa Rica,1.4703513032614803,1.612642955030658,1.1194387056847728,1.5823150527314023,1.6627975148162815,1.54777300394096,1.379439416260055,1.6936580006468616,1.4548996280669009,1.4251168865371195,1.679848522642378,1.5733685898136893,1.6444593513538854,1.2272627435151486,1.6546436752237605,1.5060685475572673,1.0,0.6691698437029032,1.6533991703278983,0.820246809196,1.6514553266654004,1.3208127213651648,1.4852502911899328,1.3030112604039166,1.0677069985725454,1.010245677837414,1.6595127306204782,1.3649024903316398,1.600810595529108,1.687336375753671,1.2918886147813222,1.4296653486676607,1.6866494422668354,1.644525024228161,0.8055953611987579,0.8406385826329335,1.39843441693843,0.8670277213539278,1.2208243555892513,1.6332291225570885,1.327906533579583,1.23491894877829,1.3520581082601362,1.7004810068340617,1.5338718376868403,1.4257315848203,1.6157164519935143,1.6313747789880542,1.3858773512485636,1.722380886517664,1.1451985080228813,1.0934841572973202,1.5835861467438328,1.5363378211805931,0.6775324443166432,1.2622380368593462,1.7071837628557618,1.678491854641691,1.5056141524053024,1.6229231662645713,1.4367702127312965,1.5436707700797379,1.3190978600768235,1.698815784992073,1.6673499342828424,1.0449831927245967,1.65245735283407,1.6256668062458364,1.5214086441510157,1.204719960381908,1.1497692021895756,1.0546010092147722,1.1406068653940888,1.670173563484724,1.5316200058891665,1.5802210281004094,1.6999467577314573,1.6278113489347987,1.128079287698422,1.4369568007031497,1.5345105917950583
Croatia,1.500076261814804,1.549415385157129,1.3212936791548393,1.6775566761222793,1.7330298057731919,1.312645050937482,1.515660537947748,1.7001886022475932,1.5537658401419616,1.5051189226440393,1.7501130396595799,1.6983055447619912,1.7236272200464735,0.8777272401184641,1.644472775153298,1.4351796861548012,0.6691698437029032,1.0,1.8177357176104063,1.0389859712548088,1.6543955649643267,1.3567987325736652,1.281195049655891,1.3146025570315154,0.9590985659825246,1.275586434721653,1.7998076827150333,1.4838223983379901,1.6246957861308442,1.801807415401657,1.4381272647200378,1.6054544344414123,1.5671187299007587,1.6615923889140276,1.0731646524581062,1.0194467993663723,1.5436680367281983,0.9260935691722737,1.1470555993975304,1.7448078979693176,1.2887934965326706,1.3856376250849192,1.340641954956752,1.7597052614988982,1.684498023549337,1.3916980435585746,1.771142182787804,1.7262804069512911,1.4290369642272391,1.8428403890732548,1.3085234896543874,1.1761523227352035,1.6210533280650856,1.563022029794934,1.0161824680086897,0.9652939929870914,1.632974474740819,1.7991522654317016,1.5321384990612783,1.69739259527305,1.5885839741250278,1.5005001835667455,1.4393949684027747,1.6889672193987835,1.6403949217240221,1.2820521518934562,1.8376633695085653,1.7676411894167878,1.5792405207201354,1.4891709261746642,0.9672669835815795,1.3116246026903269,0.9854037504967381,1.7088081710646041,1.5800106041145252,1.540137561840207,1.7986200151741085,1.6751065143520962,1.2705336441748558,1.6210258922448386,1.6148252282393494
Czech Republic,1.2729018257163442,0.9758000334029786,1.4380568812856163,0.552649020065698,0.5079803381432649,1.5300321993595163,1.548528374280131,0.8141991216660321,0.7531442274899849,1.13032452077901,0.5692698732344134,0.7383111989071293,0.6560854088836701,1.7188719971597692,0.879561096741603,1.370579704022671,1.6533991703278983,1.8177357176104063,1.0,1.5180498360363721,0.7105507443140596,1.098149163683915,1.4279385147396875,1.0948186908279978,1.8528474671434707,1.5707819373687777,0.485061286047728,1.5786335187481797,0.8525188001010544,0.38174637225010905,1.0083368089882745,0.6229171839092333,0.9800003416653477,0.6833604495762203,1.5314690599232494,1.748724684590082,1.5712209471843013,1.8192667548319141,1.626264751629284,0.5390982790024179,1.5887975303453692,1.6420688476391956,1.576306707897626,0.4459208845417166,0.8851912899454099,0.9358995667488755,0.7886448476345963,0.5334654989867769,1.0907504613864356,0.36896013441491765,1.6837389396207287,1.4311626506573223,0.8245325746434151,0.9493886408865119,1.5357497469635155,1.566057465553393,0.8764310301042304,0.9322762978966841,0.8659321775068827,0.5955992871863672,1.0663126625770645,0.9417169889572924,1.1330560438806507,0.7066056199615495,0.7134024788965633,1.5295180794071304,0.6663571020031209,0.4035585598750729,0.941268422366327,1.2846787398841641,1.831814398328889,1.219249705947935,1.5987024760539092,0.7283771635196968,0.979618969331715,1.1947471707528654,0.6353142260836633,0.5986313329693693,1.665179062250084,0.7885776928440331,0.9129437994703002
Denmark,1.48666693508731,1.7490266101488336,0.7718469332484077,1.5611064571522355,1.6912175634565187,1.784779328086856,1.3913682880113434,1.7234688644339478,1.583271346320121,1.6388855537736002,1.7468429986980143,1.5577615301438095,1.7441774814699795,1.3788650389403294,1.7165102079498216,1.6398799712039478,0.820246809196,1.0389859712548088,1.5180498360363721,1.0,1.6939291966964427,1.2668532598585829,1.6802312940988964,1.5047114121642169,0.9003167467505624,0.8271876613329692,1.66569022704008,1.1539389406341258,1.7109690808321476,1.6609343606073592,1.1905644977889982,1.453676860650798,1.7918558913039369,1.7384513739427623,0.9018684060368528,0.7107173545940462,1.2359994920405486,0.8476798489498845,1.4423702493558517,1.6197833792783993,1.4586084351102977,1.0426219434324533,1.5532337611175198,1.6710523874433882,1.5191188647492058,1.514984098282452,1.6448155563056237,1.6751539177664254,1.5550156784563303,1.6198514007504141,0.9509412980732844,1.3174325931689732,1.6175049337886622,1.4330245548956795,0.584800697879752,1.3527408631900883,1.7346421550645743,1.6732569372837516,1.6490848029283645,1.5761920611323352,1.294883254008854,1.6607647635755012,1.233160614074877,1.6989903646703797,1.6995671887849315,0.7657687392908177,1.4873942824486086,1.6298125435360888,1.638207709735178,1.0381428654174807,1.149804313054104,0.8152445170499498,0.8148932484060217,1.7473344338531436,1.723908303582683,1.5685445403198777,1.6117503403557347,1.70084618928773,0.9086291579618507,1.595915962398177,1.6838061357386263
Ecuador,1.2691318472127568,0.7052914410018734,1.5461898028479661,0.643563550563151,0.5066573716348597,1.348291141924987,1.619109949151617,0.8326985444646542,0.5330995266360233,1.014356656854431,0.5835795478341288,0.7788633926209487,0.6428021017063046,1.568433220579328,0.832104139248104,1.3291312258159698,1.6514553266654004,1.6543955649643267,0.7105507443140596,1.6939291966964427,1.0,1.1014854651481611,1.2938282725371288,0.9079764131847674,1.8511018019498273,1.707828000270508,0.7235199792574425,1.7317345135110123,0.7751904549276875,0.6028041064527458,1.1700068394679979,0.6725045231777074,0.7552742561534467,0.6151398936621942,1.6084857568303532,1.8423684411156633,1.6480686248945091,1.8173739735873506,1.507421761116244,0.5415166761146212,1.5654048684682758,1.7514873839698295,1.4869206000158672,0.5477264213308932,0.8732318441527831,0.7635627162635485,0.9404134749043691,0.5408248337911844,1.0486827776844379,0.6656129418828538,1.7837646925720079,1.330989433564756,0.679352482084068,1.1076395706975648,1.6652093104419758,1.4070330780147655,0.7324731547153874,1.2001797669736545,0.6328017357939373,0.645145101350219,1.0970728954421909,0.8563732829927897,1.1537030355481255,0.6908173148769378,0.5193794561173012,1.69833973128791,0.9180648970998544,0.524009053546244,0.7199110627060081,1.438163595051511,1.8196210806879778,1.3405594956259843,1.6189286763241462,0.6232502610948242,0.7876993968200375,1.1499334269427954,0.8430119150969173,0.4743277854558627,1.7296362784633084,0.789570304023738,0.8379109643575224
"Egypt, Arab Rep.",1.0023757720477608,1.2438613924165332,1.4199294423887825,0.9075380743973568,1.0455415724335493,1.4983854180873462,1.5345728261926193,1.1558429279462459,1.0235044047091304,1.2899865266614146,1.1329462602721734,1.0840840156117988,1.2193821878585693,1.2849495752478353,1.112242526043373,1.3991285054343765,1.3208127213651648,1.3567987325736652,1.098149163683915,1.2668532598585829,1.1014854651481611,1.0,1.4387875277991868,0.9710753540714985,1.567087655468556,1.5196765924472966,1.1560270139978872,1.685710303559705,1.1428093754987632,1.1138740804155696,0.8857593059427032,1.0163592577433673,1.1638231103507521,1.1319524666409573,1.2442815152414457,1.4761180038538606,1.6671431837481911,1.4171667725984431,1.3904473283216336,1.0516630669115759,1.5500333310101446,1.4830468349362746,1.5097629828455885,1.0716486191373946,1.0404272141418822,1.031013574851037,1.314613732247032,1.0693327836061866,1.057094186008232,1.209188502842261,1.662707316875645,0.8545729534132319,1.0464432564448163,1.0944740780154785,1.1310074046912384,1.1011418817540402,0.9185694891044976,1.5664996087809864,0.9231897741466843,0.9589437346299197,1.1157880579833934,0.98145427034212,0.9409409530310289,0.9448370741237594,1.1218354858736441,1.3448980432161761,1.1893571225774842,1.037398891743721,1.2156004355477557,1.3946253316200392,1.5910166795456122,1.2990870932066747,1.2687549654226986,1.022608644089609,1.3096442785218994,1.087687130999108,1.0624217503879043,1.0898294375512374,1.5836135485049114,1.054530890516613,1.096498759999406
El Salvador,1.4443101987053215,0.9391853323514121,1.779378426211196,1.4410667819915695,1.2361703651851426,0.7519269866950753,1.444585727346876,1.0512711050323789,1.2451066914105797,1.3834311432760218,1.1821754717323956,1.3696887024789268,1.130519656146837,1.2295813302907388,1.082693379974564,1.0234321025782076,1.4852502911899328,1.281195049655891,1.4279385147396875,1.6802312940988964,1.2938282725371288,1.4387875277991868,1.0,1.2832533773463808,1.6247019933935702,1.7450080660808307,1.260015985156962,1.5773466955925544,1.1525223101515298,1.2506141241546849,1.335279613938014,1.4690604270154546,0.8658681017366386,1.1007105418686671,1.5324662082770804,1.6570698739580285,1.6606903868797576,1.6530677679391441,1.0287489149241376,1.3521298907331085,1.1633228942773761,1.676169572124607,1.2835611495569332,1.1892609544480832,1.6340720540977078,0.9878941717491666,1.1989261505505064,1.2859469600331137,1.3229066986988895,1.3965085659623664,1.7499415826312672,1.5572037275656756,1.2964281877198602,1.060834928010747,1.6999731200454395,1.2349895364747108,1.1395323513818887,1.2776127128247246,1.1783368480932381,1.3527553959164988,1.5159421539584197,0.9200436574451951,1.6119789112258773,1.0816431326207419,1.1444064626094426,1.7703085303811523,1.5907519511643555,1.3679517853536114,1.4491359996614344,1.7405591065888033,1.5199664616522481,1.6945334519457236,1.416259859419749,1.2083597898560974,1.0667285216822746,1.1921467213252679,1.324361770362049,1.1820095117536704,1.7705974764008525,1.252930049774365,1.1820929143937509
Estonia,1.058254833783231,0.7787841894721184,1.6918599706656035,0.9162900480708254,0.9446717251382352,1.153757100707468,1.7429963431068811,0.9498084101568323,0.7122502422549696,0.9649079849546652,0.9428431208965922,1.1554100908916947,0.9335550005234525,1.096466023646071,0.8437439550297668,1.172366266031745,1.3030112604039166,1.3146025570315154,1.0948186908279978,1.5047114121642169,0.9079764131847674,0.9710753540714985,1.2832533773463808,1.0,1.7723077479682798,1.7458880244523305,1.036334671799303,1.8219672687536432,0.8117764476362515,1.060924914518461,1.227149364864492,1.0109344493592294,0.8547594373721517,0.7697042967525387,1.3334331803915056,1.7445787394496741,1.800164795300657,1.6922777736560184,1.4147707785060553,1.035054772762225,1.3986629142584714,1.7909501019155967,1.3406150149663627,0.9193659715943352,1.0824727893855708,0.7767497448099336,1.2649733274326878,0.9432409501825637,1.1116674697396987,1.2042905930031702,1.866212897171431,1.0372734690851204,1.0989642292584,1.1225851334551724,1.468469093158945,1.057511393766203,0.8610309144124657,1.303082579612457,0.6420901815492063,0.9433568983314021,1.377966849399614,0.8135091036652534,1.1172599627367794,0.871923115252641,0.9036685813970283,1.665342257175813,1.3119701445648149,0.9966554744344921,1.0131879736855798,1.6273788576205805,1.6023994754063806,1.4604582057899251,1.5655428235498674,0.8969347486924055,0.8471335037013739,1.1537215609709106,1.0517930032809941,0.8323274572193075,1.8005702977814007,0.8594695203689168,0.8882674067291731
Finland,1.6357468833133453,1.906720393182508,0.8508803354282976,1.8300213756910952,1.9189818667173013,1.7036314324979405,1.1653560096235254,1.8813858944105362,1.8425724115579603,1.7660796312344325,1.9316345917823776,1.762170849096636,1.9281670520861502,1.380259003224337,1.9101993678701028,1.7196639547386445,1.0677069985725454,0.9590985659825246,1.8528474671434707,0.9003167467505624,1.8511018019498273,1.567087655468556,1.6247019933935702,1.7723077479682798,1.0,0.7543456480804054,1.9328710020116968,0.9827058834779047,1.883147834524341,1.8982283787147487,1.545985650345545,1.7413570352291026,1.9101296122140166,1.9533769418728226,1.1672783510336904,0.6222125358711179,0.9995684932759732,0.5283943409547861,1.3593743380412175,1.857171051615916,1.481641657298352,0.7724864507012207,1.3728800591937043,1.9171880556511849,1.6654194125555628,1.781221834912817,1.7562423870642452,1.881606450783471,1.6207965227877852,1.8508661310315981,0.6624549463283272,1.396554918388119,1.726366561233685,1.7460033750530808,0.9845569866176779,1.4002578228382399,1.871969618069923,1.7273653271350766,1.8699052746456968,1.8650156226421606,1.4508494489774926,1.844103919479095,1.421060788166614,1.8896616418275836,1.893286568677171,0.8805188082491103,1.679626793796404,1.892432123019435,1.7943924305310954,1.1097399067364722,0.9515747390616227,1.1706512895119943,0.9087789451865692,1.8924475558971978,1.8499325692533273,1.7290085905744588,1.8782057054305683,1.9223057244258195,0.6290100404022164,1.8573661884936428,1.7994545749777167
