Country Name,Albania,Angola,Australia,Azerbaijan,Bangladesh,Belarus,Belgium,Bolivia,Brazil,Bulgaria,Cambodia,Cameroon,Canada,Chile,China,Colombia,Costa Rica,Croatia,Czech Republic,Denmark,Ecuador,"Egypt, Arab Rep.",El Salvador,Estonia,Finland,France,Georgia,Germany,Ghana,Guatemala,Honduras,Hungary,India,Indonesia,Israel,Italy,Jamaica,Japan,Jordan,Kazakhstan,Kenya,"Korea, Rep.",Kyrgyz Republic,Latvia,Lithuania,Malaysia,Mexico,Mongolia,Morocco,Nepal,Netherlands,New Zealand,Nigeria,North Macedonia,Norway,Oman,Pakistan,Panama,Paraguay,Peru,Philippines,Poland,Portugal,Romania,Russian Federation,Saudi Arabia,Senegal,Slovak Republic,South Africa,Spain,Sri Lanka,Sweden,Switzerland,Tanzania,Thailand,Tunisia,Turkey,Ukraine,United Kingdom,United States,Uruguay
Albania,1.0,1.0472754020429753,0.8805727340700595,2.0157232737858553,1.1863074700844372,0.9958034977765549,0.8513348546226727,0.9219046770681582,1.004119472352226,0.7300294002979855,1.2352424941961146,0.9193968811072654,1.2348872172780336,0.9798841544158672,0.9570525798892215,0.9431161343810075,1.1767401302916967,1.1206027403780991,1.1355439801802545,0.8476319809530863,0.9978819385235855,0.8187621419077402,1.0799530765593193,0.7513482810277651,0.9945940813545988,1.0983620839960324,1.1613339447624083,0.8658050531129781,1.3004555208136672,1.290299688045994,1.2889869815359627,0.9839566879449652,1.097645157480821,1.1250811414605528,0.8974818308907756,1.0640494979609838,1.7568124452680711,0.962236328184227,1.847320769645335,1.6404449608592773,0.9181557737951096,0.88574433985097,1.06579431082959,1.0349282014071575,0.5740986841920144,0.9407848290459995,1.0018211694057244,1.6816109869163371,0.8107144436922928,2.157787183852741,1.3521399180252078,0.5880504786558882,1.7758975588089676,0.9117069149188196,0.8048838219416189,0.8749588823882435,1.0344768703478056,1.266793709327449,0.9241831877174439,1.0853066970361454,0.7555662567273993,0.8967765838140035,0.8280738263254883,0.9276729703549029,1.0084657881780612,1.103705946209469,2.013236196495373,1.0421074045023442,0.7877003688016331,0.8181355808870441,0.9116632707993755,0.8214722771377798,0.8203839183020492,1.4383170340088003,0.7604063275038033,0.9307393913789365,0.8838531724592216,1.2857892973970386,0.9069508864823426,0.8337708381194252,1.127549443503245
Angola,1.0472754020429753,1.0,2.312660172084466,1.1671519669657988,1.3346410075400192,1.5029604603960813,2.217577406760187,0.9688040089434977,1.4146215504836959,1.0164481848090625,0.9979248469556978,1.7011262337274276,1.3512893967923578,1.742995474853337,1.5975095237240822,1.441226493326021,2.1612188678615296,2.5554486141174473,1.475170427042688,2.394107088833,1.2630462487451888,1.7656308598065098,1.554709509716321,1.1641979180657978,2.6862815811065173,2.5866186459184193,1.0077135047086985,2.380756400762635,1.0319575278574926,1.263132667200848,1.421632805298961,1.8380722652201555,1.3336944117323455,1.3750125948451324,2.1576777393447246,2.721440137902757,3.179927609547992,2.43710217563376,2.6921188125891318,1.5121039264729559,2.2048601959531853,2.4882625044624,1.7591606868125116,1.235778411525349,1.1958396438567498,1.3785847004686258,1.877881583748675,1.385297400687435,1.631515143015356,1.5380611461681366,3.1848764357861055,1.018037803762393,1.6041394561087376,1.6422240063482518,2.228289872276999,1.254571133302139,1.5581395256338608,1.8421584541714702,1.003378858854485,1.2213371664401194,2.022695189855024,1.4855216685946535,1.466649755010192,1.4332117766719308,1.6474074735371704,2.5904758524990865,1.924741099256782,1.5193769593342181,2.000427827404194,2.2235487684956587,2.4970691481370535,2.28216322461013,2.15321824657326,1.125410130075138,1.4602037935421275,1.9134680481219344,1.6654958889098321,1.1486843095107007,2.323158979730696,2.0011758772322263,1.175077462422436
Australia,0.8805727340700595,2.312660172084466,1.0,3.2808015985164434,1.2246808523586594,1.3292854322503715,0.3735769508671615,1.4977489715297394,1.0739626308979455,0.9786631487731994,2.831186884010433,0.8265192764101329,1.2806407122134544,1.1917510258001998,0.9118037048621709,1.7488378429199198,0.7344719794984036,1.2182024304071613,1.1195299622294792,0.30432723830899333,1.0825940587972265,0.5212967655917067,1.0445896040105145,0.8674338097433122,0.5514890342140012,0.37523652109791306,3.382526884058118,0.39073113114450825,2.1494198031412783,1.9731216258842255,1.2236415248721892,0.7406674014223428,1.1204127720013162,1.3246710946662734,0.5127932711350324,0.45751968306125756,1.4019937335008186,0.4050699816278872,2.5836233742568746,3.089901998177467,0.9804025676049908,0.37160131434120813,1.1095813796677563,1.1526062067398377,0.6520251892825644,1.2476690089277958,0.8250981669774576,3.3485150445845466,0.8039494628971351,2.9519319565447764,0.5655040269383992,0.7341020977639079,1.9801777600566317,0.5969596108524484,0.24173398222980857,1.2821927471700136,0.9270154988847008,0.8647975178257477,1.5324767906393053,1.2764348474436877,0.5590452047491802,0.8564213415295387,0.653933971678239,0.958395406072383,0.8972315425943647,0.4860425466692301,1.65274660498294,1.0652066477214968,0.6420122898275598,0.2364699893410447,0.8007512793866539,0.27264635356005706,0.3731952336372835,2.194108949989359,0.6809854811228929,0.7304797220426873,0.7774863163872098,2.281032425608472,0.30223189974463227,0.5153759378016749,1.4981304768958126
Azerbaijan,2.0157232737858553,1.1671519669657988,3.2808015985164434,1.0,1.4999239958800017,2.1424416080889923,3.249638629507773,1.2367940076264312,1.57469025369726,1.6090564630095219,1.04409301649618,1.9270511201151477,1.5617624277121764,2.4583472701185825,2.100099938556159,1.94539774916065,2.853136277834174,3.055575168467226,1.5496949709596153,3.368805906578059,1.2838895536747443,2.677356463438154,2.2796846716015677,1.771636728181797,3.661229835800294,3.5822896800385386,1.0985667303404765,3.5723699187685924,1.3558320363088372,1.2597613269241401,1.7339674667033644,2.018289928208101,1.7549203796182837,1.5750160545184868,3.265325954325404,3.5766123755376573,3.482868543705287,3.4589219848840584,2.921077325153415,0.8842101566477444,3.086708583275078,3.5048984125628375,2.606553374378806,1.5390979913668572,1.6078417183290314,1.9018934729817918,2.2533876426156687,0.8134903816869905,2.0482382496204234,1.1849569319792068,3.893241022364559,1.8911707214653872,1.2756266094444713,2.1277427449675614,3.2614489841842653,2.3179207022157766,1.9711141365819471,2.368268260771727,1.1303865395985364,1.463526913470287,2.5331766802258757,1.9667578708024294,2.1255270816575966,1.7316590367928768,1.8030014038408593,3.615202265616661,1.7630107940663922,1.7970516670957961,2.4805397578704875,3.1228389388852076,3.7129023269653367,3.091878502590695,3.321789405979566,1.1375443065070785,1.9580935668436399,2.5824142118393647,1.9971121525176208,0.8626308097706821,3.460322385792908,2.6895725112128566,1.3112448787662698
Bangladesh,1.1863074700844372,1.3346410075400192,1.2246808523586594,1.4999239958800017,1.0,0.958238628184704,1.3582610218920212,0.6708596622444802,0.38432916959374525,0.8627836210345512,1.0886598169339687,0.4820439474828922,0.3026829196530802,1.4157756140361035,0.4755146372938658,1.1223282382567281,1.3416744738468136,1.9291472428397525,0.4689814752354377,1.298017473622175,0.5871537965073363,0.6557318337779646,1.19778391435016,0.6694927561707387,1.8724218600483815,1.4725842304531749,1.9018773750353586,1.505702337153336,1.476390719697683,0.730953596801605,1.2856042854957335,0.44475697932940883,0.35114177401880114,0.29289593078602594,1.3724222941025785,1.6740461986389414,2.1056995821232474,1.593535054159601,3.0334530228267855,1.6700586686473198,1.1006657884153,1.3327416289696998,1.6295493183486114,0.3096429738822644,0.65413271434387,0.6425079491424581,0.7122416998586534,1.5314534755085836,0.5991722976927932,1.7475746280896347,1.8395988503802492,1.2069799141295927,1.1255331928741223,0.645809873093362,1.2277581772613004,1.480008980145102,0.34152907787651954,1.0225602037547912,0.6050657363901168,0.409473402130636,0.8464949529371375,0.4873549854693571,0.6744645667338935,0.33061267145486756,0.2963887198036792,1.683258456245121,1.166982570859439,0.24331585628101227,0.5979679996909388,1.1276023018624357,1.742838657311414,0.9992919961852502,1.34889895011381,1.0900490054655745,0.47011162221939584,0.6075413039126255,0.48272939350480987,0.8061009270531576,1.441921932044684,0.6938625326843383,0.8537232136134579
Belarus,0.9958034977765549,1.5029604603960813,1.3292854322503715,2.1424416080889923,0.958238628184704,1.0,1.15476433396246,0.7551504919796299,0.9898086074470811,1.2808379461027215,1.4836172793480795,1.136731741038362,0.9779141675815872,0.5097709868581439,0.7573612495748372,0.8922422110659219,1.0436832056081802,0.8522674564009113,1.033965967830968,1.2435830747949435,1.189032562765535,1.058044699454017,0.8021070040565176,0.9673266471184572,1.1676469375263916,1.4030202624559722,2.0321441213394107,1.2282393728181307,1.865125118598216,1.5068325128061661,1.646515438137403,1.3380735977420062,0.8487905195087238,0.887783610815309,1.0240542454950798,1.1934312589539844,1.7004750447819281,1.1092691385126383,2.0518251554125917,2.135225473341486,0.8484919782858427,1.2640150440146827,1.4104877188206726,0.8342102606377217,1.1897629121754638,0.8548418411121499,1.1771362842269464,2.236710632979838,0.8595432685857152,2.537462235700565,1.5281684022751556,1.0767887041341535,1.6213994628125716,0.7393984351074689,1.2033043829716468,0.8333969073764013,0.9880174060536395,1.0854669736552462,1.3442634826147442,0.9354320911177616,1.2513012216274426,0.8187813965085182,0.9922689713967507,0.8766439010469537,1.0386331115615488,1.31330077816254,2.1594804221170643,1.0303212443480876,1.2257105543731766,1.3375299878817182,1.211275738575441,1.448171061739092,1.1023050054767143,1.4858947814832515,0.7848549148714815,0.8518769309429064,0.804790927621302,1.6247819180437808,1.0685533606827764,1.145463840562352,1.2178774827399228
Belgium,0.8513348546226727,2.217577406760187,0.3735769508671615,3.249638629507773,1.3582610218920212,1.15476433396246,1.0,1.3010401284028181,0.9738908853620456,0.8318275478771552,2.470583784062662,0.7681508605560716,1.3745685651199167,1.0424005166363401,0.6689238089836053,1.6576024236244982,0.6402833104750906,1.1761216141169064,1.0974954222563145,0.3003751803097945,1.0471538245864658,0.5516591310297942,0.8761597389382192,0.9525750987422419,0.84443486516632,0.48111638008471724,3.2924399149501204,0.2527308945813572,1.99225357082589,1.9469853936694672,1.164158868258273,0.779508324141649,1.032634398226048,1.2595165771570045,0.2985445370655196,0.7024764932962226,1.1507299163905793,0.5411408233982221,2.3631939490537204,2.802875729922089,0.7391137269850422,0.4009316124174331,0.85464337757564,1.2815523168285268,0.776632853984575,1.1047178988141189,0.7732345708024865,2.9638456356622274,0.7909259275021354,3.039285474815257,0.7805091609786124,0.8666586156957379,1.7316567639812168,0.6255684836265535,0.27175800232867864,1.2266118755610582,0.8587491622864968,0.8218184253122848,1.4349474207257522,1.0380975488171602,0.49276200375616475,0.8533304361312553,0.8118890467572981,0.8506691762650088,0.9356779063667406,0.4561897626607837,1.5234081854871977,1.1094994858856757,0.479972116541565,0.3445876766865258,0.8179183885542172,0.3636554286027202,0.2720319158940223,1.9599806860645586,0.6748614866550308,0.48046439638206767,0.8342229774233189,2.1597072676481908,0.4531582235414344,0.4977656677014162,1.3429533158547398
Bolivia,0.9219046770681582,0.9688040089434977,1.4977489715297394,1.2367940076264312,0.6708596622444802,0.7551504919796299,1.3010401284028181,1.0,0.7113507075634579,0.8421568147889222,0.834085387725715,0.9003557709973551,0.7029183797501726,0.9812299323227165,0.7488342553605352,0.8797115753951747,1.3188703991859136,1.5806769167549748,0.6873957751304602,1.4840970044706892,0.9204307289083034,0.9559667534394045,0.8757540112809806,0.7734594625916064,1.953065658167901,1.8718013534184854,1.3560725446701236,1.517377109295488,1.3322471343322004,0.9681801655580028,1.4274379564416393,0.925732213559323,0.7411481845379411,0.7143973175334268,1.2170438934485586,1.7936791386364006,2.2413086285469523,1.500271728984424,2.3998663716808153,1.4133922291600494,1.2351563577815916,1.660325829083622,1.7052059821521757,0.6800873359916084,0.7070764600241373,0.7037536712686173,1.112864933220408,1.3426604204028414,0.9056412420287394,1.5520646502497044,2.342378774710139,1.0433467695390857,1.2655213139712655,0.7916579325543946,1.380070689765708,1.02140595293362,0.7819141319207239,1.1192635292008846,0.700986062957688,0.622863812038641,0.9679313265906542,0.7171143608189727,0.8323469515588544,0.6952239506139888,0.7804760360249658,1.8299667218633604,1.7081744515092847,0.8236874742185594,1.0117041521477446,1.4294243624150085,1.6234456843972835,1.2769299236627836,1.321587449132988,1.060384937676457,0.7175852954163313,0.9173423253160559,0.7175871275424726,0.8896049951282443,1.5000950186049318,1.0238811976521351,0.7711363664221704
Brazil,1.004119472352226,1.4146215504836959,1.0739626308979455,1.57469025369726,0.38432916959374525,0.9898086074470811,0.9738908853620456,0.7113507075634579,1.0,0.769108604063476,1.1620914933316655,0.46724991385824616,0.393079592911724,1.297138734399137,0.5605266095065166,1.111048292470095,1.2446980093538502,1.6504001215607536,0.6286304208567242,1.1000723656874865,0.6784059089323251,0.6877784119310245,1.0522943638659594,0.5683008030054757,1.6564364568050274,1.3725587678106004,1.8089987780070538,1.1846732866924656,1.369539528414038,0.7616422479507057,1.2114421143478955,0.5205837710765698,0.4792538869492628,0.4020041654437923,1.083945944517822,1.540741947788213,2.211859791247269,1.3904702969156721,2.940633095162068,1.621697179599165,1.1084566185473665,1.2297173223345481,1.4228290884196944,0.47159603883288453,0.6319311065147579,0.5975673629877415,0.68221838851906,1.6164871880427152,0.5369385911247359,1.8291495713927552,1.8724488202374865,1.043850912511345,1.123020545604903,0.6461197611783376,0.9643701914438991,1.3248022910485102,0.49852093530466945,1.0556375456468403,0.6197814310806954,0.4751428775216323,0.7157066992319704,0.4595709553012839,0.5745600821922878,0.4386701361979006,0.41930677108086895,1.4413090173236063,1.2488285924814937,0.4348371818001841,0.549799609923407,0.9845199818628172,1.4888291054534373,0.8930417654865053,1.0792255997287472,1.0380978047396991,0.45536141572996713,0.7108895717769255,0.5415113216530356,0.8977429102937131,1.2768297081802196,0.7187282553056981,0.7639962244983929
Bulgaria,0.7300294002979855,1.0164481848090625,0.9786631487731994,1.6090564630095219,0.8627836210345512,1.2808379461027215,0.8318275478771552,0.8421568147889222,0.769108604063476,1.0,1.0796006267522913,0.8343429521356533,0.7379622218153988,1.2674039286660386,0.7525249910665314,1.192035269839556,1.127203516660745,1.549287207602389,0.9077534073792566,0.9729000282328797,0.85051370750862,0.8238592316509619,0.9499609899057744,0.4869263122850462,1.4590516807307656,1.1305182400753546,1.5038099041922557,1.0181672916257822,1.1652729354206324,1.0441387388722927,1.0318257358111407,0.8537608946252473,0.6855245126267132,0.666863637294907,0.9477510698138043,1.3826125265407074,1.901607564856536,1.2503578431413345,2.584809985083369,1.1737051798470581,1.2037115358123884,1.0290709625670456,1.1666041883616758,0.7826316501668733,0.6603647874979874,0.8600650653678479,0.7556638269968333,1.385169926906208,0.7682598794588924,1.948920175156473,1.5677523544740324,0.6783257862355279,1.1422358976464186,0.8457147646481427,0.869145334160353,1.1246706297209272,0.7010343861312552,1.1257967304447778,0.7962172505886027,0.8734008375610026,0.8183123620889967,0.730753295730951,0.7506457394996806,0.6766596983070794,0.7245021066191488,1.0052317419650838,1.6229009658149094,0.8300070356623193,0.7063152196133262,0.8456833169584586,1.3067410771770072,0.7866098033286182,0.9947625156591958,1.0888420651410486,0.7840350277257325,0.9314166004104589,0.8324127979189547,0.8791530972103958,1.14073501202198,0.8355596898578621,0.810443671535394
Cambodia,1.2352424941961146,0.9979248469556978,2.831186884010433,1.04409301649618,1.0886598169339687,1.4836172793480795,2.470583784062662,0.834085387725715,1.1620914933316655,1.0796006267522913,1.0,1.4355184134944845,1.2533588580100679,1.8232904180764682,1.4984972082178334,1.4198823958502176,2.289123574131755,2.396386713041554,1.158525937571288,2.732127390743395,0.7318633398219754,1.8346772909895839,1.3674965713987846,1.0819984209052147,3.2738753036339747,3.0888983640652357,0.8828963413801791,2.809728981023852,1.2588278117590876,0.6962060743297261,1.7198626251925748,1.570138870846741,1.2290652781959979,1.115734067668391,2.48329861291809,3.1996744576520904,2.868411283814049,2.9307645091082493,2.9547962331605913,0.9427782341140223,2.3550631840191416,3.0237053605449105,1.852959719932154,1.0548881038658517,1.12112658392699,1.2291872332287257,1.7522156536785585,0.7937008732868005,1.448976014387083,1.0716371109025369,3.465074349475356,1.3117102119209367,1.3881907520699024,1.3737376573747437,2.415335199523069,1.5788794643686284,1.39610810255942,1.769596589112542,0.7877708831161393,0.8695975138179847,1.933059989218028,1.2829268156446594,1.6640038202227143,1.2084320773062966,1.1933425689382497,3.220718574602728,1.3851092935815164,1.3888556603813478,1.7969472184371096,2.6299930347541727,3.0305681169240772,2.540231865048931,2.5092984962294844,0.5461948556161624,1.4791006447408692,1.7427067019707065,1.3257552509676154,0.5756187309037046,2.875683404926889,1.9065914331668716,1.0872647146209127
Cameroon,0.9193968811072654,1.7011262337274276,0.8265192764101329,1.9270511201151477,0.4820439474828922,1.136731741038362,0.7681508605560716,0.9003557709973551,0.46724991385824616,0.8343429521356533,1.4355184134944845,1.0,0.5536927638579943,1.321553672175684,0.6435338245651985,1.1623079772748497,1.057216146034708,1.5324826125979303,0.5577912277643491,0.7616799326329288,0.6033165716960103,0.5348824798443577,0.8434947728641037,0.675705987449713,1.326864254543465,0.9882146998473073,2.0841843807829545,0.971048159027894,1.56954421106179,1.1121619636637186,1.035233909423298,0.46863013227478545,0.5888442763794828,0.6581018282491957,0.8564019908384654,1.1389810798303297,1.8045213269280747,1.006078849431099,2.8260795427461143,1.977323845725096,0.888578821916123,0.8901317396181906,1.2669311835132955,0.5766904521828455,0.5920799942180828,0.7176900456807319,0.48032163502879915,1.9245598215887942,0.6279997374905847,2.1725176546546474,1.4744122303571816,0.9565992850270837,1.428529677491472,0.6973607399359522,0.6966662519652101,1.3762192647222289,0.5108229336591088,0.8568185724820919,0.7224427993971804,0.5604043449306718,0.574642305826293,0.5855958284295715,0.6469843920530753,0.5273250710095101,0.47083803580284633,1.0271775394258253,1.1649015368352658,0.501989809000974,0.573113597601095,0.7619945753925992,1.205151456365647,0.7326029533044647,0.8788841053704349,1.1709138073016263,0.590624840794907,0.5271880677451768,0.54256101125326,1.187868469092056,0.9529105240070519,0.5593176759393426,0.8781300261377973
Canada,1.2348872172780336,1.3512893967923578,1.2806407122134544,1.5617624277121764,0.3026829196530802,0.9779141675815872,1.3745685651199167,0.7029183797501726,0.393079592911724,0.7379622218153988,1.2533588580100679,0.5536927638579943,1.0,1.283946704835929,0.4173247743314792,1.0794094103746121,1.3186562451651667,1.7044016331935745,0.5412331134644175,1.3585704898108344,0.7314894871300561,0.6965975762179937,0.9733235078029537,0.7233001641697827,1.9826529895046994,1.5171809954158701,1.6999072300987126,1.45109125230422,1.3840412013018524,0.6761161238568616,1.260075003084619,0.5101626244210236,0.34173428630224983,0.2949212516301916,1.3592296783233704,1.7570273753817187,1.9957444148423318,1.6569336910039532,2.949746765712621,1.8071208663684015,1.116920008115488,1.3886180359686808,1.6247756339062673,0.38197849312795773,0.6597588218439302,0.4710609498921062,0.5845801667840048,1.659664168381446,0.6114924176588141,1.695374681875459,1.8315610652722532,1.2044972825478317,1.0811984688427307,0.6938107714567787,1.1443634637369742,1.372963044301782,0.36805101429189074,0.9009403705684159,0.660594553289606,0.4437239640193825,0.9219531662610618,0.4731575365787855,0.6371154484354387,0.4054259649026352,0.4106369806564848,1.610163857420972,1.120255617938224,0.3097922654185589,0.5997882794897551,1.161695030944571,1.7140550121771776,1.102028049527425,1.3185699750270479,1.0545514975881818,0.41492126023274034,0.7394601471897007,0.5211604330071535,0.8974154888727186,1.4909891323424256,0.7365503034342884,0.7492841673566186
Chile,0.9798841544158672,1.742995474853337,1.1917510258001998,2.4583472701185825,1.4157756140361035,0.5097709868581439,1.0424005166363401,0.9812299323227165,1.297138734399137,1.2674039286660386,1.8232904180764682,1.321553672175684,1.283946704835929,1.0,0.9343714855785274,1.1982260434177932,1.0286968663767464,0.9417081085252276,1.467605575602933,0.9877904308630451,1.4739109443733978,1.1004170592180411,0.8243728725621585,1.1133266625340754,1.0216259489114647,1.149117079030475,2.3800794346335876,1.043792090104873,1.9785020717316146,1.9605863575581262,1.751296872404679,1.5017376446527764,1.1399865116416281,1.2360867776102844,0.9760332657223669,0.992420229756155,1.715906279211567,0.905251254226006,1.9453231652356864,2.2721729940685282,0.8405526315680262,1.02425662379546,1.382604397719592,1.2305147072220401,1.2272768425350804,1.14652541189579,1.3438478737100001,2.5446841325189355,0.9539578627714154,2.896023286501172,1.4085023840330628,1.2685605978521983,1.6823486829583558,1.0078438998402262,1.0888624519605572,0.6853618545878872,1.2368900468580923,1.0436655555762284,1.6295022676913673,1.326037251747521,1.2899371196181175,1.0511089989580327,0.9502384542307296,1.1713503409990849,1.4133724703988217,1.1036056597913984,2.21075002146385,1.4319767962316923,1.2113002126950305,1.148064996035707,1.1360789387300123,1.2896956438803866,1.0063214304936856,1.8656876895939885,1.0234632568294606,0.9779696474124018,1.1236461986407869,1.962061098676442,1.1112309633776232,1.200109171871022,1.2156187159317522
China,0.9570525798892215,1.5975095237240822,0.9118037048621709,2.100099938556159,0.4755146372938658,0.7573612495748372,0.6689238089836053,0.7488342553605352,0.5605266095065166,0.7525249910665314,1.4984972082178334,0.6435338245651985,0.4173247743314792,0.9343714855785274,1.0,0.9849439939360558,0.8904421368335315,1.191686605102986,0.8499520072953244,0.7448920065502189,0.8569658367121176,0.3832024330113156,0.79425576051033,0.5352468207236599,1.3830913918563346,1.258368221665191,2.2961295305007074,0.8403611096878623,1.5100740770036039,1.2203655450549278,1.419055152909323,0.5185227506312504,0.24680504172790202,0.33739599156026356,0.6301374526280803,1.1163569350091207,1.8604910267238526,0.875004427960529,2.455366114467143,1.9259441369619457,0.7666697389402499,1.010970612055639,1.1682926513841665,0.48952978033169414,0.6552110653208353,0.4954822251538943,0.7400658077919792,1.9763594905507245,0.6225663568712417,2.4430856366853093,1.579259588865686,1.1430153304090311,1.2416379029681222,0.441355477973375,0.5602898993532015,0.9932769686142437,0.326839015672449,0.8871243334765161,0.9195359421458519,0.5659943870295574,0.6506808428395306,0.3216236511332876,0.598044618327952,0.3549655785955803,0.48975024122779987,1.29237942573102,1.6409798725199765,0.4246771137092301,0.4624812116478978,0.876106961373198,1.1240549533432236,0.7467279611212585,0.5603069134143068,1.2331321570482896,0.3273316379311892,0.3739340228523844,0.4413397049311968,1.1482391485422263,0.868501106894588,0.2818534088728045,0.8770930656430629
Colombia,0.9431161343810075,1.441226493326021,1.7488378429199198,1.94539774916065,1.1223282382567281,0.8922422110659219,1.6576024236244982,0.8797115753951747,1.111048292470095,1.192035269839556,1.4198823958502176,1.1623079772748497,1.0794094103746121,1.1982260434177932,0.9849439939360558,1.0,1.8249950817211178,1.3994486887235205,1.2662971138869754,1.7347000131585946,1.2656799970909622,1.1601903058186533,1.2013874267359637,0.9967356768285567,2.223990508362323,2.0749835582584826,1.622835313661022,1.7019655591447573,1.7836347412057894,1.4046011583627527,1.9374594968595702,1.361852798374861,0.977603912791421,0.9597489985812863,1.6808210431127246,2.2010301637487033,2.0265395541428606,1.9586141061949391,1.9606821545975057,2.1962358602862277,1.1306710470307042,1.9007260888177406,1.3537724967630336,0.9961492278066371,0.986441907889295,0.9702666246975546,1.4624666807769815,2.0443182635480524,1.1775753904268416,2.345351879124373,2.6344610725319586,1.375294213871166,1.9714791087482308,0.9855005694592492,1.563541199180569,1.147816088260289,1.0827845751856073,1.4070222305263047,1.2241267727779166,0.974136497881422,1.3081451512928894,1.009411256909505,1.2316627542861414,0.9538140053785925,1.2404566470753964,2.146041655082607,2.183768093532503,1.1783894658037055,1.2235862545156415,1.640692043997973,1.2639811982811613,1.5484975468126483,1.574814329858673,1.5525818634952473,0.9895852738613806,1.2678859032940486,1.0190656712213826,1.4042958422685359,1.7718788069090081,1.2791608582904934,1.3205507220208368
Costa Rica,1.1767401302916967,2.1612188678615296,0.7344719794984036,2.853136277834174,1.3416744738468136,1.0436832056081802,0.6402833104750906,1.3188703991859136,1.2446980093538502,1.127203516660745,2.289123574131755,1.057216146034708,1.3186562451651667,1.0286968663767464,0.8904421368335315,1.8249950817211178,1.0,1.031326444293925,1.3965485807762845,0.7001149960151738,1.4193371632415472,0.8319289826844132,0.879620534813352,1.1219343607060688,0.6904367383007478,0.6718410788401659,3.0980134041626,0.6569295478227648,2.084000072066509,2.0328492972822096,1.1468712888070531,1.0335404913772814,1.1838096179040605,1.3606722413831474,0.6088935017460104,0.6961616892692959,1.1187892200273803,0.6757034138715271,2.206090569783629,2.6070758987809572,0.7818249099482112,0.585340832176868,0.9377956770386865,1.3989788347138785,1.117852777903762,1.1905515740259744,0.9751108139672346,2.8353758823093624,1.0427951749747024,2.819449650679531,0.9026810846442836,1.104513941027355,1.6755422078859685,0.8753573696946975,0.7166852130891959,1.1912814586216447,0.9835111957507766,0.9586916552025363,1.6594886746243263,1.1805499568901885,0.8297284560358817,1.0758685500227072,0.8978401098594,1.1206724374783497,1.1731898884196381,0.5466603222093174,1.5696024284520698,1.183676697410258,0.8521313385684125,0.7454667096377167,1.0688899731023618,0.7190847119471823,0.6884999935358193,2.005525855451376,1.0367517614093484,0.8039799678487303,1.0995920478292829,2.1630644812200135,0.6751629014887874,0.8748254321021467,1.3617057390705123
Croatia,1.1206027403780991,2.5554486141174473,1.2182024304071613,3.055575168467226,1.9291472428397525,0.8522674564009113,1.1761216141169064,1.5806769167549748,1.6504001215607536,1.549287207602389,2.396386713041554,1.5324826125979303,1.7044016331935745,0.9417081085252276,1.191686605102986,1.3994486887235205,1.031326444293925,1.0,1.7297674689361473,1.1170368000996156,1.7711775052404182,1.4625636731871243,1.0272070958265087,1.577365386601916,1.0457210412916913,1.1894072447459756,3.072078869363185,1.1753438142750001,2.3362591775330417,2.5122544424905704,1.4895068555964464,1.3897962466255258,1.4706963229126568,1.7405677644459314,1.002108628449395,1.0964058811836637,1.3421939195600223,1.1443968125168487,1.7480165114199375,2.7042888986512215,0.8916060410105544,1.1692704929367779,1.0331864988916302,1.8490201804302302,1.4984337955815004,1.4098389965607951,1.4719578097381285,3.130561459734771,1.1239165298501195,2.921895207043986,1.331039649200894,1.348678951442403,1.824918940103673,1.2457530430243624,1.2958805720585824,1.0531208941167391,1.5607176745643572,1.1920577789142646,2.0402543969215112,1.7130296226652582,1.1875775620317084,1.426548760325062,1.2468241320813338,1.6316890961046266,1.6704821980256488,1.1246991390189733,1.9424191035961638,1.7750656299017924,1.3617256134342934,1.1764553071817954,1.1942799491921234,1.1935756576309853,1.1625736792431671,2.266773581503729,1.391881652115004,1.1831078473506385,1.281264380200833,2.558964655837198,1.2719905074129323,1.2600642945177656,1.5085263001335734
Czech Republic,1.1355439801802545,1.475170427042688,1.1195299622294792,1.5496949709596153,0.4689814752354377,1.033965967830968,1.0974954222563145,0.6873957751304602,0.6286304208567242,0.9077534073792566,1.158525937571288,0.5577912277643491,0.5412331134644175,1.467605575602933,0.8499520072953244,1.2662971138869754,1.3965485807762845,1.7297674689361473,1.0,1.3090556379718743,0.6301954939580521,1.1169785023858194,1.08966360110121,1.0480779037450731,1.6237031619295643,1.3656210200732366,1.6698743127280613,1.3895568667745117,1.429834501296315,0.7301441031107616,1.14119608880597,0.46802848331174773,0.7413638961062881,0.44292436963004267,1.2224427423872815,1.5972506105466757,1.7572105376472893,1.6341188269444131,2.742973307199179,1.948907169390468,1.2969035360000332,1.4130831980980134,1.6400732126866007,0.5093808214398079,0.6278667671860454,0.8877291000695816,0.6570335844396185,1.7339156322615905,0.6819772621484781,1.6139504080069944,1.6878717489559998,1.185153943498134,1.4049421156149577,0.8137779839645191,1.1850651668919614,1.634086422593595,0.6179825111898407,0.9388161454398656,0.8461790626379954,0.5450821974111859,0.6028097313333023,0.7500717786838653,0.8605822468127666,0.6331263213561062,0.43342894577264407,1.399307563907899,1.131729425814979,0.502511635836649,0.6587218927325129,0.9989757332356202,1.4394070497326323,0.918244184099603,1.267460401232043,1.1170241257213505,0.8576357445190506,0.8887827598846851,0.5804228999413177,1.0224141478609106,1.4239468809691997,1.1308236497445996,0.7979887706791717
Denmark,0.8476319809530863,2.394107088833,0.30432723830899333,3.368805906578059,1.298017473622175,1.2435830747949435,0.3003751803097945,1.4840970044706892,1.1000723656874865,0.9729000282328797,2.732127390743395,0.7616799326329288,1.3585704898108344,0.9877904308630451,0.7448920065502189,1.7347000131585946,0.7001149960151738,1.1170368000996156,1.3090556379718743,1.0,1.2437671702288757,0.5956774181801966,0.9546530204998114,0.9407672101231284,0.34530025982501933,0.31979250967568684,3.4107216691920197,0.2644324501930975,2.254836423341435,2.2731843329676247,1.225853022804757,0.7633957004039378,1.1121790151844553,1.3349656112444508,0.40019605424455507,0.41574426205203163,1.1696853171382604,0.35225515385913797,2.3455728501815467,3.0775838974948786,0.7059212590860405,0.34534388621456225,1.0072907738848722,1.216816127479918,0.7291506984194358,1.1955438039235255,0.8400310268462704,3.3501041248181913,0.9364952813033868,3.2932736388580137,0.5539034936525429,0.9234426210769734,1.9542343500807506,0.6513030452127309,0.26459889150964205,1.1959282520195926,0.881796328459614,0.9062321065853176,1.5139776134827758,1.219881514510294,0.5997780117171921,0.8674956836719058,0.7567871454769565,0.8551881719388845,1.000872525589766,0.4017995436080702,1.8020589184290479,1.0816683052010976,0.6807444549972217,0.3426859745325569,0.7074379371027807,0.32762430040224266,0.39586189089618357,2.247123743352514,0.6985491339247776,0.5086978711867741,0.8643614813068257,2.3585875848180122,0.4319471772380893,0.4622974850606435,1.6027122194310675
Ecuador,0.9978819385235855,1.2630462487451888,1.0825940587972265,1.2838895536747443,0.5871537965073363,1.189032562765535,1.0471538245864658,0.9204307289083034,0.6784059089323251,0.85051370750862,0.7318633398219754,0.6033165716960103,0.7314894871300561,1.4739109443733978,0.8569658367121176,1.2656799970909622,1.4193371632415472,1.7711775052404182,0.6301954939580521,1.2437671702288757,1.0,0.8312231502086256,1.077622619548904,0.8179149241287635,1.7110476663440655,1.3335733317845202,1.427761162759472,1.2628717220813956,1.1787707050653458,0.6789729761472314,1.2634090659997235,0.6325583621418607,0.7687696396120546,0.7014606039764327,1.20262875734716,1.5246327720707007,2.1809713504083725,1.4426433446078892,2.8254536979156746,1.1878115841702646,1.318565251167446,1.2895831095882466,1.6535539167894036,0.5282535658738245,0.6473677072824646,0.8388377935495266,0.7214772585260111,0.9550768779599307,0.8883360174429991,1.444446186667375,1.6896385733661714,1.032538444873037,1.2764903560146512,0.9467819540442397,1.0876705765250338,1.4899172630901925,0.7166939054804037,1.0490255401735218,0.6863465612886086,0.6666556325934807,0.7686080735560379,0.7518361128177187,0.9700874573216671,0.7175532586135119,0.5638674709561873,1.4427358487236943,1.0717015530066378,0.6438442262151348,0.7131443850413998,0.9617346387690542,1.8041817232315052,0.8975948034123513,1.1822985357618159,0.7396500990132868,0.8525585855293697,0.8895548618383824,0.685603949686354,0.7085135532803802,1.3142180583936691,0.8758698096874684,0.88833823974514
"Egypt, Arab Rep.",0.8187621419077402,1.7656308598065098,0.5212967655917067,2.677356463438154,0.6557318337779646,1.058044699454017,0.5516591310297942,0.9559667534394045,0.6877784119310245,0.8238592316509619,1.8346772909895839,0.5348824798443577,0.6965975762179937,1.1004170592180411,0.3832024330113156,1.1601903058186533,0.8319289826844132,1.4625636731871243,1.1169785023858194,0.5956774181801966,0.8312231502086256,1.0,0.8620035389148167,0.5472954393760329,1.1820952491972214,0.8607879972994406,2.666780595206692,0.6594372584974337,1.6808789538636686,1.5195884094642769,1.3366389589191183,0.39248880650191803,0.47900604958424003,0.6421094049895841,0.5149063040589289,0.8553978360044691,1.9468741359180837,0.6543081058245657,2.547184204800491,2.2263852764812935,0.6945303999800166,0.699165877790122,1.096178425686612,0.7437742376468699,0.4596639491496445,0.6362375852765328,0.6915671232974057,2.3049640909885185,0.557970763792571,2.872248968084595,1.2163398887000068,0.8996905110582267,1.5303163868898086,0.5477259626845566,0.4069796554549894,1.1381293532650674,0.3242294614348807,0.9907337433400144,0.9245752887083706,0.6380072855663932,0.42829784852762326,0.3742729003337197,0.595087106289466,0.4571419227476064,0.47515585902666707,1.0241981600629542,1.6356479601485956,0.4832114237922415,0.3128409456948109,0.5093462665223594,0.9542515225256883,0.5045193825603955,0.5196558141513155,1.352070330553486,0.4349751709483787,0.37793405563937466,0.3854622157665374,1.4593477071357432,0.6259109121760593,0.23181914965445194,0.9986019005089168
El Salvador,1.0799530765593193,1.554709509716321,1.0445896040105145,2.2796846716015677,1.19778391435016,0.8021070040565176,0.8761597389382192,0.8757540112809806,1.0522943638659594,0.9499609899057744,1.3674965713987846,0.8434947728641037,0.9733235078029537,0.8243728725621585,0.79425576051033,1.2013874267359637,0.879620534813352,1.0272070958265087,1.08966360110121,0.9546530204998114,1.077622619548904,0.8620035389148167,1.0,0.8611522676363295,1.1188541930110536,1.1507153006949762,1.9405957837839078,0.9893794378604179,1.6432262292057913,1.5304082708379756,1.2620693929573754,1.0242170330312548,0.9492940897732834,1.0042952612230944,0.7805328658042856,1.2240591820489908,1.5092975657271248,1.0989219140137343,2.200000012844473,1.9343850094140056,0.7800255954670259,1.0768534210109082,1.1336978291708975,1.1211370581468065,1.074266252923805,0.8951292006606839,0.7939606632098037,2.0643466869144973,0.8747988982529199,2.438093947795222,1.36059651560356,1.0628751304364852,1.546272634823867,0.7667463904761775,0.9053967214497844,1.0611506001962465,0.9555735827533512,0.6810508425513437,1.40685413240035,1.019447216677823,0.8149971611702408,0.876172907799638,0.8328371253599821,0.9902455305100694,1.0833211258229558,1.104068724093541,1.7024979726760823,1.1433588038591105,0.8334272395542097,0.9912234592222994,1.2798457724965029,0.9843888027621388,0.9191697800967116,1.4647626927438204,0.8334991180583252,0.7729847287282325,0.7899017962433222,1.6666951398851027,1.099942690595677,0.9152760108609318,1.1398537285711565
Estonia,0.7513482810277651,1.1641979180657978,0.8674338097433122,1.771636728181797,0.6694927561707387,0.9673266471184572,0.9525750987422419,0.7734594625916064,0.5683008030054757,0.4869263122850462,1.0819984209052147,0.675705987449713,0.7233001641697827,1.1133266625340754,0.5352468207236599,0.9967356768285567,1.1219343607060688,1.577365386601916,1.0480779037450731,0.9407672101231284,0.8179149241287635,0.5472954393760329,0.8611522676363295,1.0,1.5436932495307183,1.1688447125857688,1.6291515896849027,1.0123890990629971,1.3063676962213489,0.9563341378792398,1.152926866162303,0.6079931163528627,0.570617751376694,0.5828930962293837,0.9068021069675668,1.4031807209117624,2.2038778380775597,1.2086187610487198,2.57947257041682,1.37410362842544,1.045330737361887,1.0148060447960088,1.355636129872468,0.648469875208045,0.5136589237492073,0.5624055611120031,0.7103656740537558,1.5302875493921746,0.6470093428240857,2.1320788370662975,1.7461933328149817,0.7521420203031031,1.198328882016807,0.5874584393144346,0.8515123680955844,1.009570670489377,0.5439113685969181,1.0530233852031772,0.694381971216979,0.6569648838993173,0.7494983563903063,0.5230465720083156,0.6130287331056796,0.5176933372308407,0.6578184879307232,1.1775689446795539,1.671914291464063,0.6428664985133934,0.5642634414424139,0.8303959297570218,1.3309836382660098,0.8727040289353913,0.9125928300889026,0.9507348672898597,0.532500859718111,0.6904895298964757,0.7095779990352351,0.9361623866861193,1.0641246482390854,0.526418473280666,0.7330788652751918
Finland,0.9945940813545988,2.6862815811065173,0.5514890342140012,3.661229835800294,1.8724218600483815,1.1676469375263916,0.84443486516632,1.953065658167901,1.6564364568050274,1.4590516807307656,3.2738753036339747,1.326864254543465,1.9826529895046994,1.0216259489114647,1.3830913918563346,2.223990508362323,0.6904367383007478,1.0457210412916913,1.6237031619295643,0.34530025982501933,1.7110476663440655,1.1820952491972214,1.1188541930110536,1.5436932495307183,1.0,0.4134723832534172,4.136912801832112,0.4790450583462639,2.5276131453719826,2.731651649828529,1.1914477232496836,1.3381570565808871,1.706253761897953,2.10238084509007,0.7134051976262983,0.42060728364381583,1.2161846622050412,0.45404248973141736,2.2440762943202124,3.4420656623552786,1.072379371182881,0.45880020985226105,1.2405878999915778,1.7822080466630352,1.0645971098823854,1.6581970132210193,1.3183793135122062,4.030031689030158,1.0508233577028212,3.4182987316927833,0.5189361645902215,0.9770037605796527,2.371379505407679,0.9996269169849028,0.6929592427188387,1.2169269728390695,1.628746903325078,1.1173130003276455,2.014532980340028,1.9007824951449972,0.9634422877177982,1.4863741777934432,1.0253067467289214,1.6475396625009338,1.6438755568848973,0.47998512901133317,2.0440171111743477,1.582600417076562,1.2216704407718162,0.6683505573575396,0.8086452632581322,0.7125980239346358,0.5539476052255545,2.905415924739026,1.2567623325369284,1.0760273025337108,1.51298116742263,3.017550243357282,0.500034657714982,1.2599053755062883,1.7982507956710685
