Country Name,Albania,Angola,Australia,Azerbaijan,Bangladesh,Belarus,Belgium,Bolivia,Brazil,Bulgaria,Cambodia,Cameroon,Canada,Chile,China,Colombia,Costa Rica,Croatia,Czech Republic,Denmark,Ecuador,"Egypt, Arab Rep.",El Salvador,Estonia,Finland,France,Georgia,Germany,Ghana,Guatemala,Honduras,Hungary,India,Indonesia,Israel,Italy,Jamaica,Japan,Jordan,Kazakhstan,Kenya,"Korea, Rep.",Kyrgyz Republic,Latvia,Lithuania,Malaysia,Mexico,Mongolia,Morocco,Nepal,Netherlands,New Zealand,Nigeria,North Macedonia,Norway,Oman,Pakistan,Panama,Paraguay,Peru,Philippines,Poland,Portugal,Romania,Russian Federation,Saudi Arabia,Senegal,Slovak Republic,South Africa,Spain,Sri Lanka,Sweden,Switzerland,Tanzania,Thailand,Tunisia,Turkey,Ukraine,United Kingdom,United States,Uruguay
Albania,1.0,1.5178197680278769,0.9767220915012734,1.9224116935794064,0.8441262152338739,1.0682127401860868,0.8242603957340767,0.8925687417058566,0.8232200021630837,0.6949431382860395,1.5804105000887771,0.8219666524929015,0.8444743022115322,1.0432783483320904,0.6184822152971453,1.0524538946283133,1.030055679138857,1.3662798824685014,1.106592495809591,0.8878212878610896,1.0612738894974822,0.6906468259135257,1.1071840055672342,0.7586002530155938,1.1165470110988305,1.070559887277114,1.7671571969969968,0.8834759141427292,1.5328802156445893,1.386870272758783,1.4072138489284707,0.9008030468017074,0.7962606663650682,0.8487323495138971,0.8515043232568241,1.074736229606517,1.727600366108528,0.9486769049444502,1.620798061022196,1.983171915603687,0.9100602263275981,0.9421243351944579,1.3425844146840402,0.892151080680215,0.6587779111377539,0.8902917982481965,0.9574757515669399,2.050345895137438,0.8120104374134789,2.249752860992856,1.2495468467361799,0.6293786563862058,1.6169432707035913,0.8582286117210447,0.8249101394935511,1.0794846911992342,0.7216736482833003,1.2115844591761717,0.8361598310846758,0.773305814521942,0.8400036779391997,0.6826447596041215,0.663592806020201,0.6949132537022373,0.8808322090286093,1.0619655973541444,1.5557200014004837,0.807673477420973,0.8266070052024235,0.9503091817434266,1.1555236598889898,0.9182846046219852,0.8809687468928679,1.3124816544152524,0.7072886834916358,0.6471051075531874,0.7330848014351802,1.377471356503921,0.9673956115762053,0.7116660232737767,1.098682490380588
Angola,1.5178197680278769,1.0,1.8772606894875903,1.6520405121145065,1.160829426788619,1.3090686666880353,1.7368857448298625,0.9799571939418086,1.1831154819113545,1.346653073905063,0.9907213866875885,1.4024939472986853,1.1480044879206066,1.7016630606808258,1.2993857209981807,1.3998612865519429,1.867334540805132,2.0237329397516235,1.351857060869911,1.8111183888732165,1.1029304560488737,1.5810249119363078,1.336479211501262,1.2604163261294017,2.082636136843542,2.0092225787119853,1.236644694435173,1.7970739410904755,1.146652305014123,1.1260616054730397,1.798435702406729,1.4814174060385568,1.1576640574562322,1.113632957209431,1.7800636642245646,2.0536497312502506,2.3957504542409955,1.9691408095589789,2.078007470771294,1.5953994284042619,1.6119893792607072,1.92381980337395,1.8452641638540188,1.1247006445592218,1.5439979832795008,1.1674977922298708,1.4452216848468564,1.430808875104775,1.4786523328065686,1.7604564493228696,2.1901935532458374,1.7543082240759127,1.4580875758113991,1.4164497413921124,1.7435938229656054,1.6802674892582654,1.338678650558891,1.4796577514338367,1.005779234490001,1.2701175224656573,1.650670823045223,1.318039247385179,1.6588678616622445,1.2439037018293388,1.2285238616717291,2.0785980856102846,1.8208238578627791,1.3395106425063075,1.489970356130217,1.8441661006941574,2.0201654923685997,1.717325426827277,1.7253681733938104,1.077699053616637,1.2800625517160502,1.5174501148939696,1.3804990294299404,0.8976769354675456,1.9030351131609966,1.4902554052702741,1.2499897501152986
Australia,0.9767220915012734,1.8772606894875903,1.0,2.1200688494906252,0.9063104849428321,1.2282202162789126,0.3869479200022525,1.260634754376728,0.8512292587235916,0.9623976611710228,1.7960412849291194,0.7066824994054135,0.9283408350573892,1.105097573201047,0.7393219670374029,1.4337805215072414,0.5967438622662204,1.0732017066853587,1.051845760896641,0.28678451600151156,1.050232700476451,0.4827550212262993,1.0401172451009624,0.8836648283205638,0.4505048095627447,0.23777095076518004,2.0037171336621538,0.3549982375946767,1.7627523154533074,1.4757507136001504,1.0677658073412297,0.5881202171924237,0.8944167304604669,0.9467528496583965,0.44071852492498814,0.3692045597456918,1.1018618869471504,0.3584878688522742,1.7998417902768764,2.1144126371867267,0.850698014678447,0.3218394392581328,1.1022181414697898,0.958641430916062,0.6517287346837114,0.9024322530643639,0.7419811690596188,2.2031947409004986,0.7274890724111488,2.263505175693267,0.45136024727011465,0.9281145758948489,1.5588755040226496,0.778696035613418,0.3037801660700438,1.207647396918973,0.7395891944416743,1.035276111057031,1.2358281164640545,0.901265884730587,0.43041645208718055,0.7590797720858745,0.5644821798057343,0.8042890804506058,0.8150859490050362,0.3708639403383372,1.5066416892904835,0.7282100246069628,0.5239831363292897,0.22556583008758715,0.8287654604121335,0.23336468054330178,0.35627514236385793,1.6236040430462924,0.7156383175513346,0.6363977359905969,0.7643727690995751,1.5707109240209256,0.22695189299226218,0.49400592218552863,1.2010686374158264
Azerbaijan,1.9224116935794064,1.6520405121145065,2.1200688494906252,1.0,1.4831639652818913,2.240293496881567,2.1542514717079566,1.6371929023941212,1.6151399962763073,1.7607554118573787,1.0700487736704603,1.6665482923019697,1.5850870587168346,2.28991632824045,1.8343938557712642,2.212916041969423,2.2376428219335485,2.535340607567748,1.339781567654637,2.1327607156588377,1.4433959491401815,1.9056480058413,2.15945774514366,1.75297650414106,2.4203621069554875,2.2509484793916616,1.241582132246269,2.2016730922798806,1.5146852214440212,1.1551167153402768,1.8698832405848897,1.667685203123044,1.7616638613471147,1.5935273322880177,2.1598900788673183,2.3425155988293507,2.688034372278436,2.3086196302845234,2.7219430558840134,1.0048795301564146,2.321187850079364,2.21837574003237,2.4051336857441328,1.5170305833288935,1.734101910813726,1.7532279241247872,1.8453801317326002,0.9501916186360405,1.7959432562018331,1.0997918826532729,2.429052436719216,1.9363292986197171,1.4019918930699569,1.8709928833084408,2.071811913251919,2.25192585912465,1.7569827683800425,1.9278467542624083,1.452943104845551,1.497079272535986,1.968457481582577,1.8151717149231092,1.855268961251132,1.676544189860575,1.621227650895474,2.2519667420886664,1.3517088233950274,1.6093922553044546,1.8759036715991102,2.0702773167355146,2.4544863879775547,1.9919901525428954,2.134394338032301,1.1566149592641402,1.8864688010360828,1.9313637844286629,1.730569971832204,1.0929992310352095,2.218332571906026,1.9354151003755615,1.7315939109700653
Bangladesh,0.8441262152338739,1.160829426788619,0.9063104849428321,1.4831639652818913,1.0,1.0312154279804868,0.815600102596711,0.5981951428547931,0.3903386463059707,0.7033584873234905,0.9728941200424178,0.43940516415773495,0.24810767615307616,1.2400975601256934,0.44301337319756223,1.1647689971616113,1.0900845308730918,1.5061354493544488,0.4944357123601326,0.9011628675621451,0.45049925498739685,0.6251724181420621,0.8987074691574832,0.6315135360873355,1.2236408008348998,1.0548722564261004,1.2630384894633364,0.8824218093757944,1.1497578217531959,0.7211566306839253,1.0605941663475613,0.45394922231393986,0.44346088965766184,0.2847940507154796,0.9052724723389258,1.1456622433191928,1.646432324150934,1.0769579915785883,1.850032212396372,1.5029696953017981,0.9984658035546053,0.9758968680626005,1.2779981510481762,0.23495773613314228,0.5872940309219328,0.5302997560834538,0.5420003989772818,1.520914672613021,0.5739546133928964,1.6703192187092375,1.2709406082943415,1.016426165504737,1.10135193213351,0.6111822988111314,0.7972832686264336,1.2486471911019827,0.44455704408967683,0.8181564041881194,0.6083915984962334,0.37766090385598117,0.7175886097594665,0.4746198704018878,0.7247278936905514,0.3361801061148703,0.33476609612274666,1.1248188957476406,1.202432555641083,0.2555806385288214,0.5460088766971707,0.8577366536430486,1.303789553951155,0.7580521309064769,0.84298614386479,0.8975707779181372,0.5083510985248854,0.6357475073381162,0.45194997533016557,0.7802191226883746,0.9752891928759472,0.5509664838660956,0.7583516500971449
Belarus,1.0682127401860868,1.3090686666880353,1.2282202162789126,2.240293496881567,1.0312154279804868,1.0,0.9582873164872973,0.985471347897981,1.0420697381430344,1.0586136553226961,1.6151629587744647,1.1303755414711167,0.9504799538630757,0.8091035923902442,0.7370092525720658,0.7041903566445392,1.1556750391277464,1.2469411514800401,1.3838635995989323,1.1090951199966113,1.1795607634111749,0.9486183606014661,0.6163707031252184,0.8865255241381061,1.2393658294579672,1.2876239129500353,1.8733876906841473,1.0054694299013696,1.506400984357664,1.5430935551948677,1.494204001804385,1.1447315201651882,0.6713069558401435,0.8391260910460209,1.0240167574471395,1.233748747762192,1.798321777168361,1.1425008538932062,1.6357582104150392,2.2712482092580983,0.704000709614191,1.1783064893198363,1.006003456409232,1.0235954927103017,1.204785889259802,0.8677644801899302,1.0643816069736158,2.2210835043303496,1.0052744964661555,2.4068962667265565,1.4332202779910515,1.2958792275827322,1.789093190754451,0.9087856623977452,1.0111301336172052,0.938747068281341,0.8319481764821834,1.1112169658172049,1.1214382922773172,1.149586872379436,1.1787708644924326,0.7625421036431497,1.2221461070455493,0.8817731141673615,0.944497639347529,1.3492349272054487,2.087233948000413,1.046567302434087,0.9245925786683751,1.2394101196534426,1.0498494394708928,1.1603907950241945,0.9525658977914109,1.5086819096203787,0.8085106972166494,0.8338051412267201,1.0074974733902555,1.4734604279818821,1.1797029307863114,0.8607403096562598,1.1223446846172807
Belgium,0.8242603957340767,1.7368857448298625,0.3869479200022525,2.1542514717079566,0.815600102596711,0.9582873164872973,1.0,1.0616185373271285,0.7823232384294027,0.8769606603650023,1.6881358664049044,0.6321598697537223,0.7898130915355235,1.012253533690021,0.5413343850645278,1.1785987287947686,0.6616047449534932,1.120838167551401,1.0493110370748855,0.4251174385709846,1.0157645959541126,0.4144708267093239,0.8205895591478176,0.8094626716479026,0.5592633478907284,0.41607647517305224,1.9103610249280962,0.18649883895517086,1.6516941720084206,1.403731769991697,1.1109623931941544,0.6262280238996841,0.722073707196953,0.810322713179401,0.3985240954659834,0.4724977792122975,1.1458246511586414,0.3907225737918807,1.6381543218789492,2.1295497161379453,0.6287573933288315,0.3222656625301895,0.9226326292285204,0.8528983922238575,0.6275450476468675,0.8015696145220946,0.6081118182824659,2.185923384018215,0.6191212393655602,2.272644520037127,0.6249185896832543,0.8923723381594242,1.5793206217524434,0.662225780514087,0.31509003634229893,1.133789885180643,0.6060744735869377,0.8787780131523432,1.1212923631029845,0.8430429638562813,0.4406715469177487,0.591368946420823,0.5890235176892843,0.6665903339927141,0.7593307216415837,0.5229004741288998,1.579285245937864,0.6507167967043417,0.4447738954503988,0.3510304114352918,0.7745873888832757,0.43665993009576903,0.35131187675405556,1.5266850799161404,0.5361855072398211,0.47743194812081374,0.6529723145398559,1.5180307893486407,0.36227617206616813,0.3241081439134751,1.0492230671153835
Bolivia,0.8925687417058566,0.9799571939418086,1.260634754376728,1.6371929023941212,0.5981951428547931,0.985471347897981,1.0616185373271285,1.0,0.6699711842103749,0.9247469769200701,0.9624861857044833,0.8146098425166105,0.5439522323285436,1.3532864586600608,0.631702555360411,0.9741530640704287,1.3762213049729595,1.7094762737473783,0.7868987081458844,1.2065205871119016,0.785675710092559,0.9517659610883257,0.9398588292111679,0.8384335183148071,1.4859136112334157,1.3576151862760792,1.166603560304667,1.1120471410096324,1.1946743131518085,0.8286767634548299,1.2936675029736306,0.9172305868715909,0.6697760246074271,0.5556383754183558,1.1360024322100692,1.4356784621277472,1.8479763336090482,1.344513006729296,1.754670763471572,1.6795325310884321,1.0216255225411948,1.2533905744915357,1.3078816138242657,0.48502183897171564,0.9094218643745957,0.6490009444775017,0.7981195040844464,1.6031124393048648,0.8354584638957947,1.7475204775012003,1.6017343754741102,1.225645160435664,1.3988004271446042,0.8046337775222141,1.1238253360162767,1.301118635351972,0.768142265749156,0.8892329584402422,0.6482604313483,0.7291260238984667,1.033937620713583,0.6893028298353271,0.9732357591266377,0.6020498793261366,0.7814371083612388,1.4036799941090234,1.4688321068914894,0.7128514825816019,0.938827170203201,1.1779981021775918,1.4767410217247618,1.1403108202478696,1.1150941890454102,0.9659375862582182,0.7046715759023273,0.923323149153542,0.7689608651128491,0.9174354089444617,1.2845817260172927,0.848637790590133,0.7242401816231793
Brazil,0.8232200021630837,1.1831154819113545,0.8512292587235916,1.6151399962763073,0.3903386463059707,1.0420697381430344,0.7823232384294027,0.6699711842103749,1.0,0.6579345162747642,1.1362006496497414,0.5001713963307913,0.3922206453817882,1.165115024236644,0.4806779889693913,1.2142821393318326,0.9435711614409981,1.3508256658002984,0.6694648382013914,0.8394041402799355,0.4720776647114288,0.604424369397331,0.897113852805191,0.47109436661114223,1.1618725277589,0.9822723388356004,1.3945663426845902,0.8496119193109168,1.2049773201889356,0.9062824119318524,0.9946478835961216,0.3965898976283927,0.5303109007473416,0.4038356243050499,0.7760067766290204,1.0644264449525278,1.6179459911823644,0.984750143225069,1.7632190601867626,1.598955959528693,0.9381443751182321,0.9282382674320218,1.1634201467046992,0.4185331077284745,0.5512337356937546,0.4048558116518133,0.5662128093687732,1.5931975138032712,0.5834116567210107,1.8281430920191666,1.252074296248129,0.9004869839535333,1.1763905518959077,0.609341509647895,0.7459895671973744,1.1878217381188765,0.49972805104037205,0.9167945188560628,0.48008428689545846,0.47553166213145387,0.6213848235082715,0.47408994085169526,0.5893677801945457,0.4431076641967786,0.44520833251451297,1.032588107549511,1.307902594529525,0.35122886679837456,0.517243975797295,0.7872012674159037,1.2822179911153984,0.7053664374484306,0.8004207855562879,0.9628052934946291,0.40720431506217575,0.6818167686090901,0.5206132047721889,0.8652899907152269,0.9373475400838011,0.5090776347036989,0.6333679008465578
Bulgaria,0.6949431382860395,1.346653073905063,0.9623976611710228,1.7607554118573787,0.7033584873234905,1.0586136553226961,0.8769606603650023,0.9247469769200701,0.6579345162747642,1.0,1.4048372968682987,0.7515144092987041,0.6612291065540167,1.1166011845584642,0.6522844216560166,1.2367096124801977,0.9868596350771943,1.360944680052133,0.9801767284127721,0.9418256492672721,0.8457678737110877,0.772712675317838,1.0497756643011995,0.6842731559264162,1.188323408334736,1.0779105710902324,1.6779809126268117,0.9315720609203058,1.4532058456197072,1.2525023944419056,1.475718382566468,0.7227754555170265,0.6967943276500775,0.6945634544513788,0.9477916986457805,1.1348295880638053,1.7632974521878162,1.0411581496673576,1.813065089880761,1.8221201668248321,0.9765098279750556,1.0137388780005756,1.3417935398939507,0.8157505012360312,0.6080018551705415,0.8587857123736259,0.9234106732782131,1.8223168399398673,0.7174292383726888,2.040075898597076,1.2521952935507281,0.7889147517344794,1.4332637136713962,0.9308037149178364,0.8437513567131081,1.3290541418136224,0.6790497534328277,1.0924611229703933,0.7431560367979873,0.665043280893915,0.8194269950376272,0.6965419502195858,0.76843893455947,0.6624934087958745,0.6730720851187231,1.1364915220516405,1.4642950170713744,0.7085205921691733,0.6933755911891394,0.9091305248538325,1.2180959465527712,0.8343246723131692,0.9103981950835514,1.1637105188798074,0.5468662976403053,0.7554504934552919,0.7455432001204044,1.1316327424674262,0.9670858271247267,0.6906989539100057,1.0691940413273295
Cambodia,1.5804105000887771,0.9907213866875885,1.7960412849291194,1.0700487736704603,0.9728941200424178,1.6151629587744647,1.6881358664049044,0.9624861857044833,1.1362006496497414,1.4048372968682987,1.0,1.238449328952136,1.0037816858372006,1.9689590052870618,1.3170326000739312,1.6466098316119766,1.9145351057377735,2.2580426490027707,0.9531822730418846,1.802012485537532,0.9946735260018588,1.5367909986621555,1.5357775220609606,1.3575180450427786,2.095060617102607,1.906777636251745,0.7022447117140116,1.756970743821919,0.9229028119054863,0.4837314593684327,1.5561209479916673,1.295781640743195,1.2272018745391526,1.0312905984080825,1.7707400155287893,2.0113566528487388,2.2795913128814287,1.9582329752388978,2.2837269584217386,1.0414834320349813,1.7768867315302868,1.8420182799120237,1.8763605479749699,0.9605562323448149,1.3970672844968697,1.241930948686337,1.2666581208720509,0.8670120408850233,1.344156499041441,1.1440688403792034,2.110048149290721,1.731660262955724,1.0950613757384808,1.3867032304683031,1.706272420542383,1.9209381436551176,1.3039295506281292,1.2780464831917187,1.015026953933978,1.0922400430701125,1.5632534965680733,1.3196390145670636,1.5485813018805334,1.2005075246667967,1.169898679645405,1.9668579569037163,1.3176501867312682,1.140334958067375,1.421851411375616,1.7115094518799958,2.1091349255138088,1.6577871379848157,1.7529792792946752,0.7712887359005768,1.3406817029078797,1.5208579137431286,1.2575452011381314,0.5704516208853877,1.8680466769271211,1.459696092200937,1.1164761667171395
Cameroon,0.8219666524929015,1.4024939472986853,0.7066824994054135,1.6665482923019697,0.43940516415773495,1.1303755414711167,0.6321598697537223,0.8146098425166105,0.5001713963307913,0.7515144092987041,1.238449328952136,1.0,0.5187967194025466,1.2354630779909774,0.5322748196775666,1.284271749204445,0.9582962707935423,1.4106500813002323,0.6686531369971529,0.756376106682342,0.6471612221251901,0.5522230138778427,0.939348838856079,0.7178583962560475,1.0420230670407453,0.8313767911686338,1.5149315015634095,0.7233451161410093,1.305566380300375,0.9323393341194397,1.060245220566328,0.41789670289152697,0.6241090790604412,0.5931172127378637,0.7760166395899915,0.9401802924980575,1.4876030337708066,0.883515814693328,1.7423642779015918,1.6744774899321322,1.011537236632631,0.7852632543236301,1.3115132346323417,0.5250259031511284,0.45083002578394865,0.6711593607322055,0.546203385099115,1.7061094844763869,0.5318838879211499,1.8326806586705413,1.0488610022270872,0.8996146672874464,1.2256896723916653,0.7050552238279616,0.6674043269164434,1.3118137316655665,0.5452170464963969,0.8304269253706617,0.8001608686816483,0.4308558784529602,0.5369934611601005,0.586020360758659,0.5881578128142786,0.48420044526102546,0.5374935096155367,0.8917079358716781,1.1881725961461496,0.37640219894461374,0.4618330476063058,0.621930595489915,1.1641294123121413,0.5994836849368227,0.7337318879450876,1.1349728949707132,0.5256384719614098,0.6138487579632119,0.5409711924987918,1.0854979139875929,0.7758795415027061,0.48506262502630104,0.9322078695007192
Canada,0.8444743022115322,1.1480044879206066,0.9283408350573892,1.5850870587168346,0.24810767615307616,0.9504799538630757,0.7898130915355235,0.5439522323285436,0.3922206453817882,0.6612291065540167,1.0037816858372006,0.5187967194025466,1.0,1.2089369989620917,0.415573350903546,1.0835203780263862,1.0683323045205504,1.4896314161736894,0.5997596563141631,0.9137998581527943,0.5481557517547834,0.6728128161736222,0.8166793742224417,0.6180052709243896,1.2181649834319381,1.05013609683724,1.2909395045924967,0.8501002492343315,1.1660041760821516,0.798783864802227,1.1361560976960035,0.5176889449285793,0.4257764433293894,0.2500373446818547,0.8773608656627012,1.1394364174934044,1.6287079536606512,1.0683667054818522,1.7443472666139432,1.5762136315637194,0.9238316513398827,0.9538843733325187,1.1887205925668622,0.3036258630842125,0.6312176635979656,0.5324868900945869,0.5099859380214038,1.5923218006764814,0.6028425373275796,1.7513449117765647,1.2766293798044521,1.0428533640920148,1.228895878654658,0.6090759420457406,0.7987720143233015,1.272280879961456,0.4927708565607391,0.7591234765317223,0.619462004871943,0.48044191633519207,0.7521891741393646,0.45086720175901124,0.731842063230059,0.3643671668224069,0.3866967416252594,1.141242513084642,1.2863248336910125,0.3436705376067062,0.5659796558141923,0.867643291226608,1.2775947276018254,0.7857642690182973,0.8540070920861661,0.9539772993434912,0.4392357919395883,0.6257074740522198,0.4974847084761006,0.831092367824508,0.9758358414767081,0.5353248691207553,0.7404709992075648
Chile,1.0432783483320904,1.7016630606808258,1.105097573201047,2.28991632824045,1.2400975601256934,0.8091035923902442,1.012253533690021,1.3532864586600608,1.165115024236644,1.1166011845584642,1.9689590052870618,1.2354630779909774,1.2089369989620917,1.0,0.9387899682873144,1.1634191172239614,0.9245195469395161,0.8436557130948101,1.548624431345701,0.9151979657578113,1.367151886404797,0.8633728172456154,0.9939326451765248,0.8408692264089749,1.0132948901445646,1.1625436877627433,2.229448827631757,1.0207691271586246,1.7984120143969218,1.8498270484857335,1.465244459701354,1.1661017986273499,0.9294087371501036,1.0919045961574474,0.9017668101940967,1.0221506123934612,1.794435914862669,0.9390994376113888,1.6627936876518208,2.449371243665695,0.8690434193606037,1.058581428891593,1.1559336087736658,1.2658988542766398,1.2026849862622635,1.0540451706504024,1.3224481616093042,2.4548457988736767,1.083300664082037,2.6617332849286512,1.3077040469556145,1.0636711579099205,1.9758262088370357,1.0405365999027785,0.8762964051617035,0.7914046529360085,0.9358947441437236,1.4640781800371216,1.2869395593543318,1.2335404917660666,1.1681203246929344,0.938851421556845,1.0915932219359425,1.0309655101465742,1.0754315653195923,1.149053255313239,2.1648557469807046,1.208407179406615,0.9630320894130316,1.1863132647216879,0.7671445531558447,1.0524999953931473,0.8447964893902312,1.7707776347260855,1.020011632612504,0.8772420082033547,1.156352245897772,1.7330925946019982,1.0529490373718702,0.943556080554879,1.4329262562112808
China,0.6184822152971453,1.2993857209981807,0.7393219670374029,1.8343938557712642,0.44301337319756223,0.7370092525720658,0.5413343850645278,0.631702555360411,0.4806779889693913,0.6522844216560166,1.3170326000739312,0.5322748196775666,0.415573350903546,0.9387899682873144,1.0,0.8971633995033781,0.8694201195025663,1.2590670080345472,0.7836791045200103,0.6617241507703491,0.7069831569992766,0.41026856922537375,0.7053221283555416,0.49297154145320005,0.9623332831865464,0.8624687638859609,1.5593456633815062,0.5956721533887626,1.3320206975805426,1.0899263591886927,1.1072903390028743,0.5402166034865492,0.30657823950703444,0.35913035024245377,0.6283899868286661,0.9040127543736324,1.5230399152245753,0.8079227486511119,1.6890328185719663,1.8647449631039401,0.6340190161229723,0.7571840369462477,1.0211529139577478,0.45798360931620885,0.5709603312046739,0.44688629894915954,0.5485377962331494,1.8868728812126614,0.5209896840075178,2.023099032986486,1.085265718854054,0.8857569747075582,1.4022362540710303,0.4428148451883829,0.5590505912920035,0.9804665642849986,0.3126419765274185,0.7918337805483,0.7163110414524068,0.5476997230525583,0.6128431166196404,0.23582659895807906,0.6082350836578075,0.2896928179310937,0.4440383478287982,0.9229384791523371,1.4929642215543413,0.3950123045586854,0.41999193325791867,0.7138054139182393,0.9926490670292211,0.6316122903464944,0.5672438398739639,1.1714087017162378,0.2901088927925594,0.3584032750889962,0.4049447136702233,1.123345343747265,0.7631250553588823,0.28995064595671155,0.7958711745001678
Colombia,1.0524538946283133,1.3998612865519429,1.4337805215072414,2.212916041969423,1.1647689971616113,0.7041903566445392,1.1785987287947686,0.9741530640704287,1.2142821393318326,1.2367096124801977,1.6466098316119766,1.284271749204445,1.0835203780263862,1.1634191172239614,0.8971633995033781,1.0,1.3558396827126167,1.5354222352230553,1.4173614850338638,1.298392271215265,1.3436125106860606,1.1716994943663903,1.0150423535292508,1.1118610874470536,1.4947595091880947,1.4762374851280609,1.7478587594728425,1.1950488355604492,1.6292893425939765,1.569810130800437,1.6290989078573224,1.3608057031060674,0.9634362628203096,1.0199367592809732,1.1865497977003532,1.4480927647621453,1.956192456243424,1.3685983776519748,1.5703008953756528,2.291373092201454,0.8427274985425841,1.3986302602685623,1.2531129716058425,1.1246226369814816,1.3453032886501763,1.004841144021899,1.2269960254398984,2.3145512620967006,1.2197529663881883,2.3867254929162036,1.6236073570179594,1.4245143150030806,2.0149382644830434,1.071690819334129,1.2395919975815965,1.0378437347087783,1.1273274305519676,1.2852005002138551,1.2103428980360165,1.2810658685638763,1.4109682513620376,0.9639123157567824,1.3615176255990646,1.0825597125610713,1.2132933920900235,1.5183169405422914,2.139380917720486,1.1836727272592908,1.2174455658099743,1.4244899984635755,1.2574243090912747,1.3784305907747847,1.204526651535624,1.6381872013624605,1.0492795170633096,0.9950026752525978,1.1777133993526558,1.5878808361273378,1.3949995184969566,1.0789661292311572,1.2682731055811267
Costa Rica,1.030055679138857,1.867334540805132,0.5967438622662204,2.2376428219335485,1.0900845308730918,1.1556750391277464,0.6616047449534932,1.3762213049729595,0.9435711614409981,0.9868596350771943,1.9145351057377735,0.9582962707935423,1.0683323045205504,0.9245195469395161,0.8694201195025663,1.3558396827126167,1.0,0.6915156661710493,1.3129176708897712,0.47015658987528725,1.2582036867071968,0.6486322917848694,1.027120311347421,0.8196152681526296,0.6409335688413735,0.5762137241492841,2.121034060627618,0.668850252605949,1.8170002933262184,1.677004540030533,1.1463600148723396,0.8167086020271946,0.9992753076031892,1.0547615731340643,0.4585107010934597,0.48987732091938596,1.3633800625454497,0.4884052506168191,1.6424395010937338,2.2928346363658916,0.8106940284259603,0.6543058117838692,1.0684397814046633,1.1583764222664106,0.9226759195918781,0.9329299986152203,0.9866517977868442,2.3367219618975774,0.8171865875242083,2.51102361148677,0.756669370150171,0.82938828455535,1.7439182486914104,0.9072176141508322,0.48082338819733084,1.0743012305795092,0.9174629405921864,1.2427757149882184,1.2576967054362027,1.106375543859269,0.7799048075580723,0.8483581387352207,0.7736278193687041,0.9815007894941904,1.0026133875740677,0.6378550591087043,1.8397776451749872,0.9584519679091504,0.7370907725138631,0.6505645770336773,0.7859034548468075,0.5604612931470737,0.5840059685802197,1.7501468878069848,0.8259266253907264,0.7950011712910947,1.000901861046685,1.677040435098021,0.5993826901252678,0.6653611764775953,1.2671833750073844
Croatia,1.3662798824685014,2.0237329397516235,1.0732017066853587,2.535340607567748,1.5061354493544488,1.2469411514800401,1.120838167551401,1.7094762737473783,1.3508256658002984,1.360944680052133,2.2580426490027707,1.4106500813002323,1.4896314161736894,0.8436557130948101,1.2590670080345472,1.5354222352230553,0.6915156661710493,1.0,1.7959799490491304,0.9473625333912238,1.5895873058918522,1.0687731991791154,1.168311603257342,1.1448844363632242,0.8819007737763518,1.0742752760971794,2.524255177826357,1.1206410029842606,2.0777512653281107,2.0950986796760676,1.4993872984557248,1.2925678342549454,1.293644484460382,1.4280030400750152,0.9552752192286227,0.9205457540931872,1.7270005875264454,0.8781094255489522,1.6148008034882382,2.632920305093511,1.112208307396454,1.1091434898877675,1.3087099858618612,1.5675634792070516,1.389647245422839,1.2268695003150176,1.4673908954738482,2.651047501183634,1.1937951689761064,2.8917461739628068,1.1642186096333524,1.116226662997111,2.0209659746924467,1.2882048355425808,0.9736248973009185,0.9795262938281486,1.268862897635471,1.6947266825114031,1.5580049076160039,1.5143873940189008,1.2445267418940544,1.201028348270062,1.1976423603003326,1.3592721075637746,1.3573356594338455,1.1072498716307995,2.3148237825214575,1.431726458490029,1.1674204741017584,1.1752207183007999,0.8989381874453561,1.059819557952077,0.9539903813112658,2.067219795870876,1.2368415657219987,1.1742029349146033,1.4526676360339792,1.993214938822127,1.0476590623621769,1.1399016675887343,1.6317317140816903
Czech Republic,1.106592495809591,1.351857060869911,1.051845760896641,1.339781567654637,0.4944357123601326,1.3838635995989323,1.0493110370748855,0.7868987081458844,0.6694648382013914,0.9801767284127721,0.9531822730418846,0.6686531369971529,0.5997596563141631,1.548624431345701,0.7836791045200103,1.4173614850338638,1.3129176708897712,1.7959799490491304,1.0,1.0729673468437118,0.6557516742292288,0.8961040018762323,1.2278873894655293,0.9140589344883119,1.4299483979283714,1.1839036549138644,1.1066960130187489,1.076389854345934,1.1903644297273197,0.574089609750945,1.016781448823966,0.6292462508126945,0.8245319689026641,0.6213718319726897,1.1033015907748658,1.3179360040158434,1.7014669420563044,1.2986781875333862,2.1377713380749825,1.3442883294581904,1.2564555831164308,1.1651483698230376,1.4720827677303032,0.4348020401904412,0.7638535914414037,0.8057219712803312,0.7002179714362653,1.387550753419119,0.8950816937009807,1.3951981516257101,1.3957919590757408,1.2888851520905482,1.1116425121009734,0.8050078822824364,1.0269516238757357,1.5267489632003448,0.7758320679648919,0.8443989504275187,0.8480797518103853,0.5465184916516894,0.8717317109055854,0.8051080107652655,0.9211506332739168,0.6662056087495871,0.6566529030808318,1.2134361509528988,0.9925661722294313,0.5053228599109939,0.8378029338126243,0.9848450103552746,1.5481123872364921,0.9394354448177846,1.0628741634776768,0.9632218341306826,0.8270736874947656,0.9307863296272457,0.6197066952998175,0.8062508508646717,1.1660091371385193,0.8380730338738244,0.887184713506886
Denmark,0.8878212878610896,1.8111183888732165,0.28678451600151156,2.1327607156588377,0.9011628675621451,1.1090951199966113,0.4251174385709846,1.2065205871119016,0.8394041402799355,0.9418256492672721,1.802012485537532,0.756376106682342,0.9137998581527943,0.9151979657578113,0.6617241507703491,1.298392271215265,0.47015658987528725,0.9473625333912238,1.0729673468437118,1.0,1.0976489597946588,0.40029994005070496,0.9602111929345208,0.7698150638674253,0.4705125175117832,0.3826090189862563,1.9953377601878344,0.3715779544708726,1.7488990139454659,1.5021057058279026,1.039638864576593,0.6420563084983504,0.8249450351649388,0.8956162201942331,0.3385400619765972,0.3595811014046688,1.2119686423905265,0.3507663251044738,1.7462587763757988,2.1749219782196323,0.7166847955106842,0.39373541391172684,1.0610556465874077,0.9399871053332686,0.726031231290169,0.8194678600957321,0.7967070847168182,2.249001426302507,0.7186016736684216,2.3254082460953582,0.5916461695735176,0.8854878732139531,1.6399800053251272,0.6697531895435818,0.20838428818215782,1.0520378041991925,0.6937984390264759,1.0497970561777457,1.1944230217531624,0.897133883336547,0.5257902584455058,0.685246149845408,0.5793118014138788,0.7574265559243105,0.8026013758886722,0.4380353024910018,1.6205433089518195,0.7506599790658667,0.5389811908695437,0.4103896691203297,0.7072868305596688,0.2794995407612269,0.2581407261316964,1.6372570030383689,0.6887509800428754,0.5593572760590163,0.7417606281170389,1.5724671473516314,0.3337199997900816,0.4557067494661291,1.1977521838020389
Ecuador,1.0612738894974822,1.1029304560488737,1.050232700476451,1.4433959491401815,0.45049925498739685,1.1795607634111749,1.0157645959541126,0.785675710092559,0.4720776647114288,0.8457678737110877,0.9946735260018588,0.6471612221251901,0.5481557517547834,1.367151886404797,0.7069831569992766,1.3436125106860606,1.2582036867071968,1.5895873058918522,0.6557516742292288,1.0976489597946588,1.0,0.8384315972148753,1.0726888927516933,0.7353933045115164,1.3718177220248975,1.2156751108191344,1.3255276786773054,1.0809365418306438,1.1273194464909218,0.788133600247371,1.1501798686507452,0.6012442974579164,0.6363649159361305,0.5308256636369949,1.086857106490819,1.3235312750249881,1.7404870098037033,1.2396422695661402,1.9748368042501983,1.3869668971817468,1.187231031631779,1.1666663469060867,1.3459755728773133,0.4727916373386428,0.708383373639157,0.6355614010965509,0.7535806106876606,1.4342134529268546,0.8187824239439784,1.622595134553942,1.4214592903850247,1.1586416436371338,0.9878186486151483,0.8571579800240507,1.0064233467648012,1.3340986198166098,0.6538230510681444,1.0464145007741108,0.6123287580134769,0.5480176732260066,0.8344370688599619,0.7076087796158483,0.8845814722954757,0.6060573946191354,0.49505495495525637,1.2814169821770853,1.2442236638767312,0.5083450182025661,0.7108098445756476,1.012798015147043,1.483518466757444,0.9339605755879606,1.0105774116897155,0.8817523786593541,0.6794205840609507,0.8544167733083615,0.6901945241251791,0.7235606291306027,1.1417442842786403,0.777654617318791,0.7960059279568525
"Egypt, Arab Rep.",0.6906468259135257,1.5810249119363078,0.4827550212262993,1.9056480058413,0.6251724181420621,0.9486183606014661,0.4144708267093239,0.9517659610883257,0.604424369397331,0.772712675317838,1.5367909986621555,0.5522230138778427,0.6728128161736222,0.8633728172456154,0.41026856922537375,1.1716994943663903,0.6486322917848694,1.0687731991791154,0.8961040018762323,0.40029994005070496,0.8384315972148753,1.0,0.8263697656298741,0.5520507672566034,0.7041601917948492,0.6171446325638619,1.782914765799984,0.4850273791810673,1.5041784926159758,1.268800737288766,0.9467955713847975,0.45894619893811395,0.5485405242510987,0.6276587383240972,0.4325585677325739,0.6258046125037605,1.3763042210271097,0.5324599857771752,1.716468645235891,1.958547734669039,0.7184628282877203,0.514678596043893,1.0148440521672253,0.6813265273385568,0.5239230338172016,0.6171645751374978,0.6341355682390193,2.0120041101088644,0.5068835258721658,2.159025621051443,0.8520730533568959,0.7215357125395476,1.4104908448941502,0.5213501485005513,0.28429577806061407,0.9526305349601848,0.3702282805307739,0.968336134737981,0.9029559573626273,0.6454768811039885,0.4367428603353006,0.408723818930679,0.46301365908684394,0.4499705632527008,0.5506094537403231,0.6441736885155375,1.4986692902879528,0.5010592627284614,0.36140129534874665,0.5092738232114464,0.8630347374879749,0.4060512854823429,0.3369866085431512,1.334667607923228,0.49697202512345234,0.3603194658750788,0.5079964279301196,1.3127760099549,0.5313884310240966,0.26834236377118637,0.9426786742662105
El Salvador,1.1071840055672342,1.336479211501262,1.0401172451009624,2.15945774514366,0.8987074691574832,0.6163707031252184,0.8205895591478176,0.9398588292111679,0.897113852805191,1.0497756643011995,1.5357775220609606,0.939348838856079,0.8166793742224417,0.9939326451765248,0.7053221283555416,1.0150423535292508,1.027120311347421,1.168311603257342,1.2278873894655293,0.9602111929345208,1.0726888927516933,0.8263697656298741,1.0,0.9030087378288398,1.0951375594134165,1.1127307189863913,1.8189071676346258,0.8853372541100847,1.478247304759123,1.371235631462584,1.2395335916272328,0.956104969538821,0.6022609260632351,0.7879299027517819,0.9210077258738165,1.0792663182804794,1.6600248249555185,1.017670200843369,1.486359244087445,2.0904890495369224,0.8038087103779796,0.9976219086139136,1.0861005029454371,0.8924551111056434,1.1039560093514147,0.7180122346372821,0.8275843659460419,2.075167307454359,0.8870672493826672,2.2726889668102435,1.275234332682603,1.2541094114182985,1.551056759122568,0.7227663066174163,0.8816050094937358,1.1080599172351415,0.7393510674642618,1.032275070282086,1.0639499785199809,1.015210089130147,0.9451451767649659,0.626176554508594,1.066015579338623,0.728102396828738,0.7838098542100769,1.208600240476395,1.8627817897218608,0.9160278755043803,0.8419243509914287,1.0521895942720365,1.137004779498263,0.9629232238031256,0.8078083505865881,1.412932833808222,0.7010033498391873,0.748113435827526,0.8876243174402472,1.3536914033020482,1.0318480535294887,0.7528882102374795,1.057112380696475
Estonia,0.7586002530155938,1.2604163261294017,0.8836648283205638,1.75297650414106,0.6315135360873355,0.8865255241381061,0.8094626716479026,0.8384335183148071,0.47109436661114223,0.6842731559264162,1.3575180450427786,0.7178583962560475,0.6180052709243896,0.8408692264089749,0.49297154145320005,1.1118610874470536,0.8196152681526296,1.1448844363632242,0.9140589344883119,0.7698150638674253,0.7353933045115164,0.5520507672566034,0.9030087378288398,1.0,1.0835611216816452,1.0035484202863336,1.647046074624796,0.8665191191687722,1.2387895729252305,1.2007057992711965,1.1055932400401192,0.5968238892262736,0.5207114078012185,0.5029249641212048,0.7177982111357117,1.0248475054113286,1.6947895584041057,0.9294910510041994,1.7947839013378355,1.8438172391324905,0.870444314298244,0.9424533696164715,1.0711571004609854,0.6427625763287,0.6652621389640185,0.5185344481571795,0.7876365179988716,1.8311282516427576,0.6710890268799805,2.109353245482805,1.249503510700562,0.7968177929954288,1.3751790995919297,0.6786959730431481,0.6948195111570307,0.9312812795452254,0.5023739705758936,0.9887139035312544,0.6481247732905044,0.6591749925803074,0.7683227060861878,0.48009830448705754,0.6710878856897022,0.5224131916062872,0.556152766172207,1.0358326759280294,1.5762680458493197,0.6030597577248836,0.5641430611877244,0.8822630824718439,1.1058771696410354,0.7478818695918518,0.7416915242593589,1.17022397056508,0.4954340776881108,0.6259512698132975,0.6352118811989765,1.0885495854509053,0.9316426062495263,0.5377214492714512,0.8032354895246872
Finland,1.1165470110988305,2.082636136843542,0.4505048095627447,2.4203621069554875,1.2236408008348998,1.2393658294579672,0.5592633478907284,1.4859136112334157,1.1618725277589,1.188323408334736,2.095060617102607,1.0420230670407453,1.2181649834319381,1.0132948901445646,0.9623332831865464,1.4947595091880947,0.6409335688413735,0.8819007737763518,1.4299483979283714,0.4705125175117832,1.3718177220248975,0.7041601917948492,1.0951375594134165,1.0835611216816452,1.0,0.4167116101404721,2.3234868414042706,0.5014530770951368,2.0218189884672153,1.8177910368793264,1.3157785832782267,0.9605902081814152,1.0973034930922492,1.2180595559490828,0.5924216540972401,0.3500536296792901,1.0744631677326997,0.30245392161060763,1.7393545801758874,2.4563737934840244,0.878338799518316,0.4166119882506815,1.06644464785434,1.270923769769571,0.9719854331147528,1.1334384094835017,1.0413550107491432,2.522091786942488,0.9256873023913521,2.596291204490403,0.43944184514560947,1.0219911256625382,1.8369538579471814,0.9992162472831703,0.5111179492901169,1.1589512640924517,0.9689391664081608,1.249617153809935,1.5009036730086784,1.2371059930240274,0.7581279459203142,0.9752580852003929,0.8066812913219045,1.0571366728295326,1.1046792744009555,0.5221372936872558,1.8412776460185964,1.0814113301265769,0.8126325764506894,0.5771459060573463,0.64422478512947,0.5764071096563393,0.48441475303495674,1.902929338892701,0.956900588572621,0.8289953443633374,1.0719492893616185,1.8861678238224504,0.3596753468408913,0.756890705463566,1.4367127696067332
