Country Name,Albania,Angola,Australia,Azerbaijan,Bangladesh,Belarus,Belgium,Bolivia,Brazil,Bulgaria,Cambodia,Cameroon,Canada,Chile,China,Colombia,Costa Rica,Croatia,Czech Republic,Denmark,Ecuador,"Egypt, Arab Rep.",El Salvador,Estonia,Finland,France,Georgia,Germany,Ghana,Guatemala,Honduras,Hungary,India,Indonesia,Israel,Italy,Jamaica,Japan,Jordan,Kazakhstan,Kenya,"Korea, Rep.",Kyrgyz Republic,Latvia,Lithuania,Malaysia,Mexico,Mongolia,Morocco,Nepal,Netherlands,New Zealand,Nigeria,North Macedonia,Norway,Oman,Pakistan,Panama,Paraguay,Peru,Philippines,Poland,Portugal,Romania,Russian Federation,Saudi Arabia,Senegal,Slovak Republic,South Africa,Spain,Sri Lanka,Sweden,Switzerland,Tanzania,Thailand,Tunisia,Turkey,Ukraine,United Kingdom,United States,Uruguay
Albania,1.0,0.4308039720053357,0.2627794064254933,0.41847801530436785,0.23398884293386585,0.2823855502859711,0.23537570762096838,0.25303198781586017,0.29280546249542166,0.25848145412973544,0.33709472521377204,0.28962108416383414,0.2381004706747691,0.3246358179780274,0.19781042021713616,0.28424133397636553,0.3581415000857296,0.4572549737721168,0.28786183994263914,0.2512754938202855,0.39085447050174577,0.22892946990966243,0.3533294724879071,0.3295506844787673,0.27231062326142197,0.27208506804543625,0.3001903567699957,0.2334944151948341,0.5334285897552552,0.3000892902309498,0.462102167449093,0.278944603525637,0.24578469909788372,0.2551225303720692,0.26029681934848925,0.24327924414700933,0.43671468221849624,0.2232213847456743,0.6314269594316362,0.34055488809291096,0.27730705904041947,0.22551868598417046,0.5335335658807758,0.2728548425233043,0.22670720376336698,0.34416934347015166,0.29904528437199757,0.36347671796305575,0.3169661890037173,0.38941258310362203,0.2671098332176281,0.20632290339300766,0.49884514875539043,0.2592950537061997,0.22755680836051267,0.4130820375753894,0.23251470753607945,0.43684041596480605,0.24449483836445862,0.24569352054011048,0.2817889302059356,0.2303614195562902,0.22872860388293276,0.23595251729561306,0.25660717895311286,0.27625064151292467,0.24873257906885327,0.2391026530473135,0.27697098315725266,0.27010405068910653,0.3264457519318044,0.2696385175785174,0.2760723911630787,0.28505320679596324,0.25686826407439267,0.2080633338170139,0.22077439244338318,0.2786824230143729,0.24015096243055126,0.23041905674401994,0.4002024647184978
Angola,0.4308039720053357,1.0,0.33358073678436867,0.4861724588791718,0.3125569965529641,0.3310302407235488,0.38685744766840086,0.3689280883800097,0.2764159551208,0.39068293979175694,0.38026606654160966,0.32456805729604826,0.3655121177934585,0.3173177420168228,0.3357525560061231,0.45905725247179535,0.3278341617270829,0.2973340519408242,0.3812679781727169,0.3037728614429644,0.31768304669283237,0.32346317338329966,0.3661782728543974,0.27417893024729795,0.3520837021877672,0.36720591061021546,0.40598813255164234,0.38970447309389833,0.5416073840670319,0.3492253532455411,0.43990998748285814,0.32431744918199407,0.3189394828893976,0.337860572618608,0.3560687875840949,0.3611024225391058,0.44958520239573674,0.3467494494188153,0.7251933499753445,0.45351974068237055,0.3556060093909488,0.40247740610513266,0.5768260917633115,0.32469607621869967,0.3680692102414278,0.2860217983092374,0.4121910015778259,0.3515355616858971,0.3661515286631884,0.43407399446579126,0.37304260487029706,0.3781095944724339,0.4352715285647352,0.39565901566853845,0.33023296749754005,0.38519459286492147,0.35160529838290194,0.4931676156664186,0.3291963319067972,0.3507020036041021,0.3527253924553802,0.36966016843595456,0.39093565160225574,0.3445963202375764,0.3124579496961987,0.40337371783618947,0.4541649911324116,0.35312331934826785,0.3171834730530359,0.3632801484556582,0.36196501545394166,0.275317511309766,0.3130679168782147,0.4444382580480463,0.3056722028564434,0.4096601238193193,0.41177080990568704,0.29490915539842344,0.31409131792520595,0.32186341801192253,0.4432259994414311
Australia,0.2627794064254933,0.33358073678436867,1.0,0.3597509539172424,0.12742927301427687,0.2027499312538074,0.1218269062422789,0.20191041737911747,0.1333982533451076,0.2783105717515271,0.24542704524899717,0.19451207334137627,0.15172037482806888,0.28311072306661766,0.10212317893750632,0.27748268331140036,0.24240151420084718,0.3243368531086873,0.13543419679542687,0.09761264186427974,0.2090283231882059,0.11529918602839742,0.2471321906717288,0.18202752666305702,0.10464004031553653,0.07288999014443205,0.2840785954018018,0.1049354829174394,0.43879748000687374,0.16549805832464665,0.3046514823713211,0.08692151469471962,0.11887452345197166,0.1155227791133811,0.11909511558559384,0.11300057702575779,0.3190656366202876,0.08615447921924631,0.67801522560446,0.25962566550892074,0.22079344945687723,0.15148129148619066,0.3954094189172317,0.10868779698467158,0.13993792895429397,0.15221012104551734,0.16563454380290357,0.2455487561511013,0.246829662846741,0.277971748846465,0.10300783577272203,0.2450776073259255,0.3508667112829496,0.1821626200743013,0.10385626459101568,0.3109073661690815,0.13907206818677562,0.32091444331958024,0.16013842732266745,0.18119943656977736,0.1531421173402835,0.102946252339099,0.17505998899107073,0.14485665812716536,0.10439821427829885,0.145873990303005,0.24876962569291286,0.097885605229668,0.15260067381374973,0.08626399529692437,0.25882156410623747,0.09542186824728258,0.0921455611046763,0.25978358552955455,0.11167136572736194,0.1660718851908433,0.17514762776656267,0.13368431276679107,0.07552028014691797,0.08698515547338147,0.2563612540890634
Azerbaijan,0.41847801530436785,0.4861724588791718,0.3597509539172424,1.0,0.2988137009601414,0.36329179049815413,0.38516844175316123,0.4038431476786283,0.3873311180327508,0.40219694596388833,0.33910014519702486,0.3448498654038246,0.3296517015064873,0.3278714779160445,0.340283260956653,0.37806447379245345,0.39519281049453503,0.44772262082276076,0.3460680136756004,0.3522053218212509,0.3984196107446667,0.3186077008306558,0.4536174624739959,0.3469622698909617,0.3596469555734659,0.3686750742586901,0.38174030402131226,0.38660843497777264,0.5943130131077783,0.3561160722829409,0.4999573419399883,0.3384866434610276,0.32928845469617046,0.3193295633309359,0.37038252308054415,0.3628621397862344,0.5266033597930312,0.3591517203393479,0.7448663825417496,0.44956370336388235,0.4409508902857424,0.37616176355327174,0.5479015757329314,0.34128632575806866,0.36603266776807014,0.4021805909194191,0.42480487258537813,0.3934064634765945,0.35628471311666093,0.33314172935554887,0.3710132713114014,0.35027176904866153,0.560016883185345,0.42511602979383195,0.3207517866676375,0.4149523753582127,0.3498954826679873,0.4754173839951132,0.394540132392809,0.3903421859346841,0.46685287119407987,0.362307634382774,0.39427743463813625,0.3401304754047654,0.3320661901557795,0.39147982442001994,0.40354841643844946,0.3373205305107464,0.3600001414047194,0.3781803066520756,0.2938442069671565,0.3375219771393925,0.3547192466440167,0.39627812772437315,0.4055091742972767,0.34351905380952413,0.4293322604791429,0.3528756190582508,0.3305174854592954,0.3490412006830931,0.4931940174233209
Bangladesh,0.23398884293386585,0.3125569965529641,0.12742927301427687,0.2988137009601414,1.0,0.15005377137371503,0.14071318272305317,0.18404793072821496,0.1712183159640804,0.25445732270202037,0.16943299557226144,0.17371993831381155,0.11006159437926255,0.23634246367433753,0.07985069191102868,0.2499015701755736,0.2562329777804299,0.33929068340335455,0.156438819878755,0.13531173348280737,0.2331220425767261,0.07879188433632188,0.24366981277974134,0.20069325646425992,0.1506871171862208,0.14416488575052758,0.2230209030155549,0.14683681222451286,0.4518270989273345,0.13258004489831263,0.3357350300529321,0.11847493877737673,0.08288138209806013,0.08110115379564589,0.16409509410857862,0.14183088832885377,0.33219906693164847,0.11354222203194439,0.6489646791324578,0.26788221763557724,0.20918420442959507,0.15285032974899476,0.4259913342571861,0.10736679753315695,0.15312661261996227,0.20571133337488126,0.20117050621455815,0.2338460088979282,0.19422522734533346,0.2549984959121385,0.14612309756814407,0.2054629859675204,0.37274840144973526,0.21083593220856872,0.08764273796813615,0.31529047261037874,0.11651056693768377,0.33819754114933037,0.18670852553319517,0.17013860229552868,0.21022163495715998,0.12408248342517113,0.20130965795292305,0.11761155773283878,0.08905361272350873,0.19979884205692494,0.2535138397592305,0.09702486425272575,0.13462072539489087,0.1528894459778545,0.20641776856377725,0.12035421108112691,0.12786216219929064,0.2517775837806924,0.15489374185291685,0.15623907250955335,0.19737535864718372,0.12262621810947263,0.08480601925483333,0.08731316382694891,0.3030060001335525
Belarus,0.2823855502859711,0.3310302407235488,0.2027499312538074,0.36329179049815413,0.15005377137371503,1.0,0.1659572112162214,0.2440546550240668,0.22789940856407873,0.2732403206376122,0.2187012624379372,0.21187984635899157,0.193896194994009,0.2218624081457595,0.14201065102149094,0.2549374770526185,0.2896713619382734,0.38163963326845335,0.20992727857320068,0.20151843050637852,0.279505475168346,0.14563507533913017,0.2627349590177684,0.22980626522529893,0.23135044294320956,0.20314753173667055,0.25132018568305736,0.18822387370290822,0.4434342957499794,0.19586531667538368,0.346275626005012,0.17911673905491943,0.11776412581328186,0.1372062954565484,0.20563602757292432,0.17950510325280045,0.36328729510594066,0.17654766737438052,0.7021801877463347,0.33181453642576614,0.2130073693079867,0.21545000985102936,0.41455151279826513,0.18060578143459208,0.21534298653392348,0.2639217976938319,0.24477948318563048,0.26063139143496794,0.25324678149387525,0.28060822368340804,0.20186840087069874,0.2693584458382274,0.40783829410571026,0.2419096500410376,0.1530017280468729,0.3552432946300919,0.13500992336006748,0.33264072372111275,0.22947363395909715,0.20816135415575202,0.24407211835370832,0.18174674663930104,0.2927001793860084,0.1781674215415606,0.1541207856172865,0.2159684115209172,0.3321687610633737,0.15576540331892302,0.1487789548403498,0.20568327878305875,0.2174476897498607,0.20581828261072566,0.177323685642858,0.259238125620892,0.18722611714696463,0.1939366732240489,0.20545307261820775,0.19266665591893906,0.17639844154617848,0.13791621905241006,0.3114975618979619
Belgium,0.23537570762096838,0.38685744766840086,0.1218269062422789,0.38516844175316123,0.14071318272305317,0.1659572112162214,1.0,0.1766145189540219,0.1886618669411272,0.2749483079707936,0.2094992388979033,0.1799139280871801,0.13735516248556634,0.29902506957004316,0.09824096903343583,0.2618294016748806,0.2933600112862504,0.4014659406189971,0.1484252661265426,0.16778086621084268,0.26717172781755244,0.12800315020276443,0.2301245733583343,0.2457623996353168,0.16543415659322855,0.09483826955280567,0.2647915631978174,0.060721518895910986,0.4233798893709763,0.13557984426602027,0.3166814459414953,0.13132209350925658,0.11600782265664292,0.1196198390629939,0.15012481468871158,0.10860489421811775,0.3212460361087397,0.09432196798262972,0.6544841034831806,0.2578346743648229,0.21593797752246405,0.10998581453414576,0.38873029791768504,0.1329565554723861,0.13400545830328783,0.23023579120334797,0.15111630694133082,0.2493343601283983,0.2406046136236454,0.2742242361716922,0.13022004262278103,0.24256943970991293,0.37912083330629787,0.1816303532268845,0.1264995433630514,0.38551470191769016,0.11582907245038587,0.29682770302045486,0.175853424175341,0.1493147542024085,0.14417504233621717,0.10372663255441174,0.19379602129388715,0.13584724182468713,0.13922652631230584,0.12767658167302787,0.2401657591198318,0.09835774706824178,0.14919833746937008,0.08964259050426097,0.2605848262995217,0.1793110737186853,0.14758758810879544,0.23301460918577205,0.12956248153110775,0.1421425256491588,0.1333782643497923,0.17970044435089866,0.12741041265090305,0.09202195031690955,0.26320860805585206
Bolivia,0.25303198781586017,0.3689280883800097,0.20191041737911747,0.4038431476786283,0.18404793072821496,0.2440546550240668,0.1766145189540219,1.0,0.21941157393554203,0.30964313983394176,0.24636613636357524,0.2265515103469329,0.1708216902626793,0.3160327087407285,0.16844131681407626,0.32523837205631706,0.3466917036173512,0.4109429252007418,0.2006950142658855,0.2151150294536226,0.3188708081003789,0.1881888484903741,0.19912605424812427,0.29802660285381966,0.193708013087441,0.18998478777940486,0.2744714953054973,0.17135026210572393,0.5050735681840754,0.18223436349917707,0.34392452736918294,0.2088768031062695,0.18921287364243167,0.19157112275873003,0.21554969541355046,0.2064580046049604,0.3641872774801491,0.18166332994729026,0.5917370311554172,0.3478051286735823,0.2419102463015023,0.1591269063514659,0.44978020541996266,0.15177965718745853,0.20102493620343997,0.23928046566814493,0.2092430884547469,0.2846191930082411,0.23407609344229866,0.30186427158501655,0.251438295654111,0.27202049620974417,0.43793034249511203,0.2268324274606882,0.19956698197472958,0.40001367510304003,0.19664784075747707,0.34236099608934156,0.22130689075613444,0.21178495547815673,0.20103356997461724,0.16572158347250537,0.17370550772538867,0.13610323362732918,0.20367984978340165,0.21576312511564544,0.2697854420770953,0.2067067107995092,0.24956825925685788,0.1824992081068904,0.29780589579151445,0.21458347811453127,0.18400463444053844,0.2858575343981178,0.19282517254311338,0.24725044642825394,0.24363535050503426,0.22491557618327304,0.17837310324252256,0.18567374369684528,0.30303515649362683
Brazil,0.29280546249542166,0.2764159551208,0.1333982533451076,0.3873311180327508,0.1712183159640804,0.22789940856407873,0.1886618669411272,0.21941157393554203,1.0,0.26962851083274647,0.27039634524675715,0.2184938249144002,0.17839155066300483,0.2685736264395574,0.16283134803888238,0.32504745201653257,0.22500510044325162,0.29170117871084533,0.21437213712487305,0.15163796101694887,0.20543718063830876,0.17069123031886468,0.264946588268934,0.17193977276776587,0.18682524053135452,0.14920990687462574,0.2726057824098138,0.1777200924858093,0.48279295389724014,0.21349492279268587,0.3046914943222053,0.11364102227579212,0.1740319878973763,0.16115498174992607,0.13062962560337646,0.15058617197192,0.32949805933070664,0.13073795506120292,0.6450046123049122,0.2904178115832596,0.20985788936732916,0.1962792409301722,0.4004143770880364,0.16707532158843177,0.19384167778148947,0.12935671127550544,0.2231205778332255,0.2370259084156805,0.26376067611532084,0.29906194511223183,0.21152934103537163,0.2504879864229337,0.39777096361467007,0.2077920053163348,0.14932867741351477,0.3420251731468441,0.19452736388700997,0.3878653638816347,0.09691046251406356,0.21720159554690502,0.17387257584135937,0.17731406569477998,0.18027297701872813,0.20005584847767816,0.15784521681574767,0.18498852788395545,0.29790526741386714,0.15177514405630518,0.16926867700770656,0.14346543102548948,0.28418034246753215,0.12454523253390111,0.15779313494024858,0.2666572106885211,0.12392996522413675,0.237445903023467,0.2344920141770522,0.1265941147424308,0.14819379603779714,0.13534929775728785,0.25317305669863494
Bulgaria,0.25848145412973544,0.39068293979175694,0.2783105717515271,0.40219694596388833,0.25445732270202037,0.2732403206376122,0.2749483079707936,0.30964313983394176,0.26962851083274647,1.0,0.3424706637465987,0.3195449380457874,0.24428166191186138,0.3079489777325776,0.24960094294742322,0.35232523183799885,0.27088237187091757,0.38808336821687145,0.29788119703533744,0.26652827385721867,0.374505619798415,0.2606273025049711,0.3407454505580012,0.29443182585215577,0.3083561945388909,0.2734206173131308,0.3433942542272396,0.27757802833384604,0.5712986719248051,0.33033158635414467,0.4814367353871502,0.256996625695691,0.25520629284412844,0.2511315977735117,0.28195362166437526,0.2578077406911721,0.4667890458691983,0.25502671949996214,0.6926004174641199,0.3858239315202311,0.24931888375381225,0.2838774494753641,0.491358354094404,0.3024687498040809,0.24733853247338286,0.3460966065237066,0.3515954402767001,0.33206212137261243,0.2948623564463209,0.373810147732978,0.2794685458099153,0.2034782644749337,0.489107363774417,0.3326337435758846,0.23656053374308883,0.48096971037455977,0.263422784979803,0.44116574376080775,0.2353446008731331,0.26692391413517086,0.2928196868723929,0.26505046382709463,0.3067824702570723,0.26200291843284873,0.2528565460175578,0.29364517075500696,0.3611785692774243,0.268461405524713,0.27566195438492197,0.2623602664125382,0.31820535753141443,0.25280142542336287,0.27563483980935083,0.3118400448749759,0.22004056389714557,0.29070522809014837,0.2970701749699617,0.2528234064297199,0.24552124420889038,0.24213315316023334,0.4015380663195839
Cambodia,0.33709472521377204,0.38026606654160966,0.24542704524899717,0.33910014519702486,0.16943299557226144,0.2187012624379372,0.2094992388979033,0.24636613636357524,0.27039634524675715,0.3424706637465987,1.0,0.21364283952348395,0.17895770515394785,0.3120342403004129,0.20950921072568862,0.33823435597590734,0.3295144464994735,0.41059537830459203,0.2392218475335475,0.25674305114123247,0.31530349928889273,0.20984920244642633,0.28604464096831383,0.2759381935393785,0.25034899573577496,0.22311428805896982,0.2963521899730117,0.23097641814329783,0.3971870712378849,0.13746448536901887,0.3847401706759014,0.21466712458798767,0.196995033093302,0.1726637791298055,0.27162074111884094,0.23716274046242136,0.36536982504344917,0.22339197109830033,0.6611920792523452,0.31167172936977544,0.3128489306564333,0.22595770610841348,0.4504400033538865,0.20726847288518183,0.23443660047819795,0.3040361605011843,0.2599866782854248,0.2592934540953975,0.19012650245488963,0.32294430040078037,0.23566897325926994,0.27026594075857513,0.3784707673972314,0.3071396921385165,0.21401734973519967,0.42142510472682726,0.21731427299361974,0.3027780990448201,0.2909743703805041,0.21394440506375528,0.2865614220973314,0.23154451726090042,0.27683894870497233,0.22247421548380492,0.212207290715864,0.28311113641594426,0.32257688703212717,0.2088094676398928,0.1898375777571613,0.230501444390968,0.23624253866987366,0.24452062282848339,0.25798066083303683,0.3372402608302444,0.247264494926266,0.26011951260891625,0.28082547834021465,0.22472834177820758,0.21886886639841308,0.20238500799600895,0.3606370427331001
Cameroon,0.28962108416383414,0.32456805729604826,0.19451207334137627,0.3448498654038246,0.17371993831381155,0.21187984635899157,0.1799139280871801,0.2265515103469329,0.2184938249144002,0.3195449380457874,0.21364283952348395,1.0,0.21543736090121487,0.268376196932204,0.18584610171176066,0.32644035159493345,0.3097578213390327,0.3712989568246629,0.21861839277045417,0.20781784136911083,0.28854422994755724,0.1857302093814165,0.26177896752714824,0.250995530149366,0.23192589795125135,0.19033938598921965,0.307347296788031,0.20675283129537184,0.403711334057723,0.15834118656468205,0.3551617007607599,0.17774174373837814,0.18302924363843465,0.19772778515341247,0.2247644802648127,0.18712672376946585,0.4228159422014366,0.18709194884440147,0.6292858584187726,0.32892796267977614,0.3185929304728174,0.2283949533703431,0.5212743490522427,0.18808274830238755,0.19343145603814013,0.2517366186186678,0.2565664213492241,0.23480325258909654,0.23033952348294123,0.2924897539502269,0.22405660981435802,0.2526023124319297,0.41684601607902166,0.2806982178682023,0.19329761888565516,0.387381068707633,0.2044737623163244,0.32894455672138984,0.22923018685465366,0.14999357849596126,0.23682354268944208,0.21720112845852982,0.24096066382489148,0.2016567548287452,0.19815014923302438,0.19785040434236562,0.2885755638683523,0.18795249117774704,0.16624766681011796,0.18026096849183668,0.21680638779431408,0.1996589428138172,0.2117504024665987,0.3083968864734352,0.21247523908908422,0.23568274864569239,0.25728061879533687,0.22545658502126462,0.18717790791684033,0.17893230814232214,0.3705951512776684
Canada,0.2381004706747691,0.3655121177934585,0.15172037482806888,0.3296517015064873,0.11006159437926255,0.193896194994009,0.13735516248556634,0.1708216902626793,0.17839155066300483,0.24428166191186138,0.17895770515394785,0.21543736090121487,1.0,0.26863027661170846,0.11444347883886015,0.25494749470606326,0.26278113494338756,0.36625603427276615,0.17531223656475659,0.1668877202388558,0.2717117361404145,0.1433602936061841,0.23168732355031332,0.22633036117083172,0.16891147469075335,0.13444826605637078,0.2407299401323269,0.1324003685422483,0.46329372791856055,0.16202120999231295,0.3559644773458214,0.14110596549246293,0.12699776966590434,0.09331873126489805,0.15632179836362792,0.14354275691564494,0.32872593583456017,0.12092668984487252,0.5971830011015449,0.25311314778159977,0.20926684194984702,0.10863389696431076,0.3977408374756611,0.13805636439289198,0.16152994551173186,0.23063893523645737,0.1861305632481932,0.26942006801329355,0.2210736601712351,0.2966652776920778,0.16841026837992193,0.2166665908269858,0.4189098136548168,0.21134392956215944,0.11498793300260679,0.3814233944933219,0.16242455999118413,0.3386185165269562,0.18472177775537282,0.1871410765340836,0.215410190521265,0.12162297339286911,0.17141727107173194,0.13595054298992876,0.12699608928753692,0.20654690445815946,0.250866895177056,0.1309801378992501,0.1774149558829784,0.1512121479618084,0.2416937817851813,0.16077003658315916,0.17113427424622,0.2679454055516736,0.15503080382512813,0.15710229744465215,0.20815132068697717,0.1489727244408085,0.12010195914433172,0.11615419586777886,0.3043946533332736
Chile,0.3246358179780274,0.3173177420168228,0.28311072306661766,0.3278714779160445,0.23634246367433753,0.2218624081457595,0.29902506957004316,0.3160327087407285,0.2685736264395574,0.3079489777325776,0.3120342403004129,0.268376196932204,0.26863027661170846,1.0,0.24681291662737811,0.3573649863352062,0.31167400784393096,0.3687949173366679,0.2921891281780881,0.23706443144624426,0.3369796378353689,0.21795090223306735,0.35176976909417923,0.22792147096055018,0.30384181011940853,0.2955436850923934,0.31069340885602625,0.3005213616795312,0.5239367114342954,0.3043072007238797,0.3921189272176198,0.25314462297647095,0.2266734915444931,0.23376283922511829,0.2633874779858573,0.2524799926158214,0.431546821227069,0.2569074847870239,0.6854142425179001,0.4039459944266907,0.2865822109242796,0.2842507546254361,0.5043688917857525,0.26269206373472553,0.2929567881350613,0.3194612672967579,0.37006056289526607,0.33563317948974913,0.32318374225580787,0.34361473235622286,0.31835485715523887,0.2980948560070304,0.5279645387585202,0.31476425241344147,0.21529366223145555,0.3861718566102416,0.2416913295773276,0.4455784411380284,0.28574493864338274,0.26380492972470293,0.3318450782699538,0.2941733962250391,0.319508771917171,0.25094839453519713,0.22918945620662556,0.2890668774105104,0.3800706562811704,0.26753109492030736,0.2296395244772325,0.30308208914149587,0.2001646115937399,0.24436789280509527,0.24942832110036023,0.3561033344512709,0.2882293390272488,0.2805768550046019,0.31498234992156715,0.2668504390699786,0.24670577736998078,0.24327257147527634,0.42978729911205427
China,0.19781042021713616,0.3357525560061231,0.10212317893750632,0.340283260956653,0.07985069191102868,0.14201065102149094,0.09824096903343583,0.16844131681407626,0.16283134803888238,0.24960094294742322,0.20950921072568862,0.18584610171176066,0.11444347883886015,0.24681291662737811,1.0,0.2248067076587682,0.26129989773345064,0.3578442772078005,0.14116101598118935,0.11607380124513682,0.2434771277715944,0.07661143480764028,0.24535920591164245,0.19783955432518846,0.13504471272855292,0.11779273801512835,0.23281089298431654,0.0921042115427582,0.4464078472906534,0.14966284364938495,0.3314634600318044,0.11899254447547628,0.07338933952396215,0.07802804380702733,0.13141714079439196,0.11322910238803269,0.3231473766652608,0.08144388039960701,0.6586973529919994,0.2670441511757069,0.1863518132997753,0.12562376341025638,0.40378025154620156,0.10320537153299168,0.13378740856311025,0.1974703097129249,0.17595406641129682,0.25317429133385105,0.2254497983117186,0.26778955745383587,0.1265568286827357,0.2116748012278707,0.38438374592781327,0.16692457884311585,0.0767933192734741,0.3184639302318099,0.09267678033782834,0.322644242048631,0.15942940123679886,0.16076873122507576,0.1778099024470888,0.08660595557608819,0.17818456883351538,0.11036952738415062,0.09530426892046032,0.1621838359597348,0.23617681953055406,0.07534584939647725,0.1367703760621187,0.12476535778843321,0.22447511471570558,0.1276277603816687,0.11247047029753635,0.23173835240998822,0.12315010976096634,0.11944618412484724,0.14373768539829734,0.13865039296697054,0.08234584516230377,0.057556117096552534,0.2765085694606792
Colombia,0.28424133397636553,0.45905725247179535,0.27748268331140036,0.37806447379245345,0.2499015701755736,0.2549374770526185,0.2618294016748806,0.32523837205631706,0.32504745201653257,0.35232523183799885,0.33823435597590734,0.32644035159493345,0.25494749470606326,0.3573649863352062,0.2248067076587682,1.0,0.3449821544226139,0.4499651751379033,0.2836434898344861,0.2792715791038835,0.34481539830823077,0.2613722923430189,0.3791190965685379,0.33122804358851216,0.3079009775782376,0.2820421711908755,0.29382991279904,0.257443392409883,0.5339544362362897,0.30917470041207085,0.43821222413710803,0.29812913073420116,0.2536150120883927,0.24857385833637538,0.25842890322927226,0.27093279221896505,0.4252892182329118,0.2634001670673945,0.6660631123664803,0.3483654804422372,0.27462380469647885,0.29138458202166967,0.45679805093561326,0.2742248531145521,0.29663891018070665,0.322966011656923,0.3087305747445685,0.43611874848525645,0.37123372775845986,0.3751656441001415,0.25635840389645553,0.3307430631285223,0.52548056558935,0.3019096196126209,0.25179978897807526,0.355705618803616,0.28928317329000613,0.44702358241091955,0.3047304969245486,0.3211660008952495,0.36303376401867166,0.24799582478757332,0.3430334016341595,0.28940811867598515,0.27982312423447064,0.31075510839585063,0.3840238168135544,0.23835982534864392,0.30323143113193246,0.2989897856067695,0.30836958977726486,0.3010982856274353,0.28228783749565284,0.36876342440296406,0.3025842041620273,0.189186107229726,0.2939038348918715,0.31381513329715605,0.2670028539219775,0.25009283437794905,0.4020204293695728
Costa Rica,0.3581415000857296,0.3278341617270829,0.24240151420084718,0.39519281049453503,0.2562329777804299,0.2896713619382734,0.2933600112862504,0.3466917036173512,0.22500510044325162,0.27088237187091757,0.3295144464994735,0.3097578213390327,0.26278113494338756,0.31167400784393096,0.26129989773345064,0.3449821544226139,1.0,0.20285426294199044,0.2956304735843334,0.19179943582435427,0.35446167283670793,0.2495792433200912,0.3109822016144964,0.19621078178889062,0.2668724997735892,0.23794006455716954,0.35229901529265306,0.29057676969242047,0.5155016151774601,0.30427744140973667,0.3796755405988133,0.23143996545727402,0.26414078533226004,0.24849424696825018,0.22696246789223057,0.22014798420582385,0.4385844464931292,0.23816638753858008,0.7003357869535493,0.3937725519825854,0.28225016461587427,0.3086577752676834,0.4628932556929999,0.2899364878798557,0.3109828374038683,0.23754001143927822,0.3232720144251547,0.32555843781216476,0.2902766343778229,0.41308799365515986,0.24834159251874058,0.24477758025919757,0.42633236570775873,0.2948658028968951,0.21221157466642884,0.38609134322339644,0.2967415648537684,0.40677195486117146,0.250424732352871,0.31441669842558273,0.3126606452616519,0.25708690833830206,0.31765854353445216,0.29272434748561643,0.2620983878505765,0.29336757036137695,0.4045691041105209,0.2688260581838563,0.2777093939989901,0.25649868478036414,0.3074525553556403,0.18597889784780547,0.2521974146163804,0.37040277463792975,0.2262027656240898,0.30734510272143684,0.32954545479962727,0.23769926797669813,0.23923459813867415,0.23222263172451385,0.36406339595206383
Croatia,0.4572549737721168,0.2973340519408242,0.3243368531086873,0.44772262082276076,0.33929068340335455,0.38163963326845335,0.4014659406189971,0.4109429252007418,0.29170117871084533,0.38808336821687145,0.41059537830459203,0.3712989568246629,0.36625603427276615,0.3687949173366679,0.3578442772078005,0.4499651751379033,0.20285426294199044,1.0,0.40889732795434264,0.28617657607256825,0.3840057726209297,0.3431898138273713,0.36048232440830735,0.28249973418813756,0.3140878713797735,0.34304583141586337,0.47025502753840887,0.39126968673676904,0.5906669686376218,0.39411452333804914,0.4560154899538861,0.3259984120995902,0.35074019236755793,0.3516820778112049,0.3416949317023551,0.3344004853198498,0.522236370076323,0.3315133797359187,0.7112777206680049,0.4987690483482995,0.39008801601439125,0.4116387484071412,0.5651284204066298,0.37127228063218537,0.4086978987138516,0.24952365437797314,0.4261747481542744,0.39944839186405345,0.3235900194264145,0.4905790352916187,0.3587095968532312,0.33213848698133774,0.44818040285407074,0.3864451981612051,0.3237631966366651,0.3666399769155146,0.39024477682954223,0.5028208431462715,0.33239065413841007,0.40329145965104674,0.3996438156404272,0.3554856061903602,0.3714153748552932,0.3822386293671516,0.3465739052910649,0.4021273246634355,0.5027790392071236,0.37370426870287954,0.36181908546623454,0.35306515608719696,0.35643107999249335,0.2566838955645687,0.32640766045168035,0.4665630145073558,0.327582698879957,0.4197691756350515,0.45244314863873464,0.32099120351087324,0.3243375205551211,0.3417825019316301,0.45299966969793415
Czech Republic,0.28786183994263914,0.3812679781727169,0.13543419679542687,0.3460680136756004,0.156438819878755,0.20992727857320068,0.1484252661265426,0.2006950142658855,0.21437213712487305,0.29788119703533744,0.2392218475335475,0.21861839277045417,0.17531223656475659,0.2921891281780881,0.14116101598118935,0.2836434898344861,0.2956304735843334,0.40889732795434264,1.0,0.15571155452898391,0.2644335424812072,0.13757645636040328,0.26253314153786866,0.2220888277476741,0.19345470416715616,0.13116275420877405,0.25025745290799273,0.15085962292214866,0.42537909058439544,0.14620739406282296,0.279905700174453,0.13668879688248312,0.14570753258621927,0.12915396441823723,0.1604694887899356,0.16566779892649428,0.3407659684725691,0.16883082565677276,0.7117091202438189,0.2691860695834102,0.2376494523215137,0.17594593817806764,0.3957519561614782,0.09696503782337984,0.15522014642172094,0.2388656212136475,0.17059852313693477,0.24565412582646404,0.28691283839716364,0.2433277159414498,0.15621619192062303,0.2939785328062651,0.3867410797601016,0.22097327735441386,0.14484764067654055,0.36141382177460263,0.15069069119145231,0.28303518767325414,0.23171471887183848,0.18612478944831348,0.19000593153945938,0.13441933679648602,0.24608673422033495,0.12665894165168276,0.1369098977087824,0.1508291629129195,0.2535228180533688,0.13347806056186678,0.19790696224854554,0.14442613812662436,0.283290471075772,0.17784193795642006,0.1273848996416149,0.27341264658850023,0.1702126176057242,0.18415454568038434,0.17278029940521888,0.17773019000314874,0.14074655449091247,0.13087573728900825,0.2691275214633645
Denmark,0.2512754938202855,0.3037728614429644,0.09761264186427974,0.3522053218212509,0.13531173348280737,0.20151843050637852,0.16778086621084268,0.2151150294536226,0.15163796101694887,0.26652827385721867,0.25674305114123247,0.20781784136911083,0.1668877202388558,0.23706443144624426,0.11607380124513682,0.2792715791038835,0.19179943582435427,0.28617657607256825,0.15571155452898391,1.0,0.2655837001870175,0.10655345073055021,0.2429188288651997,0.1528331114371603,0.13201489357294022,0.12354992552473797,0.2727050418082472,0.15189830162497012,0.4568891410235071,0.18488142850197925,0.30422938451845705,0.1260339707772279,0.13067129399506755,0.13122572183008654,0.12545318770814856,0.11058878362845302,0.34434814286340437,0.11253095719770424,0.6761675805959737,0.30303876199958907,0.21047257895864588,0.17510343173953077,0.4272199083722927,0.13836197934033945,0.18971163358059775,0.16224573346583096,0.2108423094072742,0.2620882775548553,0.24467355830426682,0.30348480139892586,0.14054569479994644,0.22655710653766514,0.38038763089998245,0.1693106221961957,0.08462140064534175,0.30903679737394707,0.15451380029632533,0.33184905284256994,0.18106057123196506,0.19332552947095782,0.1908117254481808,0.13000321683246174,0.19893971677702518,0.14920088351726957,0.1262716627571365,0.17480495624509143,0.2691751800511059,0.1435809924480385,0.17476052900461175,0.1443248194083727,0.23593660206366293,0.06800943976545672,0.10280159206071088,0.2834531671737103,0.1354939239029255,0.18163923271569055,0.1920027867981503,0.15065992154925967,0.09908390807231991,0.10560827902179636,0.29783570559741407
Ecuador,0.39085447050174577,0.31768304669283237,0.2090283231882059,0.3984196107446667,0.2331220425767261,0.279505475168346,0.26717172781755244,0.3188708081003789,0.20543718063830876,0.374505619798415,0.31530349928889273,0.28854422994755724,0.2717117361404145,0.3369796378353689,0.2434771277715944,0.34481539830823077,0.35446167283670793,0.3840057726209297,0.2644335424812072,0.2655837001870175,1.0,0.2451330981802261,0.3733694802899942,0.24852518895959771,0.2617195692755345,0.2494829313491577,0.35490090187538,0.26156241934551605,0.49228174617260057,0.2725131492052416,0.3675682148142515,0.214846226713377,0.23003385785531402,0.23072910227744933,0.2584808977165514,0.28217252879665233,0.31205997804997504,0.24549892846779184,0.7333040398771143,0.2816340070393814,0.28894456072103897,0.29338705337160875,0.3927011472269761,0.21481826407067423,0.238346482244005,0.2221619497184699,0.2988497352683507,0.3304020315626724,0.3541594326035882,0.3080922622323843,0.25390684625593124,0.3657883285761961,0.3820141880334155,0.32935782352215776,0.25643681145479374,0.32225787741814343,0.2583542960186425,0.4496486868463087,0.24419932023352092,0.2836281453389177,0.26205980289677805,0.26873612498487986,0.3056593012492206,0.2756526975502829,0.21140027933695185,0.2907779607036213,0.370902206353338,0.2129383490503788,0.22300459605716308,0.24326440755129147,0.32859894436536974,0.23917409535613868,0.22204241510679154,0.3562684252389637,0.24174317100131842,0.27934029796381377,0.3102608436756508,0.2232899640910864,0.22176333748858088,0.23058464012855495,0.314961857823265
"Egypt, Arab Rep.",0.22892946990966243,0.32346317338329966,0.11529918602839742,0.3186077008306558,0.07879188433632188,0.14563507533913017,0.12800315020276443,0.1881888484903741,0.17069123031886468,0.2606273025049711,0.20984920244642633,0.1857302093814165,0.1433602936061841,0.21795090223306735,0.07661143480764028,0.2613722923430189,0.2495792433200912,0.3431898138273713,0.13757645636040328,0.10655345073055021,0.2451330981802261,1.0,0.2398040248077652,0.1852258686200229,0.14353131788772083,0.13275375782189752,0.23206249866515802,0.1354710228644087,0.4544237560185018,0.1454172317878606,0.29674283973118915,0.11616086917978444,0.07439955634364212,0.093742011600026,0.1417137337738492,0.11546567044087182,0.32002489905072984,0.09685926961454014,0.6748422769474719,0.2787083509000309,0.19432668953685603,0.1399345628236682,0.403671915485136,0.10284503907756878,0.15476833816377153,0.20279315107033388,0.19609791794342593,0.23553230946175602,0.2230233847299399,0.25506576014659094,0.14255308964095745,0.21141580671684732,0.3709649523109855,0.17937118827421916,0.06445038540731637,0.3143866899353855,0.08019344063049215,0.3318350628794197,0.17931936538277457,0.16890489743570464,0.18131546948735827,0.11110004541924592,0.20677951371146733,0.09477789985498118,0.09055391430377205,0.164485193546457,0.24893742803804306,0.09987270394741661,0.14284945609803348,0.14209824224305395,0.21940731003028582,0.1185014346863638,0.09043870413585178,0.23399967883516806,0.14558497142590623,0.1462945170784081,0.1640375449434009,0.14055726855500192,0.0836695045816882,0.07453519408482759,0.28006114288186335
El Salvador,0.3533294724879071,0.3661782728543974,0.2471321906717288,0.4536174624739959,0.24366981277974134,0.2627349590177684,0.2301245733583343,0.19912605424812427,0.264946588268934,0.3407454505580012,0.28604464096831383,0.26177896752714824,0.23168732355031332,0.35176976909417923,0.24535920591164245,0.3791190965685379,0.3109822016144964,0.36048232440830735,0.26253314153786866,0.2429188288651997,0.3733694802899942,0.2398040248077652,1.0,0.32838738780466575,0.23662812924605153,0.23012813868068535,0.34615987757509603,0.24236722899848887,0.5079953029518176,0.22064546605777974,0.3252572492022969,0.2478209781362355,0.223070440433063,0.24746734045708563,0.2632220850701449,0.22892450721211247,0.42171400708074924,0.23463719968960495,0.5936198366114297,0.3809752337693131,0.294196262558028,0.23396286578924755,0.48054144044425834,0.22814042013706162,0.2956142442125261,0.25578790158556214,0.24249391768841466,0.2910926965528245,0.2664035648404121,0.36075069225898093,0.2747837883116926,0.3200541161584146,0.4076328467265739,0.2554385756272902,0.24108783735457057,0.4488402907072245,0.2509628838490312,0.35347697710337805,0.27625781108034664,0.2679020669675637,0.2388582321548266,0.20320184459062865,0.28287339170900033,0.19623442008591324,0.23910778949400396,0.2697123879897742,0.3518205727347277,0.27270693234544374,0.30048049486020795,0.23243007090732867,0.34537446868790583,0.2399379520176932,0.21844244179429778,0.32820643867420957,0.2252305668846927,0.2965652091506183,0.29867630967610453,0.25282903782653293,0.23549249932515776,0.23816743607641042,0.3445315104545036
Estonia,0.3295506844787673,0.27417893024729795,0.18202752666305702,0.3469622698909617,0.20069325646425992,0.22980626522529893,0.2457623996353168,0.29802660285381966,0.17193977276776587,0.29443182585215577,0.2759381935393785,0.250995530149366,0.22633036117083172,0.22792147096055018,0.19783955432518846,0.33122804358851216,0.19621078178889062,0.28249973418813756,0.2220888277476741,0.1528331114371603,0.24852518895959771,0.1852258686200229,0.32838738780466575,1.0,0.2160224163610771,0.20020202463747608,0.32292825242087486,0.2430069939375826,0.42405651430882696,0.24656592473549768,0.3478901263888478,0.16622167151657707,0.1937436776986291,0.17531448983977793,0.18368065655802146,0.20871925767351343,0.3611168986661376,0.2019947145022767,0.7371546102089087,0.32998621943458284,0.2752315191328349,0.2602236047967412,0.4108700811895934,0.19929967700976672,0.2214672973616531,0.21144818208306884,0.26963375400063927,0.26502443146953775,0.29611297092441935,0.35323417295309384,0.21119768968544242,0.2604447172877939,0.3872875321866556,0.27611473777474943,0.16979947998465056,0.31228591071315087,0.21859261718461287,0.34016068915241876,0.22064753999615813,0.25421993452725145,0.26251479414353246,0.22135278860500027,0.26921364766357075,0.22865246230610037,0.18082706279280322,0.24709668317601374,0.3290322034531399,0.20110564476265796,0.19196258255264853,0.21717725891048498,0.2608663779205673,0.1518273924760581,0.19330758268822001,0.32378237450539266,0.1820326011780835,0.25342789487234413,0.26467829076545113,0.17626616956438945,0.17938695699872698,0.17086040619499418,0.30417613652493586
