Country Name,Albania,Angola,Australia,Austria,Azerbaijan,Bangladesh,Belarus,Belgium,Bolivia,Brazil,Bulgaria,Burkina Faso,Cambodia,Cameroon,Canada,Chad,Chile,China,Colombia,Costa Rica,Croatia,Czech Republic,Denmark,Dominican Republic,Ecuador,"Egypt, Arab Rep.",El Salvador,Estonia,Finland,France,Germany,Ghana,Greece,Guatemala,Honduras,Hungary,India,Indonesia,"Iran, Islamic Rep.",Ireland,Israel,Italy,Jamaica,Japan,Jordan,Kazakhstan,Kenya,"Korea, Rep.",Kuwait,Kyrgyz Republic,Latvia,Lithuania,Madagascar,Mali,Mexico,Moldova,Mongolia,Morocco,Nepal,Netherlands,New Zealand,Nicaragua,Nigeria,North Macedonia,Norway,Oman,Pakistan,Panama,Paraguay,Peru,Philippines,Poland,Portugal,Romania,Russian Federation,Rwanda,Saudi Arabia,Senegal,Singapore,Slovak Republic,South Africa,Spain,Sri Lanka,Sweden,Switzerland,Tanzania,Thailand,Tunisia,Uganda,Ukraine,United Kingdom,United States,Uruguay
Albania,1.0,0.08482069487311096,0.12241492869811012,0.0901480386724129,0.08449436478536083,0.09444704411918532,0.06694309315487988,0.08118180957352393,0.07434196347804763,0.08310191075624423,0.12145329767903278,0.09950702646519162,0.0887025732309241,0.1614435921721706,0.192117992875098,0.1566123038401654,0.21344750135706816,0.07431519979434124,0.12234370480892334,0.16812875486114642,0.05373057440630596,0.08591708719594733,0.1386631961309143,0.2528203003168086,0.09414440722236482,0.09155440750009836,0.07745282897436548,0.06728604797875434,0.08988079673313634,0.2732908586309895,0.07511437513718017,0.12899313926308303,0.5512965635330594,0.10439348162635065,0.08548805924112023,0.12357166306578769,0.12200977046053536,0.11618127742885756,0.06413626612195035,0.12353502338291354,0.06175577570644824,0.15636737967101086,0.16917633653355568,0.09855963439126521,0.12379000980280783,0.06567995180051832,0.06710093937980191,0.06952697446493447,0.1250518680646437,0.09499205357632688,0.09233175713823027,0.11055263628175661,0.09042960252509628,0.11197416275295217,0.10531255064695383,0.24249329816311488,0.06670454288185111,0.09181909812641775,0.09248943156556198,0.04395385558312668,0.1875172427723704,0.09397716804831435,0.09569191424082615,0.28641574792605884,0.10549569098169947,0.22068913550930613,0.16569602739518366,0.14340934505307423,0.14553722103582245,0.08290936888417713,0.15921152609286315,0.07812659463021521,0.24026249157319501,0.10752111742233905,0.12872563661530123,0.11139583986804714,0.08752116168122995,0.07573768462187587,0.33746862061690913,0.06891209696420557,0.20772657007187795,0.052144898481609275,0.42986116790905377,0.09378547477692104,0.097825979231564,0.07463409430429002,0.09879036403451869,0.1487269883027925,0.06975151003238747,0.08841294306143714,0.12067262003449027,0.15001427059105668,0.12750349474807876
Angola,0.08482069487311096,1.0,0.06893375799885779,0.04637877662112261,0.06367633116598855,0.05412347120288158,0.0809803189508433,0.1718082459392256,0.05074973158415358,0.1498601688858823,0.07457395997154366,0.020848599614486138,0.14160260073796987,0.09078956956529043,0.1265938063601641,0.08300677876935253,0.17033177945034955,0.08656127702351599,0.049915737402815935,0.10773692249415553,0.09503630483515924,0.15688056695769537,0.1602650402926914,0.3180374852699032,0.04358143317390862,0.06230201857632838,0.05846708010132491,0.07902468167425941,0.02423561314187186,0.40083024249572796,0.07555249033194315,0.058039981724669856,0.6771268811245573,0.03758324070446367,0.04912580358401525,0.10089794478497452,0.04691303127730316,0.07667246604037413,0.084261453542278,0.14689043108510322,0.06497153908482263,0.12120903833922878,0.09971320547067251,0.057657570092018225,0.05242029431652043,0.034576465466198525,0.07587193870741826,0.10811820870406479,0.08957158786460218,0.0268281870232413,0.03967082922933426,0.05801109933501839,0.05341058063370746,0.04260903400300298,0.05608258899864407,0.32095098590105925,0.11864653320933191,0.022406945033923053,0.05566043813178965,0.14036051056620563,0.12294258420111667,0.05563270826552082,0.09355374922829804,0.24815094572254714,0.03550324177273695,0.30965031329152787,0.09590667448621182,0.0692614032017024,0.07124443587595447,0.10329964243869721,0.09571690289623445,0.034996950864357244,0.3295451624168128,0.04298771829971354,0.09964129372132616,0.1912112436416283,0.04265831577191331,0.07508507992403105,0.3475521739801255,0.05836136841456161,0.17790668146352268,0.05406750140807217,0.42989695377894116,0.10181162580913357,0.059661242434997874,0.09018931425733394,0.0470886501808512,0.23640687818623043,0.051235921944007654,0.04300171188816916,0.06249650471318988,0.07705153749170016,0.05998974482841356
Australia,0.12241492869811012,0.06893375799885779,1.0,0.07731148018166255,0.13286383441207208,0.12338243322251795,0.1570827057350819,0.23478681868734189,0.12208801535647368,0.22804342545208223,0.13633541513943925,0.0825023650407598,0.2158250621983244,0.08427004551624843,0.1075147618310949,0.08864707955427899,0.2036884694732727,0.1629124206735955,0.08961526707525518,0.12046839717942372,0.16929670063874908,0.23080917736007492,0.240433944639841,0.41380379960052316,0.10215927087799273,0.13008703348769965,0.1308154389370319,0.15328611326867017,0.06473493177505209,0.4782878240595823,0.14606833013553575,0.07784412141163159,0.8211137159368671,0.09432906817376296,0.12049201932199928,0.17051829900079046,0.0802856581236711,0.12372842242721675,0.16090329968321923,0.2312516672423167,0.1376345603327031,0.17777092657984858,0.09997809884491017,0.11330059611235484,0.095947423937645,0.08546734213646595,0.15403975147005033,0.18827912999924595,0.05214494944129365,0.08325384338486073,0.0917660931496973,0.08589492194141336,0.12526386887852778,0.0945755529709548,0.11927116600492016,0.4108172328952601,0.19506362124822027,0.08878997402258922,0.12351211559806738,0.19627060189915913,0.14364628004828947,0.1235098658743706,0.17283386032430662,0.2870643226909232,0.09236459538712065,0.3942167833880101,0.10589950543393506,0.08917429192662597,0.08581193607325655,0.1780079467280003,0.13729160187669445,0.08403101965264277,0.42480864020088005,0.08823282313937261,0.1723460170084601,0.2717737384059784,0.11042639895342792,0.15177064624573566,0.4244854185026917,0.1307423099509055,0.1270314340936173,0.10215178349462689,0.42402567209139574,0.17987800265824533,0.13090961580912683,0.16455248971516293,0.11150880859372084,0.31972940559013235,0.12608661628912768,0.10446918481926608,0.02344026066212858,0.07366036098026833,0.11111177770865711
Austria,0.0901480386724129,0.04637877662112261,0.07731148018166255,1.0,0.08039844643951927,0.07740655137221761,0.10372352619789657,0.17006776675716426,0.07149103093404678,0.1649559176211673,0.0844586246762138,0.05863691384122815,0.15222754083051396,0.09653246268805994,0.13495370934954368,0.09707012256432451,0.17838793950376788,0.10300111478132898,0.0712592398932209,0.11541629895092205,0.11211853452208194,0.17793413117317958,0.19261545110626138,0.3363776078984684,0.06584419395849991,0.08187911675491856,0.0784973023749013,0.09722405865071923,0.04324777888155702,0.404653718180706,0.09922853488508267,0.0709930521921545,0.696259187465997,0.06229915490862963,0.07348944981906089,0.11842801374357162,0.06593251069049133,0.08525627812243768,0.10321464092443758,0.16256778743189157,0.08178473714260073,0.13377170753349066,0.10808907016623902,0.06410837948369305,0.07471083395011091,0.04576240397928085,0.10052871983400603,0.1258642711805908,0.07014121214161126,0.05737405347108237,0.04509246159387339,0.09658456653808284,0.07878997028325227,0.06592594550928368,0.07794198652197704,0.32751776230499585,0.13331555216639973,0.053206226786726554,0.07523312132496368,0.14273582515200342,0.1366022843094468,0.07712549329350366,0.11899971396784434,0.27864183572486945,0.06798717536206957,0.3163096005359,0.10660739617617981,0.08539826160811448,0.08603871260056246,0.11858123784861725,0.11637116771163576,0.05802639551375926,0.3405152584893813,0.06739242359249056,0.11844319055695421,0.2013184615526596,0.06597729965414652,0.09284397283608657,0.3638863642084679,0.07760169275987153,0.1845725314704805,0.07009288562766255,0.4141021234429487,0.12484938817962059,0.086245961147629,0.1063924261846382,0.07040636439306355,0.24588444234391948,0.07132947896556321,0.06498912967015345,0.07125294798414034,0.09321491781544074,0.09240457902859642
Azerbaijan,0.08449436478536083,0.06367633116598855,0.13286383441207208,0.08039844643951927,1.0,0.019575084803119484,0.040987071660150004,0.13457716681989856,0.015685260612025038,0.10335245283242303,0.049471625341433574,0.061914888609321414,0.08342724892754785,0.11701552062782884,0.1602198449804609,0.10857925711361985,0.14027640484478038,0.03419092625750721,0.064731037985649,0.10696810437244528,0.05913843319359631,0.13079124934100117,0.14438116095229875,0.24585470833309764,0.031492397034504266,0.010913200652519033,0.0124134952254685,0.03104760791730047,0.07207875803750276,0.3567037385493176,0.055273713554126074,0.07676158245287137,0.5859833027871182,0.04503399754966788,0.01779737953741201,0.05019513632954318,0.06970028704185374,0.08775409987397313,0.04184297362663671,0.09190148780003701,0.03397665974795305,0.078576363671913,0.11842580060068576,0.04022355892629103,0.06405552726285053,0.05275126933788299,0.045955173671488936,0.07208686029116092,0.12326299273881013,0.04772199006902351,0.04214749716696438,0.0950129766994484,0.020135945647523374,0.051863926131362904,0.030662911415322933,0.2435322526768001,0.07161543825812172,0.04455560117349118,0.014513739768167416,0.12915079268872823,0.12430872726429978,0.01685064490167865,0.04882728352594626,0.24554542492697307,0.05401559772577446,0.238145221806112,0.1101199319546174,0.09025768582469906,0.09460678102533983,0.043780278949286926,0.09182149270655288,0.049645047582098,0.2579812883172961,0.08347399313972974,0.05871581133851446,0.1371006507846724,0.02265400798243427,0.027188609211185627,0.27665143247134805,0.02393114398939856,0.22394525122791967,0.0781109198241081,0.45029517713190403,0.08387993054756064,0.054251885245599964,0.034813447515387626,0.028755868218828844,0.17741301561117567,0.024811277265567925,0.027207907787304857,0.10929891285198276,0.11206717578436146,0.08285014654038712
Bangladesh,0.09444704411918532,0.05412347120288158,0.12338243322251795,0.07740655137221761,0.019575084803119484,1.0,0.05138448781359732,0.15538435843426085,0.02240488956716877,0.11983317480793078,0.03993046870370008,0.048821784173903766,0.10279863085820584,0.10507020493925852,0.14820240829449402,0.09441789467121563,0.1344601839045232,0.04889313874640455,0.0496866659094257,0.09704766416095914,0.07304056903719527,0.1418152081425088,0.14420588651466879,0.2610591056229099,0.02298816113493943,0.013172377795616336,0.02163635519202372,0.04606549978713413,0.06591872788935685,0.3801970714837336,0.057821306975200666,0.06497126567401341,0.609245739898468,0.030554403486757847,0.010593388791998825,0.05063095751880239,0.05584946274579271,0.0809247346273739,0.05472960661804636,0.10179981473592785,0.0447817186209612,0.07350196698215486,0.105796023971393,0.038691220366116455,0.048139239390970534,0.05591135747711983,0.052594460514670774,0.08290081956849868,0.12313967474678558,0.037125688969065394,0.03902353156062114,0.08473056327534201,0.007622256071169057,0.03657548333990758,0.014620240140545386,0.2649997409845002,0.0881153140523882,0.03337169554702402,0.007834564632010646,0.14442995254156366,0.11079275922534172,0.005537047986164286,0.0517742373301651,0.2335895253953034,0.03902856706516546,0.2608305761064863,0.09674014443145659,0.07562945549893546,0.0804432090393756,0.06035124953890927,0.07586119873839002,0.04862665838242091,0.27873593612713143,0.0722047654614638,0.053310763037616296,0.15628578577636393,0.01390481451810289,0.03884830791842354,0.2830976927601357,0.032777389697035385,0.21876663874320842,0.08128273159826914,0.4502289629802055,0.08546292802801955,0.044971662394319586,0.051303306536347994,0.013237578269863846,0.19767654745236982,0.030129987344952126,0.02235695420197708,0.10260319991590762,0.09850919272754326,0.06614808751249404
Belarus,0.06694309315487988,0.0809803189508433,0.1570827057350819,0.10372352619789657,0.040987071660150004,0.05138448781359732,1.0,0.11077847982744345,0.03553633665939732,0.06809744320973608,0.07781292482812008,0.07666215443858984,0.061802504097508544,0.1424289388910477,0.17917692500375623,0.13218095861884022,0.16740883089040642,0.020791759005545706,0.0911835132419004,0.13723979329840488,0.027166661965059676,0.08890766000770282,0.10974990901959966,0.2158563219980425,0.06047247263662754,0.0442795042621639,0.03144667192795181,0.016165194799151746,0.08512358771347643,0.31375752767012804,0.03955022613121534,0.10487363026397663,0.5357293145233754,0.07202849412745474,0.042164370379145374,0.06780518813354232,0.09566693085694494,0.0947981949824886,0.012456335781326818,0.07410593108648307,0.02934927462096953,0.10189396484677188,0.14466569646547278,0.06869885318244051,0.0901217015199636,0.06534569731683365,0.017611558062001632,0.036146207639176545,0.1411965603453528,0.07014690274320273,0.07178422560411345,0.09586862686037652,0.04263542334573161,0.07903904779263375,0.06106351078468505,0.21992799902544924,0.038871162286039644,0.06583781194424111,0.04839350406501964,0.1007532193546699,0.1501030655485112,0.048708078573242455,0.0323057436265844,0.24308875510143332,0.0746198766984044,0.21069564183654393,0.13695198945387488,0.11552226132848048,0.1196491559502431,0.03067373798631504,0.11454768931298909,0.0654032389530659,0.2251679293697966,0.09152486269189067,0.07163572622326399,0.10393210025577532,0.050398739262189955,0.023707459336147756,0.27680247073325487,0.028982728435042304,0.22672272158945814,0.07094885260356863,0.447230746031048,0.06319209915184475,0.057320070952143205,0.0223600843442366,0.05855808610910795,0.14360545730400276,0.03287852167259348,0.055971989889476985,0.12394029568260573,0.13105063013266255,0.09327633834077415
Belgium,0.08118180957352393,0.1718082459392256,0.23478681868734189,0.17006776675716426,0.13457716681989856,0.15538435843426085,0.11077847982744345,1.0,0.11336089930309691,0.07471657731956732,0.14929973698076612,0.14933215531075658,0.0751457022765691,0.2011693121304702,0.23364399196288813,0.19782726410505164,0.2270041470565557,0.09831918688451187,0.16314892497490524,0.1976520573586672,0.08440707003079315,0.09769335073473868,0.1643903702947531,0.20328682026196326,0.1333670730203585,0.1231371397594285,0.11307926255445065,0.09703692868647962,0.1413039898654157,0.21072959083063017,0.11716752939953778,0.16914257239340968,0.46434726030996687,0.14584683245139976,0.12384919827165411,0.14227424340607847,0.16445348225462358,0.15316714484923774,0.09440332612128946,0.12187235242039975,0.10060895966221937,0.17180031717109295,0.2063253475138967,0.12876066833691782,0.16398300401568278,0.11593472806756239,0.10440238075412764,0.09227527720673075,0.16603663638992386,0.14101332207613268,0.13199784014652435,0.16538984114271785,0.12733867254354592,0.15277176041226578,0.14042853333402547,0.17427166232332728,0.07590115806889529,0.13801372302303816,0.12662532396298062,0.0673986465056733,0.21916741216337643,0.1281856623302013,0.1211295915007873,0.3175734780628827,0.1514378121925008,0.14904937812967892,0.20189173043608702,0.1839408585949275,0.18631470979515413,0.09580009695216471,0.19204922931167073,0.1264320907672519,0.17318390151452992,0.15840128670484419,0.1505206848701856,0.07352141182863843,0.12755822956727988,0.10564344017291415,0.30576504947710187,0.10886167240981935,0.2543141996950115,0.11094424612655955,0.449123312144492,0.1286557058048176,0.13997685176050428,0.09582556671192559,0.13653638155471662,0.094386521798207,0.11112558293355729,0.12786236306868679,0.17084294769607097,0.19504155314012536,0.17321719880023345
Bolivia,0.07434196347804763,0.05074973158415358,0.12208801535647368,0.07149103093404678,0.015685260612025038,0.02240488956716877,0.03553633665939732,0.11336089930309691,1.0,0.10329267592127848,0.05539077557569792,0.052439092503500075,0.0885585870846972,0.11503914810982709,0.1561984940962523,0.10637103946612593,0.1512251022225826,0.03669268432676758,0.06284652333081658,0.11100018039402053,0.05462897539348086,0.12452922217062747,0.13884957721782845,0.25458594124570433,0.029357396976760496,0.020095317915487257,0.009016821645687081,0.0304288803878761,0.06103015031862235,0.35432543443002484,0.04820105506908122,0.0751922718628588,0.5945454892199276,0.04177108628659526,0.01358922134032934,0.061962746528518076,0.06664593623815221,0.08237735224383574,0.03910314461332382,0.09844046439749657,0.026102509326794317,0.09030973528558549,0.1181837546745015,0.0410835959986355,0.06283315174924316,0.04124573885014436,0.03946284153470266,0.0685943763040195,0.11619087469811,0.04061695672674588,0.038514086827738186,0.08445910093945368,0.01918324238378547,0.04974368161376742,0.03433770834467806,0.2540320415697885,0.0715008041624294,0.03618687821344993,0.01975223536668982,0.1203173110392514,0.12794242932753558,0.021195674631687277,0.05101108857210705,0.24582766946835669,0.04831196724646103,0.24598179239726095,0.11079097650768081,0.08865647884763235,0.09262755665714364,0.05029408416172086,0.09502228124206735,0.04010873300140605,0.26514172380791756,0.0734760425688997,0.06681232513314347,0.13949010741202714,0.018064722335903005,0.027955377954727988,0.2919995739079534,0.01595139111659669,0.21350512691793705,0.06402462498432275,0.4439329520351081,0.07877323102560294,0.04831634133638384,0.03877079750412544,0.028813389281275022,0.18100084788379037,0.013567366512232013,0.023825906897902177,0.10016162525523699,0.10715093289141037,0.0771543043103318
Brazil,0.08310191075624423,0.1498601688858823,0.22804342545208223,0.1649559176211673,0.10335245283242303,0.11983317480793078,0.06809744320973608,0.07471657731956732,0.10329267592127848,1.0,0.12457163360495287,0.1286912496729712,0.040678803955090014,0.1886586882005943,0.22159338084980468,0.18024422246182106,0.20195308390170927,0.06381814479989276,0.142979976658771,0.18158368748823447,0.05152261080617188,0.05928108279164953,0.11042945480527346,0.16255070328795188,0.11351915824848029,0.09680823394693147,0.08640882437210168,0.06641873166151996,0.13301885622284287,0.23885771649129608,0.08054045030257255,0.15426975979726612,0.44041191049517514,0.1251228717395964,0.09761284914610616,0.10807528121312822,0.14663360922840324,0.1369093047035711,0.058952141477364724,0.07070110113262942,0.0769864912670078,0.13959997019250506,0.19091500979320908,0.11490935460185257,0.14167647623884222,0.11011920831258007,0.06876671481069681,0.04747731122604123,0.17580397771159126,0.12267353369927318,0.12025825924563821,0.14092329708322626,0.0983973671596058,0.1315849540313005,0.11369074057445776,0.1586537694290264,0.032810741461848904,0.11903174969603168,0.10165620339238596,0.08454062758977865,0.1946364975595776,0.1026086209122229,0.0737439783937539,0.26999842510649297,0.12732170432307546,0.1445646136275568,0.1841574138485887,0.16510901880710105,0.16867532711445324,0.059116973230964036,0.16217503292016275,0.1142010640915506,0.15518447183239747,0.1398194761016924,0.11259709871600118,0.043016129559096374,0.10460306409887177,0.07337964973138857,0.26392682531232065,0.08262941906926119,0.2557511407755645,0.10674724631764063,0.4576339223273221,0.08759203932112561,0.10775963143939431,0.062115005629884604,0.11245698985583424,0.07772621534643419,0.08637846392394882,0.10825335901938342,0.16670849047910896,0.17917683208281018,0.14371882903282301
Bulgaria,0.12145329767903278,0.07457395997154366,0.13633541513943925,0.0844586246762138,0.049471625341433574,0.03993046870370008,0.07781292482812008,0.14929973698076612,0.05539077557569792,0.12457163360495287,1.0,0.0647142529680494,0.12926922738369528,0.09882086347859176,0.1444104984134454,0.0894986162112707,0.11915184386753612,0.07574421777646215,0.0526561775016833,0.0882133914563107,0.10497951601121311,0.1740409399237931,0.16481770020547196,0.2788926525161646,0.05183211660092371,0.0472311294443191,0.05678551604711338,0.07807582522449122,0.0857789559643587,0.4153604660584918,0.08975824254534777,0.06755080271160942,0.6293901316489989,0.045166895887394296,0.04868129553977232,0.054671019265293976,0.0589232536916392,0.08896826392662871,0.0852925382718246,0.11050443187763952,0.07384476957743373,0.06011635497133282,0.09765203439599388,0.0501718816146643,0.048745181291968906,0.08428406408444782,0.08345895291210699,0.10813173311525766,0.13494918476191656,0.061301574410783925,0.053323408713645,0.11178349060563623,0.0453398000544622,0.04398603583856027,0.03484024397150812,0.2818530968698643,0.11746193496033132,0.05451501910094112,0.041424233254484015,0.17620703553043937,0.09561010536702477,0.04156961703962682,0.07479693779288368,0.23726293874062035,0.05417357205772797,0.2842163092233122,0.08654481151954395,0.07075332411779592,0.075646372231776,0.08690219923625057,0.061516001788953625,0.08069621335163825,0.2993496761097274,0.08338480714286581,0.045218392882588165,0.18237903918542112,0.0474953910535181,0.06529635009314627,0.27834656285259235,0.06737338923293307,0.2372023160334387,0.11240132124559135,0.45786017791441147,0.10021938867998904,0.05936115382735609,0.08016652962726395,0.03893246596628081,0.2235959256850492,0.06053813308738122,0.05369226885714997,0.11864765085862153,0.10161860580758586,0.07051495455477835
Burkina Faso,0.09950702646519162,0.020848599614486138,0.0825023650407598,0.05863691384122815,0.061914888609321414,0.048821784173903766,0.07666215443858984,0.14933215531075658,0.052439092503500075,0.1286912496729712,0.0647142529680494,1.0,0.15064024258827044,0.08249012691084075,0.11853181093394488,0.0710006725415739,0.16078405622155803,0.09158029494824822,0.03804073293191027,0.10007454411098916,0.10458249575415418,0.16681366834985537,0.15771644083517908,0.32117755182003516,0.0447277104660771,0.06280092842134484,0.062340520551371285,0.0855472916308896,0.036208849151292216,0.42021505319394087,0.08017516303203291,0.051388472042329984,0.6826707113175116,0.03053513997166626,0.04974299575355974,0.09476308052363952,0.03625539265398482,0.07359963753394047,0.09085522225698293,0.14676869016303884,0.07362296284539592,0.11276446286360822,0.08972247838653757,0.0602255281607679,0.03892196619630372,0.05354216918992919,0.08009488985521826,0.11403405828762844,0.10307798075134623,0.02742377290946876,0.045826499148764244,0.05649299889840048,0.05127243840155762,0.03202171461792393,0.05008745690329951,0.3289898982539112,0.1275070912102284,0.02111287444440139,0.05505462567215216,0.15858787149101516,0.10874605252486105,0.05417678943656583,0.09186735760950067,0.23316775200468748,0.024683476093536903,0.3208132621751247,0.08417341438078282,0.05635299949496821,0.05916248686846292,0.1084177191010806,0.07913655822376725,0.0481701788746445,0.3383347034377911,0.03519769299137196,0.09010078233992794,0.2016623648469044,0.04380987198924023,0.07879089045157234,0.34151991577748986,0.06474772216792127,0.1840222400619212,0.07204870345110721,0.43535765959156464,0.10208420410996048,0.05378637116949835,0.09606865176477403,0.042885842901021196,0.247324029387816,0.05724366989776021,0.046604163658432445,0.06988946642013484,0.06709792107116291,0.04044042351876089
Cambodia,0.0887025732309241,0.14160260073796987,0.2158250621983244,0.15222754083051396,0.08342724892754785,0.10279863085820584,0.061802504097508544,0.0751457022765691,0.0885585870846972,0.040678803955090014,0.12926922738369528,0.15064024258827044,1.0,0.17807539261501532,0.21578336755553484,0.1706802910298019,0.17962556089288056,0.050923680291737626,0.1314672961767598,0.16436701370409654,0.04948492206355586,0.087713201581062,0.133641047442957,0.16412109749663387,0.09955406513188166,0.08070788832909577,0.07403407194084927,0.05420230835448586,0.12735978816472612,0.2605318818200163,0.07945144644052278,0.14158529175201295,0.4626902649730319,0.11367680202232686,0.08583143751693886,0.08949078727715724,0.13601286463087967,0.13354713767424048,0.05245434167718906,0.06643221709882217,0.06860863843224282,0.11858528305816755,0.17905426655276338,0.10132866742229368,0.13062497970711295,0.10213809062510633,0.06778327232984763,0.056906772986548906,0.16771693501456,0.11287754010000743,0.10717271613589864,0.1419732918978891,0.08674527873912007,0.12013274521638263,0.09945999863795506,0.15056179862761052,0.030137739262195297,0.11052166945652013,0.08676499976049969,0.09951592390394853,0.18127042764738688,0.08794503201748657,0.0677423724584502,0.27183752060088456,0.11902378875982973,0.14078656156061617,0.1715867424061029,0.15434613397347674,0.15835866156957856,0.03835453989020031,0.15026226355862074,0.10450170477948263,0.16056332814768898,0.13904736929800202,0.09975685856072387,0.053238718639055445,0.09247200677090317,0.062440144694979605,0.24518994018611498,0.07280085042540603,0.25912353601697335,0.1084015357541326,0.462754507143808,0.09420826633649414,0.10354481899580506,0.045765024697805926,0.09930162615652967,0.08604948774921259,0.07804923364543381,0.09480494939987107,0.1614260445412644,0.17225892312464036,0.14094836368462235
Cameroon,0.1614435921721706,0.09078956956529043,0.08427004551624843,0.09653246268805994,0.11701552062782884,0.10507020493925852,0.1424289388910477,0.2011693121304702,0.11503914810982709,0.1886586882005943,0.09882086347859176,0.08249012691084075,0.17807539261501532,1.0,0.06499821292823316,0.02462763704789532,0.1467588395684162,0.18017571405661398,0.0667161552703026,0.0632912540744904,0.20278515786060694,0.27835605424872645,0.26064374991251793,0.4230816205451912,0.10880690137142125,0.1342262671704259,0.14506202635227594,0.17515434220867512,0.10235148109622946,0.5565034810677231,0.17208870449290536,0.05108230648062338,0.8396374354555721,0.08996640132614273,0.129210413020013,0.15517388288597014,0.05956797384972506,0.1320017492264599,0.18515681159059894,0.23448765491761153,0.16355161634547588,0.1430529164656353,0.022795423203762658,0.11598131709641803,0.07018139651614244,0.12885887701036727,0.17742143231478222,0.21559796132381434,0.11154805734353872,0.09553717792963133,0.1023575781371048,0.1197859994268191,0.12972274462972908,0.08153411492048492,0.11102912356264362,0.4284436397536827,0.2258341806726097,0.09985510671586986,0.12582593112310397,0.26324911714764926,0.07162618656733193,0.1248420331566568,0.17977957993875088,0.2558206809633207,0.09137056039389901,0.4258586816217017,0.03179857208727319,0.03928503895301271,0.032743222459662484,0.19425359295481595,0.08503143184065819,0.11900458717115919,0.4504779466664546,0.10369426090779531,0.1519589270715651,0.3074177712208505,0.11889272546575431,0.16636299204445448,0.3884244864040147,0.1520576465065826,0.18630378551125448,0.1602074405176904,0.4572898477046151,0.19780631875128163,0.13681447295954202,0.18313143758297187,0.10947738450229635,0.356610238476212,0.14584140811747898,0.11540262917466405,0.08595239110346752,0.04315423497798514,0.09642631166067564
Canada,0.192117992875098,0.1265938063601641,0.1075147618310949,0.13495370934954368,0.1602198449804609,0.14820240829449402,0.17917692500375623,0.23364399196288813,0.1561984940962523,0.22159338084980468,0.1444104984134454,0.11853181093394488,0.21578336755553484,0.06499821292823316,1.0,0.07622389533187704,0.2034240747671738,0.2474860235653912,0.127845690384913,0.12247337547800063,0.26853462756886665,0.34052414018654886,0.3114474396263031,0.5089392666619029,0.1731875529718506,0.20090312088605286,0.20994892415743743,0.24130164668217124,0.15348230545371822,0.6394524894378087,0.23406012604280396,0.11556485774760943,0.9475608916103544,0.15185719708876627,0.192695520612316,0.22121710412676568,0.12005734470478525,0.18517412586351556,0.25054554028593584,0.3041781158439757,0.22772973806781804,0.20990975519748173,0.07859252375467958,0.181839938554851,0.12986640377943381,0.18798156200103272,0.23868851534747382,0.28002482792770683,0.15346935228768369,0.15458710707486636,0.16714764530639215,0.15566525395300473,0.19287970909676264,0.14305259435348636,0.17584725927091274,0.520660902930028,0.2950373711509456,0.1585362158170829,0.19153573330919718,0.32637623801832033,0.11254526926165634,0.19003275581309265,0.24321792732282502,0.26833522580179414,0.14841992147327748,0.5159552027330296,0.0886690322252244,0.09841518559702504,0.09169647403314089,0.2642767937814032,0.13697501011765922,0.1775994008124785,0.5415001613030367,0.14526820905837945,0.21465547014365818,0.3841734511877809,0.1822636748789545,0.23191902498600517,0.4619843797176187,0.21638890655175758,0.17386425732845479,0.21146544511289894,0.4752448074281256,0.252404253703318,0.1926495332516156,0.25146576026676315,0.17331982647410704,0.437890823982065,0.20840778802758939,0.1792329295854795,0.1195895823196455,0.08106300287564278,0.13774766490936818
Chad,0.1566123038401654,0.08300677876935253,0.08864707955427899,0.09707012256432451,0.10857925711361985,0.09441789467121563,0.13218095861884022,0.19782726410505164,0.10637103946612593,0.18024422246182106,0.0894986162112707,0.0710006725415739,0.1706802910298019,0.02462763704789532,0.07622389533187704,1.0,0.1406779003166197,0.16605278440523322,0.05290779328466547,0.06249520407834894,0.18829945109177268,0.25904520366691847,0.23664563564662155,0.40123963841448995,0.09723441737940995,0.12117303829293183,0.13170866119881827,0.1613674074769464,0.09482828895922298,0.5380822554522681,0.1552239311475824,0.04472677690292809,0.8079071534546173,0.07730135981176116,0.11536547015116731,0.1411458965401925,0.048079076847936913,0.11943476882775164,0.17035217012932127,0.2176755849043368,0.1509872931570519,0.12977212065788088,0.025792969293200976,0.10764253426938349,0.054700780114078494,0.12198004049827398,0.16138623804639562,0.19913128792201226,0.1216815778924892,0.08383578182707703,0.09632247222593318,0.10245631080897734,0.11477546991559598,0.06829923533003449,0.09701162187112734,0.41271981888718107,0.21089130471988554,0.08790541384671395,0.11316588558225359,0.25229842826347876,0.062016684674159495,0.11152845723405429,0.16138433841009225,0.23311621116163397,0.07609188167983102,0.41017281771761227,0.02544112178335073,0.02277877771846756,0.01749760173435946,0.1801071649889125,0.06551131328269028,0.10989228054511573,0.43172830091437214,0.09048043103047754,0.1357803363350997,0.2916503449436887,0.10637666007141322,0.15239588706963283,0.3724338484611589,0.1390003266113906,0.1890129346542668,0.15012509197777535,0.4577981473099745,0.18010122668766668,0.11955911241126217,0.16925564079577957,0.09626113156172264,0.33998363168887746,0.13286389750712085,0.10414182006774692,0.08603139673294352,0.032514058334536876,0.0751785086957205
Chile,0.21344750135706816,0.17033177945034955,0.2036884694732727,0.17838793950376788,0.14027640484478038,0.1344601839045232,0.16740883089040642,0.2270041470565557,0.1512251022225826,0.20195308390170927,0.11915184386753612,0.16078405622155803,0.17962556089288056,0.1467588395684162,0.2034240747671738,0.1406779003166197,1.0,0.18563790300154673,0.13260020856289684,0.09131514203479588,0.2186898239580401,0.28786801466720374,0.267507285542598,0.33151793045473976,0.14830477514659032,0.1490846706720796,0.1672888740894325,0.18767105424243918,0.18999967271366872,0.5402114729434601,0.19571599848767182,0.13275826356261008,0.7073808487907887,0.14372793498738856,0.15844497310538902,0.13444342421674194,0.13911824922194033,0.18314439533211418,0.19806532728864973,0.20458691279241017,0.19182157947637446,0.0880507375319698,0.12284688087954945,0.15055287843763301,0.1300029669395312,0.1932809235192503,0.1990192518069444,0.2247640378727152,0.2183085454664017,0.1581187879308024,0.15713806741980677,0.19762377371624712,0.154231760126006,0.1378444797278549,0.13465051927273367,0.3408329151352989,0.22513056707368004,0.16182485747699651,0.14810039981877948,0.3033889751091102,0.08906325016561722,0.1467216755045723,0.17697510475487258,0.24265838921958446,0.1515375823959976,0.35601183646390777,0.11322768766447282,0.1291549285235594,0.1320028617418942,0.18527780057047405,0.10109968026832464,0.1784938652286767,0.375817171826887,0.1873578702510868,0.13743121591596152,0.28302512187992845,0.15539063717797968,0.1794644935696684,0.24447768623100952,0.1792327312784975,0.3124381125331846,0.2288605670172878,0.5310209704345797,0.21908179886841891,0.1721749226856573,0.18501946132595826,0.14329763101490225,0.317869666147553,0.17923345702125035,0.1543913067143459,0.20055185027739622,0.15774349246514732,0.16043647617469944
China,0.07431519979434124,0.08656127702351599,0.1629124206735955,0.10300111478132898,0.03419092625750721,0.04889313874640455,0.020791759005545706,0.09831918688451187,0.03669268432676758,0.06381814479989276,0.07574421777646215,0.09158029494824822,0.050923680291737626,0.18017571405661398,0.2474860235653912,0.16605278440523322,0.18563790300154673,1.0,0.09120286246565291,0.13367393267829078,0.03175854807404003,0.09996020033457634,0.12039270593560827,0.21191843990890763,0.06045672598671544,0.03972870916840696,0.02946715400075463,0.012417286352173542,0.08997170211265684,0.3154591249272336,0.04782687499120866,0.10445368455483346,0.5310087761619385,0.07190084730162916,0.04136947693268657,0.05764754365988567,0.09592551619800457,0.09824781958732647,0.014088800306311648,0.0636103923950059,0.027906331720938815,0.09336014572854284,0.14383013982539689,0.06503622947053177,0.08976144904657814,0.06888238603599735,0.02790777594066742,0.0399828898851424,0.1421884918498861,0.07287999079685499,0.06883237332111496,0.10781592808695827,0.04179746796700097,0.07839765430221013,0.05771232037885809,0.20997226827095508,0.03857046644354335,0.06785138703132569,0.04396660285949744,0.10679885943805088,0.14711934945342678,0.04530084327123233,0.03213820208403177,0.24893334044209683,0.07657674144991009,0.20407697255737975,0.1355208553975633,0.11536058211758686,0.11974832401706843,0.01931643313931334,0.11244260292589509,0.07057933502067577,0.21884360094729327,0.09766314222710859,0.06287603473858107,0.10111276975488123,0.049591349234997674,0.012898119386510299,0.26559114410427914,0.030146797765029456,0.23566887555850052,0.08066534355165618,0.45152750924329466,0.0641918301734609,0.060300022209136994,0.009847072819900698,0.05661830992134855,0.14065911099820336,0.03217192875393947,0.055431297277835495,0.1292013562872948,0.13491137576072593,0.0978653267592281
Colombia,0.12234370480892334,0.049915737402815935,0.08961526707525518,0.0712592398932209,0.064731037985649,0.0496866659094257,0.0911835132419004,0.16314892497490524,0.06284652333081658,0.142979976658771,0.0526561775016833,0.03804073293191027,0.1314672961767598,0.0667161552703026,0.127845690384913,0.05290779328466547,0.13260020856289684,0.09120286246565291,1.0,0.06516951869681761,0.1270086448434712,0.19645161460092242,0.18662064909025664,0.3292929316043328,0.04231392582312581,0.06370168504051138,0.07351563992960933,0.10108367941630936,0.05957844377191447,0.45493795228838585,0.1003415226408725,0.02255382905944672,0.7080485861372388,0.023596502158812944,0.05852894845729836,0.09007088114226613,0.01151188971060477,0.08701367992636837,0.10989714824907261,0.15797702437417516,0.09267620245455754,0.0903522838931318,0.06243151805776617,0.056986023584649964,0.010643153510740187,0.07342930820325534,0.10337706832823447,0.13829658748157322,0.10768965606515861,0.0345559753376755,0.04666988450021082,0.07770794190813293,0.058261340977457846,0.01561301843160026,0.04257256341850102,0.33649084590867534,0.1470200798383674,0.03753549490896993,0.05632986877540289,0.1920096481241837,0.07901582812921808,0.054715146447197785,0.10423735301553409,0.23130744825094596,0.029600342983866084,0.3325867415256047,0.0541544329235652,0.02932048379769658,0.03388564235560929,0.11825381288149008,0.053731968335483576,0.06151310879815393,0.3530254959787378,0.06332049422743866,0.08783421185074822,0.22155236783253468,0.05021739360878981,0.09334569771146334,0.324591853164459,0.08105616027792875,0.19816390401949874,0.10348886344134242,0.4502425945847785,0.12794169487784693,0.07070915011520967,0.10811925098128235,0.04070442700861774,0.2662990242139395,0.07603076678450493,0.0491206410677133,0.07776694678750318,0.05693509315975909,0.05182563124477254
Costa Rica,0.16812875486114642,0.10773692249415553,0.12046839717942372,0.11541629895092205,0.10696810437244528,0.09704766416095914,0.13723979329840488,0.1976520573586672,0.11100018039402053,0.18158368748823447,0.0882133914563107,0.10007454411098916,0.16436701370409654,0.0632912540744904,0.12247337547800063,0.06249520407834894,0.09131514203479588,0.13367393267829078,0.06516951869681761,1.0,0.19025143199684202,0.264654846615064,0.2549000101632377,0.37074946430097333,0.09772794928496793,0.11547242712589821,0.13173877376547047,0.1596502656602898,0.12231013622663073,0.5308972747243106,0.16232830049804303,0.05765861552839981,0.7793117547693594,0.08763549472780191,0.11824288659176177,0.1307121210040964,0.07109338352481726,0.1403546632953471,0.17107772725917578,0.2083449666914351,0.15453652953289854,0.09942116928190561,0.04686786834962686,0.10353346303546936,0.07060775704191215,0.1335226803761097,0.16907726880742002,0.20348308336209125,0.13606238632978052,0.09801890318588952,0.10039818232876382,0.13581495208877278,0.11726565804872811,0.0807464741546744,0.09532741182805242,0.3765004415737939,0.20659588027911183,0.10508697038940333,0.11095509612477071,0.26302289098336684,0.05560876831780983,0.10944038185949885,0.16038137271963737,0.2500815578259124,0.09586755406556775,0.3779391999080429,0.04182211356541749,0.05820053927154652,0.058043710168571454,0.16975735940881914,0.06947453242913554,0.11965711712942628,0.4034147941932776,0.1301383610329684,0.13206507212710253,0.27970633527557526,0.11014659741391238,0.1521954457386707,0.3214560050134893,0.14264291216786976,0.23051576979613522,0.16999198083583594,0.4836238888156236,0.19322383322290348,0.13522992797642175,0.16253769114550504,0.09885086793154259,0.3227499451570114,0.13917326691069726,0.10474299732216721,0.11707695172102511,0.08446209288747324,0.11284553285169385
Croatia,0.05373057440630596,0.09503630483515924,0.16929670063874908,0.11211853452208194,0.05913843319359631,0.07304056903719527,0.027166661965059676,0.08440707003079315,0.05462897539348086,0.05152261080617188,0.10497951601121311,0.10458249575415418,0.04948492206355586,0.20278515786060694,0.26853462756886665,0.18829945109177268,0.2186898239580401,0.03175854807404003,0.1270086448434712,0.19025143199684202,1.0,0.07675805219222376,0.11173465002310638,0.20953972584936867,0.07639970921548969,0.06222822681341746,0.04894691551264586,0.029209796794331916,0.09285666107044376,0.2856977704815832,0.04753465638869686,0.11908632089615716,0.5144942830442112,0.0878975160672778,0.05959665303817025,0.08324960514323992,0.11043703522016618,0.10630788771841053,0.02098518605941801,0.0750583427974946,0.03521891803151588,0.1192301419430092,0.15897207821010204,0.08354057504001959,0.10669232369731531,0.07142839567383599,0.030018053723277368,0.03078652340537121,0.14395223622041978,0.08431142392999179,0.08329387911853056,0.10797323306391132,0.06176605121584,0.09504650503676074,0.07887409131093372,0.2071068587050143,0.02600135373569469,0.08006211343647626,0.06558876950221802,0.07975206495276146,0.16667944401770057,0.06669012776851768,0.049578399566120306,0.25788394372748863,0.09009856481510202,0.19582000393058174,0.15209759909797518,0.13047735173483974,0.1344212958826704,0.03849243770285991,0.1327812783250545,0.07619077492523181,0.20815383717590016,0.10405132065076898,0.087910567586803,0.08633805778803909,0.06654111728044072,0.03696090650057753,0.2843516544864191,0.042125317563269066,0.22929527441030434,0.07122799517907034,0.44515316481209066,0.064090913411237,0.07184590431921799,0.03228155585922475,0.07581069345590805,0.12619791667013625,0.04578149047317229,0.07116310005944752,0.13138040328209702,0.1450598542727508,0.10961183261231983
