Country Name,Albania,Angola,Australia,Azerbaijan,Bangladesh,Belarus,Belgium,Bolivia,Brazil,Bulgaria,Cambodia,Cameroon,Canada,Chile,China,Colombia,Costa Rica,Croatia,Czech Republic,Denmark,Ecuador,"Egypt, Arab Rep.",El Salvador,Estonia,Finland,France,Georgia,Germany,Ghana,Guatemala,Honduras,Hungary,India,Indonesia,Israel,Italy,Jamaica,Japan,Jordan,Kazakhstan,Kenya,"Korea, Rep.",Kyrgyz Republic,Latvia,Lithuania,Malaysia,Mexico,Mongolia,Morocco,Nepal,Netherlands,New Zealand,Nigeria,North Macedonia,Norway,Oman,Pakistan,Panama,Paraguay,Peru,Philippines,Poland,Portugal,Romania,Russian Federation,Saudi Arabia,Senegal,Slovak Republic,South Africa,Spain,Sri Lanka,Sweden,Switzerland,Tanzania,Thailand,Tunisia,Turkey,Ukraine,United Kingdom,United States,Uruguay
Albania,1.0,0.06764432769801916,0.12592445778396205,0.06736975153896549,0.06757838032045116,0.04779456543177761,0.0822206222481073,0.05367159820094088,0.08934117653732365,0.09781952982657328,0.09446533594328883,0.14708584787959877,0.18429795034594143,0.20388987961057412,0.06147314014226321,0.09347132429036462,0.1465612417760661,0.04540649179882905,0.08963576316842639,0.12829877123349923,0.07052748957488668,0.06891628689344118,0.055774849156713366,0.05424016874885869,0.0781740577532151,0.23825342288289394,0.06535306763506246,0.0446672221630148,0.10988796033679761,0.07776809658748597,0.05849252247058072,0.1130590908058899,0.09891654805582274,0.1053474523633175,0.04438524452986597,0.12663449321741618,0.14583924927227498,0.0826568022968172,0.09195563229232422,0.05943297537445041,0.04943655824933456,0.06382469668565104,0.07242506522766493,0.08203677499215074,0.08341576683232145,0.8207876763040904,0.07648571196802843,0.06642602534107585,0.07006015771019732,0.07038140302144881,0.035046664954591765,0.1545152838982851,0.06673998806106755,0.2347209625054597,0.07440785286236992,0.23924756313094403,0.1386937481239807,0.1142332921492276,0.11931651002341667,0.07555516241454624,0.10837999309085915,0.06598417127971375,0.26143661036955335,0.09468318558421954,0.10791924864876927,0.06405867504280649,0.05945007668726019,0.05083623999103768,0.2270681661327937,0.04642163346681814,0.49779435778535763,0.08178702236824942,0.06380595980281432,0.06311321798967526,0.07274796677839848,0.1614165847785154,0.05606259534831462,0.06689024102108068,0.11882391964028943,0.1278016270904267,0.08919299647519903
Angola,0.06764432769801916,1.0,0.07836785515010429,0.07397690951665582,0.06216908247568099,0.09146039918580691,0.14946337862575312,0.05822042827212176,0.15752062535637162,0.08287979767130324,0.15253654555290536,0.0909771550595189,0.13153463206219101,0.19249163551721366,0.09793063881118846,0.042749884428649465,0.10893281639288596,0.10092138842647295,0.1659836353837876,0.18446950496801487,0.0496790274678574,0.07269250297434762,0.06762851927956962,0.08775757005337478,0.027198096638393898,0.3349992111021277,0.13664571274465886,0.08717224579874722,0.05800509037086484,0.03756208287958172,0.05692997844072695,0.11914663198252333,0.042639821567687704,0.0887855674959526,0.07141897261583853,0.13384768376193246,0.09231660843824346,0.06681862417512965,0.04342371128533503,0.028212417073360935,0.08525095179213875,0.11825520745550544,0.02866223662070746,0.045768607780070636,0.06126994400860501,0.9431493354215691,0.06176014725056842,0.12633720813899693,0.024448291301667743,0.06476340479492484,0.10542560344815978,0.11056588229198983,0.10870564943838942,0.24708224436885187,0.03068277332523855,0.3202619317044442,0.08594697856561374,0.05682791186680895,0.061103427555486,0.11714321786372521,0.07370035120733737,0.03823631677641585,0.34984556163784064,0.04862483353452574,0.11521291301010386,0.04948718147636609,0.08579728397422691,0.06546496960781366,0.2008625029838859,0.045471858401625265,0.5022382976633629,0.11555800212901589,0.06634893253597443,0.1018459688160984,0.052732932623441545,0.24096328453943597,0.08064024523554535,0.049784496608128934,0.07157988865257481,0.0703202671894265,0.04834103137729609
Australia,0.12592445778396205,0.07836785515010429,1.0,0.15716991468648261,0.14566108024847146,0.18343118509569462,0.2364829212565135,0.14367649186459625,0.2551182205970385,0.15998099201010232,0.24528889253297678,0.07643127774273163,0.09894758612815692,0.24019172289660567,0.19059256590455903,0.09612745658112407,0.12428909837681834,0.19313848569517789,0.25667510683857375,0.28166208726748115,0.11994091335935725,0.15420216644273085,0.15431342632653353,0.17825740694213513,0.07571851204928168,0.4383543165631044,0.23235119874549734,0.17198524691127412,0.08200886372252861,0.10825413091696864,0.14216011192744216,0.20501771575251346,0.0859565318824206,0.14567925970380224,0.16014533663049177,0.20925140727836167,0.08692482188179952,0.13411273997449574,0.10298674695138695,0.09684606606235827,0.179630372111357,0.2162166322864186,0.09654716201192647,0.10823228514063163,0.09467967903400315,1.062547270265473,0.13967638008834943,0.22133159768318775,0.10374948942629407,0.14627264201241225,0.1890762738169386,0.14037690639709363,0.20463323160309008,0.3134400650178978,0.10411760271853268,0.4268269351975891,0.09682139295935885,0.08350183008645519,0.07886372393848616,0.20832323671917843,0.13851536926804708,0.0983167064511414,0.46660350009050494,0.10270296135235331,0.20615776781817124,0.13031040018128526,0.1783815896106429,0.15326411799771522,0.14652131650881672,0.11100628239502779,0.5062284423537269,0.20953698207706914,0.15382712307983554,0.1923323259551314,0.13096024183119917,0.34564003225606804,0.16954627866062846,0.12293832665386384,0.022530569560553902,0.05724162228545938,0.1196661321962021
Azerbaijan,0.06736975153896549,0.07397690951665582,0.15716991468648261,1.0,0.01448679836896819,0.04507770841147095,0.09847408120381838,0.017720866482017646,0.10184472591188176,0.04582016753410897,0.08211459666881665,0.12401142379837016,0.1740265148140125,0.14193525931507445,0.03639500461228125,0.061518199880688504,0.10343619286247126,0.05786121719776787,0.136341354113156,0.16469652021100775,0.03299570452506942,0.0061857534093383675,0.014346372611669886,0.030220889959716335,0.0822545915704666,0.2808606755915926,0.09245089885575787,0.06321040998594629,0.0805385408712325,0.04479780707860953,0.017475998959855518,0.0561880662257004,0.0717184334016169,0.10054802905259597,0.03481619514975102,0.06519345556735444,0.11668750118918671,0.04497559597697584,0.057792612941131055,0.05509340237700493,0.05073584867600344,0.07618450133935328,0.05273636699086777,0.048499249115322524,0.10521982285169021,0.8335929757520454,0.02178900018173327,0.06946430887033628,0.04982070426609786,0.012104721626345736,0.09239066361559602,0.10689037858807562,0.05403598637889563,0.2365909118455586,0.05416581007959709,0.23535014147437663,0.10396235203991587,0.08600023786185942,0.0930150650642083,0.04705431140792246,0.05768442967442206,0.05607561517946642,0.2672744808129138,0.09514012701192374,0.059914934155750006,0.024244382538466846,0.030066363718091536,0.024863583899014507,0.2515133032020672,0.07964865075069234,0.5222934600350981,0.09437785633715923,0.057327164507034456,0.036442068308913084,0.025911712838700175,0.1703322597460362,0.020373893550916098,0.03003200431076545,0.12469802778092105,0.11698072809648226,0.08012641666137149
Bangladesh,0.06757838032045116,0.06216908247568099,0.14566108024847146,0.01448679836896819,1.0,0.04987594056188856,0.11074177746373469,0.015035418920943604,0.11166538700295255,0.04333576933307086,0.09574062119569694,0.11551821498321989,0.16467507920467397,0.14575322587919481,0.04538544978456919,0.05113801456348318,0.10029572041278413,0.06401735386949939,0.14181218295937123,0.16549992833011362,0.026741559824257848,0.013604857813152214,0.01651622518707462,0.03781126063028822,0.0735130340657558,0.293915819186055,0.10018069044420454,0.06417617206256611,0.07240322222073106,0.03408669720012677,0.010251930581340211,0.05967190646052927,0.06138444869762565,0.0939586832021248,0.037207116793674576,0.07331592996383358,0.10880770509759889,0.04347924851247845,0.04695897846603825,0.04884289924697769,0.051156876079465376,0.08084068788017074,0.04301552069101263,0.041527252900758746,0.09689038305489177,0.85766525040622,0.013111553035801436,0.07903827887273622,0.038468289103666564,0.006453618966923428,0.09586057137329418,0.09973620125689879,0.059796941507880265,0.23160220230241155,0.042868073705753906,0.2519753172433597,0.09578583628211235,0.07602229040572253,0.08315620697562141,0.058994802025517094,0.048155031006540804,0.04954505859618101,0.28321046131852257,0.08323698553239414,0.06095855816329655,0.01422338801838656,0.03564330837341911,0.02386769285432542,0.2446150144109643,0.07443171086545619,0.5201611436644435,0.09369692267190159,0.05077298774227254,0.04756919444167039,0.014727711178631349,0.18394706907673536,0.027961272913157573,0.024533234282718808,0.11697113738349234,0.1067317127736739,0.06738426295365699
Belarus,0.04779456543177761,0.09146039918580691,0.18343118509569462,0.04507770841147095,0.04987594056188856,1.0,0.07522388645411436,0.0393486280587712,0.0635704951726405,0.07760480100184786,0.06118114469553666,0.15090908581956902,0.19226610174829767,0.17368832872036,0.02351041962664336,0.0905663381761282,0.13909064435236212,0.022249757861667666,0.09058743110671308,0.12054144721923579,0.06382148705820273,0.04543872522642409,0.03387498009798568,0.01739968114819316,0.09502163316144469,0.23612807362225782,0.04997807791252673,0.04147992099543964,0.1106583758408326,0.073661995008454,0.04270490911755761,0.07263478527055463,0.09916775508784924,0.10506904882120426,0.03226666220775159,0.09170065637696287,0.14621891205725804,0.0751682266238022,0.0870285188146851,0.07217799216155367,0.01988043747925113,0.037242157951288934,0.07528013449245631,0.08072402563818255,0.10077159424774842,0.7923996511510816,0.058433089025492144,0.03360030719962221,0.07110214686348743,0.05029645665291055,0.05930664184725871,0.1394231798060374,0.023813068127256046,0.21487857804201888,0.07452996986782703,0.20754709857137615,0.13511333510743667,0.1139743411144127,0.12023108909862854,0.03451767889185578,0.08896403920914776,0.0734043472788915,0.23199677960104015,0.10094086173346677,0.06928008155443396,0.0533615560549371,0.02654432162740459,0.03196988335255427,0.2512036869525349,0.07480229716071048,0.5132221473463153,0.06965195537108171,0.05379948189730082,0.025124188633006545,0.05897853946880353,0.13477587371923747,0.024666105503868864,0.06051416532670194,0.13869752104757027,0.13526875032498714,0.08613195637188133
Belgium,0.0822206222481073,0.14946337862575312,0.2364829212565135,0.09847408120381838,0.11074177746373469,0.07522388645411436,1.0,0.08887482804141392,0.06339333530831147,0.11494364381231542,0.057109782451292126,0.1862362347506052,0.22720282869376562,0.19598506484438577,0.06997847059798801,0.13442914672657108,0.16867538704656246,0.06473401162238117,0.09044118773500175,0.14250055366955408,0.10703644978141859,0.09142214059827893,0.08517085721718456,0.07276574027442641,0.13110026367185526,0.18304398633764946,0.058277299250905655,0.08638533061203432,0.14868587477124698,0.11892645996039898,0.09383730752475809,0.11496683708916887,0.14172345227682895,0.13760024784826314,0.07823413355542096,0.11757182670003244,0.18181457428848155,0.1034526204650118,0.13238833547066203,0.10899656198571098,0.0807162936032287,0.07225872310147885,0.1200279775076871,0.11785817166510981,0.14559151934910955,0.7055766940961287,0.10643801639332137,0.05596905449475267,0.11773799800923607,0.09765031956880268,0.07097676639714806,0.18156422270215258,0.07657589380210769,0.26412182684468516,0.1241453226816013,0.16091799962396647,0.1731312029199252,0.15557952762773844,0.16077204584059196,0.06657556332551642,0.1377781393337091,0.11417121821859755,0.18467899101149085,0.14757688612660544,0.11342724462430895,0.10172313158963543,0.0781999066132233,0.08677167264672302,0.27446611705488305,0.10720428258873067,0.5144146632632305,0.11003271043030684,0.10685560536989906,0.06677001484833626,0.1070485402039007,0.09955713694196297,0.07743608925531055,0.1034161279733571,0.16971114622597955,0.17576426719410476,0.14056781346616465
Bolivia,0.05367159820094088,0.05822042827212176,0.14367649186459625,0.017720866482017646,0.015035418920943604,0.0393486280587712,0.08887482804141392,1.0,0.10353664697409198,0.05230085443313169,0.09047954475225159,0.11988424745385066,0.16741265421343518,0.15707388303716152,0.04051802177213901,0.05637799075743206,0.10755375997123616,0.05386753278114777,0.12999717813614947,0.15766468246788976,0.02836493575157059,0.018557039892175733,0.010090240008987793,0.03122794075887914,0.0693769009110082,0.2812781309239138,0.08977993829196301,0.05465797781042462,0.07684935215505397,0.03799285448155181,0.0069200293225307,0.06967116112917071,0.06575856108355616,0.09353985680286955,0.026317904529238323,0.0821821189488576,0.11443527100939042,0.0451402847657859,0.053203487290635815,0.042193423291996685,0.04385187570254759,0.07316840759432515,0.042675203574490575,0.0441152088406548,0.09113334217826835,0.8477609008907011,0.024895538414239016,0.07122049027340649,0.03849850611954987,0.017455151794136647,0.08178069709884912,0.11080534050412416,0.05564682893387661,0.23356538813650138,0.04391988969262726,0.24670459270597067,0.10288993063622087,0.0813876033856769,0.08811577350918101,0.05591044024513957,0.060754716484330874,0.045313160077832294,0.2767411601225282,0.08275631627420339,0.06914641331639271,0.01623079620215144,0.03170437650035747,0.015973991914661027,0.23962408371112653,0.06359833256879398,0.5149613859052089,0.08850100350622662,0.04780346348936672,0.042488152133161886,0.023105198499745825,0.17676576777503747,0.02244862642991431,0.024516644272471876,0.11386030016132764,0.10867766587551915,0.06924860546178133
Brazil,0.08934117653732365,0.15752062535637162,0.2551182205970385,0.10184472591188176,0.11166538700295255,0.0635704951726405,0.06339333530831147,0.10353664697409198,1.0,0.11784124996620861,0.044221719961642064,0.1937745152326707,0.2311067374847546,0.19691416050134142,0.06161954180937209,0.13892362294992897,0.17839907852316156,0.05373280864065814,0.06344162315476674,0.10339359503419429,0.11296412270511058,0.0928351420631353,0.08480658064387393,0.06686769416823364,0.14123292451548572,0.1740781430186137,0.03188005567740467,0.07388395121477752,0.1564605952775977,0.12305007853294078,0.09405759884958802,0.10401905123762281,0.14668176876456537,0.14220912670956878,0.0790535534904625,0.11630069940358294,0.18905234128773904,0.11687341262760263,0.1351085092322592,0.11949533056946496,0.0676171833492765,0.04731455716300817,0.12441334808911374,0.1272078403989204,0.14008939992678532,0.7015491210225635,0.10656146656905967,0.03422591201422295,0.12112905447108151,0.09909448576935674,0.07331923432738156,0.18013893035956524,0.05224994239149149,0.22083552953833133,0.12339705601651452,0.14753516330356908,0.17906157686562219,0.16036069219818708,0.1659607414868124,0.05667955241641393,0.13436356805544442,0.12132942534534671,0.1640906538644345,0.1461290893836016,0.09945665808142393,0.10380153709313576,0.07137621723025409,0.08388520631778963,0.2787609556433321,0.11573286952150276,0.5200401200661049,0.0863170577150327,0.09880665366376985,0.060157077796227074,0.10890434467943318,0.07591042456732683,0.0744649411828924,0.10896751503055613,0.17953187223217815,0.18002175674249668,0.13267320916314337
Bulgaria,0.09781952982657328,0.08287979767130324,0.15998099201010232,0.04582016753410897,0.04333576933307086,0.07760480100184786,0.11494364381231542,0.05230085443313169,0.11784124996620861,1.0,0.11792470079332136,0.11360994743321724,0.16604060229639075,0.1345546204579966,0.06926494467502806,0.0612455782171324,0.09777925240701628,0.09447655581971766,0.17284631985261398,0.18923036204387494,0.057027705449568575,0.04843686433450276,0.05362085554288135,0.06958188429798141,0.0922981503797372,0.32028978084400717,0.12707966421596,0.09706482847820644,0.0794433314177461,0.052462108106187004,0.050522585360511484,0.06130475753391115,0.06915565514434087,0.10196166818967896,0.06436182013092186,0.06585218806232969,0.10674417385697138,0.0510028265431018,0.05599407426627624,0.07523450474759623,0.08090499138039908,0.10252814662240764,0.06894358580921957,0.05009271007637214,0.13028820093902035,0.8859063791695785,0.04017385746527727,0.10551221716771016,0.059394017480560626,0.04125208730610442,0.12501389686950387,0.08992970022866922,0.08450237894986401,0.2557282296093113,0.06364032654925454,0.26877139616318124,0.09182502384274559,0.07842479008570655,0.08487522661695211,0.08255609195877193,0.04297172415519393,0.08150605007984021,0.2988387427488653,0.09447721496111856,0.053722621865851944,0.048517824982986214,0.059147680436671374,0.06031682765956364,0.2646325599206578,0.10476949519510705,0.5286587317691732,0.10620158263083071,0.06718803428949299,0.07428419226450686,0.04289387273873322,0.20421355634337962,0.06054524502267138,0.056433069300267605,0.13395989719979964,0.11690816220436334,0.08077721198626715
Cambodia,0.09446533594328883,0.15253654555290536,0.24528889253297678,0.08211459666881665,0.09574062119569694,0.06118114469553666,0.057109782451292126,0.09047954475225159,0.044221719961642064,0.11792470079332136,1.0,0.18408180053568785,0.2277183533942117,0.1673035224833302,0.04971963725902235,0.12816592929842702,0.15868465245597885,0.05384507665392458,0.09527910602363035,0.1381006638236288,0.09934074048279157,0.07622533819634598,0.07342404450853786,0.0557580046506113,0.1376000051152424,0.19491264669715888,0.05322123148873157,0.077702330335415,0.1442349445118655,0.11261105684758678,0.08335636871354891,0.08369064607793254,0.13720247295287577,0.141934742305115,0.07238103023675381,0.08722750197259649,0.17723461098442694,0.10380134656040041,0.12490539843393335,0.1125110540454976,0.07043533966140206,0.0615409145360194,0.11615705124693487,0.11474537177543259,0.14591263215450423,0.6972626687154498,0.09209425111220036,0.03327927549023302,0.11444836658830315,0.08418740239995186,0.08751851971509103,0.1648623497385075,0.05101416829882054,0.23645638284981899,0.11718109798327572,0.1400633939316874,0.1660880420637742,0.1503796374325728,0.15663467737368475,0.034062962750202014,0.12128051246382461,0.11287529728844994,0.1688765556584518,0.1487232408232643,0.0868118511231226,0.09263019441866985,0.06196343804406677,0.07559246175225157,0.2853369735428744,0.1189098916819784,0.5294970805258435,0.09841748491519922,0.0986198079935404,0.043783766532245826,0.09621317578549983,0.08183095935859187,0.06192037957641975,0.09611183722654226,0.17633768041436987,0.1754145416526561,0.13446974715733484
Cameroon,0.14708584787959877,0.0909771550595189,0.07643127774273163,0.12401142379837016,0.11551821498321989,0.15090908581956902,0.1862362347506052,0.11988424745385066,0.1937745152326707,0.11360994743321724,0.18408180053568785,1.0,0.07712534433854336,0.19040141166049057,0.19117664612620658,0.07805741237977418,0.07861856410852448,0.20669537415135444,0.28976474860321055,0.3047765518312521,0.11729523685610464,0.1477034669326012,0.1543724218377634,0.18175575666257401,0.09836515720983992,0.47534048737857904,0.25096636301087005,0.19084910930280438,0.055915347146654464,0.09943579784611037,0.14074293690777914,0.17988679950424782,0.06634978036622738,0.14816858707341185,0.16765263596693075,0.181301323772452,0.02107255185459694,0.12345977208089116,0.08357342133967699,0.11342053230093307,0.18790891547360664,0.2263346088560061,0.10022194124776637,0.09691638079272187,0.13942301191564366,1.0867213226707317,0.12727511744852327,0.23113921636193682,0.10370270777461738,0.1372527462081683,0.2210103434906281,0.07941026248056675,0.2072128369841996,0.319419486291968,0.1037082083645767,0.4318196381178276,0.03512618339802264,0.04859431953437298,0.04048669817915864,0.20781707091548784,0.10424363216496002,0.1141499879567585,0.47276379439390837,0.11071380602870946,0.18269642126941388,0.12698967311279902,0.17712921603033918,0.1569729747616943,0.20525530346989337,0.147038353875632,0.5377136076912694,0.2175730487503942,0.1580384390413008,0.1940072825244558,0.12149038220682565,0.3570419035859981,0.17043668918846236,0.1216051152054193,0.0810799658096378,0.05302552624882493,0.11801205427752777
Canada,0.18429795034594143,0.13153463206219101,0.09894758612815692,0.1740265148140125,0.16467507920467397,0.19226610174829767,0.22720282869376562,0.16741265421343518,0.2311067374847546,0.16604060229639075,0.2277183533942117,0.07712534433854336,1.0,0.2712058439403593,0.2691946077029318,0.15018110746082855,0.15566053600364632,0.28111503350035033,0.358422447415198,0.3650234040412303,0.19256697748954743,0.22592674711814642,0.22963875696939257,0.25811099908672536,0.15488531321019322,0.5640456618415213,0.32706209746303005,0.2616652865785575,0.13223544543923704,0.17189981849576216,0.21473249090877305,0.25871595559920696,0.1371458604663902,0.20880856169607268,0.24093579246689223,0.26743852845530774,0.09926927225181795,0.20020746179382845,0.15463284910783515,0.18170172896499842,0.2576228461618686,0.2995727118274683,0.16837326577797854,0.17356588691232872,0.17867244578099298,1.2078869945455621,0.20386995793895385,0.31009355693593754,0.17129144628318402,0.21422976609118888,0.28922943068369267,0.14552166805686262,0.2824852598339008,0.3557722960676224,0.17002861344466644,0.5349257666658231,0.1125640941801743,0.12041064160311915,0.1114186827350572,0.28939565331517336,0.17689090267608854,0.18095271916748074,0.5769855605849996,0.15462741811348257,0.25891103268359555,0.2006514192952415,0.25298044409231246,0.2307956861723713,0.18070547026421502,0.20322670815298666,0.557027096051347,0.28036314423692027,0.2223429933548899,0.2733020233994298,0.19623166062772443,0.44903859875599555,0.24701837857405826,0.19618033039278748,0.11402194004848905,0.09764966455943555,0.16749568765900893
Chile,0.20388987961057412,0.19249163551721366,0.24019172289660567,0.14193525931507445,0.14575322587919481,0.17368832872036,0.19598506484438577,0.15707388303716152,0.19691416050134142,0.1345546204579966,0.1673035224833302,0.19040141166049057,0.2712058439403593,1.0,0.17341504640210145,0.14986628885147363,0.11166265754331488,0.2017797602457318,0.27968537937606014,0.30014325317208523,0.15011679848626244,0.14583842394645094,0.16128583482632106,0.17287754016902515,0.19610924055420567,0.41013779118429616,0.23218828528103438,0.20218752478491106,0.148354773838479,0.15322625840202725,0.1592848905514007,0.13047785293600025,0.15545880812102342,0.19747665053290983,0.1811302870421978,0.10211450500887025,0.15153665653539677,0.14810933533610288,0.14830400687222475,0.17876796370556633,0.19389796413061255,0.2143979191664758,0.16490140906547143,0.14976670715157647,0.22449089062534355,0.8877907480408928,0.14076679451636104,0.2020645425333608,0.16726792350483546,0.14563510840823288,0.24364676391977297,0.11168152743483943,0.18615812744125765,0.30726114980849284,0.166602069769048,0.30287162249016036,0.13983480701617088,0.15428670778546802,0.15756727826559658,0.16894409041443473,0.1265600866511266,0.17263836829677756,0.34976905509142864,0.20237557686926713,0.14826710848771846,0.15495374247398105,0.17076206737242133,0.1692655857251593,0.34283711614302564,0.21687028785152615,0.604446514584295,0.22636956804150482,0.18752782747135008,0.17065170988583545,0.1473923145716156,0.2729304073930057,0.16530914855335144,0.15296838124451578,0.21500094200366512,0.18888795089177735,0.18928724732649896
China,0.06147314014226321,0.09793063881118846,0.19059256590455903,0.03639500461228125,0.04538544978456919,0.02351041962664336,0.06997847059798801,0.04051802177213901,0.06161954180937209,0.06926494467502806,0.04971963725902235,0.19117664612620658,0.2691946077029318,0.17341504640210145,1.0,0.08986670252812197,0.13318071246728863,0.029830218114722404,0.10436475259198522,0.13306026097106094,0.06333564883164892,0.038655707200148624,0.0309942793315936,0.013421486454965449,0.10067944530664358,0.23967246826687796,0.05721691199044214,0.05119941727436157,0.10969562310941884,0.07288174305612928,0.04089948950358408,0.058779344175018615,0.09900974513673069,0.10910442656866373,0.030729141783766175,0.07560317894965206,0.14436065151813066,0.07041672979162594,0.08566541333872187,0.07657641831394287,0.03155444813814394,0.042520262533442016,0.0783339135565138,0.07730530431968083,0.11536214056332059,0.7879627958941271,0.05259394636426331,0.034398310165728974,0.07323906268603314,0.04391935377338079,0.07198199582260768,0.13325244934684372,0.0216732122111043,0.22632893494829703,0.07651039381220502,0.20084171514105612,0.13218895525781035,0.11300811856746654,0.11972663809477652,0.0218326197198336,0.08299002451488384,0.07943193347956923,0.22598058434709542,0.1081274300693723,0.05503531369422871,0.0518411499998282,0.01352889959012664,0.03324767488370369,0.26195201109187055,0.08656805382907046,0.5196554773958618,0.07088063606578734,0.05707424530673795,0.011059677077241937,0.055654497004465245,0.13232314715140978,0.018651558976879742,0.05950064556880078,0.14498571467014235,0.1400170462485996,0.09201205047834704
Colombia,0.09347132429036462,0.042749884428649465,0.09612745658112407,0.061518199880688504,0.05113801456348318,0.0905663381761282,0.13442914672657108,0.05637799075743206,0.13892362294992897,0.0612455782171324,0.12816592929842702,0.07805741237977418,0.15018110746082855,0.14986628885147363,0.08986670252812197,1.0,0.07245002939918291,0.1173291953339265,0.19501284577556982,0.2143267018334799,0.038212244256331566,0.0644099094771443,0.06944101963744759,0.09387444306958262,0.05238674280831541,0.3631613138539521,0.15734245515030199,0.10661573608278381,0.026659948862492754,0.02037093383269199,0.057155448076270134,0.10262935618329097,0.012575934695722518,0.09753052858348854,0.08344452577975074,0.10995904644468824,0.06467294862028103,0.0547663670148462,0.012052556267487937,0.04489803711971328,0.10082087954520348,0.13582967519771255,0.027488385796842485,0.0271406087211485,0.09039868000184095,0.9514162704884982,0.04676380961324076,0.13838908189489105,0.02847664154469637,0.05494647612950647,0.13745266216196023,0.07276115535347044,0.1172836421269151,0.2562282255596205,0.03215672632483244,0.32374688661461737,0.05258226969699713,0.028428760230363226,0.03542395191403313,0.11811550902874278,0.04267695735540362,0.04491632574133901,0.3591701938487137,0.06738201057087213,0.10479080952668952,0.044854986051161956,0.09090182433877582,0.07198692870151839,0.2203296668422861,0.08216028427357557,0.5217687162897227,0.13603200154886042,0.07981808489546191,0.1054157328375681,0.0401270225506201,0.2524277247947925,0.08383699809934063,0.04240795033686679,0.08232612154899734,0.06509079931647883,0.06110184463636119
Costa Rica,0.1465612417760661,0.10893281639288596,0.12428909837681834,0.10343619286247126,0.10029572041278413,0.13909064435236212,0.16867538704656246,0.10755375997123616,0.17839907852316156,0.09777925240701628,0.15868465245597885,0.07861856410852448,0.15566053600364632,0.11166265754331488,0.13318071246728863,0.07245002939918291,1.0,0.17966672157010954,0.2642478846158431,0.29234916260542676,0.09329510785243895,0.11381316208812804,0.12713615969903846,0.1509183633424727,0.11763570685641277,0.42621071431755764,0.2208833628472435,0.17046611760521668,0.057767521547640206,0.08911036371428654,0.11797531384627348,0.14025252712370354,0.07544549330732563,0.15258604949365911,0.14522492117668423,0.12312155813649088,0.057168350134162924,0.09590984049400207,0.07977368330363041,0.10847262691974206,0.1682618623370146,0.20157270642243522,0.09543699732603109,0.08194561257657276,0.15509795659597525,0.9808854503987439,0.09955794083746448,0.1950705940932375,0.10267155819255985,0.10837589566664992,0.20753256548532617,0.0617589844559935,0.17625246698150915,0.3121536030110868,0.1037888738342643,0.3576851009885066,0.05117966341487469,0.0701479982949689,0.0696966334903405,0.1654045034872004,0.0858650551199604,0.10399663671150106,0.4038118481722472,0.13871201683577764,0.15161228706887472,0.10615264557684913,0.1489694572899273,0.13392212390002317,0.2541821251160298,0.15176163230833836,0.5595679658542837,0.20512834050744352,0.14937729374847586,0.15668242284778652,0.0992932997281975,0.3017622826205409,0.13978223030831788,0.09764644656969612,0.1176169352703175,0.10241924532532283,0.13539576497846248
Croatia,0.04540649179882905,0.10092138842647295,0.19313848569517789,0.05786121719776787,0.06401735386949939,0.022249757861667666,0.06473401162238117,0.05386753278114777,0.05373280864065814,0.09447655581971766,0.05384507665392458,0.20669537415135444,0.28111503350035033,0.2017797602457318,0.029830218114722404,0.1173291953339265,0.17966672157010954,1.0,0.08154091028509551,0.11553858703407267,0.07463132939025578,0.05764308906295747,0.04635247462040296,0.028954372133461272,0.10025678055619157,0.2193274051546581,0.03750771776200417,0.041455531899562956,0.12010402619694059,0.08392080650929207,0.053910424625724186,0.08253878171025225,0.10885702792833066,0.11261917163592002,0.036409785318935045,0.10143731768525016,0.155545219212927,0.08656785946584124,0.09771108942194034,0.07947747912493686,0.027761338017875677,0.03334727515828171,0.08472457071959151,0.08978196773425828,0.10726203147290021,0.7775859399389523,0.06996811149266445,0.02770633616244236,0.08076524621875694,0.06198652594237516,0.04936886973086944,0.1507338003920198,0.028940357857515385,0.22176632447038047,0.08383232204800892,0.1996445700619128,0.14503287685531083,0.12330812402549142,0.12974446765424671,0.040118575489578666,0.10127000159587216,0.08285578876220383,0.21918936472018205,0.11019176689205983,0.07789491296773743,0.06438162183266301,0.034401135074153544,0.042539077705894324,0.2533181650065605,0.07745456244780663,0.5113882692195526,0.06452063942018929,0.06092260030381256,0.03188734838935112,0.07059267796552669,0.12455524215641472,0.03707346962627658,0.07085069828929659,0.1438486720283652,0.14448655169101565,0.09592593574984112
Czech Republic,0.08963576316842639,0.1659836353837876,0.25667510683857375,0.136341354113156,0.14181218295937123,0.09058743110671308,0.09044118773500175,0.12999717813614947,0.06344162315476674,0.17284631985261398,0.09527910602363035,0.28976474860321055,0.358422447415198,0.27968537937606014,0.10436475259198522,0.19501284577556982,0.2642478846158431,0.08154091028509551,1.0,0.07897926660668221,0.13336456100201308,0.12238826425071207,0.11066295488222856,0.09679211126152723,0.14583393020197152,0.1572464167740739,0.05228904223333221,0.08455478760237639,0.17258547097263632,0.14145861589822845,0.11771957483099263,0.1456750488140534,0.16180176310537206,0.14898173595283457,0.09896893545988213,0.16054328675464383,0.20468443937741343,0.14163846111263043,0.15349152431694843,0.13000311362189737,0.08678324381267766,0.06931244418338971,0.13827965324363334,0.14696915955112716,0.13244583177452723,0.7175445680327097,0.13320181916033755,0.07346224297704154,0.1353267957808158,0.12671927760639698,0.06906219031839694,0.20641889355529328,0.08647393956259695,0.2139486542822438,0.13704519734406403,0.18292121629235866,0.19723354980300487,0.17548471019820652,0.1800053734054917,0.09936984160546569,0.16059008285945472,0.13146082125231068,0.19228514674769082,0.14768346753619882,0.13792586575011462,0.12554693687549956,0.10282636742808775,0.10680333313167456,0.26259512273695196,0.11359727774894597,0.5065082421417177,0.09183639981644308,0.10853707336259177,0.09732884583922362,0.13212247257920093,0.10657490542937896,0.10385267153978525,0.130077156149015,0.17831536260445577,0.18557344622056976,0.14025683844144757
Denmark,0.12829877123349923,0.18446950496801487,0.28166208726748115,0.16469652021100775,0.16549992833011362,0.12054144721923579,0.14250055366955408,0.15766468246788976,0.10339359503419429,0.18923036204387494,0.1381006638236288,0.3047765518312521,0.3650234040412303,0.30014325317208523,0.13306026097106094,0.2143267018334799,0.29234916260542676,0.11553858703407267,0.07897926660668221,1.0,0.15994327537495592,0.1499300537912047,0.13760940998730942,0.12597953860283803,0.16229257394191016,0.1999560705208439,0.09292945229937793,0.11356503557361487,0.19203478652006342,0.16119497084968862,0.1414456051741639,0.15858706848481846,0.1776543027187349,0.16021375221329787,0.12826374718209696,0.19027465037403,0.21959728824104688,0.16911168531626575,0.16978020776572825,0.1559171167079876,0.10475859176868568,0.09043534077842413,0.15897519880183214,0.17077124321995168,0.14570423655849188,0.7907019421065877,0.1555199742379368,0.11121497318111882,0.1526823149766354,0.15088106049084754,0.10233931063452983,0.217173637361282,0.1094554240465074,0.1854197731555881,0.152934341442513,0.23366498486117523,0.21179653917934346,0.18900470989328047,0.19326668619467133,0.13420462597585947,0.1725428433993533,0.15828794398317533,0.22797041938239854,0.14930049946570778,0.14544265439810328,0.14933506507773525,0.12642665998274819,0.13242564685118435,0.2684475404428723,0.13616282223068815,0.5115811746430278,0.09201818519078789,0.12313578857644744,0.13062028741696968,0.15394965425401233,0.15174879035441846,0.13236944001625983,0.15672337284420812,0.19693452976913076,0.19493588438366777,0.1389377804303973
Ecuador,0.07052748957488668,0.0496790274678574,0.11994091335935725,0.03299570452506942,0.026741559824257848,0.06382148705820273,0.10703644978141859,0.02836493575157059,0.11296412270511058,0.057027705449568575,0.09934074048279157,0.11729523685610464,0.19256697748954743,0.15011679848626244,0.06333564883164892,0.038212244256331566,0.09329510785243895,0.07463132939025578,0.13336456100201308,0.15994327537495592,1.0,0.03107615627055919,0.036551227909275695,0.05892684926001513,0.060224308563741294,0.3140831210277559,0.12019245012437513,0.07627867809870154,0.05340985514126832,0.021161735835088433,0.02740580084231514,0.08287492513107504,0.04636790197446412,0.0958978233430495,0.05307399964088511,0.08713711467445055,0.09318290021344477,0.03938113292153505,0.035867798608866734,0.03168816484039544,0.07255235838076927,0.10426083833989959,0.02510263628644101,0.026779628629835753,0.08723232980170115,0.8808650952068221,0.02370692577997599,0.10034272610118745,0.029357632380287005,0.02637694776465502,0.10663990550106527,0.09469533005536564,0.08478162803790869,0.245178088269406,0.03478017983519663,0.27437394697651735,0.08211387537881235,0.06216216257083238,0.06878266918605433,0.08073948872196134,0.052383548765959964,0.028948139940411535,0.30971176112813253,0.08119174470375148,0.08790349661958718,0.01734804969327166,0.060439296584087386,0.04120211482183798,0.23075746329008387,0.06832849548599591,0.518583777650279,0.11558305073488256,0.06495459554647383,0.06872627886046938,0.018377905659756697,0.20714040123640126,0.049513390169313845,0.008583593223100134,0.09742555495658348,0.09127519488839299,0.07133091545161235
"Egypt, Arab Rep.",0.06891628689344118,0.07269250297434762,0.15420216644273085,0.0061857534093383675,0.013604857813152214,0.04543872522642409,0.09142214059827893,0.018557039892175733,0.0928351420631353,0.04843686433450276,0.07622533819634598,0.1477034669326012,0.22592674711814642,0.14583842394645094,0.038655707200148624,0.0644099094771443,0.11381316208812804,0.05764308906295747,0.12238826425071207,0.1499300537912047,0.03107615627055919,1.0,0.01601039639295384,0.033645738190762095,0.08121385881225787,0.2851690914780063,0.09603035017198037,0.06324827206030002,0.07787929685759543,0.04267612922398464,0.01750882327434979,0.05777821962805438,0.069464442476988,0.09951016365395544,0.037687378158818174,0.06552916329865535,0.11417586925057113,0.04323132784924859,0.05580719691954141,0.053800424791577164,0.05329137854680901,0.07970413533130268,0.05046016736309933,0.04671016233082407,0.10357989932332959,0.8369591253023786,0.019294048148719406,0.07287510641274071,0.048362073865088694,0.011155137206399313,0.095596548360211,0.10428498231872552,0.0572647267271402,0.23551770133745384,0.052580817111914153,0.23839229867500278,0.10146216562482,0.08384563994057191,0.09070782666036972,0.049933001845302825,0.05567997575338209,0.05344534078957426,0.2715039835539664,0.0938608787715562,0.06234406323926106,0.022569081291384907,0.03465078061374182,0.025440902672207017,0.2501628353493686,0.07955194906746202,0.5227053670946696,0.09821378800830359,0.05828102574413911,0.03999509846504379,0.023749084053929143,0.173875385090037,0.023708768223293174,0.02769592533836808,0.12275098445707179,0.11465691151948013,0.07939089413442346
El Salvador,0.055774849156713366,0.06762851927956962,0.15431342632653353,0.014346372611669886,0.01651622518707462,0.03387498009798568,0.08517085721718456,0.010090240008987793,0.08480658064387393,0.05362085554288135,0.07342404450853786,0.1543724218377634,0.22963875696939257,0.16128583482632106,0.0309942793315936,0.06944101963744759,0.12713615969903846,0.04635247462040296,0.11066295488222856,0.13760940998730942,0.036551227909275695,0.01601039639295384,1.0,0.02400595206738766,0.07707932344122367,0.2734579896327632,0.08346089087465565,0.05153591210247801,0.08344516082475736,0.04528663621089435,0.01271553002881521,0.06386929568692545,0.07265071384538924,0.09487591427920777,0.025476488574116694,0.07639774257217984,0.12016217128277809,0.04781068040690782,0.05935823965344603,0.05077287592186799,0.039703133811062094,0.06662624555016114,0.05063272237960956,0.05076144548154735,0.096625788448107,0.8340534675889052,0.027257652364312837,0.06334846030073472,0.04644596250289051,0.01866825862027892,0.08099282759621136,0.11349045199635632,0.04743523384534991,0.22948326396502053,0.05138532590034132,0.23598190149699,0.10823160429796405,0.08783690451354415,0.09452790849363805,0.04676836151954738,0.062647285646952,0.05276727983950338,0.26591447110722854,0.08795987635365747,0.06314466694591474,0.02300692599433944,0.024821772904592435,0.01367909916484598,0.24566027205635732,0.06990149301278487,0.5157373275594868,0.08535983263346922,0.04834071341904177,0.03409050362532948,0.028395893913377903,0.16711817812322396,0.014040877366704051,0.031391585242046424,0.12143447615546395,0.11548763088060958,0.0736713984992581
Estonia,0.05424016874885869,0.08775757005337478,0.17825740694213513,0.030220889959716335,0.03781126063028822,0.01739968114819316,0.07276574027442641,0.03122794075887914,0.06686769416823364,0.06958188429798141,0.0557580046506113,0.18175575666257401,0.25811099908672536,0.17287754016902515,0.013421486454965449,0.09387444306958262,0.1509183633424727,0.028954372133461272,0.09679211126152723,0.12597953860283803,0.05892684926001513,0.033645738190762095,0.02400595206738766,1.0,0.09277594316665552,0.24663078128168808,0.06137245643052007,0.04797112506248654,0.1025656846715187,0.06552421335217892,0.03308795689068181,0.061592788399113044,0.09201070142272436,0.10571093575266975,0.025932097634712686,0.07875911657977482,0.13838058136674908,0.06651210787151482,0.07898075807630012,0.06757883384911371,0.028179625876391178,0.047650728305217806,0.06942205911629233,0.07131108047419796,0.10527862652284736,0.7987534219756711,0.046874514028638035,0.039976942735802226,0.0653916517555916,0.03789666036371866,0.06984377775417129,0.12969366933467116,0.02739114586160063,0.22380079637518963,0.06845585678745163,0.21036009385907817,0.12652595981537312,0.10653107610849141,0.11324301301134891,0.027993233644515968,0.07925791263264884,0.06902517657911111,0.23713404355200632,0.10165370731940412,0.06072800801315584,0.04406171545399055,0.015513659220933358,0.02568689230933839,0.2542149513900477,0.0782604280437569,0.5183114797726197,0.0742816397663171,0.053071339546605825,0.014877177361167247,0.04870846242113473,0.14111608936200268,0.010835126719019112,0.05106322839523317,0.1364530182978184,0.13199089120377783,0.08583013554938265
