Country Name,Albania,Angola,Australia,Austria,Azerbaijan,Bangladesh,Belarus,Belgium,Bolivia,Brazil,Bulgaria,Burkina Faso,Cambodia,Cameroon,Canada,Chad,Chile,China,Colombia,Costa Rica,Croatia,Czech Republic,Denmark,Dominican Republic,Ecuador,"Egypt, Arab Rep.",El Salvador,Estonia,Finland,France,Germany,Ghana,Greece,Guatemala,Honduras,Hungary,India,Indonesia,"Iran, Islamic Rep.",Ireland,Israel,Italy,Jamaica,Japan,Jordan,Kazakhstan,Kenya,"Korea, Rep.",Kuwait,Kyrgyz Republic,Latvia,Lithuania,Madagascar,Mali,Mexico,Moldova,Mongolia,Morocco,Nepal,Netherlands,New Zealand,Nicaragua,Nigeria,North Macedonia,Norway,Oman,Pakistan,Panama,Paraguay,Peru,Philippines,Poland,Portugal,Romania,Russian Federation,Rwanda,Saudi Arabia,Senegal,Singapore,Slovak Republic,South Africa,Spain,Sri Lanka,Sweden,Switzerland,Tanzania,Thailand,Tunisia,Uganda,Ukraine,United Kingdom,United States,Uruguay
Albania,1.0,0.16247487886145628,0.25083370460452353,0.1739250351408601,0.1518346604943314,0.17231212780977775,0.11686162014709447,0.13240956433020115,0.13484530224962632,0.13497947528797144,0.2229522889841155,0.1909832581115068,0.14509446708130505,0.3322818025969466,0.4131666716106083,0.3172522224867928,0.3875990080607612,0.1290267819696602,0.2361882950294308,0.32935441249942293,0.09263703501351445,0.14076118528239462,0.23008151838446433,0.34142079413316534,0.1752277439766263,0.16529754274153047,0.13924510815788171,0.1178395416452497,0.17429234590845635,0.37774506316136536,0.1330880810778067,0.25346241269550746,0.5920881125007185,0.19764224769061198,0.1558833045602763,0.21697528924520298,0.23799010871326562,0.21767456241841385,0.11151293000927574,0.20145559660668375,0.11011084298091753,0.27657975705030524,0.3447346670686492,0.18261301901903987,0.23788940934936526,0.12344897192177465,0.11803648469890517,0.118112667020839,0.2540964342326319,0.18055183346203604,0.17426948337512746,0.21296352698467774,0.1643963381139975,0.21327110276801062,0.19398577947464768,0.32768989102422863,0.11181051408914153,0.17382237600575556,0.16851396503615942,0.07546264566026892,0.36847671766689677,0.17131436490531482,0.16526905967545652,0.5042061866045217,0.20047532036756288,0.3033984415464386,0.332625653039752,0.28431144422379634,0.2906182709406598,0.14138350537383287,0.3020967785851654,0.14705995730791616,0.3233624818640315,0.20832584891043177,0.22694921171134674,0.17318597602034752,0.16138564005886336,0.13336654703000977,0.463410565022685,0.1237984944889342,0.4615903956081731,0.09712951241274506,0.7846513434509643,0.1628352054420063,0.1785279382350938,0.12912785305585908,0.18297295554396592,0.2207346796129835,0.12615767808982184,0.16380705207529098,0.24514705598732023,0.30597498033025095,0.24396012695781258
Angola,0.16247487886145628,1.0,0.13332830164977277,0.08471147152727156,0.10884927564220023,0.09393734289146868,0.13452741034553625,0.26635107320100887,0.0874637213735259,0.2320220587152982,0.13022165311390976,0.03789338219789547,0.22087555318756277,0.17684116995445165,0.25709947236709363,0.15933699656809874,0.29504251025807693,0.14308371885925858,0.09146822763772769,0.20037704534344322,0.15583042456890947,0.24471527855447964,0.2535842940732143,0.4135459292610987,0.07705232622267419,0.10702969797305915,0.0999545541948656,0.13168556517769628,0.04455932907445045,0.5271887802976424,0.1273548059855426,0.10812198314271082,0.7012961182011148,0.06759253838234353,0.08517383139838829,0.16885958576375298,0.08679571018849053,0.13637406505404023,0.13942834161765427,0.22878875426489692,0.1101362058446556,0.20458340768662164,0.19250614630488166,0.10147833257681084,0.09567050493722305,0.06161413967585763,0.12693239717988095,0.1748397648829367,0.17166188149204217,0.0483621779166691,0.07101833460683925,0.1059660571226534,0.09234644808034777,0.07703617872473353,0.09823858049781345,0.4166791052812035,0.18938899095399064,0.04023086273489863,0.09643119701020017,0.22840638170603247,0.22957715373661466,0.09646927375956184,0.15404377804298716,0.41810443237413886,0.06405941681861793,0.4082363345871735,0.18257556856436724,0.13023318998873987,0.13487169534624469,0.16787281691012326,0.17285240761508355,0.06250569090059317,0.42569508806842327,0.07892614322272432,0.16746182540709884,0.28366933256665405,0.0747703814095931,0.12580801088108798,0.46144329273884094,0.0996835599892677,0.37073639483600096,0.09541451271484955,0.7376630791820781,0.16826200469760388,0.10351619232818135,0.1485678154008115,0.08290973757943515,0.3353119466250949,0.08809061585916828,0.07565358632099538,0.11995566649818656,0.14881594050794594,0.10903305256084898
Australia,0.25083370460452353,0.13332830164977277,1.0,0.13961430071456055,0.22506251978335223,0.21219671351434993,0.2575685051816691,0.35851111132788926,0.20826120017927302,0.3474503876174973,0.2367776860258258,0.1484543815218752,0.3327257790402697,0.16329431534677755,0.21691489087926674,0.16915019988109176,0.3545335478667239,0.26629552522820904,0.16301843154226828,0.22378163941567067,0.27359745461416485,0.3519731332925913,0.3712176173712817,0.528998858917221,0.1790454111488964,0.2215385571640171,0.22138603959562056,0.25247105665252034,0.11736677457385222,0.6124031512555979,0.24270035242457919,0.1440728438723593,0.811878004427983,0.16814929323599623,0.20683904169464798,0.2835852933068554,0.147404505155497,0.21756751176539743,0.26284694039568113,0.3560934366316463,0.23046088011791463,0.29946884501243864,0.19234337769108256,0.19793394024448455,0.1738362415785336,0.15034347312310767,0.2541658827836441,0.2998020975814424,0.09876119083670894,0.1486232873573036,0.16292833195794035,0.15437302086325125,0.21450686050758533,0.1696907630221265,0.2073449176894529,0.5273237258480453,0.3069960222409519,0.15787972212536375,0.21220228687695358,0.31281121788406285,0.2680722436294367,0.21228198778096985,0.2812583593519587,0.4767270448276042,0.16502360503332217,0.5130400942039993,0.20094823029331144,0.16665818806208457,0.16146268349999854,0.28624511718331774,0.2468989960401501,0.14826249654968487,0.5390966645918188,0.15988304507012846,0.2876741046862946,0.39674849955869906,0.19167111609939275,0.2515508025788767,0.5643833066720686,0.22072704205584104,0.25816034027020246,0.17723276760778459,0.7154681114165569,0.29256581162822287,0.2245118164154591,0.268115822638174,0.19464696690509453,0.4458971103255138,0.21424624211450333,0.18217092615003563,0.044438636296834685,0.14099643254696656,0.19972715077068423
Austria,0.1739250351408601,0.08471147152727156,0.13961430071456055,1.0,0.13812030210190634,0.1351023748964556,0.1732872012615756,0.2638174942808143,0.12383381863013646,0.256542653571025,0.14844730944534276,0.10736545922541776,0.238469502018752,0.18902632403615027,0.27583957848073226,0.18754635317916896,0.31164235331154405,0.17117449617856834,0.13134404146699144,0.21583243751683082,0.18466739926029052,0.27851769609782073,0.3075740157791954,0.4403285028224424,0.11699968004063732,0.14141336804320903,0.1349049974300706,0.16287530059729893,0.07967959146298177,0.5290238801424442,0.1680265512545412,0.13293513479359118,0.7216712786949886,0.11258597928531054,0.1280962380568221,0.1998673095921253,0.12267395038390667,0.15245466857288348,0.1716914674385411,0.2551938704003632,0.13927660780455375,0.22752203739517565,0.2099069065279477,0.11333895152572793,0.13716394763810472,0.08176543562726629,0.16920818466523635,0.20470724039923607,0.13425457219201656,0.10396110890600076,0.08104836759359506,0.17741475093617523,0.13702340867473295,0.1199405204196546,0.1373543010935751,0.4277666961749456,0.21380527831576362,0.09607619856554875,0.13107296930718826,0.23239593259016847,0.2573114575502616,0.13447272946927966,0.19731495706602964,0.4781861571611769,0.12339790132969385,0.4186250846081438,0.20428848489787937,0.1615772034232479,0.16389538951019997,0.1937645424556935,0.21194452752369225,0.10394881241646053,0.4418921038504952,0.12453429167879065,0.20086748609396804,0.2998833810259685,0.11623384452987841,0.15646586413908392,0.48899534527644306,0.13318342943162648,0.3846042596288811,0.12393650047834862,0.7052944581197345,0.20779273401561357,0.150687376861393,0.1761590948422479,0.1246649878834877,0.3500433516432859,0.12318160375007149,0.11488624222660027,0.1370493690672521,0.18110950715120108,0.1693279560199112
Azerbaijan,0.1518346604943314,0.10884927564220023,0.22506251978335223,0.13812030210190634,1.0,0.03397140663425357,0.06825241245193933,0.20904554372533427,0.027015766840554924,0.1608176416317654,0.08622503000251043,0.11267362712270164,0.13029958312076279,0.22641748173579915,0.32368713778924707,0.20738001509474518,0.24023304129465395,0.05661441189180855,0.11818044148467886,0.19705807241664755,0.0972993530075876,0.20576418617893286,0.23168787492426018,0.3231526781846082,0.05555427602171615,0.018581275181028662,0.0212825340091576,0.05174360306853561,0.13223594036003578,0.47414337116289756,0.09339240252710757,0.1422431750506975,0.6260378648367265,0.08074954921933206,0.03089973967487706,0.08394865541219247,0.1284993863220342,0.15612508435828384,0.06939540937297263,0.14395294374973303,0.057625263743258895,0.13199586992918133,0.2269250146754555,0.07052478059399928,0.1165247296798505,0.09380381027191,0.07714571777651798,0.11719831452014631,0.23484839133556373,0.08584476259009804,0.07521568115307385,0.1737766545989038,0.034806728233450004,0.09352319061222575,0.05359389701151121,0.3182950213180802,0.11470372607930251,0.07995313240347235,0.025142602180699,0.2112790122161797,0.23043048527971516,0.02910880934897084,0.0806200472014223,0.4169200437411803,0.0973411012973499,0.3154824193663722,0.2081726194421052,0.16893558046765877,0.17826175168903097,0.07119277320982043,0.16521303780090257,0.0883921096117182,0.33710068015733646,0.1534433885754609,0.09874366414053691,0.20460468035220378,0.03962791655328792,0.04563317902381919,0.3677511998159086,0.04088805612253432,0.46670608077542974,0.1380120006578594,0.775252041483797,0.1396602751425228,0.09432035246574337,0.05734186397174521,0.05056039163863147,0.25333588076235974,0.04265322767869058,0.047813441652895985,0.20911484468892952,0.2155648272095261,0.1507703204479033
Bangladesh,0.17231212780977775,0.09393734289146868,0.21219671351434993,0.1351023748964556,0.03397140663425357,1.0,0.08471906359861109,0.2391174762302497,0.03827731667808192,0.1846687517743623,0.06886273094946299,0.08792388420519033,0.15904996909106986,0.20124537926472452,0.2961989083288279,0.17848982065690036,0.228147111820339,0.08013162439709799,0.0897911237491068,0.17708228212055513,0.1189358483501259,0.22090645291241087,0.22886115203029228,0.33998915231202614,0.04019326731380933,0.022308878740592793,0.036547751224983764,0.07607235222662863,0.11969616409057197,0.5010272007213917,0.09671179928537645,0.11920031798117281,0.6450077527641427,0.05425208287230514,0.018301452007778347,0.08380614444980343,0.10189827949723805,0.1424893932009438,0.08986323525924166,0.15784306425198272,0.07519191736405806,0.12230353337551483,0.2006905327833086,0.06718113127468445,0.08668892416627552,0.09845734826771194,0.08739083474274262,0.13341461187470552,0.23237624752243363,0.06610657788219658,0.06895225546713922,0.15340615969651614,0.013028285674752144,0.0653228988147663,0.025361274799759265,0.3431891965032241,0.13971518959644944,0.059274195824187574,0.013245450121848525,0.23394723021894867,0.20330043556360552,0.009350865456095885,0.08463424272021267,0.3920163664736379,0.06958443917390242,0.34249214474300294,0.18105125959641585,0.14013661432648694,0.15001794731388618,0.09715396065747683,0.13509463179818185,0.08575235705559292,0.36080138353762176,0.13132115016867876,0.08874112095063566,0.2309863641755833,0.024153058775476976,0.06451520848311283,0.3729497673466856,0.05542866736769241,0.4511172381320968,0.14220821387616603,0.7658562483710378,0.14078632591413615,0.07738188795813486,0.0837643665695489,0.023046044703678215,0.2796166661562255,0.0512845162844034,0.038819007918911234,0.1943571625615451,0.18752614275731652,0.1191019465633528
Belarus,0.11686162014709447,0.13452741034553625,0.2575685051816691,0.1732872012615756,0.06825241245193933,0.08471906359861109,1.0,0.17531181806605634,0.06225169237949962,0.10752293554070234,0.13762768074282114,0.14191863412668582,0.09799395885478206,0.2809172664162549,0.36906295979490605,0.25693473736805006,0.2908369726452484,0.03494189879031896,0.16935045107989424,0.25744801847653426,0.04539685851265872,0.14205361369804737,0.17799068971923282,0.2859447848788462,0.10846626053385736,0.07715285023506191,0.0545751526134016,0.027401065601554517,0.1591884321398599,0.4258637597280807,0.0678338646126892,0.19796125817809393,0.5780466828882663,0.1313541708081405,0.07421914794223973,0.11487249899433823,0.179460124575209,0.17135091705788522,0.020862185297020625,0.11738852905059227,0.050660762647374284,0.1734626784050251,0.2823528182568878,0.12260186916411393,0.16664274705313775,0.11847290079938014,0.030039100463737475,0.059613307281748046,0.27577138475128504,0.12848723144280738,0.13045697855241892,0.17844417902521725,0.07479537390226344,0.1449481798280826,0.10839930377276394,0.29017931360804083,0.06322951706612974,0.12016820426596182,0.0850565809412293,0.16809145738835818,0.2825322266601627,0.08564218765525493,0.054060011139858005,0.41480638819155974,0.1366916954879144,0.28254979266887786,0.26347415752801173,0.2199784514509542,0.22941152512724486,0.05057607338246455,0.2089843244802949,0.11870643299759683,0.29718379864911043,0.17106176640309093,0.12197288543202024,0.15731454889231392,0.08961912638183163,0.04037929848623584,0.3694706056890064,0.05032670556161317,0.4855694632107679,0.12783646977694849,0.7860700766245357,0.10659510994181844,0.10114551938292275,0.03745214191701064,0.104525661040502,0.20786216787342152,0.057468814689514196,0.09996159620126137,0.24237768967737328,0.2567237390360948,0.1722021145563858
Belgium,0.13240956433020115,0.26635107320100887,0.35851111132788926,0.2638174942808143,0.20904554372533427,0.2391174762302497,0.17531181806605634,1.0,0.20737331523870678,0.12286909086373483,0.2761016570387342,0.28944609194303683,0.12407273214220504,0.4161813759676537,0.5061708394807175,0.4033122725489051,0.41224235480047666,0.1723948796902613,0.31713345836551365,0.3877553148388402,0.14716899242259618,0.1624202736109904,0.27856774159400405,0.2784815689685325,0.24991773175736248,0.22398566185627874,0.20506537866047897,0.1715986981494588,0.2764369824219938,0.29567715425011604,0.20984136687764965,0.334129072891587,0.5151562416189739,0.27815772595067756,0.22772602832693348,0.25206069216275795,0.3230237134978978,0.28969873175758426,0.16591001509565345,0.20136445546656617,0.18115003521906767,0.30530340223112207,0.42219913795550496,0.23989880621104723,0.317370093403985,0.21960425757478266,0.18581711610886853,0.15883241066760115,0.33881125264732254,0.27008267408621073,0.2507802676029311,0.32217609091750093,0.23347446172314637,0.2931380205653747,0.26060443195723715,0.2384265061446995,0.12864697116350451,0.26353293817562246,0.23251044835972373,0.1172984108037738,0.4327205419555553,0.23545259994017587,0.21153440349966773,0.5704516862339769,0.2903177436926973,0.20704117442994527,0.407158228106706,0.3670430770692296,0.37441385912703157,0.16483417367862896,0.3669510110711604,0.23973991055454416,0.23679368607045098,0.310558671719898,0.2681251964775302,0.11577451050011295,0.23710391864404964,0.18791009519627302,0.42239872755650026,0.19742982191550063,0.572022171037686,0.20874593729006052,0.8286696262292441,0.2268991992683954,0.2583694934751307,0.16730454392892452,0.2548213839900342,0.14192547638481134,0.2029079324784793,0.23853431761675653,0.34951118912797635,0.40083978458925007,0.33534283313588564
Bolivia,0.13484530224962632,0.0874637213735259,0.20826120017927302,0.12383381863013646,0.027015766840554924,0.03827731667808192,0.06225169237949962,0.20737331523870678,1.0,0.16132746491522573,0.09706034677081271,0.09597708512389738,0.13897887961811742,0.22426482422568855,0.317859693630359,0.20453068388480242,0.26093169863557164,0.0610497806438236,0.11548707936760866,0.20609018861945855,0.09027538234608248,0.19650298006140385,0.22301817800927326,0.3349189805291837,0.05204887585200479,0.03459076304488458,0.015580426897192556,0.05101670097377813,0.11266292814990475,0.47247540990018394,0.08180713897851921,0.14031127540144803,0.6326128494766693,0.07538396033781658,0.023574723872369165,0.10412066887386592,0.12363657362048629,0.14732118064977454,0.06511271589903714,0.15465473058518295,0.044518888377011775,0.15259512416186582,0.22815361607092405,0.07249446921749939,0.11498083351542786,0.07380955004193324,0.06652245801593339,0.11193068206584483,0.22318950492719639,0.07353078610155594,0.06914598973925458,0.15528433074267656,0.03330999192823547,0.09025292969743465,0.06037823745917137,0.33276972812379196,0.11500313521176539,0.06530875059819866,0.034349174216475785,0.197734917537464,0.23880014535876237,0.0369129130712431,0.08455545546139319,0.4179926856823554,0.0875281666272767,0.32688678310482466,0.2109620666673016,0.16703252754062417,0.17570057134008854,0.08218156708430223,0.17194229709760742,0.07185697317438877,0.34686946710618743,0.1357719059108747,0.11288841942757559,0.20886012701005183,0.031830932504229185,0.04714729614517875,0.389062645472979,0.027403764648822593,0.44822514427101245,0.11376842044102026,0.7686351813321641,0.13152989915178043,0.08438454945351871,0.0642171420450718,0.050931967087394024,0.25923833455157,0.023515960687068776,0.042082331580347916,0.19299626404644202,0.2074958410654247,0.14106469887352288
Brazil,0.13497947528797144,0.2320220587152982,0.3474503876174973,0.256542653571025,0.1608176416317654,0.1846687517743623,0.10752293554070234,0.12286909086373483,0.16132746491522573,1.0,0.22488182573262516,0.24383498291900688,0.06587129396293208,0.38078855249738763,0.4677397381274649,0.3583168386578082,0.35668447642521117,0.10952609254097827,0.271400670553906,0.34760964931133953,0.08806249484701907,0.09701348775728444,0.18330022062265544,0.21902407074877206,0.20808776367081272,0.17219209640588878,0.15330891816103354,0.1149804882346375,0.25497377295581486,0.3333510511660607,0.14127008475745842,0.29773547083149626,0.4877365338418963,0.23324143946421874,0.17555323393006317,0.18668560482454358,0.2812967290527794,0.25323354185147906,0.10147468616205241,0.11421668516921903,0.1357627470662724,0.24192644612043224,0.38090081169680545,0.2095040195212316,0.267690505821915,0.20450522005827176,0.11981872191146407,0.08007971995942618,0.35262473602914146,0.229815402505396,0.22354490201535482,0.26864530460444364,0.1763872211412503,0.24662975818414967,0.20610422232899367,0.2129759587956382,0.05453838292541153,0.22227001183786343,0.18246468852232448,0.14485722275237498,0.37362537043945526,0.1842439410978145,0.12596655091935813,0.46920056828435136,0.2384781819929361,0.19748599855308538,0.3619697359399267,0.3214126825564125,0.33069303724510163,0.09956955438659958,0.30177439871200024,0.21215753066333565,0.20884796271734268,0.26777325374870986,0.19550034572927896,0.06651072560923886,0.19014037461028008,0.12770328965743197,0.3560551413635916,0.14663910029995592,0.5659517454216155,0.19731360745526702,0.8290665731494947,0.15113591811506144,0.1943623376031198,0.10616660957241063,0.20510779736900664,0.11489232651227779,0.15436098925595726,0.19760220802080708,0.3345035606677544,0.3593788580129398,0.2712927131125381
Bulgaria,0.2229522889841155,0.13022165311390976,0.2367776860258258,0.14844730944534276,0.08622503000251043,0.06886273094946299,0.13762768074282114,0.2761016570387342,0.09706034677081271,0.22488182573262516,1.0,0.11430034205697037,0.1963475830831422,0.18494369019816068,0.2821340123877293,0.16554282095367753,0.1979435394911574,0.12182598198171295,0.09318937076378518,0.1572438514640522,0.16785326756885807,0.2668176972665432,0.25883643710237286,0.35911872110236487,0.08862598738968665,0.07860872565161575,0.09424847299604076,0.12655649705701008,0.15249120187877757,0.5368364699485265,0.14741825189537278,0.1212261786536675,0.6650843666077203,0.07857695921407398,0.08187825153156524,0.08891193264105077,0.10526719306579267,0.15368674830825488,0.1375062835204382,0.16866909870083288,0.12162196866929903,0.09807765280509938,0.18104544612185883,0.08529388676670929,0.08599045455350844,0.1452289603320816,0.1362680396745905,0.17111718584369062,0.24797734820469797,0.10697235459366607,0.09219655328403205,0.19868777966588863,0.07610409964848487,0.0769498446534007,0.059127630862285896,0.35977092893933266,0.18297174897043358,0.09489266513870599,0.06955123447585917,0.27979935435643166,0.17182932420145106,0.0698184117194783,0.1202188304099925,0.3960309665092548,0.09472189680302981,0.3672085974425582,0.1584200647719875,0.12832763117591192,0.13806950100930465,0.1373493928652473,0.10746631794076629,0.13932005321605215,0.38227220400076495,0.14883330218814786,0.07402533714434406,0.26506590742602293,0.08064021663350726,0.10644221596872665,0.3622279314045045,0.11174778578454969,0.4781306912170013,0.19265054179737479,0.7583729548894035,0.16242822283096545,0.10030974201228174,0.12841008201604762,0.06633346641021863,0.31125528613203346,0.10105179120428606,0.09142507038244178,0.21959319090541654,0.18942198822707026,0.12472438194580712
Burkina Faso,0.1909832581115068,0.03789338219789547,0.1484543815218752,0.10736545922541776,0.11267362712270164,0.08792388420519033,0.14191863412668582,0.28944609194303683,0.09597708512389738,0.24383498291900688,0.11430034205697037,1.0,0.2321636072082043,0.15828231040912136,0.23708903387873195,0.13430823500233052,0.274345461088251,0.1494978482343926,0.0687620506310663,0.18339861112909195,0.16943653956457513,0.25752706050209656,0.24699877447714874,0.41392972378343496,0.0780103467786423,0.10645491126725753,0.10522810865868586,0.14079014459988345,0.06558725381483495,0.5480601322888465,0.13348946035441653,0.0943971261534008,0.7054997102591165,0.0541941190179171,0.08509068204922571,0.15647344599130603,0.0661489115004392,0.1291381673432372,0.14848378778354407,0.22585083676090845,0.12318964455354324,0.18772438250554133,0.1706621459015603,0.104525592431122,0.0700373731313936,0.09414149951390642,0.13233780413587595,0.18222035807901202,0.19481323454192362,0.04884636707384852,0.08095760938923945,0.10189512366309281,0.08749399037948413,0.057148076079952086,0.08659462729866149,0.4226652897762822,0.20112494602787426,0.03748716203799177,0.09413023234642551,0.25508396867654853,0.20003473204840594,0.09269730211421677,0.14942158893359095,0.38826292697845155,0.0439549918786196,0.41857921772615897,0.15788491487351008,0.10446055488798836,0.11040509733011135,0.17397730920380874,0.14088369330865835,0.08486724581838138,0.43297570960764786,0.06376643607301666,0.1494200237568454,0.2958560456996087,0.0757708436994798,0.1303487562025651,0.44833311204093007,0.10917590787088441,0.3785359532304969,0.1255386046882902,0.7360367578396626,0.16667285700893886,0.09213198020975989,0.15627356719077493,0.07446903188985883,0.34709761119779775,0.09714404070164928,0.08091262044820285,0.13234152711283836,0.12772569478093349,0.07251846079509762
Cambodia,0.14509446708130505,0.22087555318756277,0.3327257790402697,0.238469502018752,0.13029958312076279,0.15904996909106986,0.09799395885478206,0.12407273214220504,0.13897887961811742,0.06587129396293208,0.1963475830831422,0.2321636072082043,1.0,0.3543024746555212,0.44906789755265486,0.33491965753301717,0.3135704633575359,0.08657483026742449,0.24653255537184343,0.3101797423822784,0.08374723394499481,0.14226046193417546,0.22091470325474988,0.22056224515606826,0.1802692064140437,0.14200634346554586,0.12995179096776807,0.09290905599370351,0.24086312075120123,0.3592266897287846,0.13799256538763283,0.26955113021358734,0.5122035263085876,0.20940854221154853,0.15270252885693478,0.1532635246659827,0.25766116800639827,0.2444517237992051,0.08941410294966795,0.10673790701677245,0.11969984658143196,0.20357272173319796,0.35226513349665267,0.18254427885023103,0.24395920329263293,0.18711371207392422,0.11700340608545086,0.09518806260859577,0.3303036742914829,0.20883987438676493,0.1966850223681025,0.2674398908737534,0.15388304143180445,0.22254238760139167,0.17835345086221044,0.20130040412822103,0.04963782303041847,0.2039298475329132,0.15404644751948013,0.16839795015457373,0.3439632604120158,0.15618856198460587,0.11475648129140475,0.47172083414862626,0.22040798088555302,0.19104458109155775,0.3328392129221645,0.29673153721249795,0.30651961363609176,0.0639530493688213,0.2768793277764171,0.19151306589365724,0.21528344878952502,0.2633980877680673,0.17193289272465026,0.08169029882215222,0.16618843788045848,0.10764290405858017,0.33037549623875906,0.12782277538266365,0.5620788982205696,0.1977109215691135,0.8278877738385462,0.161444812191856,0.1850579156169717,0.07748031409941566,0.17911277906315906,0.12626839088717196,0.13801986622704202,0.1709753294743203,0.31875880531197304,0.34090397649845794,0.2636187574290237
Cameroon,0.3322818025969466,0.17684116995445165,0.16329431534677755,0.18902632403615027,0.22641748173579915,0.20124537926472452,0.2809172664162549,0.4161813759676537,0.22426482422568855,0.38078855249738763,0.18494369019816068,0.15828231040912136,0.3543024746555212,1.0,0.12217937069269182,0.04388776695300538,0.23854653329882455,0.27866255093946984,0.113844820098973,0.10954250026325624,0.31061144719972145,0.40581692834378247,0.3881499025040965,0.5239421778249613,0.1791937496488311,0.21533326805154576,0.23156122377350372,0.27275517074387534,0.174210326235874,0.6820146555556191,0.27092895068054246,0.0884054837325121,0.8283188277088429,0.15066758299159036,0.2090626570570903,0.2437734357750763,0.10251896552858526,0.21884136635079532,0.2864664583939188,0.34438566530967907,0.258617228859014,0.22686349115276402,0.040865014336607684,0.19008906376346707,0.11937312183758471,0.2127856965414901,0.2775279177406218,0.3265435610137869,0.19619405082443656,0.16023370116158248,0.17036424337350498,0.20329956094889043,0.20951819596218096,0.13739652093847543,0.18166817835035445,0.5282807402133686,0.3373531619485955,0.16696287683307337,0.20353322032752838,0.3971002990841199,0.12497321265426511,0.2020824600880188,0.2778177475124467,0.40918339991535585,0.1536232602334611,0.5306243582379334,0.05628915698280383,0.06871037085758933,0.05767366963339002,0.2956149791997232,0.14382117283205081,0.1971591280907324,0.5520146836686521,0.17708956279588747,0.24009216248013604,0.4281269808243505,0.19424356202857335,0.2607499883263534,0.4951584689507438,0.24226125572689813,0.3531219809895266,0.26185561174381633,0.7204399704643947,0.30659939321873375,0.22203214234114313,0.28217136246662283,0.17980220191724022,0.4757720292115625,0.2338552108730339,0.18914545887934914,0.15214766713134914,0.07730474275819635,0.16374486093977328
Canada,0.4131666716106083,0.25709947236709363,0.21691489087926674,0.27583957848073226,0.32368713778924707,0.2961989083288279,0.36906295979490605,0.5061708394807175,0.317859693630359,0.4677397381274649,0.2821340123877293,0.23708903387873195,0.44906789755265486,0.12217937069269182,1.0,0.1322326375380721,0.323308349210722,0.37111304592465255,0.21202281623768815,0.20686680224897383,0.3985039894111971,0.479766838444507,0.44594863983131144,0.6098611022815619,0.27724937459597815,0.3131027110098054,0.32524909555701537,0.3644056909213708,0.25354464410739774,0.7624703627290963,0.35744126442511054,0.19461520634215848,0.901541695856788,0.2470332106470068,0.3026125899779204,0.3370742684048166,0.20075376565022973,0.2978541941744467,0.3756262817353012,0.4317350077562552,0.34914413779165765,0.32404681651355044,0.1373048343524865,0.2897727067868738,0.2145910068548158,0.3015472814351985,0.36140526493180664,0.4100916775867048,0.2629324753635541,0.25184445697904906,0.270405675175035,0.2560828929538934,0.30232129687335035,0.23417059184429895,0.2795092635264762,0.6222496236365733,0.4270520578127689,0.2572502104757145,0.30089229256140865,0.476699780500368,0.19121099304032654,0.29872575744091323,0.36400232684001904,0.4141614561743791,0.24219934160720358,0.6242523979916116,0.1529364636733159,0.16740494889720658,0.15694386165884971,0.39025642776202973,0.2251304058492192,0.2859417803356898,0.6417769028532057,0.240119104106317,0.32854402986679854,0.5180883771328552,0.2891218858492006,0.3523117373326665,0.5722325491178417,0.3344883888364268,0.31965506388373727,0.3350893156858396,0.7292187992753911,0.3772053695016777,0.3027144800215067,0.3759114021538505,0.27646222677996385,0.5659140816118995,0.32400389449551525,0.2854761455383046,0.2057172603160525,0.14115474920232196,0.22639410338618057
Chad,0.3172522224867928,0.15933699656809874,0.16915019988109176,0.18754635317916896,0.20738001509474518,0.17848982065690036,0.25693473736805006,0.4033122725489051,0.20453068388480242,0.3583168386578082,0.16554282095367753,0.13430823500233052,0.33491965753301717,0.04388776695300538,0.1322326375380721,1.0,0.22807516136718614,0.2571731422211619,0.09036730662578911,0.10817771564341572,0.28909887628123354,0.37908075737121455,0.3527195653130741,0.49690960227012176,0.160376986458197,0.1945951415699319,0.21054700472048404,0.2517033226511059,0.16189410270000787,0.6649561487449825,0.2448427891213658,0.07753713367307817,0.8021784406968029,0.12960875486283313,0.18690317446021365,0.221546620445358,0.08281257532222977,0.19822189756573286,0.2640083762951238,0.3195703343193062,0.23922332746101935,0.20552382921888285,0.0462619925857175,0.17671009798424792,0.09312775331739671,0.20212090426122412,0.25282758761001645,0.3021024968268226,0.21526704356943846,0.14087422329526647,0.1606510916667477,0.1743164108887452,0.1855631037449348,0.11521714366573987,0.15884093720487097,0.5088721083409457,0.31567999609101344,0.14722922205140407,0.18325895762127023,0.38268294485318316,0.10803163087700339,0.18071186474619624,0.2494922261697121,0.3708546016741361,0.12810390538177727,0.5118934876676068,0.04505972256007719,0.03990062740241052,0.030835572678625398,0.2744041249263516,0.11068512161473938,0.18258854849884346,0.5297619967841335,0.15474188209099918,0.21425232047185636,0.4070897574029124,0.17404792819855178,0.2391291989715972,0.4723104321330471,0.2218412082833974,0.3611409050119562,0.24643772602889685,0.7244438784181004,0.27941488182567603,0.19414719987729676,0.2611848363210177,0.15827439759443063,0.4546784331707333,0.2134165307869886,0.1710153681693442,0.1529254224916556,0.05831441198768822,0.12765858583574163
Chile,0.3875990080607612,0.29504251025807693,0.3545335478667239,0.31164235331154405,0.24023304129465395,0.228147111820339,0.2908369726452484,0.41224235480047666,0.26093169863557164,0.35668447642521117,0.1979435394911574,0.274345461088251,0.3135704633575359,0.23854653329882455,0.323308349210722,0.22807516136718614,1.0,0.27592618556835524,0.2144586971201013,0.14774081728951632,0.3231101372410489,0.41009032690195996,0.39439944046107733,0.40580084388048726,0.2319587309937713,0.2279369845694256,0.25528262802416063,0.28041347290611535,0.3080049648353651,0.6506979272146943,0.2964530700211395,0.2166726700394036,0.723090133005136,0.22875865212906957,0.2448365685832998,0.202041401706555,0.22675408180183593,0.29027964594989236,0.2949895629512924,0.2925604952993735,0.2910191515671902,0.13253243881906948,0.20659234179085784,0.234155779157488,0.20984358732633898,0.30372662208533435,0.3002049516812145,0.3302485701106842,0.36101293999570994,0.2520530287460209,0.24808693551332497,0.3209604005345832,0.2380568046421233,0.22066837073137904,0.20973388520168543,0.4113630028768713,0.3247052466452167,0.257787409834717,0.22834427950020084,0.44308608305652614,0.14612466367066046,0.22634919008863075,0.26388712626557365,0.37819675363601757,0.24272955940098823,0.43169334066483667,0.18849069451525224,0.21364519123222134,0.21946361131970982,0.27056460638395613,0.16235791239874903,0.2807774557207099,0.4554473266868796,0.30621924912266374,0.20860036183675354,0.38342529907459333,0.24192141153897032,0.27023278144228813,0.3029162091401831,0.27329475076582194,0.5613266783515373,0.35849057168330767,0.800168105228933,0.3311603844706434,0.2686824931774024,0.2735718052904521,0.22408247026274616,0.4136880990254101,0.2754720482118246,0.24062586343974593,0.33570938777458253,0.26701791499129335,0.26117898095700876
China,0.1290267819696602,0.14308371885925858,0.26629552522820904,0.17117449617856834,0.05661441189180855,0.08013162439709799,0.03494189879031896,0.1723948796902613,0.0610497806438236,0.10952609254097827,0.12182598198171295,0.1494978482343926,0.08657483026742449,0.27866255093946984,0.37111304592465255,0.2571731422211619,0.27592618556835524,1.0,0.16871319279534483,0.24934585887456798,0.05288990643731063,0.15952799237463175,0.19565926319994506,0.2810207426524095,0.10801565525184921,0.06897317734417636,0.05099113642330186,0.02097486959396571,0.16756918260763304,0.42666748710650526,0.0818871112294046,0.19620779756884096,0.5761482291245809,0.13061611569273987,0.072541967102309,0.09745349374736753,0.17921355687951973,0.17717517306593683,0.023638632810402366,0.10067571655202529,0.047952552521415386,0.15841486863361876,0.2792987307240611,0.11555569820998644,0.1653588144257746,0.1243360455995711,0.0474450610788914,0.06585909649437466,0.27572940650167327,0.1329780237222937,0.12453512173818798,0.20015796882934506,0.073109153228344,0.14324737533213688,0.10209293557627962,0.27685318039216283,0.06255232639500145,0.12339235787621014,0.0770301136552073,0.17758640318538219,0.27582093369513955,0.07937685190104675,0.053669963701128434,0.426737680383947,0.1398222304694769,0.27316698195409767,0.2595000861545596,0.21876997034148157,0.228623424783797,0.03184704190554965,0.2045743579586718,0.12753666805221833,0.2888354550346077,0.182105958347522,0.10685913996611152,0.15275744773906258,0.08788491228420788,0.022001041818235416,0.3545754576749985,0.05215586749992081,0.5021098658276077,0.14479509406440527,0.7911786738942679,0.10817797799716153,0.10614613849587466,0.016288654279790843,0.10072317667744525,0.20329171975423083,0.056092681489031015,0.09860308624159343,0.2513133766935708,0.2632404982888931,0.18034591782247397
Colombia,0.2361882950294308,0.09146822763772769,0.16301843154226828,0.13134404146699144,0.11818044148467886,0.0897911237491068,0.16935045107989424,0.31713345836551365,0.11548707936760866,0.271400670553906,0.09318937076378518,0.0687620506310663,0.24653255537184343,0.113844820098973,0.21202281623768815,0.09036730662578911,0.2144586971201013,0.16871319279534483,1.0,0.1162814671806371,0.2015820574176264,0.2975411520009683,0.2880051380242301,0.41954054311571576,0.07205389994982753,0.10559294075459072,0.12138908676991135,0.16286108395841814,0.10529115767009431,0.5816849064836449,0.16359091040095827,0.04035321317277111,0.7264624093260023,0.04085160765657665,0.0979322201134849,0.14577426268205518,0.02045174624638802,0.1493510140034948,0.17598512098490404,0.23929891329081845,0.15174968835304875,0.14727963264633023,0.1156415707120497,0.09657879594444152,0.018770359631200745,0.1258881493152656,0.16742501979571356,0.21690492782653692,0.19748592903132914,0.06004829265240109,0.08045000508107263,0.13689039289057184,0.09729104215124922,0.027290516678094633,0.07194190542801805,0.42668703929804297,0.22735677849475194,0.0649887377200039,0.09417216316812684,0.30196933559620825,0.1419014685935133,0.0915389597098895,0.16635432620121562,0.3793983514177489,0.05148858499426962,0.4271619279213481,0.09900407104902609,0.05302460116406394,0.061672789021163486,0.18593189460848034,0.09358481867643105,0.10568075511733308,0.44632936408826485,0.11210095478413915,0.1429378880851065,0.3193283190885168,0.08484120691495071,0.15130077451781748,0.42117373607223874,0.13369087113463146,0.39462312192386295,0.17601950420684606,0.7418140564651181,0.20531524914066943,0.11864986004601331,0.1722594851101615,0.06907517105281619,0.3674912709917911,0.1262343611796521,0.08332380896368848,0.14324018310352807,0.10564074734933934,0.09097187208403475
Costa Rica,0.32935441249942293,0.20037704534344322,0.22378163941567067,0.21583243751683082,0.19705807241664755,0.17708228212055513,0.25744801847653426,0.3877553148388402,0.20609018861945855,0.34760964931133953,0.1572438514640522,0.18339861112909195,0.3101797423822784,0.10954250026325624,0.20686680224897383,0.10817771564341572,0.14774081728951632,0.24934585887456798,0.1162814671806371,1.0,0.2896976563370387,0.3847633610763877,0.38043363488708337,0.45954386016580695,0.15903683387609724,0.18331400959857147,0.20834383407633242,0.2466693299822001,0.20603354233971602,0.6504938486882913,0.253638555429878,0.09832796628510282,0.7792003877689488,0.14508339165080886,0.18946823854041797,0.2035568140925172,0.1207893960904876,0.23068214423017772,0.2629411668323503,0.3053537126940707,0.2424866909679603,0.15572926495196165,0.08266890163773015,0.16770181426188774,0.11867591210396226,0.21811074601515493,0.26290216788274323,0.3070780473226998,0.23567209669906183,0.16248779034128844,0.16515144342221943,0.2280724563205563,0.18762138024895492,0.13450652406451727,0.15429185316104763,0.46400289772131526,0.30688779211065753,0.17389064130974885,0.17765502370986033,0.395198173229366,0.0954987274129099,0.1753252770029781,0.24628360025572588,0.39720092839299503,0.15947553783461427,0.4694315532634414,0.07289131762741877,0.1004873485028414,0.10077317000976582,0.25629268302504254,0.1160919603937372,0.19582736217515756,0.49582648055138373,0.22040498447161327,0.20720860500567312,0.38844179121138805,0.17808241700290828,0.23685395267134135,0.40718424141993864,0.2252839181162805,0.4304767615452546,0.27550696893522175,0.7579972367754328,0.2990199304174979,0.21790902853155833,0.24848682665264663,0.1606188703709421,0.4297149896299993,0.22137268385515568,0.16972902181290078,0.2043398786908273,0.14923830412039046,0.19004554922653305
Croatia,0.09263703501351445,0.15583042456890947,0.27359745461416485,0.18466739926029052,0.0972993530075876,0.1189358483501259,0.04539685851265872,0.14716899242259618,0.09027538234608248,0.08806249484701907,0.16785326756885807,0.16943653956457513,0.08374723394499481,0.31061144719972145,0.3985039894111971,0.28909887628123354,0.3231101372410489,0.05288990643731063,0.2015820574176264,0.2896976563370387,1.0,0.12411982592263954,0.18340339166907163,0.2801540225748546,0.13885967689934553,0.10982071290003899,0.08612149502048677,0.050073558291998325,0.17603967789574812,0.3919111999494616,0.08261931990256534,0.2279305496760356,0.5594823930311308,0.1624752082953625,0.10628027549842534,0.14280047476533217,0.2100628932227356,0.1948221868550792,0.03576008214363466,0.12026309530077868,0.0615009753127519,0.2055593459740045,0.31480640058485704,0.15108768697873964,0.20000312603623627,0.13128787837129435,0.05180902960877807,0.05141377859166734,0.28528239227842656,0.15652209252332294,0.15344488912834944,0.20374126576708365,0.10980511909916155,0.17667480078141162,0.1418691244499041,0.2758972292288947,0.042778704789104754,0.14812896879618867,0.11675887835278133,0.13478488375773418,0.3181783694612268,0.11876412699071684,0.08399116772441854,0.44599131574877976,0.16729415813106477,0.2652690018492212,0.2968099307119621,0.2519746669006706,0.2614181568120877,0.06429986812753757,0.24553033640284966,0.1401833026847865,0.2772783219509779,0.19724760158360263,0.1515502397248901,0.13215948541074965,0.11993757291187485,0.06374409986475096,0.3830221803288234,0.07407715481273991,0.49896757489476745,0.1300799184222125,0.7955270230596219,0.10942173522307379,0.12838592226301784,0.05470951949248353,0.13712814297733233,0.18466511423245396,0.08107880409133135,0.12878382268342575,0.2606199970573494,0.2883434355066254,0.20512590458282604
