Country Name,Albania,Angola,Australia,Azerbaijan,Bangladesh,Belarus,Belgium,Bolivia,Brazil,Bulgaria,Cambodia,Cameroon,Canada,Chile,China,Colombia,Costa Rica,Croatia,Czech Republic,Denmark,Ecuador,"Egypt, Arab Rep.",El Salvador,Estonia,Finland,France,Georgia,Germany,Ghana,Guatemala,Honduras,Hungary,India,Indonesia,Israel,Italy,Jamaica,Japan,Jordan,Kazakhstan,Kenya,"Korea, Rep.",Kyrgyz Republic,Latvia,Lithuania,Malaysia,Mexico,Mongolia,Morocco,Nepal,Netherlands,New Zealand,Nigeria,North Macedonia,Norway,Oman,Pakistan,Panama,Paraguay,Peru,Philippines,Poland,Portugal,Romania,Russian Federation,Saudi Arabia,Senegal,Slovak Republic,South Africa,Spain,Sri Lanka,Sweden,Switzerland,Tanzania,Thailand,Tunisia,Turkey,Ukraine,United Kingdom,United States,Uruguay
Albania,1.0,0.013298845334940409,0.03920061901007904,0.007264704207892426,0.016910837229225307,0.006487969609782344,0.049722701953023835,0.0125738047262018,0.020119651217802584,0.021862051387447613,0.011788314820391048,0.03882774222550952,0.060007357779254686,0.05427290544540148,0.011886539024046844,0.038941938065251244,0.049893075692059675,0.034992684796077735,0.03157953634495886,0.04460312426037624,0.028578792706635877,0.026114111853791082,0.02023866333220445,0.013029475216136009,0.03349898324081262,0.054843786251152174,0.016688729420297917,0.04965846304030656,0.032284842266424356,0.030379079370875153,0.027220136959213142,0.025361984139705532,0.021620942193859356,0.027128289042648954,0.032698170247965855,0.043162738238006836,0.04813908086866134,0.039478181244478265,0.04210689521913778,0.010988597566426776,0.021601875475628654,0.01808489259176404,0.01759926443160124,0.009835552974985536,0.014796555901331509,0.06339994330004618,0.034255921281009155,0.011056316433153272,0.016901225851660505,0.018439823466132002,0.04014764292876267,0.05260875139092117,0.046023372271825215,0.03916205953146964,0.029792306909428905,0.050208465378907795,0.04855296022165367,0.042317231926647256,0.042831496240632594,0.013553836764834714,0.05510355660876396,0.028381010666979102,0.031209655902807807,0.012991890137089982,0.01468816131391015,0.012757885929861445,0.007398484374318881,0.04073929199155323,0.027179817560460662,0.03700182037300531,0.0399531164471354,0.04402451409840676,0.052044572341247305,0.018019688656763583,0.023806596304491147,0.036993881676046655,0.005651075326881085,0.028088014824163565,0.04533871639497639,0.05590654655985118,0.02218290107666226
Angola,0.013298845334940409,1.0,0.02620064153094844,0.011315041051759341,0.00679837201682629,0.01950606749590376,0.03826371802325169,0.004505065848981727,0.013978938879500013,0.011099924386063163,0.02403258805954384,0.026150916211206084,0.04786245974276601,0.042544399586002354,0.024909541656349895,0.026666971638429914,0.03767084679740039,0.02379342432007819,0.021956939731484368,0.03405378757653395,0.016334712843930812,0.014528293526116752,0.009534743191397525,0.02611385152894927,0.020829232477103075,0.043674293229203486,0.029893024054287,0.03797575545278415,0.01961342077638482,0.01814638125447416,0.015514499349266181,0.01513862220291976,0.008798820205429055,0.0159234990211828,0.021311960447441915,0.03182635238669601,0.03582573352410072,0.02756551929032438,0.029996689089571666,0.021158182858666514,0.012121379889559074,0.011306133634680039,0.004785778917917779,0.00800621716747099,0.006168089520451348,0.05238056713025244,0.02241991906225155,0.023971870255730925,0.004524424522902301,0.007859278693479896,0.02883270169981791,0.040625512762608555,0.034675194545002064,0.028373857558413138,0.017668003165611446,0.039372136405496326,0.03633961329337928,0.02999315461857336,0.030459896384513373,0.009272829651930041,0.04335848792128261,0.015683053445054336,0.025369736261368236,0.005168113267612068,0.010258706397888262,0.0035997258742853718,0.00986641136330264,0.028994707745475967,0.019712843860592487,0.024641087562830687,0.032969132693470744,0.03297330639094206,0.040473518670089706,0.009992752033882259,0.011985502730667355,0.027056602187951216,0.014487007744166187,0.01590854647134656,0.03265786359349823,0.043878968814619966,0.010636403967788156
Australia,0.03920061901007904,0.02620064153094844,1.0,0.03591644763037449,0.022847478755254634,0.04516340956728654,0.015628164557294936,0.026965065787627234,0.022691147881498657,0.019422714961973234,0.04789946731947697,0.004314272185651762,0.022960065768706125,0.01812561527574803,0.05009741719320144,0.005293387603808176,0.01267692132275112,0.009784467108585755,0.013931599368390335,0.014205488750868663,0.011287577364742602,0.014364057951409217,0.01983433647114286,0.05163353248101502,0.006160349185305918,0.021470754511276887,0.055267707726020576,0.014886596903806084,0.007357602742464471,0.009481630125692695,0.012995153158473632,0.016342441986536525,0.017581631855512495,0.013849363850331082,0.008433722379730559,0.010901343726873172,0.010681440419332743,0.006708673409092107,0.006962759415097937,0.04728452738005287,0.018559863003617897,0.023965658901375444,0.021602970199295114,0.03327527105726499,0.026987275371874342,0.029332100691112216,0.007402089364883101,0.0489841284069122,0.022300975924578303,0.02146839550813893,0.009835735880837523,0.016155058665400145,0.012855127823590377,0.013692388717484833,0.009660653600823478,0.01872426344245919,0.011524843798633125,0.0058406486980784435,0.0059870235317999055,0.02804934114922315,0.01935525806380034,0.010899991482353991,0.02200317960519283,0.029893111692489815,0.028519007425054695,0.02680675973417922,0.03449668409714795,0.008621674048762077,0.029205599188421187,0.005860336077734589,0.04087658389656133,0.011976854901600109,0.017229582255706505,0.023029800172945262,0.015941309569166187,0.015211999817120372,0.039577206540976115,0.011893405004453302,0.0069868237819517955,0.01922898516625398,0.01703024890162686
Azerbaijan,0.007264704207892426,0.011315041051759341,0.03591644763037449,1.0,0.013114051930390716,0.009441535318141668,0.04572556012888979,0.00897319909852591,0.01663509574330118,0.017844878312014343,0.012727315846594901,0.035275204146856094,0.056109328382477314,0.05028964577493871,0.014183243893397533,0.03518134489028514,0.04603443213685562,0.03102773653138835,0.02761217001386825,0.04059775829016845,0.024909303027709998,0.022238344915743946,0.016353060290901437,0.015800630978623526,0.0299528412864008,0.05082722810705752,0.019351309773319857,0.045692488847001486,0.02876592015855822,0.026696447397583336,0.02338646256217365,0.02134568066340115,0.018500688502998606,0.02417619785527051,0.028738264105098554,0.03915673886254353,0.044350494488294555,0.03558045053198359,0.03826576698738026,0.014034665553874746,0.01763423978841988,0.014634233425487454,0.014561179452740209,0.005440847286615344,0.013859160276084265,0.05938991874665575,0.030374174810326254,0.013099394721953678,0.013970136915482413,0.014603754514433335,0.03617944078745967,0.04869180334289325,0.04202270058653243,0.03528898423965813,0.026256594734619536,0.04620228561435485,0.04471833173154547,0.038565927064778585,0.03910481975139801,0.009857793567824895,0.05113787962348549,0.025021588289297493,0.02793900452932129,0.011052612932592392,0.010634769458617417,0.00921736149654557,0.003961915926250833,0.036815439507938176,0.026560793111378444,0.033243844076003067,0.037428603229191316,0.040008647743326894,0.04805976376511798,0.014012248603518783,0.020096205669443975,0.033104879224417315,0.003697780966994684,0.024410852885631034,0.04173867809233818,0.05202360070358728,0.01959848251028299
Bangladesh,0.016910837229225307,0.00679837201682629,0.022847478755254634,0.013114051930390716,1.0,0.022539417271999942,0.03292784124449344,0.004340451621961154,0.008391275651579802,0.005344122915398803,0.025271316520910553,0.022164211542497612,0.043096520551291706,0.037423506545871406,0.027258840210071494,0.022081779635544616,0.03298755607150799,0.0181740977309032,0.016148294836333545,0.02823851913270585,0.011795269776653926,0.009206770499862129,0.003428843981793628,0.02891425184327671,0.016842789829482868,0.03821986925597107,0.03243394121211338,0.03279142108433535,0.01565993254305015,0.013582540915200085,0.010311954710106616,0.00913994121821777,0.005836032208849785,0.011900756619486204,0.0158556198155631,0.026410973810339404,0.03126314868303011,0.022568557051321405,0.02520357037874488,0.02623617046060177,0.006476407964010147,0.0064639962798065855,0.0037318770243795337,0.011912019361928075,0.009543103168096898,0.04685816060108048,0.017345672994816742,0.026136687980945577,0.0031440649110809973,0.0015408002021376152,0.023332790226699457,0.03570127377744423,0.0292558963763301,0.02265480393553402,0.013191690168361112,0.03374207028256322,0.031653913533811175,0.025464987185863472,0.025999450004508363,0.005802322221779101,0.03823246514819775,0.011968923439710176,0.018965921152986696,0.010060778036219381,0.006877359333387343,0.004606187336455123,0.011649242350490986,0.023837130635760928,0.02509328640042481,0.02014545465811651,0.035764371477182484,0.027382793060555584,0.03521180341800473,0.003907508844359455,0.006982231252097568,0.021220347235110314,0.016811824459010187,0.011297301163750523,0.028624627899407198,0.03899572358063194,0.007344061374413754
Belarus,0.006487969609782344,0.01950606749590376,0.04516340956728654,0.009441535318141668,0.022539417271999942,1.0,0.055004400019872876,0.01827232751819757,0.024571012599128417,0.02700102759494961,0.005853227404665169,0.04465394413810116,0.06551750432331621,0.0595949217325422,0.005499360662615487,0.044619550083156836,0.055464488756271337,0.04039435912189093,0.03663791733490484,0.049559582011269136,0.03432113937403891,0.03167744883071863,0.02579410776813134,0.006647755343351193,0.0393279647081377,0.05985588102291725,0.010557555931830399,0.055044335549379125,0.038127234861729815,0.03611142236820054,0.032827930290072194,0.03055385328704079,0.02759732228675879,0.0327645931414087,0.03812278882636519,0.048407691306890134,0.053791975969123634,0.045002128315499344,0.04770447772580319,0.010932197468502968,0.027059688089647788,0.022319715700577687,0.023601195109895813,0.011916643677637716,0.02107647014382913,0.06832667167891701,0.03980753157911007,0.004866006318524926,0.022896427112684182,0.02404186301682307,0.04555644286945375,0.058093451292714364,0.05130720085839194,0.0447296322908537,0.03558840801158507,0.0551488675459047,0.054156563796236686,0.04800355155412899,0.048538852221950604,0.01835431946766194,0.06048579664190251,0.03428219160652404,0.0347574295655944,0.018314408107082184,0.01834132197998457,0.018372427554538582,0.011318299941171837,0.04621881382545871,0.033563708891429414,0.04268248954548392,0.04402705824954411,0.04920935576712248,0.057372767867913246,0.02319546285767195,0.029509545963709798,0.041664198162866886,0.005785635391136619,0.03382716308661717,0.05114115208164442,0.061450502676130475,0.028292805905428552
Belgium,0.049722701953023835,0.03826371802325169,0.015628164557294936,0.04572556012888979,0.03292784124449344,0.055004400019872876,1.0,0.03724247825372383,0.030704407223120955,0.028008804837168624,0.055757557440062375,0.015468063124400423,0.011148621694043822,0.006553561537555914,0.05906168376402547,0.012500337668122008,0.0058558843731582886,0.014769588180887708,0.01837815305008436,0.006486945022663188,0.02210203509041454,0.02378820561501201,0.029548125366528972,0.06120010842269634,0.018328541402835925,0.006225982439938157,0.06411350914463866,0.00262341053114746,0.020324916386471815,0.020323696985618044,0.02277713088459603,0.024457745969093735,0.03002066133054646,0.023182908850400624,0.017072754798775402,0.007210571078637207,0.00732132672838446,0.011067667868455179,0.009321432140769425,0.05912266191009196,0.028120866481201084,0.03288807856632557,0.03389529526531175,0.044292637634536634,0.04008151807072637,0.014214530290537555,0.015914529513248028,0.05775662839693946,0.033778370124024584,0.03139083327600714,0.009600123183920426,0.006229241435672424,0.003761686713917463,0.013498145738872777,0.020857215358799402,0.004418382101442664,0.006511968314519309,0.010070561819945196,0.009830028571060889,0.03667009309416379,0.006285304564684565,0.023194125018278545,0.02460470241266426,0.04137661598503756,0.03700980920047074,0.03748334583062923,0.043695780228989824,0.009269205614674241,0.044052038158888494,0.014011101456409878,0.04699406936990665,0.005854577532032322,0.003635774030330681,0.031816664778425804,0.026288021938634977,0.014169029305739161,0.04923524280847865,0.022532863568628762,0.009497191551523447,0.00796058424066515,0.02812609821198268
Bolivia,0.0125738047262018,0.004505065848981727,0.026965065787627234,0.00897319909852591,0.004340451621961154,0.01827232751819757,0.03724247825372383,1.0,0.009863540044110069,0.00956727893271123,0.021492709650383333,0.026383247409257165,0.04743480341805745,0.04175418306416398,0.02314983757825731,0.026386145961466326,0.03731994936333361,0.022472904372589784,0.019894505874642466,0.03238418870172654,0.016054393660432844,0.013547171352094343,0.007694692636028175,0.02469073806859834,0.0210579079195513,0.04249793348186231,0.02831138009651612,0.03712447486696775,0.019860694667023743,0.017847294410393733,0.014646516294469092,0.01316853150379427,0.009533453933102398,0.015781093406692398,0.020176480873638734,0.030713161122123092,0.035577586498899486,0.026908540400064268,0.029534080200318388,0.02199557633864224,0.009930823663483829,0.007762468562117133,0.005615145721896123,0.00846889926447488,0.00887778594424888,0.05111614785984712,0.021685484210704892,0.022072570910950138,0.005121508188799235,0.005875622299689591,0.027642355167431104,0.04004162033941697,0.03356099599191358,0.026631509259319956,0.01732370181421873,0.03797114595986514,0.035981735097133725,0.029765619226760503,0.030289766492442943,0.0048100280484548955,0.042566991488026354,0.016065194828302036,0.02131367123091136,0.007239812077803538,0.006541608592725408,0.0013610895944234712,0.007604761520400982,0.028177367569229242,0.02353485883976799,0.024449349032538335,0.03421396260639859,0.03164839086207425,0.03953630447505525,0.006110127676232817,0.011250415597578379,0.025209504474674307,0.012612923283236077,0.0155615945731303,0.032869024984789885,0.043333980554661665,0.0107912599296499
Brazil,0.020119651217802584,0.013978938879500013,0.022691147881498657,0.01663509574330118,0.008391275651579802,0.024571012599128417,0.030704407223120955,0.009863540044110069,1.0,0.009509679379502724,0.025280133116188472,0.021718995311742338,0.0414543984804187,0.035297293350004706,0.028371487457504948,0.021270206635593366,0.03156080806959001,0.016409595900755462,0.012773075186299162,0.025274318642053293,0.012170330819499703,0.009770298600157955,0.007306239218009058,0.03062765676413006,0.016722191510974448,0.035321149724877716,0.03341322229978037,0.030895762545547583,0.016426646844513313,0.013587046588831529,0.010310025905918426,0.009665144709167874,0.013542712570187115,0.012841166622130779,0.014462849787556336,0.02407938877943428,0.03014491492843897,0.021168953944534264,0.02406127620859425,0.030575250023540335,0.006093808348368929,0.0033017833205173522,0.011704423944035069,0.018319841126515145,0.015472676323638522,0.04376425194480965,0.016184655362171646,0.02705231044999271,0.01140557266553145,0.008422078935952863,0.02167755253188741,0.034064603266659235,0.027079043606864913,0.021902376418471165,0.013401086329566405,0.030602736286786586,0.03040394424586568,0.024573493339616736,0.025134779218350296,0.0068858073500310275,0.036304355875720694,0.012589284966621313,0.011719225603930267,0.01569743044251066,0.008410692341610092,0.010978131483050832,0.013463912011534577,0.02230099421949296,0.03213281903721313,0.019572959762633218,0.03896406526318614,0.02485727188045388,0.033129892779571256,0.004490596686184015,0.010162018343694757,0.01709335408011189,0.019070366033491524,0.011565749447261095,0.027959141650155474,0.03759186592285378,0.01169436421443654
Bulgaria,0.021862051387447613,0.011099924386063163,0.019422714961973234,0.017844878312014343,0.005344122915398803,0.02700102759494961,0.028008804837168624,0.00956727893271123,0.009509679379502724,1.0,0.028486583227914357,0.018546892946023682,0.038648824055644175,0.032604229428371226,0.03110860435189198,0.018198357697125665,0.028704770048555185,0.013889561208457557,0.013539606714223528,0.02369040968641126,0.008324598364585031,0.006000594416564087,0.0040587154486087865,0.03319264004015016,0.013262431771842493,0.03298272520233939,0.036226852298129296,0.028106403622599807,0.012111381904719188,0.00996310123205571,0.007182855836919963,0.005626123448066029,0.005723598503468356,0.008545898410236506,0.011380344776144092,0.021407364802855645,0.02720622866638365,0.01826712319855036,0.021091580794098393,0.03156025845940023,0.006040566805696114,0.00833178742175928,0.006985029215225348,0.016978940703882905,0.013246527432726866,0.04156269943999842,0.013192407357845224,0.029843360666896655,0.006630787808599744,0.00396213165199704,0.018762722716388056,0.031240074115572045,0.024322872351552716,0.021651879397309972,0.009941356082668757,0.02840387150040398,0.027491560723892933,0.02154701407649727,0.022107725523602892,0.008751561754600854,0.03353468914723106,0.009363427407701082,0.018093740080017635,0.014113252525218323,0.009126639759178871,0.009950150668597935,0.015687571158400304,0.01941173870803852,0.028079708124596325,0.016377454644874504,0.036805809750014074,0.022209869356208542,0.030393266899457837,0.005742994574207567,0.004612010874184667,0.017267646247981536,0.02124588647891737,0.007866854165580466,0.024881531393440237,0.03471669817462022,0.006823544671966937
Cambodia,0.011788314820391048,0.02403258805954384,0.04789946731947697,0.012727315846594901,0.025271316520910553,0.005853227404665169,0.055757557440062375,0.021492709650383333,0.025280133116188472,0.028486583227914357,1.0,0.046976447574322254,0.06659374754031522,0.060324564711090226,0.005659588212805899,0.04655001565403406,0.05674691600202948,0.04165814603732918,0.03801946976492831,0.05048256550241747,0.03662821624938768,0.03359380252422942,0.028121450085848505,0.007713054655210093,0.041743511914309854,0.06009213891399987,0.008802398685407968,0.05602610030774041,0.04057084551223808,0.03842544072548181,0.03491746381272036,0.03193885648307579,0.030944856657511264,0.03614176718084019,0.03973904106544736,0.049130896707664164,0.0553914232285764,0.046402839362779974,0.04932748596871281,0.015519780639161552,0.029451808468812027,0.024185991169656938,0.027086119605887606,0.016437963756351332,0.02568330200781298,0.06837423071332877,0.04145903976353611,0.0033651972377392965,0.026605224098431024,0.026511132430788606,0.046928977523133526,0.059224250222328,0.05220454523643806,0.047047077245228976,0.038286605795603966,0.05534875684165724,0.05563811051736364,0.04985124066696593,0.05041207203029135,0.01985080572997457,0.06141138893092205,0.0370975908577433,0.03410297984110333,0.023581806114180745,0.019509739748632238,0.021764604994844186,0.014180407195159984,0.04753789864942125,0.038287990967474386,0.04481023945985556,0.04555911977650051,0.04993192663379424,0.058233688583049885,0.024871589988859327,0.03198554441171295,0.04180511686520399,0.009711425019914904,0.036046020127795536,0.053239228262494616,0.06279660197559941,0.03226762366550065
Cameroon,0.03882774222550952,0.026150916211206084,0.004314272185651762,0.035275204146856094,0.022164211542497612,0.04465394413810116,0.015468063124400423,0.026383247409257165,0.021718995311742338,0.018546892946023682,0.046976447574322254,1.0,0.022392276856576052,0.0175973925234879,0.049401275014568966,0.0044255982342484255,0.01210280592881213,0.010561860714331918,0.015535986767553384,0.014870484935496827,0.010393373160092987,0.013383226722700493,0.019033685777567925,0.05106684703560433,0.0063457640535389105,0.02140508858650219,0.05457792048555071,0.01486596134604963,0.006550880057505055,0.00860760076276793,0.012075237410061113,0.0152288914858622,0.01735358675520824,0.013025398117095187,0.009479084063154621,0.009846783003995102,0.010092751815836914,0.005845334412812139,0.00635378887615227,0.04730905550802616,0.017787670165026904,0.023189521261370794,0.021448268064245803,0.03284634519741435,0.027378613761678643,0.028956705759111478,0.0069677747013061515,0.04824097485104362,0.021993207093458797,0.020712387052193942,0.01005265854960875,0.015655315628492653,0.012716796102471778,0.01439946081138667,0.009066574000298078,0.018113372665945354,0.010999434480090916,0.005425967532368231,0.0056380389176649915,0.027152400295167932,0.01890871410487067,0.010491080502880763,0.02335568572428085,0.029851379607417777,0.027669153747765005,0.026290269260315333,0.033776204445396626,0.00836091913346805,0.03045967840874123,0.006922855159888508,0.04098652596305288,0.011750875867196258,0.016861222178902704,0.0221170445255768,0.015186257716819036,0.015786164798676772,0.038970386054583396,0.010939028996021904,0.007124482920936228,0.01868491583448676,0.016739398146867878
Canada,0.060007357779254686,0.04786245974276601,0.022960065768706125,0.056109328382477314,0.043096520551291706,0.06551750432331621,0.011148621694043822,0.04743480341805745,0.0414543984804187,0.038648824055644175,0.06659374754031522,0.022392276856576052,1.0,0.007025019657722121,0.06975738199227738,0.02119747449178332,0.01029402644273519,0.025142488366540216,0.02903276736908885,0.01621263888640957,0.031569134375116145,0.033895499983313926,0.03977874260713637,0.07178353777726963,0.027234666886351625,0.010390802489338317,0.07485812531435021,0.0105702760284105,0.02851389527791567,0.029758030024613868,0.032789108772984105,0.034994077487366555,0.039151425670962296,0.0333502543897284,0.027396284645904705,0.017480313598413212,0.01231960692573603,0.020532697565929778,0.01792390353584053,0.06896591404939895,0.038476005313117935,0.043536385584185426,0.0432415944182702,0.05415210809229755,0.049409192592843806,0.011180297821022018,0.025752298596068552,0.06848196089819464,0.04351359387318472,0.04156868168675216,0.01996431222466209,0.007425147325291665,0.014389219498568025,0.020866553505071748,0.030314927532537794,0.012705414395447057,0.011523374967834888,0.01787922881728772,0.017434096182768255,0.047290362006615023,0.005288666210792453,0.03225505140444227,0.03557513690652507,0.051398798482697544,0.0477285685172339,0.04748464913490442,0.05427369470747498,0.019298726492617047,0.05153004611697944,0.023232816572175838,0.05204465461298641,0.01666217486254419,0.008361101634886502,0.042349812322878294,0.036229524688893885,0.025210069777366152,0.059732101191818446,0.03202795750274707,0.01599460374587229,0.004100862062357161,0.03814261626617092
Chile,0.05427290544540148,0.042544399586002354,0.01812561527574803,0.05028964577493871,0.037423506545871406,0.0595949217325422,0.006553561537555914,0.04175418306416398,0.035297293350004706,0.032604229428371226,0.060324564711090226,0.0175973925234879,0.007025019657722121,1.0,0.06365798373925699,0.015966698086278142,0.005576035384837265,0.019287735727445212,0.022974720327831787,0.011568372005167664,0.02621690924022021,0.028233089647603165,0.03406107758541142,0.06579654671752741,0.022079665701575563,0.008183623439732574,0.06870207697213264,0.006426677837648417,0.023528855680336913,0.024406609868699698,0.027187545712790702,0.02904382788855349,0.03397800923706395,0.027644154315995064,0.021581212560778384,0.011217904735696766,0.00784453841092448,0.01498001787136183,0.012596227956006829,0.06353625802147017,0.03267298312816186,0.03748605441112328,0.03802068172822125,0.048667886615848296,0.044248833716039375,0.012008049407705274,0.020153966695212494,0.062349472369994524,0.03810650103287308,0.03588283562070533,0.0143531907697622,0.002869743118101993,0.008449146348269862,0.01661120529596399,0.024884565301793032,0.008397651279662337,0.006864660283742797,0.012799845274936906,0.012392687595067379,0.04126629237693914,0.0035189859373650338,0.027114591745748217,0.028644371861993662,0.04585614479389354,0.04160503647316437,0.04193123281481636,0.04828990655795811,0.013634752735518783,0.04700590278881407,0.018011775353732325,0.0476416071225923,0.010477325602715195,0.0052152964532287014,0.03640261555324501,0.030670498594170818,0.018647010091906356,0.05382169342943543,0.0266396097000455,0.011490801065565836,0.004895899770486053,0.03258638400365091
China,0.011886539024046844,0.024909541656349895,0.05009741719320144,0.014183243893397533,0.027258840210071494,0.005499360662615487,0.05906168376402547,0.02314983757825731,0.028371487457504948,0.03110860435189198,0.005659588212805899,0.049401275014568966,0.06975738199227738,0.06365798373925699,1.0,0.049180793539378355,0.05980444788451062,0.04462822423601039,0.04072499178493863,0.0535449563621452,0.039011342508614516,0.036181029260919505,0.03037588212987382,0.002625499907652972,0.04408382612457436,0.06366284889499967,0.007712879893973279,0.05921110004506533,0.04291074559508024,0.04079648307658687,0.03738811047312607,0.034822101307562636,0.03265552609879999,0.037395831612420646,0.04243430466021681,0.05244105402583389,0.05826645592863832,0.04935487721281833,0.052146015061953564,0.010554361770899854,0.03161701795768719,0.02625920002170316,0.028693083942779505,0.017165841688702787,0.026543902531589853,0.07205819718077996,0.04424033186628597,0.0038519399319695245,0.0280375666328439,0.028689051344879864,0.04985302370412566,0.0623475494122148,0.05540988429812788,0.04934790331829071,0.0404368486101259,0.058935310721404496,0.0585696440578239,0.05255408329712022,0.053109287880663006,0.022485756432018437,0.06463303461306223,0.039204737444614175,0.03814349497217132,0.02370580733210424,0.022056448022651685,0.023365703849548745,0.015625456951724345,0.050509655691558415,0.03905063142199875,0.047274171908965684,0.04771299198129045,0.05322025343934519,0.06147389970498758,0.027484257679807916,0.03421893405513671,0.04539380498817586,0.010576130469551361,0.03849546345850133,0.05582243573546801,0.06581009098743441,0.03355510552943964
Colombia,0.038941938065251244,0.026666971638429914,0.005293387603808176,0.03518134489028514,0.022081779635544616,0.044619550083156836,0.012500337668122008,0.026386145961466326,0.021270206635593366,0.018198357697125665,0.04655001565403406,0.0044255982342484255,0.02119747449178332,0.015966698086278142,0.049180793539378355,1.0,0.011017483127807377,0.006637081248921473,0.012053002298545055,0.011305866021666933,0.010388203495178801,0.013002990364970678,0.018839926729558355,0.05097218381407497,0.006113890806878431,0.018313982097804087,0.05434894894236513,0.011795455003198318,0.00785900043782079,0.008580045672840687,0.011804237409862828,0.01467673555270564,0.0180114751238777,0.012645403040663564,0.006934463404274541,0.0064075493066701695,0.009200953958289407,0.002353399255658349,0.003371141727339104,0.047770685904207605,0.017595549884279266,0.022928771212433027,0.0220714808995227,0.032993513683419906,0.028286651634096112,0.026496017409825306,0.0051349917018505935,0.047980706302071435,0.022322878545035407,0.020578077558785404,0.005853587480160561,0.013991043454133106,0.009391892505050218,0.011476378151775882,0.009170284430055105,0.014546712876733972,0.009675630812932856,0.0033846982602289202,0.003930832564810032,0.02678558241884365,0.016868030069885787,0.01115699250152645,0.01970754060456396,0.03022197039173375,0.027324852889898433,0.02636149283482044,0.03356798970566344,0.004073416896100764,0.03324761996445733,0.003935776222798575,0.042469833177071994,0.00831562353990584,0.014378223358816384,0.021746566768150757,0.01513802281707067,0.01153053160303,0.038870255829419546,0.010866435167098152,0.006690555331233033,0.01722999531777853,0.01698710660176946
Costa Rica,0.049893075692059675,0.03767084679740039,0.01267692132275112,0.04603443213685562,0.03298755607150799,0.055464488756271337,0.0058558843731582886,0.03731994936333361,0.03156080806959001,0.028704770048555185,0.05674691600202948,0.01210280592881213,0.01029402644273519,0.005576035384837265,0.05980444788451062,0.011017483127807377,1.0,0.015180925572835091,0.01909385903334489,0.010854300323510004,0.021400330356078388,0.023800157249375304,0.02968762452418476,0.061759396840903,0.01701437568681835,0.010940532465139397,0.06493093045364803,0.0060265963324885275,0.018264908966129662,0.01959025267301286,0.022675618327900802,0.024990697904555874,0.028939419913097033,0.023281162214670532,0.017383170435067503,0.007681383982772075,0.0024475667809305177,0.010466663333348298,0.007786301316192809,0.058787283461442685,0.02840631918440343,0.03355945531908671,0.03303511625013319,0.04399574368405314,0.039183146970092564,0.017382875178294125,0.015660318613899146,0.058547998971582395,0.0333402114510637,0.03146544358348128,0.010781203776894059,0.003769278944193567,0.006777285961225577,0.015174895350659835,0.020164208850460878,0.0099175000884766,0.0018686152351771632,0.007677695620722016,0.007217844671273257,0.037319284305954215,0.007136755463682183,0.022039971033845432,0.02603467811165946,0.041236029284341086,0.03780353755676529,0.03734186899248206,0.0442682384361765,0.00929480109867127,0.04151636266592403,0.01303377075659573,0.04571133206710237,0.008499841936478613,0.006248042196661545,0.03234333202827034,0.02609547423016145,0.015816915377752684,0.04968389817672854,0.021867928937373538,0.006160662969112611,0.007120248912363293,0.027990252620313627
Croatia,0.034992684796077735,0.02379342432007819,0.009784467108585755,0.03102773653138835,0.0181740977309032,0.04039435912189093,0.014769588180887708,0.022472904372589784,0.016409595900755462,0.013889561208457557,0.04165814603732918,0.010561860714331918,0.025142488366540216,0.019287735727445212,0.04462822423601039,0.006637081248921473,0.015180925572835091,1.0,0.00577336481504569,0.010700113553822558,0.008599680568772219,0.009323753708761482,0.01477866637909589,0.04664439963290132,0.007225241214122899,0.020046238057323165,0.04975000772634777,0.014666206257045749,0.008971278087390882,0.007403445262777932,0.008405084715338577,0.009853949707413842,0.016392151068525925,0.008782218739947462,0.003168725134483508,0.008291213920051686,0.013736663244163339,0.005463986196665696,0.007992522886285297,0.04441019443458915,0.013400374562829238,0.01839634697282647,0.019678803234555117,0.029760798859868494,0.025651705278225738,0.02868458578134368,0.003952861079069181,0.043367221220960185,0.019305686268482596,0.016684964122118562,0.005288704053493005,0.01772199366772011,0.011090054170949281,0.010746457688282501,0.007462256074976198,0.015586244233092472,0.013994853129997074,0.009010044717539217,0.00947955280449517,0.022150355968223807,0.020111665046715403,0.009446855436920417,0.013283680094498568,0.026611994433753103,0.0226237077213826,0.02277399062809254,0.029132184472965884,0.005893994685270359,0.03476461817365322,0.004506901355802459,0.04295297826674205,0.00920928153618362,0.017065791061404937,0.0172104176356654,0.011920513743027982,0.005812825323797397,0.03460964365918846,0.008842901964089012,0.011674401259117152,0.02119727694187573,0.013390815284649376
Czech Republic,0.03157953634495886,0.021956939731484368,0.013931599368390335,0.02761217001386825,0.016148294836333545,0.03663791733490484,0.01837815305008436,0.019894505874642466,0.012773075186299162,0.013539606714223528,0.03801946976492831,0.015535986767553384,0.02903276736908885,0.022974720327831787,0.04072499178493863,0.012053002298545055,0.01909385903334489,0.00577336481504569,1.0,0.013035759704046836,0.009256898673265889,0.009367500448911641,0.0129398632982514,0.0428219697360767,0.010421068337467027,0.023299879810729486,0.04583708912524728,0.01848711069391956,0.012268360586483888,0.009194198609315406,0.008599074269746716,0.009998882262932355,0.016174554197762578,0.009743310665235257,0.006295147636287338,0.012768801836198988,0.018110497175023884,0.011136095536727057,0.012997244342192005,0.04160501614194197,0.01006372239560792,0.014519851411564928,0.01830248412653854,0.028060123501234185,0.023512031213600623,0.031832353877695875,0.008927922106343992,0.039454375079812844,0.017820806685761297,0.015103239141107904,0.009154725947138441,0.021626050115006443,0.014697290772491873,0.011427139195228317,0.009164941170134043,0.01863737920607204,0.018106397789947427,0.01423487769830463,0.014628814208582433,0.01830218234339241,0.023913104364517178,0.009464487329609087,0.010980704507652988,0.02362449669589888,0.018725573642251817,0.0206171073958095,0.02532182974186435,0.010256698063036885,0.0346487655818276,0.008647759111882909,0.04253993261822714,0.01257143870604295,0.020767317254404182,0.013798252115124202,0.01167068144415644,0.006262443644818824,0.030888832311652067,0.009296560936288417,0.015283892837931317,0.025107282990562443,0.01170771031718079
Denmark,0.04460312426037624,0.03405378757653395,0.014205488750868663,0.04059775829016845,0.02823851913270585,0.049559582011269136,0.006486945022663188,0.03238418870172654,0.025274318642053293,0.02369040968641126,0.05048256550241747,0.014870484935496827,0.01621263888640957,0.011568372005167664,0.0535449563621452,0.011305866021666933,0.010854300323510004,0.010700113553822558,0.013035759704046836,1.0,0.019246045353538525,0.019964840586613287,0.024850492183430446,0.055678266606917666,0.015847913558081787,0.01029630084070871,0.058654715853904464,0.006081900856376858,0.018624765913866338,0.017792264717650025,0.01904109866601999,0.019266163169862925,0.027091913623300403,0.01947693215206896,0.013573051545594194,0.008928986619463267,0.01099847372501097,0.010405473095521374,0.008832822130456322,0.05437976206748724,0.023042312302357204,0.02734685420266055,0.030144516638727775,0.040053386669324786,0.03584783859623625,0.018800267029523123,0.01360986868207528,0.05227478672088332,0.02965463195504329,0.02692407572245046,0.006355565557019889,0.010869514453530443,0.004643788084626025,0.00818304373763456,0.018098506041543762,0.006845849890820405,0.010361918782552527,0.009887264106816148,0.009990514178282875,0.031235981760022086,0.011093615748563095,0.020146275526268707,0.021040437939103308,0.036486157724071495,0.03152412771623393,0.032825416167892287,0.0382630439854717,0.007433863871863409,0.041292250215519556,0.011165698388589548,0.0465974218476734,0.0038738294794432274,0.008004186776190943,0.026586048971182608,0.022560862224239513,0.010196543442074197,0.04387594918798263,0.019522599611608467,0.010713560508603817,0.012319605818580982,0.02342792003350269
Ecuador,0.028578792706635877,0.016334712843930812,0.011287577364742602,0.024909303027709998,0.011795269776653926,0.03432113937403891,0.02210203509041454,0.016054393660432844,0.012170330819499703,0.008324598364585031,0.03662821624938768,0.010393373160092987,0.031569134375116145,0.02621690924022021,0.039011342508614516,0.010388203495178801,0.021400330356078388,0.008599680568772219,0.009256898673265889,0.019246045353538525,1.0,0.003080089742874591,0.008640348645822114,0.04070931304853807,0.005489858066071805,0.02762262915523952,0.044187654546086065,0.02170770846672066,0.004301319587960009,0.0019123083159251902,0.0020290427085590344,0.006810811998435739,0.007950122735231033,0.003849795469285684,0.005748103586788587,0.015675663409627966,0.019587534102932007,0.011250850785336698,0.013667032526149354,0.037400534266033625,0.00739542860960497,0.012796208177652925,0.011827225605187616,0.022607785807969513,0.01805491284810986,0.03631295521611838,0.006187511978211609,0.03784771683174265,0.011945124226916605,0.010325589832404523,0.012970868212752076,0.024291972047530547,0.018647625862283124,0.015741827236153225,0.0023293414589048485,0.023604315404094557,0.02005225500379884,0.01375117628486037,0.01425493220381581,0.01678547135077599,0.027045574279838617,0.002057907668112025,0.017471357101007712,0.019835814518652496,0.01728749777734011,0.015994958245783866,0.023385892494558733,0.012861822612518937,0.028232012867185786,0.008474405522530341,0.039261241507511584,0.017301209692379527,0.024246225028501482,0.011757060956689722,0.004813771212401273,0.012944522672580382,0.02860708386497279,0.0006640334687310658,0.016829535479785763,0.027548339594929337,0.006889184196251956
"Egypt, Arab Rep.",0.026114111853791082,0.014528293526116752,0.014364057951409217,0.022238344915743946,0.009206770499862129,0.03167744883071863,0.02378820561501201,0.013547171352094343,0.009770298600157955,0.006000594416564087,0.03359380252422942,0.013383226722700493,0.033895499983313926,0.028233089647603165,0.036181029260919505,0.013002990364970678,0.023800157249375304,0.009323753708761482,0.009367500448911641,0.019964840586613287,0.003080089742874591,1.0,0.005887513461797737,0.0380040560147943,0.008455191947034594,0.029161302987094802,0.04134754776781721,0.023599934245688608,0.007008680387126309,0.004901283293201021,0.0015116138549670377,0.004586751025592118,0.00754794249835155,0.0041184679506363646,0.006794986171771006,0.017316454228593837,0.022122407959041957,0.013364208498375562,0.016027465386577077,0.03533656409074518,0.004735502171096913,0.009926891981077341,0.010356135070608664,0.020517822025376477,0.016384494636407832,0.03785471549951626,0.008143466416837728,0.03497795443894334,0.010029754218306014,0.007674340663281835,0.014304413165407662,0.026495262943345862,0.020159987198473193,0.016458132969512033,0.004814869930735946,0.024861301409219744,0.022479991750528488,0.016373299744251106,0.016928416773187748,0.013790904529857437,0.0290360607555081,0.004133054804389004,0.01581493938916872,0.017623226888761303,0.014327280931989136,0.013704773337246843,0.02057354582451323,0.01463045776494925,0.02909346429596263,0.011243709067579535,0.039100585895659845,0.018469368902731424,0.026042520000181014,0.008750935208463881,0.00264613572335267,0.013244849262165626,0.025908593509633555,0.002500201626901619,0.019680897913711432,0.02979666813157109,0.005714733998618604
El Salvador,0.02023866333220445,0.009534743191397525,0.01983433647114286,0.016353060290901437,0.003428843981793628,0.02579410776813134,0.029548125366528972,0.007694692636028175,0.007306239218009058,0.0040587154486087865,0.028121450085848505,0.019033685777567925,0.03977874260713637,0.03406107758541142,0.03037588212987382,0.018839926729558355,0.02968762452418476,0.01477866637909589,0.0129398632982514,0.024850492183430446,0.008640348645822114,0.005887513461797737,1.0,0.03213282678215619,0.013720141967994844,0.034816628395462276,0.03555123857189241,0.02943298749441348,0.012562843414451049,0.010426125673276809,0.007037110249771594,0.005849195169711064,0.006242371150888299,0.00890250211120604,0.012482010713753175,0.023021403925735425,0.027999157048328883,0.01924608201313416,0.021913569411110032,0.029649608379087464,0.003714781875309183,0.005824011343728653,0.005735993726724776,0.015211107587187914,0.011669129955180284,0.043445609061908835,0.014029258489979289,0.02920738946274809,0.005279967273959516,0.002168905330099626,0.019948071077905107,0.03237209898134628,0.025868336288101222,0.019691815689829865,0.010197967306011718,0.030317846848835185,0.028366221249281474,0.02222408732738112,0.02276898316302987,0.008333008841046383,0.034876295301472224,0.008995076714614188,0.0170379011898974,0.012551482550106194,0.00892466241508404,0.008034721426465906,0.014751276782178123,0.02050083144410232,0.02687820172569903,0.016907677396749882,0.03712073154839945,0.02397181490843192,0.03184188956379371,0.0034526190929255822,0.0038961296228466383,0.017869384023350757,0.020032335582758073,0.008119585615895692,0.025448095903795157,0.035682348933375206,0.005390489240479085
