Country Name,Albania,Angola,Australia,Austria,Azerbaijan,Bangladesh,Belarus,Belgium,Bolivia,Brazil,Bulgaria,Burkina Faso,Cambodia,Cameroon,Canada,Chad,Chile,China,Colombia,Costa Rica,Croatia,Czech Republic,Denmark,Dominican Republic,Ecuador,"Egypt, Arab Rep.",El Salvador,Estonia,Finland,France,Germany,Ghana,Greece,Guatemala,Honduras,Hungary,India,Indonesia,"Iran, Islamic Rep.",Ireland,Israel,Italy,Jamaica,Japan,Jordan,Kazakhstan,Kenya,"Korea, Rep.",Kuwait,Kyrgyz Republic,Latvia,Lithuania,Madagascar,Mali,Mexico,Moldova,Mongolia,Morocco,Nepal,Netherlands,New Zealand,Nicaragua,Nigeria,North Macedonia,Norway,Oman,Pakistan,Panama,Paraguay,Peru,Philippines,Poland,Portugal,Romania,Russian Federation,Rwanda,Saudi Arabia,Senegal,Singapore,Slovak Republic,South Africa,Spain,Sri Lanka,Sweden,Switzerland,Tanzania,Thailand,Tunisia,Uganda,Ukraine,United Kingdom,United States,Uruguay
Albania,1.0,0.1939344702152701,0.6685086638591585,0.7945246066373255,0.24536769544456555,0.15651535305428496,0.2790850471371142,1.0006723914116988,0.16366330834225407,0.2587875906060921,0.18561670014813791,0.3558634301320321,0.34026288985051456,0.4298241221482048,1.1697930134014969,0.6551097234123431,0.7235675130709635,0.3984265852552916,0.48598360084792336,0.6758150623174008,0.5698272321729276,0.5093131157374341,0.7521203634448894,1.2757274982104756,0.28100574996103456,0.22334619484783638,0.17717862175196616,0.43853765672776546,0.5028851461370814,1.281186058749408,0.9079758161126904,0.3000422960355533,0.8991426098747424,0.3149940504428279,0.26023744408184635,0.21927797573660343,0.21013829992646121,0.3026924720410903,0.16544997827833346,0.2523408116048069,0.4831709826541895,0.45352390899943135,0.660992324236547,0.55383533158985,0.5655510883739281,0.4300814241752518,0.25856877510177884,0.2305523831856262,0.9886119833846001,0.1874142506389812,0.24177881484458855,0.23017340044235504,0.36503136063205843,0.3843572766703016,0.3746579959654396,0.4358442377624072,0.3269751309534963,0.18830035556027916,0.13783351840866687,0.9213932597456167,0.7452714064899957,0.21328293873338536,0.7328316853223135,0.3493665545204318,0.28589697559104726,0.9046254578580019,0.6736108748923144,0.5416848615667555,0.5603177811794302,0.14732737726377113,0.9161273460305561,0.35889381640620366,0.3941570765637858,0.27591216062242785,0.2525807617467278,0.4333276435840981,0.1935770003596608,0.19147553110662946,0.590966077132022,0.6633929271414213,0.42010031638351464,0.6455456598797371,0.7950991411636861,0.7439539997666106,0.9625815399937925,0.1324315883276556,0.17979654056165262,0.6370305307259967,0.17228652445604697,0.2801476534085342,0.7746600852104472,1.025784862205225,0.2513754832941232
Angola,0.1939344702152701,1.0,0.49317810864501727,0.6219714284034817,0.2489057305073311,0.13261760144878734,0.267481882448946,0.8042775941228799,0.15716748500410016,0.24548327287730576,0.1282719815692199,0.2360345847830162,0.31030435172044313,0.30034865520439863,0.9541850646041732,0.4937713018179068,0.5631723966323785,0.36241289773608637,0.33905574408701883,0.500885555956243,0.4168251640089574,0.35178018406463046,0.5805107668905813,1.0926255614253293,0.19418805994445454,0.16940510596315572,0.13805248812153648,0.3883351320446636,0.35071107224439785,1.0557244361187479,0.7027622444283519,0.1911070826476297,0.7125791685498903,0.1972416820232114,0.19572708166764324,0.16240503969183484,0.10186010256259556,0.1993354137572933,0.14257684329321257,0.20648368874798145,0.3194106302086671,0.31560087480721283,0.5018799867787056,0.38898453865121607,0.40089674854466717,0.33706661534230153,0.1800945160160593,0.15734030175575792,0.7711135224450054,0.12771100426611942,0.16839100885329722,0.1446219934031014,0.24234464769270203,0.2627803243650392,0.2500935155106234,0.3908090568200912,0.29340648751884035,0.11914870169727172,0.12589400107184315,0.6994644054788418,0.5774041336883677,0.15612601034050116,0.5463510476263571,0.2624768014171196,0.21060744273365256,0.7001869700435456,0.5146799466838012,0.3857469033311527,0.4060322261090895,0.13654360541346783,0.7249342395160672,0.23579716710677462,0.3696073496581457,0.13969023665760627,0.17441352246427852,0.4027347622380926,0.13476182425219743,0.18126332610918422,0.4361955607340468,0.4879393559153265,0.3471551356718519,0.4872846990637107,0.6686717300429781,0.5688716325236503,0.7705736695151051,0.13949681085079202,0.12736391326940327,0.4572210299726778,0.19152784749573987,0.21098200835398434,0.5988607805199558,0.8444538845508943,0.14637707130451746
Australia,0.6685086638591585,0.49317810864501727,1.0,0.10691688004913141,0.6891031208731413,0.44027326541934747,0.8414631987710037,0.3020914427966798,0.48909540064108703,0.32000286835550007,0.4053768875725725,0.18006289715073648,0.8342529565004402,0.13052552988108707,0.41698751506447007,0.07944940711458173,0.11463895292453322,0.9474627710899539,0.09999262847465623,0.0811226353980675,0.1266174287037645,0.1400166258740362,0.11010321822071628,0.48037642605125996,0.21021450940426287,0.256404787167839,0.3509167602852684,0.9805540111354809,0.12374700898117294,0.4725421531707223,0.1863647025261015,0.19580234456511192,0.4126188447223856,0.19958838744524376,0.2207017629106145,0.32419469301611265,0.3796111823401082,0.2745664811401318,0.440934220297926,0.28587963780823533,0.14486774121658666,0.14187599812193297,0.08376271874872351,0.10218497223801806,0.08661723659552759,0.9302320126281637,0.27610324851362666,0.35457354660147145,0.2264651765555268,0.41908028936917474,0.6761933646013971,0.5207604307368994,0.1708907400289673,0.15034039202084015,0.15494691712208664,0.24378896377306097,0.8670205220927845,0.43474492437732204,0.41266834740103314,0.21291478246457698,0.10240829353622546,0.258319114079438,0.11104485012348975,0.32575844470132276,0.21032233158589875,0.28934280577749805,0.07348621739704433,0.08447411687947481,0.08320487317452721,0.4733326447605851,0.1958535777938651,0.18826030322033974,0.273534846599122,0.556103346053952,0.5515881909983391,1.0708963529862046,0.516672005727261,0.6119795103553883,0.14298785207593165,0.10918570216425844,0.5106655162517579,0.08291331536474231,0.7342167225115603,0.11555873074943349,0.22420600352269152,0.3649623611190326,0.30359155729205756,0.19530721502558973,0.6336591211321534,0.20846659771756904,0.09643448761413767,0.28856964059193746,0.3439169321565716
Austria,0.7945246066373255,0.6219714284034817,0.10691688004913141,1.0,0.8195919332703901,0.544733928912013,1.0126833731813925,0.18925839085754356,0.6236543313726772,0.4247629753476668,0.5007493235623642,0.267482018718762,1.0060878885098328,0.22000853853607566,0.26983418799263337,0.09010248600809534,0.09043815879598088,1.1194167654292628,0.1665760009651632,0.09863583240569263,0.13579877409280086,0.18120224099228247,0.0730380266525665,0.3311359385985605,0.29567288525656954,0.3644439688951896,0.4509800240286945,1.1523564701571802,0.21662790652969052,0.3565949540772515,0.09901344770704817,0.3095978300664367,0.3158016883726259,0.28052727520301096,0.32350004605777694,0.39884305957815713,0.5089331717058319,0.3728879401810449,0.5641907208190907,0.3565609033683628,0.21875801608531,0.16095537596189022,0.08746461212600926,0.12951456956622018,0.12179670181490154,1.0809826164484932,0.3866289164718525,0.495556862204611,0.11490150042583938,0.5509540357621197,0.79853919386443,0.6803563597426818,0.2502998257959449,0.22310226334570085,0.23176621304137623,0.26760665104014036,1.0342925208864489,0.5444461195277228,0.5003858468248326,0.11275328785148245,0.08648458888367866,0.3626932804915706,0.07179001971190424,0.3192388379064491,0.2896998728981814,0.17307961245474,0.08842570837562011,0.12754030195943453,0.12195985018654662,0.58553505570707,0.09784917550471883,0.3051406096576115,0.3016762205786184,0.7058559034416729,0.6649934961248255,1.247991974015954,0.6471227816281484,0.7575781907991911,0.1449797588304504,0.09308550704718838,0.6582585108653334,0.1217379783540819,0.8452664288514777,0.08105836826162294,0.1241119525603519,0.5018305684589814,0.4094651935958447,0.153189722636186,0.7546083178222246,0.3111860991901032,0.079382340570894,0.16883173528983939,0.43377432096381174
Azerbaijan,0.24536769544456555,0.2489057305073311,0.6891031208731413,0.8195919332703901,1.0,0.18459010343730747,0.19063058993120865,1.0278257132207285,0.18883838484339127,0.3560621823306741,0.2343163462249248,0.42447288951173284,0.19550904679041553,0.4763708263147612,1.1688595597964153,0.6859758144049286,0.7344345750150924,0.21295319943733557,0.5388465909106278,0.700323912162242,0.6061326568367693,0.5601382453119443,0.7601447252071603,1.2510307174627768,0.3584632244836896,0.32827319133651345,0.26305776071243564,0.2156339372790262,0.55529293257673,1.2785948104853815,0.89203529905371,0.37538303773537574,0.9744300875371268,0.3808038373633277,0.3565814054436765,0.271614087611019,0.2268285036461674,0.3855877749290463,0.23240892032775806,0.292042390149383,0.5553144699601886,0.5113133701454872,0.6873465349413628,0.5915178294604446,0.6034361912160251,0.18930426065314743,0.3285242423903944,0.31762906781281475,0.9687847517657142,0.20599002608167233,0.17308302590278177,0.2073480541518755,0.42775647087614965,0.44348531741905894,0.4315704152125631,0.4604523522245094,0.1875969968657404,0.22674808387721965,0.20951545915531627,0.8907005038817609,0.7784399299645326,0.31887849768270354,0.7515606292526333,0.35919417467178577,0.3707939393353983,0.9090170590139747,0.6996477889382174,0.5781674058245534,0.5949206249646558,0.2521490267494605,0.9270398027719406,0.42180069773038653,0.4481982393099757,0.17984450957466688,0.1742821347020339,0.23080604912849476,0.18018493743993058,0.11322440166135828,0.6251284165866542,0.6804470067734174,0.48496376351962434,0.6800482141513005,0.7619243265962015,0.7640182847599429,0.9500387904198877,0.2695415111790006,0.2807299389202855,0.6378785737080174,0.09506057460536305,0.3537669699607222,0.7922722836353737,1.024978584426862,0.24970943467708465
Bangladesh,0.15651535305428496,0.13261760144878734,0.44027326541934747,0.544733928912013,0.18459010343730747,1.0,0.2645277620106252,0.7217262149146755,0.10742221322022641,0.17825488901107212,0.12540618918205798,0.22978872412138637,0.26070537522125503,0.2740245572735688,0.8598696404640152,0.4377018222051491,0.49331664611181797,0.3301032210509417,0.3033248903664148,0.4512360755462804,0.36425297114232247,0.332858704296716,0.49542807931497046,0.9844411175012177,0.1665174241696435,0.15907572370981715,0.11473341578900294,0.35029458696815113,0.3289169467880136,0.9727725090118577,0.6167627003916714,0.19610353451455798,0.665727802888383,0.19672033044088383,0.17246066102394345,0.1653863711268972,0.1276564652243733,0.20688198345885556,0.1332953811328404,0.1729660064795208,0.28719149681769385,0.27961367438145246,0.42774684783387773,0.3621168134599261,0.35652829904525385,0.31413750817359587,0.1891671622022654,0.12197478921905348,0.6772920082915744,0.12310610108372627,0.20304574475323514,0.15712207693675853,0.2323308570276193,0.2346231825789153,0.23227916335471716,0.3017987322741056,0.2535337242017529,0.12098334370950109,0.06845169157653273,0.6332142343825605,0.49377861872148565,0.1564524903126113,0.48037230968623,0.26559964220349214,0.17969759922001613,0.6042011702885155,0.4406256350999796,0.3401006134135912,0.353615564014246,0.153051608063795,0.6400337859497117,0.24224663832911186,0.27211019918524304,0.17744291221559894,0.1677175167495108,0.386724025801357,0.09579133445277883,0.14855427373142854,0.37386258556806984,0.42725683581914525,0.3559576765568559,0.436830867071064,0.632179667579077,0.5089173632303134,0.6667524819185717,0.14348839484961654,0.14074226210032822,0.42650848165791333,0.1247501503722855,0.16619883107072037,0.5183830601716606,0.7480342998555699,0.1444024981863085
Belarus,0.2790850471371142,0.267481882448946,0.8414631987710037,1.0126833731813925,0.19063058993120865,0.2645277620106252,1.0,1.2258300753104219,0.24034226875958964,0.43571267698810956,0.2838610900481485,0.5226483667280598,0.21040893684770073,0.6058696420000633,1.3719047169207477,0.833540853450688,0.9142591413868302,0.15747048503864974,0.6639813718993826,0.8608975920983486,0.7441611408823097,0.7179656876801908,0.9317123917673915,1.5298975864833773,0.4404860202165226,0.3970118350419739,0.3479816964649869,0.14035148968148908,0.6704221108518291,1.4762159368199026,1.0884609878696303,0.4776966977090409,1.079214488240231,0.47989904513966963,0.4459769483989434,0.3739686128320513,0.3123079500297654,0.48165314034188,0.2738944396984228,0.42246797555160487,0.6667205175239814,0.6319103627329107,0.8460835998842973,0.7547714412313228,0.740044477824181,0.17788998076600118,0.4270896940737383,0.3698696188792836,1.149592648958977,0.2814405773379365,0.18351916879906344,0.22136226761856656,0.5482027063217032,0.5564428514790882,0.5494224353297964,0.5843627336973531,0.19429346663450353,0.28258173767741324,0.28470282614009407,1.0831520782074233,0.9444106817192037,0.3913090551835733,0.921379444894568,0.4321405682179915,0.4794438974586135,1.0957979371251654,0.8595656957884701,0.7220212994392463,0.7364810656457188,0.2231446330826053,1.1125837830922127,0.5376482189427608,0.584217475236519,0.26872720052071986,0.23203638141395005,0.2231491756066857,0.23082595758306007,0.21765039519505402,0.802186140244391,0.8558217645491879,0.5450349759573059,0.8242762826488819,0.8372975853191731,0.9356740844541944,1.145836878658736,0.30349074078107824,0.3500052752286954,0.8066224664787601,0.20122386403584497,0.4493682893018598,0.9646813818422515,1.2171159179610995,0.34020280331747177
Belgium,1.0006723914116988,0.8042775941228799,0.3020914427966798,0.18925839085754356,1.0278257132207285,0.7217262149146755,1.2258300753104219,1.0,0.8010795410140932,0.6238672502901189,0.653260345637566,0.43570066068888447,1.2173902705091968,0.34864910018554995,0.15229245361956534,0.1983573284530574,0.14615323498885638,1.335873365231396,0.29212845014067335,0.17607663539537402,0.2924134134525307,0.35638609278967903,0.1218072777451763,0.18527824878738489,0.4805732944309015,0.5174168683876463,0.6296568362551079,1.3744051500419139,0.3611615166911143,0.1604903361786621,0.11496187824020371,0.4462499421492176,0.19950917802080692,0.43976750013469984,0.48085041859276556,0.5564595911438719,0.6602753364759903,0.5160846566633249,0.7755670198652909,0.518886166374643,0.37692924946482875,0.24739214644103993,0.19992577541495057,0.2888871140550838,0.23740356527369819,1.2969714566618216,0.5903298357465688,0.6758408531985978,0.14990640281538814,0.7307012308310633,0.9789785090332823,0.8934504037284603,0.40589047484292556,0.3793638947838898,0.3702490746600443,0.4401485862981711,1.2591784075384977,0.7295605154349554,0.6876144257809036,0.15783657037759166,0.14586245075511745,0.5154491147626951,0.1242575202691335,0.35743099337328543,0.4425207502350005,0.07986260363750344,0.182492702462866,0.25055983748940214,0.24488316301283328,0.80009287491444,0.11618338715113657,0.4703494347974071,0.48029387421207903,0.9093898687723029,0.8397253782991643,1.4878810320773999,0.813899723745994,0.9509804571922439,0.1596188827845909,0.22950359941417214,0.8360994821542105,0.2778358498719523,1.0404685590283103,0.14942313498859425,0.1262607257416502,0.6906993971883378,0.5675638694695326,0.28524596531853746,0.9590152282834054,0.4899531979629483,0.19045607124942673,0.1199161495461015,0.6109105702991365
Bolivia,0.16366330834225407,0.15716748500410016,0.48909540064108703,0.6236543313726772,0.18883838484339127,0.10742221322022641,0.24034226875958964,0.8010795410140932,1.0,0.22224720336368647,0.17384172235166084,0.2529847253327633,0.26220107332764675,0.3114929947846408,0.9463713063762772,0.4851588892969164,0.545191922697832,0.3204917380137317,0.3478460228535395,0.5119618518089839,0.4177438115594955,0.3677831258215044,0.5731527402733615,1.055036835011833,0.20939099915307174,0.15657300117394374,0.16079288943124082,0.3466405241266279,0.36753309674747303,1.0477668909202202,0.6896773075663956,0.2098983092454918,0.75961761267613,0.21867563171925947,0.1974804827818486,0.1555439291816768,0.11487466786196088,0.23709399613638743,0.1255780068755621,0.18716133391547984,0.3427204229052944,0.3339428912980257,0.49256565857387496,0.42133499984688294,0.4043954208714796,0.2760392197653613,0.2044326686198441,0.1600427399812832,0.7667244636654171,0.16535343773332692,0.20851440499681334,0.1685289278090688,0.2546742933018715,0.27041974163333204,0.2607636569697586,0.33552085625974676,0.25415478384661794,0.1655658179377444,0.11687874948109533,0.7102331926790562,0.5804401716558697,0.1605733554118816,0.5465928229762546,0.2931447787695426,0.19378197052338003,0.7058813240844898,0.510405527858979,0.39226850562650056,0.41251268770410054,0.15110331960327922,0.71497036062208,0.2634216938325061,0.32541515464086845,0.1387597754798846,0.16407149711997956,0.3796496064371934,0.058595305848062745,0.1770816348380296,0.4296499650430204,0.47889956754463303,0.3658904596200514,0.5118352187947938,0.6820129404767517,0.561488745073696,0.753331397890327,0.16096192368646967,0.13889259335131188,0.45902627941948293,0.1618753202806147,0.21000136629303912,0.5905549070720203,0.8255373593690097,0.17230946323137622
Brazil,0.2587875906060921,0.24548327287730576,0.32000286835550007,0.4247629753476668,0.3560621823306741,0.17825488901107212,0.43571267698810956,0.6238672502901189,0.22224720336368647,1.0,0.2004252625778623,0.1863380560975456,0.4739443973895037,0.22994805978215063,0.7308342224963172,0.3127092820194213,0.36260146317356623,0.5449208266795382,0.20616362534506597,0.30983998964937975,0.23608210333480845,0.207692575524856,0.36850911117476814,0.875400134202885,0.13281215226626894,0.14020076327550482,0.14606022593807336,0.5731069104010692,0.21615156533430374,0.8765740530231515,0.5032766977895031,0.19788391112234044,0.5488914661704638,0.17108866239858828,0.13318772009462193,0.18310096083751595,0.2226447084205344,0.1790646000929618,0.21757126870572735,0.12719243921881973,0.1874102198038287,0.1883586940273729,0.3080922047300647,0.24980328193149706,0.246580512727219,0.5818111649096784,0.15876726080486708,0.12047707063609375,0.5641740775668913,0.23572147615232042,0.34220607243661927,0.24262066113294356,0.1530794346530615,0.17087038981404495,0.170754498261851,0.17139295583626182,0.46421821568261373,0.20913114738310745,0.1680342294428004,0.5153336378490206,0.36622368405552763,0.14268549439571498,0.3695180366134224,0.3387163491839277,0.17863171046423365,0.5344643606080484,0.31949107608108973,0.2483652916717685,0.2572875787840113,0.21807908265289036,0.5120190191700169,0.15432346027176233,0.15683444691725948,0.31071526874066513,0.28864215948756544,0.6269821485935733,0.22361664994775027,0.2864472315361267,0.29255085139433457,0.30231253253120194,0.462062481065057,0.30923686460324673,0.7670781068622521,0.3740140316399184,0.5567438243159152,0.13967194723904847,0.17280486503788456,0.28327582144919705,0.28198208381823353,0.1343300744054861,0.39077517410187756,0.6304579985197565,0.18687508363897612
Bulgaria,0.18561670014813791,0.1282719815692199,0.4053768875725725,0.5007493235623642,0.2343163462249248,0.12540618918205798,0.2838610900481485,0.653260345637566,0.17384172235166084,0.2004252625778623,1.0,0.20873288598855372,0.2864377811612896,0.26021761761726336,0.7706354060360902,0.3900383204982541,0.43961438416381426,0.34918587696091163,0.26456698893613056,0.40344624388367495,0.3324777326023769,0.30463945312840357,0.44123585064521204,0.8660397785570574,0.13753595022216636,0.16897066559584784,0.10261210709460612,0.3817091889167528,0.2721389337945435,0.8716435515997,0.5515481698374425,0.18681804264988872,0.5936846305403375,0.16597757666716856,0.16388891998060207,0.11966925786443346,0.13855065940479813,0.17786016567102142,0.12611846874478932,0.1631856839798741,0.2707410708177564,0.2642792016836716,0.40091083075049466,0.3216103012189759,0.32877851407746367,0.33273812040562095,0.14379150122958273,0.15177701933565096,0.6181509341026082,0.08370165733391446,0.17140169948235745,0.169963556276871,0.20830331749958414,0.2095026896168954,0.21832148011377295,0.31499822412670603,0.28861573625695924,0.09425602315794147,0.10476893280847659,0.5671396063112755,0.44800062015113146,0.1586486737889935,0.428267879642111,0.2696537911537007,0.18777298696078298,0.5405756116983709,0.4140420524625362,0.3242362981727165,0.3280963449900141,0.1301811039919552,0.5736905876694873,0.21149328043664628,0.2749845552260388,0.17222395211194946,0.15530395217853268,0.41008015669516057,0.18382983993444207,0.15683051112868412,0.31610988465373535,0.4033946378364295,0.35633326573929663,0.3863169788051195,0.6271007498062237,0.4845686428893883,0.6050115778464125,0.1349484295041289,0.15184123085775492,0.38413637696578534,0.17200803898246736,0.14706081604722138,0.48732614423887366,0.6758757830707308,0.13061035127737555
Burkina Faso,0.3558634301320321,0.2360345847830162,0.18006289715073648,0.267482018718762,0.42447288951173284,0.22978872412138637,0.5226483667280598,0.43570066068888447,0.2529847253327633,0.1863380560975456,0.20873288598855372,1.0,0.5587043187366906,0.10892234361263545,0.5711890186936782,0.1964937356751083,0.22695052170381116,0.6467915694962457,0.10618840189284695,0.19379185541261432,0.14736958667985584,0.15479116062336368,0.23914201754416073,0.6551826344642657,0.10816021955335722,0.1353933519384964,0.1660414962087814,0.6649384348373297,0.10124770119774346,0.6475359429455287,0.3318311245243655,0.09945541423374654,0.4491066449691048,0.08609085409884429,0.13665638332095204,0.1658685395452922,0.2071611789411906,0.14608644288795386,0.2218251278813944,0.16061707443304335,0.11762688017582262,0.10264588840718158,0.19291045100966217,0.134744068880432,0.12145356775037847,0.6210556547862667,0.12991248526676427,0.16705658889492914,0.3896032349906653,0.22289935485011228,0.39735354057092476,0.25281443026139516,0.09782850273053767,0.09704719455863073,0.07840853833309427,0.22501244769253834,0.5740274444219746,0.20133766178130844,0.21005951210234036,0.33938877277912066,0.24304901325127645,0.13231772032570255,0.22203425239094257,0.24274060385704674,0.06796391132373891,0.3489617172370765,0.1894891271124202,0.13077927895090888,0.14423837857580718,0.2542422735914087,0.3597539512193765,0.089924891815784,0.2213997220035818,0.291568553990466,0.3378871400700596,0.7449836150435674,0.2701570537991749,0.3587546567327136,0.15557360640102755,0.18379612046412575,0.317147191895385,0.1630942861797967,0.6435878705276044,0.2394992967381522,0.37896251021540195,0.19314784825835896,0.13579802324476162,0.22017803403215974,0.3580597308972416,0.1092333519364935,0.2579579399492261,0.45263544171530434,0.1708665034841262
Cambodia,0.34026288985051456,0.31030435172044313,0.8342529565004402,1.0060878885098328,0.19550904679041553,0.26070537522125503,0.21040893684770073,1.2173902705091968,0.26220107332764675,0.4739443973895037,0.2864377811612896,0.5587043187366906,1.0,0.6114400398717975,1.3330531089712667,0.8459046161589926,0.9238842589387966,0.19933749019376729,0.674607691925575,0.8619426722371265,0.7741184275792271,0.7205732202627875,0.9126190423266797,1.447011223968989,0.4628159008419499,0.4147233978485174,0.3599871526344051,0.2245097563028535,0.7049079287758404,1.5001197928824324,1.0754805532883782,0.4955584475869347,1.1276484147117425,0.5011757447779043,0.4626424503187328,0.37229395821698885,0.3186977870391575,0.4838097687756367,0.29534500104089567,0.43794413367544455,0.6974155525681393,0.6696934382431531,0.8485219999237824,0.7729790193402815,0.7539317390756796,0.2264826718924695,0.4537932225452915,0.3924434575229802,1.1471338908501578,0.28119012310178537,0.2053665863244009,0.29381110413200934,0.5719906934152887,0.5743999086837721,0.5767931788450056,0.64240941879218,0.13323870965787904,0.3028220571137039,0.29602287167895514,1.0905879181031186,0.9348956178263002,0.41266015343521073,0.9261698855046832,0.4435615894181981,0.4964699039426938,1.0884449500421616,0.8638190038672338,0.7206629613984231,0.7443298223313005,0.2468827462048036,1.0924669510692027,0.5589125467034533,0.6109582141680561,0.2706275898504083,0.21162487286116488,0.21374749385600894,0.24080795469630623,0.19862793912709542,0.7858903692978767,0.8576863947765677,0.589158739493634,0.8693896739343454,0.8415790772448292,0.9427763298743207,1.1439234071606017,0.3458947333097709,0.37755014414316007,0.8118804938260009,0.20682615041952335,0.4617972550761092,0.9665936357479684,1.2215341400822137,0.32315688637596185
Cameroon,0.4298241221482048,0.30034865520439863,0.13052552988108707,0.22000853853607566,0.4763708263147612,0.2740245572735688,0.6058696420000633,0.34864910018554995,0.3114929947846408,0.22994805978215063,0.26021761761726336,0.10892234361263545,0.6114400398717975,1.0,0.45661171342907503,0.12383642427322356,0.18565479579497887,0.7057771041544056,0.08766584938584135,0.14148078097112082,0.15988550490303766,0.18561475880236863,0.18413408155637875,0.5474883520895479,0.146911674988045,0.15576158295734663,0.2306145131737096,0.7489202809037586,0.10799552507293617,0.5337084401924017,0.2609515917421106,0.0870291385923074,0.45005035445805786,0.1196415747597522,0.13970327407970967,0.22264010474277704,0.23038465320965532,0.1623606305244138,0.30017795122092944,0.20050748005489943,0.13599343818808554,0.11422617006089666,0.12553709313199246,0.15537134632626096,0.0992441445111788,0.6941556564742384,0.16910891892648688,0.24261409557979766,0.2947852020743803,0.25322945650319245,0.4663362700195166,0.31620228289818886,0.11833104696637603,0.093511550132031,0.11087495081387916,0.2777215469472364,0.6242938832114192,0.258199078723822,0.25565424727406116,0.279338681326516,0.17195576185453829,0.16561748446479005,0.1719569035048246,0.24734340780194303,0.1315943253355285,0.32511751391543586,0.1312306031372157,0.08450354149442715,0.08741941691714492,0.31940398120752944,0.2634494877390799,0.12016930393709849,0.28322193833802034,0.37049514416215046,0.3996636306141497,0.7989777996751668,0.33032661331755686,0.4167111684906846,0.17213410978227872,0.16260012390577008,0.30476001558034116,0.1484331871616174,0.592345017325574,0.20301353794564786,0.296167512078816,0.23212034876359577,0.17404179206829898,0.24484042145485024,0.4249524581501099,0.14607203106701286,0.20183227112861316,0.349200677444923,0.21337313737546243
Canada,1.1697930134014969,0.9541850646041732,0.41698751506447007,0.26983418799263337,1.1688595597964153,0.8598696404640152,1.3719047169207477,0.15229245361956534,0.9463713063762772,0.7308342224963172,0.7706354060360902,0.5711890186936782,1.3330531089712667,0.45661171342907503,1.0,0.2560672521131843,0.16406055946769418,1.4307434793098606,0.3924507313239972,0.20300555890069583,0.4052320290731368,0.4599347177346036,0.2464536977897519,0.08763577942236722,0.6104170271095368,0.6436815003514313,0.7617759167206968,1.5125314940731742,0.48837174003993433,0.19850224118937626,0.14592202803664983,0.5751616437299012,0.32363647975305915,0.5742812047358508,0.6139069232621146,0.6638845408963654,0.809692098075337,0.6174584557363557,0.9052958053485325,0.6199291696534177,0.4608666988547313,0.33029084420769117,0.23176025428527972,0.36547444445472876,0.316859020547799,1.4365228999208772,0.7121241051222096,0.7819298340524788,0.163523617497935,0.8866002576591583,1.123777218653635,1.0725552561311975,0.5064244241996181,0.49172365268658896,0.468052111839754,0.509284778629415,1.3640569288237143,0.8717488168391965,0.8225541709361943,0.2580704035990292,0.15823533060071698,0.6502754600535513,0.20368494496086695,0.5444774366732821,0.5947875318929366,0.1696734434867212,0.22317517078241336,0.33950121739324324,0.3364894955977449,0.9065118327635577,0.09175315458720482,0.6096621603241645,0.5575830315276329,1.0452969316581002,0.9456411810264781,1.6201790414819774,0.9582911501042785,1.0789903358042092,0.226714826069379,0.30208100544671046,1.086218849951643,0.3630795294483043,1.042440993393,0.254396220315656,0.11854791713532722,0.8018761213313989,0.7167335187234464,0.3459273789928954,1.1132153317185105,0.6190255502086441,0.2532973502587004,0.06636706325587993,0.7585184743500631
Chad,0.6551097234123431,0.4937713018179068,0.07944940711458173,0.09010248600809534,0.6859758144049286,0.4377018222051491,0.833540853450688,0.1983573284530574,0.4851588892969164,0.3127092820194213,0.3900383204982541,0.1964937356751083,0.8459046161589926,0.12383642427322356,0.2560672521131843,1.0,0.07785826285177994,0.936630642032278,0.10560278187174157,0.07190470365919346,0.13643809420351388,0.17598496016747384,0.09751568121128062,0.33194056439163827,0.21850075690736037,0.2655922090045212,0.3482582551505867,0.9834333241154994,0.1296208051447489,0.35676708542141733,0.10696476040344138,0.20197699722082946,0.34883218287610085,0.2000140424888532,0.2335917811846193,0.31823548708032223,0.37625862840537816,0.2665675403764388,0.4480388151640723,0.27531141347346827,0.14942406639498854,0.1277668844063416,0.057420980663604765,0.10319143200115433,0.08690215298819579,0.9404515938731288,0.30293671375816733,0.3644730609667974,0.1378246678449415,0.42877621700287033,0.6660094618272066,0.5203443175614475,0.1689047988837213,0.15188082238828926,0.16666401734728328,0.24313797139410986,0.8714751147981615,0.4233058676216199,0.4025002917835023,0.18594668899534103,0.07437405585651186,0.27253859274868997,0.09034276114874729,0.3057755165334555,0.21921712033303073,0.20320513117269257,0.0762573202756204,0.07290433026186663,0.05893290875796378,0.4679383623287467,0.11460934283686788,0.2067676264058581,0.2732583266571525,0.5815075442152645,0.5629294239610846,1.0745551399564648,0.5093815849833742,0.6212505435997724,0.11997993825825937,0.10294168695435241,0.5243603056587366,0.1166165422274767,0.6894964436110564,0.10793948434834247,0.13666220949853133,0.37889023083789397,0.3067718059738565,0.1873609681282288,0.6242264719532323,0.22632860770597343,0.0769159647337094,0.16282833392780902,0.35417830999495997
Chile,0.7235675130709635,0.5631723966323785,0.11463895292453322,0.09043815879598088,0.7344345750150924,0.49331664611181797,0.9142591413868302,0.14615323498885638,0.545191922697832,0.36260146317356623,0.43961438416381426,0.22695052170381116,0.9238842589387966,0.18565479579497887,0.16406055946769418,0.07785826285177994,1.0,1.0130904886507661,0.13199236190795294,0.05994214342244805,0.13527939737430805,0.1604582394411385,0.1050203705384104,0.2075138832468568,0.2638019494986239,0.30026365381066816,0.40842497402198275,1.064016257737068,0.17864743889613743,0.2580136249278243,0.06898010861567194,0.255935418186043,0.2880426289539882,0.24818877603887848,0.2749382851492634,0.333085799756119,0.4274098369280287,0.29291422767986175,0.5001560640995644,0.283438378629167,0.16363009229036973,0.12399904415973761,0.07856118288748482,0.11689941251016087,0.10032623721552822,1.017808403691089,0.3442940095382291,0.422191625232781,0.1064000347998724,0.47207705775255904,0.7272393462836371,0.5803274717160538,0.19942037085646339,0.18534736357930393,0.17918638878651055,0.23143537584742602,0.9585067903688562,0.4749611594562909,0.46838705972125355,0.12146891865130349,0.07020747635662122,0.3117339423539328,0.07956670287568104,0.335273872060711,0.2425695761896773,0.13961621797082616,0.09527675849727657,0.09955834469044772,0.10153732314925348,0.5400593279372154,0.08512501600448577,0.24850936453468014,0.255826896800979,0.6351298273361173,0.6097929151638428,1.1601517246597592,0.5695821145634956,0.6739304954830614,0.11271817963438038,0.0884257439305092,0.5832352885250374,0.10403537777786673,0.7966778791674378,0.06399582896092926,0.09180568455835333,0.4365250916796394,0.37723288784787135,0.13576542458489574,0.6713753344729056,0.26178439208824555,0.07985606331342768,0.11029728280924189,0.4007108352502702
China,0.3984265852552916,0.36241289773608637,0.9474627710899539,1.1194167654292628,0.21295319943733557,0.3301032210509417,0.15747048503864974,1.335873365231396,0.3204917380137317,0.5449208266795382,0.34918587696091163,0.6467915694962457,0.19933749019376729,0.7057771041544056,1.4307434793098606,0.936630642032278,1.0130904886507661,1.0,0.7684949378783881,0.9608952633960989,0.865341813640863,0.8049875270168902,1.0254752012286596,1.5735276549935648,0.5520161777182161,0.4897263338303254,0.4393719593983789,0.10282707812542437,0.7919113463022824,1.5683321049130436,1.180397322806074,0.5702673349078643,1.1966737541396593,0.5921933743162018,0.5432734524809287,0.4518172741762827,0.3643564884667644,0.5542465947871202,0.37354126473123134,0.5171073939520273,0.7750706811844189,0.7460467859660449,0.9418465881481689,0.8594865674416114,0.845558516505614,0.17729175587761217,0.5196798208474074,0.44932356173610366,1.2433058411298405,0.34801071257139016,0.2514720945236063,0.3083921542659231,0.6402435305645835,0.6656643323236402,0.6634815530432979,0.6789194858240251,0.13566987859698026,0.3698451293957562,0.3647033750762854,1.1895008118846384,1.04172063957163,0.4910707773048102,1.0250186217202044,0.5170025270135294,0.5924071710626632,1.2072498696726262,0.9590555466873436,0.8278381735084819,0.84349478661804,0.3133884942472702,1.206514141941458,0.6425237682732916,0.7080176490614062,0.32240153584920667,0.2313170792431813,0.24333345952786237,0.2867541852419271,0.2450647179151444,0.8883842223144229,0.9510292804387708,0.6356345725609978,0.9336118542945111,0.9289375789981489,1.0563829549235735,1.244380712058632,0.4113250095785814,0.4501646758110771,0.9070500713655215,0.24945552020902398,0.5627071325101491,1.0608701047635134,1.323217038232117,0.4106495087491654
Colombia,0.48598360084792336,0.33905574408701883,0.09999262847465623,0.1665760009651632,0.5388465909106278,0.3033248903664148,0.6639813718993826,0.29212845014067335,0.3478460228535395,0.20616362534506597,0.26456698893613056,0.10618840189284695,0.674607691925575,0.08766584938584135,0.3924507313239972,0.10560278187174157,0.13199236190795294,0.7684949378783881,1.0,0.11625542158466962,0.11550511869225027,0.12774361125071318,0.1282822128081358,0.47912719337416065,0.13922201570350645,0.15971047255879506,0.22016720381886623,0.803573285681711,0.07397868710006533,0.47587278860259685,0.20597934947654034,0.1177667796038625,0.37819942255155464,0.11630481145348454,0.14293132201938633,0.21516717132620866,0.25587048506940435,0.1773410194714736,0.29894610602916777,0.1912316524701597,0.09469779088622976,0.08713479680408326,0.10228543699379175,0.09985411438598898,0.08227586139353879,0.762159042902152,0.15820860319621075,0.2251816621436255,0.24255928624340087,0.2837502814563566,0.5132962162850515,0.3500075059400863,0.07954011786236681,0.08541531269420555,0.09650610055112271,0.21019956592000774,0.6891127403791117,0.28803522322208097,0.27477825967451014,0.24271899087761512,0.1273758042958646,0.16078942968678236,0.12128467427971801,0.26458331228803933,0.12509638591104574,0.2427817957730595,0.0953494552301595,0.09655869377031434,0.09144638213318892,0.331248734451453,0.2105690237445869,0.11287892894453244,0.2337703203765318,0.40488850620426176,0.41140839080041497,0.874724960266323,0.36349139208366665,0.45676351594279835,0.10954759680805212,0.1160597548900151,0.3909732628519046,0.09734781948558294,0.6598750803401645,0.17181000389720946,0.24337103648962097,0.2572132905022061,0.19881158013493017,0.1830160212810378,0.46897278555742317,0.14583400130898652,0.14679310402757242,0.29224321597162917,0.2180683863235817
Costa Rica,0.6758150623174008,0.500885555956243,0.0811226353980675,0.09863583240569263,0.700323912162242,0.4512360755462804,0.8608975920983486,0.17607663539537402,0.5119618518089839,0.30983998964937975,0.40344624388367495,0.19379185541261432,0.8619426722371265,0.14148078097112082,0.20300555890069583,0.07190470365919346,0.05994214342244805,0.9608952633960989,0.11625542158466962,1.0,0.11546571009861836,0.1680320615098203,0.11262224706579321,0.277610351533414,0.22120716783438177,0.2652859845909956,0.35973561147405536,1.006132210253041,0.13265809230584666,0.33066070617759535,0.10296335945105264,0.21063518700999365,0.3065538013864376,0.20421942193209477,0.23031079364857407,0.3270873145295935,0.39806998997424947,0.2620147880962976,0.465054286079095,0.27342495185124316,0.14874813927277442,0.10714242387906736,0.055558807790294734,0.10583835891044122,0.08616589991340123,0.9555239093945638,0.30193789127589027,0.36242453319568335,0.12409156894131546,0.43089961393156406,0.6811419815375572,0.5425371647841081,0.18612402984103713,0.16315682226392073,0.16255202899404847,0.23087231037895478,0.890442396138392,0.4312109103019438,0.4283453482947513,0.1462633140761704,0.07250564898823125,0.2661631808202349,0.07750448563928211,0.31412052305150545,0.21394294958330443,0.17571069740716053,0.05767120549553911,0.06435081155163797,0.06618253044736336,0.4883149534160378,0.09513698646817212,0.20026884056985686,0.254519658927734,0.5755077611207469,0.5466783389860951,1.1041590047847105,0.5208277665997871,0.6291946149557114,0.13413080900656363,0.08458003376437631,0.5399778083966551,0.09160376221541056,0.744875020223078,0.07780767675287911,0.10645153337864033,0.3819860017447765,0.3210099813487923,0.1430850851725115,0.6378870925218827,0.2244443590063121,0.08112810675203133,0.1359255498518334,0.3509281627263887
Croatia,0.5698272321729276,0.4168251640089574,0.1266174287037645,0.13579877409280086,0.6061326568367693,0.36425297114232247,0.7441611408823097,0.2924134134525307,0.4177438115594955,0.23608210333480845,0.3324777326023769,0.14736958667985584,0.7741184275792271,0.15988550490303766,0.4052320290731368,0.13643809420351388,0.13527939737430805,0.865341813640863,0.11550511869225027,0.11546571009861836,1.0,0.1157585782557417,0.14830757432120242,0.5084074791352933,0.18729620703236635,0.2188186459129754,0.2880438664918999,0.8986578769600333,0.13352492164211124,0.5225548413521834,0.19378943625018447,0.18185571151196067,0.3415658264005358,0.15890335882816675,0.1837323832483344,0.26735759528935354,0.35184244712046275,0.25057220554448967,0.37770694778129393,0.1934532213625822,0.10109964264063764,0.09924137255933344,0.13719800795046502,0.09183194198132283,0.11114253596999246,0.8587389287204195,0.2170394730566005,0.2813471294649081,0.2534208640134198,0.37455623943039174,0.5962615267872002,0.4352429370395847,0.16114748285081637,0.12043078103575172,0.11309352106513954,0.1440641837300384,0.7989371444052373,0.35607715694550524,0.33668188543738947,0.20459310754426221,0.15443039912220163,0.21442608580069678,0.11913849125745574,0.2991479385860608,0.15618201449131325,0.22710461559607184,0.13623257127314384,0.11929475842868814,0.12696089306101493,0.4095913097463528,0.21954152054406187,0.1706920039795113,0.18107840672776954,0.44516653024813746,0.4726945021872598,1.0135751269937585,0.4421260441276267,0.5405012305926454,0.14481277663310094,0.08373550813736305,0.5386232902507423,0.09965294095881785,0.8065066916594152,0.13798170998602685,0.24304655396963495,0.3064710430815636,0.23327681009699863,0.10959617808580041,0.532141599086356,0.18730186525001793,0.15911483399815243,0.2931246397653762,0.26190387146981553
