Country Name,Albania,Angola,Australia,Azerbaijan,Bangladesh,Belarus,Belgium,Bolivia,Brazil,Bulgaria,Cambodia,Cameroon,Canada,Chile,China,Colombia,Costa Rica,Croatia,Czech Republic,Denmark,Ecuador,"Egypt, Arab Rep.",El Salvador,Estonia,Finland,France,Georgia,Germany,Ghana,Guatemala,Honduras,Hungary,India,Indonesia,Israel,Italy,Jamaica,Japan,Jordan,Kazakhstan,Kenya,"Korea, Rep.",Kyrgyz Republic,Latvia,Lithuania,Malaysia,Mexico,Mongolia,Morocco,Nepal,Netherlands,New Zealand,Nigeria,North Macedonia,Norway,Oman,Pakistan,Panama,Paraguay,Peru,Philippines,Poland,Portugal,Romania,Russian Federation,Saudi Arabia,Senegal,Slovak Republic,South Africa,Spain,Sri Lanka,Sweden,Switzerland,Tanzania,Thailand,Tunisia,Turkey,Ukraine,United Kingdom,United States,Uruguay
Albania,1.0,0.16598247918343856,0.6016753547181405,0.17592768258400454,0.1405484957400901,0.20151603327660517,0.9079960815712667,0.1330749568396878,0.2626484430595948,0.18867765806268233,0.2563184341990131,0.4565156974757413,1.0883538512007445,0.7347202937923214,0.2933174363869918,0.5093232973008547,0.685146048388224,0.5136263844206601,0.5457737134178788,0.837095860530858,0.31886013609909125,0.26935114211061256,0.21765906144500896,0.3124774811441852,0.49748341014314046,1.0603555460879934,0.25504917167551244,0.8512785757645929,0.3419073075729748,0.35832004353985325,0.30381889745104024,0.24610045348605883,0.18383761043393265,0.34516355154939937,0.46358366915142546,0.525212637325504,0.6796473991783984,0.5362714838544906,0.5895055074421344,0.28773012894678324,0.28088020416760534,0.27122379558875653,0.1675541088588194,0.18452754943785032,0.19383180005605455,1.2402827349626995,0.4154989691324569,0.23283928284394445,0.17081862859330058,0.14499764127818696,0.7481810146619174,0.7745781055357174,0.7326401497312958,0.43320079143546975,0.34462533779862975,0.8275369854391552,0.6914524089468678,0.5801138767912211,0.587757245409436,0.14781073994588917,0.918079052614865,0.33463896420955763,0.469263912289145,0.21643833563971365,0.18976647219841725,0.1479005637121525,0.15340405952305225,0.6096421552098984,0.4145682687010125,0.6157020397392725,0.7624465824801161,0.7273811027384801,0.9021104513113869,0.16976910216522817,0.22637785565156274,0.5646053589012557,0.1800871196229338,0.31202035863787625,0.7408903881007673,0.9807593162694224,0.2489483998909683
Angola,0.16598247918343856,1.0,0.39157694542821453,0.21504924911461198,0.13138235176258203,0.2374951801259753,0.6654620402795008,0.15289417209520959,0.20343962267743654,0.1305722771357347,0.30553250837631063,0.29292432240067856,0.8623414971883704,0.5242387480848982,0.3239713123340119,0.32653779708749264,0.47257478979858275,0.3328238179328259,0.3454502459659678,0.5756689593473687,0.18887268572851443,0.15341008542154355,0.14364607971827584,0.35223613365104417,0.31377928938389243,0.8350437892943475,0.32719644882362486,0.6106913713191141,0.1835963141096085,0.197234531024296,0.17507037030448647,0.1481015899701663,0.09943654603861057,0.2064953059814156,0.27119891805547897,0.35237902420015066,0.4784356466422688,0.3646678912707094,0.38534220045526224,0.31281303976645775,0.17929308928849833,0.1623382679229401,0.12340720691193904,0.1685744047642978,0.12553097962934257,0.930157962912915,0.22232737815827994,0.2826242529101007,0.11229750952474257,0.12905332812308803,0.5365355561437897,0.5444387317569694,0.5159290561717867,0.28731756126040764,0.20439288917390622,0.5900227008143208,0.48513369740791945,0.3814190830816202,0.3870614358665806,0.13541426122764777,0.685823865897085,0.2015102497330203,0.39727141715692094,0.1350015509250243,0.15306463823370042,0.13028514537672384,0.1644307666136657,0.38871589171155096,0.3438743590783784,0.41568736238285603,0.6770179582127015,0.5097106573440688,0.6735776942686156,0.13890378828402336,0.12119362868733763,0.385932814362007,0.20507250410438016,0.19244872879163752,0.5205664676596364,0.7663166410313238,0.14882974419170936
Australia,0.6016753547181405,0.39157694542821453,1.0,0.5498248874566606,0.3295063331527336,0.6828823490806729,0.24957086202767959,0.37854120644080846,0.2750643345561594,0.3029750881859202,0.7287896757818735,0.09061024834246642,0.3777067769420928,0.13978548688655681,0.7734196178003672,0.07722708513869311,0.09819409666517298,0.12849469313622017,0.16282778991694902,0.15772120828587108,0.15238364572228055,0.2128675906882887,0.28273135599652144,0.8126758010777277,0.09957643461688973,0.38288972713092795,0.8593292317275163,0.18839771183697743,0.16310753093653715,0.1491187129614194,0.18757866291828446,0.2594228098124308,0.2758896258811274,0.2301320658666608,0.13681483607514525,0.12213905586943777,0.08427037725653877,0.10263841088544057,0.08118644848824888,0.7736585576575461,0.23559844578049652,0.3000458558226803,0.33023510357646346,0.5535630835678483,0.3733003680995566,0.4718408801335451,0.1333499330884413,0.7495082298225817,0.33592331517351526,0.32815282181945504,0.1648740033516512,0.12994140204190785,0.1433309353126381,0.179553031151841,0.14816338492788714,0.2624600205630133,0.08491045879966388,0.06488824577377716,0.06841292578918043,0.4075316571710357,0.2183534090294711,0.15219590399109703,0.2875752638210816,0.4396028162279086,0.40429510028169946,0.38888177915393835,0.5018157601769072,0.10508088104748553,0.4166272265651073,0.0952505713247633,0.6442329436692316,0.1293436120569664,0.20754837421569367,0.3160048739194312,0.23690384670312142,0.20606772900944587,0.5994526127077094,0.15655562354281388,0.10021368180082305,0.2846066088125044,0.23951429302347776
Azerbaijan,0.17592768258400454,0.21504924911461198,0.5498248874566606,1.0,0.18379372466210042,0.17586063303098126,0.8433824174095386,0.17879527540340745,0.3348420344197202,0.23426217305649677,0.1914723246176149,0.4429206429840477,1.0067584524174662,0.6931081381401489,0.19757667989420813,0.473163617328905,0.6459341653300427,0.5115182572990202,0.5133633678443675,0.7541173009127597,0.32487871631302145,0.2932994294563852,0.230110935425637,0.20870352685379778,0.4843676477024732,1.026973781689044,0.1720204378321762,0.7882701350517418,0.3486748209999375,0.3399881460744483,0.3148755683212725,0.2265902999173111,0.2256174669899424,0.34626820460348445,0.4374820095061377,0.520095145534812,0.6392166559468441,0.5176602112948039,0.554314564191253,0.2045325610179437,0.2741726644937908,0.26660703005873126,0.18645596400594977,0.16738386792847465,0.21619206310431155,1.147410699582781,0.39868014279793146,0.18706863826526204,0.20938742082340167,0.1947217890296662,0.7128418984354307,0.7115042711662515,0.674068023427279,0.44844432378228066,0.3364837832592351,0.7582440362697885,0.6480061574398337,0.5436239265057718,0.5555674490630006,0.2078916363794142,0.8542104100412589,0.34534415191888534,0.4735649366177345,0.1698651174872602,0.17185285421981084,0.1721108335403005,0.10142134560132408,0.5776926909881546,0.4517106431321303,0.5884877415917384,0.7543126902919132,0.6947172769531338,0.8462029215804576,0.23967773896342848,0.25121790315041354,0.5495339604823963,0.13488565940500924,0.32090148279956654,0.683262067167979,0.923620587046632,0.28833423493387167
Bangladesh,0.1405484957400901,0.13138235176258203,0.3295063331527336,0.18379372466210042,1.0,0.2441335221920149,0.5989119143161323,0.10468046870225753,0.15342841639929106,0.11918218969222708,0.27168637208889423,0.25013861847930163,0.759471008887519,0.4535256701054082,0.3198501891569423,0.2750044076489704,0.40683728971707334,0.28427181985701394,0.3381418320362119,0.5087394661524448,0.14188646990620882,0.15351163864874817,0.09181475582941576,0.3431171900258397,0.2690886931620488,0.75730172354368,0.3267111583574682,0.5436538066824378,0.18294235246563634,0.17836225775169182,0.1581454818567604,0.14628970421519763,0.12478415975306806,0.1814876067416257,0.24066104696766955,0.288782983762474,0.40827056904245573,0.302677455672666,0.33779268553861036,0.3075406790931314,0.14399250191402263,0.11009876969893526,0.1224935815155552,0.2072144233024643,0.13666946265064794,0.8423880465497683,0.21167695007400975,0.2680943018538274,0.11577723066862694,0.05858577852612151,0.4478020904547346,0.4763127725731826,0.4434608143552463,0.27066520504685176,0.18006047570722916,0.5428664495162109,0.41637310028760643,0.32191206959216034,0.3274131298799791,0.14892538678610173,0.5968473143079824,0.16682021613462483,0.2900718140924554,0.17413933608373536,0.15245720542009644,0.09166463224710457,0.1466456310818855,0.34571095027984167,0.34926372653866233,0.3526998392981447,0.6468842767963643,0.4484883513401309,0.5843466571774513,0.1197097534787073,0.1341580905532448,0.3349750017002564,0.18991173031296343,0.14732916280194258,0.4429314747253065,0.659983132119282,0.14069118802291877
Belarus,0.20151603327660517,0.2374951801259753,0.6828823490806729,0.17586063303098126,0.2441335221920149,1.0,1.0360001290826202,0.21906935255942744,0.35091065762736223,0.29083185490129115,0.19306609750454984,0.5611470564677834,1.1954828980435341,0.8560328404717478,0.15247274287438842,0.609552788794351,0.8056186443000412,0.646825104464185,0.6452965365316562,0.8885592502565043,0.3989949914758234,0.35628763889372894,0.3107492891976326,0.14710046349467898,0.6019406133363768,1.2431048202262722,0.20588502493676913,0.9583156973201958,0.43664795196115463,0.44455182629384526,0.3958602479622026,0.31344041744060847,0.294238600766576,0.43590288533474963,0.5782283022242357,0.6338166342110723,0.7947627909015285,0.6438192776581434,0.7004954424442851,0.19806276110972637,0.36325759677639985,0.33989372505139576,0.2572671348881058,0.16163919324606593,0.22773189552664047,1.3009041069088148,0.5099022860746838,0.17793489707396115,0.2534617330594791,0.2552761112462775,0.8585449134767751,0.8822192876458695,0.8466476372242776,0.5388370005365132,0.4567027912679607,0.9336546568959683,0.8075568000493092,0.6845930737330297,0.6911058879139959,0.21934611899184264,1.0409990102938802,0.4359070523148273,0.584501101404153,0.24426354246560994,0.22538532623961655,0.21026901252314814,0.18498207235897868,0.7127508782031293,0.5008186771173044,0.7326761974024004,0.8249294070653658,0.8532652468128393,1.0222531630052185,0.2585890413329875,0.3151405057431041,0.6692300857203682,0.14131349327285087,0.3987306705187601,0.8301116609935657,1.1111655792692534,0.35120324323990776
Belgium,0.9079960815712667,0.6654620402795008,0.24957086202767959,0.8433824174095386,0.5989119143161323,1.0360001290826202,1.0,0.6834500247544526,0.5442533009254709,0.4990255857714432,1.0443682674415329,0.2594935681691589,0.14564379814892928,0.08267409371099452,1.104594732191694,0.2244670484643826,0.11688022738228854,0.24354836644730687,0.2838619691729054,0.09669293088247494,0.39701976052803445,0.43770083182268726,0.5290120813989391,1.1594648216777856,0.3037417131185838,0.14498160659471557,1.2378790529453496,0.08195727965122529,0.34062941878206565,0.3539741025601808,0.4113262132606338,0.43723031620580805,0.5222427319724317,0.42281622398919055,0.2855290456354983,0.1865576659342372,0.1434861380785763,0.2171434254991344,0.1729607929291678,1.0716629500324886,0.4937037905197982,0.585292105020059,0.5814819166006141,0.8105789461622815,0.7098327749600584,0.2566001130867376,0.2874665968488958,1.0849028440110606,0.5813526285414798,0.5665727790842856,0.15705424531367845,0.1092834334404659,0.10388207148475662,0.23210154147010675,0.3692835000644057,0.07718244352468054,0.1411950742941079,0.1823977081604471,0.17791953937168106,0.6591875050665512,0.07706446664087954,0.41196379664422755,0.39905230571522887,0.7193828556743962,0.6786088501967078,0.6836462212116663,0.8111356695805082,0.1604157530055595,0.7103256441253903,0.2146783200063591,0.9499175371992328,0.0988009062783676,0.08006735906801724,0.5768793790614302,0.4721464679395507,0.2253961945029925,0.9265232290316192,0.40593550945893064,0.16272871975719752,0.1005174496033083,0.46943533028490775
Bolivia,0.1330749568396878,0.15289417209520959,0.37854120644080846,0.17879527540340745,0.10468046870225753,0.21906935255942744,0.6834500247544526,1.0,0.19717459836897072,0.17465174981399725,0.2608379480640497,0.2984906806114827,0.8436141831390012,0.5208194671156496,0.27992327728739086,0.3337395573823938,0.4818016088466958,0.34371165805620774,0.38375294628874557,0.5668245229364335,0.1947606060474547,0.15067823274404066,0.15029518600721953,0.30655474771189306,0.33409305080871476,0.8585592139321427,0.29048305989786616,0.6129823960111342,0.2117683583493449,0.21069082116104373,0.18986132194753083,0.15463972322627326,0.11003381262976333,0.22488285852805845,0.2893000517002793,0.35535546993976974,0.4733392768178749,0.36486322793806236,0.39744137921459294,0.2616051321503594,0.17612288059506584,0.14292343542477923,0.16538908052824133,0.17991935192726227,0.14066425212274525,0.9298145516196326,0.2526801644920337,0.2558137607654118,0.16238002036172142,0.11503802534175592,0.5313741663432234,0.5495566139780395,0.5194328287278067,0.3104020445619634,0.20977326065322746,0.5850217416465173,0.4820992908478826,0.38087604124961594,0.3881759167236941,0.15233452412526804,0.6805881728874077,0.20959500163411046,0.3411329326212873,0.1319086790583865,0.1316749227430538,0.04898928352913516,0.16779373419921897,0.41162303101915576,0.36413058881793553,0.4186533648053757,0.6879950465695095,0.5198039724269454,0.6625966592274299,0.13894214851400355,0.13732299710922352,0.43240896089100084,0.1888927413823764,0.1856693619218371,0.5261220782112372,0.7430765737648481,0.16847449280718194
Brazil,0.2626484430595948,0.20343962267743654,0.2750643345561594,0.3348420344197202,0.15342841639929106,0.35091065762736223,0.5442533009254709,0.19717459836897072,1.0,0.15750469883971477,0.4101841341236565,0.228949432748963,0.7146767328190906,0.3917644400370047,0.45561868196212124,0.21234221228170969,0.3504639163654148,0.21348908954736692,0.25003485692610516,0.46267595497161934,0.1267128958395597,0.13023214304331043,0.13309612274982388,0.4766450567275206,0.2127393375383365,0.7331498982663951,0.4865812987402466,0.48589352702804445,0.1904284460883585,0.16071024117295332,0.12445324644262734,0.16828901733905757,0.19272782939496666,0.1677205493476514,0.18289634619693923,0.21901048785317598,0.3340875474769536,0.23962699232508455,0.26196520952074165,0.45240299422449526,0.15121270694527755,0.10197688422825177,0.1935744146986952,0.28983669427415965,0.20700276351703203,0.8359669260476876,0.1767697845971157,0.3986635419428701,0.174199374447937,0.1412433673586401,0.3960579367833371,0.413199033216998,0.3787196633880155,0.2983708091232985,0.169421487223814,0.4896560967399153,0.3481677576829044,0.2598004573361208,0.26545314402716613,0.16103132107773585,0.5520697356305642,0.15397352533510847,0.20268891821294566,0.255637754462842,0.20672423441317578,0.19094164629083205,0.24382063179874086,0.28503006518753027,0.46413617806859553,0.3045286616458003,0.7519840565903149,0.3872866415827002,0.5293967031494564,0.10965501351592494,0.14926978530324234,0.2506719530072128,0.30848488034624105,0.13371207568481733,0.37095803383670484,0.6083418228562378,0.14985275037811824
Bulgaria,0.18867765806268233,0.1305722771357347,0.3029750881859202,0.23426217305649677,0.11918218969222708,0.29083185490129115,0.4990255857714432,0.17465174981399725,0.15750469883971477,1.0,0.31078493628816584,0.2365446850694052,0.6781824570862085,0.3929527783343253,0.35875272507539113,0.24940073751811537,0.34857696482691636,0.24566086986825078,0.25648478541404784,0.4406197081728003,0.11879413655951068,0.148488874458634,0.08944868149744337,0.3938986383822057,0.23389193659226254,0.6711350136840871,0.3638498554371157,0.4647045599682045,0.16984383992625995,0.15016252162170457,0.15073543142893164,0.09896312547958072,0.13714358212254948,0.15871974640798364,0.20984352657119187,0.24699370517105884,0.36637569749510157,0.2662409788449075,0.29619372699501034,0.3535023579346233,0.12076470329122524,0.14355947220921553,0.07843043690379817,0.21276336051901257,0.15342486975859776,0.7667341906161751,0.18811584793949226,0.3155048153892098,0.08711209788117921,0.09727081155433712,0.40444977842120833,0.41493325548044535,0.3880130920002214,0.2654110524055684,0.1821345674518718,0.4478692559139409,0.3617470977591727,0.2800240633696873,0.28697660722101626,0.12090634696025437,0.5231481526296599,0.15419186785689587,0.28483829671949845,0.17508787626715572,0.15492583283683153,0.18869278113226912,0.16844546982955988,0.2868424318441495,0.35064628518855434,0.2980116312714853,0.6465300963182141,0.37211749967728336,0.5180259855563097,0.11326080075998143,0.12869274184128837,0.2683981621292588,0.2475519650802934,0.1251329329159838,0.39896391059029723,0.5925647009477246,0.12556033391072682
Cambodia,0.2563184341990131,0.30553250837631063,0.7287896757818735,0.1914723246176149,0.27168637208889423,0.19306609750454984,1.0443682674415329,0.2608379480640497,0.4101841341236565,0.31078493628816584,1.0,0.603215941894804,1.2268168617173836,0.8769671545311818,0.16541696424296792,0.6595195756844368,0.8416141315235096,0.6969588115301355,0.6796819395966902,0.95004921157147,0.458740485107726,0.41593473115677565,0.3388734870765787,0.20716541339146935,0.6577713941260075,1.247633657782468,0.1910528785687971,0.9994806154813508,0.4845940586951052,0.4852448891822091,0.4637871237524753,0.33425078305529676,0.32113221651780044,0.4666260978388336,0.6002989420275306,0.6896290534271701,0.8263495203820008,0.6956807083390588,0.7375985564641336,0.22514214740736302,0.4067235325426549,0.39249315817814745,0.28892060356346916,0.20306559989948791,0.31130937941557485,1.3735212795357117,0.5536268408404995,0.1272088314180971,0.2992350140168476,0.29394958106388425,0.9225996409003434,0.9005666742713131,0.8816979548165538,0.5682451865737179,0.49724910981481196,0.9704379335763584,0.835876515642068,0.7154959490289545,0.720597794313256,0.24637950323798238,1.0582196944500473,0.47829958053051014,0.5667702054083954,0.26810534114845685,0.21819186058087264,0.23964483571596318,0.20402797296915223,0.7586793272052207,0.5704852107440086,0.783634209520243,0.8463451562625743,0.862123075659158,1.0477066130641612,0.3221026681445458,0.3831774009210125,0.7296075543203027,0.18490114843650732,0.4555524844811024,0.86806668374605,1.1083400013638798,0.35973961355160944
Cameroon,0.4565156974757413,0.29292432240067856,0.09061024834246642,0.4429206429840477,0.25013861847930163,0.5611470564677834,0.2594935681691589,0.2984906806114827,0.228949432748963,0.2365446850694052,0.603215941894804,1.0,0.3811558699497639,0.15865543947855143,0.649435444577891,0.08828167270472329,0.13094069671711753,0.13879044595659643,0.1801990655026617,0.18744798081098962,0.14212730438529048,0.15121027504993723,0.22940395911525008,0.6706700682777518,0.09159064759916832,0.36606933963335464,0.7044672407954914,0.1993357998026636,0.0797305413836415,0.1113379602651447,0.1316344593686984,0.2169345627373466,0.20098356542011878,0.1623195149776972,0.12270201764347097,0.12367133437860472,0.11471921797180298,0.11594486914597346,0.09259753391623579,0.6504897172306636,0.17144129018214907,0.2377935553141948,0.24310785079927763,0.42862152496098155,0.2639557458379855,0.46701984820701703,0.10944884947781303,0.6074839749606854,0.25299279159223836,0.24502288300664365,0.18872626017764654,0.16948691676580252,0.15614330780781305,0.18796309174953013,0.126622955267481,0.25540241226234117,0.11702674454033815,0.09984183931755569,0.0956032336878152,0.318942219544089,0.24269824264340548,0.1150659937067956,0.29262769088348484,0.3454712090569233,0.3574086269069805,0.30929649203685994,0.3971595185130792,0.131883619306812,0.32770166363598807,0.14026068236249434,0.5956926821647114,0.14687514338999216,0.22717078104540486,0.22191009146416693,0.1503571821962296,0.20609932343929752,0.4816228292085466,0.14275956579828383,0.13817184870829752,0.29378667862912955,0.1866524748030995
Canada,1.0883538512007445,0.8623414971883704,0.3777067769420928,1.0067584524174662,0.759471008887519,1.1954828980435341,0.14564379814892928,0.8436141831390012,0.7146767328190906,0.6781824570862085,1.2268168617173836,0.3811558699497639,1.0,0.12169328655775999,1.2856027401426209,0.33756827976903386,0.16991439637510272,0.39564896773260966,0.4611878755102332,0.21403029029184828,0.535608015593918,0.5744042591242531,0.6898725369339396,1.3199376802412184,0.4575294407666607,0.16736139748519438,1.3916096666311715,0.13876239661153292,0.4934382563998394,0.49733858622629623,0.5456678766079306,0.5899561105947001,0.7022014464301394,0.5572922304659201,0.4489863516905079,0.277060253686917,0.2037703079378803,0.33456436853601074,0.28597684993156347,1.2931907307298929,0.6475582114846559,0.7536220737549887,0.7726521194518412,0.9848419428622208,0.9038997489045237,0.2046216560930462,0.4271089964704782,1.2671258577426865,0.7737783547983335,0.7282371453700383,0.28843671409551086,0.13060068648945589,0.18942230450220368,0.3752622015568599,0.5182101489676376,0.17229928285876564,0.18369234547480925,0.2828856851330793,0.27327554922833563,0.833704113498031,0.08419101473588614,0.5620510290605312,0.5642397628203555,0.9476469757896712,0.8586122344860806,0.8532064529089767,0.9635358369014573,0.28843637926092436,1.0202104799176783,0.35531544960628114,0.9454307610310129,0.23379342871077788,0.11113494500521875,0.731384136860881,0.616821519157598,0.3675421306759863,1.074288599391261,0.5458756248516144,0.24016360643488974,0.06824555147535843,0.6768301663840319
Chile,0.7347202937923214,0.5242387480848982,0.13978548688655681,0.6931081381401489,0.4535256701054082,0.8560328404717478,0.08267409371099452,0.5208194671156496,0.3917644400370047,0.3929527783343253,0.8769671545311818,0.15865543947855143,0.12169328655775999,1.0,0.945670242337032,0.13768056932639447,0.05985731482667497,0.14975463150448992,0.16374385490042515,0.10189868833641308,0.2636227151917512,0.2910901053575117,0.38233586544266174,0.987973428142764,0.18445396582852866,0.1773161750268796,1.0262133046764443,0.07132172388043317,0.23883767058841524,0.2227168634084384,0.26940344595383375,0.32270899716193396,0.39238985795653136,0.29851735218580017,0.18743655491141625,0.12421975426500029,0.07356902676405327,0.12770286161501634,0.09525129411033822,0.9393798335988481,0.3453505680153804,0.4450924239661541,0.4538577757378105,0.6621980815261458,0.5407839636916244,0.2450444539337818,0.1907411195599226,0.9173665251274514,0.45799706583867134,0.4231494980819361,0.09318858852089804,0.06574875806012753,0.07199688008021357,0.2044566077416049,0.23144331118451134,0.09927656964508424,0.07894089213387659,0.10463083146259311,0.09607227819941092,0.524112911204182,0.07383656166674701,0.26765572853529074,0.26915663706961845,0.5686460874056076,0.5267307528921643,0.5341521194418358,0.655133466125977,0.09650289805420248,0.5722890334822666,0.12113677140208992,0.7846886253107629,0.05817261831664497,0.08293178579154403,0.424339653147512,0.33424190759454675,0.13554608206297156,0.7582390870213778,0.26743528170193853,0.08548854350141372,0.09512852426656551,0.31932685203960115
China,0.2933174363869918,0.3239713123340119,0.7734196178003672,0.19757667989420813,0.3198501891569423,0.15247274287438842,1.104594732191694,0.27992327728739086,0.45561868196212124,0.35875272507539113,0.16541696424296792,0.649435444577891,1.2856027401426209,0.945670242337032,1.0,0.6960566906158886,0.8921845283340313,0.7190400257536762,0.7256855798289116,0.9931699371551974,0.5091605472840853,0.44828245607098,0.37991406411734485,0.0972572392617893,0.7085837460147344,1.327215400018551,0.14770510562147404,1.0354769245981894,0.5290096672356029,0.5309528203723176,0.5106814035525221,0.3832123972934586,0.34078530595243417,0.515655355029924,0.638988971839773,0.7336202354333304,0.8840346440048262,0.7345823991545729,0.7871035860943567,0.15962418498957825,0.44934693245839413,0.3988967727891201,0.32953687462205034,0.2154388627734733,0.33609518453404874,1.3871883223354737,0.5866338231248617,0.10250191569830737,0.3384760526303031,0.3339067956924733,0.9558410957205826,0.9573893488190734,0.9355476078634607,0.6393566076541166,0.5505046979399021,1.0109865182325513,0.8989731084587007,0.7704380592089825,0.7865650404892734,0.27331193173229357,1.1204918567904014,0.5202894262356597,0.6701711557421474,0.28164577202141683,0.24245598050903602,0.2705400338070172,0.22488659851368503,0.7953005610571305,0.57999900276344,0.8311799091773582,0.8972725280573408,0.9394854855998818,1.1049782088740605,0.3654087688332707,0.4141409576475337,0.7655409582582761,0.19655852473808538,0.5092522521507141,0.9278656508400052,1.197790029497908,0.42032746958313655
Colombia,0.5093232973008547,0.32653779708749264,0.07722708513869311,0.473163617328905,0.2750044076489704,0.609552788794351,0.2244670484643826,0.3337395573823938,0.21234221228170969,0.24940073751811537,0.6595195756844368,0.08828167270472329,0.33756827976903386,0.13768056932639447,0.6960566906158886,1.0,0.10622207004359915,0.10453744518677807,0.14203490154651305,0.15913067443926712,0.13499906665565992,0.15979618425776698,0.21421477017769772,0.7354720781231561,0.06864054129963348,0.3526505839705675,0.7782954959947747,0.16529963048775373,0.12825400941088866,0.11203429150613708,0.13996497489243132,0.21186240072705784,0.22528516315818015,0.16832134410897298,0.08172131589965209,0.085200812156695,0.09597848160291789,0.08579050264856908,0.07973405247046064,0.69496487130944,0.1632283668690089,0.22761244093402594,0.26288171074667377,0.47117355556650303,0.31452999180851526,0.46298646642095304,0.09504553393968757,0.6657529294243224,0.2730525280975834,0.2557703566088869,0.1284861385863869,0.13209311828246145,0.10742236793750684,0.1837460944596707,0.11202621803407581,0.21823552040554672,0.09727377703028561,0.08970336399978199,0.08310385147949079,0.33448211865204536,0.2073070113553113,0.11945674208429255,0.2448967848875864,0.3674696351300429,0.3525337109603406,0.3440078252061802,0.4337433430411195,0.09090715090520327,0.4073492301718874,0.09180883101085263,0.657959419334669,0.13511789718478948,0.1972143950714415,0.25882602411637523,0.18817369460923003,0.15011945539697058,0.5293497882961271,0.14029334559126325,0.12379581067510995,0.2612055070577681,0.18652440809436524
Costa Rica,0.685146048388224,0.47257478979858275,0.09819409666517298,0.6459341653300427,0.40683728971707334,0.8056186443000412,0.11688022738228854,0.4818016088466958,0.3504639163654148,0.34857696482691636,0.8416141315235096,0.13094069671711753,0.16991439637510272,0.05985731482667497,0.8921845283340313,0.10622207004359915,1.0,0.11637536229870823,0.1657816683747994,0.11014897063174503,0.2341985143256946,0.2588122544078399,0.33779505194383863,0.9336570662398596,0.14467231880196105,0.22119881881392267,0.9756213537386857,0.08395735569104895,0.20646359075377152,0.20990566838555985,0.23785226604467138,0.2867012591665288,0.3527688379301648,0.2607530821288285,0.15443507453137914,0.09133858573469222,0.05450227449537448,0.10214053636212025,0.08628268715496973,0.8782734447548832,0.3006445424451904,0.38465169903042606,0.41025911114139624,0.6306686971892627,0.505655219940256,0.31689057771187124,0.1530866061620799,0.8540392850162216,0.4140904166683975,0.3788869444453927,0.11065103026758544,0.06834082984359127,0.06952141156065247,0.19810234994549578,0.21020573928994124,0.14162649426290452,0.05285962748033271,0.06681457356639428,0.06277361730243153,0.46164145777570037,0.09521761054498784,0.22009263040532884,0.25130462913827967,0.5330288120741008,0.48544940038454554,0.5017516883302543,0.5885349975053147,0.07926014441606716,0.5374276277277551,0.08405645326304453,0.7329287333695114,0.0770084668005955,0.10203049324748525,0.3805942368314222,0.2900048646920232,0.13682045614993849,0.7011783716117873,0.23857233615526308,0.07013684951153248,0.12295853342811788,0.2986225970050688
Croatia,0.5136263844206601,0.3328238179328259,0.12849469313622017,0.5115182572990202,0.28427181985701394,0.646825104464185,0.24354836644730687,0.34371165805620774,0.21348908954736692,0.24566086986825078,0.6969588115301355,0.13879044595659643,0.39564896773260966,0.14975463150448992,0.7190400257536762,0.10453744518677807,0.11637536229870823,1.0,0.11189535030270709,0.18307382904542344,0.17065573599675632,0.18665821114218784,0.23006706867611965,0.7704959410683784,0.12386434412776223,0.4143201562295469,0.7991867779101871,0.20561781955976244,0.13877759161798423,0.1512694832256623,0.16682790119201432,0.2065218073235771,0.2376264066584692,0.1742230090276605,0.07983484003624178,0.06876428005762963,0.13333048759395077,0.07735787499197927,0.0999545564122909,0.7061320372871033,0.18869046123653369,0.24113176059043862,0.30210911558449094,0.48723230203477624,0.36774143386165103,0.5253421358873067,0.08932998381158067,0.6852127083347916,0.29822435432054173,0.26953950050372655,0.13210835673545057,0.1684328301299396,0.1373811234336128,0.20008539387479107,0.1378752069704109,0.21501867224762872,0.1324248954771791,0.09972682338116637,0.10797970091490591,0.3478569693382483,0.2513083088551452,0.1403324472563146,0.17116701229342438,0.3569419368009912,0.33672337945095693,0.3588132971959252,0.4565380804762188,0.07786676240703158,0.501791305393954,0.1019192178061932,0.765857064901156,0.14649975388057349,0.2411200802197233,0.2714273628334941,0.19632140742097753,0.10854897840854705,0.5625455246590507,0.17825648389975987,0.14502242789287434,0.30416104516603887,0.1948898630233298
Czech Republic,0.5457737134178788,0.3454502459659678,0.16282778991694902,0.5133633678443675,0.3381418320362119,0.6452965365316562,0.2838619691729054,0.38375294628874557,0.25003485692610516,0.25648478541404784,0.6796819395966902,0.1801990655026617,0.4611878755102332,0.16374385490042515,0.7256855798289116,0.14203490154651305,0.1657816683747994,0.11189535030270709,1.0,0.1875306559147245,0.16018827916474876,0.1978741618386131,0.26920147820178225,0.7657309998013415,0.1631517156441348,0.48629846312834046,0.8115379784868131,0.23307537913141935,0.17791235694071814,0.1390517394672833,0.17907375633480846,0.20359479378146794,0.26638420142789376,0.2028124439540463,0.11487546193152587,0.12218616847699434,0.1823791566136478,0.11718156147071518,0.14211080197359507,0.7136877481739343,0.19693916449184926,0.2637899861176345,0.28969824240778486,0.48619560571970355,0.35950974100818744,0.6006686562331768,0.1393316405929738,0.6989617666917508,0.30285973590651044,0.3113297676834285,0.15610117653984376,0.18982104864593838,0.16080130474533694,0.21876358153499753,0.1557567489765692,0.24846033334241588,0.17666707942592333,0.15321094484873005,0.15810481086215974,0.35450110782668254,0.3009256564597169,0.1517212163185715,0.16223796300551432,0.375232157190424,0.34799583031625597,0.3881366108644702,0.4487108957680775,0.10981915501578648,0.5631752202680821,0.09729714914265952,0.8332293454066391,0.1519204704383909,0.291133114188554,0.26965983600860577,0.23072224135042024,0.10613170319472662,0.5609111944619343,0.16313832327608702,0.17085291229846206,0.3758674028424204,0.21325673897141373
Denmark,0.837095860530858,0.5756689593473687,0.15772120828587108,0.7541173009127597,0.5087394661524448,0.8885592502565043,0.09669293088247494,0.5668245229364335,0.46267595497161934,0.4406197081728003,0.95004921157147,0.18744798081098962,0.21403029029184828,0.10189868833641308,0.9931699371551974,0.15913067443926712,0.11014897063174503,0.18307382904542344,0.1875306559147245,1.0,0.3030764008562239,0.34799875237531097,0.4498294257084956,1.0207270375020931,0.2086407288897966,0.1801630401012333,1.132376672545566,0.09666340553232974,0.2677689459151562,0.2575750410772567,0.3101584823254994,0.37161622962158514,0.44256204564660695,0.345775824236382,0.2469113093235361,0.1542159705749639,0.10335401369333092,0.17058112723334184,0.1118311766693928,0.9627775375706715,0.3814823458978237,0.4598646290456605,0.5196522295496708,0.7264891442711361,0.5743034350990532,0.32371186028817567,0.21912447611371577,0.9865598384245248,0.5005986854950973,0.48342502418202116,0.07085877594411708,0.10295855781803312,0.0717823927892974,0.20949095433821127,0.3003605782719117,0.1148482145470201,0.11522275115710273,0.1259493702623326,0.13190155545917237,0.5743990054897337,0.11325158098438654,0.3117478324823465,0.33430503168243253,0.6028000720032298,0.5581332840691656,0.5742787167086781,0.718426630463235,0.11452530905836955,0.615980997340515,0.14038325455811235,0.8569829693741545,0.08823365114876314,0.10506377622076116,0.4780069772966756,0.36750691867674906,0.1820171269869059,0.8201388609807788,0.311920395263802,0.10139152070422958,0.14752523726378589,0.3828941856005542
Ecuador,0.31886013609909125,0.18887268572851443,0.15238364572228055,0.32487871631302145,0.14188646990620882,0.3989949914758234,0.39701976052803445,0.1947606060474547,0.1267128958395597,0.11879413655951068,0.458740485107726,0.14212730438529048,0.535608015593918,0.2636227151917512,0.5091605472840853,0.13499906665565992,0.2341985143256946,0.17065573599675632,0.16018827916474876,0.3030764008562239,1.0,0.11431888904052592,0.11330093745446551,0.5393376096307813,0.1287611030897351,0.5419960360083967,0.5410204238022485,0.33584033117443574,0.11760427203971405,0.07069176668979188,0.07550886321276185,0.12435064426677109,0.14637232142806667,0.12618420732761942,0.13052089014356705,0.15964849599032696,0.22077610236813805,0.15489517895102145,0.16850437881387392,0.5002573915201426,0.11430807479398089,0.12199311202959323,0.1368123644021435,0.31406161856684356,0.1426880302624638,0.6514954602590579,0.1267647048594192,0.45559098070377096,0.13740677778012547,0.13921493361440856,0.2712959098533385,0.2743837771040892,0.2614847503757489,0.2005713540583437,0.08856511261759628,0.35443876898498416,0.22604609863407044,0.16294937484931238,0.16567903089271627,0.1974770997440061,0.38911337807904667,0.08007382947765393,0.23591654501843784,0.2250678648650843,0.21939983526604234,0.19735358343699316,0.2747354778562705,0.17900005057009885,0.36184279462768776,0.1762764678461962,0.646048227240942,0.261369428827136,0.38604210706259123,0.13936462125677565,0.13879350192946222,0.21551957661823787,0.3464457488053506,0.026361266133417216,0.24821844832580628,0.4498014028923017,0.11144378945997072
"Egypt, Arab Rep.",0.26935114211061256,0.15341008542154355,0.2128675906882887,0.2932994294563852,0.15351163864874817,0.35628763889372894,0.43770083182268726,0.15067823274404066,0.13023214304331043,0.148488874458634,0.41593473115677565,0.15121027504993723,0.5744042591242531,0.2910901053575117,0.44828245607098,0.15979618425776698,0.2588122544078399,0.18665821114218784,0.1978741618386131,0.34799875237531097,0.11431888904052592,1.0,0.1294480335554611,0.4722437289737952,0.15230594975654146,0.5741622145521803,0.4943137747161505,0.3698262382454852,0.09671387882019908,0.12666549865598248,0.05660433649236696,0.1252313589843293,0.1353801915430715,0.12429053776936105,0.12978241663282722,0.18508383028398107,0.2622305797557126,0.19185298345074603,0.20402453889107847,0.4502176966844935,0.10647231697006954,0.11208803938261158,0.14804616808532814,0.2849851539715579,0.15780747725995795,0.6858563339231579,0.11342821096559358,0.42204598718157776,0.1403017759660828,0.1482816794275958,0.3199954271344297,0.3222621683275071,0.2860072477224182,0.2100647900374937,0.11537419811076174,0.3469557238076886,0.26833142516200126,0.1956012372706508,0.20616072146731865,0.165849323442175,0.42623256149315436,0.11309728932223659,0.2254675419729803,0.19862260599632028,0.1971834359132984,0.16327624356412251,0.24271277896514462,0.21050923146464012,0.3689745362953377,0.22994888765181629,0.6772514056463448,0.29600323956208735,0.415043300887441,0.13293333292179546,0.07471184500762576,0.2181200732913637,0.31482891624906173,0.0946388310765919,0.3016327888832576,0.4817280395363618,0.12318917142603608
El Salvador,0.21765906144500896,0.14364607971827584,0.28273135599652144,0.230110935425637,0.09181475582941576,0.3107492891976326,0.5290120813989391,0.15029518600721953,0.13309612274982388,0.08944868149744337,0.3388734870765787,0.22940395911525008,0.6898725369339396,0.38233586544266174,0.37991406411734485,0.21421477017769772,0.33779505194383863,0.23006706867611965,0.26920147820178225,0.4498294257084956,0.11330093745446551,0.1294480335554611,1.0,0.41692376671519227,0.20546484626389885,0.6924635297377675,0.4126152718356522,0.47318735027784137,0.1700506860360483,0.1252713987526787,0.13516503698834292,0.10746516376619034,0.14040644505512057,0.14196999476281014,0.18727246256415445,0.22677024909292468,0.34987589399043617,0.2410061664532586,0.268782564871645,0.3927217506822708,0.08536748585597284,0.1165790539213866,0.12421644754755434,0.2357581842805222,0.15841193611759868,0.7761974291340095,0.1584017735210306,0.3432744777038565,0.13694188401300278,0.05376222771866604,0.39680261241039655,0.4021279335201248,0.38358416044650967,0.23307947029459342,0.14333604670673672,0.484220282412571,0.35908521918185854,0.26068284360055005,0.273738063593932,0.1316124927243369,0.5331736165269046,0.13349673170358306,0.2575513624369846,0.1843407844508151,0.15297405112824675,0.1689335429582886,0.1892355799795203,0.2873771867607061,0.3667520592827569,0.28398575591424546,0.6612180437480857,0.3834521238159781,0.5193011291363654,0.1253492784875858,0.12442870239782167,0.2762196317268538,0.2532184817909814,0.12331671054865367,0.3775841025815593,0.5905412516820105,0.12110118205737452
Estonia,0.3124774811441852,0.35223613365104417,0.8126758010777277,0.20870352685379778,0.3431171900258397,0.14710046349467898,1.1594648216777856,0.30655474771189306,0.4766450567275206,0.3938986383822057,0.20716541339146935,0.6706700682777518,1.3199376802412184,0.987973428142764,0.0972572392617893,0.7354720781231561,0.9336570662398596,0.7704959410683784,0.7657309998013415,1.0207270375020931,0.5393376096307813,0.4722437289737952,0.41692376671519227,1.0,0.7328406753446551,1.371267762437827,0.18745043840684114,1.0764791876803446,0.553328868000512,0.5638014324149199,0.5276764917321206,0.4209245833060337,0.3738296100446833,0.5518540164153893,0.6865362223913115,0.7741578906969928,0.9231343185586746,0.774109554623439,0.8269447236798468,0.1881050612031625,0.48880383671341304,0.4406257397736062,0.35795030191776095,0.2171690997604373,0.33526789895407116,1.4088488490738826,0.6352599742834654,0.12926289007999406,0.36715696700769623,0.35373421434318575,0.9939246207914804,0.9987389497073439,0.9766671597622336,0.643271732219532,0.5895871152863462,1.047534696678942,0.9361450422346566,0.8078891686413213,0.8155611350999785,0.29542183458723403,1.1635136515157511,0.5635232415951351,0.7119501162459889,0.29290205537125746,0.28754262432462135,0.281442369107333,0.26066657844362695,0.8370487634129792,0.6197660481063124,0.8597241649604792,0.9252348639826969,0.9806919375553712,1.1418650322483566,0.3854612170355769,0.42638711906774546,0.8077538366656396,0.19906806580562525,0.5366656626461493,0.9648423323335804,1.2370260033195073,0.4520678946204874
Finland,0.49748341014314046,0.31377928938389243,0.09957643461688973,0.4843676477024732,0.2690886931620488,0.6019406133363768,0.3037417131185838,0.33409305080871476,0.2127393375383365,0.23389193659226254,0.6577713941260075,0.09159064759916832,0.4575294407666607,0.18445396582852866,0.7085837460147344,0.06864054129963348,0.14467231880196105,0.12386434412776223,0.1631517156441348,0.2086407288897966,0.1287611030897351,0.15230594975654146,0.20546484626389885,0.7328406753446551,1.0,0.4397004711557607,0.7790514278992564,0.23288717057170574,0.12941117770582541,0.1143638815559691,0.14449522022231787,0.2103061737907863,0.22421979019890914,0.16648443108935287,0.09036347912266837,0.10952353577841886,0.15018251037632888,0.09968282509091578,0.09960886744486958,0.685971254384825,0.17322114553649334,0.2255265291736345,0.2558784637619471,0.46867023467528296,0.2989724047828312,0.5213880934272558,0.10581015751159453,0.6624539379634481,0.27724575563351095,0.2544752135198324,0.1702815485164837,0.20728149820075475,0.17217741779284912,0.20475553432990756,0.12839304872825427,0.289224104982148,0.14851253962122005,0.09799899391403577,0.09564881411858622,0.31579549881689684,0.2975314649733708,0.1264760483212985,0.23692412772566315,0.3538756229792485,0.3329072522587938,0.347138794499993,0.42285309732340326,0.1153476625127361,0.4178683624428918,0.10969350195016711,0.6865455272604883,0.16827139072964736,0.28029346963465573,0.2587288198537855,0.19564915828451557,0.1787717834966349,0.5312767575368234,0.13761096429762332,0.17409906913025602,0.35323802765630447,0.16298532103527713
