Country Name,Albania,Angola,Australia,Austria,Azerbaijan,Bangladesh,Belarus,Belgium,Bolivia,Brazil,Bulgaria,Burkina Faso,Cambodia,Cameroon,Canada,Chad,Chile,China,Colombia,Costa Rica,Croatia,Czech Republic,Denmark,Dominican Republic,Ecuador,"Egypt, Arab Rep.",El Salvador,Estonia,Finland,France,Germany,Ghana,Greece,Guatemala,Honduras,Hungary,India,Indonesia,"Iran, Islamic Rep.",Ireland,Israel,Italy,Jamaica,Japan,Jordan,Kazakhstan,Kenya,"Korea, Rep.",Kuwait,Kyrgyz Republic,Latvia,Lithuania,Madagascar,Mali,Mexico,Moldova,Mongolia,Morocco,Nepal,Netherlands,New Zealand,Nicaragua,Nigeria,North Macedonia,Norway,Oman,Pakistan,Panama,Paraguay,Peru,Philippines,Poland,Portugal,Romania,Russian Federation,Rwanda,Saudi Arabia,Senegal,Singapore,Slovak Republic,South Africa,Spain,Sri Lanka,Sweden,Switzerland,Tanzania,Thailand,Tunisia,Uganda,Ukraine,United Kingdom,United States,Uruguay
Albania,1.0,0.23259038272139262,0.6584755435074003,0.7541269559717606,0.18954829656100286,0.27314773678825643,0.23667425019211236,0.8672754296695961,0.20588981301726092,0.33925457180414254,0.3505925970142466,0.5014045580692135,0.2787034793972475,0.6278820794156947,1.018012388924863,0.7698185460748023,0.8777285975516365,0.33366061683424886,0.6381160634055588,0.809338871017141,0.6001831394941646,0.5676511782416784,0.7861724987657821,1.0915266282292138,0.4562327343395897,0.41451312587759387,0.32127846172420005,0.3591111613641263,0.5633339698428826,0.9718222769503267,0.8496041896149807,0.5134181155406268,0.8616447412812558,0.4910842028129504,0.4402075870594922,0.40751642449212633,0.35484494930448773,0.4568011318821655,0.21484241846466384,0.4375201092045716,0.5498360470141699,0.6925696405647097,0.7878772548459195,0.6521987304278516,0.6953606410453863,0.305985928591053,0.365694989053109,0.29852721510435887,0.8348870920984538,0.28284053748728266,0.20833975202479238,0.26763042229778505,0.5247228757423675,0.5580213449414475,0.5549604092603196,0.5455391422099318,0.25978224268103584,0.2797658083644392,0.2920325648930742,0.7266693038110287,0.8649043544740919,0.4132263915659903,0.7807026139218196,0.6866455589189061,0.4877163782520516,0.8560454344070321,0.7969982737583957,0.6945942881555297,0.7038149437193638,0.21586006062258226,0.9239647622575783,0.4612398888801732,0.5285102428871858,0.25106510124714987,0.2731643431464527,0.4629647367993986,0.21721306233568766,0.15690269349843244,0.866630078432766,0.6895202852392793,0.534323324423437,0.6454520154650851,0.9461333106015412,0.7623137207058983,0.8905626708061282,0.2833868869908479,0.3788418085375628,0.6393396666003442,0.14839625073745613,0.44919620838809177,0.7661098328266548,0.950939529671552,0.38996534202492295
Angola,0.23259038272139262,1.0,0.48927222896617106,0.5999449301816424,0.2344653368562278,0.10935121831144072,0.368755130768398,0.7362054703773465,0.09191982351514756,0.2775304069599024,0.17200998308705834,0.32344742242304714,0.4432761040978094,0.4342539960172198,0.8599385163009494,0.596181607828354,0.7175026860485962,0.4692610984454823,0.4652046045901239,0.6422162787478595,0.4660315415662779,0.4557786011514163,0.6464363686709156,0.9519021991803978,0.28582712913392133,0.254552842526731,0.17082616181388519,0.49820812003268095,0.3967607633829366,0.8514335696392193,0.7042135860703936,0.32206617364405066,0.7740483391311143,0.31328922106664,0.2778604761744512,0.254123043101392,0.13455430718221104,0.28664090820259824,0.1470150963849004,0.3228560747076177,0.40531737615977736,0.5324306707392196,0.6136499679512268,0.49456900128917675,0.5272993107365556,0.41525512712830487,0.23270831049840282,0.2130456939566626,0.679966103351998,0.07588575508698613,0.18891041068950215,0.11517734521587125,0.36492218470911214,0.3828428964836488,0.3892523410216914,0.4797746588264158,0.4290387472459085,0.07304223504796603,0.12776095368942048,0.6016538786170333,0.6978719535152719,0.24701377986700654,0.6346113956694008,0.5111626492679523,0.3077866859599939,0.7337790166225103,0.6253910949924973,0.5182721676471075,0.5272614799935771,0.1755076500820823,0.7667368705673976,0.29804294896544603,0.4773985437377651,0.10731606887169262,0.1881671898402789,0.6536811722933655,0.08363072882081038,0.18944004871236486,0.7252452316057575,0.5416515310006426,0.3851114833104844,0.49988694050380406,0.8625004558190001,0.6182936030772125,0.740806896738052,0.17966778019095028,0.19969495519930808,0.5368126438636589,0.16353137440899274,0.28224589603873346,0.6038668213918567,0.7933545932764341,0.1842664261208127
Australia,0.6584755435074003,0.48927222896617106,1.0,0.14136757618931414,0.7029928270863065,0.4561518732874209,0.8403018376050062,0.2936788975937954,0.5111088088773318,0.4054031013778786,0.4057886787359846,0.18539402641469183,0.8842954205705353,0.12433942191853223,0.3846464590534176,0.14176599145599467,0.27543034752790607,0.9425563145583581,0.10068584054286162,0.19017538759881641,0.17004583810261945,0.23317503000894924,0.24245140184606395,0.4898170656915404,0.23587538893851118,0.2898130262956726,0.3759776670064959,0.9738784276391114,0.11178316136895781,0.4116430223665341,0.25160281850938565,0.1967365641015158,0.4532903812494947,0.20511818739985807,0.2554496877127089,0.3476304888024695,0.3913293516178586,0.26748955465091095,0.4928715677728355,0.3429081333938745,0.16894566301275082,0.17734586451150963,0.15915462783898018,0.11788219086254818,0.10968997840601628,0.8938355196182599,0.3337519556132987,0.4183618994298583,0.20021501106652453,0.43565456529357866,0.6626627693685025,0.518998903069832,0.1860339525966759,0.14890797694713181,0.1655489002528075,0.39877712293198997,0.8843017954359996,0.43487167062001697,0.4269440402631878,0.1988284288796102,0.24365892986365345,0.2901246806131737,0.20882507793411018,0.33124236029832216,0.20838073728036632,0.3252008652188343,0.17198223360267395,0.10196489622731984,0.10146282355132583,0.5273925259590311,0.30438545992032007,0.2113101171993859,0.41953692215899474,0.5584868949247411,0.5829100953754999,1.088292136677862,0.5275286689668628,0.6413933677178592,0.33625959955690793,0.1387482426391584,0.5016706256888551,0.105914646842815,0.9199375598644057,0.20258158055455888,0.28133105049775003,0.4278586173015425,0.3270779088064858,0.2697908718637408,0.63428527431771,0.24003881165762198,0.1231190450008588,0.31929301439654717,0.3592838752425964
Austria,0.7541269559717606,0.5999449301816424,0.14136757618931414,1.0,0.8017307704521398,0.5529231398632505,0.9365860180049311,0.1643067983320319,0.6092308132861772,0.4665672631270279,0.49439068854327184,0.2837124529835884,0.9692945159689857,0.21757845869603915,0.27241141222992205,0.09220384208717297,0.16554303690362346,1.0373764808688326,0.15574431588129778,0.10522794791370711,0.1803533016298244,0.2473195108993153,0.14650727278264947,0.36431525478192867,0.32890780961186494,0.3745990373997129,0.4664553543169795,1.0712468929179415,0.20796891270822976,0.2838356274172653,0.12610808429244333,0.30168968220216075,0.35032115774651207,0.29847456486262935,0.3406891595123885,0.4212523584539098,0.5015046468845594,0.35329021941406225,0.5799461871694501,0.3892894853678601,0.21838794897627262,0.14861609417906263,0.10098338874191302,0.12498832506092374,0.10334886449222123,1.0032157582743482,0.41354304972668215,0.4923347076117681,0.09526739725840458,0.5443803422233313,0.769272938240014,0.6360583587746896,0.25492550961203864,0.23143006748654624,0.23176459259965557,0.39458534962105807,0.9732227471615196,0.5409215335353345,0.5222322954886603,0.11552479937262759,0.14156145333308667,0.3777092652311066,0.09665480436840007,0.36524222870617756,0.3049700294210867,0.20305089449088157,0.09807542647446753,0.12278448489409056,0.11708128913139694,0.6111848835494023,0.18464516599267075,0.31186663661117314,0.4181639035528763,0.6683308145789014,0.6694171779824061,1.166342338368547,0.6293804074688141,0.7343358133851818,0.22872445334706262,0.0912785577395556,0.6384309738013318,0.12234120419375681,0.9699362116695476,0.0995779029624791,0.1551731918898015,0.5104295545855864,0.422482857196706,0.23152349316149454,0.7331896314219016,0.3319808143192259,0.06596280152105259,0.2056150815752687,0.46102741971736566
Azerbaijan,0.18954829656100286,0.2344653368562278,0.7029928270863065,0.8017307704521398,1.0,0.2546236271955957,0.1592880700895657,0.925280349108807,0.19602609182310474,0.3993585681820498,0.32624875270970405,0.5316916572444088,0.23004252648245344,0.6404965441086065,1.060657618935014,0.7993174709461315,0.9049258995156205,0.24787858687223688,0.6657625521865339,0.8377672555089856,0.6526978114995053,0.6338902295481711,0.8379262345261573,1.141894396782828,0.47931086638696596,0.4337815722371483,0.3400747646602017,0.28049298920104765,0.6057693561965568,1.036606455840137,0.8990344771581092,0.5245395299398302,0.9242500071437442,0.5123795994906416,0.4668217347237717,0.4054536266990695,0.3326718403404216,0.48252763726596004,0.24204916017159875,0.4654532149951698,0.5955708008653958,0.715259248600233,0.8148194790396313,0.6890364276249236,0.7267577501871968,0.2425540474213967,0.4060756846827239,0.34750893835391317,0.8837101931292806,0.27403880344808235,0.0952938312786391,0.26356932202480116,0.5558627979370394,0.5823475893852349,0.5810177279598842,0.5876813354499486,0.22187010632983886,0.27446749794750863,0.28374028497863757,0.7937820926377377,0.8938108069310785,0.43018803238634135,0.8254752669333777,0.6827049533846171,0.5101820130130609,0.9093710957599948,0.82504852597994,0.7205662818346421,0.7302882231514483,0.21647044182666783,0.9625007881391321,0.49919241061070196,0.582532927782499,0.22299663314206936,0.18292679442222787,0.44612370459955913,0.17833581675154378,0.08901981482918446,0.8945577512220322,0.7352728170234788,0.5672046309477994,0.7023159074085548,0.9508404791172931,0.8115633022326366,0.9371036321585232,0.3070110847560126,0.38607855487092385,0.6987245745720604,0.08495864760425158,0.4751312152111157,0.8116015434495871,0.9939773474791552,0.3842775380577939
Bangladesh,0.27314773678825643,0.10935121831144072,0.4561518732874209,0.5529231398632505,0.2546236271955957,1.0,0.3971545211813983,0.681239948287578,0.07024368774785539,0.20678406958696094,0.09053522177626884,0.27997268958544264,0.4488933513943247,0.39219442295723733,0.811517104342111,0.5476019757544321,0.6561512961274926,0.4970082292157666,0.41327453189027125,0.5874761797656738,0.4074873819178081,0.39832902808807147,0.5908285061489469,0.8963125653921006,0.22765387025159933,0.18302354715232935,0.09435040265223643,0.531120047954236,0.3566589558058086,0.7959494609333244,0.6504939967182658,0.27539037931069593,0.7015241535264396,0.2595195303190095,0.21505578898200647,0.16422973246786052,0.11153497253303286,0.242098694118287,0.09342377092991101,0.2386637769637646,0.3479053629635868,0.4656359841697965,0.5636952087129888,0.4390332432337332,0.4745620216545242,0.4751560309824943,0.16764247602648985,0.14773777654750872,0.6362985101605112,0.06607801672696142,0.23603800623605203,0.1770594598259843,0.30404393263414986,0.3294806184685945,0.32863597018920365,0.39026267173617996,0.4475357511249007,0.05953769500042665,0.0332743206778987,0.5518556978611632,0.6429908648490118,0.17788975822849432,0.5765388178422545,0.4530856064649523,0.25743916663676664,0.6689315735770927,0.5737349686349181,0.46840770155474243,0.47831289334955934,0.11154618469401599,0.7125283745338219,0.25198282446221426,0.3929820198858677,0.18154975839137974,0.14330505857094064,0.6635248949868504,0.0832563898707209,0.19425158389381553,0.6519554625499092,0.48607673562704434,0.4585490144421991,0.45530041410198446,0.8881679854581909,0.5632537133392471,0.6879020148311735,0.09528446318767497,0.13265774054532828,0.46716981782363026,0.19197209218413153,0.22410685128203606,0.5622163905818928,0.7442655719979551,0.15005192739277373
Belarus,0.23667425019211236,0.368755130768398,0.8403018376050062,0.9365860180049311,0.1592880700895657,0.3971545211813983,1.0,1.0527986211683737,0.3349857182279276,0.5087885890766959,0.47181737146761216,0.6683950253441744,0.13412645735053247,0.7853303166830362,1.1945081066027945,0.9379861874818956,1.0419881405471734,0.11383880507786735,0.8046850066734899,0.9769465451378001,0.7803249138777146,0.750386721699591,0.9613589662257477,1.269748944648245,0.6189307806160356,0.571908465244549,0.4761020191430599,0.14384694199934292,0.7416115794455971,1.1590432824788521,1.0289479989500467,0.6692998718664395,1.0309039404704297,0.6525580643747892,0.6033669297129546,0.5431952639146311,0.48015886298609384,0.615866806352772,0.3632318730397318,0.5882292100177784,0.7271364061769632,0.8521420367592213,0.9547453860614459,0.825579865346174,0.8642167797326307,0.17896898068321887,0.5320455763041231,0.4619661290320381,1.0197294871331941,0.41738992929641633,0.2309096634408352,0.37328031824229857,0.6911889380967848,0.7219146829166028,0.7188509275555169,0.6977702074561848,0.09113164583004517,0.41665148264748997,0.4265806239625335,0.9183396445509993,1.0311490863548018,0.5691493325647773,0.9556041786536785,0.8029159358864408,0.6488770516854958,1.0342467344549102,0.9640936030957108,0.8601893217010246,0.8700227272629955,0.33939520622596375,1.0962024797242824,0.635885197461484,0.6838648394656361,0.3384375745885285,0.31300268536216136,0.3106649447465496,0.32389026385629455,0.20985251836511185,1.0242097893966582,0.8673458674480459,0.6691917001845337,0.8322049064067006,1.0155867452294751,0.9398919415674644,1.0681430484578223,0.43574625775349574,0.5276396954350754,0.8174568358224515,0.21366928008753072,0.6141090354379789,0.9472587508195233,1.127602483101291,0.5187381263730652
Belgium,0.8672754296695961,0.7362054703773465,0.2936788975937954,0.1643067983320319,0.925280349108807,0.681239948287578,1.0527986211683737,1.0,0.7348340663149666,0.5606854140332932,0.626431782617574,0.42546881471087306,1.0728560369120983,0.37221956900237047,0.19828738041946872,0.21668278658471513,0.15635769053864612,1.1533267444194204,0.30017445032087453,0.1814412418802282,0.2798431585077267,0.3222341024139945,0.14874454051418098,0.2328784833531834,0.46217866141569025,0.5005144038714484,0.5909148530708048,1.1879272829396488,0.3523660168347051,0.1271772624590859,0.07992801389634145,0.44811444303065545,0.25234741402728167,0.43728676669926436,0.46908814997064857,0.5410760669620893,0.6442408005022077,0.48760786607100215,0.6955753037072359,0.48859546043885155,0.3372624365392426,0.2522282909043292,0.21334559186694746,0.25643186142962515,0.24301961811723835,1.1309706766020713,0.5305236956155732,0.6011403546115861,0.13872076170558395,0.6801655225627506,0.9022359538440952,0.7704354567516792,0.3825024197134122,0.3727220177103948,0.3636886515393123,0.4367695098388366,1.0808206817574588,0.676503092174157,0.6503192947803293,0.14902786717300173,0.16803298637969705,0.5062212761583265,0.12640579713202815,0.4591694281235083,0.44433587600101054,0.08475540478998622,0.19831471152764119,0.26868510236041127,0.2632823087822967,0.72347714877838,0.13193038020309808,0.4453941264303152,0.45688474964976844,0.8069721492202785,0.7921405740393997,1.2592572279615586,0.7590264619332208,0.85404021867219,0.17601802406773007,0.20259159080986902,0.781334794052133,0.24464653319686616,1.0765850381822262,0.145977519200435,0.09313824022682002,0.6251597586549292,0.5548828391060797,0.26297184792954936,0.8578766832103304,0.4637928479338335,0.18945294219484857,0.14865704129917273,0.6001041634732991
Bolivia,0.20588981301726092,0.09191982351514756,0.5111088088773318,0.6092308132861772,0.19602609182310474,0.07024368774785539,0.3349857182279276,0.7348340663149666,1.0,0.2302439604269754,0.15356828310641732,0.3385128257593212,0.38809332941643304,0.45482549962202035,0.8706031573528662,0.6090728792011907,0.7179538087780206,0.436114184330743,0.47448266199244904,0.6489002709374256,0.46041668917620915,0.4448662722290822,0.6468478877010556,0.9532271111697588,0.28698829031248985,0.24228361841248847,0.14667681325472182,0.46937542074109095,0.4120385657300423,0.8478793123116384,0.7073969293705475,0.3374312319709956,0.7485506217751684,0.32053419610559464,0.2734975310110354,0.2258269142649702,0.16481942135886563,0.2966103539255242,0.07628727432285906,0.28777587027273926,0.4022362595217122,0.5277872381081238,0.6255626425114774,0.4973127515303188,0.5353991503326169,0.41242062188869655,0.21450518773394997,0.17138168564486367,0.6921664161809713,0.09847572111650166,0.18272686218773598,0.16596490351595716,0.3631468320188436,0.39078287179350973,0.3895131076406025,0.4286642151726453,0.3841808156783068,0.09410693548586059,0.09541575098894921,0.6017655864929501,0.7049861552849844,0.23843285333904224,0.6342696266620044,0.5159605336968374,0.3181798849433251,0.7225674486141209,0.6355573847885077,0.5303219092531964,0.5400668764872442,0.08644861825525416,0.7725239416947443,0.3055772937400511,0.42617839666952356,0.15807197240555707,0.13147385027600608,0.6023905164942117,0.039846710220162604,0.1337184156235132,0.7119830568165696,0.5427353684762286,0.46689227572682634,0.5080804587937392,0.8974401962424312,0.6197483164355718,0.7458111549486731,0.12500618986219902,0.19536635646973718,0.514819214040243,0.128257966865993,0.2822609144616423,0.6191412348144208,0.8031940467536034,0.20853928933608656
Brazil,0.33925457180414254,0.2775304069599024,0.4054031013778786,0.4665672631270279,0.3993585681820498,0.20678406958696094,0.5087885890766959,0.5606854140332932,0.2302439604269754,1.0,0.21266584230502056,0.2554153552288625,0.5240336731477124,0.3835111162903247,0.7216609162916375,0.48568301164090505,0.5710545184556726,0.6103070482249529,0.35911923897507775,0.5154059009040959,0.29380341970802226,0.25621595909861344,0.4751165007182831,0.7823134703883458,0.20931643536581857,0.16497021970888412,0.1410415687369405,0.6464366464452385,0.30599462171847613,0.6629331824791471,0.5443897858649893,0.28553916753783487,0.5359558200665615,0.2411605065440622,0.18153929772643307,0.16804514397835751,0.2668569049280111,0.23574090896844493,0.16461949904767975,0.12700317689907625,0.255126785190858,0.3870404322019836,0.5029584196573726,0.3596722078879037,0.40663300230257793,0.6149261182142576,0.11154312648029008,0.08251190231594677,0.5519886896290769,0.24113747403613883,0.4065051953343032,0.3241530807576555,0.23964829173868518,0.2898868285946018,0.2716208370692342,0.22465940130531967,0.5302469573560064,0.2332672783710823,0.18808879803346928,0.42771525776261465,0.566221360993779,0.17307149277467837,0.47077938353621196,0.4244863958280415,0.24219172889115553,0.5367917137624539,0.5076504049360266,0.4154428616044469,0.4253331368865719,0.18795475275166454,0.6203561583243214,0.2196450445978128,0.21142355719241226,0.3510899012848738,0.29293459867483057,0.7135485362373455,0.26601213815844504,0.31953069143014434,0.5418391363693569,0.3880230160796151,0.5625599638330583,0.3614126877395281,0.9469446444501017,0.45574769759451644,0.586815444693342,0.11590665149341677,0.1832469971962833,0.31455441896806047,0.3337760230339064,0.2003479223827867,0.48817737411771017,0.6542369004833857,0.245287944866671
Bulgaria,0.3505925970142466,0.17200998308705834,0.4057886787359846,0.49439068854327184,0.32624875270970405,0.09053522177626884,0.47181737146761216,0.626431782617574,0.15356828310641732,0.21266584230502056,1.0,0.22948837452662088,0.5196583543009141,0.3296173879534856,0.7502631508773996,0.4856071449311033,0.5922086737933389,0.5664027999198529,0.3535224923746945,0.5247207582556819,0.35950019961781265,0.36238713364388053,0.5370898814268847,0.8373176967802541,0.18078467337817283,0.13943369569142958,0.09163466980610993,0.6024075168843304,0.3070679758918987,0.7431088312429143,0.5937382801388634,0.21951351280287704,0.6567058083789918,0.20524819380725187,0.16907536924228875,0.11586370590678316,0.10030730295472003,0.19714201313098184,0.158629221850772,0.19737212606345797,0.29772931229171534,0.40202475571092133,0.500581608945062,0.3804565642066644,0.4140014479622852,0.5475472785048309,0.14984104824617459,0.16085151055279573,0.578919345822331,0.11759969832956808,0.30106942081100985,0.243676710580823,0.25076442458532155,0.2712248632128853,0.27122038490874567,0.35919805372865826,0.5207617963000801,0.10592301394080683,0.07318863605206109,0.5037896804969394,0.5790954824087584,0.13205457433987963,0.5189816670947881,0.4088437812368412,0.20554070736938776,0.6150279753660798,0.5104548799794112,0.40649154216710726,0.4163801274983195,0.176433464816639,0.6505968354791833,0.21534762712932648,0.36935377982702816,0.2348387885576913,0.18609710592408032,0.732353721996414,0.16217736647330205,0.2667945675256351,0.5906376502205772,0.43098626675420937,0.48036305457961403,0.40715791984746685,0.8779948489030037,0.5058886776853949,0.6284473577587241,0.1223974607348067,0.09229791731119948,0.4239611411666494,0.2667641185551553,0.17882465903694858,0.5071180522505253,0.6841391078097148,0.12126928279889967
Burkina Faso,0.5014045580692135,0.32344742242304714,0.18539402641469183,0.2837124529835884,0.5316916572444088,0.27997268958544264,0.6683950253441744,0.42546881471087306,0.3385128257593212,0.2554153552288625,0.22948837452662088,1.0,0.7163356650707955,0.14153071365285702,0.5409996093998239,0.2766972502168318,0.40069301283070274,0.7710428479000084,0.14575254882764596,0.32482297822703626,0.1722235436924146,0.20111557609217212,0.3345096422985716,0.6351921954918782,0.07480017585569855,0.12135527854578483,0.20175663468738667,0.8041739354417552,0.08705929730928723,0.5441849125870927,0.3862843357068676,0.07272757912268157,0.5043774815953773,0.04334424532733676,0.08584813448257834,0.17742656412698002,0.2259040552504348,0.11914326443511852,0.3194660729739238,0.1937513273857667,0.11418815519249462,0.22386968540676672,0.2959129497081043,0.1807682730941783,0.20620864578372222,0.7348822826485384,0.16252450630130627,0.24900131881359572,0.366663745670104,0.26745503250563807,0.4985073517229376,0.35983327961282446,0.07269316869176201,0.06920525436114922,0.08555239145472701,0.320961796099558,0.7143680271735967,0.2633164366708338,0.25199568289358154,0.30132582657160867,0.3779947571405455,0.11749411979145234,0.3173898484558012,0.2857828190498317,0.038502217920180215,0.43025153374269054,0.3062597457655734,0.19935866754818243,0.20862816335997053,0.35532253053387136,0.4460729027790786,0.07089544889860827,0.3348552400958211,0.3915727598097412,0.40186466238552143,0.9221341315877706,0.35527326123267217,0.46655292689738814,0.42076093902801137,0.22639740115738163,0.449490900422021,0.19195809887183407,0.8828070949655077,0.3029599587025542,0.42114737598326973,0.2570852835441325,0.15123552245482272,0.2751963177304256,0.46186644711192965,0.07874114477947361,0.2883596628803574,0.4736318194054144,0.18148615799804643
Cambodia,0.2787034793972475,0.4432761040978094,0.8842954205705353,0.9692945159689857,0.23004252648245344,0.4488933513943247,0.13412645735053247,1.0728560369120983,0.38809332941643304,0.5240336731477124,0.5196583543009141,0.7163356650707955,1.0,0.8341067209357742,1.2261899981689535,0.9774143000357637,1.0688447641615195,0.14391330525396787,0.8443438967476369,1.0095814289694376,0.8067577642185543,0.7740885381606539,0.990336043175032,1.290682698804519,0.6597101624365824,0.6090171953344489,0.5170157756505727,0.17358165641298662,0.7846200455999206,1.1740869849265696,1.0560982998929953,0.7171459769972527,1.0308368131484045,0.6962252900175789,0.6424245624161441,0.5773417478371567,0.5448241434914439,0.6647787475130346,0.40050144960367856,0.6096842260545656,0.7581561616672832,0.8807488109764925,0.9928722468521028,0.8578421189930776,0.9012135744280483,0.26302158170048096,0.5693097494935775,0.49292268431244846,1.0519687339961108,0.4800264268090449,0.31193043978283647,0.4614482465910937,0.7271837854495594,0.7633840940629973,0.7551792430869985,0.6881584132973121,0.06795992606943024,0.4794403658267403,0.47368298433643424,0.9420057480928122,1.0644272977615865,0.6089985572463922,0.9825050119064936,0.8540549214197833,0.6952177765999387,1.0467217306136165,1.0007574623852007,0.9008523805375959,0.9109320130069247,0.3661441493109363,1.1260814994146693,0.6773428535832715,0.6738953401435724,0.4344642413005554,0.36607737799231516,0.22440629682693058,0.3857530243333884,0.2648543964467227,1.0400659347321342,0.8967733231771436,0.7629592337338351,0.8663396975089136,1.079823332590975,0.9684395265243941,1.096801553859269,0.4661166155436561,0.5736755779517768,0.8274455338039645,0.2843449457499718,0.6538872396346457,0.9850762485696214,1.1596511762402624,0.5852321639301398
Cameroon,0.6278820794156947,0.4342539960172198,0.12433942191853223,0.21757845869603915,0.6404965441086065,0.39219442295723733,0.7853303166830362,0.37221956900237047,0.45482549962202035,0.3835111162903247,0.3296173879534856,0.14153071365285702,0.8341067209357742,1.0,0.4480966304706906,0.17930317482976582,0.31033842824066293,0.8839694058029984,0.08903952886030365,0.22805262326314482,0.20455887829145666,0.27019036827402826,0.30326694552436534,0.5579199828223615,0.18495404664102988,0.23686301591025685,0.3240536230659512,0.9165734310372943,0.11779826943141691,0.4932470453394122,0.32305273491604564,0.11936089407580236,0.5062966178939763,0.147502526057408,0.2084221178375879,0.2812852650499701,0.3164281611916546,0.2203785207303829,0.4461801758627439,0.3037059586267205,0.17433221677895844,0.17194864518282135,0.19220726058564344,0.14333143718691443,0.1353783097774235,0.8400096269621653,0.2970886787185067,0.3830907117377916,0.28285700217733123,0.37431235482102754,0.598689378971097,0.4673888134455874,0.1537961072324103,0.09857082444750236,0.12652127817591222,0.3924967073934666,0.8352282481247738,0.3735932522072731,0.36446425255763965,0.2857566088589482,0.2825572023808085,0.23375297783816915,0.26641850451023813,0.2847413971731148,0.15275213146724118,0.3891267501672628,0.20725724515853225,0.10897173773620597,0.11463761073749797,0.47582859817398165,0.36022522263489193,0.18309266048514347,0.4195735503118382,0.4976198040486824,0.5082504833351548,1.0447747241949399,0.4652612243503438,0.5838502580572954,0.36255996209413366,0.19406690710617544,0.48698294933388714,0.18438165020924654,0.8969379593343257,0.2632540446894445,0.3483400011536753,0.3808470549188515,0.26413590394880426,0.30852518374728427,0.5773181810775898,0.19267027520754348,0.20891641784749018,0.38477292676119235,0.2879027638380619
Canada,1.018012388924863,0.8599385163009494,0.3846464590534176,0.27241141222992205,1.060657618935014,0.811517104342111,1.1945081066027945,0.19828738041946872,0.8706031573528662,0.7216609162916375,0.7502631508773996,0.5409996093998239,1.2261899981689535,0.4480966304706906,1.0,0.27214601349861595,0.18685374126022025,1.2947149541914809,0.4025483409385439,0.2356104935657173,0.4324646384871684,0.4841580145565226,0.27231108794064884,0.14077392085580157,0.5883393084768849,0.633918156481673,0.7279057478167662,1.3284955894911534,0.4697002447009021,0.1975832283834705,0.18576534944566617,0.5524301788560406,0.4004698681791273,0.5558993169125277,0.600853377390481,0.6729959591192279,0.7549265839723686,0.6092725117942224,0.8410844911244706,0.638012494894868,0.4795211930373613,0.3645647695196392,0.2592500806218999,0.38092561403705943,0.3403104160213798,1.2625020086722372,0.673401721830322,0.7516966124674415,0.19923801879818476,0.8028327980267144,1.0289199386405656,0.8858454162038312,0.512581139355817,0.4858112595348296,0.4866284409523159,0.6106878925720962,1.2313819314979093,0.8004743147517128,0.7818100114227412,0.3187304265230813,0.1803236469609637,0.636751174607696,0.25599161070232457,0.5185854917351788,0.560509906245789,0.25118260412982063,0.2462928561195304,0.3506804525237777,0.3414676881940825,0.870440577141921,0.1101066201608037,0.573706190060298,0.6343491460292375,0.9233030747191117,0.921421439441873,1.4193252619801258,0.8889617415649391,0.9943602057890873,0.26436924911375126,0.33844850801867765,0.8463890087021295,0.37980488091817144,1.1242022722730696,0.27590001896464755,0.1419433845335791,0.7709960291012246,0.681006129988431,0.4425089516401088,0.9941924572615976,0.5924150921027118,0.26459990730969285,0.07232101695116289,0.7095752364775048
Chad,0.7698185460748023,0.596181607828354,0.14176599145599467,0.09220384208717297,0.7993174709461315,0.5476019757544321,0.9379861874818956,0.21668278658471513,0.6090728792011907,0.48568301164090505,0.4856071449311033,0.2766972502168318,0.9774143000357637,0.17930317482976582,0.27214601349861595,1.0,0.14721293390984463,1.0385690742149238,0.13588054933925614,0.0664470329720197,0.21132453525866007,0.28126823162996295,0.1715671652491462,0.3808415451580551,0.3248162620792359,0.3732756895303664,0.46785753657158463,1.0722634494343277,0.21273168319332353,0.3296986831083366,0.15679516779960215,0.2828644291607129,0.3940219292492388,0.289783746555779,0.3402890066800522,0.4151755680320461,0.48603809985231666,0.35140459867125107,0.5861874527224037,0.3986081514151174,0.23624223503762887,0.13334062288438084,0.02615161194345234,0.13629839770517613,0.07984860620905554,1.0034386263902448,0.42072099091960125,0.5044558874044404,0.1295627684299731,0.5368970841489373,0.7650603247127058,0.6243293665375179,0.25505300191112723,0.21949631714127063,0.22582298139160362,0.4232999875451372,0.9807572870720215,0.5349828585271516,0.518380866728281,0.190146156052874,0.10880692434994839,0.3744797291450334,0.12488069062495187,0.31297560060647195,0.2944428531413027,0.2473433490250443,0.03487164127187138,0.0799579142890102,0.07035456344332601,0.6160432109326576,0.18216572833007594,0.314417286252213,0.4498900695946936,0.660271441489584,0.6605612919508741,1.1799244593737126,0.6249286904164959,0.7357645772589899,0.22747171136446587,0.12464694207763,0.6220405875659402,0.16057757452665256,0.9724988169848187,0.1365970146041273,0.17387972732920529,0.5164834976369362,0.4160077533341385,0.2771666427183305,0.733610657556702,0.3302169563705995,0.07558194877993157,0.20722961605985266,0.4436487583434
Chile,0.8777285975516365,0.7175026860485962,0.27543034752790607,0.16554303690362346,0.9049258995156205,0.6561512961274926,1.0419881405471734,0.15635769053864612,0.7179538087780206,0.5710545184556726,0.5922086737933389,0.40069301283070274,1.0688447641615195,0.31033842824066293,0.18685374126022025,0.14721293390984463,1.0,1.1403723695644492,0.2569985012464568,0.09028846830048208,0.29251923268054386,0.3543942501554071,0.18035554610752066,0.2669443798689568,0.43632273627619245,0.47765840591201336,0.5741863509296832,1.1755484426590201,0.33828121108254317,0.24036803648690241,0.1138989699992087,0.4044274470126559,0.3312418878692679,0.4062260841352028,0.44860124859042105,0.5105803884868872,0.6062385567852748,0.46559150056424725,0.6883890004625299,0.4799750029549376,0.33471606373492313,0.19549869795004976,0.13027248364245983,0.23420909521724645,0.19722197523752766,1.1178431432324623,0.5244509335119536,0.6023149937247652,0.14527598741337178,0.6542803172852384,0.878308193080083,0.7477787434741888,0.36061418933045153,0.3370876401063329,0.3322887259036085,0.452367158879343,1.0782432083910891,0.6524042607315912,0.6261101073535268,0.22624308058896306,0.05828710006506037,0.4815347590343031,0.1294837238242204,0.3861233310057407,0.41349817734419786,0.16874867299385704,0.11391047170822288,0.21077363321707254,0.20418363046803129,0.7122077108151542,0.08913847842176632,0.42996149982806664,0.4840578387256955,0.7835573614816018,0.7609716124468915,1.2661118109218557,0.7359969285098793,0.8399501649309142,0.1274978098885501,0.20096226340887086,0.7612341713337896,0.2623150435604585,1.054764099607801,0.1658053119683723,0.10804178114536639,0.6149788232695885,0.527066053208253,0.30468565011574905,0.8431012893975884,0.4410782849474833,0.17346860038813575,0.13253578758433104,0.5647868924500662
China,0.33366061683424886,0.4692610984454823,0.9425563145583581,1.0373764808688326,0.24787858687223688,0.4970082292157666,0.11383880507786735,1.1533267444194204,0.436114184330743,0.6103070482249529,0.5664027999198529,0.7710428479000084,0.14391330525396787,0.8839694058029984,1.2947149541914809,1.0385690742149238,1.1403723695644492,1.0,0.9056706326613677,1.076299521012223,0.8825831717994655,0.8546193340928172,1.0643464217094485,1.36935317830183,0.7203854240882064,0.6728032131512256,0.5778914580378731,0.04660870545038122,0.8442672921217236,1.2590971497306649,1.130453435948853,0.7687673194328976,1.1278566091989894,0.7536641450920701,0.7051639618974734,0.6407371827902889,0.5771554123332108,0.71761556774591,0.4661572271185351,0.686395453285852,0.8289849453699656,0.9511092382355034,1.054576382053263,0.9262691390692516,0.9651771751523887,0.17752845146529905,0.635829480965579,0.5649866620487459,1.1202151358932628,0.5177998439831158,0.31049991419488654,0.4779448980177051,0.792962645398693,0.8228483681748122,0.8196846922549672,0.7900735994080453,0.11248702069543075,0.517046383982825,0.5260729542363307,1.0205639254860968,1.1306723970866401,0.6700415769009598,1.0568934556758773,0.9041972262892956,0.7506450602786305,1.1334170185273402,1.0639777021409782,0.9606640672009176,0.9705057030372899,0.43872345319039935,1.1964107974923532,0.7389158258571271,0.7771954143464873,0.4348154818318217,0.40177013598652855,0.25074184820434386,0.42272988805917805,0.3080822903705307,1.1212918025295977,0.9690347928143693,0.7586077834006283,0.935660270424371,1.0709966836243436,1.0412597717970564,1.1691687323208528,0.5367894558041403,0.628131185911651,0.9172768114021923,0.3127807331680223,0.7155517560722489,1.049348496061225,1.2285471059481545,0.6203224789156916
Colombia,0.6381160634055588,0.4652046045901239,0.10068584054286162,0.15574431588129778,0.6657625521865339,0.41327453189027125,0.8046850066734899,0.30017445032087453,0.47448266199244904,0.35911923897507775,0.3535224923746945,0.14575254882764596,0.8443438967476369,0.08903952886030365,0.4025483409385439,0.13588054933925614,0.2569985012464568,0.9056706326613677,1.0,0.17970091898848037,0.12570789659543244,0.19764016395928088,0.22400398126527263,0.4991860399202509,0.1895181762701719,0.23797693570094322,0.3326145741755765,0.9395731098868738,0.09385763044931557,0.42127419397211546,0.25449325874819684,0.15502465287458692,0.4196810661056078,0.1549245691372701,0.2050079092318478,0.2837005858305591,0.35709249629214423,0.22794690989866934,0.4517596894743065,0.2754725485980967,0.11773367798071122,0.10017575017772297,0.15321606771846977,0.0649198368239767,0.06411997104461564,0.8728420378519485,0.2880276997714595,0.3731299912432408,0.23459058647837494,0.40463403292713385,0.6336013252982258,0.49825694911060564,0.12212415124441303,0.08440720859877404,0.09233505164837569,0.3335119892544983,0.8474986123636974,0.4023325585620945,0.38368356512306495,0.20600571565429024,0.23482638877183878,0.23906253926525203,0.18899886640298025,0.268835953708088,0.16134014114506678,0.30993042751234695,0.16267098761365506,0.05844968832359221,0.06835535527836822,0.4816547275262101,0.3058836846817249,0.18241240467768066,0.35887154891014145,0.5328649420051793,0.5291332082738305,1.048936429167823,0.49120685953006216,0.6015836428526131,0.29287831976384027,0.10935137780308075,0.5411318340401737,0.1111130412887909,0.9283694280502622,0.18511959984303727,0.286068142241575,0.38199986481117143,0.28125678442334645,0.22546709723043176,0.5998358609935549,0.1950427185632263,0.15959857298820512,0.33526433212020296,0.31667916567138316
Costa Rica,0.809338871017141,0.6422162787478595,0.19017538759881641,0.10522794791370711,0.8377672555089856,0.5874761797656738,0.9769465451378001,0.1814412418802282,0.6489002709374256,0.5154059009040959,0.5247207582556819,0.32482297822703626,1.0095814289694376,0.22805262326314482,0.2356104935657173,0.0664470329720197,0.09028846830048208,1.076299521012223,0.17970091898848037,1.0,0.23672751173160503,0.3056192635798193,0.17288495515620647,0.335882809357828,0.3640230545917691,0.40993550286377145,0.5062945786406536,1.110546051086833,0.2598411934526774,0.29044286216765863,0.12796574059676005,0.32640489210207735,0.36818047089935124,0.33219133837811865,0.3792956436682194,0.44985280826261304,0.5309362869490347,0.39609054136278893,0.6237609688903282,0.4277211253450775,0.2697021704951568,0.14323562347471946,0.04833920847439172,0.16457424412347432,0.1213073459290635,1.045410423036637,0.45968899625900134,0.5412915157705679,0.11032203186321925,0.5803001842252079,0.8062140209808231,0.6724622519621927,0.29258103903796573,0.26238726186319633,0.2628839325942561,0.4263091773772375,1.016618506274907,0.5790352566499034,0.5574445008005251,0.19410128396610485,0.06846238418840067,0.41273811318983716,0.11146422299621948,0.348044853461276,0.3393647630323622,0.20657213857376852,0.036734245733987134,0.13000306566202388,0.12199232681164218,0.6501696463699878,0.14135611898182104,0.3552882007116699,0.45667282038390977,0.7097143323461502,0.6989892793548228,1.2110465346589196,0.6657655821671704,0.7744291095001912,0.18035200562055556,0.14413475995581043,0.6756059507578969,0.1946085218237268,1.0073259334974531,0.1395818070806083,0.14099608913201137,0.5513654704444122,0.45644852649204426,0.2784519181782828,0.774414529904226,0.3690713672414054,0.09974509591832478,0.17227249039012832,0.4929319328970759
Croatia,0.6001831394941646,0.4660315415662779,0.17004583810261945,0.1803533016298244,0.6526978114995053,0.4074873819178081,0.7803249138777146,0.2798431585077267,0.46041668917620915,0.29380341970802226,0.35950019961781265,0.1722235436924146,0.8067577642185543,0.20455887829145666,0.4324646384871684,0.21132453525866007,0.29251923268054386,0.8825831717994655,0.12570789659543244,0.23672751173160503,1.0,0.09022967584555597,0.2002710822109591,0.5014533631993972,0.1977746474654249,0.22903364983015384,0.31589939420702307,0.9174966838565575,0.12675730140220842,0.39243004151296185,0.25583945567457805,0.21188563111912964,0.3405491933198797,0.18068768257388768,0.1972710471174528,0.27324538432948453,0.3821549041649185,0.23629754905598335,0.41992328183283517,0.2231061182598451,0.06748142368192299,0.13662909768769793,0.22906826354117563,0.09993127244528932,0.1392078757451338,0.8631454715359733,0.25296708923013395,0.32656950720288425,0.26599133626639637,0.4101824935143228,0.633229030326871,0.5034068105187424,0.11843772109394472,0.1368952951712771,0.11597942007489453,0.24172908214712704,0.8118011881946183,0.40552826258809477,0.3771111879478469,0.15082136792242026,0.28349132950542794,0.2353308418144861,0.18362352546501737,0.3094804191903919,0.1869272349253265,0.27228995540973755,0.22984588631464795,0.16193692951944672,0.16942768004038153,0.4502447930038087,0.33247953514512724,0.18439053056593624,0.2575540676282867,0.539610420569236,0.5205788044831361,1.0003136537957702,0.48565120302232273,0.5796584098831747,0.2878375737675252,0.09821429107041164,0.5875819943045338,0.09098162904709851,0.9583405639945741,0.16990599430257017,0.297594674269575,0.35024800875703344,0.28465677516647075,0.11540936532565496,0.5836462328152073,0.1974772303174681,0.20730020531244236,0.36440885643043375,0.33625065417395444
