Country Name,Albania,Angola,Australia,Azerbaijan,Bangladesh,Belarus,Belgium,Bolivia,Brazil,Bulgaria,Cambodia,Cameroon,Canada,Chile,China,Colombia,Costa Rica,Croatia,Czech Republic,Denmark,Ecuador,"Egypt, Arab Rep.",El Salvador,Estonia,Finland,France,Georgia,Germany,Ghana,Guatemala,Honduras,Hungary,India,Indonesia,Israel,Italy,Jamaica,Japan,Jordan,Kazakhstan,Kenya,"Korea, Rep.",Kyrgyz Republic,Latvia,Lithuania,Malaysia,Mexico,Mongolia,Morocco,Nepal,Netherlands,New Zealand,Nigeria,North Macedonia,Norway,Oman,Pakistan,Panama,Paraguay,Peru,Philippines,Poland,Portugal,Romania,Russian Federation,Saudi Arabia,Senegal,Slovak Republic,South Africa,Spain,Sri Lanka,Sweden,Switzerland,Tanzania,Thailand,Tunisia,Turkey,Ukraine,United Kingdom,United States,Uruguay
Albania,1.0,0.2202952961125247,0.6171650362544387,0.1224887457662869,0.261791975534963,0.14214071772448664,0.78422695293433,0.19551711167817196,0.316722738787072,0.3381036702783129,0.2316892483385571,0.6041401234697327,0.9479186994262269,0.8275606992676998,0.2306198069862631,0.6073077624163776,0.7646230417978975,0.5545981130207466,0.5218727926461562,0.7326944748178564,0.4380357448189919,0.3990835851173294,0.31111063840616343,0.25546420806867703,0.5315488646633431,0.8709945865842255,0.27408863771382813,0.7861496705615366,0.49542546065048787,0.4718421863014524,0.4221046167849243,0.3946232295725641,0.3411310641400617,0.4397949882421958,0.5139282112150626,0.6590635114830931,0.7476214894105272,0.6124641286803522,0.6583956963300762,0.22260074628746765,0.3496065490285922,0.2856802031928689,0.271741216344731,0.15891635853969882,0.23874335517272155,0.9824338889295994,0.5292740020445843,0.20335978817393652,0.2695089567405664,0.2827494178284956,0.6504182746632703,0.8172532044825402,0.7265293545134589,0.6635540371724625,0.46942489332296194,0.777681339745671,0.7550442620588924,0.6615384462172087,0.6698214134250836,0.2082411744629526,0.8650630640450265,0.4377758538928258,0.48667880865591384,0.2235204307278101,0.23803069924520034,0.19908208133112737,0.12192959179743,0.6403579461405088,0.516302989629948,0.5938993859850203,0.9104017424145958,0.7063403263971041,0.8263677781421551,0.27406785666337735,0.36735501665290254,0.578234995574464,0.1074243187665803,0.43021564600280476,0.7142006434720123,0.8860694651030383,0.37596676229247233
Angola,0.2202952961125247,1.0,0.4183924825834898,0.208065754784484,0.10513449903972544,0.3304595796656662,0.6119229052099721,0.0883721334436091,0.22884916865098534,0.16490996687984946,0.4185883055501992,0.3987403554738593,0.759588116091826,0.6438679426079454,0.41604169633034443,0.41446732924203905,0.5747177063278741,0.38614151663868757,0.3764836099176393,0.5645110470471371,0.25067028005254416,0.2239597991179541,0.14873130621923117,0.4423903867467834,0.3377982764005647,0.7071124965974461,0.48452676490579816,0.6082177651115187,0.29345915330594,0.27867398121062664,0.2417177980705019,0.23327051488637046,0.13003440300939517,0.25578305552925434,0.33858347183866805,0.4802067420954252,0.5528050405028629,0.4273490611937625,0.46798549521412347,0.3726123472102629,0.1950246269209123,0.1814375324756225,0.07247589016208827,0.16547281495363828,0.09775181871585686,0.8210122284189526,0.34409775565379036,0.40215218729822794,0.06853258200864606,0.1196409649390994,0.4797650441734967,0.6277638241240431,0.5506471339507221,0.49315897386600205,0.27583312669894433,0.6175044320270737,0.5619931908299225,0.46636458985641527,0.47393871585425035,0.16696738941072292,0.6806693326215701,0.24820578160996776,0.4099613845062114,0.09166078263717521,0.16841125961603626,0.07797739339919088,0.17780189721827525,0.46039293361733113,0.37090064213137774,0.41153404513829656,0.8313483544989339,0.5306051381882247,0.6451353258466125,0.15797976050255283,0.18122341307346537,0.43789624000694366,0.2526423995918779,0.24420775335819883,0.5214788504354931,0.6986601271596544,0.17765372567250773
Australia,0.6171650362544387,0.4183924825834898,1.0,0.6055511054824207,0.3861180959363586,0.7330313847646607,0.24451678352682762,0.44637386336093055,0.3866811645220341,0.3339890017304488,0.799532768378731,0.0785075575998396,0.353892793441637,0.26598454939729327,0.8204453014092562,0.08564861145476388,0.18479847490962656,0.16602720916678457,0.22769922306080279,0.23145993652292482,0.2024479552126526,0.25390567288139654,0.3320005585570225,0.8496774200231257,0.10109994650297222,0.34198824132124667,0.8782747641711975,0.22868262095353808,0.1484468711455746,0.1691157695953565,0.2242191811676519,0.30394905690055735,0.30822599183839544,0.23196323012825654,0.16318047291630577,0.1692920607095388,0.15539225161109252,0.11510527750884547,0.10511283007956501,0.7834051714894448,0.30503622500953426,0.3871493381738028,0.3646442509593398,0.5679627098970415,0.4194981741558123,0.4526880141998919,0.14477161195352967,0.795288696618055,0.367249841470185,0.3660174844882927,0.15885847461140312,0.23594009845232689,0.19692957902058641,0.23844627481898226,0.16801045609273618,0.28786201400004646,0.16787154297902862,0.09158347804163851,0.09302035673696835,0.47385135318719634,0.2867588796495184,0.1907879241868404,0.4102311009180126,0.46788410913956513,0.48335899914268293,0.4491817762980693,0.5623770749332804,0.132369898499076,0.44437940307493656,0.09733072131994638,0.8577445609020788,0.18898749591478436,0.25754370990354253,0.38728033928804073,0.2754801243516552,0.2574152551642916,0.6534477161045938,0.20979203217770265,0.11130817413642036,0.2944419132316151,0.27355671286990424
Azerbaijan,0.1224887457662869,0.208065754784484,0.6055511054824207,1.0,0.22568321724775026,0.14723530732782336,0.7733935930058465,0.1629797872185757,0.31122204313813084,0.2962764721698605,0.22200458736624315,0.5781185868250948,0.9330318426327181,0.8029197578873005,0.2214051610682538,0.5870564484239623,0.7422624349161006,0.5439478023757345,0.5246465572423767,0.7275246847783478,0.4153722489704871,0.3733066337771323,0.28684620020506857,0.25145759929263883,0.5196722788907072,0.8647565596634188,0.30697717879592956,0.7750854857702723,0.4685221257869907,0.4495672955533624,0.401471997448833,0.3548876799071655,0.3072246678077397,0.4233234506117736,0.5001202509432808,0.6344037025425898,0.7263729355994509,0.5933443707636016,0.6394342496277983,0.22591853971307163,0.33735236223042364,0.2797310498740469,0.24493231982833655,0.09061503019057829,0.25100115241094356,0.9700320054000151,0.5071344924096377,0.21381388470768695,0.24299396145511795,0.24684606934899161,0.645607041166849,0.795888778379811,0.7129665255663822,0.6499703317557055,0.4503656148771961,0.7634040131652058,0.733932043996228,0.6410082187724894,0.6493379955983479,0.1728694656611871,0.8485405503662905,0.42166201611896853,0.4759976520321342,0.21075489315023718,0.17494244681503482,0.15801591651575198,0.07238872169952826,0.6257363372400021,0.5347814017202391,0.5873997226828298,0.9129032404483737,0.6956433675259219,0.8136090641124789,0.24946938426580215,0.3390649920315031,0.5677660493111027,0.05781508039598716,0.4081976504081692,0.7021910810073458,0.8718462085051972,0.35713473157204806
Bangladesh,0.261791975534963,0.10513449903972544,0.3861180959363586,0.22568321724775026,1.0,0.3566937390977992,0.55323404275508,0.0678652718113184,0.1500711945976102,0.0867821672589695,0.4225677622485888,0.3585193089580649,0.7110959989967669,0.5824244162939846,0.4416333834601773,0.36298908813961245,0.5203055813889406,0.32338180557928864,0.3150379603661988,0.5079786514375015,0.19160887076276442,0.14994653466707306,0.0655352421083423,0.47336201686141127,0.29762103631123465,0.6473997535596506,0.5081113645938293,0.5530536553387305,0.24833976163942256,0.2252063738307534,0.17698014626597727,0.14299146381981898,0.107666435581198,0.21233305093983096,0.27761892326169235,0.41346710980983753,0.5037381511396473,0.3704037575554464,0.4154560818061779,0.431023627970769,0.12427332769551211,0.11171585645973159,0.06367663061842611,0.21119411901576773,0.1594392674002488,0.7555769581131262,0.28288542382101955,0.4186595032111549,0.05679793357496214,0.02349786133653273,0.42519835060844074,0.5733796362475465,0.4910644661333199,0.43738276980331825,0.22636841094621066,0.5480725087490669,0.5110308352486972,0.41743821132719444,0.42592608273481736,0.10600971645152023,0.6262763049762788,0.20030234354032703,0.31997181616331416,0.1654820194934841,0.11558696190455751,0.07483651031361009,0.1805746647382409,0.4025200994698157,0.4423641433542652,0.36511341677724884,0.8560565416479889,0.4739010844132205,0.5912217032071974,0.06664138151596537,0.11421148029385166,0.36070680237308217,0.2735658417137336,0.1844587015016393,0.47996577792505946,0.6494046037628698,0.14494441493010293
Belarus,0.14214071772448664,0.3304595796656662,0.7330313847646607,0.14723530732782336,0.3566937390977992,1.0,0.8926747095025537,0.29186730040890174,0.4106775895927298,0.43007041990951544,0.12234133251381289,0.7114975970045776,1.0569432509307803,0.9293563435368635,0.09928926605323628,0.7151435353482353,0.8708336500269174,0.662293394577276,0.6308826460117409,0.8401455763572228,0.5444464156960297,0.5009509557997562,0.41273098818548587,0.12673950948435844,0.6454639432813215,0.9790003724995111,0.16562601392146462,0.895200034224635,0.6019844924699688,0.5788462372696633,0.5275561111962949,0.4814621440565611,0.442734663001766,0.5453532528971801,0.6222237601260133,0.7602356716853037,0.85540326693236,0.7199741979902364,0.7662110177359922,0.17069564725462658,0.4531401355619422,0.3836479669332111,0.37660102404210266,0.21507536691102405,0.35057899836334316,1.0852693124722428,0.6342801614415285,0.08216244018310533,0.3736688242713061,0.3787064506959487,0.7624166801608869,0.922447855462262,0.8329998258306566,0.7599578748998965,0.5778878909237616,0.8794161978112451,0.8621518464123495,0.7696112483001959,0.7780922512582984,0.2858354968134073,0.971868676836393,0.5487255848782409,0.565379957310808,0.3149842765634366,0.2946317742330613,0.2919845746823849,0.18173428106057957,0.7482568917403459,0.6255570743349586,0.7083015952905238,0.970934443077021,0.8140475243841311,0.9347252994193571,0.36872826672722797,0.46950508078901654,0.6775482146698336,0.09049319656563,0.5369370312810784,0.8280550549440665,0.9954340241808263,0.4797076693665609
Belgium,0.78422695293433,0.6119229052099721,0.24451678352682762,0.7733935930058465,0.55323404275508,0.8926747095025537,1.0,0.6153500506314734,0.4968508400818766,0.49349391230276657,0.9392441945928773,0.26949721586073583,0.19496335244670449,0.10756462701932393,0.9788811638675396,0.21504543692405584,0.11494137674355064,0.23579512663028987,0.28164771656242327,0.1052548712649906,0.36944251026510805,0.40491173942720754,0.4903632775872852,1.0123955608549546,0.28600510771352267,0.10766667374421648,1.0231975368041535,0.050225705721763506,0.34250803311039785,0.34086635136877436,0.3783345857081005,0.4352422668505156,0.5051376785088029,0.3928343425182109,0.27908953156676997,0.15939061793839876,0.13895065411616805,0.1947009543449152,0.1651464605191662,0.971531662661411,0.4468562362300051,0.5181265752933927,0.5536874722939558,0.7546432918401286,0.6159592025714185,0.21895560974182388,0.27698889592768966,0.9425964175713489,0.5534052629170076,0.5318219010927844,0.1412963104422164,0.11101132554062265,0.07437920639405282,0.2541656091054115,0.3438171556678304,0.0825044581788798,0.12577027386037737,0.18089296407735844,0.1783208846263942,0.6157410919613197,0.10854031415032524,0.3706134119980783,0.41967433549850414,0.6624454328971148,0.6311793649237838,0.6248874577529108,0.7207224983315433,0.1567722993299772,0.6772701466353962,0.2087061032116234,0.9720798600716726,0.10706992214496495,0.07433245900463006,0.5300825424771843,0.4440990415752593,0.2421373335797166,0.8169276039772649,0.3752925532118632,0.1516562599318059,0.1393162548704006,0.4550076152304496
Bolivia,0.19551711167817196,0.0883721334436091,0.44637386336093055,0.1629797872185757,0.0678652718113184,0.29186730040890174,0.6153500506314734,1.0,0.17878845388070888,0.1478131135067338,0.36230910214007933,0.422250691448266,0.7749144154554931,0.6477653398334382,0.37772453962627034,0.42758459999786924,0.5851642942089488,0.3846079170078876,0.36893296589902036,0.5689157991589694,0.2554822782720074,0.2145324996205502,0.1265803400768741,0.40879800248195663,0.3586547250438583,0.7081349662661752,0.44418285039249544,0.6159331014303211,0.31185843333623725,0.28953218806139475,0.2408135696068074,0.20713902545876783,0.15934305718712372,0.2693096899136288,0.33975607462498053,0.4785740854545932,0.5684605162774975,0.4343795129992705,0.4800539627375782,0.36662958327492573,0.17920573985029425,0.13921218855748008,0.0951312507520218,0.15506360820425133,0.14828915892664826,0.8169547988636577,0.3478954480674975,0.3554656509168998,0.09050915149713303,0.08949828781617578,0.4854901515658516,0.638553322609748,0.5543615998003553,0.49813914884359933,0.2897104142271884,0.6096044637102063,0.5759312693315981,0.48209289795474874,0.49050012267832993,0.08069492393571595,0.6905272732267499,0.2610630833463667,0.35744884974531227,0.14192070906107612,0.10252922209523828,0.026304309214918227,0.11908437990628562,0.4660025101833115,0.45041455636120264,0.4257551933032698,0.8649189436712809,0.5364824488358019,0.6546614507192315,0.1022372202861194,0.17959890731166436,0.4175248493147005,0.20914427246960193,0.24806284196004982,0.5422044486842318,0.71312306394283,0.20148811208883333
Brazil,0.316722738787072,0.22884916865098534,0.3866811645220341,0.31122204313813084,0.1500711945976102,0.4106775895927298,0.4968508400818766,0.17878845388070888,1.0,0.16429952770429251,0.4532017048180179,0.37326172049527306,0.6739985463948327,0.5433280697236116,0.4977109874666587,0.3481529645504698,0.492891000705975,0.27071093116921724,0.23256302351286787,0.4441866852091287,0.2022819490216878,0.15577283751161058,0.11803978818327741,0.5330714391896296,0.29520348233006805,0.5786977305545817,0.5356088808874563,0.5030544257889175,0.27537917005807616,0.23370298032562292,0.1751079180819568,0.15034476512236583,0.2192108866034628,0.22671784769240985,0.24185735673068673,0.37427584425493476,0.4841224658525794,0.3423756583676534,0.3912042315032292,0.521140185497282,0.10467432170625053,0.0672149684157281,0.19402926744416238,0.32817640931748,0.24691946656267247,0.6858422531882596,0.2643524174225127,0.4546330497849193,0.18876714341727813,0.14468917584946867,0.3701225158481485,0.5408517856777272,0.43913823476012753,0.39077201789325283,0.23384184518688333,0.4774671122341966,0.4874717476705751,0.402395729820375,0.4116044944879859,0.1437551065977248,0.5840479497245794,0.21376166620132753,0.19178504634152743,0.28245822979372276,0.19234057288571,0.2005911405905372,0.24944065312520025,0.36155230489180123,0.5325996986706882,0.33301355377761277,0.9016214663598736,0.42225440205280723,0.5448691695194257,0.08877481592846007,0.16167741834537522,0.2718764650299513,0.34313848933063107,0.19403511482251995,0.45941525079638845,0.6119424441314805,0.19831973540661255
Bulgaria,0.3381036702783129,0.16490996687984946,0.3339890017304488,0.2962764721698605,0.0867821672589695,0.43007041990951544,0.49349391230276657,0.1478131135067338,0.16429952770429251,1.0,0.49052997434934803,0.29691276839631325,0.6482253329608252,0.517657878842118,0.510074561959143,0.3023429381473743,0.45681777495059156,0.2709859686019587,0.2778344801316113,0.45284858439059017,0.14312271633712298,0.10385225910265565,0.06909329810151918,0.543664104128084,0.2456296443328979,0.5897332527570903,0.5787639216475899,0.49367919521034204,0.19308738342601522,0.16985538870697153,0.12855102591136694,0.09365578770082669,0.09560671977194125,0.1677844636158037,0.22261788027190424,0.3492440666166177,0.44033741478728405,0.30858966363490825,0.35376899294797187,0.501611605838754,0.10864751737878839,0.13318004327188654,0.1130454643203399,0.27459651881053276,0.2243724140166464,0.6963937863598234,0.22364304433141302,0.48920005737159644,0.10191537357745373,0.0689043237508692,0.3709890238953259,0.5090092549674292,0.43113121819252326,0.3948485766142985,0.1743735412534201,0.49001613277455597,0.4472733919890915,0.3552492900594113,0.3636545359752066,0.1701812659542039,0.5630389804278432,0.1617516208412105,0.29819494020125287,0.21639509467395723,0.15814189549571417,0.15160427385800926,0.25049955153800096,0.34375456713584773,0.4636694894694028,0.3133413634826556,0.8460943552267763,0.4135907059069531,0.5293381363331007,0.10467721764148089,0.07346121078779454,0.31330387198832477,0.3453763328881149,0.13696364275735465,0.42295247337716735,0.5876352244146046,0.11691552852062664
Cambodia,0.2316892483385571,0.4185883055501992,0.799532768378731,0.22200458736624315,0.4225677622485888,0.12234133251381289,0.9392441945928773,0.36230910214007933,0.4532017048180179,0.49052997434934803,1.0,0.7762988273836962,1.1106778094391547,0.9759341338567038,0.10734082023066834,0.7740463634465771,0.9230854682668749,0.7137190893387235,0.6802230419572257,0.891499824703762,0.6046665242422825,0.5576320481526564,0.47369397533676605,0.1357773054051312,0.710546043121762,1.0212931676386892,0.13629442413530946,0.9457535867775169,0.6663130392396268,0.6410256616019734,0.5867295572809332,0.5332782984457,0.5177921341344238,0.6127817106738023,0.6770487546773757,0.8075379884970412,0.9123518092858044,0.774244505680555,0.8231325018863621,0.24590033834708835,0.5132532979976677,0.4393045957174716,0.4527305066233542,0.30034213197720244,0.44337550141026427,1.1205475646919327,0.6902874903816806,0.0645402479178772,0.45089465495340914,0.44206418889030547,0.8146645235443798,0.9750850764347195,0.8825085183575264,0.8176878507099555,0.642116078299369,0.9172543024412089,0.9179645329646282,0.8288108046907473,0.837674085223896,0.33379148440266354,1.0228235082708361,0.6125243830261892,0.5794664898633478,0.41688189402078696,0.3527648111327617,0.3661382878325803,0.251430090916889,0.8013433500413976,0.7269446920988333,0.7678650133240845,1.037344428437923,0.8660579735761502,0.9862674999567793,0.4213420959448133,0.5325586113272964,0.7141691314240959,0.17372474535770208,0.5969331425447741,0.8885315348906574,1.04952960263196,0.5563035897105015
Cameroon,0.6041401234697327,0.3987403554738593,0.0785075575998396,0.5781185868250948,0.3585193089580649,0.7114975970045776,0.26949721586073583,0.422250691448266,0.37326172049527306,0.29691276839631325,0.7762988273836962,1.0,0.3768502997679859,0.27047800903926134,0.795475456251389,0.07430997680878046,0.19313080155099668,0.17062160462448098,0.24403585856436213,0.258486654889286,0.17901758616878424,0.22798064904155452,0.3083794907375433,0.8256475354199286,0.10256309127172253,0.37172659513919165,0.8609672442900543,0.255733452983634,0.11227575674719506,0.14267952010551968,0.2020014093119276,0.26699820862610996,0.2771898060416462,0.212471825979393,0.1560763625301846,0.15748141414274816,0.16461980289328443,0.10993028405180652,0.10922857552571172,0.7621509353307862,0.2880636786659905,0.3706201791826169,0.34104897770948145,0.5395964066494306,0.41166908947445985,0.4753610386558317,0.1213404012143282,0.7742537896104122,0.342451709951838,0.33765765293759575,0.1893168597712803,0.24593256923363524,0.2148829734658742,0.24639707710797926,0.1468448173039582,0.30324392359187896,0.176932263176023,0.0911183258031155,0.0946937441654151,0.449438176423285,0.3056438399406978,0.1774572880637059,0.40079271938208993,0.44560116858264287,0.44812386751437366,0.42303796661631565,0.5370451941226949,0.14409024016769353,0.4591694400315623,0.12898975408730154,0.8538817351040667,0.20811182426306013,0.28141345032115256,0.364635671957902,0.24724843501756003,0.2603357544071437,0.6286502477321163,0.18703105331884046,0.15060473007339747,0.3191339056322007,0.24936969059983688
Canada,0.9479186994262269,0.759588116091826,0.353892793441637,0.9330318426327181,0.7110959989967669,1.0569432509307803,0.19496335244670449,0.7749144154554931,0.6739985463948327,0.6482253329608252,1.1106778094391547,0.3768502997679859,1.0,0.16104514686392563,1.1425919348873144,0.3513376226190503,0.2010433679963604,0.40763385900518695,0.45971626754633743,0.25589735104066375,0.5232854970200871,0.565451194838862,0.652003739834014,1.174562992301199,0.42685033460070976,0.17500558302627667,1.1933104838620625,0.17874233395824532,0.4775642356996506,0.489260194495387,0.5372014637438748,0.5952672220734435,0.6458951956414049,0.5411382167657927,0.4436551466185255,0.31570833353601996,0.21538909143768606,0.3473777733095956,0.2980422255004675,1.122772725139112,0.6123201699684547,0.6887870303916518,0.7029007041558755,0.9047319238531212,0.759937168546034,0.19949302536326774,0.43134151147992916,1.1117356986605396,0.7033611317497729,0.6898684320121465,0.3137956254540114,0.14577520197450194,0.2397133557930007,0.36702830590682667,0.4905416828054348,0.24834845352558516,0.20556293101612358,0.29869758462731916,0.2910798315955982,0.7848460225141132,0.09617831205101728,0.5214399414463071,0.6078356309156564,0.8038224582132949,0.7910043404183303,0.780649469459338,0.8841924891141874,0.31689314298245536,0.7568803551753969,0.36060826542572716,1.02903078977804,0.2615597194979789,0.13583589801684237,0.6982452003304649,0.5986398607345753,0.43030899618979734,0.9792183227099895,0.5303131327596036,0.24544613510488394,0.06670004253788822,0.5983968706986422
Chile,0.8275606992676998,0.6438679426079454,0.26598454939729327,0.8029197578873005,0.5824244162939846,0.9293563435368635,0.10756462701932393,0.6477653398334382,0.5433280697236116,0.517657878842118,0.9759341338567038,0.27047800903926134,0.16104514686392563,1.0,1.0129031683146474,0.23392462551819224,0.08447183367973528,0.28473089149545194,0.34563510554049637,0.17689689648400103,0.3974780872328869,0.43488750312172264,0.5235369946246196,1.0460949579488175,0.3195003378125674,0.15904376046452706,1.066798463881788,0.10012037406368089,0.3582502697277436,0.3668540983296174,0.41066497567231214,0.4588004557460872,0.5260055330100971,0.42415739343831294,0.3200561554725,0.17380949074597635,0.11853248789636098,0.22347346730840917,0.18263521348692965,1.0027683053816312,0.487279395509697,0.5622320536054969,0.581567208262333,0.7801744227444442,0.6510496494079382,0.21989499064837384,0.3034691876253421,0.9816451965285032,0.5822778416063563,0.5604302895974487,0.21080917785222136,0.05570477250223874,0.12674980846276676,0.27121098798240945,0.37139985060540714,0.13624126906831008,0.10455280831668178,0.18904234347258211,0.18411334585387396,0.6507258737278219,0.07863725121210045,0.4017518242904513,0.47164032412717793,0.6919283175541823,0.6576106169846804,0.6541506157108722,0.7549052213748326,0.19639497195943234,0.6994264934799068,0.25726087510291784,0.9830521565405596,0.16217318803104813,0.08984664589249163,0.5662206086108645,0.4715859242747589,0.2990073803178238,0.8499191645675684,0.4046188062611495,0.17027997598860312,0.11375705500790831,0.4836709114606059
China,0.2306198069862631,0.41604169633034443,0.8204453014092562,0.2214051610682538,0.4416333834601773,0.09928926605323628,0.9788811638675396,0.37772453962627034,0.4977109874666587,0.510074561959143,0.10734082023066834,0.795475456251389,1.1425919348873144,1.0129031683146474,1.0,0.8012232061469907,0.9553465122443825,0.7498382031484779,0.7207070331269086,0.9284907349702675,0.6308290298209327,0.5866849716891246,0.4993319101409556,0.04373461799515498,0.7332060001859166,1.0650601769329961,0.12308115233780047,0.9820759959968477,0.68661243330351,0.6649522213416015,0.6142635639045632,0.5637602415808668,0.5257143659962463,0.6321073614428917,0.7091571511505821,0.8442612060446409,0.9404590319112155,0.8056799458130572,0.8522869983590118,0.16705746267668634,0.5419949875122102,0.47184529564768213,0.46224077924247364,0.28095991573084966,0.44249772700779244,1.169118553699605,0.720082550157228,0.07565349266457869,0.45914913631617976,0.46305022966024767,0.8506260792481093,1.007221739984718,0.9195152536919519,0.8494435857858061,0.664739012522744,0.9640182046509695,0.9472464192871667,0.8552663785076919,0.8637558484377361,0.3697219444543209,1.0573777954367327,0.6367972033366893,0.6430959547316555,0.3979069765219821,0.370744996072192,0.37594779643027515,0.2644190122222136,0.8351452192891835,0.7020205431036045,0.79722315540906,1.0180697292328134,0.9006723954650357,1.0211033144091815,0.4545430191997945,0.55495904806903,0.7628112985815663,0.1695285395702274,0.6232747106295582,0.9154130108050039,1.0817770894110073,0.5674965351805544
Colombia,0.6073077624163776,0.41446732924203905,0.08564861145476388,0.5870564484239623,0.36298908813961245,0.7151435353482353,0.21504543692405584,0.42758459999786924,0.3481529645504698,0.3023429381473743,0.7740463634465771,0.07430997680878046,0.3513376226190503,0.23392462551819224,0.8012232061469907,1.0,0.1627884690819012,0.10759859692070733,0.18509871369509434,0.1949483981730712,0.17395790776922168,0.21868966158146189,0.30520533959443574,0.8329660451970131,0.0908588257403095,0.31743616166843414,0.8587087860032454,0.2055703577940791,0.1316226003149589,0.1388351188939839,0.19016392734603618,0.2563821230066007,0.298771532026258,0.21002971121057915,0.11244657541222951,0.09692411499890309,0.14274782477874667,0.04725985792771157,0.05526830210914832,0.7802559451861515,0.2725968806351926,0.3541589863846504,0.3549185669481046,0.5584816114636947,0.4236644007566761,0.4261989711778868,0.08677217457590936,0.773520967777231,0.3552562844451664,0.3415741988898188,0.1210269556784727,0.2151085243934516,0.1540878730400812,0.19946783975221216,0.14236783871770614,0.24014742153415372,0.14978876675552205,0.05616891971740334,0.0650981111512318,0.4433583862340157,0.26970127653390924,0.17478813346243444,0.3485383787232404,0.4638708499064293,0.4494164672624553,0.43260107966522626,0.5399068828823136,0.07247166276939396,0.502160563664286,0.07237527508305872,0.8769944741839315,0.14644512328650205,0.23827183566547716,0.35593608153238004,0.24925394247178306,0.19266928746967044,0.6347598431062119,0.18149305341818925,0.1253520361979454,0.2896584510032707,0.2563664305432817
Costa Rica,0.7646230417978975,0.5747177063278741,0.18479847490962656,0.7422624349161006,0.5203055813889406,0.8708336500269174,0.11494137674355064,0.5851642942089488,0.492891000705975,0.45681777495059156,0.9230854682668749,0.19313080155099668,0.2010433679963604,0.08447183367973528,0.9553465122443825,0.1627884690819012,1.0,0.23144260423987267,0.2992666214095737,0.16599364025436242,0.3315540945143667,0.37372463292354935,0.46213643064625887,0.9875241101894254,0.2465563215521249,0.20278384592151408,1.011732649651643,0.09972303815648141,0.2860942943446771,0.29914825116351534,0.3478277870855134,0.40507564096406984,0.45651310526300753,0.36115170643317795,0.25988355759191106,0.12933262533110654,0.042290727944951124,0.15860035068002595,0.11290948462829209,0.9363706041750482,0.4287659831708122,0.5073401119986789,0.5137829388273737,0.7142699406946068,0.5816044316698438,0.2890055557966254,0.24057359090304356,0.9264132625244108,0.5151657812000707,0.4983162822257365,0.1638289466116811,0.06552130895167672,0.10298863980819449,0.24493026367424048,0.30358598989262203,0.16286191868558358,0.033539605310062455,0.11400071940080601,0.10761225765989454,0.5952856778740614,0.1226321046253687,0.3329470402442108,0.44648656809469095,0.6241717570814995,0.6026207693660276,0.5903218434741311,0.6959626682700496,0.1400963252632402,0.6195375553477317,0.19023681258374428,0.9415773624080902,0.1307126308398501,0.11084686718175249,0.5090608347318777,0.4074366280776009,0.2700252443371295,0.7903235580717073,0.3389640709372859,0.09381540122289453,0.14332202741766628,0.4178035773163825
Croatia,0.5545981130207466,0.38614151663868757,0.16602720916678457,0.5439478023757345,0.32338180557928864,0.662293394577276,0.23579512663028987,0.3846079170078876,0.27071093116921724,0.2709859686019587,0.7137190893387235,0.17062160462448098,0.40763385900518695,0.28473089149545194,0.7498382031484779,0.10759859692070733,0.23144260423987267,1.0,0.0873830848303215,0.19176125915532524,0.15085584969381327,0.1780154736658436,0.25950094597036033,0.7833250209362713,0.11216590880855322,0.32709017739315843,0.7961163737102376,0.23761901666647506,0.15850325588619027,0.13103920333769353,0.15079205468842793,0.21267826543907273,0.2887252264039454,0.1901313331573168,0.054915749304158386,0.12485267534438592,0.22362159232906753,0.09623764373338761,0.13257733937510643,0.7452617936314528,0.21308742017112842,0.2864748758735081,0.3283876043872075,0.5293590219501969,0.3935746004977471,0.4413329575846307,0.07725733526393974,0.7142370384154756,0.3269853416638167,0.30284552869889486,0.10727338463427202,0.2766516694044305,0.17452324673265482,0.19742634323571642,0.13245066329552918,0.23542461172106224,0.22476483129420186,0.15021169707914042,0.15940482476782075,0.3858439955985071,0.31838894903277537,0.1561620906154062,0.2511836867144478,0.4398101785396397,0.40319875162696445,0.395407822700884,0.4893431168467185,0.09433982846909202,0.5305678395552732,0.0854391781267183,0.8936851743345948,0.15901601619684627,0.2787152102445468,0.2988097342295973,0.218384562517766,0.10169565076159083,0.5865394411778388,0.15460753331749574,0.20015680068318156,0.3449086912648281,0.23428723439530685
Czech Republic,0.5218727926461562,0.3764836099176393,0.22769922306080279,0.5246465572423767,0.3150379603661988,0.6308826460117409,0.28164771656242327,0.36893296589902036,0.23256302351286787,0.2778344801316113,0.6802230419572257,0.24403585856436213,0.45971626754633743,0.34563510554049637,0.7207070331269086,0.18509871369509434,0.2992666214095737,0.0873830848303215,1.0,0.22248795301940916,0.17707240503824206,0.1882957691685496,0.2509477864529438,0.7541854901065904,0.16822980722153308,0.3588458242030808,0.7560749775099589,0.2862048124752414,0.21028646589777283,0.1718734932542769,0.16650187406649228,0.223082358166509,0.30188363593895495,0.203651260619541,0.10484247227382269,0.19647266394094523,0.29368316599017985,0.17099861481630177,0.20677019919976078,0.7241611428210445,0.19660249554966014,0.25499746840025567,0.32586092645205517,0.5190636092791935,0.37479613802820727,0.47491973426453393,0.14272350395911976,0.6789611068687433,0.3234300675071978,0.2976824005219224,0.15507485287021358,0.3392276885330646,0.22727440292009973,0.21576471508712855,0.16846756835049567,0.2715058646755416,0.2935849838293228,0.22579869448912485,0.23385278220911432,0.36200054323184444,0.37207575217141636,0.17765034584715847,0.213857483653795,0.4280751866949223,0.3906058413616102,0.383527268272794,0.46589061086887723,0.1643120565235783,0.5418369099134308,0.14513377257320054,0.9032127246082842,0.20853173195334893,0.3284402032550966,0.2797701023355676,0.22695517070552687,0.10097862314877465,0.5614518376241077,0.17733467031919384,0.262987368590528,0.39817067744846246,0.2398739426235202
Denmark,0.7326944748178564,0.5645110470471371,0.23145993652292482,0.7275246847783478,0.5079786514375015,0.8401455763572228,0.1052548712649906,0.5689157991589694,0.4441866852091287,0.45284858439059017,0.891499824703762,0.258486654889286,0.25589735104066375,0.17689689648400103,0.9284907349702675,0.1949483981730712,0.16599364025436242,0.19176125915532524,0.22248795301940916,1.0,0.3334117091310931,0.36476091899794466,0.445117969587698,0.961987557451991,0.25323918469333523,0.16428796431715068,0.9681018790676025,0.09736851136099783,0.3162584198275898,0.3047667940098314,0.33611950578593985,0.39115533535031094,0.46597816902451217,0.3489567715422241,0.23837395914503556,0.157441714023173,0.17033844449698726,0.18126217081571452,0.1543948817235048,0.9259812304776314,0.393553722932623,0.4620141405822168,0.5105050806944186,0.713088673221343,0.5623816675063735,0.28724204931345293,0.24355924432016696,0.8903204715980951,0.5081886379239572,0.48836420119602947,0.10544912379536776,0.164156913678783,0.07254458024578792,0.17993606324514844,0.3027331377464692,0.1253149315588605,0.15953365781292847,0.174583128675415,0.17505191742001514,0.5685373606231027,0.17261022479042135,0.3335407116436794,0.3777497408968595,0.6086644410577492,0.5807901025838205,0.5796168028779063,0.6706277038078525,0.13160949386811227,0.6455438682295237,0.17507068582730498,0.9558348774163227,0.0665727425835908,0.12903298343745404,0.48337596910710784,0.40251659916773597,0.20284229369223006,0.7679980274831119,0.3382224005954148,0.16529319864217712,0.19979239704043716,0.4008277291263815
Ecuador,0.4380357448189919,0.25067028005254416,0.2024479552126526,0.4153722489704871,0.19160887076276442,0.5444464156960297,0.36944251026510805,0.2554822782720074,0.2022819490216878,0.14312271633712298,0.6046665242422825,0.17901758616878424,0.5232854970200871,0.3974780872328869,0.6308290298209327,0.17395790776922168,0.3315540945143667,0.15085584969381327,0.17707240503824206,0.3334117091310931,1.0,0.05318122502218135,0.13437465287289663,0.662252407837336,0.1160837173590602,0.46766110784503945,0.6906893445866142,0.36738096660600494,0.07456183419559198,0.04045684635214197,0.033344592839756715,0.11444943375853094,0.1420599704831412,0.11339614296409853,0.10211225446783725,0.23210489199187778,0.3150118059246306,0.18321877255044466,0.226878036914902,0.611801767163112,0.11873459040067315,0.19924898482863862,0.1868833863504423,0.3903344104227262,0.26888018164213995,0.5768908781978191,0.09735602936730502,0.6038234731446516,0.18816897677067232,0.1700684330796062,0.2456307365794367,0.38629673826656824,0.3080092480873708,0.2854907764006638,0.05051436235303427,0.37362850599348935,0.32252259217110774,0.22907928362031116,0.2376137963284958,0.2746550584416476,0.43940125214160647,0.03378787197200614,0.28049745139908,0.30938913979329125,0.2876380425000446,0.2611785636313588,0.3695867595469437,0.217075806694437,0.4345599769769561,0.18074255130414996,0.8504979906504162,0.294357744972146,0.4051465505098035,0.18837634943101983,0.07917864985084302,0.2183523613391582,0.4631929975316226,0.011909032792697912,0.2903868348885794,0.4610444836562368,0.11806430183203365
"Egypt, Arab Rep.",0.3990835851173294,0.2239597991179541,0.25390567288139654,0.3733066337771323,0.14994653466707306,0.5009509557997562,0.40491173942720754,0.2145324996205502,0.15577283751161058,0.10385225910265565,0.5576320481526564,0.22798064904155452,0.565451194838862,0.43488750312172264,0.5866849716891246,0.21868966158146189,0.37372463292354935,0.1780154736658436,0.1882957691685496,0.36476091899794466,0.05318122502218135,1.0,0.08960887657771839,0.6193528625031129,0.16386057639179602,0.5005367296416747,0.6455248307233293,0.40522828375367254,0.12368343520839781,0.08780930864126668,0.03444113748066411,0.07224412349080778,0.1288598744207595,0.12281095723320969,0.13179007222700875,0.26525809802176975,0.3595429452724478,0.222989418820748,0.2696224390261784,0.577135169856808,0.07776999159706394,0.15240433708576073,0.15978952979426594,0.3557792010938473,0.24955060619368322,0.6084161623286147,0.13530166829192514,0.5580084925988904,0.15877023797097775,0.12811927261678843,0.2800404677122966,0.42700005956205667,0.343044580463451,0.3115593327898577,0.09418402452286866,0.401244169403864,0.3658525254666804,0.2741338611594224,0.2830217981681122,0.22567449755189684,0.47894824070701986,0.07617502717817468,0.2515626857128618,0.283344486287574,0.24014015794235288,0.22279764179743147,0.32475344593767586,0.2543442953495623,0.45636308638557316,0.22281539114855867,0.8588716655581613,0.32852035147623115,0.443935764330596,0.13907229354424475,0.04685807737130274,0.22635423303513036,0.42001248973639316,0.04645236984948992,0.33772075106233135,0.5032052222137122,0.10894943664469199
El Salvador,0.31111063840616343,0.14873130621923117,0.3320005585570225,0.28684620020506857,0.0655352421083423,0.41273098818548587,0.4903632775872852,0.1265803400768741,0.11803978818327741,0.06909329810151918,0.47369397533676605,0.3083794907375433,0.652003739834014,0.5235369946246196,0.4993319101409556,0.30520533959443574,0.46213643064625887,0.25950094597036033,0.2509477864529438,0.445117969587698,0.13437465287289663,0.08960887657771839,1.0,0.5318433695839199,0.2409072374069277,0.5838162431377928,0.5585558182456312,0.49098337522323304,0.1991474014871341,0.16917628210843616,0.11602822957910891,0.09888350625224678,0.10359076407150898,0.16504356387834052,0.21466145541475104,0.3534852215859007,0.4467391661097452,0.31019384775274617,0.3566042768526194,0.4915049987686014,0.06661207477125537,0.09134102162895609,0.09270671997701621,0.27375200062210975,0.18574443430001483,0.6930419625477334,0.22321278605404474,0.47121627696223145,0.08804942907063958,0.04742082853212462,0.36150530278346654,0.5149272257310075,0.4288126104571444,0.38243698914472757,0.17074354407823483,0.48506575296503257,0.453394130400004,0.36045624635065765,0.36916949423840806,0.1438536865281634,0.5661359157516286,0.1447488156464333,0.2741185928212865,0.2110181259485869,0.16379791801832505,0.13747229906644645,0.23679683649095962,0.3406371552733517,0.44597020794460246,0.30384720533011544,0.8544245838583645,0.4118173075092531,0.5300317738308911,0.06181845925681315,0.06313525478229831,0.29753552354984564,0.3321991306853169,0.1265540056780688,0.4219309866562268,0.5898328449339049,0.11166321338314136
Estonia,0.25546420806867703,0.4423903867467834,0.8496774200231257,0.25145759929263883,0.47336201686141127,0.12673950948435844,1.0123955608549546,0.40879800248195663,0.5330714391896296,0.543664104128084,0.1357773054051312,0.8256475354199286,1.174562992301199,1.0460949579488175,0.04373461799515498,0.8329660451970131,0.9875241101894254,0.7833250209362713,0.7541854901065904,0.961987557451991,0.662252407837336,0.6193528625031129,0.5318433695839199,1.0,0.7638760719029865,1.0990005244090977,0.1240946625877351,1.015107972159891,0.7168190595693887,0.6964492360379771,0.6466844934854358,0.5978784564180384,0.5542571116690208,0.663496700628717,0.7423005964483151,0.8780262267351543,0.9720491900504898,0.8384365572855162,0.8844180116720106,0.1558055078134507,0.5751552321603031,0.5065974647912507,0.4904354796832396,0.30492155760961565,0.4642141700411278,1.20330699657085,0.7527308644564638,0.10482396373301095,0.4882555736996938,0.4950298117759354,0.8836708162284662,1.0397611198566632,0.9530272687181176,0.8806862177427678,0.6958957054486312,0.9986749546597755,0.9791633834617893,0.8868603539286521,0.8952351903709361,0.40453165543636194,1.0902016634322829,0.6669675380910969,0.6806635346403302,0.4216856832191699,0.4062488057317019,0.4058576309971978,0.2984988620035232,0.8681171694953784,0.7113473455392092,0.8287853049726662,1.0318226423975108,0.9343337098878405,1.0540356324538322,0.48857745216415477,0.5866602845026242,0.7981585884000915,0.2006490615590176,0.6548713199134105,0.9459804146900544,1.1137056265633751,0.5976038151037075
Finland,0.5315488646633431,0.3377982764005647,0.10109994650297222,0.5196722788907072,0.29762103631123465,0.6454639432813215,0.28600510771352267,0.3586547250438583,0.29520348233006805,0.2456296443328979,0.710546043121762,0.10256309127172253,0.42685033460070976,0.3195003378125674,0.7332060001859166,0.0908588257403095,0.2465563215521249,0.11216590880855322,0.16822980722153308,0.25323918469333523,0.1160837173590602,0.16386057639179602,0.2409072374069277,0.7638760719029865,1.0,0.3859978536610883,0.7891918405157066,0.2784528963722314,0.08442815591877809,0.08297588894482488,0.13225077362795828,0.21435016701440937,0.23074926505401147,0.14916750176563354,0.08776673305006569,0.17537068819431853,0.22319975871409248,0.1104663870936055,0.13949907765841765,0.7055105916379341,0.2099658643538191,0.2925219543477882,0.28277212625313886,0.4881694180617804,0.3461384680126504,0.501165438031915,0.07661143299569942,0.7060563273441809,0.28317252659686576,0.2775091308520179,0.1646126479021358,0.29806136550990575,0.22786248381574106,0.23773843537949935,0.08405936388214127,0.3108880520526761,0.23182023877821817,0.1381904405313149,0.14566647420111234,0.3825042477998118,0.348763161721716,0.1075726915797589,0.3349153126784177,0.38852216682192336,0.39186413242080914,0.36370302652267333,0.4726415220104523,0.13924187048878608,0.43463865798018286,0.08628768119446083,0.8403769226181248,0.21270308119029796,0.31423339150322377,0.2953016865521775,0.1871956963670393,0.21004788666561033,0.5663255570714844,0.12250430453968585,0.18875337948921966,0.36503127577135436,0.18787877043289036
