Country Name,Albania,Angola,Australia,Austria,Azerbaijan,Bangladesh,Belarus,Belgium,Bolivia,Brazil,Bulgaria,Burkina Faso,Cambodia,Cameroon,Canada,Chad,Chile,China,Colombia,Costa Rica,Croatia,Czech Republic,Denmark,Dominican Republic,Ecuador,"Egypt, Arab Rep.",El Salvador,Estonia,Finland,France,Germany,Ghana,Greece,Guatemala,Honduras,Hungary,India,Indonesia,"Iran, Islamic Rep.",Ireland,Israel,Italy,Jamaica,Japan,Jordan,Kazakhstan,Kenya,"Korea, Rep.",Kuwait,Kyrgyz Republic,Latvia,Lithuania,Madagascar,Mali,Mexico,Moldova,Mongolia,Morocco,Nepal,Netherlands,New Zealand,Nicaragua,Nigeria,North Macedonia,Norway,Oman,Pakistan,Panama,Paraguay,Peru,Philippines,Poland,Portugal,Romania,Russian Federation,Rwanda,Saudi Arabia,Senegal,Singapore,Slovak Republic,South Africa,Spain,Sri Lanka,Sweden,Switzerland,Tanzania,Thailand,Tunisia,Uganda,Ukraine,United Kingdom,United States,Uruguay
Albania,1.0,0.022274248076787784,0.04076611591719163,0.04270440256196846,0.022396692063685164,0.02389652254493806,0.024542082575041133,0.042912779232365285,0.018848500571463662,0.0256489516295952,0.03064953418349523,0.033201230211467404,0.03500818312587673,0.041713016836689085,0.057093834737465037,0.045911423427922836,0.04836187223902812,0.02759882524406968,0.03819528514933497,0.0458872259281096,0.03137783282840114,0.031172301757694084,0.04536318751591799,0.054982905210369755,0.028511153703430717,0.026685874376852634,0.022345562467009205,0.02740588320041609,0.036174991971319556,0.047432085903584276,0.04494449155198145,0.0340560781386836,0.04465864081134027,0.03124437409328289,0.027398443311253132,0.0315016332535805,0.029428241071349476,0.05865176888347248,0.01825210869939062,0.03208081007128799,0.030447936280180825,0.04090295663365069,0.046471614310113776,0.03853313391477655,0.04052649957169058,0.016743687038420118,0.023679526156484686,0.022026638921420993,0.04622276476264608,0.023836728224829993,0.020662162791920468,0.035436882948639066,0.030849152623363175,0.03437188946219316,0.03288403432177694,0.03849715340114873,0.026262447059037686,0.023343245729863217,0.023430422965545514,0.037227384429208456,0.04954976295720866,0.02699251876989619,0.041250474563515986,0.06807238426068475,0.03328790905757149,0.04108116821027115,0.046413874096549984,0.042254330985588937,0.04266345254848914,0.02292810328625217,0.05050271851736324,0.027837574402487523,0.0372959954755462,0.032225115515117565,0.03235378169547858,0.04473448133397298,0.02127292355026342,0.01985630862612353,0.0513704855034648,0.036473899391274094,0.06461517197331082,0.03664203506105475,0.39109744288553777,0.04422415133775033,0.04824535014007901,0.021106961094164513,0.026645167261578798,0.031056893864464644,0.01745191953185188,0.027779118573597966,0.04480709674243498,0.05259106557023361,0.03610297658297477
Angola,0.022274248076787784,1.0,0.02650067057708967,0.030075544624486906,0.025221824122547122,0.015438829131098545,0.031336429547479935,0.034251641408455547,0.014875583778418444,0.028043499821554716,0.018983239540369228,0.015027597231421608,0.04749653180641812,0.023272612664314133,0.0421800660318523,0.02890701883114578,0.03581118862917597,0.036022830220078655,0.021889346767213026,0.031450567851780666,0.021778768421393556,0.024921639023200538,0.03194947185370521,0.043177730513352046,0.01617907620576426,0.017263050509789633,0.014994071832355885,0.036863042416846556,0.022031671515851652,0.04003715369095281,0.03274319863832693,0.017559311059492357,0.043137867688834146,0.015197168370801605,0.014638909750914655,0.023719155394951237,0.010843233274021952,0.052620743909801815,0.017652399373492805,0.025348043133393533,0.020168170801557177,0.028816583334303612,0.03004381073915809,0.026916977197729716,0.024552900949314893,0.02482375509480727,0.014550754508925552,0.018814584517106395,0.03408802444452128,0.010083071395918013,0.01913760391755445,0.023541267995673788,0.017394602611084563,0.018001162189562627,0.019114588289313745,0.04355630079620797,0.038543437071166906,0.007080142552916446,0.01557177247865646,0.029118377386520383,0.033864843916618384,0.015664914454607427,0.028238218182991662,0.05561473380856213,0.01780814237227778,0.035676342776851576,0.030132750581282043,0.025029726031425583,0.0255004306313001,0.02643429120426251,0.03560585297748319,0.017567426885325158,0.04185560467876259,0.020769490314184014,0.026054661464964487,0.05993534024915929,0.014887239855723086,0.0209435179504218,0.04248147557875979,0.024651836980190217,0.05304069565254667,0.024492284951165483,0.3894205334787285,0.031461586499010576,0.03474866069466789,0.01990517947223632,0.013793030397327244,0.029698066239832975,0.015703130915006847,0.015749187347222388,0.030357997426787315,0.03786225861967097,0.017202130374836606
Australia,0.04076611591719163,0.02650067057708967,1.0,0.016719011020520848,0.046304044250416516,0.033772745056564524,0.05405216117401248,0.0224863394872688,0.03489577274728305,0.041885461393177094,0.03455918074916952,0.016833347699479508,0.0666882495561796,0.014670461902802785,0.022733139332117475,0.014551084651761552,0.02560690087742582,0.05908873556029185,0.015667862378798695,0.018509651013089767,0.02074475401476717,0.02854471555079064,0.026097190610996242,0.025566931620746927,0.022594475519300793,0.027863993803993507,0.030507928521221608,0.05946033166923652,0.01722473278023593,0.026049980210283562,0.018788019126751546,0.018195789501129506,0.044615163987195915,0.019657108552623457,0.024112827786868345,0.035439885869889526,0.024900733223417806,0.055397985663837836,0.03707536117174306,0.03773658245516674,0.020754376349368373,0.027592604579206648,0.01587687372244451,0.024345471510501177,0.01585400332309124,0.04638147879649487,0.02872736384739274,0.03581607100514692,0.01285257983500669,0.027617692886214015,0.03922205551316269,0.03538311450311445,0.02163719500597253,0.017619582706323605,0.020835163281646217,0.05267855841054961,0.06009424715875562,0.027106791266731906,0.03243015944870679,0.019591862456353165,0.020516300334516922,0.026820076885562264,0.019386039548771064,0.05800665337549981,0.021202322587980816,0.02917378274758803,0.016361708982249295,0.014906032147536405,0.01428857396310349,0.043790462982521976,0.019872199445410636,0.02033365121337641,0.05221550524264227,0.036078196037307414,0.045452306090551446,0.08018909671969876,0.03502297839820483,0.04313615597243831,0.0408468859297556,0.01743958916493127,0.04511998392955481,0.017218381371285986,0.3891471997761221,0.022602253304703626,0.01928187021321825,0.036073460723979794,0.02642883942599982,0.032889869617067954,0.03913826400485917,0.02269615106929531,0.011234331708813189,0.018269823747409115,0.029182095516509812
Austria,0.04270440256196846,0.030075544624486906,0.016719011020520848,1.0,0.04721078978763863,0.03459205773207792,0.05510214458319089,0.01608008192054159,0.03621042853912283,0.040828921001076914,0.03177921347235856,0.01894890848142396,0.06661837445198278,0.01712303011384884,0.02049850566978285,0.015296419747027116,0.023060029157335717,0.059532879426191,0.016309068272008696,0.01870412599053303,0.019467598903864156,0.028613540113078314,0.024771831234719443,0.0210579287955304,0.024364671501154664,0.028270750615709016,0.030685308284420634,0.060962046017935805,0.015680920874399356,0.020263991148217985,0.015669072248243685,0.02117628712527703,0.039416173823159796,0.02090939092891138,0.024350060875102098,0.03441683414121324,0.02788119490607828,0.05225720300917169,0.03735835996143823,0.03464417515813105,0.021808964941499486,0.02387147302232182,0.01586242768087559,0.019206019590939826,0.015430024368922914,0.049716562497924145,0.029075235729078688,0.03383231926229817,0.012615468732395307,0.030969335737490066,0.040521486922699926,0.04215035580286568,0.02143039817921275,0.018509141568354818,0.020882260759585762,0.04935250191623641,0.060273285056625915,0.02939029620293017,0.03318637102498565,0.015113417018370963,0.019259350302261464,0.027288933269397672,0.016455038774543983,0.059907932174022065,0.025557846057652368,0.025448071661769673,0.01570768978024665,0.01563536514274742,0.015668288424802862,0.04378183935662027,0.016728529742319104,0.024184062758580017,0.04918178263034322,0.037338555527661015,0.044303839268443675,0.07927918661615896,0.03672206533237138,0.04313372901609114,0.03804499225177378,0.014756561663332734,0.05653637825459719,0.015859172477425798,0.38237704048481497,0.02275865817535764,0.016366996007856335,0.036181768650803935,0.02790686084255048,0.02951703611023029,0.039876350607881555,0.02454659617410362,0.01533111549814385,0.016287806244733742,0.03074531112417448
Azerbaijan,0.022396692063685164,0.025221824122547122,0.046304044250416516,0.04721078978763863,1.0,0.01460934601555168,0.013630672281085724,0.04694612405917043,0.012135730115330602,0.02400932285111612,0.022489332569405624,0.0350675624777902,0.024088546473835088,0.040805862312183715,0.05992581384612379,0.04632002279787922,0.044630094790451894,0.014818065423617454,0.03766305137337395,0.044204709985912825,0.034342600369347505,0.034912245440177465,0.047925056301219675,0.05725693003940408,0.025898333311562195,0.021486010188480825,0.017788333655026883,0.015956183342313867,0.040175512789833355,0.052970689745571495,0.047663523705967534,0.031607325983800276,0.043908941965083506,0.029701094198241518,0.025204763468695705,0.022234616194535407,0.025086703651093525,0.05856435813239759,0.013738850226617937,0.027285284784141006,0.03289891503977391,0.03571694653510775,0.04595467931976601,0.03824177762605543,0.040556636014822095,0.017441513284480098,0.023729653432158684,0.021642415737161552,0.051386110520926065,0.020458383840252097,0.01357000358678562,0.035342800347056454,0.029348944298438952,0.03336561225512722,0.030565711595326072,0.029573231680646243,0.017904672220281623,0.021393103828923826,0.015196990613717303,0.04475908007568418,0.04830157281100647,0.022376600835974012,0.042272489384649024,0.06130991130829176,0.032755524590313216,0.04101013888945734,0.045804532738850316,0.041924589516199914,0.042572334481761794,0.009895890393188205,0.051152626483818235,0.02927762453759756,0.0310576483361891,0.0339133870722665,0.018498862005013297,0.038318409457289815,0.012832548927257851,0.009750111256984337,0.04393350317431889,0.03851446573533788,0.07303152687168062,0.04216670666093438,0.39211457027910585,0.04794839324134179,0.051066294620121466,0.013995555670865438,0.021823045673227258,0.030945781025482965,0.01221219065955741,0.025767337769396763,0.04896937281169504,0.05510884313950871,0.03387996984115433
Bangladesh,0.02389652254493806,0.015438829131098545,0.033772745056564524,0.03459205773207792,0.01460934601555168,1.0,0.02319554139862626,0.03513094522879419,0.005519770817387421,0.021166773355441326,0.012827462077060765,0.021254670759065036,0.03671543922991952,0.027268197738824367,0.046104209841491856,0.0321924264681265,0.032060775018091764,0.027522864509702278,0.0235921621289246,0.030907155198931613,0.0220291185008443,0.023837002252758702,0.034520999006603874,0.04394678217666762,0.012758152314873565,0.008774598615474001,0.005742096178832292,0.028838750870274137,0.027756511405164084,0.04151120020065039,0.034387969548358543,0.01832429827718797,0.03625249361174362,0.015709647575186655,0.011434078080207574,0.01433498816952451,0.012381074710853672,0.05305430351714875,0.008834508019434726,0.019556161109240376,0.02067169748817643,0.02324642436556668,0.03209908441467148,0.026621348161184822,0.026514393780900994,0.02437622433270105,0.01197736409799718,0.014201597773042307,0.03897089395780986,0.009082936741661768,0.014858520459631298,0.027553569712844183,0.015395258121490172,0.019336508200964813,0.016772920906176814,0.030518732987146427,0.02977456479920308,0.009469113074377951,0.0030337852038624246,0.033314495757539364,0.03442928897136881,0.008738596470652598,0.028554032303669923,0.05228620836423257,0.019793629379445985,0.03057515900750834,0.03184289208580765,0.027825876355269962,0.028508332206643745,0.013374217294713222,0.03716706116257737,0.017826427758924412,0.030679177549526485,0.026239493844766957,0.01621269073283016,0.05047179479568951,0.005541261330080681,0.012786686381814703,0.03414862771058696,0.025391748620709042,0.0643893872349999,0.029521198780220918,0.3905128144398038,0.03499259540951734,0.037497742738359256,0.008346173634026934,0.008093930003871385,0.022376443955158896,0.011333541400922409,0.01293703428145172,0.03575917368977874,0.04129781476599349,0.0212956194847318
Belarus,0.024542082575041133,0.031336429547479935,0.05405216117401248,0.05510214458319089,0.013630672281085724,0.02319554139862626,1.0,0.0541875496057472,0.020643083029311678,0.02656751775848273,0.031238766688532267,0.04189106822879413,0.02158350963601486,0.04961466582279187,0.0676229832636249,0.05424212302345377,0.05327913881122525,0.011902928832678487,0.04566015450909948,0.05299299168646022,0.04096141130510475,0.03853254177320249,0.05254069230393195,0.06439326117200632,0.0343710567597844,0.030193072484488492,0.025803726428674026,0.012243378902855963,0.046833986865183475,0.0597847738556023,0.05472322607771228,0.04070433156512776,0.04728641492541641,0.03792843685930276,0.03314087301308471,0.030882797393107623,0.03361954218103191,0.06171240115181864,0.019512139529475437,0.0325005527858797,0.04025286977698438,0.04336999497509172,0.05433945365307234,0.04604892323914049,0.04836929996760617,0.021315458956859108,0.029122464258237137,0.025367881590364377,0.05987477189113132,0.028487582720710936,0.02381623661840745,0.03587508429169982,0.03699387831114906,0.04155777757275636,0.03889758712533472,0.034275708568479314,0.011862279558621082,0.02911734221170042,0.024616908878328334,0.05097787350576901,0.05649321049625308,0.030891700216813246,0.04922442234262679,0.061834750292258545,0.040312183725255274,0.0483399963299582,0.054097196881844674,0.04999370863280411,0.05064948556193485,0.01682885355473081,0.05866848039405633,0.03721909266422094,0.03311994782505093,0.03678091952306674,0.023820647209169182,0.03202133897523828,0.021522109893027327,0.015820205787756506,0.050297876499798305,0.04599166662095627,0.07682859701199102,0.04865146841066083,0.39138500914179464,0.05447875651469878,0.058144559419944904,0.0219198004499577,0.03052840654034627,0.036871784134804186,0.018615486940339824,0.03448784844696807,0.05661453129353912,0.06248213405884182,0.038056430014252574
Belgium,0.042912779232365285,0.034251641408455547,0.0224863394872688,0.01608008192054159,0.04694612405917043,0.03513094522879419,0.0541875496057472,1.0,0.03648438941445686,0.036625940251744336,0.034356794279260944,0.023257097096433338,0.06367909382048954,0.023387711948349495,0.02231564614131968,0.019233425926305087,0.01988350681669326,0.059048161911151704,0.01915821724875166,0.01823807295686365,0.018271384643239918,0.025518789999001295,0.022958900042760452,0.016135695119733406,0.024679260452223132,0.027420607647226453,0.030603136499218177,0.06024929972669738,0.020761583616252546,0.013418997148042625,0.015896296190756554,0.02410155763219331,0.032134246499225735,0.02317672909965906,0.024822927053428052,0.03325928856765294,0.03172593960072055,0.05288550712094389,0.03660304636544098,0.03288869934240834,0.021633085461389975,0.02354578004729156,0.018772785756508495,0.017184124526085885,0.017368080658432317,0.05122067327613037,0.028434507320185435,0.033613490952887036,0.0160930089003293,0.03292905873093757,0.04289883213402722,0.04438050251264074,0.021547896987421,0.020916181647111926,0.02145287186342137,0.042912167072667824,0.05846608085322294,0.032214693262551115,0.03354221671189349,0.014315490677405588,0.02063160968317347,0.027052989387946712,0.014180943601377135,0.06125110180432309,0.02764817444740876,0.016342927671003146,0.018280765625462533,0.01949941857325304,0.019285249967251422,0.041661252546453774,0.01670923381841712,0.024221738980846317,0.042328061325507024,0.042823784364768705,0.04514453555032981,0.07609377570729624,0.03782597180531721,0.04336937806719267,0.0313853626487306,0.014989372024908089,0.061528868082629924,0.01681642234234364,0.3867715181903549,0.024632330326643498,0.01754225239008242,0.03434774733102487,0.028896608597115302,0.02314885719849909,0.04143621912522471,0.024319354676937684,0.018799754496157468,0.01789994510057603,0.03506850727836958
Bolivia,0.018848500571463662,0.014875583778418444,0.03489577274728305,0.03621042853912283,0.012135730115330602,0.005519770817387421,0.020643083029311678,0.03648438941445686,1.0,0.019859962170113012,0.0156778544868626,0.02338812158821786,0.03402178163813899,0.030139882377894996,0.048761075236967724,0.035191322353494085,0.03553926727727017,0.024773805704729257,0.026511288651714295,0.03403697821841116,0.02324989716776452,0.024867378214440995,0.03695537138938893,0.046505728605770874,0.015138910761526592,0.011364183013246135,0.007001827681784381,0.025918468477736892,0.029122871049468254,0.04264992922857861,0.036565490572364565,0.021129061290853006,0.03782369207680183,0.01844824762799442,0.013936277188245035,0.016867330987189615,0.01513552086422821,0.0539764466795056,0.006428486288203052,0.021162546191689346,0.021712814709199956,0.0268581570251883,0.03516947715688614,0.028499977955148203,0.02946513014297888,0.019869907056909532,0.01287506185770048,0.013714955953623624,0.04028484484568611,0.010247924063649834,0.012021655582710511,0.02853412470885126,0.018182966466916143,0.02218311593695977,0.01976433112647124,0.030561140254701878,0.026561785427856796,0.01039724605999837,0.005476040550794549,0.033711929735305866,0.037827708190014,0.011741868200365711,0.03123741876349717,0.056221887570897196,0.022022001254522038,0.032286943370694654,0.034998253024652724,0.03086523738322986,0.03147026120688953,0.011831897987104689,0.04019284845611781,0.018662443688910693,0.030487310955501182,0.02664600095103519,0.018054958043964627,0.04752977122792745,0.004650984501049791,0.010201291081414668,0.03770619839435415,0.027341669723618962,0.06442554208462538,0.030789061137905457,0.3910164339746718,0.037083042897356144,0.0398438368668595,0.007276257138519403,0.011014296736209019,0.023156890294052643,0.008169923808532587,0.014972387348726619,0.03763772925040391,0.043881002090973696,0.024314429843682185
Brazil,0.0256489516295952,0.028043499821554716,0.041885461393177094,0.040828921001076914,0.02400932285111612,0.021166773355441326,0.02656751775848273,0.036625940251744336,0.019859962170113012,1.0,0.026822554123296843,0.031194656453623813,0.03564163475110771,0.03823775148793555,0.051286885649154026,0.04043861159826596,0.037717952846566705,0.03140298691800203,0.03323095996038,0.03851055125964566,0.02761036685380696,0.02606936272312885,0.03707086184555155,0.04634987729587356,0.025294351978251774,0.02100516578117574,0.019231432795663594,0.033654240903744644,0.036940835659770924,0.042282906425868225,0.03823650504402173,0.030905615775490537,0.030481438089142977,0.02749156391887112,0.02279587383161654,0.025246956225210154,0.028737237341911716,0.057726952185800796,0.017812539041093794,0.02227899818442048,0.028078162259772766,0.03090525293479318,0.04005934489495497,0.030226999494791087,0.034489548425324555,0.03245719674426025,0.021174100680015795,0.018858246192322525,0.04416788154346103,0.02475211126212651,0.02645994524931611,0.03530037929389912,0.02515198558736403,0.029807204142954444,0.02664285598133342,0.027197702032297003,0.02961449090177385,0.024849995193122882,0.02088589955955412,0.034505516061610605,0.04080008600659037,0.022318458379671738,0.03328105031700388,0.0573188324183176,0.03014650345727793,0.030622943845733688,0.039883037304906055,0.03718988726019456,0.03748381660346214,0.019295774542176958,0.042641815831178334,0.027652902083020903,0.0262382465544961,0.03689626683269756,0.02762019839764601,0.04648046601610258,0.02176934088990494,0.02166804458848741,0.036010449654972874,0.030542342303244163,0.07246298590201393,0.034598292653357766,0.39230284467199833,0.0412265639392824,0.043009040871402705,0.01728590952997165,0.02351541070830675,0.021612568067936207,0.022904187013263497,0.024062963562936572,0.04317806654042112,0.04661729368398228,0.03317202620643469
Bulgaria,0.03064953418349523,0.018983239540369228,0.03455918074916952,0.03177921347235856,0.022489332569405624,0.012827462077060765,0.031238766688532267,0.034356794279260944,0.0156778544868626,0.026822554123296843,1.0,0.021222954546319475,0.043601916601713524,0.025407026863831474,0.04375611510438756,0.030429213150327462,0.030979146513227307,0.03319454702049524,0.02294126268798184,0.029759089846100168,0.02392930807093269,0.026829458525210976,0.03376585961315204,0.04226291747980751,0.01715612497936627,0.014681057504851918,0.013895324500897718,0.035693776167855205,0.028275350521018577,0.041031518021898306,0.03399875610093495,0.019570350478425837,0.0376460699336111,0.016817683437637454,0.014940591936266102,0.017790742666573295,0.014915865504188506,0.05281286900258721,0.017084577426260173,0.017846597491729625,0.021693135603443464,0.02186993221757639,0.030294602888038202,0.025736056428403306,0.025189814826881943,0.03157087841723917,0.017256740003792122,0.017521216046697232,0.037655211971093235,0.017261548046242105,0.019493903868699407,0.03531693975031625,0.01702251282875401,0.019139769390368534,0.017931462245304244,0.03429565603734704,0.03688882141488061,0.01432414383976803,0.012857927964180418,0.0337134960703133,0.03238053780450581,0.013486231224574107,0.027602187875330003,0.055334039172867965,0.020605373209487594,0.03160683605880244,0.029877291987215646,0.026205314454176867,0.02686920680532721,0.02175277533096533,0.0349371551820403,0.02313500172602387,0.034197375398039465,0.027399173260819677,0.016778764145792036,0.05619357668309706,0.015157269617941962,0.018756681055134505,0.03376970472823422,0.025815027188507693,0.06895228880897052,0.03002009193152985,0.38938906148171665,0.03245254322828467,0.03531230145015634,0.01674176914619266,0.01329048971397029,0.025453206108404125,0.017160448329544227,0.017215487454904827,0.035374163095202076,0.03973920761278399,0.021069911094820124
Burkina Faso,0.033201230211467404,0.015027597231421608,0.016833347699479508,0.01894890848142396,0.0350675624777902,0.021254670759065036,0.04189106822879413,0.023257097096433338,0.02338812158821786,0.031194656453623813,0.021222954546319475,1.0,0.05671589300421022,0.011824174229998142,0.028053363733042725,0.014661861487994272,0.024209016034215824,0.047085100586980226,0.009201624459907241,0.019340959593279337,0.014035648379088878,0.020631089778014713,0.019714529350456755,0.029183570870518538,0.013575934383916164,0.017233981599133676,0.01887224514377244,0.04821942468885983,0.013812407030961068,0.029114138890577214,0.02006670034324127,0.01091988028178764,0.03702660819382557,0.00817137073322097,0.012052739849363147,0.023709953105728633,0.01310415515282562,0.05106213639407183,0.024816349745656607,0.024673709297883022,0.014081535598981962,0.020544877896589545,0.01653491633178318,0.01887534775787513,0.010842559746384331,0.03836495088297596,0.015479979366790513,0.022639794173663734,0.02288825543320212,0.016715492147680738,0.0298022547829526,0.027347463487375614,0.01015043040825308,0.007117297322911209,0.011112612240649999,0.04440732646949356,0.04881982688833562,0.014524272077610673,0.020730147813875596,0.01992208316809624,0.020013360282633515,0.015205113650410728,0.014909176905828147,0.050554071231180504,0.012164135139846408,0.02703280482605237,0.016281831454342515,0.01125355021376244,0.011668422060794988,0.03292422035510569,0.021016468966347422,0.01517536257114448,0.042866521371863864,0.02531837758420481,0.03105447575877801,0.06951772912046036,0.023450680541383672,0.03043136128590726,0.03458721044723189,0.013453459059848287,0.05206783038667447,0.014724670140323474,0.3886899826661747,0.020284313115648545,0.02124898484362471,0.024979056669713357,0.014729825087911153,0.025878370021474847,0.02680425937062718,0.013382275490734534,0.01848649607974244,0.02352940448305289,0.014311282650927876
Cambodia,0.03500818312587673,0.04749653180641812,0.0666882495561796,0.06661837445198278,0.024088546473835088,0.03671543922991952,0.02158350963601486,0.06367909382048954,0.03402178163813899,0.03564163475110771,0.043601916601713524,0.05671589300421022,1.0,0.06278994404828293,0.07947010638698264,0.06712243834439888,0.06241342840554789,0.01716689899610503,0.058414088377274305,0.06342126699351423,0.052152526667057164,0.05052109515688271,0.06621357577135699,0.0743760513831113,0.046392063036279706,0.041608102444432506,0.03843365420554075,0.017349297678479314,0.06034349114697945,0.06818522812551396,0.06577927833210119,0.05326747565143405,0.052492643400707056,0.051038309677573356,0.04580771578402064,0.040820888238690775,0.048284247213049296,0.0722577763852161,0.03253482457156569,0.04316343725176053,0.05159671901458644,0.053502240722394304,0.06650491074342312,0.05705657608843666,0.06100700997098872,0.032390313484102054,0.043175270361941256,0.038947243624408066,0.07053221112292049,0.042852729167250886,0.034890107175119624,0.05359775125004844,0.04951830158636959,0.05451368286634761,0.05078499563677306,0.030241416066125064,0.012866010095413428,0.04424033717886184,0.03701836683841166,0.06194542256526008,0.06798693486418896,0.043129790360659254,0.0607715814248068,0.07541840932967912,0.05373925206991485,0.054726004922570556,0.06617446451393473,0.0629202405612893,0.0636197455039175,0.0247125233787789,0.07036916355192493,0.048986031284276754,0.03293847830300948,0.0547955932480646,0.03636574430904125,0.016982593964995952,0.03536317139958984,0.0288431920396213,0.05695645317072252,0.05730127389747227,0.09223958201503223,0.06122094026752353,0.39633924968104983,0.06631628885268062,0.06983093163148422,0.03227011270509247,0.04341434245994688,0.043511031185047754,0.03316270241480155,0.046271586075861446,0.06888926207790788,0.074613733540613,0.05587880301050412
Cameroon,0.041713016836689085,0.023272612664314133,0.014670461902802785,0.01712303011384884,0.040805862312183715,0.027268197738824367,0.04961466582279187,0.023387711948349495,0.030139882377894996,0.03823775148793555,0.025407026863831474,0.011824174229998142,0.06278994404828293,1.0,0.023164503061991082,0.00889815903685366,0.01940700554250021,0.05411335142197618,0.008135963542602513,0.013096381069736438,0.019705615724046825,0.028460784876800673,0.02441149086578415,0.02623261177156777,0.01747842679516292,0.022086110771785985,0.025414965497594415,0.05521969850794196,0.01645218880159874,0.029781814768183434,0.019730513812834145,0.010107447297789238,0.042316672655659526,0.01262337378071296,0.018273568819929146,0.02807399658467717,0.017076434413921256,0.053400553105731254,0.03286879945498396,0.031045703228044425,0.019265460634148513,0.019634586361267626,0.009256387000866475,0.019298710831360425,0.008860483139810584,0.04450937762384726,0.02481776812764452,0.03184339032579899,0.018343997362606012,0.022542538671326447,0.03434278101772526,0.03369286420724358,0.015708746858109933,0.009816614655830749,0.014197251639896389,0.04834552661377979,0.056470870898286604,0.021690456713393674,0.026279945509108758,0.023242335149284764,0.014428492116205291,0.02042975618105491,0.016243998755973033,0.05296759127542721,0.016417260694127928,0.028028835137281057,0.009682540163642462,0.006562998615457505,0.006530400407514525,0.03905246678983295,0.016967068565341532,0.01925394281879162,0.048279446413292675,0.03267765977914914,0.03703415373727741,0.07689683816875711,0.02950136195687654,0.037825139268012675,0.033954563883711146,0.015562047213047723,0.05207289917714184,0.01813042010002395,0.3885340016397182,0.022603398861585123,0.019882731648355786,0.0315046764394926,0.02012073489189594,0.03087183366681267,0.03446257560711871,0.017702652394339026,0.01548081104919371,0.01907436126904497,0.02189238445191676
Canada,0.057093834737465037,0.0421800660318523,0.022733139332117475,0.02049850566978285,0.05992581384612379,0.046104209841491856,0.0676229832636249,0.02231564614131968,0.048761075236967724,0.051286885649154026,0.04375611510438756,0.028053363733042725,0.07947010638698264,0.023164503061991082,1.0,0.01604636461707747,0.024438976109573157,0.07259658664754565,0.02345060651923799,0.01984958178044451,0.030065362841956364,0.03596889151135704,0.0250719848959582,0.014340589322628106,0.03509224172412742,0.03941141241650834,0.04294241755526106,0.07359173409994771,0.028290533421065158,0.024120105220046255,0.020743291016246043,0.030366787334585796,0.04423724054570332,0.031122729821154205,0.03544397888238612,0.044014834433214696,0.03838763342073591,0.06286796510873512,0.04966884417006841,0.04446919541946023,0.031497354217955464,0.031258161666466874,0.01737166661360294,0.029504479582396225,0.020606590201631768,0.06387132044551228,0.03990813270000789,0.046353682958058376,0.01666117621268178,0.04226119753774409,0.05440894665541216,0.048840918038390385,0.031404359575820114,0.02746883353496364,0.030539965484298645,0.05925618360976969,0.07351605194744597,0.041341194971525795,0.0450734170755461,0.02627705769034643,0.016163232094573158,0.038056755747553045,0.020665209076479295,0.05860274161949622,0.03253372953725463,0.03089349551887047,0.016635446024514847,0.0203187471751716,0.01945906115047648,0.05582044410284796,0.013066686183894387,0.034216191838014144,0.05896028222031642,0.04845521932781556,0.05486669710714784,0.09254942281119283,0.04868358181331724,0.055956707208425105,0.038334820645527214,0.024395423664294976,0.05678550935716035,0.02452545372333675,0.39197205891355724,0.0226683900323483,0.015624061563708306,0.04812812585169006,0.038866251701666146,0.0394273533281085,0.05312330590941755,0.034964187476061066,0.01620247588447733,0.011059683138649365,0.03792618260172123
Chad,0.045911423427922836,0.02890701883114578,0.014551084651761552,0.015296419747027116,0.04632002279787922,0.0321924264681265,0.05424212302345377,0.019233425926305087,0.035191322353494085,0.04043861159826596,0.030429213150327462,0.014661861487994272,0.06712243834439888,0.00889815903685366,0.01604636461707747,1.0,0.016193503848706874,0.059289797953601925,0.009113915110437023,0.01013521707997959,0.01954791307849995,0.027220433698393505,0.019039121090808804,0.01825136377709712,0.02136240048954807,0.025832443586066487,0.029583740007658687,0.06044094521693619,0.01758679435748196,0.02449637476450145,0.014124212522661397,0.015826051944022302,0.039295931946048926,0.01684688041212153,0.021844746511325168,0.03164305085357925,0.0236983333977429,0.054170755775013395,0.03678063386501018,0.033180497426782946,0.02040823325843501,0.01986334147948525,0.004169905339268171,0.019586844739377957,0.006707432227689684,0.05080179518695398,0.0274818944122857,0.034513928785181974,0.015403523716362026,0.028139332499154582,0.04094789074748682,0.03664421410239311,0.017957570901430374,0.013092137443661833,0.016646849839707264,0.049681568387567696,0.06081372408814022,0.027351257889423997,0.03127152621373385,0.02101202142312884,0.008735571435029474,0.024405155162134717,0.01135329622738218,0.05106841760057603,0.019215507257971977,0.025163154867880594,0.0036362365718454006,0.0048598814044784515,0.0041112665229501,0.04301326719970345,0.008688057274052623,0.02222517732793931,0.04904555374356992,0.036686698969463694,0.041535269250392685,0.08071342901369422,0.034923258196780556,0.04277121111718906,0.03192888726845048,0.013957776318750914,0.053232949954062476,0.016816402106682327,0.38892878598048736,0.019112845922162666,0.013302124481921989,0.03530607230254427,0.02482711617856171,0.030484804494191605,0.039810109372920836,0.021633815514096703,0.011924419967753511,0.011365801023297775,0.024839543077890023
Chile,0.04836187223902812,0.03581118862917597,0.02560690087742582,0.023060029157335717,0.044630094790451894,0.032060775018091764,0.05327913881122525,0.01988350681669326,0.03553926727727017,0.037717952846566705,0.030979146513227307,0.024209016034215824,0.06241342840554789,0.01940700554250021,0.024438976109573157,0.016193503848706874,1.0,0.057804845523050694,0.016149046674988312,0.010078595899650674,0.022245919373419385,0.028982740071435156,0.025130795504437965,0.018505056307399938,0.022094856648615564,0.024455828374898327,0.029414592199317403,0.05900598560262827,0.026442115937575342,0.02550997316742493,0.01762217073301241,0.019881417357246245,0.0333124852255973,0.020995185595702136,0.023507756305645014,0.02926241008511017,0.028182171667589653,0.05492995884778518,0.036680212702269496,0.032566285367560996,0.023528882773623208,0.014888155035036292,0.013465517566627746,0.0203875467686014,0.014898534522987329,0.05276600814911951,0.02983867332701311,0.03574397997546729,0.022907734246223523,0.031105600957059238,0.041636364130142295,0.04258208468432501,0.01984574014011308,0.018517020022714773,0.017689002471619353,0.040484040101254046,0.05848370698476192,0.031457662195455836,0.030778346355716663,0.026502794846280226,0.012549952503931256,0.024307794711445632,0.014544891218112248,0.05050217580997769,0.023941906411919647,0.017093984827354115,0.013021166441963914,0.016258791324168104,0.016021679447270887,0.03950011205713828,0.014485892566855294,0.02431729740300406,0.042129272174002835,0.04290630025128801,0.040648212663590144,0.07632268097744113,0.03546796300323338,0.04287419408279486,0.022651199415493952,0.016907414780450773,0.06483586682724299,0.024501800669355783,0.3894148838789792,0.02661176336279809,0.019606335335746038,0.033311829895117114,0.02601615102536018,0.025052077651020146,0.04170416331774048,0.022771126464035812,0.022578768788106055,0.019403113630543842,0.0323276098179802
China,0.02759882524406968,0.036022830220078655,0.05908873556029185,0.059532879426191,0.014818065423617454,0.027522864509702278,0.011902928832678487,0.059048161911151704,0.024773805704729257,0.03140298691800203,0.03319454702049524,0.047085100586980226,0.01716689899610503,0.05411335142197618,0.07259658664754565,0.059289797953601925,0.057804845523050694,1.0,0.050659176467057594,0.05759122873832555,0.04567536341354724,0.04436664861646444,0.05835137371789516,0.06946691957664261,0.03934853684714297,0.03466099916523064,0.03050393829888532,0.007314332314606641,0.05230419103232591,0.06417492839786075,0.05968791893110257,0.045319150215893354,0.050859911987970796,0.042666957705544795,0.037820569850069395,0.03358391498032645,0.03808280158819076,0.06566145169956382,0.023620389802774994,0.03507194879079946,0.044280557159856924,0.048164097780686664,0.05926848470388268,0.050977497382850165,0.05340357528797849,0.023140831965912444,0.03431049919707768,0.029712987738059284,0.0643615852788355,0.033526278376053695,0.024867422926241906,0.04437895251206105,0.041916100057798035,0.04626635108098028,0.04343273071858283,0.03481750898977746,0.008995554591833634,0.033696122871998704,0.028486308918354124,0.05602905067407592,0.061169997432255346,0.035420082861224236,0.054255588759708144,0.06867335048588524,0.04458800972966368,0.05254028277616607,0.058962811744680266,0.05483021636754912,0.05558986552553055,0.01969721278080129,0.0637181569296657,0.042547882652899376,0.03481939406991956,0.042301619994356755,0.024695631671645887,0.026952375668389286,0.025604778593933498,0.017331444230335915,0.054325460593088765,0.050871409121915595,0.0835384363505286,0.0540477864112336,0.3945002561559086,0.058277913419299034,0.06303702055594286,0.02560554180857231,0.034847282326535146,0.041072104464745546,0.021132413870626997,0.03905944741256254,0.06179312702583048,0.06795211112274856,0.04386981625931661
Colombia,0.03819528514933497,0.021889346767213026,0.015667862378798695,0.016309068272008696,0.03766305137337395,0.0235921621289246,0.04566015450909948,0.01915821724875166,0.026511288651714295,0.03323095996038,0.02294126268798184,0.009201624459907241,0.058414088377274305,0.008135963542602513,0.02345060651923799,0.009113915110437023,0.016149046674988312,0.050659176467057594,1.0,0.010869093963487028,0.013220123751162095,0.021681401048747374,0.01999340482903215,0.023193325391145183,0.01269340959558984,0.017200573566452985,0.02093683758155867,0.05181288456457199,0.014671531060031452,0.025547109262853824,0.015587365292004017,0.00855182217644206,0.035562703992980754,0.008368771256048126,0.013312665856598191,0.024268298429669675,0.01625278859770992,0.0525767830343852,0.02821925073273859,0.026806177457851722,0.013846396645087477,0.014385908558201347,0.009653611084303506,0.01600225996817286,0.0049527947779625485,0.042715486282362054,0.0195084322196433,0.02674843412888177,0.018653754111154733,0.02013306868043594,0.03283377181134025,0.03189604851935424,0.009624891598698917,0.00502690913172771,0.00866770245137793,0.04238299207382955,0.052139979604874584,0.01936381815092882,0.022613200024856558,0.019642956886614136,0.01339758009346656,0.01568611193254231,0.010108224897502223,0.050436756571341806,0.013531262994637307,0.021571061249004448,0.009015799819142942,0.005509982473279317,0.005803171674290941,0.03432620694099983,0.014911476380245018,0.014779903885273204,0.04191009193123312,0.031518770643682,0.033913226880710974,0.0720745211402336,0.026295649445979456,0.03429770954492498,0.02894522059593004,0.00946068332781576,0.054824238789890206,0.014765082422690251,0.38957115153726884,0.01974104088492719,0.01642552997752839,0.02665849493797636,0.01626109656351536,0.02381073000858205,0.031492421974358115,0.013499878754488577,0.014828681394200781,0.018644097282202104,0.020207129063244962
Costa Rica,0.0458872259281096,0.031450567851780666,0.018509651013089767,0.01870412599053303,0.044204709985912825,0.030907155198931613,0.05299299168646022,0.01823807295686365,0.03403697821841116,0.03851055125964566,0.029759089846100168,0.019340959593279337,0.06342126699351423,0.013096381069736438,0.01984958178044451,0.01013521707997959,0.010078595899650674,0.05759122873832555,0.010869093963487028,1.0,0.01976498419501035,0.026975708940307225,0.02394910770080333,0.018068318389077298,0.019567872601247878,0.023533808612622116,0.02813854239674364,0.058674185973283,0.02143459842531522,0.024317418958483095,0.015651882865031923,0.015439497283976438,0.03685463557948255,0.01720938170694677,0.02122661391424799,0.030210129668176045,0.0245981824787146,0.05540941879606874,0.035766755235885,0.03257823346920582,0.020640333224449917,0.015958743046417003,0.007966140349869241,0.01862457402154903,0.009996961073840188,0.05023161524222538,0.028005179537307974,0.03487501391025899,0.01687005287213316,0.02815425385585008,0.03974826127949659,0.03919356267772252,0.017525001803031515,0.014334687870565455,0.015575282921649277,0.04402445768690928,0.05876863343973044,0.028357111750221452,0.029694443160587076,0.023640609678539034,0.009214591648343061,0.022844275571261393,0.012214160483153113,0.0526118135551578,0.02127971595972144,0.019419509565014027,0.007355324083881824,0.010564590980774068,0.009773626649241527,0.04000712878486543,0.011744919026148465,0.02137080314599344,0.04470604429696962,0.04061918152535369,0.041065447567895284,0.07763141359741789,0.033857905864702324,0.04193091298194769,0.025359067776500894,0.014413927465675727,0.05838016206190595,0.01930481280075169,0.3904059715237454,0.02229325763965756,0.016554335283217727,0.032938310422440525,0.023962468387116655,0.02640308248897952,0.03968286936294549,0.020010013273866135,0.014985704760731808,0.016062995589117276,0.029704857796463344
