Country Name,Albania,Angola,Australia,Azerbaijan,Bangladesh,Belarus,Belgium,Bolivia,Brazil,Bulgaria,Cambodia,Cameroon,Canada,Chile,China,Colombia,Costa Rica,Croatia,Czech Republic,Denmark,Ecuador,"Egypt, Arab Rep.",El Salvador,Estonia,Finland,France,Georgia,Germany,Ghana,Guatemala,Honduras,Hungary,India,Indonesia,Israel,Italy,Jamaica,Japan,Jordan,Kazakhstan,Kenya,"Korea, Rep.",Kyrgyz Republic,Latvia,Lithuania,Malaysia,Mexico,Mongolia,Morocco,Nepal,Netherlands,New Zealand,Nigeria,North Macedonia,Norway,Oman,Pakistan,Panama,Paraguay,Peru,Philippines,Poland,Portugal,Romania,Russian Federation,Saudi Arabia,Senegal,Slovak Republic,South Africa,Spain,Sri Lanka,Sweden,Switzerland,Tanzania,Thailand,Tunisia,Turkey,Ukraine,United Kingdom,United States,Uruguay
Albania,1.0,0.16786319405882238,0.26985336577275476,0.12101443833463443,0.04003298940215581,0.13565238193645784,0.1003510221445914,0.1434460848615795,0.11182401907292859,0.17143574856187865,0.06693900455065147,0.06081921374016821,0.09426224860653076,0.08344660965815241,0.03731777225247511,0.09033724691621586,0.13215286549835187,0.17405686394366926,0.14303348969203802,0.11182750585471896,0.1288579861824121,0.06458635494248889,0.10149432170031593,0.24326296172252912,0.10737366960197373,0.102141793300268,0.22746140808817972,0.09774280164044936,0.06233406007485718,0.08336117599944884,0.08573718186752048,0.23296175170970365,0.06502854578495708,0.03603006736996837,0.16194470709136552,0.07311395728316511,0.06713455048163562,0.05264797913345497,0.18667439228975366,0.3016627535082022,0.13767902730656936,0.06323669821137051,0.1328687429810858,0.17545457834520115,0.17633223472488335,0.09747598068683506,0.05223495967727178,0.38580342235182674,0.4489628974769035,0.058405595261054925,0.07197551250576946,0.09175854450792957,0.08299156211532545,0.19511002045405598,0.17500058146525457,0.2655176240306657,0.06783484115737527,0.13183993592604126,0.12924501639746386,0.05432711531466231,0.045956771540775015,0.11903815181440558,0.10464676234267917,0.265016415301248,0.1365969536720577,0.056018824712241205,0.19994480594930056,0.23108424126092297,0.17565870828915525,0.2358007744047869,0.08742232648549474,0.147322641393613,0.12304477670654616,0.23107210158248154,0.05597245089161867,0.27754987701560657,0.07774434885414054,0.17250272948325862,0.08059163162247378,0.09406501928385436,0.08709786402179392
Angola,0.16786319405882238,1.0,0.3685037083537895,0.1850133066875692,0.16185507254601103,0.2046655872589486,0.16606247173178018,0.20562871268580457,0.1750389094256924,0.22659407980640756,0.16342291817487617,0.16178701988625988,0.17664360272860974,0.15534169559551234,0.1686967158970347,0.18579370740562826,0.22087766750437568,0.2263690137110442,0.1958246998113869,0.18532526344627026,0.2129862774283467,0.17202327511838403,0.21363154973434895,0.2719673345660879,0.19089649305298653,0.1945824923960562,0.26495993466104023,0.1959619974577283,0.1702937629218484,0.19065350128776287,0.1659983933032152,0.266100187549509,0.1760748261986185,0.1632614219799358,0.23443892629147084,0.19067766738184913,0.1646418808921592,0.16997349989624322,0.22219450181546488,0.30508271035571805,0.22579866720674288,0.1673001046252239,0.19895057266123056,0.23076778225360645,0.22617300365304172,0.18200075032168445,0.18412820198151814,0.4703046244503063,0.44452003477689833,0.17589424455335947,0.1731444378680317,0.17842510438801826,0.18925714770873117,0.260733877660608,0.22371261572858792,0.31661877780491077,0.17367193389845692,0.185973854322848,0.18340426691534223,0.15914186403223657,0.1724963535879814,0.21924600865019717,0.20759514937772414,0.2768401475811645,0.17947935934371675,0.16386027545604787,0.20764228564660372,0.26007326325727553,0.24920630937541066,0.2944959015371407,0.19283517260381142,0.20972685386634732,0.21890514072130202,0.30182651398281374,0.17238259221887048,0.34540617860346323,0.16237648156762402,0.19216125587123215,0.13782162809890533,0.18702314684684837,0.20815928278520088
Australia,0.26985336577275476,0.3685037083537895,1.0,0.30271572402903507,0.29199685468954106,0.2659458976506495,0.27581993294179963,0.33696699828621074,0.31156990513636257,0.21320800992459324,0.3097433098288179,0.2811928814062318,0.30178564254845025,0.30110277432672444,0.2730272319140091,0.2945930302261795,0.2793344876240791,0.26854875387632293,0.27910907876438346,0.27581914152501597,0.3308104837167078,0.2758781695059921,0.269166239484842,0.3453921624790705,0.2788609423378788,0.22587532396906826,0.40618630157661256,0.2410429536688567,0.2887835979422478,0.28104814198164885,0.3205730144690013,0.277778250364326,0.29765539871694646,0.28377861551143574,0.35150670132388495,0.24903779004166335,0.28680300777205886,0.26857397684621054,0.3838807849117216,0.4078471753190767,0.32578415079597867,0.2637455612037862,0.31442171614471104,0.31176804722284457,0.3352620166478072,0.30422388882648577,0.28454650287685557,0.4714657360233545,0.46803425959089917,0.2683972012112656,0.27383832229362465,0.3310793150833586,0.28377330349373747,0.2915748742264628,0.3085679688437306,0.3789603303658022,0.28616426397201317,0.33201726865531117,0.3301705665530943,0.29348217774268104,0.278832023620365,0.275009115886791,0.256397643680222,0.30683954626690824,0.2708792033373872,0.2839329157887808,0.3888458240117997,0.3144018744734977,0.258331808194587,0.40153719194295323,0.3130810672005132,0.2888064623614753,0.22467203528896626,0.2753845964225661,0.28268298096214234,0.42597222925722794,0.27419599542262413,0.2911946175849618,0.27241684062604116,0.2936040742284255,0.26847912473875685
Azerbaijan,0.12101443833463443,0.1850133066875692,0.30271572402903507,1.0,0.10596140541132869,0.15433632077660187,0.1414676984276981,0.15804368347035264,0.14167275593866097,0.2206861242457204,0.11242232294755042,0.10237925344665863,0.1381309555750041,0.12352094234298085,0.09990021278422277,0.12852807694929885,0.17038024654614195,0.20030876734491426,0.16662692749828423,0.13504268945706607,0.16076275296356207,0.08592999026056838,0.15616401445616276,0.24721212062397344,0.12460057262125121,0.15432068026753168,0.17686054008657542,0.1436718564717873,0.13588888127130283,0.11299902782428256,0.1186316885851274,0.25931505215424366,0.11008417494220996,0.09613310564939918,0.17176742490969732,0.1367406931889359,0.09553019625782505,0.10308386658649471,0.243387184226896,0.26214901116498207,0.1766091431664994,0.09764414454825251,0.10674131274917548,0.16944060794588886,0.16944970686422983,0.07480042965885134,0.1217424031951592,0.4273676934971525,0.4399568207490143,0.10256508732548983,0.13561676317626745,0.12959112643243906,0.13896579491132807,0.24414580906761232,0.21455751872427423,0.2332613400571568,0.10468574356997008,0.1488906218877035,0.16148959643156438,0.0930288938670579,0.10478955971949565,0.1767205066218755,0.1325825397616613,0.29492649165505747,0.13719902001528803,0.11157886595976073,0.21036393732779327,0.2451368368939015,0.24201327942188824,0.2536609010469045,0.1404114665063691,0.1618094020913225,0.17068542392770883,0.2776992222936602,0.10730923633031382,0.3021867150826022,0.08896103085320338,0.17830706362985238,0.13514371661705077,0.14069119695191123,0.14567117127436832
Bangladesh,0.04003298940215581,0.16185507254601103,0.29199685468954106,0.10596140541132869,1.0,0.13962016459347354,0.1070570056385211,0.13477034670521293,0.11105068448958909,0.19205752000752213,0.039133030555092096,0.038408096443232814,0.0915412786685633,0.08625699956369999,0.028451990287930242,0.0755269145657882,0.12354024215954588,0.18184819537038496,0.14377151047888972,0.10515918609732085,0.1322911233724777,0.046416160140102115,0.10406047701804108,0.243695872833922,0.09358077627450372,0.12094624622653034,0.20422331158738008,0.10633854251491734,0.07258793637219307,0.0666395444806455,0.05318076176815379,0.23951524346848668,0.040914894542557305,0.025124636060564552,0.15136576339468064,0.08110845533066224,0.04945525104725845,0.04730169607543217,0.18523465461256208,0.28163471902018783,0.14208300550834138,0.05881714679020128,0.12426166333849784,0.17646733043261525,0.17401367258077793,0.09078782698053244,0.04022599603471375,0.3846979338100182,0.45908568910995917,0.05271061319190803,0.0764061784349774,0.06642926060474336,0.08134309304656902,0.2050520220732842,0.1789666489193275,0.2641378558250014,0.04426213484621132,0.10336177956219272,0.13067856500688746,0.04053929741255031,0.02982771585484623,0.122621569698252,0.11240891588902158,0.2728196172040781,0.12519047319910365,0.056501894914686844,0.1956660076282739,0.22946364738313194,0.17965640805748057,0.23692747888761784,0.08620272610068683,0.1426668013938708,0.13185131657379331,0.24558699455717,0.03692316691304834,0.2597873888296796,0.0783419571746958,0.1719684601208073,0.08156678414468703,0.08216170023079288,0.08746426743113307
Belarus,0.13565238193645784,0.2046655872589486,0.2659458976506495,0.15433632077660187,0.13962016459347354,1.0,0.13348936720064153,0.20305622946295035,0.16708527611122978,0.2011614575348798,0.15592265163693622,0.14763209974819047,0.18111571727891287,0.18835582308812945,0.13017989138008848,0.10745531605206231,0.15396652094710675,0.2040532985355946,0.14654146818855227,0.11931244150206576,0.1680738082023216,0.12482806733059743,0.15637545206234538,0.19823752490008595,0.12293732952259127,0.11551609889908672,0.24118992044187101,0.11610919997455418,0.1419565868162182,0.16654001558093204,0.14771980080470204,0.24763206466654886,0.1488057578611338,0.1319701490456848,0.18540889801180854,0.13239947923284054,0.13370691996004433,0.12376711032621095,0.27043434613210227,0.319934201537547,0.2100552318705159,0.12864528131561925,0.2082317305682704,0.1447894842290367,0.12074325952675839,0.17453182657792082,0.13754766684859712,0.41692506810791297,0.4855262985833169,0.11371167056038527,0.1275162806819918,0.16449289233967068,0.138849824182411,0.23303009070417663,0.1563165907200975,0.3013143821162522,0.13520881961164843,0.1761185259460059,0.2214187909260326,0.14265386223202067,0.12547563898570474,0.1330157979960503,0.15510600144672682,0.3009146900385406,0.14182206128559244,0.15280336781599055,0.22922096618312066,0.22490467373005463,0.17223581034671206,0.3103159497521452,0.18637092032604288,0.12286997913248496,0.11113456326693064,0.27476494177803834,0.13819070130432304,0.28433462155107914,0.15833426621815738,0.19139728801313924,0.1238452675479178,0.17041926794961818,0.15027181646949037
Belgium,0.1003510221445914,0.16606247173178018,0.27581993294179963,0.1414676984276981,0.1070570056385211,0.13348936720064153,1.0,0.17988024342305192,0.1001836611816534,0.19498932923847376,0.12289134249292313,0.1089430953585046,0.1571878988102141,0.13273244948874274,0.10710896046631932,0.11831095881156603,0.17928354761344795,0.22367232712541038,0.1743390325703182,0.09522942191077674,0.15971460527673464,0.11051636126936995,0.1586502631734348,0.18053880328975713,0.11166074934479334,0.07465725142221998,0.2678298966314315,0.11427812587236777,0.12137812683282674,0.1266206529502327,0.12992588018908105,0.2693560245757982,0.121739843449921,0.10412045613948792,0.21114031725072524,0.13607776702290478,0.10160747887692316,0.11077820695511134,0.24811639110039882,0.29917094656632987,0.1419306440310011,0.10540331783125224,0.144157851995803,0.1604444330048594,0.15521092762837985,0.12463327194531819,0.12112080763991115,0.4506110269044781,0.40400536575161217,0.09910441429872795,0.08258908224541825,0.13938887112925846,0.14030024475345468,0.2567410906665108,0.18456570812753414,0.25545375809577797,0.10984300478795049,0.17846012691070384,0.1709590463598488,0.1144937261028273,0.10132912366975252,0.14289525000200953,0.13552806548362528,0.27233153843772356,0.14734904075405683,0.10758680762999713,0.2123978881692168,0.27769169843449176,0.18081421726325164,0.2861296495445712,0.15632984442419007,0.12438447618325778,0.10051490729299231,0.2525583617617476,0.1102966007203825,0.30547947601929637,0.10491962633018331,0.21301996453616118,0.09995849922058327,0.13493863061475966,0.15202255525702388
Bolivia,0.1434460848615795,0.20562871268580457,0.33696699828621074,0.15804368347035264,0.13477034670521293,0.20305622946295035,0.17988024342305192,1.0,0.18283030890387558,0.2582127512794874,0.12272422132281015,0.14132936260792614,0.18747960613919157,0.15887660645845078,0.13907054364396126,0.14065927465359784,0.14831199267401754,0.21808827023524582,0.22333013740256943,0.17418740875317693,0.14805282861592314,0.14990708468173544,0.18729883936151204,0.3010819011717413,0.19724421626754127,0.19344316795194455,0.24411722301111605,0.1829734658326583,0.13276033581819283,0.13690161505134352,0.12868619488339142,0.2784486328101743,0.14199561471208666,0.12575372725229583,0.19147287866677,0.17008229675146824,0.12995624583968018,0.15486248940443922,0.24147864918815234,0.32696198213377775,0.197033230293952,0.14184603248719954,0.1760311829454085,0.23555392602383435,0.24037141901131012,0.16064998829680605,0.13637819312401245,0.37710163521314893,0.4388471808339287,0.13082558742592112,0.13940803883407174,0.15441038181471503,0.10660040356063749,0.24680199301824746,0.2434946949648488,0.24180550573665716,0.15973987273538473,0.17892602248337305,0.21408439224615408,0.10972728541618276,0.14487204248825622,0.2220978564855368,0.1987440561025009,0.319648847679897,0.21297407149223063,0.151086550061239,0.17271512810841902,0.27019960837735435,0.2409243499690092,0.30629299850201613,0.13851835364611303,0.2312951548312509,0.21619391404501356,0.3032889795314146,0.14733063488174952,0.26059037780931515,0.1532491006718704,0.22909641808357153,0.1498894149496113,0.178841797068008,0.16648912038998645
Brazil,0.11182401907292859,0.1750389094256924,0.31156990513636257,0.14167275593866097,0.11105068448958909,0.16708527611122978,0.1001836611816534,0.18283030890387558,1.0,0.21094002616827096,0.1143226029123351,0.12691873770723974,0.1543051802383821,0.12214194571319305,0.11307776361918341,0.1279321931529273,0.19762779130273453,0.2503555884184196,0.2024445919977902,0.12376736157269817,0.172946558798929,0.12301525806045249,0.15643475188200268,0.2023440422637521,0.14317176293469214,0.13773478958264512,0.25842340651242696,0.1390998220729547,0.12347115276092825,0.1266290957373105,0.1285602056058634,0.28470740608502426,0.10404792469458363,0.10959824571298209,0.21514585733437525,0.16230059032088154,0.11128350275250641,0.12749349825264591,0.2458198435284434,0.3238692989441656,0.11486103389297576,0.12823328896638,0.16517435169841493,0.17117005638174373,0.17136170876505896,0.11912785578835863,0.12035326392278022,0.4458426256674229,0.4288020545361923,0.10887857911603922,0.10852872865942371,0.11535894984219808,0.14348725428038128,0.2859590392747329,0.17414023655709568,0.29092765373318064,0.1307668389237293,0.17151403095761483,0.1407838214919074,0.1142470161973835,0.10325154255186436,0.1641851592633804,0.13298940385817065,0.28322570393915736,0.16469536907780402,0.10087289323534814,0.1876940387578967,0.29587799659531666,0.2033605962884215,0.28565189861606877,0.16655587251556778,0.15258956663057613,0.16130066806126792,0.2603984457442373,0.10980721916575308,0.30342810022925326,0.12339012630313423,0.222382094730833,0.13632432878734793,0.1531442023101208,0.16591742681118116
Bulgaria,0.17143574856187865,0.22659407980640756,0.21320800992459324,0.2206861242457204,0.19205752000752213,0.2011614575348798,0.19498932923847376,0.2582127512794874,0.21094002616827096,1.0,0.2113059113270344,0.19005496004220152,0.17700676014826436,0.1757328728802439,0.17232869777463203,0.2136012120315223,0.21342481734429386,0.13964589670064168,0.15326534373696,0.2196111410993298,0.25018221928950884,0.18780838660169152,0.1964851225631031,0.32229832122388474,0.22118612816733121,0.16571487037524726,0.30414720853987676,0.15226581893293187,0.19336370754457624,0.19824414796260698,0.2187692977872596,0.13441636502215473,0.19423559586876102,0.18689912449511742,0.2877650233811558,0.15076597256673857,0.19485305060002303,0.17501363991791025,0.2722816595619998,0.35097843933928496,0.23298227572388683,0.16354007360755102,0.2283983414769832,0.27622137191170276,0.2784112817558223,0.21793738337918614,0.1864528700748795,0.4123450223634321,0.4304264859675466,0.18241553987712247,0.18944371861758247,0.23400679161962165,0.18360727759729267,0.17180474690008374,0.22619381307354314,0.3647941441708836,0.19838793903594135,0.2319779625264347,0.20048726951628404,0.19405156901102102,0.1812039176276861,0.19761413127177785,0.1717405295200847,0.1494809839424753,0.1667699196848906,0.16704218045158953,0.2796566501601923,0.19269961131393845,0.2083075486183987,0.2776994877061889,0.20460449677105122,0.24511882839237403,0.17832078619265287,0.21538117748209676,0.18668937508403582,0.3635349198616533,0.18630837255612911,0.1417203795139353,0.17187229524633674,0.18015529996980267,0.1678721581441257
Cambodia,0.06693900455065147,0.16342291817487617,0.3097433098288179,0.11242232294755042,0.039133030555092096,0.15592265163693622,0.12289134249292313,0.12272422132281015,0.1143226029123351,0.2113059113270344,1.0,0.05739019748205583,0.09772774549680777,0.09933593169222081,0.056777504602284624,0.08384512701590863,0.13621479615800625,0.19611023064630215,0.16438651836546023,0.10686807577923521,0.1415957670979969,0.0707213165125803,0.11661867517276958,0.24549259116398606,0.10592535670127473,0.14301534966684684,0.20684666130306748,0.12071403268706894,0.07797592645555404,0.07586564574148229,0.05401026761688108,0.24848272472056593,0.04863490808116074,0.04970899982042129,0.15392501506445885,0.10759675176663909,0.059921860428968174,0.07165596042640487,0.18324795340960526,0.2896973343586544,0.15139143023360807,0.07548484814435338,0.1284303060509353,0.1781399027116652,0.17978552148410984,0.0951874274133699,0.058872728848651655,0.39070996337045527,0.46529682696974656,0.06773802587816549,0.08401223206291095,0.05760211647796178,0.0885184419126368,0.22496722839476702,0.18580070634026102,0.2584077806070431,0.06269000596574849,0.1060918154852751,0.14145473309012954,0.046914502553257006,0.05698529822635018,0.1417379551523737,0.14052333546762968,0.28313974021698834,0.14021124067552737,0.0764448307965735,0.1724256007448388,0.24282718612989412,0.18371196136661955,0.26092471658667843,0.1016327668209352,0.15241246038520542,0.15538851882714405,0.26618895878785037,0.06090776570998084,0.25494029951741215,0.08482153364981511,0.1863670792359384,0.10046511416992404,0.09734948183831285,0.10860235084122971
Cameroon,0.06081921374016821,0.16178701988625988,0.2811928814062318,0.10237925344665863,0.038408096443232814,0.14763209974819047,0.1089430953585046,0.14132936260792614,0.12691873770723974,0.19005496004220152,0.05739019748205583,1.0,0.09132724006056289,0.09264525758221437,0.04279684002881395,0.09397149930445181,0.12503695621961264,0.17750668694746882,0.13991658560943127,0.09946301721670628,0.155950800399076,0.0408846216449512,0.1073377735689723,0.2515443890627353,0.0830187098369749,0.12282892156259569,0.2057144849004523,0.10619849269496197,0.09198120316743645,0.06578200359533724,0.06326681521820414,0.23250752671549035,0.057760506394869675,0.04599490190631922,0.15919092261116552,0.08186434534346401,0.04589705056428187,0.0503981938751924,0.18819574730732783,0.26156560048408894,0.16170455341411671,0.05087022078305446,0.11299486056562881,0.18651090565658665,0.18642752829530873,0.09212825322949533,0.06249416844950694,0.38797812008607774,0.4503718966008403,0.06699561712292418,0.08337964114306336,0.08694178711432998,0.09529485711519992,0.20269043403650103,0.18687167105537655,0.25964632494963746,0.04209741579789201,0.10035266663809411,0.13953900296043134,0.05732443198894965,0.05091521408008531,0.13256358412172844,0.11670018872506135,0.26570193207698417,0.11191170673302309,0.06955782026379682,0.20777665266468873,0.22480626086082695,0.18084933849752077,0.2398961275162749,0.09741496670720023,0.14220459952253753,0.1304600523367716,0.24811608435826396,0.04635415428940253,0.26635572538956537,0.07050280205175773,0.1668678020560328,0.07799841100733981,0.07914730658461146,0.09536127819572027
Canada,0.09426224860653076,0.17664360272860974,0.30178564254845025,0.1381309555750041,0.0915412786685633,0.18111571727891287,0.1571878988102141,0.18747960613919157,0.1543051802383821,0.17700676014826436,0.09772774549680777,0.09132724006056289,1.0,0.10201042512086275,0.0864145594752065,0.14012892542122607,0.18066366263674866,0.17718610195333898,0.14009164593086645,0.14110579339502735,0.18430271081526756,0.09447576779063532,0.11270676034059687,0.2916828281568805,0.1282325577959071,0.16714690094199916,0.21684762735227145,0.1261264703284034,0.10936535043350049,0.11848408144960089,0.11355367965046125,0.21482920340556536,0.0959285355809735,0.09321651795915609,0.16803745971610956,0.10820882230708039,0.10843363247269722,0.09648037320185496,0.1559873352066993,0.3011231084427935,0.1878844178610033,0.09072208422681263,0.1261248898682689,0.2150866881115725,0.20739200266004204,0.11276608464806744,0.09968153556841747,0.38749456807767585,0.46940666547451515,0.11854609008375798,0.12027264321140893,0.1137985670403826,0.12993606813650416,0.1874647908414289,0.18563416812024022,0.2893283079582686,0.09429396505574723,0.1339978886833186,0.12108226785837663,0.10465138081703643,0.09903993145876068,0.1504958779780275,0.1470657956165598,0.24911556367758284,0.14056883118512048,0.09568005059116931,0.20185476431639837,0.22131329464217842,0.20618382251147183,0.21906610722592812,0.11672010610098146,0.17636138855052422,0.18128975886317544,0.27571448795616404,0.10169413191821065,0.3027173475352352,0.09215101156137952,0.16455682632514687,0.12198279259722734,0.08265568702382228,0.11097441145877594
Chile,0.08344660965815241,0.15534169559551234,0.30110277432672444,0.12352094234298085,0.08625699956369999,0.18835582308812945,0.13273244948874274,0.15887660645845078,0.12214194571319305,0.1757328728802439,0.09933593169222081,0.09264525758221437,0.10201042512086275,1.0,0.08335557407283908,0.1404871326515121,0.18336369072703076,0.18878073934233797,0.15991654224955637,0.15795248965533723,0.1593774842529354,0.10139225783768316,0.14380392471297604,0.27488982163914866,0.1538284824123346,0.1527693732410833,0.2283507006151164,0.14415403865382093,0.11114981885606463,0.09170894567566917,0.11508801967548968,0.2321807100525269,0.09584151036712386,0.0844955709879717,0.19303764409439392,0.1100040152614596,0.09515041134826503,0.09792616340533587,0.17632219044475367,0.2878649101839478,0.12951476067900178,0.10045502413985569,0.1257480517776249,0.21102094775077945,0.22142785555601446,0.09161182815354357,0.1033913946536326,0.4214857746434352,0.43249932535431157,0.11078392443470536,0.13070285861151779,0.11584843066173822,0.12258229313478829,0.2147695797830085,0.19814006653537283,0.2771919627243833,0.1088554718957603,0.15813747364721925,0.08023803263743298,0.08895973498958196,0.09334500318907066,0.16636743726029934,0.1294170859092478,0.2473077251164882,0.1549176557166402,0.047151006806587424,0.20724068108036575,0.24074246258665338,0.23375486942068502,0.22358046852735164,0.10710358684684414,0.18594819443415547,0.17300837338454464,0.2329167617833801,0.08982988221149364,0.3082863520195119,0.08815988739406364,0.1743549078533073,0.11305397196816357,0.11523122889848254,0.11481189730701825
China,0.03731777225247511,0.1686967158970347,0.2730272319140091,0.09990021278422277,0.028451990287930242,0.13017989138008848,0.10710896046631932,0.13907054364396126,0.11307776361918341,0.17232869777463203,0.056777504602284624,0.04279684002881395,0.0864145594752065,0.08335557407283908,1.0,0.07849120617634531,0.11968358272971442,0.16642138231581338,0.12908678747115648,0.10495549880110884,0.13456125298032448,0.037238320609501094,0.09986159811688547,0.24674764767380686,0.09730319436915777,0.11148309392231638,0.20241868114583716,0.0880326325941358,0.07481829176518924,0.062085722558057034,0.06606241159586995,0.220541825338838,0.042712082544789996,0.023181139577139492,0.15326580775830162,0.06342163488010608,0.049311267692875874,0.03520424471317015,0.19203929856930713,0.285581434213588,0.14008570215146915,0.04205951541275465,0.12404449729157546,0.1777173358546049,0.1746817140578145,0.09238514642279239,0.03830497810174451,0.37922273066053036,0.4543278303273735,0.04237397919195194,0.07466948883808507,0.07952232188891414,0.07301651284294595,0.19114367249337685,0.17184825661007624,0.26978876455135137,0.05089814972789134,0.1104069958319122,0.13129267617597262,0.04347957063769687,0.023238521701495905,0.11711493527140811,0.10267308072609867,0.2587363518053328,0.11844075573129685,0.049856714124987045,0.1969760272086913,0.21465404518741293,0.1786798955217446,0.23398985589655089,0.08416142498090286,0.1434671549148835,0.12349696294780783,0.2349233613618949,0.03464559458737817,0.2635144045515283,0.07468722503793708,0.15792079625784594,0.07925129632372525,0.08077497893559614,0.07532471459411356
Colombia,0.09033724691621586,0.18579370740562826,0.2945930302261795,0.12852807694929885,0.0755269145657882,0.10745531605206231,0.11831095881156603,0.14065927465359784,0.1279321931529273,0.2136012120315223,0.08384512701590863,0.09397149930445181,0.14012892542122607,0.1404871326515121,0.07849120617634531,1.0,0.1199160906246152,0.204968761511124,0.15947894718410807,0.09806501799931426,0.11737476160698151,0.08098276145193367,0.12095397620912288,0.21781889285681852,0.10478148136251297,0.12320013121327185,0.22023930249487936,0.11334935828511511,0.08401086932680307,0.10447890643567072,0.0777407396296427,0.25634811004240865,0.08388805958794324,0.0734649525499437,0.15195185261394564,0.10915179910672179,0.08699255594448434,0.08408789964071815,0.21679616284593292,0.3100935302842336,0.15734653953838512,0.09320830383358043,0.16446069426871415,0.1535756228005311,0.14183135885124626,0.1303635972199291,0.06792411767860727,0.39681380596620186,0.4822803047869533,0.0629692606544175,0.08295352575658128,0.08821234688929717,0.0819347321911458,0.22925917993148048,0.15470762322534043,0.27261577946347554,0.08649664582385555,0.12710006172377047,0.17345031705622316,0.08191475590603697,0.0705109011546631,0.12000721793554504,0.14110906162125442,0.2982612737552468,0.14277382731484026,0.10515271016008873,0.18750885974308418,0.23996654847938861,0.16711999211741435,0.28126806461649967,0.13036057002317722,0.12762298642437064,0.12702731028931263,0.26572351590346743,0.08319455479450323,0.2452479640159366,0.12394627301525933,0.1987840882558276,0.09427251875038406,0.11824290311866088,0.10458212682367603
Costa Rica,0.13215286549835187,0.22087766750437568,0.2793344876240791,0.17038024654614195,0.12354024215954588,0.15396652094710675,0.17928354761344795,0.14831199267401754,0.19762779130273453,0.21342481734429386,0.13621479615800625,0.12503695621961264,0.18066366263674866,0.18336369072703076,0.11968358272971442,0.1199160906246152,1.0,0.1669023308952849,0.163908504410143,0.1660646540114002,0.16843546220158476,0.12351745659780554,0.15958112350135165,0.2964064851021501,0.1594360343889639,0.1599765203667318,0.22350801221326488,0.1408057465006353,0.15077612309424715,0.13141063014851034,0.11960694556588376,0.2311918715423395,0.12976264760092168,0.12343777899433078,0.18601876269416096,0.11600818763247397,0.13469539341034178,0.12366346536291288,0.26399277113285774,0.3010534420904706,0.21839057513935153,0.12186758654645795,0.20865699102210278,0.2385308774441216,0.23088101215281592,0.19563949183897636,0.11411127574331249,0.31567535221910586,0.48532460921858966,0.11117694931705528,0.13669362805801366,0.15847039610921893,0.10107837725028136,0.17878404602997577,0.22647095759144165,0.3132640608795595,0.13119333570290143,0.1314536274781592,0.23087644000306995,0.12506583850524988,0.1186286330317263,0.17013519800785737,0.14975435204153065,0.29445276603814713,0.15866966410971195,0.15489373231295953,0.2553531916323177,0.1964986308481664,0.1840744283550217,0.2724421320123962,0.13458081711693767,0.20542294244039916,0.15402042320422626,0.25326975303837385,0.12651392294871433,0.23561163385862088,0.17163733624040647,0.17469234849241072,0.12851916020357013,0.15124463560052123,0.12477276212849582
Croatia,0.17405686394366926,0.2263690137110442,0.26854875387632293,0.20030876734491426,0.18184819537038496,0.2040532985355946,0.22367232712541038,0.21808827023524582,0.2503555884184196,0.13964589670064168,0.19611023064630215,0.17750668694746882,0.17718610195333898,0.18878073934233797,0.16642138231581338,0.204968761511124,0.1669023308952849,1.0,0.1383604197102291,0.22973784278437545,0.22841172940510765,0.179992250534498,0.19829589760042893,0.356256587675542,0.22166936313230862,0.19338590457074878,0.24717353900860822,0.16079196453319997,0.1890997083490289,0.18953402598786276,0.19743071178776136,0.1224779567803045,0.19101929534234416,0.17627776148413035,0.25315390088208084,0.13804955391654178,0.18914359406731324,0.16146556211967814,0.2622945801691198,0.3354044951605263,0.26022162954011535,0.15123019050376188,0.21435779247700407,0.2819529788526924,0.2825325492373411,0.21752181834414794,0.1722364898320979,0.3591453479695248,0.4774663095200682,0.17958193284258547,0.19791000638405243,0.22142718545225587,0.15904825718254012,0.11007399066915279,0.26137310051823354,0.33949592396823575,0.18953438737108233,0.19822825294795343,0.23154967400847004,0.17425119181026905,0.17955903615841953,0.19828575361061415,0.20153887368057796,0.21926571136579126,0.1702180094244697,0.1798095893356786,0.27590067258457274,0.1303277009874987,0.23264410882147624,0.2652931172591022,0.16152984150459396,0.26045006012726246,0.20554576715244408,0.22822032877094206,0.18279592949515316,0.3181315992677703,0.1927861707278314,0.11201631375119402,0.17875095364016558,0.17363768584907568,0.16363799344284952
Czech Republic,0.14303348969203802,0.1958246998113869,0.27910907876438346,0.16662692749828423,0.14377151047888972,0.14654146818855227,0.1743390325703182,0.22333013740256943,0.2024445919977902,0.15326534373696,0.16438651836546023,0.13991658560943127,0.14009164593086645,0.15991654224955637,0.12908678747115648,0.15947894718410807,0.163908504410143,0.1383604197102291,1.0,0.17035566319689893,0.210712058182975,0.134742360006655,0.1870288530958414,0.2972948539998461,0.15795279217538227,0.17040979603858689,0.1980187748640429,0.11173578215970863,0.17577898563924704,0.15922791071297618,0.14258498871882083,0.15374142242514544,0.14444847475525935,0.14077936318733375,0.1853088926502935,0.09895087036524686,0.14692177654016553,0.12559962187820495,0.2255963997253746,0.2681722836726409,0.22149426238712988,0.11248807097780625,0.17742252697225547,0.2397245268348666,0.2149233438545625,0.1859991072167475,0.14236094622956572,0.37638323931031575,0.481785743154317,0.14367628601915533,0.1681859076887853,0.18016156962503452,0.15358928743978068,0.15153075019347478,0.19557727097799696,0.3199962745956435,0.13490595260697735,0.15981659353713878,0.18003462416024102,0.1567466121421026,0.13598795784156098,0.13182073253304558,0.1557912326873732,0.22217486834291716,0.11148079935878201,0.14116027443432996,0.26657646873674024,0.1250665120983386,0.22356989811414213,0.2354160784117138,0.14900199375965245,0.18289321305196768,0.1532834456661003,0.23158613677978823,0.1396934985359138,0.26976900685745847,0.16337548312456404,0.10310595401436637,0.1446375935116316,0.11533062336766672,0.12991335037758084
Denmark,0.11182750585471896,0.18532526344627026,0.27581914152501597,0.13504268945706607,0.10515918609732085,0.11931244150206576,0.09522942191077674,0.17418740875317693,0.12376736157269817,0.2196111410993298,0.10686807577923521,0.09946301721670628,0.14110579339502735,0.15795248965533723,0.10495549880110884,0.09806501799931426,0.1660646540114002,0.22973784278437545,0.17035566319689893,1.0,0.17684892238504338,0.09736856691723436,0.1284141191716734,0.19119183440371856,0.06881888452118247,0.12100390914370183,0.24988185863380794,0.09872791317327943,0.11408518717681304,0.12175691484025684,0.1089822071934589,0.267407481700551,0.11198384889328629,0.10047025748031659,0.1636372907399369,0.13891317943204315,0.09606123232047928,0.10645551769532201,0.23286253224473058,0.2987348673320351,0.18558565032230187,0.0972351475798508,0.14608418033228898,0.13913415053491587,0.13221367731942035,0.1278551879286656,0.11023154605792673,0.4290829394609211,0.45342936838580206,0.0981687985309235,0.07758267188891305,0.11716546725149629,0.13181742310628675,0.26120675828558243,0.14965651635796362,0.2516612719011942,0.09948065368482421,0.14607332713947957,0.1866084261216156,0.11352849650114702,0.10060955666528888,0.12724836487868812,0.15704481066193024,0.300349660153945,0.13278707337504597,0.12713283243248047,0.19410925880619928,0.266277059160317,0.16373084840449065,0.3113057977953831,0.16517459473878296,0.08066950873734945,0.13044127263260594,0.28277952299814635,0.10735169878180052,0.2730654212237238,0.10940906976153872,0.21632852961504787,0.10890669792569815,0.1276348346179509,0.15551223652385598
Ecuador,0.1288579861824121,0.2129862774283467,0.3308104837167078,0.16076275296356207,0.1322911233724777,0.1680738082023216,0.15971460527673464,0.14805282861592314,0.172946558798929,0.25018221928950884,0.1415957670979969,0.155950800399076,0.18430271081526756,0.1593774842529354,0.13456125298032448,0.11737476160698151,0.16843546220158476,0.22841172940510765,0.210712058182975,0.17684892238504338,1.0,0.1473956890538318,0.17832369911396012,0.24476403582597864,0.18277732523397583,0.15583881987410447,0.26666560658016975,0.17246674900441544,0.12087087840291932,0.15168922857334288,0.14988403855780727,0.3001643673034284,0.15413785076257966,0.12238346399501789,0.18272601912875866,0.15011641991498836,0.15715679052289538,0.1379779354144769,0.24355592937997406,0.3650112774190725,0.15214123140234026,0.14816152119980625,0.19050575007982756,0.17616237702141704,0.18076009699963888,0.15699172146385842,0.12982897951179964,0.4237129359785593,0.48079752302510875,0.12935878036410614,0.1408032533679367,0.1448807645951677,0.12415743592178581,0.24544881377939232,0.20186424619534477,0.26576471648381206,0.1547871628428155,0.21110887585875776,0.19130949050808138,0.12781671139704706,0.13370034079678572,0.18610042317343328,0.171154605508289,0.34940589784815135,0.2273797154116578,0.14255131324809492,0.2110100873372694,0.2863884606249276,0.2545051866131929,0.2658035102747274,0.1289368769291309,0.1928202492092063,0.1828744260658002,0.2736259361788597,0.15373766323453256,0.31129703931170766,0.1571901616837027,0.2491462006126844,0.14083914294827893,0.17695032273090341,0.14135701754689411
"Egypt, Arab Rep.",0.06458635494248889,0.17202327511838403,0.2758781695059921,0.08592999026056838,0.046416160140102115,0.12482806733059743,0.11051636126936995,0.14990708468173544,0.12301525806045249,0.18780838660169152,0.0707213165125803,0.0408846216449512,0.09447576779063532,0.10139225783768316,0.037238320609501094,0.08098276145193367,0.12351745659780554,0.179992250534498,0.134742360006655,0.09736856691723436,0.1473956890538318,1.0,0.09858166287632031,0.24322457668523514,0.0776681936220236,0.11691446896623345,0.19223612620537092,0.10158179215045965,0.09208769339821127,0.07172992795719728,0.07111982711257907,0.23456073521149196,0.057000645880432965,0.04459795801795141,0.1487483466359222,0.07931993020288312,0.04742045102550367,0.04720216027732416,0.2027886182220664,0.26842832597921407,0.15964067388203126,0.05391741099660234,0.12211785914554382,0.17385098213129002,0.16619351774486327,0.08988121370331792,0.062437103122631524,0.3863425500203097,0.45585706543545795,0.052500653301870356,0.08269296953769831,0.08807158750516364,0.0941710370534418,0.2017461960658745,0.1777418635040603,0.26740800850210533,0.04194040451075129,0.10221091357979685,0.146297843472847,0.05831608049306578,0.041730908738206,0.12725045792484138,0.10427281620333805,0.26997379606810107,0.1098800052754448,0.07279001562274046,0.20720782565091952,0.22050098893762263,0.18147138923201125,0.2375721164593215,0.10687112007937108,0.1343189294873514,0.12371380859631063,0.2567118301949582,0.04361059027274764,0.26985598267817196,0.07310935404044887,0.16300345729452836,0.08036587295632903,0.09019538041556985,0.088373951811842
El Salvador,0.10149432170031593,0.21363154973434895,0.269166239484842,0.15616401445616276,0.10406047701804108,0.15637545206234538,0.1586502631734348,0.18729883936151204,0.15643475188200268,0.1964851225631031,0.11661867517276958,0.1073377735689723,0.11270676034059687,0.14380392471297604,0.09986159811688547,0.12095397620912288,0.15958112350135165,0.19829589760042893,0.1870288530958414,0.1284141191716734,0.17832369911396012,0.09858166287632031,1.0,0.2694716038371168,0.11664545376466783,0.147756499148725,0.25741484039002444,0.136318636250513,0.0916188938120184,0.12187195347781962,0.13327849802121192,0.2559007224936807,0.11807447696129729,0.10282802199193045,0.1830607844527806,0.12608771948209582,0.11753113680419591,0.10525433051973163,0.20912627418731372,0.33810621341303865,0.2001517334962533,0.11888330415107588,0.17779889682276592,0.18336710501831358,0.1955800429862842,0.1330307255382147,0.09413924608364829,0.38841972799015634,0.489337945623833,0.11770166783163136,0.10983253349040513,0.11698744625730524,0.11659933701787904,0.21670362626562864,0.16974174354863084,0.3059339180816414,0.11601593081483558,0.13689380907148033,0.1734942410535918,0.11076832908534369,0.10257173111284995,0.14396728308216475,0.14918000543694923,0.29843085916983897,0.15328339555114404,0.11912857817203143,0.2202720826813551,0.254791557154927,0.1606279269666156,0.2725054273977033,0.14972807612883274,0.15666364221367085,0.16909747571949968,0.2748345534616015,0.1053860792850316,0.3040730235947701,0.12402365283887593,0.2084441997667329,0.12013172259882605,0.13527435422693568,0.12859820270884484
Estonia,0.24326296172252912,0.2719673345660879,0.3453921624790705,0.24721212062397344,0.243695872833922,0.19823752490008595,0.18053880328975713,0.3010819011717413,0.2023440422637521,0.32229832122388474,0.24549259116398606,0.2515443890627353,0.2916828281568805,0.27488982163914866,0.24674764767380686,0.21781889285681852,0.2964064851021501,0.356256587675542,0.2972948539998461,0.19119183440371856,0.24476403582597864,0.24322457668523514,0.2694716038371168,1.0,0.20664811810989434,0.1937475141204837,0.36574923632658723,0.2350295982856932,0.24332553721435707,0.2580970669704716,0.2567534828757782,0.3910933211733531,0.25270747046526043,0.2425981661101005,0.2991423537528584,0.2682372917307149,0.24008279942878494,0.2371344650266837,0.3568415440093815,0.3943232690148127,0.2342942468328109,0.24906373032072363,0.28133000128184676,0.13294631775431603,0.1547745921933743,0.24198138810505027,0.2527437779762358,0.5806019817869094,0.5071581364982622,0.22799554978562908,0.22262109420096698,0.2386328257548445,0.269459785999177,0.4012351018143989,0.2277148271298317,0.32509707579081687,0.23947932770587443,0.29728562656590024,0.28973339923578495,0.2501628333547167,0.23491311800156597,0.23716198412608802,0.2614142100468475,0.4083852253661197,0.26659886869992977,0.2484786016623192,0.2821821153373847,0.3955430094068889,0.26349620267421414,0.42280029416585907,0.2997405730679033,0.1587826212080993,0.1992267699927556,0.33915355745830406,0.24631143482057952,0.3868226871308624,0.2410070117721465,0.344544048549494,0.2368202477281174,0.28120909156650375,0.2795083146250866
