Country Name,Albania,Angola,Australia,Azerbaijan,Bangladesh,Belarus,Belgium,Bolivia,Brazil,Bulgaria,Cambodia,Cameroon,Canada,Chile,China,Colombia,Costa Rica,Croatia,Czech Republic,Denmark,Ecuador,"Egypt, Arab Rep.",El Salvador,Estonia,Finland,France,Georgia,Germany,Ghana,Guatemala,Honduras,Hungary,India,Indonesia,Israel,Italy,Jamaica,Japan,Jordan,Kazakhstan,Kenya,"Korea, Rep.",Kyrgyz Republic,Latvia,Lithuania,Malaysia,Mexico,Mongolia,Morocco,Nepal,Netherlands,New Zealand,Nigeria,North Macedonia,Norway,Oman,Pakistan,Panama,Paraguay,Peru,Philippines,Poland,Portugal,Romania,Russian Federation,Saudi Arabia,Senegal,Slovak Republic,South Africa,Spain,Sri Lanka,Sweden,Switzerland,Tanzania,Thailand,Tunisia,Turkey,Ukraine,United Kingdom,United States,Uruguay
Albania,1.0,0.7918040820630831,0.511268214531945,1.012024738528354,0.5919059575943886,0.5409706014983382,0.5215930577801801,0.45840677078972303,0.7296053592439204,0.27406633930122326,0.4030638585861026,0.3702024228685062,0.5486760582703607,0.43590571712155946,0.4651519294697742,0.502558966239653,0.32310091878522235,0.31952859102921816,0.391915668305427,0.539920530751844,0.38431511697318876,0.7100784603472704,0.540656434640707,0.38442287817304754,0.5495934722149829,0.5872271822703452,0.4603642189968719,0.5170062803903869,0.5828431502270744,0.4669898177397221,0.4731427737655331,0.3774366978755641,0.3560468052944746,0.37779064205995566,0.5247480238841921,0.602452424581079,0.6633846325296111,1.1638332930334978,0.40780315045285814,0.7904125272732536,0.33247475470353766,0.4492739223500076,0.41966274338024434,0.37033395274964853,0.3536061904332874,0.47885766218972126,0.805333254791464,0.8306918472580741,0.34028791283327725,0.44940992069668934,0.5367404801579432,0.34470778633094357,0.5744548907255743,0.30197861712913926,0.6117032583735841,0.6460171070233335,0.40882108482811685,0.3818665013817923,0.5006863992857084,0.4001409087160382,0.4346333348457819,0.25796980542774395,0.5340734765955916,0.4235166726246624,0.8330774005437029,0.5606910859009375,0.37460646861177416,0.28452129150540423,0.6085831669151264,0.5290773043774888,0.28872418846870107,0.5703838162967246,0.5075272686076636,0.5235917486657681,0.3592307422757265,0.5846795279668979,0.48574257092206086,0.7513323401864364,0.7226525366081631,0.6315483092447735,0.44527998073646574
Angola,0.7918040820630831,1.0,0.6857751848841958,0.46267077991919753,1.3294480491394833,0.42548278975934545,1.0037205628855692,1.0431701301665048,0.6420699403019046,0.7526537653495549,1.045540382518225,0.9631282251828375,0.9522710136388479,0.7887304473577568,1.042691572536186,0.722423533691471,0.999925156776106,0.744113214437353,0.6994442972206959,1.0213819995144586,0.750624772285945,0.8894513796250062,1.2143033424568854,0.7952370928584012,0.9523171290389879,1.035943545673483,0.6693172367053175,1.0322395960518276,0.872413286573114,1.017705268967083,1.1471292443892955,0.7950705602030235,0.9721729493370396,0.7739921829835039,1.330516364043328,1.0646230758668536,1.2658439189216342,1.4990969708228898,1.0523248454480378,0.48195147728437465,0.9854223776176997,1.0444991994242074,0.7645348612455176,0.7333019410940274,0.7554241832028978,0.8604049495790955,1.306555263042681,0.6704026888996347,0.9903820439661155,1.107119048354959,0.9710695185154248,0.8083398351401507,0.456323443642561,0.9461264225566406,0.7993011641715251,0.7701355657410003,1.046014649140109,1.0661394321209023,0.7763258355245295,0.8667756249380838,0.9870459701151364,0.9021155292987848,0.9651343844968263,0.7924667676220889,0.4506360572166328,0.8009978481031699,0.9619102282526211,0.7739323856586342,0.8763001111998443,0.835533639085292,0.8211240062579865,0.9264936030683631,0.8368876394205405,0.9962753058195697,0.9921572126633098,1.0171809037575308,0.7153974341368889,0.523115201937944,1.1299480466599459,1.2872870662727194,1.027618772535189
Australia,0.511268214531945,0.6857751848841958,1.0,1.1159489706616836,0.7735070233379434,0.6371440708140967,0.5332877117141028,0.6353853767571764,0.39692648403125674,0.5570740082091402,0.6947470308517045,0.42587847130769874,0.50274058529742,0.3580613690094488,1.0394174842190764,0.2482593313891861,0.5881747246473621,0.3174833311242695,0.38269979459876957,0.5502243725995546,0.47969801104780563,0.43938362098430317,0.649802563085077,0.5774969392445057,0.5238462886973332,0.6197000033962048,0.6126088073912874,0.5012006419297025,0.8871266045698322,0.6704891198449898,0.6123086061951433,0.41448871428247974,0.6877720529620461,0.5900929869298663,0.6632914158324774,0.6450599270094537,0.7299337281294216,1.1030851927410334,0.5169420605565598,0.6421664186160917,0.7163440573527914,0.520177664324941,0.5225913710354348,0.5840395306196169,0.5750086323968959,0.3067602395801224,0.8071448609167853,0.8518524436087282,0.45899769575767363,0.7511846363539885,0.5146365569526601,0.3625245660046027,0.5230505476221196,0.41841792382511656,0.4239606137734152,0.44438788825706654,0.5731968324061328,0.7070318434542427,0.49429446721397996,0.42219361704709624,0.5544197657799359,0.45989738983154627,0.5390336148151826,0.595794094728822,0.7180318568540269,0.31262293602297375,0.49886574627011665,0.4382791053657201,0.37148377774646746,0.4643374262885649,0.723022114194876,0.48941434151845864,0.4000897413840844,0.5790755369612979,0.4903096557164398,0.6103566027036258,0.3821420050848584,0.7180702585882229,0.6859373099002228,0.7581895191076412,0.6765129890290607
Azerbaijan,1.012024738528354,0.46267077991919753,1.1159489706616836,1.0,1.609523950916917,0.5172223803909465,1.3292609541868752,1.3559109812909607,0.9384909178725658,0.9516606205747385,1.3244889660651196,1.2954999598060954,1.3122830754478465,1.242773447701649,1.1434788040625787,1.0438510784888373,1.2525998638423705,0.9580658256213317,0.9752016264189749,1.3197402584636744,1.1942953461229664,1.197645849868881,1.6500644169325032,1.020345471393414,1.2449879354173041,1.3023955862250571,0.9518444594295788,1.4041795252646785,1.0618497516259147,1.435358813280641,1.5679250315016415,1.0887895195540493,1.1102700325712112,1.079014835134605,1.7458025377591189,1.3120329409674225,1.7081482823744385,1.9004940226553158,1.277412099813073,0.5414146267312907,1.2485724067417674,1.4145001339338354,1.0325511302903398,0.9696626291541299,1.0741017966973128,1.2850308736419058,1.6433350647945355,0.987212736599069,1.2677674462141255,1.3596380976027522,1.2170894036523838,1.1925092093523544,0.6468522910101776,1.2316185638101755,1.0800711757339494,1.061154932685538,1.423504241671701,1.2734430025309549,1.2090616700095176,1.273742758650978,1.3548507262877534,1.140330047957613,1.2633944563951953,0.9958693801954482,0.5736245153114979,1.2230317556821353,1.2877048350362545,1.0948549818929836,1.1418796332867507,1.137296527265643,1.0571922255566955,1.3302434001754182,1.2639432164702176,1.5230757764910794,1.2476740765886656,1.288807323402187,0.9029003195848517,0.5237799549402133,1.4387978350308375,1.6882947885284187,1.3060082691516752
Bangladesh,0.5919059575943886,1.3294480491394833,0.7735070233379434,1.609523950916917,1.0,1.0585688193810598,0.7440613106512937,0.2896845817284429,1.080948079833648,0.4933631832714654,0.31606625227959256,0.6453744753925656,0.8643739857384294,0.5543834882052965,0.6286533061653758,0.8070308403360706,0.348049603431456,0.6926582582807517,0.613797009259724,0.7815555050439656,0.4727444334913231,0.7601598209392884,0.6722293364191427,0.5857118873221503,0.7858192268522877,0.9017479064749447,0.6784873311953634,0.7485019167548124,0.8706967097345446,0.3881021153201767,0.5365909029525522,0.5759722706443191,0.4175098350559073,0.5927887140003847,0.6588463636813668,1.0104688927093997,1.017593229846636,1.7577795885471343,0.5286461431929601,1.2240359064581752,0.3740463395561369,0.41921598348907807,0.5648208112622152,0.6910362370994619,0.5303829761753798,0.46737229847546014,1.3326453367469853,0.8669702445591175,0.5836131845007453,0.3366846591864217,0.8173545775199813,0.6015972641396292,1.0935318302435413,0.43711298555464484,0.9804986113929217,0.979072938725657,0.48603251546049914,0.27706461571008956,0.5945683893766208,0.44052632686715665,0.37174044933555483,0.5209840786263491,0.8077741535666267,0.6195914951893895,1.311811713923071,0.700401960905009,0.6552920092984484,0.6431442290511737,0.9735881664280851,0.8645362666768299,0.5031745755395363,0.8491769300438227,0.6256201703789546,0.503203214720434,0.2983382904267535,1.0759043847540972,0.9455294673581954,1.3510472336023747,1.134340841804484,0.8662984426096451,0.4641732378136501
Belarus,0.5409706014983382,0.42548278975934545,0.6371440708140967,0.5172223803909465,1.0585688193810598,1.0,0.7678525757165531,0.9165362503611759,0.6068796013768799,0.47959961851880184,0.8637050642901781,0.6768873422098433,0.7700010914303137,0.6648882341106208,0.9154754916690189,0.517917946084201,0.8739158107917755,0.5044957255650386,0.512111340680016,0.7713355753966555,0.5862374611686931,0.7433088828825144,0.9549932765085236,0.4536892489383953,0.6980500864598199,0.7707598282350272,0.609878701133131,0.767312019599477,0.7934235721477877,0.8979083293291265,0.8707360359251186,0.5772824646772203,0.7948601053579087,0.6361801505250029,1.041609938226783,0.7967767806586146,1.038809050573931,1.3671490998809817,0.7735782525685813,0.4831332539245281,0.8173250775389318,0.8692992593651702,0.6283412119453762,0.49585441317563433,0.446717648641802,0.6495868200498899,1.1535461901193764,0.7040231293537317,0.71322189274246,0.7825387806026303,0.6857632174544619,0.6131446432726129,0.44149420712836623,0.5946890503768685,0.6139545167019396,0.6114572160667788,0.8838589842654513,0.8864515333995121,0.7263171148124306,0.7295179671534069,0.8282949852907172,0.5031409943752457,0.6937050059617539,0.5347089153620442,0.48330982489651064,0.6502281026437252,0.7306427327541956,0.5274946086856773,0.7086410455597459,0.6881789952994516,0.7175242563425737,0.8313847348435817,0.7355049003974253,0.86693868465226,0.7307968233396387,0.8153875855677186,0.5595237986693623,0.44020517470567755,0.9409278880280814,1.054911749693249,0.8494376540534551
Belgium,0.5215930577801801,1.0037205628855692,0.5332877117141028,1.3292609541868752,0.7440613106512937,0.7678525757165531,1.0,0.7712256152252356,0.8011952900904571,0.6128206716305389,0.723573499966491,0.24248121763288008,0.2602102533933198,0.591444087082992,1.2785488326293561,0.5847340720308201,0.61564604660942,0.3452642719427223,0.398746141527689,0.06971980955523005,0.6177743307192798,0.5446424529839778,0.36311912227640386,0.65688490840122,0.10191243951995804,0.16682214396390546,1.0480259051752676,0.1930661170712678,1.0680969763279058,0.4555454680350446,0.3720317364200984,0.34849930640569743,0.6852938792212381,0.8956928649440357,0.4742319336157129,0.33031237528929536,0.33857691840942333,0.6165942161796536,0.39147428320225774,1.0619524481648774,0.839028666893225,0.42899287677569736,0.8609981656343109,0.6610904495855845,0.7399729476647892,0.48366799398545335,0.4465345215054677,1.494816966515034,0.2772170982756821,0.9843235288226644,0.15997245239106497,0.5365216761628051,0.7544579614484341,0.43005698274458487,0.39403292963539593,0.5920254394312114,0.41621280905934377,0.7622961201101279,0.9127437952423181,0.7209270506456658,0.5969060466665406,0.5134294549038245,0.22960952922147823,0.8095175413845304,0.9899803755642268,0.473581713614533,0.19880584939990945,0.37487436920053935,0.41403763902776747,0.2313071826237939,0.9713082928021639,0.22543381377921762,0.33389195781156294,0.48921835595722796,0.5718972367360448,0.2745560518593212,0.4961779162438775,0.9257407025927039,0.37811455610071654,0.3676257051924738,0.8647486836121687
Bolivia,0.45840677078972303,1.0431701301665048,0.6353853767571764,1.3559109812909607,0.2896845817284429,0.9165362503611759,0.7712256152252356,1.0,0.8563261592321061,0.41952999136774616,0.3135544108758978,0.6554021960113066,0.9564762546735763,0.3648258157073576,0.5708114490767922,0.674179050375382,0.25111075344102035,0.6516983821501857,0.45868900966464227,0.8188192235616891,0.3453652514666781,0.6089984127847203,0.692492208127067,0.4882186065143401,0.8119840990299388,0.9526006778074163,0.5651862335554565,0.7621931048613966,0.7249851744001606,0.3349141216061394,0.5237019791046732,0.4266654279143292,0.2500303124008979,0.4024817572097563,0.6491733501025523,1.1372011813411238,1.0216165235989791,1.8110896866717356,0.46339039122584164,0.981090720207177,0.27347911952978665,0.3995951922810511,0.4076682045611248,0.5293238733351617,0.474364262894598,0.436173639190095,1.370292907149117,0.7546922924243544,0.5793405465343533,0.38252782081236525,0.846021060286632,0.46641431179813614,0.8461421234680071,0.29800952836084615,0.9699825229320455,0.9205331669848774,0.3852279534570629,0.22138122838872884,0.4526828804416201,0.2652374295094775,0.21764386291098137,0.43293284156785544,0.8116428014699482,0.5068885393816064,1.1513719664154256,0.6243615389296395,0.622672704813449,0.48776016667101785,0.9651257081058489,0.8836616236752185,0.3207760772089004,0.9121362819745612,0.6455498511913718,0.41306031449939423,0.2277323847800089,1.110056494570623,0.781705638891983,1.2214375051434296,1.2383620350190738,0.9015760181227845,0.34646713801560514
Brazil,0.7296053592439204,0.6420699403019046,0.39692648403125674,0.9384909178725658,1.080948079833648,0.6068796013768799,0.8011952900904571,0.8563261592321061,1.0,0.8293204458739638,0.9155212827039296,0.7268982669829378,0.6989823740468799,0.598444143615583,1.1724494061926658,0.36102237346609833,0.7866415045247364,0.5541384953870679,0.48330076167765335,0.7722304574190891,0.6594826801388226,0.4471439676635936,1.0114540902703695,0.7298961918802294,0.7297906649899216,0.8280032221483511,0.7516601811322325,0.8211163365883989,1.03742916291375,0.8576879892488449,0.9438346734231575,0.5000618598963223,0.9154206358670511,0.729508272850917,1.0209018194718815,0.792212126107642,1.1120291415590002,1.2974929538401119,0.8009529013615653,0.6873287475222156,0.8560461625461678,0.8106009960997914,0.6489569961616917,0.6355120425594649,0.771462254676524,0.6157744232768692,1.107417989642049,0.8240765983895822,0.8152587026764622,0.9308013803730864,0.7559311077003246,0.6125494913619154,0.4999842412377611,0.7343558948731181,0.5884937424760625,0.5138661984025648,0.8715938229225932,0.9373068915816857,0.609010678813194,0.6258719376562214,0.7348045283681426,0.5813512267615895,0.7800097113133966,0.6944172578826946,0.5969877830921684,0.5583596898396126,0.6857733403343309,0.5584444097129189,0.46802460435235166,0.6856503267221916,0.7694241788193894,0.7889276942689952,0.701657192205742,0.780522650720745,0.7642171880100308,0.8314126745053971,0.5133581921030361,0.6687761267614102,0.8494922888089617,1.1396842335793747,0.844472165078177
Bulgaria,0.27406633930122326,0.7526537653495549,0.5570740082091402,0.9516606205747385,0.4933631832714654,0.47959961851880184,0.6128206716305389,0.41952999136774616,0.8293204458739638,1.0,0.39245328382787403,0.49975975207575796,0.6890459824227438,0.39308351758141574,0.42689691764606785,0.5859414509633737,0.4110785605551859,0.4554697248423386,0.3862779928403541,0.633228756871552,0.26282818066487235,0.7693060611099174,0.6354115195085865,0.3089409092786733,0.6060459891679382,0.6804652031203607,0.4413163195178408,0.6377163308202185,0.5401225830729144,0.4553609737861588,0.5220020150938793,0.374545694586492,0.4058963961453514,0.34978855587295876,0.6486466767740955,0.80647873811871,0.8537469238563796,1.4351031328361397,0.4887467336377715,0.763878696129402,0.3601410495375028,0.4699841213080289,0.43694932623911253,0.32217939854322186,0.2511923854843836,0.4513229071313696,1.1191869536615693,0.6451155932636798,0.4644207136816403,0.39970531967400597,0.6210423690706097,0.4279797893896345,0.636629482875745,0.3167711474743865,0.7599259053654861,0.814634658183286,0.48343919477879177,0.3939001905859195,0.43405552877220616,0.4242031210908288,0.42601728541290235,0.34041906511666065,0.6298864357758027,0.30676051107412294,0.8216510626570815,0.579938873762897,0.5528380978422377,0.35582102266988697,0.7409815620290239,0.7100050323434097,0.330968499786714,0.6734635202834678,0.5447322325711624,0.49840334327671304,0.3696899123385027,0.757056271132018,0.6194637866272815,0.8055498361012576,0.9562755616638099,0.8166483541197402,0.4660020953394842
Cambodia,0.4030638585861026,1.045540382518225,0.6947470308517045,1.3244889660651196,0.31606625227959256,0.8637050642901781,0.723573499966491,0.3135544108758978,0.9155212827039296,0.39245328382787403,1.0,0.5860461940395603,0.9580956181805445,0.43841772540767987,0.37586932678512835,0.7596588714208601,0.3174402319619893,0.6316026015158946,0.4767364025574683,0.7605733180576146,0.3633870973362313,0.7813610151090883,0.6644117146147028,0.4517741540188536,0.7792758397379639,0.9270300723971503,0.5026678653870678,0.7548292089218991,0.5524958661214703,0.401369341728025,0.5220201843353383,0.4601106161156727,0.2513667814273852,0.40338640220082134,0.7124441277079308,1.0601390835677604,0.9882313071432929,1.689457851663522,0.47679214250044555,1.0103297850361093,0.21595345385846026,0.4149948268675156,0.46589649174098624,0.50443362567368,0.44839218421044824,0.48016629799228716,1.2926399043886523,0.7000433830787983,0.5799389439770115,0.2531978331757718,0.815626840619047,0.5000874741021148,0.8689174857279538,0.41893940471544616,0.9811013774495828,1.024432068397911,0.5013424335566421,0.23899273105940677,0.4703732951388359,0.3168411236999634,0.346576503361629,0.47719209964906056,0.8268262320974249,0.5044607291455403,1.1453443509298784,0.6805092131326056,0.5980574022042626,0.4892636879421434,0.9544809960945313,0.9170894038511072,0.317094602031542,0.9217267586051477,0.6858803353228549,0.5128065933272393,0.2771299937330715,1.013261412865595,0.841576622128882,1.1609015499811939,1.1537943141754843,0.84456924533525,0.45120496429968643
Cameroon,0.3702024228685062,0.9631282251828375,0.42587847130769874,1.2954999598060954,0.6453744753925656,0.6768873422098433,0.24248121763288008,0.6554021960113066,0.7268982669829378,0.49975975207575796,0.5860461940395603,1.0,0.2606011061506825,0.4642135601850396,1.0738117420561855,0.4568093260566217,0.46865110235325536,0.3409189092720505,0.43689235740268184,0.24380583421477983,0.43816717222252954,0.48210544606086847,0.3396774187761661,0.5783122627498033,0.26010122737730945,0.33165866244336983,0.8178918621926436,0.21607618190888178,0.9645657212533478,0.39454852952200253,0.3240522090012659,0.3345075510192903,0.5931174667790593,0.7045855790605983,0.40620028525483853,0.3871318093265423,0.3653570753654492,0.7373541940340561,0.2778930282210243,0.9694804624830936,0.6771631408323031,0.34363676118390485,0.6691064277171438,0.6254045373585524,0.6185560763706328,0.33161937384651335,0.45265818718283624,1.2786728682187254,0.18299889909402095,0.7742392728652024,0.26568356794721726,0.4110707731108511,0.6687632121251174,0.3555755756916686,0.40972620864958975,0.5483852384861125,0.3517244956828726,0.5799121056747043,0.7213300481732448,0.5260955892103802,0.44831224999043007,0.3457893498129885,0.3223204162517527,0.6805419753393976,0.953651666664094,0.35203774079724515,0.19292869611165966,0.3290533936225825,0.43707805547682865,0.3763409165009116,0.7592040646585304,0.2550047595215157,0.27756104100694706,0.4160457649516351,0.41474666014735395,0.3066868545500011,0.4899832539535629,0.8774307574020415,0.46314010866174415,0.344181820986073,0.7069538433703881
Canada,0.5486760582703607,0.9522710136388479,0.50274058529742,1.3122830754478465,0.8643739857384294,0.7700010914303137,0.2602102533933198,0.9564762546735763,0.6989823740468799,0.6890459824227438,0.9580956181805445,0.2606011061506825,1.0,0.6343805895889089,1.4403919752700767,0.5985162665541063,0.818124348716885,0.4378430439491466,0.41044273315916285,0.2624812633389519,0.7253745623711021,0.5298014721377611,0.4559264769957872,0.6233040594211429,0.28918651967200637,0.32002518154465265,0.9872909171866011,0.24707759841828913,1.224950868543433,0.6052215925548501,0.480616870893745,0.4304296802278996,0.8454998052130271,0.9619678121493181,0.5202994103565631,0.31972730795763443,0.3993971310020552,0.5752736065608574,0.4447968036435378,1.0388479871572263,0.9788276249157191,0.5534548057185604,0.8007279230514533,0.7629879803755295,0.7283232479563955,0.45888349073322987,0.41946719695668,1.3609768092856636,0.2934934883683953,1.0981915794027834,0.27627690074288136,0.55282215782099,0.6478980672441966,0.5028691956559681,0.329541409953105,0.49038481085125174,0.573521846557099,0.9084961483045357,0.9110812308681113,0.7557185209996825,0.7699851497884447,0.4963387382612122,0.2551078697065846,0.8627178537939023,1.0769851530311927,0.49383229942646845,0.304530002091137,0.40295053735914566,0.3558331548595391,0.30477578532704547,1.095616242728311,0.1784411813062147,0.3230906347637152,0.598990464670908,0.646041989442439,0.3157313937953077,0.3997474033869509,0.9188357983959274,0.34708816554799676,0.47544412141516557,0.9292973694704865
Chile,0.43590571712155946,0.7887304473577568,0.3580613690094488,1.242773447701649,0.5543834882052965,0.6648882341106208,0.591444087082992,0.3648258157073576,0.598444143615583,0.39308351758141574,0.43841772540767987,0.4642135601850396,0.6343805895889089,1.0,0.7528041524500972,0.40539464837862205,0.3751748085701775,0.39774504707848096,0.3386702356606547,0.6365796608414047,0.3028476095608471,0.6184293054691313,0.5519260222361625,0.44096935219090716,0.5973194102864512,0.6814892453231153,0.49173022306535763,0.5959480618551777,0.7112412927810887,0.3875369885425738,0.49598550889342513,0.3213518982507807,0.3506396645961478,0.3795653025906004,0.5676354114081362,0.8427080685582528,0.7931695893375857,1.33267065543249,0.40053544785938244,0.7681531395366378,0.44353559418839666,0.388091446508055,0.40428732422318814,0.4866308184831302,0.46163678078243137,0.29612659785013096,1.0046857974730778,0.7457579392424021,0.42970526327999276,0.4685346137963843,0.5934985736279706,0.26313452439168894,0.6168553081656819,0.28537461034152867,0.6419303258818276,0.6424096005136025,0.39741651754991586,0.447626510249453,0.3338139431724841,0.25783489867850545,0.319979733313933,0.4223517956865558,0.6068091307314104,0.6570594221809928,0.9071527904868207,0.37113605666961075,0.4803941879808573,0.37509266475258696,0.5513209163189716,0.652784169811808,0.5337688610471125,0.6500190803200725,0.41061096157622856,0.3887798886767098,0.2652770571449676,0.7504721674351554,0.42667344004465846,0.8485698647727447,0.9790649139350645,0.712177371294272,0.5007701404554641
China,0.4651519294697742,1.042691572536186,1.0394174842190764,1.1434788040625787,0.6286533061653758,0.9154754916690189,1.2785488326293561,0.5708114490767922,1.1724494061926658,0.42689691764606785,0.37586932678512835,1.0738117420561855,1.4403919752700767,0.7528041524500972,1.0,1.045646403938696,0.5883669591033316,0.9387822576242317,0.6902807898674508,1.3325149489471135,0.5779589884452696,1.2082961919280708,1.175976737744354,0.4749224055177514,1.332842966340693,1.4825195383812981,0.48299429948678063,1.2168417838677275,0.45018901020364255,0.7964610955195524,0.9708452591245635,0.7677306349461189,0.448264106447946,0.44368672234168044,1.177112675895064,1.5821979850992332,1.5939325734285368,2.405401018538676,0.8653448367597809,0.8779149633506176,0.4154192070872132,0.8242884055762247,0.558642412118364,0.5504664493981002,0.48138706717217417,0.8718462739305308,1.884909902033081,0.538526129071658,1.0202783635863375,0.4689728648090746,1.3575605378987783,0.7551825318265118,0.9911515867516044,0.6959901240824037,1.4390585786260273,1.4363764344661676,0.8446826104591996,0.5331707532555954,0.6800919028162067,0.5655950210031522,0.6957733856978505,0.7335458673127517,1.3348020454011957,0.45414157014356354,1.090466454796618,1.064820147299928,1.02233279289284,0.7441495313538596,1.3985619870587516,1.3978568664237037,0.39296970209973214,1.4467548693555474,1.1282370216031523,0.8764926755274995,0.5360471550038335,1.5331885739839035,1.1127289253289274,1.2197705090231428,1.6450620689673299,1.4042707859309502,0.629973379851781
Colombia,0.502558966239653,0.722423533691471,0.2482593313891861,1.0438510784888373,0.8070308403360706,0.517917946084201,0.5847340720308201,0.674179050375382,0.36102237346609833,0.5859414509633737,0.7596588714208601,0.4568093260566217,0.5985162665541063,0.40539464837862205,1.045646403938696,1.0,0.5359788343714562,0.3388360538147971,0.47112977056121086,0.5833606174973447,0.53531648040956,0.30251391811538375,0.7291929612650401,0.5418063218619552,0.539510395747447,0.6193788754213982,0.5915752034698005,0.6148064633530269,0.9879519018248446,0.6191728959379483,0.6278503871669502,0.39098222175944247,0.7216882017414408,0.6166412466754257,0.7280627913442254,0.6101904800240571,0.8594963748023742,1.2315548931531026,0.573854878576473,0.6728631078434442,0.7077272409404505,0.6258733979973194,0.5402602605827169,0.5656679977133703,0.5399446081594733,0.3948057787526545,0.9447611421128539,0.8782917945330799,0.4772257406008726,0.8052112334692029,0.5304084172234543,0.347124506783239,0.44646156296255834,0.43984047555155176,0.5296612981335083,0.46890671755774793,0.5496422344038219,0.7197997135209668,0.5773544767934431,0.5517801387602269,0.5440704140498865,0.460780076065297,0.5557218370597597,0.6417844910648157,0.6931113066478094,0.40284011484351595,0.5267581128584765,0.5245965367335232,0.4228957228749917,0.5154373025566026,0.7292817744429402,0.6433370417511286,0.5737439525800466,0.6293469823475549,0.5578268038517268,0.6423952771320163,0.48555517899926703,0.6184442154020626,0.7833408161135815,0.872346069995747,0.7331962908941336
Costa Rica,0.32310091878522235,0.999925156776106,0.5881747246473621,1.2525998638423705,0.348049603431456,0.8739158107917755,0.61564604660942,0.25111075344102035,0.7866415045247364,0.4110785605551859,0.3174402319619893,0.46865110235325536,0.818124348716885,0.3751748085701775,0.5883669591033316,0.5359788343714562,1.0,0.5423432855818752,0.4931599856852657,0.6537612996719282,0.3120442422947059,0.46355304086850635,0.49997878809786667,0.45909234510544794,0.6714876213151462,0.7900590646123657,0.508214649271165,0.6380039977547735,0.781566001813188,0.23764510229721203,0.366668966595047,0.4404969168377671,0.329051144277327,0.39268994137497154,0.4481098151873774,0.9241028861986588,0.8406755832660691,1.6097964599418892,0.2958222790641014,0.9207357633081655,0.3279844582480872,0.26081476294759953,0.3661758394995412,0.49318946504428174,0.46001339959961446,0.3263869973743432,1.188572108067708,0.7356966678955412,0.4048036908720295,0.42745261843135074,0.6998042291688037,0.3695826452179071,0.6949313011257887,0.24627106734343232,0.8084333336068993,0.7604607225360005,0.24119856799939104,0.2198566614513085,0.4498293488160866,0.2625733489567921,0.16958982158563032,0.3429306997378259,0.6812110618860877,0.5740754891823847,1.0967610224525652,0.5283969346935551,0.4803966379673736,0.48062081224288145,0.8794456591851396,0.783926553719926,0.322261520665959,0.7928626809340236,0.5219890127860757,0.3237060576021224,0.24608144579932884,0.9175346046708839,0.735302491672074,1.1432649864603865,1.019578290307487,0.657894150346666,0.37122953838312406
Croatia,0.31952859102921816,0.744113214437353,0.3174833311242695,0.9580658256213317,0.6926582582807517,0.5044957255650386,0.3452642719427223,0.6516983821501857,0.5541384953870679,0.4554697248423386,0.6316026015158946,0.3409189092720505,0.4378430439491466,0.39774504707848096,0.9387822576242317,0.3388360538147971,0.5423432855818752,1.0,0.31795638872242427,0.3485720327053249,0.456173383599845,0.5811413377267374,0.47727480145974455,0.48148628022187784,0.33981652998585127,0.3375770898736133,0.6845451314038777,0.4078379874531839,0.8523678896904815,0.5541785675598727,0.4311533319907638,0.33228543047093934,0.5148437467100085,0.5840406864731649,0.5282125132726012,0.3882104350974407,0.5135619426665545,0.8185970455587019,0.4168002575782517,0.7315116874046036,0.567509180496274,0.5103883546022132,0.5800983726847182,0.474221063939326,0.510900289949475,0.408000832612655,0.5921727933317557,1.0573492266276272,0.2803763040065593,0.7101074678071313,0.2966485839598502,0.3399121929820496,0.4626613166771173,0.34946341149949683,0.4319905433843423,0.49046559677959367,0.44246516376374695,0.5566529320716106,0.6495876489202412,0.5427875363321752,0.4726013161600497,0.3570113834131763,0.3276750906553967,0.6311151913376507,0.868977340393243,0.3893869001872125,0.33834229688320877,0.3422222413411156,0.32837729042707264,0.30815619644651576,0.6850525579568392,0.43983294518887606,0.4335140259936962,0.5746257398680572,0.4636265677139657,0.41963769378306004,0.3471038386944151,0.6089282161875539,0.5142778117866773,0.5492238050136578,0.6989774048436916
Czech Republic,0.391915668305427,0.6994442972206959,0.38269979459876957,0.9752016264189749,0.613797009259724,0.512111340680016,0.398746141527689,0.45868900966464227,0.48330076167765335,0.3862779928403541,0.4767364025574683,0.43689235740268184,0.41044273315916285,0.3386702356606547,0.6902807898674508,0.47112977056121086,0.4931599856852657,0.31795638872242427,1.0,0.41832855628159177,0.33062559198980307,0.6553572343864561,0.5067157601308626,0.35728667283006976,0.3987283195552907,0.48265630717330105,0.6049295419851433,0.419254237890987,0.696454129195296,0.4449417095160733,0.443552825024359,0.26888819160575644,0.39987469355762434,0.3748160374791585,0.5715861165783591,0.5661829179189815,0.5877173258462984,1.0353104475674157,0.40627142183084386,0.7257809403550917,0.45878625423566854,0.47555555707232516,0.4843242579536533,0.4421911093296557,0.4453008485930748,0.34677555798975995,0.7541336435650794,0.8468231997283853,0.3814381365851854,0.5598202819260425,0.38769483693830753,0.38720413835340056,0.6286145341165295,0.352150078369207,0.5161497871403146,0.6213061433224756,0.43677704708744564,0.5037389505039482,0.4993975779635941,0.372482689070295,0.39380822745934096,0.35594381156395927,0.3857918633782224,0.38917710407172473,0.7999799901325819,0.38581853898579915,0.35447410493925013,0.24417093060571765,0.45552204531674656,0.4162456426392661,0.44024797671575117,0.4815132155011253,0.3706015004170075,0.45264522980483873,0.4196625760337348,0.570957088741483,0.41412691440176796,0.6809304649787371,0.5954394706416126,0.6398806498417983,0.5640559594568081
Denmark,0.539920530751844,1.0213819995144586,0.5502243725995546,1.3197402584636744,0.7815555050439656,0.7713355753966555,0.06971980955523005,0.8188192235616891,0.7722304574190891,0.633228756871552,0.7605733180576146,0.24380583421477983,0.2624812633389519,0.6365796608414047,1.3325149489471135,0.5833606174973447,0.6537612996719282,0.3485720327053249,0.41832855628159177,1.0,0.6369532365885929,0.5453434081611049,0.37766605453067764,0.6713813074701926,0.09035770625742842,0.14522279942176483,1.0757499706741105,0.20790615587671266,1.0949563890205951,0.4977220062983702,0.39477230791176626,0.3591277733518738,0.7126520195342869,0.9445933344707025,0.48040286055112347,0.31831415421390485,0.34026391499139247,0.6062003215003944,0.42728755143075775,1.0749684642699422,0.8842651037164854,0.4444367687997233,0.88402270362629,0.6894647121308916,0.738387704073675,0.5073557734919074,0.42536646008766954,1.520369494019357,0.2924220450080156,1.03853128846389,0.13994514776570674,0.5393210913772715,0.7171018429505445,0.4677012235895919,0.3883672884246676,0.5604516592570449,0.4478481699067799,0.7912827321046281,0.9676784611077152,0.7668247966229722,0.6322280142118939,0.5125394768846852,0.21764099842847137,0.8165664976286247,1.000579738652295,0.4858970317063974,0.21078388794804867,0.3968580892213333,0.41534490663505386,0.24726129243737233,1.0291931517928188,0.2558445513901988,0.32736834294843314,0.5267850135080373,0.6156695623216353,0.2731281891229077,0.5058732196263952,0.9331710270464523,0.34308029771384907,0.3642759655123888,0.9223578117368418
Ecuador,0.38431511697318876,0.750624772285945,0.47969801104780563,1.1942953461229664,0.4727444334913231,0.5862374611686931,0.6177743307192798,0.3453652514666781,0.6594826801388226,0.26282818066487235,0.3633870973362313,0.43816717222252954,0.7253745623711021,0.3028476095608471,0.5779589884452696,0.53531648040956,0.3120442422947059,0.456173383599845,0.33062559198980307,0.6369532365885929,1.0,0.5659418191694898,0.40150620137457266,0.37451638287575295,0.6485186365660209,0.7187528261764977,0.39157351593383816,0.5743112950332308,0.6161978153883846,0.31377417945726027,0.3207313071877861,0.32062920064360534,0.372074585302645,0.3133572274300063,0.46519785464250235,0.9415269553729826,0.7389232494025084,1.4365844440015945,0.3164667456895142,0.813556684500004,0.31046440581293844,0.3186439636164713,0.33374565124338756,0.49007722635767065,0.3691545141640839,0.3195416913256697,1.0690179070300008,0.5223203540083765,0.40402405088088034,0.3695886589726976,0.6443358382558488,0.3106009544522896,0.5289093686735036,0.30792231854557056,0.6821681404710088,0.6498102450836947,0.28089592776951033,0.35605379638815443,0.3127221768899496,0.2620539155221969,0.22456086004070638,0.33639696486446646,0.6095228320341142,0.48852056172426056,0.9000600075412646,0.46079879612826535,0.4385020684883027,0.3962608924788232,0.7720327876183056,0.7763336943660644,0.3111837126991094,0.7952595489590786,0.4832792964558474,0.25567649925380065,0.29458152859833797,0.7663566300207201,0.516706735757802,0.9039293200652608,1.0177533759092687,0.5773359821385978,0.40581156984155803
"Egypt, Arab Rep.",0.7100784603472704,0.8894513796250062,0.43938362098430317,1.197645849868881,0.7601598209392884,0.7433088828825144,0.5446424529839778,0.6089984127847203,0.4471439676635936,0.7693060611099174,0.7813610151090883,0.48210544606086847,0.5298014721377611,0.6184293054691313,1.2082961919280708,0.30251391811538375,0.46355304086850635,0.5811413377267374,0.6553572343864561,0.5453434081611049,0.5659418191694898,1.0,0.6192722733301776,0.7676862279039334,0.5706433068754023,0.625429578346378,0.8997257612405813,0.5793084002937378,1.207873448541313,0.4305492292258979,0.5005236374435252,0.5979095817549296,0.7367789382416877,0.6908504110921183,0.5451305329789924,0.6130052114124518,0.9069079434275669,1.0828014278272,0.5589556142364047,0.8873942468024861,0.7122874074023079,0.4588787141176557,0.7665350918612802,0.8524908715066555,0.8359162411461476,0.5344503568195186,0.9017966960458965,1.1296956093531785,0.5253002795686427,0.911980002557491,0.5832915259817645,0.6300424048331602,0.5709716335456434,0.5599795306245149,0.4654104497191828,0.392584319057832,0.4215194435100996,0.598600564069787,0.7138888634801412,0.5281525593854057,0.43160503847693354,0.569123863467872,0.6201094008777246,0.9573039175521108,0.8744236240330931,0.48958683861873853,0.5561364597349814,0.671006580907047,0.46820636497926804,0.5558735891241592,0.7059860621183571,0.5237536075574186,0.6389521036910424,0.5010650755404584,0.6060890784123205,0.5459537495282223,0.5731361716930887,0.7917467032543264,0.707487505293971,0.7889759010262367,0.5956962129843831
El Salvador,0.540656434640707,1.2143033424568854,0.649802563085077,1.6500644169325032,0.6722293364191427,0.9549932765085236,0.36311912227640386,0.692492208127067,1.0114540902703695,0.6354115195085865,0.6644117146147028,0.3396774187761661,0.4559264769957872,0.5519260222361625,1.175976737744354,0.7291929612650401,0.49997878809786667,0.47727480145974455,0.5067157601308626,0.37766605453067764,0.40150620137457266,0.6192722733301776,1.0,0.6690441078982663,0.4112273467991163,0.4530461017769717,0.8998365546952063,0.32610856370636154,1.0035120539989466,0.30089641994113747,0.1531891929105465,0.42810722296207726,0.6393737744759225,0.7741864530147516,0.22862915737642564,0.5736380362565286,0.27958302976109956,0.8682042509082176,0.30483401784595554,1.276660186859055,0.6743683562778382,0.299377921002306,0.7756843360507982,0.7793717675868412,0.7074565694876933,0.4503285639263217,0.5643151815622257,1.249618404721554,0.28603537555631825,0.7965005430649609,0.4103679318109862,0.4098652750425447,0.8569966510236382,0.413219739791275,0.6446270276523527,0.7575050496708301,0.2680033666934508,0.6368817156883997,0.7881338252628263,0.5801275504782913,0.4765894121386734,0.5094159766207804,0.41555539111922035,0.8852955615692838,1.2410120273521013,0.622674472934954,0.3416449250911488,0.49115282431676033,0.6957585480313349,0.5556900033772545,0.8451547164872727,0.5080558596173173,0.3308824825048131,0.3211273000595322,0.466781324007069,0.49642237621753094,0.6339185909788393,1.1861633646196803,0.5421610835244246,0.13836590637283944,0.7545597226563232
Estonia,0.38442287817304754,0.7952370928584012,0.5774969392445057,1.020345471393414,0.5857118873221503,0.4536892489383953,0.65688490840122,0.4882186065143401,0.7298961918802294,0.3089409092786733,0.4517741540188536,0.5783122627498033,0.6233040594211429,0.44096935219090716,0.4749224055177514,0.5418063218619552,0.45909234510544794,0.48148628022187784,0.35728667283006976,0.6713813074701926,0.37451638287575295,0.7676862279039334,0.6690441078982663,1.0,0.6640337443264626,0.7396165355577878,0.4481055108281012,0.6551541129333185,0.5757866280353476,0.5007017549321993,0.5908277356093963,0.4374083852241375,0.37089885437206666,0.37256281422731014,0.6703782957340567,0.8399357206734348,0.8258729902141665,1.421393401086834,0.4890586386585547,0.7235672784565477,0.40839785282645413,0.5156355439675393,0.36067034963520805,0.2733529845025585,0.23604881858615726,0.4573956715272711,1.015108230247884,0.657702936929011,0.5180211817975628,0.5467141768633832,0.6746179201030087,0.44703116917702584,0.560605392286225,0.41027848287638274,0.7315022747634375,0.6860675321091838,0.5296008832592372,0.4453031023494238,0.5496571084224218,0.46899988020573713,0.4640699080426262,0.37266476360312606,0.6824496199284147,0.3465842696507176,0.8207052363326001,0.5224547938674458,0.5433660151316551,0.4199266203527562,0.7657201438742935,0.7332825852410298,0.3785669268093189,0.7135454316698331,0.5702871290054962,0.6093551639329529,0.41456001857826635,0.8444198890541857,0.4940400584915866,0.6906737944598142,0.876987921261583,0.8324135887517043,0.5138790351740148
Finland,0.5495934722149829,0.9523171290389879,0.5238462886973332,1.2449879354173041,0.7858192268522877,0.6980500864598199,0.10191243951995804,0.8119840990299388,0.7297906649899216,0.6060459891679382,0.7792758397379639,0.26010122737730945,0.28918651967200637,0.5973194102864512,1.332842966340693,0.539510395747447,0.6714876213151462,0.33981652998585127,0.3987283195552907,0.09035770625742842,0.6485186365660209,0.5706433068754023,0.4112273467991163,0.6640337443264626,1.0,0.1619879304911163,1.0351890148835123,0.21122756314851968,1.1095060048550884,0.5154966983401474,0.41633814013434894,0.32617496189624134,0.7205885145481681,0.9250165312373781,0.5127347863829691,0.28161391084092463,0.37328753253540503,0.6129922225493758,0.45225673801952027,1.0624422290146023,0.8821651225580815,0.49450306876785405,0.8741693781750557,0.6701739366582649,0.7316696169315184,0.4855967873068219,0.4734149562442166,1.4506645045706086,0.2856688569663609,1.0165160895690866,0.10864392303732853,0.540582906200965,0.6400157242958284,0.45148330745874765,0.3631043763905355,0.5096097406939758,0.43377694401277256,0.7876067785634522,0.9640405730309016,0.7731092869373313,0.6435741851314096,0.507501946871285,0.20720144567270035,0.8112677727711466,1.0048686496029697,0.45020594917342033,0.2556323262476822,0.38629593716570304,0.400737006631068,0.287274964472492,1.035413292299616,0.2707179509035739,0.3396636288626104,0.5493742137240434,0.6232844934861217,0.2677447685926659,0.48102471898490984,0.8730562275831216,0.3642739404663925,0.41181319168103264,0.9222556808104418
