Country Name,Albania,Angola,Australia,Azerbaijan,Bangladesh,Belarus,Belgium,Bolivia,Brazil,Bulgaria,Cambodia,Cameroon,Canada,Chile,China,Colombia,Costa Rica,Croatia,Czech Republic,Denmark,Ecuador,"Egypt, Arab Rep.",El Salvador,Estonia,Finland,France,Georgia,Germany,Ghana,Guatemala,Honduras,Hungary,India,Indonesia,Israel,Italy,Jamaica,Japan,Jordan,Kazakhstan,Kenya,"Korea, Rep.",Kyrgyz Republic,Latvia,Lithuania,Malaysia,Mexico,Mongolia,Morocco,Nepal,Netherlands,New Zealand,Nigeria,North Macedonia,Norway,Oman,Pakistan,Panama,Paraguay,Peru,Philippines,Poland,Portugal,Romania,Russian Federation,Saudi Arabia,Senegal,Slovak Republic,South Africa,Spain,Sri Lanka,Sweden,Switzerland,Tanzania,Thailand,Tunisia,Turkey,Ukraine,United Kingdom,United States,Uruguay
Albania,1.0,0.6881055118648048,0.41554753891980356,0.9796756973705942,0.8767578712577593,0.5009727595065737,0.498057928617449,0.7179703326916869,0.5805912456790886,0.2008693316537241,0.660940358267582,0.41186274359771763,0.48257752488267125,0.3601268135003239,1.0699114851480231,0.48779492882063663,0.5950276963727453,0.378996935517881,0.1952010116804246,0.5197645377119257,0.4243940118224454,0.7398139493742202,0.5499996548902393,0.24002394643524982,0.5173313394737542,0.5834118390868095,0.5378832027591716,0.4870231794327029,0.8064510818928848,0.5087143952482145,0.4547036665109569,0.3503157869980545,0.5430767945312421,0.6007431632636526,0.5090632336200441,0.6930664141236939,0.6752670884331726,0.9417596812680785,0.3389597235861959,0.7652825148819855,0.6072571841882648,0.4562191298986461,0.4349312263833431,0.2928115282106323,0.27274209660146137,0.3487199275850528,0.7738723353150595,0.9496682937887394,0.3215463928805978,0.7847664961981473,0.5420330252975525,0.38080861405129496,0.5533685499121587,0.17311448387385303,0.5038953772483863,0.4803799464026717,0.4375960177798716,0.7628121798422202,0.5802096015830057,0.5007601554426017,0.5153230796616776,0.15404035556614915,0.5736026858355515,0.34575066594452,0.6854596921080574,0.36884459588071283,0.3784316978726635,0.1812665363626571,0.5410452962688655,0.6167082116417693,0.740787692556471,0.5204996392264325,0.40683790787656166,0.48973337495735575,0.38406042939801255,0.5614727725936085,0.39045744027307133,0.6363040211405474,0.7777325384916959,0.6790576338735301,0.7861490608380185
Angola,0.6881055118648048,1.0,0.525372975729344,0.4709694949746158,1.1905121865709782,0.29614162947340195,0.9774033478382479,0.8649653313085071,0.4411905147334799,0.6356272212587485,0.9463796724807774,0.909532004026296,0.8414589442746427,0.5861512123148134,1.0803371570812674,0.46088345828915134,0.8253456196880157,0.9007080310969426,0.7671668173786037,0.9905473800350645,0.6575473479732059,0.7500106036457643,1.00739565441867,0.662030282547184,0.9852836686068843,1.0372353064899684,0.4748128115903954,0.964748282031943,0.7411651220786848,0.9028152404325571,0.8985174898358672,0.912543391481887,0.8356131026327757,0.6372520105608227,0.9363092667262365,1.1373476216772893,1.1201541040460514,1.3331337334816027,0.7550977054053363,0.28968690198183045,0.8318972660081957,0.9084507118006484,0.5314189774114114,0.6616787721527839,0.6367887622343145,0.6395278067374469,1.1332583560330431,0.6907192331561547,0.8251806758933995,0.9450051260460148,1.0167491562913409,0.749041586068556,0.33239574297967,0.7403539401089476,0.7762514247425858,0.5879193074472543,0.8657890818221529,0.9633720503074584,0.5622393337504936,0.623019232868978,0.7520838513568139,0.6734218648317517,1.07823594503353,0.6843048207847824,0.31426160587161317,0.6024232118100762,0.896257926279866,0.7094514512227352,0.893495204022615,1.0928473005754644,0.76848112501744,0.9099111088137136,0.8110275962530842,0.8107853927713279,0.7253053768793234,0.9245531786140511,0.5705037907953883,0.6317637117222618,1.1914288266660853,1.1609257590383368,0.850799563944211
Australia,0.41554753891980356,0.525372975729344,1.0,0.8153001590617286,0.9756704087311654,0.4192117289136109,0.5816782722705511,0.6996250916344537,0.37867133087772264,0.4639489583680938,0.7712223330898398,0.5011730086889223,0.42650893112582433,0.26368291864809024,1.0894861259331379,0.20721894191762452,0.5712007951882275,0.5905729174815438,0.47692521468609983,0.5993154451325698,0.4005944706540111,0.5435809427803989,0.5687431817891319,0.4867988969977896,0.601182398645755,0.6488408420666955,0.4977652942096618,0.5466653137618858,0.804691804192856,0.5671172860105337,0.48171149565781424,0.5762075195118237,0.6336197486481863,0.5300747341596898,0.5199060974309925,0.7627414760311984,0.673737927326096,0.885213523912404,0.37963953120232174,0.5757793918498266,0.6851260770133398,0.5292133916407703,0.4159598398741056,0.5471267643033303,0.48654917711352175,0.23294500683746874,0.716555687455569,0.7995515138445356,0.41579408752612435,0.7922802139746059,0.6388730679780686,0.3632721126552243,0.3620092651794568,0.39894450522797315,0.4444637860013143,0.2833563886437088,0.4915473718478156,0.7862786606946599,0.4956588117985667,0.3977120281778673,0.4959617398284095,0.3610570845208921,0.699751643966304,0.6297844977148849,0.5146898942346148,0.1523432135342556,0.4962724097658472,0.40416490871226785,0.5056239928159681,0.7439576632233459,0.6943616565335595,0.49705408043377713,0.3598550654931058,0.4612893194008805,0.41811879048312034,0.5351211054598708,0.29957912211399407,0.6057814209618578,0.809535937790982,0.7175717007889304,0.7093306169781787
Azerbaijan,0.9796756973705942,0.4709694949746158,0.8153001590617286,1.0,1.4577207607365135,0.5400052783939985,1.2700565122714957,1.1183909217931283,0.5927340997483693,0.915288734166686,1.2279931920857277,1.2134358896356903,1.134141786258772,0.8970657432581427,1.2423790997765722,0.6975679014029985,1.1193243838235005,1.1833764880345605,1.0526146086703478,1.2839677311960813,0.986151379774663,0.9512538519286875,1.326471544649414,0.9995518705289933,1.2740789602097522,1.3183768151539004,0.7404076163196266,1.2625755963993903,0.9477980484550657,1.2329852904060628,1.2080243384187408,1.227749545187915,1.1220824483413023,0.8618112851875651,1.2296781032243362,1.4079482100810485,1.412867638448072,1.5646900037884048,1.052443071562129,0.37835779943949244,1.0920700296872867,1.2604028700795253,0.8126032808344065,0.9822280784595776,0.955566676803525,0.9394228715949242,1.4119465890700693,0.8004992280160614,1.1239402085942842,1.170179054795757,1.2969615106107972,1.0990364151020544,0.6345203484825813,1.046745981165825,1.0372322014312434,0.8138203235225075,1.2016036534208445,1.2412414167085801,0.7929105385126825,0.9046050902933843,1.051514551759512,0.9739926012213928,1.3587270622224585,0.9581059834893645,0.4523682615208391,0.9062157657268026,1.1934087629629462,1.0164473136894234,1.1472390125363547,1.37221536775135,1.0031556920024804,1.2141109826234364,1.1120187802933774,1.1082093838720941,1.021608649235439,1.194658830919082,0.9141555128078037,0.7985967122122419,1.5001031863705283,1.4733508739216061,1.0545884226679567
Bangladesh,0.8767578712577593,1.1905121865709782,0.9756704087311654,1.4577207607365135,1.0,1.096282695113239,1.1418196760109331,0.3878662020701238,1.1335318897625575,0.7809744534397592,0.27358022536805826,1.0126323162903133,1.1333589828425406,0.7828181056321686,0.5719937245844405,0.9789202091656779,0.45079072795379027,1.1545204940294616,1.01755377138443,1.1626824716117563,0.6418869029889263,0.9099906322105543,0.8219462224602418,0.7890271971440815,1.1773644600653237,1.225669099178756,0.7662611001124507,1.075784327818121,0.7165305142098788,0.5121456412461972,0.7119073689502352,1.0462944385146042,0.4289125989697222,0.6851757911913849,0.7114050102911048,1.3335243196935258,1.1189798766546986,1.3738558602357442,0.7678668063861817,1.1614254092104694,0.41424516029258734,0.7266249120334596,0.7126848891396212,0.8794259998526972,0.7370081434507734,0.7889294964114568,1.2397296121925923,0.8970693526699229,0.9530310854512083,0.3700529725336838,1.2073880065440055,0.8120674679771971,1.1229088745812958,0.7888324816500718,1.2559722646224727,1.175436128853303,0.6186954484182738,0.2776539158791201,0.707506756776388,0.639021611814222,0.5225217687645608,0.8898688856416332,1.2163708413390495,0.8251625366084938,1.2489459704469283,0.9474101191596865,1.029515218136097,0.9963259776582241,1.2264052271275723,1.293348301317832,0.525021443554206,1.1320684781798735,0.9398009081431352,0.6185710728404608,0.5861061691834855,1.1983451174010946,1.0625038119961792,1.3962783942443129,1.2897001081810613,0.9826964623976185,0.5315255524898909
Belarus,0.5009727595065737,0.29614162947340195,0.4192117289136109,0.5400052783939985,1.096282695113239,1.0,0.820300615217661,0.7906781814855415,0.39285023354270204,0.478765144246085,0.8543842052221006,0.7447178032038524,0.7090520125754471,0.47804790024096844,1.0585084231153525,0.3482450398079931,0.745337093929408,0.7351769763752679,0.5969120134984482,0.8353885192965002,0.558701995379233,0.707838853013512,0.8742128951862702,0.5149346042884746,0.830730993141253,0.8849633943025804,0.422567785731751,0.8084038212942509,0.7069803088556071,0.7909077611389846,0.7692211678515831,0.747629205482748,0.7463098423144708,0.6013030074338991,0.7899308290362035,0.9916702537951098,0.9856075769748183,1.2080568962943425,0.6138653819482739,0.3592538977999125,0.733066381368057,0.7809408250130758,0.43066689719489876,0.5170116859857989,0.4892592822264872,0.5018701487026759,1.003634350583027,0.7480672199059277,0.6597369657506555,0.8830984855979238,0.8587520954529813,0.6261833881960914,0.2836904046670872,0.5630908808286854,0.6432146323183964,0.466992549440878,0.7505776456166083,0.8938471258257515,0.49552053962753856,0.5404123292187609,0.6571188531258112,0.49717550224448753,0.9166334188254344,0.5386319305221313,0.339503795099501,0.47401446872776337,0.7307155477846351,0.5411622294138428,0.7707432127432056,0.9411533523758493,0.737588158486206,0.7779108147653174,0.6773799631365282,0.6757110564345211,0.5963517010701401,0.7889766726178121,0.47770984998593036,0.5527684104047628,1.06176424356243,1.0193938515901648,0.7935674351113116
Belgium,0.498057928617449,0.9774033478382479,0.5816782722705511,1.2700565122714957,1.1418196760109331,0.820300615217661,1.0,1.0261356813364626,0.809861619205504,0.6816863429151406,1.0007661016784537,0.1565046916800005,0.21698062561276446,0.6524687381152601,1.4590612253682784,0.7105647313493718,0.8541007131036239,0.24992462797344872,0.3837534199874931,0.030901819798726828,0.7041625693594492,0.8726378511435396,0.4162677324610919,0.6325544574817314,0.05435983720574543,0.09454284539078035,0.9494981707860434,0.09607377766995333,1.2009231131572031,0.6718197796723241,0.4951702978339389,0.25141528707334254,0.886999827615322,0.9690404085338262,0.5246605816395681,0.21919347054557664,0.29329402632646995,0.529936094958131,0.49909137797639685,1.0955049920237245,0.9685032809685143,0.491936038418882,0.8212251790808158,0.6633302256283378,0.7046474868562583,0.5576410079022855,0.36288154039712744,1.3193063582999875,0.24341727717482922,1.1286850631282728,0.08326094789517381,0.46564901249317425,0.7588133734523428,0.45038834941666883,0.316399391994554,0.528455407268078,0.5706252746507745,1.0502926010201799,0.9364795699989716,0.8153918883389215,0.7893581425988355,0.4488072037701951,0.1320600732142225,0.8012071961368927,0.9703488061305847,0.49559070517707365,0.1446823523919731,0.35453333578393753,0.35577232514658497,0.19993516088927507,1.0930201806751,0.16192898011937343,0.3146089467814245,0.6494036617875224,0.7016152853637926,0.2038980722866573,0.468288430181106,0.7767383149935395,0.32618603357507975,0.3795114630310963,1.0909688950959597
Bolivia,0.7179703326916869,0.8649653313085071,0.6996250916344537,1.1183909217931283,0.3878662020701238,0.7906781814855415,1.0261356813364626,1.0,0.8334311169634753,0.6030296009607279,0.2544545947811706,0.889026878235953,0.9624658287648663,0.5324937278295881,0.4973678719630955,0.6636642010608553,0.22221656115183414,1.037064389234007,0.8784040446605937,1.0479367057035809,0.39574051981939945,0.6218144571546903,0.7396516284271049,0.6310977866344695,1.059368639102747,1.1120665356464128,0.45266551468253835,0.9585158433733262,0.46929177872042344,0.4232619401366649,0.5948867567498394,0.9537285934244447,0.31360641531373157,0.40691063953138507,0.5935234141634531,1.234331324062901,1.0309095817984113,1.2865684814145522,0.5866355264703478,0.818638789579838,0.21746714157106947,0.6468146786088472,0.40823051957343603,0.71701372500966,0.5579749774100115,0.54611749709574,1.1199557903148663,0.5888762307166912,0.8057132472722865,0.23570902665658144,1.0954361997127695,0.6470339861813738,0.8137679987499827,0.634879327626927,1.0556912901624333,0.9166864980904188,0.5087881668443357,0.15484524412609563,0.3622469216428765,0.32275468233130533,0.2667467171793338,0.7108183158425253,1.1277687870836839,0.6796020817761771,0.9352239115185313,0.7014983781277356,0.904409539771272,0.833780618125885,1.0716565753090448,1.2002236668343005,0.2306902228199258,0.9853273128933098,0.7712550750507486,0.41790619394489664,0.3796445079112889,1.0386441364411725,0.833968730531962,1.156159334061909,1.208334850169778,0.9383479262948863,0.22991180360660513
Brazil,0.5805912456790886,0.4411905147334799,0.37867133087772264,0.5927340997483693,1.1335318897625575,0.39285023354270204,0.809861619205504,0.8334311169634753,1.0,0.5635647381420921,0.920372281588681,0.7547665688690696,0.6555235771835851,0.4484328018114882,1.13927746990559,0.27548756886972636,0.7538493241492451,0.7645595836455619,0.6340292207132193,0.8256135931512564,0.6179511175399606,0.6413853150996055,0.8452994977783189,0.6645745581960005,0.8224282272871227,0.8658065574852617,0.5409019965485818,0.792364585153796,0.8391211590362966,0.8033163884762154,0.7284480825708934,0.8030369034926035,0.7511668532122894,0.546478046292084,0.7523718854848189,0.9632540805550939,0.9239814258320688,1.069973365519166,0.5929518875868404,0.47293022614435454,0.8045583855670604,0.8036852695083556,0.5226277258440326,0.6936965093887312,0.6411579985128548,0.48823768324822836,0.9516112667640121,0.7856497193630316,0.6543868409553467,0.9006721686853564,0.8482022890254597,0.6546926127967435,0.4287079805481144,0.6104956996671077,0.6190964166391151,0.3865695049912878,0.749848333770582,0.9448340766360833,0.5252950947139874,0.544569444692426,0.6794751562524778,0.5443237330611698,0.9048086207072197,0.701531775256275,0.3927533634172137,0.45095009262576025,0.7288353733493304,0.5980954578103982,0.6623406920135124,0.9372937996192539,0.760733927153731,0.7443325692211222,0.6264729384128557,0.6953937832911145,0.6149506924778599,0.74008504791484,0.48893555337498545,0.6023339351650432,1.0657943871748554,0.988016633603111,0.7646291611829186
Bulgaria,0.2008693316537241,0.6356272212587485,0.4639489583680938,0.915288734166686,0.7809744534397592,0.478765144246085,0.6816863429151406,0.6030296009607279,0.5635647381420921,1.0,0.5400413868144458,0.5830872315138437,0.6469701896233885,0.33963129282740956,0.9056274467995339,0.48591528049628335,0.5167304624107244,0.5654013505776999,0.3670775355412759,0.7043288379072208,0.3823772191613662,0.7146883276274447,0.6531753208581368,0.2275234349671243,0.7016583002769595,0.7681109371455257,0.3934141396802489,0.6597688722185829,0.6556475143423545,0.5012497833671262,0.5154678983035212,0.5336717296127881,0.42589360588331415,0.4630989341264876,0.5676889908043695,0.8792742909131487,0.828770964793687,1.093295744302986,0.39016381641759573,0.6833964606815182,0.4765765665005627,0.5362033051122577,0.3093180636042674,0.28186627674739717,0.1827059784984959,0.37965052010459727,0.9323950297710659,0.805605935021613,0.4802579786456002,0.6494468296054438,0.7282797290214285,0.4659855472617548,0.568203107365149,0.27525042289922746,0.6678771074268662,0.5775058115059799,0.4644829581507838,0.6554063614331552,0.45332504821863867,0.412759489634852,0.44212854113583544,0.27933439363801993,0.7598439462265782,0.22881316982962766,0.6487361314938662,0.4497582375735297,0.5546245000519501,0.36138673653312986,0.6985898123754707,0.8047395903059537,0.5997730128757253,0.6878746448707103,0.5336146401333385,0.4935194487407103,0.32444892139297454,0.7280158512550089,0.48909032347205605,0.7001946575516008,0.9529648851166497,0.814345515587938,0.6654075425166445
Cambodia,0.660940358267582,0.9463796724807774,0.7712223330898398,1.2279931920857277,0.27358022536805826,0.8543842052221006,1.0007661016784537,0.2544545947811706,0.920372281588681,0.5400413868144458,1.0,0.8706423783517813,0.9732011188663399,0.5683387700152484,0.5262576877330943,0.770032476640044,0.2961308676171715,0.9782444164143013,0.8175827405810597,1.022588706036066,0.43867663894773806,0.7633880420094967,0.7332174298315699,0.5567482684574144,1.033199799169344,1.0902251924434283,0.5169454699551989,0.9429860995610024,0.5278592995288768,0.3956248227585661,0.5932135204145415,0.8829127210675157,0.23123593715813295,0.4815585462582606,0.6156030585079436,1.2055459755836948,1.023503202028041,1.303019425465952,0.596427322347227,0.9294990699217714,0.18847378704937687,0.6039725152760912,0.47126209534242847,0.6425894083103046,0.49270831311964614,0.5977194465307403,1.1405465941077475,0.7262319100694453,0.7925563239935268,0.2730415351174052,1.065463966417728,0.6501914159518084,0.8927295191358647,0.5976173100452818,1.0705357515600775,0.9712026274364155,0.4828014969539551,0.19874410064148804,0.4942482828371144,0.4315853781158287,0.3340501908743689,0.6817352704023674,1.08465929213434,0.5803713200712863,1.0096565441089111,0.7511480543597551,0.8771684143170096,0.7935110169438866,1.0662278818859752,1.1530991113161146,0.36091496694059366,0.9874209898820325,0.7899480369674983,0.48350542849499367,0.3802310997358502,1.0505883743530045,0.8543283362807378,1.1621168077641069,1.1849601190269112,0.9182758968050712,0.421772723502625
Cameroon,0.41186274359771763,0.909532004026296,0.5011730086889223,1.2134358896356903,1.0126323162903133,0.7447178032038524,0.1565046916800005,0.889026878235953,0.7547665688690696,0.5830872315138437,0.8706423783517813,1.0,0.2449411785566115,0.5526715960186791,1.325832160928939,0.6253081019504346,0.7203536611931806,0.2980653553367041,0.35426187862574554,0.1809880326111777,0.5670592828394773,0.7682732827975611,0.32286780833980194,0.5392455292745676,0.19880838132633996,0.2413814608526111,0.8365931521063132,0.11353467202171079,1.0802316689180678,0.5433085359097641,0.3779499885325214,0.24912343803614392,0.7633023474520216,0.8537255056029425,0.41132318875327945,0.3661076717299494,0.3344575423189355,0.6023482143816647,0.3759433657528102,1.01432797772556,0.8361820024662555,0.38870660309704164,0.7003719882030955,0.5906334500213818,0.601537537425137,0.44503396441476223,0.4217172921601031,1.205144776721589,0.1306062495675048,0.9995349456189616,0.2301046981945247,0.3459512824367192,0.6876738029426172,0.33260734166015976,0.36611078828393595,0.5087085645659889,0.4473324781537754,0.9124073459541983,0.8158251868521945,0.6891807495696627,0.6576389193169394,0.36960539958047167,0.2680230248612639,0.7187468294769369,0.9199162327557764,0.4173299029217481,0.09986802862589743,0.29893296165417194,0.4040392993098407,0.3420296152744101,0.9606691653410159,0.20174538670039546,0.21186301532055798,0.5089123435005829,0.5772718466919112,0.24886434203788038,0.418872359137709,0.7949432652431647,0.41791164970778844,0.35209622080351877,0.965459315043773
Canada,0.48257752488267125,0.8414589442746427,0.42650893112582433,1.134141786258772,1.1333589828425406,0.7090520125754471,0.21698062561276446,0.9624658287648663,0.6555235771835851,0.6469701896233885,0.9732011188663399,0.2449411785566115,1.0,0.5302842308314668,1.3982649335362844,0.5571796402681085,0.7906872700623881,0.34395459069915807,0.39723037168822534,0.2221340760180981,0.6337001333083829,0.7646951075160645,0.4249489598880187,0.6061403613512162,0.2307173257707575,0.2592429872107825,0.8500346229072486,0.2108701991483687,1.1185399405667902,0.6495098706659287,0.46858121291164095,0.35483128637954464,0.8383646976367569,0.8634842423119655,0.5024416684289702,0.36282900991010786,0.33726826732873894,0.5594225348555836,0.45338166605141206,0.9529138022852475,0.9214074968005231,0.47353430566978094,0.7384574978851116,0.6471752850849986,0.668915298258322,0.4481077081975347,0.36670677864779,1.1930280927968078,0.25325834606574493,1.0651972046016904,0.26428068384189624,0.4034877527709658,0.6249836708001792,0.43881453340409304,0.20071807813102924,0.3692436121851421,0.5435366894997783,1.0079964455191324,0.8362189259940394,0.713241671036228,0.7207446292353177,0.4049336604947577,0.3250973423470768,0.7852035430419951,0.8254351908742495,0.3463127391562014,0.2315108760572103,0.34371219375685685,0.26528046930697347,0.36637503984897757,1.008612797946873,0.1299813375928988,0.2499548993833297,0.6009940459072755,0.6332027927095235,0.2021251355518312,0.3502410533347464,0.6751602842266144,0.42985108346575834,0.4495306057305985,1.0002102786561067
Chile,0.3601268135003239,0.5861512123148134,0.26368291864809024,0.8970657432581427,0.7828181056321686,0.47804790024096844,0.6524687381152601,0.5324937278295881,0.4484328018114882,0.33963129282740956,0.5683387700152484,0.5526715960186791,0.5302842308314668,1.0,0.917919983888443,0.29663057956228445,0.40796519235310896,0.6355853421150994,0.4804454677533364,0.6724480818836905,0.28695643509401236,0.5522642549705533,0.5415333292078917,0.3663870783671345,0.6801944778356582,0.7360570108596503,0.38083287239213015,0.6098831167930242,0.6404571994583745,0.42471044446690104,0.4103428638724421,0.5938476158519294,0.41598232082886877,0.3763945750937034,0.45772946532679576,0.8546245447058762,0.7252028490794034,0.9779154306636784,0.3283167062507239,0.6116641264403074,0.48477388443423536,0.4261786364130997,0.3099251370638456,0.46122253577530914,0.35478430950908324,0.19277560780059538,0.8034597307303929,0.7157470627204586,0.45049860857643265,0.610038092514039,0.7168013263941163,0.33878242178207024,0.4717508026629904,0.32852066223311915,0.5952093943851663,0.46967043635465905,0.3716162603177609,0.6105599104844449,0.3822279918933733,0.2499660969452883,0.33161920247152715,0.33286968515361737,0.7608626609056476,0.49978484554559044,0.5935406304601727,0.2632538625638202,0.5455347803945203,0.4260043462998289,0.6026694193323678,0.8154668749232387,0.5333369483436947,0.5930908298561544,0.42415548040830536,0.37963039234242296,0.22517328859111171,0.6554222008350004,0.3921766364448535,0.709064540692331,0.8822406534171929,0.7202506133193829,0.5500306466918785
China,1.0699114851480231,1.0803371570812674,1.0894861259331379,1.2423790997765722,0.5719937245844405,1.0585084231153525,1.4590612253682784,0.4973678719630955,1.13927746990559,0.9056274467995339,0.5262576877330943,1.325832160928939,1.3982649335362844,0.917919983888443,1.0,1.0307541580526007,0.675339864494505,1.4223961849569533,1.2436925719196457,1.4816297375146794,0.8067769677747288,0.9940555434618364,1.2072346845368342,0.9535464466075307,1.4899749032410352,1.5467285939231343,0.6766802895765326,1.4027465542176605,0.49932109046000983,0.8768276235815806,1.0588320337275265,1.342203908558778,0.6350906889145895,0.6491282795436902,1.0720551067468291,1.6642978640347634,1.4922430079404796,1.7435635221961272,1.0264508110580695,0.9744797429846916,0.5349911742784791,1.0761177787376552,0.7392212711132272,1.0198925739506535,0.8671009813228088,0.9774742377722159,1.5856863234985783,0.5629571124485039,1.2398321974014312,0.4083055161583505,1.5237241466927665,1.067376565417943,1.1245449751036436,1.041102725920476,1.4642129998929647,1.3040626111946225,0.9591604615074785,0.5021869095863066,0.6715599017057214,0.7222686140976949,0.7226744627322704,1.0996991285408866,1.5520144432920857,0.9122326001013369,1.1542913553813616,1.1168997499678575,1.3358558478822968,1.2129537052518113,1.4667835532954328,1.6150322999870836,0.4432594227690973,1.4257766910592107,1.218242613017909,0.89500232156535,0.7914795667027108,1.4782148647275588,1.219884476799411,1.445214752725694,1.6475376188463742,1.3990454763053297,0.5475783540526351
Colombia,0.48779492882063663,0.46088345828915134,0.20721894191762452,0.6975679014029985,0.9789202091656779,0.3482450398079931,0.7105647313493718,0.6636642010608553,0.27548756886972636,0.48591528049628335,0.770032476640044,0.6253081019504346,0.5571796402681085,0.29663057956228445,1.0307541580526007,1.0,0.5772687327336671,0.7084530253754193,0.5777899635784028,0.728272126362694,0.42969983397179007,0.5099310910691617,0.6725774205685682,0.5384413889284612,0.7297049549002417,0.7770523601968617,0.42882172189900136,0.6728531271554363,0.7343064222247183,0.6242446223886865,0.5624262985635258,0.7059090855754424,0.6309248570754135,0.47485614477867166,0.5793117056482605,0.8916546796216926,0.7963912530710364,0.9910780527161563,0.44714091804597317,0.4773073269962205,0.6547792071444424,0.6305343249061501,0.3733445139385184,0.5889037145645613,0.5148593612195079,0.29115637996689625,0.8245250240438424,0.7125042612804473,0.5314054731512646,0.7656827154251465,0.7642766883087958,0.47467524616886214,0.3537275893503984,0.4751101716026477,0.5581629892879776,0.34746206682223,0.5777326248394729,0.7742262639042764,0.40997907242303244,0.3657641211231014,0.4976865603909418,0.4376551889838125,0.8251974157930152,0.6378191912821094,0.44172243636188796,0.2760063793925066,0.6171622806691365,0.5145269974601461,0.6389043129616117,0.872248671133004,0.6428174767158351,0.6359163584379126,0.4883423145591672,0.48711888026829603,0.44461799146548736,0.6558118151927494,0.413173160199628,0.6384757411552187,0.9459136873132561,0.8323513283325717,0.6331860913838879
Costa Rica,0.5950276963727453,0.8253456196880157,0.5712007951882275,1.1193243838235005,0.45079072795379027,0.745337093929408,0.8541007131036239,0.22221656115183414,0.7538493241492451,0.5167304624107244,0.2961308676171715,0.7203536611931806,0.7906872700623881,0.40796519235310896,0.675339864494505,0.5772687327336671,1.0,0.8794470676722684,0.7346121733192901,0.8758878240631519,0.251471379611268,0.5130723206865646,0.5581599358238094,0.5367945516948499,0.8887322135117188,0.9395172630782431,0.46421734339433157,0.7869391540796593,0.5738194199724507,0.25356517746937257,0.40882835544590373,0.7943756701585495,0.2530297333123114,0.3851313306282626,0.4353354128903223,1.0602308106119904,0.8504607721351802,1.1150934030771882,0.412329921452966,0.8200460325677186,0.2640413355471815,0.4764113867947419,0.37561523160054516,0.6318307660224438,0.48768787108672884,0.40024190194352816,0.9501546082914382,0.6815702651840152,0.6366490754501144,0.36367001739228283,0.9249484326390427,0.4809543244185078,0.7189228520638022,0.4911159523769924,0.9016677444940876,0.7844610201435003,0.3291088388114612,0.2463660367194468,0.3732232631155798,0.24492180583231585,0.11054701807981934,0.573233795321672,0.9564862059712087,0.6307396309120017,0.8980997524273604,0.564017737040899,0.7363468141405184,0.6847560582441242,0.9049059640945178,1.0289995666249492,0.3174977066322551,0.8093982746994411,0.5911139386481992,0.27045205577847675,0.2478885016735502,0.85988801704708,0.6782922938801174,1.0607153737647368,1.0318640602703877,0.7620076934119189,0.3476300824270541
Croatia,0.378996935517881,0.9007080310969426,0.5905729174815438,1.1833764880345605,1.1545204940294616,0.7351769763752679,0.24992462797344872,1.037064389234007,0.7645595836455619,0.5654013505776999,0.9782444164143013,0.2980653553367041,0.34395459069915807,0.6355853421150994,1.4223961849569533,0.7084530253754193,0.8794470676722684,1.0,0.2116348337534204,0.2579529850065989,0.7104660223902497,0.9283671919576921,0.5645979179326917,0.5347598042760486,0.24060495099281592,0.29536350317978527,0.8855867999165361,0.30988991545967365,1.1454064801328243,0.7202376240291675,0.5797237206835002,0.1697688981090441,0.8619778501895848,0.9324525229940871,0.6266043382898485,0.3650282497680715,0.5038038159492763,0.7310542988928765,0.5230235531749672,1.0275733377520018,0.9419916130110266,0.5646825026758527,0.774181335208644,0.5343990265962534,0.6094047543951401,0.5808681598752009,0.5842019118358519,1.2831328081014006,0.30358716557871723,1.117626586703947,0.24047111854015935,0.5233684485361203,0.7214146036330412,0.4141205593083196,0.3381323870008271,0.5143246685992435,0.621791373034898,1.0650791343150348,0.909114723683216,0.8150121523471564,0.8053754383969012,0.3701856534866785,0.25939329072052325,0.6528389258967406,0.8837439919862096,0.5179401259884007,0.23344562383857279,0.23883194289955453,0.39592415211482007,0.26418400880021037,1.078398349859932,0.34726370332091255,0.42447153254071374,0.7124702241186281,0.6921323696441513,0.3656064273081853,0.448176654602544,0.6434509169265141,0.5197533303008036,0.5764513659386514,1.102207494472135
Czech Republic,0.1952010116804246,0.7671668173786037,0.47692521468609983,1.0526146086703478,1.01755377138443,0.5969120134984482,0.3837534199874931,0.8784040446605937,0.6340292207132193,0.3670775355412759,0.8175827405810597,0.35426187862574554,0.39723037168822534,0.4804454677533364,1.2436925719196457,0.5777899635784028,0.7346121733192901,0.2116348337534204,1.0,0.4005750931289903,0.5688269204346507,0.8266849550413444,0.553038441072217,0.3728589299624734,0.3890153590075666,0.4554294464483274,0.7004990058122461,0.3992293941636672,0.9705395824200291,0.6099023972279217,0.5039713131997743,0.23722458619867443,0.6968536515872091,0.7505768913910764,0.5577618565314649,0.5490547821482362,0.5879815167430762,0.841537654718548,0.4108116910565463,0.874708679913271,0.7759580175525657,0.5070255538934765,0.5945166226062429,0.378285894236202,0.4285718420745226,0.44719980286282135,0.6848501817956277,1.1036971498744788,0.28662762662569724,0.9449270555505155,0.40595005647106147,0.4503166225886357,0.6186552582968083,0.27461929320454903,0.39671998862782626,0.44793033550418415,0.5210186110347287,0.917282334022486,0.733446711387955,0.6523092245882376,0.6564747454606947,0.20210514099694402,0.4346726895325359,0.46858301934137236,0.7487873371314246,0.4126591461007052,0.28897783789243625,0.12378945676664405,0.4505076883537234,0.46312239006138656,0.9055931004954703,0.43058439269798143,0.39511616869390237,0.6038350663831378,0.5313710890968428,0.46383238591251336,0.3861609003178697,0.5820792526238975,0.6713472634181452,0.634828142150528,0.9381100140173203
Denmark,0.5197645377119257,0.9905473800350645,0.5993154451325698,1.2839677311960813,1.1626824716117563,0.8353885192965002,0.030901819798726828,1.0479367057035809,0.8256135931512564,0.7043288379072208,1.022588706036066,0.1809880326111777,0.2221340760180981,0.6724480818836905,1.4816297375146794,0.728272126362694,0.8758878240631519,0.2579529850065989,0.4005750931289903,1.0,0.7262463726333878,0.8904435214995402,0.4306824711859306,0.6513057379557398,0.04488564474407021,0.07483603951841072,0.9702507723011677,0.11256868397793968,1.220804850898952,0.6918963270357786,0.5155959654131592,0.26410556236450466,0.91018126467781,0.9918051022461838,0.5427288689852637,0.19771401194598354,0.28871959015951604,0.5214896707950433,0.5215404993870609,1.1120975966774218,0.9910566157646136,0.5081919563102983,0.8433509841691871,0.6791451208635024,0.7245701303897162,0.5780702044523575,0.34937880312491104,1.339683578085558,0.2683328202967676,1.1513893917877962,0.06907860241605644,0.486196925654583,0.7720330926363694,0.47396900919868235,0.31660161508261503,0.5370243744760795,0.5911702586460093,1.07190060795781,0.9578815792426251,0.837417819633238,0.8109417768024976,0.4678178952905384,0.11980077756935975,0.8196924458881123,0.9832969801009148,0.5113184826933757,0.16810343041527923,0.37364312314314346,0.36286105649348954,0.18265217540431827,1.1154668353454804,0.16610583688237157,0.3363030142622027,0.6706130406441203,0.7242813544589933,0.20702538569535672,0.4812197124324243,0.7801752097116912,0.3075820895058866,0.383367791828078,1.111945466732607
Ecuador,0.4243940118224454,0.6575473479732059,0.4005944706540111,0.986151379774663,0.6418869029889263,0.558701995379233,0.7041625693594492,0.39574051981939945,0.6179511175399606,0.3823772191613662,0.43867663894773806,0.5670592828394773,0.6337001333083829,0.28695643509401236,0.8067769677747288,0.42969983397179007,0.251471379611268,0.7104660223902497,0.5688269204346507,0.7262463726333878,1.0,0.4871923543798962,0.5062848764133143,0.3948325939402377,0.7375075690078465,0.790989111212319,0.38602428186496146,0.6487484541767944,0.6028425513990341,0.3017199979036167,0.365546946804849,0.6352778457928739,0.342298875839541,0.38784620869741937,0.4233285442261335,0.9147027569330202,0.7635690094116172,1.0394157263744896,0.29130381954886775,0.6931043937529673,0.36674080760029365,0.40737587520766005,0.2745767945418251,0.49938638231274285,0.3642885261381404,0.2585664047984525,0.8483771949301555,0.7028682879152028,0.4821031290591294,0.5229212459469113,0.7739498150625225,0.3220781746613271,0.5216309349399889,0.3431674292585861,0.7175698943470364,0.6122383065191129,0.30363909135330613,0.44179542319064385,0.35560745342944183,0.20390294957608743,0.19882508697943282,0.41401882642888094,0.8144297018787919,0.5300884350831893,0.7432809100239348,0.400022113569939,0.5861954787332171,0.500143530018793,0.7471293658397573,0.8765959938942448,0.42213970281327573,0.6607232995224593,0.44700243384153404,0.23669868035480895,0.20822612877050292,0.702172180959979,0.4909384788774252,0.8882665726525345,0.9088850447178777,0.7039458392743178,0.5026664164842912
"Egypt, Arab Rep.",0.7398139493742202,0.7500106036457643,0.5435809427803989,0.9512538519286875,0.9099906322105543,0.707838853013512,0.8726378511435396,0.6218144571546903,0.6413853150996055,0.7146883276274447,0.7633880420094967,0.7682732827975611,0.7646951075160645,0.5522642549705533,0.9940555434618364,0.5099310910691617,0.5130723206865646,0.9283671919576921,0.8266849550413444,0.8904435214995402,0.4871923543798962,1.0,0.6808501685887393,0.7697687393249709,0.9015861761923472,0.9335060570968188,0.6319541495746362,0.8213353122467306,0.824441668543705,0.6028612470873125,0.5709321994897018,0.9121008577230248,0.6804904772728009,0.5957369908946011,0.600127032513531,1.0450176554229382,0.8682780033991053,1.048092102554718,0.49407149550173757,0.7697819925882186,0.6498150081876823,0.7146392147234585,0.5658208525583721,0.8096063678218082,0.7413012770890249,0.5028701389449273,0.9122625169525774,0.7913249660248605,0.6822514054053336,0.7837407383254102,0.9303687254996478,0.6460520859586258,0.562239389800047,0.6515055297055797,0.8389065082196684,0.6653947951536167,0.5966495050457007,0.6870531484986053,0.5058122637365103,0.48015986507997344,0.47611640984511566,0.6817652423095473,0.9822199695236168,0.847314559165017,0.8608364426894711,0.578038917765004,0.7847804111094961,0.7543982549961692,0.8886812641853371,1.0386666058998892,0.6110759416082003,0.806914874245507,0.6056803371780146,0.4813992238518702,0.5755240576683818,0.7679645351684102,0.6195709191428292,1.0336825253182231,1.0326258738569396,0.8472264775483965,0.6096797252396867
El Salvador,0.5499996548902393,1.00739565441867,0.5687431817891319,1.326471544649414,0.8219462224602418,0.8742128951862702,0.4162677324610919,0.7396516284271049,0.8452994977783189,0.6531753208581368,0.7332174298315699,0.32286780833980194,0.4249489598880187,0.5415333292078917,1.2072346845368342,0.6725774205685682,0.5581599358238094,0.5645979179326917,0.553038441072217,0.4306824711859306,0.5062848764133143,0.6808501685887393,1.0,0.6056998387882582,0.453164578580496,0.4799169095757283,0.8346708027441384,0.3366987941052207,1.0297497367062858,0.35234997639074644,0.18746855362007336,0.47950502063362954,0.6551687031544089,0.8006169825644639,0.21665054745658738,0.584113524516035,0.3194659105811867,0.6239816303890341,0.3421940391697634,1.0830717498904556,0.7255811880798593,0.2676182946453715,0.6928963538204154,0.6778698757491378,0.6445432389653859,0.4288731784905516,0.44632029343592855,1.1496640954368724,0.32157353925128546,0.8580828380638196,0.48317640055278505,0.3624052104922489,0.7941795718923014,0.40587182291111734,0.6000050741359341,0.6527850699911453,0.2834614763350587,0.7408121419426061,0.772609008133418,0.6146250304703903,0.525247065893571,0.4808462901123934,0.5016743733374573,0.7883756097020531,1.038030419794507,0.4780081886681243,0.3551357200932264,0.5085073886645529,0.5994305453381794,0.585584406317855,0.8533902687561622,0.3985124669760785,0.28329273960095774,0.3743161316100406,0.49995432614985175,0.456705749981614,0.5645677778386192,0.98634871489217,0.526902775205417,0.21133701373300176,0.8230813566850309
Estonia,0.24002394643524982,0.662030282547184,0.4867988969977896,0.9995518705289933,0.7890271971440815,0.5149346042884746,0.6325544574817314,0.6310977866344695,0.6645745581960005,0.2275234349671243,0.5567482684574144,0.5392455292745676,0.6061403613512162,0.3663870783671345,0.9535464466075307,0.5384413889284612,0.5367945516948499,0.5347598042760486,0.3728589299624734,0.6513057379557398,0.3948325939402377,0.7697687393249709,0.6056998387882582,1.0,0.6491969735100798,0.7194311064376333,0.4506517433459206,0.607509665015226,0.6731323838379876,0.47426570857257155,0.510342475841911,0.461719331516266,0.4772853043860181,0.5741882722947087,0.5532627134763742,0.8304790697888333,0.7790540286286218,1.0836662174904172,0.4348668725626718,0.7398477979789776,0.5194126870463687,0.4371590316254617,0.379064585002883,0.15988815421419944,0.11758396495668055,0.38651727117642914,0.8654047194673782,0.8648882226302268,0.46632628004981264,0.6977942662349433,0.6827735459238224,0.39344192342171996,0.5739980998323605,0.27282815084216355,0.6358856680317466,0.6062095464614938,0.43375935505376445,0.6654652190875143,0.5305055087424808,0.46663934474157454,0.45923655801100444,0.2776882607159878,0.7137326214202134,0.2545093694137806,0.6924511459684174,0.43664301603825284,0.5225847029396986,0.3372564377908127,0.6987623457311525,0.7538578717860471,0.6639876904841575,0.628158438632628,0.5241738591851693,0.4953736356798786,0.35569001534220557,0.7087842584569144,0.4651036426485045,0.6978128239886068,0.8562565802867333,0.7532454255513932,0.7269599887982926
Finland,0.5173313394737542,0.9852836686068843,0.601182398645755,1.2740789602097522,1.1773644600653237,0.830730993141253,0.05435983720574543,1.059368639102747,0.8224282272871227,0.7016583002769595,1.033199799169344,0.19880838132633996,0.2307173257707575,0.6801944778356582,1.4899749032410352,0.7297049549002417,0.8887322135117188,0.24060495099281592,0.3890153590075666,0.04488564474407021,0.7375075690078465,0.9015861761923472,0.453164578580496,0.6491969735100798,1.0,0.07541500433490926,0.9709600444082246,0.12969982861159238,1.225339042937311,0.7077397016273971,0.5326423529902705,0.2575090734391553,0.9211023374513265,0.9976985143393984,0.5585119971109133,0.19193657458872018,0.30768588257339147,0.5334973071351681,0.5331327333247338,1.1077887999736773,1.001829979746201,0.5288893443669694,0.8436229168869596,0.6704125654027339,0.7222399258632709,0.5852786546986698,0.36395296961762796,1.342580223954303,0.27820051901880216,1.1604107337557308,0.05335486106379918,0.49964038301284813,0.7723109911044304,0.47815040412547766,0.3033387765780175,0.52973945714925,0.6067261794813488,1.0852253890916057,0.9615577200347422,0.8461594264007458,0.8224176674154804,0.46415054950508083,0.11758952840531957,0.8132127138803638,0.9724067190320904,0.5145365283898704,0.17251545543041635,0.36732342158691467,0.36835468386023257,0.17107884528375839,1.1256252963805733,0.17540414328746537,0.3484596085406967,0.6857314916288411,0.7336559984474686,0.21628736595775877,0.48352738342420193,0.7578857628518618,0.32184134348121207,0.4103825819233525,1.1221622760965337
