Country Name,Albania,Angola,Australia,Azerbaijan,Bangladesh,Belarus,Belgium,Bolivia,Brazil,Bulgaria,Cambodia,Cameroon,Canada,Chile,China,Colombia,Costa Rica,Croatia,Czech Republic,Denmark,Ecuador,"Egypt, Arab Rep.",El Salvador,Estonia,Finland,France,Georgia,Germany,Ghana,Guatemala,Honduras,Hungary,India,Indonesia,Israel,Italy,Jamaica,Japan,Jordan,Kazakhstan,Kenya,"Korea, Rep.",Kyrgyz Republic,Latvia,Lithuania,Malaysia,Mexico,Mongolia,Morocco,Nepal,Netherlands,New Zealand,Nigeria,North Macedonia,Norway,Oman,Pakistan,Panama,Paraguay,Peru,Philippines,Poland,Portugal,Romania,Russian Federation,Saudi Arabia,Senegal,Slovak Republic,South Africa,Spain,Sri Lanka,Sweden,Switzerland,Tanzania,Thailand,Tunisia,Turkey,Ukraine,United Kingdom,United States,Uruguay
Albania,1.0,0.15927252382095933,0.10115367406383104,0.150438214382364,0.1101393413695438,0.11166498574338307,0.04661424568614493,0.08889058661349818,0.12700549154249074,0.0272839229474952,0.08203989676196034,0.050812662814341804,0.08018243155875196,0.09842031400898758,0.09802505493092357,0.09897463809074257,0.10621914609277291,0.03610119677116845,0.03914598433041546,0.04705769130436871,0.08328696447903666,0.17717700020838437,0.09080628514173385,0.061343977334378956,0.04634343269104351,0.04954647793062055,0.07286485703679081,0.048835958116356555,0.15784087859470675,0.09249264193202995,0.0914312750621957,0.0490040113864386,0.10922730819666654,0.11020301015044316,0.07441059424049924,0.05516878646212992,0.09084935677793925,0.11883390561949926,0.08264156381202345,0.14130406669907608,0.09957291117441074,0.10398053070676191,0.06796627405796653,0.08681047580007605,0.05721440748065921,0.07366216410448344,0.09713443168697694,0.13590110062627597,0.04905121603583793,0.10649913027016543,0.04284836927752956,0.09316292548330687,0.12148199295670313,0.03357425301276242,0.07558985752820005,0.11721961718595351,0.09479782195494112,0.10445317847079835,0.0871066495217488,0.08828718495002986,0.0913179749780908,0.053060899245733865,0.047129265813241346,0.06555785955596652,0.15047285181505043,0.08854240941319404,0.03838088124013524,0.03334262345445772,0.12224726962996575,0.051374257064483196,0.10605347597709637,0.08091435093547471,0.07201173958610216,0.08032479132654778,0.07974859969470838,0.0763795706416695,0.11332306380729722,0.17291333210537027,0.09841576311925915,0.09325935749405877,0.11385624782829037
Angola,0.15927252382095933,1.0,0.12155725299954591,0.11656827454908482,0.21160687554374605,0.106790743965254,0.15331171659163959,0.15571144399157183,0.11773381179760985,0.15793196591516806,0.1809376771248891,0.16034347605827878,0.12802412331730761,0.14791781267500995,0.18236742327818709,0.11506577341237734,0.1708116205679951,0.15763785235656988,0.15121128824551766,0.1480794694723336,0.14383417736365695,0.2289482309873799,0.16929307379183553,0.14347782979007523,0.14729160114550446,0.15212449469778447,0.11209511622446697,0.14904215557678038,0.19968735373336427,0.160660813109724,0.16969865375889245,0.1560178972841595,0.18343591310572868,0.15785539780923655,0.15407545214769272,0.15713747468235476,0.15736578431269885,0.19096380088377002,0.1629373621316379,0.1069594535715707,0.18971947118553778,0.16847880066453486,0.12071370784528676,0.14807480422924127,0.13822229898687893,0.1306217700846333,0.12878708106555878,0.14392260247951036,0.15645893189380813,0.18052356042471307,0.15344246303821263,0.14717272757536506,0.11398183005702492,0.15926652618865483,0.11065258090648508,0.11336777639447104,0.16501402929076417,0.17734172347115068,0.12301641747595346,0.13705235109823408,0.15648114138095692,0.13286484708210575,0.16589748374143468,0.1584758633158553,0.10505389857533134,0.11729699671515255,0.15072251349190732,0.14364646043744153,0.1815212350578934,0.1613326518713639,0.15326023436648653,0.1357004165081071,0.14976566101845432,0.15482007682236099,0.16274552423416241,0.15069805532152464,0.12466763536562481,0.16326816993801613,0.16236882419400994,0.17887644282054993,0.15706715617766415
Australia,0.10115367406383104,0.12155725299954591,1.0,0.12963365702779608,0.14185805536315668,0.11455977535679863,0.0956699725963031,0.09207113855759859,0.10868369626046183,0.10443209712818748,0.11256145984587669,0.10542280727492129,0.06247511226236836,0.06914764570029487,0.10846257828647574,0.07369052382925019,0.09475210941653472,0.10736447527411605,0.09902079572517782,0.09321223346829871,0.08747507920304116,0.16648232147221,0.09850663158406404,0.10938341447498859,0.09428864978813076,0.09594140927505175,0.0697325350489408,0.09373624199863224,0.16234484234393343,0.09985411062645459,0.1006760045210362,0.1049983855270125,0.1237428520922356,0.08918488750498763,0.09298278555455364,0.10142500199004395,0.08037701646785704,0.11324847378836654,0.09911817802448618,0.08839702966302153,0.12706912828347483,0.10785183342969991,0.08105712903814875,0.1262986419435099,0.10350946356685127,0.06075501199078422,0.07952473369458986,0.07290407883439269,0.09480767222543435,0.10067694966873246,0.09959271679219793,0.09404176594550406,0.0906372126906765,0.10427868883118314,0.0662486340809326,0.08077181220767302,0.09485443991644733,0.11315202309910094,0.08317268895827556,0.06263164684967962,0.08555362717395236,0.08798924973812047,0.10965528811190658,0.1280926919045645,0.11701400153954217,0.05370592014305868,0.09538173960284137,0.09016244594418626,0.10413050215086529,0.10979724240454511,0.09003593103560915,0.07830756462966351,0.07999986540054398,0.09667294289423561,0.07673752919690503,0.09011364287375069,0.08465493778248583,0.14994318217266434,0.1052255075733315,0.10719242020750142,0.10097144205861384
Azerbaijan,0.150438214382364,0.11656827454908482,0.12963365702779608,1.0,0.22577232591412408,0.0813944343566814,0.15999153823301354,0.166573873757073,0.1261661299611926,0.15390084642845947,0.19555869677068247,0.1632794513585299,0.14510794604699176,0.16184383395186916,0.18210454162205042,0.10731050951562245,0.18896006090606698,0.16099269965606042,0.15300031745498605,0.1576234344302595,0.16243221909835479,0.22201370537605325,0.18912647714892972,0.14910039435733058,0.15435378190812174,0.1585998757752503,0.11581725932388946,0.15545768868348647,0.19860770166847927,0.18988149195680212,0.18759894054122458,0.1639126232904632,0.20350548258759626,0.17256933471803615,0.16553695517991981,0.1658997236391203,0.17819914323407166,0.20450335283461427,0.17489490560441381,0.08707695989080454,0.1930724395142919,0.1910735313960108,0.12578876733706798,0.15269734029914234,0.14064194314893474,0.13106758576195873,0.14693796008148483,0.13998725627581118,0.1599640371132547,0.18511708917272415,0.15780659727776955,0.16800123933328404,0.11273774445842606,0.1554080571148346,0.11566101056326797,0.11366484360567304,0.19185179212498515,0.19802784687528996,0.1239777045824463,0.1504591936226707,0.17133501911140236,0.13307793644735977,0.17027703795853347,0.15553757859992504,0.10544523355839683,0.12335745257318126,0.15734601480320684,0.1451958252856679,0.1894040717751734,0.17071167705861473,0.17205043142970172,0.15358545410821178,0.15884345317404933,0.1630056421547056,0.16818360326830809,0.1580907540016732,0.16112534313733215,0.1630251142738479,0.17967250685216102,0.1977086463738004,0.17002216915505994
Bangladesh,0.1101393413695438,0.21160687554374605,0.14185805536315668,0.22577232591412408,1.0,0.1874916849637116,0.10938062733734352,0.0702619688315342,0.17137464459344853,0.1053594971166169,0.04425490654726064,0.10466289463313615,0.12315041072923229,0.11323693398691219,0.061179004549498706,0.14916505570448907,0.07333756761634284,0.12309160004042048,0.12237806491353348,0.11165229761049024,0.09018058136508553,0.16613730988601416,0.0726261345835265,0.1302452482512711,0.11859449996482271,0.11497337119084358,0.1306050117985205,0.10802377323059283,0.17581931322249053,0.06348340821734166,0.06924622297763365,0.1221156607147038,0.07239800057735556,0.1059723761379199,0.07927475515593911,0.1191690126125222,0.09843069132842067,0.12160046767532119,0.08552356124825214,0.1944152873327323,0.07403611755419072,0.09381283063788988,0.12380421886451688,0.15733042831648167,0.13182567099953765,0.11411596754267042,0.12755938151942947,0.15793488199198716,0.09599502869347419,0.0809881329964874,0.115208693212922,0.11556376507055476,0.1696872143574128,0.09939778483175553,0.1523556547281636,0.17793835874228225,0.0740109810847559,0.05438449089036877,0.12445372140681418,0.09600357758563843,0.07940107430412842,0.12454507039459999,0.11007774351202615,0.13914576651179253,0.22184793153501758,0.1418929714244513,0.10497836605651764,0.11800906543936655,0.14106500546415615,0.1186222666198424,0.08266536479635292,0.12746220194283087,0.09957937821906075,0.08617455249966773,0.08274449500403033,0.11642708636275245,0.14759756335994903,0.2458354552632341,0.1266929491925179,0.07310708283540045,0.10219024948621663
Belarus,0.11166498574338307,0.106790743965254,0.11455977535679863,0.0813944343566814,0.1874916849637116,1.0,0.12133696827382356,0.13510672276873925,0.11868876218278908,0.12285522426725168,0.15902558991598428,0.12346854210998516,0.11425223736519932,0.1359130990130479,0.15535465717971614,0.0887312331452855,0.16183450833609467,0.1215410655708008,0.11873701082554056,0.1165689149305761,0.12990517118885428,0.21555016775216224,0.15796796589074658,0.11117752391308068,0.11750329455324497,0.12149682693002602,0.08915883509461092,0.11926641440407891,0.16407755565963053,0.1554603796509139,0.16113430045573468,0.12108001268003105,0.17334336597785105,0.1552066507306095,0.1282721878142586,0.13034213342374568,0.15029307247166226,0.1834792927626392,0.1442113966950425,0.09561809353738973,0.1592391115240387,0.15407500038105426,0.10111896177553865,0.119817239491365,0.10135433156892609,0.10401919313305266,0.11539100163528361,0.14380637082016345,0.12432141088538759,0.167841664498384,0.11976577392668337,0.13141188831563427,0.09433342194707635,0.11692873257238266,0.08629272281846678,0.09821277606198889,0.1638627685656479,0.16469427407251314,0.09949431813374833,0.12432544176567037,0.14151853437685205,0.09651270587426873,0.13006306047375482,0.11689695299156827,0.10656220338133901,0.10201812499701042,0.11844035234963264,0.10848175791905995,0.1697078357242632,0.13170974698867816,0.14466478161026083,0.1217837818044964,0.13659391416532132,0.12200849503163727,0.13599973837911927,0.12832746168648845,0.12709512714490778,0.15175665825329449,0.14635282942621702,0.16187168536590496,0.14190265294522325
Belgium,0.04661424568614493,0.15331171659163959,0.0956699725963031,0.15999153823301354,0.10938062733734352,0.12133696827382356,1.0,0.08742742986247246,0.12031765876184762,0.053265224926980895,0.08643921463429872,0.02560012022109792,0.05968490383883982,0.08960016130310625,0.10563720886956804,0.09761957739182127,0.09447729252548491,0.039519763716863644,0.05717329960912913,0.01010485377359015,0.07343905151283309,0.16528535934484284,0.07241756347471043,0.06849657244120298,0.018421348907261426,0.008174042141632662,0.08214374179099616,0.015710101909390966,0.15589328972447952,0.07837645027591054,0.07812412762113996,0.049445551642542794,0.09835825738203027,0.1028137919542279,0.06349910174305379,0.017714587352777818,0.07561986028194087,0.10009048431211369,0.0745323295342516,0.14324945653445006,0.09964135859803452,0.08421835359948134,0.07563576361803562,0.09859833666044825,0.07462569106648037,0.07227799156152868,0.08121540675391768,0.1392048157029073,0.02874550373493828,0.11304582786817376,0.014663766806000688,0.06787651080373343,0.11413010274105236,0.037870483600778736,0.06953582328738422,0.12348116813397667,0.07982760880369735,0.0961166420578323,0.0871508467107855,0.08205891891842333,0.08109326858161366,0.0682545243674393,0.02131314548128132,0.08899126588241595,0.15670452146419453,0.0910176336547031,0.024631685257730865,0.0328333861803168,0.10430520085945724,0.025196294184529275,0.09690996695843138,0.04975301822804497,0.050493382119981285,0.07195996783718396,0.07654645678409851,0.047944000148744385,0.08922186241315082,0.18291096719349798,0.06942548219886405,0.07205859548287263,0.11170464043334595
Bolivia,0.08889058661349818,0.15571144399157183,0.09207113855759859,0.166573873757073,0.0702619688315342,0.13510672276873925,0.08742742986247246,1.0,0.1308934625863277,0.08483415399188571,0.04910532587191497,0.08217126327377858,0.08678912778231122,0.07820705112588258,0.04160033354966357,0.09650697131096576,0.05329743335637694,0.1055383973243826,0.10196248847782137,0.0876211026658653,0.05089357124826308,0.14501430179240007,0.05691691886024106,0.10309372640893061,0.09383523309948462,0.09166279738083756,0.07905309692216284,0.08267395821943486,0.144768991344803,0.05045490302127187,0.05719192408770869,0.10834459720984319,0.08392716277992024,0.08297055612724044,0.050802718545910897,0.10067010583273367,0.0772023980148301,0.11195780026498173,0.06108119503410424,0.13573332207198108,0.06291008987689627,0.08633560707265135,0.07341279443963938,0.12753632797327416,0.10103681457822651,0.07184155464976569,0.08858566849055825,0.10878553978357296,0.07056920292223957,0.06927294265496495,0.09330906552620709,0.09339753410108753,0.11625205304118916,0.07789025636235117,0.1075821434137201,0.13111311944080237,0.05932374389610327,0.039750860882272726,0.07468338089154358,0.04558459697285141,0.04455955525045207,0.09385100446578906,0.09808809604975492,0.11813425631602797,0.16869812996964736,0.09422771286900097,0.08134923920380463,0.0913997193062621,0.13011650168776379,0.10457776536988835,0.05303980993555217,0.09672873554958455,0.07045262963421615,0.047925532855641446,0.05719980850143413,0.0875065530480627,0.11262937831072847,0.20382154808767258,0.10760365215551582,0.06821238645406931,0.06449016039562842
Brazil,0.12700549154249074,0.11773381179760985,0.10868369626046183,0.1261661299611926,0.17137464459344853,0.11868876218278908,0.12031765876184762,0.1308934625863277,1.0,0.12459837328799876,0.15301447536564627,0.12940432577815808,0.09181438013446831,0.10168904541404007,0.15420351344043973,0.07642913387956228,0.1410046097509745,0.13248193205258346,0.12680178785727772,0.11781202223391475,0.12819663022583488,0.20174435540810645,0.1419627712768157,0.13223428176437482,0.12024073548650999,0.1214282564897702,0.10114306967746835,0.11589235965775,0.17535662468385174,0.1378733199341236,0.13649206074926198,0.13661709106907952,0.1291881227617669,0.09737398004833776,0.1123558685889129,0.1251843232697697,0.13327478533971696,0.1364435789156585,0.13443063888274423,0.12093858892256165,0.158993456915422,0.13438373924507405,0.1135748561629277,0.15813513708313254,0.13092931042708877,0.0969779254593879,0.1130361476611564,0.13190243001005825,0.12190212014690623,0.1437566533840631,0.12414413536221672,0.11253816214222517,0.12955448162928082,0.12233033327291792,0.09502129177073475,0.11121880536105705,0.14241852441418604,0.15523510825981493,0.08899669724914401,0.10506110212103778,0.1294679227697934,0.11224430256449246,0.12972294468621193,0.14776608770832594,0.1172286303110059,0.1023881013159174,0.12209885230182971,0.11874975344801547,0.11740454945553075,0.13308404563037626,0.11420226733222706,0.10315724178099837,0.11382093362641138,0.12907326912787603,0.12343661968009978,0.1194674591120351,0.11073062798605204,0.1777788861190033,0.15152976991614614,0.14950400662037241,0.1052284773210009
Bulgaria,0.0272839229474952,0.15793196591516806,0.10443209712818748,0.15390084642845947,0.1053594971166169,0.12285522426725168,0.053265224926980895,0.08483415399188571,0.12459837328799876,1.0,0.07663989663452965,0.05733182761725018,0.08578181451999133,0.09861638761298538,0.09359900424074516,0.10314001790728389,0.10210618381795167,0.042771973850988784,0.039076636634015914,0.055548814509177376,0.08478317801122862,0.17702013122422317,0.08891530610473992,0.06044377035126717,0.05096810287660582,0.0557643469763773,0.07246715062633338,0.05228369164719263,0.1560768027960265,0.08630196269559406,0.08688866079279539,0.05699454461044089,0.10334191189526061,0.10420975373231951,0.07246090957358704,0.060443561729194885,0.09142274395830613,0.11882356149805694,0.08169066862157998,0.14343748237965176,0.09905517744023655,0.10581526906651356,0.059367258623448896,0.08452738005676347,0.05653362140851498,0.07827150734777417,0.10355940670356001,0.13447139413222353,0.05103792039003667,0.09866795968958968,0.04959804321669646,0.0955919185147393,0.13005043096442284,0.03293159758199903,0.08247495632408904,0.1246885999302041,0.08820150964035008,0.09875455605753426,0.08346338062254845,0.0871717222511167,0.08827760082257313,0.05799088144270258,0.053862214098336504,0.06178594411170479,0.15123649398071187,0.0936382877545207,0.04275494173375161,0.039843353729373275,0.12658932098144432,0.057302887284083365,0.102983694581218,0.0829040031699513,0.06911595345182436,0.08389870452819487,0.07999512571428431,0.08246957736180864,0.11472174424697475,0.17499157625896253,0.1055692986290444,0.0952209282501701,0.10950251111747787
Cambodia,0.08203989676196034,0.1809376771248891,0.11256145984587669,0.19555869677068247,0.04425490654726064,0.15902558991598428,0.08643921463429872,0.04910532587191497,0.15301447536564627,0.07663989663452965,1.0,0.08567026324119009,0.09649088894620536,0.0891751044316528,0.04708992159807539,0.12191397318178526,0.05417760141215755,0.0952730402169334,0.09188997946633953,0.08728703588889672,0.06363640237142587,0.15158376980959615,0.05085330042316372,0.09922051627235447,0.09279412334402311,0.0917467806024706,0.09555318954003178,0.08582356778994835,0.1593542201198342,0.04288623439053091,0.05024275866376554,0.09658437791720403,0.07271088310686644,0.09107162768025841,0.06336107940198625,0.0970659027326958,0.0713105271170511,0.11193801002017201,0.06287808007018131,0.16628718276826962,0.057801531947809875,0.08041738438800568,0.09204910262936979,0.12184631667136595,0.09958774322701044,0.08519842238837577,0.10160388658396122,0.12949537955077178,0.07400232208849718,0.07153587670435116,0.09054925415128941,0.09885924291298914,0.13897471994776442,0.07603597019604598,0.11974607108890777,0.1458774126176356,0.05396813754067112,0.04021281928137992,0.10185933613839936,0.06927826662142847,0.051611972273581205,0.09352912857302503,0.09028533428153605,0.10831889480139781,0.18975007278890518,0.10954719550418689,0.07901036017942034,0.088244928229459,0.1325761696390763,0.09550800430114974,0.0704062583598491,0.10481064423853352,0.07877880404829991,0.06640014627648419,0.057610783609043426,0.09425764500121395,0.12205366013251139,0.21027048061026166,0.10470084559924374,0.057951975645900024,0.0905883996264208
Cameroon,0.050812662814341804,0.16034347605827878,0.10542280727492129,0.1632794513585299,0.10466289463313615,0.12346854210998516,0.02560012022109792,0.08217126327377858,0.12940432577815808,0.05733182761725018,0.08567026324119009,1.0,0.07612890658075963,0.10046409099113854,0.10019767471449693,0.10404756322660792,0.0968185557084358,0.052885323065603354,0.070176251542484,0.030535934503620642,0.06939945090370152,0.1621977853263573,0.07465699559825327,0.08026740728311264,0.03799524893069658,0.028019397328033022,0.08896814936359793,0.02804646201398322,0.155637544091613,0.08087410667948058,0.08014323338079403,0.06476242138827398,0.10380169823265528,0.10940961527482539,0.06596898022619155,0.03671347002464712,0.08779061049534974,0.10491546701321398,0.07197748171218876,0.1489801478765949,0.09441469516859363,0.09435027315173211,0.07642591637199996,0.11040487283455423,0.08417506726129192,0.08226902687158096,0.09376251637017002,0.14546774893837502,0.024661849333438207,0.11464293941049421,0.031582822020435976,0.07697415857960849,0.11843480951829707,0.03828888671886657,0.08449090370991708,0.13469252044452848,0.08325288606604332,0.09083889542804498,0.08989946281880928,0.08519673202678557,0.08447865774128006,0.08148104015182346,0.0354468390124903,0.09860542151889086,0.16710860336266303,0.10155300190287651,0.031328295046422004,0.047743037094497315,0.11629554848620884,0.04211842632065679,0.09748883726633793,0.0667354493574566,0.05370066012159821,0.06440631886205629,0.0835684068008085,0.052331966322911184,0.1027682418652255,0.19784425911547782,0.08233686147072258,0.07458838072143106,0.11268286108542629
Canada,0.08018243155875196,0.12802412331730761,0.06247511226236836,0.14510794604699176,0.12315041072923229,0.11425223736519932,0.05968490383883982,0.08678912778231122,0.09181438013446831,0.08578181451999133,0.09649088894620536,0.07612890658075963,1.0,0.050171687496098155,0.10830087806827961,0.06938911474553686,0.08391030960221854,0.07915233819540307,0.08058325107725839,0.05520101912547481,0.0719916416486573,0.16102568780943222,0.07329918645997144,0.08424642616493468,0.06208071370469665,0.06141206701144026,0.06921490682740984,0.05981232281560429,0.15173420496731627,0.08045966607548392,0.07907321758491363,0.07977231216319751,0.09246317392290655,0.07518913625579482,0.06968126204142394,0.06490989317056223,0.06049162254028923,0.09654997592955904,0.08324143658308591,0.11523397961969131,0.10616472669128532,0.06774312749384839,0.08482179629111294,0.11324050554439777,0.08995096779661443,0.046502112110360476,0.05126964077651988,0.10409598196839787,0.0674882802530076,0.10595657180719417,0.06574890032188804,0.060057687473279504,0.09125329799591773,0.07776842550672744,0.04953528520619446,0.0933496978480504,0.08097754676406076,0.10202032905492321,0.08073005978913436,0.05742527462163075,0.0713062014915329,0.0717682914537587,0.07260195250766817,0.11204744402246145,0.130817820776561,0.06018875231635743,0.0674408100348035,0.06378098029288574,0.08071283880185902,0.07261831690077936,0.07939686402482589,0.042959058591970786,0.06057586388235463,0.08206108524871915,0.061942932335070464,0.0612168518296856,0.0669682316071692,0.16272515466719872,0.07266980861367972,0.07711900399942874,0.09473699978970043
Chile,0.09842031400898758,0.14791781267500995,0.06914764570029487,0.16184383395186916,0.11323693398691219,0.1359130990130479,0.08960016130310625,0.07820705112588258,0.10168904541404007,0.09861638761298538,0.0891751044316528,0.10046409099113854,0.050171687496098155,1.0,0.09385839870721015,0.07868821734123659,0.07374683626087374,0.1059820913472763,0.10207524480378515,0.08781234570748264,0.0809948303211764,0.1599176962967343,0.07657970518544267,0.10323770579192494,0.09464687352953839,0.09344639044852843,0.08125746930409851,0.08932937449865958,0.13570374967299043,0.0813602611023493,0.08023471934656098,0.10853485510967338,0.08338250074824623,0.059537492889137,0.07776650829374343,0.09811377903594208,0.06999737618316763,0.10515091325478919,0.08915860760161888,0.11866964238590068,0.09627777594072134,0.06811277459650328,0.09753468940307676,0.13261514022834536,0.10931753573143667,0.06312607220541663,0.07503737481180404,0.09387916054873745,0.08714738874158459,0.08954566381147755,0.09692647792526722,0.08050178152171585,0.1100170715208698,0.09532633546414175,0.08270053058195825,0.11459915009823543,0.07950440074045073,0.09372471604350086,0.0883289932729735,0.0481170658962143,0.06621858482149069,0.0954628251993031,0.10035406994974885,0.12782942664254182,0.14161193319256873,0.07673862219596375,0.09485027574074846,0.09176073579404162,0.08570262959387562,0.10357288713923996,0.07198692058091703,0.07597550774258052,0.07958333700692428,0.09157410794426434,0.04795780775349382,0.09132100413752005,0.08763919327935665,0.17162329744733246,0.10032367845210924,0.08321776286007995,0.07801437500969441
China,0.09802505493092357,0.18236742327818709,0.10846257828647574,0.18210454162205042,0.061179004549498706,0.15535465717971614,0.10563720886956804,0.04160033354966357,0.15420351344043973,0.09359900424074516,0.04708992159807539,0.10019767471449693,0.10830087806827961,0.09385839870721015,1.0,0.11798828333233653,0.0618828748644041,0.1191201530361688,0.11310120766424026,0.10763449186888836,0.06939287356136019,0.15071769544799435,0.07279704741291035,0.11376310382513435,0.11227767293204684,0.11065919348121726,0.09701012064960432,0.10201904931485134,0.15850490837715428,0.06721125842827323,0.06979135883875197,0.11724024504389596,0.08554686030168937,0.09273158058924262,0.07768114121895364,0.11848992729826274,0.09246646715116186,0.1293774325340008,0.0795748174536541,0.15032758125770349,0.06521772904012883,0.09308381284722483,0.0945909638914733,0.13869237023352282,0.11269783489255109,0.08723433608256133,0.11104163062362546,0.11325758826105951,0.08972251597422069,0.05748458019395479,0.1111108158262637,0.10664576895195066,0.13355715018535688,0.09157543362784493,0.12895534413423262,0.15025653257043786,0.07279060524996975,0.04963447558199152,0.09866810045375304,0.06724202873055884,0.061165616760476285,0.10747903530716725,0.11296509728999997,0.12665569788589381,0.18853585460390368,0.1124044684468079,0.10025609203001633,0.10543333141686614,0.13733205291404985,0.12023462130521215,0.06638618175583716,0.11740706489074104,0.08706651232638256,0.07276212802069154,0.06416944983141515,0.10806020637536377,0.1358266646819028,0.2194133960354751,0.11931413455446244,0.0816810266643295,0.08984727237872252
Colombia,0.09897463809074257,0.11506577341237734,0.07369052382925019,0.10731050951562245,0.14916505570448907,0.0887312331452855,0.09761957739182127,0.09650697131096576,0.07642913387956228,0.10314001790728389,0.12191397318178526,0.10404756322660792,0.06938911474553686,0.07868821734123659,0.11798828333233653,1.0,0.112896932591478,0.11401964781791084,0.11057437835391319,0.09550025974757075,0.09335071863346842,0.17150401556772682,0.11255856674924852,0.10412645478827169,0.09885173434934592,0.10001519453931344,0.057643411237263666,0.09462276834872281,0.15941506824114607,0.1154700243147646,0.11259429246920863,0.11486151572080952,0.12056158150213135,0.09506473880334329,0.09519146304662515,0.10817141654255207,0.10427778084040502,0.12329489772074931,0.11128806007738015,0.09901129341588491,0.12067390926256287,0.1115864528738702,0.08270164133724024,0.12690387549736398,0.1031064038422166,0.061141785800595115,0.083375618459971,0.09710572692947679,0.09952582074314902,0.12338750349125509,0.10309059549006093,0.08628701135134888,0.09493723201960452,0.10076313045019103,0.06541042933598411,0.0922230996225962,0.1214191457424642,0.12233520403443376,0.0798856887829006,0.06760740920017104,0.09621150511884193,0.09166486437500818,0.11294205572982273,0.12648266686128942,0.10487881299020146,0.0679414765931173,0.09729882388003057,0.09654323576771219,0.11951921056094116,0.11642718377450521,0.09932547166380949,0.09035469012198473,0.09728362301590358,0.08895372224041162,0.09049035778409546,0.09806385107487203,0.09948050933120689,0.15916203719200925,0.12005967228782909,0.11955020358023982,0.09103412293285176
Costa Rica,0.10621914609277291,0.1708116205679951,0.09475210941653472,0.18896006090606698,0.07333756761634284,0.16183450833609467,0.09447729252548491,0.05329743335637694,0.1410046097509745,0.10210618381795167,0.05417760141215755,0.0968185557084358,0.08391030960221854,0.07374683626087374,0.0618828748644041,0.112896932591478,1.0,0.11229803899443866,0.1098606197448934,0.09460052778392476,0.0533590340641849,0.12262566484987021,0.041193058478242645,0.11841829334278188,0.1008318018454882,0.098316468598335,0.09870611587648413,0.09356119809612143,0.15339236210494037,0.042349258919756765,0.043122359002167446,0.112987360135789,0.07254472908201878,0.06981468599238695,0.0634345547054264,0.10346749318348579,0.05954016944163215,0.1024665420723055,0.0555611243678196,0.15268137572337215,0.07265949447260339,0.07545976021898138,0.09970828117552887,0.1399413006278871,0.12001555297775864,0.07852142378166393,0.08818470016500687,0.11001581892457751,0.08101887229709324,0.0804890014769191,0.1007584751340534,0.0904975446100104,0.11951173223891656,0.0949818777141841,0.11654317189445651,0.1364058751721933,0.05145765508845787,0.041966023253442675,0.09443440739962079,0.0525441181261229,0.028415661779208564,0.10481615978163153,0.10291718412588118,0.13340847510085557,0.18529575333343085,0.10547307718063864,0.09211299575166337,0.09972200401559013,0.12116218842303733,0.10717868735060944,0.04346501542995532,0.09424566748481494,0.06943970690215896,0.06589507927851487,0.052308717660494386,0.08033279427307706,0.0995766466577785,0.20841471825686705,0.09874943251428622,0.053758621757724244,0.08178629527796284
Croatia,0.03610119677116845,0.15763785235656988,0.10736447527411605,0.16099269965606042,0.12309160004042048,0.1215410655708008,0.039519763716863644,0.1055383973243826,0.13248193205258346,0.042771973850988784,0.0952730402169334,0.052885323065603354,0.07915233819540307,0.1059820913472763,0.1191201530361688,0.11401964781791084,0.11229803899443866,1.0,0.029409521726134286,0.038131965176854375,0.09219621569550597,0.18311231866091296,0.09333711862857581,0.06325009643274461,0.032376524987195246,0.038423901175582316,0.08770971687924872,0.045701870267489585,0.15936516745565618,0.09567075280114146,0.09683328815197804,0.03641925225975073,0.11676248974277978,0.1180684018106913,0.08075614615050138,0.03802143230149872,0.08924667135361383,0.12133588880722888,0.08651812525258153,0.14838459508564691,0.11504809165245929,0.10668971833258653,0.07800687826159328,0.08240566476125658,0.06234115265821907,0.08601721945115759,0.09700619487129691,0.14934618430259583,0.05019337451911203,0.12310424956165843,0.02836480800401092,0.09537607978080873,0.12513080504225996,0.04345011134936716,0.0739127800824545,0.12073468001121344,0.0969630942117814,0.11520602786508595,0.09672671681053607,0.10120400626515426,0.09911042290790555,0.05664244816099651,0.03208940128848864,0.06488113290766152,0.15432261438356887,0.09832377993406598,0.03527938580745728,0.026284357946955043,0.123990967851451,0.02810492671452902,0.11623082167151792,0.0717046818094894,0.0734011107499035,0.09345076069991233,0.0901155263918185,0.07138073798089954,0.10365755837043887,0.1674081585260327,0.09114362906093973,0.09449678197975515,0.12833068653454693
Czech Republic,0.03914598433041546,0.15121128824551766,0.09902079572517782,0.15300031745498605,0.12237806491353348,0.11873701082554056,0.05717329960912913,0.10196248847782137,0.12680178785727772,0.039076636634015914,0.09188997946633953,0.070176251542484,0.08058325107725839,0.10207524480378515,0.11310120766424026,0.11057437835391319,0.1098606197448934,0.029409521726134286,1.0,0.05473493563132761,0.09387135651354181,0.18578861182973563,0.09632923285096848,0.06364916773856898,0.048188751733582655,0.05664343923773075,0.078723545076199,0.058330595321841656,0.15937038673733994,0.09394897290812973,0.0973475729372256,0.04103196876957872,0.11794663746474172,0.1106337893539346,0.07985355116554818,0.057408017330224,0.08547772909532303,0.12416399566180823,0.08757878687477877,0.13959018167009812,0.11967853473444917,0.10978746057586583,0.07069106663519671,0.07867929295101916,0.05376618842043215,0.07725563087603313,0.09409675551205501,0.1355413990704828,0.06228525906528593,0.11040682065022119,0.04798859894969381,0.10277155939097296,0.12338473819429861,0.04895058419959747,0.07061485655042085,0.10630739950688191,0.09650427250809324,0.11591693256933353,0.08847304950552935,0.09698441180682911,0.09661927155021019,0.040802006810675695,0.05287295392302542,0.05632346128849555,0.14420605414960377,0.08651041599139395,0.04872715765338135,0.03413489426184709,0.12780177232989162,0.05170226821712288,0.11124847454155903,0.07723006455829336,0.07452776650765436,0.09753089654724523,0.08612715425983801,0.08222578703623039,0.10628417496776993,0.15590263256492973,0.10180277427452489,0.10092621708591809,0.12330714919846139
Denmark,0.04705769130436871,0.1480794694723336,0.09321223346829871,0.1576234344302595,0.11165229761049024,0.1165689149305761,0.01010485377359015,0.0876211026658653,0.11781202223391475,0.055548814509177376,0.08728703588889672,0.030535934503620642,0.05520101912547481,0.08781234570748264,0.10763449186888836,0.09550025974757075,0.09460052778392476,0.038131965176854375,0.05473493563132761,1.0,0.07237488570382239,0.16604142769792463,0.07280854602134156,0.06694686657596863,0.01803817568355632,0.01214773785490388,0.07898485006951779,0.0184043063117902,0.15423412304296455,0.07820796596046929,0.07941111412716494,0.04784420700219281,0.10055576008525696,0.1021395749763835,0.06236883754027417,0.019983098140920738,0.07362989287392782,0.10090037974785938,0.07411990262706977,0.14081015293071875,0.10129533061959865,0.0836499213946137,0.07492547949550003,0.09606017192255337,0.07175678512764855,0.06861150109779,0.07606668158137973,0.1370040676858018,0.03224067976252254,0.11469089543580936,0.01536762217004421,0.06856332618407147,0.10967046273570598,0.03993899835795429,0.06418288681477352,0.11660897875131387,0.08089574571175275,0.09766761866761679,0.08492397812043838,0.08087055813558769,0.08037826704917148,0.06358013157538624,0.024461368394338854,0.08723892252375928,0.1524808565021275,0.08595501222126557,0.025191368442512175,0.03085574692738299,0.1055839918465551,0.026038380148803133,0.09593924713847639,0.047098160594134415,0.052313420369640075,0.07173910317117588,0.07615718254810874,0.04722930447787528,0.08521928326644744,0.17786249965135675,0.06889738350570937,0.07266788558625521,0.11069572745775072
Ecuador,0.08328696447903666,0.14383417736365695,0.08747507920304116,0.16243221909835479,0.09018058136508553,0.12990517118885428,0.07343905151283309,0.05089357124826308,0.12819663022583488,0.08478317801122862,0.06363640237142587,0.06939945090370152,0.0719916416486573,0.0809948303211764,0.06939287356136019,0.09335071863346842,0.0533590340641849,0.09219621569550597,0.09387135651354181,0.07237488570382239,1.0,0.13342293614609416,0.0472200689374711,0.10254647587066906,0.08068901450046716,0.07667649189279775,0.07912261591149,0.07270246706526304,0.15525739878176592,0.05391548184647194,0.05085825324248832,0.09565556347799395,0.08745106581130635,0.0820155288780469,0.06329847742011095,0.08373263959058252,0.06562841052378504,0.10643478131456682,0.046393329425369674,0.13524181793024512,0.07355749430530341,0.08215302862024988,0.0777096216708566,0.12760730615217372,0.10317113336790114,0.06809890043043097,0.07652386860847978,0.1115956541065517,0.05966215198197814,0.09170788935967095,0.07899979826054768,0.07963218442453272,0.09569015886664402,0.07706911940296096,0.09387840561476737,0.12086402247369198,0.06222091250574585,0.055415803747013735,0.0842609053443197,0.047457052563236,0.04911535881736919,0.0888671852839611,0.08526171045811005,0.12113864518578046,0.16648019621794632,0.08978344682271734,0.06838058540404625,0.07947672453373585,0.12155597481146575,0.08775407944803659,0.054934324079087875,0.0853278998398043,0.055021712335799736,0.04575438799765014,0.0649565038123778,0.060156559148187266,0.09723142923944157,0.20040113547096028,0.09065593914453644,0.05757880254480775,0.09002023759839586
"Egypt, Arab Rep.",0.17717700020838437,0.2289482309873799,0.16648232147221,0.22201370537605325,0.16613730988601416,0.21555016775216224,0.16528535934484284,0.14501430179240007,0.20174435540810645,0.17702013122422317,0.15158376980959615,0.1621977853263573,0.16102568780943222,0.1599176962967343,0.15071769544799435,0.17150401556772682,0.12262566484987021,0.18311231866091296,0.18578861182973563,0.16604142769792463,0.13342293614609416,1.0,0.12998898272328632,0.1968016241888129,0.17258944177326763,0.16684116960957915,0.16953329042369114,0.16727091230076188,0.21673609007054162,0.1429890302677035,0.1305200675566791,0.19375304611274816,0.17004611261956137,0.1568455066407362,0.1540594580656611,0.17147247216296085,0.1436031538986785,0.1460511083579658,0.12448110209826926,0.21749772634507653,0.13945409665437264,0.16521067994096145,0.17609966034752456,0.20578319820802743,0.19810626284883054,0.15331566952217407,0.1627515457448138,0.16640407580548033,0.15235393659690724,0.17955019458415228,0.16971747275005658,0.1737804227499779,0.14943860373977647,0.1666155566365216,0.18219717757230278,0.18553745540437522,0.14491789426819493,0.13514811340237273,0.16681447189807852,0.14364221104872257,0.12237264767693859,0.18212472215848374,0.1746413859314726,0.2055668895041883,0.24966501167106145,0.1691866073044419,0.16465171549779786,0.17174214674324154,0.19251715220271545,0.17588958280089956,0.13716799969372184,0.1705017183612378,0.14202653605786084,0.13618034629673895,0.15268296102170648,0.13022070199402025,0.15737892736169254,0.26929109114359134,0.1604574322977639,0.1362677223314435,0.16247121481883012
El Salvador,0.09080628514173385,0.16929307379183553,0.09850663158406404,0.18912647714892972,0.0726261345835265,0.15796796589074658,0.07241756347471043,0.05691691886024106,0.1419627712768157,0.08891530610473992,0.05085330042316372,0.07465699559825327,0.07329918645997144,0.07657970518544267,0.07279704741291035,0.11255856674924852,0.041193058478242645,0.09333711862857581,0.09632923285096848,0.07280854602134156,0.0472200689374711,0.12998898272328632,1.0,0.10700281911042434,0.08102795592239119,0.0756065101660642,0.09905904429272015,0.0730839820641459,0.1612636061779294,0.034261770256619924,0.024461907600580833,0.09828066124969954,0.07454564641072099,0.08359044524678165,0.05901523212989434,0.07930757322550627,0.04193957603761378,0.08801066838321342,0.046753198468302275,0.157517791303116,0.06650584087486774,0.06646669933862583,0.09599873580983967,0.13124655109029298,0.11211634855532479,0.07854503546110525,0.07727831929500109,0.1251225889194814,0.0614114821769314,0.08583232480037023,0.07837014668679199,0.0856241961000056,0.12007787673078615,0.080395038139814,0.10582142373482663,0.1375857599966931,0.037256273460064264,0.04665997729208921,0.10148871795172472,0.05944192033730102,0.04179234829658492,0.09804167706058887,0.08011770244814127,0.1253742597809349,0.18617423893207796,0.1012532789199581,0.07185359768724603,0.08536888835721561,0.11332887936664768,0.08276217256857933,0.06474957124135909,0.08485499621915518,0.05544686611835405,0.06139827579153163,0.057867013470352315,0.06521124354502118,0.10191585792328141,0.20980963225044016,0.07915135870262717,0.020591444846292724,0.09352445597734427
Estonia,0.061343977334378956,0.14347782979007523,0.10938341447498859,0.14910039435733058,0.1302452482512711,0.11117752391308068,0.06849657244120298,0.10309372640893061,0.13223428176437482,0.06044377035126717,0.09922051627235447,0.08026740728311264,0.08424642616493468,0.10323770579192494,0.11376310382513435,0.10412645478827169,0.11841829334278188,0.06325009643274461,0.06364916773856898,0.06694686657596863,0.10254647587066906,0.1968016241888129,0.10700281911042434,1.0,0.05933507249821539,0.07039944248755434,0.06587196168110662,0.06428885834807314,0.14768364212631424,0.10355873915781211,0.11291433977839556,0.05504710987574845,0.11965881238429876,0.12410781216625778,0.09154888044456311,0.0752561381032254,0.10414869134049137,0.1491627301559897,0.11544115149227754,0.13331292577184214,0.11896817048970257,0.09750445000549397,0.07149801684755513,0.04796864861570478,0.030515304010065768,0.08008412762769854,0.09406675012270538,0.132432957703775,0.08194049062471445,0.11956525744264708,0.06651358435116499,0.08662775669274186,0.12190086864699248,0.06179451375400411,0.07340337150131772,0.1248698727920263,0.10750307047270917,0.11799711561060304,0.09148301653654013,0.10167910138542308,0.10113516140524406,0.060085300826061165,0.07359105159218235,0.052799202366051456,0.13326216302377628,0.09090178692595728,0.06986961394775229,0.05106642308026092,0.13861078239120406,0.07202550945632635,0.1207505359647257,0.07511810025285902,0.09363342381540747,0.10435878756075846,0.09352364316538014,0.10225576875626367,0.11003377455659112,0.15483970461559307,0.09005678271600287,0.11148431537914874,0.12606813857974503
