Country Name,Albania,Angola,Australia,Azerbaijan,Bangladesh,Belarus,Belgium,Bolivia,Brazil,Bulgaria,Cambodia,Cameroon,Canada,Chile,China,Colombia,Costa Rica,Croatia,Czech Republic,Denmark,Ecuador,"Egypt, Arab Rep.",El Salvador,Estonia,Finland,France,Georgia,Germany,Ghana,Guatemala,Honduras,Hungary,India,Indonesia,Israel,Italy,Jamaica,Japan,Jordan,Kazakhstan,Kenya,"Korea, Rep.",Kyrgyz Republic,Latvia,Lithuania,Malaysia,Mexico,Mongolia,Morocco,Nepal,Netherlands,New Zealand,Nigeria,North Macedonia,Norway,Oman,Pakistan,Panama,Paraguay,Peru,Philippines,Poland,Portugal,Romania,Russian Federation,Saudi Arabia,Senegal,Slovak Republic,South Africa,Spain,Sri Lanka,Sweden,Switzerland,Tanzania,Thailand,Tunisia,Turkey,Ukraine,United Kingdom,United States,Uruguay
Albania,1.0,0.983782341057948,1.3138468325341344,0.5528740430924755,0.8018187862829416,1.1777353135844433,0.6987600482832078,1.7744144651770697,0.6188887087272085,1.0017086635476875,1.1487527260405193,0.5980931656370767,0.5924653940109158,1.9245647512420203,0.6663162697282915,1.1432935601097098,0.8734926833492976,0.6247619353824941,0.5930962192712631,0.5993879207573656,0.6497610200832584,0.762073400292858,0.9411146411708489,0.7139667664021176,0.62780516026583,0.8354876973690114,1.2735951635433553,1.1436156018570909,1.0576793909278115,0.7373987159862744,1.0728808503010108,,0.6704200655212619,0.6050243744093068,1.036914447620675,1.9274156998944951,0.6530631125377049,0.7642608818551052,1.0820044802033388,3.009276063123347,0.5610756751464235,1.2014718806370006,0.8133133405889986,0.7025575288691258,0.5950283845615674,1.0452279011511858,1.217311088300545,1.8411552446894948,0.6318938421578164,0.8159691258521032,0.6543850865725002,0.5646771283146895,1.5740194038365698,0.6162845557455948,0.7451466982461197,0.8085920137292929,0.5831990617225371,1.2012087585420865,0.8805787395325573,1.401904451696377,0.73110612900524,0.6023763344261294,1.0512308105777208,0.601918951717088,1.2569544883545993,0.8670503390053413,0.9531712735684434,0.6488801241711656,0.5766638544437894,1.3837369311447143,1.1625486839359307,1.0654641421185225,0.6547459010707161,1.4005910856623294,0.629936160075841,0.6391601907611272,0.8912125464273102,0.6213135528138514,0.5507933855827186,1.9052803918072911,1.499051122607643
Angola,0.983782341057948,1.0,1.542362218103519,1.0532063930249673,1.4741900068030753,0.8711784941781296,1.9570375957519888,1.1832084271044108,0.8059571909308577,1.4537048813489595,2.596776710826185,1.432800810223803,1.1637105592894954,1.2548393110307496,1.8838838850671373,1.1201209077621774,0.8994322530513261,0.8069703560120738,0.7808602732320762,1.068572273261961,0.8386483826983232,1.1780434928653407,1.0184386956269196,1.0004862861966408,0.7727948226990131,1.5416329381357032,1.861073263309133,2.8288320496485633,2.4443267322691855,0.8862668296219468,1.2304206083063192,,1.2717988128552493,0.8514619612606931,1.3935355875492712,2.353286328509476,1.0704188784016202,1.2608295525391868,0.9750271171509723,2.0104599474302387,1.094167544354914,0.8867855003366053,0.935882332740594,1.199140951534518,0.9886331348992785,1.0094831798580495,1.17347874977706,1.5513071819583004,1.3931714886295197,1.823481618504131,0.7867609218874586,0.9236638070783489,1.5861055920218308,0.7835669403408072,1.3811365476862827,0.9643016462038777,0.7640069619792427,0.9020383801962286,0.8191617821786396,1.2354198249409292,1.127784992616786,0.8211036456412584,1.648311830028835,0.8388295445586017,1.5217987961526134,1.1792593829517068,1.8613252618009972,0.7855099044995211,1.046700412290007,1.1883512192949803,1.3314256737080548,1.893753159726637,1.5103489053051704,1.0717084145705698,1.2058638525915952,0.9622612986060004,2.5939299974817893,0.9335847691769421,1.0039500192313402,1.8912657444013001,1.7598229442566897
Australia,1.3138468325341344,1.542362218103519,1.0,0.6563750014172203,0.5801704797897087,0.953953215440303,0.6558901089881424,1.1167133230828934,0.7047393465684225,1.0449580168813046,0.7444642763953092,0.9552449443931267,0.6732839363409265,0.9915294554663736,0.6702088962228484,1.003392323946408,0.7610554688494358,0.8260902692964305,0.9671782605792985,0.9698596012669747,0.6234632650169013,0.8367904651992693,0.7996164052337108,0.8314096903315211,0.8593509045613792,0.6213895645877135,0.6726821725186408,0.6500587922980061,0.8034385405505121,0.9243014505426672,1.0770247226380503,,0.5689328814154009,0.6436426858391497,0.769270712857778,0.6496561674530894,0.8723199400547519,0.9407566231854151,1.0232211427072366,0.9365763885815811,0.7506289537887854,0.9228583138646999,0.8812153565111498,0.9899420484110008,0.7072235515526403,0.9061404795181572,1.1351824986632715,0.896500972886273,0.7616069489683923,0.6879148299375272,0.76615677398719,0.7475689775317773,0.7213721750089837,0.7036533127663,0.6314590624229458,0.920717371162923,0.6423901078831702,0.9459614129497851,0.9045056162614727,0.8326456448461926,0.9373463474488588,0.771127742165853,0.5213386290636559,0.6019920014032669,0.9538842841086109,0.836802493320358,0.5819623933642251,0.6783396886715942,0.7242765400401288,1.1151266331909921,1.1619958677435005,0.6810615541608632,0.6259918557353956,1.123033437781186,0.7232540502574519,0.9413208828037497,0.8094219846890386,0.8370401565327231,0.7481206631817483,1.1490722283732377,0.9959557874282151
Azerbaijan,0.5528740430924755,1.0532063930249673,0.6563750014172203,1.0,0.36909379870269843,1.1038692445922842,0.3292619043857422,2.476979847209465,0.5185742245809642,0.8361533622912644,0.8047316588511544,0.7259240123696362,0.21367695186915422,1.8012320093290524,0.2815974832086197,1.4714336218778559,0.7162126034942636,0.4903720337377572,0.8131869974709212,0.746326620419331,0.361736752233813,0.49371382826394145,0.6544050316979348,0.47220316428196374,0.5184695298504978,0.4801054938849233,0.8286925825626585,0.7359974201337721,0.6779612632515319,0.5653848484892008,1.3394924626431328,,0.1839129971157944,0.26391024179338834,0.6138880474575539,1.0959390916998506,0.40734183915001043,0.8838941204569322,1.0006755436613284,2.3390575208088134,0.22218763514339923,1.0593054671930393,0.6184376355629965,0.7465069658314393,0.200543074670643,0.9889151036036252,1.1562943141568003,1.6286662899753228,0.3426462269417757,0.395885740569406,0.561635875451284,0.212278246700839,0.9754319236910636,0.47360528681070047,0.304313911823481,0.617850560817783,0.36302461739502256,1.4931355403207185,0.8731166533179581,1.4103871287402048,0.5269199862386993,0.49611016999225244,0.6230871036797411,0.2634194044560858,1.0663460744749262,0.6898185960377997,0.5218269129716796,0.3999939951863604,0.20379576492582674,1.9317148201190621,0.9993065942181443,0.7526880220601768,0.22315436686806694,1.4894299565389917,0.3798306990837632,0.5773569590896221,0.685362029508472,0.4362044799151608,0.20295880797248086,2.8856028909926206,1.100500757230334
Bangladesh,0.8018187862829416,1.4741900068030753,0.5801704797897087,0.36909379870269843,1.0,1.0496932107631174,0.2736157324342182,1.8791555641379754,0.5954521815978606,0.8918920885876809,0.5052838332500347,0.7008095638316748,0.3410013793766719,1.5164008308247943,0.2974382536185677,1.0945053855264004,0.7777838560898753,0.5895315420056537,0.8581741843744427,0.719749237341539,0.38750068085649264,0.5199303985607885,0.722437838540515,0.5628441447502726,0.6106581409400949,0.4475498750528185,0.5745364477708902,0.5035190030666324,0.5528826956284889,0.6793938497774831,1.2186697126215378,,0.22231370798398922,0.3725014618026293,0.6005664789964109,0.7160565161564221,0.5434775532812919,0.7168533115347062,0.9415112759736193,1.3890654110578147,0.3817313757946826,1.035979513874842,0.6978633428397772,0.7205822633542248,0.3694870190847403,1.0746126178499928,1.16853117029546,1.6192039910854192,0.36372867427372374,0.3986866129641639,0.6124846623748585,0.4107530246170523,0.5373131086379705,0.517273488400256,0.2387057297008297,0.6972347635146738,0.45547845746309495,1.2795100726185895,0.8981054870871673,1.2284675320641958,0.6391338577027413,0.5730524994561739,0.6187099612612142,0.3455610369897462,0.9456956007624066,0.7032773902399345,0.34719267940734166,0.4525767005153815,0.337760704237143,1.4885301751930275,1.1032286997175997,0.6830843569600851,0.209262540396085,1.307265512798392,0.412638556443154,0.6902486239140198,0.5069343559674054,0.5406900242916304,0.3980890523943674,1.577153823383034,1.1771523267356363
Belarus,1.1777353135844433,0.8711784941781296,0.953953215440303,1.1038692445922842,1.0496932107631174,1.0,2.6729171620779906,1.2087570351207524,1.4391250027329219,3.391225785916561,3.1053193954189684,2.4665678284004207,2.525002388002872,1.258824370372289,2.834479463216453,1.6957277932584391,1.773456534218004,1.5273210694887405,1.3074164859284643,2.507267814984498,1.7042695892239195,1.6310590791980901,1.345777457879732,1.2072446926099634,1.8586368222088312,2.578133905169001,1.9429707764836632,3.411250960045116,1.9758507381957133,1.7097706371333032,1.4068491843842967,,2.199386389229818,1.7160658333511811,1.9674325369380101,2.2638375983066057,2.397459641295476,2.3086443782864494,1.4087591118090224,2.61422088642954,2.5228854341403095,1.5716538148166634,0.9832766479444702,2.350130079429614,1.8313223976573219,1.520880109013481,1.1323948682448366,1.9820879454150564,2.8064806510646387,2.215356237699563,1.2048542902282269,2.767877252709665,2.1316683085752044,1.1748979311485204,1.903238776670529,2.8008585175621974,1.9386716984729107,1.1789342312482385,1.347366549579939,2.4844174330534634,1.9621879603823358,1.2716452432900942,3.0846557134733583,2.0575452714851252,3.0458916694393565,2.599865993818713,2.195993314858362,1.8457155576918156,2.3436684042608675,1.9567637025165112,2.9522728820658077,2.9584231565740216,2.5018721846238603,1.7769566186450463,2.2724657680822373,1.8715376719294192,2.586412348996939,1.499073070228977,2.4254748729745716,2.128695966450204,2.409333864415382
Belgium,0.6987600482832078,1.9570375957519888,0.6558901089881424,0.3292619043857422,0.2736157324342182,2.6729171620779906,1.0,1.9594376789143797,0.5575917259262677,0.7669136764096586,0.49487273309713165,0.4988312609231045,0.2510217343837336,1.5070307366220588,0.12909376993410063,0.9769106307419266,0.7033412293101596,0.5336094288944001,0.6872853908798302,0.5512339923183942,0.4199160611703339,0.4848972450480367,0.6944373833666767,0.5328546538138602,0.5443277592775928,0.349035481540152,0.5292380391773557,0.4912159425102039,0.4910355583278974,0.5862702428972234,1.041526219060694,,0.20226135540617474,0.3503633947250069,0.5906159385482852,0.7028368091244046,0.4594856867583497,0.5866964197193981,0.943116035464291,1.5650683143352324,0.2884722123501863,0.9228079028690456,0.6549050072159454,0.5651808111335163,0.30088453422695083,0.932962662015216,1.1301804877862716,1.4748697116551117,0.3316653557059109,0.24863518424102263,0.587096651012678,0.343515826242617,0.5559191236314037,0.5151450527590449,0.22819445452357837,0.6120734003850433,0.43956088687970746,1.1470522047030742,0.7816268190841315,1.2167646432934514,0.5667205293631116,0.5452926128024543,0.5576518007857666,0.34965783356863944,0.8558927154173026,0.6330760527694406,0.2575896997100316,0.4522293676661658,0.28906524343539514,1.3951028449821345,0.9697733556068876,0.5951889745562532,0.13960698489285744,1.2128334139598747,0.3435816448453495,0.594385041437699,0.37696634105992327,0.4503411261639251,0.304061871170625,1.544698004102517,1.0965308021756437
Bolivia,1.7744144651770697,1.1832084271044108,1.1167133230828934,2.476979847209465,1.8791555641379754,1.2087570351207524,1.9594376789143797,1.0,1.3981595023588058,2.2748559951550504,1.9939665388094778,1.9159904011054796,1.8170687179844636,1.1057189437846884,2.2593059809053258,1.8129722532394814,1.9402512755810306,1.4382793301322117,1.2317370718378753,2.3758523718241986,1.418296317728112,1.5751596765029758,1.1007070175398965,1.2152876430649893,1.687097581205297,2.1303077573508404,1.806281079072991,2.608137330153118,1.9169732904116352,1.3305071058469906,1.5862230585392454,,1.6971683315436954,1.508410104500466,1.8603369007823376,1.9140143033593735,1.7351452208154232,2.167938823458615,1.5019643761924375,1.8994550701733068,1.8663973001477885,1.184760164567584,1.1992956406895963,1.6247204560138777,1.536965972814711,1.097011393090886,0.9700757815472887,1.9902282383402432,1.7836493518620034,1.9555922009448299,1.2565275524752255,1.8342987483839919,1.5862414723218294,1.3781053309374793,1.743842498097818,1.8352293563214952,1.7464096931818254,0.9936401983080367,1.0522095068110264,1.3452838599311794,1.6195794790823295,1.2792056610653655,2.547869967061072,1.6492735481520573,2.6094124371550933,2.1457218125161917,1.9337150084322574,1.4992022520479285,1.8117716232075165,1.8060677399796765,1.684410198483636,2.40521171518323,1.9167688520764354,1.6471476019251294,1.6102977038189876,1.711754999481941,1.9377644844414401,1.3557022983616356,1.9334463771964254,2.0982746569155744,2.746304733827422
Brazil,0.6188887087272085,0.8059571909308577,0.7047393465684225,0.5185742245809642,0.5954521815978606,1.4391250027329219,0.5575917259262677,1.3981595023588058,1.0,3.5313225236708483,2.5343914625834483,1.6923632222624594,1.5844331687563151,2.6672519375339405,1.8416532914051644,1.878387609906275,1.079872442119203,0.8812595813075959,1.2509762260881825,1.328148699228446,0.7141274945146356,1.8551274364135604,0.8918978651460662,0.8611147084057533,0.9800309665261564,1.7430184572025174,1.9811905610290865,2.188730081587764,2.318106171614288,1.8339574302181172,1.87713511861256,,1.277477297453471,0.9116577570608522,1.6507376011896882,2.377353522901042,1.7243443740948492,2.0527223726041672,1.1571245158477863,2.5626930808514827,1.6906457587395873,1.905626129431389,1.0180807089977129,1.8050911463832318,1.329184769856395,2.095827281215544,1.8701948934872377,1.9626646557412455,1.7473897659305415,1.7765752151552436,0.46015489177840585,1.5130416024032354,2.306335845422834,0.5309077642280918,1.4149788518432178,2.5587784806679403,0.573010600580632,1.7394300132801506,1.885983383963887,1.4173473836833332,1.4038767017792189,0.4438204511612348,1.6178371669676828,0.9363383758009031,5.425880224843668,2.01330800763758,1.7383892858043872,0.853113395689886,1.4493768041395123,3.0949369606123653,2.7713769163906927,2.0684383636132866,1.5570032375389375,1.9990528500539653,1.660730233393953,0.9932754709189224,2.5286420372757004,1.6675219067332117,1.537071099026134,3.261030819189054,2.087199324228074
Bulgaria,1.0017086635476875,1.4537048813489595,1.0449580168813046,0.8361533622912644,0.8918920885876809,3.391225785916561,0.7669136764096586,2.2748559951550504,3.5313225236708483,1.0,0.7523239133297838,0.5671595487854786,0.745650846804835,0.8761016756316057,0.7660990776540014,0.8648155830334809,0.7618817444048571,0.5578598919160467,0.7011144942973031,0.5112203465043578,0.7079397324194256,0.8944899798198681,0.8151528191607726,0.7490478587906361,0.46657648034408766,0.9070314948455116,0.9611801078123784,0.9217665457466869,0.9445354510358405,0.7131595674583735,0.8244160930658053,,0.824948166741198,0.6890981280764861,1.0560574901467554,0.8649753350117272,0.7466141243571357,0.6356021589455736,0.9806437002760394,1.1778911256303515,0.6902674754198924,0.8519093779754893,0.8720668742225028,0.711341594078414,0.7191946056872397,0.8164815311928579,1.1045922513140025,1.2107066079280997,0.8307226352539215,0.8637956862500141,0.6043323348517812,0.6655711555198164,0.8695217340038011,0.6335840235259973,0.8788784841938894,0.6586011110000066,0.5840002012418554,0.86394790874849,0.7219670144514453,1.0026786068367148,0.5587278771579636,0.5934340258587393,1.0885229256794065,0.6822030946731765,0.6526627884963744,0.930283005653615,0.9194982317376359,0.6562431643588402,0.6826969550379106,1.1718254281700047,1.025338396576949,1.0762349205652417,0.8122550707818693,0.9492257316863294,0.7705729741694107,0.5480659031944277,0.8099294700253792,0.7352605218826723,0.6505317156210871,1.2313830649931259,1.5011794306824486
Cambodia,1.1487527260405193,2.596776710826185,0.7444642763953092,0.8047316588511544,0.5052838332500347,3.1053193954189684,0.49487273309713165,1.9939665388094778,2.5343914625834483,0.7523239133297838,1.0,0.4840597478506017,0.39568323443189607,0.9806778801996954,0.3607893971346743,0.8395692578377613,0.7223030785791695,0.5833303632552416,0.6644619288888883,0.49776628779727317,0.5290279282567482,0.5991671226274287,0.783732541467547,0.6415024280527023,0.558495318959142,0.5342424211064228,0.6139472935375075,0.5385735205313683,0.5411885014182112,0.6494467549316462,0.8990257048606467,,0.3857870014899953,0.4835038979775767,0.71383019463497,0.6647514007166957,0.5544437924424079,0.5072409829730177,0.9637410245647592,1.307059721898118,0.4499530941037616,0.8320589558946382,0.7400367889826854,0.5476809875812422,0.45801163132041917,0.845617686367322,1.1597127272107772,1.3337356537536393,0.46109065011713535,0.44960710772866147,0.616370276001881,0.4490739734761471,0.44400797157234234,0.582637579622308,0.4172611889529822,0.6432935693456926,0.5157826390907557,0.8822703574596574,0.7261205201635347,0.9851573194946447,0.6326134897967028,0.5973797529317859,0.7570252921261674,0.4812350491168638,0.8351397593215746,0.6732033414041203,0.4774108385592382,0.5385089089406936,0.44534115038567634,1.1786792510949589,0.928934933379033,0.736795240683398,0.36968063571642445,1.1296812389956143,0.4253779635289716,0.5974059880504544,0.5037229909104776,0.5113614138528911,0.46017135751854793,1.3601513492799253,1.292406170575374
Cameroon,0.5980931656370767,1.432800810223803,0.9552449443931267,0.7259240123696362,0.7008095638316748,2.4665678284004207,0.4988312609231045,1.9159904011054796,1.6923632222624594,0.5671595487854786,0.4840597478506017,1.0,0.42372252509780833,1.371283761597035,0.3922592616825141,0.9617779549322654,0.7612210014771126,0.5585997142281829,0.5765881423285412,0.4194392906312384,0.5561204758094332,0.5874390439471214,0.7393442719203611,0.6164454414736156,0.5436182909070584,0.45168643944589104,0.6237480397273819,0.5248771707479126,0.6540510436856638,0.6366878870505674,0.9856861789416371,,0.4613290446541106,0.49516836647157975,0.7037532870875414,0.8255056935341295,0.5541182090240119,0.5702292185774621,0.9567514916511384,1.3670833274842844,0.4239882502387237,0.9210733860263702,0.7546723735880777,0.5466404807345575,0.4711796804049351,0.9324688871756002,1.166755923599728,1.4829760468116597,0.5063020415339914,0.5132688554229838,0.579176741592075,0.4652823410814175,0.7316879881599797,0.5775823711580534,0.5004843510367759,0.6490631625856501,0.5211358336985926,1.0282617599558106,0.7723892667159564,1.215959807654901,0.5638878345256866,0.5493250005757156,0.6674414402450499,0.4902287515020772,0.8158251195580212,0.6415228222618335,0.5124453002264902,0.5546636213678409,0.4556265581189183,1.3623998391696055,1.0050155761281534,0.6363328928944966,0.42799295670690335,0.9922021524763985,0.37069375007195826,0.5564619697194624,0.5479744780711785,0.5013825279890044,0.45085507686577514,1.4964735452454685,1.201161685505397
Canada,0.5924653940109158,1.1637105592894954,0.6732839363409265,0.21367695186915422,0.3410013793766719,2.525002388002872,0.2510217343837336,1.8170687179844636,1.5844331687563151,0.745650846804835,0.39568323443189607,0.42372252509780833,1.0,1.2733117862338459,0.2702004919234794,1.4284446135082147,0.750677289771157,0.5328917716421095,0.7435119584128153,0.7070096560281731,0.41169724819223263,0.5360753112968717,0.6679281198512691,0.5243210347510718,0.5480249725217908,0.4450451772839721,0.7342471638830279,0.6339533382318178,0.6843208610195848,0.6015096814493573,1.2451735695777173,,0.19731089430711377,0.3308623331554707,0.6630565556783712,0.932201397705963,0.4265165969128834,0.8235731217203927,1.0252163009003477,2.2112301081948376,0.30730179256056056,0.9805907794826378,0.6364858584864116,0.6370325282301732,0.2617644306352666,0.9377729925426909,1.1364931671216596,1.5018539280979852,0.3117214527551082,0.36455005640455335,0.5910754730594228,0.24887632763388703,0.9257966543002206,0.5146836541572042,0.3283318066788004,0.657432204808986,0.41693450085333034,1.1586112878325532,0.817084895353288,1.3676444102744785,0.5746426709357083,0.5407626645544797,0.5750333197067524,0.3193345322335717,1.0824584635856496,0.6098687438243614,0.46092355463641677,0.43872857426035883,0.2858713410992433,1.6870453805735384,0.9859225756689289,0.6017083595532519,0.245432465536369,1.3686699563135196,0.3657315578963873,0.6035427900913841,0.6146315812766938,0.40040597630516495,0.29544703273288275,2.3967411561020717,1.0701403845691888
Chile,1.9245647512420203,1.2548393110307496,0.9915294554663736,1.8012320093290524,1.5164008308247943,1.258824370372289,1.5070307366220588,1.1057189437846884,2.6672519375339405,0.8761016756316057,0.9806778801996954,1.371283761597035,1.2733117862338459,1.0,0.9854698379484027,1.234973211011576,1.2186954626606137,0.8371852994135504,0.8338732844354315,0.8965079290211251,0.9605485626776554,1.035780304537681,0.7926257531851557,0.9644430313333033,0.8201245730752941,1.1391712729061179,1.1488255545544057,1.4097814920060827,1.1426301075246028,0.8661705098239421,1.02390421359025,,0.999659524980631,0.9447693667662831,1.2819309002223298,1.1835303962842996,1.0358380377706131,1.0068634447638283,1.3274614552718,1.9735208502849964,0.8861701150700497,1.0654669721369834,0.9942550128200229,1.0551559723632908,0.9012661113137937,0.9293698377427195,1.1281604688770495,1.4151649625233298,1.071830421630659,1.0334352502605402,0.8165998674285778,0.8972544766255385,1.1439325134168257,0.8955737708668862,1.049193628112488,0.9400401049089353,0.9162896845691063,0.7778453356398395,0.8133693283550213,1.5010972741679,0.8642225458877698,0.8160420263485751,1.4650156986784284,0.9175447511391561,1.1151773888289835,1.4015525482691245,1.1078771055149164,0.9188634014847122,0.8992117756820489,1.5675986587298234,1.640129241427376,1.586463664363742,1.0084662211271553,1.1534621764527166,1.032993897968882,0.8264784596179998,1.0655646044500415,0.8968159247523705,0.9036406786943957,1.6708237996533404,1.8577033728893646
China,0.6663162697282915,1.8838838850671373,0.6702088962228484,0.2815974832086197,0.2974382536185677,2.834479463216453,0.12909376993410063,2.2593059809053258,1.8416532914051644,0.7660990776540014,0.3607893971346743,0.3922592616825141,0.2702004919234794,0.9854698379484027,1.0,0.9945559514634462,0.7032343826874167,0.5267242027310935,0.6742456331198042,0.5336418690503772,0.42945205921499036,0.45749237399419196,0.6870906720545735,0.5243841638339736,0.534492319617952,0.35902735941656644,0.6333627220200194,0.5085618199751553,0.5159634642870425,0.5854163610031111,1.03267442581725,,0.2077936651668137,0.3578120644699446,0.5455489384836386,0.7460103523484306,0.4437925329241397,0.5725057306538838,0.9618137933326913,1.7058422425279745,0.24492765943598577,0.9438323227887221,0.6509877209334725,0.5403333253253191,0.3008105479534562,0.9171521188906228,1.1351376665791222,1.499947438388318,0.3436843597537019,0.24515695349911115,0.5835137863219335,0.30960440589937793,0.5794763052906561,0.5127995081514206,0.2502725883400956,0.6029411086798026,0.4336411917802914,1.1881166291831342,0.780713172393282,1.2376647552960962,0.5605455277120974,0.5363584807227896,0.5427134443492395,0.3488008429941127,0.902376834184556,0.5969713293773998,0.3532793339462576,0.45800829472839233,0.27660434685380086,1.3811977024939055,0.9444167374808747,0.6049830648936266,0.15988713749310804,1.2612040745104407,0.32528658970275365,0.5865631615206681,0.4503762743142302,0.4281265026415613,0.29301433235549523,1.7302922661561178,1.0751700984816261
Colombia,1.1432935601097098,1.1201209077621774,1.003392323946408,1.4714336218778559,1.0945053855264004,1.6957277932584391,0.9769106307419266,1.8129722532394814,1.878387609906275,0.8648155830334809,0.8395692578377613,0.9617779549322654,1.4284446135082147,1.234973211011576,0.9945559514634462,1.0,0.723165449268816,0.8793170655198572,0.8442697962484038,1.1042570561603016,0.9499587920175394,1.7085934033523222,1.2164388120627978,1.2021685132272506,0.8283182623986467,2.346346282303396,2.1430713053170014,4.163685388567524,1.7240902939368092,0.9450067933273292,0.9635969018927315,,2.173613370578598,1.0786490140834493,1.5545682238172105,2.073458241298734,1.4106558553317996,0.9296940018940889,0.9518417515679778,1.2696752131812312,1.7998712170198885,1.0510762513071292,1.2334147546955223,1.0983444518065517,1.450238568885209,1.0763658949673511,1.0498404411550868,1.5959637114711351,2.1394645267711336,2.980367781245152,0.791017641526272,1.3320819398213068,1.2715908875552955,0.8031689443923812,1.7940328022402516,1.116173107949231,0.8208365536944355,0.9689629502242644,0.8081211605031002,1.0606079127513397,1.3670176159177647,0.8690545175861134,2.180083837775152,1.0172665610676093,1.203515621984112,1.833176393820031,2.273871250906101,0.8928171138493276,1.534873671910378,1.1761540140737945,1.580116142024673,3.3935988605115823,2.7260602780854803,1.046228726568228,1.9177885787765976,1.1010041667968558,2.5032464425856196,1.3301392326054036,1.4300481517002452,1.550553360547319,2.0536696779387738
Costa Rica,0.8734926833492976,0.8994322530513261,0.7610554688494358,0.7162126034942636,0.7777838560898753,1.773456534218004,0.7033412293101596,1.9402512755810306,1.079872442119203,0.7618817444048571,0.7223030785791695,0.7612210014771126,0.750677289771157,1.2186954626606137,0.7032343826874167,0.723165449268816,1.0,0.8739885425195766,1.1091069238890563,1.761951866745375,0.7383948972584813,1.4868921101290724,1.1271239243235616,1.0434071234781817,0.8866426027263582,1.436033233027432,1.393871996718175,1.9533529949562767,1.4872307799102529,1.1459330298664072,1.3599480592860254,,1.3505938782020117,0.9333851546410981,1.119574761989373,1.709742178960707,1.882088152754928,1.7815844518073305,0.8846425070570698,1.2330189135989884,1.9349171956928586,1.552288346168441,1.0235101834058844,1.8118395369061566,1.762417795579533,1.2184978554063715,1.1663016387861882,1.480207492443735,1.9265888702241938,1.6543386445509873,0.7393446329719161,2.4732657908419187,1.2353134497005804,0.7090852491348074,1.1363403341912086,2.4944077120482917,0.6875890575569776,1.1237436485990377,0.9911581206848739,1.0150900876292797,1.6367603115192286,0.7917240347786564,1.3467412364446762,0.8327656447444141,2.4912929319837382,2.229374482851284,1.3414693409707985,0.7576391708435479,1.4169951129421954,1.4388006042362285,1.7574141113370865,2.211473558483379,1.5045578492176064,1.112757563439099,1.6500885410724062,1.6496176207168691,1.7745430271928992,1.5737411886959767,1.9272060508787858,1.4752623262030506,1.8732151460022743
Croatia,0.6247619353824941,0.8069703560120738,0.8260902692964305,0.4903720337377572,0.5895315420056537,1.5273210694887405,0.5336094288944001,1.4382793301322117,0.8812595813075959,0.5578598919160467,0.5833303632552416,0.5585997142281829,0.5328917716421095,0.8371852994135504,0.5267242027310935,0.8793170655198572,0.8739885425195766,1.0,1.1579159732755009,0.9066415207903096,0.6588416482067223,1.340972206957317,0.8456670846331675,0.7381265830565124,0.4439384658352075,1.4551575826794902,1.9345362086813505,1.7707540646921982,1.696476523948791,1.3103987526374965,1.9798120397448904,,1.0564579340996327,0.6923521460962823,1.4357593109150024,2.404235593855824,1.0833245698497804,1.337042924945623,1.083480253865378,4.256172883240321,1.0787017091120434,2.1427889653953995,0.84058161647976,1.2927837941337235,0.9675147303173501,1.6088206381732058,1.225303423081998,2.3275853524308645,1.2624740225970543,1.3947494035382673,0.5277019110651537,0.9693893704537356,2.128043874437688,0.5202097961538601,1.1102738391708258,1.3508402426463044,0.5531633799648783,2.081943283005214,1.7956943836522177,1.8046532389340626,0.7195069612221575,0.507195196537546,1.587435012161249,0.675803794025142,1.9167260254362104,1.6611757184059104,1.5337327597991417,0.6466638408279813,0.9012198750913043,3.151495275653727,2.087466968039003,1.754355527061267,1.1755885859076647,1.7338119096595,1.2295429819810684,0.671229696486598,1.6825870864259904,1.2562224034576355,0.9218997455089465,4.033776558755916,1.9394377571801518
Czech Republic,0.5930962192712631,0.7808602732320762,0.9671782605792985,0.8131869974709212,0.8581741843744427,1.3074164859284643,0.6872853908798302,1.2317370718378753,1.2509762260881825,0.7011144942973031,0.6644619288888883,0.5765881423285412,0.7435119584128153,0.8338732844354315,0.6742456331198042,0.8442697962484038,1.1091069238890563,1.1579159732755009,1.0,1.1695579491747379,0.7366334676561359,1.031286238112443,1.006634945122531,0.8300319466212128,0.7740982318250753,1.1069774058329023,1.683531793763492,1.646017969812613,1.492451309300611,0.8274074924008177,1.4213533407275896,,0.8603785553641858,0.7064239613059992,1.186044577894235,2.6343037371634814,0.8439902577797168,1.7250703709804962,1.3196880068893553,2.77803696537088,0.7458448142705504,1.6396724587647888,0.924688399964982,1.231666838816043,0.7931414638983633,1.0896129731050705,1.2841485581604055,2.1098420690000896,0.9612971713667112,1.1817492292692042,0.7455461925733831,0.7610744914710702,2.1452512557981294,0.722139866343448,0.9347435285537534,1.137458648448262,0.6966697240403624,1.2902411299209455,0.8455172201639592,1.6065756684145682,0.8944786211054433,0.7208752811987458,1.2585028350025187,0.6704456617801985,1.9678718215771174,1.3329370304009185,1.2452585203412647,0.7262392232785334,0.7150087393007166,2.7954443156902116,1.4378726024483885,1.5062246289626648,0.9332324025491668,1.9907687311146713,0.8370413482108253,0.8703367379693798,1.6185727050698682,0.7166414422886248,0.7119445797749705,2.622561827478463,1.8101474322298368
Denmark,0.5993879207573656,1.068572273261961,0.9698596012669747,0.746326620419331,0.719749237341539,2.507267814984498,0.5512339923183942,2.3758523718241986,1.328148699228446,0.5112203465043578,0.49776628779727317,0.4194392906312384,0.7070096560281731,0.8965079290211251,0.5336418690503772,1.1042570561603016,1.761951866745375,0.9066415207903096,1.1695579491747379,1.0,0.6146343650178053,0.7769750872872737,0.96482468714167,0.7075753929901549,0.48477437626668035,0.7801151570861864,1.2447047374722993,0.9472084655521471,0.94555972747927,0.7005610390165261,0.9657868515272827,,0.6555954755670074,0.577770413050027,0.9848799780349143,1.3694197605200131,0.6496708478639643,0.48674653619899344,0.9514585509969354,2.240029850263279,0.5518883863841237,0.9890272525092283,0.7964589297679022,0.5575360175391073,0.5888162424627236,0.9450726402576207,1.1490507131569434,1.5880339343632661,0.6589992746354718,0.7162656881369921,0.5477123166549032,0.5555426019823533,1.0413759994049538,0.5699105933873063,0.7314116703724943,0.7596919524714044,0.5114312494128826,1.039967646726052,0.7854263428374413,1.1252078065949103,0.6897654202183768,0.5343469193347964,0.9740403829709972,0.5818934882553071,1.137715824049189,0.77642864159127,0.8862877402077675,0.595644279837487,0.57827313639031,1.3205386051555075,1.070702515207744,0.952570828594949,0.6387880197060647,1.1321246198512065,0.6145630241046088,0.5449594025677089,0.8002900841663126,0.593052309001184,0.5560817587442188,1.894171405096862,1.4194652299778057
Ecuador,0.6497610200832584,0.8386483826983232,0.6234632650169013,0.361736752233813,0.38750068085649264,1.7042695892239195,0.4199160611703339,1.418296317728112,0.7141274945146356,0.7079397324194256,0.5290279282567482,0.5561204758094332,0.41169724819223263,0.9605485626776554,0.42945205921499036,0.9499587920175394,0.7383948972584813,0.6588416482067223,0.7366334676561359,0.6146343650178053,1.0,0.961421402199669,0.8206812730811156,0.5893559530397053,0.6640090907540687,0.9831947336499035,1.124354064581898,1.258429758648114,1.0773925913857396,1.0946128181368249,3.0819479155338487,,0.5598281741510205,0.4057716183769949,1.022198665013937,1.4488198574437707,0.9018890535144233,1.7987207689943674,1.0335193866736834,2.39017631771123,0.8201445706268036,1.9784024552562443,0.7034816441422064,1.666684861938678,0.617962081140241,1.7691069595962723,1.3600136237958218,2.060592193750864,0.8320713778832856,0.8795806287633373,0.5475664117172155,0.7272231895483023,1.2408408671765845,0.4391923894568604,0.5909298743529154,1.3366319965626348,0.3753160054328144,2.2259228226596455,1.7265635795245926,1.8110762966699665,0.7657862305047489,0.5039564306804661,1.0599983188775441,0.3363951942446048,1.934248415393993,1.5041900282517082,0.8769013493964355,0.3499396200574197,0.5716992394491467,3.823897720293238,1.8134717638588378,1.3030643812576292,0.6770486760051276,1.7196673231293491,1.0261110610903719,0.8623087869800341,1.1685513976980995,1.070237406981853,0.6547922046072339,3.106443611983715,1.6705653163587058
"Egypt, Arab Rep.",0.762073400292858,1.1780434928653407,0.8367904651992693,0.49371382826394145,0.5199303985607885,1.6310590791980901,0.4848972450480367,1.5751596765029758,1.8551274364135604,0.8944899798198681,0.5991671226274287,0.5874390439471214,0.5360753112968717,1.035780304537681,0.45749237399419196,1.7085934033523222,1.4868921101290724,1.340972206957317,1.031286238112443,0.7769750872872737,0.961421402199669,1.0,0.8240482440980472,0.6337637287042831,0.6880087476480293,0.7893600175727691,1.2639685594962922,1.0732589303072095,0.97382045339001,0.7988380365484865,1.24703815630319,,0.5405512121410445,0.5416242394198758,0.8183842670762908,1.379711798285036,0.6205822744239641,1.0144357323002766,1.1231909672943179,1.91685745336472,0.4178957373674067,1.3021014307524605,0.8107257190332411,0.9365794822932562,0.5212252163829824,1.1378644856034115,1.0420584551873016,1.7875699951616213,0.6340863550252445,0.753515052615937,0.7270145426252782,0.48417348274864447,1.0208371798884786,0.655579749721632,0.5642598973100853,0.7981026485750233,0.563123832731175,1.3979423433529035,0.9548223328469944,1.6679685127843795,0.7117450675419416,0.6525177676303536,0.9552802305209325,0.5071315326363092,1.2906587696324523,0.8959051008886542,0.8923647288028976,0.6084769001766773,0.4318526969308465,1.9131959437467394,1.2678113778495694,1.080591884504723,0.518472525173806,1.6634539510385662,0.648809211298845,0.7601208157987859,1.0108847278896427,0.671932465860161,0.5015426017917094,2.4505119098158614,1.441283061396721
El Salvador,0.9411146411708489,1.0184386956269196,0.7996164052337108,0.6544050316979348,0.722437838540515,1.345777457879732,0.6944373833666767,1.1007070175398965,0.8918978651460662,0.8151528191607726,0.783732541467547,0.7393442719203611,0.6679281198512691,0.7926257531851557,0.6870906720545735,1.2164388120627978,1.1271239243235616,0.8456670846331675,1.006634945122531,0.96482468714167,0.8206812730811156,0.8240482440980472,1.0,0.8849676401927029,1.2414344983777723,1.9083683284717474,2.3294561600222727,2.2649990418399346,2.143988123714899,1.338400448380472,2.1462370756601112,,1.2546389275844991,1.158369089399915,1.683012208514084,1.7332980947818488,1.6097470273707066,2.128386679857273,1.4697474745949095,2.970345055142767,1.6087341693481747,1.2391510683279114,1.2350086016189716,2.099676555454182,1.1462118736330202,1.353640949379289,1.8535299441256954,2.2719656423696764,1.620707946806728,1.6122471398959504,0.8749122927433262,1.1962243541181334,1.3780583873018228,0.8941888834326411,1.5818259476690617,1.5973761548262362,1.0318440942308635,0.980442384442462,1.1475427299285539,2.0902502675046692,1.2755367271276727,0.7448605341209574,1.9045850612150745,1.189164191506236,2.7182486075531105,1.7934874442373718,1.9331653619499563,1.1727665313831979,1.4538484138711347,1.8905262732481467,2.058161473987723,2.2133617498887888,1.5671993571841432,1.6805664670297644,1.7398178671597615,0.9917759138059403,2.5380839824457646,1.5568609908757647,1.4405526029022568,3.3444772337166984,2.348067602087343
Estonia,0.7139667664021176,1.0004862861966408,0.8314096903315211,0.47220316428196374,0.5628441447502726,1.2072446926099634,0.5328546538138602,1.2152876430649893,0.8611147084057533,0.7490478587906361,0.6415024280527023,0.6164454414736156,0.5243210347510718,0.9644430313333033,0.5243841638339736,1.2021685132272506,1.0434071234781817,0.7381265830565124,0.8300319466212128,0.7075753929901549,0.5893559530397053,0.6337637287042831,0.8849676401927029,1.0,0.8834148271022932,1.4977197188503595,1.96548600939988,1.795329517739416,1.8344590067598583,1.2660757158725415,2.256356800975209,,1.0342372662949002,0.7571648171694942,1.603361174198506,2.163579473685238,1.1376037966385764,1.4626733283136797,1.4982284216873716,3.6371024779821006,1.0596299560917466,1.8476841935023736,1.1027030183526971,1.499939548694199,0.7871500868630656,1.7849299215532792,2.063493055134091,2.716671718741741,1.2414529134513064,1.3649204019265226,0.7953883726427449,0.8922031641993392,2.033785480342294,0.616179219387375,1.1742489065339887,1.2344895018212028,0.639207077825538,2.5489379972601176,1.6728102960346916,2.2397893558903625,0.7716332524773217,0.5758329121476704,1.6451745516941831,0.8505988410635514,1.6663480041218586,1.6504323654092519,1.6055952999343663,0.8160678789081042,0.8782292565948572,3.1072270205772377,1.8984616527866212,1.8096339136001727,1.1599334217454549,2.1740772107609265,1.3730816696662311,0.8106856413990093,1.742888688835043,1.3319371426126383,0.8478991972904278,3.8621590087385553,2.2436591514066
Finland,0.62780516026583,0.7727948226990131,0.8593509045613792,0.5184695298504978,0.6106581409400949,1.8586368222088312,0.5443277592775928,1.687097581205297,0.9800309665261564,0.46657648034408766,0.558495318959142,0.5436182909070584,0.5480249725217908,0.8201245730752941,0.534492319617952,0.8283182623986467,0.8866426027263582,0.4439384658352075,0.7740982318250753,0.48477437626668035,0.6640090907540687,0.6880087476480293,1.2414344983777723,0.8834148271022932,1.0,1.3975626475155665,2.0068605903128076,1.7913728581261203,1.910359537021055,1.1528146989369148,1.4866533911448128,,1.0780375480310944,0.6752035016594378,1.4528604569862895,2.711334812209053,0.9760593028090278,1.1024906430421735,1.0006307322279775,4.125202897083624,1.0056434827169276,1.8758322721016714,0.8175265209624153,1.1139063694616038,0.9585001564361819,1.1988580432047302,1.210535361479513,1.9472139722349662,1.2286003243060235,1.4455751992368682,0.4769883301542747,0.9437891720161597,2.6316167915970925,0.5134417336154036,1.1463801871627441,1.3512194254815595,0.4902450443555573,1.7444818127239932,1.3027818265676732,1.5197187576428652,0.7548549996328626,0.511675612010941,1.5129361143002173,0.6202275032556821,2.1323803676977278,1.5271312472991678,1.545719493403661,0.5534217926293639,0.8718604072388846,2.475219869883209,1.8639273270016887,1.691770792046055,1.1881301307655936,1.5632184376569342,1.1490505711733068,0.6096752855823083,1.636957217208047,1.0890476559436355,0.8929724966539982,3.509378163437854,1.88514366819014
France,0.8354876973690114,1.5416329381357032,0.6213895645877135,0.4801054938849233,0.4475498750528185,2.578133905169001,0.349035481540152,2.1303077573508404,1.7430184572025174,0.9070314948455116,0.5342424211064228,0.45168643944589104,0.4450451772839721,1.1391712729061179,0.35902735941656644,2.346346282303396,1.436033233027432,1.4551575826794902,1.1069774058329023,0.7801151570861864,0.9831947336499035,0.7893600175727691,1.9083683284717474,1.4977197188503595,1.3975626475155665,1.0,0.44714922400512747,0.3542985552533893,0.5730186006568115,0.642343613119647,1.1408602892755546,,0.2966996759413356,0.39813200404486443,0.5300812614440081,0.6170080687991449,0.5568121031385086,0.7399028036558607,0.9338722867358823,1.1208343748875598,0.3746830767669074,0.9815527486506527,0.7189230560731082,0.6798605253365871,0.3880052758889338,0.9936857480768787,1.1333482826010837,1.3326521771949547,0.45480535576203757,0.3778945742672232,0.6491987987990212,0.44365327816498373,0.6436996211553657,0.5666232363289871,0.34493354258491676,0.6996989040390581,0.473128364615636,1.1601696705296276,0.8344477810898031,1.1055232239105728,0.6286660863391003,0.6004871318486127,0.392200869792656,0.3840874760882419,0.885140130561964,0.6324337148101122,0.3466170318534596,0.5053800837393778,0.3859803230667976,1.38950308006589,1.0324130969494112,0.43996476915646476,0.3183693566244577,1.05258214397777,0.366820686647839,0.6786306975838098,0.557353928574236,0.5315806957046425,0.4041030988288993,1.3514978979461678,0.938072455333527
