Country Name,Albania,Angola,Australia,Azerbaijan,Bangladesh,Belarus,Belgium,Bolivia,Brazil,Bulgaria,Cambodia,Cameroon,Canada,Chile,China,Colombia,Costa Rica,Croatia,Czech Republic,Denmark,Ecuador,"Egypt, Arab Rep.",El Salvador,Estonia,Finland,France,Georgia,Germany,Ghana,Guatemala,Honduras,Hungary,India,Indonesia,Israel,Italy,Jamaica,Japan,Jordan,Kazakhstan,Kenya,"Korea, Rep.",Kyrgyz Republic,Latvia,Lithuania,Malaysia,Mexico,Mongolia,Morocco,Nepal,Netherlands,New Zealand,Nigeria,North Macedonia,Norway,Oman,Pakistan,Panama,Paraguay,Peru,Philippines,Poland,Portugal,Romania,Russian Federation,Saudi Arabia,Senegal,Slovak Republic,South Africa,Spain,Sri Lanka,Sweden,Switzerland,Tanzania,Thailand,Tunisia,Turkey,Ukraine,United Kingdom,United States,Uruguay
Albania,1.0,0.2678412193554429,0.016332095163599625,0.03392042708871799,0.03999264706085855,0.014794990856139363,0.025615393180535902,0.06252035308145869,0.02246014564912032,0.02269748980746946,0.07563287397101237,0.06361093377020423,0.018518365362381915,0.032151663622327645,0.02685294157133643,0.03309660139939228,0.04494903384679765,0.01814702571328906,0.014246393741320758,0.02947041805453957,0.04235147372145371,0.02757064153836853,0.031084416120425583,0.018173588202408806,0.018857128619646665,0.020896572646858385,0.056888609668645215,0.01611626978947647,0.0571175135436078,0.07838030596685724,0.028579498828638476,0.015574369740306808,0.03895107531342819,0.03218527375453737,0.0204317245784353,0.027796435861855692,0.05605626902589442,0.020994595379476205,0.03396070209474836,0.024095791686428492,0.0499437949666937,0.0259360133807564,0.0209564490753362,0.027046930774628872,0.016139442890161705,0.016717870309251148,0.08296088775174731,0.02292176417251817,0.016931516644742337,0.06300135748368643,0.018131986820043654,0.028398204110125176,0.12632446540403497,0.030344027624647184,0.020727623319753277,0.013652494879625566,0.04268216026986982,0.025969854092048317,0.04218543473222548,0.07083729701183632,0.0474414456328767,0.015919163338960825,0.028557664143421157,0.02304087193531415,0.015021390100160922,0.01626603362645375,0.08233540781934026,0.017564821824612806,0.050638565865195904,0.023260866959822032,0.020138087281565673,0.019464224740765455,0.021935318335139727,0.056179418956611285,0.017593108498191637,0.019866765174538868,0.04627290231873028,0.16650151027159982,0.02105266980080434,0.018993461635826506,0.01959640618791695
Angola,0.2678412193554429,1.0,0.2706751721746743,0.26366214280273487,0.2783800684982421,0.26745297755821684,0.27794043918459066,0.28294558914091816,0.27157673525949433,0.27380461086393826,0.30220326071266684,0.27949868172192005,0.2707543485595212,0.270456654308603,0.270951475187611,0.27014704982037113,0.2700692405272676,0.26563076003192565,0.2694146946362624,0.2793467048350091,0.265216279892599,0.27568414256020407,0.27326997865593433,0.27092794337612486,0.2689761287080208,0.26706877947121926,0.2699295061566365,0.26842596972543115,0.2763661265369229,0.2898553123319335,0.27735755059258166,0.2714782283016089,0.2775628882403828,0.2795593959023639,0.27020899481813,0.26786624274342796,0.29689026880780117,0.26969981534092585,0.26783367899035126,0.28027647109555864,0.26754312651847956,0.2775879942086261,0.26713408635663655,0.27467892432406643,0.2714537351090574,0.2718585208411455,0.2735042653158887,0.2655982943922179,0.2690428858103874,0.2911669472335256,0.2718375299240101,0.27932835537114975,0.3443202556316341,0.27501475710872236,0.27022038953922445,0.2699778800934316,0.273667940643233,0.27575487856429287,0.2792494212580718,0.2674477464885003,0.2818341371065764,0.2731554295496222,0.2719931348383967,0.26499971799952393,0.27233809018842164,0.269415121604959,0.29909412277276737,0.2678057310148543,0.2874216447624023,0.2731788962095407,0.2743004497982612,0.26931798795186607,0.27942012629577617,0.2696273035238887,0.2748441010146651,0.27521590203480184,0.27992784493230044,0.32186161518637335,0.2704643864574959,0.27061469684365086,0.2610571590985488
Australia,0.016332095163599625,0.2706751721746743,1.0,0.03433865260997751,0.04212836855767636,0.010011522983012229,0.02004099221399775,0.05292721011595075,0.017316948815126486,0.015033402289909778,0.07594366908983516,0.06466535132596157,0.013129904469402336,0.027748525351311542,0.020243503738011058,0.027287102354406057,0.04363298310203851,0.015782636574812187,0.007906697070351602,0.026864866586941132,0.038655909111738045,0.022547707258620802,0.03557494182868781,0.01653333925531802,0.010734892900128355,0.010875661378959496,0.060390142730384684,0.007232665052582024,0.05837459487332837,0.07359116930095574,0.026480731894526044,0.005981254218479613,0.035392202593977524,0.030663724841549587,0.013703544480290887,0.023187547799779447,0.05878356687442168,0.01373897524167576,0.030245080187815698,0.01878626712172933,0.04875053898607604,0.022834544263954825,0.01593738095084731,0.02525676611534176,0.008691673390511535,0.014165562904295884,0.07722903666644537,0.015409718104878227,0.020715176765556686,0.05471776588326558,0.009988662834962164,0.025002623447539986,0.12349434676124164,0.03697782019479569,0.016821839186609757,0.008896440246405334,0.034945951206635906,0.023630844396187633,0.040487818176112404,0.062048943867161074,0.04431784208097709,0.009550048937136877,0.017272727319954544,0.019869590955098083,0.005416631854132348,0.010589151836775638,0.07889068918192602,0.0106389522433484,0.046745098729050256,0.012356595798832932,0.012869025143901085,0.008260312169030226,0.01959455328084356,0.049674847738129836,0.011680334649324556,0.024331589829893658,0.04904259139166246,0.16525588926588697,0.01964491004857281,0.011920033378987926,0.013227822633327318
Azerbaijan,0.03392042708871799,0.26366214280273487,0.03433865260997751,1.0,0.04657906048093691,0.0326235360370064,0.03333631024067567,0.06561244022055696,0.035326505020565675,0.03606954825476405,0.07693808219539022,0.06633355377584363,0.038053126248935726,0.04230255997754273,0.02980571547997557,0.049659263988173975,0.06275669991033123,0.03907785447642992,0.031801022543811536,0.04693381485948185,0.05036267463435716,0.03906557110109055,0.05057887278569496,0.03565296460338696,0.03383820531726998,0.03374323374157223,0.07099441224351846,0.03202236248277634,0.058784290201937185,0.08711383759903552,0.03643398402677054,0.03321491969680092,0.03356699749101695,0.037544322718139775,0.03293396062824884,0.03952383508987045,0.06685070744878761,0.03827385084519468,0.04237952995793328,0.036030925141976276,0.050240047664347816,0.04280417191286932,0.034872142443486874,0.044328504943882706,0.03655198251649715,0.03642829015465376,0.08986336115591968,0.040506645471753734,0.035374014622331085,0.05678768047891356,0.033427159482618894,0.03222970848043053,0.12194021298612472,0.04916241109762718,0.03371397510302033,0.03172177925669192,0.04641486359962767,0.04419025408063343,0.04935455616282261,0.0702345697198368,0.05896819584354636,0.03514129788504949,0.03818449028449131,0.041326701467326296,0.03495903847747223,0.035156585830643704,0.08240470987246827,0.034005103675403395,0.048529669806448614,0.036844145525428675,0.03583353577996963,0.03453240516043426,0.03359182520006763,0.056813673122489514,0.03073689935261097,0.0424811836378858,0.055019614206558154,0.1752532596476802,0.03164518968747127,0.03517024102048206,0.03510501906934502
Bangladesh,0.03999264706085855,0.2783800684982421,0.04212836855767636,0.04657906048093691,1.0,0.03795905823194781,0.042929662655736125,0.06057558476866623,0.044135132109240874,0.04627928730893632,0.07151225796950873,0.08222748778730775,0.04508286586075694,0.051401130875595745,0.04771846253881892,0.050441349903117064,0.07046824471613086,0.04271149597161061,0.04201470505918989,0.051824524721366574,0.06676020891376969,0.04848579027782638,0.052488519229755934,0.04500890539341653,0.0436630226661118,0.045972197679935045,0.07647823021935753,0.039761322192856656,0.06846662241834425,0.0950639062367532,0.046859896832667745,0.042004994545941504,0.042268342114681376,0.0518659540868753,0.043343111498837884,0.04838388062791339,0.07891778157902085,0.04504226857300817,0.057501703169455236,0.04291988562020181,0.06788800440087325,0.05362480647011658,0.042552919711582586,0.05112901790533869,0.04460043266801934,0.04129732542623748,0.0874902178334277,0.05131424650882843,0.03617098130340686,0.0721429240078173,0.04491734268346446,0.04768752526863342,0.11883366895121428,0.05972414812875416,0.04079761047134237,0.03972079900605471,0.05336691422864766,0.04581847135176909,0.05950671484771157,0.08981079367606072,0.04992493413980808,0.044621489859262106,0.05105088900063373,0.04786592138390945,0.04161951680796849,0.04109194550127494,0.08347914257058521,0.044184830771906686,0.05350073531080694,0.04023959146750827,0.0450255503438837,0.043634079865071736,0.03659999097589011,0.07224652940111555,0.04159098110958692,0.04790198500670866,0.05312330268034849,0.1722198999423476,0.050635418095263854,0.04458438464389015,0.04225165857503948
Belarus,0.014794990856139363,0.26745297755821684,0.010011522983012229,0.0326235360370064,0.03795905823194781,1.0,0.02338576969958216,0.05305767302796664,0.01504610811274965,0.01771114908864023,0.07470046717016074,0.0661504838170874,0.01283769852137683,0.02697845169929407,0.02421767326132462,0.030076711461007554,0.04874381033799416,0.012868786530431102,0.009042432571406682,0.029017452721416606,0.03930830694326616,0.022667943385194962,0.0342908013840379,0.01955962117280268,0.009398595446148803,0.01524230521044218,0.06172686984856135,0.008440612653997898,0.0571733615521208,0.07819699293859117,0.02801004270966179,0.008707488104990464,0.03576713010782084,0.032076108948626225,0.015112140223493956,0.026566143360873866,0.06336635218548918,0.015841791610912793,0.031725674651762834,0.01804833111514799,0.050557612149577005,0.026563298481086687,0.012821105678720688,0.025408628196114166,0.012725727155215602,0.012174599005622884,0.07535933551525559,0.021396224333713902,0.019503697241571003,0.05816472925234622,0.011292444085515729,0.02669283099640733,0.12457279833106556,0.03769013232911984,0.018560194055458466,0.007359941196619542,0.03629944564558696,0.026021283528623793,0.04027544081921351,0.0650462682938986,0.04537989306757773,0.013257816290023703,0.02284520667401404,0.017219924199810572,0.009603389338498927,0.01055257012377391,0.08163976226495046,0.011907238219719986,0.04771043347070799,0.01649879048699724,0.015076734758450012,0.014153916914226312,0.020878717146642394,0.0516399379993346,0.014088565965622312,0.02603689007646996,0.04939776339689205,0.16701263939532937,0.021740771826606976,0.011643673326407202,0.01318790128699415
Belgium,0.025615393180535902,0.27794043918459066,0.02004099221399775,0.03333631024067567,0.042929662655736125,0.02338576969958216,1.0,0.05837086358191711,0.020758337875532953,0.02329128265633966,0.07616406996493061,0.061793947756381834,0.024050747598104213,0.03654597303764279,0.017983324733016497,0.033492370254713945,0.05010329305620749,0.026240590813927902,0.020093630421488533,0.0376354226419807,0.04536576090578259,0.027691755292689583,0.03501126255646322,0.025288158953318027,0.020537077519518658,0.021149192397545487,0.06149617703305564,0.020142064191747605,0.05844440913136561,0.07703369411907932,0.02570546226238463,0.019127623137636267,0.03123136907107494,0.03163338187297176,0.02593554189283614,0.029175547880361048,0.05948028192882727,0.024054821735393864,0.035484839609559164,0.025934670434667795,0.04961786752615326,0.02916928808425874,0.026253778284218075,0.033161626143668174,0.023438513575613214,0.02142531777671202,0.07933522475113029,0.028096722577733962,0.025308465389099855,0.048261950909543584,0.02074933742140871,0.029175421310754755,0.11749864426278481,0.04323673966921932,0.019403744644157814,0.021626757093576816,0.04467153948443492,0.030402216481628667,0.042514590186551605,0.06336645307285099,0.05008135822245381,0.01772482145337674,0.02664092696693126,0.028059903876692147,0.018310803140412953,0.023896705564572213,0.0698759914982033,0.022152036925062665,0.041751721136062535,0.022742193547886817,0.01757179014056901,0.019604890562402548,0.016230351930448344,0.05450032660120668,0.021041957554185243,0.027841324192588092,0.03938342673963815,0.1678444711231767,0.02040147488415293,0.024705360190695663,0.02569956375182417
Bolivia,0.06252035308145869,0.28294558914091816,0.05292721011595075,0.06561244022055696,0.06057558476866623,0.05305767302796664,0.05837086358191711,1.0,0.051415311619062536,0.05927005067866301,0.08838334867032523,0.08685377218417986,0.06030269176065593,0.05712584047120802,0.05690997061387297,0.05680685965902477,0.07938236711962487,0.05388862767180406,0.05576714721907715,0.06577217873274405,0.06422343738751672,0.06158457065881672,0.07282748989607327,0.06202162717993017,0.05561422321948778,0.05589675537725447,0.09408906002651614,0.054255017300516226,0.09591540827779904,0.08441011136740087,0.06397209911029444,0.05444749248323973,0.062480285469059545,0.06972883894494952,0.055495442546094544,0.06633849676070235,0.08705546891516835,0.05754578690829314,0.06172973337383046,0.056782699547953126,0.06452276363044107,0.059645397182374674,0.05436193159448179,0.06602146136573007,0.056770955489819704,0.05705208499709962,0.05941569316696184,0.057391253138152694,0.060698048161834425,0.07906810915934004,0.05403018645602566,0.053397404461600795,0.13137260374182733,0.07473442955285087,0.05779370710056156,0.054627644420609994,0.062073112746878385,0.060377136579933814,0.07797476857838871,0.06492149600247299,0.05903788199856585,0.05439940032072166,0.051225715749280136,0.059262323252076546,0.05448873713005057,0.05138027252396128,0.09690535060965393,0.056758929952354396,0.057533308488603614,0.04987203335758218,0.05498434574193793,0.05325501399227567,0.054766394297188374,0.07607252793982475,0.05547278538960762,0.06952562312025933,0.07683080950173254,0.18858865710777029,0.062343882958598454,0.053663439335944405,0.05644748407137942
Brazil,0.02246014564912032,0.27157673525949433,0.017316948815126486,0.035326505020565675,0.044135132109240874,0.01504610811274965,0.020758337875532953,0.051415311619062536,1.0,0.02265741107054681,0.07219657837929438,0.061174810048764086,0.018830832618155945,0.029881571372530884,0.02211276197960674,0.030698690838663282,0.05483986893209004,0.018130956647090916,0.015628911742908473,0.03393167054808615,0.03583496955673434,0.024236449419972734,0.0320419063662008,0.022413053163530042,0.013566714632548748,0.017432326867957957,0.06201573795486564,0.014562849290043514,0.06049304480024667,0.07544873205739881,0.02892926528193171,0.013545859865492803,0.037236873643350134,0.031039564921587246,0.02007762306815209,0.03296851838750408,0.06163405597320731,0.019814232466631217,0.026234653305243504,0.021074071107478626,0.047917983943952955,0.025882888820705177,0.01709113330785854,0.03091743001432625,0.018376739064941104,0.014865891938917847,0.07052498105687216,0.0249406393473822,0.023300491679248247,0.05662333675712884,0.012024303176391827,0.028004728945027042,0.12377806435780184,0.04222726977344397,0.016986692878732616,0.016118439337093515,0.04256019057953846,0.029020459828377455,0.040879876180566294,0.059028085631565794,0.04515538220222062,0.01313279096558134,0.024427134096926793,0.02007079834585052,0.014898033622239161,0.018749572936310306,0.08012604144359797,0.01614029906705974,0.04331894106203154,0.020617427871179046,0.016745725794769,0.017235242543115793,0.023057784710273147,0.05455349470684901,0.01750570018996792,0.029433814287367698,0.04462979577840521,0.17084121386954113,0.021981800595004347,0.015193228256306519,0.02176328204341562
Bulgaria,0.02269748980746946,0.27380461086393826,0.015033402289909778,0.03606954825476405,0.04627928730893632,0.01771114908864023,0.02329128265633966,0.05927005067866301,0.02265741107054681,1.0,0.07476239807670854,0.05972887435199402,0.016644075040149954,0.03212222410586592,0.024975754743445884,0.03340866481924836,0.04829232844058639,0.023623684711980692,0.01762031334361912,0.030393707208331747,0.04016072235771089,0.02209260150771795,0.04029961659497011,0.01919604761650387,0.014984484348060805,0.01892776144918494,0.0599967104401583,0.014816456230672998,0.057038668462186644,0.07351151201267249,0.02887088175866385,0.01542285488946491,0.03615809226473394,0.030551052267999118,0.01915001172021935,0.017773786336367826,0.06364823389229052,0.02063192635120491,0.03341773019416232,0.017460535317057952,0.05758335796165558,0.027949855695880294,0.020539493873187372,0.024385859950279344,0.015193403400264024,0.021212753114873268,0.0853528657457238,0.022296495958404227,0.02956130326370347,0.05227752685551775,0.016328990700749075,0.0287608439346679,0.1203737939726197,0.03629803148025862,0.025114060955525937,0.018073716098100955,0.04040279872616122,0.027998261504357858,0.03263491372083376,0.06668573099285009,0.046259763546198,0.017786238862239172,0.019586569755663665,0.023433224833608178,0.01483424088600357,0.021007676797988623,0.07563176053961736,0.01641714428821755,0.056306801922687486,0.019737079954246825,0.016641835921264305,0.018126103597569044,0.023420811895958484,0.044944098719411886,0.014146453656548059,0.029416303199715933,0.054252646567100785,0.16292466890955978,0.026739036433613025,0.015703667947797196,0.019115236574462367
Cambodia,0.07563287397101237,0.30220326071266684,0.07594366908983516,0.07693808219539022,0.07151225796950873,0.07470046717016074,0.07616406996493061,0.08838334867032523,0.07219657837929438,0.07476239807670854,1.0,0.08803019879957212,0.07723442591925897,0.07222429454533605,0.07281407899062847,0.08175934368068082,0.10448711529817614,0.07466449873159975,0.07703177526219197,0.07789724618574943,0.08775147897032923,0.08186695998120685,0.08454749104650411,0.07649819574479923,0.07400717904595604,0.07412804426204232,0.0926671584593039,0.07259476090060824,0.08432771893535979,0.10148285707247685,0.0831713277475943,0.0739193604970134,0.06403078512381302,0.07665359106468717,0.07241608688146406,0.07710381188438885,0.085685971928376,0.07657794934044983,0.0745617388943506,0.06895174174225144,0.08787666844005441,0.07710727762319008,0.07517416907432507,0.08116041501291524,0.07442459346992719,0.07233294058727165,0.10192065234815509,0.0796239154759799,0.07344966671412376,0.08995250359343566,0.07249029889519706,0.07064447900937236,0.10634384246041653,0.08552253370528533,0.06999579524889242,0.07394020862935188,0.08449219434557917,0.07063405193571753,0.07389708029273379,0.10257155990176779,0.07946288228566784,0.07689302685302489,0.0776250704440726,0.07808763694606147,0.07502558520497284,0.07517155362046561,0.11789136837118973,0.07499794902102876,0.07547103809667995,0.0745580742652503,0.079656519892418,0.07525058877807987,0.07153628296600477,0.09464053341865698,0.07074971738753218,0.0756539305913807,0.08853734501592034,0.18985189011090559,0.08171487691488734,0.07307261496223776,0.08015220744931703
Cameroon,0.06361093377020423,0.27949868172192005,0.06466535132596157,0.06633355377584363,0.08222748778730775,0.0661504838170874,0.061793947756381834,0.08685377218417986,0.061174810048764086,0.05972887435199402,0.08803019879957212,1.0,0.06512258264290213,0.06881380664069979,0.06174310695165499,0.06134244860286483,0.0720494033393139,0.06680503972485147,0.06513827652627337,0.07323986014614602,0.06527311051735264,0.0720696701804958,0.06095508231255038,0.06098735686065802,0.0651592890980583,0.06224107109660889,0.061885254788012135,0.06298588103119215,0.09586162145837633,0.08422935579170159,0.07076576557346059,0.06463654587263473,0.07368370768814933,0.06213373333640844,0.06493679880717784,0.06352031386216273,0.07646482055630972,0.06628238561795623,0.06327872719136558,0.06566455951607306,0.06766867075586173,0.06638754386956541,0.06315717809285486,0.06617342243184475,0.06374743290627344,0.06745344299209781,0.105284422110288,0.0630310623879406,0.07045539832632226,0.09082939637196917,0.06247123226594746,0.06785963896288212,0.14253503434660494,0.062310802367778,0.06474987626190623,0.06694048992144819,0.07847708922459679,0.07145286213064873,0.07459215369528367,0.08886397369245358,0.06794808347513352,0.06160561402275779,0.0594871347826966,0.0687447516973176,0.06332556240731095,0.06669263142970813,0.09059480094718866,0.06443232264442979,0.08416338522088397,0.06752144162951333,0.06350556673216247,0.06384974252555016,0.06261389395552036,0.07215248714929405,0.05957456514382272,0.06677302165739969,0.07726877311591203,0.18230304447373596,0.06506534610896812,0.06171102101269629,0.0650020413225999
Canada,0.018518365362381915,0.2707543485595212,0.013129904469402336,0.038053126248935726,0.04508286586075694,0.01283769852137683,0.024050747598104213,0.06030269176065593,0.018830832618155945,0.016644075040149954,0.07723442591925897,0.06512258264290213,1.0,0.026234099647829166,0.026089912073320357,0.029257598142194828,0.04355409918466184,0.01932984765048671,0.012724819596604268,0.023961616776028666,0.039171087823434675,0.023945747416045514,0.032370311182019995,0.019329044068440625,0.012018941967784432,0.015669758442669324,0.060583314471969726,0.013262497195906846,0.05471397539541936,0.07772888165865122,0.028737261015082463,0.010593863633763453,0.04202572917164698,0.031014415004153136,0.016961826044704625,0.026024657119104604,0.061688835675206874,0.014344917345629307,0.03370585860535002,0.018365433778137506,0.05139227036598839,0.029276670581787356,0.017508810504732658,0.024376121198797684,0.011798898406292195,0.014753166794856496,0.0803148564666555,0.02182383200068944,0.025452518169088233,0.05788237091708524,0.012358523848899381,0.03081367767646164,0.12524033565490222,0.035994149703027,0.020853036151102622,0.012474020752049269,0.03814375463501956,0.02612450198700995,0.03654783640149139,0.06561889708765638,0.047899128894947456,0.014648765109515058,0.023999759329231367,0.016994271232719405,0.010260530546567134,0.01712965731316728,0.0811314899572126,0.011461133887735257,0.05026817150124812,0.01796904300550346,0.014793079503915112,0.017936255493028037,0.023177585279247636,0.052120081776920416,0.014989803131709854,0.024892103887504832,0.0520134764035502,0.1617140996415775,0.020596632375056306,0.014354550580380218,0.017603665002544552
Chile,0.032151663622327645,0.270456654308603,0.027748525351311542,0.04230255997754273,0.051401130875595745,0.02697845169929407,0.03654597303764279,0.05712584047120802,0.029881571372530884,0.03212222410586592,0.07222429454533605,0.06881380664069979,0.026234099647829166,1.0,0.03067039171831616,0.03940592174154405,0.05015113934320788,0.028978314374997285,0.028171241424419652,0.03770111856474931,0.05307252253783908,0.0423663477530943,0.04419003553183837,0.03321355543220768,0.028707767380725415,0.02655453497256261,0.0675330261943464,0.027377455897428255,0.06280026238719767,0.08774801883462277,0.04112279094009994,0.02619686412891181,0.04737015677146053,0.041101072211950064,0.025981785798517884,0.04144432741819596,0.06407909246657761,0.025541512855067842,0.03616642509240882,0.02884586866301732,0.04710770053657688,0.03777646218712203,0.03298749568998423,0.032633417216030566,0.025365317822363363,0.03115040876167692,0.07752753850909384,0.029595651323917227,0.03748646801090269,0.06260059220773169,0.02443229229765709,0.02943565040507828,0.12511506503381126,0.04285575865969433,0.030355118819979706,0.027222649353065623,0.043658669896551434,0.040256008502841174,0.0490313279517334,0.056212482252927555,0.05973256187344036,0.02987213715760743,0.02841031982089455,0.035349035441456456,0.026937526479304957,0.03002842128573611,0.09689601962730421,0.027843266242063316,0.04508698397067872,0.028336605350013977,0.029355854021391115,0.029701706184428054,0.031169867044609653,0.055501081647419306,0.025901553170788953,0.035919629137617086,0.06265861774450927,0.170957211312312,0.03139247284204027,0.02516067648670207,0.030910921973270965
China,0.02685294157133643,0.270951475187611,0.020243503738011058,0.02980571547997557,0.04771846253881892,0.02421767326132462,0.017983324733016497,0.05690997061387297,0.02211276197960674,0.024975754743445884,0.07281407899062847,0.06174310695165499,0.026089912073320357,0.03067039171831616,1.0,0.036061043331844164,0.05189783989796607,0.02612170279124374,0.0208713909248669,0.04114264054125818,0.03886887183911214,0.031232112981420285,0.04294308912686994,0.0254422064682333,0.021301966235124724,0.018162314686046413,0.06132208057521463,0.01947454889148348,0.059509267092313835,0.07459840087666249,0.03260284723010526,0.019644945203875424,0.034076483855541836,0.032674160372939375,0.018781784272594346,0.028703042260983674,0.05597599470393408,0.025816856198787295,0.028480697044893657,0.02651368878920205,0.040437395943351086,0.030102850218234976,0.02743160434868459,0.033063148925514,0.022006241872966684,0.023965363731970547,0.07961174753201822,0.02448076601938237,0.027498151636804427,0.04603399522308503,0.018870403837618097,0.025645003662653546,0.11620558332291456,0.043970119911223564,0.018158700543701112,0.022805063463465117,0.04459953003882073,0.03481818945689431,0.042589757997542325,0.05447272179417917,0.04919048249202445,0.01959121349013534,0.020083084671872007,0.029798286026537443,0.020618447685169516,0.024746946025259405,0.07980311543845804,0.020713149823103683,0.039641913673551715,0.022426151644789623,0.02416132306516887,0.018676611605084964,0.023382392985252902,0.052621674726444724,0.020431210991803027,0.02764724749060662,0.04389963683001283,0.16765964862970517,0.021667171871868972,0.02325904009882369,0.025818209756898882
Colombia,0.03309660139939228,0.27014704982037113,0.027287102354406057,0.049659263988173975,0.050441349903117064,0.030076711461007554,0.033492370254713945,0.05680685965902477,0.030698690838663282,0.03340866481924836,0.08175934368068082,0.06134244860286483,0.029257598142194828,0.03940592174154405,0.036061043331844164,1.0,0.04535347471411167,0.02935408892706866,0.031731756415480636,0.03698809354693015,0.046031214370123204,0.044104942788461166,0.03886151386292893,0.03303426720995682,0.030921051361640705,0.027787860266995222,0.05483503196104155,0.027185425182723506,0.07921688917089176,0.06576560961320131,0.042456973115333176,0.02838490184355674,0.04818639661522503,0.03665445845644886,0.03206587498134623,0.03595432048132157,0.06047955199452147,0.02643752339996837,0.03914180571173683,0.03982439087628906,0.050832170974930806,0.034600034730787106,0.027924073542264196,0.034375961325294385,0.030271755616073464,0.02958275418808749,0.07786802163975969,0.02671432044050648,0.03161383723838881,0.07049680450875213,0.031072751994396366,0.03888201820723557,0.1340967054705759,0.05123261326874772,0.02683417643300116,0.029921049273451277,0.03794948988117228,0.03173567405841853,0.05322029649599056,0.06952349229496849,0.04437375458988354,0.029738598575962345,0.029603013505284385,0.03193240294247309,0.027005898420561864,0.03065429976059936,0.08779979103003151,0.02852227583415971,0.054238651908882114,0.02835847261142755,0.028839391255507,0.025219684629188444,0.03020481988885316,0.05418411261256558,0.0308751301360361,0.03988766265125036,0.05065750454242984,0.15762531317221054,0.03549345060607045,0.02978602410301084,0.024901303554399914
Costa Rica,0.04494903384679765,0.2700692405272676,0.04363298310203851,0.06275669991033123,0.07046824471613086,0.04874381033799416,0.05010329305620749,0.07938236711962487,0.05483986893209004,0.04829232844058639,0.10448711529817614,0.0720494033393139,0.04355409918466184,0.05015113934320788,0.05189783989796607,0.04535347471411167,1.0,0.04789447208713347,0.045533091582764494,0.04453482836054441,0.06476785883949046,0.0567748782654395,0.050774623516979485,0.04801592079279964,0.04932091668420345,0.043956676108429384,0.06417584698685422,0.04751798616741426,0.07621171287481973,0.09159571499976574,0.056709382421463804,0.04630846583704507,0.06750691789340622,0.05592531093962579,0.04929808379284547,0.04711630854945716,0.06713813717602694,0.042515231916649424,0.05921781337635505,0.05358926860122181,0.059377862608677535,0.04995050438983729,0.053209010136760944,0.04924295703470476,0.045237799982242026,0.04973984780082583,0.0941673035516205,0.038784564163098424,0.05332195063576229,0.07944845856703775,0.0475314508859477,0.056609169626885864,0.1485167475542185,0.0465876190405251,0.051600672697008264,0.04753659720068328,0.053338117692922266,0.052584755828446655,0.06736336454353752,0.0791127959079312,0.06880361540584295,0.04531473755337301,0.045069624527450725,0.050554630571790674,0.04368299867178133,0.0453734731532591,0.08881747741515691,0.04623910526777947,0.07048875885762611,0.04701134602420041,0.045375014133070435,0.0463535575013554,0.048993159534968696,0.06594290960549355,0.048020474603830056,0.04729643088611996,0.07412935779212698,0.16187471015640342,0.043669880517853504,0.047712893514485676,0.04464685409595539
Croatia,0.01814702571328906,0.26563076003192565,0.015782636574812187,0.03907785447642992,0.04271149597161061,0.012868786530431102,0.026240590813927902,0.05388862767180406,0.018130956647090916,0.023623684711980692,0.07466449873159975,0.06680503972485147,0.01932984765048671,0.028978314374997285,0.02612170279124374,0.02935408892706866,0.04789447208713347,1.0,0.016593544190683915,0.03379242415014236,0.040887101007019214,0.02915253089853929,0.03552988978442212,0.027126295799444266,0.013326074203228082,0.01752482508046908,0.0575572730374123,0.015181204615295606,0.06059555805080506,0.07871461331925023,0.03649613029388251,0.015397923483667747,0.03675625775889554,0.035975125164341426,0.02001768443121449,0.028118245207786354,0.06353721678994158,0.018849628458512235,0.03234377249274916,0.024484809590831595,0.050774142491607256,0.02465107645369218,0.019084164695889676,0.026444622903461362,0.0195497690136274,0.012408139606948419,0.069465317440016,0.020399616039440103,0.021114117872011007,0.05991340740709532,0.01594282849358199,0.03004209382111582,0.1283053591568544,0.039456407256994855,0.021161774322487288,0.01569887672905315,0.03907977196468642,0.027774875046322076,0.04404503347088608,0.06374695665569201,0.04792878942929721,0.017764100407116963,0.024359445902437785,0.01656465675825384,0.015189733341971419,0.013240952173920089,0.08650275501109041,0.01673994592598774,0.04915391829400711,0.02245739867278984,0.02030355096975474,0.016774056817559346,0.024448871885576828,0.052254750538904646,0.022593530204537488,0.025750383212552578,0.04962168177690416,0.1657442244308663,0.023701653847806696,0.01606770594398893,0.01645197285824467
Czech Republic,0.014246393741320758,0.2694146946362624,0.007906697070351602,0.031801022543811536,0.04201470505918989,0.009042432571406682,0.020093630421488533,0.05576714721907715,0.015628911742908473,0.01762031334361912,0.07703177526219197,0.06513827652627337,0.012724819596604268,0.028171241424419652,0.0208713909248669,0.031731756415480636,0.045533091582764494,0.016593544190683915,1.0,0.02816766292361598,0.03838327081239136,0.02049226919736862,0.031780226971285255,0.01519521828160258,0.010313407845373608,0.012073893318755857,0.06229458092280073,0.009461916829289459,0.054415005424135396,0.07844504674659371,0.02360984587346094,0.00704919052624826,0.03696538871416794,0.03104697738205515,0.014604887177042798,0.027005019683641808,0.05982101891337756,0.015369913300591252,0.03060749416749634,0.018228066363711652,0.04838174084756707,0.024553457720205087,0.015709148804538116,0.026837473550021185,0.010103051791634192,0.014191557115901567,0.07805223106747945,0.01970101484926461,0.019951371590124875,0.05434984216832764,0.008882001910476117,0.026444899515676887,0.12486509643603456,0.034439883252780426,0.017858137727194443,0.008436703695930647,0.037300883340255074,0.02681817964857423,0.041738493427471976,0.06263359904713106,0.045783828141599835,0.00849999389427272,0.022028687319099533,0.01989642165975977,0.008129933872030735,0.011823209677941803,0.07937886632510917,0.011254825451902846,0.04526283933072256,0.01604843574026639,0.01419114239807537,0.0118661652294208,0.02168253076081626,0.05057625832227774,0.012261561995499588,0.021661059289697294,0.048071537537177605,0.16729392040469832,0.016977907806614664,0.013829645015664936,0.015772548717375167
Denmark,0.02947041805453957,0.2793467048350091,0.026864866586941132,0.04693381485948185,0.051824524721366574,0.029017452721416606,0.0376354226419807,0.06577217873274405,0.03393167054808615,0.030393707208331747,0.07789724618574943,0.07323986014614602,0.023961616776028666,0.03770111856474931,0.04114264054125818,0.03698809354693015,0.04453482836054441,0.03379242415014236,0.02816766292361598,1.0,0.05059732273102167,0.03368545083631094,0.04147729720098103,0.030178620076224086,0.029529015338938435,0.029316751541879744,0.06593498217927193,0.028645670283378125,0.056604939785196776,0.07901208069101075,0.0372436608759071,0.025720515052356206,0.04717131543775233,0.03521661543086769,0.030721866213061246,0.03631405903042606,0.062030414393310127,0.025919313309813605,0.04399907028016794,0.02816769879186804,0.06140348936963198,0.034209356100386716,0.032475746855827214,0.03766608275751715,0.02646701189202524,0.028128087583962725,0.08650158648022006,0.02993576191774145,0.03561252221578199,0.0680108237370239,0.027606898138929907,0.03752021641993705,0.13266689025511924,0.04119846652846172,0.03310839934420575,0.025884656796497707,0.03925054589576877,0.02393989212908726,0.04098543509437174,0.07433230947136439,0.052175705615429384,0.029297466024027368,0.036125533091256434,0.03233950791180563,0.025355443289737722,0.029233301074250727,0.08319111279246587,0.027403198405524482,0.056567428153075874,0.028303620192734864,0.027504869232243677,0.031467437953510896,0.033540579181137405,0.061181645005915795,0.02695838239993888,0.03773793894429268,0.06357824991394356,0.16080631418246644,0.03078168145089362,0.027255594876892338,0.03243955431291072
Ecuador,0.04235147372145371,0.265216279892599,0.038655909111738045,0.05036267463435716,0.06676020891376969,0.03930830694326616,0.04536576090578259,0.06422343738751672,0.03583496955673434,0.04016072235771089,0.08775147897032923,0.06527311051735264,0.039171087823434675,0.05307252253783908,0.03886887183911214,0.046031214370123204,0.06476785883949046,0.040887101007019214,0.03838327081239136,0.05059732273102167,1.0,0.038839636126953896,0.05446201624078316,0.041182858476260756,0.036446927669848084,0.038940655857301124,0.06722855501615481,0.0384022865233605,0.07351887661915887,0.06302855908518513,0.051461212131320544,0.038033719423559306,0.060317022412013074,0.04732331293269288,0.03502710531139167,0.04280618121873263,0.0654282548484468,0.045443653797568054,0.04243243525287945,0.04186134846107311,0.0500728056662609,0.045634154748368225,0.03506869040322491,0.04628579023339379,0.03870439683274219,0.03817607382305652,0.08350860644465195,0.04212871621115473,0.04576916377422135,0.0667794940639776,0.036364775978593104,0.04878602392780924,0.13060591409229064,0.05350050103114034,0.04188884195937433,0.03976201710374976,0.05709757449661852,0.047562731760752944,0.05010668614372331,0.06703641439281179,0.04561718459879787,0.03613320749456187,0.03855169983019175,0.03509185956557079,0.03898898281584456,0.03902347398422431,0.08863111866332694,0.03598199833758372,0.06445899054232884,0.0422356857592775,0.042738872564627196,0.039355851524346445,0.04895213294525727,0.0644101423253492,0.04006287362631803,0.04461955118482841,0.05888087705173354,0.16417567800525473,0.04147712014053204,0.03782320795222369,0.04170410439659399
"Egypt, Arab Rep.",0.02757064153836853,0.27568414256020407,0.022547707258620802,0.03906557110109055,0.04848579027782638,0.022667943385194962,0.027691755292689583,0.06158457065881672,0.024236449419972734,0.02209260150771795,0.08186695998120685,0.0720696701804958,0.023945747416045514,0.0423663477530943,0.031232112981420285,0.044104942788461166,0.0567748782654395,0.02915253089853929,0.02049226919736862,0.03368545083631094,0.038839636126953896,1.0,0.04181884064835425,0.025535802918502284,0.020354909944578965,0.02703598795079238,0.06738546161719496,0.022877280739807996,0.05283642671779953,0.0795518404450072,0.02857900427798697,0.021193974550925386,0.03918933329912037,0.03262281418378485,0.026099730659699276,0.030666326825981492,0.067402356292232,0.028017141334518957,0.03481701153537129,0.02073540078829867,0.06238176792457836,0.028666067203264367,0.026273037919064175,0.03243018232542784,0.023391897407284763,0.02306105952694618,0.08278315156312972,0.03113250777161598,0.030550047482194292,0.051667073956916575,0.022128888862713192,0.03641195658172772,0.12239689750291678,0.04517891676043242,0.029377434631175193,0.023178787022930213,0.04332272622357181,0.034338137903186926,0.035160400027985914,0.06882456846306018,0.05060349298651953,0.020899399204005433,0.030720295139643986,0.02693328184032243,0.022091532766004004,0.025079838988440132,0.07074488316366322,0.024138390255260204,0.05647325191528774,0.027986777817321624,0.022628343170856796,0.025805680770990266,0.03305432788571971,0.056969760795182345,0.02462898281115264,0.03315186293413332,0.05033001799492009,0.17098331148208054,0.028038804833551808,0.022527483106220412,0.02825808438533857
El Salvador,0.031084416120425583,0.27326997865593433,0.03557494182868781,0.05057887278569496,0.052488519229755934,0.0342908013840379,0.03501126255646322,0.07282748989607327,0.0320419063662008,0.04029961659497011,0.08454749104650411,0.06095508231255038,0.032370311182019995,0.04419003553183837,0.04294308912686994,0.03886151386292893,0.050774623516979485,0.03552988978442212,0.031780226971285255,0.04147729720098103,0.05446201624078316,0.04181884064835425,1.0,0.03271001971907648,0.03550410908647907,0.03465939112546326,0.0580153778106392,0.035109017293420516,0.06357925081277795,0.09015761023741838,0.03677595868621729,0.0340217271245854,0.054502725198900585,0.04169992667149076,0.040322982665084744,0.048983414105311165,0.06698912073514145,0.03470891560842822,0.04629662660272173,0.03973244198929028,0.05754579199191874,0.04081927322704722,0.033312012793505666,0.04109015925047385,0.034077995129090495,0.03451439625690444,0.08332391727491457,0.039736553793022364,0.03547580640995701,0.07459091532663373,0.03426707816326499,0.04902361760879713,0.14070492569817664,0.041223225815523644,0.034762644260563344,0.03498337981025652,0.05240854309116265,0.041985963448770126,0.06030993711504903,0.07605048400074345,0.056136210470588456,0.031851871099881225,0.04562622651299556,0.038635958563840916,0.032886706910984706,0.03658229084235775,0.08385076552116544,0.03675253313528122,0.05521806321793639,0.041176913410077585,0.03356444563767577,0.03598756950839869,0.038310471980095184,0.06458355398168769,0.035634336664929024,0.03151308725543795,0.04834195395368305,0.17370797226555212,0.03292100792886296,0.03623765959532415,0.03713848323257072
