Country Name,Albania,Angola,Australia,Azerbaijan,Bangladesh,Belarus,Belgium,Bolivia,Brazil,Bulgaria,Cambodia,Cameroon,Canada,Chile,China,Colombia,Costa Rica,Croatia,Czech Republic,Denmark,Ecuador,"Egypt, Arab Rep.",El Salvador,Estonia,Finland,France,Georgia,Germany,Ghana,Guatemala,Honduras,Hungary,India,Indonesia,Israel,Italy,Jamaica,Japan,Jordan,Kazakhstan,Kenya,"Korea, Rep.",Kyrgyz Republic,Latvia,Lithuania,Malaysia,Mexico,Mongolia,Morocco,Nepal,Netherlands,New Zealand,Nigeria,North Macedonia,Norway,Oman,Pakistan,Panama,Paraguay,Peru,Philippines,Poland,Portugal,Romania,Russian Federation,Saudi Arabia,Senegal,Slovak Republic,South Africa,Spain,Sri Lanka,Sweden,Switzerland,Tanzania,Thailand,Tunisia,Turkey,Ukraine,United Kingdom,United States,Uruguay
Albania,1.0,0.06619350110063774,0.03992852468090139,0.061023816128313736,0.022332765859449027,0.01618394648877151,0.027355936324283427,0.030566208139986624,0.01999585233714375,0.009021262790893122,0.1304779776423725,0.011103336496244896,0.12068533180702191,0.15931776738998882,0.010000429457220439,0.019914002288112746,0.04121015944865179,0.055929074399629256,0.7880685499297096,0.05696588226733932,0.08994636145367478,0.5012684542989183,0.052356849111319013,0.716313936035147,0.1179488576785322,0.01664684187074788,0.05163863797038023,0.19756969265086302,0.009580009072951423,0.027376167408589478,0.007943417235354166,0.058064364116627375,0.032288717781040255,0.020256901793851832,0.0357307037897932,0.13360791576377737,0.05062382841870263,0.29314323293825334,0.10671973492744118,0.015255449078320169,0.0320048373560767,0.676942423148055,0.3271888373923575,0.6599692392564422,0.3744583344456493,0.04680519612616294,0.013915500883546102,0.23522513589343427,0.03869668160305954,0.03554222700786016,0.10177320162615981,0.8146636100812374,0.008376770796193651,0.8318208915201526,0.048524998851912485,0.14796904163238817,0.014500995300891124,0.023702427189019087,0.06128817619030764,0.12118074895563455,0.5147807580615223,0.05845695265483294,0.01149567452615224,0.22294281915872236,0.1498504809657787,0.012641141605996062,0.03861491882794345,0.056963535568766856,0.007762989323320321,0.015115354498248664,0.8560895299715577,0.14501379783292745,0.025497196901590715,0.034621181563970566,0.06476977775928534,0.035147280216434644,0.01701222869555469,0.07732084696774799,0.007750573807975085,0.02322070602918583,0.10901663765988076
Angola,0.06619350110063774,1.0,0.08454049038456629,0.10441354422278454,0.07766704963190972,0.06599266421275596,0.037538315705625235,0.04090827983119139,0.0444792956229949,0.05868643526456306,0.17615548861808766,0.06120837417742191,0.11236157083866992,0.10898003452017828,0.053109661476468464,0.04385597300014174,0.03401547521119686,0.09523039113792643,0.7332225327292875,0.06755292262523521,0.04140615313633666,0.5230407526184176,0.10643201304691817,0.6542043178230612,0.1505595064474843,0.06476204549632002,0.10469170965658801,0.15199654481236693,0.05971893769613271,0.06815821363083722,0.06309188076084885,0.0676463114971165,0.0817877320732632,0.04590088661088078,0.08076084728641376,0.17269743523948106,0.08984001068136173,0.2235569508571816,0.14127274695188413,0.06226674471827241,0.08183214855034597,0.5778076823007599,0.3562918533974912,0.6716386544815436,0.4051183649596093,0.032106548809235615,0.05188530081234774,0.18219128498287154,0.09587936905162336,0.07723227862688398,0.051269500505398066,0.764268036567592,0.06247735130606715,0.7666160399029813,0.08985408056735468,0.19308729361770846,0.0647742488453744,0.06989793925946557,0.02910575374494686,0.06075888230793918,0.5353299624455786,0.11058465208488447,0.05344675028466935,0.21071797118903818,0.1892299083619198,0.05744853767287361,0.09448449650550715,0.0856805958247884,0.05717453298087272,0.07061406110370692,0.8324759075906164,0.1895649237752319,0.07094586117564448,0.09016908095756081,0.04751280479990384,0.03524578704139873,0.04643334879888544,0.06616904514735986,0.05913432273562106,0.06822755207228294,0.06421014484408104
Australia,0.03992852468090139,0.08454049038456629,1.0,0.07681326438633443,0.04588851550904071,0.051437468163374966,0.059300335910247456,0.05952657129434585,0.05655190227180022,0.04535758067278311,0.13321584239294523,0.04870797527052562,0.13369867429505156,0.19615343520581668,0.047216545929220796,0.0546636755426959,0.06645231363734448,0.07616579979125125,0.7736154876665324,0.056116231926275274,0.12039883611894231,0.49003949420629517,0.06336716021633335,0.705211807557723,0.1221704214022856,0.05142644342166272,0.035862488097681035,0.20285247252530583,0.04832679857343795,0.05832515039450186,0.04384478887833562,0.058186204460573404,0.053300737118129424,0.051865477202301745,0.06026872737078231,0.13922682653535112,0.07290737691684203,0.3035720184755055,0.09444905991924747,0.049980566314203154,0.05513755911233223,0.6891785343653916,0.32649602465849753,0.6477187484346448,0.3677077963752793,0.0698715814313747,0.052082060157824454,0.24114577865687173,0.0476662027651093,0.06698948492918351,0.11755266161457947,0.8303204123428497,0.04655577612312157,0.8241575243330717,0.07238970241199504,0.14727818851981672,0.04915302910808185,0.05396050669287719,0.09469765210917208,0.13822600822514272,0.505983381526343,0.046441659187609126,0.05062213383606331,0.2036219844468921,0.14971633090549524,0.050546006398789665,0.042714096842124884,0.06271338273340687,0.046431692872250484,0.034797257738364396,0.8371528820166765,0.14671512118994834,0.022606383913904897,0.04707330821069966,0.07872616779804258,0.06906305518265483,0.05190170666971046,0.0773782449891768,0.0366814999425603,0.05437580885955825,0.123102276491574
Azerbaijan,0.061023816128313736,0.10441354422278454,0.07681326438633443,1.0,0.043168604045216934,0.05253164203398619,0.08907617434174762,0.09610495855958466,0.07863521213787997,0.06189895763507534,0.09112096784430067,0.05859919825117564,0.1866426917771929,0.1963496725343044,0.07126027403083,0.08093684311757456,0.10786891849136353,0.01478958238043824,0.8937724103732925,0.12180910301620419,0.14824229310490888,0.5114179499297636,0.04337592903885618,0.8295006818519052,0.14400472855625732,0.05179752377411249,0.06263358712438684,0.2788824115567954,0.061254967711073825,0.04430685638948364,0.058665221927358686,0.12647439426043422,0.031624484155195386,0.08331214073428217,0.02911494577972076,0.08295850607654678,0.019456360153831957,0.37884412068074275,0.15295668621960032,0.05572879670237984,0.03185497695834425,0.7828167306481142,0.2943532192171169,0.6702521404003722,0.35604233945114144,0.11296631719324546,0.06819692242218282,0.3194216144550821,0.04820094951693094,0.037604238880906346,0.17273903143478034,0.8157901461144247,0.060165800885257366,0.934244203490553,0.024536279842914968,0.11097674975902373,0.053355264627996356,0.043599915849757094,0.1139401634658241,0.18691980689357932,0.5168726448144564,0.07574762732719154,0.06866522069371897,0.2957908632529119,0.10182846903686586,0.0614227340993361,0.0455346521939478,0.11487071212330437,0.06492843866558887,0.05565241014555211,0.9250383679169897,0.10405565447067981,0.072675888515441,0.037566838079034076,0.13407828395296872,0.08280939931644697,0.07960008059945481,0.14479601680980733,0.06809293186771882,0.04518027615009447,0.18179062818661837
Bangladesh,0.022332765859449027,0.07766704963190972,0.04588851550904071,0.043168604045216934,1.0,0.014991623646009108,0.04876108154281688,0.053325416604554254,0.0392425105242306,0.021936206886149345,0.11313080623629411,0.01902631360381363,0.14088064568004804,0.17359456804549397,0.02995924205170203,0.04063381298384984,0.06486737373248817,0.037971933806063944,0.8235826971499153,0.07767680518199328,0.11083682945583753,0.5010594865040157,0.035327106575675955,0.7549657939736635,0.11971440135636574,0.015617823148929446,0.043108978751347886,0.2261264175978401,0.02105758750658124,0.02003709310655577,0.017274799417051765,0.0801337827299605,0.012771415852453609,0.04174324566525805,0.018316099799542747,0.11551923487005612,0.03345932534649952,0.32509296230347234,0.1154884006593113,0.01884132701639941,0.011903128871310785,0.7178069585046822,0.3150005141018695,0.6613200577874168,0.36581838880625595,0.0703631258408848,0.029640803497708937,0.2652929283562254,0.024341282442757295,0.02260955038314331,0.12769229442600416,0.8212121463925279,0.018602746592859005,0.8674163168011866,0.03145453080310767,0.1316616468135034,0.015138240966267553,0.014111047640204327,0.07948564370329936,0.14595203632910825,0.5128343383817087,0.05301894712607348,0.028627967573063177,0.24576031991995514,0.13231418078353485,0.023277979186990802,0.023895448447339613,0.07175316743180082,0.024114867604248295,0.015632359900734392,0.878028467907386,0.12786651788226902,0.03476523685989447,0.015122932151440895,0.08892466150058616,0.050252288671702824,0.038377457434145376,0.10025293194853388,0.026334065446088215,0.015600918938968908,0.13516468807028773
Belarus,0.01618394648877151,0.06599266421275596,0.051437468163374966,0.05253164203398619,0.014991623646009108,1.0,0.03625779401683938,0.041513850164679504,0.026322252079202028,0.013192656126300613,0.12231987722893616,0.008707022984170481,0.13259924199023557,0.1577303125840141,0.019791208358411225,0.028444451148583388,0.05267427528013095,0.0435188587702835,0.8137266960553952,0.07279640126468465,0.09590339451723033,0.5058004604094053,0.04558919227382853,0.7425165307983472,0.11918568847350265,0.005995654358509232,0.05488300315295159,0.21389146975893425,0.01041812045081267,0.01577033331381683,0.010381917079447509,0.07469231712252763,0.02198469403722824,0.03134520698013538,0.022842372109597945,0.12375339182622645,0.03795810611446908,0.3090565804689348,0.1183768638123542,0.010583680634554612,0.020490890649875446,0.6963614053036309,0.32143182736884346,0.6640475644745183,0.372906457933945,0.058597589920696386,0.017569005980473663,0.25208183200131506,0.036602793503259484,0.021252863049984784,0.11423606788379097,0.810613358729938,0.009669992213591064,0.8550114931036207,0.034202412851297145,0.14114646952736004,0.007339974360401525,0.011808257173794065,0.0644064634556208,0.13222190556986804,0.5172356639187874,0.062372551136701294,0.016897481311463017,0.24181025851819835,0.1420652650223716,0.012064762823671913,0.03713828275101361,0.0672235108267722,0.01426377404410251,0.01929994311534567,0.8748376107461427,0.13711172301260766,0.03684229462620944,0.029017783850254705,0.07892432567114631,0.03657543398069297,0.02668158048878668,0.09366049959093935,0.0210186922049048,0.011675407511751217,0.12237056571385625
Belgium,0.027355936324283427,0.037538315705625235,0.059300335910247456,0.08907617434174762,0.04876108154281688,0.03625779401683938,1.0,0.010881002660273593,0.009605263913106073,0.02562527731743757,0.1501751429308996,0.028133531009354236,0.10604695113987653,0.13431322130121276,0.017911638756842357,0.007537780331275683,0.01731159881258447,0.07119661528921938,0.7596203073490807,0.05117406634319136,0.06174936871376365,0.5090256416830669,0.07478669701285333,0.6841101588395015,0.12837538816835334,0.033533186837647576,0.07444776939933624,0.17171615222904826,0.026063073641961775,0.040467924364500175,0.02966554979877478,0.05000211537079143,0.05245538366731109,0.00959862289440195,0.053211057549238834,0.1511334126568115,0.06545326126361391,0.25965150177141544,0.11545021769692207,0.030500500945526025,0.05210765805293788,0.6318345017817434,0.34015180966118697,0.665302490657617,0.38730649182163385,0.02199812381485045,0.018620105702073203,0.20687969064026945,0.0623071413604948,0.04947789029835267,0.07471551880554302,0.7992810378480825,0.028379982034144748,0.8004094686492809,0.06491374498118874,0.16771668009410734,0.03258320256748485,0.04042480466059416,0.03644791451197942,0.09233693217093274,0.5225970340780786,0.08030098318296608,0.018954077286990237,0.21199542745230382,0.16739675180769242,0.02484912665888098,0.06244918635339195,0.06143878867143389,0.02309029120684065,0.03839661347857226,0.8433667526259888,0.16436563026126672,0.0412561756469492,0.05841032294560261,0.04386497199030625,0.01860679931293619,0.01011936512350773,0.06252173580607726,0.026135465748718317,0.03898487331929838,0.08279544439026604
Bolivia,0.030566208139986624,0.04090827983119139,0.05952657129434585,0.09610495855958466,0.053325416604554254,0.041513850164679504,0.010881002660273593,1.0,0.01704166692460093,0.03127352518602273,0.15197540074152868,0.03325745900787634,0.09618931861286284,0.13604423785622108,0.022786553112424973,0.01485306026898252,0.012007201100995017,0.0777449167052292,0.748369631896893,0.04635759505159415,0.05996583267949985,0.5048836595790376,0.0760332388132394,0.6727477133015,0.12206956454102023,0.03917235101243185,0.07583697798588855,0.16374770595878876,0.030962594348860097,0.047353359503592624,0.034227276921421586,0.04236051048414328,0.05784079891394597,0.013863926152031329,0.05925849126702469,0.15587908024134106,0.07211325512299328,0.25425157006758453,0.10802676140840346,0.036071522386559224,0.05717699305361951,0.6261948043340494,0.34238993660121664,0.6628428620141619,0.3874713442924075,0.018408948049713433,0.02534365741883916,0.1996452293210918,0.0636040460034521,0.05497544597439973,0.07011080432677742,0.8079065120893836,0.03246854486251675,0.7906102915515536,0.0705977469707509,0.16963874881247112,0.037837012153557045,0.04661447670878781,0.03786686454737357,0.09138513762683328,0.5195867054959435,0.08013759850172547,0.02446206437433905,0.2037678018695629,0.17190280362640903,0.03094704093440231,0.06482486065141861,0.05349486813315346,0.02814161487921882,0.04243207962078317,0.8337305217397204,0.1666595383274612,0.0429775289345072,0.061622962387053726,0.03742804734774604,0.027798891095999933,0.015387164350242179,0.05833697727025645,0.03025027930670338,0.04541033955993298,0.07673647698338266
Brazil,0.01999585233714375,0.0444792956229949,0.05655190227180022,0.07863521213787997,0.0392425105242306,0.026322252079202028,0.009605263913106073,0.01704166692460093,1.0,0.017656534813297247,0.14288790435451454,0.019318323080815443,0.11237858833302432,0.138415505181786,0.01063569711273148,0.0037946527313043273,0.026606285583869977,0.06300977188722967,0.7749967382702972,0.05648387865035205,0.06945177034049702,0.5088111327540296,0.06698037295147427,0.7004156052101352,0.12578201045378526,0.024516149479346692,0.06929373224465522,0.18319149320416375,0.01723568615828213,0.031903434683802974,0.02148506451612046,0.056274330415659476,0.04401773174328851,0.009664584689904712,0.0445536302168696,0.14373160472562288,0.05719368084306025,0.2728825325900206,0.11606340969596794,0.0218717095510563,0.04341424500620173,0.649070809384501,0.33523246676408536,0.6657496167013162,0.3837241269686498,0.0318027590210574,0.009789724735273304,0.2191215296358352,0.05510354290842369,0.04055058747806026,0.08537840986624046,0.8018931041580071,0.019900578175617287,0.8158244487992423,0.056243272807607,0.1608297821311707,0.02378524795881459,0.031661938000162995,0.0415297557725531,0.10277957607008352,0.5217674944962096,0.07555556158875237,0.010125618110923131,0.22067884013175626,0.16062772305314105,0.015910322649035635,0.055521415863821796,0.06211889224289656,0.014868695940469127,0.031688491892611116,0.8530957872568701,0.15720997863930675,0.03837938120409029,0.050572491615982,0.053210454777935574,0.018129737618901843,0.005351371949850228,0.0708845853818844,0.020739326900721205,0.0302023385821791,0.09344556275007021
Bulgaria,0.009021262790893122,0.05868643526456306,0.04535758067278311,0.06189895763507534,0.021936206886149345,0.013192656126300613,0.02562527731743757,0.03127352518602273,0.017656534813297247,1.0,0.13078944869319606,0.0056612462977943,0.1255070835756443,0.15495845166237973,0.009112444775569006,0.018886046294567697,0.04299527788794898,0.05037551000020193,0.7947361972369006,0.062041123648839784,0.08850105849063933,0.5058918276662762,0.054079541568887377,0.7225840331309008,0.12450528897417591,0.010818361872357416,0.05486529814930344,0.20116165638042421,0.0049979882223091885,0.02004952501952028,0.005324547179010294,0.06369421957057511,0.028439695277108677,0.020543563067262897,0.030652355009301996,0.13132227345884032,0.04476336501834357,0.29464807712603547,0.1149332198047996,0.008443630585799021,0.02842464571433208,0.6775914313985525,0.32649323516498535,0.6634888916501405,0.37597133226427243,0.0478912799946147,0.0087246928474828,0.23836139214624527,0.04120626015527714,0.030382062863012205,0.10327610947183719,0.808659392957377,0.007046977206132374,0.8373099497660279,0.044560134066383,0.14868405324251402,0.009027432114665137,0.017620289551727546,0.058829440273320245,0.1203882934587673,0.5183168655285173,0.06381546718568261,0.008497586747558968,0.2290218636467055,0.1475494865327438,0.005358951744755342,0.04018734225732039,0.06527408139573464,0.003786023949437984,0.015425907041854642,0.8633629986446165,0.14508104414893758,0.028064642366946987,0.034816386244431306,0.06745943347187629,0.029834808244191952,0.017103291603959573,0.08047133805210746,0.010000269447504262,0.01661684937073715,0.11118365733864986
Cambodia,0.1304779776423725,0.17615548861808766,0.13321584239294523,0.09112096784430067,0.11313080623629411,0.12231987722893616,0.1501751429308996,0.15197540074152868,0.14288790435451454,0.13078944869319606,1.0,0.15553574780261983,0.27409312460953544,0.30227489530410945,0.16908562893631301,0.18114915422703728,0.20908576848274385,0.11707758918638454,0.9942056982844417,0.2161761221605905,0.2568677769304691,0.47223923706441345,0.09894807252790268,0.9602588627758066,0.16296111252766224,0.14940875183204613,0.12694976568815328,0.3960403460132047,0.15801161085086576,0.14572639565507675,0.154357347904454,0.2194570525962453,0.12824318169935175,0.18287165886506182,0.12879399035585187,0.06193661309542163,0.1224017759490585,0.5190631664141347,0.2022781917637407,0.1541820517236967,0.12727966955302625,0.9614597829709006,0.24649642771506117,0.6477820578139154,0.3125098084282746,0.21643168410586794,0.16789524274040868,0.44522738370425896,0.12053956369378784,0.1344751262424665,0.28371509146656243,0.8786898080282353,0.15510887372757703,1.0369051826851756,0.11698858212165891,0.04565852261644501,0.1504592517642787,0.14284850882819233,0.21851816137122695,0.30680198739635295,0.47494111112541143,0.12836036319625893,0.16683709228584576,0.39137074273331995,0.07909919838725028,0.1603338622945427,0.12242630556467483,0.185111408743906,0.1623005088955342,0.14888293170871195,0.9470672887013734,0.03334177212219882,0.163685487603775,0.12055179196638936,0.23664652512593484,0.18789936685974082,0.17853426046744705,0.24800819498424606,0.16409613598882788,0.1450250543290457,0.29194766643998316
Cameroon,0.011103336496244896,0.06120837417742191,0.04870797527052562,0.05859919825117564,0.01902631360381363,0.008707022984170481,0.028133531009354236,0.03325745900787634,0.019318323080815443,0.0056612462977943,0.15553574780261983,1.0,0.12627899952268395,0.1547409881539755,0.012044215255949727,0.021401481186404028,0.04587589550955326,0.04761163350839049,0.8008210336293032,0.06592706731299812,0.08984655491884147,0.5057518663541833,0.050685234863606834,0.7289686242674948,0.12260799584354742,0.006804978060347389,0.05550230589827615,0.20509241763980302,0.0026774958105651213,0.017323295114432695,0.004991759221358355,0.06728864994126325,0.025950709543163423,0.0234374678656703,0.027664478406478923,0.1289538270637504,0.04195832138032733,0.2994157565433272,0.11554757446879531,0.00598369302006512,0.02525994676894323,0.6840038720901408,0.3248659653591832,0.6642771779941675,0.3749698426110538,0.05107059459432953,0.010451159031915994,0.24267285483218037,0.03887716510681695,0.025810974775402222,0.10692569825470727,0.811000593698883,0.0037752163788332756,0.8432084421570111,0.041100176877655305,0.14623960542793737,0.004991215540958983,0.014580889423393605,0.05979186486859998,0.12439963608315836,0.5179717407505755,0.0637880262441018,0.00971043571656612,0.23354778614372684,0.1458150411911284,0.0046512554906123224,0.03896167408299439,0.0657631515238419,0.006292448253185738,0.01697735840049214,0.8673793135391668,0.1423824263542349,0.03196580872980832,0.03263371114247744,0.07088766021855598,0.03162284557857593,0.019731910092350743,0.08501515283205585,0.014914210652025254,0.013726984012295176,0.11467021913800739
Canada,0.12068533180702191,0.11236157083866992,0.13369867429505156,0.1866426917771929,0.14088064568004804,0.13259924199023557,0.10604695113987653,0.09618931861286284,0.11237858833302432,0.1255070835756443,0.27409312460953544,0.12627899952268395,1.0,0.15934508013776688,0.10511154836238015,0.10136832928146701,0.0880144601267583,0.14811915968277348,0.6459689250066384,0.09413210239792309,0.08914252485935292,0.4888111421859457,0.13113046140546605,0.5690224760855653,0.1370764123636583,0.11712478248773461,0.13519029181916856,0.10937057348180901,0.11040825429966344,0.12436012361968912,0.11265346312862361,0.07533574240291581,0.13068374901266913,0.09790321851455891,0.1331254152137855,0.21327565995247605,0.1436778346978157,0.2121527363757818,0.10404248246618981,0.11451326823183659,0.1291915462522642,0.5658704814272614,0.3726853036075892,0.6567802402476399,0.4053091606121721,0.08657476971915926,0.10848509805819963,0.14527446468690566,0.12264183790478118,0.12618994547119278,0.08954720269839568,0.8699295385908286,0.11011645145708522,0.7055202662996568,0.14282038906262293,0.21403069878583267,0.1153855710759761,0.12334389538030574,0.09932040540989322,0.11662986072056061,0.5099704407121745,0.13340659448603268,0.1066196271639159,0.15937712673080423,0.22497172282738512,0.11173123478292789,0.12834133415472193,0.08538631227058581,0.10909115442355322,0.11796016657510805,0.7563964675405206,0.21158355680931998,0.11357178861645675,0.1285492013901144,0.07273861004459807,0.11108730686168665,0.1013081385885743,0.08884238429756658,0.1106668271892044,0.1228067060939608,0.07752948392622243
Chile,0.15931776738998882,0.10898003452017828,0.19615343520581668,0.1963496725343044,0.17359456804549397,0.1577303125840141,0.13431322130121276,0.13604423785622108,0.138415505181786,0.15495845166237973,0.30227489530410945,0.1547409881539755,0.15934508013776688,1.0,0.1329361310312639,0.1257479148811495,0.12177345386997462,0.1506544668177866,0.7605049989974954,0.15869977636510038,0.08251139669311582,0.5676633982588712,0.16750689166868785,0.6769447871878099,0.20345227100945024,0.13620488819770532,0.18392282146648234,0.1915556714026955,0.13494762285486914,0.1347145647935643,0.1392736154567915,0.15279633383349353,0.14886684392879737,0.12866103024795877,0.14456833454062426,0.2166163275194738,0.14654938871979303,0.23532302026390456,0.21375915649898974,0.1353623869518842,0.14765917027088318,0.5569310112460919,0.38699575327303,0.7125786026924341,0.4466396749404065,0.12075804471219934,0.12930656445529198,0.21338879298626717,0.16484505446099815,0.1367479475357339,0.12060198898463592,0.7424082632557357,0.13738858056227993,0.7787496949019805,0.14669505006068242,0.2429189075691783,0.1373213400879257,0.13877804173505004,0.09026663484084424,0.11865387900674257,0.575781334555813,0.1897660320671216,0.13079888975594717,0.28300991492041605,0.2367234201003533,0.13262160553935942,0.16788987946302716,0.15992028337690503,0.13494141306917828,0.14941062541628444,0.8747505520393258,0.2351409565606338,0.15444410366402742,0.16041793415562272,0.13050705858531797,0.11337317655153192,0.12821709048118854,0.15449744798398307,0.141176181334919,0.13738996783760737,0.12747471480326442
China,0.010000429457220439,0.053109661476468464,0.047216545929220796,0.07126027403083,0.02995924205170203,0.019791208358411225,0.017911638756842357,0.022786553112424973,0.01063569711273148,0.009112444775569006,0.16908562893631301,0.012044215255949727,0.10511154836238015,0.1329361310312639,1.0,0.010768401347711912,0.03390453479001542,0.05800986693246627,0.7810253947598915,0.05559566400613142,0.08011717487613865,0.5051324267487215,0.059396832771027946,0.7079329024079938,0.12324842079180387,0.018127001624749117,0.05961132563092576,0.19026336768581611,0.009562444579809917,0.027266591467009913,0.012396562935914266,0.05596265309861657,0.03664032272863253,0.01172295584389862,0.038675047238035234,0.13830029227368315,0.05238595744044452,0.2831721289073794,0.11129719248887174,0.01522811588731999,0.03634023513365951,0.6632582393873914,0.3309339002427899,0.6630353812328654,0.378982807396351,0.038847377673044484,0.006547461071364666,0.22709852731945712,0.046154577274651984,0.03649726473555653,0.09385978064829044,0.8092247281631967,0.011525486082166792,0.8238868113054665,0.05191157151671918,0.15437646663743934,0.016504464325743175,0.02557015027729089,0.052219320131574015,0.11198763996576948,0.5183860004039779,0.0669409766489463,0.004620472976729917,0.22091381917307998,0.15429198004174122,0.009773860755066513,0.04604560960286498,0.06011490733523094,0.005942751108379216,0.02181650421258876,0.8546077357220264,0.15102608161862655,0.02973447812903295,0.041680056430681255,0.05816666326002483,0.026225301733965565,0.008489134623450032,0.07278579515935818,0.0115651902054835,0.024499038707682573,0.10130011953510806
Colombia,0.019914002288112746,0.04385597300014174,0.0546636755426959,0.08093684311757456,0.04063381298384984,0.028444451148583388,0.007537780331275683,0.01485306026898252,0.0037946527313043273,0.018886046294567697,0.18114915422703728,0.021401481186404028,0.10136832928146701,0.1257479148811495,0.010768401347711912,1.0,0.0242233012464237,0.06501992847536611,0.7699561327199029,0.05335144070600134,0.06898513216995043,0.5078377029832508,0.06815457141769045,0.6953609187496285,0.12597699689459807,0.026369752777812432,0.06872266222495578,0.18007751093190014,0.01865482283788591,0.0339989830046996,0.022308227457594015,0.052842922720256987,0.04550937001585985,0.00655183821617162,0.04651397393326248,0.14539211346947334,0.05926672210590907,0.2699683048458225,0.11412195234320345,0.02336438043986937,0.045113025264488994,0.6455649119291131,0.33615455533682326,0.6648152382180726,0.3839149244396569,0.029226708329182144,0.01143593250047454,0.21594288563936992,0.055628071091625444,0.04304856328297201,0.0830423351484348,0.8029390075099261,0.021041846397485575,0.8113716339430257,0.05864593024583626,0.16198406946749438,0.02535404040522424,0.03355065619938383,0.04199553450503778,0.10077273571057078,0.5211604129737767,0.07506741576296937,0.011566139377757122,0.21679462939956665,0.16177605647571988,0.01755235064377685,0.05581249917883183,0.06077049002781875,0.015639645964194815,0.03167535573816923,0.8492785162112507,0.15855691306206118,0.03664470004378371,0.051432965265625456,0.050171880556825754,0.019463752444547844,0.003270049782863797,0.06738331444285812,0.01992392247249852,0.03213578320034047,0.09091699508555277
Costa Rica,0.04121015944865179,0.03401547521119686,0.06645231363734448,0.10786891849136353,0.06486737373248817,0.05267427528013095,0.01731159881258447,0.012007201100995017,0.026606285583869977,0.04299527788794898,0.20908576848274385,0.04587589550955326,0.0880144601267583,0.12177345386997462,0.03390453479001542,0.0242233012464237,1.0,0.08635053899013345,0.7334394484275033,0.04421998850781723,0.05231039703309606,0.5063424785014841,0.08580497726892525,0.6566993992856851,0.12778583901055462,0.04873465646481358,0.0834942764464502,0.15216685023903748,0.04079059398390918,0.05625411819571513,0.043805236734709284,0.03997772062162702,0.06713176239502529,0.0224341462469699,0.06838292860570021,0.16354727033223296,0.08076474290469737,0.23928573770245984,0.110725698190003,0.04570249482413359,0.06670382129920698,0.6063090259251047,0.34786959253396926,0.662833521219039,0.3917680774293549,0.008686396294795645,0.034484311960608104,0.18663979164946032,0.0731657854935561,0.06442221776572597,0.057930379762750644,0.8006636425323143,0.042431264045723865,0.774560820132374,0.07938645110499325,0.17749643692767622,0.04756664794854054,0.055835846980890086,0.03490544510291093,0.07915023704769386,0.5213779816044996,0.08705202143580815,0.03406582936655446,0.19700019293823862,0.17948019647452362,0.04033453102464722,0.07394236148616773,0.057134556905953225,0.03770101410322289,0.051271160981449314,0.8246477058572783,0.17478920315814278,0.050090554972707715,0.07113354505737507,0.028906539878376377,0.03173803440338312,0.024587376589963947,0.05118939687508188,0.0386893625012035,0.0545423014630454,0.06515484701522412
Croatia,0.055929074399629256,0.09523039113792643,0.07616579979125125,0.01478958238043824,0.037971933806063944,0.0435188587702835,0.07119661528921938,0.0777449167052292,0.06300977188722967,0.05037551000020193,0.11707758918638454,0.04761163350839049,0.14811915968277348,0.1506544668177866,0.05800986693246627,0.06501992847536611,0.08635053899013345,1.0,0.879202618179984,0.11447961979087773,0.13466522642373627,0.5169441534651124,0.04946025652565332,0.8121545916551802,0.14842274899372956,0.0438186171415806,0.06588854024883548,0.2656479072405855,0.053312689545478804,0.0342280528966281,0.05159683816242425,0.118694869035387,0.026687399066341506,0.07371291936964282,0.02206408214150788,0.093229979336913,0.006488491652338241,0.36195008721087013,0.15284246436522653,0.04712091265261767,0.02717232562601793,0.7598729621126412,0.3015333474845267,0.6748470900585648,0.36323050013238,0.10209903090590203,0.05886964092630683,0.3048313964328432,0.04972453508731762,0.028972866535916977,0.16049632172298803,0.8084668667450731,0.05297513762653667,0.9195917114339365,0.023712363835627418,0.12303379109885691,0.04559205437899621,0.03527259969438162,0.10167640033434545,0.17276107640571176,0.5227424581092198,0.08014109391499857,0.059904869552321896,0.28755092076313915,0.11055338961371808,0.05260177103410427,0.04694351665530237,0.11234406266677402,0.056794209872489364,0.050392124361828765,0.9209874307212746,0.11595517644275657,0.06732768811971628,0.03831224011142749,0.12335556177701361,0.07107315023997053,0.0704745026446011,0.13472850647055087,0.061049049480444505,0.036471702999015025,0.16954131350876644
Czech Republic,0.7880685499297096,0.7332225327292875,0.7736154876665324,0.8937724103732925,0.8235826971499153,0.8137266960553952,0.7596203073490807,0.748369631896893,0.7749967382702972,0.7947361972369006,0.9942056982844417,0.8008210336293032,0.6459689250066384,0.7605049989974954,0.7810253947598915,0.7699561327199029,0.7334394484275033,0.879202618179984,1.0,0.4855967359537585,0.5074789367374346,0.45321690035566314,0.4961053019891963,0.09024758682079588,0.461229543059864,0.5070781567135859,0.49777234071257864,0.4449971971828748,0.5037430595275764,0.5133747626710465,0.5033808445308973,0.47993847101762255,0.5105963938812536,0.5009858608715667,0.5134365111752912,0.5251538892515779,0.5209137534151658,0.4648759290333515,0.45252388993312953,0.5071451890991745,0.5094286060664218,0.4328539630405935,0.5289318953494746,0.6095708024800873,0.5130856246216374,0.49746464601468315,0.5053972305036102,0.4415710238983949,0.4968348692383787,0.5119542443439308,0.49058196990223185,0.9080245850681372,0.5022822683824892,0.19827236100907916,0.5139332418545439,0.5021580680380954,0.5060582845905568,0.5103883937964422,0.5096594476296098,0.5109777103593562,0.4377638345000062,0.48769644815014324,0.5033892971424576,0.4258820248908626,0.5330769550054927,0.5060084378783237,0.5008778578761095,0.4693608159154664,0.5033817433398937,0.5035176561749133,0.2843408881966704,0.5055725786167328,0.5012620804065979,0.5029858536353375,0.48847744910736385,0.5130303759961999,0.5013040208636509,0.4886790581159039,0.5020244048527193,0.5107290623958028,0.48287379213506026
Denmark,0.05696588226733932,0.06755292262523521,0.056116231926275274,0.12180910301620419,0.07767680518199328,0.07279640126468465,0.05117406634319136,0.04635759505159415,0.05648387865035205,0.062041123648839784,0.2161761221605905,0.06592706731299812,0.09413210239792309,0.15869977636510038,0.05559566400613142,0.05335144070600134,0.04421998850781723,0.11447961979087773,0.4855967359537585,1.0,0.08882175077232764,0.49217527030405933,0.09380773002944469,0.6347523870396481,0.12919742981014562,0.06765740131707709,0.07480253051838855,0.1503900890972521,0.06020387685343694,0.07620840275645177,0.059942366167424224,0.027958699887364342,0.0798444653047315,0.04794166190533144,0.08407650886028604,0.16984298966590036,0.09687330374945599,0.24397045389758373,0.08631475285756098,0.0644114430279897,0.08029827551389518,0.6117609141819227,0.3480916733520981,0.6511099558361065,0.38232889286504385,0.0447605887005648,0.05816711189448138,0.18484877927574045,0.0752614553395262,0.08403003493214946,0.07498591916119125,0.8101987224109308,0.060146221102586675,0.7576857904864239,0.097039551255696,0.1763500969403405,0.065338420733984,0.07325555762332417,0.07773699186074208,0.09361320395605245,0.5096965139701874,0.07654939910944983,0.05685026776556065,0.1677007077109888,0.1809419255581455,0.06113522788060033,0.07378742134681428,0.060157249526733146,0.05690165339226467,0.05949924404484776,0.7962146238061372,0.17723447294852718,0.05096997251409422,0.07701414344306713,0.04293948931058779,0.06668559045838326,0.05085403838933171,0.03377526455807872,0.05210259569708197,0.07266817934307532,0.07770059305230884
Ecuador,0.08994636145367478,0.04140615313633666,0.12039883611894231,0.14824229310490888,0.11083682945583753,0.09590339451723033,0.06174936871376365,0.05996583267949985,0.06945177034049702,0.08850105849063933,0.2568677769304691,0.08984655491884147,0.08914252485935292,0.08251139669311582,0.08011717487613865,0.06898513216995043,0.05231039703309606,0.13466522642373627,0.5074789367374346,0.08882175077232764,1.0,0.5231990544396796,0.12015732913157863,0.6272786654366115,0.15488061635268602,0.08399417126489886,0.12588560013060054,0.13298581774835008,0.07866292958457975,0.08736147952969421,0.08294016603283103,0.07620805538670596,0.10136395561299248,0.06406616945503388,0.100074953649843,0.19006937152364975,0.10816002328359611,0.2039154270524762,0.14419469618531103,0.08141782900722404,0.1004330463597335,0.5526631514209382,0.3672209807350439,0.6784896342638782,0.41413450881485236,0.04650613885711786,0.07180881273135059,0.16214768235741933,0.11102019558335002,0.092801637962574,0.04809601578309448,0.7869015000587387,0.08089851434245758,0.7421514733616571,0.10863934176447264,0.2077604399437409,0.08378538262988405,0.08949156730103684,0.031807830899106444,0.05951224118148289,0.5374980308377318,0.1301037654067972,0.07247765027941645,0.2091962172126397,0.2065405141395145,0.07703439940359459,0.11329677508399581,0.0936461633306358,0.07702643206168676,0.09228479232431212,0.8197995021464223,0.20323965840355732,0.09275428256503855,0.10882814604045384,0.05112376545250557,0.058293819862856686,0.06592589259388767,0.0770841786841959,0.08130206921223587,0.08799703784545196,0.053461764732063835
"Egypt, Arab Rep.",0.5012684542989183,0.5230407526184176,0.49003949420629517,0.5114179499297636,0.5010594865040157,0.5058004604094053,0.5090256416830669,0.5048836595790376,0.5088111327540296,0.5058918276662762,0.47223923706441345,0.5057518663541833,0.4888111421859457,0.5676633982588712,0.5051324267487215,0.5078377029832508,0.5063424785014841,0.5169441534651124,0.45321690035566314,0.49217527030405933,0.5231990544396796,1.0,0.7189348725486893,0.7430962321044161,0.7025764973334699,0.7942588513631308,0.7567892348217622,1.0118888598328115,0.8038138645226587,0.792377081216204,0.7996423588256569,0.8657367017062405,0.7694366235030048,0.835084723385148,0.7696006620485714,0.6196676845309136,0.7616060800580757,1.1309401070545735,0.7770167837265439,0.8019980892509554,0.7669608060015644,1.1478474301764279,0.3943795439323896,0.5382718184506552,0.32953993240739626,0.8739727909794424,0.817331724437936,1.0478993744401224,0.7503891792715518,0.7740717354159247,0.9453953946747923,0.877757121233803,0.7992246849141482,0.7256003268793617,0.7471903789352146,0.5668573426095117,0.7958995777482257,0.7876162527063364,0.8732857839501763,0.9920036088032829,0.19311360093918348,0.7411119040775621,0.8146801061078428,0.9641629863502746,0.6197065557081708,0.8082237371952559,0.7572427682366427,0.7963138904400244,0.8096893636964796,0.794430679635458,0.559053862371729,0.5704542529568579,0.8147991739728707,0.7557511905337618,0.893576245176781,0.8446251557822202,0.8282534132642099,0.9117285175007527,0.8124149622187011,0.7905045002879433,0.9491693704742621
El Salvador,0.052356849111319013,0.10643201304691817,0.06336716021633335,0.04337592903885618,0.035327106575675955,0.04558919227382853,0.07478669701285333,0.0760332388132394,0.06698037295147427,0.054079541568887377,0.09894807252790268,0.050685234863606834,0.13113046140546605,0.16750689166868785,0.059396832771027946,0.06815457141769045,0.08580497726892525,0.04946025652565332,0.4961053019891963,0.09380773002944469,0.12015732913157863,0.7189348725486893,1.0,0.7964699511030531,0.10741951946187842,0.05069766687688458,0.047776060260018134,0.2605139404073509,0.0557963419293227,0.052451118199830234,0.05269952340054761,0.10724696181080617,0.038631989604300504,0.0758083222825827,0.042272184269841355,0.10114132265388004,0.04884958663700817,0.36917019598355555,0.11644540168391715,0.054416533679843664,0.036579243943513876,0.7768365491770219,0.3006731585596422,0.654928224211201,0.3518704063945423,0.10441469780141976,0.06490671426507458,0.3029685573031584,0.026068220202871552,0.044911369603662855,0.16334367476853245,0.850751639698741,0.05265449240019402,0.9043532265892572,0.041553430647019225,0.10869983552719417,0.05075776647803215,0.04809320658259052,0.11168661758382423,0.18619430625098246,0.5001643136567236,0.050854550179466475,0.06314513533670271,0.27073198370137413,0.11957500395549801,0.05883078756152182,0.03289377002895975,0.08313668008803336,0.0593109461204971,0.04980424185414694,0.8898386972382518,0.10423123960153816,0.06407472502139731,0.028110342770359193,0.12104304129194629,0.08559237014734888,0.0725085302197875,0.13324291952007794,0.06117821362932634,0.049963000911145056,0.16952217241387715
Estonia,0.716313936035147,0.6542043178230612,0.705211807557723,0.8295006818519052,0.7549657939736635,0.7425165307983472,0.6841101588395015,0.6727477133015,0.7004156052101352,0.7225840331309008,0.9602588627758066,0.7289686242674948,0.5690224760855653,0.6769447871878099,0.7079329024079938,0.6953609187496285,0.6566993992856851,0.8121545916551802,0.09024758682079588,0.6347523870396481,0.6272786654366115,0.7430962321044161,0.7964699511030531,1.0,0.4084738213783054,0.44756779026089955,0.4409091539202702,0.3678568293762584,0.44351331008686656,0.4540868871784431,0.4434237897561468,0.4148923246490274,0.45287296467831895,0.4385199246929267,0.4557852994143922,0.4795473624893699,0.46398834154186375,0.38062607300971607,0.39449925723616,0.4470596354205123,0.45186797574185134,0.357794006557683,0.5107948815531936,0.614833651443752,0.5009657357347649,0.4322785291444991,0.44426570782127406,0.3616382051012791,0.4402895396459279,0.45400521726115217,0.42043684807594645,0.8821667265037961,0.4423454443544303,0.21193501445775556,0.4580056781710306,0.45977764649066516,0.44640110841031155,0.4514044147674709,0.44489710834023266,0.43844238440764083,0.452769666334065,0.43207248375912194,0.4424076800006832,0.35290180944649874,0.48774108573140007,0.4455161433994945,0.4439249058827485,0.40921434006467505,0.4427310635466234,0.44392364663500594,0.33533921146614143,0.46284703777275954,0.44009498138642245,0.44613259727144744,0.4216705941638543,0.45013851169904856,0.43934984161894686,0.4208582467474551,0.4411390655420014,0.4515524248952798,0.4121453391374185
