Country Name,Albania,Angola,Australia,Azerbaijan,Bangladesh,Belarus,Belgium,Bolivia,Brazil,Bulgaria,Cambodia,Cameroon,Canada,Chile,China,Colombia,Costa Rica,Croatia,Czech Republic,Denmark,Ecuador,"Egypt, Arab Rep.",El Salvador,Estonia,Finland,France,Georgia,Germany,Ghana,Guatemala,Honduras,Hungary,India,Indonesia,Israel,Italy,Jamaica,Japan,Jordan,Kazakhstan,Kenya,"Korea, Rep.",Kyrgyz Republic,Latvia,Lithuania,Malaysia,Mexico,Mongolia,Morocco,Nepal,Netherlands,New Zealand,Nigeria,North Macedonia,Norway,Oman,Pakistan,Panama,Paraguay,Peru,Philippines,Poland,Portugal,Romania,Russian Federation,Saudi Arabia,Senegal,Slovak Republic,South Africa,Spain,Sri Lanka,Sweden,Switzerland,Tanzania,Thailand,Tunisia,Turkey,Ukraine,United Kingdom,United States,Uruguay
Albania,1.0,0.00540862884082573,0.014120272663732069,0.01557288083623189,0.010448440657951644,0.0030937358992503697,0.0029134460158359646,0.008642930910959539,0.00349101652380378,0.008723326705340538,0.017283933243847756,0.008648062575163498,0.01576909981883326,0.015514278571411157,0.0037510358900330366,0.004597192057302182,0.016573930737346584,0.016316758664481186,0.021099370513766657,0.009791274652759719,0.015749843227804115,0.020561598685158895,0.004119656683320578,0.021747942393558716,0.012968639786705418,0.00929985595946602,0.013368985235740377,0.015455817761324478,0.007494855084430708,0.014570167349397558,0.007603267417636624,0.009212207222895093,0.015519784206526846,0.006616362126369514,0.012589759336596569,0.015234599797379195,0.01605115176264201,0.05658674702819348,0.038346325425693675,0.018802215971651385,0.015466675799775398,0.01757135953713053,0.019637668739206988,0.020374770719119667,0.019528957725084607,0.006222487598427608,0.007616675021338435,0.013219854492910584,0.009089179474510406,0.016455611282560127,0.03636316759699402,0.01900656765477969,0.006043025088931757,0.021482169290604158,0.0055694175926287275,0.019979994896439392,0.017416072216857034,0.012074139526693194,0.01272138022084907,0.010518943180161286,0.019872925118722434,0.02284686055341949,0.00615557330773416,0.019271041190953138,0.01830278028806525,0.008705351797869998,0.013921822808550205,0.023546689593203253,0.007216366409180692,0.010375229300892306,0.02040892094569309,0.010578624534803517,0.019592045270527863,0.011953314527387297,0.005221873850531342,0.011806335597978595,0.002526376152667396,0.016668922394115274,0.006944320464468257,0.011647821765708478,0.014066690097701848
Angola,0.00540862884082573,1.0,0.015271338273756393,0.01601054173916945,0.011420903957791233,0.005277869471661095,0.003274948613112412,0.008876940256390783,0.004152292926083125,0.00961010259681585,0.01784189530040576,0.00942919522487056,0.015614147445823671,0.01458017939394648,0.005793492210861166,0.0053280506021354465,0.016296727885993602,0.016625099589335977,0.0215923693792687,0.010872617719752613,0.015441732450962045,0.020572802669100502,0.008267064717480177,0.02227721759260229,0.014021284565342244,0.010011013298818608,0.014730150678462567,0.01517699726200586,0.008406515733057063,0.01489297541890197,0.008775072673741368,0.010486723706503465,0.015944510451299198,0.007321417586222581,0.013137544889409644,0.016020565259665893,0.016354515426964786,0.053837087030406267,0.04133544781712221,0.01899395414969478,0.015864803686187083,0.015491953164574334,0.019937049248902165,0.020669485293139063,0.020192151005767548,0.005718847639264282,0.008255670625960011,0.010838807481841716,0.010839291430635332,0.016659620889660342,0.035096817631917916,0.01871317939993629,0.007352326155404399,0.022158437820703817,0.0070778493363183636,0.02389035101645888,0.017658233635001887,0.012596214453719804,0.012359042046299323,0.009530347441711993,0.020383904142775695,0.022757330249698088,0.0070342421462794335,0.019616357795894632,0.018749960209721375,0.009378555820782657,0.01474603088423789,0.02357851669704273,0.00821647125739801,0.01148578424481865,0.02059021972201862,0.013430458758490447,0.01980494023417097,0.012930896976403277,0.005285587308672441,0.011845064111435585,0.004129524073274513,0.016963908848042365,0.008564659485654859,0.01217468602996905,0.012170863028096269
Australia,0.014120272663732069,0.015271338273756393,1.0,0.004066358323377174,0.004782708351567424,0.012240938080122037,0.013849849081142838,0.007184100537385685,0.01254788565024933,0.006171450017129255,0.004946760636340118,0.006630694567456124,0.00690701749555267,0.008050240067000206,0.01775349099151769,0.010758814935394564,0.03038321896249732,0.004557155426143661,0.008111938276066877,0.006089991510169879,0.00580941208781762,0.007598148191965601,0.01451162334267713,0.00903575202886357,0.010492415898767328,0.0061725836792215815,0.002208335698177544,0.00542825270362924,0.0076316556172587235,0.0039038146994855557,0.0071352493610037735,0.005821106080357956,0.0037719260256875377,0.00858412830532378,0.0041317238583469485,0.004263530252414149,0.0044444246606471826,0.06645179798869404,0.047635556448218964,0.006046095748729827,0.003923469563518174,0.010246417375357966,0.006731110307654307,0.00716894360003316,0.006787972126808923,0.019315224811585967,0.007678978704654632,0.017577011036991504,0.006251314816883099,0.004922527751326029,0.04933988022534406,0.007564725607800212,0.00889540921613777,0.008481382741421854,0.010670537221148408,0.028543875346255465,0.005013606067801799,0.004296598712976873,0.005856309604360524,0.007554770059406583,0.007101033165024552,0.00986530290412261,0.00902915632281768,0.005998245837758314,0.005526356280317602,0.006663715397755132,0.00310251886154476,0.010383944850397939,0.007684098393454223,0.004289741931535734,0.007374665696911034,0.009304653814418622,0.0065561522898953855,0.0038332477968431866,0.01201465292384918,0.004973745289645692,0.01292283199153877,0.004147310942055384,0.0072520723939545305,0.004553716472437274,0.025899778191257272
Azerbaijan,0.01557288083623189,0.01601054173916945,0.004066358323377174,1.0,0.005134930385200064,0.013096378439250166,0.014754072729229272,0.007519527005876246,0.013298547695901547,0.006880323157089982,0.0019938505057127006,0.0070148926252028496,0.004495955090913822,0.0053653184961671,0.018976003877290423,0.011554202820525335,0.031636637599376544,0.0008349102690006986,0.005758088122773954,0.007627400087771311,0.002842930268639509,0.005279831003553889,0.015571272565021237,0.006592366240841305,0.010763583676027718,0.006359895790414586,0.004019986245798726,0.0045048220774306725,0.008193914784398248,0.0012052779062604359,0.007981282175142167,0.007748822597396335,0.0005496675456034971,0.009303418009651601,0.003020957805785606,0.0018863888899812936,0.0006438788207625,0.06766989163230665,0.049664735435843474,0.0034401711708183583,0.0005451830983565914,0.009577019469362942,0.004092470880412501,0.005117704294225702,0.004353121116693236,0.02043666844478888,0.008161203518741434,0.018538469967500262,0.006927930307444343,0.0012935635467599506,0.05079111001838264,0.004681462188448158,0.009652690896966423,0.006198173132128407,0.011139185139905049,0.029640615991814823,0.0021251501240755156,0.0035451445630552943,0.0044585245857749695,0.007611714609862343,0.0045226313101798575,0.007446104855338909,0.009676247910161664,0.004470451045529298,0.002821731125583852,0.006992085710150049,0.0021262075041739107,0.008052580035247687,0.008430303857325011,0.00536082561897812,0.004946969902365619,0.009610691570632395,0.004239661557750216,0.003763703037526044,0.013107131978097479,0.004246896089305806,0.013936260730038936,0.0023621333929735285,0.008828458929352917,0.003983844460713856,0.02703546330226947
Bangladesh,0.010448440657951644,0.011420903957791233,0.004782708351567424,0.005134930385200064,1.0,0.008057448764083186,0.009807489417974045,0.0030741649343169397,0.008356303946329743,0.001872210974814222,0.00686192972200274,0.0020745264255650243,0.006464039744830626,0.006831609280144402,0.013894728713278695,0.006602122538545672,0.026645098658427537,0.005893396989236903,0.010728013804130397,0.004100523670110465,0.005854911200288487,0.010232210694676676,0.010640108983662123,0.011450145859573572,0.00883678632833392,0.0015160848094738452,0.003923898779753377,0.006269455569046893,0.0031964443728985975,0.004191161614011848,0.002888412284864423,0.00379616513288451,0.005101085821787828,0.004397193561367491,0.0022193850126599026,0.00501026082275295,0.005633361209749659,0.06393018982083878,0.045533271717859446,0.008420337992789377,0.005046928538915505,0.010631806570429666,0.00920115041724629,0.010029312162736947,0.00917858703430668,0.015513667948435277,0.0032659917615316812,0.015394542078774519,0.0022517793246211956,0.0060730332534400765,0.0460232466713909,0.009034680319791662,0.0045945787759372,0.011108351190232499,0.006347376720125634,0.02572642860150282,0.007033209505517963,0.0017566822326473613,0.003751473350171181,0.004855307637587669,0.009480410798535753,0.01248787777360274,0.004702596433623643,0.009050804317757111,0.007872004337632547,0.002125738543924377,0.0035928281339152575,0.013145291763592033,0.0033944116849110584,0.0010436433081316347,0.01000461737795819,0.006595880900267208,0.00921748574850869,0.0016352950790624798,0.008444391683456117,0.0022750164918731598,0.008911750484345046,0.006463603351120078,0.0038411066189481475,0.001417209165519116,0.022465809237205935
Belarus,0.0030937358992503697,0.005277869471661095,0.012240938080122037,0.013096378439250166,0.008057448764083186,1.0,0.0026453032527427715,0.006217574991784736,0.001651559545847478,0.00636519617786077,0.014830196005307451,0.006147634511632942,0.01325750220659075,0.012810189764650612,0.006012920047754441,0.0022845836910015704,0.018825038402645995,0.013831148974006066,0.01865264211070496,0.008136816822820596,0.013183025931913278,0.018148833771500755,0.004377831590206385,0.01926422742318082,0.01113136125190473,0.006768268713437266,0.011380036574970566,0.013226075466715736,0.004987844342057624,0.01209154287481385,0.005257279036195805,0.00765052010949897,0.013093513137304695,0.0042793503914846775,0.010082870609705813,0.01277681798130987,0.013562449396483411,0.058332224315219804,0.04056083842692257,0.01637699430154691,0.013017662700706199,0.015608631348717107,0.017183211580197224,0.01799619638022789,0.01712268000091131,0.008088985890440268,0.005091675081116923,0.013319663495614665,0.006833900392217912,0.013944325827533187,0.03862699393808561,0.016451500130647542,0.0035485002308094397,0.019038590496894298,0.0028534633109835116,0.020993048358937668,0.01498544422641343,0.009581768424248422,0.01014533242468454,0.008344547461328022,0.01738993487455872,0.02037233918328357,0.003613704817581664,0.017009645150791394,0.01587916256224599,0.0061916600466193255,0.011590362148934037,0.021096530654592896,0.004806912664836228,0.008189517253558569,0.017979594294147874,0.00861028362089209,0.017196540977600712,0.009588534753404692,0.00457659730449986,0.009288549883651522,0.0017406848418370527,0.014386682008734759,0.005122224846994089,0.009145196443373959,0.015791382116745415
Belgium,0.0029134460158359646,0.003274948613112412,0.013849849081142838,0.014754072729229272,0.009807489417974045,0.0026453032527427715,1.0,0.007420478483016403,0.0015533818745713467,0.007988359043338765,0.01654951930422603,0.007782848170978836,0.014426710061986371,0.013907546244909913,0.004658463453230027,0.003213852822163627,0.016896209741420906,0.015430113193023022,0.020415014014007,0.009318760667106664,0.01446809683885019,0.019584478909813473,0.00565571116901296,0.02109041873634201,0.012530169620389154,0.00843718805957907,0.013134363161013268,0.014228775689010625,0.006626684863724617,0.013662153847554107,0.006964055568351926,0.008745088427321225,0.014696238324772789,0.005520510609486827,0.011766362758043887,0.014643205330213264,0.015156979563312255,0.055755873008795725,0.03982620206230179,0.017892508606101296,0.014616257605720051,0.015760589148856693,0.018803412654952743,0.019609815440043428,0.018850960374925344,0.005814911319111616,0.006604006827186503,0.011430777334436362,0.00875281151564215,0.015489320718029317,0.03642485377416109,0.017966316340112167,0.005284994744946372,0.020858353268937133,0.005133259767068813,0.022134546752634852,0.016513453946604282,0.011216341195182937,0.011372781085508807,0.00888103226640671,0.01916508845640421,0.021821557726833748,0.0051231279381159745,0.018469293846578007,0.017536989161652524,0.007782256096418182,0.013284056071180812,0.02260073934985569,0.006417940657734705,0.009885308297924491,0.019514957368304886,0.011157390769210582,0.01871277462090828,0.011353376044517352,0.0036273597247508745,0.010697942527504301,0.0011441115802163177,0.01580445869444806,0.006726306177238043,0.010780072518182977,0.013319728483205786
Bolivia,0.008642930910959539,0.008876940256390783,0.007184100537385685,0.007519527005876246,0.0030741649343169397,0.006217574991784736,0.007420478483016403,1.0,0.006041950981423959,0.0018216383111207856,0.009286711115221181,0.0015560794065605642,0.007337613554029802,0.007344104903289157,0.011840677052551327,0.0043044107451650875,0.02420555177677455,0.008147358772283177,0.013250049320615406,0.004069585720811778,0.007186733119322505,0.012211537050814136,0.00945313529723989,0.014028476901371703,0.008542200447745622,0.0019247387426792096,0.006573896200584816,0.007094834357754576,0.0017636913568452109,0.006382934139413394,0.002045295308405689,0.003392302437234097,0.007408417203423095,0.002185809091814896,0.004687354791310303,0.007768493460056092,0.007874662197409628,0.061100705603951894,0.044174637566292974,0.010524544571876822,0.007317046717315322,0.01018115685916954,0.011489786749167445,0.012319330087559604,0.011663586115373901,0.013014712098238887,0.0015333141800408776,0.012753918139906287,0.003318696917083749,0.00815525698671628,0.043366354397311055,0.011027732932441574,0.0029106681253857586,0.013668900343572196,0.00523536325453998,0.02573345984389627,0.009155428664392791,0.0040999880048791905,0.004285471357685402,0.0033136129113206596,0.011942984257144209,0.014458090180313143,0.0026844446674988425,0.01112846009795286,0.010273663853488988,0.0014846115227083619,0.006164879380711038,0.015261554160616428,0.0019318169589236656,0.003397647596444953,0.012155395811335498,0.008184623960767398,0.011344469136438788,0.004453758454533733,0.005857139916287452,0.0035097809462333175,0.006690535746895089,0.008480336629571065,0.0031625788662365787,0.0037111823498968935,0.01964357162011916
Brazil,0.00349101652380378,0.004152292926083125,0.01254788565024933,0.013298547695901547,0.008356303946329743,0.001651559545847478,0.0015533818745713467,0.006041950981423959,1.0,0.006567369409139171,0.015086167881017786,0.006321576456022338,0.01306852703113174,0.012558607495831877,0.005937252918170348,0.0018118184017799207,0.018376070648508422,0.013982445092737399,0.018947825855933548,0.00816632963016048,0.013070700884674468,0.018186749104653403,0.00548723349884415,0.019607688108651402,0.011497781875887366,0.006967360895914341,0.011780402390697617,0.01297104088476785,0.0051633668851457796,0.012220596714571999,0.0055398838792746034,0.007617167044157697,0.01325876125269938,0.0041373131306040424,0.010301020117616359,0.013161611895117267,0.013709458043283638,0.057141347329568486,0.04065412858561515,0.016472893849419332,0.013174456728094376,0.014855981301618965,0.01735945157799881,0.01818990803902631,0.017385301600385948,0.007333135528241394,0.0051509457699050135,0.011890720764806649,0.007315396455419329,0.01404567307045623,0.0379514667667416,0.016549918648470007,0.0038252763779504464,0.01937883933927177,0.003797011132463244,0.02224639741533258,0.015089593157393897,0.009759549267093855,0.009987959173622553,0.0077543942910626015,0.01769004739942694,0.02041125128652744,0.0036574723462934485,0.017096197340390723,0.01609078493939278,0.006323901962821787,0.01184897749846549,0.02117827101749167,0.00498530508751395,0.008496201134673781,0.018091634328172537,0.009837137172574738,0.017299341163969868,0.009903181907583387,0.003441939324477834,0.00928353543249314,0.001031840461409573,0.0144265024198193,0.0054844150306117235,0.009321368707638293,0.014765431721228527
Bulgaria,0.008723326705340538,0.00961010259681585,0.006171450017129255,0.006880323157089982,0.001872210974814222,0.00636519617786077,0.007988359043338765,0.0018216383111207856,0.006567369409139171,1.0,0.00866174506224259,0.0006581794132033806,0.00767829031382236,0.007689260042419743,0.012132668388297059,0.0047896373903862505,0.024831686332845666,0.007605141719776313,0.012511582859166249,0.003808344231138201,0.00721046328470399,0.01187367164284152,0.009295870690574574,0.013235551760892274,0.009008714309643692,0.0008883303696498281,0.005441340829306014,0.007326371150497669,0.0014880022692421026,0.005851913096797471,0.001149221540334102,0.003199784846832107,0.006820575046606618,0.002607920761622202,0.003912055210519414,0.006790025468855581,0.007337807122541716,0.062219211156503605,0.044461019503300295,0.010106931842927236,0.006764227775352478,0.010906398569261405,0.010945010242803047,0.011757548273494485,0.010969597788667955,0.013682611945767397,0.0015292515204044055,0.014084820747983619,0.0021988689475076783,0.007751289497806077,0.044169626298516104,0.01052437070715698,0.0028799504974557954,0.012936594313109168,0.00492947020600319,0.024990352619638147,0.008717558325668832,0.0033738083534415857,0.004530227505720081,0.00417717206688636,0.01128192754549828,0.014143127885490341,0.002936336801973971,0.010701581506500735,0.009635531153513911,0.0007208825542752485,0.005372915991839578,0.014838991732833299,0.0016050202966288057,0.002037202699022467,0.011710348072090364,0.006872724295388764,0.010908758477462217,0.0034509355255658617,0.006717120482924673,0.0032394752492027174,0.007107487038527178,0.008056251751817666,0.002271235928294373,0.0029552005698384523,0.020663555735822268
Cambodia,0.017283933243847756,0.01784189530040576,0.004946760636340118,0.0019938505057127006,0.00686192972200274,0.014830196005307451,0.01654951930422603,0.009286711115221181,0.015086167881017786,0.00866174506224259,1.0,0.008795373597456014,0.005149420424272823,0.006414586944611298,0.020726572757353692,0.013344690322332278,0.03340402111581539,0.0016117649988460503,0.004206316281002294,0.009193633657971802,0.0038417109772139555,0.004006065383497937,0.01707545489982335,0.005106311521140447,0.011425183127641294,0.008148119896915168,0.005097388481308317,0.005367319341497111,0.009966446918949243,0.0030761767315924896,0.009736093445180134,0.00931607451075567,0.0020916071885100644,0.01109254940979317,0.004859857164455273,0.0028608002308016306,0.0018094041135193698,0.06935230121858235,0.05074437943301279,0.0022346247464989522,0.002139430796290281,0.010431396454955845,0.00258144510044145,0.0036065055555887476,0.0030353706262412706,0.022227955718130188,0.009961977874218866,0.020053552008637253,0.008518893807232043,0.001780705588588573,0.05257076066088889,0.004447734035455024,0.011402006485970242,0.004461433623369442,0.012844840753943055,0.030713951452073632,0.0015423514714808747,0.005382641643850837,0.00611923455633413,0.009460135240521417,0.0028545271249839975,0.006005889065231986,0.011456161279705251,0.003346659296260604,0.0015298410575066957,0.008793545277387538,0.0036173399391365973,0.006565528429183256,0.010204307398249924,0.00706082320192869,0.003480055020820856,0.010691887647060807,0.002873693965623526,0.00542020244181786,0.01485474764276038,0.006093968481227569,0.015708540768678433,0.0025948941470335975,0.010542097113551365,0.005820552015960828,0.028793506946765583
Cameroon,0.008648062575163498,0.00942919522487056,0.006630694567456124,0.0070148926252028496,0.0020745264255650243,0.006147634511632942,0.007782848170978836,0.0015560794065605642,0.006321576456022338,0.0006581794132033806,0.008795373597456014,1.0,0.0075770060845277275,0.007554018301018926,0.011977533415147252,0.004573034202190828,0.02465380993187084,0.007728016135339582,0.012672815815300541,0.004091381579926398,0.0072138064108657855,0.012025095480631555,0.009104492955064599,0.013376768124098676,0.008898197713493546,0.0006910975123427014,0.0058147840245862375,0.0074529739336124095,0.0011798579633698594,0.005974413321359511,0.0011591826708247691,0.003585508340027079,0.006978844477529529,0.0024002286062122535,0.004015917113561182,0.006941211310121738,0.007458307240850665,0.06214385955944563,0.04440277159672905,0.010253991988520717,0.006903158850958642,0.011013429032187,0.011092325213448847,0.011939413471824829,0.011118334800994122,0.013506398280189713,0.0012039968347876742,0.01402748995570512,0.0022027626365440866,0.007840321285025594,0.04404574047670227,0.010640101152738893,0.0026542377038653786,0.013082140595077353,0.004678758479314154,0.024893731979958998,0.008861764445322629,0.003474700614458412,0.004473631499781323,0.004185166246363052,0.011418875542969385,0.014268994427264151,0.0026709822031230125,0.01090955201504166,0.009797242968002712,0.00021966961977436193,0.005563863669203942,0.014979918102916427,0.0014501851521551705,0.002469680219837952,0.011860580927913252,0.006829471657657591,0.011072814747365746,0.003630072736340658,0.006592377515023165,0.0032939715856248864,0.006929606432836486,0.008259386521622473,0.0026120612218396766,0.0030420081074152717,0.020497069708127764
Canada,0.01576909981883326,0.015614147445823671,0.00690701749555267,0.004495955090913822,0.006464039744830626,0.01325750220659075,0.014426710061986371,0.007337613554029802,0.01306852703113174,0.00767829031382236,0.005149420424272823,0.0075770060845277275,1.0,0.0045432123914661915,0.018847325493608274,0.011449183550848384,0.03088561396293635,0.004344295977946021,0.008551501231022612,0.008277430826733755,0.0026852020362530906,0.006606782043987846,0.015826101785204737,0.009448502065703126,0.010433706597555551,0.007109458031795185,0.006796218008711747,0.0031408945192829617,0.00857918795786421,0.00403922826512577,0.008634315171760599,0.007931643444719956,0.004310619339535626,0.009299437362977468,0.0050642602860675205,0.006058915809438904,0.0042408842963645044,0.06576238731977789,0.04883492360353359,0.0053794131697653515,0.004147149720960256,0.008202582648922664,0.006429030682642672,0.00741651037911514,0.007118985763345594,0.019738671139202572,0.00846732428483625,0.016264936275416,0.0078401143955474,0.0038527111058721275,0.04971233451163715,0.0075239691753809885,0.009923583060226475,0.008690663070928166,0.01186877411167548,0.03125947098802513,0.004541815125335284,0.0051543538911180955,0.004348856711179033,0.007213320682672142,0.007283807157701975,0.008460378770588011,0.009802962862875804,0.006028667288323942,0.005804034976012511,0.007528118760707131,0.0048942877209026915,0.009445191927200008,0.00886034394007216,0.00691695198472875,0.006703457115183119,0.011764846931500294,0.006084351066397146,0.005685059425640433,0.012272941527987314,0.005089231457420445,0.013796507218432345,0.004446617747285467,0.009732062066341937,0.00541731431297217,0.02558414269229337
Chile,0.015514278571411157,0.01458017939394648,0.008050240067000206,0.0053653184961671,0.006831609280144402,0.012810189764650612,0.013907546244909913,0.007344104903289157,0.012558607495831877,0.007689260042419743,0.006414586944611298,0.007554018301018926,0.0045432123914661915,1.0,0.01840675902692278,0.011063318288065177,0.03027313981852727,0.005315113181597225,0.009257760351377323,0.009248744946116128,0.0032273529847882793,0.007802767733089917,0.015826816651433713,0.009950803806215066,0.011289240452383241,0.007061030169981442,0.008391017838285542,0.005262300153483425,0.008470718109297011,0.004779802274342212,0.008630009050168088,0.008952266701512234,0.0053840018691754254,0.009191547391329538,0.005398649674683748,0.006454812290485198,0.005159977130207127,0.06493402627934858,0.050303242351178785,0.0066744227019582955,0.0052417952953008285,0.007827077312850888,0.007491337668989311,0.008713629935253691,0.008250912833117212,0.019237277309703513,0.008244412411429328,0.016567469024717563,0.008492652468541334,0.005032522962911807,0.04888602507403062,0.0067478448322803005,0.009788557165904231,0.00979225768419606,0.011093280838823974,0.03117432977924146,0.005840525568071072,0.005477762983299506,0.0033260001051376685,0.006660880531306783,0.008182733895627594,0.009287378065075822,0.009550756668128737,0.00806766009284497,0.007034025062710283,0.007436040710374781,0.006361873513040382,0.010353506663078722,0.008782103566706907,0.0075040102235089815,0.00789773728040883,0.011820178832988375,0.007391417549172925,0.006623270591729486,0.0123503873393155,0.004944503503601396,0.013384438648153398,0.006154386763311468,0.009752047009078358,0.005631446289810886,0.025118406137850487
China,0.0037510358900330366,0.005793492210861166,0.01775349099151769,0.018976003877290423,0.013894728713278695,0.006012920047754441,0.004658463453230027,0.011840677052551327,0.005937252918170348,0.012132668388297059,0.020726572757353692,0.011977533415147252,0.018847325493608274,0.01840675902692278,1.0,0.007573603223617313,0.013044884165215731,0.01969765979780185,0.024550073750532662,0.013187097856301145,0.018942043794317295,0.023951817674424038,0.0058855691227477375,0.025172599750640966,0.015874014413600635,0.01262748804196429,0.01696484123843108,0.018671247520606456,0.010800673980436512,0.01794311567923923,0.011024140732071187,0.012675978471639126,0.018940976501075745,0.009811747819168756,0.01596301327149406,0.018672664771783948,0.019428564471010837,0.053941636495281005,0.03695482272001359,0.02221185527614338,0.018873730269117577,0.02022963615524082,0.02305970604979979,0.023828658925980805,0.022982612080676333,0.003486194404656232,0.010867736486696804,0.013749585037496155,0.01253368367754998,0.019808320053337953,0.03305246262614586,0.02226569368459016,0.009341983094869381,0.024942346442521853,0.00852504567873061,0.019564590401314946,0.02082221119925442,0.015441094123705635,0.015859386249330452,0.013424773583177865,0.023326612202271408,0.026208072413485595,0.009352245522707086,0.022730351530462673,0.02173763370771893,0.012009972482464519,0.017390403166970415,0.026935332820102173,0.01056515528078587,0.013893142898724913,0.02382430998621323,0.013714444230227522,0.02302184782515752,0.015413436425738222,0.007457332708901115,0.01507656866356465,0.005173154577852238,0.020097880823109707,0.010526951955719448,0.015004369206292681,0.011408551164622586
Colombia,0.004597192057302182,0.0053280506021354465,0.010758814935394564,0.011554202820525335,0.006602122538545672,0.0022845836910015704,0.003213852822163627,0.0043044107451650875,0.0018118184017799207,0.0047896373903862505,0.013344690322332278,0.004573034202190828,0.011449183550848384,0.011063318288065177,0.007573603223617313,1.0,0.020090776201362136,0.012239000968711628,0.017218949384377066,0.006545117125779027,0.011384022198724138,0.016432022756132078,0.006214754256221075,0.017907332080318653,0.01049384741649593,0.005231795904651367,0.010024052810848451,0.011254417408120406,0.0034216750358568317,0.010470942518586645,0.0037875884647899237,0.005916562158626976,0.011497975568840916,0.0023489880152477724,0.008564254496794238,0.01145963916577833,0.011966328507387068,0.05831882969371811,0.041565080356450984,0.014716383414580854,0.01141950326923588,0.013434613391498797,0.015611520103871337,0.01642968144104466,0.01565411000684165,0.00895888013052364,0.003397788458539864,0.011910855586819384,0.005684229765892494,0.012311002015170954,0.0395464046030586,0.014889733281715022,0.0021606646644017377,0.017652394741583626,0.003196231158373214,0.023032669570994875,0.013332365347916217,0.00801315194628997,0.008330916477747067,0.006214567296787919,0.015967794611851344,0.01867608845969931,0.0019239634850344999,0.015312356787647708,0.014337266125644597,0.004574704170537092,0.010084649377574823,0.019436443399206076,0.0032207269459458027,0.006720353106793149,0.016337037793435587,0.00885058133099651,0.01553621346499688,0.008153984321289038,0.00325329156976178,0.0075489753259343146,0.00242650837285301,0.012644063101231765,0.003815862190842725,0.007577671440154393,0.016190362127136242
Costa Rica,0.016573930737346584,0.016296727885993602,0.03038321896249732,0.031636637599376544,0.026645098658427537,0.018825038402645995,0.016896209741420906,0.02420555177677455,0.018376070648508422,0.024831686332845666,0.03340402111581539,0.02465380993187084,0.03088561396293635,0.03027313981852727,0.013044884165215731,0.020090776201362136,1.0,0.03230521912168313,0.03729500833621758,0.025485910744776373,0.031181583383774067,0.03635731023693574,0.01807466536564889,0.03795716055715116,0.026988957321839733,0.025316342327739317,0.02972590459789579,0.030658352763095753,0.0234868249547439,0.03053334988791179,0.023772736731087978,0.024990310893877928,0.031559465868505235,0.022361561536649307,0.028654179816305903,0.03148889247040524,0.03203168573003373,0.04404669746717363,0.032793799168639455,0.0347117578196687,0.03147996641487732,0.0309269948572232,0.03566982534050041,0.03642776139224673,0.03569747358652286,0.011317898409220517,0.023488136068883926,0.020249798547080523,0.025355745744123928,0.032338344588761565,0.020485672295287076,0.03469384929208246,0.02208269893609489,0.03773057044349774,0.021265687551314066,0.024294537073143357,0.033344766729581046,0.02810097064059761,0.02806788190938484,0.025212389998194976,0.036029800365927234,0.03859308426790656,0.021989470661272343,0.03519574007071326,0.034411637713168575,0.024663796616437795,0.030104027875339764,0.03941983205709837,0.02326162871804084,0.026646981443982722,0.0363428904585278,0.02645575153576001,0.03552308846716629,0.028176412636587017,0.01904984328124901,0.02754646354389911,0.0177431744272979,0.03256407837477443,0.023259613629032387,0.0276668888190193,0.00848563159296845
Croatia,0.016316758664481186,0.016625099589335977,0.004557155426143661,0.0008349102690006986,0.005893396989236903,0.013831148974006066,0.015430113193023022,0.008147358772283177,0.013982445092737399,0.007605141719776313,0.0016117649988460503,0.007728016135339582,0.004344295977946021,0.005315113181597225,0.01969765979780185,0.012239000968711628,0.03230521912168313,1.0,0.00519622007774437,0.008228718124568633,0.0026273188235367436,0.004496339566383647,0.01634138415719701,0.006082513842783995,0.011234277089233179,0.0070784448095348425,0.004655852024305793,0.004387108967917863,0.008907410112739909,0.0017822304528753122,0.00871632891095739,0.008362463789516834,0.0009269526002016263,0.00997919872832264,0.0037630265701848117,0.0024650780422521136,0.00027877450921989143,0.06801366608214231,0.05026093273779872,0.0026769433497534053,0.0009297963398576787,0.009338059242551917,0.003385451488454422,0.00448694147127713,0.0038336959882025877,0.021085904350936935,0.008856516425991086,0.018825774072838072,0.0076837856611830435,0.0006674025820590944,0.05138591816509037,0.004202947098232471,0.010375385310841537,0.005663101808025528,0.011893805734803337,0.030428559636504864,0.001390507003383275,0.004260236633078001,0.0048474951997479945,0.00803569773938741,0.0039963701399778236,0.006658399946897103,0.010376593029231239,0.003841928212819832,0.0022067002869568812,0.007696178859127948,0.0028158098550284854,0.007286821871899165,0.009147218882874245,0.0061142245110052465,0.004190930319689592,0.01039128837799048,0.0034965756031645834,0.00453344440348676,0.013703877430197662,0.00483844689176367,0.014635163202352638,0.0019618581587978043,0.009572561946164074,0.004697689769041548,0.02758218159367494
Czech Republic,0.021099370513766657,0.0215923693792687,0.008111938276066877,0.005758088122773954,0.010728013804130397,0.01865264211070496,0.020415014014007,0.013250049320615406,0.018947825855933548,0.012511582859166249,0.004206316281002294,0.012672815815300541,0.008551501231022612,0.009257760351377323,0.024550073750532662,0.017218949384377066,0.03729500833621758,0.00519622007774437,1.0,0.012860113764170176,0.0071705470317308785,0.0034968706131493937,0.02084423319124433,0.0012120134426565016,0.014990977216760465,0.012009370331489367,0.008465462468594058,0.008704805328205794,0.013841254841002248,0.006909923424817019,0.01358803365101497,0.013190712407688416,0.0059105926882090515,0.014988035628991737,0.008680633866769372,0.005930628554734029,0.005459451421117453,0.072811169300252,0.05414957535070398,0.003592586025121887,0.005996805317790986,0.012634398920182158,0.0023316577611293718,0.002674091240266799,0.0023013075216416616,0.026117879990685496,0.013827656418729684,0.02368291458383555,0.012336719462542065,0.005352891204128886,0.05643683925204135,0.004453335064958936,0.01527342872056117,0.0014547690751894283,0.016488944993364042,0.03334827332608496,0.0045214715803541345,0.009236833400447267,0.009846562645331168,0.01301139303279191,0.0018711035865191412,0.003920545544644906,0.01533076738945473,0.004294872268881798,0.003185953365877463,0.012656919303208483,0.007438108970508024,0.003631021076879712,0.014070898304631176,0.010848505085150348,0.0026771871344821356,0.01362221075741931,0.0031813637006510936,0.009267813901513617,0.018793622723300533,0.009916974608338206,0.019576187888372707,0.005601284793788215,0.014318653443408982,0.009665314126479986,0.032735296202183094
Denmark,0.009791274652759719,0.010872617719752613,0.006089991510169879,0.007627400087771311,0.004100523670110465,0.008136816822820596,0.009318760667106664,0.004069585720811778,0.00816632963016048,0.003808344231138201,0.009193633657971802,0.004091381579926398,0.008277430826733755,0.009248744946116128,0.013187097856301145,0.006545117125779027,0.025485910744776373,0.008228718124568633,0.012860113764170176,1.0,0.00799649608641124,0.011880510552444892,0.010867003592362319,0.013701203959050773,0.00917717714177346,0.004217838363687405,0.005378658444595945,0.007292548968040459,0.004417476608505933,0.006748281309840399,0.004098859178391677,0.0029583096623272986,0.007409127234800581,0.0047802729006879395,0.005446362447345834,0.007774946494301539,0.008004681562398325,0.062188776739099415,0.04317954039470864,0.010284276738796191,0.007387276681859947,0.01069876063151617,0.011219828110994135,0.011626223274802137,0.011106437939964424,0.014527875204746165,0.004467720780480624,0.013797239583151934,0.0038760998863634536,0.008319929087710912,0.04450201794801821,0.011029425651704712,0.005172807663187655,0.013257669269509059,0.007523516169826593,0.02561763583630784,0.009021646253092144,0.005013878107128754,0.006223313118799424,0.005014261572396089,0.011660575085651085,0.014254877228903734,0.005245855574301922,0.010428921632083598,0.009933674839451574,0.0041257351950326265,0.005789497135474264,0.014860724565163998,0.004334160843455143,0.003643367789304441,0.011827972074018844,0.008746490992047062,0.010988784705318548,0.004643892588152731,0.0075051177146520775,0.0051624350725840654,0.008482319744670914,0.007958534090923614,0.004137901163382317,0.004819648459597516,0.02106912850290429
Ecuador,0.015749843227804115,0.015441732450962045,0.00580941208781762,0.002842930268639509,0.005854911200288487,0.013183025931913278,0.01446809683885019,0.007186733119322505,0.013070700884674468,0.00721046328470399,0.0038417109772139555,0.0072138064108657855,0.0026852020362530906,0.0032273529847882793,0.018942043794317295,0.011384022198724138,0.031181583383774067,0.0026273188235367436,0.0071705470317308785,0.00799649608641124,1.0,0.005476049507519251,0.01601627739894704,0.008056869395108362,0.010759760901486577,0.006635437633416871,0.006015698018506483,0.0030455434320881326,0.008325081062787005,0.002416198432472555,0.008302445428151567,0.007934345066566744,0.0026918856913385083,0.009193656935124018,0.003959982578788128,0.0044583668000119795,0.0024909307178049337,0.0661295816828918,0.04986072835006357,0.004060581160272341,0.0025415323385907574,0.00754111389051858,0.005112313149657023,0.0061954341841664725,0.005900100270507432,0.01996856127344941,0.008179137717979987,0.01698601800366895,0.007674890193719742,0.00219023205495807,0.04998622529364449,0.00524478387261427,0.009783743469394238,0.00765480642860978,0.011474664165113434,0.031056264598327256,0.0030172320670078866,0.004197881787233223,0.0032974999474795043,0.006653105463264249,0.005982779537882651,0.0074869070635730705,0.009655120274159582,0.005203264150439122,0.004420603895555512,0.00713876979081224,0.003947003226353986,0.008426922556385993,0.00859535042139855,0.0062677348687385824,0.005542451447405405,0.011252321570057063,0.004868268535822809,0.004976566003376736,0.012576459415639882,0.004118635714848134,0.013802141317653416,0.0031305021961265203,0.009313299591143971,0.004539419474009319,0.02605971697927186
"Egypt, Arab Rep.",0.020561598685158895,0.020572802669100502,0.007598148191965601,0.005279831003553889,0.010232210694676676,0.018148833771500755,0.019584478909813473,0.012211537050814136,0.018186749104653403,0.01187367164284152,0.004006065383497937,0.012025095480631555,0.006606782043987846,0.007802767733089917,0.023951817674424038,0.016432022756132078,0.03635731023693574,0.004496339566383647,0.0034968706131493937,0.011880510552444892,0.005476049507519251,1.0,0.02071048572648944,0.004577385640668815,0.014016963641845834,0.011407308426835556,0.008249189734366244,0.006303066481891915,0.013193553344545942,0.006113677042496951,0.013002483672965961,0.012067664807321644,0.00517383393120002,0.014163111392794185,0.008181027258953966,0.006452428565427995,0.004739065107614686,0.07055950004516134,0.053459035436386304,0.0018801890501020553,0.005229130110847301,0.009795846496312157,0.0019041378768955325,0.002207060895846716,0.0034476754283058056,0.02512188942051301,0.0131115403255306,0.021367413366523477,0.011992402470727269,0.004319192868266383,0.05505075342627094,0.0044068569435302685,0.014667302803929326,0.003922564144935365,0.016297297866157086,0.034539552679327956,0.0032248963374525968,0.008623029758893536,0.00856632685035577,0.011511342224348487,0.0031632385134902573,0.0024597055183903185,0.014629848948498511,0.0022095982120321662,0.003020951625079872,0.011984096342424859,0.006952401170497821,0.003264685421859504,0.013413539473033765,0.010332805394053323,0.0009385265567449664,0.01458563509148529,0.0012129269105780553,0.008860566457583761,0.017577561301450332,0.008966805882811199,0.018835450378044027,0.004055313490752014,0.013746421382346033,0.009056106139580985,0.03116133117143672
El Salvador,0.004119656683320578,0.008267064717480177,0.01451162334267713,0.015571272565021237,0.010640108983662123,0.004377831590206385,0.00565571116901296,0.00945313529723989,0.00548723349884415,0.009295870690574574,0.01707545489982335,0.009104492955064599,0.015826101785204737,0.015826816651433713,0.0058855691227477375,0.006214754256221075,0.01807466536564889,0.01634138415719701,0.02084423319124433,0.010867003592362319,0.01601627739894704,0.02071048572648944,1.0,0.021372861714101087,0.012669536988609328,0.009650681704334037,0.013510469065889727,0.016125372685204656,0.008088239066949408,0.014701577373215213,0.008205330278075079,0.010258534865490282,0.015599556217290474,0.007657982666158389,0.012696499181340557,0.015021105374167724,0.01608931655156071,0.05928739006015221,0.03839557515037614,0.018867013975463955,0.015530587507496087,0.01920509688866321,0.019562879013916616,0.020368878383173302,0.019312468982596805,0.008763852901253769,0.008341099028669984,0.015895459697618602,0.009024741911507062,0.016489034101911788,0.03826786880510773,0.019267308356370267,0.0067599390078689585,0.02105211743931061,0.005682393875921067,0.018036188116446448,0.017502218649793854,0.012265673121584978,0.013191593623722044,0.012149275466110398,0.01959643627361144,0.022876465204114554,0.0070664478357885365,0.01944207842340056,0.018231538642924316,0.009217609433730883,0.013964288633682443,0.023526776715827417,0.007944168652268026,0.010768220630353651,0.020416112237471848,0.008976853229523324,0.019657106015257105,0.011999843078716353,0.007538761443978443,0.01226935589758711,0.005085678429416765,0.016963892337494478,0.007957306025218287,0.011868013756848057,0.016530051254213734
