Country Name,Albania,Angola,Australia,Azerbaijan,Bangladesh,Belarus,Belgium,Bolivia,Brazil,Bulgaria,Cambodia,Cameroon,Canada,Chile,China,Colombia,Costa Rica,Croatia,Czech Republic,Denmark,Ecuador,"Egypt, Arab Rep.",El Salvador,Estonia,Finland,France,Georgia,Germany,Ghana,Guatemala,Honduras,Hungary,India,Indonesia,Israel,Italy,Jamaica,Japan,Jordan,Kazakhstan,Kenya,"Korea, Rep.",Kyrgyz Republic,Latvia,Lithuania,Malaysia,Mexico,Mongolia,Morocco,Nepal,Netherlands,New Zealand,Nigeria,North Macedonia,Norway,Oman,Pakistan,Panama,Paraguay,Peru,Philippines,Poland,Portugal,Romania,Russian Federation,Saudi Arabia,Senegal,Slovak Republic,South Africa,Spain,Sri Lanka,Sweden,Switzerland,Tanzania,Thailand,Tunisia,Turkey,Ukraine,United Kingdom,United States,Uruguay
Albania,1.0,1.3457852963200596,1.1414084331973537,1.9508882529426177,1.9320536945644156,1.0184329865128185,1.9424605317815429,1.0742971468700429,0.5689619510780729,0.812072186300811,1.9299771621717403,1.9309002270690756,1.9570922542003129,1.9070918824837217,1.9183519756420517,1.4489002029494573,1.383974128314383,1.0708008327331016,1.8436005328248233,1.3727471057625522,1.9095157962564742,1.8669211731875153,1.7165724287711026,1.1441913163216655,1.8704097117418637,1.9453028530615675,1.8572803064261654,1.1241244390922867,1.8367559494634873,1.924567375054452,1.9472600852156794,1.8812874456944662,1.9447341713929935,1.6296173971224894,1.9037603029836927,1.9411824315661153,1.9402041362124909,1.934162042330423,1.8815721528748544,1.9392794530472766,1.9193143750240471,1.947020133885816,1.922657969129546,0.5612911953461929,0.7951606366081945,1.9487319827865102,1.9460652741121174,1.8419094444254698,1.9201390806322896,1.9447922747693052,1.4724617415302608,1.6654005561645078,1.9539175628686716,1.8756000208855632,1.951625032826633,1.490055007681911,1.9428094796468582,1.922203803591475,0.5168923572559808,1.785611049813172,1.8607232879031084,1.924802829653345,1.8964862892119727,0.6615095298233669,1.5926526535114034,1.9574297757985646,1.776510380342338,1.8256899645802134,1.9426551971698096,1.9386283425377375,0.5504174123155614,1.9311359233552157,1.9302741002754933,0.9633676435977124,1.222950088574606,1.8582157208609937,1.9566001879114996,0.5079560225420695,1.6795112670216987,1.9496568854860956,0.3985659793064237
Angola,1.3457852963200596,1.0,0.793062292145247,1.5190730844556388,1.3135806405201083,1.4290230092627176,1.5118306161540191,1.4150729454648776,1.4319613903883697,1.3564908702253897,1.28878929615508,1.2773953480185458,1.3751998246884627,1.2392294209836134,1.3511137682773193,1.6944276524165998,1.2095468414897554,1.2368966246366364,1.347150239848779,1.0876155855652212,1.2716765750096715,1.2284264185206348,0.9955619423747194,1.3547009225324067,1.4935893717631228,1.3126621234140214,1.2459085277077948,0.8680696186274355,1.1981800823660709,1.3856600671676675,1.3215244578526366,1.651183107926788,1.3243708395773284,1.490748838072537,1.4675337138926743,1.369349933746641,1.3120556591990653,1.2938542982204375,1.1665669982448992,1.3051821284359935,1.210206873276679,1.3180943704988597,1.2677727016573013,1.578504505257964,1.2569497595096495,1.3347040374474293,1.576640549983468,1.0314800778948345,1.255336321056829,1.3260275666081158,1.6386373522945406,1.2405924865320372,1.3957766090166663,1.3147562578460577,1.3872053994494111,1.5937001601052798,1.301019071039791,1.2337294364267934,1.3595467482209456,1.1743809051375675,1.2546887075505755,1.4166915895064986,1.2044139415897879,1.1850521084146082,1.277058414355619,1.3958594440792829,1.2800194190961656,1.1685999309313697,1.3446757564900507,1.3002730486287866,1.3942818938983383,1.303604434560371,1.3341450053344497,1.013162736195787,1.1068292013723342,1.2141542594078107,1.343054939408431,1.5232582801481394,1.2483655505383364,1.3564844309800093,1.1665073123664416
Australia,1.1414084331973537,0.793062292145247,1.0,1.7251000295813388,1.6465764239994896,1.230840547783541,1.7607558246958894,1.3855052317884446,1.07960954061298,1.0186203855503868,1.6362446756468507,1.6296311049160719,1.6694702787552205,1.5472540133605654,1.6825233454461404,1.533416868685476,1.2214404784042456,1.2405585340899878,1.643816018758725,1.254081590372626,1.610087595079273,1.604242823602774,1.2429282255964043,1.274829705829721,1.7395342747646383,1.6377674181641921,1.6321121045123015,0.9038189912084863,1.6247275541295043,1.7201734112461422,1.6487668423093154,1.7662999093748184,1.6487302751475936,1.485312729893644,1.672392824977976,1.645943897953389,1.619530315333736,1.6245284452290336,1.4478000850490875,1.6256064135384307,1.561393986450123,1.637979910993909,1.6318882364503882,1.2092726464024703,1.0166151070917007,1.6198623835262829,1.7847696630931345,1.4492046760572697,1.6357871354390634,1.6383976795868596,1.42890032207285,1.432446495731887,1.6806919370149418,1.5761535087459901,1.6889385740403222,1.5676197003070345,1.6324096826755443,1.6007230110312523,0.9877555307577595,1.545571758281764,1.6037020801158872,1.6607361176635558,1.565029994665421,1.1032928432523073,1.5630563047177815,1.68024513305103,1.627227288982486,1.5432643092716292,1.6711577975980565,1.6018393698908504,1.0188726134253572,1.635860354924324,1.6644143231771844,0.8935217655140242,1.0378791053121907,1.5917615229443218,1.647857482267967,1.1470942375438007,1.516144354572697,1.6555840838537423,0.9209726375850263
Azerbaijan,1.9508882529426177,1.5190730844556388,1.7251000295813388,1.0,0.4172606342472491,1.6569197639026778,0.4059155571026712,1.7860344534887789,1.890568433005944,1.7888728015989954,0.489325882806372,0.5167901551142993,0.3777492384362841,0.5229377155497362,0.6038210452592764,1.185615672628997,1.3698933175891128,1.717269579156028,0.797368144650924,1.5034890746433525,0.5405076113762605,0.5631753190183346,1.131535536140864,1.5643540189569958,0.7952008704335314,0.45403091629184483,0.6162493317665058,1.764484921447742,0.7437675381253903,0.5642427917213596,0.4285233412566589,0.7451685588904801,0.44474364644215425,1.1286581833285225,0.28855293630461165,0.3745891235291082,0.39366301349441457,0.4791422527514657,0.7396447512086674,0.5325641206152125,0.6096700743046773,0.5425582763447978,0.5258703164788338,1.9196951788247751,1.8348783409842644,0.4765742303040569,0.2527986261440542,0.8145777498887806,0.5477168526117383,0.41651416682691433,1.5214257383422636,0.9923551221229038,0.5216837731914502,0.5282801555191967,0.46773976221399677,1.1073673754889204,0.43248349337172676,0.5386754093363423,1.9607705864624607,0.8857152998120641,0.7157061178914653,0.4149373085075621,0.5579487740197272,1.8394297634084182,1.2625147856255938,0.3738650397923662,0.862548353085069,0.7420498735418822,0.441075504290337,0.42995339748192873,1.9410805554382673,0.6307831165191848,0.5640199158903932,1.8169993973552143,1.5288172595676768,0.7289768520052607,0.4782719873676946,1.9371410174584696,1.1568948516552544,0.3574968549804473,1.9661431162304421
Bangladesh,1.9320536945644156,1.3135806405201083,1.6465764239994896,0.4172606342472491,1.0,1.6776558132459112,0.37067616540509657,1.7284456457645165,1.9304308471807614,1.8274461725167062,0.13194251061346216,0.18399543002859473,0.13087754778593239,0.23254459890674048,0.389843918891591,1.440149034437907,1.35196543101009,1.6743754901598589,0.6701872237059514,1.3528941777167378,0.24219137187870274,0.32393500184018903,0.9132839690329567,1.5461065841504062,0.7257737236844934,0.1428149533877991,0.41225023531844035,1.6029277555816377,0.4396145559892763,0.478888032924125,0.11105476829943715,0.82039545780451,0.12609923970599998,1.2496686563625399,0.4895482581718532,0.19273688608754266,0.15016843816474804,0.1145446194736472,0.5054317578720099,0.24833645044689287,0.31122804568755835,0.2699607073582304,0.1880204949257803,1.9854019827541156,1.807029961796234,0.3314038348019343,0.47640218333587614,0.4742222519311678,0.27778645936788504,0.08766732503293094,1.5630165883660736,0.862156807603073,0.365492573475312,0.38181018770800856,0.2763613671201058,1.2858705016751197,0.11065437745252414,0.19098151914809652,1.955487358758982,0.6786856263866274,0.4178345321510713,0.28303407436323713,0.20939480665855648,1.813058894588677,1.1011842784161985,0.17338701894643904,0.6335697708289267,0.47935219378781263,0.15635759651250064,0.1870624221722149,1.9517097341601932,0.38105346595218126,0.33059841276412166,1.6757039368312276,1.4717645022843344,0.5001167373670588,0.2322951522100731,1.992574445770887,1.0001228053950666,0.09244351887593008,1.9116423899436594
Belarus,1.0184329865128185,1.4290230092627176,1.230840547783541,1.6569197639026778,1.6776558132459112,1.0,1.6743337897370174,1.5678232972623227,0.7645637882021453,0.7479193938765686,1.7011416199493585,1.7340069611460118,1.7012795922028516,1.6069398792712843,1.8038154143676022,1.0691770149479567,1.021416902716384,1.6059389984544568,1.8376346753380217,1.6277324516354672,1.6426589200635577,1.7172619749114775,1.7019460397505417,0.4010150438473361,1.8573477738482551,1.704466173712644,1.6312643167359018,1.509897721563801,1.7633367217531932,1.8252925829272777,1.7100157482955476,1.7924824029567563,1.7187254648883157,1.59032946251477,1.5695004281918759,1.697163226296724,1.6540616949008118,1.6640359628566928,1.6730474473503103,1.7067829072291352,1.7781850959078878,1.755260543402319,1.7474769585743573,0.9478107887474283,0.5295453306199976,1.791539374523163,1.7138586412907333,1.727971812308472,1.7442978050662519,1.674588718623869,1.6146325296979014,1.188962154346453,1.7556514588568164,1.5040170784041935,1.7799840058136138,1.1401245246384768,1.701725316810157,1.7177789915498451,0.938457725933471,1.6729883592013621,1.6796909129460136,1.6103252945346207,1.6380954924106028,1.1571566398974933,1.799423512282661,1.6905956983754857,1.6534437209939115,1.5016097451102455,1.735614436457562,1.6263000690551188,1.0085389184644118,1.7948162491996975,1.7893443483838656,1.3071884446260726,0.7924402659793824,1.7729870401778831,1.758382787813694,1.0114355494841716,1.6575410165183149,1.6831641218937199,1.0662535122514571
Belgium,1.9424605317815429,1.5118306161540191,1.7607558246958894,0.4059155571026712,0.37067616540509657,1.6743337897370174,1.0,1.6543457191842377,1.9404215975292145,1.8761529928490925,0.38345936006460646,0.40504213294106856,0.3174015149716762,0.5285047689911628,0.40411982927580586,1.405204956512858,1.4102375620388639,1.6872846386749338,0.6580818650894514,1.3586075339598016,0.4372948851214193,0.5610203158306937,1.092794674174827,1.568964557463561,0.5896416343982167,0.3853084789931561,0.667635561657982,1.6723880687706107,0.6155822866152579,0.4951644822348618,0.35950693161183706,0.6265615168013416,0.34160913810604,1.1670930241935031,0.5870888647317165,0.4100092089682721,0.4280655016320674,0.39388464579589866,0.7007740080818489,0.38076079672416563,0.5204045998950968,0.4067632964733973,0.42347743274406985,1.939049988738712,1.8208447138596493,0.4679392309577775,0.31144286141420574,0.7305551462497949,0.47661475782931534,0.36689350350056815,1.4182320717291401,0.9732898853922307,0.39224751470232944,0.588053768404633,0.3175894827530719,1.2575658781041066,0.4024509204408996,0.4594989163555525,1.9755901201699235,0.7598419228529687,0.5393673591016389,0.3399344881282062,0.541216201994054,1.870485179482648,1.0835563825095649,0.32171883225965575,0.6553046021570896,0.6328866549915381,0.32801167396315883,0.45056383902335606,1.9436855386599197,0.4459660866509798,0.40047308473132043,1.7422888678059913,1.6163816799338795,0.621835207059439,0.3556987170922367,1.9637358464079633,1.0378706494665901,0.3415889123238115,1.9386584228512314
Bolivia,1.0742971468700429,1.4150729454648776,1.3855052317884446,1.7860344534887789,1.7284456457645165,1.5678232972623227,1.6543457191842377,1.0,1.3664341061623568,1.5643530242307109,1.6891377608822273,1.6499188510714276,1.7189975514999487,1.7858332906259107,1.52047542464216,1.7719336818417633,1.8004218921241768,1.0508775419634913,1.396450091396851,0.9174844471714463,1.6743109772278113,1.7046785730959368,1.5537040808809053,1.6190465168265862,1.341486342051539,1.7091641910554443,1.7521510075221571,0.8069600028144929,1.529563720335363,1.5553742845487526,1.6952112526525123,1.4062317062100953,1.6758560036139143,1.499292259801875,1.838993727120012,1.7367124749050669,1.7754899302406073,1.7077665909977997,1.7067117482151197,1.6323598025995023,1.609613799977188,1.611182013770696,1.642492063946606,1.1374380452008426,1.2874517061402382,1.6789383165517318,1.698602659611907,1.5874237466200298,1.6175672863453814,1.7378122903481976,0.9697007663114781,1.7622917957948798,1.5992652525463575,1.836255907124363,1.6119560227712282,1.8140024970330701,1.7162875595633986,1.6757399304717342,1.1944873286101185,1.4195111480255085,1.5386071615571228,1.7264423989211604,1.7470539344074223,1.292189743376197,0.9708042299737711,1.734236891502903,1.4605558231130769,1.6486354591041394,1.6631914518780846,1.7886792694918097,1.0996511016816033,1.534883463371206,1.5593687541976915,0.9249623128103038,1.7382232623608163,1.5006637742660993,1.6513065589883436,1.12634577457855,1.2132603447152221,1.743850611573767,0.9827462673631003
Brazil,0.5689619510780729,1.4319613903883697,1.07960954061298,1.890568433005944,1.9304308471807614,0.7645637882021453,1.9404215975292145,1.3664341061623568,1.0,0.3944158326820002,1.944042725635506,1.9597197778076276,1.9405204372055347,1.8755643952918235,1.9883339475685813,1.2249548608269456,1.1826480707259297,1.268708909354857,1.9652259270432861,1.6445101295448459,1.9247717063417589,1.9094483015241217,1.7246853777228766,0.9580697170026932,1.9746860834526059,1.936332569232435,1.8465650425815376,1.3698477487581677,1.9420121891107038,1.9684305217391835,1.948736351075464,1.9119731644010975,1.9556960078196566,1.598217216497215,1.8303916354956062,1.9293802670982483,1.9091647505184786,1.9310887358465165,1.8644415473014133,1.9581082633848848,1.962575809690708,1.969577817420253,1.9599060181084642,0.42729194233799994,0.6969013782668203,1.9530970676489774,1.9210785840301694,1.9113331924732926,1.954294890469764,1.9267938790948436,1.5070551779874661,1.6107971605762745,1.9705516007935873,1.8187108781440564,1.980047211745447,1.3222800586983325,1.9363378035288799,1.9452282422288307,0.36756533731178903,1.8982276165148597,1.9337760183513,1.9074079474085752,1.8929467305490968,0.8138446754896045,1.8414826078448956,1.9323942652718953,1.8918273469742253,1.8600878956588742,1.9594029762698768,1.8915164224867975,0.5693937048835843,1.981661560693846,1.984691232302864,1.1876132611957821,0.9941248665307888,1.9581890234027544,1.9662376240981911,0.4088245420434565,1.820132887092676,1.9303524505339031,0.673857638428104
Bulgaria,0.812072186300811,1.3564908702253897,1.0186203855503868,1.7888728015989954,1.8274461725167062,0.7479193938765686,1.8761529928490925,1.5643530242307109,0.3944158326820002,1.0,1.85712335921933,1.8792303134879098,1.84149388162579,1.75072190437335,1.947312579975077,1.1390060773433905,1.0292890779603596,1.4027713739052068,1.972756390459381,1.7461929905051659,1.8415723223970766,1.8107096731128682,1.6247876602074862,0.9304487193993505,1.992038651481737,1.8454768267077222,1.7254227492824483,1.4698611462199669,1.895348835226052,1.9085427472320893,1.8557018601194866,1.916693642723116,1.8689825410331937,1.5624819544316833,1.711794311179552,1.8257515203113,1.7870748906385243,1.8314854666906906,1.7263468239603705,1.8836174897568383,1.8863815244920588,1.8957493389919668,1.8779728009358534,0.7256154900938457,0.8052639380727395,1.8640263242124029,1.8581703949779866,1.8390851305016618,1.8717946784301187,1.8210661996140503,1.607497302167752,1.4997710382757123,1.9085808907598572,1.6830684120856483,1.9133928823057627,1.2110952765804879,1.8372432344582768,1.8551291596279518,0.5596368434342478,1.8807131588150603,1.8808919849813848,1.81107102274805,1.7675781761395541,0.8777360908556211,1.9244482939077632,1.8324549668830328,1.8769453149169877,1.7880244996496366,1.8766622645647781,1.7715621900962037,0.8025800929816435,1.931299304583017,1.9304097766808095,1.302248395681959,0.7574037819479108,1.9135925451552958,1.8840165115359933,0.6794659588179272,1.8371010028244699,1.824052290957233,0.883220484852336
Cambodia,1.9299771621717403,1.28878929615508,1.6362446756468507,0.489325882806372,0.13194251061346216,1.7011416199493585,0.38345936006460646,1.6891377608822273,1.944042725635506,1.85712335921933,1.0,0.0995465597925548,0.18187038515193435,0.282767132887564,0.32219786173105047,1.4983626770419471,1.3726797694100525,1.6277003778616956,0.5939364654532449,1.293545780342505,0.20510034268540364,0.35267513638690096,0.9060645766325691,1.5601123734088196,0.6603946381458584,0.12393143154811088,0.4690440570962644,1.5535196649015142,0.38971613357915774,0.4659198299452036,0.1118313504085673,0.8230552472389397,0.10771975302802647,1.270011696107353,0.5772777465066113,0.24800902015468176,0.2278156403893352,0.1282997435894124,0.528839153153774,0.17786070017910705,0.2407596505266676,0.20950982780123784,0.14567284741002695,1.9880196666925312,1.8043607769850534,0.3201197360240907,0.508533288308032,0.40252634364174666,0.266261600373533,0.15177267939849612,1.533326845483079,0.8854850584101713,0.3123491067022072,0.44987480940637703,0.23857706914344684,1.3507695669039321,0.134873038032607,0.11125886663577597,1.9569987477729032,0.6213894195711348,0.38748349333916465,0.3571565705336434,0.271206678388966,1.8099479623531078,1.0276109467507315,0.22429492393083875,0.5983798143911151,0.45176498981968527,0.15676448869389642,0.24785105622880108,1.9420888497055986,0.2966412626485794,0.2607442536024531,1.6422320113350404,1.508958652411493,0.4248820025459044,0.19101288775216294,1.9976811383214916,0.9543025599302197,0.1800892977348206,1.9014295335488516
Cameroon,1.9309002270690756,1.2773953480185458,1.6296311049160719,0.5167901551142993,0.18399543002859473,1.7340069611460118,0.40504213294106856,1.6499188510714276,1.9597197778076276,1.8792303134879098,0.0995465597925548,1.0,0.21077286159906986,0.33802430360477315,0.25450554125491215,1.5273019737477334,1.4302064723638073,1.6171067874156573,0.5444238833214166,1.2457992737569703,0.23199218665201982,0.3734719584915237,0.8869752691426391,1.5997477648608882,0.6095349225938629,0.16172822100439127,0.4981446542887945,1.514680635447093,0.34498735451852236,0.42318490528462793,0.12420044654323052,0.795540280377226,0.09968481756811637,1.2675522276025077,0.6156559188579631,0.26860267343439265,0.2775337944030542,0.16332787761014844,0.5272730744540417,0.14642595496297536,0.1730761689116606,0.14895959363189917,0.08821938481016524,1.9921194096877832,1.8160208277645802,0.30598410993890596,0.5290018981506899,0.3725240129783863,0.22448521762595056,0.20201911273694215,1.5031934724248806,0.9282058814453624,0.27347661304480325,0.5127293961543393,0.1906942519715545,1.4012139392582919,0.1583692869233534,0.09411339471541455,1.9619640840105108,0.5739284527800801,0.3549180617864656,0.3899517427251889,0.30445408606040175,1.8148559920926117,0.9693180870077275,0.2608997387838415,0.5820180003360286,0.47576407168141344,0.1430656197738079,0.3109272871207413,1.9410207249875677,0.2211071568396024,0.1843549952691393,1.619663452622281,1.540333839210339,0.36395199170716547,0.15552923132293112,1.999062647127525,0.8970938057530535,0.22416975827156185,1.8959589880942012
Canada,1.9570922542003129,1.3751998246884627,1.6694702787552205,0.3777492384362841,0.13087754778593239,1.7012795922028516,0.3174015149716762,1.7189975514999487,1.9405204372055347,1.84149388162579,0.18187038515193435,0.21077286159906986,1.0,0.29929408989890716,0.3715143364243906,1.4418502526526005,1.3850131263442977,1.6842434259865375,0.6706356956739006,1.380008626850544,0.30133635541191267,0.41084174218948294,0.9348783368521123,1.5819517506229641,0.6784595758675181,0.13549356431590254,0.46497312375550864,1.6232752161175252,0.4954604046496564,0.4393202029473318,0.10392154985907524,0.7459577370107708,0.12416564514166879,1.2413927049014184,0.5004162145659321,0.19873967316482874,0.17024957772458413,0.1563690246002764,0.5127523808168294,0.2353832841413522,0.32576682282260694,0.22964018178582069,0.22532511581569914,1.9799063453490466,1.8322255727112955,0.3026828386563004,0.4181245613735844,0.534191388058901,0.2997025390272191,0.09207448765412705,1.5110541406133415,0.9173971465501991,0.298301068730341,0.4335237847760621,0.21907520142808537,1.3088059010365345,0.12216573528842863,0.24780077256736838,1.9611277061625043,0.720338393667625,0.4545424612615775,0.2752331513462004,0.29890175163966176,1.8493893447819512,1.1128917200346142,0.09049609072526164,0.6904982025393056,0.5636861939950416,0.1556534291349982,0.2098701228896708,1.9594454290083105,0.3535583873163788,0.3092036989944512,1.703008943603592,1.5104162592407435,0.5345916201533096,0.1767253815140856,1.9908014579501117,0.9965149624618947,0.07670999207614933,1.937879683298575
Chile,1.9070918824837217,1.2392294209836134,1.5472540133605654,0.5229377155497362,0.23254459890674048,1.6069398792712843,0.5285047689911628,1.7858332906259107,1.8755643952918235,1.75072190437335,0.282767132887564,0.33802430360477315,0.29929408989890716,1.0,0.5584815904543532,1.4255709359913873,1.2605205182328505,1.683853772142537,0.8137736703156868,1.3688597169076835,0.29296702094114224,0.40913198558678254,0.8432082165291233,1.456520946531795,0.8927006936829721,0.2734562615866293,0.4186408323576669,1.582350068561007,0.5379186145453293,0.6783608379660451,0.29470500543422673,0.9631349155742797,0.308877095804222,1.3155074363820094,0.5178675472071005,0.30234993182178016,0.23096241000097048,0.22767691207939952,0.4679803507005061,0.37912032815899077,0.4086785877779682,0.4179735242055186,0.35543310175616016,1.9663418542332054,1.74882404425134,0.45503723173646,0.6318093758424307,0.48582170562632637,0.43561611773983067,0.22101364303611393,1.6145428483934778,0.7406800066642812,0.5285795968150594,0.26080130227592047,0.46239271056841474,1.257791614711347,0.25896280572871455,0.30314424447172683,1.9081067161502996,0.7324666520904709,0.49888120372617617,0.35050696503626094,0.19143921647695833,1.7780302354152713,1.189385563326258,0.32372790833479065,0.6923599203453173,0.49027479146726094,0.3476819315567742,0.21208300868958338,1.9104886856295615,0.5200163798897852,0.496556970765758,1.6304374348957142,1.3426135323162236,0.6101265976181309,0.38631430482161805,1.9716797604586365,1.0668468251447825,0.2511122847198237,1.8693201939713646
China,1.9183519756420517,1.3511137682773193,1.6825233454461404,0.6038210452592764,0.389843918891591,1.8038154143676022,0.40411982927580586,1.52047542464216,1.9883339475685813,1.947312579975077,0.32219786173105047,0.25450554125491215,0.3715143364243906,0.5584815904543532,1.0,1.580333605514415,1.5461422077399178,1.5699241164429594,0.38247813515996126,1.1474933469783664,0.3972137126444633,0.4808633676795638,0.955503401383558,1.6894684622766871,0.38540035659880345,0.35205710796100187,0.6561922061986389,1.468393111655514,0.33817191935221813,0.36268646377043195,0.32426789907553444,0.6366534030291802,0.28300490831153724,1.2369033462842027,0.7379382149980598,0.4328499333469226,0.49054659231527153,0.38323683375763196,0.6553158221326949,0.2794062942876489,0.2722223954730674,0.23146217981170564,0.2534507598701045,1.9757008914371952,1.853972330762883,0.37809792273759,0.523578340456895,0.48007877190729625,0.32177398355866077,0.4078284011495081,1.3900681387485938,1.0735533248324394,0.29060844587500917,0.7120947115186248,0.17578179271470826,1.464136500101407,0.37169398328269915,0.3300737212787521,1.9740854588678585,0.5535959048283948,0.3722481119338003,0.49286403072544344,0.5176439684216634,1.8315477268400284,0.8028894214238227,0.4101997583737926,0.5283543157488435,0.6109095121672591,0.2647795399439919,0.5276814932125677,1.9342727859071813,0.13648250621026567,0.099285458899111,1.6001742830734145,1.673786214222806,0.3462827038114424,0.25569191179254924,1.983859695160872,0.8287309494529217,0.4086870925591058,1.8805804101071446
Colombia,1.4489002029494573,1.6944276524165998,1.533416868685476,1.185615672628997,1.440149034437907,1.0691770149479567,1.405204956512858,1.7719336818417633,1.2249548608269456,1.1390060773433905,1.4983626770419471,1.5273019737477334,1.4418502526526005,1.4255709359913873,1.580333605514415,1.0,1.236631218443714,1.7005151694227503,1.6014581381759723,1.7697047731284574,1.474352273421039,1.446826160806222,1.7050065293597925,1.1621326439907869,1.6135737084225632,1.4793742138431507,1.424986212263661,1.8422359746845491,1.6171538381867545,1.5136618038653407,1.4720326132850523,1.4461314913050858,1.4849715081351755,1.220247761853135,1.0835972438536985,1.402695442385357,1.401131809698209,1.4765570821943161,1.5500071762545737,1.527929287798729,1.5800508757615848,1.55297234634214,1.532856162820386,1.2811594784268987,1.3431703074615309,1.4812124892206542,1.2682551079218924,1.6470185994256095,1.5242701567716452,1.445807003552906,1.5882842032219484,1.3190083520374742,1.52452770705542,1.3122990302491957,1.5134061157883263,0.6341074639356525,1.4668277388946847,1.5233115040211636,1.4241147920633987,1.6096022941330346,1.5840192602656182,1.3629402983090908,1.4650966615403165,1.3949348065507632,1.7813441910825587,1.4261365653956652,1.5735572922806214,1.4712897398031575,1.4826409238618297,1.4060266842263378,1.4132596678276426,1.6084787934517848,1.5646782260757222,1.75435264355525,1.238616043572864,1.5947137641170952,1.5184065549678423,1.3051580073684934,1.6996643058949077,1.4127385312039704,1.547919901109084
Costa Rica,1.383974128314383,1.2095468414897554,1.2214404784042456,1.3698933175891128,1.35196543101009,1.021416902716384,1.4102375620388639,1.8004218921241768,1.1826480707259297,1.0292890779603596,1.3726797694100525,1.4302064723638073,1.3850131263442977,1.2605205182328505,1.5461422077399178,1.236631218443714,1.0,1.36361915267652,1.5931878572025262,1.6889073753908965,1.3677661892867126,1.3251703046863081,1.3587850029668957,0.9723478511709587,1.6598661021710217,1.375812101553232,1.3107956869235537,1.6519000777495931,1.5095678902033576,1.533392624602863,1.3996870209502137,1.6451469020564,1.4163673422518899,1.34971845293687,1.323811977047901,1.3841584104691336,1.3027333467693054,1.369279982491848,1.2681099032431467,1.4374392486500909,1.4493750570821324,1.4784158352332981,1.439529010194229,1.3926372262585731,1.220772903748016,1.422602605455845,1.4231793920079159,1.4057480706390852,1.4459207676794836,1.3499997407450406,1.7205453560118804,1.0820004947289488,1.5161300623370288,1.1862045983889715,1.4953490354705667,0.9622919517915194,1.3765711184300498,1.3924809525164805,1.32407027360171,1.5266114787519962,1.493013267750289,1.360696722414284,1.3107128850858796,1.2720809462588965,1.7791862258236217,1.3799335354721207,1.4815190423554967,1.306238969150854,1.4328099484452679,1.2620132971389404,1.4092933463823392,1.524434583452596,1.5233332974888458,1.5422436119744214,0.8833015068765391,1.5362118508019846,1.4446801652811645,1.4064739204672854,1.7276452643204183,1.3561739556117411,1.4059714339623848
Croatia,1.0708008327331016,1.2368966246366364,1.2405585340899878,1.717269579156028,1.6743754901598589,1.6059389984544568,1.6872846386749338,1.0508775419634913,1.268708909354857,1.4027713739052068,1.6277003778616956,1.6171067874156573,1.6842434259865375,1.683853772142537,1.5699241164429594,1.7005151694227503,1.36361915267652,1.0,1.408365735776956,1.1543278383186482,1.6395220636334562,1.595643506126473,1.4430443896254814,1.5668188333231607,1.4611163915371304,1.6548565703043594,1.6500053213970023,1.0996997466577234,1.531639986545498,1.5873652402635035,1.6589710586673263,1.6077919714628974,1.65350095685443,1.4931553635648807,1.7601797364591176,1.6624598507646822,1.6908278439114226,1.6777391520914167,1.6068302883731211,1.6403838048456305,1.5619503859003885,1.6253274557391062,1.6199179226833265,1.1764742312898817,1.374438554974743,1.58438340134878,1.6619543911072792,1.501596249697049,1.6079149689766437,1.6867710672231846,1.3624648002371729,1.693749406000636,1.6297716616189548,1.7219171173426757,1.6255069946354066,1.648864225275027,1.656710866481983,1.60840146194083,1.2017244963573186,1.4630619275134513,1.6376120569735488,1.7465902971723977,1.6837549386545805,1.0445323658250518,1.2518575116365145,1.7031920486429064,1.542349784958679,1.638378325768074,1.649666885791905,1.689217674156523,1.0764729691246493,1.5677999272339096,1.5848700564947047,1.105070488427208,1.5571908706919415,1.49030355360085,1.6302926568281788,1.167052112810436,1.5054913966225048,1.6887138051678567,1.0784867767307609
Czech Republic,1.8436005328248233,1.347150239848779,1.643816018758725,0.797368144650924,0.6701872237059514,1.8376346753380217,0.6580818650894514,1.396450091396851,1.9652259270432861,1.972756390459381,0.5939364654532449,0.5444238833214166,0.6706356956739006,0.8137736703156868,0.38247813515996126,1.6014581381759723,1.5931878572025262,1.408365735776956,1.0,1.0111088099292587,0.6472341760659373,0.6483808958985008,1.0616690537380795,1.7324392515370446,0.32588761137806993,0.6425652529318792,0.8900700210840418,1.3829846715234595,0.5093064575589477,0.5377803507604625,0.6179635435273813,0.6692556189982231,0.5856256116583577,1.2040927023510093,0.9061665163346404,0.6674146559966528,0.7540346216136914,0.6771749736421592,0.8808903216464,0.5598688899982978,0.49911903570768323,0.5386829195724767,0.5443634648023574,1.917427869685013,1.8310527324191355,0.5730208936733131,0.6766267008068382,0.5797418917853424,0.5797038731877061,0.7011936124131914,1.3386706016834573,1.2148758875817953,0.5329076279657432,0.9355136078362406,0.49505031581885545,1.5133394912876614,0.6548470471175825,0.5886726687892406,1.9422469369365554,0.6028097760014601,0.5828187496341366,0.7488172124231451,0.7837287233154691,1.76541506382638,0.6491562003854792,0.6949013343054412,0.6127344250314436,0.7346214916538106,0.5726651132939964,0.7766048602020279,1.866551098897993,0.4446597687535937,0.4280302799081276,1.5178415820279363,1.7650133459703532,0.44527398201142787,0.5666387625762014,1.9263652391824369,0.853389001812695,0.6928172562760954,1.812632215992068
Denmark,1.3727471057625522,1.0876155855652212,1.254081590372626,1.5034890746433525,1.3528941777167378,1.6277324516354672,1.3586075339598016,0.9174844471714463,1.6445101295448459,1.7461929905051659,1.293545780342505,1.2457992737569703,1.380008626850544,1.3688597169076835,1.1474933469783664,1.7697047731284574,1.6889073753908965,1.1543278383186482,1.0111088099292587,1.0,1.2566028639704976,1.323869357720133,1.2360894281448025,1.552306738019297,1.0879717348490023,1.3397220994669594,1.407419715152184,0.7319242352787647,1.0804599331096214,1.3108644607921969,1.3248381635653683,1.3118734040310471,1.2963158383037074,1.5203985191573768,1.5197481976923035,1.3764309134730974,1.4170997866699604,1.3228898821468116,1.3624118767282654,1.2453208367261404,1.185039424302362,1.2574707873555517,1.2517993137750283,1.5605371563075923,1.4136457936500113,1.3251451096326703,1.448705828319661,1.0989661268190518,1.2606717572817472,1.3696318646169996,1.289052327751007,1.381964074893955,1.282668496676035,1.4500183123484705,1.268374557697162,1.7477173329020517,1.3399527196182017,1.2563757154633168,1.551828977162546,0.9332915514073683,1.141243364148753,1.3730057230345791,1.354398225991418,1.365864068785089,0.6188792495990116,1.4031102807961606,1.0058510252617057,1.19143720299941,1.2979566067209747,1.4307886179840086,1.3544518699585268,1.1551978748510254,1.1830942479901136,0.9511079151127021,1.6624692454018974,1.0634443997999636,1.2940327981604218,1.5547879514627585,0.9667000225866741,1.3843237692874721,1.2304894248122107
Ecuador,1.9095157962564742,1.2716765750096715,1.610087595079273,0.5405076113762605,0.24219137187870274,1.6426589200635577,0.4372948851214193,1.6743109772278113,1.9247717063417589,1.8415723223970766,0.20510034268540364,0.23199218665201982,0.30133635541191267,0.29296702094114224,0.3972137126444633,1.474352273421039,1.3677661892867126,1.6395220636334562,0.6472341760659373,1.2566028639704976,1.0,0.43451251298212173,0.939108640190111,1.4892314688819235,0.7248048442354722,0.26040861861693554,0.5052238213105461,1.5179707594810787,0.4208764125315944,0.5825079784805313,0.24892848254775177,0.8636173762805717,0.2350693694174496,1.305164609598577,0.5988326502411373,0.31469570176185385,0.3218989205790473,0.19217816046119815,0.5810722400740429,0.2249457113028029,0.3276876382529263,0.2977269915728121,0.2720151397223821,1.972252934096827,1.7446555552063072,0.46217900403340456,0.5805812816688656,0.44043549034357726,0.3157952194380383,0.26706937834067324,1.5432387788364546,0.7819547311225135,0.39650565206479865,0.4208071134249864,0.355350487248833,1.3410807122183177,0.25976127808796556,0.23960703678510398,1.9430282772298857,0.5183405252093922,0.32894356068209324,0.35313136854682436,0.3121416890209267,1.8125405909903891,1.0135561358809866,0.3605198445596437,0.5432567668494278,0.3578956711533226,0.2760674774134786,0.3358549067279382,1.9134872956831563,0.37142631981302815,0.3372211448354074,1.5814786996251167,1.4570568080708497,0.40302040058090155,0.3263629565229005,1.9879143884767878,0.9160805237930164,0.29032490231390007,1.8687396597467527
"Egypt, Arab Rep.",1.8669211731875153,1.2284264185206348,1.604242823602774,0.5631753190183346,0.32393500184018903,1.7172619749114775,0.5610203158306937,1.7046785730959368,1.9094483015241217,1.8107096731128682,0.35267513638690096,0.3734719584915237,0.41084174218948294,0.40913198558678254,0.4808633676795638,1.446826160806222,1.3251703046863081,1.595643506126473,0.6483808958985008,1.323869357720133,0.43451251298212173,1.0,0.8944207015093413,1.60146293214164,0.7745163750063758,0.3753078969182455,0.5155235808892601,1.566024521641359,0.4477656454696429,0.5474803206534153,0.38302075363133664,0.8868194315390666,0.37275316282893145,1.1642120610093196,0.5800191084862655,0.38607981455299,0.3964969167464639,0.40303077530839726,0.5438294079020382,0.47683674513549024,0.40346464348968636,0.46430757960193686,0.32804205815762,1.9760223835152906,1.8234603503675682,0.3965441695771753,0.5939850434407303,0.48214856706784487,0.4158079722719514,0.38931325535073363,1.581694318869748,0.9743525879889928,0.5750281003406148,0.5513868484079671,0.443506425480293,1.2384592278852105,0.3830907287236537,0.35714583287920876,1.9314491753155032,0.7500967506192834,0.5178396558523424,0.484860940040557,0.3370111572679622,1.7266209958221168,1.0713625289183824,0.43860268184504053,0.6102348717507338,0.5877714254815366,0.3521136794625224,0.4151229926529284,1.94049424687284,0.5121471466748161,0.4636665712684196,1.6368838201592923,1.4871340278744953,0.5419760564837753,0.4211642811160934,1.964634588927874,1.0715580805717773,0.3776740123323246,1.8478152038382818
El Salvador,1.7165724287711026,0.9955619423747194,1.2429282255964043,1.131535536140864,0.9132839690329567,1.7019460397505417,1.092794674174827,1.5537040808809053,1.7246853777228766,1.6247876602074862,0.9060645766325691,0.8869752691426391,0.9348783368521123,0.8432082165291233,0.955503401383558,1.7050065293597925,1.3587850029668957,1.4430443896254814,1.0616690537380795,1.2360894281448025,0.939108640190111,0.8944207015093413,1.0,1.5806542613136607,1.1612733324231521,0.8981297862413576,0.9277789278596019,1.2576166025387792,0.8937209921416464,1.036471938706659,0.9232397330181742,1.2418746554711706,0.9119761062547564,1.2907741469781713,1.1526589787392212,0.8956243463083687,0.9372036973539599,0.902482923412165,0.7717408565990832,0.9364905296583642,0.8294171756284766,0.9012571294089041,0.8701609100569544,1.836240897643756,1.6876010368884549,0.8741491755825262,1.1833369852702655,0.75812235581779,0.9019890199708747,0.9080849893489704,1.4820533180717343,1.1310450126034162,1.0080279911776577,0.974482660683751,0.9543753396205444,1.544651004577387,0.9050777123949127,0.8504536585807269,1.6801325171730717,1.0096703160667522,0.9258102778741994,1.0391693695908342,0.8262532759079929,1.5867555489058256,1.1881830218499019,0.9533449853050534,0.9386110779575494,1.0105015850632055,0.8955735210697277,0.9015293091571136,1.6903384377650095,0.8925802816776751,0.93882964532955,1.2927334728429338,1.3292375651888135,0.9494023994919609,0.8936861757944853,1.784458895356983,1.2566151791133482,0.932380205833269,1.600723703487321
Estonia,1.1441913163216655,1.3547009225324067,1.274829705829721,1.5643540189569958,1.5461065841504062,0.4010150438473361,1.568964557463561,1.6190465168265862,0.9580697170026932,0.9304487193993505,1.5601123734088196,1.5997477648608882,1.5819517506229641,1.456520946531795,1.6894684622766871,1.1621326439907869,0.9723478511709587,1.5668188333231607,1.7324392515370446,1.552306738019297,1.4892314688819235,1.60146293214164,1.5806542613136607,1.0,1.7813113846135926,1.5775942720312681,1.4779078491470552,1.505159818913822,1.616340389020189,1.7548154434688708,1.581412021154739,1.7655008314605003,1.5916927340536935,1.6762041303932933,1.4655853036558366,1.5707180342422773,1.531893594652343,1.5266123955459658,1.5871604960810086,1.5796898713805643,1.6526653817251848,1.6380345891963584,1.6221764969122223,1.1463553655034087,0.6702359281923872,1.6868091674173555,1.6275204944382835,1.5827466444819165,1.6270324506233866,1.5447728434570966,1.7194484624413513,0.9900160764009857,1.6495031578139532,1.342562221909923,1.6695092973759118,1.136453868168841,1.5705339320638236,1.575547431509558,1.1132824079241013,1.5185115436576928,1.5535300436681398,1.5035154847255114,1.5056903575879175,1.1914580865946247,1.6986386533194902,1.5735540097183496,1.5068454636299151,1.3350394503509702,1.6109590839590653,1.5002036104176721,1.1179564537892548,1.6749767402206657,1.6699626984940488,1.3044569687918683,0.7443559015518963,1.6431301997682355,1.6433116341676686,1.209166743667798,1.5978170637524558,1.5582531312707548,1.165301895550685
Finland,1.8704097117418637,1.4935893717631228,1.7395342747646383,0.7952008704335314,0.7257737236844934,1.8573477738482551,0.5896416343982167,1.341486342051539,1.9746860834526059,1.992038651481737,0.6603946381458584,0.6095349225938629,0.6784595758675181,0.8927006936829721,0.38540035659880345,1.6135737084225632,1.6598661021710217,1.4611163915371304,0.32588761137806993,1.0879717348490023,0.7248048442354722,0.7745163750063758,1.1612733324231521,1.7813113846135926,1.0,0.678643185008923,0.9507258131090054,1.4399130135145233,0.6218228797484298,0.49664548601097497,0.6560811945089478,0.49212565320507007,0.625104584149168,1.2125483476587684,0.9562486129870276,0.7303556729367138,0.8002110920871052,0.7238747964320525,0.918348368584667,0.5953440761529462,0.5961521978744975,0.551681970352223,0.6122449145870769,1.8882493455058607,1.865155766728221,0.6211726804056948,0.627005661373405,0.7549577264181833,0.637180072354306,0.7342905833172225,1.2058514076858615,1.302932181984913,0.5007028866723033,1.0091121611594494,0.48126192501638826,1.5470830739059778,0.7015748805005939,0.6785999136785017,1.9424209813993907,0.7235476762152787,0.6518398814418866,0.7568510012522058,0.8627775133822753,1.8301627992702048,0.6857040563561795,0.6961261153147366,0.718070265696691,0.874526075742693,0.6078702168782298,0.8323701435658638,1.8772935319487514,0.45288206701341727,0.44815199846842335,1.5920426122130376,1.8347567160120972,0.5709873420011676,0.5721163230579357,1.9077167924612999,0.8277587500009955,0.7239363200604852,1.8506859847134496
