Country Name,Albania,Angola,Australia,Azerbaijan,Bangladesh,Belarus,Belgium,Bolivia,Brazil,Bulgaria,Cambodia,Cameroon,Canada,Chile,China,Colombia,Costa Rica,Croatia,Czech Republic,Denmark,Ecuador,"Egypt, Arab Rep.",El Salvador,Estonia,Finland,France,Georgia,Germany,Ghana,Guatemala,Honduras,Hungary,India,Indonesia,Israel,Italy,Jamaica,Japan,Jordan,Kazakhstan,Kenya,"Korea, Rep.",Kyrgyz Republic,Latvia,Lithuania,Malaysia,Mexico,Mongolia,Morocco,Nepal,Netherlands,New Zealand,Nigeria,North Macedonia,Norway,Oman,Pakistan,Panama,Paraguay,Peru,Philippines,Poland,Portugal,Romania,Russian Federation,Saudi Arabia,Senegal,Slovak Republic,South Africa,Spain,Sri Lanka,Sweden,Switzerland,Tanzania,Thailand,Tunisia,Turkey,Ukraine,United Kingdom,United States,Uruguay
Albania,1.0,0.013878910520817665,0.01281144337116738,0.020255278894251143,0.030390069468646044,0.009583424732119329,0.021076586072135806,0.011092454394531296,0.010282838166516876,0.010345758562960352,0.02487072115994639,0.03654007024778789,0.028592114380087987,0.042676593544203396,0.018758549394631546,0.07321249586869275,0.013922220123353767,0.00989118116396698,0.032506019303535943,0.011869955627900839,0.04951607761403943,0.031799381296218246,0.017560627881893623,0.014111595250693117,0.015499744870650036,0.018213013886475355,0.06402731128926933,0.0112060594948015,0.023959256805574345,0.07427000721454137,0.03815823750606955,0.01535848552951082,0.028629590531601985,0.015331280229634784,0.03739676124593114,0.03242984112345176,0.029089928147367244,0.01623584048574794,0.04980232089770991,0.02381129197581809,0.02909052635797495,0.030180896038502877,0.029092272152703803,0.0190421209346177,0.025763975742096847,0.039944093200184244,0.0364230383929884,0.018276586771126303,0.033496473522940266,0.028239675349167135,0.015367941365973388,0.09585951516386183,0.04372453440627028,0.030333635091297953,0.030195897656659573,0.02955447514367942,0.03689163158757744,0.027534258476263243,0.007403345008454426,0.027277192771980603,0.02065928534772711,0.02700141097487375,0.04602027465292247,0.00841961983610042,0.0125885642941941,0.04940944193481579,0.03541103526048681,0.016407284322243452,0.03642036364487927,0.027052045179912946,0.011384629067518115,0.022964959578626504,0.024117552762681026,0.008380368962851808,0.010815148220742329,0.024996244291792966,0.04058486903091479,0.006780798107253462,0.014911052229467987,0.02923970890486263,0.029742577769079497
Angola,0.013878910520817665,1.0,0.00837817578586066,0.014421807083798744,0.021905646153229524,0.011024492250501627,0.014352554372706192,0.01390194896455231,0.010481869252244274,0.014484437811789899,0.01656433755694299,0.028155256998420763,0.020300147722120084,0.03174290494891171,0.011685438294063696,0.07464996222688723,0.010594249661962842,0.010195401800670034,0.02615165969793382,0.009434941130636153,0.04113209118788232,0.02293762546284883,0.009052310989017685,0.01923513030413353,0.010666475026038177,0.011331774554605469,0.05505068235285163,0.008988945893310238,0.01683936440300418,0.06592981002503835,0.02945716565211096,0.01150199319331196,0.020511443168520094,0.014405004604595087,0.03078120851283088,0.024341454335700095,0.019902480891092717,0.010207506253997167,0.03838434684404165,0.015745966996174473,0.020714856564117107,0.022187514024040008,0.02107478459544763,0.02972768752524627,0.03113991380920817,0.031259752473728995,0.029293465190341882,0.010091141905161007,0.025585692150831525,0.019706561315709664,0.017889301354802253,0.09164948652753604,0.035700251603546396,0.0207971144221281,0.022466066016087204,0.026693161237465145,0.028024049305280952,0.01892564123441903,0.016132415669847258,0.020998292530150123,0.013351480261294265,0.019673735326829922,0.035182634798389956,0.009178377696728843,0.00989638544151256,0.040594740165010836,0.028372844099168248,0.009850155497015727,0.02861115448068301,0.01791401352730662,0.01939954582742681,0.015260442294785953,0.016472014266155334,0.008556665050357393,0.008689876884188628,0.017416443925507417,0.032138302265364974,0.012177755625492767,0.009788659509165269,0.0207432811683139,0.03929071611559008
Australia,0.01281144337116738,0.00837817578586066,1.0,0.017226758255170033,0.026772455724351753,0.011133787544126753,0.01917793745323108,0.015658680900393733,0.010891516755475013,0.010789858022987023,0.021949762914327677,0.033184454051337554,0.025014870264632144,0.035917089293319174,0.017307292299678298,0.0731138484968157,0.012064274579131964,0.011403039665008224,0.03268048631123026,0.012455359833125155,0.04555112696167123,0.02958454496454862,0.01401158819634042,0.018128122896662272,0.014318633318180734,0.015689176728180765,0.06060389055664526,0.010475577621531493,0.0237839570655176,0.07031388840841346,0.033935261174932355,0.013998333867701879,0.025552492295852512,0.015387665131305754,0.033057779085346,0.028916989862010106,0.024433471491405727,0.01413749393359847,0.041905321931003624,0.020946352220962805,0.025862465388554107,0.0271088310250263,0.026362699450704928,0.027260191927598997,0.027353319795036687,0.0357420985853027,0.03326412565202462,0.015959639329593725,0.030346390327664247,0.024418828043854864,0.01726340593334006,0.09320059399443979,0.0400866100330415,0.02533752878047583,0.027712324079707803,0.029238891879367266,0.03241016647127126,0.024373446802219055,0.013259002209195778,0.027410851606046723,0.019356737304183885,0.024239491106008714,0.03918809277381889,0.010558315530389259,0.011735500236703524,0.044953477944270834,0.03479800512103948,0.014878851746336819,0.03371326467457707,0.02252268212170955,0.01561631297521107,0.021162135777632967,0.02225707804633398,0.00865300298155111,0.010274608712185655,0.023426428129662707,0.03683257401126629,0.011324227238598676,0.014028766414105654,0.025442519982318158,0.03502882107025708
Azerbaijan,0.020255278894251143,0.014421807083798744,0.017226758255170033,1.0,0.010485813609027847,0.010845641751869743,0.0029722336117936777,0.01690325358269722,0.01001225529731898,0.02041026946102119,0.0052938825442280565,0.01628542383721024,0.00833798169748726,0.02445156663717095,0.0040549577793847465,0.07103879064368392,0.010779495614858076,0.010823242237091956,0.019176209694648463,0.009687098671832043,0.02987450213393777,0.01615527836970031,0.00830661998846659,0.0227131294836701,0.005957019979745715,0.0031995431906919596,0.05151505402739136,0.009372629305730597,0.009062288829670757,0.0541016328874673,0.0179209259851186,0.005513663006049918,0.008514787742289117,0.007872123240104957,0.018923169683412275,0.013075207930218711,0.00916909625503942,0.004723023329832927,0.03106251633361427,0.0043749371276414865,0.010210658010094742,0.010179224906078964,0.009248355687063647,0.03505506489759897,0.04248437211013167,0.0205500267492853,0.016663365388904172,0.0051010639116365825,0.013657621825359059,0.008190244638056263,0.013259981631642496,0.08937753126182081,0.02376844604559548,0.012509035640530752,0.010625205525656024,0.022459268517890797,0.01671847777497414,0.008410951642545097,0.02295020187788518,0.016683913776382696,0.005262313105041088,0.007911395414267323,0.02836750754124806,0.01225793992691731,0.007708492828188939,0.029158743544160492,0.02160367457832169,0.005440072135215991,0.01669458494266463,0.007564354989167967,0.028383262502842222,0.005033719961110018,0.005820394125034937,0.017191474739170085,0.010511587585303905,0.009546971749277025,0.02033571102319613,0.013487362303423029,0.008016366273158656,0.009183220640425293,0.04981645898159566
Bangladesh,0.030390069468646044,0.021905646153229524,0.026772455724351753,0.010485813609027847,1.0,0.020843874101240077,0.010388658556587485,0.025478284982574505,0.020109791683790363,0.02991946195333614,0.005845097569775766,0.006823269624767207,0.0034344576669003758,0.014018037226454724,0.012395680738014921,0.07320379157355464,0.02058687029066301,0.02053029839801738,0.015603359307111408,0.0188858591622545,0.019519143180083125,0.007579659181666557,0.014234516527541543,0.030563958833462326,0.015708379846556323,0.012295799373690007,0.042178729050329676,0.019283325816749037,0.00809180954905324,0.04410878940177979,0.007781254276596543,0.015800317734865153,0.002957212455799262,0.016247913532114352,0.012762121976554406,0.0035151663734598764,0.0031928475997311037,0.014256400634268432,0.021765609150225997,0.00785308166344195,0.004967951238907334,0.004833955413016937,0.0033296054000810918,0.045014617212763196,0.0516057020165684,0.010730321159850773,0.010315419830047134,0.012113513141174478,0.005848811896077161,0.0029306078158108494,0.02198755108267815,0.0834684399780689,0.013925920284293791,0.007302024835557389,0.004405561390031936,0.024711345182620085,0.006501608116717582,0.003695483589979967,0.032807452278747026,0.015090042452841982,0.010830784777031878,0.005074966887793884,0.018040098326855016,0.022228454417919468,0.017980167861051236,0.019045955093278905,0.015538182849529916,0.014011566162529375,0.007092211081113995,0.0048237362541122515,0.038426119258510645,0.00910827477237997,0.00804619659325943,0.02585181007541579,0.020358537823225543,0.008777479984819703,0.010258686972821094,0.02362140243976735,0.016940157904020554,0.0021810606991765572,0.059856411360612635
Belarus,0.009583424732119329,0.011024492250501627,0.011133787544126753,0.010845641751869743,0.020843874101240077,1.0,0.012334381637071673,0.011947910193070937,0.0023166696529312992,0.010534388866472436,0.015415618944007026,0.02708570141638206,0.019167713023258648,0.03377148218695761,0.010337914757896294,0.07034243876763788,0.006886585762498985,0.006403034085975984,0.027627540810959743,0.006757547847469845,0.04007817276095813,0.02363360936458229,0.010132497564271498,0.013633557195695695,0.007504943104966485,0.008852283678685057,0.05811288930547737,0.004794905623330323,0.016359769904796363,0.06493222740771064,0.028620397441272243,0.007343754189260686,0.019301882439839168,0.008494729781781134,0.027849368618466302,0.023239025358902172,0.019509273277118024,0.00692778403346167,0.04078619068490843,0.01453136899977423,0.019555545654753415,0.020973000897024075,0.019852530031390096,0.024366047617599754,0.03202861690351374,0.03059334170439576,0.027451894777819515,0.009809595451040381,0.024366711259773306,0.018697522570947357,0.012000781161965934,0.09206735504367046,0.034613995467135214,0.02108866443996327,0.021253232786169696,0.024329134394430334,0.02732434447885582,0.017983228206529762,0.012318847634692879,0.022158102652781612,0.01233346660320041,0.018371360371540035,0.037225010944624645,0.0038403907760785143,0.0047071056540755355,0.0398880191269439,0.02986788917315264,0.007558531977718401,0.02738938923752403,0.017505831066965787,0.01791480346561945,0.014228952765045327,0.015375147677907876,0.009471588504223612,0.0036179535113652684,0.017107722074799256,0.031095922606439466,0.0031706945664380605,0.007153173678760044,0.019706867699327245,0.03901285309366401
Belgium,0.021076586072135806,0.014352554372706192,0.01917793745323108,0.0029722336117936777,0.010388658556587485,0.012334381637071673,1.0,0.015763481140300697,0.011368152543098338,0.02249266152298312,0.005327765812014566,0.015694233780947343,0.007795657624416281,0.024368002764597482,0.003079590608940503,0.07220472560364768,0.012576808487934629,0.01176662975935655,0.017508706717651045,0.009385930355780567,0.029552011516625162,0.015508976057034461,0.008549824388602037,0.02424284660850674,0.0055855390261336,0.003694626190196666,0.05170696580538879,0.010039183360528692,0.008468396999335995,0.05319571296993666,0.017315665028793985,0.0058056076751256645,0.007877258984096793,0.008845588916553083,0.02012875337853371,0.012807891138959221,0.008887574012950789,0.005427923328902898,0.0305929160224823,0.004280238910636952,0.010142700286943538,0.009508136003914728,0.008777619873577197,0.0364941123342177,0.043936533097169446,0.02017036013984565,0.015374688956215618,0.005542247334671793,0.013002861043185734,0.0079051860845477,0.01243474118964322,0.08917238566034726,0.02266545788184019,0.012695491072719604,0.00912182130131437,0.0233025208749814,0.016185804456605293,0.008434120553694899,0.024651273106409886,0.015208449251007805,0.004564071582757187,0.006775956177316286,0.028422165352031955,0.013654948925541071,0.008694110156795396,0.028512027237702534,0.0200636594384813,0.0052740136444264585,0.015598344178667758,0.007637745356519908,0.029586250613181424,0.003998048971844717,0.004459444243489571,0.016683160407594103,0.012419599757996103,0.008599550437157303,0.019760445812656242,0.014673905766907601,0.0069523363951107375,0.008858819139732022,0.05077042102888672
Bolivia,0.011092454394531296,0.01390194896455231,0.015658680900393733,0.01690325358269722,0.025478284982574505,0.011947910193070937,0.015763481140300697,1.0,0.011017174924314657,0.01863929219945872,0.019692992935511713,0.030915750278582003,0.023096760626753074,0.039377432528524416,0.013321799812194335,0.07937820937282204,0.0178314863508268,0.008888299144309367,0.024059840137481327,0.007887753171964535,0.04483843198404191,0.02908114161067613,0.015186938006663236,0.023676870613665926,0.011038702487448943,0.014051848421496997,0.06459620720759304,0.008925695943238214,0.018291937606269865,0.0670687630389397,0.03240874154144896,0.011532896983402537,0.023145641932280463,0.015228320609303217,0.035466962221803976,0.027821552529997257,0.024112409998683738,0.012638522380391742,0.04589426566142821,0.0180427097792599,0.023734276931406343,0.024059274799749508,0.023660337807763446,0.02692042923164776,0.035858767943664736,0.03548019818163304,0.029672344224295065,0.013857916331762865,0.027799021432389423,0.02315174534056,0.00909611989661405,0.09756239556279424,0.03629375462587426,0.026912060793420855,0.02381531612077956,0.03495473543534497,0.03144219727195392,0.02262738832204319,0.015734684105115342,0.019874197484401473,0.014825620324490751,0.021721815887322735,0.043083894990371706,0.010627908668385058,0.010338214388864442,0.043453585980477154,0.02942000994164568,0.012739860794123547,0.03087742010776763,0.022565067055115653,0.019157305587365843,0.017098551567973415,0.018008882128384487,0.008804165252613697,0.013560846654296316,0.018914871166789287,0.03488309226303012,0.009887649297414215,0.009501717194665383,0.02413266177854722,0.03761284077459118
Brazil,0.010282838166516876,0.010481869252244274,0.010891516755475013,0.01001225529731898,0.020109791683790363,0.0023166696529312992,0.011368152543098338,0.011017174924314657,1.0,0.011777978082588831,0.014605717848062567,0.026286303811836123,0.018349000528864325,0.033360291089881304,0.009272876636664802,0.07211718084610198,0.0069399121712522835,0.004553859413058176,0.02621856321773827,0.00488749839620863,0.03936796773980082,0.023244427572379284,0.00928758632659774,0.01564586087892937,0.0060537799589295066,0.00797589195969487,0.058320403961053834,0.0026138392214572503,0.015153072538419472,0.06411312946977657,0.02787820664700171,0.0060145513420454344,0.018435725616076412,0.007481731712313007,0.02731617320794016,0.022467714712495278,0.018856298572988983,0.006019119136816557,0.04029362601786341,0.013655465176948687,0.018808497157098154,0.020090856400537215,0.01896170782058713,0.025149994061759474,0.03348201509896854,0.030031420259669983,0.02655278530026923,0.008595979240813626,0.023453379888280765,0.017956941030019376,0.011078534916637277,0.09318127814536892,0.033755794216840725,0.02067466838856067,0.020333709998242536,0.025050509711816837,0.02661034025691866,0.017257752239923846,0.013329650102541031,0.020588365869556518,0.011363856905902667,0.017432794268861487,0.03686127055895839,0.0032534018493144638,0.0028567893160709825,0.039135272523258914,0.029052532938606296,0.006276164318194268,0.0264796785473545,0.01692446916392047,0.01866464481084997,0.01323220003672472,0.014404422599796504,0.009179446724635632,0.003984410197330647,0.015730544631641544,0.03031733978385603,0.003518895354601641,0.005712899251570501,0.018956897514086773,0.039804373663728985
Bulgaria,0.010345758562960352,0.014484437811789899,0.010789858022987023,0.02041026946102119,0.02991946195333614,0.010534388866472436,0.02249266152298312,0.01863929219945872,0.011777978082588831,1.0,0.025194663547849105,0.03620753801763504,0.028216795734836608,0.038794307623322755,0.02081495882428786,0.06828968445528436,0.010791561698447402,0.014552706850276625,0.03790418101533127,0.01642246359014326,0.04868430485661255,0.03244389879268791,0.01735738626585429,0.010046629429276031,0.017730496187273095,0.01898009634175781,0.060002612123665006,0.013906417767861454,0.026892981100495955,0.07332840517381632,0.03702516516574626,0.01711635380846978,0.02879430035051692,0.017301463876041673,0.03533006886812759,0.03183809332810905,0.027335054240937216,0.017235560196100154,0.04627553051480132,0.024196855146149027,0.02918052067405297,0.03036954912471419,0.029626076556483198,0.020666096811626216,0.023983189078081956,0.03871778148077967,0.03667544292519487,0.01998233231841258,0.0337954571144502,0.027526948065456667,0.020180630013055863,0.09330331902453777,0.04306831229692252,0.027989770550352015,0.030989972678203966,0.024517179868045958,0.03544560403335502,0.027528083219158627,0.008247017800820152,0.03162586877899043,0.022307366150789522,0.02785652887138667,0.04222559391207052,0.011430205556507584,0.014626597769133172,0.047844852851596495,0.03850423292697905,0.01801608113444212,0.0370044503379376,0.02542095908402822,0.013179782747658795,0.02456903938321984,0.02562248222856132,0.013870668895377756,0.010119063378096557,0.027389099395745214,0.0399343955593481,0.009674491352542272,0.016894633214036333,0.028583021219347984,0.033900473667385314
Cambodia,0.02487072115994639,0.01656433755694299,0.021949762914327677,0.0052938825442280565,0.005845097569775766,0.015415618944007026,0.005327765812014566,0.019692992935511713,0.014605717848062567,0.025194663547849105,1.0,0.01168070074572588,0.00375231267626587,0.019847341765561327,0.006586630433290327,0.07337483746742014,0.015273610180106085,0.01506514802573338,0.014952551838525969,0.013303614502748692,0.025178360198275948,0.011428607335587765,0.008972685742402712,0.026065607134448446,0.009901729281653815,0.006660626156689834,0.047432597081488226,0.01368629513112347,0.005536212761758841,0.04951852168476325,0.013290319067613852,0.010081041513049024,0.0040147120501955935,0.0116443426923223,0.017329950238941492,0.008468442209444683,0.004594046077247399,0.00863772825450076,0.0263756228948197,0.0023873773752211827,0.0053849294570836185,0.005676775399694335,0.004645123264233997,0.03961576712525669,0.046521760486696026,0.01582772797095547,0.01357727113351577,0.006625877435862177,0.00926813727281228,0.0034763345749070046,0.016672660219250856,0.0866971110062217,0.019206024395910706,0.009187757573155476,0.006138195012660373,0.023144883180535317,0.012056867246272546,0.0031858876456353734,0.02747086522908887,0.013997149307982522,0.005260562248567387,0.0044682735804208356,0.023879586769064553,0.0168225990895839,0.012330867584615029,0.024538751192176095,0.017431742995858666,0.008463748822900453,0.012185712888009022,0.003974094108632371,0.032964899348939,0.00370228039708697,0.003121948114084029,0.02030275950792657,0.015145331304564297,0.006099789657745688,0.015715051396356854,0.018092536255915316,0.011125442134584308,0.004505245780999453,0.05440763707072881
Cameroon,0.03654007024778789,0.028155256998420763,0.033184454051337554,0.01628542383721024,0.006823269624767207,0.02708570141638206,0.015694233780947343,0.030915750278582003,0.026286303811836123,0.03620753801763504,0.01168070074572588,1.0,0.008859151407341358,0.010299023553824149,0.01796186749023518,0.07627972110140596,0.026803298700681443,0.026744753344194436,0.012484410277176103,0.024942247529237287,0.014223647093458336,0.00824220325022317,0.020218449187158084,0.03646402625121898,0.021241899668784182,0.018329306296109057,0.03875010748465955,0.025338948824992033,0.013187072602219555,0.03784830614701183,0.002898558787737281,0.021434300949047542,0.00805611156346071,0.021629048182313492,0.01295328044907771,0.006116355896075947,0.009526544591618544,0.020305513015819895,0.018391020203151642,0.012896283545993106,0.007610020628886919,0.007500504791500573,0.0074839177351861,0.051273141832067645,0.05776156875407767,0.007225932704653712,0.010961748945394591,0.018306480821444083,0.005037438567224602,0.009041185704094562,0.02554543081691474,0.08131724179117994,0.008771322845807002,0.01232143146260097,0.007451408141850619,0.03024434329209416,0.0036815238167357328,0.009245568858427377,0.039063912116301176,0.013277077692655227,0.016534527959929407,0.011089976940867963,0.013951600260639864,0.02848431487800467,0.02396449723097294,0.012875510578598193,0.013368267822724603,0.020138446654841227,0.0033054099659451303,0.011266506650950624,0.04453809274914882,0.013831706246058307,0.012909199441264783,0.03195356205857473,0.026605802491155676,0.012118866065886007,0.004271439420016634,0.0297690685294669,0.02212037180092235,0.008267185776653441,0.06608766295323647
Canada,0.028592114380087987,0.020300147722120084,0.025014870264632144,0.00833798169748726,0.0034344576669003758,0.019167713023258648,0.007795657624416281,0.023096760626753074,0.018349000528864325,0.028216795734836608,0.00375231267626587,0.008859151407341358,1.0,0.01678294191097933,0.010045256988778168,0.07304918663136784,0.018986347964179178,0.018813306651191224,0.015177225277091108,0.016993955038071072,0.021816593452655027,0.01081352563103153,0.012313871803866299,0.029401435758645615,0.013332431234100096,0.01038461300353173,0.045112234162572644,0.017389941497420527,0.0074169122038732615,0.04576780583239775,0.009591097154974946,0.013521326869325176,0.0017790547982198105,0.014559507938664363,0.014923029892433761,0.005587635091896188,0.002373770189281419,0.012359721940646324,0.02356490389414064,0.005065232470783788,0.004717553506604697,0.0037214481435404456,0.0038493029119797636,0.04336698533557723,0.050162467866854396,0.01245014507020185,0.010045473075309971,0.010372003191775682,0.006945834584516133,0.0013354283860606145,0.019014663794184684,0.08544426479160096,0.01545612012048176,0.007661274621680068,0.0040641259724080924,0.02358537544570599,0.008406783353781885,0.0034354410655715725,0.031201745024737583,0.015560408176433322,0.008614446506705372,0.00324090809910465,0.021032141096078292,0.02057441415545632,0.016015569855006326,0.020824554139749093,0.017351697166132097,0.012193995338124503,0.00909568766440939,0.0030949984593566923,0.03662955132144309,0.0062091400030184875,0.0053737780286458835,0.024004649488149253,0.018756082597470216,0.008210112319352614,0.012013785214749984,0.021825342603575784,0.014390977451470758,0.0014862650768313853,0.05815336910758058
Chile,0.042676593544203396,0.03174290494891171,0.035917089293319174,0.02445156663717095,0.014018037226454724,0.03377148218695761,0.024368002764597482,0.039377432528524416,0.033360291089881304,0.038794307623322755,0.019847341765561327,0.010299023553824149,0.01678294191097933,1.0,0.026404259990316276,0.07387961121954444,0.030089527398374852,0.033986886333595735,0.02205285729366501,0.032506976128058175,0.012136962850825678,0.012486350131674975,0.02577558601694887,0.039827208802256514,0.02970331709778535,0.026145025574476233,0.029336507217654677,0.03277034040487428,0.021295596430638927,0.03953585474526673,0.008613472845944593,0.02975609848906328,0.01669093605380643,0.027965732093564653,0.011158959898841914,0.011933164427470111,0.015519758343953723,0.0279885458857759,0.014822048201445247,0.021766579169970556,0.016290288358876293,0.016552781344757166,0.015930001972074663,0.05801653187904902,0.06091840544286312,0.011692537238549147,0.017216620164200534,0.02554452141874407,0.013167675894072464,0.0164745376446204,0.035011017397713916,0.0734961856217135,0.014117797705916207,0.012688567060946235,0.016833036450458225,0.030760371917428544,0.009017717768043866,0.016930603850913793,0.044296478717013775,0.022697824596209636,0.02466624908140419,0.018060754768851342,0.006066433757584855,0.03440376772022812,0.031624491914057064,0.011056320809027586,0.018729888635105937,0.0274524602157633,0.010001681820047454,0.016930507150190274,0.04964876838979477,0.022860529648210393,0.021938655806189793,0.03808551029565559,0.03194057324503596,0.02082007457372301,0.010511418058343327,0.03682847919237031,0.03093416101901123,0.0155547869292356,0.0704351672751611
China,0.018758549394631546,0.011685438294063696,0.017307292299678298,0.0040549577793847465,0.012395680738014921,0.010337914757896294,0.003079590608940503,0.013321799812194335,0.009272876636664802,0.02081495882428786,0.006586630433290327,0.01796186749023518,0.010045256988778168,0.026404259990316276,1.0,0.07382395817608084,0.011108991553299646,0.009571440152550525,0.017758164442700303,0.007078551110699206,0.031721857983116115,0.016750115646329847,0.007324807063267696,0.022817014850423374,0.003328216108145892,0.002355770996001294,0.053285791366284585,0.007793268061262527,0.00761525118756513,0.055511487639338594,0.01959068139935496,0.0040402122422795155,0.010072960836384315,0.007754438296381402,0.022476005870173323,0.014752521887338506,0.010997525662615188,0.003594642075416117,0.03278256743305342,0.005122638091056534,0.0107573512466293,0.011437324473705676,0.010545158312278641,0.03429249832273426,0.04206021593052464,0.022379105333872995,0.017812635780147777,0.0036511927706113574,0.014791270895696278,0.01003613533730087,0.011274419342294126,0.0905801378671375,0.024995684137172847,0.014358328567339066,0.011450551423049302,0.0253468949860541,0.018447099688042916,0.009541980375353722,0.02260203534395527,0.01415583802315787,0.0034452524475215717,0.008734722184560893,0.030314385977244843,0.011419360310678901,0.006490377617433916,0.030792736525981065,0.021386424433186252,0.0036986268667039707,0.017763748581229956,0.009494988204970392,0.02744919737965993,0.0042133286445149385,0.0053712412574505805,0.014140681444924608,0.010836214923881315,0.008197408332168652,0.02202816538270317,0.012474296645070144,0.0047898401863156435,0.011016043644958236,0.048443249589078925
Colombia,0.07321249586869275,0.07464996222688723,0.0731138484968157,0.07103879064368392,0.07320379157355464,0.07034243876763788,0.07220472560364768,0.07937820937282204,0.07211718084610198,0.06828968445528436,0.07337483746742014,0.07627972110140596,0.07304918663136784,0.07387961121954444,0.07382395817608084,1.0,0.06890214148564706,0.07460581783463843,0.07785717177456727,0.07425693851481072,0.07663723113393954,0.07393581618564242,0.07524734226131748,0.06593177503814754,0.07359087316365781,0.07270799131417859,0.07347065209695142,0.07374558144069876,0.07560335924156657,0.08204347216952698,0.07501936060734696,0.07299333175816695,0.0738051100002591,0.07225282763433895,0.06644735076383235,0.07280753966709176,0.07235818309740735,0.07253547248761018,0.07797548629457604,0.07356800047307899,0.07593547567063211,0.07531956840545637,0.07487620302597034,0.08015399885845388,0.08065850944908311,0.07556933826387598,0.07027335819590035,0.07413546060314971,0.07559742506756294,0.07295872603434052,0.07760448735560696,0.07431744280857122,0.07690755497019465,0.07054143375464056,0.07480765538959303,0.05509067107074979,0.07457262587269614,0.07429786233546067,0.07384179381045856,0.07641310083649543,0.07371752374963825,0.0715619433008522,0.07575618203405901,0.07271875626573725,0.07294288868458973,0.07463961577887336,0.07678882654144488,0.07197017481277357,0.07515382932205496,0.07196681960591454,0.0776698439892712,0.07490057446588322,0.07458240109766932,0.07584886098352206,0.07053553605320372,0.07539478161302698,0.07658497784157964,0.07264043986490666,0.0741652694973171,0.07266419835643424,0.08954906195465949
Costa Rica,0.013922220123353767,0.010594249661962842,0.012064274579131964,0.010779495614858076,0.02058687029066301,0.006886585762498985,0.012576808487934629,0.0178314863508268,0.0069399121712522835,0.010791561698447402,0.015273610180106085,0.026803298700681443,0.018986347964179178,0.030089527398374852,0.011108991553299646,0.06890214148564706,1.0,0.00962291139242797,0.027682798511880595,0.010916412557931405,0.03975035559564546,0.022461446960657466,0.011202571985394314,0.013423724859849868,0.009341223527519026,0.0093972215069326,0.054512943756680955,0.008995652151636807,0.01650996494039603,0.06450644805918462,0.028056494687536414,0.009216612305059633,0.019278929903455484,0.01044690980358957,0.026575128755113836,0.022957456511675727,0.018452407771239857,0.008293611913236701,0.03691509667301006,0.01452580162639351,0.019556429783190044,0.020944014975973525,0.01989936968301175,0.02853402959700486,0.03171467568572144,0.029849858447181785,0.027425629792773576,0.010282461692494542,0.024420722403959597,0.018357144201163668,0.01682329500399705,0.09000339631899279,0.03427703371410622,0.019232673193929555,0.021351202262797596,0.021021884993036987,0.02658843165453225,0.017631062691950698,0.014830427162094033,0.022679959333424548,0.012675070978289823,0.01848218104257279,0.033666908008771354,0.008111551460284765,0.007887792318211705,0.039110613905011575,0.0287950230669815,0.008126309732971638,0.027445172848701172,0.016481740390229007,0.020268534645012076,0.014521722791326738,0.01562961297419864,0.014656717295489837,0.006122789397067611,0.017318785255114603,0.03078697995058687,0.009179247632305213,0.0107163632680335,0.019401791486307433,0.04083054412710652
Croatia,0.00989118116396698,0.010195401800670034,0.011403039665008224,0.010823242237091956,0.02053029839801738,0.006403034085975984,0.01176662975935655,0.008888299144309367,0.004553859413058176,0.014552706850276625,0.01506514802573338,0.026744753344194436,0.018813306651191224,0.033986886333595735,0.009571440152550525,0.07460581783463843,0.00962291139242797,1.0,0.02394802374169128,0.004418502647424992,0.039716967534305606,0.023955438931431764,0.011151364756683626,0.01931757880032973,0.006519532163911785,0.008630027126745059,0.059394059903958726,0.003992563572478358,0.015271079725143214,0.06458044475477426,0.02831154639887874,0.0068227843359362295,0.01890891966903843,0.00897878423825673,0.028814770649272826,0.022876314148999422,0.01921811005543082,0.007016951618453501,0.04060309254095319,0.014128891236124886,0.01924207226531828,0.0205633555223519,0.01943354749332519,0.025751688024627982,0.03390905438802437,0.030292368584042516,0.02701832342678692,0.008837381057208693,0.023915975051400053,0.01838462795950936,0.011831680507708569,0.09442311924922983,0.034229275706117675,0.02150648489355698,0.02078662504471665,0.027111008230673583,0.027024516303329554,0.017666911660402105,0.014520438327051001,0.018664625048360785,0.011841569280069483,0.01784190165586703,0.03768423319904204,0.004398338153808466,0.004654312683173138,0.03957508411794186,0.028582667769486203,0.007250707087230212,0.026941344506361892,0.01720969714951285,0.018641652057553117,0.01359744101439073,0.014801982358918674,0.00886529977357824,0.007357927152822248,0.015675917181054884,0.030767674464204788,0.005992103874136144,0.006873460786614978,0.019389325024993423,0.03934291897801206
Czech Republic,0.032506019303535943,0.02615165969793382,0.03268048631123026,0.019176209694648463,0.015603359307111408,0.027627540810959743,0.017508706717651045,0.024059840137481327,0.02621856321773827,0.03790418101533127,0.014952551838525969,0.012484410277176103,0.015177225277091108,0.02205285729366501,0.017758164442700303,0.07785717177456727,0.027682798511880595,0.02394802374169128,1.0,0.021542786931028696,0.023072373071189468,0.015696187618653674,0.020596567488543133,0.038914575414065976,0.020500736098081385,0.019718481153010604,0.0471213590861933,0.02399971131167288,0.012646782775321226,0.04319691689644514,0.01431541004504164,0.021333014533065405,0.013730094467802115,0.022021680455543147,0.021621700606613028,0.015282277477410837,0.016974022501849022,0.02121109808742561,0.029532384584714615,0.015199411134430598,0.0116798403956101,0.011811241330444764,0.012982813240352135,0.04962646281222032,0.05626158048977663,0.014861995643924044,0.01323415152873813,0.017926016946274895,0.012882627445835283,0.016038707639432853,0.022938364970658615,0.08711485730991632,0.013760464477297113,0.022228427556079906,0.011204911255959892,0.031794984313786016,0.01558936178770248,0.01389800175981884,0.038437610760286366,0.010703258597563338,0.016284571853517827,0.016407039111514865,0.025474253470410366,0.026485024231716503,0.02342063578661462,0.020972351207664816,0.013864184323445017,0.020081511885489702,0.013205545298180294,0.017272116918611587,0.041707098838192874,0.014302731129829119,0.013380745497456164,0.02790425449479717,0.027952792893145867,0.010928554949421214,0.01447989576502003,0.02895632275219056,0.02101464087959904,0.015812458039197366,0.06125683918145985
Denmark,0.011869955627900839,0.009434941130636153,0.012455359833125155,0.009687098671832043,0.0188858591622545,0.006757547847469845,0.009385930355780567,0.007887753171964535,0.00488749839620863,0.01642246359014326,0.013303614502748692,0.024942247529237287,0.016993955038071072,0.032506976128058175,0.007078551110699206,0.07425693851481072,0.010916412557931405,0.004418502647424992,0.021542786931028696,1.0,0.03813935987845208,0.02220639924393359,0.009242965652652509,0.01975871143435751,0.004387735667520271,0.006756009797842074,0.058048240399401506,0.003033400782838457,0.012324173561238005,0.06257827739646754,0.026583965119590942,0.005011486760865592,0.017016513384851956,0.009093690742620996,0.02783102165975809,0.020987069778015982,0.017647310263044214,0.005354975752531747,0.0391458983839437,0.012171133195210754,0.017542276690407848,0.01851466470749803,0.017465360596400314,0.028418048846258502,0.036156969657072095,0.02883696772629882,0.024700380002161217,0.007005697935285814,0.021843025817723006,0.01671379069432063,0.010029589749333805,0.0928543487543157,0.0319965036472009,0.020030412520674525,0.018496975995165976,0.028138742639426277,0.0253591977361603,0.01603623444980242,0.01723083864575012,0.016560435486265016,0.00894266508340947,0.015345994032527552,0.03619990202298168,0.005742558344831891,0.0035176659078121446,0.03781661992799885,0.02600868349174073,0.005223205087824478,0.024741702124690824,0.01572623664755723,0.0209724721004186,0.011291288971759324,0.012423509602193966,0.007796324765186522,0.007984040154286685,0.013248771651120686,0.02899848261128552,0.007471019676329862,0.0038047372598589723,0.017710259811745285,0.04142705217393911
Ecuador,0.04951607761403943,0.04113209118788232,0.04555112696167123,0.02987450213393777,0.019519143180083125,0.04007817276095813,0.029552011516625162,0.04483843198404191,0.03936796773980082,0.04868430485661255,0.025178360198275948,0.014223647093458336,0.021816593452655027,0.012136962850825678,0.031721857983116115,0.07663723113393954,0.03975035559564546,0.039716967534305606,0.023072373071189468,0.03813935987845208,1.0,0.01982671084632581,0.03316829780722243,0.049179360759588044,0.03503039042520711,0.031679836946353235,0.025522857913164762,0.03860731482583338,0.026807495268817944,0.03145187775489874,0.013258025475788965,0.03516650428848454,0.021733218269001008,0.03456435375768035,0.016454067112780104,0.0172859137229625,0.021675596106254868,0.033623734788567936,0.019671072333252538,0.026865165377809874,0.021335830132948035,0.021204298688363165,0.021179448016401266,0.06428006829062849,0.07069945461712676,0.015296088216092194,0.018479068191443838,0.03135465576594418,0.01787900219866466,0.02184546863375374,0.03926347751277456,0.06969913571844343,0.015291121410805535,0.020966729090632314,0.02153292831568238,0.03796365408661522,0.014372433194145932,0.02246936403268083,0.05205237298359419,0.02514662653012258,0.03021530983108027,0.0232749676867071,0.012677281970459909,0.04147467148550896,0.03734333370809973,0.01381481753283236,0.022720103440098425,0.03330493214150286,0.014275480059908623,0.02330587896340458,0.057500126106753785,0.027825584822783613,0.026978193649172515,0.04499101466488791,0.039586918549937566,0.02598120706013724,0.013254976158283922,0.04286417029002953,0.03619264079314745,0.020836471322540136,0.07905091663265575
"Egypt, Arab Rep.",0.031799381296218246,0.02293762546284883,0.02958454496454862,0.01615527836970031,0.007579659181666557,0.02363360936458229,0.015508976057034461,0.02908114161067613,0.023244427572379284,0.03244389879268791,0.011428607335587765,0.00824220325022317,0.01081352563103153,0.012486350131674975,0.016750115646329847,0.07393581618564242,0.022461446960657466,0.023955438931431764,0.015696187618653674,0.02220639924393359,0.01982671084632581,1.0,0.017134398777864154,0.032481697344778813,0.019899505940344172,0.01706854234289877,0.03901315566365961,0.022567845545067876,0.01081232404840171,0.043563086423777354,0.00879346542115454,0.020197550074636757,0.009336160730557902,0.018198974377852548,0.013276856708781011,0.007623456976142001,0.009930945036625782,0.01857054440471778,0.021170983774810737,0.013584849414713001,0.009128163947654118,0.010179331710290992,0.007790328431179544,0.047583211952145564,0.053010506163450016,0.009622105350735289,0.013685840596152112,0.0161447088662543,0.008410737848220745,0.010176486974153359,0.02584908153987874,0.08262246289446348,0.014791617664132907,0.011295380428617488,0.009609739738483364,0.025354488093431063,0.008069015021212052,0.008925565370390028,0.034652550813526806,0.016689320267748928,0.014914643090332715,0.011578017689881629,0.014907080655896682,0.02383035664556811,0.02155234365273105,0.018426565973580437,0.014283462078446486,0.017607271713243385,0.007573354221361908,0.010977637280286256,0.04035883295134217,0.013929980545556712,0.012979032018148172,0.027268545502589947,0.022623918528702134,0.011863445069723318,0.010355789772950756,0.026340214583213437,0.020985698352344307,0.009646796433920564,0.06058717361274585
El Salvador,0.017560627881893623,0.009052310989017685,0.01401158819634042,0.00830661998846659,0.014234516527541543,0.010132497564271498,0.008549824388602037,0.015186938006663236,0.00928758632659774,0.01735738626585429,0.008972685742402712,0.020218449187158084,0.012313871803866299,0.02577558601694887,0.007324807063267696,0.07524734226131748,0.011202571985394314,0.011151364756683626,0.020596567488543133,0.009242965652652509,0.03316829780722243,0.017134398777864154,1.0,0.020374549202456852,0.008299438029423446,0.006314608012524559,0.05225770895449723,0.008406030862035785,0.011618564275629793,0.058026512221346964,0.021796236111023385,0.008535081362114005,0.012372552023203634,0.0100671154648932,0.024600434254306143,0.016257155444321925,0.01300148600097791,0.006558431689491099,0.032936723100899075,0.007951344972894389,0.012729058719411964,0.013956778050824275,0.01302393242178549,0.033511368880244974,0.03920470343367629,0.023446092740065008,0.021614116796006493,0.005290522842267503,0.017360697490499552,0.011998290975669278,0.013929033165909455,0.09023344662277574,0.027627099095254938,0.015536743199318801,0.01418175706481547,0.024703517115780112,0.02050059282497533,0.011386472608486343,0.01994000280856109,0.017470288806160077,0.007594136153784555,0.012473383190277566,0.029362421073903952,0.01005010170993068,0.008266788848926763,0.033060437401796705,0.021815129969664743,0.007041187264002571,0.020327415288131985,0.011018182965669488,0.024926490804926548,0.007652999941339393,0.00872441712532073,0.012990004471188732,0.008744615349914315,0.010544129396430863,0.024249118800126274,0.012155361196909773,0.008149403329784798,0.012985948622369039,0.0458880134214534
