Country Name,Albania,Angola,Australia,Azerbaijan,Bangladesh,Belarus,Belgium,Bolivia,Brazil,Bulgaria,Cambodia,Cameroon,Canada,Chile,China,Colombia,Costa Rica,Croatia,Czech Republic,Denmark,Ecuador,"Egypt, Arab Rep.",El Salvador,Estonia,Finland,France,Georgia,Germany,Ghana,Guatemala,Honduras,Hungary,India,Indonesia,Israel,Italy,Jamaica,Japan,Jordan,Kazakhstan,Kenya,"Korea, Rep.",Kyrgyz Republic,Latvia,Lithuania,Malaysia,Mexico,Mongolia,Morocco,Nepal,Netherlands,New Zealand,Nigeria,North Macedonia,Norway,Oman,Pakistan,Panama,Paraguay,Peru,Philippines,Poland,Portugal,Romania,Russian Federation,Saudi Arabia,Senegal,Slovak Republic,South Africa,Spain,Sri Lanka,Sweden,Switzerland,Tanzania,Thailand,Tunisia,Turkey,Ukraine,United Kingdom,United States,Uruguay
Albania,1.0,0.2410214565439715,0.22314560455903956,0.2962706496285913,0.4662856007485544,0.16061521257448855,0.3125955337353418,0.19205466717199035,0.1540099466297163,0.16156636316058293,0.3790686486992232,0.5689774307559725,0.42608150056183347,0.6850464020977887,0.2796773038801065,1.4224009352771905,0.22835453731458435,0.16547583529138013,0.5174832513967842,0.1915713011978063,0.8396314724347145,0.5128144984593348,0.29370796059188076,0.3158355567551281,0.2273182357538421,0.271254481163267,1.0874600131697667,0.1721210998843119,0.38532818176207545,1.1298366550026506,0.5803660883237756,0.22507437970970978,0.434237542685843,0.2605431274652635,0.5901938349783747,0.49567122923097556,0.43523571925583665,0.2411358735774363,0.7747263213202972,0.3602607980898951,0.4509050164746342,0.4573358032667176,0.44823917741058317,0.3439257023368784,0.46556215250889316,0.6041633576174599,0.5328998185575469,0.28708498998016924,0.5247356807593383,0.42735194532566345,0.2690385023718133,1.8236195365542187,0.6467582058162396,0.4931880821724444,0.4482952697327101,0.4975852421682179,0.5628795633144139,0.42631439436508534,0.12155861928470206,0.5002764017778489,0.3221714909564951,0.4156076278906948,0.7433319278445686,0.13138472402772758,0.18564707836452204,0.7417299745008215,0.5821176215497114,0.2591109639108525,0.5610415195838958,0.41160726476370635,0.19733384317642547,0.34894843898376,0.3624987141028474,0.1675657374931193,0.1796092756130159,0.39911962390963607,0.6144499461907622,0.10994428533566421,0.22958919639395484,0.43919198903234047,0.45183155877912473
Angola,0.2410214565439715,1.0,0.15471245941857698,0.2287613350142166,0.32617536594977786,0.19106564626507272,0.23988995431699037,0.24868250467546069,0.1805563349466083,0.26352456621967285,0.2506847962519796,0.41055033185249734,0.30045358358298824,0.5173015430532811,0.19877280843135436,1.4840475683714505,0.19617374543525865,0.1790074280030681,0.3982061410395441,0.16085350930824371,0.6739893888445744,0.3627105922403353,0.16786037116228378,0.3596862881575265,0.19105017468966137,0.188625122950968,0.9283363633745938,0.15614502194642146,0.25219827749676926,0.9828511172547512,0.42710438074675167,0.2013342149270064,0.2989452258376841,0.23420727333800892,0.47989962407983694,0.3621036003011275,0.298041936499699,0.1776771688995024,0.5949787216109117,0.23881956414326488,0.2937890423425036,0.3165929523093377,0.3029211939925273,0.5521989998039929,0.5600733061581056,0.4518303302230278,0.4413026772702846,0.16244342345789192,0.3677484139348464,0.2936017229370878,0.29458329451124887,1.7213943240002871,0.5045966396830093,0.3617700356102941,0.3225571281406862,0.5194329369731583,0.4074523187466729,0.277834126577668,0.28538715935367875,0.35751231891762947,0.21368682339289172,0.3058558021657056,0.5686413420354641,0.16993020734249978,0.17447433783171493,0.5945310428029826,0.4601601282446719,0.17265050068179152,0.41552392916241493,0.27670337316863347,0.3664458975913891,0.231713545218649,0.24693937315834097,0.17277031034391868,0.16291054984964512,0.2628426540210401,0.4614506297515074,0.2130235741021935,0.17762301639340922,0.3088222098133976,0.5806756866154171
Australia,0.22314560455903956,0.15471245941857698,1.0,0.2868510599391595,0.42058193710782277,0.20226043930137214,0.307145530639394,0.26608437768630877,0.19549485121046034,0.21284615162852183,0.34196649864092293,0.5112112646023821,0.38512993275538293,0.6042826593125609,0.27120419160372855,1.4506286935335984,0.22109911874727517,0.20695848663709387,0.4866465492647269,0.20440098573285062,0.7710606236306894,0.46670003728765497,0.23122428056549246,0.3539354117481976,0.241163165863816,0.2565685537380123,1.0363637328890698,0.18824079480760386,0.3612090199810774,1.0860085115727467,0.5231728797237702,0.24082783725664547,0.3899038668743959,0.25944045570780144,0.5492518538857064,0.4452501910072935,0.38487554606493724,0.23656063471537297,0.6691955961778406,0.3226758705352664,0.3889170555478234,0.4074503473375587,0.4026956657118142,0.4707487194588767,0.5037784011176885,0.5373741107379973,0.5145671671427362,0.2495574378251118,0.4740354677189621,0.3814538950703661,0.27962254518564095,1.7666510935299442,0.5932194882587745,0.4394699208515835,0.4105294893448343,0.5305084515348972,0.5034847669485188,0.3761156517446928,0.22169251007939209,0.4580752262244664,0.29898718080031855,0.37991037449804665,0.668017049061488,0.19097997481426973,0.21039180420451528,0.6835143348906806,0.5601618270751549,0.2464695382857584,0.512079343676716,0.36069479218713524,0.29049596778150044,0.3166596717082875,0.33365883632640847,0.17044681373729317,0.18469718478043565,0.3621359769348573,0.5527928968293258,0.19638145211640914,0.23503183167780956,0.3949425725924065,0.5216700191221453
Azerbaijan,0.2962706496285913,0.2287613350142166,0.2868510599391595,1.0,0.19580198930779683,0.1613283561530299,0.05592937276504603,0.266129261439932,0.1505506394731982,0.2996748460936127,0.11896486644178904,0.30629828592323044,0.1478537487816292,0.42963254851236354,0.07050688866927607,1.3739903174736738,0.18385098628971053,0.18506829273308478,0.30479080379965934,0.14829077611634253,0.5864984877469275,0.2697726085656078,0.16230694204636315,0.3749078357022783,0.09255263677500211,0.05518873012867487,0.8587230545860687,0.14492225607863038,0.17125440158222263,0.87772661163335,0.3068784793624367,0.0910282797725717,0.16386954595904119,0.14576545386978976,0.31969685186208097,0.219877887860236,0.16156090405282464,0.0704721267830249,0.5465440160926388,0.10578872426302274,0.20125927768371019,0.19472464210514842,0.18953963716837244,0.5878720776610085,0.6584892845640283,0.3338249694575106,0.24930892644091995,0.10214753646785028,0.2674925301706556,0.15476986057871547,0.23535439155433693,1.698064725213666,0.3786133054271346,0.24486194477510034,0.17805890822698384,0.4126742585460743,0.2907470603353614,0.16971830986199782,0.3534401495720497,0.31242804655982626,0.10976889323651007,0.14733834639442742,0.49414602776447647,0.18287961089451507,0.11959309980670935,0.46318983531805585,0.3940671236521057,0.08441301461172569,0.28956245493404004,0.1419944870155391,0.43734274462411804,0.10973697643433286,0.11274628870004039,0.2602137840797108,0.1565621097183866,0.17815544591288293,0.34223366602729116,0.2095034402745384,0.1225863686433205,0.16070807109349322,0.726129295139791
Bangladesh,0.4662856007485544,0.32617536594977786,0.42058193710782277,0.19580198930779683,1.0,0.3348472253885892,0.1776028571595374,0.4152934271870648,0.3308104400722561,0.4675616396208637,0.09529590109182728,0.12326122358618723,0.05901566029832029,0.2481291057555713,0.2040816427983901,1.440269878333544,0.3219531502745442,0.3482337859427634,0.23599931816878017,0.302435690050076,0.4027756994131468,0.12427967306214696,0.2441912160477613,0.485388911847782,0.2615816043382834,0.2056755471613306,0.6919805435795412,0.312469221005658,0.13298788628626138,0.7266301393962256,0.11935086790136913,0.2682456066643092,0.05032317351684499,0.300979384720556,0.221257051770584,0.06647495832826195,0.05414188125559948,0.2354887946867168,0.3948839442862367,0.1254551058431123,0.09209479067845848,0.08013332299163425,0.05715413636318642,0.774589556012222,0.7917855343105556,0.18154637866472956,0.1699810308208307,0.19509057429809387,0.11089109289831442,0.0492047588581291,0.3844539608112026,1.5889191536248128,0.2256790798573264,0.12864393136725177,0.08278391710353258,0.4896342930941554,0.10337472237852996,0.06603994246842798,0.52593731886325,0.23669404853081846,0.1645827951581986,0.09236780856471852,0.30576741902970167,0.35412328851933833,0.2957695324349032,0.2834842301245752,0.2831113407712981,0.21728706543669285,0.10846555599102871,0.07652606947187877,0.610247659765095,0.14964522485865173,0.13301391939591353,0.39579828266399786,0.31705426544359266,0.1459560699091595,0.1679308266170015,0.39364152048596424,0.26826490973891975,0.041140355596691824,0.8734542961345899
Belarus,0.16061521257448855,0.19106564626507272,0.20226043930137214,0.1613283561530299,0.3348472253885892,1.0,0.1798096351585872,0.20339435177731097,0.05176455481112659,0.16750038312582172,0.2503026926812923,0.4444964433146304,0.2916746851691307,0.5538302722210336,0.16227304160021336,1.3769282491764132,0.12807546380547313,0.13224039216223435,0.4255184460868224,0.1148201593793603,0.7129725764293916,0.4016128103567061,0.20151104540875325,0.26586202834519174,0.11757077607399585,0.14237229978698746,0.9770787431755267,0.08357926810453753,0.2821895652489604,1.0221907217813346,0.4491895601617838,0.1103298762447186,0.3042549268344914,0.16884263078812828,0.4550404931107481,0.364296165495404,0.2995013468316361,0.11284308828841645,0.6586131031750353,0.23034696087898363,0.3329353041833116,0.33075096434083384,0.3262037704280092,0.44804820420108576,0.5118086330731065,0.48182580010040965,0.4022751014137681,0.17457031289504302,0.4036781679957694,0.292775482709316,0.21549455234428513,1.7349127083709197,0.5192237013477542,0.35720445583271876,0.32331707964561446,0.4248093159424489,0.43184086879859845,0.30105805011101794,0.20761095086113396,0.40400752447141497,0.20345669513381467,0.2787019245460752,0.6189190252115236,0.08508797335219213,0.07802612184265832,0.6063524953419364,0.4886329004267037,0.1287868001455212,0.43375301204749717,0.27344835663911937,0.2985966015741658,0.2292159282846053,0.2424834201811278,0.1691463107021765,0.06047579833735534,0.2929075381259589,0.48639519045536544,0.08613584194465453,0.12790734183204416,0.3044257316427802,0.586177431253302
Belgium,0.3125955337353418,0.23988995431699037,0.307145530639394,0.05592937276504603,0.1776028571595374,0.1798096351585872,1.0,0.26136059032020503,0.1714326870428917,0.3295330002645455,0.09700358239168036,0.2827200013343051,0.12857978691717195,0.4160060814201072,0.058648277091681626,1.4083162755623808,0.20130986595864214,0.19828217007857357,0.2788322418295106,0.15167151500425124,0.5637591738302644,0.2573302451224657,0.16456858484333134,0.38551965245453557,0.09851052952478861,0.06243541031902125,0.8501484352345641,0.15783589049587826,0.14849960335788628,0.8577454165456548,0.2865467094352006,0.10239255204535141,0.1410982001916992,0.16090128174957422,0.32790914234747365,0.20789743386421175,0.15140378209265132,0.08337352499608691,0.5309707585757711,0.07960917979073688,0.18075201471604133,0.16894423585602517,0.16702487724218773,0.6083140655967986,0.6695591416807252,0.31867946431974886,0.23597368969784557,0.0985972158838172,0.24769666344136546,0.13683196084765253,0.23117326227313478,1.6876259604656445,0.3537626405277346,0.2390523173751343,0.15124784947817513,0.43663938358431464,0.2734660836637169,0.15005329283369911,0.3736940187256735,0.28882072112108903,0.08529753175596784,0.12709811617863118,0.4787251281212907,0.20344553783774388,0.1353227992908553,0.4437938062160944,0.35979020466323447,0.08477200505320735,0.2661290177182316,0.13223818796219444,0.4549589475664033,0.08104341537889843,0.08519453231250193,0.2651142267826722,0.18133404047716603,0.15772874295103462,0.31805909679442007,0.23039012834159958,0.1254333369363111,0.1448536733590012,0.7371995756011513
Bolivia,0.19205466717199035,0.24868250467546069,0.26608437768630877,0.266129261439932,0.4152934271870648,0.20339435177731097,0.26136059032020503,1.0,0.17667031543476353,0.3027128339733062,0.32663814676896064,0.4955434742972261,0.37047076025912185,0.6480481260127501,0.22031148616364152,1.5047611079554897,0.28939801411041205,0.15759701819038624,0.40891289627819893,0.14635551830403684,0.7714529752346323,0.4692724714573237,0.2606551063289195,0.4175776837141602,0.17882784768575943,0.23562869650109178,1.0533384875962724,0.15329714168137654,0.31778905192375445,1.0242726602059897,0.5132732446099094,0.18261473024114888,0.3714670711304615,0.23490624981720723,0.5683106548400859,0.44311001675935074,0.39418948413766697,0.21344652104840753,0.723305431431564,0.29792544532610343,0.3778782878252153,0.3784643319315144,0.3817703943197312,0.45132424622343353,0.5668384748848375,0.5319389463108738,0.4688524638070468,0.24314732430438263,0.44841264493727995,0.37796483801329345,0.17409436164543443,1.846685702912582,0.5524337108523739,0.4782576310194943,0.3694850561529676,0.5723353631379635,0.5025019228803398,0.3685967368862785,0.2521923754535625,0.41102763095785383,0.26132389155984675,0.3685943049258678,0.6985914800983634,0.1794792306962581,0.16963490792808353,0.6773540702713657,0.5011960919161008,0.230558569213765,0.48827822644512786,0.374789907179979,0.3033966301610738,0.2722542499075169,0.28787613601821266,0.15742110183384883,0.22735318523595877,0.32027871727791024,0.5332596509462111,0.16616023864795587,0.17334242980457396,0.3893417360343051,0.5433068598870429
Brazil,0.1540099466297163,0.1805563349466083,0.19549485121046034,0.1505506394731982,0.3308104400722561,0.05176455481112659,0.1714326870428917,0.17667031543476353,1.0,0.17906749066372327,0.24262957548855849,0.43751929081889307,0.2848708799682576,0.5564083553977541,0.14316692818263538,1.3964305633321772,0.1393876370900525,0.09326435148167424,0.40703420670649815,0.08940944350036326,0.7155747413087623,0.3929152099834552,0.17971414170127303,0.3113762258442551,0.09018009341004019,0.12785272179648446,0.9767745389115001,0.04901287390680508,0.2686836537196689,1.0074831230279924,0.444230335581348,0.08388745166289745,0.29678383138809467,0.14964115897042762,0.45804607197716585,0.3585568873335512,0.29598036055506205,0.09724536238542467,0.6538205547636932,0.22224283610434922,0.3199592329081318,0.3206706392321334,0.3162982062067517,0.4513313981810277,0.544685510834032,0.46822997357355695,0.3946789813451825,0.1591052093947906,0.3948063731553268,0.2879941933474611,0.19147937718609978,1.7630080186194583,0.5110815931951675,0.36505127451122726,0.3110776569668477,0.4412176976719649,0.42684889850716135,0.29298590900867044,0.20634283908341536,0.39949121201439114,0.1955327356542146,0.27913760854624614,0.6195781026274272,0.05915611156089085,0.04397486875826937,0.6036263086933157,0.4866860745884388,0.12722705727913255,0.42647530621676033,0.2711305132574163,0.2980824139455876,0.21346672447750215,0.2278540831421733,0.15773145480838735,0.0696927887499539,0.279560785106173,0.47743837209476075,0.06427421060653542,0.11004725240907959,0.2992087916798388,0.5864777629840392
Bulgaria,0.16156636316058293,0.26352456621967285,0.21284615162852183,0.2996748460936127,0.4675616396208637,0.16750038312582172,0.3295330002645455,0.3027128339733062,0.17906749066372327,1.0,0.3912200028067604,0.5813895860618888,0.42728506721858067,0.6644546103164283,0.31186123024805046,1.345477519395769,0.19172129559670337,0.22919968026467377,0.5766455357920287,0.2551493171127846,0.8433349906759008,0.5231629977336397,0.30249004636389626,0.27163745704552233,0.26628626467844774,0.28649603071463753,1.0671312740697412,0.2168335680897439,0.4241307854751514,1.1492366615848926,0.5820721764691994,0.25636403487643067,0.4439952685602681,0.27484328759287974,0.5624232878789521,0.49336479708403774,0.4266754353717877,0.25950143652873486,0.751713588188605,0.37690673656661966,0.46980459277199604,0.47234402790943597,0.4644307664468223,0.3571271648728911,0.45546111894927827,0.6073164973356961,0.536717125522191,0.31386908044124046,0.538455959740944,0.42625286767235293,0.3171058498490323,1.786032856602112,0.660652945448292,0.46907784405467323,0.4667361676296736,0.43734653577153,0.5610494969869975,0.43777766889482334,0.1283993756942587,0.5487077468141128,0.352849708449419,0.41684838232472254,0.7292682894436465,0.17455722045061978,0.22086127160532734,0.7308251139988978,0.6326200051988435,0.28166097607841767,0.5700166040725905,0.4014551471550802,0.2401884557129056,0.37667620405134383,0.3901273553881555,0.2466866890697009,0.16348319065190822,0.43771250861278654,0.6210713490988186,0.15063561310378365,0.2751698602951959,0.4371697293558579,0.5122955930384538
Cambodia,0.3790686486992232,0.2506847962519796,0.34196649864092293,0.11896486644178904,0.09529590109182728,0.2503026926812923,0.09700358239168036,0.32663814676896064,0.24262957548855849,0.3912200028067604,1.0,0.19682332760564822,0.05982961598141019,0.33308909619008376,0.11330663155221457,1.441239582585392,0.2492490444325652,0.25692682150212454,0.23349961215502332,0.21123965160617814,0.4829132205386964,0.18142241494325284,0.17396205144536525,0.4268137255377612,0.17065933881215,0.11629644565304999,0.7735551157303399,0.221379519175099,0.09094011957252152,0.7962020040969083,0.20477160783541032,0.1805863493773589,0.05935473102413472,0.227697042067876,0.2831938366679698,0.13413616578075435,0.0775114834665917,0.1464516649010482,0.45997097489592875,0.041430738697753315,0.0966935262150983,0.0924398896602188,0.081179133973557,0.6883862487966733,0.7198653127370306,0.24582133103677717,0.20866974622244047,0.10554516836061728,0.1689395476832403,0.05845534363919361,0.3026740426767476,1.6395168828895108,0.28554895769285377,0.17761981112882927,0.08797359990506896,0.47393658044478343,0.18946483972927755,0.05681228933990185,0.43934926314988837,0.23617177534762585,0.08587826345320575,0.09061789053352746,0.39371761759113405,0.26629956643780006,0.2057155304997618,0.3716296102940162,0.31000959375749626,0.12937407293951686,0.1890536113331538,0.06437946468802168,0.5219528339111248,0.06569808354535096,0.05540568365506862,0.30913440801066744,0.2359174433167507,0.10342268320896576,0.24150817873081584,0.30534125213218083,0.17961478377460144,0.07177536905751647,0.7905870478164257
Cameroon,0.5689774307559725,0.41055033185249734,0.5112112646023821,0.30629828592323044,0.12326122358618723,0.4444964433146304,0.2827200013343051,0.4955434742972261,0.43751929081889307,0.5813895860618888,0.19682332760564822,1.0,0.16633886716495022,0.19967372130571331,0.30154286161992966,1.511180236660146,0.43332747649139447,0.44271190952689987,0.21344898665535392,0.39536984984547785,0.30756117062776833,0.14876992790314822,0.3332767980867864,0.5869468091793306,0.3610488116056371,0.31107812231603965,0.6311255431857654,0.4121024434534668,0.1993457531167677,0.6326895873104901,0.05110792160282646,0.3713810301452496,0.14477117624048894,0.4010053220352824,0.2585250528781192,0.12457446708344135,0.166136963584852,0.34112991307311763,0.3462716365992118,0.21970093691871792,0.1320856113698538,0.1283923284447133,0.12535093502864414,0.8799830884409743,0.8834048545486604,0.131840990847259,0.20660799771849786,0.2894020384879098,0.09572891544700349,0.16178407595075833,0.4653096743107636,1.5625835108693418,0.14041998369473113,0.200508396661828,0.14319373596840468,0.5930000464862991,0.06384484438815866,0.14743484091990425,0.6307898672009615,0.22428453101116688,0.25802247264715183,0.19896575842824854,0.23906539588722292,0.45814594796381625,0.39916009887618964,0.2102160727080302,0.2554173520395268,0.3206226221550383,0.058004981342321515,0.18973947715575026,0.7081771743223184,0.23379860943659053,0.21805708036024674,0.48177204989770117,0.4273924311187084,0.1957169020258942,0.07679144214879835,0.49939808881204156,0.3614957329977231,0.15564955586654097,0.9612210297897449
Canada,0.42608150056183347,0.30045358358298824,0.38512993275538293,0.1478537487816292,0.05901566029832029,0.2916746851691307,0.12857978691717195,0.37047076025912185,0.2848708799682576,0.42728506721858067,0.05982961598141019,0.16633886716495022,1.0,0.29773868261054687,0.15743177234142888,1.4320297576056094,0.28702718040518294,0.3045696602167393,0.23900049574423327,0.2598816741137555,0.45183716836776183,0.16636288004404368,0.21007457042529398,0.461991445023473,0.21330892855793798,0.15895259315995172,0.7384089478385997,0.267311873386261,0.122399799039034,0.7576749822499668,0.1630167388345149,0.21867172937184048,0.033940071083075375,0.25858428840382147,0.24503365973662986,0.09405184341391484,0.04606565936274309,0.18932665519059916,0.4273154631456781,0.08209992907665394,0.0940574749054092,0.07068112761789361,0.06753190743149555,0.727282116730593,0.7628285976881061,0.2090377469891748,0.16884612742908575,0.1576581615146329,0.14217683316368335,0.023816087480900243,0.33299606404615734,1.6253498698714046,0.2479639892014536,0.15464728385230683,0.0627041758333811,0.4777065928075884,0.14797318081141997,0.06415731461774896,0.4817883392114375,0.24980204694638736,0.12868663502923522,0.06924337353134183,0.3585248107325788,0.31241106324413537,0.24930842097941788,0.3227784683260288,0.31210066464327474,0.178266060336449,0.14930750008153557,0.05309235833962715,0.5674709005898099,0.10565103260223822,0.0909079396403375,0.3585829610350437,0.2764810573526876,0.13373914104576753,0.2007085725550991,0.3468685825758285,0.2233591015467459,0.024989558424635853,0.840867946772513
Chile,0.6850464020977887,0.5173015430532811,0.6042826593125609,0.42963254851236354,0.2481291057555713,0.5538302722210336,0.4160060814201072,0.6480481260127501,0.5564083553977541,0.6644546103164283,0.33308909619008376,0.19967372130571331,0.29773868261054687,1.0,0.4420822653793146,1.4901174354871367,0.5192106931141299,0.5744516351280773,0.39265554481714143,0.5297187454771864,0.2354722566747328,0.2442955945319445,0.4437627379680345,0.6374876589577534,0.49793893177003373,0.4383881268106687,0.5186178025102332,0.5398045795720794,0.34936651479867153,0.6588655978047044,0.1805103765643885,0.5034834121850047,0.289817474105947,0.5283404194447637,0.2648329575183959,0.23811633605906715,0.27774437663885415,0.46654921430278545,0.2852354391735136,0.3611488227399286,0.2903717482749397,0.29216987814686574,0.282257715814273,0.9887011818957032,0.9545964009845861,0.2367473559029546,0.3220410186219475,0.4207940992900302,0.25329007171978046,0.2848727754249301,0.609622755134679,1.424643313036039,0.2692349398287453,0.21898269445299176,0.3085542209894544,0.6123195230305924,0.17870476887358733,0.2916326701723243,0.7356633438405487,0.36007721491899086,0.39432480700837647,0.3081031130560858,0.12338913507430226,0.5769318259484498,0.5262818574088106,0.18235261224291727,0.34646846921266444,0.4451033782578968,0.20850591443508734,0.2976228305716876,0.8165343944065148,0.3855223087167413,0.3720970962699581,0.6029662603258762,0.5276088686574625,0.3585983524746929,0.20491756137435235,0.6190723365955575,0.49928163639611384,0.2784546548205428,1.0592405446198003
China,0.2796773038801065,0.19877280843135436,0.27120419160372855,0.07050688866927607,0.2040816427983901,0.16227304160021336,0.058648277091681626,0.22031148616364152,0.14316692818263538,0.31186123024805046,0.11330663155221457,0.30154286161992966,0.15743177234142888,0.4420822653793146,1.0,1.4332493544966365,0.19815313406125235,0.15902671127604243,0.27679634726318253,0.10759255606246255,0.5881783135996148,0.27245984922876104,0.13603250203238793,0.387726892641748,0.06055763431228274,0.03814376562228194,0.8711944316694099,0.11736880536006497,0.13952408160341537,0.8767538289923238,0.3118465529505964,0.07399524868947552,0.16310194837430134,0.15288643068597946,0.3625809706197855,0.23416749419282848,0.1785989335749553,0.05411234104884491,0.5471684633121754,0.09037676916223608,0.18506072910313173,0.18360120517603704,0.1807615269718139,0.5864261475685322,0.6521792717239813,0.3381574096219568,0.2765711023365566,0.06029996401744064,0.2621706066407962,0.16370490485322095,0.2100722327810118,1.7122860852601567,0.37576106832384704,0.2700356546329724,0.171460245941427,0.464599624462755,0.2976882498084816,0.16252636723773717,0.3432446459483485,0.2849825718050814,0.07458738050403234,0.16278019808625555,0.5011372636342925,0.1701470763324803,0.1012049959137128,0.4763083545754039,0.36964292010992406,0.06417734879379752,0.2909242636895867,0.1590462586146659,0.4244535817342142,0.0733317960834174,0.08625989759823322,0.22103904339069597,0.15911586081963958,0.14963489142498568,0.34106959281008603,0.201900752224667,0.082938376954014,0.17442922888574425,0.6988662992566623
Colombia,1.4224009352771905,1.4840475683714505,1.4506286935335984,1.3739903174736738,1.440269878333544,1.3769282491764132,1.4083162755623808,1.5047611079554897,1.3964305633321772,1.345477519395769,1.441239582585392,1.511180236660146,1.4320297576056094,1.4901174354871367,1.4332493544966365,1.0,1.3775985610076693,1.4460027713021077,1.538317974918529,1.443469303403513,1.583730056280391,1.457332199349609,1.4788041421318123,1.332130355440535,1.4213824520881206,1.4156421382747426,1.6559339593586606,1.4288057958823839,1.487391673784892,1.7636631281022026,1.483501862499933,1.4075007170536726,1.4494777912017303,1.3763659282793437,1.2833949911324236,1.429902160820255,1.4199835022960563,1.4112389013924262,1.6197904609767495,1.444317570457084,1.492971475282583,1.4821392575917898,1.4729006277303365,1.389122931011762,1.444290218833229,1.4959777861615593,1.3744194016401474,1.4520739149786508,1.4947793228077966,1.4341112226095076,1.4586261597790515,1.9786070293537514,1.536898052797425,1.3926816939670283,1.4634195063027442,1.0894978589419584,1.4758890736489032,1.4625334848868152,1.4237506751401603,1.541040526006002,1.4511454562130963,1.4053592928112262,1.5390784326482645,1.404134703327277,1.4109714646617837,1.5041035982022373,1.559402354349577,1.4150001923802698,1.483642054908217,1.4185251500529277,1.4342146620446383,1.4625565694877671,1.455510710491881,1.4936172446433966,1.388346584140498,1.483422904745565,1.520529060090435,1.3935794576239617,1.4414005635872833,1.4243579401243118,1.61114710445453
Costa Rica,0.22835453731458435,0.19617374543525865,0.22109911874727517,0.18385098628971053,0.3219531502745442,0.12807546380547313,0.20130986595864214,0.28939801411041205,0.1393876370900525,0.19172129559670337,0.2492490444325652,0.43332747649139447,0.28702718040518294,0.5192106931141299,0.19815313406125235,1.3775985610076693,1.0,0.16760194813161555,0.43629228894178396,0.18730368968824604,0.6912795107477724,0.3746391612519895,0.20795229924809444,0.2807036567073603,0.17498280484983453,0.17024778077718197,0.9423723944480306,0.16273101914588428,0.29502465912120723,1.0096083239475366,0.4343961829797853,0.1715818349043807,0.3022036804322407,0.19032179883950942,0.43983154812847625,0.35302147271509965,0.28357579554058054,0.15602565121288753,0.6156721884091306,0.2429172654075734,0.32840173553477686,0.3340197343221654,0.32346078900144193,0.4995893883450673,0.5513984808469226,0.46127673193717056,0.39414463550313,0.19341839792237572,0.3966965039242012,0.28419868667284975,0.28385105305518316,1.700521418817333,0.5197049862478442,0.32873018975141294,0.3279433710929891,0.3860119087295316,0.41436185158104816,0.29514570607249535,0.2636378335825392,0.4199883749455177,0.2317231015727299,0.2794946792638381,0.5886799941381446,0.15120386638333072,0.15295159803796196,0.5841576723599772,0.4941475949207797,0.16393507475853608,0.42346633426746727,0.256216288915066,0.3565896470532355,0.24879991158544015,0.2603364273108025,0.23944672831720368,0.11588352955601708,0.30847067151303625,0.4735576479072322,0.1730586378652264,0.2007909596992308,0.2948284942434149,0.6277342520195724
Croatia,0.16547583529138013,0.1790074280030681,0.20695848663709387,0.18506829273308478,0.3482337859427634,0.13224039216223435,0.19828217007857357,0.15759701819038624,0.09326435148167424,0.22919968026467377,0.25692682150212454,0.44271190952689987,0.3045696602167393,0.5744516351280773,0.15902671127604243,1.4460027713021077,0.16760194813161555,1.0,0.3849276732568855,0.09665222680256291,0.7227116879088745,0.3992478961490669,0.1885944627181746,0.3616422400791864,0.11232878710853267,0.1568605320590202,0.988837904988474,0.08592168977949872,0.2694889893981546,1.0027596432969765,0.45578761600931345,0.11992506795307627,0.31110382692875965,0.1737135047466274,0.4910026101120495,0.37365106683965954,0.3179637444833635,0.1341407839537876,0.660574929338501,0.23863273590499434,0.32095413404169326,0.3295525154840253,0.32520112429569076,0.46256526995340813,0.5728074320836308,0.46873736503961644,0.40933545011080597,0.1686010535466955,0.40003553181753565,0.3087034940821581,0.19987807886367825,1.7921129518581036,0.5160821805552849,0.39471693130152746,0.3197228453521618,0.48543335649435354,0.43918256031626096,0.30218591366880587,0.23074308701348512,0.3887070041223504,0.2149215226357119,0.30914586921266207,0.6359046457691234,0.08999313369766754,0.0917280816068955,0.6204559994268583,0.48490571087129913,0.1580332296653663,0.4364139840796604,0.29483197567816244,0.2996590867581442,0.2205261578568591,0.23562490112807935,0.15428868922472605,0.1357485334574548,0.2736095496842797,0.48331568001065484,0.10990861750806623,0.1336362772060389,0.3195660596316345,0.5801457812338089
Czech Republic,0.5174832513967842,0.3982061410395441,0.4866465492647269,0.30479080379965934,0.23599931816878017,0.4255184460868224,0.2788322418295106,0.40891289627819893,0.40703420670649815,0.5766455357920287,0.23349961215502332,0.21344898665535392,0.23900049574423327,0.39265554481714143,0.27679634726318253,1.538317974918529,0.43629228894178396,0.3849276732568855,1.0,0.34531540998420057,0.45185314388661163,0.23861686081032354,0.33659435531400167,0.6076214385680193,0.3217598661356457,0.3039158035617982,0.7842168319248475,0.37449502744570734,0.2044636287629253,0.685949168024757,0.24491333943262422,0.33531058129802327,0.21422498554536137,0.3611953078939094,0.36845454529357735,0.2376956602829942,0.2609483160269096,0.3267596234799925,0.49483676982507296,0.23742811979557604,0.18507093067835909,0.19652659766928882,0.19884506338287397,0.8184239741857572,0.8638985822358364,0.23886003522864463,0.2493033405866344,0.2766423766106702,0.2131812947050573,0.2466893941343481,0.3988734894699885,1.6893126998135712,0.24743046322557985,0.334886940126983,0.18643049398882905,0.6184170700031645,0.2520819309964539,0.2157451649661096,0.5947230700944394,0.2238406830347195,0.25505280466448416,0.2602682794197111,0.42676396806909905,0.42163358602724904,0.3652224751169085,0.3773217680759194,0.26657156808644666,0.3094251336722078,0.2200236100655555,0.2681739775553215,0.6524490664377375,0.22651816304057348,0.21438019768137012,0.4305822346282674,0.4242653952615057,0.18575415868467976,0.2408011270216624,0.45770205218538246,0.327562106959565,0.24338072317552017,0.8951768349086369
Denmark,0.1915713011978063,0.16085350930824371,0.20440098573285062,0.14829077611634253,0.302435690050076,0.1148201593793603,0.15167151500425124,0.14635551830403684,0.08940944350036326,0.2551493171127846,0.21123965160617814,0.39536984984547785,0.2598816741137555,0.5297187454771864,0.10759255606246255,1.443469303403513,0.18730368968824604,0.09665222680256291,0.34531540998420057,1.0,0.6745126093603359,0.36174492012091913,0.15895265015256413,0.35022326727706804,0.07018919630718566,0.11334172210736809,0.9540879387284494,0.050635312034703304,0.2174499079492677,0.9679403986274556,0.40994787708420266,0.08208515677092582,0.2626356888566653,0.1628891943210093,0.4500614291672111,0.33183905270082387,0.27600597588773096,0.09015259098423734,0.6266037046608952,0.1869576316322429,0.2746398396678389,0.28137456562685076,0.277196920144212,0.5027484522788545,0.574722679968701,0.4333963380309575,0.3748496574026529,0.1199930056757325,0.3550190233917754,0.26270752278122017,0.18520571582254847,1.7511633352212808,0.4707311065120245,0.3519677886577453,0.2724435031379061,0.4850661041115467,0.3950081090454403,0.2559307821499863,0.26230478595360174,0.33615666670518474,0.15455817249760645,0.2556075138815817,0.5900083248406648,0.10072652875910221,0.06178256781678415,0.5763819317392819,0.4282407191389024,0.103937726480915,0.3892732343150248,0.25433382818511574,0.32851369325183893,0.16962894505830914,0.1852214593517088,0.13893528004707778,0.12591090287744064,0.22553773306286123,0.43876827031713556,0.1296568222528082,0.07560057188966024,0.27474098729150986,0.599664999837972
Ecuador,0.8396314724347145,0.6739893888445744,0.7710606236306894,0.5864984877469275,0.4027756994131468,0.7129725764293916,0.5637591738302644,0.7714529752346323,0.7155747413087623,0.8433349906759008,0.4829132205386964,0.30756117062776833,0.45183716836776183,0.2354722566747328,0.5881783135996148,1.583730056280391,0.6912795107477724,0.7227116879088745,0.45185314388661163,0.6745126093603359,1.0,0.3892028432843513,0.6112359763758389,0.7884776741919697,0.645934279432637,0.5945074909130438,0.4839515301617285,0.6922301782382964,0.48103735590433433,0.5526243479759467,0.3049281284732469,0.6545083170919999,0.43480480872129496,0.6787346094433071,0.41155023552360803,0.38918302281610667,0.44288431062004757,0.6225468911934429,0.3815668063606071,0.5042999012455176,0.4257887996294819,0.4212477315498629,0.42124656044667963,1.1430200324679516,1.0863747241092614,0.35500610401072785,0.432949348960433,0.5731691239049233,0.3607388943322961,0.44451464645889593,0.7415249500360226,1.3691128651819737,0.3073837261382902,0.40123100461804967,0.43839411677122353,0.7731869284125512,0.3212673244622677,0.4381797455694999,0.9006156925825392,0.4095487579615259,0.5344387158397009,0.46143009288149633,0.2185083293982436,0.736627783046756,0.6803189012210156,0.2509557354709905,0.3789946829460492,0.5948002826934188,0.32638415275251026,0.4654071751138181,0.9688978963414587,0.524176058786615,0.5086595325867904,0.7429119121176101,0.6951774270487999,0.4704380511179924,0.3015986351696355,0.7773932559926716,0.6412230082125129,0.43718970049862743,1.2006114927049736
"Egypt, Arab Rep.",0.5128144984593348,0.3627105922403353,0.46670003728765497,0.2697726085656078,0.12427967306214696,0.4016128103567061,0.2573302451224657,0.4692724714573237,0.3929152099834552,0.5231629977336397,0.18142241494325284,0.14876992790314822,0.16636288004404368,0.2442955945319445,0.27245984922876104,1.457332199349609,0.3746391612519895,0.3992478961490669,0.23861686081032354,0.36174492012091913,0.3892028432843513,1.0,0.296588500278915,0.5532318084195669,0.32688026463272435,0.2768531924942978,0.6649707162438849,0.37357445710381404,0.18242455725350196,0.6958600453941264,0.15573719699757974,0.3344820459651892,0.15223846527377558,0.34459755948498577,0.23996903996047442,0.13765653988967724,0.1569737573044914,0.30489856224107414,0.370391945429565,0.21446679878337563,0.1509199820954725,0.1680520376844575,0.13212985458735235,0.8326706059335421,0.8514512844079237,0.1734134329019063,0.2155806341382634,0.2571039682858477,0.1505134519250571,0.1595392463068999,0.44591661253103515,1.59592420235644,0.26491820961950446,0.19491642423106775,0.16499700013032711,0.5022210604538739,0.14841687334704756,0.15027114777101824,0.5812214167108933,0.27463462413134937,0.23628237449966127,0.18515872197100786,0.27698759192379097,0.40652038538724655,0.35887539714320044,0.2898673713833039,0.26584925724461905,0.28710089495979696,0.13629252750958154,0.17274815189091308,0.6678795181442437,0.22600812319338548,0.20991180743835475,0.4465467984774669,0.38056383507512,0.19978582909150316,0.1872733746572802,0.45281759964886065,0.33662933028515474,0.15152165307341456,0.9021582600427547
El Salvador,0.29370796059188076,0.16786037116228378,0.23122428056549246,0.16230694204636315,0.2441912160477613,0.20151104540875325,0.16456858484333134,0.2606551063289195,0.17971414170127303,0.30249004636389626,0.17396205144536525,0.3332767980867864,0.21007457042529398,0.4437627379680345,0.13603250203238793,1.4788041421318123,0.20795229924809444,0.1885944627181746,0.33659435531400167,0.15895265015256413,0.6112359763758389,0.296588500278915,1.0,0.3995540043887831,0.15134322625539168,0.1283891242209669,0.8721885388934654,0.15651035631329172,0.19031786015992477,0.9129969989711149,0.3464302816499861,0.15657628225028353,0.2146212099396896,0.1918813099746917,0.4085707994931139,0.26506521636821107,0.22077462805909007,0.13221420855742552,0.5283421830195002,0.16571458399359484,0.21858686721822762,0.2314910355450034,0.22282740548083116,0.6027590245039357,0.6534383948700201,0.36014138188750283,0.3513082402701813,0.11319539321487772,0.2971010227795887,0.2083520154023398,0.2549070971091224,1.7041009594228154,0.4228994698418747,0.29086479427071327,0.2326160848331674,0.49972588344319246,0.3279104891303714,0.20116179737732698,0.33724689207137704,0.3238652190383758,0.1500807189655126,0.22611801207479798,0.5013009191151069,0.1944004045600734,0.15699416183901682,0.5041668595306663,0.39220177092201175,0.14108612888514238,0.3245784533167038,0.19579842830624203,0.42044350391050206,0.15242656701873977,0.16858712454320274,0.20962733458102079,0.17051186502728188,0.20776245953306935,0.37132159544996907,0.22921356585936128,0.16424020025957184,0.22147029687864955,0.6744261707634454
Estonia,0.3158355567551281,0.3596862881575265,0.3539354117481976,0.3749078357022783,0.485388911847782,0.26586202834519174,0.38551965245453557,0.4175776837141602,0.3113762258442551,0.27163745704552233,0.4268137255377612,0.5869468091793306,0.461991445023473,0.6374876589577534,0.387726892641748,1.332130355440535,0.2807036567073603,0.3616422400791864,0.6076214385680193,0.35022326727706804,0.7884776741919697,0.5532318084195669,0.3995540043887831,1.0,0.3646034571186446,0.3642837616548081,1.0302066740401103,0.3356703859302031,0.45977105656431566,1.177267219260927,0.5865034614720848,0.36076917728561425,0.4728203471819163,0.4032577439227202,0.561399351808339,0.5144682260343527,0.45680663842484315,0.34566364212170664,0.7769759805902583,0.41779084570942304,0.5084836278196497,0.5042319260513524,0.4964570055196637,0.48029141321282826,0.3772298918897014,0.6456213385246292,0.563063276339631,0.3820464234011163,0.5612852879859599,0.4541884210482605,0.4461276967911631,1.6141050246739697,0.6682858312768968,0.4486379173656763,0.5056598437094652,0.44790719422619146,0.5688272698236129,0.4658177076034558,0.32408735348974144,0.5303909197351481,0.39640333061867167,0.4372194742423147,0.7111682332414907,0.31528296041053055,0.33422045083106766,0.7223956529587221,0.597244956968784,0.3329429675077824,0.581737582767125,0.4316461076625981,0.36548174430661506,0.4329345733162251,0.442002367605479,0.3447308799710453,0.27642341292337574,0.4745420337809716,0.6367085066498441,0.3167726106337456,0.36100823865716175,0.46592518338913036,0.5931337298033579
Finland,0.2273182357538421,0.19105017468966137,0.241163165863816,0.09255263677500211,0.2615816043382834,0.11757077607399585,0.09851052952478861,0.17882784768575943,0.09018009341004019,0.26628626467844774,0.17065933881215,0.3610488116056371,0.21330892855793798,0.49793893177003373,0.06055763431228274,1.4213824520881206,0.17498280484983453,0.11232878710853267,0.3217598661356457,0.07018919630718566,0.645934279432637,0.32688026463272435,0.15134322625539168,0.3646034571186446,1.0,0.06383531791760243,0.9233248696463137,0.0681394833790764,0.19473897042805088,0.9275746938018359,0.3702822077315554,0.02699782696486352,0.22186244498961982,0.13276664851146083,0.4061097881001125,0.28940451519583105,0.23204827482672252,0.04480649723833637,0.5973065134771652,0.1469703248052015,0.24325860745456748,0.24183935991657735,0.2404306237072337,0.5276212334499527,0.6128708618363296,0.39257355089740426,0.32141334866747523,0.09703595686262638,0.31988418416000225,0.21982393579841694,0.17668479875559367,1.7458581588296989,0.43008633127371376,0.31749054993056913,0.22920774844641598,0.4585190221983417,0.3556522871284748,0.22105674350049956,0.28951542413306075,0.3317296478347365,0.12493835680269394,0.21333736806312759,0.5583970649975823,0.12176446690166644,0.047893217139297846,0.5322217502559985,0.418849524163009,0.07832090174156806,0.34998497042854765,0.21029916625175077,0.3712517432558769,0.13144799569299895,0.1452897655659314,0.18746298606301826,0.12580923234002692,0.20245980101196887,0.3991134970909138,0.1445443769984633,0.06316674105585739,0.2301987662460194,0.6537025845866704
