Country Name,Albania,Angola,Australia,Austria,Azerbaijan,Bangladesh,Belarus,Belgium,Bolivia,Brazil,Bulgaria,Burkina Faso,Cambodia,Cameroon,Canada,Chad,Chile,China,Colombia,Costa Rica,Croatia,Czech Republic,Denmark,Dominican Republic,Ecuador,"Egypt, Arab Rep.",El Salvador,Estonia,Finland,France,Germany,Ghana,Greece,Guatemala,Honduras,Hungary,India,Indonesia,"Iran, Islamic Rep.",Ireland,Israel,Italy,Jamaica,Japan,Jordan,Kazakhstan,Kenya,"Korea, Rep.",Kuwait,Kyrgyz Republic,Latvia,Lithuania,Madagascar,Mali,Mexico,Moldova,Mongolia,Morocco,Nepal,Netherlands,New Zealand,Nicaragua,Nigeria,North Macedonia,Norway,Oman,Pakistan,Panama,Paraguay,Peru,Philippines,Poland,Portugal,Romania,Russian Federation,Rwanda,Saudi Arabia,Senegal,Singapore,Slovak Republic,South Africa,Spain,Sri Lanka,Sweden,Switzerland,Tanzania,Thailand,Tunisia,Uganda,Ukraine,United Kingdom,United States,Uruguay
Albania,1.0,4.349911099909426,1.4248956515209068,1.0087897794864267,1.1847471675845782,1.529975681665007,3.125023197058874,1.0646343097843431,1.1434254081623259,1.2372644471530727,1.8295431950877026,0.9898030042132449,1.2164166364631739,1.1744484299013653,1.1144834267025876,0.987462498259092,1.0555802609051146,1.1368246921453427,1.5488909623414386,1.564856922915895,1.3989992761212768,1.3058700657343276,1.391504596527739,1.228265992259799,5.5194754861930875,1.1869746251207753,1.2417016216999637,1.2045024638943331,1.2848121823821776,1.2036845174533557,1.1238845956356907,2.440079463005446,1.5144754604621165,1.1565822726740407,1.3841313893619407,1.862163288056282,2.02811352960394,1.226172312548776,1.227659367720727,1.3640158009256245,1.1146462801929724,1.2478560212937593,1.2060147343150132,1.2270151210948772,1.2074275510311425,1.1869546805087414,1.1635502503102506,1.2768205751946289,1.4454829334426147,1.3793736268986705,1.3926494620621592,1.471789022861463,1.0790727474540067,0.9504750360889608,1.6496807875110413,2.1692221732586825,1.196313385918089,1.3527491283071675,1.433782211682259,1.5918503065145508,1.28106818870865,1.2441578731837286,1.35259004463632,1.4527661969541512,1.1354461735418049,1.4785989640602457,1.8346202285163593,1.2898058314797738,1.1646435357713107,1.04545603265911,1.1193378755986672,2.0408387702077,1.3300525859020234,3.617828483229,1.7520573611461425,1.0280999383950948,1.662786710574839,1.069357668435553,1.3048438438520442,1.8303855256828405,1.164919211923748,1.3280699348018443,1.236782961420869,1.0860540787385915,1.2859315883784073,1.280607338575879,1.1829192867713036,1.454739151421617,1.1726873879396416,1.226023361881304,1.2776210727069326,1.2060997018070567,1.1745068660573708
Angola,4.349911099909426,1.0,0.7030800475796998,1.0706540132034474,0.8778928307933178,0.6729229199327376,0.7617674523991054,1.079324979756606,0.8125950179214462,0.8525883867133071,0.6544554507345306,1.0154628460748778,0.8889761407598906,1.074417395084629,0.8995566934416115,1.258334245497568,1.1808845024057564,0.957252930708465,0.636501312565362,0.556573103201673,0.7107902304304061,0.9940680134979808,0.6696133054845784,0.81995842385003,0.6364476280049477,0.8025993894736811,0.6876600101329724,0.8568974851560041,0.925923949186237,0.78953925400433,1.0131518477154025,0.7088218808600063,0.6099695238359647,0.715136263152794,0.6148537901801328,0.6018961639933516,0.61413145802754,0.7368027909489034,0.9165070467069397,0.7185635819735438,0.8159718357322152,0.6833841873038229,0.6986683487171045,0.8519815940562224,0.9147055407201792,1.0025095226226406,0.8445115698913142,0.6597785629657279,0.6972820485486384,0.8748569032943707,0.7337753139563672,0.7714266721906374,0.9502325411990566,0.9817838164956326,0.7884365077620408,0.8018544547299304,0.9010161191034074,0.9645892036778025,0.6496996040527757,0.8551925493316755,0.6998109660188024,0.8016222715900138,1.0647408613540905,1.0008971367125108,1.1115218832518816,0.698356563331184,0.690736462381684,0.6845359481235122,0.6873967040599053,1.031888061339371,0.8242469391298156,0.8049635985953637,0.7010569409666298,0.3326703719909951,0.6131281193037716,0.9103005650952449,0.6726544999739776,0.9992100656218612,0.7663889257918116,0.5481974728173251,1.0441264358490119,0.6739320160605323,0.7847532389667282,1.0478569679246343,0.7506019175184527,0.6989357920320467,0.7801494455542359,0.6281370792470442,0.7839031136755485,1.0772222736881536,0.8000541499042824,0.886736405879537,1.0992591044462547
Australia,1.4248956515209068,0.7030800475796998,1.0,1.2913009451749817,1.4382304150045828,1.4899020700082493,1.7567820861250123,1.2267189051724237,1.2184095860731285,1.1280508163529932,0.8300187626833954,1.5490876341634787,1.5953474598678172,1.588254387787714,1.0312017137214735,2.029882297223547,1.549206385633169,1.7932703645025432,1.0831300432213553,0.5714176202656557,0.7647433220721067,1.589876330495399,0.6183477054048785,1.2176055116638471,1.9628413650717649,1.0828194226897012,0.7486042136640542,0.9646329176971092,1.067142807628991,0.8879308602169848,1.0956487488128157,1.3190419996715919,0.6444621562816449,0.8559521771032805,0.5670992839551642,0.8919682281451141,1.4330806779863785,0.7905935698397797,1.0498513447901485,0.9003231740679187,1.04571341324265,0.6333933885617489,0.8879962363008377,1.1678038349178104,1.3146658190023017,1.2957367640046276,1.2964803659325534,0.6227673903866053,1.3485876883641088,1.3548995907681602,1.1888112262261257,1.517771748911743,1.41418655835161,1.441653502909822,1.507326040697646,1.350761986177246,1.4245795290162815,1.1712268283921055,1.4441231393300735,1.0452054396301529,0.8609801587229297,1.1197639451395487,1.6169624452110274,1.1464829405430847,1.2680926751977324,1.3168666092591597,1.6828440350638851,1.1037484695702295,0.7514090525556748,1.7238707155471786,1.1521269737676523,1.454279336667274,0.7419559281814179,0.954108872510726,0.7313165663044288,1.605914091241275,1.4279101282584332,1.6395724674608374,1.3117951164651849,0.9819816277838248,1.3379255095585185,0.6360558086982193,1.0290959394709793,1.4082751250364292,0.893115523073402,1.2329971767181118,0.8617160683457435,0.6873263441279549,1.4359371449278768,1.338721227062783,1.2850497595981825,1.0263402188509398,1.5488675029010732
Austria,1.0087897794864267,1.0706540132034474,1.2913009451749817,1.0,1.4252969545510894,1.7592096936481096,2.535737378833471,0.7774743876246064,1.4178250295234898,1.398435949185172,1.9721521160275015,1.2389363845006505,2.184346883148711,1.446117236584865,0.9648079205861978,1.1251631144801157,1.5382385986135363,1.3787619471916117,1.8385245744063292,2.0423900830332404,1.2172848606129136,1.4114669489934093,1.4336808502076348,2.48515953114256,4.830577952909066,1.2597594915962251,1.1624964212566153,1.0099602131731098,1.0552181911296663,1.0044014988463295,0.6306996035517057,2.6106250774597766,1.8679474746329112,1.889151697866543,1.5093094185554896,2.627135538251067,1.788305599938322,1.9953351711733018,1.0445581965745423,1.927888910352633,1.808315569116249,1.0461574189303822,2.2813247264623997,1.3178561715380042,1.5243227651474598,1.8268522836883738,1.635527392703762,1.28258581263304,2.573687867629106,1.334342720518483,1.6646418687741145,1.6689888738472114,2.0283643371937936,1.2141469249163723,2.1936291036167215,2.539825952103747,1.6504359766399832,2.2053247954996977,1.8513556162628453,1.212494215825185,1.3635314872431852,1.911814048235734,1.6353612869054228,1.7281604186287172,2.5593838912288667,2.83986534087838,2.2518097925774003,1.7162692130888282,1.9626921093796272,1.7835632004945716,1.2689901614272994,2.110684820345804,1.3148862715628031,3.1204759948487033,1.4996439950854994,1.7063854575024089,2.4670143020310773,1.8372206047214164,1.5375610113346603,2.771925652706067,2.6409777553776594,1.142902278068228,2.9666002860752787,1.2073498541372807,1.4647949232323256,1.2907601720944115,1.5372726966926538,1.3515320284692913,1.4826687280132131,1.1487014925886756,1.100471760609627,0.9213223667208534,2.288488735238261
Azerbaijan,1.1847471675845782,0.8778928307933178,1.4382304150045828,1.4252969545510894,1.0,1.4296053004653715,1.7530912400950533,1.7214958094243928,1.1108227450377477,1.0325985642768354,1.1192589450046524,1.3113023151131231,1.094118203354632,1.6045470953788001,2.077400458726591,1.6805882986827634,1.7342793752134784,1.4854253275075475,1.346995057855905,1.3204328975995343,1.1285031460096546,1.189822288232796,1.0869829745043809,2.1849313151609895,4.660579101877992,0.9001990413855597,1.1732992015178592,1.2222462552966418,1.2759687450742534,1.527022460202009,1.800362223704342,2.257056371063726,1.1546221048728194,1.406283100855682,1.5899203680026928,1.2352684332271353,0.7877840353487309,1.5784253980452987,1.0359927469755201,1.8207696953293533,1.0854164732659495,1.2917657715967235,1.151795473332982,1.2456672423602921,1.2738539096210038,1.1352086434678812,1.089672853408473,1.1840898783604343,0.8854254976217192,1.1536883226242909,0.8047628078479929,0.6607809909748404,2.2471935964594763,1.3641551046502072,1.9909153460101332,2.336852204543506,1.290406915454639,1.4953371563369449,1.1415802651524778,1.5527370227413235,0.9187523582425448,1.2252390766874663,2.270214137114647,1.6390456765378527,1.5761181406940754,0.7704001939996957,0.7722906368779087,0.8868656862669275,1.8480283715618449,1.603931299710119,1.0766466008141877,1.177590516218043,1.7776379376130378,2.616033487204391,1.6684989108877084,1.1197433499879672,0.9373631560497322,1.0827743334237319,0.9049723488577156,2.001629276343599,2.063957131445927,1.6272085119810284,1.2241324996089138,1.2492613399868042,1.0982195645435693,0.830718359884374,1.379864238772683,1.2699178666116382,1.0121935309662242,1.2321645030451687,0.9161481198161946,1.766324601068668,2.021777026928951
Bangladesh,1.529975681665007,0.6729229199327376,1.4899020700082493,1.7592096936481096,1.4296053004653715,1.0,1.818051797653195,1.3029477304797719,0.6266409959735887,1.1004343602814866,0.7784877039807199,1.1647671440392011,0.8851901691136873,1.2033763953774665,1.1416042379891922,1.837935879734524,1.2925530123659712,0.8278186343276903,0.9267185887206766,0.6676867108945475,0.7951192460412453,1.168087495685563,0.7877198997424509,0.9926602922390455,2.479297637023969,0.9719831957871744,0.7050381897115229,0.9619032207544138,1.0139236226376132,0.8925302420884391,1.1597484154331756,1.3799170410877313,0.7022375747465485,0.8597206988714844,0.8731453154711895,0.8173947700227254,0.5541705394150969,0.9270121820007496,1.038255361733469,1.0014415992121688,0.895796412545025,0.8343737183287173,0.684452054652283,0.9674321025033075,0.900472158853968,1.1365719704191237,0.7972968741575839,0.7347041786157724,0.588511501406413,0.8647951825432281,0.7316513446194255,0.7739629964408637,1.2272818443919167,1.1076925687234294,1.3875278681845906,1.38568396096132,0.8365465056698224,1.1447313271828417,0.6593003895487198,1.2685072964224042,0.7183922277810596,0.7554841529660845,1.0946571646166123,1.2939728229746303,1.3929825751186913,0.607557861094163,0.6437762364498258,0.5269539481348767,0.8960786759727745,1.0139764128300062,0.8624389875781469,1.169530324502011,0.9551167727471259,0.9803573207909766,0.966162767579275,0.8568984168149797,0.5654440627381667,1.036410952587151,0.6161685329417557,0.9258296398484727,1.0927222386737216,0.8435211774248498,0.8456477684840514,1.1943202651503617,0.895175751923228,0.5978727343905474,0.7362348403702893,0.802592348475626,0.661440995636381,1.1554546845483014,0.6878943951706723,1.0333146732186973,1.294219140733392
Belarus,3.125023197058874,0.7617674523991054,1.7567820861250123,2.535737378833471,1.7530912400950533,1.818051797653195,1.0,1.0979051618679914,1.0707355409889017,0.789482983531945,0.8817138548735991,1.2053211130747534,1.0136092168020328,1.1162425854913953,1.0271134809575189,1.2064455420297637,1.2256588309410623,1.026855231017619,0.9123824479455527,0.8692184855555305,0.8866728039119283,0.9236408838572572,0.8140460292518473,1.0199757861019825,0.8259030254191269,0.8978229810079745,0.9780079478710415,0.9900126224248892,0.8670626250978855,1.0200983167746447,1.0461619466679781,0.8997782719524359,0.8822106139596502,0.9993871187671932,0.8982430280182746,0.8178244149043802,0.766170513839423,0.9543037217767119,0.8994646055758994,0.9311337490632732,0.9301272558893642,0.8601303991917205,0.9824497231937992,0.9944225338448803,1.0790691661398428,1.1147906783679606,1.0392620352368636,0.9308692397877179,0.9146813024632855,0.9643184922151268,0.9037394362242624,0.815680137952179,1.129000862731841,1.150167339201408,1.1226421644753406,1.1064207240504333,1.0653802518726616,1.1628568991472457,0.9312763390600806,0.8346987818670789,0.8969723926417118,1.0256177357401375,1.0903705256021095,0.9377243293921671,1.3067968399888328,0.9002081747663355,0.7576156032770514,0.913668842603122,0.9555093737912405,1.1332943243449813,1.0256655264773336,0.7442328596216996,0.8985010512447232,0.7152731235764248,0.8258348116829879,1.0086134232135053,0.86257984081933,1.0232636605612746,0.878668356741345,0.8607713892438896,1.1048088984685487,0.9207623224686936,1.0271768766631841,1.0791224493220806,0.9848224397893846,0.836435568290118,1.0239563992292289,0.8320471304362151,0.9725587940056046,1.1032402567142623,0.8977219165645781,1.0413424785114007,1.0584024312772764
Belgium,1.0646343097843431,1.079324979756606,1.2267189051724237,0.7774743876246064,1.7214958094243928,1.3029477304797719,1.0979051618679914,1.0,1.4729131702028297,1.690731173682731,1.956752730301267,1.5371738649148947,2.8233417499811657,1.878738711876208,1.0162788079097889,1.583171279196159,1.614972855773594,1.6872096380535453,1.8420734149635196,1.668280729283963,1.2707161083178145,1.9189432222633975,1.385059872817824,3.3577001785608,5.383045991172128,1.4077282019997868,1.2272597542567623,1.165839192365052,1.4894521721168605,1.1174091072979908,1.0049374527665929,3.1942449835628866,1.5262184253293793,1.8953300614117903,1.6556785496460598,2.0096167859292473,1.726379433116161,2.0928663016145674,1.2465748100362226,2.1688723569298065,1.7469410930366815,1.1158602923269834,1.841948987379574,1.3663702703666831,1.5809171918909242,1.558199323703574,1.6520594696379338,1.3151730893599165,2.383586401949776,1.568321637383556,1.9578097727915813,2.098651956287836,2.571554164156722,1.7112461585484333,1.9173621513882486,2.5752081960925315,2.028265716089897,2.0356728079836883,1.9911090304355545,1.5196953617338782,1.3794595703997505,2.012680660560862,1.735728694154128,2.2877686674315725,2.0200076422556763,2.9393011481706193,2.270145523331212,1.594760070112554,1.8278279205960521,1.6801315327575104,1.5150052280456656,2.213580980246719,1.5203315895074627,3.00997863007734,1.7844654154298207,1.3343155054625115,2.0907933572885797,2.620731106665067,1.7689141234093646,2.4867622063197414,3.5832866545644224,1.159232681148938,2.7208390756505976,1.3798984211177954,1.312995830923421,1.3025397822105547,1.3174172533507338,1.4121030012591305,1.3844583445105922,1.2454854311916743,1.2143751081587264,1.1717038447329429,2.9492857713643397
Bolivia,1.1434254081623259,0.8125950179214462,1.2184095860731285,1.4178250295234898,1.1108227450377477,0.6266409959735887,1.0707355409889017,1.4729131702028297,1.0,1.6306623492456853,1.0383884126512577,1.289474851283003,1.205995230170018,1.5535604370333602,1.129358440954489,1.7241937944076646,1.3830116098281602,1.4705124034203119,1.4323683095374453,0.9867965257216604,0.9684213918493297,1.3787232810014138,0.9795785312030202,1.8085069068742063,4.435041010734936,1.2554101610613284,0.8632640383767217,1.169642222508882,1.1159897091579312,1.174542472409896,1.403089762821561,2.800835855693059,1.0303523851359182,1.1755933796334281,1.1802721917486585,1.2046857352980898,0.8029239534352932,1.4438258618403295,1.2655505614601696,1.3638212287525626,1.1105010283700634,1.0786830624878652,0.9016858347169171,1.1812435403573247,1.2341541033281367,1.1423315888180807,0.7577571532873748,0.9488953522644152,0.6422474299717471,0.8719972917526936,0.8213270752722496,0.9023418396050956,1.9589780930173182,1.3350934570173791,1.85569494626882,1.924863612979249,0.927851136453122,1.4698333124455343,0.9626452098537599,1.803768761835275,0.9380204357656767,0.7730715497658511,1.8616806554764591,1.648570651798727,1.6369490622711094,0.6868624467892654,0.9323786682524027,0.5418414651417782,1.271749726205307,1.0805996034270389,1.0943947864403796,1.471837964520004,1.3495181589090892,2.1636756195575115,1.5509118598329539,0.907931534385891,0.8531797137340372,1.274876584778245,0.6978299305859672,1.485032701999162,1.631212573387281,1.2219144292574147,1.1024395243293612,1.2371154873674877,1.1204167798820877,0.7234445039753817,1.0886095073684081,1.1805516748157445,0.8630944617436427,1.22431486736851,0.971385365386477,1.2947749399370405,2.1562899572935197
Brazil,1.2372644471530727,0.8525883867133071,1.1280508163529932,1.398435949185172,1.0325985642768354,1.1004343602814866,0.789482983531945,1.690731173682731,1.6306623492456853,1.0,1.138326937226896,1.4629722409675339,1.280337989746513,1.2541308924729668,1.3870660778997619,1.7734632724931485,1.308383788387966,1.5351091666126124,1.1508899658995508,1.100962658280658,1.198526786024637,1.1096907779180278,1.1167575456806833,1.2010296628590837,3.964500331357823,1.2246789484884242,1.178100554023453,1.2307033078293466,1.2158739594612413,1.2081348315725686,1.2935258232367135,1.7513443098429373,1.0500905468568777,1.22351179195188,1.396283770551465,1.2511776350692694,0.8241726356239428,1.270672398878653,0.8637033458238821,1.4161746837583808,1.124751540635655,1.1706879164377038,1.1353100340339253,1.1998044623045996,1.271758793211181,1.2726723431667268,1.3492461927788757,1.0797826314866803,1.0987113588204818,1.1711674397578302,1.0769616861790032,0.9326633067647023,1.4268720393924226,1.452785111470004,2.2238226755983437,1.8888914952668483,1.2885150423484506,1.3809508431226272,1.1039395521596622,1.4773215668215074,1.025789255918443,1.2265207901795299,1.2038266752282183,1.3829209415752413,1.2713398816772572,1.130017187861226,0.8367059434384596,1.0640412718518817,1.315438572346538,1.4924289116072644,1.1342575702789839,1.3367396006486485,1.3156800909945836,2.400175812364292,1.335886796528362,1.2746429378196997,0.9794459144563679,1.1263848776535952,1.0215945992358795,1.6036000349142534,1.3358508376268128,1.1809814013779756,1.2352644263975794,1.2568875840310119,1.1266136714748107,0.9468509338639173,1.153052154666533,0.9763028100726001,1.2496323508334704,1.2671847123871283,1.0146295875275708,1.2245619851122778,2.19395754226625
Bulgaria,1.8295431950877026,0.6544554507345306,0.8300187626833954,1.9721521160275015,1.1192589450046524,0.7784877039807199,0.8817138548735991,1.956752730301267,1.0383884126512577,1.138326937226896,1.0,1.183966221531878,1.7109911346980244,1.3194827225803345,1.1227571005863441,1.6952785196110844,1.4505214054412454,1.8379954359327015,1.146814497005032,0.44618719676175467,0.4345862837958263,0.9608715025401667,0.5211317341822389,1.298655526450035,2.1367459111508595,1.0268620852726236,0.5563489270657914,0.6652811174484449,0.9517008310527959,0.7050966891498254,0.8954423333349659,1.5025845823356727,0.5045160873644757,0.7015800954909341,0.5105916205458965,0.5274015509749411,1.0765823831172467,0.8128602555390868,1.0556203396741461,0.9175853607069244,0.8388292942188311,0.5398752296594008,0.668860940197949,0.9355664761065758,1.1493180503602927,1.3642985687865623,1.028333753808257,0.5492607586190597,1.0892210677819294,1.0513412036746612,0.8254078245055987,1.4655625017012797,1.3487135816648428,1.1627774107556477,1.448569883700224,1.3270509468141611,1.1412495617225475,1.1705932182583818,1.2116284287747607,1.0520333946096132,0.6059038321346699,0.8197713863922798,1.4434612923423298,1.0694257571906642,1.5340578969295873,1.087249797587381,1.346520860728787,0.8394593209300801,0.7957690088597388,1.4934400940350445,0.8825103405691217,1.0079846010310503,0.7510776451175609,1.0242911332581561,0.8090566776386574,1.2776139290662822,1.2536310136949878,1.6577574937496318,0.9699319652994283,0.8615912622550824,1.548965177962171,0.5415776212488145,0.7087221879012084,1.3773213775893227,0.750651279602669,0.9300629695171595,0.7549958163777294,0.6580576727821291,1.0809124113267472,1.2084589833125894,1.1237070343788624,0.9572542094937788,2.128673194253326
Burkina Faso,0.9898030042132449,1.0154628460748778,1.5490876341634787,1.2389363845006505,1.3113023151131231,1.1647671440392011,1.2053211130747534,1.5371738649148947,1.289474851283003,1.4629722409675339,1.183966221531878,1.0,1.3813198717946806,1.2359720943800996,1.105654799800475,0.9129742449409796,1.139665661549208,1.231642420173322,2.149757961747249,1.4452747129157246,1.3320093096206547,1.633846572082224,1.245705972784469,2.482508667846597,5.323611638964986,1.6468822200283997,1.078316890822752,1.3836415796699577,1.4663156710430096,1.2374564979180116,1.3122874636162907,3.8691698606058553,1.356418169997752,1.4348464474272575,1.3852308571117784,2.0230733635382556,1.3460859405852472,1.7191846022418689,1.5979309970495115,1.883253193140068,1.3833078217199015,1.2488915294474432,1.2842710790153313,1.1416614453302019,1.218377983609988,2.100798488270774,1.1854779279443939,1.069174286645084,1.567139810202899,1.1570049926357024,1.435922603653585,2.0056732879597714,2.165043755339888,0.7742087675058525,2.2966585876789924,2.5132619428756007,1.28677459554459,1.4712242952071244,1.4892221987248546,2.454684282557989,1.1282277165285022,1.3072218049217075,2.0097174857417404,1.700536265836863,2.046845414970957,1.6266244907853025,1.806904483731788,1.219044305904704,1.7017179222577972,1.5585864156868565,1.0643105004787925,2.3739923118095048,1.601733011414892,3.1488074759863953,1.7354268350280682,1.365442837303252,1.4572805761708003,1.463878687853326,1.2397459851950918,2.369988303120735,2.731527354970003,1.4267112888020033,1.5016624112833348,1.4453273549186887,1.3785255965092873,1.0777880278025231,1.2830146936882558,1.5684698624579756,1.2219854656670694,1.2345969285078693,1.3810386877851628,1.2863196496703275,4.317666997205369
Cambodia,1.2164166364631739,0.8889761407598906,1.5953474598678172,2.184346883148711,1.094118203354632,0.8851901691136873,1.0136092168020328,2.8233417499811657,1.205995230170018,1.280337989746513,1.7109911346980244,1.3813198717946806,1.0,1.435031998773639,1.3203224392575805,1.5713726104188186,1.5334768163331394,1.2276323556832875,1.450942037576,1.0889727310559645,0.9959436680585987,1.1890103046448743,0.9421973069441921,1.9449668397120548,4.5659991368644555,1.1458826360974215,0.9224789119564973,1.0073988084451817,1.0679342693044107,1.1531931906302848,1.2935138943696893,2.7568955783930673,1.0062923823772945,1.1025286928088016,1.3007243699943454,1.1834372901769472,0.7347965555559905,1.5161849765560664,1.217892737959591,1.4203174561439973,1.0080823573333038,1.0811566583019925,0.810716595232584,1.0947638867236418,0.7864153740829061,1.201612385130459,0.8109409165240661,0.9938898887204505,0.6132759489738796,0.9249018113919333,0.6962186072350075,0.640452007942085,1.9879328115893231,1.159718556994774,2.0024460397024124,2.1186787178578657,0.8861758052852611,1.3851445444364228,0.957695660940481,1.462619642561625,0.8285443022062584,0.6611364419370772,2.091317958741753,1.4211175573709054,1.7165618764797541,0.5302175486305846,0.6669075583531582,0.658337497560926,1.497023389373261,1.4835284552213965,0.9499764743516278,1.2928969934242165,1.348093742002444,2.235710753972906,1.6445708082888415,1.0084185617068855,0.7149452137609458,0.9597475930517081,0.7098962584866765,1.6756072567568223,1.7900276715549648,1.2449587049387378,0.9697531857716961,1.1325063130745912,1.0280564187430579,0.7444917984755485,1.0249022563683845,1.2245159395602505,0.8819544349205525,1.1978362389897192,0.8385795907213648,1.2857255747365406,2.14498244765673
Cameroon,1.1744484299013653,1.074417395084629,1.588254387787714,1.446117236584865,1.6045470953788001,1.2033763953774665,1.1162425854913953,1.878738711876208,1.5535604370333602,1.2541308924729668,1.3194827225803345,1.2359720943800996,1.435031998773639,1.0,1.1339836832202164,0.9781465572491398,1.1276257234744547,1.3252825072157701,1.6312420404649457,2.0546001319786957,1.4290942851493769,1.296396223673192,1.313751133937884,1.8381345213266882,6.06232357705516,1.2553150340262946,1.3580715541563646,1.254319219173048,1.2608828628113042,1.1604061370829182,1.083639323949644,2.408632516191824,1.4158009715183408,1.6947718629397506,1.5638821324654715,1.9310745120525816,1.3382448117400632,1.9057871822866483,1.0900564047874233,1.5159216127329092,1.5457912593691265,1.234277070197901,1.3779543543463857,1.1206488759373725,1.1950899021160617,1.39280292162836,1.3021534956829264,1.1651755694174168,1.5506729284752694,1.2246041079523424,1.4725604567480155,1.667110368204968,1.921197709153751,1.3054824775166904,2.02755551763257,2.268461580262669,1.1952749091200026,1.4082273264772687,1.4904074072537177,1.5555167844937219,1.3937993785836351,1.3220452898901196,1.2922225751079526,1.3380358477750955,1.3303012978861548,1.5931282989626439,1.7874253790306842,1.3563257801472317,1.67562988026367,1.2457302383467905,1.2304347214765332,2.0729968083993024,1.3904623692359528,3.9698690610265497,1.568384537583434,1.4319786532234793,1.349004962372975,1.2878625561960886,1.187784697445255,2.1920378749027245,1.3847752537639817,1.342295222720997,1.4127142242976383,1.1865793411179186,1.3858180634260884,1.181998481519274,1.307693884149279,1.390981055813295,1.486014729909315,1.0836975777764426,1.2675737838763306,1.1950905144434303,1.9533644394154939
Canada,1.1144834267025876,0.8995566934416115,1.0312017137214735,0.9648079205861978,2.077400458726591,1.1416042379891922,1.0271134809575189,1.0162788079097889,1.129358440954489,1.3870660778997619,1.1227571005863441,1.105654799800475,1.3203224392575805,1.1339836832202164,1.0,2.4366117726361054,2.5605116938869212,1.9948010126213904,1.3175293868582993,0.753097143069213,0.9622101831228437,1.5899688213678185,0.8738835743431814,1.4251598180239873,3.289735739685056,1.249721470896436,0.7877714513933086,1.0187887812195495,1.2212959812047386,0.8037674104640643,1.050619380495288,2.19868491954558,0.7513718451832218,0.8951612616478971,0.8571927538616868,1.0156767913110136,1.079121423201063,1.0673577947035344,1.3207096883177092,0.888983386953391,1.3127060017043837,0.7762806164007849,0.9743664650938061,1.2768323364477212,1.3189149863188145,1.6166523667624417,1.254031156239425,0.826237939117448,1.312339713066576,1.435967081499388,1.0778229956051075,1.4849370973611558,1.5961471956324624,1.6292503035612467,1.8274644599897378,1.5369200863482324,1.5367057022551571,1.3986233228299279,1.2217943985321607,1.309581869673122,0.8930177125029037,1.177943468113775,2.2595393528703642,1.5839110742396234,1.6349779762995038,1.2769938968737597,1.4562061431782403,1.0826382615201915,0.7749051526068731,1.9795426652106891,1.1630470945317135,1.752904172545485,0.7705266220274043,1.4613981335614918,1.190219335726035,1.1212921388209687,1.3365888015113283,1.7367699468115931,1.251303273543343,1.0741873768262618,2.3350535963617776,0.7045256381331237,1.1413164091228718,1.2823299859589299,0.8569646687034495,1.1185376016500062,0.9469009348196653,0.9090500278204495,1.2922130988696114,1.3992186762331533,1.185956063772828,0.9022866983432346,2.6499508315199463
Chad,0.987462498259092,1.258334245497568,2.029882297223547,1.1251631144801157,1.6805882986827634,1.837935879734524,1.2064455420297637,1.583171279196159,1.7241937944076646,1.7734632724931485,1.6952785196110844,0.9129742449409796,1.5713726104188186,0.9781465572491398,2.4366117726361054,1.0,0.9811775421893187,1.0218154113793156,1.5345366769818105,2.4526131814920134,1.5784322872927732,1.375708132449638,1.6471471151147523,1.7689126672352637,6.76663562776914,1.273694931259215,1.3214759615285052,1.4517641296643868,1.3410040686143772,1.1940352583302036,1.1953539520474799,2.8850256220620314,1.8638908784132449,1.6113575042501451,1.5761324481396335,2.556168346095273,1.7634542538571398,2.0631211001117684,1.2354771667176412,1.454824386989733,2.116514788176003,1.3980843827452025,1.749764439919178,1.0294654250370487,1.3569065949402548,1.3785752905837463,1.1211215597091047,1.3404306206615673,1.7117982346138865,1.2099207774442338,1.2878857971112574,1.4797338872674857,2.1456688973038562,1.1751545068557252,1.8102590519345187,2.3106937422540437,1.2491266463288888,1.7263893886063237,1.8100089612177965,1.9232055908219365,1.4545722438421647,1.3166638860812785,1.4011300559267383,1.6205524906361832,1.5706396848299835,1.6890391305750583,1.9206489907084943,1.7671818823041443,1.4715286692015925,1.0644300055921982,1.140177121599384,2.2180418226845666,1.433840359044286,3.80716013976712,1.653733680188427,0.9900504898785748,1.8585291091849099,1.222452324503736,1.3257330416520725,2.247954789991784,1.759582146753115,1.5891584770788425,1.6222301459536574,1.1138961197233361,1.4354013684409632,1.3431819387972022,1.564060020613322,1.8729440056239006,1.3122075894255598,1.0310384901799827,1.48121068417879,1.2120140226321934,1.7702744619011714
Chile,1.0555802609051146,1.1808845024057564,1.549206385633169,1.5382385986135363,1.7342793752134784,1.2925530123659712,1.2256588309410623,1.614972855773594,1.3830116098281602,1.308383788387966,1.4505214054412454,1.139665661549208,1.5334768163331394,1.1276257234744547,2.5605116938869212,0.9811775421893187,1.0,1.6484239144262325,1.2957685033916122,2.972801881052043,2.171894729254812,1.909316954547924,2.14287659979262,5.130395305710305,7.628452147554738,1.1249669987664817,1.9900049421852817,1.7884129054110565,1.7166116868210928,1.267717014862125,1.2715179162558645,2.1790189237661095,1.6142365904402736,2.236319094019407,2.715459331574021,2.621898669786468,2.0812749132777815,1.856103058765426,0.8451688874717369,1.7546559562665613,2.252977246493179,1.7453488358895373,2.372223790235242,1.1172890619205447,1.7250615449392948,0.9171654578552951,1.7609422455067447,1.8219098339938498,1.7137944301109171,1.6745057630256754,2.0804717097195358,2.0095059542184104,3.1363224094406656,2.571173484018826,1.9190026626855345,2.6200588491621724,2.1238664188436425,1.459668084763168,2.4340678683712484,1.4930650575349778,1.542349991831049,1.8642127120989667,1.3716761075904904,2.246439594611498,1.1179025189885885,2.413445684955038,2.2897929980921026,2.670338239140286,2.2057624428060674,1.6020123667868926,1.880009738285252,2.118389712396645,1.7376969651970857,7.338178489663895,1.424258955934375,1.2569053836672415,2.1620164115531786,2.0270876526891763,1.9571840012757984,2.7098160415434194,1.4309312950180266,1.6323441994207346,2.0386848021234014,1.2633506663651,1.4644461623151568,1.706098798826507,1.4504313545872838,1.6396481871304458,1.7895111685053071,0.8610622298553265,1.2721350040707262,1.2385798137897215,4.391574180301959
China,1.1368246921453427,0.957252930708465,1.7932703645025432,1.3787619471916117,1.4854253275075475,0.8278186343276903,1.026855231017619,1.6872096380535453,1.4705124034203119,1.5351091666126124,1.8379954359327015,1.231642420173322,1.2276323556832875,1.3252825072157701,1.9948010126213904,1.0218154113793156,1.6484239144262325,1.0,1.2623372724002266,0.9711020286648914,1.013270949601566,1.2711764708641706,1.01845011242975,1.3769589817149632,4.212886165259553,1.2039413232493328,0.872918877437775,1.125890297238657,1.1621329381735759,1.0320391565447526,1.1753278075837996,2.3049113073600953,0.9702490825859568,1.0994857738211756,1.1759313799125088,1.1911221728320285,0.7683056148740772,1.3567715308461297,1.1669913893466215,1.2684926158982335,1.1723257623472663,1.066297481704942,0.9509063858375668,1.0474871976970677,1.0501038157129712,1.3969269830125424,0.9249261560176204,0.9562560245594444,0.8126973894294319,0.9560149555138351,0.8565164510426131,0.8976124143118314,1.6217479017120813,1.110292198461481,1.681081841686767,1.8742607692477127,0.9625122303351066,1.4840023553305046,0.9301692593172242,1.9844851696095853,0.9017272634743471,0.8855269894175718,1.425544400669392,1.6152035975906969,1.7978679417139967,0.8304718209465949,0.8159883475795988,0.7435507706496363,1.1910599204275296,1.1454956651178512,1.0026606679307872,1.5115286113815463,1.1986968406215952,1.8229284838791042,1.3856857192216163,0.8558989389023345,0.8294520957527546,0.9756135724288613,0.7011479547196509,1.4014544569552387,1.54153666096848,1.1167037139620366,1.0612841812027496,1.1530625529968788,1.069944670445194,0.7668223203924766,1.0264038160943927,1.1403851273436096,0.8679313584501583,1.174363137007637,0.9194199437963477,1.1384770974848475,1.8770028275154185
Colombia,1.5488909623414386,0.636501312565362,1.0831300432213553,1.8385245744063292,1.346995057855905,0.9267185887206766,0.9123824479455527,1.8420734149635196,1.4323683095374453,1.1508899658995508,1.146814497005032,2.149757961747249,1.450942037576,1.6312420404649457,1.3175293868582993,1.5345366769818105,1.2957685033916122,1.2623372724002266,1.0,0.5454067017931168,0.763594702404917,1.294358270948495,0.7409331574212403,1.0105609050924702,1.9995596835229201,1.095755665710562,0.6958344447230375,0.9897817886933132,1.2151826620854558,0.8277633370799277,1.2308482950338457,1.0160578805513472,0.6042342804629234,0.7193287879013012,0.649316588750224,0.7077306982411273,0.709030024008787,0.8097160218557387,0.8469779494723162,0.8786549928847515,0.9564348387904694,0.733557355810279,0.7374693456228889,0.967160242603638,1.1663469442584116,1.0404040986605059,0.9656915923766041,0.6433790670408991,0.870420337882681,1.0491452524869975,0.8428259292687295,1.2260420876095732,1.146627773855764,1.2044872522630412,1.1787398149787631,1.0951677450534003,1.0884896731089446,1.1580428563220422,0.8291120876135993,1.3754006729791823,0.7526360407482283,0.8962290294826661,1.0531487595408089,1.4461529477706132,1.261542108212943,0.9394198065256215,0.9929429573149812,0.7916732505817982,0.6980292556881654,1.109034023298948,0.9382455811566885,1.276742415567393,0.7919751864082055,0.8605173110398621,0.6399385036566516,0.9580427934454359,0.9199576235941053,1.328000801339097,0.9341594522214487,0.7533929480965635,1.2646264869602828,0.707736743392672,0.8173568157946501,1.3136501092035426,0.791075080460778,0.8299332224676079,0.8407890225179814,0.6193375315472177,0.9861774823000214,1.1726963136664665,1.0496482274793755,1.0225939275855012,2.0978682846051324
Costa Rica,1.564856922915895,0.556573103201673,0.5714176202656557,2.0423900830332404,1.3204328975995343,0.6676867108945475,0.8692184855555305,1.668280729283963,0.9867965257216604,1.100962658280658,0.44618719676175467,1.4452747129157246,1.0889727310559645,2.0546001319786957,0.753097143069213,2.4526131814920134,2.972801881052043,0.9711020286648914,0.5454067017931168,1.0,0.4654644366901199,1.617408319448583,0.5166455111226643,1.154419683702387,2.0369505843417954,1.1526082604144023,0.4107959310656125,0.7807233774871882,1.0710097133482586,0.7344719144164634,1.127231846772803,1.4935739198890983,0.40256274649908613,0.5256735310411612,0.3694472474070721,0.6137335620118437,0.8638526709369214,0.5513709039242417,1.2925220023053634,0.8909649918076687,0.7846547414174907,0.493035060054023,0.43319423283574304,1.114694117381109,0.996180850684361,1.6586170211423221,0.8086920484243484,0.4126129096268065,0.8363069713876645,0.9883997779794219,0.6832433279234394,1.2311231349167604,1.0175686169698328,1.0325091868077467,1.6416717405666248,1.1298322335303679,0.9815453519318502,1.0466314703108683,0.9964267120734736,1.6983859259102254,0.5464327901124696,0.70110542380629,2.27650124356957,1.3409343079620382,2.770400498161844,0.8144582656659909,1.1314610585232632,0.6646676495598769,0.61117986894575,1.5645476643392124,0.6892474162971532,1.3167464045502866,0.7025797926736758,0.9786383753225931,0.687798134970129,1.0965524715550103,0.9490392730447867,1.4682251600421574,0.842562436537818,0.8073144150165045,2.244262720430181,0.4840624715785207,0.6396037625360903,2.0056909595881973,0.7028137524269051,0.7633614799551894,0.5946933741715412,0.4629142997618976,0.8929700294895605,2.9845700536103026,1.0187655386056218,1.0091815300032179,3.1968432935546955
Croatia,1.3989992761212768,0.7107902304304061,0.7647433220721067,1.2172848606129136,1.1285031460096546,0.7951192460412453,0.8866728039119283,1.2707161083178145,0.9684213918493297,1.198526786024637,0.4345862837958263,1.3320093096206547,0.9959436680585987,1.4290942851493769,0.9622101831228437,1.5784322872927732,2.171894729254812,1.013270949601566,0.763594702404917,0.4654644366901199,1.0,1.3139810615319398,0.6093477593388829,1.6420357980306426,2.410493589994481,1.11446405666142,0.7772381979131366,0.9683100902765104,1.137363790138181,0.9628929522921913,1.086780866028093,1.6436354168494545,0.7190354404002567,1.1078637061718024,0.6500862013223205,0.8310144896102998,1.2193948913993973,0.9735595818547652,1.0885867294655966,1.3356367896029198,0.9724247771567635,0.5763080579129173,0.8011489295210206,1.1870233034533826,1.493095495555845,1.555024802121954,1.2707869260240499,0.6535054622683354,1.3031884848782784,1.237622100363958,1.414255885981843,2.1771393789907805,1.6401267167082632,1.468153273399185,1.553501775039757,1.746105873840104,1.3590253395127228,1.6381023590150228,1.46530374374005,1.1791884252026736,0.9385559222496509,1.1202121080765364,1.4442725498338298,1.3335774526643336,1.9006236222058153,1.4634264843899492,1.7336782049926778,0.9287339171810359,1.0200664233072876,1.4646797276540733,1.0598022970468397,1.3204704871120307,0.9974444412954181,1.2929402749181615,0.9559933225165252,1.2564877781083486,1.446109641524159,2.0141769750896295,1.1267304935257358,1.175058741844163,1.8449466298768418,0.71181201390307,1.0560225898133735,1.8085643715625566,1.1610422798624318,0.9962023976699316,0.8932347886423195,0.7740096684281009,1.2016191790455948,1.443386413812326,1.2707011373903045,1.2896528892025456,1.8942831386485348
Czech Republic,1.3058700657343276,0.9940680134979808,1.589876330495399,1.4114669489934093,1.189822288232796,1.168087495685563,0.9236408838572572,1.9189432222633975,1.3787232810014138,1.1096907779180278,0.9608715025401667,1.633846572082224,1.1890103046448743,1.296396223673192,1.5899688213678185,1.375708132449638,1.909316954547924,1.2711764708641706,1.294358270948495,1.617408319448583,1.3139810615319398,1.0,1.152910573695434,1.5657525646525345,3.9058190662499026,1.1056381244115283,1.3050190365997711,1.1438045569619895,1.3108494112511042,1.0737194603748157,0.928708904606772,2.1076139276479195,1.1598692433592372,1.725136980515018,1.305942474416698,1.3516693045053672,1.5884137669355345,1.4078985612561075,0.9370627558390224,1.516171474611,1.2781516832283157,1.06293056389521,1.5076527876994703,1.027750549933146,1.5559998759922782,1.3456423189752171,1.67457592310955,1.1149302994704302,1.8414688852799366,1.480880599097636,1.567441112141566,1.5670072171101197,1.8112221187676498,1.376729123285166,1.747262464031987,2.0026130593298666,1.5209299714302915,1.899831056872387,1.8254119488414102,1.0902766908223789,1.4118766430827872,1.4838086042329799,1.2433130550169516,1.5633801658335165,1.5648580921711133,2.252232594836066,1.7533460985167624,1.6601566193674577,1.5537182543407395,1.3288536441451886,1.4020365501103271,1.3902153490585274,1.2611767196572137,1.9610743939705275,1.2651083619814565,1.202664796743146,1.9857794164322349,1.5447178032246485,1.4390622997102422,1.7915357417037463,1.4947682222265464,1.1575823745030769,1.562376096574492,1.2811516733480943,1.4069755727288638,1.4182171118106282,1.2169707376027206,1.1031115462601149,1.4710133843650706,1.0288884680588273,1.3400306430197995,1.1588452806786995,1.670934564729478
