Country Name,Albania,Angola,Australia,Azerbaijan,Bangladesh,Belarus,Belgium,Bolivia,Brazil,Bulgaria,Cambodia,Cameroon,Canada,Chile,China,Colombia,Costa Rica,Croatia,Czech Republic,Denmark,Ecuador,"Egypt, Arab Rep.",El Salvador,Estonia,Finland,France,Georgia,Germany,Ghana,Guatemala,Honduras,Hungary,India,Indonesia,Israel,Italy,Jamaica,Japan,Jordan,Kazakhstan,Kenya,"Korea, Rep.",Kyrgyz Republic,Latvia,Lithuania,Malaysia,Mexico,Mongolia,Morocco,Nepal,Netherlands,New Zealand,Nigeria,North Macedonia,Norway,Oman,Pakistan,Panama,Paraguay,Peru,Philippines,Poland,Portugal,Romania,Russian Federation,Saudi Arabia,Senegal,Slovak Republic,South Africa,Spain,Sri Lanka,Sweden,Switzerland,Tanzania,Thailand,Tunisia,Turkey,Ukraine,United Kingdom,United States,Uruguay
Albania,1.0,1.523723644770903,1.2971882047517256,1.4005160847167866,1.368103744098591,1.5318516698056772,1.370459605249376,1.4410338349888554,1.5056948012470752,1.256441357181404,1.3364378861952941,1.1151422674486051,1.3644199664635306,1.4165967425781447,1.4248193891330556,1.5221579442411257,1.29109312515953,1.3566340368538345,1.3081943964426628,1.178656362259441,1.5620160895988289,1.5029623656770479,1.2979088340145424,1.2027002486939702,1.3139225663433056,1.2304254060543955,1.1041381669703554,1.231989165946338,1.6605709928729715,1.1840848950386904,1.3363531820684031,1.3319343405758002,1.3361658071503002,0.9746473197267673,0.8147052173427433,1.22708704138353,1.3119776952304902,1.5269727856615616,1.2709994087498833,1.5939273857375917,1.4982757870235908,1.2004969019584806,1.3939893076570613,1.3339224591835959,1.3286167775192756,1.3340601377983794,1.507054168260192,1.4473632223817998,1.1993346121317205,1.489312401936229,1.098920616245469,1.1519287619605258,1.392524437008279,1.3373609024132513,1.638392011008751,1.3167770798581901,1.316882680322938,1.3135745278538786,1.3051702896493391,1.6940629566972893,1.332210897480313,1.4543631420916294,1.1883913249288482,1.3856959026440077,1.28833589810882,1.3053171582216805,1.1466461922600835,1.545395009807883,1.197492700912111,1.2500498730892176,1.17525211659896,1.1780486769291234,1.3578019148573173,1.3778784648433484,1.3739259556686603,1.5219324847895128,1.291510217233195,1.4883875871778585,1.2683629920915291,1.4614814895309949,1.3491654796495909
Angola,1.523723644770903,1.0,0.9228781242908968,1.6214453828208415,1.844996918494287,0.48070031494597387,1.31802806671523,1.5845073014662048,1.1860596198230373,1.0591526823999406,1.650446736212549,1.4765684635541478,1.0408361557807666,1.396954832471606,1.6936576745768825,0.7530470411290524,1.151150995274115,1.1474215564435324,1.1948757441154536,1.0917240525426208,0.31076614792199153,1.7127047354346865,1.4012707545921597,1.3466940929079911,1.19629478724967,1.269573744459802,1.4796718015754844,1.396347704692615,0.6420712214532827,1.2718103351456025,0.9218748388413528,0.8747275968380684,1.686959550893041,1.4029621143484032,1.4142704775596264,1.1446758391943637,1.4772631441887085,1.6606779843557589,1.6181242861888188,1.2325800722520315,1.4952313628289613,1.2955918388700276,1.2188176815421474,1.4978168499467694,1.606919145188374,1.6044364216794031,0.5633928517041397,1.4838659971123176,1.4019662495337015,1.7638067354473135,1.0418828634584547,1.3012057269472976,1.426149432415349,1.0552852807310231,1.1990508405209706,1.6936190813610321,1.671163207178825,1.6379889988064924,1.0894193802223637,1.4387567775495234,1.4169409702740166,0.7625717280490623,1.0680279236709482,0.3423106332907735,0.7679674174107267,1.75118553626547,1.4510792696601937,0.6707854548792208,1.3596278949534102,1.1244688399720453,1.4034352200064146,1.334072639740547,1.1213886417880503,1.5915853268891758,1.5207455622794863,1.6647932206943747,0.47156157432553436,1.296325305062835,1.6585265912280445,1.2012079934840076,1.4461840873038125
Australia,1.2971882047517256,0.9228781242908968,1.0,1.3495297503655401,1.516725435671099,0.9653194822144937,0.9675362143503651,1.1830799940847596,1.402021144958439,0.6863728393386173,1.1789844479821059,0.9831388761137458,0.8259046609005908,1.0793149533468178,1.3288525588030673,1.0604756985352348,0.7835508049319924,0.7383317042693031,0.8175053675712352,0.664681345543446,0.8746673413338153,1.6467380148046107,0.8704293539687008,0.8230309177338844,0.7738769041479505,0.8960172963050466,1.0333303911760172,0.9713263319876503,0.9913869205514139,0.8374165532776869,0.5869765666240699,0.837148355690735,1.4565712940557063,0.9558648819448575,1.0616356007519332,0.7864852647162486,1.0166821916617992,1.4921235223292566,1.0644018021462074,1.091322769402052,1.062753600571081,0.8375827590281758,0.8027775292649462,1.0992657770004006,1.2017906514015195,1.1684137158802466,0.9369134027776732,1.0928151683562504,1.1636979208337797,1.5724738230527675,0.8535032845761675,0.7148984608394777,1.4557709542763826,0.6020609614332182,1.1545416398578905,1.2500277145388845,1.234385440807451,1.2014771486803058,0.8582881880320129,1.34644638522831,0.8743014931388906,0.8164868691208906,0.8346077275370947,0.7408583875880251,0.8561345664241294,1.3671532514661102,1.0018950215747264,0.8119734652446895,1.2920615406978992,0.7200227680392559,0.9103183948135298,0.9880696741605385,0.6838806054820062,1.424154134140844,0.9547150702554759,1.7051092214476835,0.8843943948758011,1.3965045822091646,1.2035897251822822,0.7962637745643169,1.5619159629637391
Azerbaijan,1.4005160847167866,1.6214453828208415,1.3495297503655401,1.0,0.9962811617992662,1.6469634522758598,0.9792612021328361,0.8352413336179713,1.5954923385053212,1.092235871368219,0.6312426398400325,1.3364299349286715,1.3132936713935843,0.9432848972259766,0.8498017082920338,1.2763293633815953,1.2912409740932942,1.2427992016883758,1.088370398845741,1.2931121314706515,1.5926677587277767,0.9684639495712511,0.9426226599878733,0.918939039660258,1.209913232332848,1.2407637737853487,0.7870435116247694,1.0700834135791188,1.601376893081842,0.951813939148731,1.3179823779225308,1.3853103515465088,1.4420769956620862,1.307234572215126,1.379012690544446,1.3353081093504426,1.0823244545657362,1.2661028385499362,0.9254258455960028,0.7905609044640002,0.8743452814619423,1.2196734388925912,1.1127511478460606,0.7373656313610037,0.7515947020213992,0.7754918451232723,1.540629860889332,1.1315630815497735,1.0639889976479038,1.4022224004540718,1.5587905855413526,1.1043865199723384,1.4097008946843061,1.2228916415589925,1.3373212175258784,0.7257538619988285,1.0798491056787722,1.0464858987249013,1.2838959602895397,1.1560634598029949,1.1755099410477252,1.469199339016713,1.3358614246699327,1.6219644975097536,1.5206599876458238,1.0492034089252584,0.7223124320996206,1.5263476942508372,1.3035861596048592,1.2125933470080492,0.8215205295985788,1.0137426434073928,1.0686593901006691,1.4140418404439383,1.0803392791878892,1.456258798385605,1.6494825220944456,1.2724931090164124,1.0608802687792076,1.0737055044233565,1.517589477170159
Bangladesh,1.368103744098591,1.844996918494287,1.516725435671099,0.9962811617992662,1.0,1.7208219082069156,1.2191418156966238,0.7733581282381339,1.5675939715173375,1.4491900681604184,0.9043448116301185,1.408851277111427,1.4147643402117298,1.2829546662794264,0.5622459474964159,1.752908284819865,1.4536403870585206,1.4260663109436538,1.4605138671691795,1.394581247982941,1.7878980217627631,1.156110536523763,1.0972893108355979,1.2341132978109097,1.2929577200134579,1.2819130733404966,1.0827284520611236,1.1818418822941543,1.8138375295387956,1.3312865455512572,1.5179651219224561,1.5864811952039934,1.0070721334674633,1.4772905774421083,1.3440924105380854,1.3944475858767387,1.1041478284168875,1.172381867374923,0.9812733732003385,1.3628830419174485,1.0348184946449168,1.2751095538824442,1.1759875161662077,1.109341466214899,1.0472250474153002,1.052513887401482,1.7962135923344413,1.111185839697869,1.3654036705263994,1.039906404622326,1.6294902988984974,1.2082405536351688,1.592476332101887,1.4568390466258896,1.6324612893118091,0.8598354616821792,0.8849298777722227,0.8387319463172594,1.4542335845952288,1.2107248424536914,1.2721640049689371,1.595064814319376,1.4908611170815578,1.8194995787152617,1.7427246320773444,0.7649221708472876,1.1309323056458183,1.643779171448376,1.5213512107571985,1.395059246641471,1.2785266042380623,1.301189407004892,1.4314977412103906,1.1190902593808425,0.9770376134478094,1.3084011689309036,1.8916535702360988,1.4829692401048145,0.8513797084548668,1.2844322257661942,1.4044128888518443
Belarus,1.5318516698056772,0.48070031494597387,0.9653194822144937,1.6469634522758598,1.7208219082069156,1.0,1.2280014780559727,1.4415923595365214,1.2833868010657172,1.095981473414768,1.6087793985728192,1.406122031285312,1.0857939666759824,1.3520071878229303,1.5713639566454156,0.9949013970366716,1.2449540887926225,1.0841630775658375,1.158028141859671,0.9994335646189293,0.37185798299309225,1.7199390124011005,1.3732082631387936,1.3134766850574529,1.0035541604509046,1.2505892979718523,1.5187496281254496,1.3109919201397213,0.8489334244638714,1.343844905727506,0.9738308050467452,0.9160429907598434,1.5204938207666103,1.498768033090349,1.3563828937090154,1.072992660818905,1.481009501514454,1.6202874117758186,1.5623611569634772,1.2568402157042415,1.4130508866981681,1.3100468937535308,1.0832847121958906,1.499659301627108,1.5341965865806915,1.5528624688226254,0.7235011968556843,1.350231424615869,1.4330675271761624,1.61446628523739,1.0315125603964586,1.291723756838707,1.545640146770701,0.9517770211033406,1.326669042203825,1.612732116630195,1.5455546357108252,1.4358273681569758,1.2018123789295923,1.288501573140563,1.4126016177791942,0.6361311671235279,1.0800504477083863,0.6052521926608564,0.9316012591169043,1.631787781566712,1.423242841848172,0.7623633701308408,1.3444720094807496,1.1503353998158432,1.434391312148965,1.3615454281588966,1.2642683032572666,1.318036101388523,1.4335431155176241,1.6078358386587495,0.7403198483341198,1.3190482777620585,1.5216654060185517,1.1920999641653922,1.521374695039206
Belgium,1.370459605249376,1.31802806671523,0.9675362143503651,0.9792612021328361,1.2191418156966238,1.2280014780559727,1.0,0.9762762145103167,1.4932056447445508,0.8712160655501333,0.8729438853838856,1.2175864858559948,0.8653884178334165,1.0162152048063535,0.8956079449685399,1.210538916866253,1.1420993032025712,0.8722446187545065,0.7282007288326912,0.7665911602835535,1.289263342878881,1.347004913854235,0.7632173341656117,0.6074327155407548,0.7371634138101133,0.6565494938800976,1.0140336308999809,0.676162819938317,1.398898605356995,0.7656239216722603,0.9851716487858123,1.0470081782800487,1.4459213066441843,1.2873241911625113,1.1851086951854568,0.7439149345345106,1.0501060384907817,1.4467812635893382,0.8399327624543308,0.999258285843736,0.898766277898153,0.8813989445806133,0.9874853697490785,0.942608822092135,0.9328162736538205,1.011789682796008,1.2774030030203474,0.9803533223034594,1.1748434175629137,1.4559253290986014,1.0817527043019923,0.8624245488837539,1.2356157268439443,0.7549737613290145,1.3258112954209391,0.9944922633821708,1.0836981124790934,0.9417803386184499,1.1186256530155545,1.1739594553779977,0.9038526414756646,1.0384475397941757,0.8359930306578874,1.2525116233758165,1.36173501837776,1.1866777966707946,0.7192248575928776,1.1146965057320686,1.3742035172160851,0.7171119896891438,0.8644663012048076,0.7320786859630636,0.8539098187331424,1.2454350371066265,0.7706748864827634,1.5103347859700518,1.3256600787339108,1.4656715999924192,0.8821058424319854,0.6342933920917719,1.5567966764817478
Bolivia,1.4410338349888554,1.5845073014662048,1.1830799940847596,0.8352413336179713,0.7733581282381339,1.4415923595365214,0.9762762145103167,1.0,1.5224018663166847,1.070196243614052,0.5560923969226607,1.1669676073457362,1.247003181562786,0.7766597149905342,0.6278440834841829,1.4154822534008238,1.2140635860571427,1.0345286473046593,1.065236247715418,1.1264540609221028,1.4775686831213533,1.257620958147088,0.8286845582821114,0.8996772090825684,0.8935554572509797,1.1468274660358662,1.0322338175554067,0.9523255256127572,1.542325261347727,1.0286382676798493,1.1088396512252114,1.3533602386546786,1.1698396680339471,1.355632324975805,1.2442006890144854,1.1738622444005549,0.8978741243817591,1.1076011142933977,0.7893967270010281,0.9209065931406053,0.5869892797639131,1.1164475691086062,0.6670294438063787,0.7278572120864345,0.7335253929923615,0.8179329342673871,1.5190461804120927,0.6935061733307443,1.1250035925730322,1.1571326002158113,1.4083734018703373,1.0320135972135092,1.665950428350432,1.0163288218028859,1.389853733474267,0.5988229981536863,0.7921565247897995,0.5905035048191066,1.2427024657945023,0.8533292651490508,1.0519215262403847,1.302267953200416,1.3491388999092264,1.5590285697043136,1.4348648085723812,0.7437751698650509,0.8218632155042512,1.3970403078268998,1.2361500851231493,1.201623666466555,0.9136265546287106,1.1256819265970228,1.1528929167080133,1.0573982384790188,0.9037792064592451,1.403422658541337,1.6550842009787106,1.2750217459894515,0.8995599056368608,1.0393885405498524,1.491376116673754
Brazil,1.5056948012470752,1.1860596198230373,1.402021144958439,1.5954923385053212,1.5675939715173375,1.2833868010657172,1.4932056447445508,1.5224018663166847,1.0,1.5549691726959705,1.5733795017242633,1.5268110051567607,1.2273097301674916,1.377162581636293,1.5863623590970257,1.0491248052245628,1.374995758193896,1.5643435059432869,1.6678638852048682,1.4002487150980303,1.323324103954837,1.698180988010931,1.516031854630567,1.6447948509596617,1.5445476963185953,1.403645449717873,1.6344022461273993,1.6516094688048162,1.068734252447132,1.3739426333978386,1.3090118999698384,1.4762587563193756,1.6086038522410278,1.3417737382615162,1.484644854835747,1.362317993800391,1.4374243661369241,1.5137224127429483,1.6607445936665464,1.4464479750189627,1.4822476224585985,1.3461345144208847,1.5117302404393522,1.5746881241672366,1.76460253402293,1.576635733296513,1.4794415410628805,1.5751791602959608,1.4860430677696723,1.4136019401529074,1.3456832083042278,1.5575530042752492,1.2746033770795557,1.5191143833212029,1.2922861258575964,1.6517120514637176,1.6667659862762163,1.6328779030131495,1.0143321152713445,1.418259873171925,1.6573730472445598,1.5566218353764354,1.262395440824257,1.2393571070332863,1.0577514784914794,1.6009614678565014,1.567493869571145,1.1928436785757353,1.3527632126715718,1.4235136454027544,1.5252005694579935,1.427577698591852,1.514324577585085,1.5540827263708352,1.5446919831336487,1.6672480650634411,1.2284574594379363,1.3723457998110649,1.7347031739790364,1.509711617083393,0.7121350219197682
Bulgaria,1.256441357181404,1.0591526823999406,0.6863728393386173,1.092235871368219,1.4491900681604184,1.095981473414768,0.8712160655501333,1.070196243614052,1.5549691726959705,1.0,1.0085176238009055,1.082849098054281,0.980719632529177,1.0774582598397688,1.220079402216409,0.9704779622484236,0.6504064242694115,0.49441540826999414,0.5572768240940909,0.6867265434103804,1.0173016504556154,1.5459266182287745,0.6640299589286907,0.5625445644907526,0.8102374244677947,0.7828878964871037,0.8967925074474149,0.7753590952761482,1.1813024020685716,0.6727500538343703,0.607403732207718,0.5936870392563635,1.5122539710866223,1.0477366404571702,1.0976532719854206,0.708951925448908,0.9323202673057885,1.5642761662969218,0.9711733836267382,0.9709274459933969,0.8923524609681271,0.8198103833685334,0.8544662519254087,0.69043401110226,0.9015010823170347,1.202714031805973,0.9662759380590419,1.0300443974890825,0.9170734948950917,1.665683557855673,1.0053922631819723,0.6873056520469617,1.494154880891314,0.6886236154610037,1.3586754395124203,1.0379857375737838,1.1449486394376953,1.1325607598953065,0.9431141438897793,1.3150320419460222,0.8258946608597979,0.7716994992407238,0.8400276400469223,0.9085239040999632,0.9806944759311355,1.2923667892441926,0.7747246451712446,0.8218805155518025,1.3213562548223117,0.6109608190843094,0.6707833481713346,0.9382516037374813,0.6134966135996056,1.355423907267377,0.9793748477320114,1.6605279280901741,1.0635850627001335,1.3450858278792228,1.1519190941135324,0.7499018424216012,1.5851254229115601
Cambodia,1.3364378861952941,1.650446736212549,1.1789844479821059,0.6312426398400325,0.9043448116301185,1.6087793985728192,0.8729438853838856,0.5560923969226607,1.5733795017242633,1.0085176238009055,1.0,1.108551844340003,1.2508233213273976,0.724222966934901,0.7019575518618953,1.3982967909200026,1.1493078170051376,1.0302008594475576,0.9379194087984823,1.1234559532028656,1.5845062959270249,1.137030335937099,0.8095719647790867,0.7595871938495187,1.0085353393906547,1.0266117930562677,0.9057311861082771,0.9022782582584633,1.6060043676934663,0.8545739679339375,1.1324914730779887,1.3655243490951667,1.2678578256592974,1.1935078500292735,1.1918588946926816,1.1577074850238591,0.7476260839148379,1.0642926782574949,0.483162022280255,0.8913594817213971,0.6077674579310306,1.0832513181162875,0.8987718922673223,0.6033484252609927,0.6235724469024847,0.6806274491655052,1.539520136235332,0.6796187546891254,0.9399857909876868,1.2211427296775028,1.4204852213184442,1.013589485983825,1.502307467341811,1.028352798625643,1.2906868242871277,0.4406368334134087,0.7637741950959435,0.7060717905012439,1.222789656816039,1.0041975151119131,0.8997897702749834,1.4141750587487074,1.3203047649504152,1.5969746128107243,1.4807808753497131,0.76571662297438,0.6924777380327976,1.4596448034496798,1.2295969684051509,1.1228842186038317,0.7167097627002993,1.0199277006151726,0.9552345611850932,1.2531097977972765,0.7914836085475788,1.3596708837612845,1.6506442449932277,1.3183111074659168,0.9084578092255058,0.97998628643813,1.4855688541498164
Cameroon,1.1151422674486051,1.4765684635541478,0.9831388761137458,1.3364299349286715,1.408851277111427,1.406122031285312,1.2175864858559948,1.1669676073457362,1.5268110051567607,1.082849098054281,1.108551844340003,1.0,1.3864689620425896,1.0415875542807014,1.3809818095195439,1.3852076645258127,1.1387535339512933,0.9906748474675366,1.0119656417677254,1.0440592875838948,1.394730085625325,1.5278914347330845,1.0993874711773168,1.0496094467627741,1.0392154649030525,1.269314990341041,1.1751266901245958,1.1804343259458927,1.3799743949262446,1.1453676007249143,1.1794766825546308,1.3191137380302658,1.2259696275704093,0.7995868170176885,0.929446900185186,1.1312741410289493,1.1873324794840137,1.3913684509180821,1.0598041490735173,1.248283226907689,1.018931663796296,1.1360751465719416,1.0920402098677375,1.1133419991210411,1.0272593030899302,1.0509593535759247,1.4457323078075044,1.1277158936335163,1.039352204568458,1.1506004841228987,1.1129406751117268,1.0233241813986187,1.460416062590446,0.9480478921274398,1.2020757873307486,1.0456616960047942,1.063404661419873,1.0494647324510464,1.2400008405115075,1.2878172071198635,0.9926736242614157,1.3057500161243214,1.1925260833740867,1.3423598249938287,1.1394053839498464,1.112933001821772,1.0874603765508197,1.3967010986839397,1.1126252088943036,1.2011449726747003,0.989304183036851,1.1925358552000864,1.254166715167534,1.0791626758741848,1.1211275672366472,1.537118633284495,1.327903825800177,1.3286430634690585,1.1461311126080307,1.2834563644131485,1.5894400056074256
Canada,1.3644199664635306,1.0408361557807666,0.8259046609005908,1.3132936713935843,1.4147643402117298,1.0857939666759824,0.8653884178334165,1.247003181562786,1.2273097301674916,0.980719632529177,1.2508233213273976,1.3864689620425896,1.0,1.1037236923530087,1.2110802516569246,1.0706005192579966,1.0816529507201258,1.1134616183260888,1.1203528278422188,0.892118990266151,1.116508332426499,1.621274496302678,0.9168094125346239,0.9673323462826087,0.9197693564415534,0.7198562882637269,1.0615143004724779,0.930253769980808,1.1949785138239903,0.8786172640070529,0.8791808216042603,1.0236302564542685,1.7015184125971219,1.1892063308169996,1.30786584339111,0.849086264028086,1.273670756914461,1.3926445010438269,1.1948951591114747,1.2345545603513097,1.2195434294694054,0.9737058767564606,1.135055424454828,1.1685598680546025,1.3703943990060699,1.2670404607391816,1.1747388686127065,1.3197570396951501,1.3219434755994532,1.7207009483576057,1.0319887958067313,0.9178603158088472,1.3832597572017762,0.9812396686364638,1.3593241813349588,1.3907164543484132,1.4831876615525237,1.3569331563502247,0.6864231073402468,1.486561363211344,1.1111788819120334,1.11121079770545,0.6573933742974248,0.9768136929850285,1.1563218028387923,1.5029335162374453,1.014503897214049,0.8773177269350402,1.4275743719308087,0.7188511366659477,1.1289172613276441,0.7580813521901107,0.814102586997588,1.5622381825726672,1.0155239495032462,1.6388872984155674,1.0173946354255525,1.4892710534506566,1.246741901174792,0.6293599922440491,1.3107386007312734
Chile,1.4165967425781447,1.396954832471606,1.0793149533468178,0.9432848972259766,1.2829546662794264,1.3520071878229303,1.0162152048063535,0.7766597149905342,1.377162581636293,1.0774582598397688,0.724222966934901,1.0415875542807014,1.1037236923530087,1.0,1.047605793958885,1.1331927843285354,1.2808025942527246,1.14054368963758,1.002033197079475,1.1576185843223363,1.3176532778104593,1.3574642037228373,1.0593075414493578,0.9628533964572161,0.9195998957934269,1.2129084837902182,1.1022186864085342,1.070181946416704,1.3367398953766807,0.9985815242452756,1.0891782120740605,1.376503157973627,1.490971114302021,1.1790617391554123,1.3347939166190845,1.2440673734647547,1.1470771487555511,0.9560453548770386,0.9486778788142676,0.789016795830282,0.8598565838142519,1.2795403868594146,0.8666170320383757,0.9212925762023274,1.0035412013115108,0.7974243731176379,1.4224276954215853,0.8857543436256451,1.0272467639392255,1.3465819767432188,1.3343286826287557,1.2222231454245722,1.5928576660663822,0.9116366478515319,1.0828201227873657,0.9132374695268529,1.1984797199530715,1.0050182118347863,1.0984474071284123,0.9759675137535653,1.167000128036664,1.3787783105407865,1.2515369834938703,1.4004649718104218,1.2132461640053147,1.1149463897271787,0.8145694507382624,1.3755378648299477,1.0353752528542282,1.234371615758079,0.8763115841942042,1.023715774365261,1.090035880753273,1.3530627199665406,1.1095103895842033,1.4313052432929843,1.3788771856684752,1.0671534289342275,1.2769152935200183,1.0512927157565515,1.4496807359052097
China,1.4248193891330556,1.6936576745768825,1.3288525588030673,0.8498017082920338,0.5622459474964159,1.5713639566454156,0.8956079449685399,0.6278440834841829,1.5863623590970257,1.220079402216409,0.7019575518618953,1.3809818095195439,1.2110802516569246,1.047605793958885,1.0,1.559100425616037,1.3708971025179262,1.2401196543209376,1.1336395870260239,1.2438255648347711,1.6251327611792579,1.1633739589291099,0.9094166384657607,0.9294410956838944,1.0171931236745253,1.0610153739652763,1.0298564110147652,0.863370110166285,1.663483948046416,1.1246331115028823,1.3269950295487811,1.3704450805520143,1.1813985650832268,1.466925780158497,1.4051057301171856,1.2045218945477987,1.0486691796955203,1.1295962324987592,0.7819266715553191,1.131150851523807,0.9001141773141715,1.1404871907981018,1.0002706231883176,0.9533497142205641,0.9230245133537788,0.9936128307732947,1.6428230881202124,0.9353726974724171,1.2669985847010776,1.26337780003176,1.46324090427246,1.1480222561036348,1.5505561721082992,1.1779833172358625,1.5193377800997896,0.7886639721154126,0.9323317742069097,0.7814765218684929,1.3813038454514297,1.0487966332932155,1.1524396507470143,1.412673249014234,1.2981656083476492,1.659327165628225,1.6376371934946654,0.8331944800268983,0.8293803569747408,1.4617180536579584,1.4814126473038756,1.1914543269905196,1.045670062665478,1.0610095242864923,1.2186433857952301,1.192782763797222,0.8563013942003914,1.3077034654248594,1.7332737934400035,1.43138570292791,0.8485557267083318,1.0127970755629663,1.4877992661981239
Colombia,1.5221579442411257,0.7530470411290524,1.0604756985352348,1.2763293633815953,1.752908284819865,0.9949013970366716,1.210538916866253,1.4154822534008238,1.0491248052245628,0.9704779622484236,1.3982967909200026,1.3852076645258127,1.0706005192579966,1.1331927843285354,1.559100425616037,1.0,1.0704044086334075,1.1750025101900101,1.1182213203449594,1.1686806837804284,0.8673957597965355,1.6022120814399197,1.2008873312965662,1.2469120365035826,1.2671398113531516,1.2635276964749047,1.3179620328192174,1.3699362208670567,0.7219898167222317,1.0157627276009988,0.9129300480843446,0.9746876671414566,1.792950929134564,1.2512273573331054,1.4676801551900263,1.178202423558429,1.359434571939828,1.6055679420273405,1.5351071460344856,0.9042475182377505,1.2577378200724059,1.170114616225147,1.2378368717065447,1.1984660752872498,1.4258539912109935,1.4438230771446325,0.985053045332964,1.449682999003058,1.2305939118658153,1.7258965955453451,1.2056051763674906,1.2714605232927958,1.2709940576156022,1.1359020657226504,1.114333624550455,1.485390692319085,1.6083301388778324,1.6034527606052629,0.9648415354462564,1.291209269760552,1.36823910152998,1.0838780773958767,1.0333004813867825,0.8013710852484912,0.7053949757156809,1.643031955218894,1.2238042471790156,0.8606782379198481,1.2729999569433257,1.1307251953230646,1.1366756301337009,1.1736019475291664,1.0747790376222675,1.6190178591106643,1.4909447755334735,1.746341850166412,0.8294725700347799,1.1606908710697486,1.6791295799772,1.1762647071196626,1.3240596631360053
Costa Rica,1.29109312515953,1.151150995274115,0.7835508049319924,1.2912409740932942,1.4536403870585206,1.2449540887926225,1.1420993032025712,1.2140635860571427,1.374995758193896,0.6504064242694115,1.1493078170051376,1.1387535339512933,1.0816529507201258,1.2808025942527246,1.3708971025179262,1.0704044086334075,1.0,0.6876382455357017,0.9635049377080143,0.8751151999472143,1.1673220344515447,1.7027368189910033,0.6961230594672312,0.9333152179319391,1.147032363996911,0.8867676756103692,1.0394068912408418,1.0509959971203342,1.1241031235773253,0.6844363805063618,0.5334571960650749,0.7896276725377751,1.4977610048282208,0.8374997835297303,1.1444332508348622,0.8045604630140022,0.7185291110663173,1.5857054493334408,1.115209166218058,1.23901920337039,1.0129440356261137,0.7780269952985804,1.113909330602677,0.8461925674935854,1.1717617875960273,1.3111198124249532,1.1240203251795997,1.094078315719247,1.139740563025353,1.595099578572866,1.0653208975580573,0.7714434590669382,1.3652478235455525,1.0722034931939162,1.459785448939417,1.2118052983242595,1.1734815604473012,1.2596225390894793,0.9078343370072626,1.4389347628565607,0.8057557184307271,1.007147684372648,0.9506747526235935,0.9502268626473789,0.913153297900658,1.396877193300781,1.1069736499084548,0.8404302492143875,1.4832127581000132,0.7160285179608148,0.8270954862148235,1.2504613962647353,0.7553683926933246,1.4289402859551608,0.9180912287056211,1.7971961061402362,1.154273989031935,1.4901076876308381,1.308378579126068,0.8993661661119131,1.4658785926170979
Croatia,1.3566340368538345,1.1474215564435324,0.7383317042693031,1.2427992016883758,1.4260663109436538,1.0841630775658375,0.8722446187545065,1.0345286473046593,1.5643435059432869,0.49441540826999414,1.0302008594475576,0.9906748474675366,1.1134616183260888,1.14054368963758,1.2401196543209376,1.1750025101900101,0.6876382455357017,1.0,0.568197290094235,0.642547805972909,1.0664321223643718,1.5573650071316003,0.746167677549339,0.6090222050717209,0.7395485748957468,0.7937392297547695,1.1484359996039684,0.7497922074191296,1.1814806879120061,0.8356791263693893,0.6325338134162387,0.7063040539623678,1.3457624927512166,1.107670221030192,1.0533496908899018,0.6047234681352914,0.8587752889180044,1.548525757626493,0.8991526728553204,1.1303058668492796,0.8478446843678726,0.8260088516137866,0.869020341975555,0.7828369665123182,0.8590276044773928,1.2129310865929293,0.9791333199538437,0.8324265029663939,1.068537000244939,1.4982551959833172,0.8851726464436831,0.7805275999613953,1.461227884266529,0.6248347803056026,1.362128268221524,1.0080259206029687,1.0091191849448025,0.9583467187620752,1.0664419028356833,1.2407818817696332,0.7365613273179477,0.736840227970545,0.9484071640271023,0.9896447797404678,1.0879163084870016,1.2243954981485055,0.9233395590226334,0.8567633590185395,1.3014194973390265,0.6630930875811177,0.7422709499718055,1.0717855450964435,0.7827988946119004,1.1343239619244683,0.8890414617550855,1.587240496717194,1.1608408974614817,1.4485556274204252,1.0120481585032892,0.8120144672984362,1.6161505702311758
Czech Republic,1.3081943964426628,1.1948757441154536,0.8175053675712352,1.088370398845741,1.4605138671691795,1.158028141859671,0.7282007288326912,1.065236247715418,1.6678638852048682,0.5572768240940909,0.9379194087984823,1.0119656417677254,1.1203528278422188,1.002033197079475,1.1336395870260239,1.1182213203449594,0.9635049377080143,0.568197290094235,1.0,0.8176841428052736,1.1148704871001107,1.369674023789935,0.8171229797639371,0.4759769054793362,0.7113238153043744,0.8562000294010045,1.0787732318692538,0.6374998918582081,1.2250255153075655,0.8224289126193094,0.8153428497326659,0.7833867403916578,1.4450597473697357,1.1701022134547543,1.1731296252517385,0.7856916290682588,1.0270402915493446,1.4299593208564898,0.8401107705744951,0.9852379408201355,0.914178822217124,0.9163739882371738,0.9128559948411504,0.8248786444582464,0.8002350047851996,1.104110659169606,1.0023532425283215,0.889220049803575,1.0517682570670772,1.5772018726508616,0.9337692115366536,0.9190483369851523,1.3692371515960957,0.5664441663951763,1.2861535733326201,0.9916720395798774,1.0914095381654894,1.0289449323423023,1.234329087226981,1.1438030133778767,0.8042864625063462,0.8240364456702958,0.9638817614301637,1.0660909258192124,1.1716662628610084,1.2468229969133182,0.7498835179458411,1.023078044839483,1.266323432242903,0.7856188861092678,0.6642065728906015,0.9239191060583968,0.7857507695680037,1.2539558059815183,0.9942493085238662,1.472211930244313,1.1336870979077447,1.371739721610367,1.054857593529635,0.8139048127860825,1.6982041899565015
Denmark,1.178656362259441,1.0917240525426208,0.664681345543446,1.2931121314706515,1.394581247982941,0.9994335646189293,0.7665911602835535,1.1264540609221028,1.4002487150980303,0.6867265434103804,1.1234559532028656,1.0440592875838948,0.892118990266151,1.1576185843223363,1.2438255648347711,1.1686806837804284,0.8751151999472143,0.642547805972909,0.8176841428052736,1.0,1.0647636536828275,1.6101259377898605,0.8450459002351332,0.7362877343001898,0.6444374350282606,0.6848543817372789,1.0702633370819048,0.8792180280656058,1.2295173138613875,0.8793896141218696,0.7340232226318952,0.742006237312057,1.3046175302246903,1.1243637834978435,0.8249584436803031,0.4557129735620934,0.965244482794943,1.6403751274512222,1.0095024926238116,1.1715566178328087,0.9998067506322423,0.6673763705636513,0.8596603843912258,1.0240763694965218,1.049475841022543,1.22570546348205,1.056127676071397,1.020843118015244,1.1618103745084845,1.455619408257952,0.8434161418130391,0.6817134124081264,1.4090065791764337,0.648078246678073,1.3787124206514125,1.070458949325147,1.0489653698818886,0.968687522895228,0.8400195465807112,1.3507292564353384,0.9594758094293873,0.7878069367600091,0.7174592129792666,0.9483196059983678,1.0610704752146516,1.2062292002934751,0.9074694768088432,0.8927071328628948,1.195710444581914,0.6355378268814768,0.8820262995894663,0.8594518831570293,0.8651025137149412,1.1057293486980908,0.9100021285639089,1.7090770141801088,1.074285317653635,1.4926941765537558,0.9862389603839322,0.8818207517490455,1.4508661354994354
Ecuador,1.5620160895988289,0.31076614792199153,0.8746673413338153,1.5926677587277767,1.7878980217627631,0.37185798299309225,1.289263342878881,1.4775686831213533,1.323324103954837,1.0173016504556154,1.5845062959270249,1.394730085625325,1.116508332426499,1.3176532778104593,1.6251327611792579,0.8673957597965355,1.1673220344515447,1.0664321223643718,1.1148704871001107,1.0647636536828275,1.0,1.6876101048483285,1.377572649317466,1.3000532314700484,1.0987672177153094,1.314498374721831,1.4491722709167336,1.3628208537741182,0.6799014532844976,1.3108237648768242,0.9172780557515241,0.8822049819129059,1.5812762827853317,1.4415836247781924,1.4101272057173644,1.1715923438739146,1.4359676419603604,1.607016855689644,1.5577974639159282,1.149401682726229,1.413186155216506,1.3258312380326596,1.0585305878245552,1.4593020382828417,1.5160173978450342,1.540457802022832,0.5589515741871218,1.3512186198453386,1.3874799197675873,1.6749418546341668,1.0941764511323206,1.2808641680940356,1.5283100129533267,0.9510762880101747,1.1609397616471937,1.6070276524246414,1.5632858817810125,1.521890544233808,1.196812532328585,1.3180278926489626,1.3560351789993206,0.6350831945250909,1.1554428051187982,0.47196953701086625,0.8009745192446533,1.6582386983300907,1.4175629956823292,0.7509293643940915,1.3508639799098503,1.1706521852962999,1.3787888541102524,1.3810817566397458,1.1357486801935142,1.4897785563503487,1.4675697484780037,1.6239118845813447,0.6376183215724235,1.1966036883126958,1.5959361544775748,1.190009757681463,1.58887114908038
"Egypt, Arab Rep.",1.5029623656770479,1.7127047354346865,1.6467380148046107,0.9684639495712511,1.156110536523763,1.7199390124011005,1.347004913854235,1.257620958147088,1.698180988010931,1.5459266182287745,1.137030335937099,1.5278914347330845,1.621274496302678,1.3574642037228373,1.1633739589291099,1.6022120814399197,1.7027368189910033,1.5573650071316003,1.369674023789935,1.6101259377898605,1.6876101048483285,1.0,1.4899520561512423,1.37743812370643,1.5191021162289722,1.5295710488819936,1.3048824105949994,1.3997744833659356,1.6836732578570515,1.524266205464606,1.6757859327238924,1.6720087267596584,1.3698578693560066,1.6731300575970949,1.5151595445242185,1.6272872940033942,1.4330598324476742,1.1087321951839404,1.192150719981203,1.2768478267946881,1.2434025973377538,1.5131804570168064,1.3955128474447251,1.2965847090869875,1.065992667384187,1.0382450531874103,1.4844881082130292,1.330807527414288,1.4228731498445388,1.2921971754019788,1.6911988207444915,1.4836896712164336,1.3198553236184207,1.4978905650929115,1.3237722080307548,1.1136213993743744,1.2310233365946177,1.3108202926221042,1.6826467487322605,1.1116075525699587,1.399380929858527,1.5753328310168397,1.6917968742283676,1.774835922990535,1.7859417940843605,1.1998393634606679,1.3546731761042439,1.7031551836115808,1.3713609571162488,1.5945052078594049,1.416738016869718,1.3322466023146746,1.42252564134642,1.4075537323051268,1.4751563039548734,0.8855956393024563,1.740622363991837,1.2935880817707506,1.1478641617438372,1.4862067113808264,1.5306260228592639
El Salvador,1.2979088340145424,1.4012707545921597,0.8704293539687008,0.9426226599878733,1.0972893108355979,1.3732082631387936,0.7632173341656117,0.8286845582821114,1.516031854630567,0.6640299589286907,0.8095719647790867,1.0993874711773168,0.9168094125346239,1.0593075414493578,0.9094166384657607,1.2008873312965662,0.6961230594672312,0.746167677549339,0.8171229797639371,0.8450459002351332,1.377572649317466,1.4899520561512423,1.0,0.6095448555033294,0.8843259954046457,0.7251689989351803,0.7628552958895741,0.6917096844608046,1.3764013329275948,0.5382526678685325,0.7497339985570727,0.945271650785342,1.452492264631109,0.9956107454542347,1.1562404536705706,0.7541423791753173,0.7909922286246157,1.4342214469894015,0.8409759020262629,1.0633030936084449,0.7122727081246407,0.6500507345022986,0.9423184438649691,0.5452121185884088,0.8362310653843691,1.020263746906013,1.3474987128161087,0.9829918181439844,1.1331292422345975,1.5107604034703936,1.1370586535423075,0.5420982921740064,1.3772962502955741,0.9557951739772251,1.495629983421877,0.8973133258790004,0.988961989949787,0.9659779657934939,0.9647362376637939,1.265126744311184,0.677297988950889,1.0886696826475672,0.8602929308115391,1.250941638237816,1.2246965523026392,1.1469152621208347,0.7183257129299981,1.0530028732381198,1.4580233909337874,0.6482029677282043,0.6542684698578668,0.9080869948510445,0.7581523411220492,1.272866243588178,0.6570408765125525,1.6891499855290477,1.3930942496376197,1.501160616417223,0.9309572565127413,0.6162920104974781,1.5296145027242534
Estonia,1.2027002486939702,1.3466940929079911,0.8230309177338844,0.918939039660258,1.2341132978109097,1.3134766850574529,0.6074327155407548,0.8996772090825684,1.6447948509596617,0.5625445644907526,0.7595871938495187,1.0496094467627741,0.9673323462826087,0.9628533964572161,0.9294410956838944,1.2469120365035826,0.9333152179319391,0.6090222050717209,0.4759769054793362,0.7362877343001898,1.3000532314700484,1.37743812370643,0.6095448555033294,1.0,0.6147158354649883,0.6750699897314556,0.8725029133394391,0.38174728968646143,1.4164138477732473,0.6528763958524434,0.8506504099554661,0.8738227795139472,1.3944754497721557,1.079304718741607,1.069011757665496,0.6986933138064321,0.9329687268743524,1.4116069988545303,0.6296328107412639,1.0279182064871104,0.8652174265447641,0.8304263031518158,0.8895236638824963,0.6725294503569109,0.7012954042748968,0.9895560911917095,1.214253338995414,0.895847518562708,0.9832642874514784,1.5588598920137293,0.9428233639225168,0.7288073710844812,1.4327555131079706,0.6081815412871181,1.381756130951112,0.8318657365384985,1.0205016225291712,0.8694194832355773,1.0639527011180256,1.2950783972795725,0.7848245922281778,1.0123836121019285,0.8606294066473547,1.2091966448983757,1.289409618775256,1.1110638904600145,0.4302145561464348,1.1202583737552665,1.2539797733913312,0.6142949327383117,0.4865837683687644,0.6946711897219169,0.6925316316580983,1.264450939998283,0.7770083053383458,1.5120254227327805,1.2732420661040207,1.479481132428766,0.8188986132303672,0.6423573739154455,1.5988056777883382
Finland,1.3139225663433056,1.19629478724967,0.7738769041479505,1.209913232332848,1.2929577200134579,1.0035541604509046,0.7371634138101133,0.8935554572509797,1.5445476963185953,0.8102374244677947,1.0085353393906547,1.0392154649030525,0.9197693564415534,0.9195998957934269,1.0171931236745253,1.2671398113531516,1.147032363996911,0.7395485748957468,0.7113238153043744,0.6444374350282606,1.0987672177153094,1.5191021162289722,0.8843259954046457,0.6147158354649883,1.0,0.8495960799643687,1.161237051920838,0.6402825328259291,1.3182108795553482,0.9836982813143436,0.9010741345197103,0.9216815470316296,1.264602972534457,1.2640929590359389,1.0336853812713638,0.7255906473903894,1.1607298676710067,1.3965535718986852,0.8872213883045467,1.0480548964380971,0.982106016810951,0.9731082713365072,0.7402511172148639,1.0195434737644837,0.9364217708483717,1.1040689953752274,1.156570124397049,0.9210230955079725,1.1354179449257817,1.4401791441941199,0.8556084364449288,0.9030888161205891,1.5961097230227232,0.4154264960987685,1.3361480166758257,0.9913929493615542,1.0871002272532793,0.7798517480507391,1.0449786293707046,1.1915007300747416,1.0437909238184886,0.886066237267848,0.8884821476393863,1.1136440016173412,1.2545871958924573,1.104292388899825,0.72456485479591,1.0711496030324787,1.0829376613993373,0.8342926502831316,0.8709479434052474,0.7948621485141073,0.9895220944513626,1.0379090870357428,0.927824096153573,1.5080379865322098,1.1640555494232785,1.4939180642801533,0.8797958124800714,0.8157746889220896,1.54372551124157
