Country Name,Albania,Angola,Australia,Austria,Azerbaijan,Bangladesh,Belarus,Belgium,Bolivia,Brazil,Bulgaria,Burkina Faso,Cambodia,Cameroon,Canada,Chad,Chile,China,Colombia,Costa Rica,Croatia,Czech Republic,Denmark,Dominican Republic,Ecuador,"Egypt, Arab Rep.",El Salvador,Estonia,Finland,France,Germany,Ghana,Greece,Guatemala,Honduras,Hungary,India,Indonesia,"Iran, Islamic Rep.",Ireland,Israel,Italy,Jamaica,Japan,Jordan,Kazakhstan,Kenya,"Korea, Rep.",Kuwait,Kyrgyz Republic,Latvia,Lithuania,Madagascar,Mali,Mexico,Moldova,Mongolia,Morocco,Nepal,Netherlands,New Zealand,Nicaragua,Nigeria,North Macedonia,Norway,Oman,Pakistan,Panama,Paraguay,Peru,Philippines,Poland,Portugal,Romania,Russian Federation,Rwanda,Saudi Arabia,Senegal,Singapore,Slovak Republic,South Africa,Spain,Sri Lanka,Sweden,Switzerland,Tanzania,Thailand,Tunisia,Uganda,Ukraine,United Kingdom,United States,Uruguay
Albania,1.0,1.5060248335591926,1.2551689221630358,1.2459363649907678,1.3757889403852956,1.355988628079821,1.505436082522169,1.341415975523572,1.3994312384143976,1.458550589783593,1.240678347688057,1.2353018974013275,1.325607388067349,1.1286186486095264,1.339899777069423,1.2686088878618773,1.4072740414183473,1.434848865578173,1.4814859511409249,1.2508852896046085,1.322569321059864,1.331780748891371,1.1474970942668092,1.4672411471733973,1.5412988853704082,1.484663402777648,1.2568488999770917,1.1804778863656005,1.2909579025254363,1.207715889864205,1.2168982317288473,1.6194171468366325,1.1372636596183698,1.1576558670852444,1.3008124313510185,1.3190074333028112,1.3201743353532802,0.957893976944546,1.4747883641423858,1.2768436242967616,0.810241208344615,1.1913660289555976,1.2791014541756163,1.5274512086437788,1.2427481218238638,1.559588916168265,1.4681216668485748,1.1613926689738239,1.3162882321342038,1.3705191390761258,1.3160265024049038,1.3214692001832253,0.9861066607256074,0.9629033649681474,1.4770350605932059,1.5694324756348867,1.4263230052712947,1.1650728368204843,1.473371223197995,1.1250535717984955,1.1369222609566942,1.3479015791377738,1.3854729196948359,1.3192562352184725,1.6200403153296214,1.2880302454768027,1.3430051721853196,1.2691375442950177,1.2655755780978248,1.670910815445677,1.3054499434398148,1.456004141099798,1.155978056355977,1.3652317898370798,1.2488543018528777,1.5441100067485967,1.2852157565776694,1.1643089294117699,1.3268491544172651,1.5294711872931581,1.17797624863899,1.2145128900690165,1.1537903247256276,1.1846047221645823,1.3336860137816102,1.3364041278137104,1.3337990475149544,1.563938782844394,1.4979306877331753,1.4611467680994594,1.246513292124868,1.438497728741274,1.3549617816042951
Angola,1.5060248335591926,1.0,0.9316909393500039,1.2851523125524977,1.5992991010855995,1.8323746127303089,0.4783766252192343,1.296799728103743,1.5460676221818088,1.1649699896076244,1.0491213153005747,1.4581652071711058,1.640132234551377,1.4804693330734948,1.0453284912571528,1.3142411727040668,1.390527713493299,1.6965499325945517,0.7553868966727744,1.1321990626374794,1.129505486969002,1.2175249503875847,1.0766666174069364,1.3067598028660043,0.3082733621391735,1.6945211125000665,1.3650111096935755,1.323249332776366,1.1810272595021822,1.2507311581657048,1.3752812312499343,0.643972815148902,1.1609932048833629,1.2502648628983581,0.9149482460976887,0.868322062018959,1.669394549604691,1.365657900825292,1.569525796541144,0.9541426777247928,1.390438424531831,1.128434327834225,1.4482481194699548,1.6607051804988988,1.58810562309716,1.2151147306320411,1.4722004510873177,1.2615258683288582,1.6342274978470805,1.206611327207757,1.4802177466000792,1.5980988020605613,1.306148809330033,1.474808488336457,0.5625341658728377,0.7093783955274625,1.466130520649442,1.3684356401143754,1.7491137431640182,1.0631274213848014,1.2884374592106977,1.4799202775145563,1.4205155917354995,1.0449238244128956,1.1922001093108447,1.6615230911964354,1.6790849909389292,1.5798457482226982,1.074515899199722,1.4237060147434357,1.3953910928009408,0.7787512629094713,1.0541679221104452,0.3409188622924993,0.7793258491088277,1.5566731052072857,1.7141743803039584,1.4581717706042392,1.520440446705574,0.6663453987039726,1.3400505966575171,1.109021844559121,1.3843611237864288,1.3326492415440712,1.1125921620795538,1.550427734269594,1.480529075183408,1.6696519485110075,1.628053164124114,1.2786309348100322,1.6290894230898927,1.1874855200785657,1.4498553407921448
Australia,1.2551689221630358,0.9316909393500039,1.0,0.8694499739679566,1.2926497364240177,1.4769022522320956,0.9453889166630656,0.9159619667221037,1.0948137742619988,1.2902339233337592,0.7087575752780008,1.069458406989306,1.176802897847873,1.058342826149125,0.7877741403240219,1.1494160239256037,1.0982125704198533,1.359992300071732,0.9886181022954581,0.7155579927128785,0.6999632135872976,0.984909054410835,0.6136989003870281,1.2876629991346569,0.8811358014516839,1.5732117580923213,0.7950210522360228,0.7746653680579936,0.7563437797333161,0.8513112660913577,0.9227022424665327,0.9505923904143874,0.7501519361779452,0.7995935969255432,0.5574685042351581,0.8648505595606365,1.427225287676759,0.8672229052394547,1.5789212814698332,0.7759176471272278,1.0010890624022675,0.705182953126333,0.9679077134803084,1.4882145436513936,1.0102907085441144,1.0561839020067108,1.0230491886853226,0.7526344996733472,1.2087463127977924,0.8345973754895868,1.064598018669525,1.1931887672256405,1.1684781027013063,1.0775262785950115,0.9056593519688102,0.8530750017923959,1.0578373904362366,1.0804890604599955,1.5182836970280897,0.9351434015427573,0.7475931826347427,0.9477894050675568,1.4336152194922271,0.6549178878668663,1.1284814112057038,1.1767858084015699,1.3125613406860346,1.0787098338550796,0.787384816586646,1.3004371427733012,0.8546284575066468,0.9246752032018137,0.7690768382594972,0.7551273517233409,0.7855310294466735,1.44871374374037,1.3438333486695055,1.0953738331960232,1.055783499134031,0.8358978013571642,1.229191060576285,0.6533713248184837,0.9063946423552754,1.0122924082650238,0.6664098531494513,1.3122567312984073,0.8717383409198609,1.7605709431052912,1.3784110065013744,1.324423843176431,1.13588394239486,0.7890252709026547,1.5657034661834437
Austria,1.2459363649907678,1.2851523125524977,0.8694499739679566,1.0,1.1555090130210146,1.182685816584789,1.135233496629816,0.5511419582345696,0.9236255366464609,1.5198023609008113,0.8979365761833352,1.0168822309760355,0.9931270420927983,1.2403474454871628,0.8474889390145686,1.3281373641852148,1.0848255156049096,0.9214192635103745,1.3265016645285943,1.090409850364707,0.8134124308292298,0.813791178899186,0.7929393445325795,1.3212377976114469,1.231505812729534,1.389910645193623,0.765658761706868,0.5895248646030767,0.5841704368299948,0.6826976444486231,0.4812578974437757,1.364362118876059,0.9663209858093844,0.8353738698530875,0.8751062556397098,0.9979777092074488,1.3791514986956765,1.2251758234260945,1.2740907860854052,0.8898856341597178,1.1438574234206418,0.7201364590768804,1.0573156653805786,1.3516022926639626,0.8255900063849786,1.212150395782809,1.0185876138181225,0.890630764316444,1.1456546711720195,0.9182449192457186,1.0066544789167657,1.0083600268258024,1.1931878166697119,0.9879290627142189,1.1789899451665937,1.1610850236658483,0.9141522866928066,1.2778249080255342,1.5144441708210579,0.9024859692066783,0.8601025988393822,0.8497210138237117,1.371596473871533,0.7177947941399403,1.4698019370730935,1.0778715167358612,1.1733902192954277,0.8840601388766115,1.1508009963016586,1.2244314260691898,0.8910135698740499,0.9812132151007642,0.8442596000341003,1.1696573075233703,1.301219272936726,1.388214508162961,1.2344268305745483,0.8239579029418193,0.7081931875948719,1.0954804370776021,1.3517439772392739,0.7149183938762195,0.8830774726797065,0.8514202411806651,0.9081776496802829,1.175123571334523,0.791681680767496,1.5168876865488927,1.2376494994477818,1.5014133788684816,0.8085194142640009,0.6387891670019805,1.6075559568960023
Azerbaijan,1.3757889403852956,1.5992991010855995,1.2926497364240177,1.1555090130210146,1.0,0.9886031358701737,1.6141228895016846,0.957942943312164,0.8153347527646251,1.5368656760619008,1.0763073855984175,1.1004154674150544,0.6335167298088169,1.3457355585174708,1.284111373172444,1.5503891129999183,0.9421829468052509,0.8863173391616359,1.2385504649144663,1.2424836998734259,1.2065144485592587,1.1294263799772069,1.247176260742827,1.3911122200524597,1.5680076543638524,0.9585655383510514,0.9174951600760785,0.904384969149047,1.1845674182067398,1.2111928566048895,1.057614299385248,1.5568150280777324,1.1905716871816598,0.9273512175965269,1.2762240892156158,1.3696351418089934,1.4227750949426057,1.256216016615769,1.5434533940224124,1.2237569617416093,1.3442736531019506,1.2802466840471334,1.0525099373285418,1.2809130768858505,0.9022056295349515,0.7744579745900325,0.8543626147751311,1.1676358763741828,0.7600392326206784,1.0954278436910454,0.7312875194121875,0.7559427502229558,1.2232778436175502,1.1693170919831253,1.5048644678581884,1.2764766556110447,1.113468443294976,1.0313134774053916,1.384697180857215,1.55786995396163,1.0883100692896048,0.8123323502550165,1.4013097965775414,1.204361150619665,1.3225395133241793,0.7103576238142514,1.1249799791758064,1.0150924627406699,1.2374248937696493,1.138207212873292,1.1482872692536215,1.471660889044371,1.28724679608319,1.5938052140998442,1.4596194059781464,1.0256849594360535,1.0496607034078278,0.7698572773714425,1.1134400749306275,1.5075882603032906,1.2757748939810936,1.170367781366097,0.8069368911289028,1.0257028203414609,1.0522971874915308,1.3638172055627493,1.0504754018523326,1.517847523016782,1.185915566583499,1.2454636509472423,1.0406874092166256,1.05513559823646,1.5207609438735659
Bangladesh,1.355988628079821,1.8323746127303089,1.4769022522320956,1.182685816584789,0.9886031358701737,1.0,1.7022446776427165,1.2075475729906582,0.7863913859290622,1.5350723847140035,1.4378066200920985,1.3410442481495397,0.9002183064706236,1.4125374437812224,1.3973382176953737,1.6474609062702656,1.278335248501145,0.5903007545146228,1.7186329330789816,1.422890158716493,1.4043528863502495,1.4705731459504525,1.3695539001839405,1.3396305809234912,1.7736382866186788,1.1500768295558081,1.0921708988827026,1.2232914187879942,1.2805961447627363,1.2689433409717665,1.1790260806601336,1.7831229591131599,1.3450779035531544,1.314146598970164,1.4907636966139994,1.57734108945577,1.0063796189485434,1.4438577301248439,1.2423044227348436,1.5055093013129637,1.32891047132448,1.365807492754324,1.0943817357345433,1.1852851107936913,0.9754911649409664,1.3468915893360272,1.026443238515224,1.2553573575813552,0.8900404929945732,1.1676963694107745,1.1031989760493484,1.044767108680082,1.4075880327049808,1.357435758692251,1.772380366558082,1.5416234471331103,1.1045637574132714,1.3415999059837818,1.033804689020157,1.6261969312639613,1.199285293970431,1.009881684898608,1.587502983520214,1.445345347653982,1.6204878375020049,0.859643361886282,0.9186213134552789,0.8678018840104887,1.4249727305995046,1.2016757068627435,1.258487322941024,1.595092084291622,1.4601806465554856,1.8027504602700235,1.6961612855868202,1.2475336015589935,0.8029722533032776,1.1413684256100216,0.8907868783549971,1.633750679612746,1.5039214092055495,1.3687372202787456,1.265956872929746,1.3021407207387263,1.4144288019032847,1.1099750977939349,0.9839795341636127,1.3631382300527106,0.939325583263715,1.466436285728335,0.8568680182195962,1.2736381451517695,1.40731316495071
Belarus,1.505436082522169,0.4783766252192343,0.9453889166630656,1.135233496629816,1.6141228895016846,1.7022446776427165,1.0,1.1980349166228654,1.3938528097562761,1.2407335005748648,1.0800422843651283,1.420578042790044,1.593100944257685,1.413327739944774,1.074564693689127,1.2646981241865505,1.3432635774266408,1.5777407237962953,0.9696487008613756,1.2003458982026294,1.0547679995178396,1.1937584007045638,0.9718257321232675,1.3909185008575526,0.36892418003031907,1.693121238777761,1.3202128434405498,1.2785462137953199,0.9843369024573184,1.220968722385049,1.2837911788053527,0.8291796672011151,1.2034903638439443,1.3074232757794002,0.948242613433991,0.908129755977693,1.4999322532263792,1.436186336876185,1.4629468216360944,1.0047900175218847,1.32286522181526,1.0417180170412739,1.4384577878325289,1.621463707545922,1.5212338619395338,1.2284276819436082,1.3810938586360855,1.2493392484549308,1.5255897226219515,1.0678154832894442,1.4736581676915894,1.5215297987472236,1.316779513604957,1.3908725296051478,0.707990797117803,0.7665680391269899,1.3270434642743456,1.3808550019424726,1.594024858293425,1.060344969877324,1.2729550178554394,1.4087397249038935,1.535392614297535,0.9383434574391872,1.312017620234884,1.5701403402849405,1.5630692282210414,1.3732156136815776,1.1612768847630348,1.268605967908394,1.3805504179134704,0.6727297448329408,1.047044417086561,0.5956540762239053,0.9080331730758215,1.5343337392160037,1.5920671194791534,1.434537272800371,1.2978945726721691,0.7568448104002842,1.3149980616285857,1.1135259863275173,1.405129013851935,1.3581784366005236,1.2376830789415505,1.2735590870865332,1.3818008147604752,1.6396680915505542,1.4340224916139366,1.2912630316676539,1.485090017506402,1.170849103148991,1.524665839523042
Belgium,1.341415975523572,1.296799728103743,0.9159619667221037,0.5511419582345696,0.957942943312164,1.2075475729906582,1.1980349166228654,1.0,0.9339876043390678,1.4218225234577264,0.8551353258521082,0.9159044330175984,0.8805091102076731,1.2366254751821424,0.83525948518209,1.3003441499974289,1.0234493643658156,0.9412088131806058,1.1577381712178176,1.0836873668739624,0.8369469941306655,0.8342440366857187,0.7342914060232699,1.300032585433147,1.2649829312788918,1.3142626418847971,0.7341057674041508,0.5826278636077656,0.7132043661303391,0.6306387546498103,0.6579204395839047,1.3531919947540518,0.8440439258823894,0.7393310704791459,0.9424855145280475,1.0387932017949286,1.4334593164450722,1.2166838388783854,1.428884420932215,0.9218544207753162,1.1374542466429216,0.7138418071216901,1.01840467498558,1.448628224203336,0.8128915312178812,0.9812819906969813,0.8766809879681701,0.8546980768558982,1.0463021664079135,0.9882380940965425,0.9185292950728351,0.93106477003504,1.193608309407331,0.9926347312269568,1.238046696832552,1.0997945218925114,0.9546137988536505,1.1290275517150887,1.4296804986752218,1.0943376362666424,0.856442339459669,0.805657880715628,1.2310932110895692,0.7553726864750646,1.294971977262515,0.9581682608738539,1.1411466225776663,0.8947317636811718,1.063712841539539,1.1499375079002037,0.8825162945361733,1.0718665861558985,0.8008457903179339,1.2249574878303429,1.2915699530423472,1.2863589662987653,1.1997632053327234,0.7991321466216007,0.7707511254537496,1.0995459209765437,1.3317007963703733,0.6865300919685675,0.8594028118026814,0.7493206470968004,0.8217042021257538,1.1894834426299434,0.7344811809658921,1.5699917703258324,1.1403011619585035,1.418679921828093,0.8490551323965115,0.619504497165547,1.5642614282031433
Bolivia,1.3994312384143976,1.5460676221818088,1.0948137742619988,0.9236255366464609,0.8153347527646251,0.7863913859290622,1.3938528097562761,0.9339876043390678,1.0,1.4316308531536548,1.0472606505995932,1.0156297774650462,0.5959729765670843,1.1966926526062478,1.1897646165508842,1.4186297994312425,0.8033071432473862,0.7349252129357522,1.340637558428692,1.132315957407259,0.9814317056660137,1.1414219303895397,1.0553341168112518,1.3713309409172527,1.4389058530155812,1.227202910914077,0.7745430160261164,0.8591404990063835,0.8643802514819346,1.096604280668174,0.9234096761884852,1.4733615712399009,1.2171719681381874,0.9811173569868649,1.0475752795163835,1.329576971435022,1.1617026566192552,1.260964244035539,1.3226791931779498,1.1929928098582439,1.1885969510909546,1.0875789508728095,0.8591099435301515,1.142161254398525,0.7566855932860378,0.8945088676441278,0.5746780329664452,1.02715322305741,0.5725362324691757,0.6821842425102868,0.7206721448528488,0.7563678235363844,1.3321928091225272,1.088942021622965,1.4592877159402067,1.2108270805277612,0.6871028056598706,1.0602128904130488,1.13890007646599,1.4106710013392256,1.0157795638494187,0.5299269566457696,1.6403675775677466,1.0007830515656138,1.357418604304372,0.5754587092646637,0.9149260096939044,0.5556253766368,1.1625755999220455,0.8422972206773445,1.015113160105443,1.3192318278034922,1.264063869631748,1.511955521618712,1.3409095184527173,1.0886282918409207,0.7962225155879006,0.9044077677908027,0.6667089073351492,1.3685363644451822,1.1907286884826522,1.1199524582804072,0.8949455412209769,1.1314711913088649,1.1059166437793477,0.9952086288662515,0.8491404130236371,1.514934238058713,0.8875974225065739,1.2280775000244322,0.8675884435230735,1.0099601441152395,1.4994130183023209
Brazil,1.458550589783593,1.1649699896076244,1.2902339233337592,1.5198023609008113,1.5368656760619008,1.5350723847140035,1.2407335005748648,1.4218225234577264,1.4316308531536548,1.0,1.5079168856800542,1.360378663839785,1.5433560274008933,1.5313283416701184,1.1724454173105656,1.4402594459971017,1.3629628455276315,1.5920037298274423,0.9923588156351307,1.2774644029947062,1.479806619131032,1.6839341021395469,1.3074522566336058,1.1438555207437788,1.28998611727121,1.6452965038146519,1.4082443041310084,1.5556507615210708,1.4811726548538393,1.3378844634104061,1.5704945498448493,1.02121946258005,1.3141372517945888,1.3063977027555698,1.233492545286046,1.4452709455110389,1.5690811549496853,1.2436238671370123,1.5952575335487338,1.2399052533267427,1.4141086965634995,1.2558144366470407,1.3652801646171295,1.5154524613010003,1.5819504316623583,1.3882989098637037,1.422094566680805,1.223676014395836,1.533423662256423,1.464940005514665,1.5214342476267995,1.7267172484611906,1.580575010460462,1.4860141020152056,1.4185963571969882,1.2369649026605907,1.5210820174000586,1.3910443949892344,1.3821418410129005,1.3567430383079164,1.5142887365178097,1.5018154170758826,1.2678889338903834,1.4770544464693842,1.2659053399546965,1.572755217639583,1.6840947970035196,1.5032392084372415,0.9459211392989528,1.3781841815840346,1.5887396608574018,1.5557174747477065,1.1789158043647638,1.2050144546291646,0.9853739032677639,1.4842616062906409,1.5443960071382137,1.5773222361003,1.5253863181502987,1.173960517033383,1.2996472219032182,1.3216206470619727,1.4701305114980354,1.4132352311503529,1.4429715922199946,1.4572790405305056,1.4415574825606756,1.7223172163475062,1.3790050191699117,1.3191601272708227,1.654940950549422,1.4563037631739113,0.8028602713365285
Bulgaria,1.240678347688057,1.0491213153005747,0.7087575752780008,0.8979365761833352,1.0763073855984175,1.4378066200920985,1.0800422843651283,0.8551353258521082,1.0472606505995932,1.5079168856800542,1.0,1.0395486068727888,1.0053728098901964,1.0959196416087904,0.9687222248294749,1.239467799126218,1.0768765449743796,1.2317905810968826,0.9511820765954955,0.6654514550563044,0.5006501842988581,0.6410021337021559,0.6917700123312308,1.2218436172216705,1.0058548364775968,1.5228073192699036,0.6784396352727994,0.5676581600055188,0.7959648761277209,0.7705136937126729,0.7726810144381212,1.1611788580802165,0.734762743816675,0.6664903924226859,0.6098904112447578,0.5924935477951923,1.5027108104389189,1.0269213426441273,1.459055937663078,0.7335997489981929,1.0737969626942103,0.725989213768595,0.921698996547475,1.5626682300969783,0.9541267697787882,0.962375303284593,0.8798578292369409,0.8464599290354488,1.111244767471606,0.8608682007410882,0.6799712205507101,0.8963247286998642,1.029347411271702,1.0609813947788806,0.9499699526748006,0.8502365764098764,1.0129134732033396,0.9131325557756077,1.6476227297364916,1.0178307956231263,0.6830919200577871,0.7518121327610542,1.48667237587703,0.6857430744571947,1.3392608995548214,1.0173600180154798,1.1754395752794107,1.104439104914055,0.9290401941523807,1.2973856734490725,0.815924462573461,0.7995509668810572,0.8333134194902659,0.8966292311833456,0.9649144178315899,1.1508222778793875,1.295505040324528,0.8130725143886613,1.0561865832365398,0.8140900750420641,1.29685377631472,0.6303829987918186,0.6758577513264135,0.9389278166289473,0.6163684354569638,1.3190224088721296,0.9607890771505021,1.667740564060388,1.3327684856444855,1.3192694187013354,1.1272984665106915,0.7375165582699541,1.5900316448535787
Burkina Faso,1.2353018974013275,1.4581652071711058,1.069458406989306,1.0168822309760355,1.1004154674150544,1.3410442481495397,1.420578042790044,0.9159044330175984,1.0156297774650462,1.360378663839785,1.0395486068727888,1.0,0.8894400038248278,0.889229625144734,1.2720365913151583,0.7871229369428536,0.9702401752240276,1.2949609909443311,1.2284209398436814,1.0186944246685805,0.858060501339403,0.9873974587490675,0.9603325103745408,1.444672043176492,1.4285444137468433,1.374091555424287,0.8970789755080739,0.9194077322504314,1.0584638386768206,1.0404432854771841,1.0728188106516057,1.3050785526004551,1.1106547014533632,0.8754985620318344,0.9879037636950596,1.264186456655759,1.3369654261427424,0.9769792112013967,1.4507260887175673,1.2210504580437707,1.0459107782676413,0.9695053309393674,0.9124071329109831,1.4016710803774433,0.9086389207721796,1.1055702493150963,0.8466855702898811,0.89990262047365,0.9147007892520695,1.0735437371237182,0.905250281396943,0.9064488305017488,1.265066966061692,0.5441555442950804,1.3418381695656314,1.389372196990329,0.9379290301653458,1.0890864054759892,1.2244424026880383,1.1780828099355496,0.9850872166494482,0.8835757354803273,1.155567097832531,0.9692747290733458,1.2315425414360845,0.9205425098058159,1.0873032180859732,0.9644903159478025,1.1334318320374437,1.187191462411493,0.7836008097820351,1.2794441336189872,1.1069765982035178,1.3441187877912684,1.171945586014251,1.0244556026344331,1.0385497768480128,1.0208526536116278,1.0397050880460734,1.316944652522677,1.1330504004339381,1.027904056391168,0.7855645603256557,1.1122806998839763,1.0821155504320574,1.116427115364458,1.0146128223913875,1.5981830964775876,1.0095082247707239,1.343899589474945,1.0630837437754581,1.09140584101964,1.493370147347815
Cambodia,1.325607388067349,1.640132234551377,1.176802897847873,0.9931270420927983,0.6335167298088169,0.9002183064706236,1.593100944257685,0.8805091102076731,0.5959729765670843,1.5433560274008933,1.0053728098901964,0.8894400038248278,1.0,1.1148314123841128,1.2527029127565688,1.3664080627776423,0.7217592734502871,0.7232090002800918,1.3809009288590746,1.1444555696657641,1.0287250614024428,0.9628396880835937,1.119805612306707,1.3594049432022275,1.5731583852519004,1.1345616252564146,0.8365488680440144,0.7866434632223922,1.0078666212342786,1.0288326001964725,0.926571329405562,1.5820106813327837,1.186290822749218,0.8584589818847387,1.126605027433999,1.358483896907983,1.2588918076563187,1.185699399538324,1.3015348612529722,1.2147230179530826,1.1868846515689417,1.156891129406768,0.7562477198530086,1.0772369587937165,0.5066752862745039,0.8884397370732625,0.6144428609648813,1.0941211142637144,0.5701010760147808,0.8958193720819273,0.6165514535068334,0.6283533011552531,1.3090066130290237,0.996570019517668,1.5225587535844998,1.3221619046970954,0.6886886874327915,0.9467988475383282,1.215136885764224,1.427805077295622,1.0072698154977042,0.4250831098778706,1.4981233134669452,1.021563870331967,1.2887208848234089,0.47228233960954263,0.8033826575472154,0.7621788976560688,1.2119232962467144,0.9995126403565004,0.896583179354406,1.4144103498500566,1.3028440050056622,1.5840610974048461,1.4524125225541626,1.011768691278687,0.7966792899873537,0.7116308816615272,0.8128250761991014,1.4523128413705173,1.2227599008800238,1.123148993259028,0.7174835393077059,1.0330643061033509,0.969691417716783,1.2392188004203712,0.8241029186505029,1.4036423396132596,1.1105794270514833,1.3080762230040441,0.9169662933498436,0.9788522832921679,1.485842566517117
Cameroon,1.1286186486095264,1.4804693330734948,1.058342826149125,1.2403474454871628,1.3457355585174708,1.4125374437812224,1.413327739944774,1.2366254751821424,1.1966926526062478,1.5313283416701184,1.0959196416087904,0.889229625144734,1.1148314123841128,1.0,1.3977539218789268,0.6670228122513812,1.047144191886151,1.3782091277341104,1.3975590997457743,1.1805257107033833,1.0297165781256596,1.0110963665723394,1.091790016311624,1.609574055966792,1.4004556231412706,1.5306686271591294,1.1458383808512942,1.0860397025727364,1.0627225656859904,1.2855870589207732,1.2048397346308044,1.3911655911587628,1.281437267504571,1.1692181871223268,1.2069101816527399,1.3241772294876528,1.2360216228999092,0.8936465223891371,1.2938181943927656,1.2711521621941015,0.968330054527581,1.1816195566517091,1.2103059758214227,1.3840924374678472,1.086997378695018,1.2632841282307925,1.0429387377931134,1.20060746088412,1.0620925212100498,1.110062140692486,1.1283307044534294,1.0338698869407454,1.3458915884505263,0.8176068019982979,1.452787236423342,1.4560088588251543,1.1424039972603284,1.0876545080856894,1.158771951987075,1.1210344310857707,1.036368736122282,1.0696159819535371,1.462330461446742,0.9637392116805187,1.2117339746911209,1.0740253566776186,1.0619994022702788,1.1115082274707897,1.2687242631168338,1.2958175551312126,1.0181948165246073,1.3052606611911433,1.2247834122359773,1.3499314995498324,1.1791224923507837,1.2603196715398808,1.1444992771770857,1.0861128756840142,1.140393212646828,1.401125940566608,1.132202011268519,1.2367107187959383,1.0131638353514592,1.1986886953468228,1.2722122947404668,1.1192391244958264,1.1618531855951582,1.5031195267113104,1.1883336487803662,1.339073542836126,1.167820955140858,1.2938021863820055,1.587041628236152
Canada,1.339899777069423,1.0453284912571528,0.7877741403240219,0.8474889390145686,1.284111373172444,1.3973382176953737,1.074564693689127,0.83525948518209,1.1897646165508842,1.1724454173105656,0.9687222248294749,1.2720365913151583,1.2527029127565688,1.3977539218789268,1.0,1.4490670114150632,1.1271505824637587,1.2355496560200288,1.0248403421124836,1.0321431913576797,1.069915594795576,1.19302509891344,0.8630109732591451,1.2202428277838528,1.1096377740159422,1.5602429791707528,0.8902414930675029,0.9121866556374825,0.8928544068858686,0.6954826112448936,0.8695986404071202,1.1738274573227188,0.8379568088713215,0.8658500816854249,0.8546391123549565,1.0333233049097592,1.6842180075827218,1.1250186396597468,1.5398152939830403,0.6429316345718623,1.2398673005664056,0.8102116038585673,1.2423929780633516,1.385501557016758,1.158553788302764,1.223016587107777,1.1932011098424216,0.9544789859298564,1.427412113484223,1.1591021327225963,1.129922139764629,1.3452552470479509,1.2723307425985806,1.281837229865785,1.1444809318401454,0.9514613412506552,1.2722776914377927,1.2787021381905348,1.6729014615837263,1.0243729715903727,0.9354718562888833,1.1174534295462717,1.3745279281025138,0.995799723638071,1.308162555423894,1.332093562494944,1.501540796668052,1.2653754222099205,0.6869175089176003,1.4457580372122263,1.096090247464564,1.1642484567132392,0.6654359063263025,0.9752324727424554,1.1038919282906279,1.6068722036232745,1.5176012257305873,1.0889271240825003,1.1928742097110914,0.8891995276946183,1.3740701424917918,0.6963483833422726,1.135107372503963,0.7631837504233966,0.7671940535365064,1.481828960976699,0.9545003258107202,1.6538558677912873,1.4380912585783363,1.4290351928314127,1.1842198730902562,0.636721897610799,1.3475867992706287
Chad,1.2686088878618773,1.3142411727040668,1.1494160239256037,1.3281373641852148,1.5503891129999183,1.6474609062702656,1.2646981241865505,1.3003441499974289,1.4186297994312425,1.4402594459971017,1.239467799126218,0.7871229369428536,1.3664080627776423,0.6670228122513812,1.4490670114150632,1.0,1.2350734417661267,1.6425576838430074,1.3243749791729236,1.2233437349397764,1.0742781765647678,1.1389736189285897,1.162120038526589,1.6376104425884304,1.2513825189836718,1.5693076025911137,1.315513475159047,1.29270938542304,1.2473873484107942,1.3642827362015923,1.3931233361869344,1.2094012395559588,1.3484463178204753,1.296029339188512,1.1973892844431764,1.3470086835795867,1.3443536060253714,1.0715173375719311,1.4286096805732436,1.4040764372013075,1.0807393330249084,1.2384980859897345,1.3045696516169354,1.4810404142326112,1.320609736971259,1.3530382259679368,1.2374980232176687,1.2575382727757658,1.2780226694287826,1.2648418616328316,1.3384896096864518,1.2477334586758475,1.3023948987659435,0.8032352416705384,1.258023062833552,1.4526801235865499,1.223852016427284,1.275319225395751,1.194263481483709,1.1486729748148596,1.208460414285267,1.315532978585251,1.2421934595638988,1.102058425745697,1.135639369730557,1.330559302982882,1.2538015037381374,1.293401617129914,1.3642358753900419,1.3415715372227548,1.0187810446286434,1.208556201429203,1.3025240235686755,1.2138631642773499,1.1062275019651795,1.3174123738112786,1.3214402673638124,1.3988305176399067,1.341316900277001,1.3460205473228406,1.1888223179434791,1.3189063395920413,1.2509549545745193,1.3972964339922687,1.3355230589973592,1.1779233272118577,1.3379216756631165,1.5031330841682695,1.23187373578622,1.2997353188171363,1.3519043390347047,1.3898043106690414,1.6182395648988248
Chile,1.4072740414183473,1.390527713493299,1.0982125704198533,1.0848255156049096,0.9421829468052509,1.278335248501145,1.3432635774266408,1.0234493643658156,0.8033071432473862,1.3629628455276315,1.0768765449743796,0.9702401752240276,0.7217592734502871,1.047144191886151,1.1271505824637587,1.2350734417661267,1.0,1.057990385582155,1.134414417285774,1.2728909757747982,1.139911646765596,1.0198568403537707,1.1588686351251545,1.5305104433984613,1.3112344895954533,1.354632991097481,1.0695997678020328,0.9820838305988853,0.9280337755113983,1.2128947935518188,1.0890255359603318,1.324346487642164,1.3655430505268178,1.0020192109050734,1.0923977570487458,1.3711494072734831,1.4780418413628709,1.180356743133722,1.3649454244075676,1.0371315573873052,1.329694200852296,1.2431035947410407,1.1415494564393875,0.9679860711089896,0.952674363709773,0.7934265210548369,0.862784070391884,1.2711131299876945,0.8685660658289628,0.8657336196387718,0.9285210479670981,1.0056136223956045,1.452371095168379,1.013057550794677,1.4117190149859398,1.1506362918940023,0.8934232199964072,1.0333117944222048,1.3418651444935363,1.347066550943334,1.216172018993707,0.7832456709590735,1.589354012406773,0.9084390878934997,1.0901789264620256,0.9211860039960039,1.2140948593836316,1.0291313352860199,1.1042652668761106,0.9750850355451206,1.1609151395068564,1.3779272099678466,1.245104937014541,1.392676472594932,1.2096376851595316,1.2743829351697835,1.1145480817957805,0.8255644123896291,1.074301253711449,1.37110224507538,1.0392623426807206,1.2331071190283065,0.8754304099307557,1.0398274462172874,1.1030521357913758,1.3393858241669452,1.1198796784400071,1.4569681664584184,1.28748414155516,1.0681527632799397,1.275114629982057,1.0531025961590135,1.4487026668875507
China,1.434848865578173,1.6965499325945517,1.359992300071732,0.9214192635103745,0.8863173391616359,0.5903007545146228,1.5777407237962953,0.9412088131806058,0.7349252129357522,1.5920037298274423,1.2317905810968826,1.2949609909443311,0.7232090002800918,1.3782091277341104,1.2355496560200288,1.6425576838430074,1.057990385582155,1.0,1.5648728650464603,1.395454559960105,1.2663525911068951,1.1292150859473602,1.2781093745544174,1.2707128384317525,1.6293211681163375,1.1750138780008388,0.9925735435164098,0.9800410614389619,1.0452455666342375,1.09270387857347,0.9156716312847759,1.6678154063207762,1.300274358626969,1.156256597123887,1.3491602567979406,1.3773892653787636,1.202296769760852,1.4823186067066447,1.115745656707672,1.2939409440218728,1.4156932746678144,1.251620416581788,1.0913693942205922,1.1312192871136995,0.8399447607247741,1.1608114219476084,0.9395308211341907,1.2175810319837421,0.9081334315907984,1.0340874730866592,0.9765747127217262,0.9321285200260777,1.4492326622434333,1.3424804393428202,1.6466221970132513,1.391494148895776,0.9601411291998324,1.303084371799556,1.272137444816253,1.4525291858946934,1.1632297100036266,0.813107125613997,1.552827407889714,1.1932873627819491,1.5189279199253687,0.8449295893332055,0.9280939432894334,0.90343884740681,1.4036327226890248,1.066470957929194,1.1772815534654126,1.4134305231925606,1.327843732858043,1.6627796241428388,1.638664159339817,1.2416457595405328,0.9175954132637604,0.8318023632043907,0.7379234894505183,1.4665482192547357,1.4906316142943572,1.2341832667611445,1.0767865950997213,1.0654757828435009,1.2383724516985406,1.2309330290323228,0.9376547299304734,1.2895065369173762,1.1219199625553535,1.4404696818408178,0.8937351583690328,1.0357931227643535,1.4873670154731535
Colombia,1.4814859511409249,0.7553868966727744,0.9886181022954581,1.3265016645285943,1.2385504649144663,1.7186329330789816,0.9696487008613756,1.1577381712178176,1.340637558428692,0.9923588156351307,0.9511820765954955,1.2284209398436814,1.3809009288590746,1.3975590997457743,1.0248403421124836,1.3243749791729236,1.134414417285774,1.5648728650464603,1.0,1.0052876458262008,1.1184224096930133,1.1825543244421013,1.1004524277587127,1.1855242332740228,0.8578953101087798,1.5573828958733273,1.1272403168968816,1.185298639310627,1.2204615422419711,1.2082349222135473,1.3083708029391434,0.7020263738362066,1.103821139369412,0.9722199935528922,0.8660721809869558,0.969765367688927,1.754613025563542,1.171101244234238,1.7089123949290288,0.8863863117506373,1.4025543171909471,1.0973535233373968,1.3024135549387386,1.59879067658943,1.4715318939015094,0.884214940637886,1.2151237248234532,1.086402756966566,1.408808464935601,1.2166439081924245,1.1642103833490194,1.40523756629354,1.2834116180349922,1.3457041884106684,0.9518555186701,0.8150606073827695,1.4046581592666647,1.1676778054288903,1.686087070707244,1.217967655705536,1.2460467131238917,1.2623424278796802,1.2646624072526704,1.1165014182161643,1.0936837699296622,1.4223351473086256,1.6274695166592197,1.489088898033098,0.9089644554071075,1.2600498736503474,1.3213309584001085,1.1171855226357008,0.9744828253406482,0.7895057032245963,0.6677829076674675,1.293114721710849,1.5992750080376867,1.2589002983875155,1.49115955938538,0.8574008954423011,1.2272120029770388,1.0590806139188362,1.110548244282482,1.1694896707689189,1.030431916333726,1.5305592641971721,1.3996548811786889,1.7716559821603084,1.491119244435807,1.1202591619028899,1.6080570062877313,1.1403816974883323,1.3445535984700112
Costa Rica,1.2508852896046085,1.1321990626374794,0.7155579927128785,1.090409850364707,1.2424836998734259,1.422890158716493,1.2003458982026294,1.0836873668739624,1.132315957407259,1.2774644029947062,0.6654514550563044,1.0186944246685805,1.1444555696657641,1.1805257107033833,1.0321431913576797,1.2233437349397764,1.2728909757747982,1.395454559960105,1.0052876458262008,1.0,0.6513008515323566,1.074961506453895,0.8094506412931284,1.0308726637676848,1.141046615291568,1.6397755976754866,0.6400790053734456,0.885006979993696,1.0997698275996246,0.848773882102413,1.0093032826001178,1.0691814221037943,0.6772248671219091,0.6553164213844443,0.5035414089050766,0.8089951014343253,1.4616233981732054,0.7677710581453869,1.5858525801543388,0.8852768068046262,1.0869574729692453,0.7348687881295672,0.6895261206788977,1.5797593673428718,1.0594177391863613,1.187937144324782,0.9750850830490462,0.7077819710510557,1.20354321145611,1.092549564511751,0.836508904701814,1.1664117148135034,0.9893862157322572,1.0952810663618897,1.0771398097594238,0.9587507611808949,1.0630852092061434,1.060636497190308,1.5480176656370006,1.1119246665317977,0.7801011061790658,0.8694493392357139,1.3523008908061989,1.0544597298793554,1.4170736766335426,1.1488848744476903,1.2523979897106472,1.146883685487473,0.8380739787060368,1.3920597350505257,0.7836114162466559,1.0616659273108564,0.8794971770458438,0.9335130540163917,0.8420686776257527,1.113037415413277,1.3582317569671871,1.1673382338343223,1.195363314708378,0.8504742476443926,1.4146764684418691,0.6593913795791325,0.8174889338367634,1.2486744357889745,0.7386789916030829,1.328138397265858,0.8513319320220152,1.8300354145099147,1.3111720638340296,1.4222304641439638,1.2444824651879227,0.8796775107017547,1.4764711556998744
Croatia,1.322569321059864,1.129505486969002,0.6999632135872976,0.8134124308292298,1.2065144485592587,1.4043528863502495,1.0547679995178396,0.8369469941306655,0.9814317056660137,1.479806619131032,0.5006501842988581,0.858060501339403,1.0287250614024428,1.0297165781256596,1.069915594795576,1.0742781765647678,1.139911646765596,1.2663525911068951,1.1184224096930133,0.6513008515323566,1.0,0.721974352775593,0.6089254274960568,1.2923786201627285,1.0471734660086576,1.516568387233021,0.7059505000916962,0.5883288119566876,0.7173188527150428,0.7636761940759991,0.7364863230405855,1.1363557453288433,0.7989563003907026,0.8005558824436239,0.6010944852150886,0.71500159004399,1.3295083341377991,1.0398111276000481,1.3917347742733388,0.9072262107164185,1.0105838050526994,0.5789848032823529,0.8266253541375239,1.5472191631746783,0.8637379702629093,1.0965672627304393,0.8222888671061355,0.7864700580339181,1.056839654382498,0.8676157800159088,0.7688616042061274,0.8662638977317114,1.1515645782472097,0.9174086234600968,0.9462825452582302,0.9915080563400988,0.8149773048828496,1.015997670699932,1.467703478878032,0.9335243479857371,0.7763857832102952,0.7222498397653427,1.446823327428254,0.6303156766355104,1.3323286165654098,0.9668709565694408,1.0855637060345025,0.8990971182694565,1.0054240295855228,1.2122192568456214,0.7165206825108108,0.8012799091550485,0.8959897739357913,0.9686526777530464,1.0252152688685818,1.0804696862686511,1.2166582097882372,0.9841325485955933,0.8816254069912293,0.853106519634897,1.2567505982773988,0.6291031054264845,0.7354220561229873,1.0772823044857507,0.7611332357879206,1.074687008789658,0.8407337751484608,1.6458795863036983,1.1246672222259102,1.3983546343037807,0.974847851608564,0.7928217694712193,1.617777230471334
Czech Republic,1.331780748891371,1.2175249503875847,0.984909054410835,0.813791178899186,1.1294263799772069,1.4705731459504525,1.1937584007045638,0.8342440366857187,1.1414219303895397,1.6839341021395469,0.6410021337021559,0.9873974587490675,0.9628396880835937,1.0110963665723394,1.19302509891344,1.1389736189285897,1.0198568403537707,1.1292150859473602,1.1825543244421013,1.074961506453895,0.721974352775593,1.0,0.9481467869691874,1.3552777235745326,1.1446631207585225,1.3903869480940503,0.9585016149348102,0.6675761309334037,0.8026642986026719,0.943614230712911,0.779460127599387,1.2682833355956604,1.090751827184967,0.9133983348016786,0.9266222702027053,0.8227227033794399,1.4540764172067147,1.2501714414342677,1.226135939440237,0.9890402487098686,1.2245200256889035,0.9574078350500874,1.093389688544951,1.424906421434377,0.9235219779495396,1.0413063983732531,0.9765383091651503,1.0838457980760796,1.127483510173285,0.9620505578408236,0.8868410893450259,0.8332287645206997,1.2452747537704771,1.0080320132782363,1.057633822561551,1.1483968015108479,0.9454800850858509,1.1362187157182837,1.587027911892227,0.9600784521632892,0.9586419512760251,0.8451597222157481,1.376812780093788,0.6399212084475393,1.3093483759711924,1.0583038907714908,1.0775831352407697,1.1428075285608545,1.2986254893196012,1.1741960447601838,0.878757473166106,0.8287174120852259,1.0659732045149197,1.102790129432325,1.2453922492376115,1.1271327649471778,1.2758788269558456,0.7472495493633091,0.9774571869422118,1.0522044387227534,1.3024827182200158,0.9389674814310509,0.748416043766605,0.9562660874584569,0.8912069869185063,1.3098047564546396,1.095709004004915,1.4105604588071339,1.3720593805677768,1.3998125509309998,1.114353765395072,0.8797256472923569,1.6874090457599864
