Country Name,Albania,Angola,Australia,Azerbaijan,Bangladesh,Belarus,Belgium,Bolivia,Brazil,Bulgaria,Cambodia,Cameroon,Canada,Chile,China,Colombia,Costa Rica,Croatia,Czech Republic,Denmark,Ecuador,"Egypt, Arab Rep.",El Salvador,Estonia,Finland,France,Georgia,Germany,Ghana,Guatemala,Honduras,Hungary,India,Indonesia,Israel,Italy,Jamaica,Japan,Jordan,Kazakhstan,Kenya,"Korea, Rep.",Kyrgyz Republic,Latvia,Lithuania,Malaysia,Mexico,Mongolia,Morocco,Nepal,Netherlands,New Zealand,Nigeria,North Macedonia,Norway,Oman,Pakistan,Panama,Paraguay,Peru,Philippines,Poland,Portugal,Romania,Russian Federation,Saudi Arabia,Senegal,Slovak Republic,South Africa,Spain,Sri Lanka,Sweden,Switzerland,Tanzania,Thailand,Tunisia,Turkey,Ukraine,United Kingdom,United States,Uruguay
Albania,1.0,0.1623299202332526,0.0662698581833691,0.13700347124369616,0.09068958783714919,0.13551504123086627,0.09909951859340553,0.10380785032048769,0.09255774458853157,0.12013701143961658,0.1274678118599483,0.0858243403773725,0.07806344337554333,0.09825788945013918,0.11467565164436234,0.08773548598124042,0.10623182844187379,0.11485235731470923,0.10080672875281783,0.07285871293187121,0.17406458103865277,0.11103996479358841,0.11986616084025178,0.09817184929489446,0.10946924777779364,0.08825338825437394,0.09985913025168684,0.09148313852911238,0.10055370868843758,0.08478264247006939,0.07685711257576361,0.09165702665965353,0.0930215007215213,0.0747325624180122,0.08489679083371328,0.08905492163474554,0.09253016064466393,0.23745919761072176,0.10377638234523136,0.08650144759726834,0.10033666207480536,0.07486676482229497,0.09831588904600472,0.14351075059695798,0.13529276626155412,0.09627319515138025,0.0791779674854695,0.10074142835464572,0.09225660220382503,0.1043772490552208,0.07360775414732311,0.07939424166994977,0.0893676294963571,0.12365738744020847,0.10106678553754625,0.13534557262281802,0.0966283569666532,0.11983423948903783,0.08067335309262233,0.11097385302831429,0.08539814923576,0.10112542568879128,0.10263403754774018,0.1374194887056656,0.08001325139834639,0.13620377147387122,0.1299121271158761,0.12502941966155323,0.08894596185743962,0.10161671946303254,0.09420713939963621,0.11436815906836438,0.161411683336691,0.08915682219147072,0.11717981280095939,0.0986304574341794,0.1200315994537564,0.1251073585691182,0.08884353301650547,0.10190973080717172,0.0820380208249379
Angola,0.1623299202332526,1.0,0.14089838285016348,0.19200073323638486,0.21127315503714636,0.0617759021375468,0.15853538678136875,0.19643931987829782,0.15762456695000351,0.13156189444419328,0.1819679448155388,0.16103415689566344,0.14631419064767553,0.16737848539330527,0.20586621943008357,0.1323400001910174,0.14260792443118434,0.15244720971832695,0.13800895696995272,0.1346709260354968,0.04317733555022384,0.20810303732074606,0.1581882024024652,0.1544610147552115,0.1452771013467286,0.1472725679874413,0.17639834721225858,0.16268050172618015,0.11383877762616883,0.15030919298253703,0.13981214418340834,0.11742829682673026,0.20041945627394797,0.14942797953530756,0.16824372777341695,0.13800362102535502,0.17502275573149567,0.2241924143285219,0.19016337289451768,0.17223065065877385,0.18463002550857235,0.14922000027169957,0.15990258072182473,0.1668481037637217,0.20022611515772404,0.1944637904595472,0.1400401842156171,0.1874146741869197,0.16035357773855438,0.2087610811087658,0.12467945294934973,0.15465400130457807,0.1612481282864561,0.13080303201256316,0.15579013905210826,0.19967392395570271,0.203370863344493,0.20815882971915134,0.1408010622065843,0.19216391066478541,0.16801488044489632,0.11755689390255575,0.11711830370094001,0.05064921760866779,0.11913636866051566,0.22128175879215056,0.15426466992509227,0.09716737586656317,0.16729930324012243,0.13666737996124426,0.14934786358333124,0.1272614853242764,0.1505498029616349,0.18987783313631332,0.18823574919130934,0.19198064373487658,0.058946519187263006,0.1638124402318373,0.1916047872778267,0.15334630451144038,0.17309324062853926
Australia,0.0662698581833691,0.14089838285016348,1.0,0.12665290046539054,0.07578401885255061,0.12074227828766225,0.07018409967598441,0.08554127720660346,0.07745199462730692,0.08600419118027676,0.1250617474325422,0.07078272270478052,0.04336069363780885,0.0803733690256672,0.10357485279620655,0.058737832264989,0.07167320861841522,0.08098290075243744,0.07292548769127626,0.050201129447001565,0.16322662453403747,0.10736646526655053,0.09374996168812282,0.07853124000915321,0.09020630936602307,0.06484385661880558,0.08489660688017232,0.056296197568752995,0.07063938172178674,0.04836068949560088,0.030089074411978545,0.06555130002098317,0.09289036977913274,0.04710071520391551,0.12255127933793741,0.06042248428635551,0.06693924570642137,0.25283284518486876,0.0974510189607491,0.05988021473431272,0.0691844232494016,0.04950549299431037,0.08803265147948655,0.1288359858188007,0.13654887442411637,0.07519805812661465,0.04102939868396047,0.08481409016880194,0.07401679993157247,0.10156350106806789,0.05883476255969369,0.0495181548314858,0.06960831280463595,0.1036923057667906,0.07148926677030246,0.14191993099840725,0.08660662446308287,0.12170032127676662,0.05225589597540502,0.08899902502349936,0.0526925364804449,0.08967683215763178,0.07791573784671713,0.1266833955683518,0.05859059721978625,0.14255538536026058,0.13012323134132106,0.10059875799396649,0.08148558916942279,0.06805289936868071,0.059475145936365,0.09887523446779962,0.13278283593888335,0.07781375940185678,0.09778999367633016,0.093413504203063,0.11644054800332997,0.11842964272776611,0.0703297109358305,0.058683015893326015,0.08324851945393927
Azerbaijan,0.13700347124369616,0.19200073323638486,0.12665290046539054,1.0,0.10802043771942053,0.1812103872633486,0.1012641346720787,0.08619891195710642,0.14821393428374968,0.10519404164937635,0.07472738857439011,0.13784442942758446,0.12271979041304479,0.09645931484314542,0.09810091499202929,0.1145893577046611,0.13896489136162032,0.12260660800102186,0.0987912230300689,0.13192649487927555,0.1864055235125492,0.09411931847467472,0.10414994596163563,0.08971092148758329,0.13871360693341345,0.12865922182874395,0.08560700066867757,0.10763672588077389,0.14689481458894152,0.10449582002408953,0.12645323815106915,0.137808415506956,0.14557346703365678,0.1296240536184443,0.16950398009604942,0.13807489634314385,0.12053130975446953,0.24318934011003043,0.08832479268275378,0.08377201387275211,0.08747447880521526,0.13078601672976525,0.11647131814605946,0.07924601217573296,0.08863884366701623,0.07828125431771485,0.13028216877263182,0.1111186313568057,0.09700444994059766,0.13433152719656308,0.15680197330964563,0.11670494945206128,0.12777228943617722,0.14262675462080557,0.12142384271789704,0.10241234518489158,0.10954371790068049,0.12352848169727335,0.11915536789964505,0.11372292200006404,0.11707924531566533,0.14665071485278275,0.14922819942643442,0.18184721145002403,0.1406703201017133,0.14085721501975343,0.10373501630792661,0.16200172047676586,0.13581169880385838,0.13477449772875597,0.08084854717050921,0.12260131045025349,0.1383679102995099,0.13698099256251028,0.1270023037909594,0.12586931074686877,0.17841279899099574,0.11705938329234192,0.1130308790048577,0.11372191729164367,0.14133560199732306
Bangladesh,0.09068958783714919,0.21127315503714636,0.07578401885255061,0.10802043771942053,1.0,0.17037016483940579,0.0758420847459782,0.05991818618788511,0.09754462084638776,0.13832721519147823,0.1254756887664262,0.10728933321430076,0.0751417382650681,0.08684876562626068,0.06793806542678202,0.099720029545842,0.12149431691496305,0.11897915493278344,0.11341489196297978,0.09132327295692354,0.21804954421753178,0.08718994209918636,0.11003675528576597,0.10948520985898376,0.11881404104904324,0.0925514766653825,0.09273055827215089,0.07001920737308694,0.11083154982482893,0.08700728957088473,0.08492938890633046,0.11157095431581228,0.06749973443631012,0.09244870782165061,0.14180906202073867,0.1023004733212642,0.0796148007737261,0.2453772884428633,0.09045658934125267,0.0734139914928842,0.06581434160628023,0.08376265714434498,0.10639150866262306,0.12873502341791992,0.12481855598172988,0.06675442090880022,0.08547667615223786,0.08186151678595993,0.08676774063942419,0.058335951630950976,0.10974250467471097,0.07953203458822798,0.08648055848129083,0.15209562609701535,0.09248566461246842,0.13587375737443896,0.06894462607799004,0.09456950360769165,0.10263791639034353,0.0672971526473042,0.08338903602429784,0.13306153746282534,0.12732773990269522,0.19705052846393256,0.10727195209391203,0.11814488838110819,0.15513564657630152,0.15700643633666259,0.08955949536191414,0.1145393604133839,0.09992415808361885,0.12697670588516674,0.17404540758904263,0.06724178034977672,0.09004080856670327,0.06760177117962342,0.18644286102339208,0.12431137975753458,0.05077067011391693,0.08141213920953728,0.07869714177113432
Belarus,0.13551504123086627,0.0617759021375468,0.12074227828766225,0.1812103872633486,0.17037016483940579,1.0,0.11928846487423173,0.15336091185593537,0.13725824038028556,0.12724881814864308,0.1591203470162864,0.11922108505877288,0.12433092869674306,0.13217483360650017,0.1625980593178998,0.13180507506571304,0.13469016565312283,0.11865368900069272,0.11004899293345893,0.10692739557717615,0.05666608508440843,0.1768938858757123,0.13450383563527085,0.12119798921566416,0.09640173107572741,0.1208279690660635,0.16295048854097224,0.11733771783403808,0.1125696896520606,0.13385824904404317,0.12129594583302476,0.1090253843844822,0.15053235580095486,0.1436661214066848,0.13759491479126798,0.11681258039685836,0.1499571758044601,0.22731644481734392,0.15210787653113705,0.14375129811594148,0.14752257194714744,0.12636465844019515,0.12147597671629153,0.16968917003593975,0.17209961208267785,0.15437097753554604,0.11878461579388361,0.14077097429596025,0.1458768925550326,0.16084537668648852,0.1008918547645131,0.13245182826623203,0.13913141453180297,0.09331734441638051,0.14124620780806743,0.16829636737240636,0.15531270509669362,0.15503867431669732,0.12922299585743746,0.14762706416020158,0.13405252457335082,0.08817907310885127,0.11429304746100359,0.0808249552950547,0.12220843688090632,0.16837772061415995,0.13669764349877495,0.09372353487914527,0.13951216136981215,0.12443228521483796,0.12563345650601798,0.13206098852242154,0.16991147298162185,0.14218212579983167,0.14515294163850806,0.15214961059974214,0.07588115106674204,0.1623249654408511,0.14452158365099357,0.12239973543899194,0.15148333519616028
Belgium,0.09909951859340553,0.15853538678136875,0.07018409967598441,0.1012641346720787,0.0758420847459782,0.11928846487423173,1.0,0.08814287516592206,0.10351941124309867,0.09761267931372687,0.11890831040921299,0.10346150687993645,0.05686089330732952,0.08104249591531787,0.08414811144668861,0.08715370152285298,0.1015693526341158,0.08070838347639027,0.06322784703314492,0.05502970130555656,0.16665669974050656,0.11610236742511777,0.07626422458546546,0.0637695981287858,0.07584718984727372,0.04701937989982914,0.080585037902276,0.04468321566804031,0.10803843564021053,0.06086915932408964,0.07129806739538727,0.08779364127235596,0.10049639399906654,0.09584940488168235,0.1232909338937048,0.0586286430805891,0.08589577397928361,0.26368547756554944,0.09346705394708427,0.06905883222830986,0.07345430563937479,0.05968480766010271,0.10156021679483467,0.11793731441576942,0.12202808715196624,0.07575357878556126,0.07519782814305864,0.09110227228366935,0.08721048476039758,0.10495911304450761,0.08508503212537925,0.05507847618853618,0.08131865275346455,0.09694202825225874,0.09573452945451542,0.13791885290866704,0.08667781193553424,0.11397994437055566,0.08261156789870903,0.08447010768739178,0.062472702425594544,0.09611142566254594,0.0831386217155286,0.1471082212388612,0.10248935174201906,0.1411653968304017,0.11451748293464795,0.11150382704169447,0.09769027809165426,0.07122448659738433,0.06895721439026085,0.07743827320257439,0.11537581673537624,0.08183676052031033,0.07838276595338545,0.0947630334570002,0.14063768704790228,0.12649958426097682,0.05958725017846879,0.0506428938747642,0.10610884743218499
Bolivia,0.10380785032048769,0.19643931987829782,0.08554127720660346,0.08619891195710642,0.05991818618788511,0.15336091185593537,0.08814287516592206,1.0,0.10996489065292696,0.10838448168925889,0.07684416649147588,0.09178827946317256,0.09347007945829706,0.06925389812803733,0.05540864319745782,0.11439869398034096,0.1248948299805286,0.09622836370314232,0.09033187646421044,0.09572125444289278,0.19525995041941896,0.09640572985057257,0.09045161183558202,0.08175394604102691,0.09172932499188863,0.10693386722031843,0.09789568583349553,0.07617078578556209,0.11942837120662249,0.09150722027191159,0.08842016647404764,0.1176179042692196,0.07627384683556045,0.09602133646314555,0.1333167268395522,0.10809048173659419,0.07811476714994675,0.23285028541724526,0.07056542344258242,0.07479102340987372,0.04880504339385057,0.09589416227182464,0.06694875676610733,0.09576273487162992,0.09386171890405005,0.06462827689644003,0.10234164857185152,0.05135235644797537,0.07563898267685594,0.08361099411478833,0.11110937433269587,0.09542198269991874,0.12227943063287915,0.11536197922106302,0.11128513297976884,0.097066959540695,0.05758263512022113,0.06629018899654884,0.10007780097010653,0.06999654729887918,0.08880823962235788,0.1252005243432524,0.12912889040573136,0.18359264434016162,0.11413483580364298,0.09072562007672741,0.11159678028406875,0.15249922212573683,0.09758827852219326,0.12401943186664077,0.07208376043979699,0.11898837541867646,0.15678843662122458,0.07005109957249132,0.08784704690998131,0.09290348794879195,0.1746335769058607,0.12090512951182704,0.07234845364976816,0.09569031786894462,0.10225535134938327
Brazil,0.09255774458853157,0.15762456695000351,0.07745199462730692,0.14821393428374968,0.09754462084638776,0.13725824038028556,0.10351941124309867,0.10996489065292696,1.0,0.14073165903516482,0.1601764191308596,0.10802869107555647,0.07044313182495368,0.08475816963280051,0.1327444692889606,0.0668789268508739,0.11281474447198592,0.1327788522900602,0.1258834662148191,0.10242495600343067,0.18222251298792827,0.11608863188009982,0.13595148323488068,0.12983986109538784,0.1382093229384954,0.0942999035539879,0.13382854638303593,0.09930525566933945,0.06506467247870294,0.08282300482171322,0.07133495254387569,0.10914401382105196,0.11608898592675221,0.0787314659476919,0.14896949990619932,0.09701746657650306,0.0991217672757251,0.2537902753277378,0.14363823145985508,0.08258667975627203,0.10402618030766635,0.08905642609823478,0.13073996512577923,0.16735095283481805,0.17832569603721646,0.10050412209256553,0.07238294418315029,0.10879697889064908,0.09709611183458973,0.0962948687587224,0.08947290585578188,0.10683019324674252,0.06364628506194045,0.15165501888158864,0.081941405008235,0.1830440097629038,0.12760810328470903,0.15963532542531939,0.07041908489720455,0.07712144511565135,0.10385169249521739,0.127236400338506,0.11021230814965892,0.1421003485975116,0.07074423979917518,0.1782412149170083,0.16661643247958619,0.10512743952702723,0.08177846592288106,0.11313281166875046,0.10643630092062117,0.1375460436490514,0.18040586163547437,0.10649908756408252,0.14112420423122374,0.0853527124936994,0.13148378210242903,0.11751197906482833,0.11931478905269823,0.10474652245242341,0.03764825949848598
Bulgaria,0.12013701143961658,0.13156189444419328,0.08600419118027676,0.10519404164937635,0.13832721519147823,0.12724881814864308,0.09761267931372687,0.10838448168925889,0.14073165903516482,1.0,0.10446351553911014,0.10344290465422568,0.10491416196603215,0.10137472919700223,0.1333766665546494,0.09172903211145314,0.06811293744771427,0.047307850866354355,0.06139678084065629,0.08105303206208966,0.13644120402132606,0.16287708991621078,0.05545750000369696,0.05450473541874332,0.08772815023093632,0.08915531729004643,0.09373659042232164,0.08566436518574472,0.11665298920537871,0.08279807530233799,0.0817951805263286,0.05946347752872786,0.15573510811695462,0.09681519556034378,0.12725251949690047,0.07543048060569814,0.0978422696922177,0.2691248229097908,0.09530595652128875,0.09658440092463542,0.09380935947144,0.09166359389690235,0.10233261737818063,0.06623464014162733,0.10669272199957604,0.11694551355537311,0.10318788089570828,0.10929485667187834,0.08756896931525107,0.16825787357438024,0.1117624816072332,0.07684914228231703,0.13613600070109805,0.08011296504074526,0.13019118235624047,0.12268291883644865,0.12332182936477308,0.13497028722233456,0.08739159788639936,0.13933481087668068,0.08652379069758474,0.08460823600760445,0.08529357979177125,0.10517544337291598,0.09644598702424732,0.16612069089423065,0.08352991309390144,0.07769149390132092,0.1390557178878783,0.06860141212657357,0.056776098807410864,0.09493782649163078,0.08341582131722967,0.14182262848989025,0.10458869610865125,0.15637781471501702,0.13046318185626424,0.14129658470775094,0.11930618394693791,0.0882839503085045,0.1522039742731978
Cambodia,0.1274678118599483,0.1819679448155388,0.1250617474325422,0.07472738857439011,0.1254756887664262,0.1591203470162864,0.11890831040921299,0.07684416649147588,0.1601764191308596,0.10446351553911014,1.0,0.12355807513639883,0.1327706817221664,0.0987080469314451,0.08771891794202528,0.13472012575070522,0.12577700908785838,0.1131882740134915,0.09410130197372814,0.12112881966747717,0.1744706801622157,0.12582752095740882,0.10258469310325327,0.09114039899933168,0.11341833951564241,0.12592300018503924,0.11363876264869162,0.11110842881691252,0.1494145594519516,0.11147138399580306,0.11953857097061113,0.13220678479192116,0.13901841649991242,0.1284878502784342,0.14812561256125162,0.13326750527885725,0.10520983496190092,0.2085519790010569,0.06946196183992652,0.10780410837224191,0.08743885263515072,0.12189842725069194,0.09248952002541382,0.07818062500169126,0.07519260169796702,0.10662397527636304,0.14028399033983474,0.09112264278416865,0.10630792335367652,0.14234979605031703,0.14398213270758575,0.11493610328991194,0.16140449884133876,0.11844580092057948,0.14560302742428852,0.05467295033323767,0.0919357167644096,0.09007514198645233,0.11485748524806527,0.13123700647025324,0.11201493979959512,0.13998157824467894,0.14221515149395142,0.17453871243501534,0.13430687856824272,0.09360439139324235,0.08966668487109136,0.14938573297314472,0.1488542936064546,0.13484839484935823,0.08553841236996594,0.12882565892126455,0.14064964056096252,0.1334505352922394,0.11225501763139399,0.1487301392866872,0.165530644007444,0.13089367326310666,0.11512314643630925,0.11285688943560779,0.1545832199257999
Cameroon,0.0858243403773725,0.16103415689566344,0.07078272270478052,0.13784442942758446,0.10728933321430076,0.11922108505877288,0.10346150687993645,0.09178827946317256,0.10802869107555647,0.10344290465422568,0.12355807513639883,1.0,0.09797115122600719,0.08547035690431334,0.1265924734908736,0.10435617747847697,0.09357675256205579,0.08740296304336444,0.08754781892165013,0.08386581048032074,0.15893530869521585,0.12364016503227707,0.10271455489936512,0.09113955926410175,0.08666331408151359,0.10418042395371724,0.10540085724372589,0.08814625843384498,0.10262695135944488,0.08776508955930235,0.0771126257044278,0.10354368665135616,0.09665360688167705,0.06768693409987853,0.09863793993558265,0.097789972135111,0.0887333282492283,0.24178685449315976,0.1039160840433952,0.08593381748661386,0.08099184596619302,0.08752583702510722,0.08601669707395837,0.13367874355048542,0.11838547091573465,0.08255672335118523,0.08948418609913114,0.09077144629790031,0.08035088440849819,0.10191777597356426,0.09313337005915936,0.08570812049390121,0.10119049686933679,0.08856071570814585,0.09012275866335183,0.11947773719268603,0.09100156165435236,0.10115440280865752,0.09151872366792498,0.09418237162294572,0.0739411868397663,0.10625501021263938,0.1150103034378474,0.15272147760636737,0.08464306468851984,0.11878250025324515,0.1151454832897013,0.1341897901771996,0.0801012914340783,0.1070092796408106,0.07860891959565486,0.12226450046635196,0.1603898579791676,0.08697099473631269,0.10081794041837543,0.10941092831709381,0.14233234491162317,0.12691228423787784,0.0934501523925505,0.09929198896592246,0.11261484086338144
Canada,0.07806344337554333,0.14631419064767553,0.04336069363780885,0.12271979041304479,0.0751417382650681,0.12433092869674306,0.05686089330732952,0.09347007945829706,0.07044313182495368,0.10491416196603215,0.1327706817221664,0.09797115122600719,1.0,0.08106982828045863,0.1013922336903191,0.05602903317987555,0.08328297781260786,0.10399411308115301,0.08557524766601568,0.06271690575340462,0.17084997158986193,0.11788318913343676,0.09539702642074996,0.08367843298158062,0.09862651394545101,0.047838955388137275,0.08980719739495245,0.052641489849335886,0.07491458872617368,0.04835195252819166,0.04728641198935557,0.08282574864738358,0.10430543831208622,0.06502346356614579,0.13718469454374668,0.05742739932734789,0.08699911349519658,0.2517323656713105,0.11113876079262974,0.06944770656564783,0.07319011087089816,0.05274682484651661,0.10447161383597713,0.14005039546635123,0.14503355353874015,0.08080405056405114,0.05142220406061642,0.10533712118599813,0.08598531775881674,0.11318831290158043,0.07299782943231978,0.05986887543127989,0.06425930058121886,0.12197055663730105,0.08356206011440928,0.15821047298925833,0.10589683776546949,0.14085103663379708,0.04999821667934463,0.09692665464468764,0.06714018135956651,0.10798400215062544,0.06557213490740543,0.13364590017536626,0.06667182141524458,0.16035458123046367,0.13450914047240053,0.09653318565263483,0.08895390604473373,0.06175772438865469,0.07411662093449886,0.08359497333004451,0.13790292915133423,0.08877622805095103,0.10354776721724271,0.0960928824142018,0.12172828037336189,0.12636114140637622,0.08106236078625728,0.04762502454518913,0.07554384727694066
Chile,0.09825788945013918,0.16737848539330527,0.0803733690256672,0.09645931484314542,0.08684876562626068,0.13217483360650017,0.08104249591531787,0.06925389812803733,0.08475816963280051,0.10137472919700223,0.0987080469314451,0.08547035690431334,0.08106982828045863,1.0,0.10117082393435166,0.08175304200813106,0.11560884835910776,0.09640145687196092,0.07923347616194215,0.0988764852277661,0.17059041905851496,0.10739598438623643,0.09673018057002167,0.07793735155154179,0.08987110109390546,0.10096134214195761,0.10322589172932208,0.07848184274632052,0.09657418184985914,0.07238522387388396,0.08077983365149148,0.11285574576158741,0.10191924692603851,0.08967186224833908,0.1453545204199204,0.10951777331351795,0.09121680030332627,0.22430260654834877,0.09127386201343804,0.04929805018998606,0.07051641578260598,0.09870991965677575,0.08786635378985265,0.11827626340803349,0.11488321407447617,0.05782199333988084,0.0900993062676886,0.0840069076961373,0.06858892833212522,0.09055854313702486,0.10982512411354964,0.09571602411907852,0.10497704255450431,0.10304192430995066,0.07386969006777007,0.1290528615855616,0.10336280773272256,0.11641156948173796,0.08656721144079099,0.07097698287129599,0.08608448214928217,0.1297242450429113,0.12454444011670593,0.16306840823178345,0.09294032778457668,0.13764731029303123,0.1049309480821009,0.13115130447878448,0.07241827951168531,0.11092315130578202,0.06835017565057722,0.10222232864316291,0.1333050331132885,0.09130344719783372,0.11898489377532245,0.08423937624408227,0.1422645417706274,0.09583245547688891,0.09428968193929309,0.08189190435551878,0.09198047875427233
China,0.11467565164436234,0.20586621943008357,0.10357485279620655,0.09810091499202929,0.06793806542678202,0.1625980593178998,0.08414811144668861,0.05540864319745782,0.1327444692889606,0.1333766665546494,0.08771891794202528,0.1265924734908736,0.1013922336903191,0.10117082393435166,1.0,0.1337431895740043,0.1436913075635988,0.12831462516276024,0.1067544118407041,0.11009187309138209,0.20428405381912057,0.10297271183768078,0.10777320402381574,0.0990600002023727,0.09588294365191896,0.10314562519282422,0.10238327340416734,0.08101127995405069,0.1402360258447937,0.09909824790521518,0.10651739644951817,0.12403201624272003,0.09740396683058469,0.12559234616315118,0.14897486051720374,0.11549593166854215,0.0991300283449535,0.22497468542306795,0.0772230663091968,0.10044955307821153,0.07744575823243391,0.10430583293085019,0.09141289562950294,0.12113664581915791,0.11082646253244667,0.09503037818141925,0.11692743637720732,0.08587745791868583,0.10091086416443162,0.10774166638655322,0.12363040029440424,0.10611084897964676,0.12922542429842246,0.12951759437484292,0.13723754555847367,0.10460328360104751,0.07454669186990578,0.0799785781245798,0.1177720214863312,0.09150429263531157,0.10501418508630778,0.13480093743802177,0.13458824586014587,0.1952955056083335,0.14355152295366302,0.08973022939494683,0.12302267439922183,0.15886748827152541,0.12503695084823793,0.1241860107603429,0.09902121123412191,0.1165166273520473,0.16905733203082146,0.09169981103231156,0.08335327059777625,0.11427671685061792,0.18248748373905482,0.1395355372280473,0.08018958191821762,0.09601588625446725,0.11647501005661837
Colombia,0.08773548598124042,0.1323400001910174,0.058737832264989,0.1145893577046611,0.099720029545842,0.13180507506571304,0.08715370152285298,0.11439869398034096,0.0668789268508739,0.09172903211145314,0.13472012575070522,0.10435617747847697,0.05602903317987555,0.08175304200813106,0.1337431895740043,1.0,0.0785166301938103,0.10300599287787178,0.08497530401820186,0.08024991390608281,0.15918902762332096,0.11235601351012857,0.11211575951931667,0.10892608305472165,0.12150757316776246,0.08286429567477493,0.10850512519549335,0.08833828348579732,0.05206508459734658,0.06151197838128667,0.05194023412484067,0.07582195803287883,0.1267239700691358,0.06763706704204196,0.15319589492578867,0.07571248805228954,0.09890461076318735,0.2574733553326942,0.13990793171037685,0.058752821061659743,0.08797124391369374,0.06612237072739535,0.11891767964852373,0.1333200061456798,0.15282824234762318,0.09998472918734078,0.056263561284784436,0.12132575080558256,0.0780150501339682,0.12250086263806434,0.08306377982833152,0.08125744020017377,0.06416336620078172,0.12883118889617778,0.06936596938398186,0.16858362699299723,0.13241432283799834,0.16483635674317815,0.06425088297254306,0.08810605576041247,0.09325069068004586,0.11001636524380498,0.08933839119200422,0.11801342399099483,0.04466144346578877,0.18200407754202885,0.14611049015282804,0.0892619583283397,0.08425584350699299,0.08433465064859814,0.08027823607558324,0.10625775567003828,0.1405511606878579,0.11131085670576461,0.14278712215572958,0.10010115123677611,0.10754939753959249,0.09746543858106567,0.1144108488279671,0.08494244117170131,0.07587720789688958
Costa Rica,0.10623182844187379,0.14260792443118434,0.07167320861841522,0.13896489136162032,0.12149431691496305,0.13469016565312283,0.1015693526341158,0.1248948299805286,0.11281474447198592,0.06811293744771427,0.12577700908785838,0.09357675256205579,0.08328297781260786,0.11560884835910776,0.1436913075635988,0.0785166301938103,1.0,0.07349465010628423,0.08998772353428046,0.07014381606922493,0.1568800081514148,0.15248245237177557,0.06378360147517417,0.09181481578120511,0.10646574214288763,0.06784348998631139,0.10127602606603306,0.08688720288597142,0.09515618399320912,0.054531520807667905,0.051601560263251633,0.06765381722215467,0.14487784160691608,0.06621718509734961,0.12506861171171163,0.06532007276991265,0.06565304623905904,0.27436565096216714,0.11441095381227061,0.09257582831558256,0.08986554845765203,0.06057181193477243,0.10961553034688594,0.10072544325171695,0.1439845535672717,0.11748419060189909,0.08780985509861385,0.11088751941778667,0.08844341199162443,0.15478135247178046,0.0971697275716566,0.05457334843993562,0.09681076522839162,0.11743796791227898,0.11020594707947132,0.14458084491883488,0.12312417864171321,0.13741921397362628,0.07055176373997946,0.12861858357278086,0.06334958484718585,0.10707744363736606,0.09163702727611958,0.11730418296924466,0.07133578807086327,0.1670200852084053,0.13369796602655595,0.0855896070293056,0.12018838552098908,0.05866838385697502,0.06902709113728651,0.12218767838351924,0.12193636022513119,0.12927049645703875,0.08703930849728735,0.14345732994404614,0.13417865353893235,0.14431343551483766,0.10729233920363206,0.06658950526265218,0.12277874218154337
Croatia,0.11485235731470923,0.15244720971832695,0.08098290075243744,0.12260660800102186,0.11897915493278344,0.11865368900069272,0.08070838347639027,0.09622836370314232,0.1327788522900602,0.047307850866354355,0.1131882740134915,0.08740296304336444,0.10399411308115301,0.09640145687196092,0.12831462516276024,0.10300599287787178,0.07349465010628423,1.0,0.052757472225397124,0.0686819881305025,0.14991502737298584,0.15111000772223745,0.06691574985780675,0.05446834897030842,0.07209434698242687,0.07973712806057456,0.11471054978602309,0.07656205371875023,0.11691589042726974,0.08287881354414821,0.0740434265469338,0.06664511224297816,0.12494939929323341,0.09828783115221534,0.1091814402109137,0.06526975584154579,0.08206854034265511,0.2732053320812663,0.0789303670390795,0.0868486198371284,0.07805887386846402,0.08598012793803463,0.09504261533920186,0.0872523105530409,0.10408121836580887,0.10425996194732856,0.09791702174111822,0.07838281151710307,0.08976939507671204,0.13585105794972208,0.09410192344670927,0.07704724016902627,0.12403101345640635,0.06580339840009633,0.12002756956652365,0.12245667467672205,0.09372848957882104,0.11066092366786702,0.09796933391146673,0.1122736073231035,0.07150384275136065,0.07155760447151407,0.09409772591339749,0.12388996594529916,0.10289199804633269,0.1457608002572083,0.1081755608574985,0.08861868650699668,0.11974658057600006,0.0659228932944922,0.06288820393446906,0.11325905644703611,0.08714303572407023,0.11096253954945831,0.08410953487862402,0.13074225050725619,0.14465615409556742,0.14481885636030542,0.09014882718680996,0.08090176281689358,0.140422414504277
Czech Republic,0.10080672875281783,0.13800895696995272,0.07292548769127626,0.0987912230300689,0.11341489196297978,0.11004899293345893,0.06322784703314492,0.09033187646421044,0.1258834662148191,0.06139678084065629,0.09410130197372814,0.08754781892165013,0.08557524766601568,0.07923347616194215,0.1067544118407041,0.08497530401820186,0.08998772353428046,0.052757472225397124,1.0,0.0662263764940452,0.13739910153167217,0.1277781346618601,0.08035527877225386,0.04473898636706817,0.06810384589830776,0.0716003753285373,0.0978539533998576,0.06136764603176519,0.10050241307373939,0.0742053846165204,0.07116550533986939,0.06389369118393701,0.12240109250824996,0.09899933584202338,0.12507436502262184,0.06703350908445678,0.09310565132020891,0.25301381934337236,0.07582468242425873,0.07642859496342705,0.07824722776269924,0.07603398191574845,0.08955973742661806,0.09717944448405601,0.08949692736776144,0.0939279422567928,0.07893964365859338,0.08400925297323582,0.0825177795326995,0.13858853860159875,0.07696368500148026,0.07549176100107241,0.10965494373864966,0.06349295771641018,0.10515737143543741,0.1102169993147163,0.09247845073817075,0.10596001389881399,0.09238172099745183,0.10003956996955699,0.07099128348152511,0.07425696996474282,0.08685404506170868,0.12373450673887286,0.09614992688294698,0.13753265267533804,0.09086969267068429,0.09332957835591381,0.1038980507567046,0.07570582324681069,0.05246209995780813,0.0894016638248953,0.10727997383976398,0.10783008572712882,0.10503820969032765,0.11555262720095677,0.12303560349231103,0.12062102262761583,0.08640734544660246,0.07072111806812922,0.12331847036159539
Denmark,0.07285871293187121,0.1346709260354968,0.050201129447001565,0.13192649487927555,0.09132327295692354,0.10692739557717615,0.05502970130555656,0.09572125444289278,0.10242495600343067,0.08105303206208966,0.12112881966747717,0.08386581048032074,0.06271690575340462,0.0988764852277661,0.11009187309138209,0.08024991390608281,0.07014381606922493,0.0686819881305025,0.0662263764940452,1.0,0.1579896376070455,0.13627704171930755,0.07938622022562608,0.0677066462850809,0.0686695730174573,0.04309326164811372,0.09482691728763659,0.06123015384335195,0.10059846585821794,0.0659937806796302,0.05200408090162445,0.057422453786250445,0.09532657333904802,0.0820811073754929,0.09036421109457983,0.03565589431852153,0.07534130076106722,0.2722259749162977,0.09847995744836416,0.07995924143492518,0.08271498406253451,0.03711522370052227,0.08739371796226306,0.11980418069709235,0.12327551578515777,0.10427081823545732,0.07405940976783376,0.08892257730019269,0.08780109263718437,0.10518991954702993,0.059252119141257206,0.04524158646523911,0.09147367871160247,0.08898986459887762,0.0976149882666892,0.12243696229758962,0.08013781370922929,0.10051686859648952,0.06529911122769841,0.10574697144914531,0.06641404773371766,0.07817170673605094,0.06333929341965072,0.11965135191265262,0.08036339037434585,0.13249633986843126,0.1151939077597016,0.09645002734956969,0.09365577435311971,0.06020510342968113,0.06963922082059151,0.08317765367893441,0.12634220817228348,0.0824386353438648,0.0861557377310647,0.11812175356064465,0.1191441433616409,0.13537879398514785,0.06382122765776851,0.07147617750325026,0.10757921643178635
Ecuador,0.17406458103865277,0.04317733555022384,0.16322662453403747,0.1864055235125492,0.21804954421753178,0.05666608508440843,0.16665669974050656,0.19525995041941896,0.18222251298792827,0.13644120402132606,0.1744706801622157,0.15893530869521585,0.17084997158986193,0.17059041905851496,0.20428405381912057,0.15918902762332096,0.1568800081514148,0.14991502737298584,0.13739910153167217,0.1579896376070455,1.0,0.20429469157783917,0.16036188597043075,0.15343841594500066,0.13478548184537878,0.16885848107392623,0.1786411906655124,0.17346928031485653,0.13282937812763357,0.17538513237615105,0.16420461504070552,0.13843095900891697,0.2000890313439328,0.17761125350526538,0.16351886839827845,0.16091998497613577,0.18706208050679207,0.2023119472668089,0.1802824365290463,0.1778817851228167,0.19067697689793092,0.1731089758324026,0.14511702481661995,0.16475056179998776,0.18762043742778697,0.19281181612755754,0.15977331667285127,0.18036538806750074,0.1789880040533997,0.21047790823182588,0.1527189454882409,0.17105488754905573,0.18463191197278536,0.1124448759879691,0.16270880241778726,0.1845211015103599,0.19832498998966738,0.18899374751138273,0.16730626316265892,0.19496044726261938,0.1704087201199912,0.10829682323863388,0.15035273863803705,0.07021406360570553,0.14925362434407174,0.19525297262270128,0.14765821879653943,0.10938123470925379,0.1806421724474229,0.16094055925736597,0.1635111713591626,0.15362038790563734,0.15532799284004434,0.19406021957055003,0.18394998896843068,0.19775938555622183,0.08544409079172072,0.15811495828032474,0.19535076760879572,0.1654318524186498,0.19832497005066907
"Egypt, Arab Rep.",0.11103996479358841,0.20810303732074606,0.10736646526655053,0.09411931847467472,0.08718994209918636,0.1768938858757123,0.11610236742511777,0.09640572985057257,0.11608863188009982,0.16287708991621078,0.12582752095740882,0.12364016503227707,0.11788318913343676,0.10739598438623643,0.10297271183768078,0.11235601351012857,0.15248245237177557,0.15111000772223745,0.1277781346618601,0.13627704171930755,0.20429469157783917,1.0,0.1587012210916727,0.14111391910267565,0.14955767879011395,0.14092187254040475,0.13089458706289858,0.11985994119329055,0.11722262259735962,0.12357353960804796,0.1146383430622708,0.14673497073976294,0.10370941179839917,0.12190123333369032,0.1558997689005496,0.15164825918693395,0.11259582040621692,0.22675517853148874,0.11097099183250668,0.07807875984051389,0.10352911070881932,0.12427754212469787,0.1084997614859995,0.15349498447846766,0.13067486199171632,0.08337842919724772,0.0893195100233207,0.09956782291837654,0.10709149589825898,0.09550372475912636,0.13647382965683033,0.1247369620670998,0.09426327399559428,0.16054956241378995,0.08084723111928396,0.13571274000635797,0.1017470702038416,0.12469315066074017,0.1363311976083337,0.07413282369293574,0.10341532481168098,0.13405794646820407,0.17845392548758265,0.19681127966273035,0.1252979197132986,0.12864134991250567,0.16723953837514005,0.17413616041549748,0.0940481426780722,0.1635599846326815,0.12964911097216233,0.14645548163899855,0.19208088581957217,0.10040083772462649,0.14020743736520283,0.06421075823828898,0.18223631792958986,0.1058632076628128,0.0967509718891948,0.12901789002947847,0.09719519243069147
El Salvador,0.11986616084025178,0.1581882024024652,0.09374996168812282,0.10414994596163563,0.11003675528576597,0.13450383563527085,0.07626422458546546,0.09045161183558202,0.13595148323488068,0.05545750000369696,0.10258469310325327,0.10271455489936512,0.09539702642074996,0.09673018057002167,0.10777320402381574,0.11211575951931667,0.06378360147517417,0.06691574985780675,0.08035527877225386,0.07938622022562608,0.16036188597043075,0.1587012210916727,1.0,0.05918478617731088,0.08297047292935025,0.0676144559999399,0.07555960963706754,0.0729402520069704,0.13347351402532287,0.0645795997103602,0.08428834913132179,0.07960193365857408,0.13837151385037538,0.09381994178277168,0.12320982583117954,0.07389201795913465,0.07273252570843808,0.2717707939085311,0.08982420910987315,0.09672899603797315,0.07341731627406681,0.0769711958043187,0.09788722677154797,0.06871139867992418,0.106596550180867,0.0958985106645462,0.12175067643341898,0.10375131399838343,0.09512818141225717,0.14896348812409618,0.1166210125290846,0.058640640333560715,0.12299241777101588,0.09685460008017657,0.13898192149223834,0.11375981441636981,0.10675885321113619,0.11575786677560577,0.08399076382757148,0.1250767068834753,0.06363701642539281,0.1010442692380734,0.08837902809633848,0.136206542753425,0.1146867696773991,0.14848046613723,0.08739711540127432,0.095658294731198,0.14177957874291763,0.06300831021925192,0.06320857758751637,0.09429997931816884,0.10500358979814173,0.12156767955400992,0.06437634554550313,0.14738375685106903,0.15259479213710653,0.1537196297130873,0.09910460330029965,0.06095626453402001,0.1453121257406016
Estonia,0.09817184929489446,0.1544610147552115,0.07853124000915321,0.08971092148758329,0.10948520985898376,0.12119798921566416,0.0637695981287858,0.08175394604102691,0.12983986109538784,0.05450473541874332,0.09114039899933168,0.09113955926410175,0.08367843298158062,0.07793735155154179,0.0990600002023727,0.10892608305472165,0.09181481578120511,0.05446834897030842,0.04473898636706817,0.0677066462850809,0.15343841594500066,0.14111391910267565,0.05918478617731088,1.0,0.06145567764916102,0.061805406728451875,0.08708380578704934,0.05327280920130896,0.12880874653235996,0.07263684785491477,0.08229070884028153,0.07115122390096679,0.12692882656374452,0.10217353716568285,0.1142699171972181,0.06232381570526658,0.09540316495702642,0.26007282115518554,0.05838184461937247,0.08223730868378952,0.07831431524617008,0.07823200157972035,0.0934329590326294,0.0849792826512033,0.07858922170852822,0.08509996670297057,0.09908944769144723,0.08918677134928057,0.08634295686140953,0.13938607956112598,0.08985847715534752,0.06994428989529415,0.11709012703869022,0.06148106150672296,0.11909968789072643,0.10236026057469541,0.09557375576939048,0.1065811353227004,0.08500945231026813,0.11692389935774508,0.06991421734834438,0.07963930170935604,0.08465490081212458,0.13552837590452566,0.11866187964433986,0.1381254771919767,0.07045654490685503,0.10211205450709775,0.11429802001076177,0.05446950318623918,0.046710633116179165,0.07751709816636926,0.09777056146835976,0.11259619252602575,0.08708081892188256,0.1295391643502607,0.14302089712057436,0.14170837476700524,0.08408961679193114,0.06258425339810379,0.13200805776825342
