Country Name,Albania,Angola,Australia,Austria,Azerbaijan,Bangladesh,Belarus,Belgium,Bolivia,Brazil,Bulgaria,Burkina Faso,Cambodia,Cameroon,Canada,Chad,Chile,China,Colombia,Costa Rica,Croatia,Czech Republic,Denmark,Dominican Republic,Ecuador,"Egypt, Arab Rep.",El Salvador,Estonia,Finland,France,Germany,Ghana,Greece,Guatemala,Honduras,Hungary,India,Indonesia,"Iran, Islamic Rep.",Ireland,Israel,Italy,Jamaica,Japan,Jordan,Kazakhstan,Kenya,"Korea, Rep.",Kuwait,Kyrgyz Republic,Latvia,Lithuania,Madagascar,Mali,Mexico,Moldova,Mongolia,Morocco,Nepal,Netherlands,New Zealand,Nicaragua,Nigeria,North Macedonia,Norway,Oman,Pakistan,Panama,Paraguay,Peru,Philippines,Poland,Portugal,Romania,Russian Federation,Rwanda,Saudi Arabia,Senegal,Singapore,Slovak Republic,South Africa,Spain,Sri Lanka,Sweden,Switzerland,Tanzania,Thailand,Tunisia,Uganda,Ukraine,United Kingdom,United States,Uruguay
Albania,1.0,0.1520435291325795,0.06059890610009064,0.07927099306474883,0.12776560223829045,0.08342127633426305,0.13001329758268887,0.09132109637699935,0.09864029930489268,0.08335620753061829,0.10884437220390696,0.12600974926675204,0.1178501479228425,0.08114952565511063,0.07545212094231632,0.14309495051360724,0.089999919749036,0.10671220848374921,0.0793433734521537,0.10248645810605089,0.1086865128221656,0.0960466604644733,0.06935678177679858,0.14980414353624943,0.16686119237043454,0.10429466813938348,0.11824879889250584,0.09216277084459412,0.10009340253225694,0.08334815803285268,0.08687747331420018,0.09237188690679764,0.11477590990177303,0.0763549154654817,0.06943458399273562,0.08337597978122917,0.08444122492026591,0.07050819809519952,0.10040795586515787,0.13210692371031715,0.08329416651787937,0.08592781508623516,0.0851088796064046,0.2167040067578912,0.09903325439644974,0.07831627165704821,0.09050115965336952,0.07395215274784528,0.09079347800567387,0.09397695437880892,0.1314502944617733,0.12250860273536858,0.06567322435009713,0.1264026714628524,0.07536332086298335,0.09797621092045379,0.09156587290856694,0.08671150391722897,0.09492139311945819,0.07451044133821622,0.07262813106291534,0.08934615003219336,0.08557371215079215,0.11514546608840003,0.09684184649301057,0.13263860834274804,0.08986333972812448,0.12180393724299834,0.07517807026507475,0.10093019504437228,0.07998822735891933,0.09349053794142255,0.10042463282772754,0.1287331108221939,0.07644505935812358,0.12351936650893808,0.12997780696943245,0.12042525747073751,0.13196133815889322,0.11243156566920606,0.0816622757972471,0.0975140068635218,0.08736050920222252,0.10894403168154074,0.15214322754543125,0.08184318315799077,0.11390344242936408,0.10598157571573494,0.09890434200577058,0.11388276847271941,0.08323328323264494,0.09431061467157659,0.08030777027645475
Angola,0.1520435291325795,1.0,0.13314064683990023,0.1565871317324459,0.17439741735555325,0.19835705844640755,0.05735237606213839,0.1509348504247853,0.1787127270495347,0.14716423052257774,0.12397780472616936,0.13342232855548403,0.16620035899148483,0.15400596866619548,0.14272444423681918,0.139043165927322,0.1590735809314328,0.19401522098077345,0.1259587226693481,0.1292201652281934,0.13996440141519895,0.1366826491016428,0.12424950277696721,0.11023608329755016,0.0432898190378727,0.19765063633006963,0.14580222090509792,0.14541690876512062,0.13572567632015692,0.14208599560462387,0.1573366311662793,0.10614013748168392,0.14293070930908844,0.14198602320391152,0.13295428150379499,0.11348311584901628,0.18602009874611108,0.13772070810303,0.1665024180921965,0.10182770891400363,0.15463535744190857,0.12769095771875982,0.1611268561256956,0.2088435002410039,0.1758633543049068,0.1621641404829483,0.17086858173517494,0.13597234684586287,0.1901810607159561,0.145902042136562,0.15428647983580399,0.18723424537415911,0.1591416990230537,0.1494182920490942,0.13677352824421746,0.11271450499349843,0.17560939753261687,0.14907527734187734,0.1950457961302334,0.1230414114031697,0.14749722454711128,0.16924299054138733,0.15576730217596177,0.12018509919767552,0.15313241540720832,0.1835289673166368,0.19106379565062193,0.19349337744036677,0.13049260619473765,0.17969756630231454,0.1613767291412301,0.11454896179571762,0.10772428410792097,0.04656740774110227,0.10927999621246567,0.17184239557531725,0.20255697309885523,0.14516962198078948,0.17521144757229937,0.09371543051779754,0.1586706332709874,0.127136999172599,0.13754331185810853,0.12711508630646753,0.14382638842709666,0.17497395494563575,0.17277116641182408,0.1871481440617428,0.1816600194838981,0.15207753456232517,0.18239317515865855,0.14806379617167909,0.16355366517530873
Australia,0.06059890610009064,0.13314064683990023,1.0,0.04874594511162755,0.1181208523152917,0.07125169130423624,0.11657668174970952,0.06476236725006003,0.08155039237793814,0.0706963814579779,0.07764099818730127,0.1231130223485651,0.11589973577684062,0.06891551773039063,0.04503179151806767,0.13464871456521899,0.07597181472950866,0.09819496757518562,0.053982006077359444,0.07129930352049176,0.07762553515134772,0.0747905473131429,0.04857683226632073,0.14746882477011675,0.15716409486087146,0.10151278994005657,0.09430138869547734,0.07306101058658505,0.08213520092068377,0.06147788657308468,0.05623578729069275,0.06673860353409707,0.09657556216490304,0.044724683059604545,0.028576614566374538,0.06108656762626341,0.0860252919565428,0.045320895735437655,0.09355794039945818,0.10991221149452679,0.11659154607037021,0.059707732919618964,0.06339736624134697,0.22943113856191213,0.09260058948569075,0.056194636805134486,0.064090153041089,0.050612169710415274,0.09396929230936406,0.08612952900211629,0.11788545766725263,0.12288504829421573,0.058861521518409614,0.13224311080973045,0.042903191504521716,0.06470302813745411,0.07693664191772602,0.07014809939985392,0.09381340986874695,0.0627467820767742,0.04672346322710912,0.05787952727664057,0.06934689351111183,0.0971793904882113,0.0720363812448767,0.13818925896691142,0.08529539872048814,0.12313131531450272,0.049377105747661576,0.0823139555538484,0.05183305559122562,0.0850141659587898,0.07814415682312613,0.11932926539412403,0.05695545727280801,0.10208993792819768,0.1370402080422777,0.1225077754887696,0.13807728428431568,0.09104890929987505,0.07518280754084429,0.06701885987201965,0.05832120972792141,0.09502145813829224,0.12656462477391536,0.07198858925792806,0.09599823728202031,0.10397960697248429,0.08633157879178008,0.10752444784931506,0.06749588800190234,0.05677711933361781,0.080466161051752
Austria,0.07927099306474883,0.1565871317324459,0.04874594511162755,1.0,0.11927885021889091,0.05670756591468354,0.11703920178052078,0.03428293079427683,0.07835160191428427,0.08419791056283843,0.09907392671679763,0.12634917271208956,0.12079035734954523,0.08431897125296048,0.041953991733308285,0.15208070061305287,0.07591021674209562,0.07319476638191891,0.07609971778252403,0.09875770455761287,0.08755080675090522,0.06753588936955075,0.06240064279527185,0.15270077204358234,0.16941915838139154,0.09898669671082387,0.09622081010052266,0.07179327348891791,0.07079892481030862,0.05036993240983107,0.025880806063022514,0.09378532534395126,0.11751568169630208,0.057009302711660256,0.05024839036363554,0.07930269412422411,0.07970580162014314,0.07703031456839698,0.07661766642087683,0.1395340590004838,0.12840611702155508,0.06332218782959675,0.07612444111473295,0.228630603711948,0.09024687406904022,0.06510394091221837,0.07200159473221189,0.06300906173811502,0.10172514700873186,0.09218706541348039,0.12778258707672108,0.12324324740603088,0.06975424089712136,0.1363255870786526,0.04927415063714622,0.08245663786084059,0.07147496693058836,0.08445110063954382,0.08730466053266403,0.06178257128771038,0.052241859261162094,0.059465681360232635,0.06717677757087584,0.10283298176116476,0.078914742373636,0.1498296214379887,0.07653629116018616,0.11241882248669666,0.07165097268995259,0.0704156969969515,0.054565536500461066,0.09287722583365268,0.09025608625226958,0.14357534427454974,0.09027846958967134,0.09862713123324471,0.13248160978705753,0.11939917064918498,0.12255550680827623,0.10777525777846403,0.07613289805543465,0.07991796892909558,0.06803291613792742,0.08245362159806492,0.13161334280857326,0.06591887047341173,0.08727569689076671,0.08743495403137164,0.08323495636271941,0.12020788600995375,0.043777859380836774,0.04433216953365298,0.08307829483399778
Azerbaijan,0.12776560223829045,0.17439741735555325,0.1181208523152917,0.11927885021889091,1.0,0.10656055012784454,0.1667308042374217,0.0977185590144316,0.07889959648520702,0.1368344187885872,0.09809691351779286,0.12425003880281665,0.06800759023325881,0.1314257516755031,0.12070638669034676,0.17030839185213603,0.09599971227928898,0.10050882070861401,0.10862675573239595,0.1266964873621832,0.11310026048307269,0.10396077908444064,0.12006671894022228,0.14971515132498445,0.17388201845031648,0.09446951955283177,0.09900861549386177,0.08679177886341283,0.12822640950748856,0.12354808921336716,0.10690935165130042,0.13373835881919383,0.1493175952372761,0.09930185886267684,0.11886082039737195,0.129807458290555,0.13640174500310429,0.11800456869163539,0.14829451630573096,0.1473442475427273,0.15563854578262365,0.1277000524007316,0.11014154691436465,0.224834609488126,0.08498361587906163,0.08191303330195468,0.08204201777962836,0.12034253993880144,0.08139983754165099,0.1072303173667532,0.07463536116735714,0.08561790837429317,0.11183677252718768,0.1403769879684651,0.1265791579900328,0.09621792519722482,0.10531070865933882,0.09116299112619046,0.12777262504948833,0.15282335941531205,0.11126519247627585,0.08287218145969606,0.12447680745780734,0.12891009734849365,0.12100133347366702,0.09832776539133478,0.11025918509287774,0.11992111137703304,0.10923150106366367,0.10896481238027693,0.11352879447666506,0.13821263628479358,0.13762652763928673,0.16438975143074896,0.12659165609046535,0.09283290163191071,0.1328922782687261,0.09823522677131001,0.1337495859143599,0.14946171905200986,0.129398423976877,0.1256633037924552,0.07452251187499799,0.12258194462480138,0.13325342095163747,0.1254617043950947,0.11826866057515346,0.1341709860332943,0.1027878216293524,0.10874378985649184,0.11095271746302611,0.1106540782259922,0.13709025640446654
Bangladesh,0.08342127633426305,0.19835705844640755,0.07125169130423624,0.05670756591468354,0.10656055012784454,1.0,0.1636180349347998,0.07090158619969375,0.06177098608611618,0.09116593307115942,0.12871792734748286,0.15081388346866106,0.11845450422766679,0.09602566271356291,0.06963366592437023,0.17963641750070194,0.07761350572176975,0.061009479617546006,0.09137714445112854,0.12151666642527463,0.11631420567413739,0.10259570168952625,0.08922723827874693,0.16415941290514066,0.20827639178573226,0.08003632387663204,0.11443507765569054,0.1036102435451008,0.11211546650763039,0.08661031785578857,0.06557210992973392,0.10486509482441543,0.13845482829851444,0.08109600684071563,0.07891377653948256,0.10141846547704861,0.0629067310932857,0.08967884384600108,0.08481356324293986,0.17076744563996335,0.1372479842338882,0.10142745014179706,0.07891831219601347,0.22312058195119633,0.08891599976927991,0.06737926429839274,0.06400949826858073,0.08554174745269227,0.0735329745467637,0.10403274969941258,0.12296211604498354,0.11406623210061571,0.08005993220893791,0.1669648068464248,0.07606840005509935,0.09252176107273839,0.0758987034965467,0.08477312185203785,0.053435313519005385,0.10023156366189012,0.07207053070533896,0.06528619859246614,0.07669090877065732,0.14327828730868594,0.08461802764465645,0.13632652073026694,0.06562630238648767,0.10327335190394255,0.09836655007149753,0.0621288093940372,0.07712331216163257,0.11918656610065825,0.12558998223299833,0.1845394656225544,0.10409604255629379,0.08227883720859572,0.11847353632982598,0.14011248888352196,0.1279126434633608,0.14339500600353156,0.08129802304171813,0.1133117430461626,0.0966011512981736,0.11625251943543127,0.1655548287017095,0.06619395013290771,0.09330975929779944,0.07246607182229116,0.0679387688948472,0.11702793952288454,0.048252484876554515,0.07434497744670743,0.07059849124720671
Belarus,0.13001329758268887,0.05735237606213839,0.11657668174970952,0.11703920178052078,0.1667308042374217,0.1636180349347998,1.0,0.11749117616366887,0.14186504386404192,0.13096542845787518,0.12191666490506106,0.11537139227481333,0.14778096602535115,0.11768072771394263,0.12481229403600337,0.12556277737635002,0.13008169746614184,0.15752380017101567,0.1272980676296642,0.12331543114941473,0.11081094303770302,0.11434130203164626,0.10112390267526547,0.12054664592880344,0.053574493808544746,0.17200198758969684,0.12403629486514808,0.11685747450058243,0.09357709939238668,0.12021575351372049,0.11790370618711883,0.10692150235170579,0.14756624265296167,0.12902852404584922,0.1179053635002138,0.10760215737340131,0.1428289495712068,0.13442241429681928,0.1269607578780439,0.11824797537714425,0.1279699869597152,0.10948184336687893,0.14059333777365773,0.21309392387433862,0.14218903797211008,0.13884734614259323,0.13960955462300972,0.11673007010721706,0.15163163497679943,0.11178666184382163,0.1585169307098868,0.16433123267722835,0.13964010094170087,0.12115744897788888,0.1190230042285466,0.10523482466623243,0.13579760891577194,0.1379403538957667,0.15333079344750689,0.10398875798697212,0.12895556353851506,0.1369662517575055,0.13706622934998952,0.08842507921788886,0.14184401175302983,0.15447631248934604,0.1507499108816558,0.14435434050026247,0.12201892164429606,0.14205002946324863,0.1332283688501148,0.09043254488057449,0.10532078083936029,0.07549828096918654,0.11397396051909589,0.1526268565731764,0.15554955719566585,0.13198294289942333,0.12994631577774407,0.09267306479152132,0.1357610846190075,0.11686487352867057,0.11784533277575705,0.13272906242858096,0.16174629719802872,0.13385621099687275,0.13463835411397992,0.15552080911482957,0.14617734641652788,0.15269158333473085,0.14188638031924572,0.12245798087573263,0.14732591446872564
Belgium,0.09132109637699935,0.1509348504247853,0.06476236725006003,0.03428293079427683,0.0977185590144316,0.07090158619969375,0.11749117616366887,1.0,0.08580135028297249,0.09537124127298308,0.09027664250143108,0.1099442509714343,0.11236435990058798,0.09805555054150056,0.054896184948886186,0.15004810035414454,0.07612180708228786,0.07973985967331912,0.07979175988300724,0.10074214472031179,0.07990885510864487,0.06384330350210503,0.05514834974973727,0.14137792416068717,0.16238842260199104,0.10668462381656474,0.08108490723595362,0.060786769741939264,0.07199157110735624,0.04348835760422847,0.04331657038689444,0.10179678477607017,0.11093765717131157,0.05671722365967267,0.06569394561876722,0.08151969856089429,0.09459691489166681,0.09120395675607762,0.09939373800843046,0.1334304758419015,0.11923064807089447,0.060614572726713896,0.08215758160239969,0.2379310290882195,0.08981361718808464,0.06501111672045158,0.06960272237229242,0.061861282034736224,0.10088874599105609,0.09996870778604415,0.11043312993461701,0.10932907577112447,0.07416373173293835,0.12567481801841454,0.06987579204860414,0.07931117199530684,0.08261163579638267,0.08254295138482601,0.09729774192298245,0.08331936088200056,0.051785551383006966,0.06719812072279371,0.07578710530234266,0.09332101191184766,0.09022295302926045,0.13671873635889265,0.08506583438478546,0.11869318025623124,0.07878726612647832,0.07927973982237232,0.05816714297587759,0.09187664530348875,0.08433407842088671,0.13966068358345043,0.09822316860618707,0.08745513403698421,0.13792524232626557,0.10908060575043112,0.11888318038939107,0.1021440743815271,0.08881196711812243,0.07194034426095332,0.06827496802256779,0.07377226100212332,0.11119636740342623,0.07739593845232583,0.08087364167778,0.10395928687395396,0.0789739229012587,0.11663670843248991,0.05572090550187044,0.04730453872737999,0.09965803058679962
Bolivia,0.09864029930489268,0.1787127270495347,0.08155039237793814,0.07835160191428427,0.07889959648520702,0.06177098608611618,0.14186504386404192,0.08580135028297249,1.0,0.10283475618580448,0.10103849586048423,0.11622886694580851,0.07074156106978695,0.09261863907040338,0.09499140112288523,0.15972365268560892,0.07143218000145396,0.0621262901711963,0.1082828192033373,0.11415930041260224,0.08792200263625241,0.09711437472094554,0.08703465461022808,0.15313024402378794,0.18210509620647228,0.0975966592679927,0.08645957698992901,0.07814962560206637,0.08541071798635486,0.10422939546786911,0.07863329511883907,0.10921211428247125,0.1447461883264462,0.08809185432849144,0.08557299912328967,0.11191000396398029,0.07498446523156847,0.08768957982350412,0.09434452467546822,0.1515359055142961,0.1220015340707075,0.09927605336664667,0.07271060220304217,0.21433665684042616,0.0674633507602575,0.07443902805852229,0.047609483189202995,0.08794441945296402,0.04597673200123994,0.0650477213565343,0.08807541900397763,0.09003595720771297,0.1022233733237526,0.12983368547339777,0.10244690913414353,0.09249265769173723,0.05204214304870647,0.07183656239170215,0.08170475276279088,0.11375167470036938,0.09291570324366145,0.04688945139709912,0.12014063318265689,0.10486391629898223,0.11224026025030154,0.09365579109506271,0.06623105226584551,0.06879547570619868,0.09183121630973057,0.0696810711812824,0.08911962368306739,0.12030747381790369,0.11900574011671627,0.166071231338769,0.10397649929834848,0.08526535445331224,0.09053361139364434,0.1072767880464935,0.09049398610481685,0.1412015555919994,0.09500279415028513,0.11446070776427252,0.06807327035535371,0.1194173993697667,0.14798734555138285,0.06556098714802464,0.08222041753739427,0.10290219878583379,0.06430470163014577,0.11130282962458836,0.07442392695468143,0.09515331815706657,0.10328570754421104
Brazil,0.08335620753061829,0.14716423052257774,0.0706963814579779,0.08419791056283843,0.1368344187885872,0.09116593307115942,0.13096542845787518,0.09537124127298308,0.10283475618580448,1.0,0.12608877900295687,0.14497584760419807,0.1461489884850628,0.10094150287548487,0.06960375324032192,0.1623254221933219,0.07969613935273381,0.1244581249047511,0.06091471900492045,0.10767007622926705,0.12378960695283797,0.12002743369543759,0.09510781878068136,0.12571485883624023,0.17359134813882096,0.1093684364261334,0.13161659744052184,0.12055931916927094,0.12507341476420064,0.0888406726501498,0.09436232300132083,0.06019338227480387,0.1332313658251769,0.07505046432821402,0.06495970120258164,0.09874761221721032,0.10482319586110161,0.0730329450245563,0.10745220348418331,0.14886036706988529,0.1397829677199532,0.09262051976596482,0.09044549816472797,0.23170690223308094,0.13499088925487868,0.0758578395829642,0.09333738818516987,0.08594843155429649,0.11773457126514779,0.12257686638813381,0.15171056345782805,0.16088392782854458,0.08279380652947033,0.15592633739274014,0.07030742947915061,0.08878833990971577,0.09877816396021766,0.09110290119636737,0.08867052225888364,0.08783192210272428,0.09759788967940287,0.09063587011072609,0.06376776006128229,0.13961784466362745,0.08086077609043088,0.17478256871933068,0.12039156279503713,0.1566302318796128,0.06556160495315363,0.0710659371649959,0.09701310015600832,0.11537942505675136,0.10649137679158549,0.132229374452047,0.0673114796051238,0.11938942727818624,0.1674720279588098,0.1523782927958867,0.16556309449814652,0.09377569588614705,0.07600771526468507,0.10754709052074457,0.09817848681275111,0.1299315935038091,0.16969589951558017,0.09652551291438155,0.1342017606916309,0.0944073375312654,0.11207115346793017,0.10736322225016873,0.11109713257505367,0.09772115515973362,0.039811132109136185
Bulgaria,0.10884437220390696,0.12397780472616936,0.07764099818730127,0.09907392671679763,0.09809691351779286,0.12871792734748286,0.12191666490506106,0.09027664250143108,0.10103849586048423,0.12608877900295687,1.0,0.09395253054509489,0.09670734483119806,0.09690922910977008,0.10070016991862968,0.12812629964092573,0.0952879456735528,0.12556256497355772,0.08381027270393396,0.06712185371518745,0.04656180798568941,0.06597015035937134,0.07502331768731896,0.13167016999997957,0.132489642470739,0.15163378138923794,0.058657242620539354,0.0526653080939089,0.07934486794529007,0.08416288656798587,0.08347915196824698,0.1067150757741276,0.08294535882185011,0.07579416226515943,0.07488202859666898,0.05533974185753071,0.1413312914212336,0.08888098093631915,0.1381311896694986,0.07546433775421409,0.11975896581245173,0.07235486191935997,0.08987079909734741,0.2450197974799287,0.09123254248629181,0.08951722391024643,0.08494792322447581,0.08747183746187207,0.11991520732230362,0.09780538314408721,0.06120123198141992,0.0972806453633174,0.09962884204801502,0.10718828570443938,0.09804578405814227,0.07800944771261911,0.09956045231900808,0.08259292043912507,0.15346867282315474,0.10789408974881022,0.07220518928359053,0.07268580339430641,0.1269919088640183,0.07523235488984285,0.12515600996220033,0.12047583805485701,0.11799304681798937,0.13389041542753724,0.0801064017309792,0.12719848218338534,0.08254035497381128,0.07902010581575336,0.08352933817914064,0.09921596102911821,0.08975626414607252,0.11009085164143079,0.1569738636584908,0.07926647437631715,0.13282247759645305,0.0698484623157808,0.12764340841739288,0.06705717779505516,0.05452233071245324,0.09328541498316047,0.08342314625483321,0.12800219356060263,0.100873715527276,0.15680562775795712,0.1311224347559373,0.12785837615289736,0.11247082853762777,0.08412112203861194,0.1417883975701731
Burkina Faso,0.12600974926675204,0.13342232855548403,0.1231130223485651,0.12634917271208956,0.12425003880281665,0.15081388346866106,0.11537139227481333,0.1099442509714343,0.11622886694580851,0.14497584760419807,0.09395253054509489,1.0,0.10493335897967478,0.10514453765715817,0.13924108170417157,0.10159253788676781,0.11529035284215974,0.15165899060565516,0.13187735329536307,0.10908010770757097,0.08199824118790539,0.09844501258568086,0.10223060663421775,0.13811457044221398,0.12257064563926112,0.16083994885244066,0.08945268083935587,0.09323545677037468,0.1070400311823649,0.11765867538504872,0.1227750542665362,0.13375115754983147,0.12814417756007862,0.11311404099303854,0.11271396071325841,0.1104185039337225,0.14216694608090238,0.12130020179373997,0.14176411013859558,0.1291627946336924,0.11246324989345581,0.1089064004948366,0.10358561996255011,0.22168780306290575,0.10536982974646068,0.12453116574129361,0.10574596167275176,0.10794495521850207,0.11282632765609184,0.10956358794758184,0.0831293574469613,0.10586276215866004,0.12945084938595042,0.062076005928939255,0.13496011609901135,0.12519303593721767,0.10402260950532663,0.1198562286896866,0.14421658397031348,0.129992657437235,0.111888864282259,0.10311640638460245,0.13709348712953562,0.09241982163425146,0.1406689988099781,0.1072305437562231,0.11940343537100205,0.11368643126588455,0.12377677026663655,0.1381334781006636,0.10161480166313144,0.10771074297791505,0.11675126361513061,0.13183657023045234,0.12832928543077618,0.11384637025351484,0.128406115729002,0.10248843649899471,0.13030988709248253,0.11536114958465747,0.13465573298268835,0.11052255790448566,0.09353234473233515,0.12865491841953233,0.12448981420952497,0.13304503254288325,0.11597090365315116,0.1614651548875772,0.12750277064922397,0.1437873149271972,0.12801544468735068,0.12000971999227003,0.15903867935009164
Cambodia,0.1178501479228425,0.16620035899148483,0.11589973577684062,0.12079035734954523,0.06800759023325881,0.11845450422766679,0.14778096602535115,0.11236435990058798,0.07074156106978695,0.1461489884850628,0.09670734483119806,0.10493335897967478,1.0,0.11708935735391429,0.12719280209230852,0.15689734715425593,0.09531993724231094,0.08743891363900289,0.1251675228729247,0.115857647002214,0.10472467649510757,0.097116586758089,0.1103280016995312,0.14156028634563023,0.16396621376920426,0.12133405137039631,0.09843752167067066,0.08789327879771801,0.10531025493284446,0.12021440719631885,0.10769569635600892,0.13466758671360848,0.1513638846882483,0.10388602519588086,0.11128835550887206,0.12309071805253617,0.12856748663475734,0.1168821392306713,0.1334086659431239,0.14015760380856035,0.13647595419861108,0.12354536808619566,0.09534215506461928,0.19369085349237752,0.06805765065602234,0.10139993990921253,0.08071341370569458,0.11256609193672198,0.0691753954553746,0.08580270609982331,0.07372999731450554,0.07264895442946588,0.11917539601379686,0.12453220640140097,0.1334072297244225,0.0959217771128576,0.08659134009580258,0.09926510416856585,0.13269985375827678,0.13926410031168365,0.10838416945982016,0.07829332576794677,0.1515345068647018,0.10700891882909665,0.14062835578032248,0.056564858877097106,0.09125246486067162,0.09088036313152889,0.10535354159845883,0.12254571925982323,0.10778273256397553,0.13064710420607015,0.13185149270474777,0.1584885816508635,0.12147152146250421,0.10124478778548725,0.09062192649440942,0.0858492516105611,0.1050268211932937,0.13694561897072866,0.13915824143739428,0.12585680722606624,0.07808040694531497,0.12624969684847442,0.13511180854949834,0.12107476115665076,0.1051600369571029,0.1482253283448268,0.09872032307483312,0.12089839241783164,0.1109209668167739,0.10816673856611517,0.14563075844705972
Cameroon,0.08114952565511063,0.15400596866619548,0.06891551773039063,0.08431897125296048,0.1314257516755031,0.09602566271356291,0.11768072771394263,0.09805555054150056,0.09261863907040338,0.10094150287548487,0.09690922910977008,0.10514453765715817,0.11708935735391429,1.0,0.09229315451646385,0.10567378701033736,0.07704941562825893,0.1117811479257991,0.09567253314120835,0.09355858135891496,0.08823326030095933,0.07973182926782674,0.08343681948454748,0.16515355846436935,0.15429201116198418,0.11486012288505208,0.1060146663957044,0.08959626159390915,0.0841562240477442,0.09944970536571583,0.08419554864501272,0.09755621363273403,0.1370016130536263,0.08146618641353552,0.07216142861334104,0.09440959734557954,0.08784268608595085,0.0691791384574694,0.09637297201226368,0.13997617559408487,0.09900140121368488,0.09837149591092235,0.0861944918777626,0.22180449731265842,0.10400356117663095,0.0787563039446436,0.07736611483229802,0.08863838574424479,0.08575620007087792,0.08652737729648323,0.12566168751564227,0.1098604114928665,0.08701692866003635,0.10608502921583438,0.08242049639520897,0.10273283182604934,0.08579871033286904,0.08123168811827232,0.09192968428873549,0.08563953738970503,0.07817827623331479,0.07383063923757995,0.09039195639113826,0.08811115162905078,0.08436924646866995,0.12184442157343385,0.08059575687372977,0.10992692830700565,0.08879600830514423,0.0854946446827816,0.0712439142213936,0.09448345879148758,0.11655639569064753,0.14527695182236833,0.08489346570384694,0.10426509835755744,0.11865948122614611,0.10336951033686122,0.13194723869612535,0.12203850468525271,0.07514223159185313,0.10675210211894691,0.07642120155519962,0.11406526459792221,0.15517021596417163,0.08485195291471948,0.1043370565456575,0.10728703600618483,0.09748415890079387,0.11907161645570565,0.0881799443323753,0.09229751258788894,0.09969362904620721
Canada,0.07545212094231632,0.14272444423681918,0.04503179151806767,0.041953991733308285,0.12070638669034676,0.06963366592437023,0.12481229403600337,0.054896184948886186,0.09499140112288523,0.06960375324032192,0.10070016991862968,0.13924108170417157,0.12719280209230852,0.09229315451646385,1.0,0.1586772939213422,0.07718202418571453,0.09297762828405348,0.05551605686877818,0.08891876452596992,0.10502173926106685,0.08109050581160004,0.06664122842754687,0.14050526239758615,0.16866790501572335,0.10529088241570062,0.10196679111635767,0.08206831792895194,0.09615765175770447,0.04547255482948722,0.046879009062369935,0.07593831538044904,0.10599182782727859,0.048949620101877186,0.04774556234913998,0.07935611601698571,0.09961475882613369,0.06845278849825925,0.09522528225292583,0.1215718811040262,0.13586163542257113,0.06428572238234898,0.08644788614038576,0.22892515297222796,0.10910389824886249,0.06760797682555394,0.07267554448712242,0.06032203829349635,0.10876396247707225,0.10585497191920906,0.13370267602778999,0.13312495265007013,0.06002522932615805,0.15065674819166988,0.048493387255388536,0.06403761717453643,0.09810308935067781,0.0851067829141478,0.10480145237584657,0.06877120684285976,0.05835295719046153,0.07522239479229922,0.059785781614708475,0.1189990415619697,0.07457549653079078,0.157981758808775,0.09991284411774069,0.14635839985971663,0.05376855646294705,0.09104357492458964,0.062486907626250844,0.10269462380536255,0.07386130094616476,0.13052007617150435,0.07021507364084154,0.11033346092955731,0.15824401187687867,0.12771127812094332,0.1567263545936483,0.0919516517127888,0.08286181755558544,0.06876849737477256,0.07621878571197675,0.07436757576592022,0.13451550781857502,0.08716041909287178,0.10797664443045014,0.09729624646622032,0.09642022026628128,0.12015889783703389,0.07334898658388263,0.04466613007362883,0.07110875584911086
Chad,0.14309495051360724,0.139043165927322,0.13464871456521899,0.15208070061305287,0.17030839185213603,0.17963641750070194,0.12556277737635002,0.15004810035414454,0.15972365268560892,0.1623254221933219,0.12812629964092573,0.10159253788676781,0.15689734715425593,0.10567378701033736,0.1586772939213422,1.0,0.14935736390415486,0.18933284858980393,0.14318353004842294,0.12904152101619004,0.12012392448383258,0.12708291246912076,0.12959432930735404,0.16976159549516376,0.12284453401355297,0.18366364538828697,0.14133529223405913,0.13919791938745119,0.1399536299419712,0.15309675894638566,0.15282026293004894,0.13459235111754256,0.16081253169934825,0.1428515479779794,0.13346703941909438,0.13363409097857562,0.15823379874301027,0.13769720208347644,0.16726982890400566,0.1481491310657131,0.1273402452972795,0.14029835370736854,0.14221112343324407,0.21835018301638318,0.15736996865402011,0.14879212017640997,0.1426096619780913,0.13346520871019493,0.14900552499386915,0.13659285850869018,0.1446807347063793,0.14749798476976203,0.14208333497183845,0.09160706627211014,0.14358859929762277,0.14515403444510508,0.14403580884691206,0.14335074593454888,0.16011540247844483,0.14196209204893293,0.13798481923969452,0.1436540949604339,0.15151101870665057,0.1211918553584742,0.14915701437543524,0.15633130362475003,0.15141009080277967,0.1588108672682405,0.1441023101869893,0.16281664607419405,0.13292019518955314,0.12599152790220347,0.14281982278837138,0.1337718141438368,0.1312119793696352,0.1418438787757682,0.15839735132457916,0.1504223975232313,0.17134574973652142,0.1372008066640243,0.14704015777394172,0.14551135567552698,0.12763630008981902,0.16825507053190664,0.16822229764117377,0.14936462133216272,0.16190906391741686,0.1815808065727032,0.149083244960411,0.1551685280563496,0.15905113415287653,0.15390324624746832,0.17941810577222822
Chile,0.089999919749036,0.1590735809314328,0.07597181472950866,0.07591021674209562,0.09599971227928898,0.07761350572176975,0.13008169746614184,0.07612180708228786,0.07143218000145396,0.07969613935273381,0.0952879456735528,0.11529035284215974,0.09531993724231094,0.07704941562825893,0.07718202418571453,0.14935736390415486,1.0,0.09154613748012475,0.07486751930437342,0.11434899175806396,0.09544684083686088,0.0743433609895762,0.09632665372077852,0.15726352103384517,0.16550407557536384,0.09936072717846306,0.10085725772868523,0.07781484678804337,0.0851730501628688,0.0951427746095248,0.07506806398674584,0.0913727240876986,0.1493550154668168,0.06683291622028252,0.07397286153812441,0.10139496232016815,0.09125631547809979,0.08692686365464378,0.09861948434399986,0.13923241425158664,0.13946876071491648,0.10803044684006693,0.08666066725492824,0.20510557167844137,0.09190785610396539,0.0450571168400149,0.06766876014779595,0.09819349520324532,0.08018357904100183,0.08722171490739866,0.11201410474018433,0.10527638543887391,0.08863320255044771,0.13440599183881,0.08161777751479812,0.08110402510656296,0.0767271064199437,0.0679665504664614,0.08028771784118358,0.10073327073734605,0.0848171372621171,0.06077294838751401,0.09462173762002853,0.09993014459108866,0.07028211891369868,0.13050003986968425,0.09512421240880864,0.1218625288102615,0.08412795218594821,0.06366718836303589,0.0802846922685104,0.11493245128819896,0.12386513654908961,0.1544258652918234,0.0908209653271209,0.09693255898632298,0.13377883245785926,0.09500328962254068,0.13960803247777193,0.11952281442658613,0.06579774237784625,0.1100908866971003,0.06827817869685288,0.09659591307489895,0.12960278111059442,0.08593899082085851,0.11779898043440827,0.09098278495305219,0.10275256672382398,0.09044384307353374,0.0873085721740755,0.07612082742071649,0.08341734409742486
China,0.10671220848374921,0.19401522098077345,0.09819496757518562,0.07319476638191891,0.10050882070861401,0.061009479617546006,0.15752380017101567,0.07973985967331912,0.0621262901711963,0.1244581249047511,0.12556256497355772,0.15165899060565516,0.08743891363900289,0.1117811479257991,0.09297762828405348,0.18933284858980393,0.09154613748012475,1.0,0.1234013554696452,0.14100545800639896,0.1257284455099594,0.09363013273896176,0.10735142723768511,0.16012723814474472,0.19684074115570324,0.0950134922219848,0.11320775363677821,0.09694293381177536,0.0926974709087518,0.09678880846987041,0.07539792285744877,0.13323728699705525,0.16098360079650784,0.09269132846454797,0.0988312869164527,0.11342185979951688,0.0903314712405853,0.12112793096741446,0.094285535598185,0.17105422368304157,0.14432530324056364,0.11445865091185904,0.09775101031247506,0.20644973578708198,0.08114564721349739,0.09277108607377435,0.07657581000728936,0.10503347480998813,0.0796347876974871,0.09236448167658845,0.11815329068639338,0.10380642018310438,0.10940693107187965,0.16337091822957392,0.10514677020686167,0.10897967366116512,0.08184249644513818,0.0994852788007462,0.09807315105726583,0.10948315149320707,0.09612766838360728,0.0690270380045709,0.11307652194578327,0.124954015569201,0.12355335890509786,0.1106963007323256,0.06671078276263355,0.09312010571028222,0.11243617664287496,0.0848192400689241,0.09739267928532541,0.12081068446432293,0.13289965281203417,0.18357651540592956,0.13783613376904677,0.10113505147052315,0.09463794472515637,0.11305156816080567,0.0965542595554398,0.14642860398922783,0.11399806031660903,0.12188693991550709,0.09780075573460793,0.10576717155661633,0.16282771424191902,0.0912190465993225,0.08851655364063583,0.10791868600749938,0.08264160930786434,0.13190419059243583,0.07505918287842078,0.08756811756204819,0.1017910175816948
Colombia,0.0793433734521537,0.1259587226693481,0.053982006077359444,0.07609971778252403,0.10862675573239595,0.09137714445112854,0.1272980676296642,0.07979175988300724,0.1082828192033373,0.06091471900492045,0.08381027270393396,0.13187735329536307,0.1251675228729247,0.09567253314120835,0.05551605686877818,0.14318353004842294,0.07486751930437342,0.1234013554696452,1.0,0.07872850943384815,0.09858266434603258,0.08218900506534543,0.07642387008499825,0.1318895483673756,0.1541178177820206,0.10404183762409892,0.1117614158277725,0.1017218333516121,0.1110146794177134,0.07762685914501025,0.08333033233171247,0.05009898312119694,0.11336387424900844,0.05494062586426437,0.04629004004186715,0.06813434178580442,0.11500957826240701,0.06516295414331243,0.11806734907635429,0.11073453938734898,0.14501610410173812,0.07513628579724303,0.09181084922269113,0.2343727822327768,0.13247237622196506,0.05329106503270287,0.08041657585128584,0.06677153068419683,0.11828194133931211,0.11334190636068779,0.12288895921149355,0.13716873653713182,0.06990789967805344,0.14189648097444277,0.054570488334213595,0.05774255725883491,0.10854107068210925,0.07491072068774138,0.11037712126331538,0.08192239198506544,0.07364968212224154,0.08858973613450352,0.06316142911239131,0.12066431213891307,0.06796676659068271,0.16339483828703516,0.12257917431516377,0.1626079897394041,0.0616277457398432,0.07974293343698505,0.08630497366364598,0.1003956529015637,0.08924025947553124,0.11216144591002208,0.046022607027457335,0.09820957390280419,0.1718847513726302,0.1339804676231934,0.17300182689062904,0.08082972154000209,0.07645043189645542,0.08271085603775362,0.07612732937617488,0.10071629066228359,0.13462652504139502,0.10206481212846792,0.1372180696363641,0.10787661025024894,0.10753950334284543,0.08996364634495077,0.10499449061736175,0.07854301440396792,0.07315709785193014
Costa Rica,0.10248645810605089,0.1292201652281934,0.07129930352049176,0.09875770455761287,0.1266964873621832,0.12151666642527463,0.12331543114941473,0.10074214472031179,0.11415930041260224,0.10767007622926705,0.06712185371518745,0.10908010770757097,0.115857647002214,0.09355858135891496,0.08891876452596992,0.12904152101619004,0.11434899175806396,0.14100545800639896,0.07872850943384815,1.0,0.06796273238786578,0.09629591020163453,0.06622967971592517,0.1105363548998243,0.14578713870590482,0.1490305516333283,0.060789372421262824,0.08853858919353112,0.1005374593773615,0.07195894980308251,0.09106423358857982,0.08976134539107292,0.0782709878850025,0.05730864215463842,0.05469890925185182,0.06960272332483153,0.13824528868029257,0.0630483213882769,0.14092173534919655,0.08939733737780513,0.11493175707253833,0.06137285405970041,0.06350240980728485,0.25316852635297077,0.10697312601820545,0.09179232942631188,0.0867992807445028,0.056355630927861146,0.12242478290592067,0.1021008084919163,0.09457628343149826,0.13702472924420026,0.07541072554867251,0.11571844282069721,0.0914015339688614,0.0746546519746842,0.10749654048324538,0.08459374661438762,0.14827202357704558,0.10232628142612618,0.060403389378787274,0.08550899139062804,0.10156760836142303,0.1078318508119153,0.11363160089627168,0.13436382211396808,0.12330727507560685,0.13048477327058736,0.06750955508466211,0.1245290871414793,0.06877459441793465,0.10594545290416116,0.0842565957531325,0.10607214052095941,0.06650641774785372,0.09175147290378113,0.15523494418758,0.12799871768957954,0.1386010075729736,0.08346213776766374,0.11659223511625777,0.05609581133139932,0.06606932647242011,0.12293874534244188,0.11855763341151165,0.12086996613269227,0.08108391760965424,0.1546326971330233,0.1178130227240586,0.1347143152085503,0.1085484835862735,0.07206172093266018,0.12294797752580014
Croatia,0.1086865128221656,0.13996440141519895,0.07762553515134772,0.08755080675090522,0.11310026048307269,0.11631420567413739,0.11081094303770302,0.07990885510864487,0.08792200263625241,0.12378960695283797,0.04656180798568941,0.08199824118790539,0.10472467649510757,0.08823326030095933,0.10502173926106685,0.12012392448383258,0.09544684083686088,0.1257284455099594,0.09858266434603258,0.06796273238786578,1.0,0.06329917144815378,0.06395271660404794,0.1407733610197737,0.14129061771487517,0.14652304511849323,0.06521082251084703,0.053067829874116235,0.06804538945552575,0.08060724397976016,0.07883295077416066,0.10828649828933651,0.08796674129299677,0.08039974807107009,0.07287766171003636,0.06632056168461403,0.11869446785884576,0.0905455092263377,0.12026873076056434,0.09732134133324839,0.10037640138129023,0.059430416081594474,0.07736724212921818,0.25016911240925016,0.07352500646393181,0.08573838574011966,0.07402185142796079,0.078861578239858,0.10758090436483124,0.09104914146247894,0.08048645532918312,0.09944809624079606,0.10423370840807104,0.09327202438092182,0.09801535769507466,0.08764379064037006,0.07628885735132865,0.08432676314586952,0.1293975611678089,0.09709349919903115,0.07647048312450752,0.06748430419562264,0.1220790785973992,0.061422887154733014,0.12144488039108706,0.11624476019280171,0.09747541313046516,0.10821098719442906,0.09022549700189388,0.1081150375053871,0.0739813262218437,0.07249359156464076,0.08729343329992685,0.11337200207195748,0.0955096490720268,0.0898684802572267,0.1374082229278407,0.10523008515791277,0.1042148677494585,0.08447322549468428,0.11557338289599106,0.060809187303060515,0.06109719294056844,0.11375113123591278,0.08489177840842312,0.10301351953899951,0.0786241053600343,0.14042630249942412,0.10362865572397965,0.13329326255378804,0.09121305283345932,0.08178851925274165,0.1372161130179233
