Country Name,Albania,Angola,Australia,Austria,Azerbaijan,Bangladesh,Belarus,Belgium,Bolivia,Brazil,Bulgaria,Burkina Faso,Cambodia,Cameroon,Canada,Chad,Chile,China,Colombia,Costa Rica,Croatia,Czech Republic,Denmark,Dominican Republic,Ecuador,"Egypt, Arab Rep.",El Salvador,Estonia,Finland,France,Germany,Ghana,Greece,Guatemala,Honduras,Hungary,India,Indonesia,"Iran, Islamic Rep.",Ireland,Israel,Italy,Jamaica,Japan,Jordan,Kazakhstan,Kenya,"Korea, Rep.",Kuwait,Kyrgyz Republic,Latvia,Lithuania,Madagascar,Mali,Mexico,Moldova,Mongolia,Morocco,Nepal,Netherlands,New Zealand,Nicaragua,Nigeria,North Macedonia,Norway,Oman,Pakistan,Panama,Paraguay,Peru,Philippines,Poland,Portugal,Romania,Russian Federation,Rwanda,Saudi Arabia,Senegal,Singapore,Slovak Republic,South Africa,Spain,Sri Lanka,Sweden,Switzerland,Tanzania,Thailand,Tunisia,Uganda,Ukraine,United Kingdom,United States,Uruguay
Albania,1.0,3.6790847083007465,2.138327196729927,1.967080433903747,2.1606756865657166,2.1268590252589323,3.320468075647317,2.2057053555036523,2.0365130034955623,1.8100706336668193,2.3079769988624186,2.9529609781402817,2.029826667535565,2.4536424510788217,1.9251977076915998,3.6947183101274135,1.7149582176295974,2.407593331486943,2.114606017870008,2.6127102948815017,2.295724017021244,2.5633985157608525,2.3456270446874963,2.6585097703088327,4.187453562983847,1.9829130391693133,2.8987970820580045,1.7175644934978092,2.7387444090324666,1.8494321057364056,2.096370042108435,2.2645364718435337,2.8543689608106297,1.7166283539835898,2.035206930260674,2.418141029766901,2.055420081885141,2.2212999476336828,2.4856664789233873,3.4887843761608157,2.3348232972514427,2.018073715792564,2.0679889532487117,3.400047132613723,1.866962395420354,2.1660998371789653,1.8022301124546494,2.229926913787912,2.057599936991299,2.5022315269226296,2.1938103833566136,2.4568324929122167,2.425811580670762,3.2965604794203878,1.8985587392742889,2.1782920210938626,1.8717469779365425,2.4545321333656407,1.9689116369856081,2.1595066296036505,2.142023702161356,1.6680278607842234,2.01696545636477,2.5664649857349904,2.317527716511759,2.561016991643379,2.3111155609157414,2.303245520526667,1.918221497295027,2.075624444928295,2.1980244820535555,2.2529464458356654,2.697498016653778,3.479965136947084,2.399453862434765,2.4871089255966288,2.3961884722908127,2.9450589724885563,2.6904358674750535,2.874068684765192,2.0372884506941475,2.0844752139717446,1.9279250354793476,2.4404032792849493,2.8652532786752523,2.100508860955708,2.8167119961986042,2.567032565838427,2.3036486660456243,2.575063340790901,1.8925656807196352,2.047768248422544,2.124837201019097
Angola,3.6790847083007465,1.0,1.9062067683074493,3.151620809343333,3.7590078984071216,4.931245234156003,1.0625386658312443,2.407563286521111,2.9872078404957763,2.9568189471289084,1.6430155036487348,3.462370185240825,4.0177248224211475,3.0287950492587417,2.290387896302182,4.197352595340051,3.4226664621963145,4.772696823109118,2.336827289573469,1.544452384817104,2.5087256547119936,2.6534918329906567,1.4174581735905722,2.754925746293888,0.7021414060090653,4.221859952776716,2.540870543808564,3.175628120330653,2.627826402229977,2.0425264187868772,2.6630155988319886,2.483649185687608,2.3934080661746338,2.6248819050931353,2.3376805052135836,1.937041228072478,3.88959527231598,2.202406624075001,3.755339045215681,2.1395525856741853,3.613031568960155,1.8507081331469624,2.599097787250983,6.285242225507778,3.7645361380792584,3.553336431862327,3.2892123610566277,1.6512432675824562,3.2368937196035623,2.5768722661202257,3.170536945256435,4.014674743825784,2.796252882117549,3.753240450785807,3.211290254020707,1.759807313559823,2.6471332314401237,2.5973589689164656,3.941952005666321,2.2877059768111057,2.0363582558252764,3.2104366611855575,3.949028688758508,2.6972842390936487,3.3112970314904997,4.296856880865253,3.6291220774714277,3.7734704172920157,2.00531690320051,3.3349358198860837,2.4876735988719783,2.4210151401316002,1.9730140891002712,1.0807678124494893,1.5417359517713765,3.6547272781739264,5.086310968822712,3.530008154315621,3.6950375950472036,1.9808321715355275,3.6757410446728187,2.2971750852423445,2.3462305412735387,3.358968426772719,3.2299280973289735,3.377508463940818,3.282078311350107,5.050497512428186,3.616243926356214,2.6502004627268008,2.9030446910484464,2.556938361579042,4.581084991921583
Australia,2.138327196729927,1.9062067683074493,1.0,1.4566668778423777,3.268031077864637,2.092198017480601,2.035234133049618,1.444443679921077,1.7956156899376907,1.3491103688007777,1.616964827094185,3.4746019495721185,3.4002064850747806,2.2022962965597666,1.3154561290480555,3.6526496081893423,1.8191808248720232,3.2135711225845056,1.0485098980282326,1.2893339744669194,2.003030673382179,2.208225072223578,1.3529841978278814,2.7848238508548784,2.6961631793991674,2.699731858054955,2.1375781478177065,2.027046342044084,1.9756592469644658,1.5330164110894642,1.6573493850701775,1.3320438258785814,2.219846680490878,1.2067470305584733,0.7857858322549607,1.3145906770208824,1.9490743351808477,1.0691379800146992,2.4391370198061546,2.024075220585929,3.1570618122346623,1.4863108143472763,1.6098993135747863,6.780589721305215,3.1751622821417897,1.139914580307003,1.7169947195643913,1.1029979610318603,2.401899721995099,2.151237184971004,2.7778370015575113,3.1689570311178805,1.456686620964767,3.842224890615086,1.1141416879964379,1.627544748359853,1.771747506317753,1.7951583465466783,2.2201315208105235,1.2837061312232754,1.3246144708676586,1.365576957369167,1.5484978525223472,2.6841828850947147,1.5925380689989326,3.6592126532869447,2.5879139011558454,3.0095316044862312,1.0899587542208797,1.6179419723498856,1.5293944790551597,2.2058639081595355,1.9259791712492567,1.623671187825576,1.0908038989983972,2.826941887071502,4.049396314557276,3.164433566132144,3.3767929020459846,1.7700473288963963,1.5037992019852278,1.7809166094754973,1.5512519272009127,2.6284581031731307,2.8444661641831495,1.5807207184587908,2.6590526148710847,2.690323382940377,2.2859703042192714,2.1120391699917036,1.9182682605761625,1.4500243932272299,1.8058492059721094
Austria,1.967080433903747,3.151620809343333,1.4566668778423777,1.0,3.0581589314116346,1.8724822062577795,2.6670689718915144,1.270128650120976,1.893409357879962,1.6444442083021658,2.2111606014115086,3.5487122015850328,3.10497648925277,1.8473915811045047,1.1088085108595855,3.5937829647164836,1.4214461062390336,2.5094103987401626,1.382370542730831,2.0587080326864347,2.3042029045499106,1.8054073953178393,1.6855664613509236,3.098135366339485,4.264984565624692,2.3573228402123094,2.377873711537411,1.766088048594982,2.0453655697798547,1.393875644015564,0.9488122554472525,1.9774130624779287,2.4887482802669667,1.3308925435676324,1.2889307617222534,1.7496981207974465,1.4958765825679277,1.8856883943694451,2.135631367575975,3.1001403973294415,3.2282556875356887,1.7766757301294756,1.6332663004994243,6.243050185502904,2.94763828798254,1.493249866228356,1.7063163210039471,1.6146232065731292,2.2043728706177736,2.245141046857209,2.7811254654069435,2.497424391009464,1.4994928282969504,4.225240728948111,1.3175601820802414,1.9106499457679358,1.9114823936008003,1.8352449974576086,1.8433805478637324,1.58943725737487,1.4194485067735092,1.4596842628796087,1.5617684987894171,2.8574294618655904,1.4166704068946159,3.716866623308645,1.9419330645318689,3.033282904647791,1.6819375918943986,1.550707027073679,1.540357018350228,2.2812681070660465,2.204894414383408,2.82224792200179,1.8881903576209227,2.222045353071959,3.5854832423371636,2.9098230199137483,3.2206454323939755,2.369900128668706,1.3725627882586697,1.8277402658735242,1.6555471926153411,2.4697859275575977,3.2419076108582883,1.3998507843515102,2.60169781184267,2.037630947265114,2.1186153233541107,2.2571644928941503,1.435872897467362,1.3092241861900724,1.8735103760398715
Azerbaijan,2.1606756865657166,3.7590078984071216,3.268031077864637,3.0581589314116346,1.0,2.4792929837651356,3.2010645472946617,2.5839086466463934,2.147833122906818,2.6678172196117083,2.5868924765984733,3.6333808462875603,2.255464421071805,2.751107459153684,2.978762898937623,3.790526992314385,2.297697219780458,2.805044211842231,3.4701235126211403,3.128835888517256,2.7323379946461297,2.707301040254039,2.8061765841412782,2.086215008726828,3.9965918057000156,2.191946551500466,2.2172039935912857,2.30873244071334,2.3512210976014707,2.3062571048873486,2.2652570429230363,3.2893276614647022,3.2277065657969097,2.4368090535726,3.2114527799696546,3.553001227309556,2.8143117059554035,2.456161605560773,2.9676352323620185,4.026144282827852,2.2225645229028945,2.62438904110486,2.3867139692458728,4.435186807466249,2.1727308791218363,2.671323200920684,2.1849420102198476,2.7545746486190303,2.304432275649827,2.4089322764662664,2.05612014829949,2.178322831893347,3.161919657435021,3.5243882010946037,3.563472222689197,2.579842467496358,2.159310525600608,2.1432449167793988,2.1876094449640004,2.78577612086556,2.8404957285271326,1.9833251011849975,2.847763505350298,2.771506357143149,2.94816058530288,2.5122832012322536,2.525568636097508,2.2413785357833995,2.6651814071324385,2.7771521407509288,2.4635563497529014,3.276274471595778,3.031280635963442,4.083340551193322,3.35328942462256,2.066969403912176,3.0553500440561727,2.452016381510528,2.25295728715767,3.1062008133950485,3.100709793735068,3.0983470172609753,1.7758523445996601,2.407656759462236,3.2221775887025417,2.541838789786403,2.4951991629708594,2.9093942249772753,2.227061298612558,3.180721456598421,2.2668455121924165,2.7452096236221677,2.7712791612620977
Bangladesh,2.1268590252589323,4.931245234156003,2.092198017480601,1.8724822062577795,2.4792929837651356,1.0,3.5514410715881364,2.2994529990502137,1.851012256271826,1.742989160804693,3.06692573009998,3.909542413638977,2.7597598321043195,2.1654941942270414,1.9635476171668087,3.961532694029148,1.8778832873450062,1.8935387273390567,2.261253186360601,2.6513292914561184,2.8126521627604966,2.6490754702443176,2.9742453328968184,3.940218561179507,5.949180655188994,1.4663841244443694,3.355496492744047,2.4478956823492184,2.753853351572747,2.258038111131266,1.8032391398556151,2.4138589337281817,3.6333726064285257,1.7605763821553597,1.9804033036752313,2.6354153360831067,1.2083789461827394,1.8269063697732733,1.6696834562542346,4.2151213691737395,3.1231248187218874,2.8943619093738713,1.7325549906163713,4.304073604055619,2.4348887110764217,1.5024668793008655,1.6152245631001272,1.7080278966859639,1.4903417651569744,2.3780281223575845,2.5346517737686614,2.1701712976208145,1.9441092175603785,4.391786416864605,1.8038037580371478,2.4007882404472936,2.0626527366783196,2.261122338157025,1.1691625078267036,2.1445040474141686,1.796936281782341,1.6544152977239157,1.1533726090322336,3.2638517522530868,1.9406578917381292,2.5217784512967207,1.4443700216071236,2.266505555344735,2.582826423297915,1.6169690558335337,1.7207912766362643,2.7022912037837648,3.227422524550568,4.320014362588216,2.864749821947978,2.110146405036126,2.351229550080503,3.1545448565429357,2.8494662090869753,3.4542997567252054,1.6780309548455323,2.8754917212194107,1.9307100228654457,2.8954230684626316,4.131937879722481,1.3200810827528224,2.397544857016803,1.3990274568281906,1.9284239993446368,2.4822629790337376,1.320403359495761,1.9798166300698443,1.4207212723138056
Belarus,3.320468075647317,1.0625386658312443,2.035234133049618,2.6670689718915144,3.2010645472946617,3.5514410715881364,1.0,2.40199520356207,2.624900046747658,2.5464169115393807,1.9527756709314958,3.7970955707260794,3.510757327795355,2.954385764046447,2.230328768116009,4.19119583855715,3.2366875329657327,4.2190633570823595,1.984709090857259,1.6559226310553703,2.3163023060746246,2.8040832916855503,1.9319673373667081,2.5895097337996846,1.211174806704124,3.1883009931368567,2.626577861680745,2.9567595379358105,2.2111334026493115,2.1062765059031925,2.0848238133598316,2.321369487448234,2.5721575297184356,2.6076092225783114,2.317152107512737,2.3896389555978743,3.073444996369179,2.3719795128248173,3.074598163207498,2.779555160216869,3.1504992977618307,2.077747105550506,2.5785934990071366,5.933528139801372,3.4850934145903136,2.9977974578039217,2.5783890281152146,2.0440447151881354,2.5231081049979993,2.2125271734136587,2.7034802690408704,3.1855041461010565,2.533884461755999,3.674126634152166,2.391988096611143,1.7001031988530086,2.545300448340069,2.5430859686153853,2.8331900336890588,2.4309211309603556,2.6794919832925466,2.803550385944078,3.3476404340879564,2.575870069678778,2.567479256927855,3.510660327657528,3.043091816088546,2.74944613609873,2.0704937178883456,2.7372639766223896,2.617039247597214,1.9941219901016691,2.3710281336809818,1.3931696660790258,1.8182228644120633,2.868653491080573,3.9242642533878502,3.3592176028086618,2.759185795587161,1.9711783632227624,2.8584932050274547,2.514443639519892,2.6017707730092585,2.9947042562811492,3.1973444786619454,2.9204187854295216,2.9273850034188134,4.109364760321695,2.8483123967487978,2.667149691064562,2.5835852223365645,2.728820873795836,3.9094925522510287
Belgium,2.2057053555036523,2.407563286521111,1.444443679921077,1.270128650120976,2.5839086466463934,2.2994529990502137,2.40199520356207,1.0,2.0647344557125358,1.7459079131746142,2.1392973293743136,3.4554469791575513,3.1337480398429407,2.118580645188191,1.4619065729978287,3.4021585154076592,1.7026636454250468,2.6680133789723977,1.67441885471349,2.1016997336298244,2.236825603002984,1.7957175415356796,1.443215810335194,2.551001003566917,3.532701832369378,2.7403163094068246,2.204039438301857,1.7084726079660169,1.9376737637588102,1.175186642399827,1.4067687567312264,2.058916421435596,2.4965324435138294,1.5864809228411951,1.7125134158078072,2.0420974212977687,1.9062639995362392,1.920677226539424,2.5690915713878604,2.668714176933233,2.9306043115962987,1.6350799975577774,1.6932708433458163,6.191213740986911,2.4476596212370136,1.8007541335692114,1.9805549762868235,1.650124977565308,2.5296006212490325,2.37684609973852,2.5150833877390424,2.6493805105668216,1.5796761443758311,3.946284679779977,1.8695667640654896,2.00764287111923,1.8070556967490954,1.9793710145263517,1.9275939025197524,1.844052263017802,1.1859576217454544,1.8117289003850323,1.9446863307023414,2.63092380480751,1.725992221722427,3.6763320516647875,2.408209331536076,2.897881043318158,1.6751399651582366,1.816322327236924,1.7439188552262537,2.6888781322709403,2.031971617061578,2.7157907628032008,1.9631265152561344,2.0678130065909,3.8133545639635984,2.273130051048133,2.9285742084462254,2.2252022969539706,1.644937596785026,1.748380604751959,1.9512965601925867,1.926193023984219,2.5724649985647603,1.735335396310393,2.1410967933235465,2.527462214458979,2.3069982490766185,2.2542423800242215,1.7105879878678962,1.4365026850928437,2.273890685496765
Bolivia,2.0365130034955623,2.9872078404957763,1.7956156899376907,1.893409357879962,2.147833122906818,1.851012256271826,2.624900046747658,2.0647344557125358,1.0,2.053493366966375,2.0336539588426144,3.264084231325813,2.2548619626623356,1.902802481195801,1.973183406958707,4.002961749923134,1.8251245105436136,2.4775909160481477,2.0665957356296105,2.236329209697107,2.3429388779118128,2.518846840274018,2.063576850526265,1.9258422006596774,3.0126583707470354,1.7479227204643202,1.666725242024523,1.9062543435320143,1.7222762395027733,2.383939317148244,2.003570003409626,2.2209905351979944,2.8076899685599592,2.065836878994357,2.009155767030418,2.5240536218939615,1.7087999562296952,1.6107748729468752,2.436880870145343,3.0399239121754826,2.2689771211443106,2.3375616270846016,1.7667706554463458,4.458817914279448,2.3428138239515173,1.793625085458295,1.3605161789482734,1.8579404499861014,1.700441372584495,1.6601924813349178,2.101956351977185,2.1048463837509357,1.898682369986767,3.632660285175577,2.1689799221549513,2.3424653220596143,1.651515749087924,1.9180095128941872,2.179710875440291,2.4552520746910473,2.116929104323325,1.2363182112331388,2.321349019687057,2.467329925044493,1.996279096204448,2.2046303251880506,2.306749298124895,1.6197599767575406,2.033436157122319,1.716631804530828,1.8940099940946333,2.8928326867742316,2.9919693219870993,2.751733710163718,2.269668084347307,2.4151841216016496,2.540460239030583,2.5871617756337595,1.869148301593032,2.4949635015048686,1.8237937912315259,2.9533940481507255,1.7243355612162365,2.483023614365144,3.256024314933873,1.2855954772069038,2.242267785737195,2.8284829185042955,1.5500696073159825,1.851635272509409,1.8175711182877068,2.1613874835596496,2.1410068696555333
Brazil,1.8100706336668193,2.9568189471289084,1.3491103688007777,1.6444442083021658,2.6678172196117083,1.742989160804693,2.5464169115393807,1.7459079131746142,2.053493366966375,1.0,1.9227164162454695,3.3141145486798633,2.7690257480128615,2.2867800303227233,1.4786483194866946,3.601364845551504,1.7300497215478225,2.642550257403054,1.3405064499272776,1.7438302465279831,1.764962681377602,2.159250819502843,1.3641326718566547,2.664115686039117,3.638025751884068,1.9736626986559134,2.049840109004704,2.141757345728082,2.200962687171738,1.5900421016982673,1.62899401853488,1.6798115517999517,2.5600597728560945,1.3415074816324932,1.2277768305171675,1.8163272256717724,1.6660155370641199,1.3032810337096725,2.294634459854157,2.719605311920252,3.059896914496021,1.618345254336495,1.2033622966127944,5.815101608625076,2.927448419364955,1.332186171489831,1.3929030924670491,1.487580318696755,2.089437533103494,2.5671795047227204,2.183247649013956,3.0298279791929694,1.3049636952959027,3.6446575286922323,1.483009678995118,1.8623777028041357,1.5585737827423196,1.8136331492788627,1.7489682284635115,1.3284981639403755,1.4338031847024084,1.416941149253129,1.664478436231864,3.007062395837323,1.5942297100829381,3.0710532766782173,2.2291978102186154,2.826494116742533,1.2101098708711917,1.7005545348245334,1.3722764803114278,2.356620397622565,2.139971664411024,2.492144574250036,1.4722313150347315,2.491055893500267,3.341114259260129,2.8268712042906947,3.0353304540129527,2.3230534466680184,1.5584572955330807,2.0354001164967053,1.634565569782844,2.685111065134127,3.2181585325855613,1.5896699637411276,2.6041420460316393,2.073761281926148,2.187693197309839,2.391097775435865,1.7305637891572883,1.7074171463763173,1.3524180047493364
Bulgaria,2.3079769988624186,1.6430155036487348,1.616964827094185,2.2111606014115086,2.5868924765984733,3.06692573009998,1.9527756709314958,2.1392973293743136,2.0336539588426144,1.9227164162454695,1.0,3.3829739656351636,2.9557433730048555,2.7172039856426666,1.7391422756378387,3.563297527485405,2.2897144112314964,3.5815429698319523,1.6613700479723703,1.5290715858594095,1.3741166631191228,1.9841925708467818,1.539514408256057,2.3722047265927477,2.3098018968881946,2.7781344413058635,1.6700500120491832,1.894516917499341,1.613759762666125,1.781725522244821,2.054548094747005,2.0797732873422587,1.7846187147543522,1.8106984116682716,1.5585372145663072,1.5575717876254485,2.337013071869995,1.9820721214299306,2.875671885114717,2.1966140229989,2.6696243713218575,1.294020620751856,1.9945998458010936,5.945183208981978,3.037988381124695,2.17167518902199,1.9856749201737514,1.7305928162831197,2.1864890473078664,1.874649389818927,1.9502235432971222,2.6744719867274425,2.2869594936602686,3.696596977953519,2.1135367829703573,1.7852144890050903,1.9072369704147007,1.8968754899349816,2.355473857492446,2.002031592104263,1.6842847447814049,1.5903658029788064,2.631090690665987,2.1506300413536774,2.3837006754220127,3.323415524417784,2.7585722747917774,2.8295276835894376,1.7153647393758027,2.550319045774493,2.018210411445965,2.0977485410074723,2.11053172373313,1.828477129834175,1.4797893333312122,2.5395651784038593,3.543253646722983,2.710953603177847,2.666027622316022,1.7300971856452698,2.3987989878494163,1.770622701742271,1.6327886380319985,2.17054668561257,2.5594038505160066,2.1574168265652895,2.7806219691021394,3.7895130395010512,2.279887419458067,2.430513518164313,2.4812545072530434,1.7615808263896238,2.8349431044327833
Burkina Faso,2.9529609781402817,3.462370185240825,3.4746019495721185,3.5487122015850328,3.6333808462875603,3.909542413638977,3.7970955707260794,3.4554469791575513,3.264084231325813,3.3141145486798633,3.3829739656351636,1.0,3.0269511602499213,2.957238922731812,3.4101347018655335,4.033058636031751,3.4478254264424377,3.2331226979580214,3.45231776721485,2.987297230973036,3.126796645958617,3.1220922470739287,2.925716935425954,2.884853728486808,3.550044843873048,3.2584769553165875,3.2260463015563006,3.401925708739774,3.2971610584609916,3.4802418559762627,3.5079014026975406,3.3357539745900935,3.1863311565330443,3.347912326620885,3.0753668869960227,3.0364178190639577,3.354698043506524,3.084121106368125,3.6403362528771455,3.670754648826679,3.1345287374056663,3.282055645227689,2.937229118297129,3.5274920068432967,2.8398246411237458,3.5149685900325776,3.214724604911977,3.315717606703264,3.0826997848994844,3.105446070194972,2.809626086597993,3.2073823060382924,3.324321647288549,2.4616222805291503,3.7569739577554917,3.3762268197289864,2.6526326429760387,2.6052141854388013,3.5209014199384727,3.1504558311545017,3.4302487690497747,3.315936021210821,3.631182693391414,2.8782323874852134,3.3871258844197794,3.0810329619221366,3.4829706220462033,3.2042754144132184,3.2215698946636966,3.0361216857793454,2.874399830400175,3.2823924014114456,3.3304234544768825,3.7986787500322707,3.4076462714056905,3.476683563498873,3.387873615576481,3.4715676411406404,3.1828881553347244,2.7616984471783836,3.5870284987736656,3.3256055659398154,2.9426944129440393,3.0703734919842387,3.5977513805882686,3.3047486165995443,3.2869280381018204,4.100946073057001,2.965216085056997,2.7010746831655257,3.0647322755521347,3.366965876295969,3.406379792623502
Cambodia,2.029826667535565,4.0177248224211475,3.4002064850747806,3.10497648925277,2.255464421071805,2.7597598321043195,3.510757327795355,3.1337480398429407,2.2548619626623356,2.7690257480128615,2.9557433730048555,3.0269511602499213,1.0,3.0993208437251742,3.2392530639036132,4.1484460963457765,3.0242483323360063,2.5647990066218265,3.6465326019294757,3.32811973731512,3.217393704472806,2.976246373601402,3.4105565525317454,1.7357346017999093,3.9959425120881913,2.2303220244986157,2.8174078312204918,2.9609466070111923,2.7711649427879816,2.9160459409615296,2.8029297647455396,3.135235658933185,3.562647007612769,2.613247177697016,3.424591274288596,3.618234940525131,2.3864284500218003,2.338776001123253,3.034088037008245,4.026151119665739,3.0946210154025207,3.3625805117097314,2.550636209250854,3.538963691189193,2.0302899661870075,3.18432551121543,2.4193665423038277,2.8301725297055076,2.3626229879466103,2.8702414076509237,2.1976412052054157,2.525241431972729,2.906017755684777,3.7252536678943926,3.7936463393935043,2.5660923106050433,2.4105909777562338,2.6548114254713915,2.2765189021411105,3.439201181272178,3.006363834099771,2.234606693070177,3.148629487420576,2.8402851802770392,3.3203657804522577,1.7093231224322176,2.57334831025184,2.7222323833456707,3.047725775461304,2.8131343624319856,3.212736566709335,3.17978974977764,3.3067307670595554,4.203722199475527,3.782441516350256,2.5571145570173077,2.5934483819975185,2.6190940765168405,2.713088644015559,3.5388988925018268,2.9163366963317823,3.2571894730289763,2.2176062676674118,2.8811383377182915,3.4994549863792845,2.392373805760622,2.8435041059148567,3.6899545203153647,2.4443623259417944,2.8319556051736634,2.4072064187534274,2.643599720808626,3.064468009989829
Cameroon,2.4536424510788217,3.0287950492587417,2.2022962965597666,1.8473915811045047,2.751107459153684,2.1654941942270414,2.954385764046447,2.118580645188191,1.902802481195801,2.2867800303227233,2.7172039856426666,2.957238922731812,3.0993208437251742,1.0,1.917625415047944,3.7687711299426527,2.088595749035455,2.2381943849470014,2.344695341651522,2.77794226354648,2.97202289992781,2.0357404198748776,2.4657927561689434,2.4045081608951353,3.4996008639386758,2.2602578474107036,2.744749406816876,2.466843160951843,2.2736628087604496,2.222717638653441,2.0486094809505406,2.571233569010167,3.29487358743526,2.3023254771693793,2.162102321873123,2.1231792590624643,2.1532821067552708,2.084748769014075,2.3845126819755103,3.3678297972171185,2.6443238233187127,2.756255078920675,1.9909867277530766,4.8153269619362415,2.993149348706165,2.2646417645608548,2.2463082151861307,2.182703696522943,2.2483645935540104,2.5337563426577554,2.8962748160525713,2.2642656055900554,2.1535445288767385,3.4176568898364303,2.359241046272595,2.54596774664388,2.334043571027915,2.0032157155485293,2.1213761617989877,2.1566984259827233,2.4110537527739706,2.3176392746522985,1.984132944623001,2.6695741798314474,1.805061459888538,3.271451640750227,1.9019656285432094,2.8193018095444695,2.523659159622002,1.6385561565954554,2.0935486650695085,2.329623602993056,2.731658550049676,2.997675992113143,2.4121439056903577,2.219771191357986,3.0736709808304425,2.6061746782093413,2.6185032036799893,2.5234480011707436,1.9425104362905443,2.8856017293466687,2.0041642175392242,2.040215591540859,3.6904830286592025,2.071252440458849,2.6550338599553394,2.477203395647043,1.9111468960624594,2.6967424741314296,2.1538047624942793,2.394350905750702,1.864855035017776
Canada,1.9251977076915998,2.290387896302182,1.3154561290480555,1.1088085108595855,2.978762898937623,1.9635476171668087,2.230328768116009,1.4619065729978287,1.973183406958707,1.4786483194866946,1.7391422756378387,3.4101347018655335,3.2392530639036132,1.917625415047944,1.0,3.9149911553289374,1.579598111040422,2.969452049069202,1.1982107385229168,1.4782746668731515,2.0132073763335434,1.9351946160032258,1.3151072796720993,3.0426428403802643,3.294363735730529,2.4495757046097153,2.128371332334951,2.019764153034909,2.082307159763097,1.3197441650923063,1.0945424921309204,1.68137501469485,2.282989488766359,1.3751715138810259,1.1806129238116618,1.6503079025885385,2.2102882611986043,1.5511161270269687,2.740756866066295,2.5239983118753786,3.193634729925033,1.4495172417545854,1.5584894194731858,6.291542938694286,2.9193477186214225,1.5268347408504777,1.6080499362038032,1.4418007042907621,2.586760516689808,2.5461618839068607,2.8223761053794,3.114606559104307,1.6116851720881884,3.7337570272028446,1.282536525761752,1.5555546916459744,1.6776773099321707,1.7192532825241376,2.3226175254615162,1.6598502579942356,1.4865128049804972,1.7003541909398159,1.2266379065182706,2.6026573189595696,1.306270819686319,3.607079832351061,2.4767011828531147,2.9230406352379625,1.5160681288383542,1.5564319523924863,1.8075945093059134,2.333760827247786,1.870095555800406,2.1359936525650673,1.346045987053161,2.27394015864405,3.795745452300305,2.9110947529108477,3.35950991453794,2.151885280931223,1.4642964975401631,1.5879072046362728,1.8144981019787594,1.976808074368592,2.9937506891401764,2.0159992159422098,2.770811017587241,2.2612535455388008,2.1956919077549935,2.333063849790351,2.0387267104241222,1.3244704286376323,1.7119616967534363
Chad,3.6947183101274135,4.197352595340051,3.6526496081893423,3.5937829647164836,3.790526992314385,3.961532694029148,4.19119583855715,3.4021585154076592,4.002961749923134,3.601364845551504,3.563297527485405,4.033058636031751,4.1484460963457765,3.7687711299426527,3.9149911553289374,1.0,3.702039037563896,3.557864515574704,3.994384453447027,3.809445466975903,3.733201438396705,3.5781373124971125,3.732290369561501,3.761141396830779,4.261692974017222,4.010476092318644,3.5425438532876976,3.2187320934125183,3.8154302633428836,3.2525378292969402,3.5014618143295086,3.9629506895290603,3.5721369962597187,3.3542049933827736,3.914138348406818,3.595128034456024,3.5630823897171235,3.7186035373062443,3.697701101658313,3.3582526026221404,3.687191062378077,3.4966849679312917,3.9742586091019247,5.052567103480021,3.7064752183491443,3.6721162778447516,3.8166041214871647,3.672195560299567,4.066604048267429,3.526377496245983,3.4113896508073034,3.735337018733437,3.517157472883208,3.9557013449967275,3.797503835459953,3.787687108770659,3.742153680504196,3.734547388930731,3.4573119001256134,3.3337630945000414,3.334833297588945,3.7135624776407723,3.8962478721382947,3.5013174151213127,4.025814057510214,4.3498330088096635,4.084703936782667,3.7834562482222975,3.486684665904195,3.5079790173059457,3.7608024657135646,3.6644268131797704,3.2207719120523626,3.9731350881254515,3.774748435329974,3.1691862187873237,4.202047687423762,3.743835843012043,3.8386511769321268,3.7435668226872867,3.6080093265011306,3.1560990402606013,3.269316071728568,3.6461255676015973,4.201944585280364,3.65197250145764,3.1303108996449245,4.338404663173439,3.7362829085987213,4.05777615669394,3.5898231615957408,3.1968882960770566,3.799210821369361
Chile,1.7149582176295974,3.4226664621963145,1.8191808248720232,1.4214461062390336,2.297697219780458,1.8778832873450062,3.2366875329657327,1.7026636454250468,1.8251245105436136,1.7300497215478225,2.2897144112314964,3.4478254264424377,3.0242483323360063,2.088595749035455,1.579598111040422,3.702039037563896,1.0,2.641130126116022,1.7732789904753754,2.9152050181121596,2.285597575153715,1.6598153087950818,2.128119927509744,3.091188871712205,4.263194142768101,2.2969195491155103,2.7046940455417032,1.6821449044616417,1.9788835377006242,1.678566549526229,1.526518404762601,2.292072138475754,3.345024268735158,1.4916849975912856,1.965669000641982,2.0606288453556703,1.8704948352520063,2.2752333652178205,2.027644888752359,3.514430724227887,2.9942963173052655,2.223517386047895,2.0258905097612496,5.580213342573835,2.542787671966847,1.5524601133124354,1.4213496195863407,2.2928735433791023,2.3135631212752394,2.25829181983992,2.594962207237028,2.5616603354347043,1.9297568403853955,4.243117015497925,1.5286667309178474,2.087636793201084,1.5366499872879653,2.140509469868574,1.622955111475138,1.70095748886125,1.6323343464492823,1.2901475366417188,1.6804594612649308,2.3719073586573276,1.8802927898556576,4.004948919618876,2.1718146407003833,2.754444537619319,1.8809531563644386,1.5886757900965531,1.7968598086516647,2.4529790426182685,2.774076009279399,3.642313977276666,2.146464158697939,2.111625882103245,3.634928835197161,2.281690060191917,2.9369430761244737,2.720528549838425,1.7720124250634022,2.4916118906936315,1.4782142327385426,2.3306669532371944,2.6755171158240136,1.9204665682541602,2.846239471158049,2.0467735320848295,2.6051030599714986,2.4691949536662543,1.8665962870299393,1.5178853724521435,1.8801636203677576
China,2.407593331486943,4.772696823109118,3.2135711225845056,2.5094103987401626,2.805044211842231,1.8935387273390567,4.2190633570823595,2.6680133789723977,2.4775909160481477,2.642550257403054,3.5815429698319523,3.2331226979580214,2.5647990066218265,2.2381943849470014,2.969452049069202,3.557864515574704,2.641130126116022,1.0,3.2965868519623487,3.3295097862807945,3.5751366080150864,3.073936989320431,3.495825362467112,3.451250789105811,5.375821835727245,2.0557337140033476,3.0998619000259198,2.768593941745449,2.744402332686128,2.6055482089269804,2.459340216504222,2.882869694498549,4.000292285261335,2.530629361636976,3.007869851481913,3.317289817449505,1.9567127459254032,2.1691251670562806,2.6143975313347667,4.593977731328236,3.448305323824893,3.3388957942530464,2.5884822842427555,3.827919819135717,2.240085345284085,2.5244169423626555,2.477459290499891,2.562722178378848,2.1801993381054756,2.694743829237196,2.7662896032296103,2.469805875569823,1.8238417240942768,3.9752325796025616,3.1277419309729733,3.239521846978496,2.535750795770456,2.233398890102011,2.175685270302891,2.985682833794172,2.705084472028416,2.4465579501534327,2.0054684327647814,3.245311371599114,2.7539850603648404,3.09273386169619,2.3189077220701226,3.1232155767953023,3.0789875440807406,2.0729927689962055,2.3203032368823493,3.24014080896316,3.8261401224071543,4.939221585086183,3.870049412261824,2.442625927578074,2.615943424594525,2.545720777414404,2.9777397306809252,3.52534223407238,2.45289822216042,3.085447726802197,2.5039993867161794,2.2319659202293547,3.946622568063708,2.45950075171793,2.5619983031569045,2.5306957944536808,1.9831877702570555,2.8669379763572764,2.2568741915051307,2.48361573303386,1.8524045329752374
Colombia,2.114606017870008,2.336827289573469,1.0485098980282326,1.382370542730831,3.4701235126211403,2.261253186360601,1.984709090857259,1.67441885471349,2.0665957356296105,1.3405064499272776,1.6613700479723703,3.45231776721485,3.6465326019294757,2.344695341651522,1.1982107385229168,3.994384453447027,1.7732789904753754,3.2965868519623487,1.0,1.5451152127070054,1.8569377219837624,2.2178918355308346,1.3128667584697884,3.2761645246076636,3.258101260917913,2.711563225540989,2.2920868527721274,2.2951150809154153,1.8471394769086964,1.4868361184247243,1.5702310277453433,1.3663357070400985,2.3484574854494613,1.3891205111604976,0.9147218640343414,1.4583764304936855,2.0498160168425246,1.4678756614194792,2.4341224483742927,2.3841378494332774,3.5505055217120423,1.456169820716517,1.7819680603442083,7.010466836715193,3.48189174331732,1.119370070523779,1.6179186451758416,1.3105293790606118,2.5492808471293817,2.265214613201545,3.0077466190185267,3.5138171418463915,1.45222628929329,3.9063054320792268,0.8604249318951827,1.671993191955496,1.8348677284232267,2.091910477783469,2.3769067047017827,1.4210949805752124,1.4536726564851077,1.6017220437806514,1.3975559150010888,2.781152890129188,1.4564505427800698,4.290468316971475,2.709208971466685,3.490965992471762,1.3756496075184397,1.7504111310460828,1.7202580365203695,2.24419114627834,1.9737576242439459,1.955536209524217,0.9256166696648025,2.947090553443732,4.258983213480878,3.1568399386258394,3.471031370145959,2.0856439619804217,1.703628189703777,1.7558427422360041,1.7123577988638845,2.5278495526033535,2.9171441604209205,1.6799395949431355,3.132066551794708,2.377016644151522,2.5253697181694643,2.1400899144928296,2.0939306718023722,1.4242301513322322,1.8477278077395478
Costa Rica,2.6127102948815017,1.544452384817104,1.2893339744669194,2.0587080326864347,3.128835888517256,2.6513292914561184,1.6559226310553703,2.1016997336298244,2.236329209697107,1.7438302465279831,1.5290715858594095,2.987297230973036,3.32811973731512,2.77794226354648,1.4782746668731515,3.809445466975903,2.9152050181121596,3.3295097862807945,1.5451152127070054,1.0,1.9358012381112943,2.222702265096955,1.5332511190967706,2.7507642820696514,1.7010279810859008,2.9943175490036085,1.7897703552050293,2.1854536027442046,2.2346856350587156,1.722601883615533,1.8303512649927898,1.8979383737276359,1.5518636477460113,1.4977774240572426,1.2441702497309908,1.8783089996847893,2.186109360000446,1.4240014531486,3.099819230520846,1.8911743779689163,2.8706210165582013,1.3204408007401427,1.8508964439288647,6.248772666215297,2.96548560862074,2.0076204088623086,2.0953977456184467,1.1359031205356935,2.2864101890020074,2.772159730090464,2.3990560541503663,3.314616024722468,1.5344134714670798,3.275010863299803,1.8673001839527332,1.902012982736391,2.24789009514478,2.0687061289028668,2.7166524756782797,1.966321003080428,1.4739976368842114,1.9183502017522083,2.417254674515673,2.7201024142383807,2.083707608130289,3.2489996929878227,2.902216646918086,2.8610190399899165,1.3938879061293832,2.4622216552418577,1.6279922849904567,2.613034377080683,1.5058112387739382,1.5251131416354804,1.3120697267133885,2.7264875604285734,3.6668923475269093,3.1897316309303223,3.298496062905623,1.8932643025970295,2.0980737969004837,1.4097078741285078,1.836076722353176,2.74778325675309,3.018565791893193,1.9696236804964176,2.4885728050163984,4.1702245831623515,2.4470255493163093,2.4178882548786227,2.204432083182767,1.7622123418027988,2.588734070520738
Croatia,2.295724017021244,2.5087256547119936,2.003030673382179,2.3042029045499106,2.7323379946461297,2.8126521627604966,2.3163023060746246,2.236825603002984,2.3429388779118128,1.764962681377602,1.3741166631191228,3.126796645958617,3.217393704472806,2.97202289992781,2.0132073763335434,3.733201438396705,2.285597575153715,3.5751366080150864,1.8569377219837624,1.9358012381112943,1.0,2.354380657579619,1.7520244006555423,2.4429114141528134,2.726917668004197,2.6733374563066246,1.928454492286592,2.0098408851579372,1.8272252484903597,2.118250499859998,2.253731138962482,2.2767420409570422,1.9032785435727373,2.2101769174373604,1.857055572138984,1.7236557458618358,2.4282738112623083,2.124082580943309,2.8376105247687042,2.2209375342675086,2.8839932437309255,1.6735100656089443,1.7267526787438268,5.832310466210552,2.6575603503282723,1.8666716111673831,1.91079124199143,2.057044441028384,2.501177282080571,1.796210041478644,1.945046233559438,2.6547483062061583,2.361755052524725,3.2686561789480173,2.1954473960012884,2.0029573312030493,1.650962644877311,2.1287823250998854,2.683659776462677,2.0850528023171835,2.213507040248529,1.9420915551710138,2.6454523743079372,2.0008537491861262,2.2167146577696824,3.164693015565921,2.8709687454726094,2.3435603707068475,1.8929468097924873,2.1464023699047945,1.871602764632961,1.9326370957898258,2.0208071849941622,2.3101236321560594,1.7320603690748604,2.5627492450003073,3.7843888887235795,3.074991899991897,2.499053766994318,1.8053055548013566,2.5256068431950998,1.7650414137276758,1.7922733060124578,2.558768396065359,2.3806045782555514,2.0626792880190523,2.2995381989982264,3.2943993406278365,2.7918238765465486,2.3495747298628067,2.161727470931083,1.8286687728306679,2.795363283765592
Czech Republic,2.5633985157608525,2.6534918329906567,2.208225072223578,1.8054073953178393,2.707301040254039,2.6490754702443176,2.8040832916855503,1.7957175415356796,2.518846840274018,2.159250819502843,1.9841925708467818,3.1220922470739287,2.976246373601402,2.0357404198748776,1.9351946160032258,3.5781373124971125,1.6598153087950818,3.073936989320431,2.2178918355308346,2.222702265096955,2.354380657579619,1.0,2.039907245949223,2.5417795292145517,2.9913309482734776,2.700631512807917,2.763035785225632,1.9206703871580102,2.167532941831388,2.021936425440018,1.7715589123270048,2.2631332885908213,3.3194148558583314,1.868991238404814,1.925473969725445,2.2357707882374234,2.345011791966825,2.386120209328728,2.16116906853477,3.152402242417395,3.244528917318253,2.239451570306584,2.262863097937722,5.34280686593167,3.278525497202645,1.965727618230999,1.9913726825575706,2.3984236684294644,2.7019527168617263,2.0479448248789773,2.8877180879958106,2.6258883301092326,2.3071762780377694,3.885316975201651,2.173048725932398,2.598661436371311,1.792585824939385,1.897362370906261,2.274342491289356,1.6343284444246327,1.6814640299563473,1.9740479334968533,2.017350530890974,2.0878985627640554,1.831218283274691,3.9300821453698633,2.664613206453153,3.0184886820803034,1.8046440195672446,1.668878581578356,2.1119819079707765,1.9916007448936073,2.812749211644749,2.8065744940606483,2.2362976781475417,2.2864329713316,3.451338396186498,2.1702662903744177,3.0961228736800237,2.3027582591086473,2.302206850786412,2.3696593777677846,1.7332784647458552,2.234065442346379,3.0220276133003265,2.344384687361718,3.3773241271417955,2.062225758987356,2.5953670581722754,2.388075701692407,2.2073978040881834,1.84535396070746,2.0994425760062256
