Country Name,Albania,Angola,Australia,Azerbaijan,Bangladesh,Belarus,Belgium,Bolivia,Brazil,Bulgaria,Cambodia,Cameroon,Canada,Chile,China,Colombia,Costa Rica,Croatia,Czech Republic,Denmark,Ecuador,"Egypt, Arab Rep.",El Salvador,Estonia,Finland,France,Georgia,Germany,Ghana,Guatemala,Honduras,Hungary,India,Indonesia,Israel,Italy,Jamaica,Japan,Jordan,Kazakhstan,Kenya,"Korea, Rep.",Kyrgyz Republic,Latvia,Lithuania,Malaysia,Mexico,Mongolia,Morocco,Nepal,Netherlands,New Zealand,Nigeria,North Macedonia,Norway,Oman,Pakistan,Panama,Paraguay,Peru,Philippines,Poland,Portugal,Romania,Russian Federation,Saudi Arabia,Senegal,Slovak Republic,South Africa,Spain,Sri Lanka,Sweden,Switzerland,Tanzania,Thailand,Tunisia,Turkey,Ukraine,United Kingdom,United States,Uruguay
Albania,1.0,3.538309268287036,1.9195851692281467,2.6581187572440688,2.0055309382012463,3.3167155362264062,2.1817415986043938,2.4241390640320746,2.2179613933627516,2.3673775890957205,3.0169736331288655,1.912003300111664,1.9903404895064023,2.2747961309543916,2.633398888652634,2.2451947919934105,2.125107779983281,2.4619987510381907,2.2744887962860263,1.8814020962915579,3.9380826363407215,2.507962157714618,2.341876826536948,2.1601408578247137,2.388169760211803,1.969938295867078,1.9065855855368452,1.8816080322730064,2.6815433907552753,1.8203239359110575,1.982491271078533,2.2522123670420178,2.0443900437448077,1.5496643374869605,1.8106125991681854,2.001132022218773,2.0713452781209063,4.9406221790263745,2.5064878173165415,2.311443470478254,2.423265386066737,1.8489113520494875,2.594428187927798,2.723801780036751,2.7829588775021126,2.1228231730622182,2.1354234462727604,2.4639324467363473,1.9345420213916882,2.2733145330463596,1.7485593448801464,1.805971272565081,1.9933195124344294,2.8016021295723137,2.4616423185854805,2.990053371404839,2.170582758450587,2.5122869532193017,2.054148188214553,2.5404678630342663,2.0535139190012424,2.8168827248248305,2.0947252184454626,2.9859430902138504,2.0108627647291404,2.764665505478471,2.7171677973672064,2.9616455806140842,1.846532145543071,2.141467728481955,1.9486670056077298,2.21949105159708,3.3376690941089486,2.1055259043492134,2.547344662554594,2.1686282589896266,2.551716023457171,2.769236286527176,1.9276036956974991,2.282295065049198,2.0264410913198687
Angola,3.538309268287036,1.0,2.7634362820975844,3.8518523854394378,3.7841888202276257,1.2524698720961356,3.141406172255884,3.6289403240339486,2.9941221471914483,2.638907244343714,4.164187991992118,3.4456630754842177,2.880578052754489,3.267825384519986,3.972006458136773,2.552256136769429,2.8681196485828644,2.825266889671613,2.9231799047209077,2.807654888050729,0.9653994259284048,3.8548997535087732,3.3336460095722247,3.220807686079859,2.9225338958009437,3.066697384364005,3.4571649680069823,3.247114900846196,2.182381356443796,3.0872422960851194,2.7368999350724854,2.3979154323315535,3.663991170420296,3.2603483193441147,3.4724190298573445,2.8644687437687315,3.384695630238669,5.0967437185313775,3.8886300520542187,3.0530773731296588,3.434363027943309,3.1157832412985123,2.9710303669479177,3.6559940446675645,3.9462873497831437,3.5963217306746955,2.560753287388192,3.453718359147712,3.276004616724398,3.7898301497105797,2.7500435100308778,3.119017234714716,3.2673024819975,2.6315591369870153,2.99019018910372,4.278027992548409,3.759460523953675,3.895722891667252,2.8160057420730644,3.3077404600453315,3.281553549043108,2.004493183747973,2.683766634125422,0.9579359125208553,2.4406052227819437,4.307315763173213,3.6851312484753764,1.8323598633287705,3.1999502123661734,2.800886307452094,3.291265964152952,3.216865419742323,2.931770158582623,3.526924873552861,3.6055129391826557,3.5423905475303994,1.409434967992449,3.133706038190141,3.5993060096463765,2.9735471620835416,3.3095371199173735
Australia,1.9195851692281467,2.7634362820975844,1.0,2.3421519490113947,1.5408582834482858,2.4840926114257553,1.2605560188164189,1.7041081682999042,1.4951118462414836,1.6040149049089967,2.792312845847882,1.5474084241513695,0.8255871374808599,1.4193585506349309,2.2202748503742953,1.1404490346969582,1.1798344012714765,1.5109955758725073,1.4233715457806475,0.9230380233203291,3.156153866291959,2.2249947334073377,1.617021031478561,1.5496010760753287,1.5493802901134224,1.1894555429685625,1.6290013160067296,1.0770836234182863,1.3484034042300308,0.9389253666484556,0.6131713458408593,1.338695943942809,1.6521962492313593,1.1119582446635743,2.330579364411662,1.144118890192297,1.279038990169265,4.988721862805394,2.1441439944205243,1.1422650049327003,1.4290493593029203,0.9556532202237582,1.6726634264673288,2.322523991595989,2.5279489544955482,1.481461190795679,0.9157271318796694,1.6438662035395895,1.5159048666751438,1.8044572059160517,1.0912466259497542,0.8868170374942957,1.3904167671822754,1.9743762319343907,1.310523270703213,2.8810174042119674,1.6874629223629138,2.190367895353312,1.0918238233686108,1.5218058782939552,1.0382258961907103,1.8507184024459349,1.4917498154352054,2.2140988424963925,1.0555864255123293,2.749106828034236,2.6807319408201704,1.811210563770757,1.4546547519992938,1.2691306959087998,1.3402067907556852,1.8890264301765205,2.727831293635509,1.621841621225439,1.8095644380884484,1.691299180422315,1.9707491793413037,2.3287280140823667,1.322191640427329,1.0155029476489503,1.6902373903504306
Azerbaijan,2.6581187572440688,3.8518523854394378,2.3421519490113947,1.0,1.9431665739154547,3.704333657786818,1.8671430183273978,1.6267114057504486,2.687439923798583,2.2023490248196853,1.6149122853247382,2.5343343935014784,2.2956315008505417,1.8103202476794777,1.6967541993789528,2.2697933348198247,2.394133187236786,2.446794723579945,2.095770456489445,2.352746107396077,4.070646264476396,1.8539354625229738,1.8549829291141373,1.8047940163297906,2.384361576204333,2.2756651598097646,1.5412039763633592,2.007203420328333,2.8920668055007948,1.8575354963584676,2.3131900444728712,2.6002249172764267,2.5235444596308025,2.334560473786617,2.975935441322554,2.4544325938036695,2.0226090656296534,4.392873487218332,1.9288129418608113,1.7104420744698279,1.7005603309348982,2.2055387808155085,2.229172351565126,1.6001298709524696,1.6776534514652628,1.566724798663876,2.5442772696955345,2.153474351572421,1.9997177861623827,2.474903766865632,2.7570451395634454,2.0515213430511228,2.3867701614902526,2.6729507104568135,2.371118214263607,1.811376716825987,2.037150415052022,2.133844579639379,2.326720808026465,2.120283519678046,2.1507351311642773,3.0314738241789345,2.5779173107285183,3.6047864485047594,2.6745706435199184,2.32171929338535,1.8410906538462537,3.129270736765291,2.3220078281940677,2.3071015927751417,1.6072963290651592,2.041424481620741,2.7552337398696922,2.485443595416605,2.158483972362412,2.4580277447121865,3.4369484972695914,2.550343427249723,1.9960675636454854,2.00870456478183,2.595163516665302
Bangladesh,2.0055309382012463,3.7841888202276257,1.5408582834482858,1.9431665739154547,1.0,3.3375221558918007,1.5461605353836707,1.2519245698592596,1.6751221742118418,2.425513506388489,2.521153781909189,2.0409573964964123,1.4178944741212463,1.654155669306291,1.4318981731525875,1.8825070971089737,1.9412720828104926,2.268890477666414,2.154415235842506,1.736106835425379,4.096699992057997,1.645544464755337,1.8606433087871663,1.999197534886017,2.113673072945245,1.6263607647686236,1.684532458861664,1.3069395754070001,2.310431488701353,1.4760277595678397,1.583543608757138,2.204315160355353,1.1592958002114655,1.6912540577184783,2.6432464281983363,1.8320681808967065,1.3785376116893973,4.71360825518764,2.0553805811005974,1.4293494464960121,1.3983308627751618,1.4343094849265123,2.0673005595837126,2.3323124119565266,2.361834837258041,1.351740302206198,1.755379387982618,1.6652449123560684,1.7507601143972324,1.2148896712547474,1.9720792329699606,1.4302561413800572,1.5248894922936196,2.8255945089570242,1.8411802475190477,2.495211236783591,1.2934253214253817,1.804038346463325,1.7647157968448561,1.3753755671784773,1.4795988571553575,2.724120327904301,2.240413320776347,3.397875321429795,2.0558220939822966,2.1308937728997304,2.806200398552193,2.752538911453799,1.7105997727116273,2.021265880195649,1.7592853844617298,2.2407143141342107,3.417485800794812,1.287317203313105,1.83183021710384,1.302234195007737,3.1544768914971737,2.4353890636601285,0.9451512698880371,1.5606352397831091,1.5250334483629755
Belarus,3.3167155362264062,1.2524698720961356,2.4840926114257553,3.704333657786818,3.3375221558918007,1.0,2.72997281913364,3.1212514161216607,2.8107581736293965,2.5117013210765498,3.918798706693177,3.0738543984130238,2.6097429955418776,2.929617281970723,3.499274530262979,2.4728935744622236,2.760754004816738,2.4784026467894225,2.6153233452449776,2.391692762953927,1.289197740380418,3.620873168819398,3.057212890014736,2.932281684998384,2.318198068768109,2.765192533292304,3.296070932711412,2.8460142304405656,2.148776100137521,2.8897007726575716,2.4720298018982234,2.196100927732609,3.143469515523274,3.1157075197143325,3.1748138308057254,2.4807994361179873,3.120820515925569,5.017511942374697,3.5727498611309296,2.7802556712851967,3.036109873783922,2.845780048163136,2.482039588648459,3.488122649434443,3.6078050958923265,3.247405614944797,2.3247647147461503,2.9637298569178063,3.0628147867228193,3.2901595250877342,2.446756663591817,2.8232365606640677,3.0887986171786097,2.2464585171712628,2.8689628328147876,3.9346112629275547,3.28377337746033,3.2532324564520074,2.6919983977634163,2.8170755017717033,2.9949613344945587,1.538963809148837,2.4690451885435274,1.447387597134323,2.3280384114244095,3.8524509652610344,3.495754938931591,1.808884953133096,2.892727140660831,2.599664373410465,3.0928109388797362,3.0725849597770836,3.2353161010918985,2.858018103659881,3.211971180632652,3.1807919121181585,1.7530281394475653,2.9759786272879576,3.127295472447464,2.678423848732139,3.1211566966488027
Belgium,2.1817415986043938,3.141406172255884,1.2605560188164189,1.8671430183273978,1.5461605353836707,2.72997281913364,1.0,1.5193497042391892,1.9203357478487966,1.67236568263681,2.2992993269456035,1.9360913854611013,1.1486709534033832,1.4706251422603647,1.6590452929299635,1.5763003768870172,1.710951760153802,1.5671012186091824,1.2311604430781813,1.0888787029170206,3.4719096505259293,2.0572259762218392,1.3866825619546943,1.1467822270241397,1.3703589336549458,0.9400409599758833,1.6439507448296202,0.9261673882324576,2.046461003888761,1.037264288902964,1.2878719429649312,1.638834795434358,1.9361744286348388,1.7347257214559688,2.45017977398716,1.1005522172252264,1.476765330868079,4.877343087348601,1.7681082176351794,1.3062047643242791,1.3168733284678598,1.1878758921037302,1.8185564414343411,2.041636491780112,2.112143095955823,1.4411359669531987,1.5822084846458515,1.5554694444522392,1.7004889797563236,1.9669165716647454,1.5163271814284962,1.1857716261890658,1.5250268917751204,1.8687995856429522,1.7712678224291782,2.4785345305503155,1.628342080191236,1.8276610742791553,1.564947824072763,1.5726929513731864,1.2331727076137007,2.0270188265555995,1.4286021539183127,2.7071085801406785,1.8768430830426948,2.523211913777141,2.1690117638366804,2.1165597259149123,1.8296646107299561,1.1759358210320783,1.3145754543208152,1.463263989280074,2.621620998542129,1.6750677369755764,1.4817721493110765,1.8555421203604663,2.521859573756129,2.573858723459117,1.1806463051305727,0.8869228910425274,2.019558349358271
Bolivia,2.4241390640320746,3.6289403240339486,1.7041081682999042,1.6267114057504486,1.2519245698592596,3.1212514161216607,1.5193497042391892,1.0,2.158741499069844,2.0075572442291563,1.7494689296689077,1.9560161724706977,1.7716255198532604,1.2259010181196957,1.2086200893893622,2.0262155154563053,1.9442980597756865,1.8586381975154787,1.8150611988044696,1.7404204227057893,3.7725696424393123,2.046262386021609,1.49034375966092,1.6007493934630517,1.6181152072008544,1.780461012322611,1.7450493178187176,1.4430151796841235,2.424655446823895,1.5421412432687174,1.6255741789382874,2.2334029216173312,1.7422931112420275,2.0042216238766177,2.5736741354232153,1.8594221292959805,1.3926010008403225,4.355722736544638,1.6405605230919187,1.4046025212277644,0.9390966357441939,1.662846319909607,1.2907715498892818,1.6502017551506967,1.7384515649513335,1.2809064362985598,2.062557514469439,1.154089141452755,1.760050139082183,1.7332161410705929,2.1423621571132934,1.5683939930810225,2.204167836949832,2.211221533757377,2.039101886569156,1.8180235481902995,1.2731940049188872,1.2334236728162804,1.8945752461339511,1.316567101532273,1.589744725972838,2.50470987502002,2.329454409971662,3.2820304145694386,2.153594636561195,1.7840678839724977,2.1890458993249466,2.649383898231161,1.8257772188636492,2.0120527813364197,1.4746936821630774,2.0997656973138743,2.9798743942928474,1.590831105070466,1.6840104327716103,1.9461051495616315,3.1817557495175137,2.345280426448844,1.3760460175464826,1.5927980382025462,2.13486353537943
Brazil,2.2179613933627516,2.9941221471914483,1.4951118462414836,2.687439923798583,1.6751221742118418,2.8107581736293965,1.9203357478487966,2.158741499069844,1.0,2.596330454817035,3.269002086253717,2.2324003399667616,1.29518276720658,1.8103067127590926,2.580829177847014,1.176698897768896,1.8902133997673438,2.4838404162898704,2.4680026224452276,1.7935602621733888,3.5549360972403425,2.3574445499832035,2.3980165311997017,2.551224022791114,2.4617267143558794,1.8174072816404812,2.3989160676828942,1.8945013468091452,1.4549338414293012,1.582952024181319,1.4293678378789771,2.117134646019326,1.8969302497458038,1.5951167571053961,2.8353119561668283,1.8372973221748592,1.8141652062254807,5.000588490855887,2.8949873339677232,1.5865200099286791,1.9700824716552894,1.569732337558598,2.5048503769707953,2.9106227183596953,3.2578109333271508,2.0186195899169266,1.5244731991025764,2.269875351542224,1.946850047031643,1.689447034464989,1.6940512579521827,1.8908437646036054,1.2960463026637667,2.9279963027985514,1.5179840561692126,3.3853970303133956,2.267938262553866,2.757438244721594,1.2883180648986383,1.6654640189789263,1.9856042807346637,2.713906215955653,1.9864451259091815,2.6899166745067853,1.3094497767160531,3.066686852574398,3.321917761666447,2.2101417664410827,1.5820584921692484,2.0952372575958402,2.105389484797874,2.420487560394,3.525848864434855,1.8385300246766285,2.5341412021311074,1.7427816084569403,2.337635502196461,2.324843403527881,1.9829576442849643,1.8794009520219608,0.8064011086431527
Bulgaria,2.3673775890957205,2.638907244343714,1.6040149049089967,2.2023490248196853,2.425513506388489,2.5117013210765498,1.67236568263681,2.0075572442291563,2.596330454817035,1.0,2.387925161746888,2.047223513789768,1.8950884065864857,1.990078382654448,2.4127936947972524,1.853967727089097,1.3090121163728026,0.9762133169319143,1.1056003513167143,1.4107588752799332,2.864518482797858,2.832182310597226,1.3003411462710925,1.1060009474381047,1.5867792268140275,1.5404721732899078,1.7157555939092448,1.6132028744069355,2.1629440413821066,1.4961114280814036,1.5029576103581233,1.1895147167861462,2.589718438289322,1.9380825379036803,2.370810620994282,1.4102688839871473,1.7672261269315752,4.960546461889616,2.012792446300201,1.8642812959490498,1.698138207410674,1.652545861181895,1.698136971413843,1.5029642470775075,1.9882322518773612,2.180542556559604,1.8934948682593498,1.9460743474315028,1.7383920098120393,2.8289400166670484,1.8749984291892605,1.4565129149983316,2.439034618104775,1.5523901456329143,2.3660562214033956,2.4577186962554234,2.118292083236266,2.2931547013116678,1.7842956090777995,2.3048556488805874,1.641130661092105,1.586579940255405,1.6222321956469516,2.077521275767423,1.8414613307914456,2.8269104556108866,1.9560878529605144,1.675629942835156,2.3114729857460277,1.2085251370087813,1.334125678657505,1.8746315243262568,1.8880723907320938,2.3665204972692417,1.94065844815182,2.662954822759183,2.2074501125249553,2.674484473552234,2.076270579331935,1.5163103433294627,2.6511354412302466
Cambodia,3.0169736331288655,4.164187991992118,2.792312845847882,1.6149122853247382,2.521153781909189,3.918798706693177,2.2992993269456035,1.7494689296689077,3.269002086253717,2.387925161746888,1.0,2.597365624382228,2.871751993468348,2.0862132827970874,1.7860141081383212,3.0435476663956536,2.679275374319873,2.4364884462864707,2.2850821382004236,2.6561156894576246,4.199359794230779,2.6543437069689975,2.0172653577391872,1.9320628076345254,2.39351767733756,2.5100762824527862,2.235024398400994,2.4463261045474938,3.441707998163651,2.391658263803442,2.7322166276642634,3.0600794853374094,2.8758360119563435,2.7754281052641723,2.837400623924513,2.6963339370414685,2.1641947511371473,3.7178396982999065,1.272750679255914,2.48169094122259,1.9236653526112402,2.642046810478631,2.1655549623315373,1.4852163269274838,1.5197304821354145,2.062201744331929,3.18257935690709,1.891526300014292,2.376255083785885,2.811282927812115,3.105513491210222,2.529832893485555,3.1339267025630395,2.464868660609274,2.906747359258501,1.0864341395950479,2.082345667528393,1.7575068533300622,2.8067968189073302,2.541903574522804,2.400040634348496,3.2825950541861038,3.000144779467804,3.859583724585472,3.1887186655767246,1.850919481251442,1.7188644561450812,3.3726654967137826,2.826268356022446,2.6232969516271827,2.005414478593833,2.411729633182749,2.474088598293141,2.85572904510666,1.9553481414487912,2.9889478210378866,3.8324229766480924,3.0349710926919915,2.456332546325687,2.4687792514368945,3.1598671141499444
Cameroon,1.912003300111664,3.4456630754842177,1.5474084241513695,2.5343343935014784,2.0409573964964123,3.0738543984130238,1.9360913854611013,1.9560161724706977,2.2324003399667616,2.047223513789768,2.597365624382228,1.0,2.0024010239654575,1.6786229565476405,2.546825125327425,2.053256594487518,1.8683946705218633,1.8018105517415235,1.7538057028394725,1.6669863959854514,3.62719110970396,2.539102224286374,1.9818950980125707,1.8826296798848907,1.890804594905596,2.0196354476886627,2.0218884041872975,1.801195591509519,2.224169024922036,1.7569083991570917,1.7774303151680328,2.2217565620849546,1.879628662616867,1.3041794590532012,2.0148693731632323,1.8387031168347183,1.8732072617586024,4.728227639353471,2.115067712569202,1.863631342466255,1.6532192071904053,1.7500355180014473,2.041120620228233,2.312118273364354,2.2253774983807073,1.6797265259014782,2.0521982660807234,1.9125818775095438,1.6754218660452374,1.7828237086210805,1.7589479016684826,1.6120381590635091,2.052468475297286,2.085848980696416,1.8433318592692687,2.495667599208001,1.748763837689609,2.0253084166461712,1.9459406870414147,1.9612487416052533,1.5651035059720908,2.536015842160729,2.095263008981342,2.901166494511261,1.7832146515480023,2.406597076572007,2.6120322974082435,2.6797719869421135,1.719787820146267,2.0499991298877163,1.6355245853459004,2.2410705923290393,3.14836568869415,1.6795186805560691,2.0838485733664167,2.172619209234829,2.614471080994877,2.471427492653422,1.7545409741458844,2.0058161746286847,2.332095223956859
Canada,1.9903404895064023,2.880578052754489,0.8255871374808599,2.2956315008505417,1.4178944741212463,2.6097429955418776,1.1486709534033832,1.7716255198532604,1.29518276720658,1.8950884065864857,2.871751993468348,2.0024010239654575,1.0,1.441456279507035,2.081250602331299,1.1394101540703039,1.5031618878689066,1.9023631249158786,1.7507503340717232,1.165075370860841,3.371913237327805,2.1776028285417723,1.6718245461580123,1.7043041357623074,1.7028051980874306,1.0057350627506751,1.6606441117548782,1.0252400188762494,1.571546319878084,0.976833471277216,0.9059258470523611,1.5413611037589139,1.902056275059021,1.3567478989779405,2.5996433710703197,1.2139351523627662,1.5576234110578657,4.903575987546617,2.2883004033636842,1.2759468210066058,1.5997524175148556,1.0950302911189487,2.0220567339498547,2.4003174019595934,2.716502378128845,1.5835154431217566,1.1286160101279916,1.8987087816674768,1.6866812021159623,1.9485385493087048,1.28273553620356,1.1022139070818802,1.3009439441771262,2.3092210004443645,1.5200553538733923,3.036305384379266,1.965779026793729,2.366234775096332,0.9124534084592957,1.6584284954790567,1.2888250776010237,2.1550000361630026,1.3348623166566551,2.4337105655035196,1.378079877832956,2.9034289618562106,2.7027399353718367,1.8844224502363172,1.5866212056963171,1.2789931185158967,1.5804226952558833,1.6739040471619762,2.838511659084566,1.756013641792944,1.878865523405655,1.6026077145066882,2.1114500045810463,2.431472925555899,1.3545721121348488,0.8454547313993996,1.4050776769757667
Chile,2.2747961309543916,3.267825384519986,1.4193585506349309,1.8103202476794777,1.654155669306291,2.929617281970723,1.4706251422603647,1.2259010181196957,1.8103067127590926,1.990078382654448,2.0862132827970874,1.6786229565476405,1.441456279507035,1.0,1.8951470158915977,1.5119442594272698,1.9389899063839955,1.9881193469008271,1.6528124128183739,1.667534719850134,3.5097400377693146,2.095624500074362,1.8419088836203044,1.6760080435835336,1.6430700227322446,1.760289465365767,1.7914136906070404,1.4482763866219253,1.9804442139664742,1.359352002000719,1.442041961771555,2.161408036440353,2.028226875475711,1.6191523147408484,2.6943118990577015,1.8564515983787877,1.6369674874841362,4.290394970825072,1.9228538866787812,1.093795699060339,1.2745810362362746,1.7331765509480148,1.6321124322239227,2.001687829171059,2.2086745061410156,1.1524278386861493,1.7765840965590924,1.420101550250699,1.5062469723151255,1.8507046607483466,1.8972211041395908,1.7009418304932569,1.9395796656890005,2.0735143254435773,1.4810252127620023,2.3506063533601322,1.8189656624743948,1.923328386700066,1.5604349780593554,1.3409300873512582,1.612377058075392,2.5755014077741643,2.081682633776217,2.949772391834022,1.6998098720533943,2.410633392801041,2.265679809241076,2.542628394704901,1.4159284594927555,1.9766699136302461,1.3434419005971499,1.8991943794712942,2.922408354246484,1.847955969208858,2.0008359445042028,1.8032233971435945,2.6193186119784553,1.9483164653746579,1.709668284611438,1.4888565967226695,1.9182006544608803
China,2.633398888652634,3.972006458136773,2.2202748503742953,1.6967541993789528,1.4318981731525875,3.499274530262979,1.6590452929299635,1.2086200893893622,2.580829177847014,2.4127936947972524,1.7860141081383212,2.546825125327425,2.081250602331299,1.8951470158915977,1.0,2.5494985513626434,2.454292974400458,2.3867240471574798,2.118708625147901,2.1935351546579165,4.119028312019782,2.120010136956342,1.7440803230546424,1.7763880115975943,1.9599955983382895,1.9126593820795104,1.921100909082054,1.6567329372820994,2.913300200903014,1.9850300833554397,2.2286574788408564,2.502298907989489,2.0660968225598495,2.4754599736378826,2.991307745988789,2.1600411212056323,1.8889063019985743,4.203394826288804,1.6166393712576677,1.9909563287372085,1.663584296259598,2.0075962533205254,1.9633829076072833,2.0359909727351364,2.0289416630243844,1.807647135813578,2.5636171895948423,1.739577036043147,2.246410248632968,2.1862008955405554,2.5218748936084103,2.0270800238842077,2.4398861861477785,2.5529022731580095,2.539763143498015,1.961566902566388,1.71834707165266,1.5692752274264459,2.392483012620961,1.8851712080395506,2.029989195438623,2.865212920361379,2.444371897136359,3.6375791369717336,2.7659038147675132,1.8681913976564049,2.0789197991656785,2.943523509148781,2.4818421732268625,2.2033526896373554,1.9109434533328844,2.0952033001271975,3.0712281721941,2.08280667975297,1.6753713230038123,2.1886118503154974,3.548784312452121,2.811481545727045,1.6411723556846243,1.8345710233513508,2.4616535649796463
Colombia,2.2451947919934105,2.552256136769429,1.1404490346969582,2.2697933348198247,1.8825070971089737,2.4728935744622236,1.5763003768870172,2.0262155154563053,1.176698897768896,1.853967727089097,3.0435476663956536,2.053256594487518,1.1394101540703039,1.5119442594272698,2.5494985513626434,1.0,1.5115056956077408,1.9796817476937918,1.759272368214853,1.5137421291166426,3.0853124083677934,2.2402598907603726,1.991172809576151,2.032349154150835,2.101676825112018,1.6492913815515073,1.990713702030721,1.5792553525308657,1.0377428063505991,1.1765976833981757,1.003455427399706,1.4855680808662108,2.122892415291797,1.4946666563368936,2.8157630427497655,1.6109554292844486,1.7248508785407122,5.09771792677949,2.7296898619364947,0.9980276384919288,1.6936089460954125,1.3714154723037992,2.1500028550419534,2.4250703464172765,2.8049766799065217,1.8608156598566088,1.0337737936965428,2.112178880457104,1.6336335135678508,2.0682671036802165,1.528579421640135,1.554557893874365,1.301278084128517,2.4429398878013266,1.3159050445175093,3.1680070105484686,2.2002885339613987,2.7229284653732644,1.2316780849416016,1.5237437659586113,1.649289812555655,2.1080052844234443,1.6997632474031845,2.2019167427151007,0.8928720995293358,3.1280873400136953,2.890264473297761,1.8154037222606492,1.4957849662655325,1.7242345341352272,1.6168289656231725,2.095238349392314,3.00843338842124,1.9234407368661794,2.46706794460051,1.835026437835229,1.8689285998150085,2.055449735431682,1.9287535676669612,1.4797968346821548,1.5055724333103793
Costa Rica,2.125107779983281,2.8681196485828644,1.1798344012714765,2.394133187236786,1.9412720828104926,2.760754004816738,1.710951760153802,1.9442980597756865,1.8902133997673438,1.3090121163728026,2.679275374319873,1.8683946705218633,1.5031618878689066,1.9389899063839955,2.454292974400458,1.5115056956077408,1.0,1.269970935424672,1.615645619998981,1.3113255238821002,3.2633236664298426,2.699664677927117,1.2678238356133733,1.6414547387988623,2.027981846736478,1.3353668045149447,1.7235869474124332,1.497315753474602,1.718267839303879,1.0354779723092284,0.9064485255370667,1.2765416698121153,2.1176388474965355,1.2292320886784884,2.3901486165823282,1.2379984710476657,1.0775317937014877,5.053074420413777,2.191913654811599,1.7062254141466646,1.549026606139849,1.1502836453038112,2.038281255572036,1.86427748455882,2.474425407958453,1.9586842807624643,1.543292568019059,1.779500280602571,1.7267057269041715,2.2691509649363777,1.5757199812608045,1.1439312346019126,1.7895999825427271,2.3105298703299724,2.059134709774807,2.793732017358755,1.8316419709015037,2.355934159503119,1.3466976758255518,2.03126367075947,1.1884359296353384,1.977948363646854,1.6258338476964707,2.218474613957972,1.343786263921887,2.888224665405351,2.666181135471525,1.678735396356468,2.0857189513491887,1.183457026557202,1.2993108271936495,2.289825318207033,2.418422665390068,2.027494354998174,1.701164852105259,2.31720334630027,2.265827646508665,2.6794943580398267,1.828576346492752,1.3316963217253777,2.022056023312454
Croatia,2.4619987510381907,2.825266889671613,1.5109955758725073,2.446794723579945,2.268890477666414,2.4784026467894225,1.5671012186091824,1.8586381975154787,2.4838404162898704,0.9762133169319143,2.4364884462864707,1.8018105517415235,1.9023631249158786,1.9881193469008271,2.3867240471574798,1.9796817476937918,1.269970935424672,1.0,1.0553565578260795,1.2353653219271097,2.9940912060840437,2.7504083025519863,1.4066200073575559,1.1440969268894294,1.4023423790525809,1.4487812973181875,2.0934886966726007,1.4546048666079299,2.062630063722396,1.553227695146102,1.3846200305696,1.2955716826345889,2.23292456496022,1.9025831847584551,2.255985393632322,1.1488467401300144,1.5499170147227432,4.9487533472593,1.8404886958037951,1.9213460051550553,1.5279527963018331,1.534903419002882,1.6840769847011567,1.6930365200787627,1.901294106256293,2.0903348098876897,1.7691689544793163,1.5164182253427763,1.8739047717010837,2.4629302276385494,1.5889777149795998,1.4544397067252661,2.2697765052065555,1.4546314265602909,2.2522323598832035,2.402091846694328,1.796387655257611,1.9017352442262427,1.855580755406394,2.082953889565517,1.4052995863645579,1.5002626824580403,1.7568175002860216,2.2430481800104127,1.882058256672716,2.6513357785961897,2.2759744886891102,1.717547962182444,2.1647609958345915,1.2219643461350913,1.3565120475370291,2.0892723148406773,2.2519328429462484,1.9385714136791274,1.7161157471210553,2.444098155337792,2.363424332435406,2.8048850213287686,1.774236926959402,1.4864673391643684,2.569494858940505
Czech Republic,2.2744887962860263,2.9231799047209077,1.4233715457806475,2.095770456489445,2.154415235842506,2.6153233452449776,1.2311604430781813,1.8150611988044696,2.4680026224452276,1.1056003513167143,2.2850821382004236,1.7538057028394725,1.7507503340717232,1.6528124128183739,2.118708625147901,1.759272368214853,1.615645619998981,1.0553565578260795,1.0,1.3642753961772438,3.1233616186145436,2.312941761439647,1.4925660609187286,0.8725652111739968,1.3146942410705207,1.4233777038311535,1.881823890075149,1.1719581734911269,2.0156981406382544,1.3882841417682992,1.406045769882923,1.3436758418624621,2.230950597637642,1.850841473816348,2.464458953772351,1.3214596669459278,1.6730132224926735,4.775552112743489,1.717897561465944,1.5962444630903687,1.5217794536126303,1.5045116237389131,1.7284658332397518,1.7870868896431327,1.812877414886487,1.7988170396735925,1.6276797971287489,1.5320073148444524,1.730763380151743,2.433861346501292,1.533409982674875,1.5075487554198526,2.0077052672624034,1.4181204991494016,2.004315185526224,2.3913887377097316,1.8269990514114225,1.9985698311829287,1.9787141764772507,1.8089367630046091,1.3521489287492732,1.6607060238466083,1.7148837020212864,2.3916725910057455,1.8719626495588337,2.662317368850356,2.018454177282282,2.0057850609940546,1.9741599160334697,1.3611893865547735,1.1317904716590763,1.7649589103699617,2.336995244908423,1.9654919787664387,1.868722463312161,2.148917265583209,2.26809816704193,2.57502920768623,1.6827515300791307,1.3590875399620341,2.5283928053519817
Denmark,1.8814020962915579,2.807654888050729,0.9230380233203291,2.352746107396077,1.736106835425379,2.391692762953927,1.0888787029170206,1.7404204227057893,1.7935602621733888,1.4107588752799332,2.6561156894576246,1.6669863959854514,1.165075370860841,1.667534719850134,2.1935351546579165,1.5137421291166426,1.3113255238821002,1.2353653219271097,1.3642753961772438,1.0,3.1629075357191208,2.4441045969683413,1.5091193274733745,1.3344027497315154,1.2417529618183598,0.9761651484014755,1.7259652437814168,1.1687700265969174,1.7913882656022821,1.1707112659535792,0.9894869442917945,1.179682270454558,1.7392354709428512,1.509090971360853,1.9217827039293354,0.6800195999102736,1.3504602941574533,5.13881393019065,2.0202410578674592,1.4990031915720299,1.4583606697063962,0.906382466203406,1.6272940709128707,2.1642432479573674,2.285604972140691,1.737385574244449,1.3345697182501386,1.6129520466373062,1.674102843315276,1.9554542498326941,1.1764182652671689,0.9348368980210631,1.6925161280318997,1.7414071716689268,1.8297380815621804,2.5906106506038937,1.5712066865333973,1.8691292080147925,1.1695480026920504,1.7935569269413334,1.2988882967181283,1.6598831345954428,1.2538674510412646,2.2551643713354723,1.456135748232289,2.5531852918181075,2.4133158466301854,1.781076777238217,1.586672458800063,1.057103338517669,1.3369829375236437,1.6507335853044927,2.6429064696541795,1.481105549414067,1.6892255707159027,2.0669805988110093,2.1269552035176464,2.6106225910624437,1.3010892313416187,1.2232146311685022,1.8742369512946562
Ecuador,3.9380826363407215,0.9653994259284048,3.156153866291959,4.070646264476396,4.096699992057997,1.289197740380418,3.4719096505259293,3.7725696424393123,3.5549360972403425,2.864518482797858,4.199359794230779,3.62719110970396,3.371913237327805,3.5097400377693146,4.119028312019782,3.0853124083677934,3.2633236664298426,2.9940912060840437,3.1233616186145436,3.1629075357191208,1.0,4.14422979032038,3.5972046692942614,3.4455279256469513,3.053615134195039,3.5080456074920456,3.7282156367476142,3.5964122057387358,2.651437388785056,3.53189664967085,3.161633933901259,2.793935482410547,3.8866120723596995,3.696305919918841,3.7036901433302862,3.2801599267146537,3.690934068563022,4.9301648228712605,4.017987696702527,3.374733611333728,3.657241886628168,3.5474321240964626,2.954489791352018,3.813584776144131,3.964444700215076,3.8535927031799466,3.0115459913585494,3.549571198022589,3.617025767522779,4.025925020570073,3.2154615632045855,3.4778646859700424,3.7761154928880263,2.6291990463322183,3.3440557960964714,4.260504574926559,3.9127211447804484,3.9190845918680504,3.3527355418358984,3.535877181300234,3.580923735260565,2.0920719844498454,3.1834021819729506,1.532383969942147,2.90099395170842,4.3182182980287145,3.7836586163939434,2.3202739307953233,3.578415824732226,3.232475793698179,3.6001932247186224,3.6089901293076143,3.086773659511245,3.761334282248899,3.7876105486434657,3.88965110745146,2.0641318091486296,3.2284337285873215,3.894409022632819,3.346365845990155,3.8810670715790527
"Egypt, Arab Rep.",2.507962157714618,3.8548997535087732,2.2249947334073377,1.8539354625229738,1.645544464755337,3.620873168819398,2.0572259762218392,2.046262386021609,2.3574445499832035,2.832182310597226,2.6543437069689975,2.539102224286374,2.1776028285417723,2.095624500074362,2.120010136956342,2.2402598907603726,2.699664677927117,2.7504083025519863,2.312941761439647,2.4441045969683413,4.14422979032038,1.0,2.6166787239967717,2.409449848041208,2.6876175576521,2.3387668846545098,2.1871489796769477,2.001975018620809,2.620090033559003,2.17292620713066,2.2955363874826746,2.7356579382450885,1.991330360695481,2.420688320990268,3.0522010995223767,2.5483838795383065,2.160527480672408,4.373218288103613,2.333358991881938,1.8041779492783674,1.937961807302351,2.173116258516941,2.541263930304771,2.6242180973973737,2.29556871301515,1.590868085522858,1.9934192210529704,2.194651462680508,2.196348910947772,1.8965135742085444,2.5357298015392815,2.1855733544657894,1.7985523840861322,3.0604918901400806,1.9228705686191956,2.6254177522121425,1.95599743207831,2.4632644298448483,2.5187336173263057,1.6356171129939787,2.0505174314213135,2.9794559653434316,2.8941216501429876,3.6662039121890504,2.63577735704554,2.5545804791036,3.085781484079179,3.180972254175112,1.9835800256944167,2.6470285667209454,2.2640147415505134,2.451592835696869,3.4456070713095768,2.0466277979558445,2.6688926178465215,1.3483639327853718,3.3184691152225088,2.366063412276304,1.6681381538177473,2.222283137305244,2.158543021935534
El Salvador,2.341876826536948,3.3336460095722247,1.617021031478561,1.8549829291141373,1.8606433087871663,3.057212890014736,1.3866825619546943,1.49034375966092,2.3980165311997017,1.3003411462710925,2.0172653577391872,1.9818950980125707,1.6718245461580123,1.8419088836203044,1.7440803230546424,1.991172809576151,1.2678238356133733,1.4066200073575559,1.4925660609187286,1.5091193274733745,3.5972046692942614,2.6166787239967717,1.0,1.1383362796596195,1.6686968505032826,1.329222524244083,1.3900478549934712,1.3663564586061636,2.3630057647232174,1.1986258807844048,1.4747481448268709,1.6948569048623014,2.3641896284374955,1.7290745396915568,2.4570812265977935,1.3632010935638803,1.43338235949778,4.749740461480879,1.7240851047205774,1.8195367945061736,1.3000400939957568,1.303997471497116,1.818298865099719,1.247157142842286,1.858578169378603,1.7740335405049579,2.1328390778750004,1.7674164059676283,1.959182786355849,2.460724348385821,1.9437761688782662,1.1341683786359573,2.155997369199241,2.093105008576906,2.4205064152563134,2.1915550924201126,1.7473382616205635,1.9107843050316229,1.6865033967679803,2.096372303382438,1.3100097745558366,2.183860084051739,1.584410636964646,2.7624311876704004,2.0630749517227387,2.4915201905495272,1.903654113115446,2.095437489725265,2.3633509906651677,1.1840075772537455,1.1978262769487587,1.7658246084035296,2.220727308829539,2.111716013415241,1.2662146334155702,2.543725898144011,2.815126048173721,2.893182726739951,1.6514981344963204,1.2005570233290617,2.4302569471006
Estonia,2.1601408578247137,3.220807686079859,1.5496010760753287,1.8047940163297906,1.999197534886017,2.932281684998384,1.1467822270241397,1.6007493934630517,2.551224022791114,1.1060009474381047,1.9320628076345254,1.8826296798848907,1.7043041357623074,1.6760080435835336,1.7763880115975943,2.032349154150835,1.6414547387988623,1.1440969268894294,0.8725652111739968,1.3344027497315154,3.4455279256469513,2.409449848041208,1.1383362796596195,1.0,1.1561564304783447,1.2409757305093683,1.5762252571769826,1.0430291781215952,2.4135704946948695,1.300440358580853,1.5614891222076177,1.5601114340350215,2.264613433727474,1.8267151900752152,2.2813516360617916,1.262786188821905,1.6248205411501362,4.715504887459287,1.3188569329776052,1.7595831919897678,1.5250592299278933,1.5014270794023663,1.7119761183980382,1.4875330946922403,1.6059701050676982,1.7123314092458541,1.9684397676414076,1.604032534733289,1.708114883123569,2.5138283950470623,1.6391054745562068,1.349114875200372,2.196323695958979,1.4377971986337876,2.2423069867449392,2.0737901053462617,1.786923463499729,1.720177021486898,1.8178665260360751,2.1211529848443975,1.4293224758777388,2.0302762283427622,1.5767917040006765,2.675641661161999,2.1427683738112293,2.417786731648775,1.4555405923352736,2.2205334823378386,2.0616744042661557,1.1152435908295413,0.9177430240766751,1.3535616173507907,2.122917877844637,2.0831250617847936,1.4910617943710602,2.313182397062335,2.571183893565233,2.8406436253974086,1.4975501452858677,1.2181714033069089,2.5062405350029375
Finland,2.388169760211803,2.9225338958009437,1.5493802901134224,2.384361576204333,2.113673072945245,2.318198068768109,1.3703589336549458,1.6181152072008544,2.4617267143558794,1.5867792268140275,2.39351767733756,1.890804594905596,1.7028051980874306,1.6430700227322446,1.9599955983382895,2.101676825112018,2.027981846736478,1.4023423790525809,1.3146942410705207,1.2417529618183598,3.053615134195039,2.6876175576521,1.6686968505032826,1.1561564304783447,1.0,1.536026163490035,2.119189044261518,1.337263981143488,2.2889291124254845,1.7412738375073749,1.6625762197273333,1.6701761796902577,2.122589490934211,2.125454255487495,2.217336717374264,1.3381584008574354,2.003839477898456,4.677309887403132,1.8176366177121726,1.828020108452224,1.744404854023194,1.7256063241240027,1.4368278050699743,2.1601479268467982,2.0535545049307564,1.924504019141652,1.954108946557614,1.6743703410922273,1.983555232824021,2.382316984391277,1.5499208730717977,1.6239596300602228,2.4229863417776842,1.0798305609986751,2.2197247045555875,2.369069454261267,1.9295609771848923,1.5542295420175811,1.8272826296440656,2.018857160766899,1.819360061088699,1.7927804507854828,1.6485722244827883,2.4905122359081395,2.1303220899154227,2.410279865676039,1.9035226881792204,2.1390517554488135,1.8704067023922577,1.5259999479165292,1.5722372787814325,1.5538413328587337,2.626956277762231,1.8105467872251697,1.7921746202465367,2.3544863082609013,2.37119061961321,2.8951439170193654,1.6146371556143186,1.4955082193674207,2.4750234963754627
France,1.969938295867078,3.066697384364005,1.1894555429685625,2.2756651598097646,1.6263607647686236,2.765192533292304,0.9400409599758833,1.780461012322611,1.8174072816404812,1.5404721732899078,2.5100762824527862,2.0196354476886627,1.0057350627506751,1.760289465365767,1.9126593820795104,1.6492913815515073,1.3353668045149447,1.4487812973181875,1.4233777038311535,0.9761651484014755,3.5080456074920456,2.3387668846545098,1.329222524244083,1.2409757305093683,1.536026163490035,1.0,1.757405432428398,0.8746822232465356,2.0548593769837677,0.9838823278173789,1.1169053753626008,1.3936534591744272,2.0136505851893793,1.5442301719968117,2.2950347534197317,0.6664467132918525,1.3378783285441802,4.902654950438347,1.7482316229178079,1.6862144496749645,1.48365857723681,0.9975067067157379,2.046974733774741,2.0190689203973955,2.366868793187894,1.7655719902962501,1.531494642167039,1.6912421523595562,1.6119819787902792,2.1754486233170174,1.3181110776091716,1.095750739430784,1.6296204800001166,2.0424484251620005,2.0109082284572666,2.6776918945650983,1.7689677210879857,2.0593788991524633,1.2205558453561631,1.8894723441658592,1.190657301511606,2.059626495804928,1.1796121631202776,2.5187607442173165,1.8135003748843332,2.6787521872620643,2.3814906572511414,1.762287107048426,1.924218938449792,0.7593138471473561,1.397797559551522,1.528611119514529,2.465333189121986,1.798585165953279,1.4384514360699532,1.8906874884785627,2.3688882463877343,2.8487805608963455,1.2987228794838241,0.8643634390617387,1.735756503971686
