Country Name,Albania,Angola,Australia,Austria,Azerbaijan,Bangladesh,Belarus,Belgium,Bolivia,Brazil,Bulgaria,Burkina Faso,Cambodia,Cameroon,Canada,Chad,Chile,China,Colombia,Costa Rica,Croatia,Czech Republic,Denmark,Dominican Republic,Ecuador,"Egypt, Arab Rep.",El Salvador,Estonia,Finland,France,Germany,Ghana,Greece,Guatemala,Honduras,Hungary,India,Indonesia,"Iran, Islamic Rep.",Ireland,Israel,Italy,Jamaica,Japan,Jordan,Kazakhstan,Kenya,"Korea, Rep.",Kuwait,Kyrgyz Republic,Latvia,Lithuania,Madagascar,Mali,Mexico,Moldova,Mongolia,Morocco,Nepal,Netherlands,New Zealand,Nicaragua,Nigeria,North Macedonia,Norway,Oman,Pakistan,Panama,Paraguay,Peru,Philippines,Poland,Portugal,Romania,Russian Federation,Rwanda,Saudi Arabia,Senegal,Singapore,Slovak Republic,South Africa,Spain,Sri Lanka,Sweden,Switzerland,Tanzania,Thailand,Tunisia,Uganda,Ukraine,United Kingdom,United States,Uruguay
Albania,1.0,1.109304598419041,0.8968007507607161,0.8571792369014856,1.0448318357337207,0.8499044218997404,1.150702770525665,1.041338946905706,1.0872788758372698,1.066357793289193,0.850825360331619,1.454575794942502,1.2575525724530723,0.9802418885038013,0.9624229844476773,1.5114493238510949,1.0663914621969948,1.1481969553176798,0.9840550128611093,0.8730038519386705,1.025098458993122,0.9730956746630275,0.8692414336907454,1.3593268720093237,1.2005394199619475,0.9162832282647926,1.0503865153239478,0.9519167080784741,1.063246265226796,0.9233620780464953,0.8497424638212755,1.2377606185487475,0.895153354658636,0.8260355116914352,0.89626318849287,0.9369926126047761,0.8654556049129137,0.7213830075469984,0.9272510253360425,1.0471694354040155,0.7668225344792797,0.9169144588254294,0.9454750505258992,1.4537296816544523,1.1607510750272445,1.045957314877648,1.136331597789919,0.9133428204478273,0.9542228141333348,1.1120687552900475,1.0429126280697576,1.005549074567172,0.59905460097963,1.1541201813978226,0.8986403875765417,1.1291675919236268,1.124506290739219,0.9009613357110142,1.0172269131146139,0.8155706917128445,0.8297773548114885,0.9856809037169816,0.9279877045137778,1.176176756046004,1.1866190411160105,1.0668635882991562,0.9149736241655817,1.001298803751768,1.0366111490186591,1.130428319481609,0.9644138777251219,1.0344393772752054,0.9048946174527603,0.9141106390732848,0.8429766423843607,1.1956765044207645,1.0791405547493897,1.0870445675738236,1.182002904459724,1.2156537309048137,0.8684737965616184,0.9150669516299668,0.8919136116047965,1.0691518832744067,1.2993418115374704,0.9492477283218728,1.1891943064985062,0.8227341594346658,1.2285930065662503,1.0621911109784277,0.857305169587817,1.0443569304588278,0.9705850076560839
Angola,1.109304598419041,1.0,0.5797089013597642,0.6844622658994117,0.8782521281138217,0.5788965390806067,0.3348939812021023,0.8043400147566218,0.7572111386975396,0.5816410210941078,0.668779253271913,1.4329873386977712,1.1710749931504396,1.0230141790024057,0.6043653494442753,1.5113372753252328,0.7935556769104194,0.9489034114357228,0.47134454124105124,0.5684215892180011,0.7027455298334279,0.8655237210789556,0.5908620097416468,1.0769288295665953,0.23340380455103774,0.7127514632342434,0.8790045044191482,0.9230767054286081,0.784129639017786,0.7337109636397535,0.7308115391803559,0.6076671536669682,0.7114434201522433,0.7053712444448783,0.5278418132454653,0.573921120037531,0.540663001813305,0.8140718957155825,0.6289080585220035,0.8618354189932746,1.0503430557552678,0.6810069614234775,0.6829783041446222,1.299404677537689,1.1251658077697753,0.5305724677429369,0.7467556034403247,0.6962752309909229,0.706865316240864,0.7639818905191961,0.8672169254842964,0.8648199087108037,0.8177783414459018,1.4414786825072292,0.3878864734877307,0.4186714666724522,0.8054841841899043,0.8433812714429756,0.6079735510991067,0.7387298168778133,0.6674951869683902,0.7269907222082389,0.7063930781783423,0.9468851759983241,0.6860449762847938,0.8925270909661184,0.6420082953209099,0.7728180213993057,0.6259564028812556,0.6211140933055589,0.7631118017519926,0.49265937977334534,0.79587430905274,0.33353110906638667,0.5635449071755818,0.7992067361267515,0.8998249127082463,1.1954755614305008,0.9566363690124019,0.5246396764186649,0.6315539603283964,0.7275616242801503,0.8578298122233728,1.000032215998015,1.068536025993423,0.6001451448044278,0.9535313009694742,0.5161124758030288,0.7497989691799243,0.8401839668154775,0.6383704290132839,0.6818690448130464,0.6018203558037195
Australia,0.8968007507607161,0.5797089013597642,1.0,0.3520771987469832,0.6590609152014095,0.36876676126284463,0.7024550113604766,0.5020278883647672,0.532353931116412,0.548279340164507,0.44169022137980074,1.1423146761386092,0.8251399466842478,0.6450685743361401,0.33571907595335815,1.2949584195010064,0.5040376072322944,0.6722980301770022,0.4425691347066692,0.2866627784116406,0.48273381236928775,0.5646956759632418,0.3436825512989299,0.980413252634853,0.6498780972777174,0.5174920337716324,0.5058476429345462,0.5440127809038107,0.5013443348096819,0.4148179646587254,0.40192477498421797,0.5772045089491004,0.435782142804157,0.35171104013001286,0.28900510218342346,0.5664657041242553,0.46941719074661553,0.38413815757008946,0.5092387086393657,0.6209847696329329,0.8424566825131975,0.3942312090447226,0.40245569805472237,0.9866750333465961,0.7199240044362013,0.4144631727560153,0.4766214978021834,0.3359132666614888,0.45726161472332166,0.5813370902587632,0.6023251101959921,0.579614835040479,0.7557146047064504,1.1725359790434142,0.4168288225252441,0.5535282278222315,0.582874244866546,0.7110517657989164,0.4635407460960088,0.440328326782319,0.302402472702421,0.38078143929275515,0.4952260999145641,0.6327740152510359,0.45282253944928735,0.5677673719455726,0.37288357080638007,0.5052744050007045,0.4430963890408263,0.4973376569000417,0.36766232756330425,0.5941519881614278,0.47973399692450175,0.360703038402915,0.42647843549739267,0.7970907892436783,0.6912747668225662,0.8825612198594824,0.643864841335257,0.5359890180129084,0.5336900276566683,0.36495581051173276,0.5072277932173208,0.6269761371582652,0.7319402224246808,0.5795968484850663,0.5510497688960296,0.39692031841417746,0.7259368379812756,0.8330012085490728,0.2833897966279213,0.3453300560796995,0.5987586175478171
Austria,0.8571792369014856,0.6844622658994117,0.3520771987469832,1.0,0.5399397378607743,0.36618050581563,0.7202076548128106,0.364090719161147,0.4424744299948142,0.6678237243016077,0.3882603136907027,1.0962502960311882,0.7492005197955135,0.8148563188705209,0.36387223793958734,1.4014226991796408,0.5081895722268364,0.5167744114327945,0.5079440967911543,0.3746740617090688,0.4567390706848905,0.4723757414695329,0.3623550043775195,0.9851335580203504,0.7501619953516768,0.5393017061119767,0.36061318961921907,0.3804389057480116,0.4050929120978233,0.33627898685866353,0.21260996014678143,0.7026524995066246,0.4359413248058614,0.26680283752755496,0.2887637830920278,0.5027115685024913,0.5877434819377502,0.5445391156177917,0.5154107150625366,0.5249066881573863,0.9200620455132547,0.32511816920337855,0.4214997711830648,1.020552135469569,0.703979439027772,0.4906924843744053,0.5401286201431075,0.3197925110419784,0.4293911101009192,0.5807808367902589,0.4805596267100886,0.4864148704889016,0.6980687580210845,1.0737613311998633,0.4907305856596196,0.616855998270132,0.5260385562569169,0.8186137679429533,0.6515850435916022,0.41834516581193415,0.3717822401739302,0.32904759967987907,0.5211008621198061,0.6444135872069713,0.7115176607418653,0.5319896911226748,0.4426768069759825,0.39921580060013834,0.5767804139202134,0.5528641786300663,0.42251467054105357,0.5407867005825391,0.4096853514936273,0.47257015580017675,0.539703945211003,0.7974761211172088,0.7167488860857439,0.7046278248942626,0.5171233752736614,0.6193485486207918,0.614904846146399,0.2781957111953066,0.383832853112512,0.5678320595940117,0.7589581544528171,0.6042714468286213,0.5666471793963973,0.49605817620588444,0.7541358690560385,0.8905895516526224,0.286243732933385,0.2778290629513675,0.6954869356267409
Azerbaijan,1.0448318357337207,0.8782521281138217,0.6590609152014095,0.5399397378607743,1.0,0.6100191055840413,0.9588774148283195,0.5228432778171308,0.5377628368884582,0.8441088302705213,0.5921611688541456,1.2453838269189572,0.6683250487863677,1.0532258552795721,0.6632756320678629,1.673604524293609,0.6192185229031492,0.5689977014915532,0.6507936022564789,0.6892335161085658,0.7664128993833941,0.6804879418441229,0.6426812201006391,1.1315801753771297,0.9530415926624176,0.6438225247409043,0.576274472987043,0.5444975310930684,0.6255193363893308,0.6635939726395482,0.5873814688875992,0.9368916965820824,0.6446691271134417,0.45312544730598564,0.6222205444271476,0.7726549170526336,0.826742261143868,0.7914289563483802,0.7765113671972045,0.6193258636879083,1.0679391935521556,0.6770788120970734,0.620668756098199,1.204462371324628,0.8165565018349149,0.5296013506958273,0.6931329089975401,0.6422683008884905,0.4731473939860084,0.6858931723054711,0.5836110651297328,0.5989175692641782,0.8821431906401371,1.2400962337238208,0.7769372761117677,0.7257716356502197,0.7541890180883449,0.9017957286946587,0.8690015821474592,0.7588415147611284,0.6385775557331725,0.5221634118759667,0.7658406174416473,0.7668943118938658,0.8610696130746042,0.5354302313024318,0.673393420270289,0.5766831872148759,0.7425792915555112,0.7159170142737319,0.7796014029496768,0.837230108603434,0.6783443199980747,0.7991056373798927,0.790998003000649,0.8849937563671963,0.8330573819649888,0.5775006413211025,0.6952929623812629,0.8988791243111124,0.7539740873793622,0.5860163756955773,0.4694923071289892,0.6496888341099568,0.8288301346257502,0.883958547255507,0.7426885324862231,0.8098520906829021,0.9619905874507485,1.0392042302663642,0.6170818391797459,0.5639964369918682,0.8615046461523053
Bangladesh,0.8499044218997404,0.5788965390806067,0.36876676126284463,0.36618050581563,0.6100191055840413,1.0,0.673165693504684,0.5966172331789064,0.4873453984639148,0.47408872018740106,0.5155485751635339,1.2885782355860846,0.9396096952425927,0.8578234933168899,0.34587410856594913,1.4938760468885632,0.6203931478176528,0.5823969053663871,0.39360782553934204,0.3574750442191338,0.6298890826881021,0.701729183381995,0.46858058281256365,0.8856255200286577,0.6954248343282804,0.535248762329478,0.5235923202049696,0.6582311953812593,0.6128118659759382,0.4976749974812671,0.4199294840318635,0.617664367284154,0.5111538259172915,0.39341259250856064,0.319895150696137,0.48314472919276497,0.41666293935390564,0.5428346546892213,0.4152038565421361,0.653190281302855,0.9342157923233659,0.4880139547375474,0.4772981248582557,1.1230981615777595,0.9131545579107669,0.4306718917591102,0.5898094935186343,0.3631750349325558,0.4958775705904848,0.6303340728944513,0.6137543338985358,0.6661405636675769,0.6695137335869175,1.2921947269154521,0.421298976073719,0.5377069205357026,0.7051781305516495,0.7759606298786348,0.52754332095529,0.496595076591326,0.367594336235599,0.4780610100360099,0.5040869794652748,0.8556236956533593,0.6583144519129469,0.6776811418825899,0.45148208141545404,0.585605991010622,0.47959680925785925,0.5431113490601888,0.5468569857339601,0.5763109484378297,0.526024868050238,0.4303143646465773,0.43255119492257826,0.7536222658036567,0.6900976680813776,0.8909162398113356,0.7394479410325359,0.559725206165687,0.5555841521947217,0.48243662364187473,0.5744372481213507,0.7011439693066439,0.9360117877326198,0.5391227654922008,0.7394403074160777,0.37734418210984394,0.6806686775348217,0.8223916014326345,0.33656905735339854,0.4459715262275348,0.4653326451603678
Belarus,1.150702770525665,0.3348939812021023,0.7024550113604766,0.7202076548128106,0.9588774148283195,0.673165693504684,1.0,0.8185384378638292,0.7547069651625601,0.7252295570205896,0.6784321189853402,1.4291358613766956,1.200036761097937,1.0458576267336768,0.6788540433058865,1.4900029398543775,0.8211306314077033,0.9818255043283487,0.5809911600826491,0.6771523352103977,0.7159852201434103,0.8785200109675396,0.6288140228755612,1.1424598860306339,0.32241570696758537,0.8303157753140754,0.8746149341263528,0.9577878841665198,0.7576073900662287,0.7652022622799196,0.765211188948929,0.7620816863058133,0.8173370054485627,0.7741218295839832,0.6091853663085623,0.6460034282641689,0.7026369161990563,0.9174049029127905,0.6896994768847687,0.8656853945231358,1.0722181802419393,0.6920238004623133,0.8040577457104006,1.3182004914524112,1.1814735459051553,0.6414844517557375,0.740431381283488,0.7764664077134745,0.7693714958883151,0.7794255523486658,0.8416666911129096,0.8503807241015039,0.839383957685274,1.4144568700103872,0.532284353657133,0.5150571736663373,0.8355354289952601,0.8983820921603087,0.7144444791148487,0.818870236522806,0.7211002751250376,0.772926983364884,0.833123973654551,0.9637712633833531,0.8709622718741947,0.9171462026922634,0.7068624639046978,0.760830826594604,0.7269757596573332,0.6330981855334603,0.8192974628795731,0.45563296927162894,0.8076943265531065,0.49270804004295815,0.6725139779147866,0.8161768429361956,0.9652245217251934,1.219933344818517,0.9215748927383693,0.5644621782427359,0.731987133435263,0.7767772261432225,0.9393236847876847,1.0432966483112196,1.1655656610211964,0.5567234911516861,0.9989861511815444,0.6294427095369121,0.7088167109397533,0.8835627330190452,0.7049339714124915,0.7305169386581642,0.7342693826541881
Belgium,1.041338946905706,0.8043400147566218,0.5020278883647672,0.364090719161147,0.5228432778171308,0.5966172331789064,0.8185384378638292,1.0,0.5233419918813617,0.751403286110116,0.4746969404250568,1.0155966049879306,0.583721579446355,0.8596130733225376,0.48976550181305617,1.3940673679988373,0.46474267797658825,0.5494911715455494,0.5998946099696283,0.5690001838594768,0.5287817384530442,0.4967574608383667,0.4041614130717339,1.0888649281884777,0.8508495441384478,0.7058564488511258,0.45305232406278345,0.3695223138621509,0.39540289931869965,0.33517026001183664,0.4257705253645937,0.8355053779332132,0.4580418068915062,0.35498038735881704,0.49777882082995667,0.6960329013823485,0.7658073344510998,0.6774103043130798,0.6995573681518696,0.5235950559979284,0.967914822461747,0.3891916939274025,0.5061184806896681,1.0777876145755767,0.6099733881022272,0.5075045039050635,0.5381359522888854,0.5026802670974538,0.4512661246203443,0.6595453726291006,0.5428686797377182,0.5338863150880191,0.8757031769905513,1.0677261271602363,0.7062129082634674,0.6753625473378878,0.5202420771520412,0.810971211370448,0.7147125988600589,0.6168852486118707,0.5544503338295652,0.35111818032019965,0.64930853661698,0.5271154786995071,0.6946227423742596,0.4371408166009569,0.5328744157756179,0.36229944672208964,0.6413723096605733,0.6053437305067058,0.5340401991864981,0.7252337912980082,0.4497545830233593,0.6630279763955889,0.7094070354159941,0.897074956031982,0.7420440099125126,0.6514053142021782,0.4224300417706119,0.7161850826578428,0.7287077538772836,0.33579634792794855,0.46909909608542966,0.5225664441823635,0.6685504569351363,0.7495739828001174,0.4346037676709622,0.6924565256066513,0.8354391811478544,0.9850483334744283,0.48969440112097173,0.33277706331423157,0.8269897781183179
Bolivia,1.0872788758372698,0.7572111386975396,0.532353931116412,0.4424744299948142,0.5377628368884582,0.4873453984639148,0.7547069651625601,0.5233419918813617,1.0,0.6972095335698516,0.5104688644840606,1.1382168701824344,0.6750162849757506,0.9224235129263715,0.5034198865044768,1.5037016205926128,0.46360150948443163,0.5220525945478767,0.5720364169548815,0.5665321664442323,0.5947214163094103,0.6941343300961924,0.5633528547090938,1.05936641601537,0.7908597086981441,0.7086244295961288,0.3912472351208624,0.5729611145035373,0.4636699135998405,0.5587966790594588,0.5193510393648901,0.8036068939459873,0.720246383472127,0.4375934065990118,0.43576239623157326,0.7547519752309348,0.7740622737382724,0.7574699859789217,0.5788760425437899,0.5898364480907804,1.0012534929148473,0.5656241766340231,0.5540887757277608,0.997844433680121,0.8084071093756943,0.4861412634024375,0.43485747343859854,0.5260901500258163,0.4167232790527735,0.38272419213482095,0.36490114947003116,0.5081218899057216,0.9021161238375364,1.234364218300231,0.6884729520158792,0.629592217295853,0.5905040040207055,0.8571022639170345,0.7323545409014036,0.6698129514411736,0.5002701362714785,0.3650890519490182,0.7871490156313669,0.6778348445664503,0.7548061246511573,0.4729768156299101,0.5554476375592371,0.42531547816280635,0.5838585362694232,0.5192117580925386,0.6082814627385487,0.6936785679520447,0.6582361621652694,0.6677277240472307,0.6442216234454999,0.8403186353730032,0.682789401509321,0.7597028575478494,0.54975333959195,0.6655595913368164,0.6781545844644177,0.5490274431940142,0.5876689033773064,0.6313824372569665,0.8060570882505017,0.7293506276810788,0.7021546912006785,0.6798273821432551,0.7234724763742042,0.8911593618976371,0.5125134426658056,0.45778463929825924,0.7504504942482204
Brazil,1.066357793289193,0.5816410210941078,0.548279340164507,0.6678237243016077,0.8441088302705213,0.47408872018740106,0.7252295570205896,0.751403286110116,0.6972095335698516,1.0,0.7799359295618485,1.2390382869100522,1.094950646678564,0.8785290322117836,0.5040752018794656,1.3857779596715674,0.6701229527846599,0.8859542187833269,0.37607689042326603,0.531177562722354,0.740233724103764,0.918034511049729,0.5702847027341116,1.0640340025744062,0.7357998264090226,0.7652386081410748,0.8067359811428392,0.907669155559787,0.7985028185563408,0.6809506157088406,0.7105477618915046,0.502446974895226,0.6777012490462767,0.6231669150223171,0.5028492592665326,0.6817110722455695,0.49710187009548723,0.6396923930096651,0.5423732853831118,0.8483961854766973,1.0166497444603888,0.6202135778906768,0.618877365254852,1.264751939844912,1.0958742933581747,0.519457143573587,0.6868508994441992,0.5510014117174332,0.6090129829019466,0.837950373235043,0.8245278775156817,0.8804533403982223,0.9352297453751058,1.3180361734895818,0.5601585245864686,0.6530076238266722,0.7995307749219516,0.8586780603409943,0.3789993663680247,0.6170653467695765,0.6504986172660137,0.6739151127141234,0.5313456165083916,0.9779399557601941,0.5157137898722668,0.817446093590301,0.6119388405362329,0.7432281022884536,0.4190066253794672,0.6266490811098204,0.7226539251628434,0.7980067100803452,0.679223815266319,0.5411344517830268,0.4294933362454946,0.782744867122,0.7806438389412709,1.1195772483421162,0.9447760169190165,0.6118088483259646,0.5081269229215238,0.704212778724905,0.7578433415165626,0.8456956134259578,1.115434781149691,0.5657539455382316,0.9013100860567125,0.5269309798664762,0.5769025096412763,0.8262540520990108,0.5975467644509298,0.680670289438963,0.31955606943540654
Bulgaria,0.850825360331619,0.668779253271913,0.44169022137980074,0.3882603136907027,0.5921611688541456,0.5155485751635339,0.6784321189853402,0.4746969404250568,0.5104688644840606,0.7799359295618485,1.0,1.1844358021676848,0.7409347562281978,0.7546972516669774,0.5526243513799989,1.393987894569184,0.5542779948275751,0.6171351369171847,0.5364395545222246,0.4511416297109561,0.41084733046952576,0.3703604389938783,0.42332578816273037,0.9714329410452788,0.6826769791984943,0.5667979468302407,0.5242405689270417,0.4093475899999805,0.4591354709921092,0.4234066783013174,0.34929026890063847,0.8042440352820096,0.5665417572653445,0.3933806549250417,0.4235266308867609,0.5185176565781022,0.6472915754721514,0.605071706545429,0.5493838683842514,0.5600721980309314,0.876428221933162,0.40493941676399486,0.5114685525298901,1.0793320690097883,0.6949625571193099,0.5039727886574171,0.4926214621861271,0.5144790327783728,0.4765707986544821,0.5607200839895924,0.42180962656814075,0.41186521785021424,0.6971239207878219,1.1619090435596917,0.5315227841742047,0.5669718467502552,0.5618254430342672,0.6263273091761837,0.7085648227015033,0.5466524963939674,0.4762420469078006,0.33765833968582293,0.695807262707285,0.5625635967135728,0.7481493536265785,0.4792480383814744,0.45432606847846413,0.46764646060062715,0.6792251626463353,0.5056783941014253,0.5349597429634784,0.5156525353907344,0.5348767793406034,0.5012481083396798,0.5690588024660848,0.761660965740941,0.7452836166087768,0.7350424319133775,0.5353772870587877,0.5986473164092965,0.6538117847105487,0.3986707824672015,0.48017852320393156,0.6743501267640782,0.7929951256897764,0.6184718731109812,0.6783766580522537,0.48597555493439304,0.8259135291993819,0.8114183152210505,0.45379645311070776,0.4649330884159702,0.7665049387171639
Burkina Faso,1.454575794942502,1.4329873386977712,1.1423146761386092,1.0962502960311882,1.2453838269189572,1.2885782355860846,1.4291358613766956,1.0155966049879306,1.1382168701824344,1.2390382869100522,1.1844358021676848,1.0,1.052476604669634,1.0135372955149127,1.2307449002215078,0.8856196526844938,0.9820081018607162,1.3867939725237999,1.2105758992482727,1.1282600283894506,0.9601931831092341,1.07748990653773,1.0693618501983078,1.7274420608127596,1.4515112721105337,1.297242814230421,1.0748963825919058,1.0998015519434765,1.1277500199221997,1.1198629955490722,1.1829757048014695,1.2380420038912217,1.2400405581788487,1.0631717716224705,1.1065521982141169,1.3717750551255743,1.297192791893123,1.0896301122063026,1.2796391037844017,1.3124877953910474,1.2991900509463348,1.0590101935578622,1.0778143750773137,1.437044256451665,1.0994145477285502,1.1762049816451612,1.021647268990035,1.0578354264571612,0.9833026953827104,1.17790669503918,1.0729238603274254,1.0000091869238783,1.4245171950568034,0.7290742149022819,1.274373090579888,1.4216418306644447,1.027765199993491,1.3032813677225095,1.1319258146835747,1.1565745048230027,1.1433646199128948,1.055024853830216,1.1182353359715171,1.011557509108939,1.1345422801168101,0.9976819889386167,1.1260149694810737,1.0094133098408324,1.1984959173893577,1.1740019233350583,0.9575748674536311,1.3102030852659636,1.1378247569368847,1.2724328582181004,1.1645999404147267,1.2130805350776346,1.0553554529114646,1.2530947851616248,1.1325924330257209,1.3360794477217608,1.1623704240883244,1.1073695977840698,1.005746510077083,1.1907638500183961,1.287880151037535,1.1927308769368365,1.145010236591368,1.2874908648985472,1.1020376041385274,1.3551579734152923,1.1384660233723034,1.1367479214638117,1.358782436919245
Cambodia,1.2575525724530723,1.1710749931504396,0.8251399466842478,0.7492005197955135,0.6683250487863677,0.9396096952425927,1.200036761097937,0.583721579446355,0.6750162849757506,1.094950646678564,0.7409347562281978,1.052476604669634,1.0,1.0618089607561036,0.8720736424573364,1.568246058194596,0.5685712352172929,0.7119843277628938,0.9743335161584401,0.8883977034014005,0.8308079596380253,0.7143134398369275,0.7898054954791014,1.2771031312178345,1.1838858477160894,0.9741786103086184,0.7140376567701912,0.5983395973734783,0.6742353523829322,0.6926186300137221,0.7958431710698642,1.1854712131564653,0.8613130312247333,0.6591725853829731,0.8224118600923154,1.090988945042758,1.1053380744048429,0.9519504370306093,0.9924346001455748,0.7496420307810588,1.1326281413705723,0.8056894446138083,0.688109682051979,0.9251079865608572,0.47078488068503016,0.8010315573247593,0.7203352772322841,0.8607579676994874,0.6359323734589052,0.7194813509433627,0.6704700187952074,0.7119675135642247,1.1832453681876218,1.1656669116476452,1.0672009064231456,0.9670488395005059,0.6212579043026358,0.9558388448671022,1.0471438578380232,0.9853089812653607,0.8694982279700915,0.5408247098277049,1.057671656693849,0.5985411083160015,0.9541531345092296,0.4458544832374942,0.789891834886757,0.5872069774901398,0.9261724738945926,0.8536814054849505,0.8088428427478798,1.0928845794877111,0.8891160112704244,1.0544031527932556,1.0453661747045497,1.1470689508561034,0.823625416678813,0.6586738546611892,0.5487710459069709,1.063944747710129,0.9966478515808157,0.7387600639132262,0.6676038090268074,0.7610608425659485,0.6177173679951952,1.1432805745831096,0.6102137087306535,1.026228877111054,1.1986721104028628,1.211554738219501,0.8731882427171475,0.7003179406089739,1.1270947206470632
Cameroon,0.9802418885038013,1.0230141790024057,0.6450685743361401,0.8148563188705209,1.0532258552795721,0.8578234933168899,1.0458576267336768,0.8596130733225376,0.9224235129263715,0.8785290322117836,0.7546972516669774,1.0135372955149127,1.0618089607561036,1.0,0.8518574177651295,0.8684028974316821,0.7721106951065728,1.1080075996730732,0.8005235722677151,0.7006792296708538,0.7058908855903442,0.7386966951346516,0.7149483126906271,1.3076207975715743,1.0462442475644438,0.9131005155237877,0.8411867531525774,0.8638509002209513,0.8403268664658743,0.8329783885332815,0.813509885119247,0.8797585024319939,0.8973899933484537,0.7500331312015235,0.7591004330321701,0.9471345146491466,0.8183382263421085,0.475075612226235,0.80415963143821,0.976375923512929,0.8602484368212399,0.7264050559727433,0.8337652137111007,1.2351206064923477,0.9745347676649156,0.832710380288372,0.6920368786593152,0.733516955861594,0.7750089877945133,0.9419921065641919,0.8458786202864325,0.7628273904746696,1.0113850759240481,1.0432622317498546,0.8522706627339144,1.0334176338159065,0.9117521592593735,0.8483600477912246,0.6578144788428179,0.693904587883535,0.6846787473140584,0.767426456963222,0.7791020066484682,0.8022060693391283,0.7390507869420236,0.8262749944739839,0.6943442747401815,0.847960028102259,0.8334741745906109,0.7836529940117453,0.6685743184269587,0.9484058353921381,0.7537721598915992,0.8038291899097196,0.6684416331433284,0.9135698064224788,0.9482599342408551,1.1081167797388816,0.9420806200436548,0.910181716612661,0.7821176371465373,0.7897030047295778,0.7788351236353696,0.9146417976383625,1.1417792373245021,0.7343652697060806,0.9044230172926871,0.7710953097632244,0.8491466797940236,0.9943849655629854,0.736935151321651,0.8537432184688826,0.9366752728077297
Canada,0.9624229844476773,0.6043653494442753,0.33571907595335815,0.36387223793958734,0.6632756320678629,0.34587410856594913,0.6788540433058865,0.48976550181305617,0.5034198865044768,0.5040752018794656,0.5526243513799989,1.2307449002215078,0.8720736424573364,0.8518574177651295,1.0,1.4482027369353752,0.48908124163550354,0.6112506816787506,0.4455341284779378,0.43169045975237896,0.6253921860235664,0.7146896470798219,0.3770072988544573,1.031077273608644,0.7084702348550161,0.6516241923501362,0.4932803377925297,0.5965627550185366,0.46196604665318136,0.38418947796555114,0.402112520026751,0.6505305540688098,0.40514393503002677,0.4127790727165512,0.34439654533676256,0.5802006523356735,0.5946752621121116,0.5639719546416716,0.5663113343335079,0.5207312793693865,0.9296062585405148,0.4204680367350665,0.5302658279317226,0.977047313109397,0.8344447702490663,0.46344908686007813,0.5855850255363446,0.40669851502321697,0.5271760455658525,0.6665895311182001,0.6092238326502791,0.670310122198917,0.8038003396044526,1.218891194448546,0.5119209382394413,0.5649642083505051,0.6349786930322138,0.8388686825818571,0.5681122937552536,0.5112745288038543,0.413743549836286,0.4570819310260511,0.564426799245028,0.7763855060204043,0.5921805995557802,0.6184642227975724,0.5079360961693806,0.5101679776123398,0.3430474828281748,0.6019802647968175,0.5141611017076798,0.6703282348103803,0.43389518435862307,0.4708268587942426,0.5310194825032747,0.9063314325255997,0.7617776904672149,0.8723288744963148,0.6764723208699471,0.5743157717083013,0.5531373589270427,0.41102352419632426,0.6052834286931432,0.5386315567800866,0.7786828207574821,0.6137882881307132,0.586168279625441,0.49390276075815326,0.7186193990199873,0.8920762801210341,0.35150422719246455,0.3043602890032619,0.5460419081294823
Chad,1.5114493238510949,1.5113372753252328,1.2949584195010064,1.4014226991796408,1.673604524293609,1.4938760468885632,1.4900029398543775,1.3940673679988373,1.5037016205926128,1.3857779596715674,1.393987894569184,0.8856196526844938,1.568246058194596,0.8684028974316821,1.4482027369353752,1.0,1.3158947313823972,1.7768751101960871,1.3627953314224674,1.2664093888245913,1.1813037632051908,1.3221375313087043,1.2849927744014107,1.8972059181459064,1.5003104050084788,1.5044776900844667,1.4165632745492778,1.4750335339322276,1.4451379420287784,1.4047694955987386,1.447068236587309,1.3307150272923536,1.4786688730743465,1.3578052563197245,1.3167326851081465,1.5186251628247194,1.366039036275692,1.1414570012689103,1.4299244913086222,1.639828221283501,1.3064912261118686,1.303983999040045,1.3585248424136813,1.682196472185187,1.4945060763178393,1.4037619682645046,1.2640986820331848,1.307661771617637,1.3170777190456646,1.5005832551001117,1.4130131981106064,1.3010047738940016,1.479876913196696,1.041799949683602,1.3689741093955026,1.6092102655410903,1.3502479701409527,1.3966813933218454,1.1486513787752788,1.3107827022147078,1.3118177406539178,1.373744791074024,1.2552645670486056,1.35418018733999,1.2345043596034413,1.3867185901286352,1.2756353488492223,1.3649571000969487,1.4077918756138539,1.3492888300178194,1.127931804729668,1.4243647000817805,1.3820237531028825,1.3452565940759458,1.2318900026225381,1.3471557560514582,1.3740997409735412,1.7371462227363164,1.521233105518829,1.4640183344155906,1.302782509993976,1.4011788539519643,1.3809581689758947,1.5596210924540552,1.644703896953882,1.2224102231276615,1.4498434848793968,1.3551046461249856,1.2219645207670082,1.4252542473894443,1.3475732748189624,1.4375059657487674,1.4939860097814077
Chile,1.0663914621969948,0.7935556769104194,0.5040376072322944,0.5081895722268364,0.6192185229031492,0.6203931478176528,0.8211306314077033,0.46474267797658825,0.46360150948443163,0.6701229527846599,0.5542779948275751,0.9820081018607162,0.5685712352172929,0.7721106951065728,0.48908124163550354,1.3158947313823972,1.0,0.6681488641112787,0.5651185108823787,0.5759999334276575,0.6047585872144979,0.6135040032828175,0.45625190253291537,1.1755986230492481,0.8263538021536639,0.7963791867538775,0.5473415011513367,0.571651675273798,0.4341331519189502,0.504261491222483,0.5640409473413223,0.7710255146294079,0.6418316737512151,0.44863613450749074,0.4763992441349109,0.7703559661826701,0.7782648090830232,0.6366975324700204,0.6960402296316811,0.5341431121294659,0.9850210667045306,0.5269755279561735,0.5253048140975898,0.8596317377933258,0.6929805691743947,0.4821393804692212,0.48208620421133913,0.566973554951563,0.3585097689686142,0.5725166525457234,0.5112556002594708,0.5880125995694878,0.9708427490332726,1.0278651428683172,0.7207932411100921,0.670444350406979,0.48209621301482103,0.8095507013414563,0.6652000410777543,0.6786349441227313,0.5993267040918095,0.3518592907633863,0.7343582320587073,0.5870192559411397,0.6354854660841358,0.3933659862149853,0.5481593404523235,0.4284938528423181,0.5120626124092497,0.5734216536255454,0.5781200707714058,0.8104478350512235,0.5748180477535859,0.6847003667360773,0.628050102992199,0.8890498480518892,0.6776398959462616,0.7222996243659956,0.581223216714145,0.7416315466337862,0.6114119961609468,0.5524324395782607,0.4964430775350162,0.5970717909087514,0.771813388628821,0.7432616654679841,0.5903123061108672,0.7000618486679343,0.8027470503194412,0.876791744871257,0.6006725918137826,0.45902074854055974,0.7393216900730489
China,1.1481969553176798,0.9489034114357228,0.6722980301770022,0.5167744114327945,0.5689977014915532,0.5823969053663871,0.9818255043283487,0.5494911715455494,0.5220525945478767,0.8859542187833269,0.6171351369171847,1.3867939725237999,0.7119843277628938,1.1080075996730732,0.6112506816787506,1.7768751101960871,0.6681488641112787,1.0,0.7489880357226453,0.738242402377981,0.8166283286165243,0.6854862248679732,0.7282046540668284,0.8853146165292768,0.9919397565940158,0.8150214669947841,0.509012916086113,0.5535922664438291,0.5799927203272145,0.5810624198640988,0.5279466414742812,0.9377201188839774,0.7034124219098524,0.5735459482631818,0.6573493587319528,0.7338578764322033,0.8796654789047237,0.8921882354752544,0.7350224560001145,0.5634310233970943,1.24799365583197,0.6744272183823077,0.6808902694615446,1.071165643692232,0.7919237655533532,0.6575785843688164,0.7154670411028641,0.6356521411394133,0.6628005155532966,0.6675197826702665,0.6382312400446409,0.7542297923038062,1.0203564263169993,1.449105444234762,0.8632112348010335,0.7348197278715916,0.7433142451562432,0.9924364868373178,0.9517223550807588,0.7806703202315486,0.7086856867407422,0.5056302505346968,0.8694250159763854,0.7840106637921957,0.9211526980207009,0.6599350723964347,0.7207312957980481,0.6647245432665978,0.807807577278931,0.7147946904908099,0.7792147164080112,0.8420078277033789,0.6538568319528509,0.8163154118655455,0.8490519761182569,1.0392982865722267,0.8303568037622687,0.6255387728202958,0.5217397510241669,0.7735034296743716,0.9494713956102633,0.5961219669500564,0.6312290986714765,0.6271816761059172,0.8316885779672963,0.9533454543829907,0.6838889480356657,0.8034597748575638,1.0392399423369556,1.0724342497558736,0.6796952635660654,0.5177999422291948,0.904761427368638
Colombia,0.9840550128611093,0.47134454124105124,0.4425691347066692,0.5079440967911543,0.6507936022564789,0.39360782553934204,0.5809911600826491,0.5998946099696283,0.5720364169548815,0.37607689042326603,0.5364395545222246,1.2105758992482727,0.9743335161584401,0.8005235722677151,0.4455341284779378,1.3627953314224674,0.5651185108823787,0.7489880357226453,1.0,0.3773350029442107,0.586566647788807,0.6673714037358679,0.47303631548726993,0.9572473016081069,0.5906813282342577,0.5957210178387005,0.6230162155656143,0.7296951421658623,0.6403703947427264,0.582846951047932,0.5280595756597323,0.4570263677180338,0.5996203719726609,0.4562828041733578,0.3380119503984096,0.4550456714065934,0.44880196163295827,0.57926517584738,0.4902067920416781,0.7292179288347975,0.9715631495852496,0.5031503931837628,0.529987628743981,1.201846699987336,0.9988070795542175,0.28859050542453324,0.5542024715726971,0.42709222768734856,0.46130206664439005,0.7339027200430478,0.6164457037800016,0.6389964734845213,0.7568799758501309,1.2471139870919767,0.39790187943515265,0.5525901760396678,0.6818065210438359,0.7656501763491628,0.40584931785274525,0.5198097060506645,0.5264523985344867,0.5106603740191419,0.4273253509156903,0.8580529050843192,0.5280877424814272,0.6589440144380863,0.4526165225249798,0.6115848211219915,0.5027165395189245,0.42465496033583733,0.5842191384594579,0.5618902996067173,0.5779675842379268,0.38123290596792025,0.34448392111621334,0.5989047129766443,0.7395571983972544,0.9713427226075618,0.7994525796680267,0.5224042922653075,0.43995955442107726,0.5899766017853791,0.5913707492848836,0.7685336184749159,1.0149329827076965,0.4228451162306247,0.8256248222204828,0.41320826718406384,0.5774404887800829,0.776618356314901,0.48097301566671974,0.5441214668248756,0.45436009156430746
Costa Rica,0.8730038519386705,0.5684215892180011,0.2866627784116406,0.3746740617090688,0.6892335161085658,0.3574750442191338,0.6771523352103977,0.5690001838594768,0.5665321664442323,0.531177562722354,0.4511416297109561,1.1282600283894506,0.8883977034014005,0.7006792296708538,0.43169045975237896,1.2664093888245913,0.5759999334276575,0.738242402377981,0.3773350029442107,1.0,0.4302190385560592,0.5504407813668744,0.41389782172317646,0.9410204802672624,0.6452398711870542,0.5024233562046639,0.5414275592930398,0.6139392422956036,0.617570960422225,0.47313946776240967,0.4100386852567687,0.533001294829957,0.5151580585656055,0.3499574537279911,0.1885236051351724,0.47163022997221093,0.3862098802483055,0.41886571259186745,0.43179192713292747,0.7385842181979644,0.8661634622719253,0.42430611828509873,0.3226347025814369,1.0496247705195936,0.8193169296516174,0.4249655347551779,0.521314893764542,0.3494716217139163,0.4430316121321021,0.6846092531288026,0.5620257789454428,0.5504963438860251,0.641465291200473,1.1336270196557412,0.309365057467869,0.5937550341187604,0.5278502299130562,0.7451861083919229,0.4082888663120291,0.41095757665094207,0.3885359167339035,0.39444947728509666,0.38110838783747897,0.7834325830579575,0.5396279352558749,0.6105161785738984,0.2853726480952388,0.5222486048400342,0.5529231826148637,0.46179543488262614,0.3404998683989379,0.5107813452434556,0.589308310632665,0.3386832159408565,0.3739307849212014,0.6337681526444113,0.720207028146258,0.9633445091771491,0.7224272115966852,0.5499116791534929,0.5018959532846579,0.46284249787428156,0.5029048205585035,0.789791357392685,0.8488067326395589,0.47332629503656165,0.6622584456609867,0.2986221039111735,0.6699004238290096,0.8190301495420713,0.33521493608411707,0.4391861331305907,0.5672977954663275
Croatia,1.025098458993122,0.7027455298334279,0.48273381236928775,0.4567390706848905,0.7664128993833941,0.6298890826881021,0.7159852201434103,0.5287817384530442,0.5947214163094103,0.740233724103764,0.41084733046952576,0.9601931831092341,0.8308079596380253,0.7058908855903442,0.6253921860235664,1.1813037632051908,0.6047585872144979,0.8166283286165243,0.586566647788807,0.4302190385560592,1.0,0.45559693629909004,0.4362939975498456,1.1012623639913766,0.7084248682753591,0.627561543197533,0.6091309797795995,0.5121807631086676,0.5390114152409978,0.4968450684911673,0.4531710552807547,0.6852758930406389,0.64410792641908,0.5108652359355208,0.4322613600388482,0.6015532354422312,0.652888594564801,0.6233047829815682,0.5594365029010074,0.7375525675154941,0.9446748995170493,0.3600676839449065,0.5046290208400007,1.1243322217907687,0.7323193448890598,0.6063118406948926,0.4759475938222228,0.512974254368205,0.513413178952993,0.672172018041927,0.4976057680777378,0.4283370073575268,0.8629837734818845,1.0265951464887346,0.5241517590344899,0.6817362463729383,0.47343862976804507,0.7819685805303044,0.6281086935874387,0.4987566938383491,0.5722926172462794,0.41612235947071174,0.631733229232842,0.5641151796115725,0.6773669304098944,0.5431427677822501,0.49015264894105653,0.46222083793960067,0.6931479155636562,0.5229262737889447,0.47635667487681144,0.5481377605809172,0.6115522035166915,0.5268289343329803,0.5761306612801748,0.6772163892103875,0.7967672418224215,0.9148595481826602,0.5921871382938764,0.5715995822256222,0.6547252926060588,0.4347763298929904,0.5143551557111503,0.7805119293609182,0.8512323022566359,0.5553893164433729,0.6905818489866719,0.5288990598685158,0.6642937862475322,0.8583704007916159,0.46227380066462626,0.5199016846988666,0.7990714582876446
Czech Republic,0.9730956746630275,0.8655237210789556,0.5646956759632418,0.4723757414695329,0.6804879418441229,0.701729183381995,0.8785200109675396,0.4967574608383667,0.6941343300961924,0.918034511049729,0.3703604389938783,1.07748990653773,0.7143134398369275,0.7386966951346516,0.7146896470798219,1.3221375313087043,0.6135040032828175,0.6854862248679732,0.6673714037358679,0.5504407813668744,0.45559693629909004,1.0,0.5484293867737415,0.984871119204898,0.870062104687443,0.6446899848676776,0.582679925586497,0.4275049327391533,0.550262795187095,0.5234147357515091,0.4446910451086451,0.8243834014051761,0.657439880133038,0.4991853545438386,0.5507691090910791,0.5832651814612169,0.7520057794384264,0.6620510895888917,0.6939756374141772,0.6994081114997869,1.03215706097721,0.4740326900706913,0.5573310735226139,1.080808441465243,0.6485601837725399,0.6326742286134642,0.579982948838821,0.5569309249528847,0.5623128808882819,0.7456304044211064,0.5427024600103729,0.45463796470036233,0.8623043488736185,1.073885095748724,0.6665531008733302,0.7861705511607054,0.5476507209357163,0.8191182745839838,0.7935638179171172,0.5967755011132407,0.6453321471541932,0.4262638727018078,0.676105972469622,0.5726081630690455,0.8178818127062625,0.5327541713318307,0.5216462021522578,0.5676148976838805,0.8581998722566483,0.5604587361538959,0.5527682158846641,0.6255855854918783,0.598314425313263,0.6541713102508881,0.7065332714899164,0.7431563330425455,0.838937172198192,0.7380646561069321,0.4996798700825512,0.7227126610142338,0.791970555880816,0.5018926834422585,0.41752859195247594,0.756275295910829,0.8470960312430771,0.7144571119267279,0.6738180265624456,0.6424044706385343,0.9293196187204055,0.9790873674720567,0.5944137660725785,0.5579733678040429,0.927547418191301
