Country Name,Albania,Angola,Australia,Austria,Azerbaijan,Bangladesh,Belarus,Belgium,Bolivia,Brazil,Bulgaria,Burkina Faso,Cambodia,Cameroon,Canada,Chad,Chile,China,Colombia,Costa Rica,Croatia,Czech Republic,Denmark,Dominican Republic,Ecuador,"Egypt, Arab Rep.",El Salvador,Estonia,Finland,France,Germany,Ghana,Greece,Guatemala,Honduras,Hungary,India,Indonesia,"Iran, Islamic Rep.",Ireland,Israel,Italy,Jamaica,Japan,Jordan,Kazakhstan,Kenya,"Korea, Rep.",Kuwait,Kyrgyz Republic,Latvia,Lithuania,Madagascar,Mali,Mexico,Moldova,Mongolia,Morocco,Nepal,Netherlands,New Zealand,Nicaragua,Nigeria,North Macedonia,Norway,Oman,Pakistan,Panama,Paraguay,Peru,Philippines,Poland,Portugal,Romania,Russian Federation,Rwanda,Saudi Arabia,Senegal,Singapore,Slovak Republic,South Africa,Spain,Sri Lanka,Sweden,Switzerland,Tanzania,Thailand,Tunisia,Uganda,Ukraine,United Kingdom,United States,Uruguay
Albania,1.0,0.772896678694976,1.6599635099758616,0.6979794350655274,1.1219085854380884,1.1115954908384222,0.807251013839608,1.1928330506145532,0.6578848678767023,0.8074665627275714,1.521155450937688,0.8134709414290489,1.8165030869083745,0.6917376904136598,0.83325375785713,0.758310402779955,0.7297672853458619,0.9877470424350913,1.1589083898367436,0.7827392952377336,1.9135460779927242,2.1779000481026887,0.796112075748624,0.7252441617229763,1.1582256942959845,0.6786600613714182,1.8869220148752195,0.7454640463647525,0.7495661093792545,0.643503801200389,0.8554675711586924,0.5336727790896657,0.5761162904774237,0.7477654359932218,0.6882029933676211,1.091169174040819,0.6333104821024141,0.6078565577277824,0.5607294057465492,1.3312993112777998,2.097292980920465,0.7354493424024605,1.4319805879771308,0.7167511040411675,0.8290930022487409,1.6944495824322534,0.5436219636841323,0.9501580671135478,0.9538258317438476,0.5270630237909838,0.7688578737237555,0.8871327305241644,0.742079943380383,1.0430406952537832,0.53914332784836,0.585377941726062,0.8079451102138947,0.8898684084456008,0.8156950294707127,1.0145127720875173,0.7602703964618593,0.7406471555826334,1.1442388045651466,1.6309046819355701,1.122476149487293,0.9536658792048125,0.7749774796971983,0.7892620058619602,1.098813463123931,0.620642758541948,0.7812728298983058,3.7434005346207417,0.6813819412030688,0.931168174023547,0.9511685716593213,2.936703257050865,0.6138345894043237,0.9080502242587091,0.9039510226977773,1.046522524887231,1.0369238822451479,0.9174264298331373,0.9020558431398857,0.7029308786203109,1.1635504095940088,0.8645685527482799,0.8364762532996475,0.8672954810655334,0.5290477214644013,1.0381018844564656,1.4185564802197712,0.6373740840194985,0.9669217615389111
Angola,0.772896678694976,1.0,1.1203063513277498,0.744208049591493,0.4465715269867308,1.048119558278198,0.6388096326587194,0.5822364908818047,0.7807344922090705,0.9220766275709088,1.530261056100002,0.08605867602943497,1.806443701495487,0.1449986332146282,0.997497133284607,0.8924436950114117,0.7758043557305236,0.9665520240588427,0.5638006014972772,0.9460384255497986,1.5542060960718298,1.164569694203677,0.8427983663739603,0.8625208421912314,0.8043970898661121,0.590474545536853,0.7912079195501542,0.7532783836501946,0.1730733384088359,0.709475632772374,0.7446180734744178,0.43192456230237813,0.649227230580843,0.8935658518709613,0.7971905493318698,0.8634412556023454,0.7457994931666809,0.5088253260325617,0.30131640023669054,0.698989663782501,3.89727424885825,0.5656820779381226,1.5232313726978506,0.9066521887439268,0.2180161233714625,0.9267914929598663,0.44608507078677717,0.7891983219322509,0.30620419334260784,0.5851439446360468,0.5415988750151401,0.5835389603576397,0.8374976647188912,0.5797064872877729,0.39988052716369704,0.41700007280957047,0.706716053759271,0.5773624109699803,0.4313125204320879,0.8384871740791242,0.5747133625294197,0.8793558415051443,0.4103469165070137,1.649793511989368,0.3364468171990363,0.5339361517990299,0.9367705604780171,0.9289597074008399,1.0724650252758847,0.28151827055707307,0.9378218147750645,4.527376756305365,0.682625858849762,1.1961524109117665,0.6271567073683847,3.867550527235979,0.3912339320800128,0.7919298928806883,0.5412002516585424,0.9467639476781017,0.5466657256489633,0.6367717940983646,0.9848866724320348,0.8006726209241141,0.5231861391903498,0.927667923152046,0.9977306014722149,0.9665769766651301,0.5900111345914495,0.7175673776343802,0.6160192478158323,0.6972191904346375,0.858693819114045
Australia,1.6599635099758616,1.1203063513277498,1.0,1.0204166124213685,0.9662156058495877,1.2825976654342492,0.7919709744960557,1.0534473493732281,0.8947797903942926,1.0166269298670023,2.358724058225441,0.9005834627652987,2.4206128296286336,0.8327891432596876,1.110860298655893,0.99699482331697,1.025590259336532,1.1913781578924487,1.0406325922928576,1.0758068087898969,2.188704706085466,2.2415724842727247,1.1910777125411502,0.9532683028619279,1.2239819985806968,0.7565047996846208,1.83770958141357,1.0054240865121804,0.8465400727133859,0.8355172832061712,0.9719009406977994,0.7496606614900924,0.8220416912044567,0.9932247266877784,0.8883775353951463,1.0395912974206065,0.8486923130002196,0.8506462707489593,0.7715180227445068,0.832913337983839,2.5832796752608616,0.8837527874247099,1.9993806141865431,0.951046148537055,0.8589691208969366,1.6206767782292515,0.7747383497450283,1.082397364651382,0.9331149852233646,0.7646667949164373,0.9485277107015898,1.0432665751085306,0.9273623210093982,0.9351492323550483,0.7701017427772381,0.8197071887029772,0.860921740995047,0.7660018374059282,0.8549271235917669,1.5638312721632317,0.992600151456153,1.088899208275481,0.9959279837830703,2.2662463252727303,0.9035818202969917,0.8556785831307638,1.0570267779279405,0.983704979938257,1.2987853571928,0.8209168144341945,1.0656856630626594,3.2867887575706476,0.9190305908363214,1.3072386611668647,0.8374638709168413,5.083486113610399,0.8443667787614726,0.9911194816379989,1.0779680887752654,1.1454618954374787,0.7843040468533478,0.7644403074583189,1.0338568341196084,0.9601134252498025,1.0077624076597322,1.1504751563667204,1.1255670918865432,1.1454268301650388,0.8430745270838682,0.9929411504630243,1.5708108843709871,0.8875136002901723,0.9816435656236798
Austria,0.6979794350655274,0.744208049591493,1.0204166124213685,1.0,1.8620211821489057,1.3644234358608587,1.3172560544910188,1.4501778551596713,0.8837172501185401,1.1279886884764447,2.9160137010800535,1.0086326334649576,1.4452276678594118,0.8142727196122237,0.7348205140830096,0.8443779050044832,0.6230483720150155,0.782647791678577,1.1081222515565032,1.0871994964804164,2.671704879098546,1.4533753265753742,0.7776737862036632,0.9848888435084273,1.1827976351302218,1.3821612113419761,3.2372331447741853,0.8151848141062962,0.811222178502182,0.8024318464968767,0.8779632641978237,0.8578702697305108,1.2089626361857138,1.0439525483638057,1.0812523085813244,0.9100817213385395,0.9765386080836821,0.6286490760951715,0.7639569103995058,2.0741118948937536,4.223058528359332,0.7371958595561,1.1660638531214214,1.223863544471585,0.9010638437775563,2.3589357995893034,0.6758066885634396,1.0443290075149319,1.1216151847272349,0.9107824361485184,0.859413684527685,1.1490868745761473,1.1651409712444925,3.398822732794905,0.7435932522032078,0.5864578237661819,1.6924021409696273,1.5922834440632492,0.8144058286863904,1.137563081637863,0.734103173762889,0.9469455941314704,1.4690668040418167,2.0316279379326763,1.3354187125952983,1.2914744442785904,1.2185820276245831,1.2003906338487849,1.35156303623535,0.674213088439117,0.8608070678871468,4.294376817306037,1.1842330362589755,2.245296230894595,1.732675575825727,3.589067090486437,0.6114661231263683,1.5389698103393863,1.7268400981923164,1.6326159289775204,1.3241310999536027,2.438160807315002,0.6659979016412003,0.8206582448799751,1.5225370181250533,1.5641203558631522,1.0684615249169007,0.871387074855439,0.560712255841874,1.975095883049308,1.778098546163587,0.8965903345513311,1.2960047467510074
Azerbaijan,1.1219085854380884,0.4465715269867308,0.9662156058495877,1.8620211821489057,1.0,1.0609997842222798,0.6375126760053154,0.6747024367140172,0.8354639895270607,0.9447397102183555,1.8482962338966613,0.4287752476743552,1.7552478338481043,0.4559532417044916,0.9530435549090722,0.9061928500614401,0.7762808682099424,0.9165802457299839,0.6351486579317726,0.9951474837088592,1.8514441318932284,1.0752732344828941,0.7880417027606144,0.9002918793439602,0.8487327690956227,0.5968941734391469,1.1325489810799574,0.8885343308793561,0.40171728199224227,0.7810916669605625,0.7739492321078472,0.5957061476687687,0.6585146242166048,0.928273095087263,0.8309561970487543,0.7896830733048686,0.7960344262396551,0.6464821243338689,0.509534400390425,0.6740586813155713,3.892592491255293,0.7038266735857588,1.4541253148343174,0.9355221116226015,0.4057945762450146,0.94570030538856,0.6092579537524601,0.8741678676722482,0.4164574036244213,0.6711576831136473,0.6033469385894736,0.7585583579180084,0.8625752375482665,0.6844494512167766,0.5723646145663319,0.5731003845986445,0.7177726194145991,0.5795755801352086,0.5096771998525949,1.2959699182144084,0.6787819957153657,0.9672067936063983,0.5092853792956054,1.9286063036483185,0.3855761097042381,0.5734078649946055,0.9875990208149401,0.9506145957354345,1.0914456050121024,0.5407280074862459,0.9558597480711307,4.285451363570619,0.7111014423590561,1.1829515796201715,0.620855949198454,3.6997144787403506,0.5882059865945366,0.8125374626358993,0.6978921253797384,0.9429092310219911,0.5513604733594116,0.6508011925702555,0.8584628722877529,0.8091283657048628,0.4630973620494558,0.9852328932152746,1.0353018033255614,0.9242223059350736,0.669848225801178,0.7453975760091888,0.8261250734458166,0.8010213083280456,0.8589361270745349
Bangladesh,1.1115954908384222,1.048119558278198,1.2825976654342492,1.3644234358608587,1.0609997842222798,1.0,0.3698594731306359,0.6606819412629438,0.23310560856640997,0.14945414607355567,0.8495916537791338,0.5413371620069899,0.6327189715265031,0.5322369322728892,0.7303936623654455,0.23162431909926764,0.7459290583105388,0.6345274286540545,0.5386770016461163,0.21677436809235676,1.1543925828303891,0.6263893860281717,0.6182307531919989,0.20027066710519972,0.6493210018472162,0.4569761253419792,0.6290340389351922,0.516226958598905,0.5379467553789389,0.29607168517597043,0.7542002073807241,0.40710687299565523,0.4130128893173192,0.1833734573982655,0.21033262783864254,0.8705924681100158,0.2440161410288862,0.42457132259859065,0.4714785183235959,0.5272052145588685,1.9390357688271713,0.6426211995519499,0.511621517124348,0.31480939860083296,0.5330698042882385,0.28372098739946855,0.39428556059082764,0.7926210002818891,0.5673035041593288,0.3667825709069438,0.6707991053407873,0.7656177103443819,0.18460289339918157,0.5607312483050866,0.42341444897407077,0.46225464454277765,0.25182893073829377,0.4062977964652047,0.5489993792646279,0.7889535898149922,0.6395334908473115,0.360438674808438,0.4563030346444588,1.5756258263426424,0.48751950530194255,0.4445100991506036,0.25772390576879933,0.21914168439228815,0.028338398967901794,0.5021902797044939,0.19086452583910543,2.826482675422573,0.3819779112162486,0.8205708530318767,0.31396009041402906,1.5874105099118412,0.5003775560688836,0.1827399794366911,0.6816797580808909,0.24308348701486357,0.48241089433281503,0.44422046343390054,0.9244622074327215,0.28987332766503066,0.5381736041877001,0.33256718208172015,0.18021437729587653,0.36281492326428877,0.4365207910754965,0.2928844617208407,0.5303662149625559,0.38360960763616403,0.40904740384810884
Belarus,0.807251013839608,0.6388096326587194,0.7919709744960557,1.3172560544910188,0.6375126760053154,0.3698594731306359,1.0,0.8526658011517528,0.37865583399941677,0.44667043786133065,1.6116457805795446,0.5294851115479732,1.8251589734481175,0.4848746874745166,0.7937735617195792,0.432134975995194,0.684777697181225,1.0149775905082645,0.8061139205860977,0.5078042118612288,1.255555780599956,1.7153304142372372,0.47228128870049985,0.4192804974653474,1.0628064275834994,0.3018504208416426,1.080080507914892,0.4972744448564662,0.5126723537478075,0.3416304275436575,0.7364971225151272,0.35297389291786274,0.3106501722668732,0.4401151252021158,0.34697636317904207,1.1334253387222069,0.33281866855220366,0.4662205499067508,0.3973160939048965,0.5000042616362804,3.347174810962353,0.6027988029145883,1.400971704878547,0.48210963457411193,0.5288979263912005,0.8857142279892106,0.38022619134463664,0.8240347061598463,0.5671540317387141,0.30895159528538874,0.6738321558710931,0.7196015684077798,0.3718427086993677,0.5287246336696271,0.39050167594603646,0.45392501683155134,0.27974127452396197,0.24761230059290895,0.5430822904143067,0.7958093688368137,0.6137405512469196,0.5700017595656116,0.568546565576037,1.580925380169788,0.5542432105180647,0.46337938402387335,0.5079963453043183,0.4667826933206669,0.6395209909971553,0.4416613659901636,0.49637681468518435,3.5334302073228674,0.38365322271868874,0.8815817511775942,0.21297205538734398,2.5269209094453036,0.47665025568345654,0.38139297163061764,0.6494649742175147,0.584654007087249,0.3359362141127291,0.28620380814312624,1.0924799648264558,0.34321365980748914,0.5411250758087326,0.5570580854513744,0.5398357073707171,0.46449441679657905,0.3971911902845665,0.447480942587472,0.8293883807051602,0.45922601955542014,0.36417036360260113
Belgium,1.1928330506145532,0.5822364908818047,1.0534473493732281,1.4501778551596713,0.6747024367140172,0.6606819412629438,0.8526658011517528,1.0,0.8430188230507077,0.9476939549623924,1.503646577916634,0.46529932318438916,1.6311484174009803,0.4933565418646915,0.9956369956677174,0.9424286613311095,0.6948489774352565,0.835753941023945,0.5341997793503986,0.9883871222783699,1.513046848673491,1.3646623087121215,0.8850915385242654,0.9058881595280339,0.7064780786266674,0.5921247347712328,0.9334076316745197,0.8933035227279522,0.4425501399932514,0.7952136745540624,0.5466829522349755,0.6178794834411867,0.6538721411118309,0.9315284741849783,0.8377590539518176,0.7750303732043554,0.8045362782086856,0.6401816836945918,0.48697848152936285,0.708223768816795,2.822426857933496,0.715382649022833,1.3929831184722465,0.9330378481321404,0.43136440508346485,1.0488115602563517,0.6133145778654554,0.8710960616556741,0.4794793000959251,0.6660783963641334,0.5631077627747234,0.6843042619798108,0.8670061323163242,0.7041061164205132,0.594803227817385,0.5644352449597672,0.7145491602768544,0.5767342683091634,0.49727670880314656,1.185388837141083,0.6380828197772225,0.950087614543645,0.5266096671408389,1.8061731758026596,0.44386725171526065,0.5497876035894979,0.9802079308063818,0.9467457252026775,1.0954359900132857,0.4954952983326649,0.9772456501807705,4.837218008624313,0.7065102738847165,1.2478905926911223,0.6509525408542205,3.76040662745649,0.5724964012689729,0.8144572631474203,0.7879568617602761,0.9516806933807147,0.5503458301874095,0.6485014085983786,0.7835511938188368,0.8542949703462844,0.6052607636052406,0.9651410582532021,1.0315037393092394,1.078889860698394,0.6409812870792373,0.7287492978812024,0.8296626789446998,0.8367797892572715,0.9088433738738279
Bolivia,0.6578848678767023,0.7807344922090705,0.8947797903942926,0.8837172501185401,0.8354639895270607,0.23310560856640997,0.37865583399941677,0.8430188230507077,1.0,0.1403799663995418,1.096404178482125,0.6494334779819405,0.9718104800634149,0.554142302127248,0.7527999242014232,0.17512878998011902,0.9241646059435323,0.7462859472109166,0.8957639040171583,0.18320073679593193,1.402367915132941,1.144993906170496,0.7967883889500217,0.06545781274285523,1.021025991634593,0.5643023395941148,1.0057611429077646,0.46683644046285955,0.6457578979570022,0.15416744978136693,0.9339897513960826,0.30036928173324906,0.47215128461885625,0.11152156934542698,0.09772258510689301,1.3748579177394007,0.07111939017512002,0.3112556632821524,0.4619917285710705,0.6955867973926608,2.3866739305365066,0.6348194501913,0.7683683837616653,0.2409999170392325,0.70484416074424,0.6617139705495458,0.26003239559380265,0.8318488752380231,0.759856565737571,0.2581925998423274,0.7960440245901478,0.8241045868063167,0.1270107351941317,0.6790492698889142,0.3097773150161653,0.3883795380763546,0.3340126917797422,0.5558781392488974,0.8166131266307329,0.8818431918762883,0.6949771757741672,0.2618389908796459,0.7652242013380174,1.724073728868343,0.7766750480552955,0.6991438828434645,0.21467030927481362,0.15303402351680917,0.33035767169825764,0.4954031366224925,0.15231981995131974,2.8370931270791004,0.5156014536630351,0.918481342515572,0.46657011622228295,1.9281312839806566,0.4510211652481221,0.32778370036331916,0.776199211244788,0.41996440650965616,0.7063519069667051,0.5068799006373497,1.4057902265562925,0.31007346689195747,0.8436526471551493,0.42046036241869444,0.19176182360467242,0.4010454134718435,0.3765880994159434,0.49647330191790645,0.8817927215999626,0.23706259873621227,0.43440276376515685
Brazil,0.8074665627275714,0.9220766275709088,1.0166269298670023,1.1279886884764447,0.9447397102183555,0.14945414607355567,0.44667043786133065,0.9476939549623924,0.1403799663995418,1.0,0.9239473087570435,0.6035434868778975,0.7941088852061616,0.5506400865827557,0.7510296027874007,0.19308219197030213,0.8289448974058853,0.7097160331402175,0.6840429191044753,0.11408393208315139,1.2353301305229436,0.9058755729751208,0.6800262754203841,0.07100620996464364,0.7845628537312086,0.48357612607834954,0.8035566183204959,0.4920215925295361,0.6005338845621052,0.22236269739050388,0.8375691205509616,0.34981766351245563,0.40191383376024603,0.052138934454708595,0.09145219516571876,1.1251085115331247,0.1294382643549605,0.3739663170617904,0.46915884306731065,0.5876365366233912,2.0148987218072754,0.6448701605856303,0.6352322416124998,0.23419818851611635,0.624722013594007,0.46306914237648855,0.3296477675511076,0.8043263030778994,0.6680369131725548,0.2969145382614223,0.7396333305788783,0.793197707057498,0.06629803721413449,0.6161993224894994,0.36524955860969416,0.4356658650969077,0.2393791182402124,0.4459412521756278,0.6677751626113623,0.8223253771634186,0.6664778609205333,0.26503890780561695,0.5948115089749241,1.6111228568005798,0.6252416503735734,0.5311309693091146,0.1517028070619203,0.10143510225718483,0.1720567057846776,0.5050337124061474,0.14182197413427994,2.7446425287416663,0.3968553516125597,0.8322333667160913,0.3539720812142334,1.6942270895115743,0.48635368332597695,0.20076401459478554,0.7252161335529743,0.29046727478495993,0.5636556794646185,0.4554053603856519,1.1531005372532963,0.2791951825954211,0.6663602664627438,0.3031615565870036,0.10077662629386015,0.3853434734919791,0.40475974742332316,0.34905202137398594,0.6970825613865432,0.2897268814269005,0.413195560086581
Bulgaria,1.521155450937688,1.530261056100002,2.358724058225441,2.9160137010800535,1.8482962338966613,0.8495916537791338,1.6116457805795446,1.503646577916634,1.096404178482125,0.9239473087570435,1.0,0.7723653091372735,1.7245230241755258,0.750441524230767,0.8695368404420583,0.719776475799075,0.819559797643063,0.9816537329591164,0.8095251865067757,0.9082747656683406,1.4221789269478629,1.021392542247637,0.7646339589759823,0.7734024048052941,0.976668767722875,0.7018391658467372,1.383125582102279,0.7704753266792973,0.7407328146601836,0.6988268990985912,0.8909310962054652,0.6826022283223625,0.7106725034711011,0.799789355118524,0.7395351659994001,0.9090394305687983,0.7200558760768353,0.7529173901580627,0.6981774797571679,0.7432511738197239,1.6381733134467942,0.7996016197173763,1.4485969466718973,0.7263434659415396,0.747143986750467,0.9633784341506985,0.7008568079241738,0.9845206488247504,0.71622791790391,0.6638005970380844,0.7994781282239861,0.8235218677033405,0.7576773699605474,0.8095353610384262,0.703441364197788,0.7360928384838529,0.7203516155198053,0.677986610084611,0.771837184463437,0.8751312945683088,0.8451293467226413,0.9648280438505299,0.7926995126267149,1.286677853492759,0.7311397255695804,0.774729180239818,0.9206279972730602,0.8031114426069718,0.9042248927427294,0.7323650393369439,0.8031923265409868,3.288228866652855,0.7745343492319311,0.739026056950316,0.697788808269195,1.7580072536187346,0.749017032910311,0.788705995638554,0.8007275996538815,0.9246524266073277,0.6962560283611299,0.6892372079054367,0.9164917232272195,0.7767738517339797,0.7994023707884281,1.054974116343253,0.9147388166973086,0.7121604175014029,0.754704383760168,0.791014772767476,0.919087242775724,0.7781656757443486,0.6898282322070329
Burkina Faso,0.8134709414290489,0.08605867602943497,0.9005834627652987,1.0086326334649576,0.4287752476743552,0.5413371620069899,0.5294851115479732,0.46529932318438916,0.6494334779819405,0.6035434868778975,0.7723653091372735,1.0,1.7763268497700289,0.14072280189249126,1.0044569304973496,0.8403624811776521,0.8067601910795618,1.0104364208416416,0.5462834474390278,0.8911517284566597,1.462661779852818,1.1443562320907972,0.7891127241041312,0.8145201102218323,0.7808600696641433,0.5761692708667416,0.7177940553958461,0.7404019510226171,0.1568489210637974,0.6897520350885865,0.7761669852381095,0.4653620747361498,0.621596459187271,0.8370809431127385,0.748240301967771,0.8884594239557909,0.7129084161898813,0.5324922745857912,0.3640596584253382,0.676900900875455,3.4540921945924223,0.5782184969505624,1.5187455564020662,0.8532654130239066,0.17106072522438734,0.8290195347337271,0.4767035348771442,0.8239238859710776,0.3160886015214437,0.5900088880652765,0.5652267196371568,0.5680509511610453,0.7770909243732844,0.5958430549292477,0.43843963830916016,0.4459799259805044,0.6472241312941253,0.5426468358651944,0.3970274932601246,0.7929877527422843,0.6127169657927789,0.8741982722017655,0.346781213998361,1.61509793498991,0.30173615130786546,0.48871746511893305,0.8830122144114474,0.866419580714821,0.9624264605419975,0.3211877162726737,0.8902542046341352,4.507038001150287,0.6295732715549969,1.1399253357638282,0.5721370181819355,3.226254200929346,0.40248807846074053,0.7153208123540444,0.5775421044696829,0.8511366106828886,0.5213748868939683,0.6135390049441465,1.0306043695218876,0.7477008068182754,0.48236347143082975,0.8560527314746503,0.9335740900267534,0.8857372329660935,0.6116773114268139,0.6467400198392627,0.5410906982289688,0.6988729891746743,0.7834508532244912
Cambodia,1.8165030869083745,1.806443701495487,2.4206128296286336,1.4452276678594118,1.7552478338481043,0.6327189715265031,1.8251589734481175,1.6311484174009803,0.9718104800634149,0.7941088852061616,1.7245230241755258,1.7763268497700289,1.0,0.6588558640365648,0.7851611422629842,0.49795134178807526,0.7445687651566468,0.4616432800015939,0.5967407657567949,0.4473974412268397,1.0495078880099122,0.4380126320398155,0.7728281855372159,0.4806231956180315,0.6651713321745976,0.5864810162217959,0.5204541418695802,0.7212238246200311,0.6208718737220408,0.554123048016066,0.7715075399441066,0.6132868977998159,0.6146188882132938,0.4662149699308543,0.5157405912283108,0.7060669074983297,0.5303414347330818,0.539807148573877,0.5957639886362359,0.6226661004261149,1.148952045596651,0.7573526572924418,0.10868566860321442,0.5706523738930661,0.6158168096926391,0.45421548012542245,0.580815456508306,0.7069826816804652,0.6205566307440376,0.6010559659622544,0.6768241617584976,0.8470359976245768,0.502593293873569,0.5763144065656063,0.6040173271686405,0.5692659155545712,0.5580887568918121,0.5900745050370679,0.6109240994228848,0.8184867368181513,0.6671918260602117,0.46469930361765904,0.599064753273038,1.48677879518244,0.5856400102478599,0.6021263943343131,0.4869198640079241,0.4960083689792707,0.3957629544466036,0.6282949701886299,0.43264067612504054,2.5938794408410977,0.6171831979815141,0.9334869357482075,0.5862362317250415,1.2014549559236938,0.6207188906307158,0.5184837106561909,0.755053246342814,0.5123502993881172,0.5881161402883889,0.6052506963611552,0.7786467122405809,0.5646068840773126,0.6640923460256275,0.555141690400097,0.41432935939988763,0.5958058568202874,0.590798096132996,0.5673957127376192,0.5989253429684153,0.5928944187021001,0.645989190330991
Cameroon,0.6917376904136598,0.1449986332146282,0.8327891432596876,0.8142727196122237,0.4559532417044916,0.5322369322728892,0.4848746874745166,0.4933565418646915,0.554142302127248,0.5506400865827557,0.750441524230767,0.14072280189249126,0.6588558640365648,1.0,1.118356531820157,0.9516973818611536,1.0302980630366185,1.13451452268896,0.77027434697754,1.0227502499274002,1.8516948529876112,1.7605627713509682,0.9676280892125048,0.9209000701126572,1.0655050713929444,0.7244516823094086,1.0073930547657874,0.774514145888602,0.21276731254359205,0.7437292558418227,0.9747672401030987,0.4650226930021717,0.770536627800668,0.963541057520894,0.8664182366388404,1.1154269310832157,0.8043532063580023,0.5015926014004805,0.4092057930073154,0.8735679766007712,4.778829637402054,0.5946216978039002,1.8814790282919713,0.9661120818316203,0.26309577278499313,1.1172667729490304,0.4532312751211436,0.9099942038844867,0.41418375827959064,0.6536117239687466,0.6557551888438135,0.6067963680272787,0.9131551558824874,0.7771668445929572,0.4169450224791493,0.4239186944129942,0.810893745389682,0.6898170470393695,0.4969272504344822,0.9435911239300709,0.7080241090835864,0.950415787501208,0.5125343375715865,1.7635814418824454,0.44704722289576776,0.6370574210848557,1.0142394540527093,0.9922393745447247,1.1958603488762551,0.32283200131915263,1.010177391556836,4.518417000321938,0.7880839588262107,1.4096665593881492,0.7324152586666529,5.298299929062287,0.3414089154135406,0.8973628433298269,0.6972380173414017,1.0644038443683421,0.6589463482807782,0.7660545478815713,1.3851396769125104,0.894387935182961,0.6289690192110117,1.033712775487654,1.0770354097563932,1.0697644299908804,0.6979628348604582,0.8342852083576364,0.7645336542046727,0.7141323607808284,0.9539743448033635
Canada,0.83325375785713,0.997497133284607,1.110860298655893,0.7348205140830096,0.9530435549090722,0.7303936623654455,0.7937735617195792,0.9956369956677174,0.7527999242014232,0.7510296027874007,0.8695368404420583,1.0044569304973496,0.7851611422629842,1.118356531820157,1.0,1.1440075403281424,1.2105980017339317,0.9244844999886473,1.6068100666538307,1.394647220074162,4.2628649289707194,2.0088561081291187,1.6427090033873846,1.189820725277886,1.6098845945511469,1.7315354841616553,2.843150142972135,1.1702885829157177,1.2686830080367566,1.0477530034076286,1.949710064827834,1.0666736595747022,1.775526282230599,1.3029074316868012,1.3160772845254007,1.4035064655011271,1.220756135841578,0.8419767333656134,1.4341593632014735,1.7075848019492206,4.587846817117612,1.0534385100650916,1.6357355173562802,1.1937185627662192,1.4264398467337873,2.3254282626605622,0.9523736628425082,1.4970448795629252,1.692669471445533,1.3329827529536884,2.029965960572469,1.298303001762349,1.3635335719565946,1.7109889991307419,1.0099548615376785,0.9839815987348516,1.824420562258892,1.8334999349946604,1.4761227869459879,1.7129683118572703,1.877827475560974,1.2402710070777931,1.940471126858816,2.3212367083958734,1.9406977831578616,1.8967142557466337,1.4030473553708203,1.1842988557427307,1.617370953302471,1.252833901567675,1.1838573733359243,4.805705196881298,2.017138881596365,2.1896379187820223,2.021153252297983,8.638210908511159,0.9072271240651615,1.897490685900346,1.6257469006115968,1.7903837270317615,1.7940238209130182,1.70991410836964,1.3038623478059976,1.6740412985907125,2.0834583311459465,2.0468542824486424,1.3669058665766736,1.4959398114548155,1.3803018745949138,2.165747529002197,2.2315020984746723,0.8712567203010902,1.6261865582457242
Chad,0.758310402779955,0.8924436950114117,0.99699482331697,0.8443779050044832,0.9061928500614401,0.23162431909926764,0.432134975995194,0.9424286613311095,0.17512878998011902,0.19308219197030213,0.719776475799075,0.8403624811776521,0.49795134178807526,0.9516973818611536,1.1440075403281424,1.0,0.834147741984479,0.6575803455092206,0.7926621338544789,0.33256548104439426,1.4260647123040846,0.8674839416419899,0.7579899090962336,0.19128632584229027,0.9409264645553703,0.5602972963259986,1.0303398768446494,0.4278071107627649,0.6377205362063367,0.1788584077914966,0.8803849248603831,0.3710402564234303,0.5329587884420229,0.23712757961342773,0.22754319340924048,1.026908198211848,0.21575939966406446,0.33683328426817755,0.49553354434909797,0.6287405348368953,2.6363658069650953,0.6212886221602562,0.778121178979856,0.32720506614792116,0.681745467610999,0.6483870911930654,0.3244984559251623,0.9206055224255365,0.7206884435622851,0.34728818080418344,0.7721931139735615,0.8581617239416415,0.23910787165768974,0.6412909550902033,0.3873465009530119,0.40487027547472426,0.39653185461542223,0.5442470035108122,0.7338198662865197,0.8514729940058416,0.7285820932597779,0.422548611732275,0.7380973040386468,1.8255515369762654,0.7082201537492645,0.6766545039615162,0.38289938911589555,0.27247732508975026,0.34554560009410484,0.5021761077023447,0.1403578374600374,3.1063841584197456,0.5923904521744384,0.9818169976217426,0.4742120163768328,1.8862726669413195,0.434416975318246,0.38739506007272045,0.7836036525729005,0.4707252399461643,0.6366522250963912,0.4987835095289288,1.078021784339287,0.34290388346597056,0.7923097049278347,0.5801709938301125,0.3054397612759287,0.260271914192495,0.4369713594684201,0.541544019758935,0.8770994560805626,0.3471359367185763,0.3554298460325144
Chile,0.7297672853458619,0.7758043557305236,1.025590259336532,0.6230483720150155,0.7762808682099424,0.7459290583105388,0.684777697181225,0.6948489774352565,0.9241646059435323,0.8289448974058853,0.819559797643063,0.8067601910795618,0.7445687651566468,1.0302980630366185,1.2105980017339317,0.834147741984479,1.0,1.0231761331697287,1.1915121128053376,1.4700853513378462,2.5361585505860313,4.06294572728126,1.019007988213706,1.276333515387182,1.3709389330492763,1.7697839084399296,2.161908899700351,0.9364191627010968,0.7248408859514325,0.9633913613511772,2.312755538872393,0.8859981154232563,1.8361359776581514,1.3906808201947243,1.3745607067836372,1.4704427728904388,1.2226210116254763,0.7261307149084814,0.7918671906824888,2.389917320021552,4.677210948394543,0.7515489976152503,1.935294600308541,1.3609830347901297,0.8216642357711759,2.6453338543959495,0.7510955497123113,1.2272438743941891,0.9539267862011103,1.2292221386933502,1.4709125690774143,1.126418827975042,1.4837130321747534,2.141190980172435,0.795197937404389,0.6333791174207137,1.8059226053582196,1.5587936717538937,0.9180064004371179,1.052094207487821,1.3050842591719038,1.2072622694120045,1.171731293288445,2.027964361168558,1.1065360154459614,1.366772006390991,1.5336056202361665,1.4256848752939073,1.990709126585035,0.5979450075572403,1.2151619420320372,5.5967491292070415,1.668253083328196,2.9163282737968106,1.5653166999074628,6.163997769197127,0.6544900054154167,1.8593075292191885,1.3066004544829501,1.9461523375640626,1.3453019620274582,1.9629422140781227,1.292184575838282,1.18535396943501,1.2226003774126732,2.085120075817217,1.4767038140233617,1.208313352082005,0.6965226372597985,1.9014091534129518,1.4315141049574565,0.9119738658473581,1.5536412387583955
China,0.9877470424350913,0.9665520240588427,1.1913781578924487,0.782647791678577,0.9165802457299839,0.6345274286540545,1.0149775905082645,0.835753941023945,0.7462859472109166,0.7097160331402175,0.9816537329591164,1.0104364208416416,0.4616432800015939,1.13451452268896,0.9244844999886473,0.6575803455092206,1.0231761331697287,1.0,0.9433641375348064,1.0227667084346732,1.933077267934774,0.9282824357745851,1.4678844004637361,0.913619251749433,1.1126801368255963,0.9069768001493993,1.4794118201548023,1.119067834568643,0.9442272368553617,0.9052071199322754,1.1284117490794148,1.0112736522162828,1.0677009972941018,0.9691062660000325,1.0389054403357454,0.9202641569216247,1.008616242349182,0.6321212466556709,0.9520290607185857,1.0106563818152654,2.3267744271770563,1.031470823336348,0.7311608727483591,0.9932968695224426,0.9595456181926831,1.2160877480502208,0.8606502320361303,1.0016550579675032,0.9442152895133367,1.0622850808736348,1.0136014601649033,1.2514247541509087,1.0447898197895797,1.0382809215915298,0.9237249900226091,0.7518983476085321,1.1603397707364314,0.9652216805826827,0.8779101609539481,1.8614374285742414,0.9456128379997417,0.8840437324030935,1.150011232118019,2.5948011580863213,0.9704154525911972,1.0216112134173676,1.091107785177957,0.9312623346669409,0.9923675917961244,0.9827256243211241,0.8006074214022175,4.081942098699738,1.2353099942607457,1.6629143258744359,1.1462688374308767,2.4634360434816327,0.7982558071688196,1.2220966030327014,1.2909400061006786,1.2321841618080696,0.8691722020633775,1.004903604953775,1.0344915429370356,1.262732490310279,1.1415402558945087,1.433199109209978,0.9527682071239697,1.087435398474834,0.989925866175714,1.2446793107520713,1.5101522763065394,0.88477097896638,1.1576403042956567
Colombia,1.1589083898367436,0.5638006014972772,1.0406325922928576,1.1081222515565032,0.6351486579317726,0.5386770016461163,0.8061139205860977,0.5341997793503986,0.8957639040171583,0.6840429191044753,0.8095251865067757,0.5462834474390278,0.5967407657567949,0.77027434697754,1.6068100666538307,0.7926621338544789,1.1915121128053376,0.9433641375348064,1.0,0.6929614557164048,1.2595782276229215,1.8443600595588159,0.6664128271654145,0.6323506119921378,0.290334982244297,0.4681927721184117,0.7968798583432782,0.7060605327307498,0.3583003879259468,0.5913601562739393,0.8058154384232329,0.515100977972542,0.4637462207670616,0.6441958079462481,0.5689110945701593,0.888225716378725,0.5625072638236456,0.5729591708620564,0.46667997966564617,0.5822460709741225,2.440547232960888,0.6204168962560475,1.590595816509731,0.6414204221335303,0.3406184185862734,0.7644323006661397,0.5219833362507001,0.8353861850010735,0.4361671097723233,0.5245504338382067,0.6804198864303819,0.7562325210855303,0.5788599743625302,0.6660858519727549,0.515647911718223,0.5059086401597096,0.4620898651528044,0.39448942334053405,0.3150184406528181,0.7902270000039937,0.6628463858542306,0.7380986333016156,0.36213148729783395,1.6046766396188192,0.33292939737628063,0.332054867394566,0.6695609734026529,0.6290962045601534,0.7668687696389974,0.4362263107651917,0.7365894662847022,4.306562222000705,0.47421058073255984,0.9721718956075108,0.4352706852393936,2.491013845688387,0.513102125042381,0.5365659573371415,0.7061536750058532,0.6998820479505784,0.4121592321665812,0.500662898660401,0.9498549161993772,0.6252458462262913,0.44899222597619337,0.6603656729421316,0.7320336580883963,0.7710637759505019,0.5575331150323921,0.48650845433847384,0.6418908682122408,0.6243673841143902,0.644490906436453
Costa Rica,0.7827392952377336,0.9460384255497986,1.0758068087898969,1.0871994964804164,0.9951474837088592,0.21677436809235676,0.5078042118612288,0.9883871222783699,0.18320073679593193,0.11408393208315139,0.9082747656683406,0.8911517284566597,0.4473974412268397,1.0227502499274002,1.394647220074162,0.33256548104439426,1.4700853513378462,1.0227667084346732,0.6929614557164048,1.0,1.2440752117707465,0.886424671524742,0.7165909780199948,0.12099065302502521,0.8177479034514891,0.5542114374738852,0.8109184448612574,0.5358896966387139,0.6621495186888924,0.2667060779073995,0.8954327323812616,0.37637919036080936,0.448187362460862,0.08693665020604492,0.1455849850101451,1.161778967604487,0.16761870516874397,0.38137580952212746,0.5118027132777715,0.6633054427884495,1.667029570614446,0.6781724683275115,0.5361695417515078,0.2652469265149529,0.6973455107141713,0.4971891607772438,0.3442940736486943,0.7764404663681771,0.7427935370808231,0.32551086384311984,0.7782002612341411,0.828993357803094,0.1370017578043595,0.6829833978526878,0.3788567646029588,0.4531787989316738,0.3023801461007792,0.5275206032768733,0.7514421712089209,0.8385889398467622,0.6891190954426628,0.17643930342336947,0.6703745595364847,1.576013478215451,0.7165516922397082,0.6058898164389959,0.07059734273274222,0.13718422057777827,0.22323547823136058,0.5489207057317547,0.18541349510318497,2.5715863700592716,0.43210438585487265,0.8460574701884,0.4315475195084004,1.5570530025301828,0.5190760109135187,0.25863729677404884,0.7730176247206134,0.32158170197420494,0.6577968367571551,0.5292886887440768,1.162044828076541,0.31289465232900177,0.748311111429998,0.25217154177827533,0.05890338453664608,0.45140846380948174,0.4132834553476663,0.402494706541215,0.7290233639453914,0.2859481766596146,0.48773054719768577
Croatia,1.9135460779927242,1.5542060960718298,2.188704706085466,2.671704879098546,1.8514441318932284,1.1543925828303891,1.255555780599956,1.513046848673491,1.402367915132941,1.2353301305229436,1.4221789269478629,1.462661779852818,1.0495078880099122,1.8516948529876112,4.2628649289707194,1.4260647123040846,2.5361585505860313,1.933077267934774,1.2595782276229215,1.2440752117707465,1.0,1.0068597421909808,0.9211446368155984,1.326320165155225,0.9830652343873413,0.8774529836219902,1.1884413458917993,1.2313301463278328,0.7275870400469621,1.1251377365263635,0.905196244900787,0.8800436408242103,0.9823338939625158,1.3671989924565648,1.2734180354861233,0.9300075095566996,1.2170065947698625,0.9387562729725564,0.7558998505443104,0.8934419107934526,1.4349818931028935,0.8647281096233195,1.523663087631274,1.236201554333173,0.7420561579951334,1.1969035586789483,0.9091430737928295,0.9891583927560438,0.7469766524898389,1.010798275171938,0.8525890182337724,0.8808865343132698,1.311980460037878,0.8571812793468919,0.86250027333787,0.8486836413377186,1.1354315764757623,0.9081822839222345,0.8052746713420833,0.8157086556304337,0.8873429002914484,1.329877279969168,0.8645879173651249,1.095190210642755,0.779907931474864,0.9138313929644545,1.4375799572835868,1.3488986968089527,1.4231081486140937,0.7643556030576957,1.3340737119049206,3.3904259949546507,1.070803654942598,1.1021039873801899,1.0067359510180078,2.1426160059355364,0.8504553075053394,1.2498450381587036,0.8323892017255163,1.3380009090956073,0.8468613119806414,0.9163233973981793,0.9398719254558626,1.1679074357521955,0.8818368024042734,1.4917194692603022,1.476685277485804,1.135370239505876,0.949298434341601,1.1290233225324613,0.9592174013452774,1.0714474737980917,1.1300263329903066
Czech Republic,2.1779000481026887,1.164569694203677,2.2415724842727247,1.4533753265753742,1.0752732344828941,0.6263893860281717,1.7153304142372372,1.3646623087121215,1.144993906170496,0.9058755729751208,1.021392542247637,1.1443562320907972,0.4380126320398155,1.7605627713509682,2.0088561081291187,0.8674839416419899,4.06294572728126,0.9282824357745851,1.8443600595588159,0.886424671524742,1.0068597421909808,1.0,0.7613915165007868,0.684829261159174,0.6897038087277069,0.5261517399156158,0.7236882844299894,0.741803704749524,0.5282619745387493,0.6449756995703003,0.6672041175401171,0.6308948908192988,0.608880451503373,0.6969247929450267,0.6931061699334735,0.5772069533234531,0.6888991249203056,0.5727468780405379,0.5277855959149997,0.5782825003858397,2.705592373906706,0.6938147795661913,0.5441654131332007,0.784470263967793,0.5213260230815305,0.5262923982832626,0.6164852087784246,0.8370434870775343,0.5256925019709002,0.6550178438814727,0.6001772163653335,0.8373490962659138,0.6935254134835069,0.4891089844046636,0.6244568355697192,0.5470447702282509,0.6493395739435607,0.5571467676255584,0.5235111493881975,1.0324494897078904,0.6323617770801278,0.788047645029169,0.5549046448333027,1.818587654904448,0.48535061957312603,0.569304058259447,0.8097600190774966,0.7366843649405826,0.6088530731339311,0.5676919851196902,0.5914423984376681,3.7744231845481058,0.6724547166242031,1.0653408601066685,0.6016517165944042,1.9464459532970146,0.5700932927557777,0.667175955615083,0.7100092190913054,0.6806110915243634,0.5292559505404176,0.5792980189782827,0.6633906989449828,0.6537612365184878,0.5946108633529276,0.8627121939475907,0.7085059124292401,0.5989397905881356,0.5931315176428154,0.6605868064757335,0.6504039841358831,0.7543041072564511,0.6972621351837689
