Country Name,Albania,Angola,Australia,Austria,Azerbaijan,Bangladesh,Belarus,Belgium,Bolivia,Brazil,Bulgaria,Burkina Faso,Cambodia,Cameroon,Canada,Chad,Chile,China,Colombia,Costa Rica,Croatia,Czech Republic,Denmark,Dominican Republic,Ecuador,"Egypt, Arab Rep.",El Salvador,Estonia,Finland,France,Germany,Ghana,Greece,Guatemala,Honduras,Hungary,India,Indonesia,"Iran, Islamic Rep.",Ireland,Israel,Italy,Jamaica,Japan,Jordan,Kazakhstan,Kenya,"Korea, Rep.",Kuwait,Kyrgyz Republic,Latvia,Lithuania,Madagascar,Mali,Mexico,Moldova,Mongolia,Morocco,Nepal,Netherlands,New Zealand,Nicaragua,Nigeria,North Macedonia,Norway,Oman,Pakistan,Panama,Paraguay,Peru,Philippines,Poland,Portugal,Romania,Russian Federation,Rwanda,Saudi Arabia,Senegal,Singapore,Slovak Republic,South Africa,Spain,Sri Lanka,Sweden,Switzerland,Tanzania,Thailand,Tunisia,Uganda,Ukraine,United Kingdom,United States,Uruguay
Albania,1.0,1.5393389125276746,1.2679482365243089,0.9251837034315417,1.5126199912084013,1.64847019393457,0.9634537472802276,1.470125484483146,1.7355123859717256,1.7213948444852427,1.2280209461840919,1.4528398508018563,1.5476131159892406,1.4757376153687656,1.3247590611390838,1.6165705107740334,1.1899396850714394,1.3420490295601526,1.5464128719148782,1.7472651526860012,1.2159520291020105,1.4950854099114623,1.1765201776897234,1.721184654719534,1.6251313172401287,0.6947755128286687,1.5657586503389462,1.2723650021414477,1.436825235089789,1.70227486856847,1.2554339240137204,1.7775944667074937,1.8769107154617646,1.7419053432145615,1.7711136850367775,1.7113321387736156,1.7752167400884429,1.574303994155329,0.9218199104103366,1.781442088825123,1.6122354350560975,1.4451035815902618,1.5433726216414347,1.747340418457918,1.3348540954590238,1.2100310145125377,1.71041628403095,1.5999319890336605,1.5356012221284445,0.852819578476203,1.344649036248358,1.5204882579936316,1.7596299012934302,1.7126707291920984,1.744867543869406,1.5910874504193615,0.8580430676471228,0.8664861955984233,1.7082755799251996,1.4409348857996183,1.0298743297957877,1.7292300472426834,1.1595359773934375,1.6070071560822292,1.2921222269418813,0.8949110142638786,1.7706347546983414,1.7224293978500216,1.655467280260412,1.2182040425326601,1.646798505675107,1.2704368282438006,1.8540470700328764,1.0344967142653378,0.945847665951211,1.62594301521275,1.4345612707427433,0.9395933783116441,1.7672137581643979,0.9195487178237151,0.9766822946164528,1.7580085936561665,1.194062030200006,0.9599082969049489,1.182734339770681,0.8324892327405544,1.712370323683454,1.2909919720498344,0.883278794124598,0.9190258003350421,1.2671574129023173,1.7290169719415083,1.2445618894363153
Angola,1.5393389125276746,1.0,1.220080649596773,1.5713255319841235,0.6665781786849798,1.5913801431944936,1.3769060804103377,0.7898251037905825,1.285762041955152,1.4416874958588135,1.1935539545125453,0.1484174115853395,1.6281279647388154,0.262446401441504,1.6091265565762778,1.3488668099031529,1.6790753349042227,1.3757516390130178,1.8008020269997946,1.4195260461594863,1.0460509794966668,0.9706729419642365,1.3192700916084723,1.3553906616518485,1.7349392177106226,1.4940353671089655,1.8538589713369427,1.7267904531136813,0.32875305342460737,1.1731518607167892,1.7132666069704365,0.7863681015903009,1.403992562938637,1.4004737087979497,1.3624725587643693,1.470241568378614,1.2836413823715893,0.9414416120659825,1.9202921083988234,1.364649980911475,1.5992221588304016,0.8583328080210272,1.5801948300690523,1.3291184140380796,0.4174306636050664,0.9846198243321164,0.8340669191002603,1.1930902460938353,0.5828292064215848,1.6879011584224095,1.7665864800387905,1.82354355840133,1.4116278218483254,0.8232139182923035,0.7508381021390326,0.8082139078894796,1.2842252133888827,1.274123264968973,1.7981428758716018,1.8345127555091905,1.7461055756610269,1.304739438344234,0.6950363183318227,1.2488508341453515,0.6293568177562633,1.0260054485350614,1.4096835911619612,1.3908226975057612,1.5853269657104119,1.935329244375362,1.390521463823257,1.242272158528351,1.5766916442732628,1.5385892374938135,1.1911667601837321,1.5955260337063426,0.7185083032202568,1.2300944552984932,0.7706688415594288,1.2103372810343225,1.24126534130551,1.258745571355255,1.5660882957457771,1.3950562688914736,0.9074049181221405,1.2894628244807742,1.4461402706783892,1.4283533114699376,1.6764807994744686,1.1247289027257608,0.7401533918976685,1.0957012151931327,1.4938771922826932
Australia,1.2679482365243089,1.220080649596773,1.0,1.3961640086905394,0.8092110400846986,1.6987772069825382,1.0263541038439916,1.2856176015879326,1.640625582180965,1.6725726692446081,1.2524437379348907,1.1791953662929746,1.5859985343151537,1.2452783155335814,1.1237842896451489,1.6569433503572526,1.325136989023127,1.4591843974513155,1.636513182737521,1.6441533699842215,1.41026463182607,1.1413588515962474,1.0628332089901993,1.6501848175732585,1.596295535298752,1.1571374672568862,1.6398430486985793,1.2875744884022031,1.1707793583450314,1.6318623029978128,1.376720470861715,1.4957338170328873,1.6197125515311899,1.6585874465625579,1.6684928767883658,1.4731904838078567,1.6491937531900533,1.4723968037667547,1.412152172392364,1.721735887341278,1.339630384212769,1.3731085923708035,1.5920704241575094,1.6363791711642726,1.1163702283835915,0.9127164701435696,1.4961248034276289,1.3855580711213857,1.1466399367689968,1.2121220366988705,1.5973865370815972,1.4976030042368687,1.6778904191480062,1.4236063097036544,1.455659131983292,1.4384209006022455,1.0228064083235355,1.0448330890095479,1.6557232741500674,1.3543079634881363,1.47339001166899,1.5691504919038148,1.0153384399855008,1.384916027270133,1.0015969566751248,1.0377157920349953,1.6361183133518673,1.6438173249544052,1.692288851856003,1.4398805862929827,1.6517414969772664,1.2160869187358065,1.6901739287537831,1.3220311885222367,0.9520917149071858,1.423473571822551,1.396680125975731,1.0168018367316354,1.287175437019249,0.9699871917170957,1.0711395933201462,1.661526153720661,1.4437983659498217,1.060581515349529,0.9131907443772987,1.1083575320838877,1.6524733632295834,1.0722202793228641,1.2348996726657153,1.0018687520774272,1.1444796515347517,1.5512872390127561,1.0926666410894161
Austria,0.9251837034315417,1.5713255319841235,1.3961640086905394,1.0,1.5128971310773551,1.5515265019002877,1.023567368004665,1.6209851800570398,1.6461724731948393,1.6197260110907765,1.351495839737876,1.5028233599874659,1.5130539856731409,1.505522535123081,1.5757772458968329,1.5443736456998896,1.1236058659998582,1.3272801506860548,1.3913060197793714,1.6573564172545994,1.42888491582186,1.5016554280004815,0.968711503393308,1.6248653237969821,1.4769947639804786,0.9956490857295225,1.4917825826233946,1.3710061923849068,1.4992391380026173,1.6139371663754813,0.8966353710177246,1.7023383455055714,1.7903830289371603,1.6384119275423195,1.663748758827706,1.5387804042377888,1.6734469676383343,1.5618221372340624,0.9643432134963552,1.4995707751509486,1.5576303167872974,1.4531238183745523,1.5047844191359299,1.599833966225875,1.4571349713572272,1.2923177781522126,1.6684661645095642,1.618739452285677,1.6097158109580876,0.931917827307994,1.0798247199356594,1.3848321787576496,1.648102602846032,1.6129205140381841,1.6972300919911396,1.6019382490918326,1.0932809457149606,1.126770757393713,1.5687855133175304,1.5264443254702287,0.860035029452189,1.6628693218079256,1.3119668911581215,1.476284071021633,1.4815972542985965,1.185707625250614,1.670761270808313,1.6092796055603684,1.5605600979815837,1.1871118913956504,1.5750991454341334,1.23188063385155,1.7572735010444758,1.213256597473666,1.134473613137043,1.615684929275344,1.4742033718783745,1.1286214975920807,1.6247243477817588,1.2378151024606068,1.206051960796768,1.6381991014483295,0.9335246540783579,1.0562997304809825,1.2692100277930534,1.0267249673978867,1.6251420796766878,1.3602128830877014,0.9067659693985949,1.1447866542723792,1.2243961387782276,1.5697412225025453,1.364974626052098
Azerbaijan,1.5126199912084013,0.6665781786849798,0.8092110400846986,1.5128971310773551,1.0,1.6897349106156925,1.1490231951534702,0.9662042577368006,1.4713079433255627,1.5756234082279048,1.158557055192566,0.6579142870426397,1.6352655164260437,0.757931320792152,1.4351828417629815,1.5513279008276908,1.5186975755921637,1.4457543301274278,1.7588622514565029,1.5316963730949,1.1947688692084142,0.8210072658025832,1.0418418753757186,1.514690882094838,1.6702998840298942,1.3900941763859165,1.7915071293070943,1.4857066076344714,0.6869780825251327,1.4320272410271189,1.58193548210696,1.0956154135075726,1.4977268827228527,1.5390483986291885,1.521554518611258,1.4037844949581288,1.4663696146860796,1.205438617636889,1.767064197440846,1.5053169688501062,1.405293389878911,1.074819865327887,1.616859239387919,1.4743261586772582,0.6965215887658168,0.7855619411613621,1.1439243961936043,1.18371258825119,0.6840112047945213,1.508821304034427,1.6681042679518703,1.6258949294140845,1.5557359705720564,1.0474528704720838,1.0493682431805729,1.109463839783901,1.1457322751598307,1.155534586507528,1.7422854801049499,1.6317404569233205,1.6595541965906118,1.4104735312931,0.7422422951109043,1.292609132250276,0.6192977964213702,1.0267467268168444,1.5105096709207073,1.5216049718783133,1.6793025837681812,1.7504362917168788,1.5551629141985088,1.2227268154332394,1.634673248239527,1.5347959156447377,1.0018074492397475,1.4554095432920884,1.0948501852917467,1.0925433533990938,0.8146972118933632,1.051255225911771,1.1360481766248902,1.4424630523791544,1.5042966946562892,1.1986625222716574,0.6403871808527298,1.222585654475213,1.561474361795255,1.1621888220564405,1.5070027350505417,1.0282654820921155,0.8153873169582483,1.2757294842781695,1.2364792474758028
Bangladesh,1.64847019393457,1.5913801431944936,1.6987772069825382,1.5515265019002877,1.6897349106156925,1.0,1.8413060291224959,1.7133449183603329,0.44757639365872354,0.2536596284722105,1.7800008572959416,1.6374416436778074,0.55389709741272,1.490248282463775,1.6675561316361633,0.4286330284045924,1.4735822156153955,0.8276242728584379,0.8690902060405857,0.34398213570753866,1.595051591124982,1.8668120476752783,1.7555872056618325,0.36118434778216163,0.8573211152157698,1.6868018081212417,0.687408714098848,1.6805702976187755,1.5875816177549822,0.6267981379702857,1.4264203257257915,1.039195422613928,0.8497800827312444,0.3160067316935672,0.3988612984962207,1.512842510791609,0.48769013298616537,0.902815419343825,1.5021043862223855,1.1376696601574479,1.047973158296902,1.2935295977518824,0.5102642317983379,0.5675111097629627,1.6670686869274314,1.967026220929902,0.9431296662654198,1.0724232354014556,1.600377321658278,1.812110308292198,1.4445536304394577,1.3267992686401138,0.33598967161136134,1.490888804265736,1.041816695560918,1.0677160449393786,1.9438359078167438,1.8008455639908267,1.082656383523852,1.2234415337471445,1.5836179750078887,0.5600501501405684,1.852946290728638,1.3178699375277625,1.776335995484264,1.827181281491497,0.41027334209921285,0.3788349249301419,0.04102653207080791,1.464045337598744,0.322526483914065,1.721935606769072,0.6608347468616559,1.5959239106519143,1.9091579907323362,1.1796954316837447,1.1991521642146927,1.9764167548449756,1.4616456528175006,1.9671013942782773,1.6955301663172784,1.064535821746081,1.4521324230303982,1.9340836531671453,1.7912361338777132,1.9421193555745568,0.2788479938967337,1.887728677991382,1.7816796018512429,1.9426266703186839,1.883154969133342,0.7584178746818664,1.8107629434849806
Belarus,0.9634537472802276,1.3769060804103377,1.0263541038439916,1.023567368004665,1.1490231951534702,1.8413060291224959,1.0,1.3181627810861924,1.856167142898721,1.8623287590316153,1.0944696561790004,1.290946081887317,1.591998134417784,1.3901489551652282,1.2678287893160505,1.848949492563531,1.1553749244568972,1.47159785174165,1.7144986349666897,1.8205352495794163,1.4961708971703434,1.22365623874603,0.6467385268749585,1.8512122874226848,1.6706213496341251,0.56388499573263,1.6311026411123646,1.0073487483557493,1.2538344734916567,1.8622527646422022,1.1745609340385836,1.770724559100127,1.922887874979327,1.8517689288893955,1.8936170959427492,1.5319191647078998,1.8858108752554847,1.6251936287659472,1.0777371323836722,1.8309791927780954,1.3838491575161975,1.4959618819286582,1.6126897136048806,1.8072115933393345,1.1178912182556269,0.861235908903854,1.7276540418739583,1.4278073324890606,1.1533881545826925,0.7037037148624412,1.4120444903476554,1.4514671826683399,1.8913458078232657,1.6978321449735998,1.6951483313852918,1.5875984946944863,0.4589506980916461,0.4149175459059298,1.7859838772987149,1.350459205809279,1.2658211783698656,1.724676130696602,0.8431658561987171,1.4002733544631705,0.928908006965538,0.6912659009201708,1.8179164725625012,1.8383120409461724,1.8329428838515243,1.2065466721358806,1.818747597604617,1.3161295941784978,1.911632099589136,1.119753616509863,0.33513143238637355,1.327801718360764,1.543147120830734,0.5700893380818308,1.441266727253646,0.7738807550899247,0.543173906013564,1.9256194874791126,1.2724319546628802,0.588698699455793,0.7511508846872917,0.7935560073467426,1.8153433898360967,0.7224004254399112,0.8854593681752492,0.6212761393779211,0.9702384751916944,1.7261498095859589,0.6094813284233617
Belgium,1.470125484483146,0.7898251037905825,1.2856176015879326,1.6209851800570398,0.9662042577368006,1.7133449183603329,1.3181627810861924,1.0,1.5219277372965148,1.620527775395291,1.2272390147543992,0.7951510114059194,1.7208502012472298,0.9112610996006797,1.4492681561864982,1.565464545991206,1.652517796776858,1.6621004943888784,1.79837821558191,1.599191788538306,1.1421362889680255,0.9500947665973019,1.3325580763443599,1.571303843276001,1.7589644233203068,1.438634129248684,1.8251876654646295,1.5133122345232455,0.8746411869078501,1.4848263177882821,1.8799616813519,1.1831655423464533,1.4261455842642727,1.5907032714650573,1.558223619528219,1.374949555010694,1.5091504610350919,1.3239993355615676,1.764705245482701,1.5262037121497347,1.6312313452437568,1.3503099190245376,1.7026937974356562,1.571108066172235,0.838726434746143,0.9419583241784506,1.236094907204058,1.2968328743930164,0.9058335179587906,1.5645741615745816,1.8024540845275399,1.7972059014541368,1.591778186766633,1.0313851621042376,1.1751735273310469,1.2144272603671125,1.1647518173056939,1.241535992424077,1.6918837829152233,1.6098295511136076,1.6084870604586041,1.5293231259218987,0.8582653978379375,1.43164044891645,0.8109846735866751,1.0444417050269057,1.5904105630695646,1.598798080341265,1.7094275013067697,1.761260760048231,1.5963287949677594,1.1547242350493394,1.5567243246783882,1.4723086805889247,1.1532683618058754,1.5782962223650008,1.154490782226355,1.1026184743496728,1.0847486309851664,1.055191168426509,1.2677956775610588,1.376846789280171,1.589819889726992,1.2784333335046054,1.013548361327684,1.1617377139407685,1.6237875101923436,1.250670048128298,1.535724362213603,1.055409539798763,0.8234990205921235,1.4567675750617204,1.3255535842787163
Bolivia,1.7355123859717256,1.285762041955152,1.640625582180965,1.6461724731948393,1.4713079433255627,0.44757639365872354,1.856167142898721,1.5219277372965148,1.0,0.21853256958630315,1.7167791753236448,1.3535583252816255,0.7775029011132624,1.1805645407990932,1.734256161860558,0.2977103611106798,1.5913792793840955,0.8383901334415053,1.1091140159993549,0.2703629172896969,1.4645121207215535,1.7211860016261218,1.7342095409087193,0.10849635439451007,1.0482802186999107,1.7602662589317923,1.037130427770107,1.8021342792441024,1.3152570838039914,0.2922178068591569,1.5746875845853885,0.6368518696694371,0.754375931605193,0.17674789617745812,0.16597583714733985,1.501823608478868,0.1269354051042653,0.5879449361673245,1.7491990145457166,1.0588051724928702,1.1485534756316844,1.0772780692088983,0.7044259399460282,0.39522461585062024,1.427435547109159,1.8561113994388774,0.5362385999764734,0.9493390401475168,1.3597781237758142,1.9357429984417815,1.603469559047708,1.5200792582252078,0.20783049888610375,1.241555790842327,0.6404655201742345,0.7559818783759055,1.9301293819561283,1.7915775867410129,1.2600873357141478,1.438627828027627,1.7274857374991073,0.3826136776985525,1.6858244940502127,1.243565240446738,1.583342454281522,1.7460302953885471,0.31546614241523824,0.24306196808318647,0.4394058497361345,1.7054199741462992,0.23991251930390414,1.6684594838488083,0.725532285315296,1.6707694098304875,1.8677357299836308,1.2661766806537893,0.9134706789817184,1.9418192946800095,1.210085660893591,1.9214793008534692,1.6742232087441635,0.912804745482538,1.5237053195668775,1.9417362798277578,1.661247395447175,1.925904655108337,0.2778578654880918,1.8922571865775089,1.891224454469729,1.881478677382693,1.715048438687877,0.4252061784105506,1.8484570364177308
Brazil,1.7213948444852427,1.4416874958588135,1.6725726692446081,1.6197260110907765,1.5756234082279048,0.2536596284722105,1.8623287590316153,1.620527775395291,0.21853256958630315,1.0,1.7534140435427406,1.5018597848706803,0.6569651165808199,1.3421707381477292,1.69327911356642,0.34862197241698395,1.5128601866681328,0.830985919074097,0.9530986957030275,0.17737137720702068,1.5389286945571163,1.7831444225378068,1.739790467140733,0.12473334195943975,0.8988286075030857,1.7536989891020789,0.8567372053510798,1.735937076188267,1.4640737821701688,0.4529223099566519,1.5077502189302272,0.8196700107965177,0.7331060706642526,0.08761907325367578,0.16684034524466362,1.480347751597278,0.24840040523238852,0.7538523917007869,1.6431289209260598,1.0576553728985671,1.0707110683374144,1.2018169316974467,0.6004040278678845,0.4085220195732849,1.560810675645767,1.9193613673279684,0.7394536337629626,0.9921753963220196,1.4769160796810104,1.895678082938631,1.5267705138666046,1.4309538106495927,0.1163064696413759,1.345471412675909,0.8284845028102432,0.9292497133697848,1.9562859772470629,1.8194529537956756,1.1360045988568204,1.324320022551932,1.667790111663287,0.40398768931716755,1.783171923761773,1.2668033109790542,1.6900089708109765,1.8132927426911134,0.2354082576564004,0.170345437442996,0.24229691859210672,1.5839009729047604,0.2350042289596801,1.7105769222856921,0.6267580048359243,1.6523936392851095,1.9036107721298103,1.194367818325063,1.080122653033477,1.974287536367013,1.3137913999393942,1.95692564151102,1.7055638872740282,0.9534702527015306,1.4805291429679237,1.943687676297229,1.738923181917026,1.9559604865676965,0.15324368341088349,1.8820790328419907,1.8420747147100736,1.9292837786075998,1.8045424804263008,0.5496823197232192,1.8296377957958552
Bulgaria,1.2280209461840919,1.1935539545125453,1.2524437379348907,1.351495839737876,1.158557055192566,1.7800008572959416,1.0944696561790004,1.2272390147543992,1.7167791753236448,1.7534140435427406,1.0,1.1653646400172195,1.6991092570362156,1.2810194239268566,1.4626794112329888,1.7440044891422548,1.4434099660755444,1.6138400577429828,1.7180063163673167,1.728492674113574,1.048603433721799,1.011576970203207,1.2444841591773992,1.7355779399190165,1.6903459681063933,1.2057047302650432,1.718675619352111,1.0516137332386555,1.2060973030049393,1.6762516192895938,1.451435840110943,1.533494055994491,1.7038435971726444,1.7576154238110704,1.7343644685890318,1.3980570100729721,1.71462345393135,1.5692431933807751,1.4397855674100775,1.5772220116460856,1.567644199116984,1.3465291957189656,1.7030498034014037,1.7735102880743747,1.125709969320905,0.8911926952487278,1.5554033846350712,1.564369080329545,1.1199025504247606,1.0700661680229695,1.346247754610522,1.5130962750592403,1.7465184835457088,1.3648248873590552,1.5127021465174169,1.497031921575866,0.9606053877817616,1.0674935265436523,1.6442419838258249,1.6759752726205794,1.4012386320055241,1.6758058049520708,0.9825657443489604,1.0608322517387132,1.0255775677656087,1.044942404324058,1.7162999624929445,1.7384936249632612,1.776707564326274,1.4618889524668712,1.7395948394931071,1.523854118495597,1.7578890333621595,0.7671236551085702,0.9931603778999456,1.4387869521342906,1.4639098029859818,0.9389184793359092,1.4138903670898084,0.951149481735875,1.1393672753736377,1.5919144346565097,1.4566829256143905,1.0691197956665826,1.1541567027027422,1.0431121109684518,1.7370183425518402,1.0337824222459522,1.2507091664639816,0.8888821932622922,0.9602521307600032,1.6112329239683703,1.0767155346013564
Burkina Faso,1.4528398508018563,0.1484174115853395,1.1791953662929746,1.5028233599874659,0.6579142870426397,1.6374416436778074,1.290946081887317,0.7951510114059194,1.3535583252816255,1.5018597848706803,1.1653646400172195,1.0,1.6524603881193392,0.2503379867301051,1.5972577617642398,1.395370752415315,1.6422632521600768,1.3656617143096443,1.8224869083825186,1.4830762424223936,1.047602760147345,0.9710492493608004,1.2503228746236184,1.417403652782169,1.7645697207375772,1.406772120938003,1.8804126859232198,1.7124898085874198,0.29023261009599527,1.2397733511330014,1.6850823413042126,0.8893868411035315,1.492288905223498,1.4638978983687099,1.4347146250115437,1.50489520581344,1.3594832276742232,0.9789391055505533,1.8757265138490253,1.430130883001594,1.6216057702969213,0.8626543230271084,1.6048697136226218,1.3879935805371908,0.31785362685678553,0.916438311614961,0.9152128572859319,1.2164537999562974,0.5929326410432896,1.6248142623955653,1.7627099685250307,1.8399469545403713,1.4799281005557152,0.8978340886247222,0.8447685136789973,0.855172345878451,1.1902146488917338,1.1805225672074289,1.8451334004086775,1.837663684081353,1.708292948877002,1.3643488926531742,0.5771518203336821,1.2589450569883796,0.5520629141416951,0.9145799791727364,1.4765222163166765,1.4497133611067734,1.6320821672019445,1.9154340005017765,1.4398322256907508,1.1986799780822104,1.655049244567347,1.5007462477897584,1.0927747488945532,1.6238020303946066,0.7221830801362275,1.1397532166546607,0.8409315222777652,1.131162706427298,1.1580428531982607,1.335766444133627,1.5256510242312569,1.314786706974443,0.8199430271003588,1.1977670196102612,1.5034994186539599,1.3922989238574253,1.611065989325245,1.0263588957651304,0.6562632312889107,1.159744300161184,1.4562211147681225
Cambodia,1.5476131159892406,1.6281279647388154,1.5859985343151537,1.5130539856731409,1.6352655164260437,0.55389709741272,1.591998134417784,1.7208502012472298,0.7775029011132624,0.6569651165808199,1.6991092570362156,1.6524603881193392,1.0,1.5304087236021762,1.623934203037156,0.815836719727561,1.3780658551911085,0.6546006912641058,1.038001297668757,0.5728382605271589,1.7246360839895372,1.9058088803588125,1.5942059773167208,0.7106077391329536,0.9224565140740415,1.4173358917712267,0.5361443900029484,1.4789947442257718,1.550213400172562,0.9566387818680214,1.3598682926732442,1.2503431263048508,1.1665200671200964,0.660007091256994,0.7948185638111347,1.6232495665980653,0.8497448319404411,0.9516234212405137,1.360317095159629,1.4383762188663993,0.748280382108308,1.3470180908462228,0.11819997248589303,0.8627708161855023,1.59002958873533,1.915347109457985,1.0949976306037184,0.8818528194789017,1.4469555655900332,1.6468502657601425,1.4792148789053325,1.3179703130858014,0.7529665579172053,1.731992077582974,1.1621636892755849,1.1057636363388703,1.779996747678849,1.5425101750020824,1.2838764568555547,1.043032587447428,1.650101493296984,0.5704281142084568,1.7501654112701361,1.2472763774825073,1.6403733995860295,1.6706099965905346,0.6124177405476077,0.7049323655677455,0.5241486755583575,1.333597906857504,0.6370648152209225,1.8348340747627934,0.961562740102289,1.4463854649353087,1.7113018996538847,0.8126555521744387,1.2869048109739334,1.853133660811117,1.4549618525995163,1.8827642901902677,1.3893320960076558,1.4571238070175827,1.4886148610188743,1.8152774255486939,1.656238874867773,1.895481259047503,0.5333883094022462,1.701599617387222,1.7064932878092867,1.817682845090442,1.8539834325832993,0.9040940279626171,1.5275226994365383
Cameroon,1.4757376153687656,0.262446401441504,1.2452783155335814,1.505522535123081,0.757931320792152,1.490248282463775,1.3901489551652282,0.9112610996006797,1.1805645407990932,1.3421707381477292,1.2810194239268566,0.2503379867301051,1.5304087236021762,1.0,1.6657591640370903,1.2161967829835925,1.6388761734377764,1.208379003605341,1.7467414536902672,1.329721821527736,1.095671198209049,1.1375054146331502,1.316674488806048,1.2471610231943862,1.6869739345135129,1.450287144078866,1.8023049329650387,1.793582799230695,0.3414830283160993,1.061907354063045,1.6853344213854453,0.7319772161005961,1.41218412306217,1.302583156066734,1.27745565718277,1.5507442883321236,1.1960952985563238,0.7707085955308759,1.8935962554349153,1.387563664791177,1.567300872480798,0.7620212203985872,1.4706901820528053,1.225958636494912,0.42639428575485,1.1125904612404312,0.7229574043634487,1.112500492597383,0.6660233898766377,1.7176755901079417,1.7866877965260712,1.8550309823995577,1.3249774258861058,0.9173514729674576,0.6713598588586837,0.6787068173003579,1.333868774493276,1.2701457441020312,1.8234866823458455,1.820472682866552,1.7384906162787568,1.2065545472705868,0.7560757791004504,1.2256989781065954,0.7068207188677802,1.024674563756407,1.3284031997053143,1.2843055025620655,1.48479554177225,1.9397029433673947,1.2663287557506542,1.2632580357457632,1.5694965662095233,1.5475550908527105,1.227290350276291,1.6056242975189343,0.520754703404947,1.3019178897751822,0.8586987857342567,1.293935482917834,1.2128797650195715,1.2653566042222473,1.5070848949017335,1.4432690401414945,0.9252363279926489,1.3351229977088301,1.3463762282961134,1.528928520696161,1.6818708113602279,1.1829493679524237,0.8468077593262071,0.9818599106532573,1.5690619351817345
Canada,1.3247590611390838,1.6091265565762778,1.1237842896451489,1.5757772458968329,1.4351828417629815,1.6675561316361633,1.2678287893160505,1.4492681561864982,1.734256161860558,1.69327911356642,1.4626794112329888,1.5972577617642398,1.623934203037156,1.6657591640370903,1.0,1.754851632533767,1.074759731713495,1.6868343486881268,1.3049416313000357,1.6865829286220397,1.5235233782002935,1.199933512756579,1.3399544687084333,1.7162463349334867,1.3242499023884984,1.3762806403052643,1.4358418534142736,1.070062530333038,1.6569306985351524,1.7549529398050152,1.3546374030109112,1.7002039872809338,1.4481365969893907,1.697011792328916,1.69395485217124,1.1415772978756735,1.7094764219738887,1.793204824506851,1.110251632161526,1.5147199365196942,1.4038116440254116,1.734980494408567,1.6663073289223536,1.6624001271801683,1.5945816912090842,1.230149706678913,1.764120351473808,1.6227521526158626,1.55872909648302,1.1447017457459756,1.354540873842129,1.2690156013784948,1.6852013774377106,1.4633719424775364,1.7242181460164763,1.7793604095369064,1.2114265423279171,1.369220534553094,1.2008173449749988,1.0857679028117426,1.323170347509878,1.695383624885593,1.4442148362004106,1.5868422850787782,1.4743433826601318,1.432805109275258,1.6645780196161042,1.6781863311000673,1.6667820741994162,0.994436243372323,1.7483532782652254,1.2333153484666113,1.4864884435314292,1.4507100051368989,1.25655032603686,1.3790890475869055,1.7816818803248067,1.170299604770784,1.4717199500841316,1.0856187452324295,1.441451869421945,1.530633159083105,1.3821619284566526,1.0434881029941507,1.456190348142,1.205462874087608,1.6978753573354788,0.9614174711341509,0.9873668840585244,1.2951599699526066,1.4659809452718822,1.7523862505302465,1.0828223763454343
Chad,1.6165705107740334,1.3488668099031529,1.6569433503572526,1.5443736456998896,1.5513279008276908,0.4286330284045924,1.848949492563531,1.565464545991206,0.2977103611106798,0.34862197241698395,1.7440044891422548,1.395370752415315,0.815836719727561,1.2161967829835925,1.754851632533767,1.0,1.6101262326169659,0.8067559943401712,1.1278002672758893,0.4730513498581387,1.4383471527545018,1.788206033840372,1.7619096749165832,0.30587183942331303,1.1367482649523615,1.688413521548236,1.0672013426738176,1.8538519650854455,1.3510435983517846,0.33029403265090806,1.535161978608062,0.793798666944316,0.9128404845484911,0.361924883699268,0.3763031901045184,1.5768365105191917,0.3755890512741929,0.6241160433220304,1.6792988739077186,1.1365478849307604,1.260826119905287,1.0517632762991902,0.7275147295900142,0.5191442117800044,1.4514327751751486,1.8682715370328613,0.6603585184528664,1.0563964818062272,1.4727531491032244,1.8840574088492896,1.5792070408954213,1.5086088582075359,0.3803779905655052,1.3151876320565186,0.8049492416018883,0.7838961180237554,1.900041477400517,1.7614548963690246,1.3180396339390001,1.4627467075441236,1.6422161980954408,0.5984185521123048,1.6917463198517164,1.3105542030187984,1.6235311727344772,1.6972324367092064,0.5475797084420679,0.4213129529424672,0.4417339918931653,1.6995927535007038,0.21174943169347704,1.5894480991606452,0.857692414340143,1.635661240834196,1.8582515746054398,1.4121920393267184,0.8579111477874383,1.9217628236799424,1.361502586884257,1.9043505935618577,1.6608713659791292,0.9582654988243116,1.4852868219111954,1.9327939934776135,1.6653979384931714,1.859553898069707,0.42514911335732086,1.9592160502959486,1.8495556898363155,1.8579756655772603,1.7356323795309105,0.62296392028305,1.9068964879902426
Chile,1.1899396850714394,1.6790753349042227,1.325136989023127,1.1236058659998582,1.5186975755921637,1.4735822156153955,1.1553749244568972,1.652517796776858,1.5913792793840955,1.5128601866681328,1.4434099660755444,1.6422632521600768,1.3780658551911085,1.6388761734377764,1.074759731713495,1.6101262326169659,1.0,1.3146796464944137,0.8837225813917531,1.511166031549389,1.641627615090966,1.3936663748590916,0.9093647853577019,1.5374799585796246,0.8690141302806925,1.2917578911924517,1.219613071446666,1.0448719342637498,1.7099316021231912,1.6558093255421185,1.0900283340291965,1.6503702569248901,1.4869092074752992,1.5337577156095725,1.5569573705519861,1.2453293885995633,1.58325338544887,1.6497419779794897,0.8551649213445429,1.4071144862679064,1.218116927799167,1.6976982544328467,1.4232858358287417,1.4534165444033986,1.644231237936449,1.4266544450649743,1.6952748193479104,1.4472664491233846,1.5999106773546197,1.1699048211209386,1.1878276273245048,1.4203836300198522,1.5320750543718693,1.5526538182785152,1.6564107761750664,1.7741151672711883,1.3079487341052884,1.3639565523425337,1.1740833379957705,1.0908037692775352,1.0847638357839657,1.4976932028839105,1.511488473551332,1.3594758570258698,1.5839417482862017,1.5147403054674868,1.4726803310365344,1.439294148640224,1.4692258351746428,0.7478383659838517,1.5818521712667963,1.4631981131379292,1.4980972454614976,1.386299635770888,1.2795220437114885,1.2352879817020053,1.7309670189111084,1.2958646822485906,1.5447889562395523,1.316651923255647,1.3811395558330855,1.5466231119431308,0.8001227132072439,0.9889731309780403,1.465572880676229,1.3471727212891866,1.5091311932386564,1.0341855074622734,0.7054308921840142,1.3681804046418384,1.4440185733398445,1.490137055300124,1.1556704951487207
China,1.3420490295601526,1.3757516390130178,1.4591843974513155,1.3272801506860548,1.4457543301274278,0.8276242728584379,1.47159785174165,1.6621004943888784,0.8383901334415053,0.830985919074097,1.6138400577429828,1.3656617143096443,0.6546006912641058,1.208379003605341,1.6868343486881268,0.8067559943401712,1.3146796464944137,1.0,1.2183691650244677,0.8033934495677975,1.5979325036501724,1.8073738716317949,1.4321368739728983,0.8041076247846196,1.1394282270785734,1.2776163217696774,1.0465836913625308,1.665561025691552,1.2693744970675778,0.8816487887477042,1.3419271419244163,1.1250476434684333,1.377076985663779,0.8232790651915921,0.9294477092212333,1.7497334106071938,0.9307119474387816,0.7009301765076704,1.4508278010122,1.44725057837802,1.0598669045887705,1.0632860850246306,0.5890612349395438,0.908558723223764,1.2982657710952827,1.7547667529614877,0.9414626434436337,0.8915274931048347,1.279278223000347,1.6348370697308638,1.5220866729145432,1.5728731581997608,0.915962582681753,1.6133796177277502,1.0155737588601794,0.9155316475750597,1.6267811281399684,1.3722283177338748,1.5710280516863087,1.3958825420491419,1.6656987614625363,0.7066900561180194,1.4811724622282754,1.187649402397864,1.4200466957384104,1.4265230933901638,0.8367358370356811,0.7999670026271953,0.8129131793769615,1.5246424722087504,0.7230102970605834,1.666107647274948,1.313325107440486,1.4514449201171258,1.5277219555721475,1.1540615447711724,0.9596024589638742,1.6964836569190764,1.338050195089826,1.7301337050924848,1.2151832502867028,1.4642130021687922,1.3746779061247802,1.6790263734818756,1.4413398408871618,1.7203071897669917,0.76029787714975,1.7106051800650097,1.6248666346420206,1.6214478156993095,1.6214162048630452,0.7897032424714319,1.585127643887091
Colombia,1.5464128719148782,1.8008020269997946,1.636513182737521,1.3913060197793714,1.7588622514565029,0.8690902060405857,1.7144986349666897,1.79837821558191,1.1091140159993549,0.9530986957030275,1.7180063163673167,1.8224869083825186,1.038001297668757,1.7467414536902672,1.3049416313000357,1.1278002672758893,0.8837225813917531,1.2183691650244677,1.0,1.0042701540294265,1.6568951054189045,1.666077880003223,1.498246643794337,1.0292581176051534,0.3071483576660875,1.7028801388678112,0.7386612984013912,1.3507943034850425,1.8648295587364974,1.2284219360326192,1.2017202689392574,1.405391047358602,0.9351274663650839,1.0035263856218763,1.0036497928368064,1.1859807264019164,1.073063741118077,1.4707597072766396,1.1150619293215913,1.0207664974041908,1.1192460429893762,1.6610680075449613,1.0782547321591502,0.9861935971920278,1.8873091832654427,1.8403673518975556,1.4569397434245428,1.4010777279017927,1.8125995114834599,1.5785930111760778,1.1396997620674802,1.2099758905584617,0.9561776852137485,1.460508334463763,1.4674903158055705,1.6288358612572809,1.8216920365945208,1.8260345219673615,0.5960482610452118,1.0111028809983635,1.2043205958920227,1.133979614626832,1.9077150691107718,1.398614970149604,1.9110354651800896,1.912078800166572,0.9705533830018959,0.9219847433644126,0.8750763506494216,0.9371142320108576,1.1012724805507461,1.6124833339152518,0.8486494036360349,1.580261276101457,1.819984208084523,1.2132042710654625,1.6625545166519768,1.812309107751072,1.5894911735101727,1.7887535396400753,1.796761146589891,1.0974968964207301,1.0586210001986864,1.610813014840654,1.8439876036418261,1.7790405918778467,0.997707478992017,1.5718191053386203,1.3028898890412195,1.8517097901389499,1.8266586723483274,1.1932870519052374,1.626232475977028
Costa Rica,1.7472651526860012,1.4195260461594863,1.6441533699842215,1.6573564172545994,1.5316963730949,0.34398213570753866,1.8205352495794163,1.599191788538306,0.2703629172896969,0.17737137720702068,1.728492674113574,1.4830762424223936,0.5728382605271589,1.329721821527736,1.6865829286220397,0.4730513498581387,1.511166031549389,0.8033934495677975,1.0042701540294265,1.0,1.5725506175006045,1.773756087181169,1.7089308786388877,0.20654522938517766,0.8986013244115315,1.727621624405009,0.8241564305636747,1.687186688016048,1.4301667058498186,0.5240443485205326,1.5204331089448573,0.8163061432549836,0.7578925912513197,0.14196115755891636,0.2554705135738193,1.4886727439793557,0.30794715005431317,0.728284829848504,1.6564771318011124,1.1142123581125833,0.9687512548683469,1.2070253087588911,0.5245117950202693,0.4522596134926724,1.5251448938706367,1.9062761294725579,0.72043691559276,0.8979039255664296,1.3925688407612777,1.8893284054539676,1.554881115810493,1.4351251786371257,0.23227015065871007,1.3820799651367996,0.7898636322282039,0.9003932180477847,1.9363771297538206,1.7774063596237746,1.1714510512166525,1.2875256039797984,1.723971668147351,0.2569517756300204,1.755600231198312,1.2283485412135737,1.638951523479003,1.7925962157307829,0.1050643310379182,0.22392024945806063,0.3142208062591134,1.578888005158831,0.3041406726923873,1.7627657680668163,0.6416546049735732,1.6363354565208137,1.869178121281672,1.0656465508510489,1.096110289211882,1.9600224251303444,1.2534200752608682,1.9493004064278792,1.6466119033144007,1.0433788802386719,1.5208080133378894,1.933793143296425,1.7054438417353814,1.97283457238729,0.08756357694837535,1.8294783176621259,1.8590763657143758,1.9132015804060136,1.7928253720739544,0.5139284128579013,1.7573663447213257
Croatia,1.2159520291020105,1.0460509794966668,1.41026463182607,1.42888491582186,1.1947688692084142,1.595051591124982,1.4961708971703434,1.1421362889680255,1.4645121207215535,1.5389286945571163,1.048603433721799,1.047602760147345,1.7246360839895372,1.095671198209049,1.5235233782002935,1.4383471527545018,1.641627615090966,1.5979325036501724,1.6568951054189045,1.5725506175006045,1.0,1.0377808853224388,1.500417135383737,1.5047340780245553,1.6989229211584755,1.5167118090890745,1.7745599190481454,1.50239684694577,1.1264880191006423,1.3708902020166471,1.5531731243030988,1.2397550904971344,1.474970483430458,1.5466135513941446,1.4830530299559523,1.4049333898580247,1.4481349554362863,1.371115850366785,1.6625168684649205,1.3174947498783034,1.7512884702111862,1.180126808986263,1.6935694885824806,1.5070593727591615,1.139260367838035,1.1082070687489607,1.2950526798502997,1.592678868512311,1.2865337136146622,1.462803739531979,1.4274858707738882,1.5439782647130036,1.507665057340527,1.020646023840588,1.2901666383408532,1.2768639951060756,1.3165269917847184,1.4319755439744366,1.5737321072430888,1.791795719399547,1.3185000359362344,1.5777557809569298,1.1412517453921838,1.6145057974122166,1.172652843145805,1.2452693848258267,1.5754159367820102,1.535679051702727,1.6035939180318413,1.7118334452199424,1.5124883852551916,1.3493956737083717,1.568873125487125,1.3525607954946357,1.3598865171199028,1.7370380956121239,1.1793403328847858,1.2618826901526456,1.3898987446615911,1.1096383910637424,1.4903079666361765,1.1600204217189538,1.4726672522981894,1.379374806244483,1.2455067589691105,1.1847693535028343,1.57585073238283,1.4944444744613241,1.4868558813558288,1.1985679330205832,1.0787161120470483,1.4309038686614364,1.5833523322657823
Czech Republic,1.4950854099114623,0.9706729419642365,1.1413588515962474,1.5016554280004815,0.8210072658025832,1.8668120476752783,1.22365623874603,0.9500947665973019,1.7211860016261218,1.7831444225378068,1.011576970203207,0.9710492493608004,1.9058088803588125,1.1375054146331502,1.199933512756579,1.788206033840372,1.3936663748590916,1.8073738716317949,1.666077880003223,1.773756087181169,1.0377808853224388,1.0,1.0873385945996452,1.7518938489123022,1.6432623394310724,1.5414568979660688,1.8722332785852243,1.278245861014511,1.1317772720075416,1.6728448867357073,1.5290694705571195,1.3497107451058026,1.4789017943003124,1.7688444179832719,1.7122187294841116,1.0751058528386679,1.6767923163557705,1.6315579905796163,1.629934045508158,1.2860888784367857,1.6837601519779422,1.424736322869385,1.9089854656142753,1.6580322503480924,1.1000986188618809,0.5959212578126921,1.5021184818391966,1.5648516779335055,1.1117052693911054,1.3508268405452308,1.4008110493349033,1.5119062468141982,1.7378920663451818,0.8361287519114068,1.403527136590328,1.5473464394573253,1.0717066812918778,1.3347443013338387,1.4944629803347056,1.6629775595452476,1.378804450046519,1.7316911650325837,0.932303795731316,1.4411230519801959,0.9758923841929277,1.2136400152817461,1.7384456704702358,1.7356225651753843,1.8653678630361084,1.5501728845236262,1.8215025875001283,1.0826712065252653,1.6393815868968322,1.5267876791067867,1.0647925381760233,1.6147947102084208,1.4893328667106773,0.921266541542091,1.0465423081278096,0.8297923766099548,1.4289840122481274,1.2848956157002485,1.4028428470526733,0.9445347932810492,1.0016872118014197,0.9987633789368416,1.8062454643644426,0.9196116498084198,1.221523640481931,0.9650760032403938,0.7221493582346662,1.583394871196834,1.1944381440734981
