Country Name,Albania,Angola,Australia,Austria,Azerbaijan,Bangladesh,Belarus,Belgium,Bolivia,Brazil,Bulgaria,Burkina Faso,Cambodia,Cameroon,Canada,Chad,Chile,China,Colombia,Costa Rica,Croatia,Czech Republic,Denmark,Dominican Republic,Ecuador,"Egypt, Arab Rep.",El Salvador,Estonia,Finland,France,Germany,Ghana,Greece,Guatemala,Honduras,Hungary,India,Indonesia,"Iran, Islamic Rep.",Ireland,Israel,Italy,Jamaica,Japan,Jordan,Kazakhstan,Kenya,"Korea, Rep.",Kuwait,Kyrgyz Republic,Latvia,Lithuania,Madagascar,Mali,Mexico,Moldova,Mongolia,Morocco,Nepal,Netherlands,New Zealand,Nicaragua,Nigeria,North Macedonia,Norway,Oman,Pakistan,Panama,Paraguay,Peru,Philippines,Poland,Portugal,Romania,Russian Federation,Rwanda,Saudi Arabia,Senegal,Singapore,Slovak Republic,South Africa,Spain,Sri Lanka,Sweden,Switzerland,Tanzania,Thailand,Tunisia,Uganda,Ukraine,United Kingdom,United States,Uruguay
Albania,1.0,0.40749177555455196,0.40412246299721605,0.3908916729161325,0.3992371368015601,0.400093095259179,0.0969451921413934,0.3950726487881525,0.4058586332267776,0.40178574225947933,0.08748022924978993,0.40736922550099075,0.4042003144591196,0.4073766312975297,0.40541193490916877,0.40655357473916304,0.40624649642726485,0.4033673463182069,0.40314567207178026,0.40121709193316024,0.15487047489857456,0.3185750225442837,0.3989695817683707,0.4054318849915871,0.4062366411921674,0.4065954287475489,0.4016715211209362,0.14698313162403717,0.39803338287553186,0.395941191781661,0.26794216422890016,0.40712152831129433,0.30442779550544297,0.40450347155999317,0.4033056349129593,0.1286142574608269,0.4031142917765574,0.40706490999533584,0.4060944093126463,0.384693804551723,0.40405897415498443,0.3103379920205581,0.40267381978824524,0.2578058959863602,0.395088779435672,0.38395386923500213,0.4069998829679212,0.3936365187946771,0.3895188322645608,0.3959981158145126,0.0950493533560244,0.11083791325204075,0.40653311135204384,0.40738408944720306,0.4066491187214261,0.1927587684135044,0.40250865584763046,0.40675066736659593,0.364287698418326,0.3915900494489548,0.39062688118139516,0.40642428736606245,0.40733016049977033,0.31554042874402793,0.39994942447261866,0.3891479231251821,0.4059740537605436,0.40667926523455455,0.4032652080423225,0.3959101747643177,0.4046929222079233,0.15085787397024972,0.2979398305410101,0.0651013079295658,0.1810200456261687,0.3914044156679036,0.40640368576002567,0.40723946348320417,0.3600118100855814,0.3061379826307513,0.40652868523755303,0.35024958806163436,0.40192514675234076,0.39275601223632617,0.40332104321456663,0.4074361226860229,0.39084699565559156,0.4051660246656015,0.4070842675494862,0.06444766365605496,0.40531904956505005,0.4021040293651874,0.3699627223457859
Angola,0.40749177555455196,1.0,0.028327121320878664,0.07424192536682211,0.04380986400302404,0.04488905485219095,0.38464066634629246,0.05513460259992512,0.018964246280689677,0.038530110838904674,0.41504697205931806,0.004708812268359471,0.019729110835855074,0.005217953328252632,0.025819638065989515,0.016751623234145325,0.025870019275973422,0.031368663762383835,0.038798703642858305,0.0353602199158628,0.33171264541838896,0.15037318902235067,0.055539584722407095,0.02185467972008213,0.01730289190851984,0.01910127396893175,0.031280797529310574,0.343504951214312,0.05687909866322814,0.06092350012157398,0.2168411938865207,0.008097147190861178,0.24622321578790168,0.025915845981601432,0.03281846409421803,0.42212310141405973,0.034304035378134465,0.00932218050521004,0.021743531492422655,0.08219532463560336,0.01948285507044819,0.16115396515993272,0.026347576414242457,0.28250804601398416,0.06742476797528899,0.07179588207989206,0.008705694833903193,0.04967983374409056,0.07210642714062201,0.06736152276599187,0.42883411058777304,0.4234379177342097,0.012067382129159369,0.007391510126682781,0.012910347896689418,0.35649326011151194,0.04753303881469612,0.017402488282285543,0.10145425997360526,0.0640874685119317,0.07825220933342124,0.01023152493271761,0.006113814867380711,0.13297288106300054,0.053262154128928124,0.0834540757741017,0.013826379387283821,0.011595191764558869,0.03156139031251062,0.061601034565300514,0.02645407756839155,0.2780647407339439,0.25106138769849384,0.41032532356594054,0.2936390623357676,0.03755692307327878,0.0229167113002138,0.012215635955791223,0.10705712934472184,0.1408670367638225,0.017347233267642672,0.14442145374926474,0.0429411022521282,0.07168513259747321,0.043400467707324586,0.010877471982459738,0.06382304790537599,0.02181832108604168,0.01711546571401534,0.4153292742521454,0.02878733084788784,0.03511481340669622,0.08854496114738877
Australia,0.40412246299721605,0.028327121320878664,1.0,0.07492133411548889,0.038026756669918144,0.06632942264142132,0.3812713537889569,0.05780514881055444,0.044350771541887754,0.06307608980372138,0.4116776595019823,0.028163509633175644,0.038692391444586686,0.028758838304097773,0.030019283930724703,0.040961031851231976,0.035078080804519796,0.044999874824954655,0.05245768712092345,0.060144902316169084,0.3283433328610531,0.14577329283502596,0.0490216441198397,0.046815402479659485,0.03403933568038718,0.024709152733822175,0.044501213342541715,0.3404491486663762,0.05576518494397932,0.08661896590083293,0.211621235153813,0.03481444557791752,0.249625222701385,0.05080252376939943,0.05839809330031546,0.4187537888567252,0.05999640474230663,0.035085348838427184,0.031070728832475376,0.1054575811530025,0.029902537484409183,0.16747936333570979,0.044712623794348996,0.2891395063822031,0.06418956286708949,0.05588738648003436,0.035743818868859314,0.06247250704573362,0.06875442684604233,0.053168603471480794,0.4254647980304378,0.42006860517687356,0.03702690386780531,0.031514511558445694,0.038607294323474386,0.3531239475541789,0.0384488660599248,0.022382170786300636,0.11889069242055315,0.06040021381602678,0.07842384501851997,0.03478174120296975,0.026721527152397957,0.13930981084378388,0.04752722375299921,0.076140661110423,0.038685502575310116,0.036133299755573764,0.053775432060648276,0.0588734413604235,0.05012289973884074,0.2746954281766081,0.2563723283978549,0.40695601100860307,0.29026974977843234,0.04455326404491492,0.04420392387061998,0.022642096317898198,0.11129299519266324,0.12580035755526411,0.02340553687523121,0.16378813511647133,0.053656181551035444,0.06552727540838847,0.03239258439789381,0.02452889995109169,0.08695359082386743,0.023340647947557396,0.027797336770778478,0.41195996169480986,0.03588050802805871,0.05908665527858556,0.0788785795185848
Austria,0.3908916729161325,0.07424192536682211,0.07492133411548889,1.0,0.09213272502330794,0.08221350143572018,0.3680405637078736,0.1078641540061972,0.07865163084259205,0.08635099406664634,0.3984468694208847,0.07304911579101296,0.07412005072682194,0.07303016406250828,0.08201656419397331,0.07573573373931546,0.068289421665183,0.07342138739170866,0.07650948244065457,0.08694359607696679,0.3151125427799692,0.18864149208777375,0.06357459449200857,0.0788320904621283,0.07381398099289115,0.06709297256923805,0.07478790001016805,0.33146644101831574,0.10484924878187091,0.11040481328764787,0.17638992329945963,0.07674148234785487,0.2522976277988838,0.08065541498607683,0.08572181194070988,0.4055229987756386,0.08876303959011722,0.07489774564145447,0.06726517659305435,0.11176412282370583,0.07574888145784872,0.1697586647392431,0.074476206906681,0.28290769331759313,0.11142536096263007,0.10951120139848493,0.07670025926409901,0.10625363566460368,0.12677233508748767,0.06081596798687497,0.4122340079493537,0.4068378150957973,0.07568720159922587,0.07535763949518426,0.07929610917694106,0.33989315747310384,0.07255194344575353,0.06902090476941634,0.12700134285477852,0.10177632057152876,0.057519720543465616,0.07566405689736837,0.07216312854945404,0.14281332831201493,0.09695290828269147,0.09617039195744759,0.07687093110132295,0.07501541601010746,0.07847585075469055,0.07021986724575097,0.07908302728744793,0.2614646380955246,0.25042190141370785,0.3937252209275195,0.2770389596973491,0.0893888956582758,0.08349889718129534,0.07004583090038943,0.15984013682162995,0.16505206124460878,0.06994359783071179,0.16552785205255163,0.058309902735875066,0.08308770899720991,0.07416019396263238,0.06961538134284995,0.10335583705009452,0.0759498768355828,0.06761168396157466,0.3987291716137256,0.07238864693862872,0.09110110476997497,0.11455248040547943
Azerbaijan,0.3992371368015601,0.04380986400302404,0.038026756669918144,0.09213272502330794,1.0,0.07410623703750986,0.3763860275933012,0.045912520052131416,0.05499405709670798,0.06776440955067907,0.4067923333063258,0.04685877028990667,0.055029231055256124,0.04739979023289891,0.05713697047608126,0.054467623737929675,0.06125051636902525,0.055589573562499474,0.08000439408604174,0.06417786150902603,0.32345800666539715,0.1287626828000154,0.05483399459192053,0.057180572097773066,0.05906165146370674,0.048610963581261143,0.06898063554873647,0.3429087252923562,0.038731248552214416,0.08808615975851888,0.2091304231626967,0.048617358277688975,0.2539321677352268,0.05975927464085139,0.06445006167322453,0.4138684626610686,0.06358690739026619,0.04576188623961349,0.05866665257346816,0.11040406200508886,0.05186829891174683,0.15842760478403695,0.05621391963470735,0.29696334733586055,0.043695369786308016,0.053789928480360336,0.04711441124764776,0.05756925303771035,0.046550779534005854,0.07278640274958945,0.4205794718347816,0.4151832789812187,0.05421618995000614,0.05008416359922894,0.04546615591880581,0.3482386213585213,0.04952659505041204,0.04341599906666149,0.14299952167418162,0.09477277946495802,0.10417376741971197,0.05064580057662055,0.04652358779758411,0.14158678671173533,0.02753157809485038,0.07183109884801726,0.05435211736328114,0.05376888304614943,0.06542161201276125,0.09065256274930297,0.057769357151735916,0.2698101019809525,0.2659130470034514,0.40207068481294733,0.28538442358277705,0.05944212552722295,0.043684698691408785,0.045213849816692096,0.09133698434910241,0.14344841602143132,0.04280413892611339,0.155108546412962,0.07377442494573129,0.0773838720569268,0.03229539185279103,0.047277240241776444,0.09014409234391015,0.04428472649960187,0.05406984299712351,0.407074635499153,0.03537048413139091,0.05958686509479274,0.09625733655720081
Bangladesh,0.400093095259179,0.04488905485219095,0.06632942264142132,0.08221350143572018,0.07410623703750986,1.0,0.37724198605091924,0.0778428083488755,0.026216189253895652,0.01005561946329669,0.40764829176394096,0.04365869186101441,0.02838747746967473,0.04271208250645625,0.05319199056526354,0.028153480709324774,0.04577529822118753,0.03090200759532139,0.030449057719604527,0.013142666289006264,0.32431396512301514,0.16668557875556997,0.08259189134421911,0.023276314051654826,0.035448600349879435,0.05197946000849511,0.02467596445128284,0.33930810622971275,0.0855310636540883,0.035139914455546345,0.21845116156588937,0.037827912074837815,0.22856013291879815,0.019264839504995634,0.0148077000249111,0.41472442111868685,0.018069289345961487,0.036135415239251886,0.04452764188858587,0.07405238691150684,0.0384472299248506,0.16518317792599613,0.022324201574944958,0.25027094801166333,0.09711168663064017,0.11418634525352653,0.03643994396496296,0.05157278815588234,0.09913567814831245,0.08970318580287436,0.4214354302923997,0.41603923743883714,0.03292512019273623,0.04196210159658597,0.036237831626451875,0.3490945798161395,0.0839669301933219,0.0544901178957345,0.0801964145511543,0.06059352521497738,0.08113490409347232,0.03496411747702055,0.04528410095016917,0.1100486607783558,0.08529524614405744,0.10964430087109228,0.031073603062813808,0.03351054259132486,0.013365988670831453,0.06813158236111662,0.018486159968111725,0.2706660604385708,0.21768530210248604,0.4029266432705655,0.2862403820403952,0.04670784410201002,0.04156233618659008,0.05152181368313051,0.11597468447299408,0.16928772426655958,0.053817224925010086,0.12710761817971003,0.0540237334874206,0.10492704386671034,0.07754018414517305,0.04864270050178684,0.02296148956157501,0.06156041801473825,0.04833242061404766,0.4079305939567713,0.07029340181319255,0.02958099040226241,0.12314827832934462
Belarus,0.0969451921413934,0.38464066634629246,0.3812713537889569,0.3680405637078736,0.3763860275933012,0.37724198605091924,1.0,0.3722215395798977,0.3830075240185179,0.37893463305122016,0.10809727718063802,0.3845181162927314,0.38134920525086047,0.38452552208927115,0.3825608257009102,0.3837024655309028,0.38339538721900673,0.3805162371099462,0.380294562863521,0.37836598272490035,0.1899993117679201,0.29572391333602444,0.3761184725601118,0.38258077578332544,0.38338553198390907,0.3837443195392899,0.37882041191267773,0.09734655108361609,0.3751822736672722,0.3730900825734012,0.24807934051056188,0.38427041910303517,0.32835548957907545,0.38165236235173433,0.38045452570466565,0.14464900561038027,0.3802631825682987,0.38421380078707473,0.38324330010438723,0.36184269534346397,0.3812078649467207,0.31324506209278885,0.3798227105799855,0.29172236511987326,0.37223767022741333,0.361102760026743,0.38414877375966267,0.37078540958641754,0.366667723056278,0.3731470066062534,0.14032849768258007,0.1468717578089767,0.3836820021437844,0.38453298023894333,0.3837980095131674,0.215192874468456,0.3796575466393715,0.3838995581583359,0.3469523999407586,0.3687389402406954,0.3677757719731362,0.3835731781578031,0.38447905129151055,0.2793953522407714,0.3770983152643598,0.36629681391692354,0.3831229445522813,0.38382815602629616,0.38041409883406335,0.37305906555605894,0.3818418129996648,0.17016355487658963,0.3219803732184396,0.1095262615400023,0.10723811605903821,0.36855330645964507,0.3835525765517661,0.3843883542749461,0.3371607008773222,0.289754256902397,0.3836775760292948,0.35031073365111587,0.37907403754408203,0.36990490302806806,0.3804699340063074,0.3845850134777606,0.367995886447332,0.3823149154573409,0.3842331583412278,0.07058133916517025,0.38246794035679105,0.3792529201569329,0.34711161313752625
Belgium,0.3950726487881525,0.05513460259992512,0.05780514881055444,0.1078641540061972,0.045912520052131416,0.0778428083488755,0.3722215395798977,1.0,0.061290396584261705,0.07027996380312924,0.4026278452929188,0.05906891094564362,0.0692380097089995,0.05955717478803502,0.06641090920488434,0.0638853881872322,0.07177102228550543,0.08089578215726878,0.08095555833248731,0.06723352070146768,0.31929351865198996,0.13461892895602137,0.07276358839294488,0.06321443426431449,0.0660495852164696,0.06808701395602387,0.07738268330363711,0.33502698449355456,0.04297795782106165,0.08860603911504046,0.21577650797059983,0.05588741279730819,0.25344869605450904,0.06427013683144103,0.06476805001398368,0.4097039746476598,0.0639846555448252,0.05942061344943522,0.07353876569863607,0.10387842751765068,0.06441838485122625,0.16908763362073426,0.07253347175071996,0.2963531293519164,0.0404345070294544,0.07512186609174253,0.056623114374637615,0.06487440938942464,0.05220049659773432,0.0929828382810402,0.4164149838213743,0.4110187909678114,0.06208185663086126,0.05643295879152752,0.053108886362454526,0.3440741333451142,0.06439239075259487,0.06271141394498712,0.13910743734070627,0.09578793760806435,0.10890131265181494,0.06060407047213781,0.060047899735296256,0.14301380569038927,0.040266774804307036,0.07901180078407996,0.061374567182522384,0.06224733202604207,0.07106006248363105,0.09861629258460704,0.06674988917442955,0.26564561396754516,0.2654862170355338,0.39790619679954053,0.2834632029741534,0.06730711193538896,0.05893272659592422,0.060851876175076744,0.10027130192410517,0.14850916719962232,0.06211069584016744,0.15100208846865693,0.09070231269766141,0.08965211040335921,0.05310809813225414,0.06249794589028973,0.08835562842466918,0.05805117981601716,0.06757307229071603,0.4029101474857396,0.04213314976661612,0.06418125678912093,0.11582268566225196
Bolivia,0.4058586332267776,0.018964246280689677,0.044350771541887754,0.07865163084259205,0.05499405709670798,0.026216189253895652,0.3830075240185179,0.061290396584261705,1.0,0.01956616788134158,0.4134138297315427,0.018419165031464832,0.01577156811862248,0.017585105247110017,0.03388090174253757,0.005923865750048649,0.03143730356902859,0.026618357485070934,0.029187453579768548,0.016461635922536372,0.33007950309061407,0.15614796923936566,0.06591734430575094,0.0029767734146749674,0.016724165822810035,0.03368186231650808,0.02601083081496386,0.3422644244867575,0.06632011264880655,0.042711808355181645,0.21962431120892797,0.011641520938492179,0.23712507721560108,0.006970086981851518,0.014544428151764408,0.4204899590862862,0.01699227563739367,0.010872063052898156,0.029552414038857496,0.07156231491137896,0.02238472699039374,0.16179825164546022,0.01750659558031694,0.26850440353326493,0.0778934369982926,0.09048644429809993,0.010327767138101159,0.045447248695092236,0.08064074119811612,0.08024883836848154,0.42720096825999854,0.4218047754064362,0.008428080064043678,0.015850882898515658,0.011516142417956246,0.3548601177837389,0.06385260224332666,0.03316224050522216,0.0902535347525922,0.06127392367340496,0.08132875815269112,0.010024513121367366,0.020682764271723726,0.12325789812173694,0.0649838168778037,0.09473224761548518,0.006509629025743446,0.00891385942613946,0.013092176644725539,0.0643210757300117,0.008770563482932163,0.2764315984061696,0.2374156227362361,0.40869218123816364,0.2920059200079953,0.037195559221957455,0.0229286249990806,0.02775963506067671,0.10634048534178325,0.15261593572381701,0.032415385668526545,0.1341453837534822,0.0472078238962718,0.08488596216413198,0.057113314535810075,0.0255391298760759,0.044960534871154104,0.036950500440369995,0.02805050141406844,0.41369613192437105,0.044077591094175916,0.020331319905419303,0.103160487696354
Brazil,0.40178574225947933,0.038530110838904674,0.06307608980372138,0.08635099406664634,0.06776440955067907,0.01005561946329669,0.37893463305122016,0.07027996380312924,0.01956616788134158,1.0,0.4093409387642459,0.037774302719324034,0.026966431615728072,0.03687442922186633,0.049301789082582884,0.022547997607239977,0.04190401346035682,0.03149300267405213,0.03177874180939091,0.005346084900329994,0.32600661212331644,0.16169431883485458,0.07781388145889878,0.016690632647510723,0.02999095947118727,0.05051913945027768,0.029138655675853244,0.3424754640714191,0.07680190840145823,0.02868898244582662,0.22090139488329277,0.031133192068680426,0.23027695785165256,0.012620156504352484,0.0067843498999181386,0.41641706811898815,0.008251168537770706,0.030110130639884998,0.04423366597730506,0.07076651254389119,0.035973096154884615,0.16263885668288564,0.023271570845858645,0.25530394469527007,0.08874429102415247,0.10981368079538179,0.029882713944239737,0.04678918656979042,0.09055128346715718,0.0937114912394396,0.423128077292701,0.41773188443913806,0.026897924407077112,0.035204492333403795,0.02938090536137879,0.35078722681644103,0.08168206852664081,0.05106644557038911,0.08337317461884666,0.062284012338825176,0.086541534868148,0.02918635057846649,0.039756635345755624,0.11323063580879147,0.0782311195400361,0.10734417220121738,0.024994025221710073,0.027540138227927558,0.012053988317698251,0.07250385513036248,0.013504696992587686,0.272358707438872,0.222980060869517,0.40461929027086624,0.2879330290406966,0.044476817913557475,0.032657979991754155,0.046529874864831816,0.1073541452407696,0.16822516925061062,0.050412542012224615,0.12401549686688139,0.05531213353857133,0.10166688803792759,0.07299965989364976,0.04383824852302984,0.025799524718155796,0.05631624352704471,0.044448685433796195,0.4096232409570722,0.06340829292727283,0.02050175518245152,0.12097325283627644
Bulgaria,0.08748022924978993,0.41504697205931806,0.4116776595019823,0.3984468694208847,0.4067923333063258,0.40764829176394096,0.10809727718063802,0.4026278452929188,0.4134138297315427,0.4093409387642459,1.0,0.4149244220057573,0.41175551096388435,0.41493182780229604,0.41296713141393654,0.41410877124392825,0.413801692932029,0.4109225428229731,0.410700868576546,0.4087722884379251,0.12695254266810424,0.3268335894424028,0.40652477827313677,0.41298708149634733,0.41379183769693306,0.4141506252523147,0.4092267176256762,0.13535829324277487,0.40558857938030046,0.40349638828642725,0.2723543020164036,0.41467672481606127,0.27332742782831343,0.41205866806475977,0.4108608314177262,0.08337265935340464,0.410669488281324,0.4146201065001024,0.413649605817413,0.39224900105648824,0.41161417065975114,0.3196817845855792,0.41022901629301045,0.22374599128780284,0.4026439759404378,0.3915090657397685,0.4145550794726862,0.401191715299443,0.3970740287693271,0.403553312319279,0.07463029686580357,0.10228148745322463,0.4140883078568086,0.41493928595196883,0.41420431522619233,0.17587379705243916,0.41006385235239634,0.41430586387136864,0.371842894923092,0.3991452459537202,0.3981820776861613,0.4139794838708271,0.41488535700453627,0.30331301260426113,0.40750462097738777,0.39670311962994853,0.4135292502653096,0.4142344617393201,0.4108204045470877,0.4034653712690841,0.4122481187126903,0.1670065553322204,0.26576780011937373,0.054697636602118196,0.17909214857270392,0.39895961217266906,0.41395888226479105,0.41479465998796994,0.3675670065903475,0.31794473152255814,0.4140838817423196,0.3578047845664003,0.40948034325710536,0.40031120874109233,0.41087623971933246,0.41499131919078835,0.3984021921603582,0.4127212211703668,0.41463946405425284,0.049788342172695135,0.41287424606981626,0.409659225869954,0.37751791885054614
Burkina Faso,0.40736922550099075,0.004708812268359471,0.028163509633175644,0.07304911579101296,0.04685877028990667,0.04365869186101441,0.3845181162927314,0.05906891094564362,0.018419165031464832,0.037774302719324034,0.4149244220057573,1.0,0.018105518555310198,0.0009490288055083754,0.022910413517089456,0.015642187181908324,0.022161912676566767,0.029289329733440613,0.035034280470440424,0.03461959116918443,0.3315900953648278,0.15170844997864633,0.05542810593023025,0.02113569676352504,0.013047427529130164,0.01648646427524676,0.027130952895626555,0.34334292101772546,0.06132549668044242,0.06108420066440848,0.21595035475006025,0.00976863646185453,0.24514652696766526,0.025219326869845578,0.03283802131887791,0.42200055136049913,0.03490253882323695,0.00925500872935596,0.017115351825645764,0.08313405274462937,0.016516389551740403,0.16226956473605184,0.02483812847696358,0.28097531170426027,0.07151392530577783,0.07210029904893629,0.010143393659543047,0.050288405154303426,0.07614456352114252,0.06456230538865713,0.42871156053421156,0.4233153676806488,0.010888124558304658,0.007300057547747849,0.015485551385352101,0.35637071005795184,0.04596676415947111,0.015451611556043559,0.09786500741124238,0.06010630104205759,0.07438128408899312,0.008702266128414926,0.002688037111244019,0.13208765863904237,0.05671149131866682,0.08446211351988618,0.012784531975310131,0.010254920287943895,0.03029618042937772,0.05748749124553791,0.025347624801878882,0.2779421906803827,0.24957041202767996,0.41020277351237733,0.293516512282207,0.03517272633944146,0.02588142385740427,0.009843709960902556,0.1097861510034698,0.13970248232329396,0.015926459088943683,0.14604983663252954,0.04023853529317938,0.06927784970808816,0.04574443964269635,0.008183944464831276,0.06278241436659537,0.020394907292820404,0.013915685250589492,0.41520672419858357,0.032064499365276077,0.03669927068979485,0.08655773106230097
Cambodia,0.4042003144591196,0.019729110835855074,0.038692391444586686,0.07412005072682194,0.055029231055256124,0.02838747746967473,0.38134920525086047,0.0692380097089995,0.01577156811862248,0.026966431615728072,0.41175551096388435,0.018105518555310198,1.0,0.017290889924784905,0.03137232354254928,0.012505690795176477,0.026244389921146843,0.016311379750850098,0.027988686129059914,0.025382312073460332,0.3284211843229565,0.1607959088719353,0.06350322866970426,0.015901969696021794,0.017109043746460762,0.023871617256923803,0.014871802911152542,0.3400404376615615,0.07229376843628653,0.05219734551418291,0.2142807478629283,0.01733058566752715,0.23350022346141913,0.017424584311762706,0.02557976731770513,0.41883164031862824,0.028828690989920497,0.014803045684432989,0.018664470135256517,0.08286329538043383,0.013522268913434879,0.16428256958447202,0.007521981232457572,0.26537260811727365,0.0819681964945203,0.08580838746441084,0.01630835493705594,0.043251612096996614,0.0854639707226216,0.06883497191879892,0.4255426494923408,0.4201464566387781,0.013359673606482643,0.021869264800025153,0.021632060160756455,0.3532017990160812,0.05571356705701478,0.02621271295730269,0.0894802127092778,0.05292525257456741,0.07449748943961015,0.011346086067955376,0.019089716112763284,0.12034921547095188,0.0658124359593077,0.08858330379609157,0.012059700864194263,0.013047740533119863,0.015944892630389514,0.055310619218541066,0.015681757329131393,0.2747732796385103,0.23203598754270202,0.4070338624705075,0.29034760124033676,0.029768811415779653,0.03385409068459133,0.024302939244513964,0.11558476552444175,0.14700615429977928,0.025501549992847705,0.1473017640178437,0.0420713925899058,0.07866450081410534,0.054910722434344326,0.021933256763954658,0.04907148117405105,0.0344159558117065,0.021961201345027728,0.4120378131567124,0.04578215674430682,0.031146334792259114,0.09507195890693074
Cameroon,0.4073766312975297,0.005217953328252632,0.028758838304097773,0.07303016406250828,0.04739979023289891,0.04271208250645625,0.38452552208927115,0.05955717478803502,0.017585105247110017,0.03687442922186633,0.41493182780229604,0.0009490288055083754,0.017290889924784905,1.0,0.02307964921139915,0.014709928026706176,0.022029421500101416,0.028562218063432336,0.03430403648113767,0.03373771322994059,0.33159750116136755,0.1521964795879492,0.05584337831244546,0.020261872856971258,0.01238058563441944,0.017052017518407573,0.026620976899136072,0.3433360157399577,0.061924513001994586,0.060280895704097975,0.2160213930942947,0.009207910271369095,0.24472516090476484,0.0243449183234385,0.032052982840827506,0.42200795715703576,0.03418881979293297,0.008707525685634435,0.016801244418064354,0.08250020256140991,0.016323479624130777,0.1623146597016445,0.024043837687099123,0.28026054204298384,0.07213249228421134,0.07297684830682778,0.009674478841880454,0.050001797035295385,0.07667093010159998,0.0650407599395338,0.4287189663307532,0.4233227734771891,0.009978539532860696,0.007427568280146028,0.015005276807298485,0.3563781158544929,0.04663371910698705,0.01607936744610456,0.09721746821970095,0.05990408527429022,0.07429067302571778,0.007753938197227878,0.003278094137306747,0.13162621625066917,0.05730610796823633,0.0848639515099858,0.011905868049916262,0.009340245518926442,0.02934892334601434,0.05743298110809575,0.0244126528786794,0.2779495964769227,0.24889344054204562,0.4102101793089171,0.29352391807874717,0.03479269330286858,0.02574831171885601,0.010463639746999421,0.10993645578965687,0.14019762378879128,0.016196344173294096,0.1456429500408871,0.03990625961136484,0.06980338068284686,0.046337635320500614,0.008724703901397679,0.06184965203879489,0.021062801418568016,0.014299475761634288,0.41521412999512386,0.032710748426001336,0.03608542870728954,0.08716295868237448
Canada,0.40541193490916877,0.025819638065989515,0.030019283930724703,0.08201656419397331,0.05713697047608126,0.05319199056526354,0.3825608257009102,0.06641090920488434,0.03388090174253757,0.049301789082582884,0.41296713141393654,0.022910413517089456,0.03137232354254928,0.02307964921139915,1.0,0.031870042423877254,0.02131718386665783,0.04492323687629843,0.03723896769915068,0.046570035205387356,0.3296328047730061,0.14883337669275915,0.05557669539724433,0.03574653286344815,0.023778291060353833,0.025271089873992885,0.03356738108998095,0.3415675762812553,0.07513999267115556,0.07200677568770429,0.2192872966295821,0.02711456303199617,0.24314576948122885,0.03885038541064267,0.045108414321147275,0.4200432607686782,0.04698851830018111,0.03029296797948295,0.019493977793089343,0.09359087123569837,0.023296802418103245,0.16966133477251014,0.038351077231111634,0.2812600706174696,0.08433501272738564,0.07464220100998763,0.02916321308086676,0.06140208828085247,0.0878545112418182,0.052026019946840925,0.42675426994239163,0.4213580770888279,0.027225748107671893,0.02428743310047243,0.03274670946790883,0.3544134194661309,0.04365996117231716,0.023792694731681396,0.08969924861990601,0.046144368083907455,0.06973954410850282,0.026594291731463465,0.02210471301251952,0.13528132902589662,0.06789290207528924,0.09219093171907627,0.02874988308439904,0.026972673176613296,0.041737961460220234,0.04270227895386175,0.039324393480580415,0.27598490008856197,0.24966049255889414,0.4082454829205568,0.2916580233608876,0.037653189101808045,0.045530165876830626,0.020594971714199342,0.11439789409006866,0.12852059952539868,0.025047041280845103,0.1566955260373924,0.04591102673788149,0.058383155360125005,0.05406547132351972,0.021402251306531717,0.07194702581229116,0.01844759501385467,0.018014825580463897,0.4132494336067627,0.04603921697465272,0.050377888024609345,0.07673794844947084
Chad,0.40655357473916304,0.016751623234145325,0.040961031851231976,0.07573573373931546,0.054467623737929675,0.028153480709324774,0.3837024655309028,0.0638853881872322,0.005923865750048649,0.022547997607239977,0.41410877124392825,0.015642187181908324,0.012505690795176477,0.014709928026706176,0.031870042423877254,1.0,0.02812308759197766,0.02479019563984748,0.027841640111877335,0.02012331328091821,0.330774444602999,0.15803863707103905,0.06494326993420194,0.007160905731843188,0.014632837166108524,0.02855188501282757,0.024734514795795116,0.3424683240483138,0.06761980894918296,0.046910622523175266,0.2184903274326037,0.010201844272858553,0.23917554616553965,0.010892536899558665,0.019346470054296065,0.4211849005986695,0.022131381698904558,0.009331040418874486,0.02474897839322223,0.07382827331118373,0.021027533234418354,0.16212312217602007,0.01631406287187331,0.27032620803606405,0.07872446154344595,0.08741314316462924,0.008682805387458978,0.04762693266655063,0.08199647511210625,0.07520501578921542,0.4278959097723829,0.42249971691881955,0.006584636355131592,0.015622637023748453,0.013289444937116576,0.3555550592961255,0.05925018119904596,0.02856629823120333,0.0897554539919864,0.061108630198428326,0.07715228898352643,0.007676843089008951,0.017451795592121715,0.12510091723556116,0.0646964162974897,0.09198002283201112,0.007075428631782858,0.007074173725546545,0.014922762567629406,0.06214320783741462,0.009711174958049476,0.277126539918554,0.23975609694558178,0.40938712275054806,0.2927008615203781,0.036212970969295315,0.023835736349523164,0.024066089589797366,0.11001974601038345,0.14977649440044155,0.02789960290548851,0.1369695249010323,0.04382490667138534,0.08134787945892313,0.05578054865757268,0.021310660356100738,0.04714022871042516,0.034139297315016144,0.023438803764752207,0.41439107343675513,0.042698553098610176,0.026014767791248714,0.09920049774792669
Chile,0.40624649642726485,0.025870019275973422,0.035078080804519796,0.068289421665183,0.06125051636902525,0.04577529822118753,0.38339538721900673,0.07177102228550543,0.03143730356902859,0.04190401346035682,0.413801692932029,0.022161912676566767,0.026244389921146843,0.022029421500101416,0.02131718386665783,0.02812308759197766,1.0,0.038025854214871306,0.026680591965096388,0.04105602316790191,0.3304673662910993,0.1540249288247958,0.04689561000169939,0.031913710728869935,0.015886133496045587,0.021871822882930183,0.02632004510592286,0.34211007351510064,0.07901014415903597,0.06772402899851074,0.20913648187454068,0.02696356880118985,0.2422417971457532,0.034133295170350526,0.04047204699784005,0.4208778222867736,0.04406444651079956,0.02816867267008012,0.01416164977308211,0.0897285138516079,0.021278697724427333,0.17024129385296988,0.03322485886598981,0.2789970711077856,0.08786487309645989,0.07833320089324969,0.02863167389677376,0.058758866650722406,0.09219697140563501,0.0525980521041764,0.427588831460486,0.42219263860692313,0.024128511037410857,0.024840880643677465,0.03286928921053847,0.3552479809842286,0.044242601117496255,0.02361246123239831,0.09222818755817563,0.05053531078205569,0.0581891285671778,0.02433402238100629,0.02089967388876999,0.1311821540980985,0.07134575088631676,0.09250533497762412,0.02549663781393265,0.023392064604663722,0.0341482595074185,0.03667666343401507,0.03492518969484741,0.2768194616066567,0.24741706517277676,0.40908004443865176,0.2923937832084814,0.03606906151829865,0.04643175110652571,0.020037284987463422,0.11888769634028568,0.13221108073358417,0.024764763807012757,0.1536417042703826,0.0288305262254363,0.059930796391095574,0.055035205684085854,0.019881297698246654,0.06558110113591817,0.022083848330835425,0.011829999587714794,0.4140839951248577,0.045103578400320005,0.04626894425929057,0.08018533837257556
China,0.4033673463182069,0.031368663762383835,0.044999874824954655,0.07342138739170866,0.055589573562499474,0.03090200759532139,0.3805162371099462,0.08089578215726878,0.026618357485070934,0.03149300267405213,0.4109225428229731,0.029289329733440613,0.016311379750850098,0.028562218063432336,0.04492323687629843,0.02479019563984748,0.038025854214871306,1.0,0.03431704431229718,0.03010714226586975,0.3275882161820438,0.17511483651412774,0.07076165545357566,0.025902310912869115,0.028415769508593987,0.029148972042284827,0.02422822095450518,0.349609069975652,0.06624874373060341,0.05071415055907391,0.21117909917124703,0.03088696838542465,0.23252796079190458,0.02615750989932561,0.03243463797711762,0.4179986721777155,0.03423590765946393,0.02441510434381592,0.029268710252402602,0.09060691870829757,0.026987456915988663,0.1580745311038908,0.015480994483568593,0.26341566588215487,0.07592974948028396,0.09097324717028082,0.02839075196031193,0.04354604440917924,0.08007039809618648,0.07078536765904174,0.4247096813514286,0.41931348849786515,0.026554378120035783,0.0346248470293735,0.031391984433899546,0.35236883087516796,0.06018590779158689,0.0317103687341384,0.09643670649371769,0.06530810920910216,0.08068555455055924,0.025227820991739952,0.029397189323390013,0.11855770046445586,0.06451265419386489,0.08475476635222377,0.025615635218623534,0.02587955625680214,0.02399824851693519,0.06401176140507207,0.023464009177099572,0.27394031149759895,0.23054586394775567,0.4062008943295941,0.2895146330994237,0.04474621060859414,0.028662845252657283,0.03326975963052876,0.11512515598247827,0.1550044113812826,0.030675897753467234,0.14547638622194112,0.04334992879853352,0.08865200993682587,0.0547649767825621,0.031009393577192193,0.04546881512096573,0.04676512992411301,0.033989599132089626,0.4112048450158001,0.05286533355394679,0.03159391464940856,0.1009958676897828
Colombia,0.40314567207178026,0.038798703642858305,0.05245768712092345,0.07650948244065457,0.08000439408604174,0.030449057719604527,0.380294562863521,0.08095555833248731,0.029187453579768548,0.03177874180939091,0.410700868576546,0.035034280470440424,0.027988686129059914,0.03430403648113767,0.03723896769915068,0.027841640111877335,0.026680591965096388,0.03431704431229718,1.0,0.03194853934589094,0.3273665419356172,0.1548700408764618,0.0712093637509759,0.027103163218974352,0.022142173697235312,0.040483514595895755,0.021663316457981266,0.33896432150602024,0.09481163623236816,0.05844916273087808,0.21344572040185658,0.03493267112764424,0.23286860492143663,0.026844699574833444,0.030888561510062564,0.4177769979312915,0.034387453491653425,0.03568922529243147,0.02850249270518059,0.07394067468158844,0.031437259085696646,0.17287948652786986,0.031755296311357206,0.26236999446417114,0.10561168482011699,0.09939848009421237,0.03593317050699093,0.06664545151753605,0.10886494087740317,0.07120238761883609,0.4244880071050019,0.4190918142514392,0.02777242926110289,0.03418107264420093,0.040150902695086595,0.35214715662874074,0.06608557194631054,0.04320651969611003,0.0675111723112078,0.04463055265876541,0.05860382693984665,0.03050374401189345,0.035326339507707395,0.11836404600673847,0.09051648877887165,0.11249976864953197,0.02755714224544867,0.027702166309088852,0.02361095948751309,0.043632698645505966,0.02838704504191748,0.2737186372511724,0.23093927035664974,0.40597922008316645,0.291463807950711,0.04506499323087839,0.05160669859980155,0.038027169807899115,0.12368715677745126,0.15172433534248814,0.04436194444005325,0.13653261189422242,0.035998331982268705,0.0857504319860175,0.07687623700610548,0.03561292395954243,0.04565495908865309,0.04254293772624703,0.030244428900075046,0.41098317076937335,0.06353487451364044,0.041102970303061565,0.10470358668728194
Costa Rica,0.40121709193316024,0.0353602199158628,0.060144902316169084,0.08694359607696679,0.06417786150902603,0.013142666289006264,0.37836598272490035,0.06723352070146768,0.016461635922536372,0.005346084900329994,0.4087722884379251,0.03461959116918443,0.025382312073460332,0.03373771322994059,0.046570035205387356,0.02012331328091821,0.04105602316790191,0.03010714226586975,0.03194853934589094,1.0,0.32543796179699613,0.16012051518886758,0.0754264589180211,0.013589467444058756,0.027149061184174723,0.04856888099868993,0.028124902499965087,0.3423084354783874,0.07305879086931313,0.03154431855748269,0.2203677057850316,0.028086081276838655,0.2296841295927794,0.009640284753483223,0.0074946365390762175,0.4158484177926676,0.00840677096645205,0.02696245454119685,0.042856814170568434,0.07245614921438241,0.03343393725191327,0.1614600517388242,0.021246174074613162,0.25615494841846553,0.084855793085849,0.10671456148925151,0.02675320030540574,0.04197204901488699,0.0866703806204875,0.09290736362600775,0.4225594269663809,0.41716323411281764,0.02380655109476,0.03220683753425074,0.02647815798504294,0.3502185764901197,0.0793214992468595,0.048610814297562664,0.08274005907098407,0.060166670652640274,0.08836348818051575,0.02608186043181185,0.036704030373330046,0.11191282721291271,0.07456896778366182,0.10481128541169567,0.02183561074588436,0.024452421429283035,0.012720308585200499,0.07249986313913351,0.012679594116586415,0.27179005711256965,0.2219658896108626,0.40405063994454615,0.28736437871437553,0.04064753030452103,0.029995417512581838,0.043619481307689084,0.1051517515928247,0.16604214149946084,0.04792385755302755,0.1273820741379363,0.055064276552753345,0.09906993023714462,0.06989361872348035,0.0411073451293652,0.028519707463931038,0.05318116614603116,0.04226225325929539,0.4090545906307526,0.06053289695028756,0.018915207079096046,0.11850626617194668
Croatia,0.15487047489857456,0.33171264541838896,0.3283433328610531,0.3151125427799692,0.32345800666539715,0.32431396512301514,0.1899993117679201,0.31929351865198996,0.33007950309061407,0.32600661212331644,0.12695254266810424,0.3315900953648278,0.3284211843229565,0.33159750116136755,0.3296328047730061,0.330774444602999,0.3304673662910993,0.3275882161820438,0.3273665419356172,0.32543796179699613,1.0,0.2531088249562389,0.3231904516322077,0.32965275485542095,0.33045751105600485,0.3308162986113854,0.3258923909847737,0.23002733807962406,0.32225425273936914,0.320162061645497,0.2370173688013478,0.3313423981751313,0.20911251413560017,0.3287243414238303,0.3275265047767965,0.1630820295152714,0.32733516164039483,0.3312857798591729,0.3303152791763029,0.30891467441556,0.32827984401882127,0.24226412082190205,0.3268946896520782,0.16597240222607498,0.31930964929950895,0.3083017792737448,0.33122075283175767,0.31785738865851343,0.31373970212839775,0.3202189856783492,0.16622370267049558,0.17743821953341712,0.33075398121588084,0.3316049593110401,0.3308699885852629,0.1354198279863878,0.32672952571146746,0.33097153723043254,0.28850856828216254,0.31581091931279176,0.3148477510452321,0.33064515722990184,0.33155103036360656,0.251648728461098,0.3241702943364558,0.31336879298901954,0.3301949236243804,0.33090013509839183,0.3274860779061596,0.32013104462815456,0.32891379207176036,0.11711977584440125,0.20165540512832347,0.14883705670938177,0.21875642773091952,0.31562528553174063,0.33062455562386195,0.3314603333470411,0.2933640808302596,0.2546150261687157,0.33074955510139237,0.2745562017946138,0.3261460166161785,0.31697688210016706,0.32754191307840363,0.3316569925498599,0.315067865519429,0.3293868945294382,0.33130513741332274,0.1418343623921584,0.32953991942888705,0.3263248992290255,0.3076256996667578
