Country Name,Albania,Angola,Australia,Austria,Azerbaijan,Bangladesh,Belarus,Belgium,Bolivia,Brazil,Bulgaria,Burkina Faso,Cambodia,Cameroon,Canada,Chad,Chile,China,Colombia,Costa Rica,Croatia,Czech Republic,Denmark,Dominican Republic,Ecuador,"Egypt, Arab Rep.",El Salvador,Estonia,Finland,France,Germany,Ghana,Greece,Guatemala,Honduras,Hungary,India,Indonesia,"Iran, Islamic Rep.",Ireland,Israel,Italy,Jamaica,Japan,Jordan,Kazakhstan,Kenya,"Korea, Rep.",Kuwait,Kyrgyz Republic,Latvia,Lithuania,Madagascar,Mali,Mexico,Moldova,Mongolia,Morocco,Nepal,Netherlands,New Zealand,Nicaragua,Nigeria,North Macedonia,Norway,Oman,Pakistan,Panama,Paraguay,Peru,Philippines,Poland,Portugal,Romania,Russian Federation,Rwanda,Saudi Arabia,Senegal,Singapore,Slovak Republic,South Africa,Spain,Sri Lanka,Sweden,Switzerland,Tanzania,Thailand,Tunisia,Uganda,Ukraine,United Kingdom,United States,Uruguay
Albania,1.0,13.548430565013758,12.274224909101633,11.062603551666946,12.127104916417283,13.974617859141928,1.2853651436801838,11.18004827905629,14.290204077210324,14.313859296983853,2.059431213525267,13.66206602426253,14.13869563275158,13.690347407619498,13.281022077303723,14.01021658642484,13.726214627790947,13.291617360327578,13.85860807924778,14.403633608101007,2.914028014010645,5.888318926372401,12.160078940382112,14.421479306939755,14.152309762464496,13.661691596936143,14.121912974731677,3.8312885606493774,11.696843987190501,13.047221090733158,6.794746446528879,13.815332808210256,5.873027335877243,14.455273020611958,14.426703735463528,1.4945231660389169,14.386426132036702,13.928610425981526,13.891616864353571,11.822475661983958,13.854127957239067,7.5756822473050835,14.02245365342007,5.512829398395361,11.057273214299324,8.659355810333645,13.894527093321328,11.743593360637567,10.858593868187624,12.526350134944408,1.6216564933273385,2.284490016389199,14.127961724393781,13.473929689399515,13.92615408323151,3.6366469714312344,12.073261581484124,13.57799778929728,10.796425369357014,12.182379073396442,11.533593236993626,14.140804654921077,13.64539338339713,8.027625844078477,11.775844110466396,9.831014971486075,14.239636882819152,14.130296246862084,14.212604076074356,13.49578278717002,14.302169889840425,3.9395071384596596,6.6012079975983,1.7206491267369695,2.9841289433166613,12.552148314706331,13.002283261215478,13.390548453805565,7.3682351486210775,5.9009097728199995,13.609114283580535,8.912786329651109,11.695591527053335,10.377092015380605,12.038592125951972,13.29367577092182,13.430418284003636,13.265649495108647,13.461425021800537,1.526141830800685,11.909537406415202,13.428908808588469,9.316883199661003
Angola,13.548430565013758,1.0,0.7040272021110692,1.6807484957380334,0.9475973455981174,0.9288659196144257,10.819530798028493,1.2271416610400319,0.4422287981474552,0.829485696298033,15.055411783035856,0.09148967875525357,0.38747913683344126,0.09886964629196646,0.5076910358319,0.2819349674465442,0.46716361303986387,0.7894293344947617,0.8020967738083994,0.7733654546968098,10.489927081858967,3.402494112966713,1.3189167318519366,0.4797735244283897,0.29474147723296723,0.1855496788352542,0.5644195565798104,7.17279796704423,1.3497159467898823,1.3656015351997817,5.190529378854531,0.11260730354690937,4.905007248416875,0.5600568190053206,0.7624618134121007,13.766239830154369,0.8332301939970548,0.22289295349518215,0.300718636163561,1.8375039338203387,0.3852148608341599,3.8072810608871057,0.5260509694316393,5.95253483485664,1.5889070896581106,1.6091252785558119,0.17671828173030515,1.3126524907330201,1.746303902186092,1.672919953743639,15.503709947089236,12.782061511258288,0.21799028705056456,0.10136036340153629,0.2759802025940079,11.750053147260347,0.881715996860197,0.16314459877391543,2.1344000985846656,1.3135819878037016,1.7689783057951385,0.23637364334530833,0.10199305438688105,3.1305146027273314,1.2302986472989026,1.811085154056842,0.26735484599286946,0.22994638184848779,0.6298607617020688,1.2817873436931033,0.583552666004577,9.10748407209349,5.086608679138978,13.191506863795182,6.849622847166669,0.824564259043385,0.4889625441931035,0.1497194322173296,2.4965951936626563,3.285355031721671,0.19696282466308124,3.6675470332287166,0.8534443762943357,1.511057005868014,0.9791388845439393,0.1634214062943185,1.3806836758194703,0.474722855340743,0.16421065127816706,14.508627289913806,0.7014071005031097,0.8222922419551054,2.0583727180523774
Australia,12.274224909101633,0.7040272021110692,1.0,1.3012116559369724,0.9680568682189543,1.3785183708983813,10.17712452491513,1.1074166714321882,1.0282031750225165,1.410701311507116,13.084420792645455,0.7036863826184221,1.0024063373979846,0.7155538910446534,0.6651600139153827,0.9140299142414341,0.7193465645845563,1.0361122982176567,0.9453560089623333,1.376406166078257,9.84061214068484,3.0704181766440177,1.0026107296234148,1.1181209904311782,0.8884648810526203,0.6274006470439144,0.9923000458141304,5.9867626940085605,1.0391932547924774,1.5322041941312188,4.36483475901438,0.8348272633590712,5.0434313868032925,1.2240009300766592,1.2796202513702444,12.663413518257867,1.3009796881654927,0.8029686731150629,0.7244624723415569,1.796893440683512,0.8038570354761699,3.7591499798793877,1.0363130380710832,6.151697576930722,1.1450355999315434,1.3463717150484733,0.7962261254216288,1.3607875009922268,1.2659284396035433,1.2746768292638921,13.554035682621034,11.31288214497851,0.9349002221957097,0.6589311035870391,0.8549988172544396,10.462032162318884,0.7949671758113023,0.6188340024875701,2.0560559138190633,1.3906432171409935,1.253060584349027,0.9608669081561168,0.6881069181550519,3.3205047306075626,0.8333319850628066,1.3790497194632363,1.0414634071052067,0.9226882512684654,1.2748219961155423,1.0698160614546273,1.181084763425884,8.390206793591895,5.249919935565096,11.92817843376909,6.422153129021579,1.1820520551373068,0.7323534743894409,0.590145475583231,2.0252675163259055,2.9914723758333293,0.638683272482808,2.875544429729079,1.0810606073520095,1.4431784634187717,0.5958793275669365,0.5649416660686419,1.8990589121646912,0.6081433542285423,0.6459382231658228,13.82023618168991,0.68959880457525,1.241187921891424,1.8489771846750018
Austria,11.062603551666946,1.6807484957380334,1.3012116559369724,1.0,1.1760523821309534,2.1038251120125615,8.476958187400362,1.1061005776258896,1.8102899168706243,2.055894942551281,12.683359611783086,1.6676993675733662,2.014311447656594,1.6814075321802113,1.214546009919422,1.8024531429551547,1.4731352830133193,1.8930324042072946,1.5004617438396102,2.104141476352702,8.863626484824225,2.3740240500742487,1.092893202719353,1.8657955521921945,1.7695429706144579,1.6809509797125222,2.0292663602711043,6.0700136057342275,1.249506281753946,2.2256166382277573,3.311215649045851,1.7422398309913674,5.218022922982753,1.9231989057955043,1.9196705603372852,11.137158414088882,1.8838333047115425,1.6962561020379032,1.708143551631059,1.566608373152763,1.8791975981673563,3.427396256825314,1.9511838094881897,6.210932891675899,1.338509078767019,1.6614543587509905,1.6940063408281087,1.9394267931253006,1.3390098984567946,1.3142389224020412,12.803001329664408,10.081352893833456,1.901209350831982,1.6641736810336416,1.661731171460817,9.59131880377321,1.345840763789634,1.6827270081417676,2.3809728218230544,1.8496269355996044,1.3879209012299272,1.893829210939692,1.6495100914349667,3.513747016130446,0.9504986953249298,1.2055505548549792,1.9293158615936672,1.884276139550647,1.9871771117688755,1.5971296814035922,1.8992918896497026,7.1519841544954295,5.209951354059794,11.363810508207262,5.5695949317284486,1.779082733965689,1.4044772881414382,1.5575151488826027,1.6449778645273476,2.6117973711514733,1.635130741378226,2.427204141007645,1.1981893907327654,1.2113624356722734,0.9920116106965527,1.4650449355767727,2.599330813874935,1.424567814220753,1.6263601850073452,12.292976403894208,1.28097740694158,1.9571406303900303,2.010684913054719
Azerbaijan,12.127104916417283,0.9475973455981174,0.9680568682189543,1.1760523821309534,1.0,1.7560563363197448,9.397816677548573,1.0577622109877205,1.2058058517930696,1.6584041321675278,13.316365215798594,1.037443536578933,1.4314903447196499,1.0412242900789146,1.1765791901511495,1.1200728388204766,1.1389329256624225,1.4365318172413857,1.4853363645686397,1.5563725964475525,8.835114871549717,2.688157958669207,0.727970781333419,1.2909748051551788,1.2965367933877905,1.0102899232057851,1.5699528496217159,6.589614854432272,1.031699314383906,1.7380241048049472,3.7813311597516575,1.0541723336457043,4.564339055988203,1.4087321602432956,1.4629970202340226,12.410320072424968,1.4125685620680106,1.068175152993585,1.2240180783714785,1.6472680875675252,1.310180462623416,3.5975078182946856,1.427622511576634,5.648302127154425,1.2355949599013138,1.3520596721152047,1.0788013238108436,1.4292551882709532,1.3398471812282924,1.7272185547176258,14.042056196704882,11.428722689900667,1.1498538760881898,0.9456511382706941,1.037055415883078,10.20692649221073,0.9535768555944453,0.9625663872897346,2.9426916022348095,1.8518989354440565,1.9227745447459506,1.1992392409613062,1.0319825921869503,2.963862991635411,0.8392335753488604,1.0028421672968413,1.2796962740859352,1.1445760422491715,1.6326895313302754,1.6145944260059566,1.362106330568592,7.555370551202328,4.742288645320277,11.452460296557918,5.802977107070769,1.3114617771074202,0.7529930314186555,0.9692743457498608,1.6990821297576173,2.9497603721398162,0.9655789115607263,1.948408249165615,1.2310799516507067,1.3439379377298675,0.823936407402521,0.9651456105187616,1.9237671613132536,1.0029601392031813,0.9167438257459158,13.036353983391718,0.7590667128960537,1.4233726906667021,2.1923433333585614
Bangladesh,13.974617859141928,0.9288659196144257,1.3785183708983813,2.1038251120125615,1.7560563363197448,1.0,12.181552567722111,1.9033719065652397,0.3752445839712587,0.13319120585663635,14.163748868641122,0.9314084092831393,0.315976446282555,0.875967917939526,1.3848141071714695,0.5191564452534864,0.8484711619775976,0.5810656322179405,0.5982313797462108,0.17171108123717493,10.06772243469126,4.0077061954572395,2.034214811394294,0.2979115778006256,0.6694516791968985,1.1868449289856438,0.5950517838460404,6.67865173693729,1.5172640755616267,0.6384878313018352,5.686593720576016,0.7067039323209396,4.392356343943108,0.23275103220376833,0.18419030478278298,14.64177637327172,0.204635215722788,0.5026082719542123,1.2382346470177197,1.6928606088481541,0.5300362908456735,4.007356409307418,0.22999414052577685,5.588605879807908,1.772728267636513,2.824783321846676,0.5870827598292988,1.0450029315831677,1.7334596229854735,2.1720571619275177,15.458884260345616,13.314593702378367,0.712794265168051,1.1245699224162578,0.47873884619660023,11.499171568797848,2.445267500036041,1.19770818623166,1.6822745131952135,1.3054979046351312,1.8929168707915203,0.48582207245350584,0.9826339798074745,2.331218463196596,1.52113878115432,2.430756009675088,0.47645131340684516,0.6121168658790086,0.1800543477200513,1.0436531107229174,0.2769492830699214,9.199289108773208,4.5652683760000174,12.299843949400449,8.024617413399323,0.9630326161518286,0.7718361901862493,1.3165716787026338,2.543856130152469,4.265636723728068,0.9763614741203076,2.4664754802689957,1.449695894771411,2.7651457921065057,1.5457836226094785,1.3224915460512605,0.4482588253640313,1.5041708054716043,1.2658684195011973,15.48544939791256,1.3875728720924911,0.37889780368510395,2.8023006284595993
Belarus,1.2853651436801838,10.819530798028493,10.17712452491513,8.476958187400362,9.397816677548573,12.181552567722111,1.0,8.69539285763466,11.422788782068666,11.945908267894843,2.7393412238315435,10.937754133227209,11.961472857396066,10.95796941869845,10.623850918648849,11.19597811739838,10.992376965597165,11.455597123360063,11.64121226315959,12.09573809499284,2.9416555692780433,4.205266864409873,9.572017620466456,11.522376876293242,11.448905293676704,10.937943871193657,12.196926714842,2.8767248367775125,8.914215337504535,11.000674836463524,6.741764594118384,11.035714061198057,5.878155297780728,11.69162663396673,11.716143930626501,2.0367652882110967,11.615776373930732,11.100872580160662,11.181267916335738,10.024766536818232,11.663235034202687,5.97715715228593,11.99413243734363,6.24611897880395,8.264739312870184,6.985692895848256,11.090492848479252,9.653894235122497,8.622430755379805,10.319821131413892,1.7214280267736901,2.0841817264021083,11.33271664403879,10.775059882767394,11.08343199301627,4.124952038826451,9.557978906622479,10.862648372319734,11.29445865865955,10.698660717746698,9.15149506638931,11.445202269351944,10.930421141799888,7.5522344140111475,9.289632734746881,7.392167047610694,11.563190429323493,11.3169065773614,11.951339446600253,11.637496819145381,11.581292305392829,4.631393711909687,6.332030216244109,2.1827745072813673,1.366354444109254,10.338743746929778,10.161699365335403,10.725327049616743,5.7347001169441585,4.111433982988397,11.008397002419285,8.241379558745088,9.875869152686011,7.98708099030066,9.38912610346291,10.643178677267347,12.056513624710586,11.055977498467978,10.776377832046144,1.2767628360067218,9.325431397186692,11.365802257737807,8.093432676511338
Belgium,11.18004827905629,1.2271416610400319,1.1074166714321882,1.1061005776258896,1.0577622109877205,1.9033719065652397,8.69539285763466,1.0,1.4536715360080263,1.807610364991223,12.905298111934753,1.3455163961127523,1.654156779225933,1.330885811314591,1.2219790101048191,1.2987074371169052,1.1575411130200624,1.862402701684478,1.6275824075609067,1.8866932572209605,8.940860558043523,2.37284026333545,1.0421243028546334,1.4854934249797709,1.4346607709513455,1.2942688381212026,1.7366566390469647,5.6989499271982735,1.057010272529839,1.846340754583713,3.24471162535897,1.251127310852637,5.196944008851141,1.5624124001274171,1.635428593911084,11.153613198633261,1.640108290920803,1.3066103653212844,1.487670680282112,1.181707945151817,1.4378902286622068,3.751159708894154,1.7843703534925948,6.504513931869793,0.9873659907914498,1.5233723131330401,1.2684232536546347,1.923792401400458,1.2731997883893196,1.6087556360189834,12.768961142786306,10.047312706955356,1.3914321116029549,1.2116179161571203,1.302885750850022,9.8938420068001,1.0302300016108517,1.2502801900333846,2.887834407239472,1.8858006522661885,1.6339310583349431,1.373129999009735,1.3795886875336363,3.5738993476299536,0.8625140359274547,0.9164418991059382,1.4354053049249949,1.3906806538712693,1.6852005367356937,1.697163326409916,1.5220181847712657,7.2509226009231815,5.404130538711474,11.76731514452688,5.499545216812542,1.5841312280504147,1.0501082676072495,1.3105979250224071,1.9332281006754735,2.3977930266181393,1.2362715811734128,2.1162023853092085,1.1153919088840722,0.8272161603394108,0.8305987222033018,1.3472872982865107,2.526864894591417,1.3674501362257112,1.3565422239783724,12.51271397039084,0.7692816203430963,1.8082982138811892,1.9439558762752975
Bolivia,14.290204077210324,0.4422287981474552,1.0282031750225165,1.8102899168706243,1.2058058517930696,0.3752445839712587,11.422788782068666,1.4536715360080263,1.0,0.2707298966162014,14.623451043411922,0.42949382127083113,0.2109351121948092,0.38186408605364597,0.8901280622719719,0.09581027712456164,0.5338599716696385,0.5995781974611433,0.4526697286788579,0.26576843429001723,10.40060742511714,3.848876769871045,1.6487670440204225,0.05410956711601553,0.22442677582220644,0.7107319981576135,0.4609338447365363,6.930118684747717,1.3954289174395116,0.7990802886479877,5.807182317884602,0.23213675829713895,4.564756042800114,0.10505995467551496,0.1690281589659313,14.646528870507332,0.208122328160749,0.1260057779486433,0.678571078336416,1.848842410591506,0.42685893646755024,3.8866952513991158,0.3299043380507862,5.845649602415124,1.673390227440372,1.9106572187675093,0.15259147987322788,1.1325011495203232,1.6195758446036308,2.227079051100059,16.16074786438027,13.731608315689448,0.14321810035927865,0.46535257051877765,0.17528690441960557,12.145537839065915,1.3512888468476,0.7212633370485506,1.761105906315843,1.4679456592505689,1.7805514169060084,0.07983271299693206,0.48809500722802346,2.705485562815271,1.284787935140478,2.07965049019262,0.08469376240506629,0.0990733109961851,0.1798933469613701,1.0530324015302075,0.1479715516607203,9.295195471664464,4.786630032919456,12.759546124171248,7.378677173440281,1.1387630351664058,0.47057429398517486,0.8020063284074208,2.497960140384434,3.66100280684024,0.5518872253572779,3.179583435269572,1.0272915407426861,2.0342117280763805,1.185817698030225,0.7420630410297238,0.7923662753307102,0.9842108385682597,0.766709558709091,14.972811428255033,0.8119888029438836,0.45220888547911,2.7515458642118764
Brazil,14.313859296983853,0.829485696298033,1.410701311507116,2.055894942551281,1.6584041321675278,0.13319120585663635,11.945908267894843,1.807610364991223,0.2707298966162014,1.0,13.9679212052716,0.821489604241628,0.2879609508563993,0.7682252724783423,1.30432089159897,0.407815930569428,0.7274095475950872,0.5222527188307259,0.5650725564786111,0.10873809136253598,9.970387550289875,4.050460286931883,1.97162775266669,0.19465166274073387,0.5655347729706468,1.0882192855500643,0.6478660718347797,6.846256808344457,1.3895353134471649,0.5200718553389523,6.044813092847294,0.5724774003689416,4.2462072761612495,0.15877473703856396,0.12213707016577344,15.050079015206762,0.11430532825811274,0.39009389888303747,1.1519479185167742,1.8741167498811282,0.4963688866294722,3.8815298762441985,0.24170052460832644,5.545213393297794,1.6944779735164146,2.612917229388822,0.47419523991762164,1.0835533970854048,1.5702517929608328,2.305488632594221,15.562875262191785,13.84782419742193,0.5333658395091758,0.9485108653679626,0.3773899268303974,11.64539832597521,2.1763935605817655,1.1089153724950975,1.6534273192651168,1.3829800446388183,1.9668227945602457,0.37696283709142314,0.8853330231307028,2.2278786814251923,1.3911796392183526,2.275752764331843,0.34721140105798337,0.4560369567060448,0.14490456861256643,1.0629233969332346,0.16562330304276193,9.278202497587133,4.3384704811919885,12.104016286030923,7.8608597565173755,1.0504025080987294,0.6586071564189656,1.2215827550267675,2.3823001038107887,4.133538378161879,0.8911538625979292,2.5781932036434294,1.3158577341320643,2.6441670832920763,1.4513415628860757,1.228378311888478,0.41416867607184576,1.422114117122104,1.1471815908807053,15.294339214955391,1.2853233998798417,0.3385993054761535,2.989518701979414
Bulgaria,2.059431213525267,15.055411783035856,13.084420792645455,12.683359611783086,13.316365215798594,14.163748868641122,2.7393412238315435,12.905298111934753,14.623451043411922,13.9679212052716,1.0,15.2080441878592,14.71599197679435,15.167763739187507,14.130140638968918,14.791818837096802,14.366973148414319,12.616633784427165,14.2020635628089,13.959144727181581,3.1344926797005024,6.879577168506356,13.55918999469816,14.48360190417479,15.035220770920347,15.177550210804224,14.904232738166655,3.6295167527596317,12.146079585657382,12.450555783993256,6.432140045916134,14.89120269600341,5.009985146112798,14.42728704341994,14.277253877406192,1.9484106349610226,14.065561853789742,14.597461177299008,15.160603492499284,11.954337228670681,14.95454214954135,5.596500562940438,14.305770692701557,4.327887930925145,11.829420441657549,9.881939934904302,14.76436127529543,11.85662408792674,12.208740497870872,13.805407060550609,1.5512420645606817,1.7374758038075573,15.07361181071247,15.236165570423347,14.444004595573627,4.054205849787035,13.84445229452262,15.197839477609524,9.48572935143618,12.545211031636336,12.520506079338404,14.885529181483577,15.270758567217465,6.695966999277996,13.54827594459718,11.606643416599988,14.882338072981618,14.92310225262218,14.543374300855445,14.125924371724192,14.344690192463986,5.065272550108866,4.9684811320845474,1.3188144295817854,4.2400898817913415,13.512969018789358,13.559949383631691,15.386647260834835,7.593860587656361,6.936932740199062,14.992183847807999,8.564772415460746,11.768401533904644,12.003919044007954,14.011057860431594,15.267688112149532,12.601343933994093,14.709810646323485,15.341153146285084,1.6386024280603435,13.783963121003994,12.778231137501836,9.622648408876453
Burkina Faso,13.66206602426253,0.09148967875525357,0.7036863826184221,1.6676993675733662,1.037443536578933,0.9314084092831393,10.937754133227209,1.3455163961127523,0.42949382127083113,0.821489604241628,15.2080441878592,1.0,0.3585883059886975,0.021081491505958477,0.5102270670011333,0.34898990866274127,0.43967606293398187,0.7582555508344396,0.7654306576584607,0.780813007872702,10.631089796807432,3.36387445034008,1.3113822061219045,0.4738919621006452,0.27577283379036677,0.2604125646964909,0.5135834703498164,7.271554342970896,1.4415624199742387,1.3623962024565772,5.281288485384019,0.17123842665812422,5.057495489718268,0.5632251244648824,0.7613713250616424,13.87528741345319,0.8118304032988246,0.26484419079291044,0.32158440089213813,1.9050350635719937,0.35535804642894764,3.836327149147417,0.513996102948137,5.972151184276969,1.7139963989267903,1.7018332539545051,0.23461317563883458,1.2576031715389033,1.9177063674052406,1.6715670769277218,15.610463592413078,12.888815156582123,0.23549588175123692,0.12217724718005771,0.3430209092980365,11.875158296383985,0.9592833224345355,0.2453741657727755,2.080252835720913,1.3419499578541598,1.6957518821068884,0.19633525399276144,0.01923310568134287,3.2385142628328354,1.4456043627652944,1.8882595245269813,0.2754726256524705,0.22374903434169127,0.6346071719198504,1.2633198490670499,0.5625765779412816,9.239471035142055,5.117400366302947,13.344139268618527,6.970140120340358,0.8029177455675147,0.6173528017022588,0.1486756354281227,2.5757405923376564,3.234557521892755,0.2880933137328069,3.7274955446722293,0.8695438288556337,1.6099611640411753,1.045580248610917,0.12683690199250167,1.4378344338854891,0.4815539984736482,0.17848249032672966,14.631438501062474,0.7982774728723296,0.9124962691962105,2.013335924107572
Cambodia,14.13869563275158,0.38747913683344126,1.0024063373979846,2.014311447656594,1.4314903447196499,0.315976446282555,11.961472857396066,1.654156779225933,0.2109351121948092,0.2879609508563993,14.71599197679435,0.3585883059886975,1.0,0.34978757253381587,0.7887355861798567,0.23495788327175948,0.5748326675595995,0.47755396074871737,0.5190784283290846,0.2918362027223947,10.467803599171742,3.97960633309554,1.7128571551680558,0.21064454015168602,0.21582169442138086,0.4517741494548213,0.28201936294023333,6.939793281674602,1.481393888928942,0.6643904256033142,5.728079503291732,0.3028111252290301,4.663388329364738,0.19089851546700617,0.24344835511779953,14.59893486666002,0.3107041364784288,0.2694297133419995,0.4855320050041313,1.9337097086762043,0.19904680828714677,3.944924152079791,0.19240414908224385,5.972650382541501,1.873085558207037,2.254638547986123,0.25808083029960793,1.0388493777456755,1.6452024528320575,2.2130095209162852,15.755057809002736,13.467372502199352,0.27002892855818866,0.43699040388958443,0.3206704958071638,11.867750409140116,1.6632011670550502,0.45791194687155334,1.7410559026329824,1.1962383964801158,1.9236741845671412,0.22501901037376654,0.3718790850226319,2.853921421708255,1.4443620908127381,2.2996366140989233,0.1910314492437953,0.24426610872852994,0.16948763541352488,1.0714918263490965,0.20294757468904642,9.396170738604397,4.7497748060825025,12.852087057553677,7.902778723234739,0.7142217605744976,0.6522329180847866,0.5488871199033682,2.524451879532836,4.01170764108031,0.3874550879109982,2.93772137450381,1.1669649708993042,2.267431941063678,1.418455155644127,0.5687779631573443,0.7484173210350926,0.7217932986792499,0.5255237685472935,15.390753567822312,1.1130169526736162,0.48369939672225726,2.415380286618078
Cameroon,13.690347407619498,0.09886964629196646,0.7155538910446534,1.6814075321802113,1.0412242900789146,0.875967917939526,10.95796941869845,1.330885811314591,0.38186408605364597,0.7682252724783423,15.167763739187507,0.021081491505958477,0.34978757253381587,1.0,0.5150706960177212,0.31954024449742424,0.4156235652515138,0.7386572460943794,0.7278056328578112,0.7352976403539246,10.610974592850052,3.3773397301847363,1.3331961967522363,0.42823720739965887,0.2562318249225268,0.27525475113701914,0.5264508218065622,7.303878115763475,1.4336267907719276,1.3105609367134141,5.3055555007836235,0.1533865022381585,5.019983865502471,0.5148993442032297,0.7090782455764532,13.911634894695885,0.7620515635125615,0.24433975760754306,0.3215854187044431,1.895016503268736,0.3636290706195985,3.836437750488233,0.5114003415543131,5.940018558013477,1.7247466981035207,1.7399812263115377,0.2257971821529763,1.243606671742845,1.908224955535714,1.7114715402436973,15.650844122598633,12.929195686767681,0.1930525500641164,0.13627179713997056,0.3214236043976251,11.88327443502664,0.9864333548375083,0.27137140086315265,2.047493413383115,1.3521670852065646,1.6841826516716676,0.15757952076688328,0.027520225382980157,3.201744093770678,1.4584569077930036,1.8841213956045182,0.24195231237724588,0.1950905743149174,0.5772904677461618,1.252044468120741,0.529506436092626,9.235488026956126,5.0753460126284775,13.303858819946832,6.98632235686874,0.7969195537521556,0.6305692231408447,0.1770048540421552,2.5596082119305423,3.25373747929808,0.2992661201610139,3.6953465773355085,0.8605268041485278,1.6395151910544246,1.0687761011332488,0.1446925076561485,1.3954956515911643,0.5013337995294301,0.20696222423481841,14.64358768864799,0.8045730634028221,0.8805256508985756,2.0528724886751695
Canada,13.281022077303723,0.5076910358319,0.6651600139153827,1.214546009919422,1.1765791901511495,1.3848141071714695,10.623850918648849,1.2219790101048191,0.8901280622719719,1.30432089159897,14.130140638968918,0.5102270670011333,0.7887355861798567,0.5150706960177212,1.0,0.7713667995956819,0.4488852294984832,0.9241832119796634,0.7461367908687576,1.262111372835444,10.24429758248421,3.1340463781492334,1.0713881824733889,0.9494175284600787,0.5153586288926388,0.43202187454218566,0.7172495376204523,6.871978623287104,1.1079273113653825,1.7544767486090092,4.790727598761448,0.6274281181098195,5.40487615255221,1.051417705621901,1.2034316487231196,13.427102734113944,1.2214851782120566,0.7064990460552089,0.40739675560524624,1.6924556992519884,0.6867801361321487,3.9180284687263374,0.8862619184889244,6.278166786132954,1.3284881876773333,1.5733357759964235,0.7006500548578107,1.4536401117662605,1.609190727737871,0.9100575124842235,15.128708546883614,12.407060111052663,0.6395567899743159,0.49086021646948635,0.7253224330158646,11.587009919523515,0.7635184742980088,0.4338335855134548,1.6875008318859326,1.1037214806347642,1.1670744043335322,0.6674049826651884,0.49405017221654096,3.5033041557584763,1.0425548848629764,1.5728445796642747,0.7151630989727974,0.6736033893456094,1.0684490313955552,0.6451424119841377,1.0164019357361838,8.807097465042519,5.019883579001369,12.538413627560672,6.744908389369604,1.0469128012829987,0.7625201157617726,0.4310758612166138,2.584819438043243,3.059018558511784,0.43171147509202495,3.321831564287335,0.6695164823943263,1.1467332702244857,0.9107305024607943,0.44812942982473947,1.9656816392344738,0.3797689597038878,0.42873856378559716,14.304948476143695,0.7892560565453378,1.2800274350683847,1.5311034428124717
Chad,14.01021658642484,0.2819349674465442,0.9140299142414341,1.8024531429551547,1.1200728388204766,0.5191564452534864,11.19597811739838,1.2987074371169052,0.09581027712456164,0.407815930569428,14.791818837096802,0.34898990866274127,0.23495788327175948,0.31954024449742424,0.7713667995956819,1.0,0.4896999906868682,0.6650188180519407,0.5443115553060911,0.39294806356319134,10.439680891022894,3.7998385398768906,1.4837526922667588,0.13248267407887437,0.2151050620933649,0.4861979503363643,0.4447474630296375,7.058008595823657,1.3171727599214698,0.9605591244910652,5.5750051767545905,0.15197616635355127,4.6509216876612065,0.19365327778372185,0.3173577244790875,14.313364553606645,0.37199280238692445,0.1269597187093499,0.5608750449573532,1.8382738527602942,0.4101477774798725,3.8316099757624413,0.39290721653998606,5.911815342835492,1.6528807688962084,1.7765071134438946,0.14049824135697705,1.121811214909988,1.585491562271866,2.2165395489482025,16.056437184100265,13.371855585731153,0.11548925335454757,0.276271552049306,0.13574670435533145,11.99849241356844,1.166873490702869,0.45981401216271733,1.8546996329697742,1.4487109805023586,1.7843383614308435,0.0978801524667948,0.3974717063587868,2.8993342476959656,1.2030332925297513,1.9748122034408098,0.09273610794921272,0.08429303867037513,0.2791787999199846,1.0693762538935976,0.24420670834494734,9.227915285339801,4.919387167414608,12.92791391785613,7.1834008155159585,1.0215448819370068,0.40859994415341366,0.6217800528995137,2.5446387638579213,3.4435231450543635,0.40940898086451616,3.2669821741372727,0.9409619838634734,1.8583082709165228,1.0718457858506931,0.5969068842511172,0.9619159578176789,0.8338820703746858,0.5584307277632411,14.799735907242496,0.7285159672785444,0.516838373883525,2.5874913629759284
Chile,13.726214627790947,0.46716361303986387,0.7193465645845563,1.4731352830133193,1.1389329256624225,0.8484711619775976,10.992376965597165,1.1575411130200624,0.5338599716696385,0.7274095475950872,14.366973148414319,0.43967606293398187,0.5748326675595995,0.4156235652515138,0.4488852294984832,0.4896999906868682,1.0,0.47210666465644646,0.39917329646300853,0.7004040162359104,10.048996825413395,3.4333932524125275,1.092040950025036,0.5517500407767404,0.30650468479601495,0.30036540305406056,0.5134010023036619,6.888511966643471,1.0622304297630858,1.124080145721338,5.1779008457522195,0.4387382091559882,4.469087876258219,0.6086406119131775,0.6662237388076174,14.10732251522601,0.6672125825266747,0.46259036795476327,0.2785250446050468,1.2513465975031315,0.552533056519711,3.576432051329848,0.5454894047282963,5.4910981530660745,1.2229706086446646,1.7604997291922448,0.4500713151003597,1.090119855989332,1.5074708905376404,1.2677625579415814,15.650760713459714,13.122482899668832,0.40676093889650383,0.4645378314806643,0.48927505967283036,11.60632358905944,0.9328988526227806,0.3475154267780098,1.9737300982620536,1.04619645473131,1.543163852484355,0.43793127819984246,0.4805541077391483,2.76879733882844,1.073216903246277,1.8024633879736156,0.46496219972980174,0.4196649195105888,0.6678722497150614,0.7331443758500117,0.5744838996945467,8.92885239965952,4.692483502601426,12.503068229173643,6.966548122924883,1.0150370535268973,0.4752846884815207,0.43851699014838635,2.3277441887797403,3.159764528037181,0.3277586872903365,3.1717667268257124,0.5499957538714805,1.3874151857440162,0.8450104374059378,0.4707237368279344,1.1714152558115225,0.44157051954938964,0.34184318282701154,14.552867005819506,0.9048924732836443,0.8362901819244549,1.6977808708613338
China,13.291617360327578,0.7894293344947617,1.0361122982176567,1.8930324042072946,1.4365318172413857,0.5810656322179405,11.455597123360063,1.862402701684478,0.5995781974611433,0.5222527188307259,12.616633784427165,0.7582555508344396,0.47755396074871737,0.7386572460943794,0.9241832119796634,0.6650188180519407,0.47210666465644646,1.0,0.4401266320565435,0.5218642248116929,8.743773075107278,3.961198365105111,1.5192485185313018,0.5644422837181704,0.5058559180503245,0.6442206822765149,0.5354478281496204,5.793275302276255,1.3406833221218784,0.4104164138595367,5.564373691766115,0.7153879971099274,3.601134654992435,0.5475972284240804,0.5180993842484997,14.3124391219807,0.5301134500641821,0.6181020995356828,0.6653683056273699,1.6937156246788263,0.5051492388605002,3.4905044262833282,0.43897118948118685,4.519112275448229,1.5780689985739238,2.4594142015470406,0.6930125616538296,0.8253587774856541,1.2559910734150659,2.028638507313807,14.211587841347356,12.86278197176905,0.6291318364748213,0.7984117148085376,0.6465701668984287,10.294110905130779,1.6596228823057146,0.6967312364723194,1.6986428735765475,1.3081959937328045,1.9143970321540946,0.5899885684318096,0.7580758879946814,1.8733488256014679,1.5133590474676402,2.416925723267173,0.5934756863053963,0.6089467123173565,0.5412330498417319,1.1891880333444615,0.5050933085796532,8.26921170772996,3.3191699342275873,10.752728865186496,7.526863604129244,1.0361593652054952,0.708493169395598,0.8256728337103847,2.061053117690267,3.987915968274316,0.5863316458855258,2.176628945275061,0.9854010060103208,2.3962523009158545,1.2815444229089727,0.8627899854383878,0.6483445288165154,0.774511317987965,0.7710798340734105,14.630752207890007,1.3466340148075333,0.42699038869839606,2.425890822036637
Colombia,13.85860807924778,0.8020967738083994,0.9453560089623333,1.5004617438396102,1.4853363645686397,0.5982313797462108,11.64121226315959,1.6275824075609067,0.4526697286788579,0.5650725564786111,14.2020635628089,0.7654306576584607,0.5190784283290846,0.7278056328578112,0.7461367908687576,0.5443115553060911,0.39917329646300853,0.4401266320565435,1.0,0.5839500529365307,10.27738613708422,3.643149517060302,1.4108071893088785,0.432504621567159,0.3933070204868016,0.5936915380943861,0.48486385479735156,6.52376399583287,1.6263152125732283,0.9733533738020292,5.718160242539774,0.6254938079906811,4.856707519238537,0.4358709516419581,0.4674596077411709,14.542242681707844,0.5224948113514251,0.552653308511837,0.5435088579077102,1.7174834521442555,0.5824388742065989,3.9919013793088913,0.47948588706126316,6.041254954257011,1.9208721073839068,2.2903446654311757,0.5562932407771612,1.1341584154539064,1.350911585153268,1.2670973774008047,15.107691272019066,13.209748375939698,0.5573538609438046,0.8554909280554907,0.5809380009430035,11.50053149899981,1.499037388909378,0.6689274011266962,1.5585794969921642,0.905130003548047,1.3834377492931123,0.4757434563954368,0.8022719879191712,2.732982019532691,1.4048671058823672,2.4485983678261714,0.4722772891717144,0.5139335941448598,0.46441212944713445,0.4681832541055607,0.44922384434463614,9.411667277517298,4.942131307505424,12.719207714533626,7.671974841362155,0.963143136786413,0.8476879767326497,0.7877735430174169,2.506765512265991,3.6448422456104534,0.540569178966809,3.1263174954724535,0.942151666023688,2.0993037039065836,1.185989417825394,0.8688179177728135,1.045444399382218,0.49555123599634354,0.7876485580529271,15.1140426140053,1.2187729712365631,0.6601130754920123,1.6995661356286975
Costa Rica,14.403633608101007,0.7733654546968098,1.376406166078257,2.104141476352702,1.5563725964475525,0.17171108123717493,12.09573809499284,1.8866932572209605,0.26576843429001723,0.10873809136253598,13.959144727181581,0.780813007872702,0.2918362027223947,0.7352976403539246,1.262111372835444,0.39294806356319134,0.7004040162359104,0.5218642248116929,0.5839500529365307,1.0,10.001245789828706,4.093191459650215,1.9770316825628427,0.2025532779978385,0.5329578081240671,1.051058184530745,0.6434953008686705,6.854248067273829,1.5608552745605488,0.5540923511462903,5.993556322462824,0.5360589112273362,4.249821047360887,0.1755894308898383,0.15874639182353523,14.97253920684812,0.154134403193983,0.34758303755959574,1.0879756806731542,1.9255031300773713,0.5272629675299713,4.016674726319093,0.24632541180179043,5.589708045340719,1.8428775213269308,2.651022106555851,0.41925373621964596,1.0167476094372203,1.602782260881629,2.314233917045933,15.554098784101765,13.908772905770023,0.4854188779599217,0.8662234182190669,0.36652755388003666,11.636621847885191,2.0876185546727197,1.0691704495320233,1.608981781146557,1.3866184003332565,2.015339598961559,0.36719877808366513,0.8471694301967552,2.1774246668757407,1.5250765603533623,2.4281418701136404,0.3451483184095971,0.41843390529812796,0.204746232802702,1.0811080513256144,0.203583870830616,9.176096274538528,4.173267140568334,12.095239807940906,8.099670440368255,1.0877270583037022,0.6289976277633836,1.1710139057980458,2.4018930748671714,4.339623982424017,0.8578738611041152,2.5336790816594617,1.2739455224662093,2.7178761579952018,1.5549145019722237,1.1515387024554384,0.3847181715645207,1.367483295889759,1.1136811899592918,15.410457066798529,1.3594979159519684,0.3326124788017746,3.077053237033787
Croatia,2.914028014010645,10.489927081858967,9.84061214068484,8.863626484824225,8.835114871549717,10.06772243469126,2.9416555692780433,8.940860558043523,10.40060742511714,9.970387550289875,3.1344926797005024,10.631089796807432,10.467803599171742,10.610974592850052,10.24429758248421,10.439680891022894,10.048996825413395,8.743773075107278,10.27738613708422,10.001245789828706,1.0,6.304741976640798,9.027907662791236,10.324752855565142,10.645652265466731,10.634100361238039,10.941847409720943,4.526716697690295,7.970842442086496,8.546121267579373,5.0363024119195225,10.452515444893852,4.72422177866726,10.305577000492661,10.176257065840183,2.517955869735693,10.008810241985149,10.277078469813139,10.944418295003347,8.622378515322874,10.5800362984598,4.421314118321537,10.174973409259653,4.4148182682079335,7.4800633847935645,8.239773848150948,10.385216743025634,7.983580468225583,7.854559221501224,10.49033133478296,3.252553164850378,3.2457176661757727,10.671386361020664,10.595605968363595,10.158565060579445,3.7121153012759054,10.29646065107104,10.588913429592196,7.1163856647198,9.970068061932173,8.782370363413207,10.538750235368378,10.670455052570505,4.84307953803963,8.916699495675635,8.036463112771328,10.567380664764496,10.564853348614799,10.355656797951713,10.68369137140748,10.201534534552524,2.7848604473801437,4.872534040055889,2.757732118447566,3.01864033641024,10.406219656002886,9.273675004691821,10.714115147429409,6.127277497365987,6.6106434286593645,10.459280470187148,5.9745280876019615,8.451345369294193,9.1777458226121,9.456691109774388,10.705588327751832,8.882573998783334,10.832743622748053,10.666037002031002,2.981010168326925,9.719796469800938,8.881064523368162,7.934315123292329
Czech Republic,5.888318926372401,3.402494112966713,3.0704181766440177,2.3740240500742487,2.688157958669207,4.0077061954572395,4.205266864409873,2.37284026333545,3.848876769871045,4.050460286931883,6.879577168506356,3.36387445034008,3.97960633309554,3.3773397301847363,3.1340463781492334,3.7998385398768906,3.4333932524125275,3.961198365105111,3.643149517060302,4.093191459650215,6.304741976640798,1.0,2.953707505492525,3.8570378009387767,3.7625207967375642,3.428870049699622,3.9322345059694563,2.7191662259299805,3.1760113349168075,4.058536753261283,3.226842764528706,3.653418233996692,6.353354803120958,3.9221626843701722,4.004941446899339,4.954752891983342,4.017372919128424,3.7396804316589245,3.5099495430807983,2.7521226788324276,3.872582656221362,4.267113627393225,3.985403350943168,7.473074360850084,3.122555033523067,2.313920410586594,3.7338992557568473,4.015171042377821,3.539930611433414,3.059525447088255,6.2129553988747865,4.265139808738291,3.837834120860079,3.331381907577524,3.75629701344535,7.540289341580895,2.7858207743906025,3.413557968130097,4.0364113722944985,3.5885584058978663,2.513082703197071,3.7995122204461245,3.343582336253557,5.229299278307342,3.019107758527957,2.187867952527872,3.9094505896380687,3.8397268144028307,3.9479207891201744,3.714130872760445,3.9111835864599986,5.166628088688215,6.034461382328348,6.538264829336319,3.1331881412835236,3.9553365228370256,3.3156056809200294,3.2672758022415187,2.963645996011712,1.7204700222429992,3.482213493905074,2.221149815060764,2.992191993172412,2.554143437763728,2.767262820961506,3.1469271670635823,4.423741879529129,3.1708332505691446,3.3369630917621125,7.384245880451804,2.79406829678192,4.087281872556786,3.1270286695379976
