Country Name,Albania,Angola,Australia,Azerbaijan,Bangladesh,Belarus,Belgium,Bolivia,Brazil,Bulgaria,Cambodia,Cameroon,Canada,Chile,China,Colombia,Costa Rica,Croatia,Czech Republic,Denmark,Ecuador,"Egypt, Arab Rep.",El Salvador,Estonia,Finland,France,Georgia,Germany,Ghana,Guatemala,Honduras,Hungary,India,Indonesia,Israel,Italy,Jamaica,Japan,Jordan,Kazakhstan,Kenya,"Korea, Rep.",Kyrgyz Republic,Latvia,Lithuania,Malaysia,Mexico,Mongolia,Morocco,Nepal,Netherlands,New Zealand,Nigeria,North Macedonia,Norway,Oman,Pakistan,Panama,Paraguay,Peru,Philippines,Poland,Portugal,Romania,Russian Federation,Saudi Arabia,Senegal,Slovak Republic,South Africa,Spain,Sri Lanka,Sweden,Switzerland,Tanzania,Thailand,Tunisia,Turkey,Ukraine,United Kingdom,United States,Uruguay
Albania,1.0,12.799021562513538,11.554361899644613,11.479688203913302,13.297718101584257,1.1991341417568058,10.2724365674791,13.584632511516158,13.672078179375413,2.0496520403811243,13.442499905356634,12.946857865525391,12.657314777806489,13.165409378025181,13.314864712019933,13.261663343052007,13.74869905192171,3.0163635540870115,4.903124197548867,11.560582547787124,13.475508987062005,12.92733551191112,13.396800612270786,2.6595921123857025,11.05763182421962,12.570399620582066,1.7692584875678912,6.2613223836852026,13.08479684078479,13.773168806168306,13.765703025009595,1.4671455826767104,13.743152048482564,13.22006517345207,13.146324845949684,7.911175833516734,13.348923243333392,6.2581612240151605,10.58823384598573,7.631217671020924,13.168773834151128,11.384431939453975,11.692566748275205,1.5317684143664094,1.9818047447509044,13.545908758172395,13.224338138303441,11.261287175946116,12.835546124359231,9.621375181080928,11.378251858338198,10.50868582054268,12.896467070665324,9.955788739422143,11.080470352589796,9.13383537784455,13.533796599127715,13.4218381983555,13.52304336806897,12.852755140274585,13.623840692519103,3.690966222756219,5.862958215174903,1.4751376633868887,2.859443797563023,12.343215941924225,12.630133504454923,4.956644712263628,12.880886407292259,8.283294449137625,11.139668196031113,9.643206079846,11.27530649689896,12.523429439952364,13.121414538865237,12.520427014530865,13.064232381441636,1.5176765368169434,11.119556837012876,13.380399256805482,8.217878433889888
Angola,12.799021562513538,1.0,0.6909098566130408,0.8757536070458644,0.9469127598566162,10.238365192569916,1.2803865252449236,0.41679204484444576,0.7844166626113706,14.256602061819004,0.39206832834306343,0.09977688359433118,0.4280170439259271,0.44233897114095844,0.5568003057125723,0.8012057788102077,0.7106239663996726,9.929240369190815,3.426534201697981,1.1523746788167732,0.331157391254877,0.22460403990785233,0.5592880056653393,7.5002286083301515,1.133464585249113,1.206683764864427,10.609203032347356,5.193627392758082,0.1033685103041983,0.5397193471135968,0.7235368932772015,14.393336954643923,0.771814400496813,0.18068865190907213,0.39019126029321916,2.8897533672901767,0.5043108231870155,5.808684639774723,1.2999145514546961,1.6878052811789657,0.16209358381810687,1.0575294119581748,1.660309204934338,15.110294405676244,14.613769217746961,0.86389675175608,0.21829802393962489,1.1080195475410108,0.18649837849551273,2.215733616947338,1.3153884433749232,1.7733242331430974,0.10056631156138954,2.6068068094712196,1.1474979937468168,1.7221352471521645,0.2768722107359629,0.22499678095417844,0.6497853057830689,1.123773219245857,0.5442479735526556,8.741924311570305,4.943167552595168,12.545902405558374,6.517959845521263,0.3325380272438071,0.15190129332088426,3.310760858064579,0.20600395623422738,3.7007435125126706,0.7745940914845797,1.52501681267658,0.9151614101763715,0.14888287628762065,1.2614969938012124,0.43878840973394795,0.36781339600153307,13.723858213062698,0.6856367244747139,0.6029584432617605,2.0883922572513653
Australia,11.554361899644613,0.6909098566130408,1.0,1.0247057900622047,1.713204008637549,9.724994294401215,1.3334231669816055,1.1661881196626305,1.7028738467352322,12.636457328748223,1.030250566800567,0.7074079184818836,0.7449580167934574,0.8147527358002912,0.9393219990896933,1.0544692039946373,1.6235736729918089,9.682693105738448,3.1253828852513372,0.9105556899312015,0.8965280305095199,0.6183952325628304,1.0067747034778904,6.252302098162158,1.1070643984620114,1.688595738576232,10.095832134178659,4.2750313018449875,0.8333220918987245,1.3896946571058304,1.5692012749486675,12.856510433473,1.556582330449576,0.8679112142333083,0.7945256319843033,3.0855000154565286,1.1134566190715423,6.36402257676397,1.124901899313166,1.391338533397164,0.8705481819923535,1.2879701528711474,1.089113914921372,13.12091992868478,12.87026380579803,1.6223708111668702,0.9571812591265733,0.8520941710457361,0.6000365195827053,2.0594374002905558,1.399191377890217,1.4334372838127072,0.6758313599993296,3.4548814969813675,0.8968961432028627,1.3518473000327358,1.0298332118140865,0.9027197309060279,1.4222151138730956,1.11974491462722,1.293285234424954,7.8734910538620175,5.836558043773538,11.56673460781063,6.238358418642343,0.7560599969808164,0.5859326759667283,3.039390675811556,0.6199639331088811,3.2644354874738077,0.9557025657083845,1.5852159940673851,0.6101475810765514,0.5402058271098432,2.198776298746142,0.5879157832588107,0.6514261230732377,13.129160246518287,0.7160616201638794,1.3397559676708686,1.803105167735489
Azerbaijan,11.479688203913302,0.8757536070458644,1.0247057900622047,1.0,1.7645352184377339,8.976982949919968,0.9024037300210075,1.195800909697131,1.6750877442069874,13.095868203153527,1.4052486880762904,0.9741397397559439,1.1448097688285492,1.4638161435416266,1.3652722719249675,1.7138333066580307,1.5613343530548889,8.737112281515206,2.607287828416941,0.8025216275751335,1.3215271053702766,0.9909618783372767,1.5315764123300417,6.852746542002121,0.9602652372189691,1.7188036746846853,9.347820789697405,3.846594677203621,0.9890302815858762,1.4067133418741107,1.4660044721368728,12.986203013373517,1.4297653362906968,1.0185807969827718,1.2173784962693999,2.9597869046760876,1.434745745244225,5.518208286561284,1.1390341249363345,1.2591496220876806,1.002860063632038,1.2789023396991752,1.4940529765862178,13.646986855365794,13.489454463065547,1.524479847311125,1.0251478536722118,1.0046269325709571,0.916879865520805,2.98628008705081,1.741300879100575,1.9677490705285674,0.9701832429832387,2.811198154799555,0.8334112490857727,0.9997611477738341,1.2375101978866236,1.1308243622221374,1.635981091480393,1.736403330122169,1.362580584646304,7.531829838881819,5.114166245749357,11.421587650876964,5.512192335029839,0.7327274835168315,0.9041527282014479,3.07903138795646,0.988730126764005,2.20084374377031,1.4289676279955736,1.8357240586487036,0.794644834449097,0.8521612615106011,1.9371565289581005,1.0799873995161884,1.1922249404767593,12.472466131938805,0.7129997093150211,1.359913663580442,2.221069217202924
Bangladesh,13.297718101584257,0.9469127598566162,1.713204008637549,1.7645352184377339,1.0,11.689748879147356,1.8525111085363886,0.3757110779439335,0.12031456979930658,13.461706029857377,0.419603994963865,0.9014995292715102,1.2442354152594173,0.9647856504868813,0.47127866399995905,0.5309510108171688,0.16420287106481476,9.591318951524121,4.106957461401464,2.125319426524294,0.7360917233149056,1.2957084392483609,0.4503326224246278,6.858289426041495,1.454164432673412,0.47235521171920514,12.060586718924801,5.701301535664342,0.7485483219091689,0.23557285753948945,0.18225946866360743,14.688072487040436,0.20907984062394436,0.5706982843197793,0.7234865145846532,3.4169316988664455,0.25071471887144026,4.955682975693291,1.6825922574225456,2.8563323292993927,0.6281194843568058,0.7981684493986497,1.8419047520872704,14.774700924977704,13.81887318578533,0.17568435384785502,0.4916588577720813,2.4627330670023566,1.2775043083899889,1.530468439697933,1.0834501373735113,1.76418115332404,1.0003331051366553,2.0071881785973122,1.5215114809292933,2.4461393173601254,0.5497051731899194,0.6964554191297088,0.17562678107143398,0.7980688928499495,0.280230442276948,8.896371297701542,4.459492257756045,11.751006373596741,7.725497544819581,0.7552140847285046,1.3694610945039032,4.411434428231859,1.1207494536987346,2.463467111725034,1.521980471417739,3.2065049693381087,1.581686930847062,1.3260902326017,0.36825172045057386,1.3363071323387197,1.079726025682944,14.789198076607214,1.526726818360532,0.26620910228153594,2.642250398027048
Belarus,1.1991341417568058,10.238365192569916,9.724994294401215,8.976982949919968,11.689748879147356,1.0,7.865978103635715,10.884630355781555,11.480825358437754,2.622006844330631,11.460389339050874,10.38484902998463,10.236036956025435,10.806705163795613,11.336216491337066,11.378715687171676,11.631293202149816,2.897655180568616,3.5078018717098804,9.327839700409275,10.994669312542309,10.39052795194472,11.658315134372424,1.9718943964149949,8.401974379246816,10.670477259719837,1.9841368036669829,6.56206605549204,10.475603164110893,11.181018849526618,11.19896622030925,2.2140051867761947,11.112432158963282,10.57382530250519,11.159208397827646,5.998789029570491,11.522931898775397,6.688928980322482,8.031329810517269,6.174757234233606,10.53196813795583,9.660398938514017,9.654584648587475,1.8883213927957931,2.3747437094707213,11.331789807992878,10.560091560323036,8.966497755949954,10.301472685275515,10.327633653143597,10.09255490828626,8.287826132805693,10.350477315709021,7.601089215485206,8.794985104846852,6.951095442556702,11.03249648450896,10.790214866029544,11.437995354651932,11.279104456661297,11.060304078848715,4.483105763608645,6.016305900734273,2.0758100032949693,1.200296737135116,9.698934746804964,10.141447857450789,3.671645953858844,10.474090033122604,7.601110372380916,9.653709030252452,7.685200767150627,8.79890340515115,10.044621466292009,11.740883489786224,10.53939503815333,10.573796875226101,1.229038116639042,8.729240490534556,11.089863417295607,7.27122853716354
Belgium,10.2724365674791,1.2803865252449236,1.3334231669816055,0.9024037300210075,1.8525111085363886,7.865978103635715,1.0,1.4727112602545565,1.7400092724749021,12.22959045442548,1.709134362799146,1.3841650334819084,1.3775955564303048,1.7544089176689392,1.6676116320777457,1.8245906892156734,1.8155749787990956,8.219429432910264,2.400654078239876,1.24149796336568,1.6033339501822108,1.4196836166701319,1.9727601186048453,5.987071285790824,0.7012559276802096,1.467353467822853,8.218896951496227,2.954724846458804,1.290837420953186,1.5694251444192602,1.6086997431650059,11.789375248064129,1.5778141992843746,1.3543348231130028,1.5615271752868745,2.7844131530047185,1.7931074503170756,5.40946711060778,0.6464597653431056,1.5414193913190937,1.3023418614855116,1.656212477458875,1.5677258033161559,12.506332699096456,12.740725864393534,1.6893580687946608,1.3173038025402346,1.119774765600368,1.3463169005400684,3.102565292550956,2.048851460570967,1.716022142162682,1.426806863576382,2.809840078432066,0.731401409564941,0.7856063159016159,1.4908782820997697,1.4704717310605484,1.7124693161457913,2.0675840403461034,1.4975150403840518,6.667132311873728,5.446719199781143,10.995863864274082,4.855515984818287,0.9394347864982392,1.3508677357545626,2.6499331905211108,1.3343057893310815,2.0024023479091237,1.6812786217953468,1.6034364075088576,0.7912306408354507,1.3260398176783634,2.2167857104606234,1.463346299802228,1.5141166440936291,11.463908906298727,0.8154555703452657,1.569325407446404,2.0954326680653423
Bolivia,13.584632511516158,0.41679204484444576,1.1661881196626305,1.195800909697131,0.3757110779439335,10.884630355781555,1.4727112602545565,1.0,0.24948570607982684,13.861550154219644,0.2307640782404222,0.3723841107524456,0.7153029985435757,0.4727128086257722,0.4289946378994151,0.43262592083399853,0.24157636914380734,9.87877660344759,3.8803819292866666,1.620713357659104,0.24271844219242836,0.7319844076757842,0.3837481977871082,7.134630417478176,1.231559410374746,0.6154132406093816,11.255468195559,5.854877719793759,0.22211483180795744,0.09921538034038,0.17112704499632772,14.87644367950652,0.19336588973500105,0.12603401195057837,0.48625723783625185,3.0744347125870344,0.31576102361619957,5.371663332046953,1.4873796179951555,1.9921076551864612,0.1450284866061697,0.9384793348909499,1.8731195870651305,15.323641253233031,14.218717310147602,0.2594475525014568,0.17100556530398764,1.7096621443299733,0.7602960821869228,1.7237307868961256,1.3442761108570962,1.690815475401898,0.46490068600460704,2.3163930165110664,1.2479066879854175,2.0407931057544193,0.08377723905734374,0.11917243529567811,0.17923508172947814,0.8973776977939315,0.13377044451783482,8.970152117409029,4.644373535392306,12.150850497959011,7.08898778367277,0.42374448492680333,0.8086980592512811,3.7083149917704334,0.6063020839081938,3.2324381795225112,0.9909706930390698,2.141233635645405,1.1688718960551878,0.7193507078131838,0.7013764024401443,0.9044866946998998,0.6514321989422993,14.230237585938301,0.8457114763993467,0.2902704540986204,2.7374084064050472
Brazil,13.672078179375413,0.7844166626113706,1.7028738467352322,1.6750877442069874,0.12031456979930658,11.480825358437754,1.7400092724749021,0.24948570607982684,1.0,13.406548028119278,0.30519652651969964,0.7577020341323106,1.0563924069724717,0.852839133727981,0.40900152802582634,0.43876663649985653,0.1072053269439793,9.600573683383878,4.081644872600049,2.092656792971032,0.6086189150650763,1.148120686438128,0.5161139592623758,7.034828641873866,1.3199160240352608,0.42830462630921384,11.851663198215197,6.085405583102999,0.5457479005407117,0.16250828859023356,0.1069735200958212,14.827890539829639,0.10644421935212198,0.4249632659043542,0.6102305967446521,3.289421817598569,0.25348598038056347,5.0293051297105595,1.5805886347193965,2.6194105775842105,0.4248331232646099,0.8613793874889921,1.919156497723322,14.89366134296829,13.763715184047237,0.13007430642564957,0.38398952764480876,2.3881229192793967,1.1466392176653597,1.5373012735528377,1.221202465347909,1.7544008322588025,0.8562402555635618,1.9729549876193828,1.4020088155484711,2.295564999377938,0.36171644748908693,0.4870928742205233,0.1539884941379372,0.7977524776016437,0.15127892174315588,9.060592776001887,4.393805492644825,11.695848371858643,7.5802185180861965,0.6562521254256943,1.2094065060252381,4.263560921653852,0.9831309752339742,2.64782424414823,1.418358161425648,2.9841329509135663,1.4622896767188747,1.1886888342367639,0.37378458411551047,1.3452125694371602,1.0550585740162086,14.641459726759042,1.3397638724315075,0.23334180421637662,2.848672154953778
Bulgaria,2.0496520403811243,14.256602061819004,12.636457328748223,13.095868203153527,13.461706029857377,2.622006844330631,12.22959045442548,13.861550154219644,13.406548028119278,1.0,14.07549337886316,14.392942407255177,13.453653082009932,14.227276539819128,13.562836557108962,13.501195991145183,13.35234321741412,3.0832054796962605,6.839038727123054,13.15904838434203,14.317965248464175,14.33868289499666,14.129074961787007,3.1841338205435936,11.70770318577704,12.182453578740938,2.2561296098947348,6.233919937449494,14.129810232882944,13.736269282514613,13.523173233560051,1.7754715836483401,13.360141676464522,13.952249035406728,14.330632525592907,7.256196778739105,13.751067281352963,4.3551268964931005,12.077709188330067,9.779895437675485,13.980637510977948,12.169484449003534,13.424726874160129,1.5579035960046808,1.5025039454324638,13.474610055932516,13.790914497546671,13.448969927966726,14.40729716250568,8.926690366202193,12.187511954537776,11.992077947992167,14.478713797363003,10.558704695676006,12.830144820523042,11.36153278999602,14.161302862220285,14.280356903392132,13.807076359352132,13.600014626173248,13.603589739415945,4.83771679474458,4.648334984265223,1.3069342480604653,4.703178128659135,13.089985427236748,14.524122804656463,6.75530647543556,14.310381735409125,8.174846618133639,11.238415841593469,11.827949558335503,13.190568741292088,14.43508436147667,12.31865179196954,14.157497482817828,14.075659804377393,1.5775321349407618,13.163949199310242,12.904321711951956,9.37534605207326
Cambodia,13.442499905356634,0.39206832834306343,1.030250566800567,1.4052486880762904,0.419603994963865,11.460389339050874,1.709134362799146,0.2307640782404222,0.30519652651969964,14.07549337886316,1.0,0.3581162729751232,0.6634656809904323,0.4978555842179899,0.3012366290358761,0.5119446860480803,0.30293022560690097,10.031383084418374,4.011806200893037,1.6666662516847617,0.28057513449402566,0.4891012141609942,0.25116634741918753,7.299887884299738,1.3964150152225652,0.6444344799602627,11.755526769725952,5.756468513813792,0.29968788308953614,0.21962356014817053,0.3040660733274355,14.803723495917014,0.3470714878251744,0.2817885651835194,0.20638508534761205,3.228170112749877,0.1840693949239913,5.646831684117245,1.6651723444003756,2.4035987285304974,0.2685237968479691,0.8281613370452079,1.8549119560543443,15.166501893027744,14.432660534791115,0.36436752107371695,0.33156398397015774,1.776659907465069,0.47143558938706703,1.6391570461335039,1.122280420515027,1.8462926456617024,0.3837603879996234,2.486529765009304,1.4533271545972866,2.310407200849903,0.1903094118393616,0.24285568781564776,0.19649945059454094,0.9144267288439963,0.21959754690601083,9.121194227554938,4.632065360747517,12.364793722602522,7.658621657835877,0.6160565711411888,0.5596743899549106,4.070100083910468,0.41470798750869936,3.0473756247762265,1.0902048816705527,2.358824424779583,1.3890291353121749,0.5599699041954087,0.7266964085550413,0.6839555437193306,0.528190299417806,14.698141155476875,1.1498265041299836,0.3792153808623323,2.3314175957977765
Cameroon,12.946857865525391,0.09977688359433118,0.7074079184818836,0.9741397397559439,0.9014995292715102,10.38484902998463,1.3841650334819084,0.3723841107524456,0.7577020341323106,14.392942407255177,0.3581162729751232,1.0,0.46302168147559986,0.3975798311218314,0.5249606677461928,0.7339644807935706,0.6871042481846383,10.068961878619834,3.4194570670901356,1.3020467108888403,0.2510716147261156,0.31089116790188687,0.5361435229056151,7.629743769860535,1.3209239984820014,1.133426511786827,10.755686869762076,5.30989549660017,0.14662196510292905,0.495408679577376,0.6629907980075587,14.541849490454345,0.7098592046034979,0.1739338431183782,0.3695110654259992,2.977271397810216,0.4848208546720759,5.91701711451492,1.3301716457857435,1.8640403152453888,0.17586990200767613,1.0998226378906237,1.7537793183477264,15.258806941486677,14.750109563183129,0.8185800785501383,0.2504453495037058,1.0667989601871568,0.29374735942676317,2.240695014720045,1.2758617651726405,1.8078792134230475,0.030716150130791015,2.64172092590497,1.3021280741859311,1.8245613807107453,0.2487158665872155,0.19679047505268105,0.6199367465165632,1.0624223391551462,0.4771521941027893,8.884350752193605,4.940784598486037,12.68224275099454,6.663767450137407,0.46401821260565024,0.22256082642576186,3.277024947315072,0.2989166628921989,3.7303144412467746,0.8073535411239615,1.624356718835403,1.0544798002798597,0.17451644715619669,1.2144253231216244,0.4585354321535833,0.4282925515137118,13.868989584880273,0.7311973225269878,0.62635929006782,2.06560844729638
Canada,12.657314777806489,0.4280170439259271,0.7449580167934574,1.1448097688285492,1.2442354152594173,10.236036956025435,1.3775955564303048,0.7153029985435757,1.0563924069724717,13.453653082009932,0.6634656809904323,0.46302168147559986,1.0,0.4349792033590255,0.7139258754527313,0.6424457744089824,1.0194175413927702,9.849480381617688,3.3133224789407336,0.9697385727234542,0.45896748276491023,0.4547098588689982,0.6756276952947262,6.923606189181298,1.2878334299495788,1.4160229783933194,10.41510825019036,4.9482365289961265,0.5042920531289086,0.8603397124261988,0.9691886711108364,14.049690785626932,0.9505452238794186,0.547620236332923,0.6017263137147115,3.3833664581205207,0.7850394671236491,6.792858946850767,1.3746333780122297,1.6317858294405627,0.5444222285709353,1.1704828815808186,0.8220180546158975,14.527350145725324,13.777176416425663,0.952115511485221,0.5830392461238131,0.7939895257845092,0.40073649641872444,1.7662329674949417,1.1666297593018449,1.1386958445889144,0.42820419683652594,2.597915524922977,1.3006188684351436,1.68153032293266,0.5990417872502218,0.5146680433594174,0.9600444574436124,0.6319234020357021,0.8291515799257788,8.31771190766994,5.358850821261728,11.930960579084324,6.540714976679073,0.6575862546316091,0.39182557116080957,3.1089770401616055,0.4157605216665442,3.377022164228063,0.5398505528416259,1.1529933120901112,1.062523890726595,0.4186742082080839,1.4859186419195254,0.3310975038962907,0.4445421061037173,13.541435157683221,0.8262304795172015,0.9652657769457227,1.5701601718677634
Chile,13.165409378025181,0.44233897114095844,0.8147527358002912,1.4638161435416266,0.9647856504868813,10.806705163795613,1.7544089176689392,0.4727128086257722,0.852839133727981,14.227276539819128,0.4978555842179899,0.3975798311218314,0.4349792033590255,1.0,0.5753951301888125,0.3838419106291431,0.8369083962007644,10.683787668971622,3.656860653173449,1.1214614798330966,0.24278210671280284,0.315850810938895,0.4394884975548692,7.516373206342837,1.126718347796409,1.4873862547567658,11.177543003573055,5.354474823793338,0.3809061787447021,0.5781859442319268,0.747418401176869,14.586915574279356,0.83702788680488,0.39075638155494674,0.5136949795755315,3.4284723915388216,0.6505228864322807,6.747862062370881,1.5159864457772343,1.7809965574798263,0.392028379752837,1.2240897225011111,0.9793641345835185,15.058935937185385,14.53808729878813,0.8611830785634467,0.48678624645890245,0.844017633667822,0.3638273438114491,1.787518948747055,1.0835722069791474,1.4029864001705803,0.4498849002751111,3.36760749821869,1.3667194078846328,1.8980796085708236,0.3916720257775321,0.34850466351364173,0.6069587623120101,0.6728727149799225,0.6059523533810434,9.114619263955689,6.111759650687759,12.856699234329302,7.1115807959245565,0.783029322335586,0.3508677706373348,3.274481594423315,0.37243540954658105,3.8800827030184957,0.5016595399131258,1.384504743080145,1.0137653408242107,0.3998197411605616,1.5483600938526625,0.32177900113093355,0.2987263663640642,14.260246586053636,1.0263680955289523,0.8862706374033896,1.717646307417739
China,13.314864712019933,0.5568003057125723,0.9393219990896933,1.3652722719249675,0.47127866399995905,11.336216491337066,1.6676116320777457,0.4289946378994151,0.40900152802582634,13.562836557108962,0.3012366290358761,0.5249606677461928,0.7139258754527313,0.5753951301888125,1.0,0.4209807305897944,0.41824099699961914,9.624996315865207,3.894497884067172,1.5113060814440784,0.37332304452687887,0.42973011456496946,0.31534384210470134,7.007366554455014,1.4232358360650732,0.5679966305249152,11.633262165764622,5.648560836015307,0.4843354802721208,0.41072022336418684,0.40181574847457,14.607639245462833,0.4046415949340465,0.4644142213832028,0.33205024715671805,3.2407554479243794,0.3285627066095699,5.346853206082989,1.6194681419649815,2.3075727767718157,0.4595091795024809,0.757804037888486,1.4455769799065283,14.871130708793705,13.92000371303692,0.36543706583183055,0.5047628506803483,1.5877668965153326,0.47504872688736266,1.678314264703396,1.04599718818179,1.7503480933333548,0.528811581796887,2.126806145972815,1.4435543722476913,2.360050981315422,0.3638843574652385,0.40969189963200003,0.3960419601566477,0.8432589572709893,0.37247261915805513,8.868619343104957,4.385563203842367,11.852136900848324,7.429777946510832,0.6519663950301708,0.6243289641318175,4.115165764172962,0.380787449397317,2.8591936495998898,1.0376819161236142,2.4388775220152845,1.1536632236071895,0.6436520232804209,0.7105508145131251,0.5550886378812514,0.3495919452069942,14.503288120230275,1.2164393042370423,0.424264961527962,2.288464839314008
Colombia,13.261663343052007,0.8012057788102077,1.0544692039946373,1.7138333066580307,0.5309510108171688,11.378715687171676,1.8245906892156734,0.43262592083399853,0.43876663649985653,13.501195991145183,0.5119446860480803,0.7339644807935706,0.6424457744089824,0.3838419106291431,0.4209807305897944,1.0,0.4893434627283869,10.325014091436845,3.822299099316858,1.4416195389434836,0.3584236859183073,0.616585618717086,0.42686494274785625,6.747737785285922,1.6115170517719768,0.985121931005324,11.707204811253755,5.7777564609789485,0.612840308902787,0.398934715899108,0.4050715474809697,14.386916144203354,0.40942910274955346,0.5486959998733503,0.5707232984449566,3.7362941494459094,0.5561708712296431,6.2841770192878315,1.8586993567885655,2.378925578079354,0.5474038101917357,1.1302143439094852,1.074403030570156,14.48072155212345,13.802290111219433,0.4323964480621757,0.5559042645712237,1.4872316159537058,0.6931373293210138,1.3164363187909194,0.9387782683144767,1.2691029844135187,0.8067698046528177,2.5824280617962194,1.5861522003402957,2.3916543228391363,0.4646189924588938,0.5297536162358449,0.442866271813248,0.43962881981763435,0.40219103205922613,9.119938079901894,5.776175215042975,12.103841590442933,7.626952731882401,0.8693781968602249,0.7559345012158805,3.750705854513988,0.59647854199253,3.346588857540434,0.8576496371377166,2.131679288187456,1.3398380533267171,0.8399018862744542,0.9728101885801224,0.40680296152049944,0.44061725653496164,14.632987760345234,1.2581751911325247,0.6071379827471677,1.7105924705371183
Costa Rica,13.74869905192171,0.7106239663996726,1.6235736729918089,1.5613343530548889,0.16420287106481476,11.631293202149816,1.8155749787990956,0.24157636914380734,0.1072053269439793,13.35234321741412,0.30293022560690097,0.6871042481846383,1.0194175413927702,0.8369083962007644,0.41824099699961914,0.4893434627283869,1.0,9.60129121195994,4.101431129310972,2.1300503763520946,0.6055240854904524,1.085915427893382,0.5027113934144517,7.042731335419726,1.500576773267674,0.46538788427241007,11.92916855827632,6.035539035429477,0.4940928402226953,0.18251865527381922,0.13801939928025933,14.726043556928444,0.14802589384738937,0.3620085713792691,0.5974392529296761,3.2959073301283763,0.2549119480954874,5.074771938751504,1.7378944631719337,2.7179211423784833,0.3834364944439009,0.8157247054668844,1.940887729204384,14.848576859677829,13.709510373342075,0.14544414849817341,0.3634493339847159,2.368574617433313,1.0865860035170845,1.4816264484134112,1.1645785654377034,1.8120357990726852,0.7914472634385292,1.8813058514895822,1.5435924407413777,2.4475825336022208,0.32635036464078704,0.433555536912423,0.18174789952080483,0.8231116722616455,0.18542849617465035,8.939501811142753,4.207970599973691,11.641643561153488,7.8121841788631325,0.621900895861639,1.1335412757598293,4.475611964739001,0.9237543180848421,2.585767405376088,1.4007229699190349,3.0052310930408246,1.5637528280275586,1.0892108360023633,0.3244985502367617,1.3570338493129726,1.0361257616682291,14.75297522769002,1.401731804939324,0.26491602881294496,2.9648693484338167
Croatia,3.0163635540870115,9.929240369190815,9.682693105738448,8.737112281515206,9.591318951524121,2.897655180568616,8.219429432910264,9.87877660344759,9.600573683383878,3.0832054796962605,10.031383084418374,10.068961878619834,9.849480381617688,10.683787668971622,9.624996315865207,10.325014091436845,9.60129121195994,1.0,6.099358011132489,9.757270974267827,10.461053508856857,10.200647178451744,10.372745375200278,4.493760519172477,7.617844180721802,8.447945992047098,3.0593115996012927,5.397809772547925,9.92379180708043,9.835740127769478,9.660571505195655,3.094819165735569,9.531160845286259,9.836782974109802,10.201907606770664,4.592565486978734,9.80467627426929,4.312251798946939,7.740966659513972,8.35460372492989,9.842096683318388,8.616196849680248,10.310096544650428,3.2686077905147677,3.0268532347033137,9.590039688000106,9.71361885337768,9.986707682308213,10.113325384499213,7.14008310224715,9.800690674693296,8.740216449249143,10.114685567266513,6.27433930981182,8.571413301042751,8.019314524730065,10.071803892255723,10.125800253881652,9.850664470553953,10.597419869568542,9.695408333926972,2.7522048722242807,4.695877977929055,3.1135780845849976,3.6950903930427086,8.971685797547657,10.192176648769118,7.412697560116483,10.045009693869142,5.9184393360904535,8.41419523261985,9.568145631880604,8.911044972751116,10.144738624329243,8.784630105955202,10.527479065769757,10.191572670941886,2.892759155288861,9.271815784481955,9.145018886938693,8.759200779018045
Czech Republic,4.903124197548867,3.426534201697981,3.1253828852513372,2.607287828416941,4.106957461401464,3.5078018717098804,2.400654078239876,3.8803819292866666,4.081644872600049,6.839038727123054,4.011806200893037,3.4194570670901356,3.3133224789407336,3.656860653173449,3.894497884067172,3.822299099316858,4.101431129310972,6.099358011132489,1.0,3.2463921798027333,3.8213246796674056,3.4888722358094872,4.036111121719553,2.790490675370803,3.2478563399138984,3.8767139113351203,3.78636383771695,3.0869465700890695,3.654137763266491,3.953973736620382,4.021253707773054,5.424959652087078,4.026249093337677,3.7227492698499707,3.9287930685935595,3.6185358157193233,4.047603013135599,7.269153603725563,2.8901097336251773,2.477279004583514,3.7221565911355596,4.045071301773258,3.394900963296856,6.116582140694749,6.682932909428985,4.088464531042649,3.785218995841053,3.133317055589942,3.466105671750508,4.195952387594176,3.7888148887195907,2.607313234879748,3.4016849699469756,4.668485787980016,3.312256210048372,2.287682635543169,3.9857040227937324,3.8731661906165944,3.9972100187104997,3.964934671555622,3.908225801392078,4.561038512887299,6.811481013592848,6.665874927439808,2.491337895770735,3.431691713516384,3.337987288941528,1.9123207344738593,3.50125313126411,2.324901008419121,3.2202239578798557,2.8799193834472794,3.1226164069252884,3.2067111929934176,4.2407543819628275,3.3142967271292876,3.4949704506720085,6.247209363773997,2.9665360001761103,3.870849415465156,3.41529839233045
Denmark,11.560582547787124,1.1523746788167732,0.9105556899312015,0.8025216275751335,2.125319426524294,9.327839700409275,1.24149796336568,1.620713357659104,2.092656792971032,13.15904838434203,1.6666662516847617,1.3020467108888403,0.9697385727234542,1.1214614798330966,1.5113060814440784,1.4416195389434836,2.1300503763520946,9.757270974267827,3.2463921798027333,1.0,1.3994324855688847,1.0451379348745566,1.6298043879411748,6.854811165204941,1.0372644367636528,2.1167009519648725,9.698677540186717,3.7485836471508502,1.4002274010769042,1.8028808599555486,1.8889390746919554,12.90508160392956,1.926559616793937,1.4543289318906452,1.366441313826765,3.3083466123946725,1.7652244932184722,6.503183889541998,1.120133850246797,1.336748447110333,1.4369286393650293,1.3857115993688711,0.7337904759758835,13.440522072743633,13.432159685342974,1.966240318248379,1.4887289269134865,0.8484332760201942,1.0468270320930388,2.412734506446817,1.3747840638595579,1.2883310775839378,1.2325626932939981,3.4902109919265207,0.8106982236043626,1.0251803793113075,1.62869885665319,1.494697548475789,1.872991555453279,1.013349883003213,1.7576009259462098,8.08038180423407,6.45758814766942,12.088277769736711,6.06433756719511,1.1110429495797198,1.0258322465537062,2.8406606307790003,1.100500425535383,3.0213812677187755,0.8119604859417855,0.9691623012302363,0.8069228552694374,1.0153765000066541,2.72966485451234,0.9394632272829776,1.1627927082529552,12.89773681821863,0.7971906145910191,1.806161338943692,1.4619474321524535
Ecuador,13.475508987062005,0.331157391254877,0.8965280305095199,1.3215271053702766,0.7360917233149056,10.994669312542309,1.6033339501822108,0.24271844219242836,0.6086189150650763,14.317965248464175,0.28057513449402566,0.2510716147261156,0.45896748276491023,0.24278210671280284,0.37332304452687887,0.3584236859183073,0.6055240854904524,10.461053508856857,3.8213246796674056,1.3994324855688847,1.0,0.25312077343116024,0.2790299994303159,7.343562021753344,1.4600276035203397,0.9579384685652973,11.365507152319754,5.764243241698786,0.23976417463500443,0.37017983569775514,0.5174761107348935,14.850255151899756,0.5841543650990442,0.24002604175653952,0.3077562749779276,3.269986798613577,0.4118774033688164,6.102573558747475,1.5689780373279518,1.919874664879687,0.2512432874309329,1.0517493539242808,1.5661783837340855,15.303568792903565,14.660874971985665,0.6409260061515528,0.3616233450141729,1.3611190877455612,0.3014198610199249,1.8757345165400545,1.1270911275855404,1.6931932969641412,0.28379312056119477,2.943554700970988,1.3958154456571958,2.155714825725247,0.16631439713741694,0.1483419567728728,0.38928833402791146,0.7906375328756703,0.4074948459776374,9.33304135871916,5.258076346828084,12.833617731300706,7.236435158017694,0.6061299718829929,0.38549179626553753,3.602688470758969,0.23041117146068502,3.7006863339146205,0.75902604285695,1.8116398698474734,1.186975310598429,0.3633664883983012,1.273005710149762,0.33333249738410275,0.2545750233874898,14.41820111679376,0.8792422408630798,0.5584748689434641,2.063334647167812
"Egypt, Arab Rep.",12.92733551191112,0.22460403990785233,0.6183952325628304,0.9909618783372767,1.2957084392483609,10.39052795194472,1.4196836166701319,0.7319844076757842,1.148120686438128,14.33868289499666,0.4891012141609942,0.31089116790188687,0.4547098588689982,0.315850810938895,0.42973011456496946,0.616585618717086,1.085915427893382,10.200647178451744,3.4888722358094872,1.0451379348745566,0.25312077343116024,1.0,0.4849146584882298,7.59058283460718,1.0483465878813953,1.430502823481009,10.761365791722163,5.280674543126892,0.4356523606079966,0.8751327303094839,1.0589555165428393,14.442668645751679,1.0857306225712107,0.5086376748953578,0.4580148996357961,3.067059281917454,0.5858755806996744,6.077694366752196,1.3209171991550779,1.4856656216521587,0.5208411932667912,1.059424184485471,1.2316266712888881,15.050404086371513,14.802733078766927,1.1591339249559167,0.45716484451843953,0.8096881953215372,0.08145460546574942,2.149324985444768,1.236571298113013,1.737773017494041,0.27587379957213076,3.0371427605454713,1.1793355603872118,1.7919387177257362,0.5588126695859021,0.4977160163733857,0.8917603168215716,0.8954545778136773,0.7732181806598829,8.965633500876788,5.373592396121198,12.8803005957078,6.6803352858595915,0.39659732536997205,0.21138791828618833,3.358280332324287,0.10381087186223101,3.8217543226785917,0.6835503383685201,1.526276567670222,0.870600406441873,0.22362940560897968,1.640508363094779,0.33218521263303136,0.15999082652569344,13.899869782414727,0.6984422699380288,0.8181746501301286,1.9048904747167055
El Salvador,13.396800612270786,0.5592880056653393,1.0067747034778904,1.5315764123300417,0.4503326224246278,11.658315134372424,1.9727601186048453,0.3837481977871082,0.5161139592623758,14.129074961787007,0.25116634741918753,0.5361435229056151,0.6756276952947262,0.4394884975548692,0.31534384210470134,0.42686494274785625,0.5027113934144517,10.372745375200278,4.036111121719553,1.6298043879411748,0.2790299994303159,0.4849146584882298,1.0,7.119598817164436,1.6670365531284246,0.7514491212408245,11.985425367109809,5.6936146507918055,0.4670837806663768,0.3790859471828595,0.5075065990217755,14.682213945373707,0.6105786454500595,0.4509956772233664,0.23649207318993395,3.5672708700629405,0.18348750472419262,5.771569019562087,2.0254641633579924,2.671333722971803,0.455935222358432,0.9112532097683521,1.4883365529014703,14.9553442212515,14.538814761906465,0.6126782085239462,0.49306655341923633,1.5976669096891658,0.5055787880960518,1.657199114646465,0.9677440147271962,1.844146023059661,0.504779724196813,2.73931753120784,1.6641055195052055,2.545215446012512,0.347478946916985,0.4234442606786649,0.28440348128155957,0.745085455432725,0.4197362406789399,9.356556106761305,5.080871719292193,12.749876315327267,8.047675796860755,0.851554164440368,0.5039277134029857,4.2850958784863025,0.4322575697837839,3.090576926620319,1.040851074634993,2.440730571017666,1.5696201258261075,0.5028092579830116,1.007889822361331,0.5315102843074533,0.4526462388135303,14.94259813137119,1.3123798592463682,0.4764794934217742,2.1322502489704003
Estonia,2.6595921123857025,7.5002286083301515,6.252302098162158,6.852746542002121,6.858289426041495,1.9718943964149949,5.987071285790824,7.134630417478176,7.034828641873866,3.1841338205435936,7.299887884299738,7.629743769860535,6.923606189181298,7.516373206342837,7.007366554455014,6.747737785285922,7.042731335419726,4.493760519172477,2.790490675370803,6.854811165204941,7.343562021753344,7.59058283460718,7.119598817164436,1.0,5.967913682612246,6.067726290885155,2.5126236649458007,5.361825622005323,7.3763224615988845,7.118518516610266,6.911100306024663,2.7847772852335075,6.865141330375326,7.198227395697272,7.342920957750574,5.333159352098593,7.1266626062701945,4.16875727850747,6.462826423302595,4.137069938260783,7.228774981076607,5.756318305617803,6.909157978175657,2.9457889979638954,3.413523952596464,6.690878737456581,7.053361885846147,6.627078537909773,7.545568134412805,4.250807848318729,5.719628194062604,6.413657832181105,7.716488497173644,7.074786154604136,6.64557811124734,5.321704015173845,7.382944403472798,7.475033892081843,7.0684019913387495,7.178400580389329,7.0082168375605,5.5148614657535235,3.2030055091973955,2.497457815885556,1.6077751469128296,6.47266424424589,7.471187243659594,2.2314098296808953,7.447905780784486,4.558810104626758,5.30168200239928,5.42525253371879,6.660107450001844,7.372137338124667,6.761291215167299,7.139545718767804,7.259601937404549,2.250587951189499,6.455627409014331,6.447582973928836,4.296340228561132
Finland,11.05763182421962,1.133464585249113,1.1070643984620114,0.9602652372189691,1.454164432673412,8.401974379246816,0.7012559276802096,1.231559410374746,1.3199160240352608,11.70770318577704,1.3964150152225652,1.3209239984820014,1.2878334299495788,1.126718347796409,1.4232358360650732,1.6115170517719768,1.500576773267674,7.617844180721802,3.2478563399138984,1.0372644367636528,1.4600276035203397,1.0483465878813953,1.6670365531284246,5.967913682612246,1.0,1.0010038074852978,8.772812219024257,3.593448113181008,1.1711722408663134,1.2258429478384572,1.1859088615701978,12.593338901399836,1.1724147905754856,1.2728394259603386,1.305533589561193,2.539495983059488,1.4586445287936363,4.489999828941533,0.42750137603527893,1.4692014039275032,1.2423739021236426,1.453607898642485,1.0317347607061143,13.022158287738351,12.064870341704996,1.24340157948532,1.1347878476339954,0.6055985921658933,1.0401652463391031,2.563407881070456,1.8266830871588724,1.77923306385849,1.2767679645722745,2.332563240541783,0.3562724388766302,0.7829345153847413,1.3111192239616343,1.3745035760012156,1.2882789064006421,1.8159087900734203,1.1656048322452575,6.620530273159659,4.272406938353988,9.997003529516405,5.192690948026022,0.6598745126401706,1.0937283938485787,3.0558048622227485,1.0738717769412398,1.5422320057119099,1.1989751891284381,1.4328918229035807,0.4950283796614589,1.0932566933882575,1.7293313008983542,1.060806702008425,1.16912370413264,11.79246632471041,0.6045241393708721,1.2672249687491326,1.7978240154455771
