Country Name,Albania,Angola,Australia,Azerbaijan,Bangladesh,Belarus,Belgium,Bolivia,Brazil,Bulgaria,Cambodia,Cameroon,Canada,Chile,China,Colombia,Costa Rica,Croatia,Czech Republic,Denmark,Ecuador,"Egypt, Arab Rep.",El Salvador,Estonia,Finland,France,Georgia,Germany,Ghana,Guatemala,Honduras,Hungary,India,Indonesia,Israel,Italy,Jamaica,Japan,Jordan,Kazakhstan,Kenya,"Korea, Rep.",Kyrgyz Republic,Latvia,Lithuania,Malaysia,Mexico,Mongolia,Morocco,Nepal,Netherlands,New Zealand,Nigeria,North Macedonia,Norway,Oman,Pakistan,Panama,Paraguay,Peru,Philippines,Poland,Portugal,Romania,Russian Federation,Saudi Arabia,Senegal,Slovak Republic,South Africa,Spain,Sri Lanka,Sweden,Switzerland,Tanzania,Thailand,Tunisia,Turkey,Ukraine,United Kingdom,United States,Uruguay
Albania,1.0,8.299767631731381,8.20402429000827,8.178738412964684,8.271375348086584,1.8041688836454417,8.080736855125359,8.316298477017224,8.301992646630872,1.799750422200149,8.29131590210098,8.297793621924072,8.259431217056832,8.258262344748465,8.265089705959076,8.26976607759817,8.30721801577277,3.1063732526034014,6.8527536597849865,8.089772461938908,8.30327182584597,8.247606542604045,8.27445023392274,2.683656214814722,8.168227885507502,8.263767036014215,1.805038025938445,5.232733412067607,8.314222334892115,8.31580483361309,8.315978881623774,2.226659774973127,8.317833271430723,8.305545365927951,8.295688145916518,7.2679635646687615,8.280835595330732,5.627930916084189,8.087767801951058,7.757804927236199,8.312466487757161,8.233623319467512,8.027294720118945,1.6824367699623328,1.939431991427754,8.322757385210089,8.320278741497516,8.100282728748867,8.255037110493316,7.895546640791584,8.119910911793525,7.919187943598405,8.291530651940839,7.082379196657572,8.132121432794735,7.793789451021257,8.31542136509497,8.309887750313402,8.295929745112494,8.131612631609583,8.304280537698103,3.667557229129326,5.98996805061165,1.5697780559213865,3.2799111383515505,8.279671798200257,8.27283219627353,6.16295008658057,8.257586453992966,7.651050287365465,8.149780914241202,7.872359297193813,8.159199250622336,8.27353442881284,8.233064491826353,8.260865612093827,8.231406454640753,1.2981132618788842,8.202942975664426,8.326110647305686,7.690890514809912
Angola,8.299767631731381,1.0,0.6369087388556749,0.8729665017674874,0.7559482233723921,7.937552840126455,1.1141011155749276,0.32052352074622026,0.6368659648526461,8.31687691758267,0.4494542677348139,0.08212586845455826,0.4356368530485986,0.4519334575405149,0.5065625489424477,0.6550396420929848,0.6351030263800961,7.069754424128246,3.2846183526449506,0.9862601495946388,0.30163767232812816,0.31695538864141626,0.6184951134118398,7.499265624271339,0.8193042843612306,0.8891780063943681,7.8498249315897155,5.036462245033659,0.13251332251427703,0.4470922222571871,0.5379392684795045,8.539262138674884,0.5462143359674301,0.1623276869757595,0.4421792274462842,2.7045978806229516,0.5609083986946908,5.452746545649877,0.9896468923039266,1.6317923396442005,0.14933466546111795,0.9097612079337712,0.9738200266076664,8.579312107643027,8.541878911416545,0.5914859235710407,0.19190957222999613,0.7663597718592204,0.27445406601993705,1.9807975721319522,1.1485089478896493,1.321765759132182,0.0939186136309516,3.221187016041032,0.8333303946873416,1.4251727933732878,0.2793284707343543,0.2245994186851243,0.5553903637173492,0.9570199944406491,0.4428727683318501,6.610870428399202,5.037976855200067,8.234424323337505,6.569438203195726,0.32993489839216955,0.17674308043666256,3.60994228486191,0.2899787660263183,2.4541302016643556,0.8759063593274361,1.343331553210156,0.7071932596170654,0.16901695609044598,1.0697215082697331,0.3736818625187374,0.4194734541845884,8.42012448393158,0.5702579082422294,0.5214724696784901,1.8427469170903323
Australia,8.20402429000827,0.6369087388556749,1.0,0.6971257114062744,1.1460706313135245,7.797487537963865,1.250174114383744,0.8192181278954794,1.059673958553767,8.231192658906991,0.8359428303702482,0.6479179380598288,0.6062725109783623,0.7232836779258347,0.8500038710274368,0.9958525287311842,1.043135203378876,7.034980517206291,3.1730299246591227,0.904567720673619,0.742697196240194,0.6230918134781537,0.9531444491654252,7.3737563765896885,0.9322644554156551,1.3004850456054786,7.745913524475241,4.9410944348247865,0.7036299705326908,0.9053613642543462,0.9881087639674904,8.480235072864346,0.9981195858185536,0.7044296684931731,0.724315244159211,2.749574516850336,0.9249926726890806,5.5687867932035555,1.0241876115317576,1.410113442511907,0.7108815380974071,1.1088408687581468,0.9321441910081729,8.521701034063465,8.47085855473818,1.0266895779780691,0.7300338720951036,0.7309053208990672,0.5872719030915329,2.1917992650817606,1.1752501623400233,1.4240351556397217,0.6272955615298298,3.237582900362283,0.8183516764724249,1.2994503886989908,0.7706112788114607,0.7376050230920546,0.9764301892104236,1.0676505779027452,0.9010342913108412,6.497946656118725,5.151071272929419,8.145317320094948,6.377560744838529,0.7774891901874781,0.5904107309123438,3.3656892531569746,0.5955500583262309,2.725948950729218,1.0672899274732854,1.1993454492303492,0.6439260403333408,0.6118889414035541,1.4180240709341754,0.5855657764975041,0.690725008835947,8.310491564079632,0.7470323339397918,0.9673910553976087,1.6459839456322565
Azerbaijan,8.178738412964684,0.8729665017674874,0.6971257114062744,1.0,1.4483217608619454,7.711453615711377,1.0210478088997366,1.076592848496447,1.3107380907163793,8.11162083856149,1.1774785580500895,0.9318857987745109,1.005001977729802,1.1108632577342052,1.210353572411624,1.36130955984056,1.2799624437793231,6.857836780775055,2.7530234397239197,1.0319166717785413,1.0740874358077788,0.9967599915581298,1.3284104410732815,7.333100114012205,0.6558525683955944,1.4290918579174392,7.660233696389663,5.064617224080638,0.9343319967818086,1.1654213720473505,1.2125642322876833,8.374995353786934,1.1967868280336593,0.9676870860389212,1.0429792797147197,2.523014383103281,1.2599038072166124,5.5171491355526445,0.7494448646170129,1.1357342982436092,0.9466093970575699,1.1854679806996526,1.3156934031095586,8.45184884040576,8.401159567787486,1.2063157620782683,0.9114676570052751,0.9540223171566847,0.9164732824275531,2.404683978684674,1.5796563181125154,1.7552223361047319,0.9210328169461416,3.1963521715091696,0.604145196927254,1.3203155042476686,1.0521893190393645,1.0322037245296187,1.2855728595531135,1.526879224179781,1.1795209419639179,6.388511677355912,5.137197924284838,8.10878945730264,6.2540896946949855,0.9350966576160094,0.8981046849321052,3.235320820206439,0.9201638806364603,2.61415664525177,1.3817246772522425,1.3340474142369483,0.5962913435587558,0.9282819342752017,1.630700247034696,0.8649819509274732,1.107121824617758,8.206192729604835,0.7241304958720196,1.1044989440233326,1.706022413241627
Bangladesh,8.271375348086584,0.7559482233723921,1.1460706313135245,1.4483217608619454,1.0,7.9939212175336225,1.6280978006109805,0.44636611415290117,0.18113115497295812,8.321311182209545,0.4341409155919253,0.7064770325076368,0.8900035286281459,0.8191432689952521,0.49701568491769843,0.5301588860420218,0.23790939265174807,7.104279727872453,3.7325063517841452,1.5008856984324728,0.5804579863722981,0.8379442651256617,0.39114375459643874,7.4862182055932225,1.3944900602187968,0.5370548604939569,7.919033785500384,4.957424399655183,0.6431475820915072,0.3288869284811306,0.3016076003791923,8.4691158281694,0.3388739639373817,0.6105498462873423,0.6176275745733804,2.817060461580386,0.3675836038283508,5.066047369238718,1.6032169906676945,2.303209043015308,0.6195025144435584,0.9266185293672925,1.4201440337568492,8.49132383189024,8.423993239924025,0.3734866178600909,0.638022336896318,1.418151189250585,0.8811872099128457,1.588387528549947,1.0099998958185212,1.506330164511889,0.7441240929228731,3.217722012162897,1.4845414380253545,2.004379223196526,0.4957328219372509,0.5463300442355974,0.2069425250132523,1.036110150145511,0.32871310299142564,6.710460871579374,4.617070502383743,8.18965536524686,6.787373761005466,0.7532185327379354,0.849498750189762,4.098343914597406,0.8639749197813427,2.253756739690688,1.1268811395685274,1.9385377310008947,1.3412320787841987,0.8178423035308086,0.4085470720326427,0.9863303723373517,0.7988248433507403,8.448308092637625,1.2914712761175178,0.4705100568339119,2.25671307459064
Belarus,1.8041688836454417,7.937552840126455,7.797487537963865,7.711453615711377,7.9939212175336225,1.0,7.676867485274406,7.98873867163724,8.006991707066225,1.9872175651415438,7.947812269834571,7.941429106957248,7.89977227268903,7.893927245078935,7.930237730339915,7.964565153733109,7.994769530144539,3.6657442375334686,6.300071085942121,7.591170851239704,7.957786109421709,7.874392922622062,7.943874218541298,2.1640050103993373,7.742372757265037,8.010145572294547,1.871237836178131,4.8558632545675815,7.965381108364294,7.996717346739245,8.011457756689532,2.5582866377615914,8.013265463387244,7.957079712062792,7.917236165105683,6.980998427566775,7.945797106802826,5.7452963209952905,7.635582083590881,7.234993873682538,7.964568759362776,7.821916016349306,7.610813463883864,2.3346232898623134,2.4157084722117124,8.013063132112135,7.967565833567119,7.663733019207765,7.870386180816331,7.708179469419324,7.748001396673244,7.627885260261507,7.929873272595917,6.589867267831043,7.667476790211007,7.323088659733663,7.9743293058895865,7.96936148753493,7.992387256989927,7.770856567463408,7.991479521987338,3.6785315361987854,6.109294502411992,2.056242216594427,2.125854073758526,7.943300163008503,7.900495104656553,5.6345565415629215,7.868903538741377,7.597154397406375,7.799797111777878,7.382439874680152,7.703311358500513,7.912202298032399,7.962984979537078,7.850041271019424,7.868205199723839,1.3767120231441727,7.783384823443928,7.988696096924662,7.048992091123486
Belgium,8.080736855125359,1.1141011155749276,1.250174114383744,1.0210478088997366,1.6280978006109805,7.676867485274406,1.0,1.288736009077313,1.4966322575583186,8.041917663184991,1.4169227363815418,1.172579310951368,1.2758964764545178,1.378376591589806,1.4906351060459264,1.5866450784198252,1.4815029961463937,6.7404780223084435,2.8143234363619754,1.4273703916335605,1.323573613759329,1.2432044041196006,1.571151842185153,7.332972460277218,0.8471141667775751,1.557225576517358,7.608955202726205,5.420673089578342,1.165853602061173,1.3720010617557599,1.4021201783283699,8.293044051957887,1.3797647313407693,1.1950968988806179,1.3686038733021972,2.7690624055385396,1.4885863825434231,5.4984737729524165,0.8290818319800848,1.3754054977174912,1.173581641339376,1.3368517272942313,1.6429533015148452,8.4190322328689,8.406121258409067,1.3989224894630472,1.1402396789241034,1.1831743075894054,1.1754905040302224,2.547175120696669,1.7722964295834298,1.91894865143537,1.1668581837036602,3.289554766449996,0.8523041860741536,1.3582754700076909,1.2869050015322188,1.2645586201661245,1.486698636516423,1.7925614529635936,1.3756494794375893,6.269450591394492,5.061002743309768,8.021467528708827,6.227128737123846,1.0946613315281828,1.1513196000579096,3.206774446992307,1.1838285278197032,2.555994959804786,1.5981888564775113,1.5633473008108023,1.044791299317468,1.1677001015172428,1.7913759934381857,1.1720976474735674,1.345247461829755,8.114864947886065,0.9046046042465271,1.3509141528928108,1.9631555536957876
Bolivia,8.316298477017224,0.32052352074622026,0.8192181278954794,1.076592848496447,0.44636611415290117,7.98873867163724,1.288736009077313,1.0,0.31858835210741804,8.339482398489551,0.27682236569729607,0.28766684139193216,0.5720679561968899,0.5465168258005672,0.37698219509074177,0.5036694122229222,0.32972739638150206,7.0950094749479575,3.46040260431721,1.1980275822992013,0.2631114733445635,0.5005525445359674,0.4206719316506314,7.520811584437549,1.018323847850453,0.6352733326718281,7.904675901072467,5.031340878849403,0.20089042656571565,0.13131353462998405,0.22842969517286257,8.528438917176898,0.2486927449600703,0.18744384325588595,0.3890868921365732,2.727381898611241,0.3471327477027222,5.289162714026171,1.222293647579144,1.916514340358834,0.17744630005000692,0.8364973235401771,1.1695711949605017,8.565873048553714,8.515352408656238,0.31227750939434396,0.20099024192981424,1.0525408090946584,0.5094801256182466,1.7954607221988597,1.0594386977562862,1.391552349441708,0.33232138455208815,3.21162010804498,1.0906169892773845,1.677120367456886,0.10717324953661074,0.14452558360587905,0.25427920306191015,0.9669210842681566,0.14220111255350087,6.66936202547331,4.857949484503523,8.241151873388402,6.687352614252633,0.3910129611782749,0.44918931254009975,3.8339812956831563,0.5013549827943311,2.3236367192043907,0.9490648054399938,1.6092632382391796,0.9636548055476623,0.4217385666218317,0.7632674086008724,0.6122853530919848,0.5281561519849973,8.455164966156405,0.8690875314552463,0.29373079401744145,2.024344293757379
Brazil,8.301992646630872,0.6368659648526461,1.059673958553767,1.3107380907163793,0.18113115497295812,8.006991707066225,1.4966322575583186,0.31858835210741804,1.0,8.327618271496876,0.39329152772465065,0.6004985929928298,0.8100069653381946,0.7637347048914603,0.48479610285987884,0.5204262229954841,0.11375108083437573,7.092921393342031,3.617448542854126,1.433352254358014,0.49532007165468445,0.7777344156347222,0.4125550370426901,7.507468901026385,1.258347072937201,0.4681500131795657,7.928158622065698,5.011043240698747,0.513561896038834,0.19491095750373683,0.1285352463604952,8.482229980322499,0.1621782552731051,0.498590895081264,0.5485678940118073,2.769560687393111,0.3619793461272113,5.1020688367072875,1.4769355993932236,2.1906727613240533,0.4931763150997763,0.8674428876590362,1.4044744339013124,8.518411753139198,8.455451540734135,0.19997461760528312,0.49324274897755294,1.3464475076838274,0.8029379693821773,1.6216269297061188,1.0490487544759222,1.5183735540845258,0.6429178601039487,3.2003970120687897,1.3628169351807387,1.9401460879189978,0.3823447651326316,0.4403768711334622,0.16400153663747055,1.0632787514466355,0.2291838378509149,6.704469459539737,4.652754714312541,8.215597820090151,6.775932475716261,0.6383717065442853,0.7561683717333229,4.039484028598359,0.7868765300467278,2.205575844972867,1.1031189990501071,1.8747206346872591,1.2417749796861226,0.7275459059067867,0.4613514685850425,0.891210074225718,0.7674832924196674,8.456438153506058,1.168675844405682,0.3073887224332198,2.2099137107131197
Bulgaria,1.799750422200149,8.31687691758267,8.231192658906991,8.11162083856149,8.321311182209545,1.9872175651415438,8.041917663184991,8.339482398489551,8.327618271496876,1.0,8.334585832323452,8.325365185138205,8.311546905355549,8.308259991304231,8.323128382518021,8.32457836852972,8.32252535915216,2.8748812749298422,6.535484931235714,8.127578569084857,8.336889228910307,8.303791187189287,8.329303165825298,2.4394068270930984,8.122111271195985,8.262963279913023,2.1710659287398,5.496045189922792,8.328529990951099,8.341096843673524,8.331286761448645,1.7926661679510922,8.326605977997556,8.3307901539753,8.319849537208235,7.140317569346682,8.327995023655761,5.5471004748229005,8.038741390637076,7.69805572597699,8.329449142457406,8.225849807824815,8.119974245115527,1.7022822357487446,2.015591950550266,8.319461964111612,8.322970971235302,8.152849588852973,8.296811641247954,7.911018335232803,8.231349713905702,8.080908927067915,8.32106208470472,6.625575162554558,8.100124944309846,7.859649949649361,8.338901365481615,8.338942657791932,8.33903195271329,8.23122706837218,8.339518126841785,4.0819029744927295,5.869294307013019,1.2018844145565868,3.3430179936852764,8.301472070610018,8.30703255189559,6.2447023416876375,8.297072697585426,7.544592237497861,8.225136161006224,7.938585185755639,8.180668013500366,8.313318646473405,8.250298270881183,8.277036987782125,8.306124185104222,1.2220182027277005,8.19088332051443,8.31127451206571,7.678761706612857
Cambodia,8.29131590210098,0.4494542677348139,0.8359428303702482,1.1774785580500895,0.4341409155919253,7.947812269834571,1.4169227363815418,0.27682236569729607,0.39329152772465065,8.334585832323452,1.0,0.39000985574801167,0.5940574817813765,0.5126811582073018,0.21072768377846438,0.4945167920873198,0.36190793717150166,7.148263783867329,3.582651535651957,1.159892525210653,0.29693982362160565,0.4528013763179649,0.221525462179196,7.458212066131962,1.1410413103079229,0.7914025845208515,7.908513942190554,4.963625030700603,0.3856867793514327,0.2687535096437732,0.38813925218918444,8.53246162952348,0.4289236092435555,0.31746494168974104,0.272702089118673,2.819595861708968,0.12741319539932225,5.313962114005847,1.3149473523687407,1.996766892391504,0.35471509142031793,0.767981210626672,1.070249507055665,8.552438822930624,8.494726640755289,0.47227036310075043,0.4008073111277952,1.0352390976045678,0.49221524103871156,1.8182201557928146,0.8890593599679159,1.3946173180200203,0.4106233383630156,3.195202858232133,1.1447785658191663,1.6671938630742569,0.23218157843892384,0.27359180578303116,0.2585858308906503,0.813909460453826,0.2547557740533764,6.721155665582663,4.876341425964639,8.212100732690857,6.652774249918074,0.558520056569424,0.4985806158852428,3.8529970347395825,0.46358425455347335,2.5156498498236104,0.9552467540218135,1.5932920298544406,0.995000979257963,0.48764539801249035,0.7498521770566726,0.605287467142902,0.42416419519394016,8.446762741114478,0.977269098720639,0.44945997130753784,1.8918754401531843
Cameroon,8.297793621924072,0.08212586845455826,0.6479179380598288,0.9318857987745109,0.7064770325076368,7.941429106957248,1.172579310951368,0.28766684139193216,0.6004985929928298,8.325365185138205,0.39000985574801167,1.0,0.4115554418747049,0.39522404366506186,0.45044910744058586,0.5904581899637302,0.6021882061866718,7.087238476227392,3.3329347541638086,0.9832993181735215,0.23558603603385664,0.2781739560605507,0.5504734496679892,7.494523008398038,0.891721821441146,0.8846437102876686,7.854591041380137,5.013542536835604,0.1312774303809933,0.4102192881441328,0.5109114270005203,8.543380263930189,0.5271946470792728,0.1365882863202221,0.3978104885601796,2.737975268970255,0.5059289210090069,5.445949695191639,1.0577630066231587,1.6811816979495975,0.1434327861611661,0.9057142389331715,0.9459968295062433,8.578058567970459,8.539235291843243,0.5746578556317399,0.21426284877805543,0.7799365809863743,0.259232814024801,1.942393728325949,1.0944112871225795,1.2812009232091168,0.047883979743001764,3.2279255438890306,0.893581309450557,1.4547544649191437,0.233185019852604,0.16852220702169582,0.5033409473552892,0.8902790829875434,0.4027005382730216,6.622726680345984,5.0273532552197375,8.234991086206264,6.582852866260782,0.3628779160615318,0.1644566974962852,3.6368654680485792,0.2740802088127611,2.4665750647746973,0.8357289246679348,1.3490911807723838,0.7434551789966584,0.14414895713409134,1.0372783214709322,0.370701815809626,0.36353052971511063,8.427907034163132,0.6253944057933651,0.5165588194508294,1.845498476446346
Canada,8.259431217056832,0.4356368530485986,0.6062725109783623,1.005001977729802,0.8900035286281459,7.89977227268903,1.2758964764545178,0.5720679561968899,0.8100069653381946,8.311546905355549,0.5940574817813765,0.4115554418747049,1.0,0.38043494825533514,0.6637680505414381,0.6283742559801097,0.8068920323585705,7.102895076394371,3.2878634500351085,0.9674789315945607,0.414075363869686,0.4605340326244065,0.6614363871247807,7.426560079676414,1.080087883495668,1.117038764095753,7.815813498983301,4.973464978141243,0.46921606326372345,0.6496087655477668,0.7377463716785875,8.511292968744172,0.7615841859420649,0.4973098479632421,0.5276517889586013,2.853961635463429,0.7050666181174422,5.494965004387978,1.2039121932702301,1.654838242285189,0.4944629424696478,1.0433425262378728,0.9231859314840425,8.552726277967638,8.512072561129317,0.7778710230921341,0.5339336564155949,0.7897706410714792,0.4509902367249945,1.8840970200914338,0.9993780045636699,1.2868705661440605,0.3977668682721434,3.3044217986716964,0.9976489699646157,1.5020196169771398,0.502718686164909,0.4641000352079951,0.7110229520518968,0.7739539331524905,0.6670932773744239,6.5689809002875545,5.036913140845391,8.219223066317781,6.529835031697819,0.69025400363218,0.3842338128863012,3.537948047977743,0.47108929200866156,2.551780709519266,0.83063569022537,1.2305425521017987,0.839888450336701,0.39067200564636423,1.2106799291631358,0.3860942665888961,0.5195760615926511,8.39509994143195,0.7634211883460712,0.7831450757236417,1.73461521631747
Chile,8.258262344748465,0.4519334575405149,0.7232836779258347,1.1108632577342052,0.8191432689952521,7.893927245078935,1.378376591589806,0.5465168258005672,0.7637347048914603,8.308259991304231,0.5126811582073018,0.39522404366506186,0.38043494825533514,1.0,0.5828849148167662,0.44371199380404996,0.7650590150940935,7.1292670257822,3.348710532834348,0.8238392461435141,0.28904725154681565,0.4114946499128597,0.5286774194274373,7.39004929216704,1.2023703531184677,1.1373431914698673,7.804589717910382,4.88657604421991,0.4704307257056053,0.6126426838801912,0.7084997952276898,8.512930878261114,0.7454549428609154,0.49156259904524696,0.4532093068833746,2.974056097954835,0.6282147220896221,5.481143176898695,1.329379927216678,1.7347165850454136,0.49923625543640865,1.0515814021791894,0.8171965653579872,8.537575826921572,8.506503833896438,0.7566431528230466,0.5560189134797143,0.8057326664886779,0.43319270092829426,1.7810513900369358,0.93828957467081,1.0836895283694763,0.3797027398539835,3.244591294329057,1.108782078841608,1.5800516135388587,0.4547943352173254,0.413969796853599,0.641415941712623,0.5352610287649395,0.6317548425222855,6.623790408967345,5.029820192380308,8.206995394864071,6.549482433598639,0.7481211348645396,0.36490577888473114,3.6074010207030582,0.45495942200860423,2.563131201301901,0.619575977981084,1.1958802498292158,0.8882398909144313,0.36796739950566754,1.1655883849258861,0.33718133623225155,0.4248694318991368,8.40685581263249,0.77326358881176,0.7392347447956088,1.7187281163419608
China,8.265089705959076,0.5065625489424477,0.8500038710274368,1.210353572411624,0.49701568491769843,7.930237730339915,1.4906351060459264,0.37698219509074177,0.48479610285987884,8.323128382518021,0.21072768377846438,0.45044910744058586,0.6637680505414381,0.5828849148167662,1.0,0.5940471592804707,0.46867297161968324,7.137445881017867,3.6218678141974983,1.1870456920255767,0.40901459042095417,0.45353265364135475,0.3389648470032701,7.466452492599793,1.1344389025784427,0.8194562782744981,7.888491636769958,4.918915711573743,0.4666368791625234,0.3813764036770063,0.4896010795918112,8.54007118176709,0.5253071433260559,0.38143321840310823,0.40025807010223274,2.768119371601069,0.22417994602333727,5.338970809619598,1.308095365767229,2.0020496438827173,0.4298398988593142,0.8590513304646819,1.025206756981413,8.535732739371698,8.482368983717496,0.5849246358893203,0.48432413657156337,1.0184800284427058,0.5049159423436046,1.9099944217920253,0.9900224193332172,1.4081812889476655,0.4639768560882704,3.208563984899381,1.1513628115800267,1.6167837565515135,0.35347029666321955,0.37155106839724084,0.3548606340408394,0.8557751755367469,0.3359409777138407,6.69924160165717,4.9274764117792325,8.19411666862909,6.626376284727853,0.564788112469603,0.5359285565533691,3.8300710474849557,0.476809628820332,2.5672095305452443,1.0094322578038863,1.5969469036102144,1.0015557114030758,0.5219247831081225,0.807807398387498,0.6680436349196778,0.40147509192273906,8.431163926062744,1.001575023595685,0.5386578716046067,1.908483973109764
Colombia,8.26976607759817,0.6550396420929848,0.9958525287311842,1.36130955984056,0.5301588860420218,7.964565153733109,1.5866450784198252,0.5036694122229222,0.5204262229954841,8.32457836852972,0.4945167920873198,0.5904581899637302,0.6283742559801097,0.44371199380404996,0.5940471592804707,1.0,0.5538145402098398,7.132065699638911,3.528878032435541,1.1843310856819704,0.3687289615406267,0.7132136478496011,0.3759769896043656,7.417852275411984,1.4379064184904327,0.913522262866301,7.851764530108757,4.876303734041549,0.5762024445651758,0.4782727115385325,0.5135369692505554,8.473716304053644,0.5615940389400305,0.6002646518636365,0.5389783380413995,3.012492081844269,0.5497486996973384,5.244239574379162,1.6144091586089535,2.088097664966504,0.5956188753736722,1.0737247846699756,1.175311328816532,8.50063977106376,8.457562108767698,0.5491872528141981,0.635600135511066,1.2173835240845226,0.7541573829772035,1.4339631302654934,0.8954705520116714,1.1737125763482272,0.6120692965315095,3.249379910651853,1.4336014893231575,1.9396739348853675,0.4652295172714826,0.4714605489534007,0.4391752492624205,0.6403891293249266,0.5222846240964398,6.662704702015441,4.763855431547433,8.210781559267007,6.715511735437012,0.8511913294599335,0.6751881038309866,3.8975941631854885,0.761131091019465,2.31123890037348,0.7485549064128576,1.5906458933069005,1.2274441282671469,0.6493848711913451,0.861400169181429,0.7282305850888412,0.686382794224812,8.441354221972984,1.1084401469169791,0.6242491218977697,2.0474343001686983
Costa Rica,8.30721801577277,0.6351030263800961,1.043135203378876,1.2799624437793231,0.23790939265174807,7.994769530144539,1.4815029961463937,0.32972739638150206,0.11375108083437573,8.32252535915216,0.36190793717150166,0.6021882061866718,0.8068920323585705,0.7650590150940935,0.46867297161968324,0.5538145402098398,1.0,7.105387847975328,3.6106366224989936,1.4128277365112774,0.49736927583194773,0.7705257186884782,0.3901689526982523,7.487045310064515,1.2351357667855636,0.5154628700031868,7.9386884032356475,5.018463241761314,0.5159005923027906,0.2064963756119825,0.1737756948698899,8.482417394495618,0.1985909335482682,0.49642728789341334,0.5024729819693776,2.7781169885417647,0.3221451470983642,5.10888302221439,1.451029143842375,2.1817283283638456,0.4924591655778849,0.794597361122515,1.400844172961395,8.520938393298682,8.455086110405414,0.20770197181897526,0.4836929444076088,1.3348694298915973,0.7898411026684116,1.648674672190231,1.0155769838668909,1.5706049437611345,0.6422584373707863,3.174095174122592,1.3273450318993945,1.9258284431145158,0.37605050577791,0.44576513616335145,0.20050269602153148,1.0590630789344102,0.2543000980380333,6.729705012829968,4.654112065764981,8.211867181132442,6.759139814149917,0.6516570572114065,0.7547985563063225,4.034717028615474,0.7666717192692638,2.259567512128528,1.1348895458788466,1.868706476017001,1.2216075939430948,0.734805951224591,0.4465911356107598,0.8662866457104345,0.7638704121310185,8.453506378775023,1.164400918610478,0.2816783770537214,2.144064590308951
Croatia,3.1063732526034014,7.069754424128246,7.034980517206291,6.857836780775055,7.104279727872453,3.6657442375334686,6.7404780223084435,7.0950094749479575,7.092921393342031,2.8748812749298422,7.148263783867329,7.087238476227392,7.102895076394371,7.1292670257822,7.137445881017867,7.132065699638911,7.105387847975328,1.0,5.256332718375676,7.010912234418731,7.1254803040659125,7.102688912908896,7.169726663169906,3.869664416727758,6.824018508734922,6.962381920266226,2.988617091393899,5.1742675989819364,7.078029575319898,7.107288420987097,7.082036104372238,3.3945485621130884,7.069018843706162,7.089139013148553,7.15270089476291,5.756350220198578,7.148884719821451,4.835052152064374,6.762067335877682,6.4650432352719225,7.080693390929274,7.0891848031363764,7.00561843245028,3.4238076530294173,3.604125235800823,7.070582358038879,7.069353038716216,6.970804710736141,7.090484152916904,6.8047262789819145,7.18779117927269,6.819757560180303,7.087760715131569,6.275715489839516,6.861897094296873,6.678318294299834,7.112444458446447,7.106083070285321,7.11875730173094,7.1579941399463465,7.099696154952896,3.7699760149902244,5.2035315062088,3.333929162190198,3.8116736082037055,7.011287640944789,7.080266698487202,5.136855915072298,7.0985441031588286,6.044086222790204,7.031673564799599,6.825415328371238,6.947366487905353,7.077610251031493,7.053024238506417,7.095572155566596,7.120277898524485,3.129802495548485,6.930866117155094,7.0642229111369215,6.8331110918439535
Czech Republic,6.8527536597849865,3.2846183526449506,3.1730299246591227,2.7530234397239197,3.7325063517841452,6.300071085942121,2.8143234363619754,3.46040260431721,3.617448542854126,6.535484931235714,3.582651535651957,3.3329347541638086,3.2878634500351085,3.348710532834348,3.6218678141974983,3.528878032435541,3.6106366224989936,5.256332718375676,1.0,2.9986553122589346,3.4117084586326323,3.3963905644861896,3.653047538807536,6.0187637553064395,2.962131822958501,3.6135498689853613,5.98481127118127,4.776470119095237,3.3312346005069142,3.528125812564342,3.5297373538438315,6.8417332507538156,3.5115121836017664,3.396298745009879,3.476620901941898,3.2858872102228536,3.660057756661724,5.2943221163624825,2.8776983988413107,2.166730326979208,3.362411255540714,3.4853994682227425,3.350655093631195,7.030981625505297,7.099412312624283,3.487886688417031,3.3296533526812766,3.1009239704601566,3.3322247147396418,3.6769579473355374,3.7224283007626595,3.3619611200574306,3.3223004281097,3.684157913716362,2.903699102152143,3.044054741646005,3.44135672890332,3.416505020443692,3.6246200657595007,3.557274476878416,3.558892122344946,4.912736010227106,5.061841267979695,6.85939406603836,4.825831780101289,3.359567592471737,3.2798679772961683,2.2983211055643222,3.3550499865138037,3.1869816865711877,3.323671274564239,2.7849044953183997,3.0055396552413556,3.2995344664522825,3.8308977197400327,3.1938793593172514,3.4884243857303163,6.633459428643266,2.925560255526441,3.4444167513586894,3.0630565209015805
Denmark,8.089772461938908,0.9862601495946388,0.904567720673619,1.0319166717785413,1.5008856984324728,7.591170851239704,1.4273703916335605,1.1980275822992013,1.433352254358014,8.127578569084857,1.159892525210653,0.9832993181735215,0.9674789315945607,0.8238392461435141,1.1870456920255767,1.1843310856819704,1.4128277365112774,7.010912234418731,2.9986553122589346,1.0,1.0149355184671287,0.8904568908832081,1.2146361714961071,7.166667079973336,1.271781685623705,1.7572938951775945,7.544343918144287,4.692503356223574,1.0663350899242017,1.2777676619223688,1.3702096250626068,8.378305557490572,1.3911343330841905,1.0807713015568956,1.0279957471673518,3.0791081916035954,1.2571108231941148,5.635496387949958,1.29656494967642,1.323942963343968,1.0893096137978244,1.3712511838013386,0.8087497227604563,8.399922558378245,8.376702238193642,1.3989631771122553,1.116028622704393,0.7252925135778406,0.8617248728434677,2.258345233476324,1.2942959473319404,1.1675062457957721,0.949800328528127,3.2957746072288328,1.0396600843132393,1.351524209861339,1.1179634867054402,1.078855239138171,1.3311778271106427,0.9767764623117362,1.289577186198329,6.41734253646396,5.271305298842539,8.07085725375267,6.148653878664335,1.218430251703069,0.8695081891547429,3.176540927137887,0.878633041891509,2.9465478043067086,0.9282826477708751,0.7212340363769271,0.7407043231457114,0.9049470259074056,1.7826162082397894,0.7167466240272985,0.9287424772517494,8.182788386907342,0.813754065872951,1.3045950494973313,1.3150504408413253
Ecuador,8.30327182584597,0.30163767232812816,0.742697196240194,1.0740874358077788,0.5804579863722981,7.957786109421709,1.323573613759329,0.2631114733445635,0.49532007165468445,8.336889228910307,0.29693982362160565,0.23558603603385664,0.414075363869686,0.28904725154681565,0.40901459042095417,0.3687289615406267,0.49736927583194773,7.1254803040659125,3.4117084586326323,1.0149355184671287,1.0,0.39838747097320293,0.37104134265760363,7.464414287087732,1.1007773034636563,0.866375234321479,7.872574842282779,4.966549466002601,0.2449616523004571,0.32942911236059114,0.428851426359417,8.529879478118524,0.4642322533628046,0.26386882920138827,0.31222807326503726,2.854994881226723,0.4146608469424372,5.376663321796926,1.2715442338513252,1.8371333103564913,0.26396334641801644,0.9003898506293609,1.0008599518836507,8.56231611654813,8.52016443996432,0.48559347892020255,0.3180122255362392,0.9304053589858491,0.41566368759457106,1.7476319281470079,0.9566464589425334,1.2400621976676753,0.2565227275662286,3.221390906330549,1.0890500401220073,1.6412611670356632,0.17276331547769944,0.1475505457396526,0.3849971394824088,0.7355389901255714,0.3561885719450253,6.6649823583463785,4.9294631284901405,8.237190678863984,6.639519396628361,0.5471847830716026,0.3361326886897516,3.7447020483487696,0.41974229655187617,2.4248128593967433,0.7695457427858147,1.4222731155280213,0.9138617631289976,0.31944604232113266,0.9233379779188433,0.4317555061433675,0.421968380309656,8.446579118908073,0.8039957425254916,0.473412378465646,1.8731375785847446
"Egypt, Arab Rep.",8.247606542604045,0.31695538864141626,0.6230918134781537,0.9967599915581298,0.8379442651256617,7.874392922622062,1.2432044041196006,0.5005525445359674,0.7777344156347222,8.303791187189287,0.4528013763179649,0.2781739560605507,0.4605340326244065,0.4114946499128597,0.45353265364135475,0.7132136478496011,0.7705257186884782,7.102688912908896,3.3963905644861896,0.8904568908832081,0.39838747097320293,1.0,0.6041377004615529,7.4430207212523,0.9410621268484913,1.0825106647371927,7.815484985230374,4.949312798538653,0.4015852645515154,0.6000815879539947,0.7200100125424476,8.549508758150411,0.7452883027145014,0.3434546352006745,0.45698797655275264,2.77546763269831,0.5571629138483434,5.544015402926906,1.051817709713402,1.6395876560335294,0.390316945319376,0.9498834681604618,0.7186307674666268,8.563747176889596,8.525210844369626,0.8010979145753053,0.4629863728479052,0.6003881606205783,0.09810634583075832,2.092587776475293,1.059835405850289,1.2354642791387362,0.2408213449040566,3.2413425103179563,0.8578010961364693,1.2848837642134792,0.43509922495600156,0.3840794327528225,0.6451492206800882,0.8077350806112623,0.5662013244613888,6.61351080362894,5.142005900851849,8.193526957317388,6.488397875559773,0.5004949920003215,0.19758621874844215,3.540134296128307,0.1139627817508366,2.6886801344349296,0.8370391452855992,1.2195926521818006,0.6707238857027786,0.2102862411173727,1.178168211217182,0.35330398838369875,0.13694653435903195,8.392835297784966,0.6498180804277469,0.7341274720619432,1.6914697245004282
El Salvador,8.27445023392274,0.6184951134118398,0.9531444491654252,1.3284104410732815,0.39114375459643874,7.943874218541298,1.571151842185153,0.4206719316506314,0.4125550370426901,8.329303165825298,0.221525462179196,0.5504734496679892,0.6614363871247807,0.5286774194274373,0.3389648470032701,0.3759769896043656,0.3901689526982523,7.169726663169906,3.653047538807536,1.2146361714961071,0.37104134265760363,0.6041377004615529,1.0,7.4140638776536205,1.34427017777625,0.8529109132734541,7.901730452526294,4.901308889582259,0.5447256202774675,0.3659091758718317,0.44900257403900934,8.504243147846614,0.5014873136506022,0.5048374962706849,0.3587105092647662,2.9341278494606664,0.2238513482331213,5.253318425333709,1.5151339997923539,2.12930329717044,0.5297051237658433,0.8430448662811191,1.1297722951530167,8.519557329718173,8.459587152659616,0.5153947023970411,0.5726674935695938,1.1692788148969875,0.6549841789981334,1.6520457411359744,0.7861885383045778,1.3648137232076887,0.5696726193671398,3.201798005484495,1.3312405391915543,1.8296948109385949,0.3764547699756181,0.41713988229602156,0.2851630166690374,0.6982956720654611,0.38095130732833493,6.737351837581183,4.791484530417006,8.19656652516209,6.685755228793589,0.75813402703672,0.646725706458801,3.9327768608339166,0.6331712837892326,2.4990540526256484,0.9335840751014718,1.657253581702163,1.1568304869922632,0.6336339127369275,0.7035234227757781,0.7102414588014511,0.550400706535743,8.44535204154871,1.1323539722180385,0.5456422714961405,1.9316538657555316
Estonia,2.683656214814722,7.499265624271339,7.3737563765896885,7.333100114012205,7.4862182055932225,2.1640050103993373,7.332972460277218,7.520811584437549,7.507468901026385,2.4394068270930984,7.458212066131962,7.494523008398038,7.426560079676414,7.39004929216704,7.466452492599793,7.417852275411984,7.487045310064515,3.869664416727758,6.0187637553064395,7.166667079973336,7.464414287087732,7.4430207212523,7.4140638776536205,1.0,7.446432411436466,7.561526822956889,2.982907082775584,4.597781795578784,7.512246394803117,7.514665448693776,7.521785721187714,2.895788960650168,7.529178748211353,7.512308789063546,7.4143843413280655,6.9271590040934194,7.453638397431295,5.356721016964119,7.3617974246626625,6.976484984017343,7.516008428479232,7.344925312856174,7.19039134121854,2.7940420378260646,2.845719261793226,7.508660546946401,7.51726277518503,7.297221153743321,7.442988054323266,6.949470105155128,7.176287563232707,7.182585058377495,7.485171740396202,6.055998725979822,7.329815439244944,7.123723831426684,7.495614151434232,7.500212485126944,7.49756459257633,7.196061432351135,7.523651374154793,4.66015761061969,5.369531907211925,2.4059493200094297,3.0837079423384752,7.558809899865276,7.4637140904352846,5.577608602310643,7.438506000807123,7.108500371148306,7.3217171588316665,7.007272283524576,7.361306891946067,7.47850094237706,7.427944786117392,7.378140190483971,7.431160707547168,2.6545087585474687,7.4091313184782965,7.5066322407468355,6.545833006249101
Finland,8.168227885507502,0.8193042843612306,0.9322644554156551,0.6558525683955944,1.3944900602187968,7.742372757265037,0.8471141667775751,1.018323847850453,1.258347072937201,8.122111271195985,1.1410413103079229,0.891721821441146,1.080087883495668,1.2023703531184677,1.1344389025784427,1.4379064184904327,1.2351357667855636,6.824018508734922,2.962131822958501,1.271781685623705,1.1007773034636563,0.9410621268484913,1.34427017777625,7.446432411436466,1.0,1.2727193480942882,7.691267984257413,5.157186035933781,0.8890899876484654,1.11553333797605,1.162257450961772,8.413488927631676,1.1365661448652882,0.8894270800284814,1.1063256841706075,2.3261054682486906,1.204678345930854,5.502264295058532,0.2924241282056482,1.2895371021146578,0.8794933247656611,1.204737081316768,1.3505071512924989,8.477288064887425,8.442885235467937,1.179840290822701,0.8442755777418413,0.9209390604034163,0.8625559969333446,2.585457244419121,1.7335434300071177,1.847402603983943,0.884579797963136,3.20528854468978,0.42781610555885485,1.099908113508075,1.0249001943973426,1.0030089297982243,1.2388395567348163,1.6665825519182755,1.0981527508847926,6.407291136280285,5.177253098254437,8.091794633106549,6.277623393679313,0.7130357450785562,0.8746400368166382,3.300208096392583,0.8605895706122231,2.6202283661424657,1.4910251213590886,1.481596675424718,0.679375520683297,0.8947000464221433,1.5684841334658146,0.9501111005938755,1.0506784451575077,8.211615583435337,0.6569866145284746,1.0545405530152434,1.8693415768090305
France,8.263767036014215,0.8891780063943681,1.3004850456054786,1.4290918579174392,0.5370548604939569,8.010145572294547,1.557225576517358,0.6352733326718281,0.4681500131795657,8.262963279913023,0.7914025845208515,0.8846437102876686,1.117038764095753,1.1373431914698673,0.8194562782744981,0.913522262866301,0.5154628700031868,6.962381920266226,3.6135498689853613,1.7572938951775945,0.866375234321479,1.0825106647371927,0.8529109132734541,7.561526822956889,1.2727193480942882,1.0,7.89010711025802,5.080491724025678,0.7791316571088535,0.569764089956837,0.4741307111747975,8.401702249298536,0.44051660685185046,0.7758480097225253,0.934349599815795,2.512254863542826,0.7538473699536682,4.948956022946906,1.5138353668587792,2.299387758245259,0.7574941451362736,1.0922566557835405,1.699742667824906,8.451670587520598,8.389888646620712,0.47540371345841503,0.7313068532046761,1.5900050647103479,1.0917521913221597,1.7502443547127016,1.4566835042050168,1.782323716333222,0.928827277782713,3.2002692195245572,1.4982233431624754,2.068888310070113,0.7307722994911391,0.7700864154983168,0.5921994944948746,1.4735525344106577,0.5705529280996527,6.616557694078999,4.532978112628676,8.164425043890416,6.807911374373764,0.747713062119473,1.0386010911543313,4.1312779878194,1.080947348117607,1.967199138786358,1.3895618065795987,2.144994608786009,1.4501712921419059,1.0047752648019193,0.5567567436587384,1.210876439011974,1.094344194112918,8.404798860183984,1.3353500975272175,0.5372570965925518,2.5069908385292505
