Country Name,Albania,Angola,Australia,Azerbaijan,Bangladesh,Belarus,Belgium,Bolivia,Brazil,Bulgaria,Cambodia,Cameroon,Canada,Chile,China,Colombia,Costa Rica,Croatia,Czech Republic,Denmark,Ecuador,"Egypt, Arab Rep.",El Salvador,Estonia,Finland,France,Georgia,Germany,Ghana,Guatemala,Honduras,Hungary,India,Indonesia,Israel,Italy,Jamaica,Japan,Jordan,Kazakhstan,Kenya,"Korea, Rep.",Kyrgyz Republic,Latvia,Lithuania,Malaysia,Mexico,Mongolia,Morocco,Nepal,Netherlands,New Zealand,Nigeria,North Macedonia,Norway,Oman,Pakistan,Panama,Paraguay,Peru,Philippines,Poland,Portugal,Romania,Russian Federation,Saudi Arabia,Senegal,Slovak Republic,South Africa,Spain,Sri Lanka,Sweden,Switzerland,Tanzania,Thailand,Tunisia,Turkey,Ukraine,United Kingdom,United States,Uruguay
Albania,1.0,1.6538304726847066,0.8114106177279385,0.7860503124901709,1.653579878422568,0.747241879498239,1.3566224433632212,1.6547406037366863,1.4569027567632387,0.7353017688217651,0.9582599262499341,0.8127418210703345,1.320476312173865,1.1825639895902036,1.742864118075184,0.9241139815030717,1.6639498679041467,0.797790998832306,0.9416532367998437,1.6216051466601296,1.1298008192042581,1.3706618489385058,1.1471650646312483,1.2916650798448486,0.7008919206799891,1.169749808046753,1.7531993357356455,1.1424863198668451,0.5985949641172049,1.5518334685433266,1.281984339961072,1.5981290583189875,0.9753701894965447,1.269431067684511,0.9855796633754276,1.2394728271985513,0.8978448730371609,1.1274634246058473,1.5221959371352165,0.8297894562934671,1.6587661469500055,1.2390861169382712,1.2004152500367262,1.3983058890511382,1.2034690356348485,1.4829895728828553,1.7073224181521356,1.2537427684840798,0.6916326364435124,1.5239366688607392,1.5093630602092045,1.4418989858679494,1.6546558206863915,1.2189676186664058,1.1874348347551775,1.0536628569656505,1.590463712814676,1.352791128664415,0.97119870391954,0.9787025826180579,1.160525130046458,0.818167203401958,1.6381115338716286,0.9696055056639041,0.9800137514025977,1.6960746691955897,1.5729862862431445,0.7639904409553505,0.8721916142308509,1.5593303348896725,0.8920871228008119,1.7189055033176712,1.7191536292909217,1.3441153476618928,0.8926590405170001,1.5033770107485065,1.6519428372161074,0.9410431028284048,1.6115172647113056,1.6569481553182868,0.8885813367456042
Angola,1.6538304726847066,1.0,1.3765492235607502,1.819861935841185,1.4319746332517669,1.8565656194086693,1.2387238582173261,1.250015358584427,1.4580230640816365,1.5738271385778013,1.85883952189032,1.7054400831612315,1.3550793608589204,1.9053633133862702,1.1759950716323515,1.7768513384273665,0.6715631824319187,1.273003050334232,1.6783745601755082,0.648250582477209,1.6942916870905707,0.9762815674016442,1.936386127476629,1.3917984446431477,1.5704572621225947,0.9382560315844701,0.948140302112672,1.894030810680327,1.6304978014466407,1.5818629085694675,1.0136301423788852,1.2114326646014635,1.8315664748377336,1.9107024594069324,1.8842585886831742,0.8833702002396084,1.2857564543032103,1.7144810746705776,1.4270175807275292,1.8658384672240003,1.3263210060391288,1.4672642525395747,1.6295818938043014,1.252148338344671,1.3078475145409136,1.6969024724859958,0.9638382868508476,1.7222744324810662,1.7843691544524687,0.6980229668093032,0.9125150065150177,0.9856612203789126,1.086009218801732,1.8294554197818678,1.3066054940167662,1.792429656510214,0.8212555437083839,1.7644210585917568,1.7170974605241334,1.8947062263459744,1.751531876527077,1.806732648595429,0.762938838599035,1.630497918714034,1.7951073651153313,1.2067831572031698,1.5085148286652492,1.7003848357751785,1.732372970720473,0.6132995712553416,1.902104504102119,0.9089656140156738,0.7521792086802032,1.679278693259343,1.86250918526664,0.9447942255719802,1.3514311678631983,1.4275025856408619,1.1105957067120837,1.1346138186984,1.8434257400320717
Australia,0.8114106177279385,1.3765492235607502,1.0,1.0006910463244458,1.532036108894674,1.0952908170412003,1.522928188651491,1.4279864467256425,1.242965176252771,0.7676826683590635,1.4698384956218824,0.8048888080355949,1.0861322279656382,1.3229715134302937,1.6936032418244573,1.080350168922747,1.28925525771339,0.798982925466511,1.2096979692060337,1.3407771304842073,1.0533363047076536,1.2420657073266157,1.4293229354059402,1.1031430425341908,0.5806094573404249,0.8859071643878135,1.616425756438975,1.5327849724868212,0.6890250490161206,1.7138710819795118,1.1217338524071743,1.6197168870697276,1.3624333863736604,1.6697546461263681,1.2978205905510738,0.8483224549550836,0.73248465674037,1.255399372665814,1.2975255879923413,1.1411877635029053,1.422203192632776,1.0787991490268665,1.2724098338288183,1.1280548819599834,0.9361153414692029,1.39513740162078,1.60269952412389,1.4956168574632853,0.9413633143794146,1.1752256313679545,1.5198662174284607,1.0975485461972565,1.37165839783217,1.6070825969150477,0.9746038640699495,1.4526124945327583,1.2874677755328834,1.4219432043328444,0.9410005873480743,1.23797472976081,1.4781323288903607,1.1292944396137548,1.5342630586524966,1.2649938481193224,1.1122462996418467,1.7271358701437483,1.7924948097473656,1.0103829534939215,0.9970836971763545,1.265852937250454,1.1904359348970508,1.6382175006064057,1.5754227943621872,1.5786024341485743,1.1017974267762687,1.1608818749419798,1.4609003592491487,0.4591291046522297,1.5282009850488965,1.5028677430535091,1.0808913477722253
Azerbaijan,0.7860503124901709,1.819861935841185,1.0006910463244458,1.0,1.7468222259146038,0.21988848620617044,1.702068413890646,1.62712725967322,1.3043017391463567,0.6745120648544967,0.8484102667986674,0.29404350416209535,1.2801330536809852,0.7073568870768527,1.8793661001111475,0.34165880491812795,1.8067344957451288,1.1984334309679814,0.857155231600831,1.7625652041630113,0.8535170670214053,1.7148308355913289,0.8063839695298424,1.0611056711817104,0.715343203326638,1.5133508130316646,1.8474563940502464,0.9083289632088333,0.5539037205268442,1.4357771866795959,1.6255920311956369,1.621080514798502,0.8313528772063853,1.010835241526162,0.6177514486075882,1.5404879163569902,1.1195472475016108,0.8487945779385644,1.3403302320355066,0.24188623238365156,1.4600476078421631,1.1191765965496172,1.085136851980078,1.2600065265702527,1.067070084416494,1.2118434450785727,1.8385322313216244,1.106614437491228,0.2817165575476194,1.749572342627459,1.868268378493758,1.448215465845199,1.6462439993474816,1.0439202327838126,1.3129965636099175,0.9769060837358582,1.7715886463012835,1.0167457623147524,0.6705197697255294,0.5190883611530683,1.0947546820576641,0.5723059591070495,1.8892197043279055,1.0813219552215332,0.4946112377440751,1.8075504857408171,1.5676275232631864,0.617694130340544,0.6262116242522111,1.7865797364433336,0.4916952903982954,1.8790743493192643,1.9189266138201924,1.0415734927833846,0.30636241062309,1.5488514450199478,1.6633540957373802,0.9118417344062789,1.6328151087753953,1.6299675427688796,0.4906615974001227
Bangladesh,1.653579878422568,1.4319746332517669,1.532036108894674,1.7468222259146038,1.0,1.7369367767246153,1.2584663678005663,1.1281765934335581,1.332219389335588,1.7584427016928894,1.6684536908139191,1.7511902700697617,1.4600454065813486,1.5317830245067752,0.8409928324390249,1.776915222169959,1.189747021262401,1.6002762940811541,1.722989266971072,1.3335682266119402,1.446891947420633,1.205439931374067,1.5286953019769678,1.6962749028422521,1.630807408230365,1.447943283966169,1.1790957420033747,1.571497873693688,1.7117050011180521,1.438103503624325,1.1792030271835618,1.4823572582632192,1.6335848107990851,1.5366664942981176,1.6375737049701187,1.3372562142824018,1.6314259740127,1.6548368433612035,1.3532671609389104,1.7438195986092586,1.3279422651576216,1.5516872609339138,1.5020912472695993,1.6057144682228497,1.7050735733259264,1.233787460788411,1.1826252926253382,1.5583167343527862,1.7067967508159103,1.2155869725983288,1.1384542988486461,1.5682029125269838,1.2137809415403722,1.567912275042807,1.3873641276367252,1.613578605344137,1.127321690183422,1.4740548938313425,1.5962973076861315,1.6359845290113437,1.6043801870888332,1.6815706115129196,1.1811391840224128,1.6252913141169916,1.7247790896832536,1.1982678231925639,1.4328218350781712,1.7405659155311386,1.664666821112867,1.25927346909474,1.6039883160419592,1.2123454713507245,1.0723030008006598,1.750944211030994,1.7063858594980945,1.4321809915700288,0.8365363599846825,1.5962853026614665,1.465072985580371,1.36435034567487,1.6123548069953089
Belarus,0.747241879498239,1.8565656194086693,1.0952908170412003,0.21988848620617044,1.7369367767246153,1.0,1.625173454114092,1.670975700886431,1.3561334276578374,0.7076254480367186,0.6946455802200373,0.45550353690751033,1.3104110453750488,0.7112576684929574,1.8303621394808813,0.4628204655202332,1.8425550625810225,1.1889369238306733,0.7811399648947718,1.7849630022417402,0.8853751018088786,1.6856907718961125,0.7541082852354147,1.1315671710107236,0.7624213112941156,1.5520320794559461,1.85073480647443,0.7569696814987081,0.6437919221897689,1.3897595647593197,1.6152748602608715,1.6062824692035957,0.7086602187218686,0.89044413766155,0.4977710600172743,1.595584219931677,1.159153669523532,0.8228610747709497,1.3864858428034958,0.25225644455947416,1.5337813328067114,1.1995364907998083,1.0594472418738938,1.3250748618752217,1.1494371712889728,1.199496153888406,1.828514450297825,1.0473986379925218,0.34121736526171753,1.797453408203765,1.8213223785237422,1.5273020189216442,1.6990257768718082,0.9062744082213633,1.3055960905109887,0.8614902980528929,1.8090970901017633,1.0383053628257468,0.755879701109909,0.45353387203271645,1.0060531892636195,0.4339071476429796,1.8749677893557424,0.9853164400275606,0.5548402151847399,1.749331199565206,1.498522881079159,0.5527637027154866,0.6112894822122757,1.820153055064318,0.38657087426890774,1.8582971233213426,1.8990724504694474,0.961205186758925,0.3691989896268727,1.5984085075536067,1.662891219971813,1.0469729918456674,1.6452182604924628,1.6414348051205296,0.45175086865043373
Belgium,1.3566224433632212,1.2387238582173261,1.522928188651491,1.702068413890646,1.2584663678005663,1.625173454114092,1.0,1.5404379194073434,1.7092529934348513,1.5490508915488135,1.3643699548964576,1.7198739658926039,1.2158269994680713,1.6134139011979018,0.875492063840016,1.703000512802661,1.2848699242388173,1.2409746556823358,1.264518799153168,1.0720874928182955,1.5585931968838156,1.0021037611102614,1.5111498076849395,1.4548123138920175,1.5166805105201708,1.2245319290682817,1.0039773986605645,1.3329050275255787,1.5999161842632768,1.1404778530114774,1.2030580570353462,1.0362649817914051,1.2886414529360426,1.4297805097155403,1.4773093607528884,1.3625921650510575,1.378369680099215,1.3826596601078538,1.7503506415163939,1.6610195725218317,1.8016939988839027,1.6663661981799174,1.390450838508028,1.3782845876184637,1.4702607116946549,1.4930668712876485,0.8969941132336481,1.441746184115571,1.664397717450153,1.39834616111178,0.6404768626005981,1.3739417687434405,1.6376917337470551,1.2437210973950135,1.3359160929957579,1.2152893888867595,1.4024950246128551,1.661847217075782,1.7185053260508487,1.6463004485788701,1.1810790983184003,1.4616024062596875,0.8922841416394834,1.080028058297885,1.5900544745035123,1.0635276602849377,1.0084512939111303,1.4305170419097124,1.6285622541959413,1.1271454332861965,1.568947108373872,0.7711498158328655,0.9212273496670735,1.447874613961772,1.7603548502909188,1.530819154655743,1.2426217546160552,1.6875111059507248,1.1216951942281337,1.1200850405206155,1.639973967886566
Bolivia,1.6547406037366863,1.250015358584427,1.4279864467256425,1.62712725967322,1.1281765934335581,1.670975700886431,1.5404379194073434,1.0,0.6423563618372814,1.7786131230543,1.7231409816084873,1.6098873139771335,1.615937905420172,1.5439137663463927,1.340402820272788,1.632827467564038,1.2952449092596714,1.739553945843168,1.8760459899248054,1.505419816657277,1.3597653663790203,1.43159218702959,1.5283053390547798,1.6657836271335036,1.4919289320831806,1.340032077536628,1.5034150117816538,1.6955829371696918,1.6866535355951788,1.6731867438063581,1.2008683923451848,1.7721761026195666,1.67049049747457,1.6088035348373708,1.719196908816443,1.286967061856389,1.6779586245906961,1.8069898480784654,0.7423858628243516,1.6444970098341196,0.9343506434382888,0.9566043955179006,1.692410841467031,1.6579115526476023,1.7095770220459716,1.1320923170158517,1.5583402286664405,1.1818364752656696,1.6030297729846883,1.0022909011419983,1.4328279595063014,1.6067349921104825,0.5970758747985697,1.8156810933405407,1.0827374410415922,1.8343090133929771,0.8074013091912913,1.0981702731389698,1.4550749551447293,1.5256825460966337,1.8897318487736523,1.7525003567937478,1.509609186395962,1.8451306535756313,1.6245622026376698,1.2127662902298555,1.777402553690021,1.8223737349302882,1.4603752575799012,1.4515165903709801,1.59442261040395,1.4582995494052624,1.1624243800316643,1.8259348114829153,1.5489031083235694,1.472680242924478,0.9586765865307882,1.3121566995919345,1.7250608792383153,1.6544282301766593,1.5202286032197807
Brazil,1.4569027567632387,1.4580230640816365,1.242965176252771,1.3043017391463567,1.332219389335588,1.3561334276578374,1.7092529934348513,0.6423563618372814,1.0,1.5373381770416854,1.5437090725768097,1.287284127498741,1.6337767201784292,1.37048227894556,1.5939384206473797,1.3566892786305118,1.427636068425455,1.6205746828544207,1.718207852038405,1.6545452535184033,1.1403798484715504,1.4753853982974918,1.3584991607661805,1.5968618095526506,1.2205932012776413,1.3537370220437586,1.7875131288809127,1.5286175997238367,1.4558623047943184,1.8008419669630877,1.2064298623957102,1.9184153029875153,1.4993658072207088,1.5013244034035849,1.4873980530624142,1.2834926232666206,1.5903978477795628,1.6902249370613234,0.34488573137520107,1.348869851127873,0.7982278772912539,0.7358482022275007,1.5906866242729099,1.6569723797944707,1.627666895381434,1.0492490979418065,1.8084704672450758,1.017217985019485,1.2547641214938912,1.142900621913144,1.6329981566899086,1.6669308420800961,0.6234969765286632,1.7112661820850732,0.89758096400531,1.768181621052218,1.0221199250228867,0.9279402309573019,1.1525429402633487,1.2316518647686532,1.8406617039681912,1.4663790370497765,1.731054525750596,1.7777658162478602,1.4182990822457107,1.3148010313534437,1.9091274363743904,1.5887283666779035,1.0447118693891349,1.6385771051082891,1.3046746224199897,1.7086123746220898,1.3996009622945702,1.6782386774410898,1.2260808691122556,1.428442771350934,1.169040712952422,1.070512475928396,1.8759574087757152,1.8119170293768803,1.1696957791183393
Bulgaria,0.7353017688217651,1.5738271385778013,0.7676826683590635,0.6745120648544967,1.7584427016928894,0.7076254480367186,1.5490508915488135,1.7786131230543,1.5373381770416854,1.0,1.0851885634128005,0.5316309688179194,1.0597161040202054,1.1377614454784397,1.755964977574304,0.8038201839047212,1.5355343511042436,0.7231443166017407,0.7358476255341351,1.4507655824346424,1.1226940780471173,1.4148261707558134,1.2447462270683707,0.9387409888870419,0.7174453199407728,1.2784505565761135,1.6417313107620617,1.1801001113488983,0.46926622169189297,1.4740001844444497,1.4674171322083411,1.4044137495986124,1.0677380153852438,1.3491594750519114,0.8990814831301002,1.2796758033272506,0.687628965424939,0.8272227088167512,1.5244792933510336,0.818076090775259,1.6094627553984424,1.3978965051966994,0.9825825644838863,1.0353554691013114,0.7754224408007465,1.4179818777069333,1.622903389243414,1.4632355757974047,0.7242352803593124,1.5898678928358418,1.6460302138768603,1.1370036973689692,1.7179217188990366,1.1890166338532722,1.2810987250585564,1.029016535667034,1.6676635097820942,1.4695236140509702,0.9086563117580836,0.9695176375881522,1.0732753458459237,0.6631258793843021,1.5996757919391178,0.881587199408926,0.875229969346484,1.7813025682512356,1.5124681259922088,0.46290189933723624,0.8527717712888268,1.4689353962142142,0.9095521910800299,1.705577850134189,1.7782531884729906,1.0399779799598265,0.8652958398563564,1.2494396080393726,1.7182084423848532,0.9342965794095993,1.383917467095616,1.404320732948675,0.858058762876914
Cambodia,0.9582599262499341,1.85883952189032,1.4698384956218824,0.8484102667986674,1.6684536908139191,0.6946455802200373,1.3643699548964576,1.7231409816084873,1.5437090725768097,1.0851885634128005,1.0,1.0504923784188165,1.3553242813109505,0.8438596981479296,1.5856805340780828,0.9597649994777492,1.8867457785551678,1.3863170013852153,0.843472354536451,1.777853675451145,1.103336080447096,1.690800545616045,0.7209656567178242,1.2984920078424527,1.194854511313252,1.7177835870151805,1.708873159219991,0.4796630230021804,1.1186760755477745,1.106368435573045,1.6536319172682068,1.448031293140986,0.4981374523460073,0.5327162940547076,0.5400374722863586,1.7997329690897879,1.4356964049666199,0.8610266112156901,1.5776583712781824,0.7672519683540754,1.7052037609017905,1.4662694766231126,1.0398681190801073,1.4498212323267397,1.384947702666924,1.1865263375456343,1.658342234453501,0.8523515342069975,0.927349392205056,1.915339133612106,1.664691907438981,1.671654526659127,1.7957611443303458,0.5768906149515872,1.4585596136828298,0.5943077362643518,1.8969876432636725,1.108816373194893,1.102696746591996,0.7535281540845802,0.8119574935994551,0.6758983542345648,1.7564996631539103,0.8779855477223931,0.9034758126794329,1.5229365386437248,1.1629873904891954,0.8360164122927094,0.9437975294122499,1.854292434752308,0.6532474367786404,1.6873430443798465,1.7696824210069273,0.8711273539558612,0.857564207252002,1.769260389529151,1.5641244600816253,1.4681458271689853,1.5582785329758018,1.53955126568346,0.7998907709824681
Cameroon,0.8127418210703345,1.7054400831612315,0.8048888080355949,0.29404350416209535,1.7511902700697617,0.45550353690751033,1.7198739658926039,1.6098873139771335,1.287284127498741,0.5316309688179194,1.0504923784188165,1.0,1.1767151183363043,0.8521135694153388,1.8757808515441787,0.43929899973270703,1.681065385595495,1.0781060170998253,0.8856415778232903,1.6450489881479655,0.8390496149688659,1.6350967906662657,1.0062429415348582,0.9451122120719052,0.5787789572125503,1.3869697454636714,1.7976454234305328,1.0954812133705722,0.43151055023765567,1.5099415477859486,1.5384015151329864,1.605647478352516,0.9920308342338702,1.225906867438559,0.7848252850099534,1.3938532904828553,0.9630993725678066,0.8779711391258184,1.3119400057069466,0.4947204857765263,1.4271987047009338,1.0844176779680395,1.0961654844128808,1.1287034723462708,0.8968876089645781,1.245658464926008,1.7939321081588546,1.2455025186744901,0.3761545727957892,1.6391789755890505,1.836578051686043,1.2994844825747947,1.592036094607203,1.2024212805103853,1.2214779236734383,1.1063989554411808,1.6862240580201675,1.1315281462850753,0.6571831576446165,0.6951856182551224,1.1906785395181747,0.6594200084182869,1.8304387744811437,1.1122340925849583,0.5754897933075007,1.8334249178816273,1.643490881690395,0.6063453894893263,0.6669056841075597,1.6668158403969544,0.6759382126355986,1.8440923302599164,1.8698346078253556,1.1248871400213343,0.494579639166391,1.405989503087652,1.6458053195721511,0.7342826751717296,1.5834406223627608,1.5671931864035322,0.6102002968153295
Canada,1.320476312173865,1.3550793608589204,1.0861322279656382,1.2801330536809852,1.4600454065813486,1.3104110453750488,1.2158269994680713,1.615937905420172,1.6337767201784292,1.0597161040202054,1.3553242813109505,1.1767151183363043,1.0,1.1693030637549653,1.2910621286269959,1.2562849313083717,1.2746607896850528,1.1700368358920947,0.9457172060484653,0.9779472606289482,1.0428176156869264,1.4013262628009038,1.3332981960214756,0.5787187653883865,1.0787409858763428,1.3037423055070305,1.0919973803507168,1.2992645486018546,1.159091478382498,1.063758935661147,1.4714833092998634,0.9993005656357563,1.1590720688663068,1.4630024777159154,1.1422005147290342,1.4044673061001813,1.0512040506176417,0.7447052564056386,1.6665562436167465,1.3396225009555518,1.7215501584373951,1.5199856214544818,1.0019359415567146,0.4439932859284063,0.6177914721773057,1.1865706661790592,1.0205907356691515,1.485371784862651,1.3627117567720912,1.5711443192965737,1.4286267941101993,0.8117704403065087,1.7077661018305517,1.2254598375655767,1.318165595869907,1.0643924823049957,1.6367252327257853,1.5084239106108595,1.266048863370745,1.3760079860900845,1.0915019144633888,1.1631552057810375,1.3078488638516883,0.8993041601657108,1.0612592472140197,1.5984769406634447,1.2133975692935899,0.9989296937094015,1.3708515583877532,1.1800272715919948,1.2753898536508328,1.1979322470457046,1.4142018972007844,1.241101049653847,1.4014099690185302,1.285034959569577,1.219765054298696,1.2021318506645113,0.9305509167956171,0.6962493134707609,1.3227576828556584
Chile,1.1825639895902036,1.9053633133862702,1.3229715134302937,0.7073568870768527,1.5317830245067752,0.7112576684929574,1.6134139011979018,1.5439137663463927,1.37048227894556,1.1377614454784397,0.8438596981479296,0.8521135694153388,1.1693030637549653,1.0,1.6720817191292237,0.7035309163843372,1.851976918801338,1.5686795586396456,0.9524330477627144,1.769684753601002,0.8137765421255521,1.87165389606991,0.41697896716301325,1.034486713378506,1.0806489657211393,1.7265303233844533,1.6809684189666825,0.689379216073282,1.0605628719074356,1.0646277078471398,1.7632121817916506,1.4965382416552533,0.7116595470538843,0.7381087297707507,0.5576132428514441,1.7921142637092884,1.4608246345518314,0.7518537977973132,1.4049510834081196,0.6327697245268085,1.4687416214360511,1.2141575883308793,1.1000163478657676,1.2115556870393052,1.1897576592720502,0.902742678918666,1.6619830273069427,0.980461752855371,0.8553795129103289,1.8884864567427846,1.866907755471635,1.53456890385534,1.686493156182308,0.8550429844147942,1.4701067366514657,0.8730452707801387,1.8777421453969572,0.7617009952909837,0.8999237065223789,0.5977361638273204,0.9286867938294877,0.8293625475425375,1.8908140906152338,1.1136312141211453,0.5166593432811621,1.6996622612315186,1.3181340506543693,0.919085631614335,1.0060563568717624,1.8499970183962473,0.5654193827389362,1.7160312962380166,1.8540253891014233,1.0825416233634206,0.6515372776529339,1.7620247011009507,1.3615351331781564,1.2098836936158415,1.5390794352476111,1.445178482486984,0.7653554593591178
China,1.742864118075184,1.1759950716323515,1.6936032418244573,1.8793661001111475,0.8409928324390249,1.8303621394808813,0.875492063840016,1.340402820272788,1.5939384206473797,1.755964977574304,1.5856805340780828,1.8757808515441787,1.2910621286269959,1.6720817191292237,1.0,1.9135085629986817,1.064613233936555,1.563175021603239,1.611793267833326,1.0441668639701327,1.576430715730926,1.0701873751375486,1.662979456098069,1.5907718021230997,1.739772056847268,1.5109377339167394,0.8607101656019529,1.5015365462787134,1.8476374451336932,1.205932888050042,1.2163168602340286,1.1486427519556501,1.5599274948860313,1.5054770303733718,1.6231823233637823,1.4798122253721193,1.6643710287083133,1.5330123036629075,1.558296058666621,1.8828721547116678,1.5570580563559782,1.7784992707038214,1.3542133224737072,1.4610618432701674,1.6155515073649425,1.305347725019774,0.7808402493988142,1.5501269799546755,1.881836086870319,1.3183757086960728,0.8635363480417896,1.4657355913206898,1.4162537654155387,1.4151144815185708,1.405219575430827,1.4742668539245567,1.2688417920297719,1.642595531921165,1.7612301106735664,1.7842006887598731,1.4487156356236492,1.6601905734328366,0.8739380863526637,1.4106788989975518,1.8102988104609015,0.8527017761744389,1.0848862046511394,1.700544524910673,1.7343419847889716,1.139753398243793,1.7022361231131078,0.8374203625109042,0.7452654751071717,1.5409881072246165,1.8815708637164985,1.4070331424690548,0.8594138048245985,1.8126786141835145,1.1857005334486195,1.0134099146201923,1.7127067262935078
Colombia,0.9241139815030717,1.7768513384273665,1.080350168922747,0.34165880491812795,1.776915222169959,0.4628204655202332,1.703000512802661,1.632827467564038,1.3566892786305118,0.8038201839047212,0.9597649994777492,0.43929899973270703,1.2562849313083717,0.7035309163843372,1.9135085629986817,1.0,1.7894688907446183,1.2524543629743046,0.8459674389753642,1.7020654104309219,0.8967325347084859,1.757932791079392,0.8303241968701895,0.9601608160969645,0.8042508833290763,1.4620246601961537,1.769764253691961,0.9793957874603625,0.6220931771683814,1.3632247227479592,1.681812274405454,1.52467982622059,0.9121707023300742,1.0675566754793944,0.7433776833525758,1.5375000383408735,1.1124061869367905,0.8593716290194551,1.405812727229534,0.29624926523966855,1.4517135018761056,1.0867843739939962,1.1797481499437623,1.163325265762578,0.9980960801168448,1.313811322628138,1.7684410330361389,1.1715505103428228,0.4635649935443004,1.742766979190121,1.8582871536642678,1.3386366135703422,1.6492378200122817,1.0674385669659991,1.4176417445514384,1.006012651066586,1.7765636861780374,1.045910204555427,0.7503495910656737,0.6609605903131935,1.0746849133416398,0.7650092325934936,1.853648237882938,1.1107049732553473,0.3794007099363555,1.832660523553401,1.5108534696002418,0.7135649349276706,0.8551146455794035,1.7234830873110625,0.6876148723879085,1.7998582977628017,1.9036719245036557,1.0372346038756808,0.4894038027262857,1.5269581496660354,1.7041150249385584,0.9189358907446521,1.5208250788956612,1.5581108948014586,0.7616320894379472
Costa Rica,1.6639498679041467,0.6715631824319187,1.28925525771339,1.8067344957451288,1.189747021262401,1.8425550625810225,1.2848699242388173,1.2952449092596714,1.427636068425455,1.5355343511042436,1.8867457785551678,1.681065385595495,1.2746607896850528,1.851976918801338,1.064613233936555,1.7894688907446183,1.0,1.2174039599991942,1.6397462328630357,0.6170548578063557,1.6479613051692608,0.7397911363896991,1.8970269772818376,1.4271241216818156,1.5289547207337766,0.9105248453149257,0.9691533996570214,1.859210480123465,1.6082915868959045,1.6561243512237829,0.9483341821265368,1.2442730841792196,1.8284447874768983,1.912463783993197,1.8346444462734421,0.8574812588793997,1.2925147308383218,1.685109134021274,1.3815296100162877,1.860982964856736,1.288283314243674,1.5008275809188143,1.5645290455329057,1.247061625871809,1.3166235755350162,1.6369949914493604,0.9393125823437513,1.8236428358068757,1.7713229535340578,0.7051236502263587,0.8971032661734241,0.9933890324989367,1.1139025961430762,1.8058436063770513,1.2329325008640448,1.8009217331806044,0.8197762616660511,1.8368537682567567,1.6398962277299654,1.867532024154345,1.7177729222358968,1.73844808186839,0.7397799492423202,1.5688343151683306,1.7864709011441307,1.1253922030787524,1.5280989291650242,1.6611242112633595,1.676926782853608,0.593026880346795,1.8440340064436211,0.9221022707814468,0.7549830050203618,1.6561035750073356,1.8468789219605541,0.6503082255213715,1.2559244156990097,1.3950233384767692,1.1246701839063775,1.1130889955226,1.7869837847498347
Croatia,0.797790998832306,1.273003050334232,0.798982925466511,1.1984334309679814,1.6002762940811541,1.1889369238306733,1.2409746556823358,1.739553945843168,1.6205746828544207,0.7231443166017407,1.3863170013852153,1.0781060170998253,1.1700368358920947,1.5686795586396456,1.563175021603239,1.2524543629743046,1.2174039599991942,1.0,1.0009188400058,1.1403795803986407,1.3933396422250215,0.8996375453920628,1.593350623722992,1.2178131281146087,0.9069419032125334,0.8265487618642192,1.4330662322416048,1.4819568939087666,0.8073614666139759,1.6175755696731957,1.102807807146279,1.3173169060768346,1.3719401383501426,1.6436279303480585,1.3433055604505901,0.8588919996746744,0.4686085943638099,1.2404063503881353,1.6367876734835856,1.2748859135211927,1.7027127618469766,1.486491789004823,1.2638929043297145,1.1807084418578357,1.0005060319338288,1.6901164654518523,1.3941914624911815,1.679294919142618,1.1228145791044546,1.238731635931427,1.181995210294628,1.0317804883110564,1.630321203570011,1.4235040535777133,1.1887618269368176,1.2679177606446606,1.3640704847477219,1.7741435965994656,1.293009020499622,1.4068854351192719,1.2834759150124062,1.0983766419016072,1.1858500856446512,0.98373518239015,1.316799297021533,1.621813790682692,1.5170589330759652,0.9078643166162406,1.22222989812767,1.0531508013029278,1.348117526335386,1.4286196581341388,1.4501470738846625,1.337145317704148,1.3426932592274237,0.9896529970668264,1.7099191092327897,1.0696667935688604,1.2758572760762341,1.3752964444284337,1.3105383630311669
Czech Republic,0.9416532367998437,1.6783745601755082,1.2096979692060337,0.857155231600831,1.722989266971072,0.7811399648947718,1.264518799153168,1.8760459899248054,1.718207852038405,0.7358476255341351,0.843472354536451,0.8856415778232903,0.9457172060484653,0.9524330477627144,1.611793267833326,0.8459674389753642,1.6397462328630357,1.0009188400058,1.0,1.4045401483716033,1.1563776875478144,1.5079436420691836,0.9806065792542775,0.8117435945932916,0.9776467243767206,1.4258344595605257,1.4887183534290116,0.7762919342795067,0.8663367923365963,1.0570222078147111,1.6057768199554905,1.1001509304142607,0.6749552477366569,1.0393565853265438,0.6607284236788357,1.5754679844303858,1.0145145384032301,0.531410647025692,1.732534871334184,0.816883235953271,1.7742869410032018,1.4913072422217897,1.0664970712295663,0.9504502810101375,0.8419797454169656,1.358787290136772,1.4016897640650658,1.3432893692074326,0.9227629280799976,1.8085974795943498,1.523691259496128,1.2167931873098807,1.9056396467533874,0.6952333380114861,1.4327428711505148,0.6224407681979689,1.862012404494488,1.4386114443080424,1.1817346060643263,0.954146177739278,0.6082852188409786,0.599111865411322,1.5358137321827496,0.5431433417033443,0.7243288701160424,1.6404105651795724,1.0848685437930081,0.3900135405702875,1.0995845721884994,1.53258285440187,0.8576579079737037,1.4470445430563617,1.6846309321067894,0.7306429649878339,1.0093380829228338,1.480287072898129,1.6581332573944128,1.3045316293901321,1.1766923786154182,1.1960055612317857,1.0217534934879278
Denmark,1.6216051466601296,0.648250582477209,1.3407771304842073,1.7625652041630113,1.3335682266119402,1.7849630022417402,1.0720874928182955,1.505419816657277,1.6545452535184033,1.4507655824346424,1.777853675451145,1.6450489881479655,0.9779472606289482,1.769684753601002,1.0441668639701327,1.7020654104309219,0.6170548578063557,1.1403795803986407,1.4045401483716033,1.0,1.5912256627782655,0.9145078646862608,1.8249287945387866,1.1260692726300672,1.488710091016497,0.9731355795540587,0.6980827357643136,1.7428526047464292,1.5476052264177846,1.3587552711686972,1.1403130728593278,0.8667086997620023,1.6712832679264928,1.8354648575761785,1.7184306077434377,1.0253275052612667,1.1584661876561333,1.442875584638263,1.644760044078351,1.7977916058532684,1.5582644048045975,1.6186624112680337,1.482157728281805,0.9158148678878689,1.0454779609953397,1.6304259491617883,0.5912575071331072,1.7931071380705321,1.751485387073457,1.029124208726635,0.8598192468492543,0.7124495044056455,1.4168367544086506,1.6145271912000931,1.3817580188268543,1.569402503473382,1.1560613647462112,1.8543239881618228,1.7068233645291881,1.8476621450415893,1.5030639322460193,1.6558316682771503,0.5936585476242213,1.3577567581927856,1.6472970886650518,1.2713036395797286,1.263849225122253,1.5025192466294939,1.739235777460761,0.45012726599373004,1.8088103832470226,0.6706898576044803,0.8023249194315818,1.4927071956803881,1.846429771815098,0.8474284624291717,1.3236385920285134,1.4581521332045806,0.734252034699377,0.7137629238639774,1.8064585118581589
Ecuador,1.1298008192042581,1.6942916870905707,1.0533363047076536,0.8535170670214053,1.446891947420633,0.8853751018088786,1.5585931968838156,1.3597653663790203,1.1403798484715504,1.1226940780471173,1.103336080447096,0.8390496149688659,1.0428176156869264,0.8137765421255521,1.576430715730926,0.8967325347084859,1.6479613051692608,1.3933396422250215,1.1563776875478144,1.5912256627782655,1.0,1.626125776011731,1.0188641919141141,1.0534010657594748,0.7295838152709605,1.4634208846663377,1.686597736509147,1.07963577580606,0.9917793405010707,1.4078406423426124,1.3889293714481707,1.6600551276057933,0.9771459438555593,1.2062866945310793,0.8732426489055395,1.49139362274386,1.309808731771992,0.9844096025736288,1.2472738300944353,0.9268664506272392,1.452805955438472,1.0778619784589,1.0785084354856527,1.189359615996155,1.1429637080592978,0.8939195209560293,1.6476275760207537,1.000415630417371,0.8754655249348656,1.6285855387450108,1.750289651959263,1.4359991968766033,1.462889562590047,1.2005417589036542,1.0420763230340042,1.1602605320437391,1.6209760431723355,0.9462065349995032,0.7698169009846313,0.9428211219798144,1.3331302344589577,0.9369385116134347,1.7977867849763227,1.2111625572223434,0.8048557664034336,1.6523359628012446,1.6219028787655734,1.0084150293322773,0.875708512705224,1.66610010059728,0.7957503111358118,1.7188098438026753,1.642345533357161,1.3605610837327367,0.9252104185498501,1.5353921850897692,1.192716414925349,0.939568235116854,1.6305739338274035,1.4724361555907566,0.7619194529416239
"Egypt, Arab Rep.",1.3706618489385058,0.9762815674016442,1.2420657073266157,1.7148308355913289,1.205439931374067,1.6856907718961125,1.0021037611102614,1.43159218702959,1.4753853982974918,1.4148261707558134,1.690800545616045,1.6350967906662657,1.4013262628009038,1.87165389606991,1.0701873751375486,1.757932791079392,0.7397911363896991,0.8996375453920628,1.5079436420691836,0.9145078646862608,1.626125776011731,1.0,1.8336115007907716,1.6078056122926845,1.399047289519033,0.8310151112347651,1.1868221682809517,1.709018156604884,1.4902822807654603,1.7053037773625874,0.7683474406853811,1.3518457327812439,1.6832940863654893,1.8053608319469505,1.720528765296501,0.7916437973933568,1.1322996418843223,1.6654705699863812,1.472929555087699,1.7563103721213165,1.5540920576371626,1.5786047228594395,1.5043607251130873,1.4833492169273395,1.4729568179383055,1.676163112594859,1.1473197000522466,1.726803454081418,1.6308095598684307,0.8398555057362487,0.639490110461448,1.2478072146598451,1.2895329553026,1.6560468254461063,1.0897064595065262,1.623455987710098,0.900309151376979,1.877863591783454,1.6404812340920742,1.758644314072976,1.5993529128194168,1.5541013028380473,0.7424872035018159,1.3720551187307246,1.7753349176745377,1.1037582908670867,1.5177667244767272,1.5131052461900174,1.5310851192014299,0.802628912663671,1.7174742396036051,1.0757193112608947,0.8486652963745812,1.5941238333264027,1.7751422792346334,0.8510440180127119,1.416208567092296,1.4439638011659506,1.3062203231827643,1.3611438258741722,1.6568022364269284
El Salvador,1.1471650646312483,1.936386127476629,1.4293229354059402,0.8063839695298424,1.5286953019769678,0.7541082852354147,1.5111498076849395,1.5283053390547798,1.3584991607661805,1.2447462270683707,0.7209656567178242,1.0062429415348582,1.3332981960214756,0.41697896716301325,1.662979456098069,0.8303241968701895,1.8970269772818376,1.593350623722992,0.9806065792542775,1.8249287945387866,1.0188641919141141,1.8336115007907716,1.0,1.2118849482724874,1.2077126357655479,1.7426849239000453,1.7092025885990225,0.590032586264432,1.1649583013338431,1.0585839702421673,1.765706812796651,1.5057347896408917,0.6206595056950477,0.5864751658118796,0.6380440549167052,1.8242469382888817,1.5329136035209234,0.9123989076439198,1.4251571918536117,0.6650555024901463,1.5216609675645385,1.2025004380842164,1.265115561463708,1.385344606266901,1.3574859393652865,0.9642568427031194,1.6935923578531433,0.8401380138942902,0.8963366874591928,1.8970270990251203,1.7893458282197656,1.6480675585092286,1.684699740013017,0.790383277731393,1.4887340316647326,0.8377163669440272,1.8699950074812692,0.7770566172569909,1.1058351419178922,0.5911865388883203,0.8994483808748912,0.8841098682360672,1.8663489821283419,1.1610682174898395,0.6643949671636501,1.6187921785571084,1.2576351299553494,1.0112982268356299,1.0485156267783633,1.8949529315162792,0.6438109160772517,1.6861391893854722,1.8250881204977636,1.078280982944696,0.6969162180048512,1.8327671000392267,1.4249535181133157,1.336060436435628,1.587700376518477,1.5468503773301112,0.8471828184890522
Estonia,1.2916650798448486,1.3917984446431477,1.1031430425341908,1.0611056711817104,1.6962749028422521,1.1315671710107236,1.4548123138920175,1.6657836271335036,1.5968618095526506,0.9387409888870419,1.2984920078424527,0.9451122120719052,0.5787187653883865,1.034486713378506,1.5907718021230997,0.9601608160969645,1.4271241216818156,1.2178131281146087,0.8117435945932916,1.1260692726300672,1.0534010657594748,1.6078056122926845,1.2118849482724874,1.0,1.025853745323893,1.3594985264461414,1.279770311291562,1.2423261811220152,1.004295046743086,1.0617588581953508,1.5948436221934852,1.044253499521363,1.090604389770101,1.3922607397015943,1.0567485508471568,1.4635974540707615,1.040762760288651,0.683376296022488,1.6190322091212592,1.1037551797521759,1.5999077838205924,1.3401724071501009,1.1837815038006327,0.3465093364011174,0.3220181970895685,1.2702642198542256,1.2295126339021414,1.4314422484362808,1.1552967752847099,1.633637887066,1.6169271957703064,0.804171484875686,1.7023708833873077,1.1829390460127611,1.4214463924746286,1.0691949823846651,1.7211052671575064,1.384399904482517,1.2134075117042689,1.2235440949731302,1.0600640056011925,1.085986485916495,1.492148789028946,1.033330087232741,0.7911427149599846,1.7266480305434675,1.2585302520392112,0.867782478652068,1.3047961050834282,1.3215436845359725,1.1880288053054842,1.3469039352990768,1.5825636766517812,1.084540449765037,1.1815916403508278,1.3242466372097597,1.4637644343203506,1.0928693957829183,0.9939158628953284,0.883201058489659,1.2510063622228111
Finland,0.7008919206799891,1.5704572621225947,0.5806094573404249,0.715343203326638,1.630807408230365,0.7624213112941156,1.5166805105201708,1.4919289320831806,1.2205932012776413,0.7174453199407728,1.194854511313252,0.5787789572125503,1.0787409858763428,1.0806489657211393,1.739772056847268,0.8042508833290763,1.5289547207337766,0.9069419032125334,0.9776467243767206,1.488710091016497,0.7295838152709605,1.399047289519033,1.2077126357655479,1.025853745323893,1.0,1.0935873866218144,1.7515944372807528,1.2207631835809625,0.5790590883021338,1.616051180301754,1.2200909704037988,1.655980440778983,1.0405577993781232,1.4087938412100647,0.9665949812181597,1.1755644159686731,0.8831870395634678,1.0498370584053542,1.2930050376960036,0.8450565166978091,1.4948206366047034,1.0105496901738797,1.1667859565004517,1.1479203421666402,0.9625302808773055,1.2597012774767884,1.6911669457640373,1.2437643760673573,0.6566275698364102,1.442121223410996,1.626261721572366,1.2856221843879767,1.5008653614930763,1.3312026015441414,0.8949284559110258,1.2282050592863123,1.504484787623549,1.2376355817591524,0.7602251363745702,0.9612485589088904,1.350527826676412,0.7981934877696057,1.7030141392432232,1.066623847414818,0.824890192541449,1.7025408714561112,1.7227652451795512,0.7281407402164658,0.7238004628932573,1.5099018037852607,0.8440381258939135,1.7167921143882956,1.6487753573495856,1.3597320400124435,0.8737869745948521,1.3292360994900967,1.4776175631846122,0.6028331700140884,1.613632918958589,1.5576377380868736,0.7848189241701414
