Country Name,Albania,Angola,Australia,Austria,Azerbaijan,Bangladesh,Belarus,Belgium,Bolivia,Brazil,Bulgaria,Burkina Faso,Cambodia,Cameroon,Canada,Chad,Chile,China,Colombia,Costa Rica,Croatia,Czech Republic,Denmark,Dominican Republic,Ecuador,"Egypt, Arab Rep.",El Salvador,Estonia,Finland,France,Germany,Ghana,Greece,Guatemala,Honduras,Hungary,India,Indonesia,"Iran, Islamic Rep.",Ireland,Israel,Italy,Jamaica,Japan,Jordan,Kazakhstan,Kenya,"Korea, Rep.",Kuwait,Kyrgyz Republic,Latvia,Lithuania,Madagascar,Mali,Mexico,Moldova,Mongolia,Morocco,Nepal,Netherlands,New Zealand,Nicaragua,Nigeria,North Macedonia,Norway,Oman,Pakistan,Panama,Paraguay,Peru,Philippines,Poland,Portugal,Romania,Russian Federation,Rwanda,Saudi Arabia,Senegal,Singapore,Slovak Republic,South Africa,Spain,Sri Lanka,Sweden,Switzerland,Tanzania,Thailand,Tunisia,Uganda,Ukraine,United Kingdom,United States,Uruguay
Albania,1.0,0.07549689258160538,0.018882267216915494,0.024748791043140445,0.03829922008375463,0.03225047818914474,0.03994758977565108,0.023275654692992524,0.061329664583011735,0.046651661108032455,0.055635481269563435,0.04390155840503335,0.07118762127350822,0.03651371963103216,0.02617426124717579,0.041650173054272474,0.02975809771934649,0.028819418714451074,0.02948969429808359,0.06146430189800795,0.028245971520726658,0.047303604974861954,0.05245213539785065,0.02135090971426594,0.03275165636493953,0.029235583541005312,0.03657771876275275,0.06125377215494364,0.015586115301116756,0.025608357991827306,0.05925368274508398,0.027155449040226102,0.08968143043499999,0.03115954444351056,0.04946844255479861,0.06663949421459242,0.024956394852020915,0.043369453610184266,0.030214175013074628,0.09632249179109127,0.05726045335051472,0.04338457918327247,0.020542321844230167,0.035231186768101594,0.033675771699975744,0.038360888926391626,0.04743910292425029,0.028359332999749035,0.06389191221171954,0.025034136726299998,0.05409561163781581,0.060058668405361684,0.07501606696437677,0.043824010859760114,0.045809183239586354,0.040493976703905414,0.034463178562962576,0.015376849363304277,0.07388878038633555,0.05144765652122824,0.03875892609067921,0.040457094939622275,0.08238093598422389,0.03636700732825176,0.030646767269003675,0.031033857311736846,0.14594715783408124,0.06369759651121926,0.03737574090461958,0.024543322333470466,0.027174719131615704,0.07201746384323118,0.0707911938745897,0.02308040409458531,0.029364831046819206,0.037600310688583535,0.02955353110208142,0.07052328876696762,0.03134988141320355,0.041531457304267695,0.019071783831488217,0.07379741303739093,0.0409048439783076,0.04007272453583026,0.04069780378216162,0.030339861145762086,0.06988240801527079,0.03320091454705969,0.04967690463966263,0.02573706411575501,0.05145209725015787,0.06164871327270679,0.048858555196120645
Angola,0.07549689258160538,1.0,0.060365960524676736,0.05742413171725656,0.10850411540289401,0.05855552882995992,0.11397193367247166,0.06352456735109971,0.05719369536825092,0.06549537952120818,0.09524847255416566,0.034986426113915566,0.14472369100202612,0.0943870098923585,0.06337671016567645,0.04339635239899024,0.09469378167906464,0.05783061751060743,0.09158724782232297,0.031113216365470243,0.06772918401789776,0.100407139106961,0.03590973900798475,0.05698935157891256,0.07728476473126597,0.04989441935843745,0.10569861826936755,0.08859859067576248,0.07278831546604148,0.05127808118322827,0.12931271790370413,0.08410939106966782,0.0377162695869131,0.07321302223880478,0.041259078694974485,0.07607677340397916,0.06387894825483603,0.11117251445534054,0.059849982960655745,0.06493743541167299,0.13118770772153032,0.038496088004656384,0.06224086867144635,0.09293203932623273,0.06069991526921968,0.11382691230965547,0.06205853987451438,0.06171208172386554,0.0332143612149749,0.0762348104822419,0.07431176895556868,0.07933736455403503,0.13530195553487162,0.08534931266512984,0.04565461432797245,0.09586517817178375,0.08277484623303218,0.07851875724265042,0.028126728865626505,0.05567847253593087,0.050087324879802636,0.08852230682109145,0.05679485319619931,0.0939550587151926,0.0582745771343395,0.09265195437282478,0.09690875599564097,0.08263340710607711,0.08052631197526161,0.08594281791973042,0.08354119712847854,0.134495229716801,0.05256965942157445,0.07906990015608692,0.09632029923966792,0.04376790167546123,0.057231722886990195,0.09015063541760689,0.08896503152145822,0.09934740327931987,0.07354290331510366,0.03465409797165158,0.11485667140057798,0.04462446361637152,0.037950726165006346,0.08127917683649122,0.14184419189633587,0.04776819764957492,0.0872998009123565,0.06190420141724746,0.06263213397318207,0.06127538869791394,0.11409916102824785
Australia,0.018882267216915494,0.060365960524676736,1.0,0.02200885101710843,0.0505008444633087,0.02318778024206034,0.05619921710413447,0.031638873346435004,0.04817271383758104,0.03758008835160359,0.05756006288454429,0.03478833794634349,0.08748529169512252,0.040604962117378254,0.0207698571588952,0.028508260298599063,0.03649457591583348,0.022524711975349075,0.03236229614804751,0.04580524328353284,0.032101859535006966,0.05446043918504582,0.04006933917687266,0.014494716180279385,0.025683484553548474,0.03000762519524668,0.04757113967673214,0.05977265899943803,0.014131075954246114,0.01688052838127717,0.07233765221680494,0.029349673706243626,0.07706060009627938,0.036034101110127184,0.04078450302278724,0.07255386532776997,0.019793552240295692,0.055962922274392556,0.021972237365532533,0.09362824384309729,0.07146595875269365,0.03124509795804853,0.019075058245229093,0.04450809962596773,0.028693511810720107,0.054346042788582044,0.03804845010284617,0.020930592539625998,0.05090271920865755,0.028358508180670688,0.04966732444857803,0.057248704200757825,0.08212544925519046,0.04761567331313998,0.0419251428549037,0.04708063954158565,0.03515110877376202,0.019594198516610116,0.06065270430066247,0.055264859644798596,0.03177335190297559,0.03840101719499855,0.06824112274332966,0.04693159651843576,0.02331103424976859,0.04170479341743563,0.1324391176201875,0.056108473997985596,0.030938762977148777,0.030555100295293076,0.0367597428544611,0.08282876500555714,0.06755681319638783,0.033374471944941975,0.040089791858520706,0.026254207815400436,0.025377333223731126,0.0795904422005988,0.03943973330061943,0.04805820423774411,0.019539466392896117,0.06248730751867765,0.05485646476794215,0.034563033100816716,0.03184891529626432,0.04032452257001042,0.08441424064211475,0.018985168586827694,0.051164713137589184,0.011013144172968429,0.053118727577793096,0.055475574463360995,0.05769565437025238
Austria,0.024748791043140445,0.05742413171725656,0.02200885101710843,1.0,0.05802414737202755,0.018922977959338883,0.06009053041012184,0.018479036121684316,0.04808238872042563,0.040341696776849095,0.07388006469818317,0.024723397493449206,0.09127822041897618,0.056461494007975066,0.027412530569363474,0.024997523966383998,0.04086120105728159,0.01629810440155786,0.04437858685122106,0.04910894528369461,0.046353196355663,0.05952798118420523,0.039252528933837544,0.022326374602360095,0.03647777570501472,0.020547471290711453,0.04925301924409751,0.07553418522179173,0.02790567864195124,0.015468489192188788,0.07233244880951804,0.0470482265070521,0.07332884987004702,0.029069377604189036,0.03543131810003629,0.0636204990938406,0.01967429502715383,0.054150264673636136,0.022998538560336155,0.09263476740329225,0.07411827518985009,0.03430977007436574,0.032646256917050406,0.04852693855173011,0.029197909063102136,0.05798046906230449,0.03972577158551811,0.02238407112033805,0.04914665964506723,0.02967993511842378,0.06616004444080016,0.07524934321705472,0.09326222971382239,0.033958245419848425,0.03775388588191082,0.05301007351753906,0.029194203891927662,0.028224956309873712,0.05784229510491723,0.04177585731957369,0.040951394165544684,0.05254910242761421,0.06791048728914936,0.04312693738747746,0.023034987254576818,0.04195821067315755,0.13017770111222865,0.059097842398905226,0.048060891501153565,0.035004502896842656,0.035392645725478886,0.09051154553628976,0.06336246932372712,0.030895203741989837,0.04519622616300305,0.020142058934966192,0.015815275500526003,0.06588560256107295,0.034000627736248804,0.05609983244645053,0.025054066584567304,0.058262058978461935,0.05842351075916414,0.026393220345176993,0.021174065234592802,0.03863991144292026,0.08988382752607128,0.025136450932217228,0.06341032245327838,0.028481016675592233,0.04869055437490462,0.05502946904646626,0.06307259825454843
Azerbaijan,0.03829922008375463,0.10850411540289401,0.0505008444633087,0.05802414737202755,1.0,0.06203851705019011,0.015060791132040641,0.060733107052805504,0.0689936129365586,0.05291400492421533,0.04490602737615543,0.07669862380836315,0.055066860542707194,0.015850064212971506,0.05223720337397395,0.071678600787487,0.03114831886119321,0.06113780706734177,0.020263413400791894,0.0909479432273501,0.05694096251918079,0.05196997681518062,0.08616940281034467,0.05177291254508417,0.03864898721396867,0.061864091923349955,0.033990188113420965,0.05712238953594685,0.037781397124897774,0.0594694557832323,0.048712261182790394,0.028067517944782974,0.12061310158533235,0.054799758256635675,0.07594593537296526,0.08545906980401403,0.05247211452835849,0.040795326944104565,0.054569801584805254,0.12371214515801977,0.03786843998965346,0.07497469772695914,0.05180565923988189,0.03746373733931892,0.05079485171802515,0.01249304430343694,0.05998473379391644,0.05013015856478158,0.09683145641784402,0.040646253798899135,0.0662798909010624,0.061847441264570376,0.043708677123237706,0.060977611165898185,0.07750211734849469,0.03446256372813796,0.0455722101150581,0.03354528046982837,0.10366170296907332,0.0851974381890381,0.06938136638850936,0.038643040252873614,0.08931625939081728,0.0478904639745993,0.05320808524004002,0.04812286067017343,0.16903718564918419,0.0591008537400875,0.03144992454343321,0.03268627992789108,0.04832591837808789,0.045555845590411016,0.10329560473405354,0.04607458368827599,0.02451959104509604,0.07103384602265993,0.05998334059564946,0.08715945459074709,0.039689711852888936,0.036127507157120264,0.038343033170515704,0.10768307649630385,0.018906670516467012,0.07326116808143271,0.07430428733285689,0.04221164216910015,0.035486961666633995,0.062407922768929994,0.04364882307476734,0.049155798866234626,0.07215689782618072,0.07578079666102387,0.02362941893956394
Bangladesh,0.03225047818914474,0.05855552882995992,0.02318778024206034,0.018922977959338883,0.06203851705019011,1.0,0.06551243306989857,0.025510599242366518,0.041689181422281424,0.035748076470407654,0.07610919706261646,0.02670763578154526,0.09576258407625896,0.05828468900258026,0.023764537848154837,0.019649308396785154,0.03950782380351781,0.01047003226676294,0.04469438944534845,0.04274446879873287,0.051402347886958515,0.06839694356958914,0.04301851925987297,0.026446353015881087,0.03347338464914167,0.03019389132677408,0.0486852973642104,0.07518833150218555,0.0329487626427221,0.022719025227324063,0.07511073696216307,0.04812803280967885,0.07602219797309269,0.0265908788525202,0.03592183986276397,0.061224807478181,0.016629163000036775,0.0566810362113419,0.023648321535827254,0.09366873531778996,0.08016872624742796,0.03756490837668739,0.03751988004710089,0.050799040540247524,0.024636231041410255,0.06257066602677126,0.0319151090808392,0.020730366502490993,0.04726028611386326,0.030287398304672735,0.06435459820216875,0.07487371068663407,0.08810786346942703,0.03433682079414002,0.03565145998896711,0.062103805222680455,0.03687927322648668,0.029889806080446654,0.056687282245804674,0.055477435493627,0.04142017289858524,0.0484470303685796,0.06310432880042056,0.04552115984461906,0.030159219536176087,0.04383513444430153,0.1279787643747838,0.052994228339812176,0.04125017780624405,0.035940035520675484,0.03569937061808919,0.09746867806907833,0.07059012972302782,0.038424031872466305,0.048909752944633234,0.016116337960201482,0.013621297290682155,0.06560385134671494,0.037728702101060184,0.0641966020543363,0.02771695361680502,0.06587946530672613,0.06418593340761969,0.027105086249127462,0.026245504453909854,0.04423271773558066,0.09375320924819001,0.020877407193936645,0.05652413386005835,0.02979153745471944,0.04627958887905207,0.05040552343967555,0.07016070259027149
Belarus,0.03994758977565108,0.11397193367247166,0.05619921710413447,0.06009053041012184,0.015060791132040641,0.06551243306989857,1.0,0.057315222634257874,0.07806963456480488,0.06183222509409329,0.04484020651356646,0.08181536393772727,0.044502396669696256,0.024336338723772565,0.05755487353185873,0.07623705283674093,0.03379274521677665,0.06346165487906666,0.028268629064561675,0.09670288742159937,0.05432036601609134,0.04200688630327418,0.09189710981349469,0.05753952251040465,0.0436789056487855,0.06666248708663247,0.034590920272201994,0.05682598255224067,0.04307944164053144,0.06508815627173443,0.039281819478294046,0.03170910117987513,0.12581217229500766,0.05526459847257774,0.08145619502930335,0.07937372470469538,0.05470791479762929,0.03550967734289005,0.05874511069636994,0.12161776933903053,0.028716903853321936,0.0805471297073828,0.054138506737177905,0.03263336250906101,0.05599493496993638,0.012782630609247034,0.06519363800146602,0.055363015341506436,0.10224699007287874,0.04355269785317216,0.0638265633909957,0.06133190914635512,0.048138612425296365,0.0584406862719165,0.08194587305438442,0.03171915971655793,0.04541671094037847,0.037200846185527395,0.10890066482563628,0.08576582427963747,0.07473752545323181,0.044404360780473856,0.0967944079115876,0.03678994397774354,0.05658460444097554,0.03901128831902054,0.17491466507168524,0.07004829056839208,0.03915770157467133,0.03333041740159751,0.04362083683951906,0.03781244232211297,0.10617813814565515,0.03965937261921244,0.025925586379222966,0.07474802596464684,0.0596616269319061,0.07727202751032063,0.0374604440965176,0.027969152048738913,0.04111927003601183,0.11341190880403021,0.018941987042140722,0.07719866414736483,0.07998031065709187,0.04006383907918825,0.04060218203174736,0.06802545188107184,0.050627738485834586,0.05486920808169021,0.07349337544852025,0.07772508137532338,0.027224702946465944
Belgium,0.023275654692992524,0.06352456735109971,0.031638873346435004,0.018479036121684316,0.060733107052805504,0.025510599242366518,0.057315222634257874,1.0,0.06247034292672312,0.05395724170892241,0.06912187372053448,0.036374663595049914,0.08691243720281747,0.059494539597970963,0.024119552900977396,0.035375312961785234,0.04304430100285365,0.017381566380717695,0.04979530504841093,0.05692801268856338,0.039716556998473956,0.0504591074087037,0.03850746390045111,0.02738117016913629,0.04195204440769728,0.022102886890196072,0.04664684462947931,0.06820773811747494,0.03299615677550233,0.02155064122746139,0.06611109676309747,0.047033877649596836,0.08272179513619186,0.02282052517702687,0.050019573350122054,0.05117537771762324,0.023545313488776202,0.04819381533021252,0.026588153845772417,0.08214463758419939,0.06900711678220257,0.04421345431078083,0.025492217769434056,0.03956956959929033,0.04144786487887009,0.0540078804172005,0.05118829063188053,0.03415081669894714,0.05645269668547126,0.02716182879152472,0.05700408317466411,0.06641112251834912,0.08610908493332188,0.03589845082388164,0.03221636459546957,0.047351674885241106,0.035474997041236696,0.035363506442800535,0.07177326630416192,0.03772937396921327,0.03513715437012946,0.050340531965316786,0.08362016806566454,0.03195126137012268,0.038965333258512216,0.030538646100445602,0.14407408400190064,0.0677354846143022,0.05827661176913814,0.03955697072724616,0.022005383618206992,0.0900325387760194,0.05651033858279141,0.021424686552302657,0.03971368288387399,0.0255773610220397,0.021412334101837897,0.052039453754687846,0.032804974831365914,0.052119910574023286,0.035485412765844555,0.05911606673128969,0.05842981894384401,0.025061883024322815,0.02799218075553399,0.03095238837892258,0.09016273281281978,0.03203471150937949,0.054456673165681764,0.04048283738562887,0.036953326007120715,0.04849510949925232,0.06927349969785208
Bolivia,0.061329664583011735,0.05719369536825092,0.04817271383758104,0.04808238872042563,0.0689936129365586,0.041689181422281424,0.07806963456480488,0.06247034292672312,1.0,0.02930855969795896,0.09859258223706302,0.03708264247408537,0.10588990809881503,0.06761132495015125,0.05416741660241641,0.02718315865496514,0.060908069445034255,0.04870529220811594,0.05838092564160969,0.0350962313640145,0.07760486381445265,0.09688668099503683,0.05900811159776551,0.052770228600549404,0.04520717455010935,0.05523214859245157,0.06683548119310148,0.09310917501867902,0.056696598250661784,0.04831629173604923,0.0931268591586892,0.06956868142641923,0.07750014821400687,0.0626024125609432,0.041438318086493967,0.08622472594083663,0.046731539308710754,0.07722513502040194,0.04776528133437281,0.10610085583915771,0.0949588029046937,0.04875055687821252,0.06264744733668358,0.08247518627571694,0.03445431453438974,0.07279033400862642,0.02783776962972366,0.03702003894983902,0.045276899952715784,0.06280292258586988,0.08645550582461858,0.09518769760232168,0.10007191981727143,0.05601132098612605,0.0612154687897893,0.0780531917609238,0.04833542475795347,0.0535196771402002,0.045595356921569054,0.0716790611111937,0.0614782806014292,0.07048952249808522,0.02990892332015078,0.08011168613482579,0.04676170563714664,0.08020130605755535,0.10777147611788992,0.026427452653945558,0.04366172206240634,0.04915814957455673,0.07563194971264721,0.10764315535846927,0.07825034686240354,0.07390956397015597,0.06949871831770035,0.038333088049961744,0.042798147135266355,0.09621114941256328,0.06240789612285916,0.08929242638853499,0.049360035047070636,0.07379516298541706,0.07045127752216432,0.05210874007974527,0.04532744474766626,0.07151865457322908,0.09840521778930132,0.04348546388561443,0.07704193259852193,0.045073103251643494,0.07127978376398778,0.0717271139750009,0.07197054723145781
Brazil,0.046651661108032455,0.06549537952120818,0.03758008835160359,0.040341696776849095,0.05291400492421533,0.035748076470407654,0.06183222509409329,0.05395724170892241,0.02930855969795896,1.0,0.08649906645185684,0.03667180936685498,0.09225871884315512,0.05467457674911126,0.041591276632066104,0.03654731540069022,0.04566234731507392,0.041552742005715654,0.043840217291151846,0.05487886748938048,0.06433229405000529,0.08162942074843435,0.06719118672178359,0.03738106319175653,0.03397389085141828,0.04479768987817577,0.05275062843504186,0.0837921148286303,0.04351835244547133,0.03738231081133899,0.0781137307020726,0.05939780804851453,0.08469149995613004,0.05178064949101972,0.04120357534055033,0.09243326451333014,0.03354812882529226,0.062177002449574026,0.03607312334577998,0.12123540192792019,0.08032424473669575,0.0439872579296953,0.05322819792403367,0.06738065950600003,0.015183706866659812,0.057724755920553664,0.025783655804078057,0.024772601830678326,0.0614058691561188,0.05016093491611659,0.07810079486529109,0.08781712280089107,0.0921295208200538,0.05266004975787027,0.06677813980418532,0.06337191740810154,0.033667129124706555,0.0385529969653505,0.05311347203639073,0.07357605534137618,0.06117718524633776,0.05870220885845635,0.038145549750502716,0.06517332283002829,0.031235625342607834,0.0655045439803161,0.11690926796862784,0.04431199960160754,0.032041720399147405,0.03547503750566009,0.060907918844582645,0.09126408253629324,0.09234717903741302,0.05959469668975645,0.05433571579423312,0.04163332634025869,0.037130338550978845,0.09742427575766215,0.05142808129412231,0.07386492460851765,0.03396823688478522,0.08717065941256334,0.05767979915565999,0.055784637114133895,0.04374086058041786,0.05626471969441833,0.08490431345596666,0.03577315580489068,0.0688626232071254,0.0369207503465451,0.0747624457240797,0.07699289309184744,0.05797295065687577
Bulgaria,0.055635481269563435,0.09524847255416566,0.05756006288454429,0.07388006469818317,0.04490602737615543,0.07610919706261646,0.04484020651356646,0.06912187372053448,0.09859258223706302,0.08649906645185684,1.0,0.08665668054072156,0.07414839765550532,0.0356162785922135,0.060673497694599586,0.08130564427594084,0.0674806265145697,0.07212765570505222,0.05265207164504706,0.08285153158591002,0.04189896710507793,0.03974025097004002,0.07820794247035259,0.0569724991370206,0.06502523323399842,0.0663136871433259,0.07352762193361562,0.049093876083246356,0.05154676491007614,0.06463322274609419,0.0700476563070521,0.033250536597955675,0.10628703563925924,0.0695502453779672,0.07814991371599707,0.07299671808500845,0.06801288228282966,0.07254787289426468,0.06935340804607898,0.1091873632314167,0.057455425094104215,0.07050731585549148,0.04793972351266459,0.04610407961039903,0.07736488678410658,0.0513451313867022,0.08285438134616913,0.07452277031032795,0.09408362761630926,0.05293863316897983,0.05516077551993273,0.04483561141579065,0.06397761360030184,0.09103981734373948,0.07952220379090627,0.05558321914505486,0.0811314023689966,0.05665359269201397,0.09926911218900665,0.0878088669122502,0.06534562254436876,0.055170070940050886,0.10959347110331914,0.05780320045189432,0.0680247492297846,0.052744579535638415,0.16823305353373008,0.09248419414529771,0.057607786131798566,0.06692057946848039,0.056559348302797144,0.04906670153443579,0.09896631298896934,0.05194436279834678,0.052256397550481434,0.07751032534575253,0.07437772383552389,0.07466925034247614,0.068037802915108,0.028276819402997318,0.06094146524307236,0.09888559616875606,0.060371144500664845,0.07960383787076994,0.0805496336438713,0.059572900273526595,0.06548297747229202,0.06424852405582841,0.06227913701592977,0.059427366266510205,0.07253755028352599,0.0703570426486756,0.06117857509421326
Burkina Faso,0.04390155840503335,0.034986426113915566,0.03478833794634349,0.024723397493449206,0.07669862380836315,0.02670763578154526,0.08181536393772727,0.036374663595049914,0.03708264247408537,0.03667180936685498,0.08665668054072156,1.0,0.11292808588888019,0.07338566233877059,0.038398883185863375,0.016049530759711078,0.06174334338538175,0.026415195417758948,0.058719311891024584,0.03113547843281099,0.05889004946221879,0.07905236886056512,0.0425465783548834,0.033297417812332315,0.05073638917678704,0.03216682510342761,0.07223241637252464,0.09023453148201893,0.04571174674967414,0.025015363197108276,0.09583453631699952,0.06271603194758231,0.05912039277149927,0.04560851678271337,0.03593837350634678,0.066907899443192,0.03114260583902333,0.07755205770739193,0.03288705300897793,0.08862298849096172,0.09765931270130732,0.036438433433237605,0.04331445197337547,0.06729875782213726,0.027621095041290896,0.07973037399112673,0.03388675064057554,0.028308152938133203,0.0317505555302927,0.04540349955189892,0.07872487971413475,0.0876692362730006,0.11168520675363036,0.052336304881069586,0.03761548387323792,0.07373690624721378,0.05053041079120327,0.044922179482840545,0.039066627173086454,0.04152020088024445,0.050356025215453175,0.067592528455957,0.049606006123494376,0.06357071243336823,0.036333399015551646,0.06261915934379728,0.10973419335680575,0.05957999539970347,0.05456355705875355,0.052229779432666816,0.05416362980936488,0.11152937315658595,0.059051747041989774,0.05082441751406044,0.06525290355258628,0.016976598640873856,0.024043825971524036,0.07412358990713457,0.05581438979243788,0.07289933312176573,0.04156028844980183,0.05541473142953322,0.0806539440781774,0.02434369281986979,0.015734487953917083,0.05708281061021423,0.1099618687035704,0.02964535926838861,0.07719318063507588,0.041145732523155024,0.055446420442026356,0.059913011252675966,0.0847952401880446
Cambodia,0.07118762127350822,0.14472369100202612,0.08748529169512252,0.09127822041897618,0.055066860542707194,0.09576258407625896,0.044502396669696256,0.08691243720281747,0.10588990809881503,0.09225871884315512,0.07414839765550532,0.11292808588888019,1.0,0.0668806847705526,0.088545385317437,0.10716586443718054,0.062124723382821725,0.09295951670510268,0.06422707144469593,0.12861416051038815,0.08490318096399459,0.053820924984494575,0.12317035029973931,0.09001054992574437,0.07357935266462207,0.09899349280753043,0.05233796641399612,0.08568297091175253,0.07487533565705265,0.09634604486088756,0.03261460529767947,0.0725117051819273,0.1582173015221344,0.08242033668055157,0.11360650887132526,0.10040372630250756,0.08493712886147536,0.04533596746879016,0.08969347394211905,0.15268231632861543,0.035169907303130445,0.1124576140299947,0.08572852716143176,0.06182051244868418,0.08801456800026217,0.048321511927334915,0.09733132892320204,0.0864675420213725,0.133692400252199,0.07433584123018497,0.09517714985868045,0.0954609772994014,0.06856432644214251,0.07225185820994595,0.11251533461881963,0.0590838488977398,0.06575329848517739,0.06942966386956045,0.14158205863966564,0.11693500340496829,0.10583935916868002,0.07205600509854634,0.12477503297300234,0.058639353867138026,0.08781046255416652,0.06020592822801431,0.20538641537424643,0.09255744128020864,0.07183722079369713,0.06496052707394953,0.07014233431522707,0.04376053481101073,0.13742417665881182,0.07042870311045592,0.0618148295853655,0.10519975363837941,0.09035424793128598,0.07895743651511151,0.06550462024388407,0.05372640965977516,0.07268088323483476,0.14469026479364291,0.0427325812696712,0.1081209549625719,0.11123706816806955,0.06736784048642534,0.06841613338160696,0.09959544284134653,0.07603092328009152,0.0877957393691917,0.10390325038668814,0.10842965586193104,0.05612100913336217
Cameroon,0.03651371963103216,0.0943870098923585,0.040604962117378254,0.056461494007975066,0.015850064212971506,0.05828468900258026,0.024336338723772565,0.059494539597970963,0.06761132495015125,0.05467457674911126,0.0356162785922135,0.07338566233877059,0.0668806847705526,1.0,0.04600416211740538,0.06618121470564868,0.03446477018283631,0.0585868121671141,0.021029309776367137,0.07722063664003945,0.048627788108501324,0.05404588234613071,0.0725356912929446,0.044902484316254834,0.03372163862273541,0.05808594496964694,0.04202187204858386,0.050827258234472705,0.02959029627746162,0.05334139770390102,0.060648663787933224,0.021613962952539617,0.10792981287398429,0.05323673816906287,0.0655380564282578,0.08763256696518928,0.04966277491959195,0.04841861615504935,0.0517694335075076,0.11413881712813347,0.04950457977424119,0.061524688117086127,0.04511721000175049,0.041128392808007126,0.0484172720179447,0.026419024736361256,0.05450872804379906,0.04722294771843765,0.0864583459121552,0.037420545574239,0.05684759946904264,0.053649604811058696,0.05164128718758363,0.060291606124979934,0.07169379009236199,0.0367317199366875,0.049079403519051636,0.03170242897655335,0.09197998698356936,0.08188630659464574,0.057418330576023094,0.035198807258208564,0.08279134880123418,0.05076377394197424,0.043773029051924914,0.05075187376796211,0.15941781721125733,0.06123205124951321,0.028580134800355237,0.03406654961057025,0.05013419691802713,0.050762686205402016,0.09609646882278847,0.04835146899564225,0.026630076087724646,0.06662732745130404,0.0579443627100994,0.09108102221218387,0.040044136502016325,0.0363367665583741,0.03624371274552465,0.09405764208173797,0.03250683986386871,0.07074996284468052,0.06998604323966358,0.04191653905745449,0.04912093173788233,0.054514884424864775,0.04751193864963682,0.03673694365988592,0.07091388554522154,0.07051024336419415,0.03172335336629008
Canada,0.02617426124717579,0.06337671016567645,0.0207698571588952,0.027412530569363474,0.05223720337397395,0.023764537848154837,0.05755487353185873,0.024119552900977396,0.05416741660241641,0.041591276632066104,0.060673497694599586,0.038398883185863375,0.088545385317437,0.04600416211740538,1.0,0.03188314176739762,0.03214584919864961,0.019216676595350056,0.033041508912766235,0.05085044057424264,0.0385731995051512,0.048042448077487455,0.03945379780645806,0.023472120491816115,0.025099410797344474,0.032157081145166376,0.04274304032700096,0.05237430148806991,0.024485236333098934,0.023122532338971467,0.0675505939610719,0.03828652652986349,0.08635276324992994,0.018156802634728214,0.05142148893115869,0.05607666635940393,0.015594011096010626,0.049605057225087554,0.015255311756724838,0.08469941559041823,0.0699339571459757,0.04417306527270677,0.025123649189226483,0.03232378465427533,0.029997256728708083,0.05517755735567255,0.040104232634581675,0.02661452172980813,0.05735479148126574,0.017655628160332802,0.04258886400813101,0.05233908494558908,0.07636886725045121,0.04068171893450418,0.029936286739411514,0.04144860293392319,0.03383213653568857,0.024149427763395296,0.07238318037688113,0.0540480618160078,0.025357061242824924,0.03142870863717281,0.07548692737632444,0.03241966868610068,0.031332160999325565,0.030328225199779627,0.14274036648994173,0.0562123417567928,0.038765706991221026,0.030081201289106498,0.023840535624380703,0.08677840354683676,0.06420022013202377,0.02362798645161572,0.032957781968042395,0.027088890199661472,0.02319143313734735,0.06141747040488893,0.030615053082868406,0.0467450765106988,0.026447081054714897,0.06285840585052903,0.05581403973542457,0.025903808446806568,0.03195167357072553,0.028839200787443477,0.08567317914965179,0.02228069414086846,0.040226094459903036,0.02921090421733055,0.03772427299177514,0.04061635087429417,0.060925916157406404
Chad,0.041650173054272474,0.04339635239899024,0.028508260298599063,0.024997523966383998,0.071678600787487,0.019649308396785154,0.07623705283674093,0.035375312961785234,0.02718315865496514,0.03654731540069022,0.08130564427594084,0.016049530759711078,0.10716586443718054,0.06618121470564868,0.03188314176739762,1.0,0.05569013860111826,0.022294643981880434,0.05216777102011678,0.027919038964796663,0.0572777737139162,0.07640997518779308,0.039945157259578506,0.03344068403020868,0.04155566418135958,0.03464439580247696,0.06614451236002537,0.08212411838312893,0.03953234442372357,0.024612105138206077,0.08978388628413256,0.05499432771588604,0.06537563405304928,0.040115721412634864,0.03296229350864104,0.06347939502630252,0.024241132695977816,0.07150792334478674,0.026995086742782472,0.08937836745338729,0.09181159125363991,0.03399443703135484,0.04000383576742804,0.062197752911854774,0.027868031974070173,0.07379333667941008,0.02533455287415418,0.023390088324586417,0.029946007147760256,0.039352902984844375,0.07072324292062726,0.07932913397608866,0.10135072871163817,0.04756058812589531,0.03662992494924118,0.06935492008562796,0.04567664290484756,0.0391307346224805,0.04253797630723474,0.05091812626986238,0.042091751028364474,0.058669178915506055,0.048394596441811724,0.058356623932341756,0.03511459554576955,0.057148127518785174,0.11359280510435117,0.04560966551034929,0.04608862675252574,0.04383894959379985,0.050393581547997654,0.10699376463758119,0.06178347751477477,0.04757791451346399,0.05972326715636151,0.011778982087506612,0.018562783651110408,0.07360664486808602,0.05027814359609348,0.06998389989963516,0.03639043463038674,0.057421849244008644,0.07500163984360565,0.028218618656993454,0.023899006902753164,0.0527589846581444,0.10428296277236758,0.022834580748763315,0.06683536608858842,0.03238447894599529,0.04658645522275034,0.053594081299060584,0.07990270169873508
Chile,0.02975809771934649,0.09469378167906464,0.03649457591583348,0.04086120105728159,0.03114831886119321,0.03950782380351781,0.03379274521677665,0.04304430100285365,0.060908069445034255,0.04566234731507392,0.0674806265145697,0.06174334338538175,0.062124723382821725,0.03446477018283631,0.03214584919864961,0.05569013860111826,1.0,0.03804169002236488,0.01812894051815584,0.07936482651908239,0.05648011311568738,0.050025374023741596,0.0705874870838673,0.043867395961233145,0.023742431285977986,0.05672076203654593,0.014800453507759444,0.05514689053513591,0.03231902629764064,0.047610460958987535,0.04246357842063595,0.04619519446413002,0.11338365522466279,0.02860760752278474,0.06722756639702535,0.06813538234654033,0.03186841869414971,0.027303978422726003,0.03691931052646398,0.1115214158637325,0.04424664839770256,0.06707685225800766,0.0463384485133807,0.029024408388837852,0.03878745239805277,0.028982835427060812,0.04843278549920377,0.03424500899771461,0.08494550727203412,0.02840513360685639,0.0549098470125972,0.06337733327037827,0.056549177665349976,0.035060080605995546,0.05466409858357591,0.03208939716839125,0.025331510440975005,0.022364213283051368,0.09515893224085226,0.07716400663529847,0.05391714204054541,0.024183882008008268,0.08214436673487001,0.0333190693193438,0.04084988862020602,0.03140717990333824,0.16166466092373286,0.05349869009213344,0.03098927212688008,0.016058510072402006,0.03038674305810225,0.06814345820765852,0.09538074583941712,0.034530375714234604,0.01840067561677524,0.05157360405732987,0.040290438505136965,0.0686754206317388,0.026992028751399062,0.04781373529577849,0.026505819329468223,0.09403943468055283,0.030453765469094934,0.050926298322077415,0.05884192294586466,0.027454666822778365,0.06142734223315169,0.0506276860678544,0.033717898940601426,0.0390819975749472,0.05678839353829894,0.05965518652827297,0.03687505212384174
China,0.028819418714451074,0.05783061751060743,0.022524711975349075,0.01629810440155786,0.06113780706734177,0.01047003226676294,0.06346165487906666,0.017381566380717695,0.04870529220811594,0.041552742005715654,0.07212765570505222,0.026415195417758948,0.09295951670510268,0.0585868121671141,0.019216676595350056,0.022294643981880434,0.03804169002236488,1.0,0.04366191533289083,0.04353024063006737,0.047536093525102414,0.059093637769230004,0.03820084954525715,0.0242738942405076,0.03433536812017529,0.025712353134067376,0.04798037177042274,0.07034453536653795,0.031129949034261164,0.019040603392795518,0.07149945179599868,0.04876036577359988,0.07718605476563199,0.021290276421430544,0.042812941978296035,0.05544872501664087,0.012354215236519212,0.0535145471763818,0.01739308429978142,0.08938572313137272,0.07591305263263692,0.040457908419792556,0.03217888379665006,0.04288690299673301,0.02844606612448483,0.06054076039780546,0.03819349871922506,0.02200196531561315,0.048860643510563094,0.021724256155549924,0.05963773754182009,0.06946307822126642,0.08770685366144902,0.03211377321023586,0.03149253142950776,0.053582412335842385,0.032267691674027266,0.027941650807456017,0.0638421094641533,0.04763757619777416,0.03635929124071821,0.04548181659391802,0.07013589072156007,0.037338682494834394,0.030698600107358507,0.036503888635057366,0.13494537552838665,0.0574923180160586,0.046018281188402975,0.03557222533355864,0.02843625863540432,0.09579525158132891,0.06502781100800617,0.02865174350240216,0.04338213737478421,0.01447348604964506,0.011007457173938173,0.05915307989881548,0.03515829764193841,0.05605948224090356,0.024916708669429872,0.06100857805135611,0.06215243706104356,0.019936975765634503,0.021766696127944157,0.03483355968319004,0.09227467461063035,0.019692290813088657,0.05303948995846364,0.030825927005706567,0.042082647123613044,0.04714733642357879,0.06835217844339099
Colombia,0.02948969429808359,0.09158724782232297,0.03236229614804751,0.04437858685122106,0.020263413400791894,0.04469438944534845,0.028268629064561675,0.04979530504841093,0.05838092564160969,0.043840217291151846,0.05265207164504706,0.058719311891024584,0.06422707144469593,0.021029309776367137,0.033041508912766235,0.05216777102011678,0.01812894051815584,0.04366191533289083,1.0,0.07482400444301451,0.05031955823924605,0.0485046029725657,0.0702277704832686,0.040381472560327314,0.026440569185955044,0.05426288260609438,0.027518686837732616,0.04906513015661606,0.02862280966533931,0.04395765616060349,0.05065984674764415,0.03083061271807573,0.10880795258713476,0.03970157630969307,0.06496541804716977,0.07608247175056584,0.03383734539609928,0.0368863014591397,0.0380180211631374,0.11303230752111713,0.04518319802137821,0.06251732984278781,0.04070779310716336,0.03465120499696758,0.03573346432477302,0.022853477418675897,0.04388201341243647,0.0321608898611744,0.08043321655637073,0.029501792920514854,0.05590183601574634,0.05523291823092272,0.05403161567984634,0.04734699710447759,0.05953613084277407,0.03128492434309762,0.03413181037813473,0.020322870128665443,0.09065189547063478,0.07679853741736062,0.05485155307960798,0.025625583857325097,0.08017827554071856,0.042610942027426414,0.040730041190096676,0.041290381193239786,0.15801310622809397,0.049710000434921964,0.02677108655403951,0.020153257744628023,0.03980917436271086,0.059871308222320896,0.09207011334040528,0.0388654814551192,0.01827776248636248,0.051428324247032337,0.042502835512066836,0.07959527151140044,0.03514303188286756,0.040114520452812004,0.026901340008582433,0.0927549045236641,0.02877517485662831,0.05555820317996921,0.05771759347810143,0.03165786656797545,0.05326445264959107,0.04614202577779786,0.03749234993233056,0.03200455132265075,0.061217584734082925,0.062119379292435044,0.034207779178373435
Costa Rica,0.06146430189800795,0.031113216365470243,0.04580524328353284,0.04910894528369461,0.0909479432273501,0.04274446879873287,0.09670288742159937,0.05692801268856338,0.0350962313640145,0.05487886748938048,0.08285153158591002,0.03113547843281099,0.12861416051038815,0.07722063664003945,0.05085044057424264,0.027919038964796663,0.07936482651908239,0.04353024063006737,0.07482400444301451,1.0,0.06250470737085083,0.08946042713942853,0.03829229564408865,0.04687343819673872,0.06213744496164667,0.047767059804222085,0.08944653849930134,0.08144480835501611,0.057588856014939425,0.044278691383786886,0.11345419095908822,0.06673589237891814,0.05322613080818368,0.06184758426989509,0.03856129197910751,0.07558394439986937,0.04786135335771598,0.09520446435004204,0.04987648930618909,0.07918498742441199,0.11523559336342284,0.03926869276820761,0.05393554127649455,0.08221328904585197,0.04986792606012667,0.09566500181227423,0.039216973901864564,0.04943512394892626,0.030745116813133022,0.06142079480791454,0.06913753321493112,0.07434534242348843,0.12383343367440264,0.07001352230499659,0.04575435429933167,0.0849812952580221,0.07221048191913845,0.06086884737874246,0.030632128116870026,0.05865348323437211,0.04514047372632801,0.07885368408262916,0.04423889168202676,0.07982548710992879,0.05056066473770458,0.07898143361476179,0.09837878448201291,0.056196984792667826,0.06236832493694646,0.06622343334807265,0.069895289020512,0.11939280335448628,0.06237849430022005,0.0658702437872056,0.08266424863006092,0.03350600642401765,0.04238326172743892,0.08583743456764736,0.07332057752733426,0.08443191742663328,0.056314320522626,0.04869437019432765,0.09680774754768505,0.03877280359200003,0.03788152238847606,0.06829551895161931,0.12489036201720244,0.03437716904128731,0.08041741483338692,0.04902268650392901,0.0610418254882968,0.05945199885018314,0.09739710813875235
