Country Name,Albania,Angola,Australia,Austria,Azerbaijan,Bangladesh,Belarus,Belgium,Bolivia,Brazil,Bulgaria,Burkina Faso,Cambodia,Cameroon,Canada,Chad,Chile,China,Colombia,Costa Rica,Croatia,Czech Republic,Denmark,Dominican Republic,Ecuador,"Egypt, Arab Rep.",El Salvador,Estonia,Finland,France,Germany,Ghana,Greece,Guatemala,Honduras,Hungary,India,Indonesia,"Iran, Islamic Rep.",Ireland,Israel,Italy,Jamaica,Japan,Jordan,Kazakhstan,Kenya,"Korea, Rep.",Kuwait,Kyrgyz Republic,Latvia,Lithuania,Madagascar,Mali,Mexico,Moldova,Mongolia,Morocco,Nepal,Netherlands,New Zealand,Nicaragua,Nigeria,North Macedonia,Norway,Oman,Pakistan,Panama,Paraguay,Peru,Philippines,Poland,Portugal,Romania,Russian Federation,Rwanda,Saudi Arabia,Senegal,Singapore,Slovak Republic,South Africa,Spain,Sri Lanka,Sweden,Switzerland,Tanzania,Thailand,Tunisia,Uganda,Ukraine,United Kingdom,United States,Uruguay
Albania,1.0,2.252279244005715,0.469243342847396,0.6475708585772102,0.6230071854978643,0.904861416859016,0.6483272122518813,0.6453932682463817,1.629570514967589,0.9227859793741489,1.042459166725376,1.3334110537177615,1.4264491450897987,0.6734122454390223,0.4788724219690088,1.1754021547823923,0.44126570825714084,0.8059871983606833,0.5347095414899877,1.7926347541395575,0.5308848686961986,0.8113068163308823,1.0947008689351851,0.46718264216821914,0.6115718182021123,0.596884379663847,0.5826277798863813,1.0323253895459328,0.36742571973934296,0.41053366109544787,0.936198573709252,0.520027355457258,2.0803599143927594,0.6487996946811592,1.3197422374621826,1.2148166721662446,0.7207898792649243,0.5889164767945001,0.5298097962014264,2.322098155667859,0.8264556932569753,0.5653074700218775,0.34474636346263066,0.4391061286961363,0.7962710480795366,0.5810062053701536,1.0700444792216357,0.5762930248156523,1.76064960565577,0.5816987682175605,0.8608203202399568,1.0450298782263077,1.2758940813662063,0.884373047947907,1.0085313934527318,0.659989112349251,0.7293663596141929,0.4665447194015473,2.0297492738170173,1.0673147234887963,0.45020972234850365,0.3942083117375648,2.0084362623846177,0.5374920153709883,0.7515357658705436,0.5381729031329543,4.451892308864966,1.3704513572668005,0.7234311234566232,0.5647542089187926,0.4459895626767655,1.4851221081381691,1.9157175063069893,0.4313405023800456,0.33746514478477857,1.1311908760192708,0.8681174971463673,1.2953132812699675,0.6383858049648737,0.7049895970153988,0.47469085172484216,1.3975835540640578,0.5335313037600681,0.8887142976635731,1.01133224663694,0.36920343534002076,1.2254308273726924,0.600962073703279,0.7944948492614718,0.4653426903046082,0.6974473127526236,1.225130960985294,0.6572598857770526
Angola,2.252279244005715,1.0,1.6956697887143921,1.4306391979522393,2.268861906020939,1.3778150958197868,2.965882049718729,1.6640393185309785,0.9790989006341901,1.1474751691724825,2.4103929561391717,0.9414100010667661,3.413890794326667,2.5554171604075324,1.7717408950552835,1.6326977011386394,1.8843965297955823,1.3479461505763326,1.795441790589929,0.8787564719089854,1.7880212252032828,2.6132156354949467,0.9421147444265197,1.5895165900629218,1.9181677815232743,1.5672090791779314,1.8569405714864389,2.1379136949038715,2.155762584478845,1.682127104127905,2.8963766915332356,2.4782550772223764,0.6973652418236526,1.774164726656413,0.8845075634733435,2.145418962032019,2.245313940366935,2.51761011911304,1.8621620232333962,1.5457209683531743,3.251262543513404,1.0613371360101096,1.9966923751020835,2.4748067578567303,1.6529456069248512,2.802185101173661,1.7284842028965173,1.7510519379131533,1.0595990789272047,1.6654194376910418,1.7641923603561447,2.062253156891863,3.1377432669019267,1.427651197011578,1.0285889455137363,2.3578307737363513,1.5442345504663082,2.3473996351712323,0.6562293903121879,1.404000358235533,1.3747395826307567,2.1330070577867373,0.9911641856246285,2.215972745022675,1.380811859710859,2.3426681734423003,2.3096101511699034,1.5789663949561292,1.6785540522410523,2.517138003411939,2.176878971646575,3.7783750753912115,1.3565274696565428,2.106266293072404,2.5542816037355527,1.4007084657885696,1.5800133077937661,1.8476391248073138,1.9227224076691887,2.807058094698895,2.1292270078701327,0.957183705365133,2.1425535884382594,0.9640646702971377,0.9352346909315743,2.208802141197564,2.585744864176564,1.5160168491087516,2.0189209166185114,1.844602757890675,1.9825183056688815,1.1626508763140202,2.0331853940835516
Australia,0.469243342847396,1.6956697887143921,1.0,0.4721592097628073,0.6767633021128914,0.6743288559605936,1.240115426697099,0.7172209317619366,1.061033738188829,0.6829506887658692,1.29890521974979,0.814297031438453,1.71286113313607,0.9562408636497006,0.5123767550469017,0.7794602604862393,0.6333575483204756,0.5464222115831745,0.6883182099055482,1.239779864805103,0.7726661303362807,1.1892249030358073,1.043804217821919,0.39385067525533474,0.5871326837639488,0.7958250951479942,0.6856506908514589,1.480611903276112,0.31348666299895644,0.2756291266894318,1.3397042559974033,0.8173602870743528,1.706060691037237,0.57312268470997,1.0160646114311809,1.2906092756990788,0.5158773337177709,0.9372052355889865,0.40635848399514085,2.3337993696187165,1.3731211325663375,0.525961223573167,0.4828438627282837,0.7581722376384582,0.47267512440045556,1.1593948469689692,0.7319378923253156,0.37279255237115877,1.340044230948141,0.5237667624930272,1.1982132205680494,1.3412845818107675,1.8739009707806373,0.6219235600324101,0.9843549825081647,1.0097357599469163,0.5573040525617013,0.34521598533891973,1.1902740639429183,1.2665745174473217,0.6142154660021957,0.6694595793451803,1.4704906991002435,0.760715818715384,0.4655914085758978,0.6777961894976916,3.827810391901393,1.1580285620541055,0.6163840594421075,0.672269168866916,0.7205089221040758,1.950734517933395,1.8231890835436788,0.6142959245924933,0.7647528574092657,0.7340913655399549,0.5805156555918581,1.476771865952035,0.6988244504092839,1.0765013933892016,0.3159916119578847,1.2619104182856458,0.6029300719516053,0.7122743771706754,0.6939308604848939,0.5924656921030019,1.44151232535977,0.445865281300596,0.9494504419249488,0.3170446052806224,0.9011647233952169,1.1871706595928697,0.6535499571946396
Austria,0.6475708585772102,1.4306391979522393,0.4721592097628073,1.0,1.1832090508022275,0.4419539463332748,1.5206207304724764,0.39888292980191964,0.8310342859910167,0.8390027868030192,1.5215017312982966,0.6097875628933332,1.9704706910296623,1.2672622332449148,0.5043765350807857,0.5781464979348299,0.803800484568186,0.4033515777387357,1.0682201558692932,0.8797155275375202,1.001407086738605,1.3929933377833823,0.6918753647319471,0.3897705504030232,0.7065454451398795,0.45838978993488366,0.9074030678201401,1.583799679271417,0.6769284825705542,0.3873957806186791,1.405315380173759,1.0367137145674314,1.301785622945938,0.4166256924224229,0.8029638411407312,1.0574876431751452,0.5504895897450294,0.8896378937956174,0.38428578154224335,1.8952744643259118,1.6231320725173002,0.5671540815406861,0.6872550036208145,0.8639307126378353,0.5321416466808233,1.4242657195104291,0.7751591564690534,0.5097709266281508,1.051434885787148,0.4853143204807871,1.4035213974124254,1.518488397009082,1.920984389149789,0.5956737804824914,0.5877048462551115,1.1665763411136114,0.6348070572229392,0.6809674026293882,1.1651113732728204,0.9237471750720562,0.6585451498340744,0.8846815465889522,1.5445567552101511,0.7631155579783585,0.5153083756664928,0.7629690907285331,3.179653417588163,1.207014755109614,0.8542341862994162,0.7642563022249321,0.6677719490407733,2.302565112824969,1.2094555204451019,0.614870785357573,0.9835543666144396,0.48445478065327596,0.4254167102490056,1.1757521980496852,0.7686433711200961,1.39091824389676,0.4589301324853269,1.0116852550955038,1.1260482190139791,0.4565560871143557,0.5038946753790658,0.6335325356234638,1.97649703709742,0.5076627511317463,1.0080952465916495,0.6002765716693628,0.7719583821652152,1.0157321140768496,1.1348241842150009
Azerbaijan,0.6230071854978643,2.268861906020939,0.6767633021128914,1.1832090508022275,1.0,1.4375042672802991,0.3344853414528448,1.01447649322204,1.6226782751883317,1.0468762270648115,1.011394635171436,1.6996679608016163,1.356595569990064,0.3813497424651947,1.0442243821830797,1.4928715090988685,0.643102228509614,1.4289724712082672,0.40956802855399616,2.0049795070409866,0.9707828434651313,1.0057522267477723,1.6455675964489382,0.877074255182688,0.8667380759187842,1.3459643305404185,0.6597394043334299,1.1117078852314535,0.5455250331308047,0.8123804340899815,0.9266041876293435,0.5277991672259075,2.376897153332019,0.9504415936180006,1.7847186390232868,1.7503665072341144,1.2041227586271666,0.8223957391330331,1.1561296607828422,2.746149987009979,0.7452258546558098,0.9343104984699574,0.7945807919435095,0.7051499376590956,1.1297095168170657,0.2512946701458929,1.3252231398429226,0.8235105864140466,2.4433758111994366,0.8088323478412845,1.1689745191523713,1.09562390749192,0.9982526197636667,1.2860718057438385,1.764206760816499,0.7364145785430459,0.946212888264764,0.6581131281231745,1.8459391293416163,2.0795620337840695,0.8917078015873693,0.8593118468358929,1.7733058087229117,0.7548950771349762,1.1368869244919764,0.7053225382311388,4.606388197088184,1.4831413771808166,0.7395012640931724,0.7735282078066816,0.6698186162300199,0.9944528638130912,2.5676988451770697,0.8303646908254294,0.32615547132797856,1.5090696833331156,1.3543199069240883,1.8720960524330466,0.8290003100099277,0.7203042448136509,0.7882002327257145,1.7911634259045572,0.46521320699272783,1.4193970732607504,1.7505101780514831,0.8401157519126141,0.8718684533016272,1.1093416848830924,1.1671776083972802,0.5052385004947306,1.2571656143491552,1.857575342946888,0.5077960797563594
Bangladesh,0.904861416859016,1.3778150958197868,0.6743288559605936,0.4419539463332748,1.4375042672802991,1.0,2.10802011220246,0.6835408199370313,0.7768456335824159,0.7223226461009888,1.9590590715618663,0.41699145644406294,2.2881809511772815,1.4788208674322558,0.5885477267433508,0.449595533715709,0.995079920603518,0.30677501639967397,1.1986317851391766,0.7593941999988749,1.2929670155265642,1.805060132582779,0.7561318404953362,0.5062634140058737,0.8204507410810361,0.6441414803298823,0.9306632626467127,1.989982195304026,0.9653170113062511,0.5669885606462216,1.839569594942419,1.3697983746392088,1.2072187958527862,0.5982953436501662,0.7911950115335276,1.2951981529349663,0.5334931443323567,1.3147048665417813,0.42983059787029626,2.1424000480751353,2.2508117320553716,0.7150306744820925,1.0028720066019072,1.3448578890393859,0.3654597625642113,1.952274694194148,0.5604307260102133,0.48115926043855306,0.8930828464549057,0.5304640133533778,1.739457142498689,1.9029617916833417,2.2265100526625567,0.571596257776445,0.572427366956007,1.5709913365554549,0.6466813110538207,0.8763937688800879,0.7669737459416233,1.0200894765174593,0.9167766072813363,0.9388386463576225,1.160103727685832,1.0723698722081563,0.4912280343073473,1.164380709722879,2.713937239003563,1.0475053884379912,0.7633010538960211,1.114074669180377,0.9747387017579751,2.7452452344482183,1.3220723709140902,0.8703868154670649,1.3158455566176652,0.34659978886879766,0.28256223794092017,1.355066746190985,0.8841771216218686,1.747688897663181,0.5249196684203477,1.0953450758681553,1.2019090543136879,0.5135657938206182,0.49204665822626026,0.7806008688030598,2.153092970602874,0.4723514209681461,0.890570531095358,0.8162285041536343,1.0374940249513966,1.0630379459041128,1.2580749064712173
Belarus,0.6483272122518813,2.965882049718729,1.240115426697099,1.5206207304724764,0.3344853414528448,2.10802011220246,1.0,1.1397609269594546,2.0793427224818095,1.5085724454659162,0.8764811093163349,2.9080082183968816,1.1391763888143063,0.4473549097989965,1.139294436104159,2.391719729370161,0.8230218174033015,1.807900813267253,0.6503125313867485,2.77706114006972,0.9895975090704108,0.625587788377052,2.1492589768478267,1.4144823349430058,1.2067358290272736,1.524908160186287,0.7164114218285179,0.9708447112449436,0.6592789089239155,1.056203557138258,0.6029462729377136,0.6059754831253272,2.952354918455031,1.1334282928344042,2.3315624574406337,1.6972914116810853,1.340764145747606,0.7361691135970668,1.3384117102615876,2.41853867921807,0.4432910497180773,1.5856069591832287,0.6831219991865195,0.6139694192817085,1.6219369242571782,0.29319883866953544,1.738454310162923,1.2824931247671068,3.307037965779296,0.8425458514059495,1.059353539736198,1.0390736642902756,0.8208685515670462,1.5646783266229627,1.974062996457193,0.6231855537670397,1.292221650657678,0.8285175650992502,2.4484684941702155,1.9527052470468835,1.1090325205376261,0.8447629592283662,2.3377611705313646,0.6679580605301703,1.7897288277036616,0.742918312744649,5.073152246521331,1.7612839876429187,0.9921930792763285,0.9109382662146364,0.6509212780531204,0.7052835996953084,2.4653849603613334,0.7206903440301817,0.40495172210561414,2.2547340153867093,1.9054676160739203,1.4593308766343773,0.9255625812231697,0.5376909978767348,1.364138403300064,2.4168334798370967,0.5125966493117152,2.0028005294147966,2.3928914831360215,0.8630518883452256,0.6110884148070126,1.759849086774605,1.2787333960295044,1.1040532632822533,1.3437961269980778,1.807724899146079,0.5857898039146525
Belgium,0.6453932682463817,1.6640393185309785,0.7172209317619366,0.39888292980191964,1.01447649322204,0.6835408199370313,1.1397609269594546,1.0,1.1888884425489286,1.0119647367350892,1.2580593170499563,0.8946319247998712,1.629724959813567,1.0714934834627028,0.4955317866599023,0.7653003447285971,0.722851717442424,0.5166115616886433,0.9463826491079683,1.2457114204368258,0.9046616665812113,1.093934247437117,0.8625573656691136,0.5466499466371375,0.8433213124674186,0.44495565059164266,0.6858134084240468,1.346880714826063,0.7380180671538803,0.4676585827192903,0.9512048711210817,0.8700299339635016,1.4156502219059608,0.4104611190032471,1.1741923619407248,0.8777085352003772,0.6246116193177327,0.5279895380423831,0.5159482111032091,1.7591159658857913,1.2415298234841807,0.6956821864703526,0.5281577091776023,0.623503053230589,0.8227214615265266,1.021557353995594,0.9803443463896235,0.7393252088480332,1.1988560970615096,0.5421937637638685,1.2205264792621684,1.3045632587355735,1.5651338010748002,0.7262085430217174,0.7100738870817044,0.9800531952875053,0.7067641156818921,0.8711362747294407,1.553083926917548,0.8766447163880086,0.722789787410174,0.9079466083871761,2.0327036837951127,0.47463362038279455,0.7247241955887559,0.5599849612211633,3.7232056245382332,1.251738082413071,0.9690155747468532,0.7215711406257479,0.3608525430309884,1.7439617464221797,1.0799388956304756,0.46018064803007647,0.787428482018896,0.6490175720401861,0.5568041427727632,0.9559651129778319,0.7834471395418258,1.111953347409856,0.7076468326605778,1.0666265197329217,0.9854874285321804,0.6157447912631876,0.7167980705875268,0.44728755290692185,1.6454043357724821,0.6482498242738177,0.847579359877092,0.8177875406074503,0.5771101044627024,0.9627571472591124,1.0324700237288384
Bolivia,1.629570514967589,0.9790989006341901,1.061033738188829,0.8310342859910167,1.6226782751883317,0.7768456335824159,2.0793427224818095,1.1888884425489286,1.0,1.0350415014666778,2.312064851871794,0.7167101035679093,3.010292202864466,1.7051003137039915,1.3213532486751487,0.6241138356909749,1.5879953008883991,0.7881254207779799,1.4777462199829678,0.6255507393775079,1.7636699264956177,2.4608913678231805,0.9142651235750769,1.2140651771628639,1.3073383731075658,1.0261716243652268,1.5054225995802377,2.21034418720335,1.4036204292014296,1.0989402993786395,2.458554306784423,1.6737064748166772,1.4116140772145742,1.1908609401064316,0.7237895645702719,1.7417476314866287,1.224561085803848,1.9750281513264034,1.2250077468392873,2.2987356643377677,2.5545264479240286,0.9800731874805902,1.4927962460085917,2.0942568324031985,1.0006542664930669,2.02690593679434,0.9717458486790518,0.9837306787431743,0.9416206071013989,1.1665475717012457,2.0932354860256654,2.134576188267883,2.2555333081910964,1.160274211048216,1.1030228682451388,1.9946525556188555,1.4113169517677657,1.4667846737404993,0.625781597322404,1.4390765821852183,1.289582165791944,1.4685829275648437,1.0510712114915801,2.1131110606913808,1.0641250742721624,2.012048182815372,2.5231325398144033,0.6980572113861857,1.1390416861052717,1.5092944628325116,1.9065134583040606,2.9760442251653147,1.5220264468169293,1.7832388880651002,1.769151667798263,0.6754609928393303,0.7033290742789198,1.8488208062828213,1.2290211692682567,2.281819909992253,1.3276710640273974,1.1462165137024853,1.6252468360134653,0.7253056377447166,0.8213886042187073,1.7324712389337786,2.1881597094909897,1.083991647536127,1.4692730202927784,1.1371443062859419,1.4263739571380663,1.272286257227759,1.6045277776736184
Brazil,0.9227859793741489,1.1474751691724825,0.6829506887658692,0.8390027868030192,1.0468762270648115,0.7223226461009888,1.5085724454659162,1.0119647367350892,1.0350415014666778,1.0,2.11518805049836,0.7923679262346542,2.4113955869665347,1.2648827311917858,0.47909482246751645,1.0345247147079384,0.5297696799328049,0.780509123569602,0.6055240776466742,1.1404025091116101,1.109473785857721,2.1155498877872896,0.953496250345883,0.744233911050949,0.6534340776636209,0.8351134056096718,0.7445247665811503,1.8042475593988643,0.9780057419290215,0.8858050604599315,1.759790669260718,1.340083039043886,1.5199304792888453,0.3819752567165864,0.7539555145960082,1.607497164802594,0.5337730571324716,1.151818587236033,0.7898136391915909,2.5576082671124154,1.998012740899753,0.5582374313618337,1.111186394911626,1.254110033730484,0.3383103979513371,1.3320968529127726,0.5021715197095928,0.6344508058777512,1.1839605705631164,0.7428137826714893,1.6685610256859178,1.8062718914414337,2.052556775144258,1.0415876513375772,1.04089347481252,1.4709795686033718,0.6841755597617463,0.7203448031212865,0.8420815867349262,1.3037692229667714,0.8811649975773934,0.9920605941742454,0.7908500507017947,1.2351712578887541,0.6140012181765573,1.0631074053758618,2.891894282292082,1.14093435301406,0.6542937588681446,0.8174646340171235,0.9410974024223828,2.742957310575051,1.818142295456669,0.9627960982956041,1.1297873591619203,0.9560362153634059,0.740665073975362,1.8214313542416252,1.0295114412590258,1.8445593371112543,0.7647887314458228,1.1952612418130044,1.051138725717597,0.900836704378259,0.8673244129246377,0.9199266835827463,1.670414467134719,0.6986326996128349,1.1935488582876954,0.9109873789313527,1.1520143093448019,1.0442630933781052,1.1206719344116838
Bulgaria,1.042459166725376,2.4103929561391717,1.29890521974979,1.5215017312982966,1.011394635171436,1.9590590715618663,0.8764811093163349,1.2580593170499563,2.312064851871794,2.11518805049836,1.0,2.189915098341677,1.0649988437435995,0.9266879806302927,1.469474697268899,2.0238850944230786,1.4250446126166512,1.8062825464451724,1.1494391091195817,2.4851481762802345,0.7220221249419805,0.6116972241993559,1.7543045652435303,1.3692498000298043,1.4675106043134314,1.4650506020939424,1.3379489749941043,0.9857043829136277,0.9468600042392489,1.1355987806260335,0.9595448734610402,0.7847811810967771,2.070381530043929,1.423403806094508,2.2474113921928676,1.261121358097165,1.8326291735706381,1.3417267357477396,1.5210260754956093,2.295621267721405,0.6326563956269998,1.236479991790092,0.8736126014954294,0.9791173852319546,1.9339941823663165,0.8943324709691298,2.239679155146463,1.445073189752008,2.7941762554356746,1.3506038887345206,1.1475235407945004,0.8434688003368968,0.9360527961657049,1.7490995065839303,1.8566599355910773,0.7809758305126681,1.4769245180951065,1.3069346185396051,2.4427609504974517,1.8925442008276865,1.1641074642512936,1.0668434736256809,2.920149890929142,1.0828065002017244,1.6026341523924166,1.0843458961321701,4.576432741568279,2.1063291870529754,1.4153508287184318,1.4476556037077173,1.1810920447620263,0.8443310617881032,2.2902374405827994,1.0644319401400382,0.8597660694659804,1.9413379241778634,1.820310001847136,1.3670166439140023,1.3609026215107256,0.5580284943814265,1.4478168260747466,1.623248420550065,1.0290601804559811,1.8312333540131234,2.01350887185447,1.2572017456354083,1.0616342145970232,1.6428117025820614,1.1849643604748787,1.215303867012558,1.3032263324893136,1.7591741260509126,1.0750002620622483
Burkina Faso,1.3334110537177615,0.9414100010667661,0.814297031438453,0.6097875628933332,1.6996679608016163,0.41699145644406294,2.9080082183968816,0.8946319247998712,0.7167101035679093,0.7923679262346542,2.189915098341677,1.0,2.8797304951456164,1.8380064920356651,0.8912373711601285,0.47651266983498386,1.2575436632923134,0.3101597183186414,1.4617264900904199,0.6345027523144938,1.4650517944873593,2.308534093493,0.9598861617720968,0.8570549774965587,1.2343701704104326,0.7566214285029815,1.3629848078300908,2.6379447587070626,1.3872392356124623,0.8288466710759667,2.4768387258371467,1.6972188402268717,1.0735645846355462,0.7712219442706196,0.793154596182267,1.497353624763287,0.8140596774240443,1.8983751003325002,0.7629063246565598,2.175911018903877,2.900031644418821,0.8426234697914362,1.2838164252308153,1.8452399236285506,0.4817596256222984,2.6063678568792046,0.6422050701363837,0.6149037761050957,0.7754906078801775,0.7837859668344266,2.30192416663542,2.3885886709311297,2.806280215365839,0.8297629963877267,0.6551419387815283,2.1250598789610593,0.9450915340960717,0.98350129665782,0.5731986219085403,0.9418974113177435,1.2679846618116715,1.4131099190311023,0.9284874460965479,1.6861917650788405,0.6810613873608797,1.6637969796295589,2.3937170252949764,1.2070471601367698,1.0659149573097073,1.5592484722010567,1.4823883143690384,3.332227573924026,1.1980675093284612,1.3946011010435628,1.9182731810735554,0.4075906681506227,0.42058344451696245,1.3644621932415253,1.0935800213063904,2.2640918235506957,0.7379888758316081,0.9694649952256748,1.6685672415748551,0.49176742342261204,0.3230395154101636,1.2984199565784094,2.3405473298315798,0.6470134644484619,1.5757728198215823,0.9987541894055498,1.277613108646522,1.1998596703865176,1.6098313027792837
Cambodia,1.4264491450897987,3.413890794326667,1.71286113313607,1.9704706910296623,1.356595569990064,2.2881809511772815,1.1391763888143063,1.629724959813567,3.010292202864466,2.4113955869665347,1.0649988437435995,2.8797304951456164,1.0,1.4086085873538003,1.869422741831492,2.7448951143419906,1.4184016205636336,2.177064813931348,1.5434774293053044,3.232010444338058,1.3055142558494457,0.9824971963086677,2.169831194189838,1.7510145497996148,1.4823705168131647,1.8814090454675405,1.3005375993399617,1.350577635785684,1.315771489412325,1.6600398438870236,0.7404349962381289,1.2633948644026542,2.89653917102337,1.690517317546506,2.4215298742847606,1.2520984352794813,1.9801395614898478,0.9909769073599147,1.9251254008365228,2.207964605435943,0.7986856630453064,1.8840417161939236,1.3197281394365685,1.1265628369907172,2.295921006452833,1.277592125780286,2.626433336134972,1.8418076070334775,3.144587181792669,1.4680241888400964,1.5109850460612657,1.3718458862105534,1.1765273192017964,1.5762126287543061,2.1310885798462067,1.1370774317773116,1.6663639286749596,1.4736610757026503,3.167864528466673,1.941083745403382,1.6380614544994463,1.409513802586389,3.176007719795331,1.1531178140000906,1.8770146572367699,1.218194880382963,5.182637531381528,2.5855821509539796,1.6765172297951652,1.5962133784716783,1.2973441073348713,0.7674402804076409,2.127851341482831,1.1928173760696563,1.2994077523153196,2.7479921377239354,2.274018321535006,1.190144584670639,1.3528444066738985,0.8457417823321748,1.605995970797557,2.3276186290471528,1.1098757936930213,2.273685861735024,2.67964669719648,1.5121455897748484,1.303344988198552,2.193778196113202,1.3506140254702153,1.579988479146013,1.503095099271036,1.86363578238232,1.2937283012014342
Cameroon,0.6734122454390223,2.5554171604075324,0.9562408636497006,1.2672622332449148,0.3813497424651947,1.4788208674322558,0.4473549097989965,1.0714934834627028,1.7051003137039915,1.2648827311917858,0.9266879806302927,1.8380064920356651,1.4086085873538003,1.0,1.005880495746465,1.5591793837102919,0.6697492259451319,1.628942707495917,0.4338385465361612,2.092038937026741,1.0735422080827846,0.9579163322591653,1.749280997814408,1.0678694791983765,0.8769483270597256,1.3740530007863567,0.6430741663343065,1.215989257210507,0.5820336062983369,0.9519309061219086,1.1560064323754917,0.5073061553596176,2.316861350692047,1.036995307835174,1.8163301348364171,1.914222747394979,1.142219119177158,0.8931190636465037,1.178067494055354,2.750678401074273,0.9437728591666336,1.1271589213901934,0.747491732854066,0.866257044185109,1.2070312550716755,0.5009686151575625,1.3086113587613772,0.8938851442802094,2.4881939672287663,0.7687584002042255,1.239257259064917,1.136212404124695,0.971334345892551,1.3371960222268329,1.6443008646069952,0.7305260475580911,0.9106440814446934,0.6864268117445003,1.9140229445534633,2.0396481919228853,0.9386636591915315,0.8712217317714557,1.7953455538589715,0.914571842360121,1.1584398212651876,0.64947143874916,3.9746892420928557,1.5141658490576728,0.725370265068275,0.7113819022187566,0.7877037499422641,0.9500548539177469,2.5411760662718663,0.8528308049719906,0.42789918639123425,1.6551291064938298,1.5816683110431982,1.8797614210918643,1.0040258310699726,0.8248703679611794,0.8610312917196847,1.7790822164466273,0.6122332426707423,1.6218024640461373,1.8756105280321216,0.7545592631156421,0.9318548427811293,1.2185816042704376,1.2960033213072346,0.7167897899312057,1.2428282624894578,1.8430746269319618,0.47192759915529214
Canada,0.4788724219690088,1.7717408950552835,0.5123767550469017,0.5043765350807857,1.0442243821830797,0.5885477267433508,1.139294436104159,0.4955317866599023,1.3213532486751487,0.47909482246751645,1.469474697268899,0.8912373711601285,1.869422741831492,1.005880495746465,1.0,0.9055092637294284,0.5480259361149895,0.5152247286214775,0.6883189076716208,1.081154911796816,0.8832275751488434,1.233187439664643,0.7702053077227128,0.4977736914683302,0.5975484660230622,0.5020969224524101,0.7335646883108822,1.2757447378034665,0.6825530011623875,0.46306255758192993,1.1506872321652877,0.9798795843934218,1.6798289583133545,0.39124707377312773,0.938629004998881,1.2385074846678898,0.3968068313712816,0.7019292975198859,0.4605538075158006,2.2052256514519053,1.35376760584534,0.5623965012319516,0.6619851214847514,0.6872174057618013,0.44710609311725136,1.1208643651428998,0.6154754951436101,0.6606297133823346,1.3324564993216126,0.499638611701501,1.050527147490979,1.219800615140037,1.882322975501063,0.7395280212186353,0.6511459856454427,1.0686165633497633,0.5910077943315137,0.6075093962367035,1.392022685656353,1.0329562401570105,0.46723549821569854,0.8362607856701605,1.4311865663287258,0.6101067517932166,0.5029942228285362,0.6635510933457218,3.1074407530273103,1.2576702025894708,0.8251519750431695,0.5967998098372287,0.536942850446581,2.1260294211508146,1.478731877789445,0.5621775599959937,0.6915304954637125,0.5891915546789368,0.42743164260976313,1.1561827914595397,0.7690963332830678,1.2303054935045254,0.5932933275370388,1.2518347582656713,0.9974808850647126,0.45805953363468044,0.6478862346997085,0.4765194292704814,1.7244546663552045,0.41416049620599066,1.0969700300176355,0.7139398215145214,0.7192563132103132,0.7900190474511654,1.1556140770613583
Chad,1.1754021547823923,1.6326977011386394,0.7794602604862393,0.5781464979348299,1.4928715090988685,0.449595533715709,2.391719729370161,0.7653003447285971,0.6241138356909749,1.0345247147079384,2.0238850944230786,0.47651266983498386,2.7448951143419906,1.5591793837102919,0.9055092637294284,1.0,1.4290924472009932,0.3407301295575751,1.395149440128645,0.7598986631901152,1.5168453337039152,2.0937982347941104,1.0325784515930325,0.8728073713687101,1.080624161001734,0.7961556311023796,1.5203034418680579,2.2668204290168608,1.0734265162839018,0.7233364795384253,2.396771224999719,1.3198075082791805,1.5031975606579888,0.79801355536963,0.7321686244525412,1.4556659727740398,0.6978997802528835,1.7934318498715145,0.7452131654806406,2.372615367870434,2.5762664395393013,0.8362741371791561,1.0208663217302303,1.7534581238630746,0.7074860413880613,2.3862211801527633,0.5328406292548233,0.6431810274496528,0.6228522971402235,0.7006380166805934,2.02556723380227,2.2418091828914,2.479231932093791,1.003594288734351,0.7934167170408761,1.9528652200889394,1.2110759264486322,0.9678568881250689,0.8390305115221383,1.3079917585682035,1.2272370056448758,1.2908534347472185,0.9576815400960715,1.452536954282598,0.8644866066711987,1.5489650329319835,2.2203040156135985,0.9579491174358774,0.9662800740085145,1.1860851762417635,1.3869069958813358,2.8877461322813165,1.4234762492559243,1.224720838866295,1.7119157481663703,0.23868742421513814,0.3454307778075639,1.5956173834583969,1.0591732424963258,1.8930890193753336,0.7539784722519833,1.411323319431889,1.5480077400511618,0.6229164062464787,0.6503290079269682,1.4252584273956874,2.286431358892261,0.642259849546752,1.520188150112122,0.9105700304082218,1.119980501662281,1.3106089568271488,1.4143056553593059
Chile,0.44126570825714084,1.8843965297955823,0.6333575483204756,0.803800484568186,0.643102228509614,0.995079920603518,0.8230218174033015,0.722851717442424,1.5879953008883991,0.5297696799328049,1.4250446126166512,1.2575436632923134,1.4184016205636336,0.6697492259451319,0.5480259361149895,1.4290924472009932,1.0,1.0017475825714077,0.3770635931899279,1.8904946581195237,0.8045613833661689,1.1007691148335879,1.3092974253588103,0.775463677533766,0.5166682256937282,0.8881279429538276,0.407599766174731,1.1467238559941004,0.5044561432134399,0.6330946806995423,1.0828905007735556,0.8141634127431207,2.000086931322475,0.6102748033635494,1.0110895554141102,1.4315804493335256,0.7393879201426605,0.5743574835941456,0.8035607273108696,2.375990130937689,1.1607846144875855,0.5899922125685593,0.5666149020615154,0.6533693454355032,0.6003187429957149,0.6872479060039862,0.8913227633161726,0.6219116335058116,1.7826922247727148,0.5817168308831873,0.993453856209936,1.0809002060045172,1.33415397535366,0.8412132142647222,1.04993240259585,0.7767364710505013,0.6312882717580873,0.5480576803309163,1.365409128330492,1.1820766379389784,0.6599533495527917,0.536710126839304,1.366784359778117,0.6369012312563773,0.7930308059187396,0.5029527338172705,3.6839224445280436,1.350064822786936,0.5911267565113115,0.43522286563045387,0.504794984381435,1.5582836192806089,1.8060776552059794,0.5376040293443417,0.5295493332296397,1.3851891179415168,1.0135393290241737,1.4421492908903397,0.7621448172865987,1.0510499865497878,0.5700567666433121,1.5945184340631813,0.6627823971041407,1.142073113058196,1.2467882412518883,0.4180283258528332,1.266143487706386,0.8786102286833957,0.7120975529490274,0.7064374679580103,0.7377068100421612,1.1317626226114026,0.6236923380770306
China,0.8059871983606833,1.3479461505763326,0.5464222115831745,0.4033515777387357,1.4289724712082672,0.30677501639967397,1.807900813267253,0.5166115616886433,0.7881254207779799,0.780509123569602,1.8062825464451724,0.3101597183186414,2.177064813931348,1.628942707495917,0.5152247286214775,0.3407301295575751,1.0017475825714077,1.0,1.2894428432474934,0.6284196973513452,1.286325897293057,1.7767022104216044,0.744426940210821,0.5798402823214108,0.9129622444315567,0.5606057118149489,1.133090176338299,1.8786102329173617,0.8179026337001656,0.46088533022166306,1.7442505119595548,1.2571102556981288,1.0837776066487759,0.48719833238147964,0.8279893115132989,1.215785057737572,0.3299748654328528,1.1791505893594365,0.3741714493763303,1.9851985258214881,2.0405386524459863,0.7443587869179091,0.8547860056953055,1.1462968698703317,0.4439250802371504,1.6440062218001046,0.5938033772900521,0.4522859283935631,0.6613614821789482,0.41199184364981345,1.5848282054983116,1.8021857411118622,2.287847542017682,0.6224206187229404,0.6218637934433184,1.4918300092457535,0.7403068459435236,0.7500717710867564,0.7804450796114941,0.9353086879214216,0.8596322239994101,1.0903172826147634,1.271363287177271,0.9193521818801844,0.6336074588141553,0.921708682194486,2.970663854591675,0.9851624803743962,0.9879479950546605,0.9864910355305994,0.7687599452058784,2.810502321043336,1.1429475431802663,0.7606510437263886,1.223275728904992,0.2375891310521778,0.2461807949977919,1.197894542573569,0.7765906293339322,1.6321970834027355,0.5219137577405664,0.9824049103886621,1.325133781856124,0.40191936220788854,0.32727877976269815,0.7905750277733319,2.234369074738558,0.41873679502678646,1.2830079138834034,0.7550355074263894,0.9436045946479247,1.0963908060130538,1.2525217808697273
Colombia,0.5347095414899877,1.795441790589929,0.6883182099055482,1.0682201558692932,0.40956802855399616,1.1986317851391766,0.6503125313867485,0.9463826491079683,1.4777462199829678,0.6055240776466742,1.1494391091195817,1.4617264900904199,1.5434774293053044,0.4338385465361612,0.6883189076716208,1.395149440128645,0.3770635931899279,1.2894428432474934,1.0,1.859011899161004,1.0108931770963046,1.1661783953912297,1.4652383932205713,0.8715618321837847,0.6511183587836024,1.17365757457417,0.5431292562243751,1.2679109709744296,0.5168728211886767,0.7926470668887292,1.142853008076365,0.5919376570577373,1.9685975328813632,0.7247873099736598,1.2405978726392286,1.7414565728537343,0.812309533962738,0.7034445938782503,0.9425097524636901,2.579296202243319,1.1069365463080365,0.6621813738025375,0.6684466571984763,0.7141205108015916,0.7018762767272096,0.43524547875518804,0.8256702342110458,0.6466266626376649,1.884240885903583,0.7717804712635606,1.2632888488424103,1.243375966999905,1.1944264407520988,1.0907140582802646,1.417584154852364,0.8162099458262824,0.773568126889809,0.5104333693611913,1.3137116948863463,1.7971182379337025,0.9439006376383495,0.6981549861182645,1.3152224868864382,0.782540258014739,0.9120138079234774,0.6185010652438173,3.8569580829868,1.2841605686286126,0.6114028555881403,0.5721964642189395,0.6150369931071678,1.5506401733962416,2.201398371666395,0.7128362496118046,0.5132537719674889,1.5153528758335462,1.2362440109072206,1.6828319374853922,0.8370597351830131,0.9667451440379233,0.7363518858638751,1.5698569164043805,0.5190514642578713,1.381019102890606,1.440484212672414,0.6833837722275479,0.9640027935279254,0.9678729538713654,1.0938415812225903,0.7164562803697838,1.0922386730433986,1.4698104711287698,0.5754927850721709
Costa Rica,1.7926347541395575,0.8787564719089854,1.239779864805103,0.8797155275375202,2.0049795070409866,0.7593941999988749,2.77706114006972,1.2457114204368258,0.6255507393775079,1.1404025091116101,2.4851481762802345,0.6345027523144938,3.232010444338058,2.092038937026741,1.081154911796816,0.7598986631901152,1.8904946581195237,0.6284196973513452,1.859011899161004,1.0,1.9127391829080647,2.6678148383070854,0.8987910123754991,1.3310140933337362,1.3104007045627772,1.102409910742388,1.8206815022247536,2.3007786409137623,1.616488387141515,1.3084888055680022,2.6464949099373305,2.0317246350309883,1.0702521375294565,1.1772063581083447,0.8033897662116569,1.7965261181130026,1.0517834094791445,2.0215102066495314,1.251233587470219,1.8517872033617013,3.1383255730968274,1.0679006739169041,1.68551803469654,2.179502086045478,1.0847848726342095,2.646477096855709,0.8534947622515541,1.197411436037581,0.7296963163391802,1.1117211934280375,2.074033632651258,1.9955283079785069,2.7199739296240377,0.9562279440463378,0.7373568120273305,2.335400680804373,1.4450818988327057,1.6477067823953102,0.5263458733154278,1.2957200228088945,1.1661380217789112,1.7349325213850186,0.9389199864109284,1.8590939048492146,1.1314157314103908,1.8446688308773573,2.049184019114731,1.036011008412764,1.3470663360375574,1.6737024254555852,1.8224196379075255,3.460982029570212,1.5361637563614972,1.688582739181439,2.1620109816492126,0.6305348967202378,0.7260077099906728,1.715118092676547,1.214408054101366,2.4890668995348744,1.445447747346948,1.0426429209870565,1.9815347390710878,0.6061462279998531,0.6328339915152803,1.7967035185442202,2.3095356416567845,1.052896096746559,1.865412916939276,1.2976717705771241,1.4136423580203012,1.1092759326122055,1.904443816515502
Croatia,0.5308848686961986,1.7880212252032828,0.7726661303362807,1.001407086738605,0.9707828434651313,1.2929670155265642,0.9895975090704108,0.9046616665812113,1.7636699264956177,1.109473785857721,0.7220221249419805,1.4650517944873593,1.3055142558494457,1.0735422080827846,0.8832275751488434,1.5168453337039152,0.8045613833661689,1.286325897293057,1.0108931770963046,1.9127391829080647,1.0,0.6516337305831222,1.0870346919173544,0.696698055845071,1.015396458914584,0.8494611150490232,0.9522810595617146,0.8557066808863543,0.645062581820835,0.6775883994129376,0.8098013293903442,0.7078672584766723,1.4848745833801889,0.9174431705407287,1.3971404752491867,0.7137279485106487,1.1971344329521723,0.7804222457085387,0.9261989714777308,1.920073981189844,0.7341922352691514,0.5900047697050397,0.4780470471790029,0.5045035142932015,1.047553687146947,1.013262168829482,1.5747540095635204,0.880135339328266,1.8991567616315304,0.9945035261279322,0.6495181749720357,0.8011553205588073,0.9948308502471674,1.1226667837292807,1.212292186996297,0.597060081731286,0.913791905925222,0.8372138965167117,1.6097970815081875,1.0874071825785618,0.5644987078972518,0.5863861982748959,2.1705862184742157,0.6463411441489024,0.9601203676387418,0.7762420756107294,4.295906669165568,1.6099543099349152,1.1123326576432258,0.9951783303631467,0.7681609172044883,1.3676029083238563,1.7661576227311122,0.6419481348330562,0.6443133055054817,1.4197874952177039,1.2657556911713337,0.8053801959011802,0.7981537896625055,0.5920304062985587,0.8237772975712669,1.0511002041573212,0.9315722027356548,1.2350286914906539,1.3997091939207214,0.7230249200529009,1.2087449925945517,0.8583750673875704,0.7329923596433308,0.7757551246142249,0.6455532765202041,1.0666360095546152,0.9761599571389242
Czech Republic,0.8113068163308823,2.6132156354949467,1.1892249030358073,1.3929933377833823,1.0057522267477723,1.805060132582779,0.625587788377052,1.093934247437117,2.4608913678231805,2.1155498877872896,0.6116972241993559,2.308534093493,0.9824971963086677,0.9579163322591653,1.233187439664643,2.0937982347941104,1.1007691148335879,1.7767022104216044,1.1661783953912297,2.6678148383070854,0.6516337305831222,1.0,1.7329344188141274,1.161469090388169,1.2249498063907773,1.2606806241577837,1.0736419444522567,0.8808607906414414,0.9336392759679508,1.0544078251597506,0.673679339114504,0.87321843899311,2.313210760502035,1.2597520682776904,1.957663961047009,1.2888179022198893,1.4901314209172936,0.8919135753133717,1.357058223112566,2.435829798301066,0.4571578310316221,1.1626635380443198,0.7062621299242549,0.6693788158763452,1.8283439485877666,0.833683262782319,2.1612911900990626,1.3839480564933848,2.7413115179223677,1.2404079479990082,1.0316952310602217,0.9273600326677598,1.0117124421998727,1.5072181286148556,1.8189342796154573,0.5622280029260331,1.3069971249677212,1.1991788164626735,2.689944285956683,1.7397604332466785,0.9984375914636922,0.9032956718240945,2.865657641603413,0.7402384605938792,1.4394041578793821,0.6932443517823776,5.244844265301636,2.197972673222124,1.472043015230777,1.1038628943649655,0.8299543167793841,0.7776782489670596,2.2033291096003746,0.7620231349578316,0.6967513811758851,2.000425667958462,1.7239524067846128,0.9681590548990961,1.2162295233453944,0.43324602593624023,1.2842987695388124,1.780323476227759,0.9287682186505389,1.7954860695748847,1.9212614610858356,0.9775368646387036,1.0321239932296091,1.5466649468829088,1.095209166341183,1.0998580422031925,1.2384456505268369,1.6396590464979957,1.2168548675307616
