Country Name,Albania,Angola,Australia,Azerbaijan,Bangladesh,Belarus,Belgium,Bolivia,Brazil,Bulgaria,Cambodia,Cameroon,Canada,Chile,China,Colombia,Costa Rica,Croatia,Czech Republic,Denmark,Ecuador,"Egypt, Arab Rep.",El Salvador,Estonia,Finland,France,Georgia,Germany,Ghana,Guatemala,Honduras,Hungary,India,Indonesia,Israel,Italy,Jamaica,Japan,Jordan,Kazakhstan,Kenya,"Korea, Rep.",Kyrgyz Republic,Latvia,Lithuania,Malaysia,Mexico,Mongolia,Morocco,Nepal,Netherlands,New Zealand,Nigeria,North Macedonia,Norway,Oman,Pakistan,Panama,Paraguay,Peru,Philippines,Poland,Portugal,Romania,Russian Federation,Saudi Arabia,Senegal,Slovak Republic,South Africa,Spain,Sri Lanka,Sweden,Switzerland,Tanzania,Thailand,Tunisia,Turkey,Ukraine,United Kingdom,United States,Uruguay
Albania,1.0,1.1978528736786827,0.3026976813705465,0.748180486464838,0.5825258274404503,0.6593409645583947,0.47703728264500966,0.7485404788956727,0.7286667804603242,0.8801843979628399,1.1357052719483929,0.7274029307394421,0.45116441102665406,0.587008613310584,0.5453071371270248,0.6408043332109971,0.9277073380383846,0.4789871901522019,0.7147430786720493,0.9364958901848817,0.5316401122023835,0.5750405062801649,0.6752983627548726,1.0955659079829991,0.3017673739819652,0.4054282638652361,0.9112802998450052,0.9351819312132279,0.5424413427583551,0.5673346871767728,0.7877499553594547,1.0863500859252437,0.36313050678012615,0.7417747179349944,0.9193813627970373,0.6609723983934672,0.37588610174131204,0.5828313908296232,0.5835818450443377,0.7411018556083667,0.6060529548919006,0.4412389606560553,0.499335179532077,0.9919513013629515,1.0543861505114658,0.45347541487506693,0.890617407130319,0.5766509455021775,0.2730546365188752,1.1028321851542997,1.0535883791983287,0.7097819208580928,1.1867607681813823,0.5266752894492589,0.5304350214139828,0.4807441127272856,2.431396798935327,0.6003427673028424,0.6097656731793523,0.41391444051383164,0.4516252472739025,1.0855464507553114,1.3533712156979458,0.386896491072171,0.5717679158070698,0.5337814982777525,1.0709074550519875,0.6069813121698038,0.31774666071797,1.2213678308627511,0.7224260599574485,0.7597444577624606,0.8092403868298621,0.583203502620297,1.38089128713777,0.5447788185875571,0.6652971989507429,0.4387262680493906,0.878493120168582,1.078111271640492,0.8604272411021803
Angola,1.1978528736786827,1.0,1.0479196543739677,1.7503181622619175,1.061259120094771,1.7173208979498276,0.9824007290027446,1.0193158203146924,1.1893884254260956,1.6302619006437518,2.0778632033692643,1.6142805027148395,1.0238564817640006,1.4948445653418252,0.9631958921246103,1.563058983923263,0.6353174840372059,1.077479007183347,1.534184453585368,0.613546415930869,1.3149939666848847,0.8603899968478529,1.6324210221232913,1.4271627112448575,1.1899552239197575,0.8797787147662568,0.8381108574352365,1.8555133938344162,1.4599318711186495,1.1388305595890034,0.9074251166502286,1.144793401539666,1.0456561827267643,1.6218436289819564,1.8965531107839972,0.7922535859161972,1.023152776686225,1.3774588302637165,1.0791532249845415,1.7722080014554782,1.0224501163310906,1.0776038759675421,1.2175308672966993,1.1867297936971735,1.3420723801589933,1.109083123051074,0.8494471355661738,1.325291154375095,1.2785716110379908,0.6779140965920142,0.8690036412553389,0.8603895323760586,1.0625996760069176,1.3580637466743926,1.0486679455839643,1.361654345011625,1.8058969573365689,1.3345044296190567,1.4664812380552146,1.382210748309693,1.2533147315938382,2.0241361547383283,0.8282262087085748,1.1994016500243367,1.4902529257698716,0.9717320460320189,1.4220874167418682,1.5245236292067657,1.2039459858202242,0.630075095882107,1.7644745159524815,0.8192229674562693,0.7211123679488264,1.2684312886714866,2.3235671085817047,0.8692386975228529,1.0523216613352977,1.1309066506627867,0.9652355730450302,1.0539558845111776,1.83844565600176
Australia,0.3026976813705465,1.0479196543739677,1.0,0.8406191850615168,0.516072285456778,0.8055467433569935,0.509829450850108,0.6316553565474784,0.6204535996870006,0.906262080796109,1.3646221657006081,0.7354353438213791,0.3544471717630711,0.6361528677241601,0.5035721885059172,0.7083030703754014,0.7384399063841668,0.48438897409214804,0.8310900546039813,0.7898201224158087,0.4905891176710287,0.5062747644135202,0.7932526762803486,1.0098119835893977,0.2540438764272785,0.2937788571913715,0.8263129843399891,1.1124649753848639,0.5879617404028732,0.6001545201427778,0.7099957990695707,1.0802103281967428,0.35773130666662795,0.913100559860608,1.0575601723002066,0.4904437180419243,0.30404083620543193,0.6291459571597136,0.47833581868713576,0.8745551933360819,0.49793604705260686,0.3665102482404553,0.5124920115829552,0.8622707827259344,0.9446213092370016,0.4047843646740033,0.8213519252777436,0.6632781799880669,0.35932051107571805,0.9304044326665245,1.0450832893888606,0.5479182764136586,1.0342105086571811,0.668163580698195,0.43245630491242815,0.6343996430210844,2.2870995292828122,0.6120494943132857,0.5985987747027904,0.505683640427411,0.5535737039059206,1.216073774149107,1.2863345946399896,0.48690892162886956,0.625610068099727,0.514949705335805,1.161976522799827,0.7118108024877888,0.3446573372375683,1.0706298082740755,0.8516130907643172,0.7023080324721259,0.7242598170110152,0.6610164399881447,1.470879046770212,0.40277939406958907,0.5679059068873283,0.25334269165621487,0.8214655305456373,0.9861221996456618,0.945152356787707
Azerbaijan,0.748180486464838,1.7503181622619175,0.8406191850615168,1.0,1.1526776811792663,0.21425940545022013,1.1298439278837744,1.2164505942883426,1.0407001198851522,0.700093739334436,0.980066584429481,0.2736953406533311,0.9501036504939887,0.6490526227783182,1.1442624765302167,0.3437716410116898,1.4907387656812394,0.984402254026001,0.7690293783612628,1.4810244884647803,0.7419643201975084,1.2278492012303461,0.7023161680589559,1.069979712800139,0.6920879445004072,1.0412863150367795,1.4687299473888689,0.8702558528743882,0.5033055580015636,1.0260256444402156,1.380956763392054,1.4925223422273826,0.9288392920810739,0.8607762383108286,0.615297949274306,1.2302346341648513,0.8910994953264232,0.7326108353395004,0.9921792344078214,0.225808831669685,1.036957578577259,0.890874957062158,0.8731866340305635,1.16429275784784,1.0764813091920327,0.9282078626085819,1.4630536292506309,0.8912568613228824,0.5895606589093927,1.6584807253066995,1.7316613888990524,1.1343989763408344,1.5739851359275692,0.8519039083700376,1.0104813687244425,0.814430978951194,2.8420091673306014,0.8370824117125433,0.6003117923189849,0.6149703758741176,0.8776866143684178,0.7113896279928131,1.9699333574434421,0.8710970454511802,0.48973210853362,1.1205141025515593,1.4413426929286446,0.5563966638688472,0.7229380744301669,1.783471849070691,0.4508511052934176,1.3642811428879427,1.4388498140782204,0.8506867974183575,0.7298584891198595,1.0746071633355252,1.1776634618715733,0.7770146736840313,1.3332006473316464,1.4698451128859205,0.4844427716924555
Bangladesh,0.5825258274404503,1.061259120094771,0.516072285456778,1.1526776811792663,1.0,1.0716712066479375,0.39535517979168283,0.4971081572985537,0.6423224363658204,1.310737423109976,1.4411024857145969,1.1225084734372086,0.4409663198647707,0.7012603453608881,0.24326757024961934,0.9929009078369617,0.6884876433934316,0.7975561287490373,1.0409820977061632,0.7743061590330617,0.6308188064717837,0.47442133219927174,0.8166200906082649,1.2602445584750992,0.6340262081602067,0.4424537782528145,0.6267964567411758,1.1119617052642903,0.9949529087052487,0.4751126750952012,0.7295499113683176,0.9988979284246654,0.3384574099138481,0.8306795569040364,1.1965958255840063,0.6780644339783277,0.6240544221030323,0.7740395921135327,0.47382182045751764,1.1264513675868928,0.4387127604306115,0.494201146102019,0.575978254694229,1.0584527814549565,1.2652027623068958,0.3319211580895579,0.6292856866959272,0.6632025841668997,0.6147994319923243,0.9454974830172532,0.8732976201671966,0.7225098085443591,0.9612859096103122,0.6247113984655619,0.5776100439473922,0.672645393843009,2.2348767343362295,0.6091689668956595,0.8593320539622974,0.6329945484990218,0.5699992768018886,1.4508612788919009,1.1262914493882803,0.5933124971914895,0.8660169850928947,0.3369885176414767,0.9754395175576651,1.0115444148234813,0.5411430945692599,1.064660758230667,1.019103803523405,0.5128647284651687,0.5060519008724308,0.697988795845599,1.7277642600263425,0.46800841026960316,0.32165207977686056,0.6738239986696262,0.7740308619495544,0.9109950817589142,1.1662998785288916
Belarus,0.6593409645583947,1.7173208979498276,0.8055467433569935,0.21425940545022013,1.0716712066479375,1.0,1.0201465825486165,1.1728783575416712,1.0123565154004013,0.7274907554857873,0.8373948407570148,0.4063246754766731,0.8853129507160485,0.587911716066193,1.0485732146770625,0.3909939186903241,1.447527520048587,0.917882518870049,0.6662162666184454,1.4296231982270193,0.6950502456709758,1.1371395990205424,0.6118869231750694,1.1075245223203958,0.6423746402961682,0.9808072869012431,1.3981700761466163,0.7055118569051411,0.5396942148399624,0.9310722274288732,1.307790132337177,1.4188032596902564,0.843777270275037,0.7161889294014341,0.502988010420149,1.2035790025744588,0.841976228514613,0.6553440293231098,0.941474180971507,0.2310157143684433,0.9959211668151312,0.8469947186128974,0.7900391894969703,1.1750944502875924,1.1249940599680368,0.8471213565618608,1.3829625161485744,0.7898996853665385,0.5227649418917482,1.6375618433997425,1.6202099100581278,1.121613980996377,1.562453972657243,0.7103400013561351,0.9377036105193605,0.6831316783844824,2.8397928010717037,0.7819813154721689,0.6148521379960498,0.5171292187421319,0.7652750035801822,0.6235664809124585,1.8884593475748117,0.7543788474119197,0.4715475378027141,1.0220408133038015,1.321703859642711,0.4652862567656338,0.641683780395892,1.7512294443883136,0.3353084513601096,1.2757952228908844,1.3499352155205044,0.7389813035278686,0.8280965687888218,1.0219913190195176,1.1034301259548747,0.7890990008846139,1.2755416490471678,1.4177219538536312,0.45158536191721793
Belgium,0.47703728264500966,0.9824007290027446,0.509829450850108,1.1298439278837744,0.39535517979168283,1.0201465825486165,1.0,0.64983693095901,0.788982263120381,1.2148793323939922,1.3085463983283632,1.1056252490540557,0.36468152650458285,0.7307112118402563,0.2490403900126293,0.9579206439907569,0.7244788593604722,0.6529869155383923,0.8476356627279361,0.6733334890882537,0.6711577436208078,0.4005605802883458,0.8072137460721195,1.1528387018947972,0.5890732417856855,0.3715213016535359,0.56164384074707,1.0104988418449243,0.9443202864717835,0.37489696053982124,0.7382145506740679,0.8236446810674075,0.30818066672237887,0.7850371684693525,1.125193746287363,0.686383884736554,0.5293157406596422,0.6637769092880442,0.6068137884067021,1.0870439053281782,0.5907592109094514,0.5270635128965336,0.5329017093974217,0.960816490378757,1.1602881073322333,0.3899107966907394,0.5253247210518782,0.6161596722873537,0.5963904357097587,1.0179340402065458,0.7143162914066211,0.6441819857570329,1.1360410005417838,0.5028396429181111,0.5563004410418877,0.5205767173619835,2.3334371060749937,0.6771473867621564,0.9077287311382484,0.6335283437943284,0.42076185918408576,1.352440669714073,1.027519484301543,0.39909521512479,0.8075469527595077,0.29831378558678495,0.8112438456360728,0.8778420844860273,0.5258846415901259,1.0144747850163705,1.0018091425548632,0.3555124361757346,0.45149713443134126,0.581771542715776,1.7502986790275732,0.49689126410082096,0.4619319874378562,0.7057211273799731,0.6387367098728154,0.8151647453210953,1.1761804533581943
Bolivia,0.7485404788956727,1.0193158203146924,0.6316553565474784,1.2164505942883426,0.4971081572985537,1.1728783575416712,0.64983693095901,1.0,0.36371220343018185,1.4619173249326636,1.5894264015427741,1.1754797022561212,0.6618285395507848,0.8383687625179592,0.5440407487087665,1.0600785369375079,0.80359559294706,1.0104931972649287,1.2791332535563844,0.9533824570235538,0.7093175705691394,0.6911044761065046,0.9332789885036167,1.364865838241891,0.7232767064849542,0.5667660062899413,0.8728740388726033,1.2960321731681061,1.12121260358593,0.7240859189739595,0.7865424747562964,1.273632908300546,0.540037511415216,0.9904048041731225,1.3648462943348947,0.742035505983887,0.803544832655261,1.004029939990174,0.3551971971483739,1.2043830251406715,0.4290519484049974,0.4350832950117074,0.8096505653693143,1.2064645341684406,1.3950746632167625,0.48234208640997606,0.9051072248686718,0.6094438017998641,0.7372241735620327,0.844726833954981,1.0691786241794863,0.8785050059936819,0.644283784178404,0.8934538961608605,0.5458180463949995,0.9339098963588813,2.0326517617508384,0.5529334628962135,0.9032471533017392,0.7371329410256485,0.8567717434660718,1.6134500801379503,1.3394123712709065,0.8536074468591972,0.9603544492233169,0.5074395550127949,1.274437875226807,1.209131182742401,0.6317335246564225,1.2151634573702006,1.1298666326077007,0.7353730732947019,0.6183728260595545,0.9030472835159628,1.7284984346596164,0.6384818370186851,0.45501731611819185,0.6737288661008208,1.0327320799896047,1.1610652885988302,1.2159717625822446
Brazil,0.7286667804603242,1.1893884254260956,0.6204535996870006,1.0407001198851522,0.6423224363658204,1.0123565154004013,0.788982263120381,0.36371220343018185,1.0,1.3422518511424668,1.5049429809573065,1.001915720843542,0.7426127597175317,0.7977848289498465,0.6963120739674107,0.9343259960901087,0.9295140171813681,1.0035749458686556,1.2403464124826231,1.1023196688550359,0.6422335401633928,0.7758180696053806,0.8792784542740548,1.3659471316523688,0.6492671384698343,0.6423151980957985,1.1032158964556487,1.2318255129772133,1.0253609186183874,0.8519453698078693,0.8225017500604563,1.4403963651966907,0.6069638644336898,0.9794960707806201,1.252058742174736,0.7853990447659943,0.8293237693230499,1.005243167725748,0.2724915058974159,1.0507316336073789,0.4413149965838474,0.42458375670175197,0.8288047425811687,1.2610634089590391,1.3895869679566457,0.5383985198898907,1.1172793878145677,0.5688127813298259,0.6430043680591355,0.943873755936731,1.2498258659046368,0.976380761854055,0.6233186057909315,0.912286682539127,0.4963028224311488,0.9713497077593242,2.1060824574877177,0.5120282076452268,0.7586143004746374,0.653337811663829,0.910663654916009,1.4502820764695539,1.5436521592468395,0.8965489813691462,0.8919462498602954,0.6112018268289166,1.4311723916941,1.118420884421592,0.5348589873278327,1.3881166660822168,0.981820154713677,0.9308007485931385,0.7997406143313844,0.899006876122707,1.5220152477229574,0.6898876764464483,0.6091962963841109,0.5961638164558973,1.1931645468792813,1.3270374915150434,1.009645153003394
Bulgaria,0.8801843979628399,1.6302619006437518,0.906262080796109,0.700093739334436,1.310737423109976,0.7274907554857873,1.2148793323939922,1.4619173249326636,1.3422518511424668,1.0,1.2740554926909768,0.5631848853463397,1.0268318124677263,1.052583119475734,1.2555579600500955,0.8118187357918049,1.4047520309241381,0.7700654281474206,0.7527625435916374,1.3509124096103724,1.0386780913335287,1.197749951867465,1.1616335158482234,1.0090921041418077,0.8397402340850612,1.1020597965349448,1.4513163800333726,1.220202994642637,0.538139295756972,1.1931374104483798,1.374637041524863,1.4041135504229656,1.0993096485589227,1.251543315325141,0.952064739337971,1.166941273300989,0.8332796307309138,0.8486875067279064,1.2313493743280932,0.8368234195554247,1.2566542624485335,1.1530684859351756,0.9651094815051873,1.0464753888593068,0.8339694759740226,1.137029609501108,1.4373222150774099,1.253782364217117,0.8683161038532028,1.6261307315915738,1.650599451798071,1.0530430140231266,1.769439089381846,1.0730784101182178,1.1308786984990584,0.9824966015256824,2.7918343541301263,1.2471894076714718,0.8961473123893945,0.957067920439727,1.0148040800323126,0.7939287059793666,1.7820507696785786,0.9268785156870689,0.8721598451256449,1.266231261547775,1.5081961348539727,0.5317090037149211,0.9445679740924443,1.572359388478554,0.9152487198676045,1.3999612559827337,1.4883883259350317,0.9905508984604968,1.1944466854068332,1.092942661643609,1.357337076438034,0.9277853770407738,1.266980737685297,1.3809802008622856,0.9023977289111234
Cambodia,1.1357052719483929,2.0778632033692643,1.3646221657006081,0.980066584429481,1.4411024857145969,0.8373948407570148,1.3085463983283632,1.5894264015427741,1.5049429809573065,1.2740554926909768,1.0,1.1792928447294144,1.3020345864254474,1.0225812300434909,1.3707215859917623,1.0774766928473076,1.8639284299779943,1.4057079190009993,0.9740997695558398,1.791451112905844,1.185679261331864,1.5281008151776858,0.9037887390433245,1.5083079801028225,1.2388516070497937,1.4509804426035233,1.663895607537234,0.6106180146093527,1.2210942388518975,1.2048783510517973,1.6902114483504938,1.5816517751557966,1.2537743019653937,0.7760970117289977,0.6588602003398801,1.730160613705964,1.3723092459428137,1.025804570158415,1.4272958651941534,0.8992117579732303,1.4736094855551716,1.352941643184249,1.1591857142011515,1.5871266135531572,1.6074485614735567,1.253220789460068,1.623393408867513,1.0443158040061145,1.1180999642198712,2.114693844451714,1.8141780599893242,1.593777146316567,1.999350045050288,0.9462493854919024,1.4031048529181667,0.9303277289328463,3.21865834797966,1.1903304942904263,1.1931664727842517,1.025693935464025,1.0769940940576843,0.8419376004723019,2.097001188494892,1.094767173264137,1.0406522588975389,1.3507043073668425,1.2901663858183874,0.9700569086021239,1.1477787974914977,2.1356902510954328,0.7994102586060255,1.553165714193684,1.6469787873133732,1.0681411917112444,1.199539815871399,1.501098655010779,1.4367745203839202,1.416391967561745,1.5617336579592072,1.651705235312361,0.9357315871954408
Cameroon,0.7274029307394421,1.6142805027148395,0.7354353438213791,0.2736953406533311,1.1225084734372086,0.4063246754766731,1.1056252490540557,1.1754797022561212,1.001915720843542,0.5631848853463397,1.1792928447294144,1.0,0.8814539906720432,0.7098950757715968,1.1101430743288832,0.3964801905130955,1.361701161995513,0.8714101455820225,0.7770458183131548,1.3568046558858347,0.7059008984883443,1.1503659703996738,0.8315265190808261,0.9450922980442068,0.6043493692372897,0.9596301889371406,1.4008921046069576,1.0335289397822824,0.38591301048413473,1.0284720622464958,1.2821787572528818,1.4529869790455383,0.9031651329676933,1.005732114425065,0.7701802093493826,1.0950781345058496,0.7818750577287236,0.7258697685860048,0.9478840881364944,0.4510256550277579,0.9908327830271841,0.8463012392242947,0.8493767839131429,1.0250363232834754,0.8991010315169609,0.9038861581826843,1.3991694108723256,0.9481093375561248,0.5763119033171378,1.528599316776856,1.6735452851028672,1.004605704428404,1.497901433621951,0.9106647643711612,0.9271153346939005,0.8612614001317423,2.724361616974536,0.87420368082809,0.5686692154760435,0.6543644131364919,0.892101709055535,0.7999115638326947,1.8823462135348286,0.8558785690429982,0.5175187808880195,1.0970146083794676,1.4850952318260568,0.5300629906273266,0.7019835367811665,1.6398624516718603,0.6022197561691219,1.310485470940811,1.3738084928830319,0.8679522790178682,0.8805064331022159,0.979233356246612,1.1369384677057652,0.6516644402676018,1.266939820792677,1.388173892168807,0.595292967745987
Canada,0.45116441102665406,1.0238564817640006,0.3544471717630711,0.9501036504939887,0.4409663198647707,0.8853129507160485,0.36468152650458285,0.6618285395507848,0.7426127597175317,1.0268318124677263,1.3020345864254474,0.8814539906720432,1.0,0.5551401824293722,0.3381739911629477,0.7710630268355175,0.7151551010644328,0.6226712154773212,0.7368985311157535,0.643453010510281,0.4756355586318324,0.529836736976866,0.7289155317765291,0.8766317656807401,0.42499960379435975,0.3790859759966335,0.5923208141631331,0.9940973084159218,0.7665128322091521,0.33908340945951826,0.834326276687609,0.8160654006691007,0.2748850939664531,0.7878863838753861,0.9943978884382975,0.6927570083751046,0.40679133822823516,0.4415332197874285,0.5586377670620462,0.9472888457830937,0.5437080328800562,0.4623637230290588,0.3899377748177344,0.6839813773518383,0.8857352890259265,0.2976949264968656,0.5695669802478701,0.6188629838034865,0.47729050985358806,1.0791527076372522,0.9801948719424205,0.4449247379979929,1.151525030218733,0.48720046901844,0.5392324163254208,0.4616156436808008,2.420317849659363,0.604728450641554,0.7191005442597819,0.5223720678975015,0.3811001438943583,1.237698735416213,1.1733928618630756,0.3329709333126761,0.6019455547490605,0.4186949683899341,0.8853845791503728,0.7168701063094176,0.42687402426866544,1.035396982524857,0.8782103482707413,0.49838871592878414,0.6216736676211375,0.49674422188040396,1.5903147778196531,0.40276726936522406,0.4433891338212131,0.515661048626889,0.5742676025729145,0.6898932411338853,1.0392635037734141
Chile,0.587008613310584,1.4948445653418252,0.6361528677241601,0.6490526227783182,0.7012603453608881,0.587911716066193,0.7307112118402563,0.8383687625179592,0.7977848289498465,1.052583119475734,1.0225812300434909,0.7098950757715968,0.5551401824293722,1.0,0.7002377408061823,0.5101902396963436,1.1826020269993414,0.955367020844607,0.718144655135723,1.1595755616896586,0.44965819780987165,0.9568571037336484,0.293437844289487,0.9647735545965824,0.5635424961079629,0.76229691406911,1.0200318572678078,0.6708309690278632,0.7556242967753455,0.5260085882501161,1.1709496339978662,1.1297518670530566,0.5381813730959288,0.4902519850935446,0.6500037965045244,1.077012064015644,0.7465518609285167,0.4397765886723546,0.6834198486569492,0.5849506757392885,0.6911061640739133,0.5792407428587956,0.5684737383902442,0.9429485161547558,1.0689186907869088,0.4849644094072923,1.0096531338093095,0.5360788586655956,0.445128604973474,1.4549257801211477,1.3975062611925793,0.8823623772276048,1.3279067533313251,0.45521069476783765,0.7851217465979278,0.4737749643758542,2.7146901891338064,0.4121721754678275,0.5920477868301944,0.3276077924021732,0.47629384685916887,1.017680625433766,1.6473266185972295,0.5638840726718518,0.331876962655361,0.7107345855888318,1.0065194864577458,0.6686442969085392,0.5018661535841139,1.5274848680895594,0.5084809633596362,0.9157334730680702,1.0386365857725082,0.5726980457905637,1.1831378800156949,0.8092465386504176,0.6840253053522506,0.6579003358432858,0.9648060282439378,1.0604312143243297,0.7472361451785742
China,0.5453071371270248,0.9631958921246103,0.5035721885059172,1.1442624765302167,0.24326757024961934,1.0485732146770625,0.2490403900126293,0.5440407487087665,0.6963120739674107,1.2555579600500955,1.3707215859917623,1.1101430743288832,0.3381739911629477,0.7002377408061823,1.0,0.9789509450943888,0.6467957668957144,0.7375681582186715,0.9488549420786023,0.6721618837673227,0.6302189644832522,0.41003628271034476,0.8202628963244014,1.176294090295122,0.6087134106104685,0.40039841034500967,0.5332479702671259,1.0525418903737132,0.987277916708069,0.3590952578480753,0.7366264952375475,0.8696973595989673,0.24990377961255142,0.7805358623317072,1.1493541262252998,0.6967883831811108,0.5751872422158569,0.6810560301936468,0.48697843309017713,1.1200886975058337,0.4543631558101287,0.4938782393913581,0.48323159649286135,0.9697705210470908,1.1856112927325064,0.2838809057920861,0.5158067266038119,0.610963825272647,0.6004983070648799,0.9757064747944086,0.8106607887834619,0.642886202687787,1.0226966296929008,0.5264590393849294,0.5453447044228135,0.5757002943779264,2.2931204503704055,0.6157569767398966,0.8682067831437695,0.6189803872799109,0.46608682555641734,1.3998532159470427,1.0576952907001422,0.4715188034448409,0.8357741745297632,0.19958696268642703,0.8496363648630174,0.940889535260746,0.49396541804162414,1.0290286386728316,1.0100464625857868,0.3890609825458264,0.4175315965242776,0.5685066543387914,1.7476005900939147,0.40777182905484843,0.3276015374151522,0.6882525299441956,0.6556103844137264,0.7935323101781494,1.1605708511270285
Colombia,0.6408043332109971,1.563058983923263,0.7083030703754014,0.3437716410116898,0.9929009078369617,0.3909939186903241,0.9579206439907569,1.0600785369375079,0.9343259960901087,0.8118187357918049,1.0774766928473076,0.3964801905130955,0.7710630268355175,0.5101902396963436,0.9789509450943888,1.0,1.318296553743468,0.8916310485720585,0.6841961021016931,1.2801108564190644,0.6244734489034877,1.0856512221012453,0.6122909651647716,0.926617257567828,0.5770260497074872,0.8501756699714764,1.2499227486280937,0.8770749402988535,0.48873779835775566,0.8271093870751756,1.2788216347151045,1.277602016962152,0.7518190340705596,0.7899673698443829,0.7192083877928215,1.08010947434925,0.7322336337786843,0.6095083804946382,0.8600578692787003,0.29425863520270246,0.8659188407545727,0.7106754113423699,0.7670570714986007,0.9836717278887401,0.9595684509792732,0.7782059199440683,1.250072425793302,0.7843156129357509,0.4594648432816418,1.5082832774202812,1.5660113322848808,0.914907024206192,1.4432406016654225,0.7131908115051001,0.9195706744224299,0.6846181002276165,2.746900174732891,0.7052384287397963,0.5582435972679212,0.5106028117786529,0.7074900126850139,0.9195194602004869,1.7850251720321286,0.7263014630574237,0.29304935883232,0.9528460483220279,1.2640352455704813,0.5619631814775884,0.6241148742695309,1.5837299295138352,0.5727979215743433,1.1463156238634693,1.2580991789438365,0.6976039023771083,0.9691762814098963,0.8960729659623052,1.0328902025618774,0.635974620151315,1.1026636928045277,1.2731747797274122,0.7208743324095879
Costa Rica,0.9277073380383846,0.6353174840372059,0.7384399063841668,1.4907387656812394,0.6884876433934316,1.447527520048587,0.7244788593604722,0.80359559294706,0.9295140171813681,1.4047520309241381,1.8639284299779943,1.361701161995513,0.7151551010644328,1.1826020269993414,0.6467957668957144,1.318296553743468,1.0,0.8227358390175176,1.2694122947002513,0.44512900749773887,1.0224708423560631,0.4925764120632878,1.3280244049820005,1.2958204531309423,0.9026110009781942,0.5904830816597184,0.6544996197650321,1.5680128213632436,1.210640540124553,0.8951936993726899,0.6918118239461545,1.013785818815321,0.7493456989987728,1.3495988164849446,1.6004558509032716,0.5763571386418034,0.7706958159525044,1.0979594512032986,0.7889694693007138,1.510712220222076,0.7342485785620507,0.8147310304143534,0.9138983002266086,1.0209267368132595,1.2057832609215713,0.8018844673512981,0.6350362082111135,1.1179210275937785,0.9925680616345031,0.6392281131333549,0.7542842227785027,0.6474214675073655,0.9661525656525278,1.066996565481723,0.7591625266248109,1.0932787991819242,1.938095835258444,1.104024663004346,1.1605392667256602,1.0845384975500885,0.9579942784709509,1.7365305821417145,0.8185788816273402,0.89616119813239,1.2210635172997728,0.6633089308930689,1.2336309686849871,1.2535931281218422,0.897641815071326,0.6377947698710167,1.454073875743314,0.585993594316501,0.4963906845489367,0.9869722977355729,2.082947731965725,0.49295697989316667,0.7429156619065173,0.861740074173917,0.7778338164409446,0.8840270299046807,1.5431410363587483
Croatia,0.4789871901522019,1.077479007183347,0.48438897409214804,0.984402254026001,0.7975561287490373,0.917882518870049,0.6529869155383923,1.0104931972649287,1.0035749458686556,0.7700654281474206,1.4057079190009993,0.8714101455820225,0.6226712154773212,0.955367020844607,0.7375681582186715,0.8916310485720585,0.8227358390175176,1.0,0.7653465572556688,0.7910124686697967,0.8231516807833306,0.5248459668898573,1.0690719389217647,1.1060569073663464,0.5290303995496909,0.5085250635108758,0.9217452834446835,1.2275746984274352,0.6021774006468357,0.8221541401577345,0.7762299319994888,1.0413075079461025,0.6512479580032485,1.1122226505242667,1.1697568867592125,0.5478496631589372,0.3259614858113355,0.7712587591425261,0.8551915127021865,1.020957618089962,0.8593006180993977,0.7534103556493863,0.7066614607820922,0.9463173541505082,0.9454753946559771,0.7581433351656193,0.8976187905313812,0.9794526398986626,0.6241335278599323,1.0285774250412059,0.9521778117411572,0.6341872098274709,1.338329322656372,0.8046256414178601,0.6891190641634585,0.7379263794074208,2.333639363502833,1.0127455237554635,0.8786744256037415,0.7849149608993973,0.6958911268936209,1.1873780900961974,1.1527591191168387,0.5609066532378811,0.8612240386771838,0.757778445647865,1.1867035265781358,0.6745649633668167,0.6508244338669572,0.975385547509664,1.0378968287907908,0.8219770231271584,0.8688133279616418,0.7609694571518746,1.6172451389695641,0.5592881446951716,0.9187522968914743,0.6305012684280255,0.8449120912263198,1.0519153369706724,1.1286557424016552
Czech Republic,0.7147430786720493,1.534184453585368,0.8310900546039813,0.7690293783612628,1.0409820977061632,0.6662162666184454,0.8476356627279361,1.2791332535563844,1.2403464124826231,0.7527625435916374,0.9740997695558398,0.7770458183131548,0.7368985311157535,0.718144655135723,0.9488549420786023,0.6841961021016931,1.2694122947002513,0.7653465572556688,1.0,1.1095307425688516,0.8375611058520217,1.012757786581023,0.7654456608736819,0.8062493437350571,0.7263112977736351,0.9065487436367229,1.112906598736516,0.7179851376854421,0.7112950715702187,0.7669049206609496,1.2797734871768076,0.9599584378329463,0.816795195474676,0.8136600615101753,0.6481764745156169,1.167750033690155,0.7451159524986276,0.45571082912369326,1.0899250370180782,0.7208645450104259,1.0837464239004828,0.9428983048863158,0.7715897282067713,0.8335639459887149,0.834148798510879,0.8628540466307509,1.050978443524705,0.9484484289475263,0.7042394379353071,1.6263304426706684,1.3379802925772466,0.8921472011806139,1.7288047055949367,0.5837819129609366,0.9918823379577407,0.5367764866044464,2.8831925883477654,0.9947754855820636,0.9238537845332727,0.7144172056329225,0.5828127114394349,0.7649496834034059,1.5413387252339814,0.5499091596916434,0.5723746573782557,0.9597439239119475,0.9451289903066247,0.32284696659397033,0.7841991580067692,1.4624643202727707,0.7340108936046191,1.0007854763135728,1.184531045371306,0.5992128815480233,1.3479050765491927,0.9449078605747091,1.0772028420688464,0.9228615328443107,0.9049629196951661,1.0187135802447305,0.9597113650585762
Denmark,0.9364958901848817,0.613546415930869,0.7898201224158087,1.4810244884647803,0.7743061590330617,1.4296231982270193,0.6733334890882537,0.9533824570235538,1.1023196688550359,1.3509124096103724,1.791451112905844,1.3568046558858347,0.643453010510281,1.1595755616896586,0.6721618837673227,1.2801108564190644,0.44512900749773887,0.7910124686697967,1.1095307425688516,1.0,1.015736209435534,0.6035171393875502,1.30613695982737,1.0586236882530264,0.9084559358028976,0.6406391574840178,0.489365223285276,1.4983551904544357,1.1882558958666245,0.7934209079218366,0.8479725042635127,0.7280171431960226,0.7679364210640107,1.323930629515718,1.5280827410452626,0.7065413940063555,0.7272365062646321,0.9666213935947005,0.9438075646814509,1.4871633389342134,0.8811557119379615,0.8943340631774622,0.8979206479987522,0.7711046549079885,0.9925887301961044,0.8314376520107147,0.41786390419204467,1.1292322666676078,1.0126109397125351,0.8954294068341612,0.7308159779720468,0.49269592319109723,1.2252914134197264,0.9884366944570107,0.8697682629029578,0.9856148632765062,2.1671587997945543,1.1443482959309588,1.2345673313936454,1.1041011037738684,0.8813628052347786,1.6845200022790545,0.7039894174859037,0.8180480586480613,1.1523780397248105,0.7363507502571454,1.0425439347492842,1.1568877808162354,0.9556465619772256,0.5279554954668484,1.4538305912696992,0.4755949674156598,0.5455372030942419,0.9228153970529872,2.1066587578098956,0.5885609665731046,0.8041778165849065,0.9250953504512082,0.5220343865180714,0.5847357537669436,1.5852819626246104
Ecuador,0.5316401122023835,1.3149939666848847,0.4905891176710287,0.7419643201975084,0.6308188064717837,0.6950502456709758,0.6711577436208078,0.7093175705691394,0.6422335401633928,1.0386780913335287,1.185679261331864,0.7059008984883443,0.4756355586318324,0.44965819780987165,0.6302189644832522,0.6244734489034877,1.0224708423560631,0.8231516807833306,0.8375611058520217,1.015736209435534,1.0,0.7977874141569312,0.6424165226233477,0.9760351241842468,0.3661106315403176,0.6254782923559916,0.9896836301624478,0.9088224929755762,0.7043971047338146,0.6299274118573958,0.9066540555873253,1.2126497818898216,0.5080344421712116,0.7611616375075069,0.8360346197826067,0.8678509226913133,0.6405438759279073,0.5577356264780498,0.5801504139566392,0.7630736181614455,0.6481422319717948,0.4925610498557226,0.5294522596596318,0.9167419162635729,1.0321434362145692,0.4429625854914906,0.9682293645135854,0.5239935249574693,0.4244946368695661,1.244389603196496,1.2841053582457456,0.7965733395843123,1.15052764245034,0.6022319431650947,0.5343277301962425,0.6003788720901054,2.498069642440843,0.4848951542538924,0.5090177504192541,0.46779335492025087,0.6233835806957966,1.0908755852528131,1.546085302854591,0.5776453744954722,0.49647908260948775,0.6553857506693413,1.185272062455848,0.7175272251154484,0.4188314451553065,1.366553876981552,0.6483536647913243,0.8805641732063105,0.8858568505378259,0.6849137650376304,1.341528949775905,0.67764550546934,0.5729789097468209,0.4901662680358173,0.9897148355242896,1.0554663424771011,0.7568948692821508
"Egypt, Arab Rep.",0.5750405062801649,0.8603899968478529,0.5062747644135202,1.2278492012303461,0.47442133219927174,1.1371395990205424,0.4005605802883458,0.6911044761065046,0.7758180696053806,1.197749951867465,1.5281008151776858,1.1503659703996738,0.529836736976866,0.9568571037336484,0.41003628271034476,1.0856512221012453,0.4925764120632878,0.5248459668898573,1.012757786581023,0.6035171393875502,0.7977874141569312,1.0,1.0571627268013195,1.2899571928589195,0.6324751207517755,0.3409843805015722,0.6673117273256169,1.2604123916560206,0.9648764647832874,0.6791656162306989,0.546035549140215,0.9830172501893896,0.47641726385810246,1.0526658023289814,1.321461180652371,0.46070081346019265,0.5054009430543186,0.8759607183727063,0.6132155378596518,1.228190112852682,0.6203924493077432,0.6136116273075098,0.6707476802006783,1.063319023602832,1.211354720005777,0.5629084969155479,0.648060642673641,0.8361756724314084,0.6950855781985795,0.767295338150984,0.6375876572025637,0.6502382914668168,1.0158646262520594,0.7619187472872173,0.5157211773043228,0.7754849999969446,2.1030437736077796,0.8852442975572737,0.9666786666846773,0.7921185051562121,0.6739465855851222,1.4482810391667122,0.9122100792780576,0.5907920352894602,0.9939313050405404,0.4195798426387495,1.0742661882122535,0.981259119774561,0.6047290140131398,0.8483272790867374,1.1610221351916152,0.5095331742311582,0.4338937961072554,0.7375411583182598,1.84478513952785,0.3505491510187379,0.6153393039706886,0.6968474175402467,0.7594618527321668,0.9519200218407182,1.264727246726095
El Salvador,0.6752983627548726,1.6324210221232913,0.7932526762803486,0.7023161680589559,0.8166200906082649,0.6118869231750694,0.8072137460721195,0.9332789885036167,0.8792784542740548,1.1616335158482234,0.9037887390433245,0.8315265190808261,0.7289155317765291,0.293437844289487,0.8202628963244014,0.6122909651647716,1.3280244049820005,1.0690719389217647,0.7654456608736819,1.30613695982737,0.6424165226233477,1.0571627268013195,1.0,1.1170432894783981,0.7238923506307987,0.8901530651839816,1.1434309638410671,0.571544099288512,0.8758113576231458,0.6321441009693826,1.2787758595202827,1.2131403150307234,0.6636905442026978,0.41171240288678823,0.6489119965126127,1.210224452946906,0.8905869007287507,0.597154336205172,0.8023099476923649,0.5802884762033131,0.827902794386051,0.6867608309080321,0.7493861753302415,1.1247255358949886,1.2356935677895864,0.6213526098428033,1.1340600665465679,0.5373758272352185,0.5630382569723219,1.573100611826958,1.4466285691013099,1.0531763124156075,1.417905046723823,0.5092131514154344,0.8979695123395379,0.5348651090011441,2.7931910894632552,0.5016638575818694,0.7783425346040582,0.417242683844457,0.5649944155450192,1.0248526596937517,1.734186665594884,0.6871624312411456,0.4526381403522251,0.8071958546150199,1.0184338723305129,0.7647176525924828,0.6279239627721114,1.670328229867004,0.5343154954267654,1.0113947527716634,1.1387058995281814,0.6611578172692609,1.1388359214250547,0.9613826112803666,0.8209529332299224,0.8209471825158936,1.0914160380892939,1.2120547749466133,0.7874629365599584
Estonia,1.0955659079829991,1.4271627112448575,1.0098119835893977,1.069979712800139,1.2602445584750992,1.1075245223203958,1.1528387018947972,1.364865838241891,1.3659471316523688,1.0090921041418077,1.5083079801028225,0.9450922980442068,0.8766317656807401,0.9647735545965824,1.176294090295122,0.926617257567828,1.2958204531309423,1.1060569073663464,0.8062493437350571,1.0586236882530264,0.9760351241842468,1.2899571928589195,1.1170432894783981,1.0,0.9641006153881971,1.1105866108176574,1.1517687636778322,1.2695687263587907,0.9707482013037785,0.9947840483372787,1.4668186586555012,1.0387423237572775,1.0776880172123464,1.2687435593991603,1.1064799718069613,1.2869040601765132,0.9728068478941976,0.7413727071135725,1.258519157690943,1.1017531489168466,1.2302532336610952,1.1070912934813464,1.0469864804606768,0.38204066955823573,0.34286527372275694,1.0758422416619702,1.1141510011367999,1.2125528224646747,1.0309950536142756,1.6526737654505748,1.603756092647527,0.8187800922935545,1.735119752060948,1.0489711731685198,1.196868643151778,0.9853756190492494,2.851207340483425,1.173380214373576,1.123336151285492,1.0694073347147626,0.9874051090056548,1.2689168453964006,1.6475069764148569,0.9728900789134151,0.7939156856856721,1.224353448979749,1.2446716259095432,0.8518817938078498,1.0941544700570491,1.400653262227526,1.163158140380056,1.150826039745672,1.3298030401710967,0.9942467576093725,1.5642803732509705,1.1029055316292835,1.1930491957100768,0.9994970575550313,0.9424319031416587,0.8750698718311766,1.298713852945442
Finland,0.3017673739819652,1.1899552239197575,0.2540438764272785,0.6920879445004072,0.6340262081602067,0.6423746402961682,0.5890732417856855,0.7232767064849542,0.6492671384698343,0.8397402340850612,1.2388516070497937,0.6043493692372897,0.42499960379435975,0.5635424961079629,0.6087134106104685,0.5770260497074872,0.9026110009781942,0.5290303995496909,0.7263112977736351,0.9084559358028976,0.3661106315403176,0.6324751207517755,0.7238923506307987,0.9641006153881971,1.0,0.4317065012671321,0.9650321549580202,0.9812261495871537,0.5009999807123685,0.6486136173302658,0.7772805514066096,1.159497485794626,0.4352749757010189,0.8406412348126163,0.8986845025538457,0.6546896651007279,0.3963990964546305,0.5659937630502203,0.5427799701876773,0.7289295657272364,0.6013501381448398,0.40897810523516703,0.5230604073173502,0.8781641299332396,0.9329035601234678,0.4588388198188037,0.9342442341602938,0.6067844681872652,0.28568383982201323,1.0882293315003704,1.1544186784362016,0.6715541455281793,1.1379810448518832,0.6156323916241033,0.4260334231994062,0.5904328769412363,2.401384583717205,0.5870651050810682,0.5076999038355724,0.43522706442063847,0.5734219757055751,1.046748016068765,1.4308095806506071,0.46278769525991253,0.5012994926782818,0.599318509718309,1.1961354366149737,0.570815501845232,0.3074064224858526,1.2252275693906687,0.6864791403197067,0.8151130869323927,0.8293142788061926,0.6323360765861686,1.3443726989061362,0.5336308335521598,0.6455401225604456,0.29735297969213176,0.925625467722985,1.0651113459266168,0.7933123966501421
