Country Name,Albania,Angola,Australia,Austria,Azerbaijan,Bangladesh,Belarus,Belgium,Bolivia,Brazil,Bulgaria,Burkina Faso,Cambodia,Cameroon,Canada,Chad,Chile,China,Colombia,Costa Rica,Croatia,Czech Republic,Denmark,Dominican Republic,Ecuador,"Egypt, Arab Rep.",El Salvador,Estonia,Finland,France,Germany,Ghana,Greece,Guatemala,Honduras,Hungary,India,Indonesia,"Iran, Islamic Rep.",Ireland,Israel,Italy,Jamaica,Japan,Jordan,Kazakhstan,Kenya,"Korea, Rep.",Kuwait,Kyrgyz Republic,Latvia,Lithuania,Madagascar,Mali,Mexico,Moldova,Mongolia,Morocco,Nepal,Netherlands,New Zealand,Nicaragua,Nigeria,North Macedonia,Norway,Oman,Pakistan,Panama,Paraguay,Peru,Philippines,Poland,Portugal,Romania,Russian Federation,Rwanda,Saudi Arabia,Senegal,Singapore,Slovak Republic,South Africa,Spain,Sri Lanka,Sweden,Switzerland,Tanzania,Thailand,Tunisia,Uganda,Ukraine,United Kingdom,United States,Uruguay
Albania,1.0,1.288202980211751,0.3987400753341658,0.5239155644102242,0.7626343257120651,0.6965961221174858,0.7179528231710715,0.49383619586817407,1.4758255245092584,0.9198134889687776,0.994074692967679,0.9279055319173453,1.2958837543432131,0.7404931198094254,0.5692919305807631,0.9287998398561071,0.6692032027429771,0.61486301122819,0.7171976415185258,1.3573693680068664,0.5625344819797828,0.868945448921342,0.9564947187507771,0.41437511812925176,0.6992136019268453,0.5857415643740655,0.709003684256448,1.1480371651133774,0.30863031673368113,0.43488947751518464,1.0202265342093129,0.563549312629503,1.4295295749939512,0.6278238241370406,1.0002233644200664,1.157787529845523,0.5667023388023638,0.7698147839699757,0.5326999972111414,1.7340777527758975,1.0144715311907688,0.7028088737621122,0.3994939720651184,0.6258524813941971,0.7347174150074574,0.7708309734898927,1.062891481253087,0.5604927475754584,1.3508310695953685,0.5258855727565253,1.038904024434955,1.0917155838610932,1.3557725608471376,0.8422327979653631,0.9190757525668342,0.7701396535447625,0.6298598398922696,0.35521011625863186,1.4154615524895469,1.0778378694011672,0.7227068523397419,0.7592341556943835,1.5032829294204932,0.5947915159152432,0.6106627566945133,0.5251054817831616,2.525548066914839,1.7452484637480543,0.747850549529475,0.7463326037060292,0.4731759810146541,1.2643833709167445,1.3892338370565416,0.4151572459103112,0.5876589890184518,0.7716138019374685,0.6563362232291793,1.174196514365932,0.6746852992712978,0.7239667544741584,0.41520508167419085,1.240769323722948,0.738050968438888,0.8160849697461549,0.8645896515516494,0.5943929438340096,1.4126532213322234,0.6150836984031552,0.9076165923894461,0.48644480446123406,0.9023433718484289,1.1360195244473266,0.8792670836869493
Angola,1.288202980211751,1.0,1.058030095626703,1.0207139842815491,1.8019910437743194,1.0406891154213727,1.8646762588661006,1.1292318095902008,1.2631980432502488,1.1449654122270367,1.8610008751512443,0.7289240911325856,2.325725755144773,1.6733436662425154,1.0426421908645576,0.7891517906692618,1.4875634183786197,0.9694031819972417,1.5516817736040487,0.8081041358202607,1.3196356388193233,1.8054784232221985,0.7107023900597012,1.0529537635919277,1.2945908528899222,0.9907554970105047,1.6507448989638978,1.594993086056781,1.267201763069294,0.9544718360069872,2.0333580282912993,1.5693021190694185,0.8327062454519125,1.1705825188772876,0.8933291277814914,1.392491012641881,1.033157813891518,1.731789753102331,0.9871778686003809,1.259780299250005,2.0817964216383755,0.8436114005797418,1.1838807952910695,1.5333079173926547,1.0467846238941658,1.8734647521738637,1.0288770276692716,1.0643364121816508,0.7270581860989038,1.2541022131337374,1.3762485533699609,1.4879983795626428,2.2362191829654683,1.42043012897312,0.8957260244667619,1.6210863428788678,1.3284118473396145,1.2869279437804433,0.7919867532966515,1.033106189070687,0.968744805126429,1.4522359218740837,1.1007748754447992,1.5441398224306617,1.0460370209852474,1.5081445029935008,1.75896361027728,1.7029217932091243,1.4240542704598458,1.3803039883886965,1.3838440372770153,2.293384134779209,1.0286469790609685,1.3449237655264665,1.584214492821345,0.7754733713004447,0.9579974078023143,1.6784850498593038,1.4668999242416074,1.7489598820919743,1.2059409419757647,0.7500009613286751,1.8024416654824649,0.8305349706033015,0.7353114753056591,1.3363135433211848,2.38261644488724,0.879818956942295,1.4679849836358159,1.151383666515019,1.12546919344343,1.128406499968484,1.849482469302141
Australia,0.3987400753341658,1.058030095626703,1.0,0.47645500743263086,0.8782837389443703,0.5254522508492123,0.9541400412163735,0.6134602624078365,1.211958194568955,0.6867520818920342,1.1321668295607112,0.7345424600135664,1.6013606760052375,0.782741932874155,0.38341331086596947,0.6719536866879583,0.6410536573299689,0.504962255382128,0.7107192415575049,1.0457508605897967,0.7204808552393284,1.1050742425964637,0.8022824058665072,0.3108810534344129,0.531267694298231,0.5731311133976583,0.8032935359718667,1.1278300123623601,0.3400503697627953,0.3524387593325601,1.2754447042983892,0.6931723509349035,1.2777739645352275,0.6124283139588993,0.7886507163022446,1.2300462261823761,0.4012825777845573,0.9996319990312684,0.39287181093194573,1.6535979077199892,1.2396497010300365,0.5164710852788471,0.4744380433654487,0.7750244937774423,0.5125299348258626,0.9680355781638204,0.7958723641756039,0.38503067534344015,1.1400384170839755,0.5250658799566629,0.9877249445456552,1.0392729891358081,1.457087033146869,0.9355805436310329,0.8227594496782618,0.8951068324367619,0.6605879884960496,0.35949677379226336,1.1215147079568446,1.1044043512980897,0.5943793888733827,0.725252983028977,1.2269478845726036,0.8447564280363512,0.4319531132693443,0.7624603691931524,2.286563297260234,1.5350129524530207,0.6189399375712553,0.6433471584369171,0.6655102823394023,1.4940468264327924,1.354632194789985,0.6186236230652841,0.7066674848722709,0.5699084842912698,0.5238948267767752,1.350489349847723,0.7088835499986759,0.9515455151971832,0.35804380688737664,1.0887212974160858,0.8773884588362658,0.6982781013021617,0.7231760620748108,0.6988290602477465,1.5202444404044835,0.40678155996162707,0.8793407666506506,0.2646401795210643,0.8988455590598968,1.0177447927348482,0.9529653315520846
Austria,0.5239155644102242,1.0207139842815491,0.47645500743263086,1.0,1.1526045813125954,0.4097219021523757,1.1273473974685442,0.37697584576060394,1.2407462342360984,0.7273149457821136,1.4078104892280554,0.5199514571669867,1.58528994819181,1.1181577026418537,0.4806838301227114,0.6304426652051082,0.7688578824514429,0.33103538735740035,0.9742749208348696,1.0757152617070227,0.8250856499267925,1.1637046164537126,0.7336678949589844,0.4332189898374201,0.6885007944596974,0.4153074747107642,0.8526229816793002,1.3166016159208984,0.5559798360215181,0.3227863138439098,1.2156304764498997,1.007208980845163,1.2136228445176995,0.5469471303253399,0.7425579637763777,1.145117623971465,0.4301662361461257,0.9159643335587679,0.4350515921163312,1.572948199701383,1.3179253542965714,0.6183468066964061,0.6286060397514206,0.8731970547031997,0.5423148955692841,1.155898793532213,0.8661114847297543,0.4652317992579383,1.0022027929531026,0.6060622020593667,1.1275873977311957,1.3013024786329193,1.6799231539171418,0.6942055118480367,0.654862117739671,0.9778022733253516,0.5784844622058707,0.5910785118030518,1.1522469123151855,0.7957879911480892,0.7358352840639983,0.9332098082545963,1.2236705781213235,0.7625752129430788,0.4261921458084063,0.7540913358473801,2.247273258873863,1.6177429449728546,0.8689277191941057,0.775163641390833,0.647741114524328,1.6057410818000826,1.162243346078056,0.5901850167113993,0.8847673046387127,0.4378544034431401,0.34206506921933466,1.1871091764153776,0.6173541542167327,1.0925182468863202,0.49650966686023723,1.0525353543648734,1.0106665372873322,0.46695034138425623,0.4288092300676545,0.7003084090257117,1.7724484086805723,0.4739543163320301,1.041167291062956,0.6230787582078028,0.855145035729815,1.0042604869957765,1.159975385631951
Azerbaijan,0.7626343257120651,1.8019910437743194,0.8782837389443703,1.1526045813125954,1.0,1.207306583564364,0.33590477234121724,1.15891465860217,1.682855471415891,1.1678287775634624,0.8318948435477381,1.4916994628082894,1.1504795788104838,0.29404554041989595,0.99884286943351,1.3898363039889436,0.7084892547677492,1.1813338566297575,0.4453539868969165,1.730254240496863,1.0495332842342242,0.9181789445831569,1.5047287082667506,0.9921711226024156,0.8486022763524512,1.2504981806925564,0.7250446561555168,1.1209732763958768,0.7052319408154674,1.0685287789494378,0.9599967875851724,0.5317457016047065,2.013859947876141,1.055117281059813,1.484149512668378,1.564827357559857,1.0080041613089978,0.8918371316780385,1.0023609163883547,2.2183409517830586,0.736268034695577,1.2647655217383735,0.9175546206557499,0.7762300829253059,1.0790456373144655,0.2899802037797205,1.320337540793812,0.9550125916841851,1.896802510184597,0.8919820662624962,1.2129359507631403,1.114106627901764,0.8273727275526249,1.2498532166631129,1.4862150718920262,0.7114360458397953,0.9240994628849374,0.6291528110350694,1.8291500791109105,1.769896791654238,1.1548772966028487,0.7769338052271005,1.7846462462015384,0.9135809738053895,1.0530616296678783,0.8485716586258008,2.879115258798399,1.7635195833743647,0.7327673844908369,0.8345381326730097,0.9051409082151053,0.9434615431969521,2.0195951970423227,0.8989282192413072,0.505425536657279,1.3318759120711907,1.1747994092684682,1.5385648443073712,0.9608635072451721,0.683400272445468,0.7750937295662412,1.8113785540356517,0.459630396347725,1.3966306106782516,1.4729619246309475,0.8666119386499568,0.7500968263802853,1.1140107701316861,0.9473237006500426,0.8088636649076046,1.365503816334961,1.5062244564984357,0.5064226221485217
Bangladesh,0.6965961221174858,1.0406891154213727,0.5254522508492123,0.4097219021523757,1.207306583564364,1.0,1.2431479317749012,0.604752068021855,1.0623286134165864,0.6527852780533914,1.537159312072685,0.47879638494961974,1.7221325159324277,1.1825141253406406,0.4715531183054684,0.4644006339679574,0.7078212413955348,0.2675435018663499,0.9888313920418742,0.9248136048264662,1.0347841256106003,1.343561469386433,0.811139079817988,0.548736037849346,0.6379354075507411,0.6124518483245561,0.8467198517522927,1.402352037308852,0.7227945120607921,0.5308602123164976,1.3299847774645708,1.107461099397433,1.2784584169291158,0.5197347754757994,0.7542407216856778,1.2155898852522948,0.354915317623618,0.9767254837438569,0.49687585480480223,1.6044545341811538,1.4167030926125481,0.7123985323690923,0.7938228835207936,0.9627296553582455,0.4697953756689614,1.242858080916456,0.6594982728309435,0.49508653371327804,0.8911818621653653,0.6206967725140051,1.215321565793122,1.3782922190989195,1.69648478080247,0.6763163540185135,0.6539510274505469,1.1231108896865265,0.671267171401126,0.6286464874262366,1.0610494713823044,0.984707206718334,0.7999399398600803,0.889317490008078,1.0930394500982594,0.8890182235801918,0.5750764456232448,0.863936690537497,2.1873176694089795,1.444466524901234,0.8423246813196315,0.7099370425507292,0.7503599709505764,1.751990300043673,1.2368625885911353,0.778677257683788,0.9744417498424994,0.32039065401842093,0.33315600020231395,1.2544679384661561,0.6845015608644032,1.262576484510116,0.5566113937020934,1.10209129448461,1.0661576553225787,0.513992984157441,0.5093778760715462,0.7754485239924158,1.789693379318523,0.4767026227265854,0.980232116070824,0.6928020221317251,0.908116296455114,0.9619555703959507,1.1838572304618356
Belarus,0.7179528231710715,1.8646762588661006,0.9541400412163735,1.1273473974685442,0.33590477234121724,1.2431479317749012,1.0,1.0641813584735438,1.8563123335321206,1.2882085497725444,0.7738777895413516,1.5233130342860104,0.9282659531251796,0.48302301108480156,1.0549778170911273,1.4848377496542604,0.8014706316953712,1.1803286994861968,0.6677247943530592,1.8644402857103168,0.950599088432965,0.7256478115167773,1.5035679465295626,1.0002145641832778,0.9712950126478682,1.190598124498943,0.7435887713781933,1.1477342483895734,0.7125608257804144,1.0643831255694565,0.7383790048286482,0.5734334557125805,2.0219331025239335,1.055894389968843,1.5530671088308938,1.4715479400007456,1.0746118736078194,0.7466834118982435,1.0302124449056969,2.1831430358667188,0.5367637799971943,1.3012661540004353,0.8778852727143045,0.6789232629258753,1.1654104314539575,0.2624630618017377,1.4728871141468203,1.0319814886368017,1.950343746339832,0.8913427381081499,1.2152094053679017,1.1642384170741844,0.9105315063757912,1.1819601256488794,1.4698993558306854,0.6392457838880652,0.9332973128396148,0.7031029155109348,1.9597952026406733,1.6750545818618718,1.1820058831870093,0.856482261110878,1.927240425134773,0.7354615508048522,1.089003013215845,0.7169076645680641,2.9852325259805466,1.9664239496049627,0.9101145000937426,0.9699144537178508,0.8001990412961397,0.7352605638166222,1.94912534139773,0.7874256675894642,0.5163949548935517,1.37461219684729,1.1990913556597522,1.3817120138907675,0.9011558038705401,0.49802929499904375,0.8191167225918285,1.8174167482627002,0.4547944718950128,1.394129010409691,1.4655245655701812,0.807674510434153,0.8646512795451892,1.1566177399361948,0.9901700319739767,0.914465667191295,1.3218127383951794,1.522003731805988,0.5862864079607257
Belgium,0.49383619586817407,1.1292318095902008,0.6134602624078365,0.37697584576060394,1.15891465860217,0.604752068021855,1.0641813584735438,1.0,1.5076750409477457,1.0119071561712898,1.3008244049076298,0.7453755621467937,1.4421526142215044,1.129958283660119,0.5629251748545342,0.8678515629858381,0.836468549391342,0.42879768160315834,1.0431038376488684,1.3055319627746929,0.7036302857539085,0.9617943258554614,0.71071932343562,0.5295725560036784,0.8591693570799215,0.4164155608241176,0.8622189988098005,1.2012602182792484,0.6107193559628117,0.4209122859645914,1.0781560059728068,0.967822487298791,1.3001195827676333,0.5090838979848522,1.0170719969837738,0.8831566972222633,0.6016185717313497,0.8087774884558533,0.4938781537595928,1.4379139640197438,1.1991865940683617,0.7445647068456659,0.5474930019634761,0.6934936408285125,0.798274242548528,1.1163969357840877,1.1150811109245284,0.669524023530624,1.1761650588016077,0.5856156931504307,1.0002113540775024,1.1972215206869397,1.6309911882808237,0.6686013524775123,0.5953302247096559,0.89356226617108,0.700547970389248,0.6738379889958573,1.411320151092762,0.7309389129481202,0.6654855429020237,0.8753829254873414,1.516020195487843,0.5462855795672219,0.6726721552259597,0.5592411628198926,2.473957542763951,1.8415614281488466,1.0384477718863405,0.9442629174800135,0.43365800364731477,1.4929113936472975,1.0534348439324857,0.4195615174692977,0.8290344842976163,0.6228875485295855,0.5484077605729079,0.9037918980202356,0.6352204061453931,0.9545065104368262,0.623463698992319,1.0404910217655412,1.0326305441464227,0.5102842185389903,0.5818554440217646,0.6042043756474841,1.793984405235932,0.6100970711866077,0.9524449394715333,0.7637558128226247,0.6566696034707701,0.9163369906229603,1.2098245517695714
Bolivia,1.4758255245092584,1.2631980432502488,1.211958194568955,1.2407462342360984,1.682855471415891,1.0623286134165864,1.8563123335321206,1.5076750409477457,1.0,0.8806107002294411,2.1305161182225825,1.044497863714733,2.2779128051088047,1.691168289790995,1.1478247885764992,0.7452738958771823,1.2532591117149252,1.1868599510149596,1.3799697692184663,0.7758888158679292,1.8043808205905596,2.071472473079633,1.4779557548538647,1.3366368417902013,1.0697302130621171,1.4537460662510504,1.4075977208118027,1.926977169212051,1.4376414735162142,1.3531958484034547,1.9891349117605017,1.734917194591012,1.6764903668933937,1.2538870144196559,0.9827770964513061,1.9529165371050534,1.0104159418923904,1.6801386707173256,1.2470712593697741,2.1315012194265206,2.049080578305549,1.3670216157670478,1.5768134796564397,1.7350965737581414,0.9807382325502887,1.807998815268908,0.7199046638822538,1.113286781519613,1.0605284743371985,1.3817169076838303,1.8423628846344093,1.9089435012683127,2.0413702092441333,1.3896135910322824,1.391324131692518,1.7619878229862855,1.2059850540396972,1.287317205287543,0.8372277451068929,1.677819328991132,1.509618278300597,1.5075357730712684,0.7849475991986642,1.7434704546350117,1.1474331920887935,1.6506131921883167,1.7952473783757434,0.6017004483782441,1.2332496109625135,0.9735974456266933,1.6087630273831166,2.3441352790632726,1.8704987473514,1.6066506014568254,1.6116744377427081,0.9986489536204444,1.053937499141767,2.0232683784796217,1.4572150443848,1.9693771301784437,1.2536473414538727,1.6567051616597466,1.6003271024646446,1.2377535683179859,1.199907905018035,1.5180226746724224,2.058907967794328,1.2252216561646487,1.5890916399789743,1.2914559231958211,1.6740653040873756,1.4945545229805968,1.6145196736257506
Brazil,0.9198134889687776,1.1449654122270367,0.6867520818920342,0.7273149457821136,1.1678287775634624,0.6527852780533914,1.2882085497725444,1.0119071561712898,0.8806107002294411,1.0,1.6502179529393137,0.6918238436551816,1.8625793858812385,1.1366164718947442,0.8004180081792126,0.6352671920063928,0.843194068943525,0.7417893146527947,0.9637895329011079,0.9904526241392264,1.3043772792000907,1.6044880339437035,1.1700265379144874,0.7763215028792482,0.6681096036636124,0.9597709862776157,0.9669244516241946,1.569427741055731,0.8375048990496653,0.7882672867288147,1.5218584068998144,1.2151106127550289,1.4663162964317122,0.9267505013856698,0.8025882907260169,1.6763589489461364,0.6306090034750956,1.1957233970646268,0.6942185351277943,2.015144608024794,1.5531717945915449,0.8651071146956005,1.066029997735038,1.251819050777033,0.29162842958625135,1.2551743397355248,0.5177671320219612,0.47794978637617347,1.1755512766706442,0.9224732980827134,1.472860498010599,1.5564874943516414,1.653923684602548,0.9725533977833608,1.1619218278550068,1.2187285221929924,0.6518245268274712,0.7214865071389805,0.9722334935015322,1.3922825701510209,1.1012156595508882,1.1063587603093028,0.7161980479469947,1.2189223311841697,0.5569256939881417,1.2095788528887716,1.997953599094182,1.2870746817347818,0.7444710571182561,0.7261909002007333,1.126824388885775,1.8405144767232795,1.67704341423571,1.1272264764723945,1.0871297397315867,0.7095893171057939,0.629807899204001,1.7218473072931129,0.9402779940883252,1.4507343569234283,0.6142452718520423,1.4500168876723767,1.0964037392260169,0.9510181086522749,0.8276813815214378,1.0329029221645853,1.6387314898877583,0.7354266581365206,1.230338754618824,0.6925084652507797,1.3540514404001474,1.3899159163162755,1.0816351044476635
Bulgaria,0.994074692967679,1.8610008751512443,1.1321668295607112,1.4078104892280554,0.8318948435477381,1.537159312072685,0.7738777895413516,1.3008244049076298,2.1305161182225825,1.6502179529393137,1.0,1.7484646081225832,1.3401851497686614,0.7106111059824258,1.2614380820823623,1.7098277877692998,1.2741702057148834,1.446318754192738,1.0775271981827312,1.9397169098774865,0.8118490557568988,0.7860696243639016,1.4813724149331342,1.144052419850763,1.3350984622762037,1.2978749024695186,1.3144033401883384,1.0647422841503817,0.9693044720591548,1.2458789996287007,1.2718278359905315,0.6360945844163808,1.8977706790655784,1.367012090827287,1.699320292479964,1.4639310089392765,1.3769245750286672,1.324767950556056,1.279379186495651,2.0020562524128276,0.9924282537854285,1.335882560615762,0.9129419047185601,0.9075576289316016,1.5003230482016965,0.9088686037615034,1.7608704737601002,1.3840476379544746,2.0352938226017296,1.1285500595673326,1.1034699491046254,0.8980576839737944,1.3075125840456687,1.662742983837984,1.5811165175530728,0.9911574855700797,1.4289184198934097,1.0836883857537662,2.045442539043785,1.7364952017956854,1.170194242336547,1.1148709499586313,2.1818150165093178,1.1276505126844418,1.3439750235415455,1.0521945022916797,3.01430577366709,2.2539896832851034,1.2265533767312666,1.3565012846749394,1.093186833503944,0.8489028941884377,1.8639744695241007,1.0014675038251792,0.9634726813140394,1.5881483998356904,1.496959407785816,1.571740104910219,1.290921131340945,0.5550354438174444,1.1676502882635569,1.6822644623972218,1.04667088202737,1.5802752840505314,1.663859903203581,1.1130009171166912,1.2700241755926258,1.3031308434115065,1.18337649995064,1.1231980890155395,1.3469261852155918,1.5401677268259029,1.0640241112184297
Burkina Faso,0.9279055319173453,0.7289240911325856,0.7345424600135664,0.5199514571669867,1.4916994628082894,0.47879638494961974,1.5233130342860104,0.7453755621467937,1.044497863714733,0.6918238436551816,1.7484646081225832,1.0,1.9784241484050564,1.431307559019608,0.7315805991737601,0.40787852294177684,1.0521163270813696,0.4790995512369165,1.2491595265137048,0.7746163805060889,1.1642151465453239,1.5697527083022802,0.7569881917794674,0.6947088427539212,0.9409060230914983,0.6541253698020513,1.1670152985824709,1.5856008639451535,0.9526942986201998,0.6048839355018519,1.6059078622404483,1.3534162811053783,1.0325000748231585,0.7856989088696399,0.6622425666477305,1.3126688876077566,0.5947411432470975,1.2572254928612379,0.6337802148448458,1.5260874241790756,1.7281010193475688,0.6765914817545742,0.9681506117713493,1.2542951541529281,0.5532757200971246,1.5194058161605994,0.6548834043390603,0.6153972946393327,0.6884214706217575,0.9130931727594659,1.3732998768411058,1.5411212641663565,1.9960805666758685,0.8717536284731896,0.706328639889076,1.3278090023523557,0.863561733333983,0.8945471226447046,0.8290228697769896,0.8465932688635961,0.9039355767532832,1.1933914917151711,0.8962302820522307,1.1510107102558964,0.6496281025275251,1.1566913780650507,1.9102420079233344,1.515067539940119,1.0843795075102078,0.9697672519627798,1.0064248672963658,2.0102697134574337,1.1074567752489037,1.0149174669962813,1.2576323039950805,0.3216895145617292,0.43036010192087215,1.4160482365426297,1.0066325472690023,1.5080043160173693,0.7799323038699741,0.9815763961067392,1.3846581536660558,0.4808244915355472,0.32941709299624805,0.9851987039911168,2.0584222314165097,0.5588429073960163,1.2739053507149054,0.8684635099784159,1.0169040711863184,1.0983842820554877,1.4756335699109764
Cambodia,1.2958837543432131,2.325725755144773,1.6013606760052375,1.58528994819181,1.1504795788104838,1.7221325159324277,0.9282659531251796,1.4421526142215044,2.2779128051088047,1.8625793858812385,1.3401851497686614,1.9784241484050564,1.0,1.3389955058547158,1.5611649942956838,1.9570894820307716,1.3214820323197767,1.6202062503517949,1.3665007533239915,2.341766111739516,1.4928704760593705,1.024613696917366,1.9576141019051216,1.5915303475444798,1.5255537301702928,1.669512689245002,1.1526416411141744,1.599760425021482,1.404060475080154,1.6369433019901887,0.6745122950981801,1.3455540985910912,2.4974466279343313,1.4374628208875824,2.027282991545886,1.6674451652279718,1.5762827554712,0.9098752298222227,1.5652381301499905,2.4486010765540613,0.7172282486920398,1.9242618243223375,1.4901744228197842,1.128812955207539,1.74291117859182,1.0266281221259386,2.003012699642492,1.6339978626168212,2.3303796475899277,1.3709349767793773,1.6843087163347974,1.7110143828450843,1.2369862079608833,1.3709787842708832,1.8113778790388952,1.1541972100967817,1.3172671764271013,1.372957595824875,2.494626035231133,1.9370555337139246,1.744854107170793,1.3893948022973233,2.436612598403626,1.0396901639242497,1.6539400344514206,1.0417567892737365,3.4393145752204197,2.291199856233279,1.5440944917178026,1.475335397826894,1.2054852210452247,0.8899998841092877,2.2151872220062256,1.2136978695223999,1.18040514783167,1.8269563073195518,1.6413139607893217,1.3571588820137122,1.3153194868133102,1.0327122592430185,1.4224701805229798,2.2820816521248237,1.0136377224278468,1.7833313473350885,1.8731511856511307,1.2503271479843618,1.3119584271962093,1.736554558312503,1.4238182249614526,1.6296942233362672,1.6814552803338723,1.834580550349557,1.1691660146451226
Cameroon,0.7404931198094254,1.6733436662425154,0.782741932874155,1.1181577026418537,0.29404554041989595,1.1825141253406406,0.48302301108480156,1.129958283660119,1.691168289790995,1.1366164718947442,0.7106111059824258,1.431307559019608,1.3389955058547158,1.0,0.9534327347324577,1.3536371168369052,0.783945614103317,1.146914508496625,0.5152763127535356,1.6484748922230819,0.9354682907739338,0.9237549592969772,1.3788352956073986,0.8956580195892851,0.8411213313198341,1.1714301791838757,0.8664515975494801,1.0019890489871857,0.6152408134833631,0.9783306322522023,1.1169811308363025,0.40759005014964517,1.8705405465858314,1.0723571911471055,1.4092229768194862,1.5249797955422157,1.001230661967129,1.0376209691054616,0.9392520131932882,2.0989322286707894,0.8737028520779472,1.122262166137818,0.8077000539585742,0.7674151273250734,1.0397303625980414,0.4816203331047329,1.2908076554021606,0.909116141798113,1.8325670191130972,0.8723441739405544,1.0740291176153944,0.9387479186266166,0.9449576017466306,1.331262329546384,1.4258536868153275,0.7106558676220608,0.9856845604326347,0.6221145379787544,1.737504630723343,1.7099641118448723,1.0214136639329636,0.7459820211850401,1.7273116495291574,0.9650860871325573,0.9756882919462264,0.9043435223855278,2.7789056718957776,1.8244332396473084,0.7092008162054011,0.9045600535088967,0.9171758608764493,1.0106926405144234,1.928557765861091,0.8856295913031301,0.5355958345028564,1.2867481167474695,1.1598003796400644,1.5817655663894525,0.9764176140208134,0.6568922049781453,0.748329127538112,1.6649655096465095,0.6218949806770773,1.3464348308093297,1.4080942169669175,0.8826648619901395,0.9120792546525699,1.019738971185428,0.9302822252564871,0.6849985216734015,1.298134527192049,1.444327001101013,0.6160457938000705
Canada,0.5692919305807631,1.0426421908645576,0.38341331086596947,0.4806838301227114,0.99884286943351,0.4715531183054684,1.0549778170911273,0.5629251748545342,1.1478247885764992,0.8004180081792126,1.2614380820823623,0.7315805991737601,1.5611649942956838,0.9534327347324577,1.0,0.6060480865841451,0.5510299496887187,0.3976720473105932,0.7641026680712725,0.9873746363956629,0.8644140052789024,1.0684751152634808,0.6917049890926285,0.5225542988136602,0.4842562068420711,0.6356039311512797,0.7421798375574036,1.0248799802647517,0.5314690090442828,0.503226869093858,1.197130907020371,0.8887318278047686,1.3842509375910441,0.3490521533503336,0.8723120054716912,1.028701991541352,0.29678582294372224,0.9148091850683511,0.35917329673097764,1.502230659277942,1.2134426287481614,0.758414238711647,0.5939858861618811,0.6768325664319027,0.6057727278151377,1.0679185729114316,0.816972589330042,0.5205380419942717,1.0656633614724673,0.44268520342441553,0.863541508758694,1.0053242460706326,1.4703160665462105,0.8124904200841007,0.5928188962523119,0.8702934323683058,0.6307004131711363,0.5039642413146033,1.200892234742111,1.0672808141626395,0.5509009282011633,0.6138221766125865,1.3082979760212325,0.7612399485282093,0.5599961949848284,0.648059079280907,2.3903635911898964,1.438052912333832,0.7464541503702458,0.5819509233607583,0.5839316591780713,1.5401451734671951,1.2693405478244497,0.5514573165674551,0.7189028138196085,0.4789413530500054,0.4374489779020273,1.142122738780245,0.6028709000372077,0.9928398924488318,0.4939453102330922,1.0751538906879574,0.916452093718671,0.519610979694316,0.6522278109360412,0.5893151920423768,1.6406837610559648,0.4548457520407875,0.697326549771946,0.5599777310879169,0.7137108817003639,0.7038034879057062,1.062771202379512
Chad,0.9287998398561071,0.7891517906692618,0.6719536866879583,0.6304426652051082,1.3898363039889436,0.4644006339679574,1.4848377496542604,0.8678515629858381,0.7452738958771823,0.6352671920063928,1.7098277877692998,0.40787852294177684,1.9570894820307716,1.3536371168369052,0.6060480865841451,1.0,0.9236934330173269,0.5331440970995824,1.094022399462526,0.5930149831781449,1.2163002180133091,1.5861579600080393,0.8446134510616775,0.7459274229017653,0.7708075431491068,0.7907642016343865,1.0879777555651955,1.5321805699741782,0.9408216716167667,0.70480015564044,1.6214980420264715,1.2980691520826881,1.1807009076725752,0.7114366418187142,0.6291254466707116,1.3639268317189888,0.44703800194093707,1.2651260456788282,0.6455947581840475,1.6060860072477752,1.7016836875742816,0.7678262173157518,0.9838745944638779,1.2341341309469898,0.5279333791395521,1.4665647957453851,0.48063966111334544,0.6136221092136431,0.6568754316365072,0.8564754734383382,1.3576479327768685,1.4803153346842728,1.8773776381920093,0.9303493725790287,0.7575621407030557,1.339236225891167,0.8308145645706603,0.8214366509390598,0.7205086545630973,1.0694775961573313,0.8990970359527264,1.0988261744664356,0.8439087838411539,1.1997955613205549,0.6872854282832159,1.134158865590143,1.9381438965394433,1.1902341321937844,0.9546640542355684,0.7507240341502617,1.030347156521313,2.0065170040764366,1.2652439249194058,1.0364164305244918,1.2027143311459063,0.2773410428482812,0.4298213975273874,1.4776286215005865,1.0212214602117777,1.5060067032789834,0.7577893394502885,1.0715308668528019,1.3147863103904607,0.5819896483437247,0.5559355596603558,0.9797954552291048,1.9453128115000735,0.5688436939799165,1.1577609740653403,0.8199735169304437,1.0474733964979372,1.015278792896395,1.3908359916882282
Chile,0.6692032027429771,1.4875634183786197,0.6410536573299689,0.7688578824514429,0.7084892547677492,0.7078212413955348,0.8014706316953712,0.836468549391342,1.2532591117149252,0.843194068943525,1.2741702057148834,1.0521163270813696,1.3214820323197767,0.783945614103317,0.5510299496887187,0.9236934330173269,1.0,0.7150772313149057,0.505245275597383,1.3290969902865402,1.1234753200856349,1.0428145219538396,1.1793655846430187,0.8118986874858048,0.46379691310028626,1.0132075172590662,0.3212243602394808,1.096969898578428,0.6343450277104062,0.8159104938569963,0.9257419313557008,0.8671533494703207,1.8226729466858405,0.5292581650948208,1.1836440468103957,1.290143603475779,0.5435272410579917,0.6560025691218215,0.6387311653441116,1.920013099726626,0.930108736646624,1.1068998762832318,0.8557676039490809,0.6592589935102986,0.709495790729955,0.743492041137481,0.9064274987577754,0.6096853384206719,1.4628353022357385,0.5947374408389566,1.0762899237267305,1.1668723959066432,1.0984275437463045,0.76041061510786,1.0152282622775801,0.735756502409912,0.5422278747613262,0.4611266677628418,1.5190859967459562,1.4585594458251192,0.9320340109292183,0.49221137920079594,1.4464272873912516,0.7219239920101301,0.7881682294177205,0.646894523967096,2.6566112508918427,1.4020665919472455,0.6206189417711551,0.4470700390356292,0.6342103804566632,1.3520985728931392,1.7181677092531513,0.704742358798342,0.4943492452401735,0.8654772853485722,0.710703151568388,1.2318947119456338,0.5725977885436402,0.944360661832182,0.5410365584132163,1.5506295929046021,0.5616375414719063,0.9154820849541385,1.043622325707243,0.6408672896786173,1.2424744443396205,0.8213085613902307,0.7006361314040948,0.6801509061235482,1.0494268185484532,1.0711096028916576,0.7723764485265237
China,0.61486301122819,0.9694031819972417,0.504962255382128,0.33103538735740035,1.1813338566297575,0.2675435018663499,1.1803286994861968,0.42879768160315834,1.1868599510149596,0.7417893146527947,1.446318754192738,0.4790995512369165,1.6202062503517949,1.146914508496625,0.3976720473105932,0.5331440970995824,0.7150772313149057,1.0,0.9842374072565419,0.9888357474471448,0.927331938213099,1.2130998456028197,0.6882814153269149,0.4859754130760755,0.6705848241091671,0.5006580161651003,0.8406814073290929,1.2938974445025022,0.6584774624686585,0.4389457498352424,1.2321536377852536,1.0640449038800572,1.268844808821551,0.4096607663117452,0.8134542093883157,1.0559625499951841,0.3318017835172834,0.886762715054179,0.3555377557739144,1.4998750223630546,1.3306711128865798,0.7050877913163908,0.6976424138024393,0.8303836866005256,0.5090989524078742,1.2026407690637257,0.7527477904887027,0.4934112877907316,0.9407264416010687,0.5055990260566128,1.095605729419442,1.275567332028762,1.6610820748299544,0.5981563973151773,0.5273274202225383,0.9933498295346369,0.6137432860267227,0.602698608284255,1.1548649322684095,0.8879726161673827,0.6884676926751778,0.8204640555692229,1.2038632684344837,0.7455905594802287,0.5426073843881416,0.7343311525120905,2.2839074503590506,1.553584816012902,0.8689024363548442,0.7546771907296245,0.6050507055299404,1.6622874558507135,1.1389948625790192,0.6233633916862447,0.9097912876870902,0.29779879805490395,0.24046701199517495,1.0968195597150612,0.633271168934318,1.1504820179855622,0.49259465255443147,1.0486030256751593,1.0399778910174702,0.3891248559591727,0.41414959422386804,0.6172821171627115,1.7994000615664894,0.40461886894442245,0.885403885130418,0.689770721441402,0.7576133762808392,0.856551208484917,1.1681284728014705
Colombia,0.7171976415185258,1.5516817736040487,0.7107192415575049,0.9742749208348696,0.4453539868969165,0.9888313920418742,0.6677247943530592,1.0431038376488684,1.3799697692184663,0.9637895329011079,1.0775271981827312,1.2491595265137048,1.3665007533239915,0.5152763127535356,0.7641026680712725,1.094022399462526,0.505245275597383,0.9842374072565419,1.0,1.4322562016254994,1.068392057434937,1.0189620232902397,1.2975093186646036,0.8850792944481898,0.6283309167640978,1.1365871710533824,0.6256359586354624,1.063897749195841,0.6463273749743071,0.8973346917056171,1.08938227337993,0.6442932933837069,1.8466705216040493,0.8267105169283651,1.282447818584954,1.4251544727022496,0.7481453994612354,0.9064809026592102,0.8139534725081424,2.031283513682857,0.9817180844710336,1.1086374200676483,0.8433358036446373,0.7855705119009738,0.8726296066210462,0.5415745224182095,1.0264300766256482,0.7304748870681189,1.6230974910955758,0.7858997827971829,1.1135369370045403,1.0665417528582288,1.009981958496808,1.1157168996440243,1.2526733208471257,0.7297891162781944,0.7852388574459076,0.47371917750078096,1.5615346320230796,1.6229674272384973,0.9628928641033351,0.6375768948424215,1.5362949299303872,0.9109248772107397,0.9186415837957426,0.8178507782054484,2.6834319880021376,1.4800564622450327,0.5865679276973396,0.5860116247494631,0.8248812546962193,1.2769863825176535,1.8529360547853877,0.842902850126354,0.4698173193190543,1.076042683837625,0.9454425409588583,1.4565436179652391,0.9035665173967509,0.8699832727871059,0.652357968952439,1.6061419090818474,0.6217715917447425,1.1414463119169564,1.257345088615784,0.7549484984135121,1.039783148041076,0.9041189443720842,0.8258424902047327,0.6580855837344624,1.1794799486448395,1.2810153749877922,0.7473016959409571
Costa Rica,1.3573693680068664,0.8081041358202607,1.0457508605897967,1.0757152617070227,1.730254240496863,0.9248136048264662,1.8644402857103168,1.3055319627746929,0.7758888158679292,0.9904526241392264,1.9397169098774865,0.7746163805060889,2.341766111739516,1.6484748922230819,0.9873746363956629,0.5930149831781449,1.3290969902865402,0.9888357474471448,1.4322562016254994,1.0,1.5064826907390385,1.89564701926601,1.0013426433887522,1.0894640741464452,1.1228350770843547,1.136169042633283,1.520386370157573,1.7320511381840862,1.3166286184921057,1.1062514246437636,2.010836972612734,1.6097841631689924,1.160517319565687,1.169913226739596,0.7512663397397547,1.6249004879247775,0.9294981859776648,1.7243692139864752,1.085387184796081,1.6221052340659612,2.0513382484901554,1.0376123044668604,1.346446319026695,1.5970277581038625,0.9575921457199873,1.8476002274602543,0.712633107944639,1.0574529318661936,0.6266724695778575,1.239764446134893,1.5551363242066782,1.6297403759168936,2.2115051093701417,1.4280630004926118,1.032903546000174,1.6562042334107876,1.316109369357016,1.2391430995293056,0.5788083764261717,1.3050028272312277,1.1712978233751143,1.4185731039229825,0.8920941310379069,1.6293013038933428,1.0294050763334757,1.5603515002132087,1.7187953788578676,1.178465983469687,1.2430981205468636,1.1257563941624633,1.4544817536875363,2.2848820034970485,1.3773191981234132,1.4244812641995246,1.5888559327183993,0.7616554869572976,0.9051692605885567,1.8290092703539473,1.3984078024938282,1.8203773873545164,1.170206513794927,1.1218321784256906,1.676999948613904,0.9311384588972806,0.8921403817372131,1.3649410529581893,2.248788327228354,0.9065106669108547,1.4672027801902034,1.1722873096958744,1.3350744580226046,1.1791339907246519,1.7084520963493914
Croatia,0.5625344819797828,1.3196356388193233,0.7204808552393284,0.8250856499267925,1.0495332842342242,1.0347841256106003,0.950599088432965,0.7036302857539085,1.8043808205905596,1.3043772792000907,0.8118490557568988,1.1642151465453239,1.4928704760593705,0.9354682907739338,0.8644140052789024,1.2163002180133091,1.1234753200856349,0.927331938213099,1.068392057434937,1.5064826907390385,1.0,0.8185991647063204,0.8989616439265915,0.6146737055186302,1.0900877446827697,0.6016700626965082,1.1749176219403816,1.1477712092623253,0.6225587896029489,0.6506208759742836,1.275867400950977,0.643525580947817,1.2475196779230484,0.9752495411917708,1.1771806844009827,1.080576295939789,0.955147526268768,1.156531249335049,0.8570076140533266,1.5285059554318128,1.2182216149129845,0.7302521419717234,0.37569098881808377,0.8020638771170204,1.1190099816465262,1.0622855687990804,1.4201269756844386,0.9764961701143391,1.4436517087296126,0.8318256471762803,0.981064273189501,0.982877419035726,1.653180786346999,1.259661082905331,1.021747363897799,0.9800707644052897,1.118739308668584,0.8044722969697208,1.552202938088583,0.9990691329149104,0.7195009406136671,1.0578361608635343,1.7905288344324701,0.8346205976786297,0.8999230237673691,0.778313290844619,2.56732507100473,2.085676029129352,1.128336003863208,1.1597729869024522,0.737495721544534,1.2768842125328508,1.195922008641108,0.5997634065993833,0.9109544408140416,1.0359370918428226,1.002774490305262,1.2404526747995883,0.9995124252007829,0.7068886299504599,0.8472975261561813,1.0536008688302396,1.113227281416887,1.0026838538329192,1.0449205685152785,0.8410396450546563,1.673645426624221,0.7894540928237754,1.1090948821604092,0.7961890801382879,0.8891173433792404,1.1888353178761792,1.2178175233776007
Czech Republic,0.868945448921342,1.8054784232221985,1.1050742425964637,1.1637046164537126,0.9181789445831569,1.343561469386433,0.7256478115167773,0.9617943258554614,2.071472473079633,1.6044880339437035,0.7860696243639016,1.5697527083022802,1.024613696917366,0.9237549592969772,1.0684751152634808,1.5861579600080393,1.0428145219538396,1.2130998456028197,1.0189620232902397,1.89564701926601,0.8185991647063204,1.0,1.2770508231365523,1.087198886423144,1.2209429720663703,1.1390928044936148,0.9943604753224063,0.8696228658061478,0.8953534311025348,1.0955781765329604,0.7567290915074836,0.8186513549151617,1.9263081934769553,1.0329692807499513,1.6595036827380059,1.0107920595683346,1.1989473318714505,0.9047441037319585,1.1153071859166066,1.7682379348667936,0.6812304886301045,1.3623451320542739,0.8486532121297015,0.5467373570753659,1.4203601338003207,0.8139999105418089,1.6945060443590645,1.2448039260226156,1.905970383837238,0.9913512556218718,0.8996253668835373,0.9122251837971326,1.2953635667393257,1.2807076080099624,1.249931326816174,0.6152090388477648,1.1899896752677133,0.9882432885345017,2.0826837574697126,1.4343285107353778,1.0434439552558552,0.9065068504208326,2.189358238967145,0.6477253249359848,1.2577161805378103,0.640515303639914,3.118354369489604,2.202172917195361,1.2845982172917318,1.2398968367340677,0.7021771531994776,0.8107743788181762,1.6280404830965296,0.6637482376247056,0.7102846410240296,1.4101790672180365,1.277804516337607,0.9876780629931208,0.9749011982851,0.3498331939747466,1.0734491391245782,1.5911497032540978,0.9102486464754583,1.2594318339234873,1.4179793866378632,0.7945978410058898,1.4342425832455883,1.2103856526253547,0.9901858426080724,1.1493727917745566,1.0052532033612522,1.2355534184352666,1.1405349442735373
