Country Name,Albania,Angola,Australia,Azerbaijan,Bangladesh,Belarus,Belgium,Bolivia,Brazil,Bulgaria,Cambodia,Cameroon,Canada,Chile,China,Colombia,Costa Rica,Croatia,Czech Republic,Denmark,Ecuador,"Egypt, Arab Rep.",El Salvador,Estonia,Finland,France,Georgia,Germany,Ghana,Guatemala,Honduras,Hungary,India,Indonesia,Israel,Italy,Jamaica,Japan,Jordan,Kazakhstan,Kenya,"Korea, Rep.",Kyrgyz Republic,Latvia,Lithuania,Malaysia,Mexico,Mongolia,Morocco,Nepal,Netherlands,New Zealand,Nigeria,North Macedonia,Norway,Oman,Pakistan,Panama,Paraguay,Peru,Philippines,Poland,Portugal,Romania,Russian Federation,Saudi Arabia,Senegal,Slovak Republic,South Africa,Spain,Sri Lanka,Sweden,Switzerland,Tanzania,Thailand,Tunisia,Turkey,Ukraine,United Kingdom,United States,Uruguay
Albania,1.0,0.2364772591647023,0.08184213579238624,0.09274700719355439,0.15169747946482484,0.08362465463432801,0.08967186439441754,0.15906196792222918,0.1581592627859555,0.16754353227149185,0.24085784917952008,0.12124311546961193,0.11005712666155566,0.14333375363581705,0.10072393211185011,0.14613807859018793,0.18266243993580492,0.09564178579744899,0.1420348246076266,0.15633481935821295,0.17656267828589936,0.11923595855126279,0.16065706023778115,0.2731490364930658,0.0950410131159796,0.08120089555760097,0.14686194574858832,0.12085797180398188,0.09878838964013437,0.10214073017308238,0.16407881007968916,0.16035938572311764,0.07679583491849941,0.11846090784920431,0.11725855260583812,0.09733366490492133,0.10512894808929482,0.11660390428536653,0.12890038054449152,0.10803719589069785,0.13623839116067096,0.110556154259749,0.17320731935740816,0.23738665469714823,0.23471006886018816,0.11683436200552404,0.1275435329567621,0.147640880338041,0.08476871274970968,0.1083621045704405,0.14738715830970536,0.14827774043262149,0.1930548632784053,0.09653922185475827,0.14172839876688653,0.08287625189772371,0.3166954276391207,0.13622727786177857,0.22525857465347973,0.11739704736710625,0.10234338371171604,0.14056994416046853,0.15712993805005182,0.10861262370709136,0.1371647495804992,0.0940501908207911,0.13518626363195524,0.10939234291364253,0.08443576883537175,0.15350521500040784,0.10754765788766646,0.12327650333800572,0.121445807525227,0.14815343290977182,0.2118300239911154,0.1389990147034741,0.14968952438441382,0.11086033313901844,0.1441888013560765,0.19237400280517472,0.14099252367745788
Angola,0.2364772591647023,1.0,0.25520470205997914,0.24265715312503544,0.33109402477065136,0.23480789732545862,0.22641266382678304,0.2770650798288479,0.28100871887611134,0.2401697569079388,0.3038098480304706,0.23135565985780995,0.24915478588623158,0.3068887463799546,0.24529179481212712,0.26102737963825273,0.3127910057355022,0.23443524480242747,0.2500359178243111,0.22619385139025322,0.2872859624813744,0.27670369797570976,0.33969912173913486,0.2762881494167028,0.240716244023935,0.23909963217944688,0.2571488705450613,0.26160113158621695,0.252720170398167,0.22988206278174397,0.2672462464404667,0.23808362103198402,0.229669730782849,0.25829275490596737,0.2659531748838393,0.235691189976288,0.23467416656550785,0.23753940283089434,0.24971116940242527,0.26534486250966344,0.2477221576892515,0.23980324529787903,0.2728592537240665,0.2801459579825452,0.25350167121534967,0.24952138409871344,0.257055397612992,0.23096457579080198,0.23301957513512683,0.23177114920603445,0.26147352718627626,0.24334438206053374,0.2770845895135782,0.2369750277226741,0.2320823852321703,0.24138911240811317,0.36954920135281155,0.23278269388005482,0.34192505181929606,0.26296533491036495,0.2564293934447359,0.2475776848140307,0.26323326714110795,0.25444575540947445,0.2765067266253668,0.23414808139620558,0.2555920870095299,0.2198554116692388,0.22814343724842095,0.2565721373562,0.2754471375099178,0.23740160494166476,0.2102039391069653,0.228963219097947,0.3436164257144929,0.27707912009804675,0.28606839443338045,0.26921008682653863,0.2533801187972151,0.267184350558975,0.26573123021293715
Australia,0.08184213579238624,0.25520470205997914,1.0,0.09068592529584657,0.12375396954889938,0.10071957566976895,0.10070209686708641,0.1353093523436689,0.13085625939488385,0.15469311688326742,0.288144663014885,0.08861160824712035,0.06158467374469634,0.09711021591939072,0.0837916580463126,0.14700216764048132,0.13938129776121033,0.11469721619222704,0.13060512720969272,0.13094511792639593,0.15254153065758722,0.11199601091360535,0.13428102304206282,0.2356759599950375,0.07565106210067278,0.08005228506893187,0.11807573727735396,0.1264935119400903,0.10606866641937765,0.09673309345047863,0.18600092083468014,0.1494049148620088,0.0753621892061881,0.14630031593869533,0.09373138939739392,0.0904900097489779,0.10060763408011969,0.07652773661474006,0.10691848586827253,0.1182122343140608,0.12193764674526525,0.09797615843519268,0.16966184917000113,0.18955021217763532,0.19232954035639105,0.08121081446653362,0.10281950939211021,0.16860813390816293,0.09581494952057863,0.0999867101456871,0.17363539910900253,0.10830983625047926,0.18051478955971828,0.10973024975650895,0.12227116278088426,0.09907584520071887,0.30235658814474187,0.12418820698779372,0.21935604133049033,0.10970908308182983,0.08944107286214373,0.1319749770128989,0.16098941421250013,0.1115743589228909,0.10631054464414814,0.09707633370264229,0.1476223962571251,0.10450475571772425,0.08259902345360838,0.13156973391136442,0.09171974963946755,0.10735998567733673,0.12238314659086963,0.15358761054445952,0.1976836071769352,0.12430498487771369,0.10994523563631992,0.0722608245276987,0.12164275939916665,0.14545175149672743,0.12108807674993742
Azerbaijan,0.09274700719355439,0.24265715312503544,0.09068592529584657,1.0,0.14919227141578445,0.047273354179344425,0.12433368385389845,0.14397781219927586,0.12665388957590046,0.16849772949497538,0.27195308139108504,0.05920136073136311,0.10881950595196167,0.12324499236161052,0.10575721472449401,0.09772244943302115,0.17536050251687296,0.12465577418813563,0.1531053451129153,0.16060951416291366,0.15431978881007993,0.1300245994433281,0.1573478463935553,0.25917867889952106,0.09600478890429232,0.0929472208784935,0.14186833187989184,0.13330105445707377,0.08291812560437714,0.10548870329297938,0.20142668216712944,0.15883808388240417,0.07327570957952162,0.12238567149344379,0.11829524438417492,0.10086199282663136,0.10092382013242568,0.10548009950571124,0.10160584644537858,0.061718601177666005,0.10818389321592273,0.09258830324405512,0.17228655563398163,0.22256503466510638,0.21925035997879969,0.104282279364805,0.14814054996152318,0.16209051786570353,0.057756010491163606,0.11542329447243388,0.20085734568665703,0.12025191822940888,0.1675914736047224,0.09604305918185102,0.1419854137183913,0.09614669693008691,0.3070565419540211,0.12170758314752866,0.21686333273868252,0.10235684982993383,0.10727942055750575,0.14595692268051008,0.18473780732542916,0.13076787622207853,0.10951370126885217,0.10591304139306613,0.15348356082819473,0.11910775084930536,0.07784812670903321,0.1597130795049953,0.10555649198619935,0.1401083978791213,0.14143845228576168,0.12210201672899261,0.17523126255287008,0.11252214460763069,0.15949467186903543,0.10012463369308762,0.13509981703433768,0.18814528871745134,0.12301849431950786
Bangladesh,0.15169747946482484,0.33109402477065136,0.12375396954889938,0.14919227141578445,1.0,0.1524415548211385,0.15291569638404393,0.1500586069266182,0.14150301844821875,0.24105324965158917,0.32403420661635834,0.16506935930180724,0.12623310825751505,0.10814716647876829,0.1014854810169393,0.18777688893034924,0.15833532596821295,0.18107516053600087,0.20227722670427495,0.18705158235319716,0.16637448195378068,0.13214534776073616,0.13179018880007778,0.3085177837184388,0.15071784371340213,0.14411719397998007,0.13426307432265935,0.14842476926895218,0.16092235466085783,0.13154327049203762,0.21074989013316192,0.19128729154163332,0.11825977419588099,0.1433749219414982,0.14433565737107648,0.1438883103202049,0.15734683820835824,0.14304023225150192,0.13156249769357775,0.15660525231314365,0.13930410336334847,0.14756520648077645,0.1947380902643986,0.2547024739170791,0.2763566029769331,0.10773466567274805,0.13945981480117042,0.2155905496732437,0.12976721741388997,0.15700916973575338,0.20162880849279197,0.17456898319739547,0.193145662449815,0.12850357467737578,0.17166340054213172,0.13576297041909555,0.30411815288377764,0.16334576530846054,0.24257663901647686,0.12792023662622146,0.1373961883683209,0.19051555592239244,0.17881792161538176,0.1667822688770801,0.1614419392745235,0.13767818402128457,0.16759710315824816,0.1833709613247894,0.13954919774793123,0.17440080452983858,0.11937123703717789,0.1553122191378542,0.16067077103983607,0.18349195116505224,0.22368424702381765,0.13649053964217553,0.11479503363985973,0.1509967957479258,0.16598769609200592,0.1861223256112969,0.15846847101839573
Belarus,0.08362465463432801,0.23480789732545862,0.10071957566976895,0.047273354179344425,0.1524415548211385,1.0,0.11159408738419303,0.15010287882339163,0.133994960730074,0.16560381283066491,0.2565826967983309,0.08013697971257817,0.11677705605267732,0.13584310059196847,0.09506234525700993,0.11197247827102533,0.18478579197539527,0.10548216211924397,0.14796419690610366,0.16411309407988744,0.15825153749978227,0.11216426639282556,0.1678167780649654,0.2760969599302519,0.09485550797088452,0.09022175873227849,0.13864866748495888,0.11447240759999737,0.09723701222194901,0.09814374436433353,0.18488734386493524,0.16098206340068874,0.06617026279622239,0.11058905675525721,0.11823028221124032,0.09926921219096023,0.08739759840675478,0.11241509436712797,0.09934132634656032,0.07359529713582884,0.11779400374898817,0.10094224599309516,0.17131959843194733,0.2397045737756949,0.23639715663487737,0.1035208279981362,0.14798808557803117,0.15252428829296352,0.05707195044790052,0.1124852428249505,0.17779199506241727,0.1381076166135963,0.16729160194939152,0.07646459204640976,0.13204351797485234,0.07448110540294262,0.3070256947302741,0.12561387278228722,0.227746252181985,0.09271360873064151,0.09554505385656778,0.12966678272416118,0.17080840657172106,0.1189114785320652,0.12632201576184568,0.09391061088214103,0.13946879340339696,0.1072879207953577,0.07477474007258202,0.16219074082190096,0.10733766758486825,0.1348131207353522,0.13082696160077706,0.10812642904951114,0.18078098695213798,0.1115389392115394,0.16400366305652986,0.11579567307292095,0.14260412530686303,0.1982468520386517,0.12817280780303658
Belgium,0.08967186439441754,0.22641266382678304,0.10070209686708641,0.12433368385389845,0.15291569638404393,0.11159408738419303,1.0,0.14324094990694666,0.14590861100049887,0.19872972877312,0.2667703525537813,0.14005955085025645,0.09614233877952456,0.1453124506511048,0.0895413899018808,0.1528842976178957,0.18479767196758445,0.12075852047508172,0.125019593110979,0.1313831015587574,0.16048715057408483,0.10926981353874406,0.15712426615034683,0.2561157476173218,0.10165330932015085,0.08528744882004066,0.11874675923845648,0.08958574035594943,0.14032624925467993,0.09000316146444827,0.1868745139010271,0.1270129295441657,0.08479273306144702,0.12868894678732865,0.11357265051567474,0.0962324552723645,0.1151266109768425,0.09656222304129582,0.1297609161111906,0.12737665365706324,0.1467396401684416,0.11265120989737534,0.1696010111624854,0.2175594812130493,0.22875535703188069,0.10335691468745176,0.11439517700790529,0.1445167619439004,0.09918002889343623,0.12500488039831312,0.10979768827549591,0.1338019476999386,0.19914612841917448,0.08563667654472373,0.1093510132473031,0.08557520963410178,0.2969954261056197,0.12492711599051227,0.2433573041481001,0.12876808935875614,0.09620870301891415,0.13560394612311352,0.1306794778519291,0.11124597025846139,0.1288485450890913,0.09065844812052276,0.12327044605035697,0.12270478458360723,0.0929523925774093,0.1378000867976078,0.11761153408589094,0.08059656788151248,0.07942574127863028,0.14523047791284235,0.2564756982388721,0.15776006195745218,0.1350393198360672,0.13938337924643862,0.12367299806084035,0.16354773289168706,0.143028218384649
Bolivia,0.15906196792222918,0.2770650798288479,0.1353093523436689,0.14397781219927586,0.1500586069266182,0.15010287882339163,0.14324094990694666,1.0,0.09905687374533118,0.24216845281330057,0.3252473015663304,0.15620280016571605,0.1283651929486925,0.140144130125944,0.1266463716174296,0.17620042866098432,0.20473041756694096,0.20038713068340658,0.20413736485963155,0.19317683402473157,0.1724960145710136,0.16739768055479184,0.16352916077105462,0.2775815855482596,0.13483237378782065,0.141471161540104,0.15444416054763946,0.15590552781183648,0.17792559730934077,0.12311989891675598,0.23919547069884473,0.1912210537869089,0.12162161246002628,0.14037593192820838,0.15545239497232832,0.1678538015022773,0.1539976075344157,0.14369987105243304,0.10796908916357999,0.15468463212519745,0.1481575024936112,0.12150161945663682,0.2049125292683628,0.24396777824895777,0.2607461473677179,0.09585330341531882,0.16714222457534014,0.16412057882347186,0.145854897728932,0.16097272895084183,0.21991862783210447,0.17209783209793825,0.18305461599946965,0.15067482736733948,0.13214188895611365,0.14509707273034633,0.22782657105520784,0.12982017962168452,0.2533942934916462,0.12479440844095742,0.1661385026116373,0.2018330382102261,0.21074067239698693,0.16278400825477018,0.13818387688766257,0.13763882081777035,0.18654464681686217,0.1856997614970381,0.13049232922640652,0.20411391640717091,0.1296516308010341,0.15846342942644756,0.15238260111278282,0.16477780815200732,0.24152015570353003,0.16754147623146343,0.1400088549292537,0.16253632363373635,0.17213176012358317,0.19659298673417933,0.15420849564393777
Brazil,0.1581592627859555,0.28100871887611134,0.13085625939488385,0.12665388957590046,0.14150301844821875,0.133994960730074,0.14590861100049887,0.09905687374533118,1.0,0.23747681832046372,0.29770539307404503,0.14406021516007708,0.12520394639466248,0.13524581658406587,0.12370962302594196,0.1657136181511136,0.18443929476250007,0.1965178936169936,0.19705391780718007,0.17627422009599156,0.15716074653854734,0.14907080408577258,0.1356049374975381,0.273523258931337,0.13904570195117016,0.13747265361585842,0.16574944297527167,0.1465114214518225,0.18411571812419772,0.13491628363196295,0.2270210159393594,0.20112994181881239,0.11418060131270918,0.14911609022014605,0.1436061221086562,0.15149666245308346,0.16118236070853353,0.14347708014437188,0.08632951766617876,0.13820628846852137,0.13500934508735124,0.11327280833304065,0.20809552226028433,0.23852592683532028,0.2566546028405246,0.09237287864420383,0.1738091891441525,0.13907567467010817,0.12598903576681408,0.1497657196346324,0.2193927423130814,0.1622476639029793,0.11657573108014116,0.13917868453239574,0.1325207328138653,0.1454972544400696,0.27529697716772933,0.12355621778663343,0.2517529646974265,0.12137672742393021,0.16001218450987684,0.18612601121868666,0.2061708165569277,0.17846357376219268,0.14164361606053427,0.12330411830989219,0.20042508280446739,0.18182736425318302,0.1076693013693031,0.20462860281556675,0.13342563111759886,0.15423342828550404,0.13883308728237562,0.15892427327974584,0.2139227153072922,0.14699458261520912,0.14052269462167724,0.142014781612406,0.17500924637253584,0.20168846623653064,0.13734745450175362
Bulgaria,0.16754353227149185,0.2401697569079388,0.15469311688326742,0.16849772949497538,0.24105324965158917,0.16560381283066491,0.19872972877312,0.24216845281330057,0.23747681832046372,1.0,0.2992456756845392,0.14336650060888048,0.17680501849688887,0.2266484073721373,0.18459513240613196,0.23237741371356208,0.2122450640889774,0.13221337906773084,0.18313985502150584,0.20054047715740875,0.25865646000338194,0.18723172659285722,0.2606900981400897,0.27714685571617703,0.18399484213069256,0.18576376422219268,0.19674816655691973,0.2197848058071352,0.16787909017848787,0.18779737260920268,0.2423160924302375,0.19791901296442435,0.17669705049578266,0.2247673714524689,0.18630053270126357,0.1728853848578858,0.14317998648765706,0.16432465987254954,0.19359766526758468,0.21043075325457003,0.20802562720714143,0.2149492479133679,0.20893213138235453,0.24059342476239912,0.21146005178251176,0.18399292016910657,0.2044120046327754,0.2426788561400938,0.1873366667782291,0.19093753618467202,0.23727401833305414,0.18385737705769498,0.2607560104822177,0.19803506715272756,0.1990706260827537,0.17800660566069693,0.34486737115194094,0.23066692847101125,0.2759544324314195,0.18301728233438314,0.17622899808213513,0.1390015542895314,0.19893673202470313,0.1761974170918958,0.22462912008196118,0.18951825782436965,0.21463709489879204,0.12720373769690582,0.16682365597865867,0.19682542719512858,0.192698430699833,0.2089537166047913,0.21693779048491876,0.1825312716350301,0.24290849354633728,0.19053217490841418,0.22885672323766357,0.19252789025593622,0.191235472352491,0.21113723145596003,0.1847066854435833
Cambodia,0.24085784917952008,0.3038098480304706,0.288144663014885,0.27195308139108504,0.32403420661635834,0.2565826967983309,0.2667703525537813,0.3252473015663304,0.29770539307404503,0.2992456756845392,1.0,0.2963064381355254,0.2814377476555455,0.3120030706377267,0.2732151665250638,0.30168677644673353,0.3353864559242964,0.2822722500540947,0.2965934940878668,0.31147260550022043,0.2862284912267277,0.29444520800869245,0.3117955255155533,0.3805347477156315,0.2912943795565512,0.27333575176602637,0.2995305178028356,0.26510294701833,0.28798718014849506,0.26876004322469355,0.25604093894312213,0.31715323949618357,0.25990637404235534,0.25055991918099196,0.26668574043972965,0.287321581787269,0.28576032643912025,0.28560192955151625,0.29616168728034525,0.27990366986185716,0.307782589718143,0.28398038967472145,0.2962554699643289,0.3698533532363343,0.37113005689932554,0.2796159584076581,0.29403017604781656,0.19619351495184398,0.26717226190472726,0.317800068166503,0.2896622921879582,0.3127294918509185,0.28547158791082716,0.2585607232176316,0.2863268870568076,0.24220585720705692,0.46697262518813437,0.2871432935728344,0.31894294812588014,0.2786201480287071,0.2777528760327919,0.2788596747227703,0.29926038484011663,0.27775224208655436,0.31270878439763206,0.260004681766872,0.28702860888521764,0.2751785937392124,0.25230167450731994,0.329446765936873,0.2824582709672241,0.2924288069740018,0.26906429971673956,0.2821080337064642,0.33084156800656656,0.2968446230363567,0.30407981768872616,0.29229264185011283,0.3081253619967348,0.3371275977958397,0.2784454844259191
Cameroon,0.12124311546961193,0.23135565985780995,0.08861160824712035,0.05920136073136311,0.16506935930180724,0.08013697971257817,0.14005955085025645,0.15620280016571605,0.14406021516007708,0.14336650060888048,0.2963064381355254,1.0,0.10564750488736681,0.12842353166315337,0.11589154006442341,0.12077000364165268,0.16564458970095572,0.1282285597463427,0.14740162064546036,0.15153334502298663,0.15567681123318292,0.14103555161044223,0.17726062230438655,0.23140571492424108,0.10017084312525933,0.1089996696802437,0.1337395740038052,0.15194692713066682,0.09242746598852226,0.1146341553165374,0.20128411216940606,0.15993025931950328,0.09549031869808691,0.15720736445986375,0.12795895212121813,0.104245837539443,0.09808813428393162,0.09942327085467301,0.11215670847459479,0.10353096662287199,0.12148439668940242,0.10541345299727352,0.18083672246397137,0.19601860202607452,0.18287719097345811,0.10751327854563315,0.14769480942854563,0.18403887890556653,0.08719556205051675,0.12116451421974601,0.2110806851274166,0.11099915993700682,0.17895221513959947,0.12151122634805964,0.13114327493176006,0.11773335714339192,0.3072194289157878,0.13502657700750995,0.22652892780021489,0.11273708161022422,0.11332144827064372,0.13635061883688612,0.1928149360518876,0.140091094803857,0.11445891454419554,0.1257380526235966,0.17041510564137743,0.10746593785733456,0.10068751334416257,0.15078956955440662,0.11993526504821395,0.14250472877036388,0.14913959181935194,0.13500527121021855,0.1798036585711755,0.12359619546758441,0.15809441695769444,0.10151013073882705,0.13773576871994597,0.16945425423873417,0.13051583573260883
Canada,0.11005712666155566,0.24915478588623158,0.06158467374469634,0.10881950595196167,0.12623310825751505,0.11677705605267732,0.09614233877952456,0.1283651929486925,0.12520394639466248,0.17680501849688887,0.2814377476555455,0.10564750488736681,1.0,0.09247684178194857,0.08014727520489341,0.14476239232599242,0.13628075691487448,0.13703798703168277,0.12482647553570797,0.10342112856280215,0.12524758039365605,0.12159399365368054,0.14001687693880221,0.21177743664844662,0.07706249741756814,0.08397540968526028,0.0913134096790929,0.11550532476466711,0.12832547286883877,0.08531349857368897,0.19226837477965333,0.12772509072927857,0.08086205049792468,0.14329509594743425,0.07692476744994968,0.11176954137327,0.10819682719162407,0.04178649022552677,0.11265014208377262,0.13052573890765978,0.13569484501751397,0.10632966021209837,0.15670104886975908,0.15575118810198202,0.18055096182085856,0.07276193387461506,0.07270110306628583,0.15440519762849092,0.11126466773439023,0.13321846964746106,0.17424871261501332,0.08767052251578358,0.18245145220159928,0.10371814207979065,0.10920081088814783,0.0918728386889325,0.3091352769690051,0.12556258115632288,0.21025600481838227,0.11395093279382887,0.10186869327760123,0.13257921544330287,0.15272655853615638,0.10092858524428035,0.09857624203815966,0.09705377096287744,0.14041850567231462,0.10614822146172137,0.08740822517040547,0.12083761418493989,0.09079643013882446,0.08891398262530807,0.10462664776104603,0.14669800335139666,0.22853111198293188,0.12453819897720864,0.09027465861426419,0.09084706246403587,0.09667032052010278,0.10063628674914941,0.1291903360589946
Chile,0.14333375363581705,0.3068887463799546,0.09711021591939072,0.12324499236161052,0.10814716647876829,0.13584310059196847,0.1453124506511048,0.140144130125944,0.13524581658406587,0.2266484073721373,0.3120030706377267,0.12842353166315337,0.09247684178194857,1.0,0.11102997691207823,0.13992458223899948,0.15809282398297186,0.18743221925672726,0.16543800175300746,0.1716417605272503,0.13612983726374933,0.15961319521114894,0.11023199348374157,0.24898837168069018,0.11529152841188021,0.11490568405474776,0.12091687353507713,0.12842884196010618,0.15268756403256506,0.10970587774317321,0.21660205941212984,0.17707147881787144,0.1075959043358776,0.14901041847442595,0.10911590187566564,0.1455551419924267,0.14812133117324766,0.10953960560637281,0.12223929204519707,0.12340017384122029,0.12820119150293563,0.11042895033169754,0.1904548162014968,0.19714060071570147,0.22665111571518576,0.1000638932834627,0.11342835196513838,0.18806644763981287,0.12830685175292653,0.15519230380573817,0.21571949979362276,0.1378899467779932,0.17757209810975957,0.12835150225211941,0.15819861484479963,0.13028653892831227,0.3314086996752821,0.11968313701538437,0.20825176632190054,0.11660940410962348,0.11027264993748206,0.18179017137677841,0.21170453278576187,0.14144640069446798,0.09764142181462078,0.12583507451445078,0.16057376146346583,0.15539739267394012,0.12924605794484453,0.16900078871721916,0.09745341696710952,0.12250611311885637,0.15510297732498285,0.1820524004206396,0.19553519296231128,0.14650588327881428,0.09812509770332588,0.0933482592255332,0.1420314808879943,0.15603533800892616,0.1608641769692787
China,0.10072393211185011,0.24529179481212712,0.0837916580463126,0.10575721472449401,0.1014854810169393,0.09506234525700993,0.0895413899018808,0.1266463716174296,0.12370962302594196,0.18459513240613196,0.2732151665250638,0.11589154006442341,0.08014727520489341,0.11102997691207823,1.0,0.15628958243483257,0.14408161230819605,0.12874096056617365,0.1584369640043226,0.1426209265679397,0.14241692595594035,0.08987876477121519,0.1521204137999007,0.2724961823724739,0.10337307786825252,0.09749875369040148,0.09456533912817335,0.09920495712258395,0.13154174199705446,0.07258177883079174,0.17945828910535178,0.14284311756131207,0.04648924723166242,0.10059394440268886,0.09976894511825085,0.10712110769390738,0.11022105700020175,0.08422073062480466,0.08314921552628697,0.1294246700572395,0.10060199811417889,0.10581102511358816,0.147353553151032,0.22554361360494085,0.23514314932375902,0.058397938318582567,0.10304144511921214,0.16035984318426122,0.08235520084318311,0.11160375394214188,0.16452864991385296,0.13173123207625898,0.1655332538815257,0.06183525362273765,0.11538558017435821,0.07052423591456826,0.29695791409587613,0.11602381721067687,0.2248020346170103,0.09918152900245926,0.07713405162122865,0.13467805471268876,0.14355508581006843,0.11163022377737619,0.13597413460644592,0.0638650381008046,0.11064735872933346,0.12755736225701025,0.06851309664254529,0.14798252375027462,0.0954961164285395,0.10864951654100084,0.0988320236125734,0.11631405128105966,0.21438526563494711,0.10388381586935512,0.10508590079695873,0.12357715979229669,0.1241970095852966,0.1518687869782712,0.10973909680374569
Colombia,0.14613807859018793,0.26102737963825273,0.14700216764048132,0.09772244943302115,0.18777688893034924,0.11197247827102533,0.1528842976178957,0.17620042866098432,0.1657136181511136,0.23237741371356208,0.30168677644673353,0.12077000364165268,0.14476239232599242,0.13992458223899948,0.15628958243483257,1.0,0.2051836800097259,0.17041007811175898,0.16223660903780834,0.17616203121077703,0.1553577364439261,0.17371938369125045,0.1907598391594368,0.2636274211101595,0.12048780105972076,0.09997818675075178,0.15786186974336872,0.15837111873480791,0.12977107835859134,0.13811841558155882,0.2301706862568679,0.16505345208034417,0.12357080249349321,0.16336208842622105,0.15598696739030127,0.1300234010702397,0.13648617578508793,0.14516518164508413,0.1494333752278053,0.06554422454178549,0.140852411450164,0.12264994530651717,0.19475478654596928,0.2242608318932292,0.2415631848309107,0.15964939291250407,0.15761233275234168,0.19178266128340876,0.11534873628916646,0.15233123819811795,0.2145506020146346,0.1286351992990594,0.190127804075112,0.13103359721362492,0.18263539270290083,0.14286841462848168,0.3236043088905187,0.1509873283878091,0.19926651833265963,0.1487059407652147,0.13936474635869003,0.1977955665244823,0.208884048767447,0.1447798662944279,0.10439919240052098,0.14003509181714163,0.1739297028371322,0.15665530026549196,0.1359718599394931,0.1530798952409727,0.14708940520020305,0.14234916176147042,0.16191879118436292,0.15481520347027727,0.2320939139797725,0.1468692418917075,0.1959353049796677,0.1278072053855337,0.13214331462853746,0.2039833809306742,0.19534627345213454
Costa Rica,0.18266243993580492,0.3127910057355022,0.13938129776121033,0.17536050251687296,0.15833532596821295,0.18478579197539527,0.18479767196758445,0.20473041756694096,0.18443929476250007,0.2122450640889774,0.3353864559242964,0.16564458970095572,0.13628075691487448,0.15809282398297186,0.14408161230819605,0.2051836800097259,1.0,0.18044184524602958,0.17931485886043763,0.1580676456726345,0.20383388340293235,0.1332392070445716,0.18750932583319507,0.27618930392737523,0.16825434503493328,0.15338953859080776,0.1607071789127683,0.17949286471079778,0.179655943215414,0.17898619113221365,0.223338254746549,0.1763766501121936,0.15142338272538264,0.19568405803875824,0.1610040907662489,0.17454004981079924,0.18474071704457284,0.15202717470013097,0.16090195582297795,0.19122704532972545,0.16139919781141968,0.1648046853594945,0.20712140994249317,0.21765848304952162,0.2305254552052509,0.15954393690932842,0.14152523364795247,0.2481588968441271,0.16968974721112967,0.16867649697417123,0.218359920845523,0.15164199381918284,0.2237857472195517,0.16473174968529472,0.17326778763197642,0.17789816256315985,0.3390706264523232,0.22120143192802233,0.23574024284786566,0.17715784227146292,0.1530981169320962,0.17451908998312338,0.1857821665282903,0.16267936722642976,0.17277445675181818,0.1416778763122008,0.17914510025661975,0.17449027922766938,0.1521154061650993,0.1696413166298997,0.16242037578748109,0.1575315414690283,0.16990096276940447,0.17036779956372197,0.25165888933168395,0.11185108474052378,0.1676430752145599,0.15655982075252747,0.15284991441360413,0.16648720012516627,0.18418078972643673
Croatia,0.09564178579744899,0.23443524480242747,0.11469721619222704,0.12465577418813563,0.18107516053600087,0.10548216211924397,0.12075852047508172,0.20038713068340658,0.1965178936169936,0.13221337906773084,0.2822722500540947,0.1282285597463427,0.13703798703168277,0.18743221925672726,0.12874096056617365,0.17041007811175898,0.18044184524602958,1.0,0.12954409000762493,0.1480689735103064,0.20789909552204652,0.10341134013425607,0.212294485594858,0.28334169285384303,0.1158492569659056,0.10620520124188963,0.15371882323995717,0.15375417006795639,0.10488797963349927,0.1430877476328467,0.18841862082429556,0.1494498939472773,0.11688364796707444,0.16880908812177894,0.14961632852219092,0.09674244235528306,0.0858096935993611,0.13350360752169083,0.1604375505292932,0.1440668023117792,0.17169792087911379,0.15479448717083524,0.1890003938078855,0.2383135141829333,0.22823741657763771,0.15012414557350867,0.14730988940615655,0.20697375634069973,0.1189437522582046,0.11630063289923713,0.1392234094128101,0.14370969249802487,0.23432447577278964,0.12090812755882348,0.1526211237515404,0.11001857772972051,0.30823430055441503,0.19217774833020376,0.2579467207373705,0.14682113085198925,0.12356971125434277,0.11940240709119382,0.11925916655524309,0.11728395293555377,0.17174337865317335,0.13100162200879395,0.1492840695019619,0.08941769194023627,0.1217117489318302,0.12500581434230762,0.14891872679949428,0.14114046801115707,0.14518664715153626,0.14246058966525868,0.23639856732718653,0.1354049375341216,0.1946437228681154,0.14818483990600612,0.145016275740169,0.19793939800003627,0.1719538019285459
Czech Republic,0.1420348246076266,0.2500359178243111,0.13060512720969272,0.1531053451129153,0.20227722670427495,0.14796419690610366,0.125019593110979,0.20413736485963155,0.19705391780718007,0.18313985502150584,0.2965934940878668,0.14740162064546036,0.12482647553570797,0.16543800175300746,0.1584369640043226,0.16223660903780834,0.17931485886043763,0.12954409000762493,1.0,0.11152479058461749,0.19784431168123467,0.15522003439390664,0.18150719325326953,0.20090114116169053,0.12132896810568233,0.11082121587897113,0.15754843688368253,0.1251307557701902,0.15645709910040698,0.14181555931704737,0.2053149103411427,0.12233503556831865,0.14086106059159192,0.19193329541549514,0.12627399081552848,0.13833286567284955,0.13746410895238573,0.12432088332021726,0.18268619990485852,0.1468119657767583,0.188315777716489,0.14155267539355215,0.2345816403757414,0.1774953257518826,0.17376347560995176,0.1556140799973135,0.11875563380995884,0.1977258599676409,0.1515243604943708,0.16625954496508422,0.1413997571685419,0.13348008065942207,0.24804466686742532,0.13760932849469695,0.15313037320004746,0.14445168156189625,0.3346607490559345,0.1894960321167712,0.2720401451881876,0.1654235729260673,0.13472888055801507,0.12896966390213327,0.1497922739886354,0.13793103922182096,0.12514285321876076,0.14629278662069742,0.15199104025740798,0.08919184782838038,0.15207475331962755,0.1293027608995635,0.1535061529270154,0.0940356526209131,0.12767712736205336,0.16649561002138594,0.2610792033204009,0.17506670420533918,0.1881221637659169,0.15205126297022528,0.1256975068878619,0.16072860483657364,0.20407869647026566
Denmark,0.15633481935821295,0.22619385139025322,0.13094511792639593,0.16060951416291366,0.18705158235319716,0.16411309407988744,0.1313831015587574,0.19317683402473157,0.17627422009599156,0.20054047715740875,0.31147260550022043,0.15153334502298663,0.10342112856280215,0.1716417605272503,0.1426209265679397,0.17616203121077703,0.1580676456726345,0.1480689735103064,0.11152479058461749,1.0,0.1735117164044285,0.150876226605746,0.19453904124118196,0.17854233972565361,0.11906860084106212,0.12538889561904124,0.14813636277034323,0.1549846198308131,0.1687718464819973,0.14107488420367018,0.20028451756460347,0.12145360738702014,0.13739597384323987,0.19991779096507747,0.1339352051939175,0.14024307019476387,0.15167149911371466,0.10743119234645396,0.16868347253462604,0.1738405653760735,0.17746911333449808,0.14709770412357773,0.21475582103908442,0.1430999710950727,0.14822937700601554,0.1455335100202348,0.09653013558572575,0.19106973126848334,0.15082612820406932,0.14974604461660798,0.16945290960796583,0.10841894290751408,0.22061502289911178,0.13830548830972975,0.1491919664264798,0.14885004373542296,0.33608506134124827,0.18266890465159177,0.2691793586796327,0.17923656019811576,0.15736481189539525,0.1541205598942303,0.14115262141897233,0.1536380997822112,0.14076338452089524,0.14123757260125822,0.16499010653473706,0.12129891808182695,0.14223511414483847,0.10865702918282974,0.16512062506163136,0.10453115155440294,0.10081955914534745,0.1661212932279164,0.28025476857238857,0.1556215557217737,0.16279365752061284,0.14549203273522712,0.11301248474996058,0.10795018364835436,0.19176321814546926
Ecuador,0.17656267828589936,0.2872859624813744,0.15254153065758722,0.15431978881007993,0.16637448195378068,0.15825153749978227,0.16048715057408483,0.1724960145710136,0.15716074653854734,0.25865646000338194,0.2862284912267277,0.15567681123318292,0.12524758039365605,0.13612983726374933,0.14241692595594035,0.1553577364439261,0.20383388340293235,0.20789909552204652,0.19784431168123467,0.1735117164044285,1.0,0.17938674201410804,0.1928373524370815,0.24791738154107695,0.12812992582210156,0.1485363297126495,0.1531368282727709,0.16568789275133097,0.17491820616291545,0.15024673908140676,0.19267055369290065,0.2140331373366414,0.1469190803745443,0.1935105021052157,0.13773646377949617,0.15897366551211028,0.17449874877667218,0.13695655539379856,0.17016451703436844,0.1637293855394268,0.1875604612051957,0.15147912426689428,0.1980059405915449,0.21655572627169298,0.23904769549226593,0.14164747004431158,0.14855800254724633,0.1721219129219238,0.15288199018746687,0.1907757432165453,0.22918528673268082,0.15961794428618525,0.18662911077141672,0.15020535066868645,0.15293130968478105,0.14681254263980784,0.338881212372305,0.15871726049889753,0.2153347282478271,0.17844076248364227,0.16596204494412028,0.19968057613633086,0.22259162347720243,0.17405782257797128,0.13360953497920922,0.1627706178775726,0.2106617941752311,0.1868410271083793,0.15352872543747384,0.17447953706440553,0.15178143455461537,0.16718000877962774,0.14982819546207218,0.20438764222973285,0.2616193822997753,0.17388080322234808,0.14411190399383994,0.14153949223397463,0.1753728413267637,0.17406844515601125,0.1648344413593321
"Egypt, Arab Rep.",0.11923595855126279,0.27670369797570976,0.11199601091360535,0.1300245994433281,0.13214534776073616,0.11216426639282556,0.10926981353874406,0.16739768055479184,0.14907080408577258,0.18723172659285722,0.29444520800869245,0.14103555161044223,0.12159399365368054,0.15961319521114894,0.08987876477121519,0.17371938369125045,0.1332392070445716,0.10341134013425607,0.15522003439390664,0.150876226605746,0.17938674201410804,1.0,0.17133691680740995,0.30235050436674576,0.12545377596774818,0.11041186315935754,0.1328362695855915,0.1274205752037853,0.14315079190065932,0.1305732257030631,0.1903059961307114,0.15302829724425002,0.09928896709845579,0.14810710570284946,0.13944323811871515,0.11136380563418175,0.11728794134585555,0.12771419905229126,0.12220275548290745,0.1431766174197046,0.1496146474631553,0.13989489098955696,0.17757713051293944,0.2522348979808015,0.2556270405965877,0.1205363294810295,0.1386681246667202,0.19623377333250586,0.10950274568765986,0.11888281413531271,0.14345520213002166,0.14726489962939363,0.19662235218878593,0.09793795017132077,0.13130600897983605,0.10066207052116065,0.2969747929774215,0.1832014415197529,0.2502734583757247,0.13170103733152141,0.10152676079560913,0.13287438585230985,0.11836648412614428,0.12258717387521266,0.156985030309572,0.09661284367169833,0.1357498437532881,0.13981187651344548,0.10157369923967546,0.1446993224788282,0.13764832000356703,0.13115415639874234,0.12597494635415923,0.12165141313994585,0.2353512451702263,0.09359471290806694,0.16500098920109033,0.1481051497567078,0.13669913309293794,0.18721368346521697,0.14598778659104827
El Salvador,0.16065706023778115,0.33969912173913486,0.13428102304206282,0.1573478463935553,0.13179018880007778,0.1678167780649654,0.15712426615034683,0.16352916077105462,0.1356049374975381,0.2606900981400897,0.3117955255155533,0.17726062230438655,0.14001687693880221,0.11023199348374157,0.1521204137999007,0.1907598391594368,0.18750932583319507,0.212294485594858,0.18150719325326953,0.19453904124118196,0.1928373524370815,0.17133691680740995,1.0,0.2692587226236669,0.16725971234744919,0.15665742574866917,0.17349978112939807,0.14496271725311594,0.18963088166771241,0.14797603127614778,0.24039029640774973,0.198305821515259,0.14427446220039566,0.16947055858874494,0.15434012220291596,0.17576882200699048,0.1900628707890963,0.15852164479654843,0.159299315231856,0.14759195760925284,0.1747363873511546,0.12780313349361497,0.2527570157931131,0.23730021338680646,0.25229708827174296,0.13311521616867164,0.1651107371804009,0.18596803112282587,0.14956067838092552,0.18468764760405446,0.21214005139256173,0.1805029991217732,0.1974297364151495,0.1570723018552871,0.1820795601674788,0.1572271942564233,0.35049009756254795,0.1566252449747548,0.28400092696494905,0.14787370189004076,0.14796911934550494,0.21161378665361358,0.21974461613121746,0.19715218553924085,0.13100186278070713,0.1596556081190469,0.18304761822995833,0.19648853380722678,0.16124791905401778,0.21461099658247404,0.15092533015429774,0.14947967750053484,0.17480595441982727,0.21155001948158134,0.19794920567651986,0.18488499740508954,0.14594431632984683,0.14208173732324894,0.18240327588221938,0.2042593113076488,0.1895409351377066
Estonia,0.2731490364930658,0.2762881494167028,0.2356759599950375,0.25917867889952106,0.3085177837184388,0.2760969599302519,0.2561157476173218,0.2775815855482596,0.273523258931337,0.27714685571617703,0.3805347477156315,0.23140571492424108,0.21177743664844662,0.24898837168069018,0.2724961823724739,0.2636274211101595,0.27618930392737523,0.28334169285384303,0.20090114116169053,0.17854233972565361,0.24791738154107695,0.30235050436674576,0.2692587226236669,1.0,0.2282060486037888,0.24895186919205864,0.2535817608628388,0.26774396907209425,0.26801837246187205,0.24263247449806727,0.2931212329125489,0.23462677963592668,0.26092332821356673,0.3148290916272298,0.23496748265189168,0.26364157213644274,0.26439520337430983,0.21223814575005012,0.2820353732860087,0.2715569389899026,0.2875181076848709,0.2358246138573096,0.33195676431774723,0.12648361840466374,0.08974126593493954,0.24815276696203128,0.21678377011662694,0.2614803340089782,0.26847557436197994,0.27820663153830183,0.30051577374814575,0.20944215860455268,0.30954901105372473,0.2720618447711599,0.24532999343123948,0.269663319461134,0.42025502145755655,0.25643242582450826,0.3528924766952163,0.2804194995064241,0.2705063633363632,0.264377289563791,0.29420335279389,0.27629591870137143,0.2059941493814144,0.2749843336719907,0.28706467786310363,0.22478452070698704,0.26807986293326475,0.23654617719652235,0.2684735372249322,0.22256225792618323,0.23418512886792833,0.2924482910190691,0.33460473172444416,0.29311830048266607,0.2510115848213456,0.230828288595384,0.23169650359688573,0.18130248959883855,0.2913742464339637
