Country Name,Albania,Angola,Australia,Austria,Azerbaijan,Bangladesh,Belarus,Belgium,Bolivia,Brazil,Bulgaria,Burkina Faso,Cambodia,Cameroon,Canada,Chad,Chile,China,Colombia,Costa Rica,Croatia,Czech Republic,Denmark,Dominican Republic,Ecuador,"Egypt, Arab Rep.",El Salvador,Estonia,Finland,France,Germany,Ghana,Greece,Guatemala,Honduras,Hungary,India,Indonesia,"Iran, Islamic Rep.",Ireland,Israel,Italy,Jamaica,Japan,Jordan,Kazakhstan,Kenya,"Korea, Rep.",Kuwait,Kyrgyz Republic,Latvia,Lithuania,Madagascar,Mali,Mexico,Moldova,Mongolia,Morocco,Nepal,Netherlands,New Zealand,Nicaragua,Nigeria,North Macedonia,Norway,Oman,Pakistan,Panama,Paraguay,Peru,Philippines,Poland,Portugal,Romania,Russian Federation,Rwanda,Saudi Arabia,Senegal,Singapore,Slovak Republic,South Africa,Spain,Sri Lanka,Sweden,Switzerland,Tanzania,Thailand,Tunisia,Uganda,Ukraine,United Kingdom,United States,Uruguay
Albania,1.0,0.21873518571498612,0.08243515260959264,0.10716018977170762,0.09360643621503399,0.14597486697888326,0.08209950465340175,0.0897284702236922,0.28726741913388776,0.1479818344127055,0.16627165855231318,0.11081054825700247,0.24145699503456686,0.11925554414718519,0.13872248283090494,0.1369587484104755,0.1545164184611924,0.0997318729905984,0.15714021615561732,0.21214421185215962,0.09661319821092247,0.14093597338163566,0.1503672355207085,0.11990345637892243,0.19188891595332355,0.11906539383276962,0.16460265621560924,0.26969627785404715,0.09205634124594932,0.08627433214455087,0.11881110444072794,0.09820459577627004,0.1415848365750538,0.1241279013638714,0.17258752610355102,0.15752723280375971,0.1093097080012057,0.116654526533643,0.11961782681368172,0.20621516408366447,0.11618192369895686,0.10329097900407841,0.10331269819360714,0.11448931707455957,0.12293312580426269,0.10828601886354147,0.14114106988366804,0.10662574637731848,0.18812610990631642,0.16789998431063574,0.23303556918661383,0.23060979428117268,0.21460892781311394,0.13000539508001913,0.12691992291885296,0.20494680604424925,0.1442586238184598,0.08501395107053258,0.1554944281043971,0.14388615212927203,0.14348019738780055,0.1766114435925819,0.17274319017963186,0.0985997413645796,0.13569330745464134,0.09034829061938418,0.27901182714810707,0.39298037620989523,0.21145926763687561,0.20308622583023617,0.09993626496899949,0.14230893129302574,0.1543845200097989,0.10646385059694133,0.13358695667503995,0.09700042581243663,0.09947761142943665,0.1329818366049807,0.1965472046179711,0.10838861412326209,0.08723235259735397,0.1481352311116143,0.10871609064018108,0.1218280569160699,0.11581862080692874,0.1438363572610264,0.20991271489317098,0.13300358253935785,0.22045923626241584,0.10612781384403025,0.14030046255916823,0.22318229258419256,0.137512357357803
Angola,0.21873518571498612,1.0,0.23632582969184285,0.25103405817975744,0.22489017661683086,0.3062754424164258,0.21785744068133964,0.21129191570199818,0.3481118758901092,0.2579136375107469,0.2276772786137452,0.2207524453173753,0.2937040894227919,0.2148448231694889,0.24480708875450438,0.2372151699670066,0.29147051025768594,0.22636582360271287,0.2496416969086625,0.3078365882588715,0.2205726989834693,0.2351433355349357,0.2097574200310985,0.25417414531841287,0.27921408121092867,0.2605272042615059,0.32063663267534886,0.26682238842463313,0.2232822088075286,0.22498485315425729,0.2442716984651436,0.23575543540600996,0.24489380746279615,0.2228376293830025,0.2571990396746487,0.22235744246204983,0.22349727298548136,0.24170125192570868,0.19328802736965847,0.25644364043471335,0.24909355678033518,0.22358607828872978,0.21844028138476224,0.22014384521759903,0.23071184123433752,0.24849278903910968,0.23214114690924648,0.2218217714162712,0.2659513872133749,0.2543526308925238,0.26699110395703773,0.24108787797242448,0.2566348234954888,0.25303262914944746,0.23897042725155287,0.24936214506672977,0.21507684270133,0.21488887405206844,0.24106136830043054,0.246019237910922,0.22616951166479385,0.25463847933055106,0.24959699379956832,0.22244609402469376,0.21442367834136788,0.22536904385288742,0.3298500796342018,0.4244355633385484,0.3157808465675776,0.2921055458518052,0.23816279678720007,0.2348170725484162,0.24771864650809433,0.23675859277347927,0.2581103974614934,0.21737301298168987,0.2187794588810196,0.23886273691628104,0.33092641054035554,0.2046858509286305,0.21178235627157324,0.23950278589420274,0.2568098091376068,0.2197604592312755,0.19422887011204992,0.21154131668776308,0.32592516339306715,0.25635581659059253,0.27688047988437153,0.2499115612778094,0.23584563222390845,0.2762474799507667,0.24685124826056132
Australia,0.08243515260959264,0.23632582969184285,1.0,0.10850802777176391,0.08673824381384661,0.11606196039257684,0.10317666917045237,0.10767371116868193,0.25437991307495994,0.1209780154133593,0.15773052621470396,0.1093017608983471,0.28517982205148357,0.0949015403582887,0.08773401086956559,0.11431649708969911,0.10298345374330699,0.08559609663857466,0.14689495530779675,0.16488314968031115,0.1203673789451253,0.13346300477558465,0.12830105752508592,0.11276088343054559,0.15893638761373804,0.11562545921364475,0.13239763823400322,0.23283910376534245,0.0773562965491713,0.09782812551306011,0.12680067347132098,0.11019954206593557,0.15544569036603487,0.10493555148123292,0.18027228995603622,0.14850342248892315,0.08998865694020418,0.14522582093407715,0.10360408278273593,0.17877429558703456,0.09938708793100809,0.1105159431373633,0.10085204761600385,0.08022958390650461,0.10302077303793596,0.1238310284930782,0.123743520645714,0.10029261773767754,0.1844389071162451,0.16216769950535354,0.18841473890781785,0.1894364850265758,0.21194608175583463,0.15177444501997664,0.09915501432188753,0.19644680495904968,0.16000344789648044,0.09104710661605331,0.13109956473470719,0.1718605767969631,0.10877109385032262,0.1385408040796109,0.15809437094724255,0.11880701098734452,0.11555146206734747,0.09636587501350607,0.26292707682123667,0.3653495531740273,0.2050112544306134,0.17777796724330394,0.09186452291263329,0.14123355206902283,0.16233006959785354,0.10893249742681943,0.1044577949113193,0.08122502566812835,0.09347049324918522,0.14690487356853552,0.15766548450139536,0.10902980446772927,0.09190521828513766,0.1308246707445928,0.08822374766335357,0.10344620942769946,0.11952198981592119,0.14964565914235942,0.19258176265055077,0.12105798818349096,0.186210877775293,0.07461285643440901,0.12000374028141078,0.1719150785918731,0.11855786558478504
Austria,0.10716018977170762,0.25103405817975744,0.10850802777176391,1.0,0.13423823656988937,0.13720854105802882,0.12406382238139763,0.10231873064562902,0.2735403920851514,0.1306207762345211,0.21581287441473357,0.10617260147294437,0.26866676598166506,0.153826680711605,0.1233917152382424,0.1438164314603492,0.13234183214783848,0.11458854970861895,0.1498562530179562,0.20166831092035561,0.1407521127443772,0.13437465056519785,0.14043312505075714,0.1456691910997936,0.16775200464537526,0.12822322966429592,0.15928264051950158,0.26310365245479367,0.08807837015604898,0.0807759653133724,0.10211370860852699,0.15275558057667413,0.15642713091105975,0.12849427917640174,0.1829924270757032,0.16184684735582855,0.12223521930339891,0.13482669671840505,0.13143732117346302,0.19262042645798563,0.11045961069815044,0.1289062776782982,0.11631188525721603,0.11988729384837801,0.12329582429343915,0.12932781391780737,0.15907729503187193,0.12199922168119269,0.18766997563657867,0.16625864581667552,0.20606483705797193,0.2444381311953501,0.24729155165851655,0.14362190226295496,0.10608515772773684,0.19497789210060412,0.14563102696705396,0.1267175988840509,0.1700237729494159,0.13474142111791632,0.14153183841610323,0.18850864315030486,0.1655807859278502,0.11803131626811533,0.11835972511017381,0.11310988019627048,0.2638412921709508,0.3866663375493992,0.18815449782029547,0.19316874228160547,0.12468416163754428,0.15103363040917983,0.1584878647269103,0.08544744434817048,0.12587918284372862,0.11250395193851559,0.10092576301993117,0.155329579951347,0.1345682082437122,0.11938499703789163,0.11315913046674794,0.1370450359949521,0.09407721467501015,0.09036603110205317,0.10505239694879961,0.15962222201675313,0.24898283724945441,0.14122966236219917,0.22990287284511995,0.11567852141868454,0.13285118646664812,0.20265150998728512,0.1696280926714425
Azerbaijan,0.09360643621503399,0.22489017661683086,0.08673824381384661,0.13423823656988937,1.0,0.140806724114606,0.058926596873584175,0.12986006590795585,0.25794137410182305,0.1177735121593055,0.1710575852574805,0.1209794027504678,0.27017305006316766,0.07064394405697205,0.12285555125934802,0.11590800898342661,0.12605564137680564,0.1058453570495051,0.10339408325974588,0.1898535687096487,0.1307053632278759,0.15497365113283068,0.15659596144283558,0.13166893867364524,0.16046095895171875,0.13388720648572036,0.1539836873654891,0.25536099036772647,0.09698654039104516,0.1088350517886276,0.13435143361226334,0.08988618634604958,0.17139420516307985,0.11358530787474515,0.19446271255098807,0.15838683246349725,0.08963649229855303,0.12500483877060273,0.10538559732873551,0.2110867656162432,0.12228313980327765,0.11921050809635461,0.10274386457601782,0.10717589508578787,0.09987016090127784,0.07703980854257553,0.11153163677934436,0.09632857644473251,0.19442888938312802,0.16525993257559507,0.21996200359358947,0.21477731670454867,0.19700658161816278,0.14882084351966068,0.1424382444723726,0.20000861526449745,0.15432935924287022,0.0559243825106045,0.14172593089228708,0.19859445161242378,0.12034255816839189,0.15399127341982732,0.14642562805942338,0.10915132724648452,0.13498562777009335,0.09459871119594511,0.2682901090493818,0.3644378806623229,0.20254535173607144,0.17459827704307693,0.109331529863212,0.15436961665523913,0.18540670640123746,0.12829051403823047,0.10809298976350785,0.09533821104971578,0.10330553435428207,0.15390054935834968,0.1958628829859549,0.12314445007311232,0.08827695685792253,0.1577218726735737,0.10201383501012372,0.13442735517551235,0.138404263963148,0.12103020282414396,0.17145828444386263,0.11113345842524804,0.17779898291836851,0.1002521550575034,0.1336666627226446,0.2066769212713613,0.1203400654766359
Bangladesh,0.14597486697888326,0.3062754424164258,0.11606196039257684,0.13720854105802882,0.140806724114606,1.0,0.1493797240784066,0.15292127962359087,0.26195847824446855,0.13117990343288652,0.2372565796678699,0.12754922494460477,0.31779747458639224,0.1615964470252801,0.135627841557247,0.13601748700207916,0.11178899997691728,0.0988418559568856,0.18210671520971514,0.17789166201251966,0.1801252719264823,0.19882727484114857,0.1794097795488897,0.1360482369463612,0.16996378114160088,0.13394439872010983,0.12918394142133352,0.3009888514307106,0.145595867459664,0.14912606722691146,0.14537651020044434,0.15814677999862833,0.18549984173278922,0.13386383861541534,0.20221627920216417,0.18638618280576402,0.1234774250524486,0.14173217454385822,0.16133904685735626,0.2185806857215771,0.14337026797401797,0.15231790009001678,0.15293634609868914,0.13912925611033286,0.1257799639580944,0.15629580152492464,0.13615475299982477,0.14329819606053,0.18087352417341013,0.1846659202428368,0.24902481216743164,0.2675752929567054,0.26451153963451385,0.14483382315329066,0.13172226156030026,0.2521396071616305,0.2030910356341741,0.12149375421431145,0.17193570049742724,0.1971976303701297,0.1688266292948769,0.17405930189107557,0.170383796057087,0.13384354893968367,0.16127757610612742,0.12899826807025086,0.26666837777327346,0.37719981374036743,0.22585765414326742,0.1884861690332205,0.13396793550864905,0.1924908049051087,0.17753059598016677,0.15986936451127165,0.15524055005350743,0.10927855649578229,0.13058652991546513,0.16396396866385848,0.1397827515909916,0.18031187190963593,0.13831847510883574,0.16961587575372808,0.11274134492872692,0.1462305470506255,0.15414493458081643,0.1758065666229741,0.21628954423951718,0.1311816573987478,0.20464727647659206,0.1455508639715395,0.16027513791328746,0.20399250574100397,0.15144020769422703
Belarus,0.08209950465340175,0.21785744068133964,0.10317666917045237,0.12406382238139763,0.058926596873584175,0.1493797240784066,1.0,0.10966152963620479,0.29179858152882565,0.12673004658515916,0.16417999534602698,0.10399997074005327,0.25802605282991276,0.08015406898457482,0.1501504712702083,0.1399386948028992,0.15364779938477902,0.09668183728519643,0.13509641880217607,0.22042552881216806,0.10485529484181348,0.14714784436500358,0.158736126485096,0.12371973835048367,0.18277509447716989,0.1121333952398185,0.1752074408285741,0.2737820688558809,0.0925813815024699,0.09157847776672227,0.11348136616414299,0.09684313409051362,0.14692542437315095,0.1277199787417619,0.19471665372016164,0.1591741609443009,0.11075859664969398,0.10933236121314527,0.10669424067149914,0.21601038727183638,0.11752581281214498,0.1016791069630754,0.08707729957814692,0.11175927277595395,0.09607843535893319,0.07502310460406839,0.1306326045437324,0.09738854083870613,0.19993367152578712,0.16828063723740147,0.23599996879767396,0.2337170485419819,0.21612049221146126,0.132977766602643,0.14931494000353082,0.19335979062270367,0.15163369190270778,0.06512356198102488,0.16473436683563025,0.17339717266679802,0.1342111157772302,0.1784501057334687,0.15071358278378352,0.07771304716578542,0.12843784642877581,0.08928478161586662,0.2708053445703401,0.39936875171244357,0.21521529990937946,0.19973388811531767,0.09418478163606776,0.13076990288827472,0.16743825908140406,0.11837718124594339,0.12458972151842151,0.10367634324595972,0.1038687470307671,0.13810698632999258,0.20077414229293178,0.10625630986316041,0.07902128106095975,0.1567462903302532,0.11246049299136276,0.13567285669399418,0.12514642331835985,0.10668542638176301,0.1828372206933908,0.10751775417361947,0.19915325023986694,0.11121037358250487,0.13999308012156442,0.23360120406958337,0.12731940381122636
Belgium,0.0897284702236922,0.21129191570199818,0.10767371116868193,0.10231873064562902,0.12986006590795585,0.15292127962359087,0.10966152963620479,1.0,0.30049281393636373,0.14089182585200438,0.19665943911721892,0.0987943468963569,0.2693653111791997,0.13724370985578305,0.14487998659813353,0.15695770264917022,0.1675529770308201,0.09339514978983773,0.17391536810434005,0.22858717672010156,0.1196661267741587,0.12512430228716415,0.12814030127016687,0.12022871945908252,0.19155517125063667,0.11071782670339747,0.17054825022872494,0.25621492310357047,0.1008640422458106,0.08412493720534765,0.08988123498807385,0.13820331680081938,0.145396475083301,0.13036580257635835,0.20283401969182946,0.12676509627362684,0.13074111523394544,0.1275605511704858,0.10685625362301215,0.184734751896301,0.11266134743346687,0.09560513941010709,0.11550885487549778,0.09719844914839897,0.12691053943686556,0.12532244925081346,0.15721826562056831,0.10884035429745971,0.21205517269913343,0.16903911334484972,0.21531736657071296,0.22781944671959284,0.2307573547404764,0.12828386716311632,0.12258023919373652,0.1772963732211196,0.14801215421392902,0.10581126898490545,0.18201336899530512,0.10785774384609129,0.13063904715459343,0.17258444698877745,0.1834067442370514,0.08408145112333268,0.11074134959020883,0.10410204226285198,0.26476851368057414,0.41132852087482297,0.2316147851471128,0.2268409336546873,0.09521254945512723,0.13498016584747233,0.12773592769342598,0.1134023361369203,0.12894747329132694,0.11204678362908682,0.10778277421360156,0.12255676087717719,0.17155364906202697,0.12128969502836089,0.09483184931933647,0.13352208760086542,0.12581000823552135,0.09222283043686724,0.07751607864304004,0.14314517040147962,0.2570826693124371,0.15257490071496932,0.22812523040489846,0.1351148479181018,0.12280008203419919,0.21484268871356726,0.14301347049504357
Bolivia,0.28726741913388776,0.3481118758901092,0.25437991307495994,0.2735403920851514,0.25794137410182305,0.26195847824446855,0.29179858152882565,0.30049281393636373,1.0,0.2530006839791107,0.34495406582353966,0.28931710118877607,0.3840551305602222,0.3003478309823253,0.1949850191233486,0.17489226959930865,0.2173381729203259,0.2737360376927638,0.23880231731633478,0.2124203121365884,0.321255552601169,0.3199740478013999,0.3076053987606225,0.3089640762709228,0.21893419696809982,0.29556050959162367,0.24517840115860018,0.35006864785079983,0.2780110786809518,0.3124935482005646,0.29226639614454736,0.30886645913677313,0.34915480857342024,0.2040200416210477,0.26541016289167946,0.3075883241541937,0.1982901586095436,0.2838907013743203,0.2805129408759848,0.34639375175264164,0.29858480324508774,0.33019470386249644,0.2829047564093352,0.2852990840657112,0.2624294277421592,0.30608297008130037,0.26144584708930463,0.2850965950427045,0.23906613178062916,0.29532613927446627,0.3388335610532016,0.33962802450772817,0.31682135915856974,0.29224252188243677,0.26801974988412747,0.36581079214170886,0.2657396838734481,0.26142064149718314,0.1881404057707471,0.32871451828572856,0.29993928886557325,0.2932114705844047,0.2753553244759447,0.30849006475746144,0.262665095800912,0.24602770088074763,0.2910526946521551,0.16003194810309312,0.33113667123887447,0.13362671935692472,0.2967425587374126,0.33581759283073837,0.33164300360796295,0.28072318046668165,0.27334165711131553,0.22444335046266164,0.24009275408500114,0.30605426360234345,0.28730615040834273,0.31180300028712504,0.2915453651690874,0.3183163092984208,0.24834952007650726,0.2688987145676997,0.2888416630559919,0.29154294228392563,0.30825959031573397,0.2940944211200427,0.29838366256507176,0.29220705415885084,0.2935952775820642,0.21847415906411874,0.28115946027551164
Brazil,0.1479818344127055,0.2579136375107469,0.1209780154133593,0.1306207762345211,0.1177735121593055,0.13117990343288652,0.12673004658515916,0.14089182585200438,0.2530006839791107,1.0,0.23022073193903064,0.11899469409998639,0.29205786273053924,0.13822816895993936,0.13825089377842406,0.13781255496580708,0.1379706959415842,0.11620396593481001,0.16480731571945365,0.20340501051932608,0.1892794599363394,0.1906312635646232,0.1665616044925655,0.14336902444680155,0.1668780987492039,0.14342080307077196,0.13547125542817764,0.26723290085823903,0.1304291441829718,0.13663223493647186,0.13975487136744774,0.17599534017913424,0.1962711585983301,0.1385936830742424,0.21837801313106442,0.1923972008879194,0.12291479481018995,0.1417279983422084,0.11014003259288521,0.2341230726844537,0.13865072708610418,0.15202339767766274,0.1521120645013695,0.1361092710088477,0.07979447510415587,0.13483766624739696,0.1349702534624365,0.10778434073817436,0.22544779901873807,0.19578566822963575,0.23175593860979155,0.24808716788450846,0.23868191564998303,0.13948981394573398,0.16335247528266028,0.20955460683039032,0.13190356615652685,0.11601312658858642,0.17070176941164877,0.21000418460220496,0.15369046478917192,0.18918661090566638,0.10144984953498064,0.13618079351696605,0.12294097782134035,0.13792641896925947,0.23952463884622235,0.37685627871356936,0.23343163800428784,0.1915078377323706,0.15083502659560047,0.18393689624820264,0.19864182338515204,0.1680465736924899,0.1337936286375085,0.11834588957470403,0.11614440168935344,0.19107672801380512,0.1641902417901544,0.1746401242327342,0.10616222369209757,0.19377098151151959,0.1255051470166149,0.14461953579856043,0.1296744242962133,0.14965793044474224,0.2068645620924904,0.13702427984559168,0.2025143944944409,0.13312269159083898,0.1653973195179643,0.2201719586335902,0.1305013024852507
Bulgaria,0.16627165855231318,0.2276772786137452,0.15773052621470396,0.21581287441473357,0.1710575852574805,0.2372565796678699,0.16417999534602698,0.19665943911721892,0.34495406582353966,0.23022073193903064,1.0,0.19655999878018154,0.2998992985073764,0.14396851716094355,0.20097189215813252,0.2170885231226124,0.23617192854305447,0.18511659024553948,0.24167406632553082,0.24890088117267778,0.13155545929579568,0.1820563986167104,0.19708858129985093,0.17134400708261877,0.2715253181408726,0.18627498309985538,0.26361106609475854,0.27528678072723894,0.18189234857265812,0.1855010633409643,0.21806660785784238,0.1674112941424177,0.16978701018916206,0.2040090713109989,0.24960705435207756,0.19634529485285876,0.19678485920338296,0.22233949336166656,0.17225381318533303,0.21912348146487656,0.18523880394336378,0.1743216047923312,0.1428771387547589,0.16396502319088588,0.1906867704273209,0.20919539847520585,0.21458240032400966,0.21100160746645139,0.2520879187426632,0.20723731524616681,0.23752547169578567,0.21035122020414007,0.2828368275986841,0.24306157912857057,0.20572251052563686,0.24717197285161815,0.2402911804048699,0.18822467229163467,0.2257058929789302,0.23328289328173318,0.18140059733079783,0.22157898367731693,0.24568282452204435,0.1970427884892779,0.196545104006608,0.18377717772170524,0.31272014873327836,0.4401623237681212,0.26563456142223996,0.2539442600642756,0.174969150704475,0.13965010131928643,0.19651428038790117,0.17563454786186972,0.2221628051448792,0.18837512946033347,0.19356147522842937,0.21295257491987463,0.2701836428397196,0.12631712971165607,0.16888923959915655,0.19312872185613422,0.19485242260123342,0.20916275798350756,0.212210430591365,0.18140784068804017,0.24352895263399196,0.18782775681344496,0.24933596555619364,0.18921780231797558,0.18932005213678058,0.24632417989528754,0.18461057284371318
Burkina Faso,0.11081054825700247,0.2207524453173753,0.1093017608983471,0.10617260147294437,0.1209794027504678,0.12754922494460477,0.10399997074005327,0.0987943468963569,0.28931710118877607,0.11899469409998639,0.19655999878018154,1.0,0.282353946200403,0.12267207585282833,0.14886147046389414,0.13443425096095135,0.147499265812324,0.07372032935329038,0.16594652494149584,0.1936454702998798,0.1362856171019485,0.15064023382676187,0.14784189341238194,0.11253520473255595,0.1988787354048467,0.10909127758251548,0.16293603302835144,0.2788431235270253,0.11969742302875745,0.08921449718212542,0.09899033006965008,0.1407451854193207,0.14163964807892745,0.12481165144167483,0.19236734051294146,0.1454050473409978,0.11371822295669468,0.10391955995794049,0.09910317797500577,0.200148100261973,0.1338500146476668,0.1086340089541317,0.11514867951866392,0.12061255306736415,0.08143117982849854,0.11912144991576075,0.106240558849689,0.08689454783522979,0.1890264130982595,0.1730724949919166,0.23018673810202692,0.24324796527860676,0.25579802559924725,0.11551366196088206,0.12618108848550225,0.19089361278678918,0.16287867327364983,0.09116116498868392,0.16438482298742293,0.14185094416236385,0.14151136468912345,0.17586254219935252,0.13930394726836812,0.0878230850912982,0.10855731623487946,0.11414069392041669,0.2571669284943142,0.4017431432903195,0.22048441730143362,0.20006931654922683,0.08793421982778986,0.14449701153700492,0.15168437316387604,0.1207261589303027,0.14125390504920496,0.09256069056989889,0.08619586851485607,0.12282428640372609,0.18157175680377335,0.12672423577739833,0.08633969279364025,0.152775804382292,0.11547273101563052,0.09253075104446604,0.09674148629923038,0.11380339763014412,0.2157428305817616,0.11055379060254508,0.22339325257603324,0.12872102402356259,0.1358480033188811,0.22417066692813079,0.14995414922537495
Cambodia,0.24145699503456686,0.2937040894227919,0.28517982205148357,0.26866676598166506,0.27017305006316766,0.31779747458639224,0.25802605282991276,0.2693653111791997,0.3840551305602222,0.29205786273053924,0.2998992985073764,0.282353946200403,1.0,0.29636768906146965,0.28651701437493177,0.27903519695678314,0.31089713095506005,0.27270531770573425,0.30080969449367406,0.3386825520387853,0.2844022633033204,0.2967959513976334,0.3083151839852075,0.2891212899624276,0.2898128180872717,0.29565887687296666,0.30887723236051084,0.37692733531735884,0.29014683060067087,0.2782090979239822,0.26544464528527273,0.2882598460264703,0.3080541281096307,0.2721305323032014,0.2581130582938928,0.3161666403139189,0.26492656063304143,0.2524047843573272,0.2594748625345912,0.3498655051833829,0.26783966277733723,0.2926910616675012,0.28546660643469945,0.2851833862089769,0.2933744392165273,0.2819514902444469,0.30373244375059527,0.2834559973046572,0.29438754114180105,0.2921803253254542,0.3670047683284469,0.36674737017565123,0.3277220651145327,0.26338602085132073,0.29074527791280447,0.350429317708721,0.19657699011877622,0.26551576209268934,0.3229612677558103,0.28907367838541936,0.3107944475129389,0.3315883826489754,0.27595950039295347,0.26344924695094724,0.2826433250768416,0.24173920529367113,0.43178950423348694,0.4469366658548512,0.30966626044647666,0.3120310719658547,0.2778839791103987,0.2826095727686517,0.2998107291825958,0.2762796302405961,0.3103113543639551,0.2640654598118958,0.2597867039501996,0.2871389718713621,0.3476755505685576,0.2761922423936974,0.25540521733953475,0.3267740092516629,0.28012399428330476,0.28903351087342805,0.2685222968502621,0.2809195072828266,0.32726247241088785,0.2944997174281078,0.3229478059209328,0.2904771737435955,0.3063712009355142,0.3467609643811815,0.27641492703748394
Cameroon,0.11925554414718519,0.2148448231694889,0.0949015403582887,0.153826680711605,0.07064394405697205,0.1615964470252801,0.08015406898457482,0.13724370985578305,0.3003478309823253,0.13822816895993936,0.14396851716094355,0.12267207585282833,0.29636768906146965,1.0,0.14744878205942852,0.1595393531812361,0.15073311459085956,0.11287989820020645,0.1435240420619974,0.20871211492671973,0.12957527161998572,0.14628001684046554,0.14632340368928826,0.12221407944347094,0.1832508240071724,0.14384739082488848,0.18479457208922134,0.23299966063280628,0.10004021113013747,0.10806751340601566,0.1493638735609391,0.08996343209061956,0.16377644603178038,0.14416851583146886,0.21170126504840092,0.15787912224599765,0.13337279870861757,0.15659939326013236,0.10642029680263643,0.19426885679622655,0.12564528585305534,0.10499649809097229,0.10130209798781467,0.09752586448065412,0.11186381068684087,0.1009428433656016,0.1285574911239291,0.10092121016021767,0.22420358185103387,0.17752538767952453,0.19519530090767231,0.18249742651541284,0.20101264739540062,0.1757046062957911,0.14827753235638277,0.17769021958673786,0.18173887673525102,0.09194836385794071,0.1768246142920356,0.2064934229330092,0.10828080563708711,0.13870490643517583,0.162996079280169,0.12145047107651273,0.12918186058908268,0.1269278135257389,0.2761660207705008,0.4076894505558251,0.21314932393505648,0.21545030249389652,0.11058817020365257,0.13604291625422876,0.18824552861508,0.13952608914912365,0.11473878769689266,0.12768809513300405,0.13477303030766888,0.16805631889509315,0.20453986684379652,0.10669887048579958,0.09772648252663954,0.1464452489455682,0.1247168931255092,0.14129615439846743,0.14393835218620615,0.13125875750366375,0.18422084159918484,0.11893101020198445,0.1861161179361519,0.09956259573595747,0.1356061914272132,0.21634053176645632,0.12768330134272413
Canada,0.13872248283090494,0.24480708875450438,0.08773401086956559,0.1233917152382424,0.12285555125934802,0.135627841557247,0.1501504712702083,0.14487998659813353,0.1949850191233486,0.13825089377842406,0.20097189215813252,0.14886147046389414,0.28651701437493177,0.14744878205942852,1.0,0.08730637836456771,0.08946650715383897,0.12107081601891675,0.13971056435866108,0.13272637351636943,0.16943021872262773,0.15784271274921105,0.13617909867093128,0.16390357873274808,0.11789150961048661,0.15102777586518593,0.13848271071908716,0.219681578420164,0.11670228642586195,0.14968104170638868,0.14777821080860606,0.1623663429454133,0.20388205216404076,0.08182947451901856,0.1751378507561353,0.1555574671690497,0.07700026628382406,0.16710736822661748,0.12554268978442448,0.17661195214420958,0.12819064204662686,0.17150437805619945,0.13567813596484388,0.10414394310202478,0.13538861240712569,0.1694538352581067,0.15153973619835553,0.14499930104251887,0.16355344253355505,0.16521119038932974,0.1772865619924076,0.19283946376312874,0.22011745694416765,0.17982896870762322,0.09600508569409938,0.22539876907219986,0.15819011832572163,0.12648482333709776,0.12337115033409458,0.19518849662654744,0.12836790214790378,0.1498312974066105,0.17394776351332694,0.1545850882118597,0.12669167914198826,0.10227151189509508,0.2719513231923922,0.30409340890189046,0.21182592840956932,0.1324879615926705,0.13852576783953013,0.17700865981361377,0.1841662890755728,0.1257862860284374,0.12587285301957415,0.08750063779466812,0.1035931625242573,0.16637823139583688,0.14764305490632706,0.14557431227643905,0.13909785336230407,0.15235421030515475,0.10616899735663052,0.11180774728934761,0.13703051310792047,0.16819208096805793,0.22663703190158502,0.15109607862686888,0.17360460178541628,0.12723385668379533,0.1291850738937561,0.10286250776203738,0.15087154246812032
Chad,0.1369587484104755,0.2372151699670066,0.11431649708969911,0.1438164314603492,0.11590800898342661,0.13601748700207916,0.1399386948028992,0.15695770264917022,0.17489226959930865,0.13781255496580708,0.2170885231226124,0.13443425096095135,0.27903519695678314,0.1595393531812361,0.08730637836456771,1.0,0.1134407989780002,0.1182160628957207,0.12887289378613512,0.13558575256659827,0.17309436217581403,0.1938819752692063,0.17788317434202008,0.17354358141822204,0.14237831108086652,0.14584902817548773,0.15353675905015493,0.2813120140187191,0.1451116928007317,0.1610952665707872,0.15696060472498047,0.1680128183051541,0.1993722112479754,0.07342063910148261,0.1666799057718677,0.17475123885169574,0.03637105906391758,0.1433779796310072,0.13471040111630214,0.2227120374947168,0.16613626838579817,0.17598153632599564,0.14247387745064463,0.1480960805366201,0.11924055402222533,0.16343351320262067,0.12103259346005771,0.14524049586146506,0.12792499746478708,0.1707497418721546,0.24813196034038595,0.24950234233059904,0.23901688954574027,0.15867814572610875,0.13499317944537131,0.25339299131528986,0.1614659323835022,0.10540199473070934,0.08208271127952947,0.19936516138299823,0.16415224806738904,0.18330751014514882,0.14911058792869314,0.1490364618007762,0.14810102501025146,0.10044066215965707,0.2554840686800145,0.2824049038181915,0.22331725402683464,0.10403585954525285,0.13734574943443442,0.20207545886113323,0.191177385037224,0.14510132275986654,0.15666772731128517,0.05781945263792855,0.08139819141023966,0.15767466447408587,0.19549166280269256,0.17395252168437114,0.13846052354501923,0.1810349765695012,0.12641652314650245,0.13399589097097633,0.14729291548057388,0.14660100813883867,0.20856848550662813,0.14036246210012893,0.19012024364490795,0.15349757052576365,0.15456293370783605,0.16240760688667705,0.15808456390448786
Chile,0.1545164184611924,0.29147051025768594,0.10298345374330699,0.13234183214783848,0.12605564137680564,0.11178899997691728,0.15364779938477902,0.1675529770308201,0.2173381729203259,0.1379706959415842,0.23617192854305447,0.147499265812324,0.31089713095506005,0.15073311459085956,0.08946650715383897,0.1134407989780002,1.0,0.12855333078315734,0.13264422134576237,0.1555568149609491,0.20142830122491096,0.18008553237251476,0.17955130959761378,0.18074223079352167,0.1292729532560584,0.17299376098400565,0.10647816972122082,0.24931552291782083,0.13169936419713502,0.1535993867824119,0.146071949234444,0.16976785278009307,0.2296351924085396,0.10395835355722924,0.1987433682273926,0.18686468659095823,0.10181563779781345,0.16294835122148513,0.15119392176902113,0.21436449555758105,0.13510611405419112,0.18044678612384535,0.15846913521944872,0.12972715857008643,0.13348159755858652,0.15135491688855862,0.1367897679894023,0.13495595763488366,0.182142723503643,0.18829625366484307,0.2052965869845454,0.22764819067807926,0.21916218687986644,0.17066471923268275,0.11704252579873789,0.2340447053555829,0.18252191396908188,0.1314647037100944,0.14948292277006248,0.22295021342627455,0.1531397233069828,0.1459040440708213,0.1641074712711786,0.1588253989494934,0.1589767100408621,0.1284279716040547,0.2917387050913935,0.3207947335863668,0.20315192555499725,0.14737605607211748,0.13170473809658373,0.20385210096614792,0.2233447381833216,0.14882736997483811,0.11358971811995924,0.11160658912919122,0.12289325435439398,0.17325776385858485,0.1442927628173098,0.17211497466449938,0.15281500258962027,0.18045196863105079,0.10156279709416681,0.12736628942987496,0.16541212733600918,0.18854089385106607,0.19223517115821706,0.1577745968240033,0.1856460204306304,0.11638001208902583,0.15352099128310628,0.15849566778656385,0.16704052734200764
China,0.0997318729905984,0.22636582360271287,0.08559609663857466,0.11458854970861895,0.1058453570495051,0.0988418559568856,0.09668183728519643,0.09339514978983773,0.2737360376927638,0.11620396593481001,0.18511659024553948,0.07372032935329038,0.27270531770573425,0.11287989820020645,0.12107081601891675,0.1182160628957207,0.12855333078315734,1.0,0.1635483405849835,0.18050300534752947,0.1332700783356822,0.15791105387160137,0.13748478066675443,0.10081234914308217,0.16335752474755674,0.10159972415983234,0.15655850320566972,0.27111225232536157,0.10354954502135413,0.102323949445851,0.09962390854622388,0.12841692268775926,0.15264985177836066,0.10598711562065644,0.18564006203381336,0.14182724701843188,0.09414951176658067,0.10588314650663574,0.09725040939985342,0.1884708749833076,0.10053784701882365,0.11309061540885153,0.11325003871857073,0.08332123985584508,0.08489576968467531,0.12759672316905107,0.10011175955016227,0.1013995891003062,0.1782210052013281,0.14331368566310274,0.22380050716274064,0.23091895746128083,0.22566184003880485,0.10152327880330213,0.10223444760466581,0.19505817249385896,0.15574414869100053,0.08206417896506486,0.15887237119121608,0.16324178146825102,0.12858398378846572,0.14815803616448678,0.14500486929327722,0.07431677407314488,0.11182156785296118,0.08020648395759919,0.2644848094899266,0.3868443286737272,0.20886411390013057,0.19645604423569807,0.07709046211319777,0.13832849003949965,0.14306026215818254,0.11151748441377889,0.1341458192331254,0.0655857751165528,0.0790647669674357,0.11166202214403301,0.16151351902767383,0.12803992816145737,0.06708521404406163,0.1447471113789122,0.09786816706888363,0.10477936562199083,0.09731671760159101,0.1122381160911285,0.21334898306933553,0.09945949948764632,0.1775610447966839,0.12048198755511981,0.12257173513193445,0.19499302287535,0.1053992856354239
Colombia,0.15714021615561732,0.2496416969086625,0.14689495530779675,0.1498562530179562,0.10339408325974588,0.18210671520971514,0.13509641880217607,0.17391536810434005,0.23880231731633478,0.16480731571945365,0.24167406632553082,0.16594652494149584,0.30080969449367406,0.1435240420619974,0.13971056435866108,0.12887289378613512,0.13264422134576237,0.1635483405849835,1.0,0.19317966870951603,0.1881603911711903,0.17693178725336134,0.18312658967219075,0.20191343857503005,0.14704088157194303,0.1874131538722315,0.18191309315675605,0.2637869679077613,0.1367486445229616,0.14378645532539652,0.17085972640215227,0.14989133799025398,0.21569401656912512,0.1324916019428553,0.21226036677830912,0.17610504710135838,0.11832510744425369,0.17670723473573569,0.16290176593139707,0.22133474065822087,0.1720044869321635,0.16935143415635606,0.15011556337980894,0.15777197149976205,0.15746662183479235,0.111633533286708,0.14223450636741627,0.1435537025336366,0.19185206858694154,0.19189661764725044,0.23031960958735403,0.24087164977952713,0.2134758871555601,0.19708440238624783,0.15520749927260064,0.21616240028589728,0.18574078373958444,0.11987681268155322,0.1505571165932656,0.2224997790799403,0.1455706594114797,0.1779963724935116,0.17542408295185627,0.1616307402493819,0.18101950370311,0.13971984940495974,0.2879038796223769,0.3320053364879374,0.19393449025652118,0.17358239251493096,0.154535488094221,0.21688913339475155,0.22076923337301887,0.15192000371566444,0.11942324710586118,0.1352639786689451,0.13756514259879687,0.18486344557072798,0.21276784610663438,0.17309734677047708,0.15580518861858514,0.1675103279159933,0.14574448880826815,0.14285942046130376,0.17189009556498677,0.16401570824561887,0.22695976779589294,0.15784533375844842,0.2017499388630675,0.14351490641954756,0.14524237361738232,0.2034083860021657,0.19611221322747846
Costa Rica,0.21214421185215962,0.3078365882588715,0.16488314968031115,0.20166831092035561,0.1898535687096487,0.17789166201251966,0.22042552881216806,0.22858717672010156,0.2124203121365884,0.20340501051932608,0.24890088117267778,0.1936454702998798,0.3386825520387853,0.20871211492671973,0.13272637351636943,0.13558575256659827,0.1555568149609491,0.18050300534752947,0.19317966870951603,1.0,0.22615992961080905,0.21936490648421733,0.1985188065280915,0.20240033301857405,0.18652777150202834,0.19134926681415337,0.18764012565275195,0.29090979153011653,0.20383380317236893,0.21783583450332988,0.21421401640553311,0.21773435632418353,0.24343234629314436,0.17185005494373976,0.2055981754904814,0.21250145322021863,0.1449656804073084,0.22827128181647863,0.20165383164201148,0.22454472147963983,0.2061285341135027,0.23670409745344595,0.2154479052099373,0.1924092473938521,0.19485753307536754,0.23105945370718636,0.17224387023051907,0.20662516042022766,0.1859695294025725,0.21980420792112396,0.24946777653157204,0.2494201044983274,0.3077394524167696,0.2430360207916226,0.16301975829044937,0.2704143902791548,0.2462504165818565,0.18636496549740036,0.1539714760949005,0.2494823557226653,0.1966619314864356,0.20715962964431794,0.22074556553399818,0.22078351560371445,0.19549757667830392,0.18382667985524115,0.313666834143326,0.30429670264664377,0.24499955614811014,0.16781637776592154,0.1956395773333511,0.22965234151290942,0.23053143044774171,0.19264508666867938,0.20246363485649016,0.15321125395549734,0.1586168472984769,0.21493890400678786,0.21098618131856278,0.2166452570865129,0.19832828054113003,0.21242226610560414,0.17780332476938632,0.1768743256550772,0.2072958775453313,0.20257656898509932,0.25473705745662206,0.16910646987129394,0.21753929879980494,0.19806307706008627,0.19257046656949176,0.1615921255246604,0.20678765917579844
Croatia,0.09661319821092247,0.2205726989834693,0.1203673789451253,0.1407521127443772,0.1307053632278759,0.1801252719264823,0.10485529484181348,0.1196661267741587,0.321255552601169,0.1892794599363394,0.13155545929579568,0.1362856171019485,0.2844022633033204,0.12957527161998572,0.16943021872262773,0.17309436217581403,0.20142830122491096,0.1332700783356822,0.1881603911711903,0.22615992961080905,1.0,0.13043020032583272,0.14595670511425018,0.1254056059306314,0.228213188883644,0.10267095600684145,0.21914754904153733,0.2813697627362495,0.11493331926288136,0.10834953939264412,0.15359418709706602,0.10778512132945015,0.08574352567253021,0.16632453662759117,0.20249263844203977,0.14935299217696082,0.14932487945177775,0.16616697910967507,0.14851375279507661,0.18664337013927115,0.14992812037475456,0.10141873980661577,0.0863044757151393,0.13499144677291045,0.15626956829420474,0.1449946338292871,0.18345158309063547,0.1522353643699431,0.2015184933853485,0.18818667216673493,0.2351108621686551,0.22772208741292446,0.274229901474914,0.1862578904827728,0.1533923201932962,0.21226962122254026,0.20621205281818417,0.1247625320617813,0.17340594733462472,0.13628125853665854,0.14186818022206196,0.2125141377372633,0.21781401041702358,0.1202695419496315,0.15147830148633817,0.1237066759476536,0.2735088465823924,0.42522002394992914,0.24776699053125958,0.23140920351697036,0.12392366664639416,0.12151552999008801,0.1183823446920699,0.11923822464783211,0.1704696760869709,0.13499903632207305,0.13953899216130258,0.14885173843087715,0.2220837607345971,0.09008473424855207,0.1271054785287792,0.12217687456184667,0.15438370589788647,0.1470245524597106,0.14140948002715825,0.14309603345894015,0.23755978874225056,0.134106300824312,0.23515579812633114,0.14484829380161449,0.14425580234444269,0.23632436322334305,0.1729146480988971
