Country Name,Albania,Angola,Australia,Azerbaijan,Bangladesh,Belarus,Belgium,Bolivia,Brazil,Bulgaria,Cambodia,Cameroon,Canada,Chile,China,Colombia,Costa Rica,Croatia,Czech Republic,Denmark,Ecuador,"Egypt, Arab Rep.",El Salvador,Estonia,Finland,France,Georgia,Germany,Ghana,Guatemala,Honduras,Hungary,India,Indonesia,Israel,Italy,Jamaica,Japan,Jordan,Kazakhstan,Kenya,"Korea, Rep.",Kyrgyz Republic,Latvia,Lithuania,Malaysia,Mexico,Mongolia,Morocco,Nepal,Netherlands,New Zealand,Nigeria,North Macedonia,Norway,Oman,Pakistan,Panama,Paraguay,Peru,Philippines,Poland,Portugal,Romania,Russian Federation,Saudi Arabia,Senegal,Slovak Republic,South Africa,Spain,Sri Lanka,Sweden,Switzerland,Tanzania,Thailand,Tunisia,Turkey,Ukraine,United Kingdom,United States,Uruguay
Albania,1.0,0.6692784383772813,0.7656870369629124,0.4628461924508658,0.6943865340889838,0.5167975042040189,0.37592913034331266,0.401098750146692,0.3780155061387703,0.35564149488283087,1.1574302310039986,0.20460231434398976,0.20754259213289178,0.8650412230225734,0.2508338309425408,0.5758651461902368,0.33736296834479457,0.631287373391072,0.41651133221291586,0.4314288937991645,0.2939213440951588,0.7994613080293267,1.0630961052020111,0.38476061911672593,0.4100926566892332,0.1990937609830279,1.159568516144439,1.7702326529186194,1.4973204983763646,0.3761363854581306,0.2820646831448085,0.34594704413488236,0.25375844721156576,0.31585060329667286,0.39734795985279203,0.6106666829976001,0.10228906620780982,0.3246892882071918,1.3362872024431454,0.48644797484620517,0.22818096731620513,0.29354581653895706,0.48292833001298885,0.21329459883147678,0.7845196862331938,0.33665281703264266,1.027899279756277,0.32291086660789675,0.2747703339567187,0.30609216820366775,0.2702522149519761,0.5820078438317118,0.6566147025912754,0.665626891384877,0.344779456116509,0.47590356131446726,0.7649697070400393,0.2528704666403697,0.32270759816360844,0.25636706942844806,0.21760444705285747,0.537038582845689,0.6081877572682487,0.5473283047901283,0.9638650221012024,0.5823600904632168,0.3115824271980613,0.6435031289603259,0.393446363066088,1.198603570115957,0.4044766640692671,0.8590414919983012,0.3451207431853076,0.3021782644003874,0.1671212936420781,0.2838635074197141,0.3279578719742786,0.7705918905612971,0.8924758743260647,2.2989102189126442,0.9685620461991215
Angola,0.6692784383772813,1.0,1.971787048955618,0.7020279322907496,1.647448147904813,1.3066031394717799,1.0669758492453563,1.4144738105708057,0.9675997636800497,1.4494774908373174,2.1749473892224045,1.3038451620971712,1.3422235873399972,1.9966765001780553,1.3281371191285662,0.5062904117805991,1.3382909397854887,1.5207237520117352,1.2539720826892184,1.2062044521829673,1.3362496218684028,1.6763602334053165,1.98807249514706,1.4089553412555569,0.989197923896044,1.3555297404333517,1.9006449317865166,2.7354966090148976,2.04798696814662,1.3673996073454284,1.2428668425334053,1.2158084593062637,1.3520462575982213,1.3282946084716962,1.1770977811230796,1.8156499426530601,1.3300050573429192,1.2836609488544197,1.6414982663978925,1.3434880459108824,1.3366999841077989,1.1123939879721714,1.5491996931872118,1.4452695085736533,1.6824802899491929,1.150106638685971,1.9367957557210367,1.2041054031544047,1.1699592225280748,1.2729051443776191,1.1887687813836372,1.6805174631755009,1.944954162087562,1.5671052767788758,1.2181063205431955,1.4084845018283625,1.6456161501414657,1.4381135397270806,1.5066893659467797,1.3866158526153576,1.3527124762916831,1.4223540337188656,1.236839823295836,1.7136334117475904,1.9866149746667485,1.760382939363546,1.1069808890860326,1.8498457783669617,1.524916807226248,1.956268038907373,1.1697592402061519,1.7105711659728275,1.163286491010116,1.335770856533166,1.360351156000828,1.3095854843951031,1.2904373926836248,1.739122106185243,1.9740103977915398,2.45654045115248,1.9617699884670186
Australia,0.7656870369629124,1.971787048955618,1.0,0.7598605222749671,1.2928917950815786,0.7363761382607047,0.8220229011981649,1.0141766176495333,0.6901338324768493,0.9213858150198616,1.984326874336146,0.7885306715428768,0.6930781774316895,1.6654000957405843,0.8462343998137628,0.8306164834024129,0.9929038641191258,0.6478968965163311,0.6970795219040548,0.6766791199248261,0.7583851862663508,1.3959019556706649,1.900291980882174,0.9666749810100363,0.654337967955207,0.8413538854615521,1.9712524043241364,2.755418521890632,2.3772245662449256,1.0076944600462878,0.8196492306379535,0.8422237380270773,0.8683940569304882,0.9584038717251097,0.7040612718611159,1.1091348069311544,0.812146073739749,0.9122746055909411,1.7513453568792545,0.6644354136377788,0.8232305142454561,0.7910114719270173,1.1873818855497829,0.7933670569505418,0.9804459377639267,0.7383123452721299,1.7753607127741382,0.7199733301251368,0.7580292233410352,0.7738663731995393,0.8678598880318817,0.9937007352809143,1.0576763216494727,0.7784360905796627,0.7425566397122869,0.9088026551432609,1.1317444224412505,0.8884641120895869,0.9887040721754728,0.8924743093284485,0.8455797054101042,0.8808741515340723,0.5860192088053109,1.0556851761137664,1.7128291942360165,0.6633672098359594,0.7603490198330028,1.2860293589146967,0.9130214883753816,1.3294551653230664,0.7040142481600281,0.9549315376948163,0.7342682199653559,0.8017484779755424,0.8419595974818926,0.9099159767831413,0.9096197015637373,1.3487895619617063,1.142333598315202,2.822433115428365,1.4323504819283366
Azerbaijan,0.4628461924508658,0.7020279322907496,0.7598605222749671,1.0,1.4720250638155443,0.668856573825173,0.49182223547031745,0.956261550618999,0.34472923337455835,1.0927548336963322,1.8760402624256147,0.8200241394624099,1.0571932619228315,1.6730214908886085,0.8754731576227615,0.448996029365425,0.9010014087970639,1.0350508951581812,0.6285755098617204,0.5788636588742004,0.7692456183323619,1.5615421822601394,1.8443329419177588,1.0185107674862057,0.4202603361413111,0.9434754599734144,1.8499197430902283,2.4511842831498125,1.9360575883284847,0.9402068030364331,0.726700317749558,0.679616346692435,0.9183475763523593,0.8700002588738632,0.516335333692639,1.3842882654222104,0.8629021144223404,0.7719583540791229,1.6385093183004618,0.6182908029548638,0.8518989843893441,0.5258275581210813,1.2186756556226102,1.0985277026779265,1.3510698754818669,0.5377107205421232,1.8587309042496778,0.6050405807520995,0.5987371781292311,0.7289369139803226,0.6428041753261363,1.3983847515972405,1.580348565205885,1.247709524544527,0.6215191407306292,0.9211101475987085,1.4221869399928102,1.068290222605624,1.082508201319152,0.9964187647160999,0.930575230846862,1.354143021226871,0.9139214842622129,1.180339370383906,1.7319694746157621,0.9491869590870996,0.49600103273646695,1.3777778359361303,0.9522539893918414,1.9241718011459588,0.533731608097207,1.260178169928873,0.5589359601166608,0.7998119190341857,0.9410979398092341,0.8338462889516977,0.7904031892378789,1.349314523427469,1.5292883525873413,3.0860805557030675,1.3560245852719008
Bangladesh,0.6943865340889838,1.647448147904813,1.2928917950815786,1.4720250638155443,1.0,0.5305625483933671,0.463664734225935,0.33612282111989467,0.47038767970354517,0.31121236622140236,0.5566239034147257,0.36322092873736256,0.3738512032536472,0.443243400230464,0.31691646944705787,0.617182945830898,0.4139902967286592,0.47250216305805737,0.47383864313086493,0.48350775961122133,0.43858173908436365,0.3286319736036711,0.7256633293161064,0.3182962998220514,0.4770237696620759,0.31134832675379104,0.5051874236845731,0.8155556906607995,0.605055009275503,0.29074873347527386,0.3720112320224549,0.4557610523971046,0.31063602632152426,0.32977279794461256,0.4841703676018304,0.562315505220148,0.36331040522809777,0.35558969697353304,0.7041499937119593,0.520653507969138,0.3646392538070296,0.4387567387534572,0.28043277850391773,0.379430365736873,0.4469489582556568,0.41380306752638946,0.6667091441239512,0.4178629301202488,0.3947722335611001,0.3880090009755654,0.39177430667160756,0.28275021300788833,0.6349732145566157,0.35699973617484265,0.4239432774632269,0.4198407655849811,0.19112023660544428,0.3178286347591822,0.46466001315095,0.27861617812121575,0.31044094595560157,0.35546293242526616,0.464950315387207,0.6052745569596009,0.4505193845420991,0.5796863786125096,0.4054520771573653,0.5686411423966948,0.540920494984616,0.7167372662925708,0.48613223960572527,0.5467059127652094,0.44814366177745935,0.40332572079461987,0.32313868090446435,0.39221547887045266,0.3415179075942006,0.618935607899395,0.46059334480775327,1.2242920840954012,0.5889660391948228
Belarus,0.5167975042040189,1.3066031394717799,0.7363761382607047,0.668856573825173,0.5305625483933671,1.0,0.4497862654448152,0.652512785685849,0.7295781197346711,0.9356849493508826,1.5039896199823002,0.9425500769298341,1.4858686255996543,1.3258487703268822,0.8448933599048621,0.6131911719126854,0.942577314912315,1.6889706573696226,0.607829676613755,0.5608387270493237,1.1332669137927929,1.0835428510915905,1.3315199999490597,0.8347774720736387,0.6282290298142236,0.9800082611480555,1.2753424583729736,1.6736918511019125,1.4921991428604424,0.6625537003350054,0.7335750615916097,0.8873463586661808,0.8757422045309072,0.7375077156769159,0.9622754620672783,1.190733954156028,1.0600243984261988,0.6008376717037572,0.9863522331018182,1.1824085527284962,1.0111106170496356,0.8584417832619242,0.8811772368088387,1.4890551895458939,2.040178521761984,0.4740674853659637,1.3519078741578388,0.6758563150325738,0.6967806450432391,0.717632366949938,0.7824357735102456,1.6433399603061767,1.8446251132107487,2.0551515739287898,0.6218073018810008,0.6009012325774215,1.6095305007286032,1.1442861505211412,1.3648349922418095,0.947469035821509,0.9424258746951331,1.5123778991875334,1.593111576637806,1.0341954039861587,1.378907732187118,1.1628900253813201,0.5640674161982282,1.0929821843544651,1.5454420096232302,1.5495125343367597,1.0047421251729713,2.172494121313712,0.8257925173905787,0.8052902758684412,1.0356842389324954,0.8221387895289367,0.6395741337399283,0.8828264089859916,2.0574238008683317,1.9546564589532103,2.0489863066716683
Belgium,0.37592913034331266,1.0669758492453563,0.8220229011981649,0.49182223547031745,0.463664734225935,0.4497862654448152,1.0,0.44019834690064785,0.37828240964007476,0.5814439345353561,1.319036889678202,0.4285166893981141,0.7725794584659554,1.0636624086987834,0.4285800195871822,0.49183181538876464,0.4711464375588269,1.1813095192243295,0.4108795823697465,0.4059448672602364,0.562953193613742,0.9839927301202688,1.2542086715686145,0.5704765007516492,0.388040022045864,0.5106730269986645,1.2608329317162532,1.8318816904448523,1.5228290157344921,0.45841413541272835,0.3254546839254455,0.41929488325983666,0.4536511318649331,0.3899957480016003,0.47224347083875323,0.7930820682533476,0.5010043628566151,0.2930135553640546,1.1829976323686093,0.6635882346088009,0.5290257212009469,0.40208754025703936,0.6470541313819238,0.8031250684738932,1.3797598416503307,0.23488326968573403,1.2585382034888302,0.31339898222329665,0.29304658973937997,0.33469954292780424,0.4196450355390455,1.0906592324890068,1.2781576219979405,1.323117554321856,0.32735345324125653,0.5202252296457802,1.2391724414855463,0.6322247589951301,0.8494550404343086,0.5226239596531684,0.48580097175806425,1.0444311447042118,1.0627163091837601,0.6862672175173612,1.161879050134699,0.8913202923487604,0.2526345751047274,0.7813551778097709,0.7780927681898,1.7424446392887767,0.5076422766409646,1.3518730627992896,0.39141027207602036,0.3578939520364748,0.5218723815406298,0.44537867847806695,0.3284474784111774,0.6712873514845995,1.4042939982224276,2.24385302010145,1.5986572756748445
Bolivia,0.401098750146692,1.4144738105708057,1.0141766176495333,0.956261550618999,0.33612282111989467,0.652512785685849,0.44019834690064785,1.0,0.42781855685202747,0.2278837849091623,0.7371122148555405,0.28235408064211204,0.4275688893430878,0.5061919865713863,0.17873185168219294,0.540786144996724,0.3138375869460783,0.795892167689982,0.389784681523809,0.41041911191313213,0.4241898946799516,0.5036340994629446,0.8337828274417314,0.25626900714402356,0.42968348013500846,0.21636019526030867,0.6789818026838255,1.0986522355458803,0.8381052263108406,0.11281284596744125,0.23241574330436734,0.38422076107875125,0.16774163537509787,0.13257252233763797,0.4595728601896901,0.49571426652231865,0.312126370767494,0.12293436271580994,0.7134065678967916,0.5866381830830066,0.3203275111462931,0.38012802156817194,0.25845939176688076,0.4279813523892864,0.7476857195086792,0.25055426981873613,0.7876871511994258,0.30502164979675256,0.27458677727107406,0.24188897151789962,0.303222070272462,0.5320271813183831,0.7950198341891621,0.7470855229719139,0.2951123354769892,0.3074254337715749,0.6089308316443662,0.28809614101392167,0.5172664901019286,0.1925534894675869,0.21501812943058127,0.5657261680725991,0.7729354432995981,0.4468737237548964,0.5773051201218076,0.7141881531729783,0.2659761528949427,0.46044453943369223,0.5980295919679235,0.9502435415800076,0.4994276406457497,0.9062372582625381,0.3919272885422655,0.2593534905020286,0.26570264623717266,0.30086846630688163,0.13468520230488648,0.49236971413522346,0.8199265263471656,1.3698841318599877,0.9370356881564984
Brazil,0.3780155061387703,0.9675997636800497,0.6901338324768493,0.34472923337455835,0.47038767970354517,0.7295781197346711,0.37828240964007476,0.42781855685202747,1.0,0.8427220084115637,1.7856840413597421,0.5696643140101603,0.7550461447842437,1.551156196054543,0.6590371527047654,0.4976689765887394,0.7789206979048038,0.7220749062644068,0.36488264985046703,0.343585104882256,0.4554712432866946,1.4086913493812685,1.788103069781547,0.8381972027233255,0.19144221760739685,0.7334569072881522,1.8116813027842882,2.432523368936411,1.9333409344410188,0.7769728048954685,0.5081520330828145,0.4470540605041963,0.7103934666219385,0.7079959024678227,0.23628758856723656,1.0366905116623761,0.649253286360031,0.6008394447669452,1.895735412799027,0.3318964646723574,0.6606238952011045,0.2783667623631049,1.097932821465224,0.8823363980733558,1.0941889988711162,0.32942095623691964,1.8795636992160474,0.33043321886197063,0.35451144063593615,0.4672924223319972,0.4929312207264051,1.2175049754408434,1.3085662666752582,0.974887382217504,0.3721458564030903,0.6754385266296752,1.2526193594595378,0.8813493933957344,0.9596023760741678,0.8010206602401262,0.7247408770343402,1.1251083133872162,0.6744735466635723,0.8415065973857904,1.6236814730736728,0.5621992319887931,0.3139601279556712,1.075559643330162,0.6323780686313442,1.8497237517368934,0.19560357616579135,0.9722766832161618,0.29118079394647134,0.5193553593253168,0.7437873955142011,0.6533456937294669,0.6225602394354124,1.212762191400385,1.282439757081717,3.513481154835674,0.9887676942844551
Bulgaria,0.35564149488283087,1.4494774908373174,0.9213858150198616,1.0927548336963322,0.31121236622140236,0.9356849493508826,0.5814439345353561,0.2278837849091623,0.8427220084115637,1.0,0.6722711663719066,0.23383353182066885,0.3228215005610059,0.5122648813860134,0.15832409736203706,0.5678579845848839,0.32738438977424683,0.758339673746826,0.36646910341557304,0.39336384014417025,0.37440694921474416,0.410460761654255,0.7774080329525536,0.21762310193679343,0.4185720208723698,0.17745264087230636,0.6454214587434322,1.1854645199924405,0.8240701311423708,0.19688031199683076,0.2289417098849128,0.3704092187804902,0.15077571282347815,0.20141407949901888,0.43839936415426733,0.4088917911811764,0.2737816990076076,0.20216003768703053,0.8503372806329914,0.5473659452780869,0.29197200921963096,0.367162058482852,0.2750956380141502,0.3767396978544814,0.7349412061226457,0.27948302526500046,0.7679356945232336,0.2858511651558624,0.26590475868159763,0.22817572524249186,0.3163733802226906,0.4871105608297243,0.7452341224445341,0.6681507668338967,0.28066177098168543,0.28559491718391966,0.5584501959112067,0.2603415783989735,0.4923830118529654,0.15324106685194577,0.18323042298767042,0.44564476365002054,0.7023797434686726,0.4636045508309791,0.5388838204844466,0.6612233560718312,0.28391880846310086,0.4590069966295443,0.5468342882067475,0.9606116643185738,0.46840047722164535,0.8362699944328805,0.357970629787423,0.2250741667102598,0.21582809155337424,0.29606723114783245,0.1996883184690455,0.5490697916246069,0.7313050387825021,1.3214697487117908,0.9236619377834858
Cambodia,1.1574302310039986,2.1749473892224045,1.984326874336146,1.8760402624256147,0.5566239034147257,1.5039896199823002,1.319036889678202,0.7371122148555405,1.7856840413597421,0.6722711663719066,1.0,0.47238020691354543,0.49290432830384767,0.37963692431251445,0.4315558919977188,0.6828933798674758,0.5010744943797067,0.5721950199099384,0.5543897327531931,0.5639585663345976,0.5460578869831516,0.4527612563401023,0.7732028652846783,0.4439617526385718,0.5635588354915946,0.43238902629138104,0.5051839697316509,0.6051030142476099,0.49971832490659196,0.4173701161712303,0.47312316200298177,0.5482316844092833,0.42618548897471253,0.4327069782382207,0.5706816438605774,0.5130182605335151,0.4805746827494434,0.44533022504925995,0.7009390960737646,0.5937094181276262,0.4854410775672555,0.540656032086753,0.41831247822295103,0.5047883049043125,0.5514908055154465,0.5018264660092215,0.75560853832445,0.5079127237786668,0.49498082587329206,0.47963812959480495,0.5089980277281886,0.41184275399463205,0.6436890776492046,0.5122622455985479,0.5140430256539594,0.5055038969532492,0.41834948059719596,0.44775447132542834,0.5804039999421368,0.4057670204428921,0.43445827371224666,0.5205828219661254,0.5351330907834464,0.648846121564964,0.23604352245149582,0.6538907511724259,0.503287863335835,0.590475950434629,0.6207175258477998,0.7445075838147325,0.5676014080862132,0.5804517799965366,0.5462160396945478,0.4809409385511153,0.44499832144569407,0.4990346022495916,0.44403640022967106,0.5707782681834689,0.5046072533830062,0.9653252940335084,0.6415845323524854
Cameroon,0.20460231434398976,1.3038451620971712,0.7885306715428768,0.8200241394624099,0.36322092873736256,0.9425500769298341,0.4285166893981141,0.28235408064211204,0.5696643140101603,0.23383353182066885,0.47238020691354543,1.0,0.2709718401724994,0.8253369488903032,0.14352956950293705,0.528799912467541,0.30062869766260464,0.7964198861913114,0.35525720819919565,0.37523951269296046,0.2710957593019216,0.6920351791132017,0.9880140766086776,0.3195804567709997,0.3596766520908941,0.17401626653121086,1.034130141238123,1.7129166686660156,1.3280301873717806,0.2916950863910182,0.12025453228787089,0.2871048150722491,0.17063249168314168,0.23411047585119965,0.3645455347245192,0.5427677574969477,0.15617384642920057,0.216877540592549,1.280631885685348,0.4792336671619657,0.19541609180992098,0.25448410373723235,0.42726064358548704,0.3844664607527984,0.9440654541270619,0.2308523329516736,0.9767226770522358,0.21344308631862044,0.14456507960619425,0.17903963939983564,0.24530825556241298,0.6787692830254088,0.8452038197530405,0.8256255953975735,0.26181905227210717,0.39991190026201295,0.8512687123516716,0.274202903406423,0.5058206156322161,0.20128199504618274,0.1359088682482364,0.557147918391134,0.7289288086230902,0.4931479345381125,0.9140514678672017,0.6141267622281504,0.20997450624420316,0.5844149820602959,0.450002869709438,1.474346448675207,0.3689623434116129,0.9244280472964541,0.283736626947446,0.17267397397167208,0.17188782095488078,0.2015366630551342,0.211673000416858,0.6792983305215164,0.999726702779505,2.0421271601334285,1.0932989257001653
Canada,0.20754259213289178,1.3422235873399972,0.6930781774316895,1.0571932619228315,0.3738512032536472,1.4858686255996543,0.7725794584659554,0.4275688893430878,0.7550461447842437,0.3228215005610059,0.49290432830384767,0.2709718401724994,1.0,0.9529638112842258,0.2676339605770563,0.58897570676412,0.43113452471790803,0.6714321205545921,0.3980493670393497,0.4156479363338903,0.2646339062330127,0.777414905693481,1.0821057948529,0.3736971898994336,0.3997403462300565,0.23467170754130853,1.2088435258020895,2.138169017443939,1.602967396260554,0.40553761251803344,0.3022623403598582,0.36253518390573486,0.2817784257039251,0.370361538409257,0.38384141053956783,0.6051604459099443,0.22165410215002565,0.36732870449842797,1.5162337429684405,0.4688153009711252,0.24085017083633486,0.31298083030829077,0.5371213482274135,0.26485173822406477,0.8568843829513036,0.3347071383621166,1.0824157183177763,0.30907530926328985,0.2818025502970914,0.295958766885859,0.3073949275545563,0.668689927929854,0.7902433000964799,0.703766535459582,0.3345793222854274,0.451039392033686,0.8498686344591689,0.32398082499104375,0.43096152250881203,0.29654741432977255,0.25731699292493737,0.49126567445450103,0.6216239311822701,0.539015353948399,1.045380138437618,0.5730945687247548,0.31703979444532265,0.6733386154382041,0.43627300925172396,1.4710935539393215,0.39508401811438926,0.8931591579728676,0.33745902489725527,0.3015685647625611,0.24116473791203363,0.3486591000663191,0.35973379023359336,0.8640715707582735,1.0013699159315115,2.4252308317853903,0.9931563255260971
Chile,0.8650412230225734,1.9966765001780553,1.6654000957405843,1.6730214908886085,0.443243400230464,1.3258487703268822,1.0636624086987834,0.5061919865713863,1.551156196054543,0.5122648813860134,0.37963692431251445,0.8253369488903032,0.9529638112842258,1.0,0.3550939611992374,0.6558376197463915,0.4065904386897628,0.5846038421976568,0.517825303545078,0.5307383006381241,0.5078479587309515,0.4904160406235007,0.810432350577484,0.4207488344422166,0.5313401842728807,0.34949187158970546,0.5031716706800649,0.5895571047787261,0.538960298294834,0.3453516535713437,0.4038642471830091,0.4940156433460471,0.33514891350325193,0.3302736801349563,0.5389444975369245,0.48410638235116027,0.4137116477995648,0.3552859628356568,0.6824341733245556,0.5824884611966654,0.44464198044774095,0.49573106175695003,0.3434521203218424,0.4416304074189678,0.502563810640666,0.4446769938057452,0.731447692443322,0.4567179815451308,0.43645063262322276,0.4146113695174068,0.45722689657322124,0.3134500976581776,0.5707538082519258,0.5395003721957295,0.4604352187208027,0.48177211974808304,0.40494927612438625,0.3288621131208598,0.5500620884877089,0.3213876350343745,0.3532325336842951,0.5068839042097648,0.5468482758123192,0.5047719770467758,0.26116574199625264,0.6617813184002416,0.4492659962927991,0.37278179326000116,0.6021879903571901,0.7824477737269534,0.5474890373091859,0.6136154691870254,0.5018591901480058,0.40321787824063876,0.36635087159068763,0.4278961397156256,0.3640483133833246,0.4684412935246568,0.5024776926201061,1.061789851832976,0.6934731763119538
China,0.2508338309425408,1.3281371191285662,0.8462343998137628,0.8754731576227615,0.31691646944705787,0.8448933599048621,0.4285800195871822,0.17873185168219294,0.6590371527047654,0.15832409736203706,0.4315558919977188,0.14352956950293705,0.2676339605770563,0.3550939611992374,1.0,0.5248653278493651,0.2569454224523973,0.7642671121252194,0.34382607241977164,0.3672428599380939,0.3119941174939584,0.5374020669926114,0.8632632921617528,0.2178597225174114,0.3709123794930034,0.10181249450420002,0.8194200050766387,1.4368897298087162,1.051434198299966,0.17232524170942554,0.12432408372570722,0.3042420615866175,0.052461685185214206,0.12630695923552032,0.37745637846967656,0.46109763847652024,0.18612535159576926,0.13587045520766608,0.965776559851666,0.4991920423636516,0.19767654825038086,0.2906914169954769,0.2923825775934039,0.329373011841692,0.7926470166889981,0.21732839782882407,0.8345508588833654,0.22407054836314808,0.18084706605829107,0.151315334404473,0.23875428038207902,0.539915944843473,0.7765854879599459,0.7258705013038224,0.24172685472969482,0.3221960140807518,0.6690414128181681,0.21769709017388286,0.4543201328341475,0.08875228483064865,0.07893568095426713,0.4909199534520021,0.7113014175532917,0.4497255017402378,0.713703110839439,0.6357646610943151,0.20620305332000574,0.4996083605003488,0.5018576240740177,1.1713879307155344,0.4097882024290349,0.8750730963234759,0.3018193638515415,0.16665502305613472,0.14630068675426294,0.23267449365067702,0.11695361937994525,0.5754664153603603,0.8493224229933287,1.632956649031596,0.9944563199241602
Colombia,0.5758651461902368,0.5062904117805991,0.8306164834024129,0.448996029365425,0.617182945830898,0.6131911719126854,0.49183181538876464,0.540786144996724,0.4976689765887394,0.5678579845848839,0.6828933798674758,0.528799912467541,0.58897570676412,0.6558376197463915,0.5248653278493651,1.0,1.1339385363841707,1.8956948799501845,1.1360145869770892,1.0724224405395482,1.3884007273187273,1.958386024948116,2.234620171621463,1.408200234475638,0.9096316290171595,1.3538580533224764,2.314577924128169,2.7871804821438126,2.5462957955199466,1.2511518452401442,1.0517358129962644,1.105670201195427,1.277710296117625,1.1478907030167353,1.0897248271053033,1.7884174390279852,1.3073119699180211,1.0592735087119456,1.5775998093834762,1.320106586766327,1.30309587344197,1.0348495169385705,1.4846665574054505,1.644999375982918,2.1560988306228563,0.944238651601344,2.3194647165656046,1.0491196409163408,1.0084920618645594,1.1246529581669935,1.1039006403441611,1.903391578825314,2.288274461496443,2.05597034439915,1.0741075319510087,1.394319795891797,2.037304484520583,1.465444380852617,1.708869109068614,1.3469316971571013,1.3039864724185093,1.9440943398590307,1.5910841159614681,1.7373408777395836,2.1097837583335366,1.9609759257930084,0.9078560311794981,1.7384789038258603,1.7015473976772404,3.11473652222866,1.1253043415996506,2.183392635377923,1.0540804451420573,1.1984301789418619,1.3442120612367507,1.2023845348493558,1.0756614515486087,1.304038799132693,2.2538943608724895,5.317804199097601,2.6472162112900497
Costa Rica,0.33736296834479457,1.3382909397854887,0.9929038641191258,0.9010014087970639,0.4139902967286592,0.942577314912315,0.4711464375588269,0.3138375869460783,0.7789206979048038,0.32738438977424683,0.5010744943797067,0.30062869766260464,0.43113452471790803,0.4065904386897628,0.2569454224523973,1.1339385363841707,1.0,0.7932007760947747,0.4337442588990382,0.4504127169074878,0.4076729655802555,0.765975082858498,1.0654316317781538,0.39390207898756674,0.4339035945300008,0.2674050309835649,1.0494044160462823,1.570575814395935,1.2730487632584169,0.3590463831344589,0.25194381795424803,0.34694630039859764,0.24582383857533857,0.21853475035457373,0.43444772221791134,0.5805014824018012,0.28054116674488555,0.25766362711916563,0.9158523259108333,0.5584929587214001,0.30570228055101784,0.34583095300105743,0.4385915300214971,0.3971026810471294,0.8499785129344298,0.3317764530508193,1.0190854720100007,0.33076440613916086,0.2857083042979096,0.30241844673106144,0.3198101938935876,0.6270792647578761,0.7857991712881294,0.8040443406532275,0.3453826458469185,0.49055335591404753,0.8063693483428036,0.29485484983856247,0.5274966945748202,0.27433423526815226,0.2525145496082236,0.6780726937468935,0.7545328591627953,0.5258373704377488,0.8662338264946744,0.6950423669491366,0.3000001561864825,0.6301198486576912,0.5370222502108918,1.3502113511354505,0.4744343040411481,0.9490555274494047,0.36777324404451234,0.2939493497230259,0.24959409296745036,0.3009380622183094,0.266054182107207,0.5971461663759349,0.8859758594225625,1.8694695795682312,1.0821183136001293
Croatia,0.631287373391072,1.5207237520117352,0.6478968965163311,1.0350508951581812,0.47250216305805737,1.6889706573696226,1.1813095192243295,0.795892167689982,0.7220749062644068,0.758339673746826,0.5721950199099384,0.7964198861913114,0.6714321205545921,0.5846038421976568,0.7642671121252194,1.8956948799501845,0.7932007760947747,1.0,0.5380874600750051,0.5155784395970633,0.5895036623794687,1.166858360112964,1.5183470022801304,0.7547911633357778,0.49902202980120414,0.6343443678017687,1.5940210713788143,2.082349955710939,1.9930439537704523,0.7795220412862442,0.6454371999669128,0.6634264183809653,0.669914633795801,0.7437073433553313,0.5512054415985376,0.888665575659982,0.6096775461498677,0.7199013769107344,1.3557417639464615,0.48748507522833295,0.6305322211723767,0.6181541445178431,0.9032649219532607,0.54272984167256,0.5436917579485387,0.5836047352857374,1.39033311416001,0.5562969755355419,0.5939500573851664,0.6075360550555293,0.6717221663176997,0.6832284456530779,0.7490932432673183,0.42445686876324823,0.5862315550625252,0.7259517632171538,0.6901888670661492,0.6616985945902355,0.6687397600437318,0.6775827636723288,0.651661081021945,0.714951199443027,0.2474255821621414,0.8323066172764071,1.3335291269330656,0.5027871799005322,0.6048960595735914,1.013705416430625,0.6846278574523114,0.9390108573223008,0.5245566061375132,0.7303243813666027,0.5827106470738502,0.6258693451869598,0.6254357680579188,0.7197014394428498,0.7182190892682041,1.2524860104139082,0.7719539045828252,2.5582893091006107,0.736863322017593
Czech Republic,0.41651133221291586,1.2539720826892184,0.6970795219040548,0.6285755098617204,0.47383864313086493,0.607829676613755,0.4108795823697465,0.389784681523809,0.36488264985046703,0.36646910341557304,0.5543897327531931,0.35525720819919565,0.3980493670393497,0.517825303545078,0.34382607241977164,1.1360145869770892,0.4337442588990382,0.5380874600750051,1.0,0.08971595922910768,0.5989835506085553,1.1039803345459103,1.414673141350981,0.6505088387672008,0.2620511810880504,0.6970165884634796,1.540108606681027,2.4959694764686224,1.938805371859511,0.6054955678147265,0.5046185800990438,0.5359659631630055,0.6388244197459568,0.6011399534055982,0.4281383120902745,0.9640050635444848,0.721280674071028,0.5015905864993417,1.2738412522064955,0.5719329986076266,0.7022658782951263,0.48033429623206364,0.8885587585193494,1.0483690076533292,1.6087977124099948,0.280661686457762,1.4946054220609133,0.2863278637189453,0.39022046641070884,0.4272551325551991,0.5307062922434402,1.4299698578348365,1.7658572238707089,1.463882563105868,0.1831530942053076,0.3950653715821392,1.5451217414031424,0.8760971196294786,1.0741732190786657,0.7359149992815902,0.6961646718392407,1.2297318410810645,0.9938333173861801,0.7668277376121122,1.4718158504090948,0.6567833276469593,0.3364177614788182,0.9572527808397804,1.015291591026507,2.0803364079676285,0.5216409189090434,1.3876393733895112,0.38024639226829837,0.506816188958371,0.7573805727745827,0.6458190564352225,0.521052876040012,0.994596706262411,1.6825635789034565,3.437472692776588,1.946103656294033
Denmark,0.4314288937991645,1.2062044521829673,0.6766791199248261,0.5788636588742004,0.48350775961122133,0.5608387270493237,0.4059448672602364,0.41041911191313213,0.343585104882256,0.39336384014417025,0.5639585663345976,0.37523951269296046,0.4156479363338903,0.5307383006381241,0.3672428599380939,1.0724224405395482,0.4504127169074878,0.5155784395970633,0.08971595922910768,1.0,0.6913944051484946,1.200598237717642,1.5229006129843508,0.7411726140990639,0.25462578157368576,0.801283178992329,1.65069163637223,2.6424507110256266,2.072899670922568,0.6781525183388465,0.5787698053313958,0.607672082201393,0.7353533734294525,0.6840922591819847,0.4594721485272429,1.0801273936737275,0.8302791163278318,0.5672541331754464,1.3226712639354,0.5874423316027664,0.8053101147537846,0.5420115835800111,0.9829168194554982,1.17991015606158,1.6831525333510147,0.32006274783643035,1.6106508802945803,0.3408597451328318,0.45375845059980024,0.4991542873870447,0.6019742563167841,1.531558252000806,1.8671693949116477,1.5011290394695325,0.2551844865890581,0.4592172367152153,1.6532699980439902,0.990021411555021,1.2158632395809859,0.8391692897063258,0.7971279914585669,1.3193416972727308,0.9913612662595294,0.8487721407524218,1.5861991065879064,0.6500133168592774,0.38359275326815157,1.0446058242725567,1.1510414441864596,2.264912805074618,0.5523151078182578,1.4170003065986172,0.41701553054601376,0.5892753914460425,0.8661813195329137,0.7256740245954681,0.5904403591038868,1.0603212957476542,1.7597773595440163,3.8484403653449784,2.1640022473134506
Ecuador,0.2939213440951588,1.3362496218684028,0.7583851862663508,0.7692456183323619,0.43858173908436365,1.1332669137927929,0.562953193613742,0.4241898946799516,0.4554712432866946,0.37440694921474416,0.5460578869831516,0.2710957593019216,0.2646339062330127,0.5078479587309515,0.3119941174939584,1.3884007273187273,0.4076729655802555,0.5895036623794687,0.5989835506085553,0.6913944051484946,1.0,1.1355922038443476,1.3471767649620867,0.543168397182323,0.3277704105494594,0.4405327543896445,1.6855549786712756,2.20438870983143,1.8770082763455804,0.5600549107137069,0.35846444238508635,0.37014682820184935,0.4580534733850917,0.5163203664445379,0.3368183232993329,0.8223090535049984,0.35817909968061434,0.46132160561128666,1.6336717641562482,0.39308702437963144,0.3495958267446377,0.21006553925297233,0.8167913533363725,0.538722759968534,1.0443554594603355,0.3114794308369534,1.4428009394307806,0.2798669003040469,0.25971710140462834,0.3424370283271175,0.30444938865188187,1.0497715156382073,1.1347811922919007,0.90403050690659,0.3068403826277721,0.5149845940731734,1.1561716001207305,0.5871016087753307,0.5698958858691461,0.5235225221475226,0.4447137812242903,0.81051190764031,0.6964263229626013,0.6818783629203896,1.5165124322372243,0.5554233655217314,0.28719561970881263,0.8891795073369587,0.4514089262122112,1.5953750573818442,0.30391698360610964,0.9485676409670462,0.2826615681776568,0.3840120169691074,0.4406128851671368,0.4474679055978495,0.46157122189570865,1.0619413562508466,1.2190589466307746,3.0440857970835693,0.9329863991317499
"Egypt, Arab Rep.",0.7994613080293267,1.6763602334053165,1.3959019556706649,1.5615421822601394,0.3286319736036711,1.0835428510915905,0.9839927301202688,0.5036340994629446,1.4086913493812685,0.410460761654255,0.4527612563401023,0.6920351791132017,0.777414905693481,0.4904160406235007,0.5374020669926114,1.958386024948116,0.765975082858498,1.166858360112964,1.1039803345459103,1.200598237717642,1.1355922038443476,1.0,0.714165892565155,0.3228199488965833,0.5257794207518706,0.41877752327352136,0.672804539757815,1.1168062473466496,0.7857247204808998,0.3522068783426039,0.43501304354866244,0.5211228917654812,0.39831717373924125,0.41070463225062653,0.5537188928697431,0.5979421044719625,0.46851756560342234,0.4168260862474408,0.7108931670737332,0.6276720009002504,0.44649859296829775,0.49739144003573493,0.4205635545344211,0.5097097374256241,0.683994479005356,0.44893539429108953,0.7952250266081791,0.4561678174693869,0.4484220448669368,0.4325748570347305,0.44677840122711066,0.570457987801002,0.8707249706998577,0.5511811335404374,0.4406710369081016,0.34731168702598897,0.47557396517996636,0.4649869121920043,0.5558906412318406,0.3897115281746416,0.415116189875469,0.5007319872406684,0.6972738499874471,0.7178921633600883,0.6737006309494536,0.6776845793618628,0.44334316066375845,0.7003420260112109,0.6262878333107371,0.7780799661669646,0.5701394761581661,0.8215315181609513,0.4960361927119416,0.4758759186478085,0.4449117129620331,0.4860626678224942,0.39150202923738775,0.7234656867839345,0.6837623875195,1.3338810348732095,0.6884086293962588
El Salvador,1.0630961052020111,1.98807249514706,1.900291980882174,1.8443329419177588,0.7256633293161064,1.3315199999490597,1.2542086715686145,0.8337828274417314,1.788103069781547,0.7774080329525536,0.7732028652846783,0.9880140766086776,1.0821057948529,0.810432350577484,0.8632632921617528,2.234620171621463,1.0654316317781538,1.5183470022801304,1.414673141350981,1.5229006129843508,1.3471767649620867,0.714165892565155,1.0,0.8265911403842281,0.7548607817163496,0.795788980471787,1.9397803374153644,2.0679413124660595,2.1141758189580746,0.8205147628301335,0.7621503113032126,0.7594173754333123,0.7991021591907925,0.7942553581679408,0.7610097380197781,1.161199445191302,0.7652740801019221,0.7878461217740251,1.0133165061749667,0.8752707527809925,0.7681605308951385,0.7293520409221402,1.0611695824773992,0.8379918919721814,1.1900090870593574,0.7354530949250141,1.5605593105420172,0.7367660488866535,0.7172295015033016,0.7635926932292504,0.6954021014177294,1.190857369553593,1.295042438531668,0.9493219917236073,0.7422035679103623,0.7832963431374015,1.239270501979794,0.8426773717992552,0.835048703524777,0.8181230185039523,0.804868474578617,1.1372677099741029,1.0719678662006351,1.078853298005312,1.6293752323452102,0.9431268930091393,0.7130413492427691,1.2610656335164294,0.8791891660096396,1.1141035103966301,0.797006234057003,1.4885741855619015,0.7331629091585692,0.7959034536348102,0.7857167204461397,0.7879093669194535,0.7787995839124207,1.0974146108726595,1.1911270937927279,3.338732445119703,1.0951940075208788
Estonia,0.38476061911672593,1.4089553412555569,0.9666749810100363,1.0185107674862057,0.3182962998220514,0.8347774720736387,0.5704765007516492,0.25626900714402356,0.8381972027233255,0.21762310193679343,0.4439617526385718,0.3195804567709997,0.3736971898994336,0.4207488344422166,0.2178597225174114,1.408200234475638,0.39390207898756674,0.7547911633357778,0.6505088387672008,0.7411726140990639,0.543168397182323,0.3228199488965833,0.8265911403842281,1.0,0.4117714282435785,0.24396314794847945,0.7946317670489282,1.4203419175601955,0.9958258447322266,0.21398133422883456,0.259352522136147,0.39007958100285417,0.22559564194577916,0.2585134417296914,0.4313953285051982,0.5670483976597209,0.3047308545844578,0.2569483728541504,0.8199401877978054,0.5271197636823638,0.2269544771218315,0.3513890994880994,0.30783944425689913,0.40085766690082447,0.7444118127069722,0.28828914138412076,0.7993747136402408,0.3022653723289458,0.27707869372712146,0.27707577972235803,0.2805875986867151,0.6030920944817085,0.8735071439375897,0.6597285781805905,0.28910765311673403,0.27327666822017677,0.5999601060221869,0.35680213933708615,0.4575796733796448,0.23619472084266713,0.2324318825994749,0.49159734496992386,0.7130487088569032,0.5825505475634264,0.7825800220689405,0.6458928395057011,0.26698579739171713,0.6753309671830097,0.5613585243403236,0.9089719171927327,0.46435536427652374,0.8677895969676647,0.36232342694636377,0.32700904880059856,0.2827247581969709,0.3235168844052955,0.21812962779692435,0.6827783246915269,0.8373078842917114,1.3645681089579798,0.8459875271288535
Finland,0.4100926566892332,0.989197923896044,0.654337967955207,0.4202603361413111,0.4770237696620759,0.6282290298142236,0.388040022045864,0.42968348013500846,0.19144221760739685,0.4185720208723698,0.5635588354915946,0.3596766520908941,0.3997403462300565,0.5313401842728807,0.3709123794930034,0.9096316290171595,0.4339035945300008,0.49902202980120414,0.2620511810880504,0.25462578157368576,0.3277704105494594,0.5257794207518706,0.7548607817163496,0.4117714282435785,1.0,0.8136787846745782,1.894661405312785,2.711451790607908,2.1351659145148125,0.7895055185443022,0.5824476921128278,0.5027607386250944,0.7729654998599589,0.7405274503526161,0.3256850065400283,1.1306908332464092,0.7770559621651753,0.6272375656910786,1.806470506318083,0.4337594138896877,0.7889726315580101,0.41294118388117995,1.1319411724703916,1.0283005843505202,1.2784982845768005,0.3460739583704471,1.9305612807866364,0.3586766918174908,0.4215764529861751,0.5243549568455953,0.5713927855740941,1.3500281215814969,1.5296959316006191,1.1149410464757459,0.3506528494116968,0.6288465889860986,1.4168007411251151,0.9617355535587289,1.1246499421232192,0.8708233274996826,0.8103097057854852,1.2235292875759016,0.7566990373783715,0.8822037592067591,1.6856893472418135,0.5956817921293532,0.36591946622882054,1.0959182467506519,0.855202958837062,2.2834964350375886,0.36437971403152086,1.0860154912397244,0.33168802693995275,0.5912660885931796,0.8444688075187813,0.7240347158763218,0.6564377331555368,1.1948500908704291,1.4461377636027115,3.8560476895415747,1.3277176203837877
