Country Name,Albania,Angola,Australia,Azerbaijan,Bangladesh,Belarus,Belgium,Bolivia,Brazil,Bulgaria,Cambodia,Cameroon,Canada,Chile,China,Colombia,Costa Rica,Croatia,Czech Republic,Denmark,Ecuador,"Egypt, Arab Rep.",El Salvador,Estonia,Finland,France,Georgia,Germany,Ghana,Guatemala,Honduras,Hungary,India,Indonesia,Israel,Italy,Jamaica,Japan,Jordan,Kazakhstan,Kenya,"Korea, Rep.",Kyrgyz Republic,Latvia,Lithuania,Malaysia,Mexico,Mongolia,Morocco,Nepal,Netherlands,New Zealand,Nigeria,North Macedonia,Norway,Oman,Pakistan,Panama,Paraguay,Peru,Philippines,Poland,Portugal,Romania,Russian Federation,Saudi Arabia,Senegal,Slovak Republic,South Africa,Spain,Sri Lanka,Sweden,Switzerland,Tanzania,Thailand,Tunisia,Turkey,Ukraine,United Kingdom,United States,Uruguay
Albania,1.0,1.3423302403154485,1.073213562369965,1.3031200914155232,1.850135861929804,1.1595891398165026,1.4560677250211427,1.5502697329348047,0.6129402391427682,0.3745112313598006,1.4478197311811114,1.4145672597052508,1.4117075202191138,1.499727993858636,1.5270680173657536,1.3594601471101315,1.4245534905370472,1.129474877595245,0.7193167114581405,4.416441142808793,1.16447289126524,1.7839589934246765,0.9308227816132578,1.408598151147502,0.6897224999426347,1.0348895554516668,1.4785774960521259,1.221474016953781,1.4967963971632219,2.1501937128114355,1.5561813684077521,0.9464514135366928,1.5166821863996618,1.5841870537515392,1.1046239134963756,0.9253968856515948,0.9360416081284116,0.7737973834796092,1.122587088359067,1.07414849447101,1.1583222330846557,1.2219263581002735,1.406503419920922,0.5299432088378379,0.4034298867250393,1.4132672603433702,1.225362099878144,2.6285674888856274,1.7714999437336616,1.867558963592702,1.2525108074669296,1.5500599974997593,1.4593773483972454,0.6122101965233098,0.604876562529528,0.568095836806352,1.4509301688991674,1.445234963231461,0.7881279783741424,1.6213940245889558,1.4414608379579439,1.3044280545068847,1.2153186413481594,0.8332725566604947,1.3206503103985732,0.8955939907589191,1.3098738229996614,0.745493343458694,1.263779319380537,1.256696168614706,1.3541876520125298,1.0818136847212885,1.3971216097286003,1.5481070811892534,1.4502103929994659,1.4598778292218304,1.4254798176119519,1.2341372471204664,0.992698001705541,1.3987215952308223,0.8292994574661774
Angola,1.3423302403154485,1.0,0.5483029127649715,0.06724391800170337,0.7355274104130015,0.1672780330004525,0.13691915021459614,0.4003886829009779,0.49072871497492354,0.8832548140739761,0.14921496100952591,0.42835582117904564,0.190532362063539,0.23447418799636513,0.49094543981352906,1.1831293293145348,0.18033924278142302,0.36975441426097166,1.1038048569194239,4.794554210693077,0.22297069018801335,0.8053804262603855,0.16582028506759158,2.571870101628685,0.5063060762841781,0.25158662012214295,2.3553075254707205,0.0852154080480946,0.38966518724125065,0.709097126685009,0.7701365163371,0.2959134347870043,0.40051387791291104,0.41218823306218233,0.32055848802774456,0.20488224649711312,0.33893001503868425,0.3356992962522598,0.15336029873272175,0.15259472709885555,0.21913317348566433,0.19011718504683991,0.18668339643278362,1.4967028272945306,0.4939643795272931,0.32793696932325284,0.18889673152004083,2.077272042153273,1.2077476600603028,1.0067819204167305,0.2077591438794881,0.36950047604248004,0.1494859136714155,0.3204924794052921,0.9194130082270748,0.5433916972414629,0.3728915572365469,0.25913261765337137,0.4356384804461069,0.47418964291579996,0.20132659263666852,0.28602003874688564,0.1003421761242708,0.28256410573580604,0.10040156418754256,0.5523764551997349,0.7537131980838887,0.9770046907694594,0.21204656303463548,0.09693183270902411,0.0894593113016417,1.005816330748554,0.10748690925132151,0.4537841591485193,0.39209620276022017,0.16309349548500185,0.2897403213869561,0.12370423513714077,0.19322727367062426,0.10008169298021571,0.30228667297400735
Australia,1.073213562369965,0.5483029127649715,1.0,0.6025432523380362,0.7606236444020837,0.4658255892421257,0.5114873641203596,0.5411603958041923,0.4254629676426704,1.0447843078596408,0.43576149817386955,0.4584060617421739,0.3982457024781708,0.3826211550383859,0.5444961442764702,0.9360667943928644,0.44686088653318834,0.3017999488026164,0.9589699604065165,4.252578654731306,0.443354511889833,1.0604950433825047,0.4777603053083689,1.9853684506793992,0.4608801611785953,0.5093221121856912,1.9686445592671808,0.5114436728019466,0.3787723016517748,0.9926882408574702,0.7833108093877125,0.3965597581621274,0.4998016200714618,0.6146858509399965,0.669571411180289,0.546616359283081,0.44705595877594795,0.5734762518328402,0.47596568337281187,0.5328235180881578,0.4629886980437705,0.5117079936078743,0.45350415705272973,1.3213203922558956,0.6694893409452553,0.5476558779219569,0.4901779504477528,1.6260777353847147,1.2571088256331313,1.0386509229970413,0.4805478310429613,0.41317100479411695,0.40236968376004517,0.6263220854598276,0.9761233841150535,0.6239692812146814,0.3786435380380542,0.3954758458531533,0.383979787345504,0.5438412858742214,0.42401211064727273,0.3494371665024977,0.5824688487894338,0.46500721333068773,0.46354031656226036,0.4634032167960695,0.7685151907734918,1.1243354602987068,0.4394840084901941,0.4810199933999697,0.5401014783427105,0.7020534686115345,0.524619203081531,0.5961841485540277,0.4300369525082427,0.43982447490211657,0.5380684592286691,0.43598730779647465,0.5892253501405198,0.44403028588070553,0.717070637724575
Azerbaijan,1.3031200914155232,0.06724391800170337,0.6025432523380362,1.0,0.6944105467023092,0.250260964490284,0.06139201608812736,0.33332471097525773,0.5364513338135805,0.9890276968001784,0.13917417647822206,0.3388530532705636,0.10411064263640948,0.162037030267199,0.39490340056747575,1.1408305789359696,0.13415380322361786,0.3823111606433106,1.0780859331003114,4.751389742083671,0.17989614727454484,0.7453297512071823,0.22703635536957184,2.661604044450278,0.5120752011502633,0.247565067379153,2.353460528949475,0.1418512023714798,0.40031818234929545,0.6877737250710254,0.6977990111608897,0.40309038503223205,0.31107075694718295,0.35591448871232567,0.3208607140124,0.2306364099907764,0.39205945166384515,0.4431859059801566,0.1728896509455863,0.15269008627486824,0.20218918635238933,0.13440387897119546,0.15422437743058562,1.5983915220862823,0.4868804983896907,0.28226865323864336,0.1418991998961439,1.9882876473663742,1.1371440480614952,0.965769820396232,0.13374694881400895,0.34614970036409864,0.14818157576215932,0.2470822126515779,0.9812138652907683,0.5915033233305952,0.36960215047828304,0.2343375747328231,0.4424601194047295,0.38996158506942746,0.1467891352498736,0.2825706953328798,0.07453472291143695,0.29398157742628017,0.14557327393080888,0.4942496407221703,0.6259339587599664,1.0401815899599938,0.16307628185442416,0.1375264536742513,0.06452276011562635,0.9661756555380987,0.07729801038304804,0.406725736825571,0.32290877821934405,0.12335392928419706,0.23286178730657422,0.18457778489616466,0.18903817283503496,0.1311627678069244,0.3186264029330901
Bangladesh,1.850135861929804,0.7355274104130015,0.7606236444020837,0.6944105467023092,1.0,0.9288375579607641,0.600675143552978,0.46495172970391424,0.8363068250705004,1.8420371539684461,0.745472403683662,0.545651194566583,0.7674988066046826,0.5118673862274666,0.45985072681943256,1.2090259918984294,0.5914239614632323,0.6813243120207368,1.1507478588905518,3.3383312347526988,0.7330242265809584,0.3590191095728874,1.0042234542898554,2.8170295172441486,0.8570744624577695,0.9414212196231491,2.238452584629185,0.9490675563174221,0.5034262177588946,0.36871550476802883,0.4887885575577307,0.8767271596036129,0.40949787602732923,0.4115097410865427,0.8292098490378768,0.9704710982621865,0.9508414760128844,0.9926145732891491,0.8921435918073771,0.8802830859572219,0.5648059940942738,0.6803142154037778,0.6320287655783638,2.1212467048022723,1.413518313524919,0.7312127923623444,0.6974074767114233,0.9062933717674573,0.4927687649985422,0.7288683997451321,0.6656468768741813,0.38829631933665876,0.7499822327836814,1.0511817601886895,1.3150887427306652,1.1675155673867144,0.47921424053178385,0.5682500251021481,0.8329316612368968,0.345074413729525,0.6626984023548788,0.5748042732366675,0.8429618526913798,1.0002479465073668,0.9426872349054336,0.821076936493981,0.6081649691948301,1.6688167038945405,0.7178336085515583,0.880560130862933,0.8229409448347389,0.4854524855592865,0.7549363693974918,0.526164385049088,0.46868440930193805,0.6751127655674528,0.5469433007657901,0.9516160759918875,0.950729843619177,0.8913146490185258,0.9657791747996831
Belarus,1.1595891398165026,0.1672780330004525,0.4658255892421257,0.250260964490284,0.9288375579607641,1.0,0.34076302817573406,0.6498665546952042,0.33132841355755416,0.5754158668170163,0.2011624218841428,0.8486190437281883,0.1829032398535153,0.331649406254644,0.8428672701299031,1.399924196130762,0.35550975355761283,0.30090666208588124,1.0289947595239783,4.846241900215734,0.3358060168551681,1.1032132215370738,0.11978116550525164,2.099910505788852,0.43093520208821223,0.0842377049401612,2.2826725990622387,0.08320052965164296,0.3415067176191719,1.091863263980628,1.047023989856244,0.12119537211743814,0.7630896781458971,0.791019853263112,0.5080050158476466,0.09166859406102462,0.1959603261010352,0.12481160536001146,0.10084147167145793,0.2585129984717963,0.5138509956857436,0.3681075029781813,0.3320679424157825,1.194210366975273,0.4717577851855008,0.7146329456612972,0.2677633446277534,2.38294451625853,1.4983358083618872,1.2841709193963615,0.4320108416710673,0.4278915745897338,0.19836022228378306,0.3447211334013931,0.6457427453056874,0.4317160835574698,0.34820955401308074,0.48370873912858514,0.30246926994199785,0.8563757750147238,0.3984343975496255,0.28819775856730945,0.1470699445782297,0.14838468998792018,0.08367434735655932,0.579254540727484,1.068345197351471,0.6741737901261353,0.26735495318303826,0.10581469937671131,0.1524422427008462,0.9228161261021417,0.22190155928036848,0.861555301785145,0.7952379649270599,0.36648051773399215,0.6600770871927739,0.04658893474888609,0.16636284374450933,0.10014153844117693,0.3101014688331766
Belgium,1.4560677250211427,0.13691915021459614,0.5114873641203596,0.06139201608812736,0.600675143552978,0.34076302817573406,1.0,0.222728165418615,0.5199141230232568,1.0968593724314717,0.12097355755320705,0.24339598809308283,0.09604735824223781,0.10336482755877158,0.27484534563268054,0.9909046930183467,0.08882306492786035,0.3031616162426086,1.103478664722128,4.751932346170578,0.18057894765532367,0.7295515581037602,0.33068935910575914,2.7687012840081873,0.5170355800699274,0.42871948057076725,2.3396491501081673,0.2337559990091407,0.3944207160520681,0.5769726858659772,0.5529705346145652,0.4913802089050043,0.2096933641346465,0.25490165744218846,0.34038584556741963,0.36635917333978263,0.565999913027446,0.650211399514443,0.28424338919600334,0.17493008075566757,0.19526477540856826,0.10522800837333585,0.10406342122153386,1.7324524619310457,0.5300709773307477,0.17825964642646194,0.11504342370370871,1.8305569395135157,0.9908008815633553,0.8135149827663921,0.10167201415100996,0.2656378999152696,0.12839993037833788,0.3356196955640424,1.1840920539667081,0.6639013539598615,0.27745065829861926,0.1492896086546519,0.5105841837503375,0.2694138194168424,0.0762889783563413,0.2098004527393928,0.1653005986217918,0.41593832129095465,0.21996881907521507,0.43763202935926043,0.5080473610200965,1.1402283200796537,0.13273640113560597,0.23470380793397635,0.11016319815789127,1.0741495071759495,0.08124756916276868,0.3012883363982056,0.23669869414629444,0.06551106201701384,0.1599109155380874,0.2571763790237155,0.28422368821085375,0.15378049299883323,0.39364044123784137
Bolivia,1.5502697329348047,0.4003886829009779,0.5411603958041923,0.33332471097525773,0.46495172970391424,0.6498665546952042,0.222728165418615,1.0,0.722165420300386,1.6159368376458185,0.28204195219260525,0.1984363071801445,0.39001938066150127,0.1957832587846413,0.0742194637424759,0.7456305946661979,0.22813563899269446,0.40570840229347327,1.2156382574791633,4.103889547510155,0.31946687849122923,0.7825568688782323,0.7051891225831612,3.0700329311643144,0.7578403775890473,0.8166582676622811,2.0408665631021092,0.5955454868250583,0.3007403417091746,0.33480640957414154,0.18579559434977216,0.8342921873176125,0.09813727494442834,0.1277681352950186,0.319522275809368,0.7489804819550264,0.9478925794263761,1.045905062759202,0.6079529339536893,0.42273550123340475,0.18556536726484757,0.30066911116937534,0.23800636867425615,1.7684517122938188,0.7958686764109819,0.1663135194209681,0.32074818822737466,1.2353098981488815,0.4795430641105462,0.43408143480339084,0.2686211771942806,0.2880051443455628,0.33460817855819147,0.664229255971728,1.4724616225874396,1.1107754123767357,0.2911667745972071,0.16425031278400917,0.8036826273496017,0.09165190621124936,0.24020379408316736,0.2776559981883869,0.519436088811298,0.7894536856419644,0.51497418368372,0.5873194467689781,0.25952256377183436,1.6419492315550872,0.3842594791227405,0.4740932780566883,0.43430784806634126,0.845076671151056,0.36156228105198024,0.12913571445263913,0.18969189236651693,0.2675540737829325,0.12374551061703437,0.5432555963466512,0.6968864994462387,0.42437285351046805,0.6728002837602136
Brazil,0.6129402391427682,0.49072871497492354,0.4254629676426704,0.5364513338135805,0.8363068250705004,0.33132841355755416,0.5199141230232568,0.722165420300386,1.0,0.6011231594749467,0.4771083635724884,0.6576646001576991,0.37031823289621635,0.4956180289761475,0.7529449468826639,1.4257500605871536,0.516785418268011,0.25409682973538755,0.5838583700706661,4.612618485860811,0.43244297785527663,1.158047609615424,0.3576667907858393,1.5091044850444564,0.15761490886458374,0.3327582716384908,1.9789461116450924,0.38325461846611175,0.5295733942799489,1.3225670105326146,1.1109899782625892,0.2639362875431377,0.6886699870847222,0.8285515304244193,0.8053676161527556,0.33135235382466777,0.28707184795197005,0.2460799851461701,0.36082953832429954,0.54744157480049,0.5888038840227062,0.5433580252084951,0.49018441745319796,0.9762955802957645,0.751835071365544,0.6942960654018916,0.5128705112793933,2.494639567282867,1.744343312873364,1.5227420513501224,0.5382055861495004,0.49714809072797594,0.40211836597082506,0.5657218611361331,0.5001874014860588,0.348396113248048,0.44680124860379866,0.5114752520867287,0.3290890496699078,0.7468389593613729,0.4907896566771045,0.33073834878147446,0.5077510794055216,0.3417145843360066,0.4085121293016598,0.4476319637164734,1.204799702385352,0.558145652362686,0.43483862463421585,0.4601949171462284,0.48323850545650904,0.5997235510496864,0.4635063862694938,0.7657950807539131,0.6523026915084043,0.48282894821305367,0.7056372903499417,0.3473730112988025,0.39350977544376187,0.43365967397999106,0.5846726196609897
Bulgaria,0.3745112313598006,0.8832548140739761,1.0447843078596408,0.9890276968001784,1.8420371539684461,0.5754158668170163,1.0968593724314717,1.6159368376458185,0.6011231594749467,1.0,0.9330830674478525,1.4067517265878653,0.8360669728076547,1.180462650289508,1.5883793833617301,1.3261940996573043,1.1109247280238013,0.9246098179261063,0.7179163223528218,4.337330204782513,0.9851167808623912,1.9227834171733524,0.7018614568681073,1.4333570534879279,0.5230576388827489,0.6450091850811475,1.4732191434945963,0.6779321797293988,1.22543041824316,2.2484934679404036,1.630922008311045,0.5469182886062035,1.5648258022319905,1.6601266669477424,1.0113896236358173,0.544247405120206,0.6072681708507033,0.42998626421734926,0.5719403912136615,0.8846919175793424,1.1448580798231978,1.0535287080053686,1.0985015777057694,0.4938256097488155,0.514762284125857,1.3144178228980559,1.0003000038063892,2.7996582964057057,1.8204330658271801,2.0089323307676588,1.1327572447181489,1.2995319524465785,0.9029289281194528,0.6778977220992045,0.3948507829553123,0.35832128974511535,1.1736071815525195,1.2612699401025866,0.769289102482069,1.702586409504796,1.0739815237655144,0.9109795746732595,0.827415305202598,0.47086254888196566,0.7217811491751899,0.9488546950646364,1.2963792473651032,0.5252234319083882,0.9718784923156827,0.7668325093988115,0.8431706770375604,1.1461859221182007,0.9295781822494155,1.5385980519568707,1.4806249656481185,1.0725572350246817,1.430093662073062,0.6376702882179295,0.6923741662831345,0.762192286759666,0.7711132496037558
Cambodia,1.4478197311811114,0.14921496100952591,0.43576149817386955,0.13917417647822206,0.745472403683662,0.2011624218841428,0.12097355755320705,0.28204195219260525,0.4771083635724884,0.9330830674478525,1.0,0.43434348965059105,0.11989916134608397,0.0988328416583917,0.4221446139759354,0.9402412757817663,0.11166808201437603,0.22894957034423408,1.1710634450033728,4.891675655961561,0.20364266850121093,0.9067746373572745,0.2870505306201838,2.5576884002419975,0.5066767398084817,0.36981183860733247,2.2459768908704425,0.15410350243253965,0.24583660442023425,0.6377037694839784,0.5700568509740644,0.3442305001105717,0.3048783155824446,0.34745770633071216,0.504541799213879,0.30056789940835105,0.5375390698659869,0.44980543377697857,0.21921018208089804,0.25247611013351895,0.300162104194242,0.18987409221303003,0.08087314734446766,1.6004722140668142,0.4737385503424225,0.26087791803011084,0.12723948026476092,1.9602111756718812,1.0376874181695188,0.7835441800841623,0.15102578843433756,0.24542072716578703,0.0951917060236526,0.31778025084871536,0.9526838976236129,0.6359332905805484,0.20392267391612687,0.1910937430389235,0.4447763635773218,0.43348965842548143,0.15519712253410284,0.15685137819597483,0.17508856611233062,0.36233862169468267,0.16912328864787346,0.5000728732496014,0.6038257002952767,0.9758795874050825,0.2026889358875739,0.1546771418846166,0.09897255386560813,1.0870865615580487,0.11998960455656407,0.43078088179086155,0.4085068325733169,0.13848298041460025,0.2498634387133389,0.16672559081730604,0.2611116996085744,0.12958320259899755,0.32830471777805625
Cameroon,1.4145672597052508,0.42835582117904564,0.4584060617421739,0.3388530532705636,0.545651194566583,0.8486190437281883,0.24339598809308283,0.1984363071801445,0.6576646001576991,1.4067517265878653,0.43434348965059105,1.0,0.46616815830712194,0.3173718212567146,0.15987338708304594,0.8843794923414776,0.2505273184497595,0.34097911765434863,1.1226138259934257,4.215461698667937,0.23088988441330932,0.8416030922969352,0.7264001758820708,2.907329327915224,0.6689744940748059,0.919986290949372,2.1648639246746484,0.7176564327796314,0.3689148919932489,0.4891715636071249,0.28301384188351164,0.7093221282283344,0.11327791609917565,0.1768582147752786,0.2499031936480192,0.8232674548632758,0.9232018549975708,1.056855673639888,0.7523491477380766,0.4085761299402445,0.1458893792093176,0.2375886127283987,0.31304707182888,1.7077748431457243,0.7068834533058536,0.16756031657423465,0.468811657613455,1.3236803330148932,0.7632008429862143,0.7107472065907918,0.23918478929670065,0.23696930721845513,0.45501855960853743,0.5981362233026517,1.3593873521114377,1.1078464133541146,0.2980874979063354,0.2181433658073208,0.7115378811621071,0.1538354872803758,0.29156037290713066,0.2465518199089846,0.6410686371432837,0.7489289552397351,0.681572881500537,0.5311004279195024,0.26200615244526826,1.5114296360766035,0.43360150170804623,0.6244846935068074,0.5551510299547763,0.9559873657654483,0.44620466987844953,0.16489187408647515,0.0946549126894545,0.322362698826264,0.07637699206248172,0.7210647883015362,0.6529585981049454,0.5987133075213696,0.6728476066090128
Canada,1.4117075202191138,0.190532362063539,0.3982457024781708,0.10411064263640948,0.7674988066046826,0.1829032398535153,0.09604735824223781,0.39001938066150127,0.37031823289621635,0.8360669728076547,0.11989916134608397,0.46616815830712194,1.0,0.1039020177284706,0.4900635600680025,1.1251098913223467,0.12720604878920794,0.21348344084709292,1.092548954856182,4.903793667774032,0.1870635932458625,0.8369243093057797,0.2426378681894403,2.435281883023728,0.40179824560331734,0.37106443324993277,2.2735706728327307,0.1499612033826383,0.3575562927372994,0.8174793369858704,0.7853841210918879,0.2468947984397851,0.40918488869407227,0.4829267702527291,0.4889220220857828,0.2714633221123979,0.45850724370998563,0.4312793250599535,0.1828063447238757,0.20409264983812814,0.2949831300122577,0.20477891388371175,0.1477601257447034,1.4555652866724444,0.5194458590915751,0.3581379289208052,0.10775778099616204,2.0869818346383715,1.2322786084868431,1.0507325728534302,0.16756129056836702,0.2666490618547931,0.04523980680210232,0.3064257567270003,0.9446961548882162,0.5249340191806033,0.2409860698012073,0.22682083655678223,0.37510720320287255,0.4844688377314692,0.10594481455739777,0.19943955046158512,0.11977274929383547,0.30190901233404754,0.17365172439483212,0.49383085579081837,0.6957372479782996,0.874038763986775,0.12334567457995646,0.16764192950705148,0.0783227547581318,1.050162085957334,0.06228465592461788,0.5265262042976935,0.4458293967558124,0.09715640772091697,0.32622961808144596,0.1860277912426612,0.196199560959064,0.1422485302538111,0.3735058148257966
Chile,1.499727993858636,0.23447418799636513,0.3826211550383859,0.162037030267199,0.5118673862274666,0.331649406254644,0.10336482755877158,0.1957832587846413,0.4956180289761475,1.180462650289508,0.0988328416583917,0.3173718212567146,0.1039020177284706,1.0,0.21818887176638965,0.7168057461509352,0.1072716425851343,0.29622492274966894,1.1498921924002725,4.505427401829187,0.1772137628931623,0.7444402839454343,0.4309057024171815,2.7048036130966433,0.5556010181857146,0.5333565094826589,2.123393048649388,0.29521586576897596,0.15831052326268957,0.4595697538029586,0.35773837684298526,0.4674799060523599,0.19505260545136324,0.22118638485922645,0.45673048798754357,0.4448229525280842,0.6665408142206751,0.631861819469709,0.32481943621011766,0.23336385131680124,0.2484509943261747,0.17713487263506672,0.06979823498341514,1.7581265107338095,0.6025716332829537,0.18135366080114035,0.13188030727085662,1.6170128313489087,0.7183216114208633,0.58163071793488,0.13071800894116836,0.1803300859816306,0.13715836726206182,0.4076693336768794,1.1138782981533857,0.7177311163939653,0.1640407941966583,0.09259720482040318,0.5341913114302854,0.21244801191938556,0.0844246230682916,0.17281811957430895,0.25832247761488614,0.5080016507351035,0.3046927291638071,0.5057599028756765,0.35610288846286187,1.1736612045053603,0.16637165194926773,0.2565440985712295,0.15408196929528348,1.0260130598480084,0.1385323171863301,0.3523783126647201,0.2842139678627661,0.10311310042822391,0.1451632356861105,0.3199533427855794,0.3849664982528255,0.24635559493095263,0.45371921202301546
China,1.5270680173657536,0.49094543981352906,0.5444961442764702,0.39490340056747575,0.45985072681943256,0.8428672701299031,0.27484534563268054,0.0742194637424759,0.7529449468826639,1.5883793833617301,0.4221446139759354,0.15987338708304594,0.4900635600680025,0.21818887176638965,1.0,0.8073777337088696,0.2694032212640309,0.45681058609768144,1.2375803521251063,3.9978677976440555,0.35610692920013093,0.840468373397282,0.8507680412506718,3.078896195806229,0.807702552633843,0.981244155952148,2.042016796346644,0.7384729996850854,0.3411311301797903,0.3778861603490707,0.17670559301526828,0.9315990413821409,0.09452989451025237,0.09490231078072012,0.28899422033030925,0.9070629465340047,1.0713517675045412,1.2254485473616648,0.7635934538596297,0.5777407609487657,0.2078562128366038,0.37242452760396355,0.31450239777601124,1.7756157518669227,0.8275291157583646,0.1813918185481066,0.4241035435327759,1.1793139305100535,0.4831653430545271,0.5208844464188709,0.3268386409001561,0.29746763024770084,0.4399239809104408,0.7902698887630781,1.4821848375555768,1.248994955891236,0.37948380114662805,0.24013150498148247,0.8670800818053859,0.08639973344182855,0.3400887448097336,0.3510862400537108,0.6447516458651722,0.9005686087466147,0.6417577540454378,0.6271838155975555,0.24294950670590734,1.771956607038649,0.4693622893293158,0.6288843467031832,0.5387748770672619,0.7784446056573361,0.4543361821126267,0.12242802398151811,0.16259545584424318,0.3581866030594064,0.1183442913400555,0.6811738593322387,0.866811852913818,0.5317495024511744,0.7165468531957507
Colombia,1.3594601471101315,1.1831293293145348,0.9360667943928644,1.1408305789359696,1.2090259918984294,1.399924196130762,0.9909046930183467,0.7456305946661979,1.4257500605871536,1.3261940996573043,0.9402412757817663,0.8843794923414776,1.1251098913223467,0.7168057461509352,0.8073777337088696,1.0,0.9495771881689574,1.0294499232091148,1.8347207793913285,2.9580812340784757,0.9855368084972091,1.544016142733682,1.1941738764543648,2.9317220338632666,1.4337644876670108,1.4215542847394778,1.728411460402318,1.285159944520241,0.8176462045210023,1.0088330609932368,0.8463597655662336,1.27754879951804,0.807414226619547,0.7744022790571352,0.8815402728657336,1.267463079263409,1.3619715940352135,1.4176985345436872,1.3457295652161037,1.1350263593847885,0.8517535768131311,1.0080949006321758,0.9345663333658318,1.5837395683692301,0.9779082795834404,0.9162797605999601,0.8678612883227712,1.6143337157358006,1.0263323420637696,0.9778631385734238,0.9463999728148293,0.7953708705925132,0.9742638061694164,1.141246807975689,1.8059218576054874,1.2647906896538677,0.8499346286013545,0.809998300517921,1.1902351421113588,0.813034007496855,0.9655837560336904,0.9168117888416054,1.2634645394920083,1.2206462756215777,1.3151005389934285,1.3534086840315074,0.8374811584041297,1.6746183187035442,1.0618893578307185,1.2692557206777844,1.2374232297879717,1.352000393772081,1.1404554393828028,0.8288825759612536,0.8572873980819145,1.0183303410591285,0.8081272212988837,1.3435038553633267,1.2000480402088574,1.2055549222229835,1.0116747509917097
Costa Rica,1.4245534905370472,0.18033924278142302,0.44686088653318834,0.13415380322361786,0.5914239614632323,0.35550975355761283,0.08882306492786035,0.22813563899269446,0.516785418268011,1.1109247280238013,0.11166808201437603,0.2505273184497595,0.12720604878920794,0.1072716425851343,0.2694032212640309,0.9495771881689574,1.0,0.2803455004510441,1.1217130396915773,4.664164102191217,0.1527582634125868,0.7757718957078099,0.38017760711839865,2.7604780918492944,0.5245763475952802,0.5162296435323852,2.2730050378716053,0.2883930808696522,0.3055867775979011,0.572760973812454,0.47901784796275915,0.42691199485327236,0.23001206563781276,0.248478976255661,0.3449604927837065,0.43468121973693374,0.6158931060175463,0.6780050523112289,0.3436408235316778,0.21212045066422258,0.16239102099023917,0.12338188564778901,0.09297398299816925,1.7197298436068367,0.5381344706700489,0.13702372743668786,0.1412365424464463,1.770543439179449,0.9482891977213515,0.7735686772907033,0.08689591136920258,0.24596714267020928,0.09963637077372711,0.3477794341614011,1.2323846964085376,0.7464646642108504,0.21353662633277762,0.12638533063195842,0.4794876576708672,0.28420755465054975,0.06785138194657242,0.1796033349885333,0.2433170380893285,0.4292804093019489,0.26477031661789896,0.46907225246430834,0.451372888367977,1.1655806827224628,0.14926051765484566,0.25907081257506615,0.18482497065455214,1.0837712708651739,0.13843923222264334,0.3132001329794666,0.23112027167327515,0.09740793610214882,0.14880390693503787,0.28958027325228625,0.32422580656478495,0.19758975951121965,0.4329930436360446
Croatia,1.129474877595245,0.36975441426097166,0.3017999488026164,0.3823111606433106,0.6813243120207368,0.30090666208588124,0.3031616162426086,0.40570840229347327,0.25409682973538755,0.9246098179261063,0.22894957034423408,0.34097911765434863,0.21348344084709292,0.29622492274966894,0.45681058609768144,1.0294499232091148,0.2803455004510441,1.0,0.910254550550939,4.743320377693894,0.24369576828824857,0.9527065275912001,0.3047806564611175,2.1884716176681476,0.3614581440251291,0.3521624825943143,2.1406645652415106,0.3453582758533011,0.3333677102510524,0.9233067293277587,0.7121939007293021,0.22804309279142923,0.39616689776344605,0.538939613857924,0.5189224516604791,0.39301833625449506,0.34305075496535403,0.41879133636628696,0.3099642633386767,0.35352355434251675,0.3265448938979211,0.3175951163592772,0.2783723785690311,1.527221181836672,0.6202026054228392,0.3853537521114172,0.3074260025159897,1.9730656473763002,1.3076221057794406,1.0612570832006754,0.3070303533016807,0.274129741788002,0.20123006293867585,0.5034615959340799,0.8220542603892275,0.6450501285904715,0.2296818905705755,0.26407629471542393,0.2366671943055657,0.44697176766683844,0.23232817850915333,0.14539286464530096,0.4022850679038582,0.30200489582378887,0.33527199967800725,0.31956967071012043,0.7491848208200975,1.0075376709384294,0.27471188194867213,0.3318590548155701,0.36615331163968273,0.6925728267263638,0.3009170974203893,0.4530375141412295,0.34086829023305165,0.2743233270780572,0.4053331620683035,0.31608923191569527,0.3998863992869125,0.3014581083993594,0.4990866789076082
Czech Republic,0.7193167114581405,1.1038048569194239,0.9589699604065165,1.0780859331003114,1.1507478588905518,1.0289947595239783,1.103478664722128,1.2156382574791633,0.5838583700706661,0.7179163223528218,1.1710634450033728,1.1226138259934257,1.092548954856182,1.1498921924002725,1.2375803521251063,1.8347207793913285,1.1217130396915773,0.910254550550939,1.0,4.398159564782491,0.9976466950827729,1.4061008127352785,1.0108322126408962,1.3202912959414757,0.48734699752391997,0.9555127758132924,2.026167964587983,1.0283205736124184,1.1003109634091672,1.681330880663329,1.571567626229388,0.8535234982013047,1.1464052455526232,1.283235130777133,1.2585323685189254,0.88934776802137,0.916995520308396,0.7983337247216337,1.0046124007866153,1.0728498484215905,1.1170665587724984,1.0892603242178454,1.1456511455767542,0.6803154231436946,0.8686436625426945,1.3027606817899975,1.1510273172490484,3.003401007825366,2.045502069406321,2.181290854699322,1.1188015407076792,1.0293668003370107,1.1313782872952636,1.0392994278525,0.194319283984544,0.5900723150104541,1.0141620027338014,1.1095894103102995,0.8838675831989449,1.18362071069789,1.1518170821697076,0.8880443372772717,1.1161953591027394,0.8616849200803868,1.1416896378142338,0.3717384710625446,1.6438619613833545,0.5924066933790719,1.0793690920134618,1.143773657718978,1.1485418993542376,1.0232815471672483,1.125953358580935,1.2902166984768706,1.1031328466169155,1.1354129296843825,1.1926560446411807,1.085704880055723,0.9365451803470577,1.1761543072865408,0.9843125778341328
Denmark,4.416441142808793,4.794554210693077,4.252578654731306,4.751389742083671,3.3383312347526988,4.846241900215734,4.751932346170578,4.103889547510155,4.612618485860811,4.337330204782513,4.891675655961561,4.215461698667937,4.903793667774032,4.505427401829187,3.9978677976440555,2.9580812340784757,4.664164102191217,4.743320377693894,4.398159564782491,1.0,4.532637617685829,2.9882067033779283,4.86305105079928,3.9657230931194016,4.606057122444833,4.860118521894923,4.086211723879197,4.915406669070154,4.386487414893626,3.1266771739528076,3.648442790981356,4.796208143328727,4.113143462974567,3.928770113496908,4.02414921940393,4.81436168705509,4.834954466655525,4.762497302697689,4.8357029964443,4.623313572194021,4.3717744666036475,4.501338491439672,4.739069702722715,4.060448742309997,4.45231394238327,4.325884365882749,4.510952365274679,1.719014805328356,2.9106309073777843,3.020145707899562,4.539475633165695,4.24276112760135,4.895121566025064,4.673555691916253,4.435015057297281,4.5258260301011335,4.410453809390882,4.484844611055028,4.809434475054314,3.8959389352684397,4.7612532370726,4.517672102306993,4.874133824288596,4.750212719100341,4.931688217182391,4.180565731374024,3.676960416164542,4.346364111334321,4.6565474534000835,4.851110835164018,4.923389272735854,3.7258833588274323,4.869117192270548,3.8827998269273993,4.216697687742963,4.779863800191479,4.325103056124911,4.883903948465319,4.8204200829386155,4.939327033749052,4.470086114083173
Ecuador,1.16447289126524,0.22297069018801335,0.443354511889833,0.17989614727454484,0.7330242265809584,0.3358060168551681,0.18057894765532367,0.31946687849122923,0.43244297785527663,0.9851167808623912,0.20364266850121093,0.23088988441330932,0.1870635932458625,0.1772137628931623,0.35610692920013093,0.9855368084972091,0.1527582634125868,0.24369576828824857,0.9976466950827729,4.532637617685829,1.0,0.8345585077069863,0.3809062828504731,2.484192904913683,0.42063223101934455,0.3710573696180478,2.1972471886625953,0.2909810908257766,0.2812434883950404,0.767384079009952,0.5322775086742577,0.38208018300144186,0.30157843678094154,0.38579110500879066,0.27504813611032586,0.30885810841534056,0.4316394625395352,0.5487743493711635,0.25760977966604975,0.11448737930300215,0.15360552049573553,0.10742635058409292,0.12298839903680453,1.4978303612054902,0.46437606283338684,0.2285248186370072,0.20248887827726153,1.8794315652068871,1.0703547556008786,0.9505209575061946,0.10295829701053649,0.2700825891364137,0.19112201676942928,0.22475560333424374,1.0046928750529636,0.6178350864761262,0.21212887820532045,0.13776886616375342,0.4671589723201497,0.37891695462015174,0.14576236406241885,0.1699722454808297,0.16836219810358846,0.3453669305516598,0.336062316980409,0.42644085051347663,0.4833704826706167,0.9486317190277871,0.11250581836491358,0.20557037881695087,0.2013060021533999,0.9570987317582382,0.18172492072508317,0.3643874644486585,0.24602858810574288,0.16927239417612375,0.2574885586898552,0.3464037439146285,0.20998287435168728,0.30274392525404226,0.3737676152816345
"Egypt, Arab Rep.",1.7839589934246765,0.8053804262603855,1.0604950433825047,0.7453297512071823,0.3590191095728874,1.1032132215370738,0.7295515581037602,0.7825568688782323,1.158047609615424,1.9227834171733524,0.9067746373572745,0.8416030922969352,0.8369243093057797,0.7444402839454343,0.840468373397282,1.544016142733682,0.7757718957078099,0.9527065275912001,1.4061008127352785,2.9882067033779283,0.8345585077069863,1.0,1.0030906708519585,2.9750075776047895,1.1566417450734754,1.0072084148878333,2.5310568476009743,0.9706076341822703,0.7950450714286439,0.6126555711737688,0.9811915627420504,1.1561048196197508,0.8187710343905742,0.8336872679916758,0.8974597832992699,1.0646371052228933,1.0473729562203509,1.230357138856005,0.9967811508923837,0.8720576938260342,0.8898976350773029,0.8098962235208982,0.8273357219317666,2.195970485296415,1.273804773070344,0.8236329361816166,0.8744774006960585,0.9034920002621265,0.7972876559665191,0.8455262054308156,0.8062567216628466,0.8114460256884442,0.8773021047549646,0.9484585959433139,1.518671121786737,1.2472699732752761,0.9507720950222514,0.8179483718201891,0.9894516248504225,0.7809340355514136,0.7992574065982949,0.8940160534941807,0.8835984060664197,1.1236292579341411,0.961936662475191,1.080449216463987,1.0742972695697293,1.8845029993114935,0.8612299056670382,0.9627147212452591,0.8743679530553807,0.6270544378991068,0.8174432656770507,0.7638348870977489,0.8739378620709118,0.7795673612832698,0.8218297208586861,1.0013506734982354,0.9455619928091016,0.941282957926425,1.0572414178678915
El Salvador,0.9308227816132578,0.16582028506759158,0.4777603053083689,0.22703635536957184,1.0042234542898554,0.11978116550525164,0.33068935910575914,0.7051891225831612,0.3576667907858393,0.7018614568681073,0.2870505306201838,0.7264001758820708,0.2426378681894403,0.4309057024171815,0.8507680412506718,1.1941738764543648,0.38017760711839865,0.3047806564611175,1.0108322126408962,4.86305105079928,0.3809062828504731,1.0030906708519585,1.0,2.0510777103532725,0.5518455566825159,0.13091512026549912,2.256058199433449,0.10607713050165593,0.42159948772808875,1.0950998007910664,1.0981161990271053,0.17051479408790354,0.7656321686309366,0.7872504111298331,0.5353497575863372,0.15159987961020352,0.18858445840981108,0.18066042218950545,0.12382240021818638,0.2939101389771537,0.48374551158103896,0.39012973291888076,0.4007975971777278,1.2797431462800948,0.4733814925946517,0.5648425374595266,0.30427094854104364,2.363024142038292,1.5283671805728003,1.3160668505802353,0.4031085417654945,0.5015733803835956,0.2715537744701212,0.2911961851956216,0.7154190784155238,0.4260332216569903,0.41127392469496216,0.5426939251065339,0.28679557580260595,0.8519855775075861,0.4029285642126451,0.36761052970683883,0.1727939077449111,0.19983220787625652,0.1306853332273867,0.5433629913269521,0.9553961411182136,0.7524830891688581,0.32901337521024343,0.15854268964831605,0.22346635718296787,0.7287038315521045,0.2595810557504097,0.7645634437790464,0.7561492480778413,0.3336473477029271,0.6309913738668814,0.12201838959752204,0.15141726797572821,0.18683009546681062,0.3317625891476915
Estonia,1.408598151147502,2.571870101628685,1.9853684506793992,2.661604044450278,2.8170295172441486,2.099910505788852,2.7687012840081873,3.0700329311643144,1.5091044850444564,1.4333570534879279,2.5576884002419975,2.907329327915224,2.435281883023728,2.7048036130966433,3.078896195806229,2.9317220338632666,2.7604780918492944,2.1884716176681476,1.3202912959414757,3.9657230931194016,2.484192904913683,2.9750075776047895,2.0510777103532725,1.0,1.4884910343041169,1.9989895025011601,1.341654893561746,2.24212281620217,2.55321815860247,3.574608786009212,3.4011533288398965,1.8547494046353363,2.979945052823041,3.211595976866574,2.8938477472439788,2.025008562010431,1.8586750047303389,1.7016566363197785,2.0804559462603827,2.4361281999976985,2.7036181119292784,2.6723207796304878,2.691212862972621,1.4624271056221678,2.0268065911054878,2.9795475829723235,2.6359956168366887,4.003645967930328,3.633826940253419,3.6957325491265056,2.6968106116542407,2.626343969361073,2.5326195784831937,2.1286500209698413,1.3360681055019663,1.6578576820550903,2.5614542612465963,2.7560571156553006,1.8708535925014131,3.007560147360445,2.6695113352488073,2.375733371286788,2.4055712899306383,1.9369290866097426,2.3397819658744052,1.7732073914393014,3.285616826710746,1.0357330218697438,2.545533201813928,2.374479644253873,2.4878922696325123,2.115443398160041,2.566568892570303,3.1326871101617018,2.8621652964877473,2.6657333462774533,3.088176969875367,2.2401194115807277,2.0975121091629934,2.428477827531672,2.2433997284613367
Finland,0.6897224999426347,0.5063060762841781,0.4608801611785953,0.5120752011502633,0.8570744624577695,0.43093520208821223,0.5170355800699274,0.7578403775890473,0.15761490886458374,0.5230576388827489,0.5066767398084817,0.6689744940748059,0.40179824560331734,0.5556010181857146,0.807702552633843,1.4337644876670108,0.5245763475952802,0.3614581440251291,0.48734699752391997,4.606057122444833,0.42063223101934455,1.1566417450734754,0.5518455566825159,1.4884910343041169,1.0,0.4564224615904963,1.9471998160488666,0.5154125807384206,0.570437472897954,1.3492833338973258,1.1617873688158267,0.30629479562850304,0.7032124884993546,0.8857891937503475,0.7883371074404071,0.45687679407156917,0.4017849628606981,0.32571749670025746,0.3750092519147259,0.5078516260780723,0.5760700208555471,0.5444891562937598,0.5425052886674591,0.950606292642772,0.6652412192919446,0.7607548192640348,0.5106315618256645,2.609620313660691,1.7001869692605016,1.679346591413343,0.5184701290664031,0.5235467227320119,0.49038205192530254,0.6085682379320623,0.49422562865760933,0.3504292457604755,0.48235837617285504,0.5157920040494155,0.35534030962392915,0.7858796827557281,0.5203571294066882,0.3617682559421749,0.4897465532445654,0.40745045536713775,0.5459736321363555,0.4173989368428268,1.1900638746688208,0.5640645205690025,0.4190184962929778,0.5114657668680553,0.48587200099199357,0.6973861091717465,0.4452631316549691,0.8339342543765804,0.660298486836928,0.4929502302989563,0.7197949917363456,0.49856824166208324,0.4763477261665421,0.5193657677908687,0.6174822630316177
