Country Name,Albania,Angola,Australia,Azerbaijan,Bangladesh,Belarus,Belgium,Bolivia,Brazil,Bulgaria,Cambodia,Cameroon,Canada,Chile,China,Colombia,Costa Rica,Croatia,Czech Republic,Denmark,Ecuador,"Egypt, Arab Rep.",El Salvador,Estonia,Finland,France,Georgia,Germany,Ghana,Guatemala,Honduras,Hungary,India,Indonesia,Israel,Italy,Jamaica,Japan,Jordan,Kazakhstan,Kenya,"Korea, Rep.",Kyrgyz Republic,Latvia,Lithuania,Malaysia,Mexico,Mongolia,Morocco,Nepal,Netherlands,New Zealand,Nigeria,North Macedonia,Norway,Oman,Pakistan,Panama,Paraguay,Peru,Philippines,Poland,Portugal,Romania,Russian Federation,Saudi Arabia,Senegal,Slovak Republic,South Africa,Spain,Sri Lanka,Sweden,Switzerland,Tanzania,Thailand,Tunisia,Turkey,Ukraine,United Kingdom,United States,Uruguay
Albania,1.0,0.6440335425509762,0.8812629943403615,0.6907387842510021,1.1312186218059332,0.5999125350417837,0.7224527700601943,0.9211507151611251,0.5223832537386601,0.3607831095710338,0.6896147616637904,0.9494092313527087,0.728115737753599,0.7623646629313644,1.0118767771790074,1.4089611345151438,0.7683427591374592,0.7735149705361222,0.609093748828636,2.3633028228895356,0.8125835151415053,1.2111650681690416,0.5782021981028335,1.2238319614847373,0.5697279221867777,0.4820588526861601,1.0192309770271002,0.6084535402862783,0.7831009194761601,1.238777070270723,1.0968968043731682,0.5018159510672189,0.9667708766576891,0.9835517816583398,0.8759796603197127,0.5536655685810661,0.4237893820214472,0.4677133231900508,0.58466424414549,0.6994446061688,0.8859271543088331,0.8080660541266239,0.7521889301100085,0.3582617672772081,0.49452341244067327,0.8722101630152699,0.7246350805597749,1.7328117599353814,1.3388816059157818,1.2739734141669825,0.8071421952964497,0.873659101101709,0.6975699827319003,0.5039563276894781,0.4761840512255412,0.49465733751998725,0.8331024200183889,0.8432448266465785,0.4255111854622437,1.030209055612702,0.7774949351530374,0.7957095357721132,0.5932583370630952,0.5289158186625122,0.6093691752173082,0.7424308702225851,1.0730290083968403,0.6276212916503919,0.7462565283326033,0.5947987587414937,0.6666313118615553,0.9844530895904849,0.6951025869903996,0.9884431280703585,0.9591486197706107,0.7500358291201004,0.8828285389971195,0.605456224813365,0.5601717914745402,0.6301611211936738,0.6526096896716224
Angola,0.6440335425509762,1.0,0.4518153956141209,0.06670921233456763,0.6083479490082032,0.15510364649309727,0.10459588109218027,0.3335549864078577,0.42964206144363454,0.6212976341561323,0.13681040927093596,0.33172175347101585,0.1397000617439041,0.20209630739341064,0.4054232334821822,1.0068276054749974,0.14949360762772768,0.2823025047137364,0.6556970845764466,2.038192918288457,0.20645447257430022,0.7504764975865742,0.18105632094285332,1.672003057139746,0.43881395682157476,0.192462235416687,1.2166705729339546,0.1044824498333603,0.2882072108515076,0.6689674316520984,0.49904418022875613,0.24029188673504406,0.3587988398741355,0.3777049402155088,0.32915438029284333,0.16933322126488087,0.24511075348313668,0.26118851082616307,0.168031718227717,0.1554525932966497,0.2684828273966674,0.1830343702467987,0.15796167894130184,0.8899887628219542,0.42352804102076674,0.27932832843212735,0.16311376026111155,1.2289877911960974,0.7610530460068439,0.7113526995416516,0.1810202620783462,0.3150374281797143,0.12942337782928517,0.2706115534662737,0.6509250623607037,0.40360763718131154,0.2918897943010587,0.23465805638388712,0.27835406961614995,0.42617582683318633,0.16452341237737647,0.23855500713860664,0.08160087396255856,0.2277869944556191,0.08556666501105331,0.4772257320903877,0.48652401205376167,0.8372266161758444,0.1496043099008093,0.11487119698413459,0.07252476315239613,0.5982084536908995,0.09074386438157167,0.3996696373178875,0.33936233618254624,0.1320600977438741,0.2763482012157069,0.10409295543344475,0.15385479201394706,0.08456111944226882,0.27142569693241964
Australia,0.8812629943403615,0.4518153956141209,1.0,0.4653066588161949,0.5558361456338098,0.3979270034878588,0.4441009957959817,0.4937725498660189,0.46260394408458255,0.8137128258345889,0.3906159642583156,0.4795950749667128,0.3966208940881102,0.3798689546332545,0.5251795536510409,1.2312858408614547,0.3980836371233533,0.31424669520069665,0.6470843836597321,2.2088664779158647,0.4618683027971024,0.7566043459443609,0.4619469397963034,1.7661851756178708,0.45943608901579924,0.4908672906074422,1.3978661953335079,0.4521076116819809,0.4030114984965399,0.7348984654432521,0.6333116142991418,0.45878693125705466,0.4796417187680517,0.5117403417221784,0.6285303169337416,0.4641945974244742,0.5185316508397105,0.4935546776920654,0.46949665459527085,0.534799891155304,0.44177545177107913,0.4700662842049127,0.39927881134874327,1.1052794674888669,0.7571430841929397,0.5492405554969929,0.4159276631629381,1.3495563266318316,0.8811889525946703,0.8461888392088361,0.44116603162961743,0.34740867276258736,0.3797355820627135,0.6287032948366204,0.7048401850303744,0.5514398786083495,0.34999198572658874,0.3798060103597409,0.5287914870638294,0.5021462120615389,0.3988103838593262,0.3845124155081076,0.4893235397887643,0.4720310093593192,0.4340162126752871,0.417687323157599,0.7022529460918507,0.9720287774864825,0.41172802133383735,0.45599217648456764,0.4436401924972574,0.4716694018635613,0.44038904580318405,0.5694779501270382,0.4429601329462265,0.4032990763943828,0.48185419805684643,0.4296799951004298,0.5095372887885101,0.41868231655799815,0.5731849989739944
Azerbaijan,0.6907387842510021,0.06670921233456763,0.4653066588161949,1.0,0.587886115625313,0.19799641761248216,0.06895899716677635,0.293094590404081,0.47790731051370006,0.6676241660105893,0.1443395376730377,0.28798174282532035,0.12704234854326607,0.19637219414034834,0.3603234868906619,0.9830703884250939,0.12589409727622028,0.29348315419796,0.7043141561702477,1.9942764580914034,0.1653731238304626,0.7257006899776114,0.21582032288342315,1.7180701792240398,0.48394033901413713,0.24386145322014616,1.237386605787551,0.13199722008394044,0.28860679088734276,0.625627958222939,0.4521977272206244,0.2895710649835699,0.3165715632047191,0.33621144378157286,0.2757619401276471,0.21562184279991778,0.29632112160161,0.3100628457476353,0.19485793000977344,0.12151907227279674,0.22185616181331136,0.1357717985297558,0.14178892682737698,0.935877262369206,0.4451256377469089,0.22631947857072016,0.16337290128982773,1.1777055166190882,0.708810359255749,0.6614250712159552,0.13333748937710568,0.30304112952325396,0.1390818498991898,0.2944416208485928,0.7032313367111606,0.4516203986823574,0.2863960993602166,0.2071610974061381,0.3252139620899298,0.386100803961342,0.13641896288831973,0.23029321145137807,0.11214358655806526,0.270305706968674,0.12483581246578108,0.5181256121167285,0.4312313041270266,0.8683440392203042,0.13201423614852986,0.14594639960797984,0.07595471068302995,0.6082590482335419,0.07180647820159801,0.35504375897326385,0.29925076100203285,0.10869185241926774,0.23224287304225774,0.1430100882407203,0.18357642782752062,0.11645064979986659,0.2757663775255589
Bangladesh,1.1312186218059332,0.6083479490082032,0.5558361456338098,0.587886115625313,1.0,0.6469991280346526,0.5449187770803137,0.3617762020238829,0.7479126886486684,1.1590168619614298,0.5184632158805944,0.4325553894826316,0.5351555977108421,0.44715165521700306,0.357247317463498,1.0747407528938469,0.4994597741430397,0.4890835100565763,0.9952756776984176,1.9562262395998802,0.5434090316667736,0.3102884152172052,0.7035149699842944,2.1344711598996207,0.7645931002991021,0.737890532347855,1.7399315982800005,0.6549628934436008,0.398050550887393,0.32692585755494036,0.4344628921136543,0.7149866223120417,0.36067205944082414,0.3538930906446574,0.652666551535032,0.7109243645753212,0.764228568302621,0.7815740036752319,0.6746032339600568,0.6522020297939152,0.4499211334481539,0.5501475262472718,0.4686008683303215,1.359984150055972,0.9764596759923639,0.4994334650833431,0.5034885059435777,1.078876559858552,0.6504609024403954,0.5626237967172751,0.49992345870279675,0.3487567226322797,0.5480457322884822,0.8461595639928637,1.051559045786123,0.899330096072439,0.3492936946604039,0.4275985130058019,0.7646393247840207,0.3056233100157619,0.47930177479683495,0.43221114283504475,0.6658618074256467,0.7266204180235422,0.6326839970705204,0.6864284516094287,0.5270919525744895,1.3190599493489874,0.5863058984802441,0.6435493523474168,0.6005201028223118,0.40152548090113815,0.5711916510951192,0.4546554902613186,0.38446287480520536,0.5127303178857031,0.40742826251115066,0.6343267124564673,0.729228817968715,0.6037730757377496,0.79516952813626
Belarus,0.5999125350417837,0.15510364649309727,0.3979270034878588,0.19799641761248216,0.6469991280346526,1.0,0.2150749614828473,0.42331801037894307,0.3121187807569511,0.5550220355804437,0.16599652843127916,0.40711770542334785,0.16498936756865412,0.2460173652788111,0.4839084595973607,1.144899656956728,0.22589659690341227,0.23069296735549488,0.5423594794015035,2.145964740630828,0.27591763596679286,0.7997140362124591,0.1415780070715152,1.6013600172784614,0.31461392839280933,0.13187539609627755,1.1780415426396689,0.09556679260197118,0.31701193376706144,0.7601526359303299,0.594840701906192,0.15596011159427678,0.4336344701266594,0.46775685422298274,0.42785003687552037,0.12009930695098432,0.18277612528858114,0.15539216345965784,0.1152826220466592,0.24483170735967075,0.335773774288885,0.28051950649653445,0.22310121409417394,0.8605134878248797,0.4388714981679681,0.3944272215236356,0.20842290270135427,1.33062594011569,0.8631172434669127,0.8061596479598632,0.2703245574585512,0.3359049448903042,0.1481652497203671,0.30219707002865814,0.541611736144245,0.30355825920191537,0.3065963829991156,0.28925998523965857,0.23890286351829867,0.49424930082642166,0.22914743180370678,0.2587832216562993,0.14911669380058531,0.15462304492650372,0.08527122046910253,0.4027739799718974,0.601647065197718,0.7651791967140412,0.20156366818879687,0.11704989777984429,0.14616748192351958,0.5727335727712478,0.17049482864657642,0.4870664355877675,0.40388607928150083,0.20933248247051356,0.3720868051172493,0.07361004080915576,0.16508429808585492,0.0974342641528989,0.30012705145074564
Belgium,0.7224527700601943,0.10459588109218027,0.4441009957959817,0.06895899716677635,0.5449187770803137,0.2150749614828473,1.0,0.24559116275171314,0.47918590472426287,0.711445965650742,0.11304842948438217,0.2462239135314347,0.10630476640792016,0.14305464147325944,0.3160849585884421,0.9885425931022686,0.08540018584094496,0.27881157137458973,0.7220290993564846,1.9804217186224315,0.15496498874354592,0.6891917507588377,0.23014951321037008,1.7449107917662354,0.48884809686995423,0.2734765546181771,1.2811394466472905,0.16319743462831274,0.24680937771644845,0.5862882484906204,0.4143025164796431,0.3081298385297679,0.2692065512037637,0.2909488695087541,0.2774256415118795,0.2539105509731024,0.322885477796109,0.33930207713263516,0.20842021287628368,0.15300306543020148,0.19842413716421767,0.12872780295668207,0.09971356459929202,0.9657625004159259,0.4821106302614762,0.1950997687687169,0.14942833324921853,1.1514479229561179,0.6808495978659369,0.6237931591606085,0.1174755413821451,0.2541215386576776,0.11238796818465972,0.3235033093051883,0.7262369353532553,0.4774055578672235,0.249712474343845,0.15907810919408333,0.3378500323377451,0.33890698781160555,0.0916388103118822,0.19624202979298755,0.14867985114113352,0.3054579047938467,0.14784904186281214,0.5155898633468389,0.40957011666549026,0.9195474244913802,0.11625334584999832,0.15998447383236408,0.0892701807177695,0.5698773770277464,0.06958548748856341,0.306425330562565,0.25461090895462146,0.07485320507299112,0.18729738504761334,0.1636365977740775,0.2242332472774968,0.12541737326365734,0.2967105631885442
Bolivia,0.9211507151611251,0.3335549864078577,0.4937725498660189,0.293094590404081,0.3617762020238829,0.42331801037894307,0.24559116275171314,1.0,0.6320961097319114,0.938462129144497,0.27574365949650526,0.17332180098234165,0.27599740734714945,0.2072353567778686,0.13440700747397805,0.935267166921118,0.2205715896718898,0.36181166677243165,0.894175650108589,1.8653949871276878,0.26069365297227115,0.509218773142144,0.4422654122757633,1.9498775001223074,0.646330218672965,0.49930619171944696,1.4849390499733652,0.3904147292303536,0.24569439888860137,0.35472318706648454,0.25172226417648474,0.5060204818042079,0.10017995211200148,0.09430127034339551,0.3303303284895715,0.4747281219283658,0.5365239455977203,0.5605203676263215,0.42461744037180504,0.34314547932659567,0.19075694399631105,0.2490541059028525,0.2123887681687626,1.1610179980755322,0.6964049897858756,0.15999606477433156,0.2832271715140588,0.9994585269760459,0.5281190842240875,0.4467507144576814,0.2097317606697875,0.20974567100003408,0.2964741907536305,0.5436179817896384,0.9179737691176858,0.692995912347037,0.2369359713313403,0.1699383969618046,0.5345437978318458,0.14612646645657187,0.2046377947365386,0.2408095397797511,0.3840066594062109,0.5216911449200009,0.3749544619117095,0.6249903173248691,0.28524407991428147,1.127945548864549,0.3054908014508734,0.38126365576453075,0.320227952487404,0.5187985139949226,0.28969039437171407,0.18131725037475968,0.15289596458518803,0.23741575293362657,0.08856769526847857,0.3828191007310823,0.4510842810387992,0.34587312741770065,0.5020093963925158
Brazil,0.5223832537386601,0.42964206144363454,0.46260394408458255,0.47790731051370006,0.7479126886486684,0.3121187807569511,0.47918590472426287,0.6320961097319114,1.0,0.5348595368515694,0.38623973504625336,0.6579426817143678,0.4352814385339825,0.4369555180844731,0.7107976206446692,1.3626346969704166,0.48380641653039824,0.3616524217256693,0.36985725582985224,2.355002219386699,0.5605698873909861,0.9013531308123471,0.357590197645,1.4894552056524266,0.12076934552623066,0.30264081031320683,1.2505257593717778,0.3847347567161604,0.4336602498005988,0.9446865490205012,0.8345345144466153,0.24063423215208563,0.6587055454325645,0.6886795334133157,0.7179780675750296,0.34490098718952183,0.2747056322440335,0.2707086508896323,0.3575938086083922,0.5369934391239747,0.5932772377849559,0.5717596420795191,0.45190315656001984,0.7755045522602355,0.6018417651089126,0.6543877549037892,0.43470702293418856,1.5732815087146128,1.1185588060803844,1.038210673044949,0.5432190127358524,0.49684503338729424,0.39490375761485474,0.48744185705398857,0.3614721328696541,0.3233748419478058,0.45255924846818746,0.5231620691552329,0.3086837412219345,0.7027347568781622,0.48252601840485176,0.46458665557529366,0.4199684858679086,0.3171320142465374,0.3705765852142157,0.34934190223493217,0.8647561652263824,0.7614962432994431,0.48566332984461336,0.37196763961828405,0.43353758612924437,0.5487684248488843,0.45354831706105825,0.7259357556857337,0.636507390992636,0.47255907739403114,0.6069017088462804,0.35740468314834245,0.4148841656054593,0.37147489109724463,0.5488858994754016
Bulgaria,0.3607831095710338,0.6212976341561323,0.8137128258345889,0.6676241660105893,1.1590168619614298,0.5550220355804437,0.711445965650742,0.938462129144497,0.5348595368515694,1.0,0.6916905998849701,0.9265793697993009,0.7012732473627634,0.7704545682761955,1.009900394344881,1.4035243960185597,0.7486180305737995,0.7247762587905208,0.4607853820613161,2.4534132998998976,0.774898790264277,1.2958450142747382,0.540116393352091,1.1299130803009152,0.523662515272372,0.4613601890844725,0.843809687672235,0.5736381279196506,0.8172230005175313,1.2655984210305804,1.0974177468204427,0.4919413017722659,0.9634476520444152,0.9856072098421639,0.8507203472321734,0.4894758215018714,0.44070095191367864,0.41625440574442274,0.5634423425948901,0.677764609039541,0.8538671088445694,0.7671806988163389,0.7493306848856872,0.5372490230331801,0.49377584998424845,0.8792568005340644,0.709992998596118,1.7596105769466355,1.3306929700070886,1.2951304515706235,0.7757006002035696,0.8643145394772049,0.673583932647312,0.49372228853665384,0.3534809178566735,0.3396775658238627,0.8311333999883586,0.8224376300313144,0.4951287827356534,1.02665122407934,0.7613797799802468,0.7907510429605705,0.5791306697960561,0.4763505241210707,0.5822447797345874,0.6738947829127708,1.070881522580471,0.4543121859202112,0.69717115278562,0.5869146681225171,0.6423197477519103,1.0065946379067319,0.677367054702786,0.9959984505963975,0.9336379304329732,0.7286670550976156,0.8877712572358462,0.578142747051603,0.5177680572410346,0.610928061913366,0.5951674044542967
Cambodia,0.6896147616637904,0.13681040927093596,0.3906159642583156,0.1443395376730377,0.5184632158805944,0.16599652843127916,0.11304842948438217,0.27574365949650526,0.38623973504625336,0.6916905998849701,1.0,0.2956613980336749,0.0984543816452231,0.09916652733117465,0.3540289104699866,1.066120316594555,0.12053415433641926,0.20794360301066608,0.6536123290332573,2.0512250432135763,0.21696423586598754,0.6723745125559719,0.21565473045755867,1.7205859480503023,0.40113760898124895,0.2403260441036831,1.2980752553066877,0.15754241104760974,0.19009245548584772,0.6162566254729378,0.47115553620218786,0.2521866547572297,0.3027651185771167,0.3302354296617208,0.36781329729412826,0.23396195036419437,0.27974365549014857,0.2962973242904126,0.1823720008560193,0.22712552819585263,0.23869834736462733,0.2146914800208371,0.09104105146297112,0.9407303167343751,0.5054878685950128,0.27507214768207,0.13346075069255425,1.2216068427465647,0.7511309297055205,0.6814944681982777,0.17906205075258372,0.2170896159834636,0.07238635537251313,0.3526512809322497,0.6619758117397199,0.43971798035697224,0.19611130675712762,0.17172529486184743,0.2945633228403864,0.3617870848889038,0.11323904063209538,0.16315951504203788,0.17116013656126797,0.2686603044465837,0.13162884603252778,0.4476190756699413,0.48800412354537764,0.9020851797383443,0.1606852941864938,0.14412384821158084,0.11914186550123534,0.501883173243159,0.11282293956712657,0.3606082128435052,0.2864036576260717,0.10841923383263974,0.23557505862883754,0.1349936321076022,0.23442544304283838,0.09650403474930967,0.3370112441679096
Cameroon,0.9494092313527087,0.33172175347101585,0.4795950749667128,0.28798174282532035,0.4325553894826316,0.40711770542334785,0.2462239135314347,0.17332180098234165,0.6579426817143678,0.9265793697993009,0.2956613980336749,1.0,0.2512880667769699,0.2552278447836042,0.11874600570250457,0.9513176480339516,0.21314819959352715,0.3739545829279429,0.887457552917652,1.8765840705968166,0.189364493035315,0.5835894000768086,0.4303009712224527,1.9343872876630568,0.6551297604543169,0.4992825649327227,1.4341099443256062,0.3739389786178632,0.31689429264692187,0.4140598583951395,0.20509922898128247,0.5170208094885188,0.10340773957947234,0.15154666954381282,0.2811000126486346,0.4625574345904209,0.5498845706008801,0.5508831676175252,0.40350206719976245,0.30645547119968575,0.12302794434894819,0.19012703503153464,0.23206477326737882,1.1773976052462753,0.6652095665332076,0.1599860995459013,0.2841346149554466,0.9702148608708502,0.47734329359119476,0.429192372650247,0.18596392160205394,0.24285912439227833,0.2901709857752171,0.534730611394907,0.9176191976923357,0.6669795014507088,0.28099649895598866,0.15993863055134536,0.5495402850129907,0.1510982964713551,0.19134162058100462,0.23293957014745556,0.3753195377666609,0.5074792568204165,0.36546365647268536,0.6324105497147172,0.25906236762560403,1.0931410420285965,0.25136504291249423,0.3785730982175425,0.30066038677318135,0.560203085778483,0.2725953579354673,0.1385394488631874,0.09478620097357231,0.21933093852609803,0.12721884934391792,0.37395270062959746,0.4343576822734384,0.34301882657528227,0.436670719899673
Canada,0.728115737753599,0.1397000617439041,0.3966208940881102,0.12704234854326607,0.5351555977108421,0.16498936756865412,0.10630476640792016,0.27599740734714945,0.4352814385339825,0.7012732473627634,0.0984543816452231,0.2512880667769699,1.0,0.14571515361297974,0.3268400633535594,1.0689928580209755,0.10584718359133412,0.21578633110913525,0.6782711000305953,2.030131175778056,0.13833838515504218,0.6900136592231768,0.21167298370912133,1.7360487357532184,0.437803916684975,0.26229877726357215,1.2748755037417137,0.1389448145112479,0.24150595045659112,0.6106104024810376,0.44268360554095804,0.27967219513346064,0.27821257072486094,0.31901324952790405,0.3146110497515399,0.23079166030848297,0.31285766657812336,0.3070139514290965,0.17165545390259243,0.17701351816860525,0.18706484351116537,0.1495311400083853,0.10130713471225707,0.9808067894707487,0.5032394747084408,0.2468816112665516,0.1375244119290084,1.1857403235471302,0.7111719422426611,0.6519817116086014,0.12906759495283082,0.22802966331117003,0.07880847035316645,0.3559568374643738,0.6912075755606907,0.4477061756981309,0.21688585249245143,0.14594205681946568,0.3382803206565129,0.34212974659713097,0.07847009653832245,0.14454609685562575,0.16883785657692865,0.2781057745908777,0.12881501566106685,0.4816097402977485,0.4515808095509244,0.8896164476241326,0.10383083165406826,0.15358759489181753,0.08931788547220039,0.5362728778150766,0.07737014409267062,0.3330531723468359,0.25061337080644075,0.0799805775887413,0.22277564721320212,0.1314373671469665,0.223343704179527,0.10636338704906358,0.3059735231417899
Chile,0.7623646629313644,0.20209630739341064,0.3798689546332545,0.19637219414034834,0.44715165521700306,0.2460173652788111,0.14305464147325944,0.2072353567778686,0.4369555180844731,0.7704545682761955,0.09916652733117465,0.2552278447836042,0.14571515361297974,1.0,0.29389208326874733,1.040929207265205,0.11747955993655053,0.212585314684057,0.708018343114355,2.0196826332933426,0.23326369893350377,0.6173181992374465,0.2819448224870719,1.780400487423629,0.45484345668449566,0.32609483071374096,1.3686862620530298,0.2418183829555754,0.14995405866562878,0.5453558254561532,0.4173912950975479,0.3276782971002946,0.23898600771645614,0.26095058086337763,0.3739864528700004,0.31411788698491344,0.3611198702763543,0.3813068058681007,0.2663474990243979,0.2805031534418641,0.22377320118547608,0.22534161042334958,0.09066650315313028,1.011873100362125,0.583792470807161,0.25118366052414093,0.15900436176980026,1.1763901699735422,0.7038357260306778,0.6260112136728189,0.18105347507276548,0.147438947084824,0.12735795764818114,0.4200620488227598,0.7268599819361167,0.5091969663600407,0.15087321662326017,0.11959504578470047,0.36483974979383127,0.29300859560501646,0.1102484024889324,0.15692379048228744,0.24952406899131568,0.3577739490287264,0.21602935045276397,0.46818933180525435,0.4515684081528106,0.9902263608077406,0.1983982155622506,0.22430149026629184,0.18917255225626642,0.4622592939813894,0.16988665548423734,0.3082043825233182,0.23203215268292038,0.1291729098976469,0.18603337558555136,0.22090921702503843,0.31475154707198943,0.18195056922987973,0.4019688367597596
China,1.0118767771790074,0.4054232334821822,0.5251795536510409,0.3603234868906619,0.357247317463498,0.4839084595973607,0.3160849585884421,0.13440700747397805,0.7107976206446692,1.009900394344881,0.3540289104699866,0.11874600570250457,0.3268400633535594,0.29389208326874733,1.0,0.9356922802822226,0.27878176122620874,0.4163379941468883,0.9569387600710181,1.8271315469739269,0.27577380231043186,0.4956072591250823,0.5092108710836144,2.0155603244979705,0.714810385632272,0.5749075673444158,1.5186814891400207,0.4532655832387107,0.3305264883589643,0.31294333349997155,0.1549555852565805,0.5841150262134234,0.06116872913066006,0.08951037629743645,0.32936941796909835,0.5434750154543497,0.6191302786660937,0.6291351203588145,0.4848715088825809,0.38439424396117,0.18576655169065243,0.275014425241876,0.2854101985550646,1.248454808054334,0.7509668160438813,0.19544273705492882,0.3456626257529165,0.9183790886653448,0.43618629789795127,0.3585570084139655,0.2551885896360033,0.2543660540752914,0.36209344002351984,0.6151856112831006,0.9900650702488488,0.7529375646267971,0.29649999187487563,0.21451508225948698,0.6180189733356449,0.06389882874292066,0.25983063555700225,0.2819033817744932,0.4529135961012148,0.5840603682099472,0.44246890120233995,0.675535643333919,0.2309808901352323,1.1749166073603596,0.3448571785480783,0.45044031629949954,0.38110301764219506,0.5476142023394007,0.3485844128142033,0.1286998651621574,0.1192006717795872,0.29697196097908174,0.14224203496906196,0.4501377293232048,0.5179309101218437,0.4164680552925729,0.5348766957452845
Colombia,1.4089611345151438,1.0068276054749974,1.2312858408614547,0.9830703884250939,1.0747407528938469,1.144899656956728,0.9885425931022686,0.935267166921118,1.3626346969704166,1.4035243960185597,1.066120316594555,0.9513176480339516,1.0689928580209755,1.040929207265205,0.9356922802822226,1.0,0.9891223953567827,1.159184638428773,1.5041154550016358,1.597443519512763,1.0058663551679767,1.1034752729078254,1.139474082689661,2.2483876871149735,1.3642750555811118,1.1572511830102445,1.724362147388555,1.0967907507483927,1.074574843889747,0.8889799776719229,0.8478577055421969,1.2045587377563147,0.9536315439096045,0.8971941707867908,0.9123675905156644,1.1334015049236157,1.1913802058120653,1.2277793482494481,1.155244515636733,1.0023877308656546,0.9771296795751301,0.9588990113279509,1.0217059664170907,1.5292089310462056,1.1487236217150611,0.8990966756817624,1.0399511224870595,1.0076260715791145,0.819571140318305,0.8766685222744401,0.9731539999742055,1.0656453175586023,1.0715788456519926,1.0974113875443061,1.5091005765919172,1.2926871514907727,1.0811623524636271,1.0099497276183445,1.1870104858636257,0.9587969493837253,1.0159253728595183,1.0778529753230277,1.05106677343102,1.1734110907404092,1.0883576398803219,1.2506979736044832,0.7990079096606216,1.5737001276577025,1.035160292210406,1.0944536021049724,1.0434244461935045,1.2670868585586066,1.029613440931121,0.9224277031009569,0.9740410806763284,1.0087323605559961,0.9273298024922447,1.1056879324482916,1.094405968536361,1.0810792421761466,1.076914569425177
Costa Rica,0.7683427591374592,0.14949360762772768,0.3980836371233533,0.12589409727622028,0.4994597741430397,0.22589659690341227,0.08540018584094496,0.2205715896718898,0.48380641653039824,0.7486180305737995,0.12053415433641926,0.21314819959352715,0.10584718359133412,0.11747955993655053,0.27878176122620874,0.9891223953567827,1.0,0.2416291144474433,0.725694376065931,1.9908666480280752,0.1560432220089124,0.658082442070365,0.2617885150113813,1.778223171615727,0.48906108404686044,0.31344520424287675,1.312562166552832,0.20207308805709573,0.229960532586882,0.5582415794415596,0.38707884403714027,0.3363881161656867,0.2275510843848445,0.2512367246216443,0.2950298552990615,0.28731106575974924,0.36154612264567487,0.36988403923436136,0.25071325255851185,0.2016837969149138,0.16068217654654887,0.13425574515657915,0.08663700351001685,1.016358243260817,0.5407287585739116,0.2067343161472031,0.1526275250067332,1.1424541576352674,0.6639483180443654,0.6053870862914094,0.10812799823503054,0.2012803196811526,0.11731825742034137,0.3855433218323916,0.7420465828359039,0.495418065573305,0.2082370469838834,0.1065830749244752,0.3766255312263379,0.2934681115725079,0.06379490625368356,0.1729358212224494,0.20640695679667034,0.33627829353315947,0.18504389025976742,0.48625111210480043,0.4015125645457821,0.9463892712249857,0.13134475537841847,0.2034215258841341,0.13803162763438703,0.5314138957232463,0.1104433195612898,0.28625038816964626,0.20627284190448583,0.07376698498299519,0.1641700409830613,0.19577366405623625,0.2774382817683699,0.15861812428226446,0.34625510403598664
Croatia,0.7735149705361222,0.2823025047137364,0.31424669520069665,0.29348315419796,0.4890835100565763,0.23069296735549488,0.27881157137458973,0.36181166677243165,0.3616524217256693,0.7247762587905208,0.20794360301066608,0.3739545829279429,0.21578633110913525,0.212585314684057,0.4163379941468883,1.159184638428773,0.2416291144474433,1.0,0.5879899941000168,2.159822820293892,0.31449221631389523,0.6938553513197282,0.3130301458578569,1.7345737305062483,0.3513044173373629,0.33712150700314647,1.3377972420071202,0.2741740309126058,0.256004338783629,0.6544660701427182,0.5543629859014817,0.3091510610747507,0.36522875546916306,0.3962596150891483,0.4891110061956294,0.2950698059141169,0.371289313228752,0.3520080326921169,0.29875034168702486,0.37432129318879226,0.30592964525678673,0.3222184613076165,0.2213262287513071,1.035957654236164,0.6422347596747086,0.4110125706080805,0.22902843908482548,1.3138129919496009,0.8296613257888878,0.7649725493538777,0.2756893929004756,0.21925676815042838,0.2023485628889132,0.4963581312978925,0.6325592192814827,0.45049964901953093,0.17888428005981102,0.23727434396306374,0.42029758902737097,0.39975844382369813,0.2356693930132462,0.23772919418424088,0.3259424174265154,0.32542559585118797,0.25893422499618873,0.38003090372091464,0.5834146821834155,0.9120289354112642,0.2746755863688804,0.2883820333491462,0.27196271786312315,0.4479512866981667,0.2646751924367881,0.46234691788931,0.32504159933355004,0.24218786659752203,0.3416980786694806,0.2528164765701926,0.3597748640040041,0.2399138858769254,0.47702752362564615
Czech Republic,0.609093748828636,0.6556970845764466,0.6470843836597321,0.7043141561702477,0.9952756776984176,0.5423594794015035,0.7220290993564846,0.894175650108589,0.36985725582985224,0.4607853820613161,0.6536123290332573,0.887457552917652,0.6782711000305953,0.708018343114355,0.9569387600710181,1.5041154550016358,0.725694376065931,0.5879899941000168,1.0,2.6059901130414285,0.7870499613409446,1.187577309821355,0.5753485932467489,1.2902047158929812,0.3056125200580668,0.5213938625241903,1.160245002099516,0.6107727514026134,0.7192980591235607,1.1918816921190714,1.067637988552094,0.48820644253211776,0.9082713270616386,0.935827652683271,0.9335913718393097,0.526729850640787,0.5054648753795093,0.4662713638095825,0.5875877687993204,0.7590811782689766,0.8204420445248939,0.789881875018414,0.7097949911643631,0.7830680937536313,0.7341365807830993,0.9020221191585817,0.6757154349952013,1.8073176239598623,1.3383768361788868,1.2815287219229736,0.7718470775607559,0.7497016296696734,0.636087333058105,0.6696074367098414,0.15225450601162813,0.33817327595556973,0.7141240751521432,0.7661040796560499,0.550569853809194,0.9475422125836469,0.7299070183995675,0.7244616586738883,0.6483731001208556,0.5065953473249875,0.6047902373650101,0.4620169754185234,1.0937125435118549,0.6798515930046041,0.7003425994414233,0.6195700648858863,0.6657605938234558,0.7736399023472903,0.6944481295958845,0.972608023335531,0.8686344704318572,0.7104607886298471,0.8590412140949347,0.5943445662343129,0.612544653252815,0.6163397459873033,0.7136342223645943
Denmark,2.3633028228895356,2.038192918288457,2.2088664779158647,1.9942764580914034,1.9562262395998802,2.145964740630828,1.9804217186224315,1.8653949871276878,2.355002219386699,2.4534132998998976,2.0512250432135763,1.8765840705968166,2.030131175778056,2.0196826332933426,1.8271315469739269,1.597443519512763,1.9908666480280752,2.159822820293892,2.6059901130414285,1.0,1.9389664237974533,1.7983833507917364,2.1235799767949395,3.1452582510278275,2.389772914829887,2.1658510960766364,2.5449006001799472,2.0802192069899,2.0401459307112164,1.6948646493242336,1.7318275617419054,2.200952153109788,1.8639981208567578,1.842535998796178,1.8034453907336083,2.160657083504867,2.1907459139579615,2.2235665894259324,2.1080745416646365,1.9486000633016507,1.9287200429499378,1.931166790107274,2.0050467493569473,2.4818603768672594,2.0928129999334253,1.822436153348159,2.039938615740715,1.0776356790928314,1.5066584030575965,1.551337381256529,1.9509039198739706,2.0294919894981978,2.065847211498919,2.0711943579794747,2.5839587242626343,2.359678169906482,2.053172092901878,1.9752352988878692,2.169356268129666,1.8586869568903397,1.9874039938535484,2.018356609386395,2.0443911707226237,2.189055964784683,2.0834881031635004,2.364174958558821,1.6734285110358025,2.518009277833035,2.01273120926428,2.071160021722968,2.029340634401577,2.2070922640081974,2.0041950169843,1.794672069760427,1.9073593106643516,2.0004482922595397,1.8817237773131725,2.094828011315885,2.0880641043897277,2.0738888051388518,2.033452344419087
Ecuador,0.8125835151415053,0.20645447257430022,0.4618683027971024,0.1653731238304626,0.5434090316667736,0.27591763596679286,0.15496498874354592,0.26069365297227115,0.5605698873909861,0.774898790264277,0.21696423586598754,0.189364493035315,0.13833838515504218,0.23326369893350377,0.27577380231043186,1.0058663551679767,0.1560432220089124,0.31449221631389523,0.7870499613409446,1.9389664237974533,1.0,0.6843729877997123,0.2958326491414454,1.8091240290182597,0.5598191794761104,0.3593978572784588,1.2974343831881725,0.2257539860582459,0.3154220011890824,0.5588604798878946,0.36943159609821313,0.38791563479707014,0.24046943815710725,0.28413154824713854,0.24117347120008206,0.3151692967643357,0.41362666237328405,0.40481699037720614,0.26593343740235065,0.15777833690408927,0.13861740055910007,0.08091485880360653,0.17196799390179454,1.055058620227525,0.5343704710558984,0.18144921187046598,0.1994749298912621,1.0862715132587848,0.6109897876477061,0.5721171066857447,0.10224560808455335,0.27674420343671763,0.1983911132872151,0.39954397116130014,0.7997466866774193,0.5422988092229855,0.2794818919758074,0.1704246824764458,0.4383714994513963,0.3070123668442514,0.1316001282739604,0.18824110899573393,0.23587724801648297,0.36449572190671947,0.22747504469951135,0.573191929489617,0.3578302301916631,0.9312718330539518,0.1403458780843288,0.24774244206626872,0.1670055141064427,0.5957862933188605,0.14676968144032007,0.27988707268045154,0.21093940675852452,0.14005252648441519,0.1976801162552364,0.23487212348788425,0.28403476583505005,0.21779116776883004,0.32292516267299304
"Egypt, Arab Rep.",1.2111650681690416,0.7504764975865742,0.7566043459443609,0.7257006899776114,0.3102884152172052,0.7997140362124591,0.6891917507588377,0.509218773142144,0.9013531308123471,1.2958450142747382,0.6723745125559719,0.5835894000768086,0.6900136592231768,0.6173181992374465,0.4956072591250823,1.1034752729078254,0.658082442070365,0.6938553513197282,1.187577309821355,1.7983833507917364,0.6843729877997123,1.0,0.8575628512808072,2.2674356136317084,0.9406539047740232,0.8724214677932348,1.8333747422200546,0.7949744336176684,0.5659660368078208,0.3982759895873742,0.5271711653885063,0.8568281478148296,0.5149614968180457,0.507461160419205,0.7352392492568168,0.8649063240631611,0.8911146958661729,0.9210463866243467,0.8117649482372223,0.7606306287484791,0.601099399576292,0.691298313476443,0.6287646974894753,1.4315528399060888,1.0548602247953323,0.6086669144377286,0.66555152471762,0.992280032601568,0.6722176536455422,0.5676562414217262,0.6528163558975256,0.5601336358159112,0.7170091876302399,0.9644906755940819,1.2199146912886059,1.0731155285620262,0.5475103074091534,0.6057702781359985,0.8799242282477006,0.4726364275784795,0.6372128570685217,0.5916410464624593,0.7915537935337043,0.8595472172542634,0.7764479176697994,0.8819754564722972,0.597207976405559,1.4247907126791408,0.744043985161954,0.7740644378534558,0.7425474145920197,0.6012996127139456,0.708659022730835,0.5684929703656441,0.5640508258889022,0.6714731654953033,0.5469099965155924,0.7789017944585177,0.8627365866746742,0.7507131249923238,0.9125202787505711
El Salvador,0.5782021981028335,0.18105632094285332,0.4619469397963034,0.21582032288342315,0.7035149699842944,0.1415780070715152,0.23014951321037008,0.4422654122757633,0.357590197645,0.540116393352091,0.21565473045755867,0.4303009712224527,0.21167298370912133,0.2819448224870719,0.5092108710836144,1.139474082689661,0.2617885150113813,0.3130301458578569,0.5753485932467489,2.1235799767949395,0.2958326491414454,0.8575628512808072,1.0,1.5750293815937892,0.3580665834385659,0.15026279317960803,1.184396044135234,0.13045060269184536,0.33830602777242463,0.7840523688445649,0.6103999401939012,0.17467524402333362,0.46080589382103304,0.49306493583627486,0.43506250306505057,0.15967054685866094,0.1911319239919763,0.1834127233971749,0.14045918927030512,0.24206684466403733,0.37122073921268584,0.302064484214301,0.25391139631616955,0.8377272246218832,0.4365144870017149,0.39771503756724513,0.23981090436388364,1.3253895108010967,0.8707789672617248,0.81181193713482,0.3064638323055528,0.378677986792703,0.18527659182041245,0.21011874529950716,0.5621262881075892,0.3005162939743068,0.36503995310893594,0.33003773836474104,0.232937123611773,0.5278257496078232,0.2651737813314384,0.30891903397520876,0.15492429178615041,0.2379695256264594,0.13197721117601852,0.46848382845325187,0.606892445669554,0.767855827471986,0.2301883320463111,0.14301548970637615,0.1718547993647397,0.6061225850147033,0.20119259524639366,0.497867971349347,0.43827290203250624,0.24430461455829164,0.39530308127453784,0.1287481125635237,0.14595296095224483,0.14614699779366405,0.2734977941977609
Estonia,1.2238319614847373,1.672003057139746,1.7661851756178708,1.7180701792240398,2.1344711598996207,1.6013600172784614,1.7449107917662354,1.9498775001223074,1.4894552056524266,1.1299130803009152,1.7205859480503023,1.9343872876630568,1.7360487357532184,1.780400487423629,2.0155603244979705,2.2483876871149735,1.778223171615727,1.7345737305062483,1.2902047158929812,3.1452582510278275,1.8091240290182597,2.2674356136317084,1.5750293815937892,1.0,1.481323711213069,1.5179328784581685,1.0830288182596894,1.6267716888129171,1.827060334339521,2.250046727331702,2.0889786332418656,1.534068588550903,1.9710978000212414,1.990080634159489,1.8551060897099176,1.551193800610468,1.4903968077470164,1.472452772857897,1.5995765770885504,1.7218524170639007,1.8925810921879327,1.8002303599980942,1.7835615593593188,1.1164463509898406,1.447765822593909,1.8974588990567693,1.7463494187624269,2.63367279871764,2.2859602218488404,2.2498435251677553,1.8146247802354507,1.862830179390391,1.6974179680599175,1.5069024969623814,1.2055147443903516,1.3461118660079625,1.8482259588269283,1.8360791870641437,1.5038696459442473,2.0266028053329155,1.792302810595107,1.8169383365253178,1.629607228173158,1.5411704220618554,1.6317004234346948,1.6138440149796442,2.0749323834450553,1.2736828180468016,1.7155469138031656,1.6264782726684786,1.6837281857945592,1.9381747842209271,1.7163177176540565,1.9769943314621226,1.9393235337656056,1.7621916116064673,1.9100275955470427,1.6272065693706805,1.572609462195792,1.653948712447032,1.5885428322743254
Finland,0.5697279221867777,0.43881395682157476,0.45943608901579924,0.48394033901413713,0.7645931002991021,0.31461392839280933,0.48884809686995423,0.646330218672965,0.12076934552623066,0.523662515272372,0.40113760898124895,0.6551297604543169,0.437803916684975,0.45484345668449566,0.714810385632272,1.3642750555811118,0.48906108404686044,0.3513044173373629,0.3056125200580668,2.389772914829887,0.5598191794761104,0.9406539047740232,0.3580665834385659,1.481323711213069,1.0,0.3199136549823548,1.2340646375000315,0.38836943385175093,0.4546877015902797,0.9573894042204487,0.8370089182389471,0.25496810351911714,0.6645910465297202,0.6970249248224875,0.7213686031829218,0.34339168883728727,0.3076042627615083,0.2784354909162056,0.3665220751091945,0.5426539181876169,0.5868316846634191,0.5722144594696049,0.4619934533885397,0.8128805851852978,0.6162278956367617,0.6659078568132075,0.44567835881187223,1.584920419707009,1.1210391866589957,1.046113066665737,0.5456934083697237,0.504073058116357,0.39600241995136654,0.4986843242074938,0.3272221471628012,0.27410770954296704,0.46520254473478573,0.5281724814487826,0.3523559955496575,0.7063359916177696,0.48762206913745215,0.4765841589548,0.43369723568482493,0.32160772912817703,0.3795795997861671,0.3211373505170966,0.869672637898532,0.7340517642175742,0.4811620968840577,0.3872345572562517,0.43923767278241777,0.5566612276225409,0.46349750437429693,0.7322154707822479,0.633889556672353,0.4772002542519486,0.6168976717318932,0.3664143468595296,0.41828460349587,0.38157082730182157,0.5404168651030884
