Country Name,Albania,Angola,Australia,Azerbaijan,Bangladesh,Belarus,Belgium,Bolivia,Brazil,Bulgaria,Cambodia,Cameroon,Canada,Chile,China,Colombia,Costa Rica,Croatia,Czech Republic,Denmark,Ecuador,"Egypt, Arab Rep.",El Salvador,Estonia,Finland,France,Georgia,Germany,Ghana,Guatemala,Honduras,Hungary,India,Indonesia,Israel,Italy,Jamaica,Japan,Jordan,Kazakhstan,Kenya,"Korea, Rep.",Kyrgyz Republic,Latvia,Lithuania,Malaysia,Mexico,Mongolia,Morocco,Nepal,Netherlands,New Zealand,Nigeria,North Macedonia,Norway,Oman,Pakistan,Panama,Paraguay,Peru,Philippines,Poland,Portugal,Romania,Russian Federation,Saudi Arabia,Senegal,Slovak Republic,South Africa,Spain,Sri Lanka,Sweden,Switzerland,Tanzania,Thailand,Tunisia,Turkey,Ukraine,United Kingdom,United States,Uruguay
Albania,1.0,0.21456893594985615,0.5446796402293647,0.29920946296979756,0.12120370425474708,1.161369394686394,1.8752647320917908,0.14783488594926159,0.1479478249490543,0.342372688300314,0.09833270201945919,0.08553847241888245,0.2097099915184558,0.1970842514532356,0.07840626266014933,0.40918747591554794,0.1709157264256933,1.178722245041519,1.2474696983710696,1.074803311850459,0.6825519870495412,0.35618396086021903,1.4001598724316218,0.46006336599879505,0.7121581038970012,3.995595243656062,0.7952951473317139,2.392228659150733,0.09965220942402582,0.1332746214573151,0.3314662822699731,1.4660826121312456,0.13670244258942746,0.28338386750914735,1.111457909437398,0.38366201555607027,0.9893148526715904,0.2816580346709779,0.29485187881654723,0.32783559812117957,0.25616773771269374,0.37687700906146665,0.30765749836354467,0.38941896149279154,0.3632133387795023,0.9338506637231776,0.25121171156885963,0.3571006306143401,0.37225847958277647,0.08136019745346111,0.6274101955237897,0.21695608268232236,0.3227965668965395,0.507073930562188,1.480410173122785,0.2897139903430654,0.1940981763892941,0.9808619427276812,0.24633211594454682,0.09933930087675057,0.2569247875624755,1.0286210312461856,0.5234326494199285,0.6466911904531446,0.3413346583411619,0.619554264212428,0.44114094168936246,1.3753542104005456,0.41206082358570567,0.8159817601615443,0.38789920162117614,1.5896381683982261,2.3385164600190333,0.16062910477968548,0.23896092427623364,0.6497459264223482,0.18178098914250446,0.15828748082920358,1.9769608364119087,0.27123886164417854,0.3065636245267841
Angola,0.21456893594985615,1.0,0.5714005142444661,0.28096347984580033,0.1639172916764241,1.0090270239491783,1.4934580394123178,0.22240081331197875,0.15728157658246597,0.3712247862067322,0.17791429934173458,0.16455348575759748,0.24928214773461993,0.2183620334516246,0.16842668597725324,0.44467881082908317,0.2579473553520586,0.9796619252089591,1.1387870970172154,0.9376854588519489,0.5506009006624748,0.3239506868032784,1.1676147034980864,0.47035653395865157,0.7475501915573667,3.1949696841273796,0.7199429051299995,2.0082749237188517,0.17868493809680058,0.1764220590318181,0.342808778728386,1.393707831460825,0.20645783874464857,0.2319290927142667,0.9487960501351728,0.42079345933955,0.8581190752015397,0.25880273580941726,0.2899872001683824,0.3130531353858025,0.22717233420949995,0.38207587270201787,0.35334823937716886,0.43703203479909775,0.4183207269122828,0.8837487070060001,0.3327383413409756,0.3226547770666739,0.3041366470569301,0.205764266579275,0.5640169907775356,0.22241996369026953,0.39611563363788144,0.4460343466916139,1.2636502818254325,0.3622240772418596,0.1824825905858077,0.825365806376242,0.2396035446572884,0.1856575789263156,0.21885040108750928,0.9806973797520944,0.5535626708814709,0.6544087159251433,0.3698749714903472,0.6014519408227368,0.4914421127856471,1.28524866681611,0.43502911857341287,0.7876895569686674,0.3295372736152643,1.3007717566524206,2.105517490739266,0.20401802324793836,0.23934319198611537,0.5942775007754043,0.25554626814939985,0.20460068370972276,1.6149240232366944,0.28795417496588127,0.29479161077150284
Australia,0.5446796402293647,0.5714005142444661,1.0,0.9414721658161663,0.8095288114770948,1.5924169123334524,1.578846194190847,0.7138543536398512,0.8367206209330762,0.6743497953277364,0.7593853564441551,0.7640915014795442,0.7569935953924548,0.774239854031758,0.7471606740301753,0.8315677869826608,0.6839903517214769,1.4702246795700145,1.498242964566759,1.1272504389261437,1.5167020903760977,1.11493365440905,1.7300850252506772,0.8617746668698278,0.9515020935128443,1.757128296656381,1.5584750877026985,1.288519224245412,0.7326288719900856,0.8018869757216616,0.9503963082511903,1.486380650830371,0.7535001090747471,1.0697089585550508,1.5452837231627286,0.8166392465355267,1.5906831058038453,0.9475058185804958,0.8459649421473032,0.794003755122988,0.9086458449549062,0.9470096297296934,0.7490611968163209,0.8081406119408769,0.741532777984217,1.2074139687380074,0.6949880375514695,1.0621355836274717,1.0140699485206621,0.6989400520060629,1.1714530145990227,0.889261621787111,0.7732894547802653,1.2057491593219924,1.1861170924161797,0.6171655958932163,0.8742624684578686,1.8302230479196433,0.785106466898527,0.7480771985170094,1.0118590238072467,1.2998835639193798,0.7168302474115351,0.8892479308126123,0.7701799855762997,1.0161019745737396,0.8411108663460853,1.3933708375731078,0.8352181527775967,1.024587874533751,1.0772363401096774,1.1955150592584065,1.6893305726046908,0.7160087475284027,0.9047271036965405,1.3754640848957855,0.6715710914851829,0.726339970299552,1.5478758621675905,0.8310190911600933,0.8948147900869979
Azerbaijan,0.29920946296979756,0.28096347984580033,0.9414721658161663,1.0,0.2159390201415142,1.0111919147594037,1.5864758915701844,0.25383559570638914,0.21161081157691253,0.4899005423841412,0.1973521766577491,0.2237803283208597,0.3006008585380314,0.22149177107767318,0.20714808177446795,0.46778217456213855,0.2678298994038945,1.0562018671873559,1.256441860316306,1.126054539869697,0.6743174791885311,0.30689691378401246,1.0254566015925834,0.5718839631448954,0.8290117612135867,2.653358003788996,0.73332663582117,2.043406072272309,0.21176026861020114,0.22638884303754364,0.22398015174539915,1.3714063336365392,0.24410269817762797,0.20659404131900244,1.0856467871872841,0.47884201441976276,0.9754518455902267,0.33592767062079254,0.4079047602886521,0.3436604551008615,0.26395455316499655,0.4220030041106352,0.36220664982092915,0.478524843993741,0.5098182804212921,0.9865539752844746,0.30135810026167537,0.45225173031102184,0.3781782322221763,0.2451864184372787,0.7245348326864077,0.34656201630717454,0.3517016066960873,0.549204750064612,1.212908327228208,0.37847033267164193,0.2380598463615565,0.9098380590438091,0.3374292125063599,0.2134179823509718,0.23275704977167222,1.1084006993822204,0.6448829934593198,0.7412495279404955,0.3650768346801711,0.7231952904594217,0.4785210919266006,1.3456552035778382,0.4882517434295091,0.8885094390062017,0.4441212506295673,1.4292874541451235,1.8853163869330003,0.3019358863640221,0.3129482333984246,0.5902328440113013,0.24782576090383232,0.2706623542395141,1.8325891762222737,0.3655220773690339,0.44495000826624115
Bangladesh,0.12120370425474708,0.1639172916764241,0.8095288114770948,0.2159390201415142,1.0,1.0432039512336784,1.7679326162549283,0.18380991697055507,0.10195911792029728,0.3874283433207337,0.07157135237537046,0.07551406879678274,0.22236121399580944,0.21258076692215253,0.08631741559865412,0.4316858618110226,0.17371018378367395,1.0751604451428423,1.2146962454635255,1.0278360447196715,0.6131546962500649,0.280428126636501,1.137568243839094,0.44290796890875606,0.7427508302412617,3.8876233268400804,0.6967879745056959,2.3195260592147067,0.1226023201693471,0.12722691518509058,0.29652412298554365,1.420810935868603,0.11637483499300598,0.21840315768520632,1.0967363120183498,0.37850131679884874,0.9107611430214295,0.29342016629407397,0.3194106963798794,0.31363821396561736,0.20368188553961805,0.3804827493465204,0.3276215490723028,0.39593158408654927,0.3925400246112966,0.8923139025142718,0.2644784325882066,0.3552682603422274,0.35305009790090475,0.13648069014964376,0.5972417074247944,0.20998247014172616,0.3207877272119495,0.4894000615860613,1.3056487950917228,0.30463897773500365,0.12585463903587413,0.8642870851261178,0.23115472339919038,0.09450607452744011,0.1809038064969924,0.9978201065821558,0.5452146393325323,0.6769776512195262,0.3339389258240949,0.6059614613018974,0.43234654047862064,1.3511249221127175,0.3921774073331976,0.821873223847551,0.3635478446480639,1.4531682076303543,2.2580312372741482,0.18391784190208865,0.23828695357781052,0.6026195617869234,0.18844635145485814,0.1878535089326717,1.9201083132192691,0.2818084549636093,0.301870650202474
Belarus,1.161369394686394,1.0090270239491783,1.5924169123334524,1.0111919147594037,1.0432039512336784,1.0,1.0539360763205585,0.612862985663323,0.617372445251494,0.6707082986386965,0.6118297489616464,0.593941957237412,0.629960488328847,0.6738146270056414,0.600504231808683,0.6892473224535255,0.6292446229526695,0.8549890552383543,1.2576242048035107,0.8622830897167811,0.6530290600916512,0.58530450294266,0.7063631399157199,0.6643727653166137,0.97993021235022,1.7134321347156793,0.7350547838408112,1.3903975533189497,0.6155012842473575,0.6015278534260965,0.7312806269296084,1.1647293497502305,0.614887394012498,0.6110760348950459,0.910870504017412,0.6819535814218624,0.8711524817755971,0.714728871540355,0.6584190099481598,0.7302812738034676,0.6407246611041315,0.7681340387645337,0.6924769043907001,0.6651807539618754,0.61124474498397,0.9419774408127485,0.6537389645095348,0.5848607148593701,0.7344634142989163,0.5915277811802975,0.7020943703700159,0.574140091175113,0.6919896901497274,0.7067807743363242,1.0343210869310586,0.6511611369465043,0.6054880480783474,0.6942213282183878,0.6721434165094654,0.6099264191743932,0.5833932716196879,1.0472884408032133,0.7407401154649831,0.8829816923292837,0.696969663492965,0.6592809746194536,0.7746415508459196,1.169631330976763,0.7038163402200227,1.0313556161977464,0.6419708084927811,0.9868915033398084,1.7980302044047884,0.5981673869115423,0.6045467390561636,0.8430300511879736,0.6465756271118777,0.6160764107280168,1.398458624151524,0.6468528476840436,0.5455211944168702
Belgium,1.8752647320917908,1.4934580394123178,1.578846194190847,1.5864758915701844,1.7679326162549283,1.0539360763205585,1.0,1.3033896535157758,1.3896482767743459,1.3993791792221857,1.2874826074842676,1.3275191275775908,1.3267274828096434,1.318209358064949,1.3257362915380964,1.3748212736480137,1.2133436755920903,1.479642241842197,1.6592434321104441,1.1764029915529566,1.4063322153688083,1.6254949604065008,1.8600867527536449,1.2710258855286154,1.2388652626375807,1.4439182162709245,1.8751347944658123,1.3247683281248843,1.3398804793909465,1.3758801619459733,1.3435117792968783,2.0270592546688375,1.2422094627942233,1.6378799792009642,1.7054033963256814,1.2332778520838512,1.4406849184760813,1.5114030152507092,1.2843607482494057,1.2655928215133452,1.4729907409419079,1.4176075665210581,1.2665542218009782,1.2676354882030776,1.3299392363218172,1.2399741648427736,1.219939662091658,1.616462027693605,1.5690072196448082,1.3082968597966689,1.399636369423133,1.3987467543431709,1.31229461028038,1.2354398596861673,1.2917461377818142,1.140959765901947,1.4002217088909805,1.4020914890514637,1.3264714891811935,1.302765581645284,1.5440912635722048,1.8448008310172388,1.2943708375375047,1.4277537872703852,1.3050781488201917,1.490397271796017,1.2347979653555057,1.7468528474380918,1.2336420391158827,1.3109450971370142,1.4106198405134889,1.1870890099867124,1.7601832636251533,1.33481747851119,1.4090772298029264,1.5906995631601004,1.2539244693237435,1.3152384270107325,1.103521610346464,1.374708446079623,1.4010524971027036
Bolivia,0.14783488594926159,0.22240081331197875,0.7138543536398512,0.25383559570638914,0.18380991697055507,0.612862985663323,1.3033896535157758,1.0,0.2220446117295176,0.4025948741215777,0.18056998362131874,0.15680999325888295,0.23852791906266257,0.2154434223169709,0.1525719105090469,0.3478953383347301,0.20386203196325503,1.2323281331683202,1.3054044150065505,1.1752776878348516,0.7709085320203822,0.3944898295920541,1.5224929836307999,0.494645378868698,0.7710668353409681,3.6981619001411294,0.8776681256973479,2.409856932514044,0.14447022928287281,0.14068692481727085,0.4054699362460675,1.4759010759695455,0.2060745827851252,0.34102718540436183,1.1890999503683173,0.40316998959308287,1.0955169206377051,0.3412151800923229,0.32180991636849965,0.3509499727048489,0.2682329081128267,0.43358409927988634,0.3081952827074897,0.4093271174769677,0.3893584217215309,1.001720013529291,0.24773899002669564,0.44593197660509465,0.40723196342216655,0.156238350322085,0.7433917668740009,0.263709960933407,0.3294087808308636,0.5216421119500902,1.674312451316175,0.3126481671947717,0.2588829308892577,1.1945136242649987,0.28782733726038445,0.14298902595172108,0.32612941522747435,1.1393362621403922,0.5574117003571728,0.7006770261966899,0.3541701852691966,0.70361729911678,0.4557711617731762,1.4184505786700983,0.4747999271820526,0.8331901860192751,0.41995373352782606,1.7697445106728025,2.335909916137663,0.17121987817408096,0.3156501779575579,0.6491678733153458,0.23126013362908343,0.2085775003325308,1.9744913875777075,0.28192289086596406,0.40947050458758855
Brazil,0.1479478249490543,0.15728157658246597,0.8367206209330762,0.21161081157691253,0.10195911792029728,0.617372445251494,1.3896482767743459,0.2220446117295176,1.0,0.3720124031964002,0.11614428850772131,0.12046152797339575,0.2287265119680544,0.1975950508213941,0.09450315890016621,0.422877848327758,0.19785718040485292,1.0841969955011075,1.2100452073804753,1.048390169381593,0.6064289972382165,0.2884368941096308,1.1716133688425638,0.4755454641083149,0.7478849404412509,3.1641129832814445,0.7194097399491842,2.1268274113427266,0.1100524092001767,0.12330540907699196,0.2775366226347119,1.4056440098665433,0.14003045589587226,0.20055099304886398,1.0732732404410035,0.40049519916003695,0.9071026908550522,0.25573125697475807,0.3205195479541791,0.3083044100243518,0.22504325710552422,0.3638343769533973,0.3203976040433391,0.4095367052483295,0.41460513668167026,0.9274680373745887,0.25141675206354464,0.3877980056827702,0.3035073172796675,0.14345229449156296,0.609332729627977,0.23806261178361451,0.31246897487954073,0.5026485196075428,1.314667158764944,0.3166493451320016,0.14574920948103331,0.9331161361937685,0.19720453819388076,0.11462133784801037,0.1680465754395349,1.0418561794550543,0.5425081962156633,0.6578561514597299,0.3261993306047866,0.6574159368737094,0.44429057152838125,1.3555534311710766,0.39873127593961144,0.8225006433337242,0.3940915737113778,1.4997963952022546,2.247307236011766,0.17767235890969624,0.2364198058358324,0.5743810988989597,0.21348347473833135,0.18118945598276462,1.8010046049001607,0.2788132076513222,0.3233019474898859
Bulgaria,0.342372688300314,0.3712247862067322,0.6743497953277364,0.4899005423841412,0.3874283433207337,0.6707082986386965,1.3993791792221857,0.4025948741215777,0.3720124031964002,1.0,0.523800921965802,0.5234380429138951,0.49123304395708095,0.5262922680005717,0.48391676907060693,0.6239330511032988,0.5189555627963426,1.592701191176793,1.4810646101721487,1.2925010901963363,1.1618908977338507,0.8428117412251612,2.0585456692763584,0.7758099386773857,0.8157381300087315,2.4385492496575005,1.4046387147869823,1.9647253563644942,0.45077152568454637,0.5284915401891728,0.730500932109423,1.5521569111716176,0.5153584205481901,0.7538396256158311,1.4347964412308174,0.6794472337194036,1.3244016186972138,0.6387669201597778,0.600312586502902,0.5836082136088303,0.6833839138840979,0.7419453783812083,0.5006021191840619,0.6981747511596582,0.6045311881165769,1.1754899031499122,0.45140239642723856,0.7901614080170686,0.6673656153979873,0.4714192723218018,0.9515761874072568,0.5791872301501889,0.5645165940706734,0.8665816910129317,1.5050545056063245,0.42340336453043537,0.5922166993615545,1.5399179491731796,0.47144761278825026,0.4789729717145983,0.7236118435280813,1.3795365479471653,0.5746082111590802,0.5547300683610205,0.5353946333950124,0.926363289380321,0.6186219322243934,1.3032650696715284,0.5829881670398188,0.8561188841080418,0.8094160084881838,1.5791435697700127,1.8821545367436436,0.4694929166662154,0.6723677078580316,1.0642393175661953,0.49295309512502916,0.39813135502398467,1.6331325082916763,0.5274111475512956,0.7236978570357583
Cambodia,0.09833270201945919,0.17791429934173458,0.7593853564441551,0.1973521766577491,0.07157135237537046,0.6118297489616464,1.2874826074842676,0.18056998362131874,0.11614428850772131,0.523800921965802,1.0,0.07758780037421964,0.2128717710494566,0.1743893515737371,0.07685694429251025,0.4267892093438133,0.1471460888227257,1.138874493847006,1.2579010596616376,1.097916597350908,0.6775810468655572,0.32197239133605204,1.2099542599974176,0.48171141701112313,0.7394738670025576,3.8907936944987465,0.7537134255398847,2.3581713410937297,0.10291383093006676,0.1348405188755273,0.27107474545348365,1.4707063827188729,0.09248747595746475,0.23912519771187624,1.1239553567393454,0.3856014253838563,0.9897414152866321,0.2796714915337417,0.32946762642281063,0.2992454089697213,0.22419977759849227,0.37269920193483147,0.31565548877526295,0.4187307142936034,0.40996423749191646,0.9266648825244697,0.24633235273068713,0.3651938175172715,0.36846043386198507,0.11503451313764278,0.6511596108071815,0.2365411369493164,0.3114421853013411,0.5078176046232208,1.3562182190266174,0.2938698521548749,0.15412038129784875,0.9486090339958557,0.239831485534326,0.0759107532458091,0.21649540795044164,1.037741719285217,0.5655962995184487,0.6771611046810019,0.3340196932332884,0.6432588198519121,0.4356425814982589,1.399666177898179,0.4194395441193866,0.8287988209944439,0.3891128376276022,1.549557574598094,2.36094758625805,0.19104125971680175,0.2307861736750248,0.6255439923682791,0.17203954405172292,0.17365938770900383,2.003600424532581,0.28673925820392443,0.34494172435551584
Cameroon,0.08553847241888245,0.16455348575759748,0.7640915014795442,0.2237803283208597,0.07551406879678274,0.593941957237412,1.3275191275775908,0.15680999325888295,0.12046152797339575,0.5234380429138951,0.07758780037421964,1.0,0.20533564188871226,0.19125453578629475,0.05866948276127037,0.3890825481192657,0.14531106884331355,1.0779754519351634,1.223842088744877,1.0482184681172428,0.6301292032890115,0.28309573278899003,1.1949334813604382,0.44327643257763616,0.7337388030242551,4.020988310644336,0.7131387659828835,2.3660908083527183,0.10969060459509769,0.08220861603060445,0.30774858509208564,1.4274808722950503,0.12805377494300663,0.23085122399883568,1.0851761071111214,0.38473838446677894,0.9416072374621995,0.276415957746335,0.2743206927349378,0.3143125375451909,0.19390502010985508,0.3723316686611722,0.308149141007969,0.3684135630145611,0.37970862069305583,0.9091294028176622,0.24608357935606667,0.35529428689348,0.3652588318896944,0.11035353913845788,0.6191169318897652,0.1909841832964962,0.2931343194223042,0.46806404208691044,1.3722474500249617,0.30292453399430674,0.1468603386121118,0.9298778781059084,0.23022179711098262,0.0888029002448557,0.20863323975825396,1.018072726788991,0.5388022041727684,0.6774868928244735,0.3328129428635146,0.6202431183743427,0.4390265808429326,1.3622081956684935,0.4268060823068176,0.8190624245511451,0.3556142689335565,1.533896549101294,2.3077492530584904,0.15686110427604552,0.24006197941195737,0.5969408035359118,0.18327283720253285,0.17965292360525245,1.9303129229325535,0.24677041346101747,0.295309468860204
Canada,0.2097099915184558,0.24928214773461993,0.7569935953924548,0.3006008585380314,0.22236121399580944,0.629960488328847,1.3267274828096434,0.23852791906266257,0.2287265119680544,0.49123304395708095,0.2128717710494566,0.20533564188871226,1.0,0.30240486134699884,0.22171607110343497,0.4054318079525623,0.24591038479276267,1.175014481229138,1.2605912266446095,1.1482688474724236,0.8310407220815098,0.4170198936651822,1.2847171475527248,0.5153520703914564,0.8205148437729768,3.006721352972064,0.8587096611367804,2.139958482748992,0.24050749104598246,0.24276480640801035,0.4152341130896903,1.3944209055821524,0.22681764793925288,0.37070481015141554,1.2021238299093306,0.5030601168161251,1.0482258540005809,0.41732957497792705,0.4133530418326891,0.4094232289176234,0.3604579868922703,0.5248752397733727,0.3160280190987238,0.43568324259387226,0.42926891213331964,0.9589165300625958,0.2729579250535642,0.5135937112109134,0.49623720554466005,0.24439258301996886,0.7085192494757281,0.30186378583522233,0.34584882698447916,0.525661847651946,1.4271771832286764,0.3252304402715083,0.20290460240995495,1.097961918097382,0.3030643150038141,0.23100726570040522,0.3623645062921029,1.101634189089938,0.5827287706494315,0.6887794712576486,0.3612312191784673,0.7218312926527403,0.45014053628555706,1.3854782190685953,0.4586604078343311,0.8455502264287298,0.4763664420938821,1.6334342066748435,2.5706415520158528,0.2918402243672995,0.3747706333227108,0.700942560953902,0.2370497453553128,0.23025734064007933,1.9090888348928257,0.2435625540588151,0.43819822319061114
Chile,0.1970842514532356,0.2183620334516246,0.774239854031758,0.22149177107767318,0.21258076692215253,0.6738146270056414,1.318209358064949,0.2154434223169709,0.1975950508213941,0.5262922680005717,0.1743893515737371,0.19125453578629475,0.30240486134699884,1.0,0.1734566634955708,0.42280789072616226,0.21538019615106674,1.1122090884812847,1.2227639884452777,1.1220777140644158,0.7354703008408818,0.39291649564488845,1.3098826381243096,0.5508133567463946,0.7419182895257315,3.45597658563561,0.8315570694390345,1.922804399751945,0.16194321865427153,0.20921789775457705,0.30205795152494075,1.4153562793420134,0.2059806726355227,0.2797906462808513,1.023588180012587,0.45005504085691006,1.0600630148914134,0.25347304462295056,0.3193168174130137,0.34574618576282934,0.2314741299670509,0.3636993842583515,0.36600358293054414,0.47581895512592853,0.48620072444348866,1.0049593705879023,0.2991025655553809,0.4230135919505182,0.33104313022316545,0.1830412595844281,0.7548676606561648,0.32688946770415545,0.3327520011489382,0.5130613581758969,1.325416908219936,0.35462878600493586,0.26847811497731433,1.1253780191677796,0.2798230310409539,0.17172436983660325,0.29094132353596447,1.1169993950466703,0.6078215611470964,0.6816541132786561,0.39017442079428877,0.7364982601313531,0.4930985328137563,1.35984918808816,0.49838502371394244,0.8409754858939744,0.3990050889172664,1.5068982035793372,2.109117384183113,0.20174999797108528,0.28363405187659163,0.5975918623669327,0.21490205034889834,0.20728650986414637,1.8367198921818892,0.3592056866660014,0.4111898570666918
China,0.07840626266014933,0.16842668597725324,0.7471606740301753,0.20714808177446795,0.08631741559865412,0.600504231808683,1.3257362915380964,0.1525719105090469,0.09450315890016621,0.48391676907060693,0.07685694429251025,0.05866948276127037,0.22171607110343497,0.1734566634955708,1.0,0.3934300972883472,0.16075499573457244,1.1175514445909902,1.241986224378539,1.0874013939467826,0.6546840258464319,0.2965165689803322,1.2532257152371584,0.4633067118180258,0.7390252553967025,3.690782683027343,0.7438913159281955,2.3409402360367397,0.07815309358558076,0.08384872089032959,0.287940060776678,1.4416119475176357,0.13238148752699186,0.22838912725253738,1.098795456642792,0.40089639878346867,0.9509494284613507,0.27916703933144055,0.2824133491830934,0.3060127343869416,0.22236754162895772,0.3732365667250942,0.3001380751852919,0.37786597188784027,0.38490341037163933,0.9388391208885573,0.234259058175532,0.3803412068765144,0.3542014786475479,0.08933618744291816,0.6289062951727176,0.207687183541178,0.28996873580902405,0.4916060160265189,1.3984847629732813,0.2957043849636048,0.14898274333629324,0.9821903530655731,0.2262929540453314,0.07811634484065877,0.20600253100539528,1.050649072403837,0.5385391140876086,0.6644779344043731,0.31341101750317174,0.6530291275418546,0.4349754106913371,1.3755205129125139,0.4119432624698188,0.8284963448622304,0.38343025473806835,1.6056145894550364,2.320956812479341,0.15162956292054525,0.24190549104008152,0.6055129492967694,0.16998336051601387,0.1532204922703109,1.9206770974815506,0.2539436154166936,0.3223297808788027
Colombia,0.40918747591554794,0.44467881082908317,0.8315677869826608,0.46778217456213855,0.4316858618110226,0.6892473224535255,1.3748212736480137,0.3478953383347301,0.422877848327758,0.6239330511032988,0.4267892093438133,0.3890825481192657,0.4054318079525623,0.42280789072616226,0.3934300972883472,1.0,0.4371315903771043,1.411362212988024,1.4066882247780446,1.2862954960091633,1.1748419742183125,0.5993984401312624,1.5815475846790967,0.7009575141374706,0.9929835832207462,2.7599153839531305,1.0528868438378447,1.8623988276530499,0.4897055554350669,0.4239051003292852,0.6436538689754293,1.1615503753847527,0.49945660368354033,0.6436177275519532,1.3445046671364287,0.7176517342433223,1.417242967274568,0.6689553317421164,0.5495979803549822,0.5710945295487326,0.6008012883089853,0.7467961618239849,0.44052202779107885,0.46026301279014115,0.5739887835989608,1.3456990135185856,0.3606749787332889,0.9288332368322171,0.7927636353939937,0.4943986547056817,1.0586999826288637,0.5337637427369205,0.38327384585851276,0.7615749525612775,1.4692389377881023,0.48221128058926627,0.5030692849372714,1.6405028343428383,0.48040105140920136,0.47445161462230795,0.635217898774648,1.5649714970648623,0.6983626109438196,0.8885197099685147,0.46762851297395525,1.1709355487598685,0.5921688063412033,1.2513738018737304,0.7642223182124632,1.0073214875498109,0.7861569861919361,1.4738939382615701,2.357686064451567,0.48768075525616533,0.6935332232125679,0.8360356125419718,0.5074348644912619,0.49197365630252865,1.7875827713721044,0.394087379745658,0.7712782987354654
Costa Rica,0.1709157264256933,0.2579473553520586,0.6839903517214769,0.2678298994038945,0.17371018378367395,0.6292446229526695,1.2133436755920903,0.20386203196325503,0.19785718040485292,0.5189555627963426,0.1471460888227257,0.14531106884331355,0.24591038479276267,0.21538019615106674,0.16075499573457244,0.4371315903771043,1.0,1.1691341604287084,1.3077332852701427,1.1826438880644128,0.8048145435483498,0.36988410964307394,1.2654697639585342,0.5020966065377123,0.7736943606215608,4.107783255838021,0.7761845565127532,2.1763286056420412,0.19596223276299332,0.1958128168064224,0.3619340450641613,1.446878596869981,0.15635903713919694,0.34460626602314776,1.1948641056627092,0.41481921622259893,1.1414290637838296,0.35390133944406577,0.3810996569371883,0.3412885339036118,0.2850799694657077,0.450873234699307,0.33526201071161144,0.41908735972560124,0.4503000188496259,0.9773710616458905,0.22575658913408744,0.4735104715545866,0.45690760411791564,0.176033501850626,0.7436510476053934,0.3096242194055587,0.256949312591146,0.5902938788304017,1.4104586902163077,0.30156483131693607,0.24042963096682693,1.1387272210856834,0.26920331790452523,0.1721258345997669,0.31108583090184133,1.1175162315016884,0.5762903095765466,0.7271200384269616,0.348436443640136,0.7151670995079138,0.4729725585019259,1.4080578091665783,0.495358770844133,0.861554862444619,0.4966402457657242,1.6518401720911282,2.461445693250796,0.22112163417031605,0.32152182292335163,0.6886228646907641,0.22790560546010954,0.24634908334233357,2.049665955176481,0.30887429703487707,0.39896760499096173
Croatia,1.178722245041519,0.9796619252089591,1.4702246795700145,1.0562018671873559,1.0751604451428423,0.8549890552383543,1.479642241842197,1.2323281331683202,1.0841969955011075,1.592701191176793,1.138874493847006,1.0779754519351634,1.175014481229138,1.1122090884812847,1.1175514445909902,1.411362212988024,1.1691341604287084,1.0,1.2066882776854742,0.9521865374836851,0.8631046965915757,0.7455190055977724,1.100009165175667,0.7749620188273271,0.9389562101296012,2.121122869485231,0.861181152674441,1.6529866008571263,0.686138808135445,0.6720597953127464,0.8474933604347473,1.2758315995906977,0.6937905179750387,0.7732366396595788,1.2401330427424373,0.7684812429059313,1.06684108400733,0.7848779018683208,0.7076025927118946,0.7533879246772017,0.7526751534855556,0.842892199401848,0.7262150761472885,0.7195302550938707,0.6941600384695459,1.1677149836175795,0.72806250921883,0.7051306059752884,0.8287417816600949,0.6755463167334321,0.8258049980241455,0.6443754445679355,0.7951407921715796,0.8349354918493677,1.0901549544745164,0.7023347332802514,0.687665688691507,0.8815251886454195,0.7132026336798513,0.6777965398219192,0.7401907022114661,1.2273474784666445,0.8165147716713208,0.978088114005479,0.7347477898916205,0.7989254560329331,0.8108691485154443,1.1401078402872606,0.8084118392866199,0.9795617941384718,0.7156771043584469,1.083945786015697,1.4592288145609729,0.6729969218592519,0.7328833190140561,1.0566571335058046,0.6997462216635194,0.6696088075546819,1.371420679180401,0.6954693064864741,0.6708445546308162
Czech Republic,1.2474696983710696,1.1387870970172154,1.498242964566759,1.256441860316306,1.2146962454635255,1.2576242048035107,1.6592434321104441,1.3054044150065505,1.2100452073804753,1.4810646101721487,1.2579010596616376,1.223842088744877,1.2605912266446095,1.2227639884452777,1.241986224378539,1.4066882247780446,1.3077332852701427,1.2066882776854742,1.0,1.208612740101467,1.742831941708123,1.8624087235201638,1.5068550376880683,1.273656257293942,1.263345660719596,1.16804987614581,1.8246964650098985,0.9631544639722909,1.3956693982725634,1.528772127632503,1.5796390318742557,1.36290818426566,1.3953660336842817,1.9119264170540413,1.7247851550095576,1.2963000281228132,1.3849834812364865,1.6245220125513455,1.5697243915032013,1.2792896703314678,1.6991159667667237,1.5030922613136297,1.2028501310812534,1.2341357116340417,1.2012737237455382,1.20038393140757,1.2337394309973782,1.8364945537722646,1.530350602255208,1.4390167170191899,1.2760269165141402,1.5650458899692345,1.4858333657017642,1.4760467827295733,1.377069863322521,1.052057930044705,1.572468732203144,1.6753653069428092,1.252489649354759,1.385867839733243,1.801415229501065,1.0295955422411656,1.2355831365728873,1.1243200426309727,1.191635351179302,1.3773328035133638,1.0893417871062177,1.1884108692371749,1.0491356904864602,1.0051386143359309,1.5021701490021266,1.1598716666830933,1.1819815678143664,1.4945826375346158,1.7020887062189616,1.8239490622122765,1.3190525093905008,1.3536985586658639,1.190441493912485,1.4023531459563618,1.7154125581011401
Denmark,1.074803311850459,0.9376854588519489,1.1272504389261437,1.126054539869697,1.0278360447196715,0.8622830897167811,1.1764029915529566,1.1752776878348516,1.048390169381593,1.2925010901963363,1.097916597350908,1.0482184681172428,1.1482688474724236,1.1220777140644158,1.0874013939467826,1.2862954960091633,1.1826438880644128,0.9521865374836851,1.208612740101467,1.0,1.5010919079182452,1.3233219078518181,2.1872552172723423,0.9346175807964993,1.0983113592405207,2.94148674303873,1.7047789318942703,1.7824483901357935,0.9572796016830106,0.9974416535583314,1.1636047659017121,2.42817689844855,0.9734555228719171,1.2729600868680642,2.55419090597487,1.0690859051705741,1.8499599776205715,1.1458402010028612,1.0492531263798885,1.0353034848552571,1.1611202272089858,1.1603389134670976,0.9156439740079707,0.923752306599085,0.8120117026623747,1.4878967042062836,0.9168354787332645,1.3058121968581915,1.2393192877381627,0.9427903429649779,1.183347103162136,1.05276565934582,1.0369425933366738,1.2629083363395017,1.7249355998501774,0.8380707168963847,1.0540236484961056,1.732898154438846,0.9996281756259698,0.9618457301347793,1.237397054331482,1.7942983609762289,0.9712554808121567,1.2003848772773866,1.0199165130571608,1.1505992437071535,0.9790076558714008,2.38370918090204,1.044743615145529,1.2595882769178395,1.2371207259329549,1.0720972975838643,3.089342833605261,0.9809405411282969,1.1582458018970074,1.7378755810444602,0.9413538768450687,0.9795092138315287,2.0323872952420396,0.9866007528852249,1.0542278201350135
Ecuador,0.6825519870495412,0.5506009006624748,1.5167020903760977,0.6743174791885311,0.6131546962500649,0.6530290600916512,1.4063322153688083,0.7709085320203822,0.6064289972382165,1.1618908977338507,0.6775810468655572,0.6301292032890115,0.8310407220815098,0.7354703008408818,0.6546840258464319,1.1748419742183125,0.8048145435483498,0.8631046965915757,1.742831941708123,1.5010919079182452,1.0,0.4998569151792549,1.093980577033654,0.5664512862882879,0.8015628203051597,1.8780907994738556,0.7341542566740001,1.5904671816597795,0.434909834624082,0.42283541373479405,0.5477435280193503,1.4124448908128842,0.4549960887568669,0.465870636186833,1.0035237251127922,0.5878293212174838,0.8517295079396023,0.4658048777424352,0.46192378524643274,0.5447626483414644,0.45587500550997245,0.5615719022642223,0.5297179725213256,0.5620036072470143,0.530762970946894,0.9581636502689548,0.5375003942872455,0.4683757587557022,0.49101648199604225,0.42442381825553355,0.6502664276267545,0.43020214895052517,0.5771125355596834,0.5595200756408084,1.0405060675545537,0.5314394458577765,0.4685155355752254,0.7828223468325464,0.4929292604614449,0.44049137106458436,0.45224384722943023,1.0344002031929767,0.6473342586481625,0.792616838909819,0.5821362008705572,0.6579745840013057,0.6396917616745699,1.2815352194923282,0.6272517328831633,0.9603966724186417,0.48079042709254255,1.0764653336019256,1.7695039408209605,0.432792556246612,0.4736575510309601,0.7004765057484875,0.4912908187865912,0.4631406989292422,1.383589229331693,0.512002631655296,0.41383257842755317
"Egypt, Arab Rep.",0.35618396086021903,0.3239506868032784,1.11493365440905,0.30689691378401246,0.280428126636501,0.58530450294266,1.6254949604065008,0.3944898295920541,0.2884368941096308,0.8428117412251612,0.32197239133605204,0.28309573278899003,0.4170198936651822,0.39291649564488845,0.2965165689803322,0.5993984401312624,0.36988410964307394,0.7455190055977724,1.8624087235201638,1.3233219078518181,0.4998569151792549,1.0,0.8373832651637493,0.43088304484994594,0.8101800613333089,2.6584296130030407,0.5697163340067333,1.8655155583857466,0.26006685364387117,0.20380117460814717,0.343380789267575,1.1885747151070307,0.27298511264480324,0.18391139730602082,0.903982676473632,0.4654336119603798,0.8244324855808058,0.36381233975136634,0.34176519382109366,0.3907493727621427,0.26759843532005984,0.4480636522329237,0.3855635695375342,0.34956350335792746,0.41362275445951413,0.8779584570626822,0.3439280049011322,0.38437343848183897,0.399143170487096,0.2453979612762152,0.5659912118085901,0.2548229750449658,0.3416236988609596,0.46120105553687935,1.1068353365627854,0.40950305046627544,0.20027069745201037,0.7562448614192091,0.3515055312445183,0.25135692709655055,0.16590541127363537,0.9740721804092634,0.5781208342208093,0.7389351654917758,0.3557272597995766,0.6129744860869376,0.49738055682352755,1.2105177067894048,0.46841594436245465,0.869841181908368,0.3867217086013945,1.2122332051858717,1.867830725764141,0.27841048888202363,0.30350029858228167,0.4713428337301105,0.291876270114065,0.29283716716745406,1.6831943528629516,0.3134899437826262,0.28934761206522275
El Salvador,1.4001598724316218,1.1676147034980864,1.7300850252506772,1.0254566015925834,1.137568243839094,0.7063631399157199,1.8600867527536449,1.5224929836307999,1.1716133688425638,2.0585456692763584,1.2099542599974176,1.1949334813604382,1.2847171475527248,1.3098826381243096,1.2532257152371584,1.5815475846790967,1.2654697639585342,1.100009165175667,1.5068550376880683,2.1872552172723423,1.093980577033654,0.8373832651637493,1.0,0.8407408630373869,1.130113549178659,2.623271418034881,1.0729464387769645,1.6513741574078675,0.8592478858479877,0.871498409177123,1.1126866564555917,1.1746482433150107,0.8482385078508347,1.0706505973187255,1.2961628383291206,0.8622781453202879,1.4672095697184016,1.0582924525235418,0.9313181444782536,0.9687759577600216,0.952460986785897,1.0709650696259851,0.8476947619702377,0.822786055675992,0.7372878269794132,1.051570961407885,0.7951085791473472,0.7807177116564781,1.0807378310978026,0.8250563388656138,1.0280427813215602,0.8502996025365274,0.8697122903029453,1.1603059205809956,1.0114882517126869,0.7772070396094968,0.9212194328934958,0.730319754762342,0.893440256029275,0.8465203080344335,0.9825136156782921,1.3152004681998335,0.8292814033514132,0.9936781268725815,0.8811842285039456,0.7673641689746654,0.8980104422540287,1.1995122505891505,0.9257963749765302,1.179366584488755,0.9169069043263288,0.9401690283424039,1.6754554863327091,0.8095893175154513,0.8642344535932178,1.4776408778292731,0.8776368059184892,0.8431260306257912,1.6586066029991817,0.8841670108673256,0.8122567138069263
Estonia,0.46006336599879505,0.47035653395865157,0.8617746668698278,0.5718839631448954,0.44290796890875606,0.6643727653166137,1.2710258855286154,0.494645378868698,0.4755454641083149,0.7758099386773857,0.48171141701112313,0.44327643257763616,0.5153520703914564,0.5508133567463946,0.4633067118180258,0.7009575141374706,0.5020966065377123,0.7749620188273271,1.273656257293942,0.9346175807964993,0.5664512862882879,0.43088304484994594,0.8407408630373869,1.0,0.8724898792579138,3.6635116462171355,1.0813121456232468,1.8699802769720628,0.5335067096674918,0.5037708990037361,0.766458919036493,1.5541448419479238,0.5200733107908235,0.742574970784545,1.4919823791706133,0.6292965065783241,1.3540224760282402,0.7417060088973848,0.6253130578921647,0.6069476118960054,0.6567814079284717,0.759680916344216,0.517736457489094,0.41175114008922137,0.3677193216945821,1.097172823902901,0.5234011695524757,0.8041318342249328,0.8023999356022903,0.5005524046078087,0.7921703687442366,0.5482794071532889,0.6048518760368008,0.8218633357453516,1.7144346046419965,0.4857470038971212,0.5398399091576953,1.3173791377059283,0.549625732942789,0.5196439352435547,0.6701638218472157,1.1648872483048587,0.5925425419895076,0.8681377464169094,0.5433423613557521,0.6988620711649042,0.6224882004375313,1.417196123533936,0.6542454215210584,0.9467062130148682,0.726305464506762,1.2324278004071667,2.3375579730516063,0.48679508486063827,0.6792129764349388,0.9901638743313804,0.5303069048820561,0.5436164655990265,2.068926191338521,0.5446045043257278,0.5555399764119227
Finland,0.7121581038970012,0.7475501915573667,0.9515020935128443,0.8290117612135867,0.7427508302412617,0.97993021235022,1.2388652626375807,0.7710668353409681,0.7478849404412509,0.8157381300087315,0.7394738670025576,0.7337388030242551,0.8205148437729768,0.7419182895257315,0.7390252553967025,0.9929835832207462,0.7736943606215608,0.9389562101296012,1.263345660719596,1.0983113592405207,0.8015628203051597,0.8101800613333089,1.130113549178659,0.8724898792579138,1.0,2.1161339827511094,2.2681708959082036,1.786661191225397,1.323433974979072,1.4882150715486353,1.2972623141582185,2.4740922144776363,1.3310725343137728,1.7058440204837508,2.054175884768859,1.5545473177077278,2.313347349171315,1.4278012244521958,1.6097346002126731,1.2940973380673486,1.6064018337463815,1.455310013549904,1.1827682938484645,1.5366959636575825,1.565088733842086,1.8647746947497874,1.1805178104150624,1.5547023898790464,1.519518724442499,1.3566150333069655,1.749219210094725,1.5876205354671538,1.3476636466459986,1.7323306984099198,1.251175041277214,1.0359363916537065,1.5555038737914064,3.3662008998559476,1.3732969106205564,1.3356741445599294,1.7267398769402915,2.3199498900239734,1.1798944307599128,1.2448522663522033,1.4015097316326126,1.981970400522028,1.1281610383280045,1.7895875588920869,1.4354322469658358,1.2065038163074462,1.737113267611412,1.4158201498992304,2.025312512110055,1.4355457244011232,1.4812639646624832,1.9615854852997896,1.2997579568154016,1.3574155170043867,1.6213513226548855,1.4358994330902721,1.7799894881327214
