Country Name,Albania,Angola,Australia,Azerbaijan,Bangladesh,Belarus,Belgium,Bolivia,Brazil,Bulgaria,Cambodia,Cameroon,Canada,Chile,China,Colombia,Costa Rica,Croatia,Czech Republic,Denmark,Ecuador,"Egypt, Arab Rep.",El Salvador,Estonia,Finland,France,Georgia,Germany,Ghana,Guatemala,Honduras,Hungary,India,Indonesia,Israel,Italy,Jamaica,Japan,Jordan,Kazakhstan,Kenya,"Korea, Rep.",Kyrgyz Republic,Latvia,Lithuania,Malaysia,Mexico,Mongolia,Morocco,Nepal,Netherlands,New Zealand,Nigeria,North Macedonia,Norway,Oman,Pakistan,Panama,Paraguay,Peru,Philippines,Poland,Portugal,Romania,Russian Federation,Saudi Arabia,Senegal,Slovak Republic,South Africa,Spain,Sri Lanka,Sweden,Switzerland,Tanzania,Thailand,Tunisia,Turkey,Ukraine,United Kingdom,United States,Uruguay
Albania,1.0,0.5025026372828229,0.694522525643852,0.18473800744448313,0.23565400882540022,0.8878521246225775,0.9840807782883143,0.233632854644636,0.1778655732105223,0.49096363609929083,0.4616558094388008,0.24843540857881752,0.30583005433748117,0.3493428771033787,0.27238931445247194,0.575259429658719,0.42442772510387583,0.6745561714189906,0.9430915783771512,0.93341920049325,0.661246878352893,0.5513279097585811,1.0694454032496088,0.6237691895314386,1.5309768504709902,1.1396035540972167,1.8421927955680861,1.2232945431508853,0.16480345855616507,0.1833210021926043,0.24832433238852494,0.9043429208400128,0.26857146664286674,0.40588673194584846,0.9976901420563516,1.6776296221362483,1.2555963869173752,1.6106428737323217,0.3667433889143795,0.4127080654160481,0.24322879754615542,1.6080823930527173,0.5284819294761671,0.5480950075119768,0.5785305346981792,1.2270641797179698,0.32851152831030417,0.8517665502142127,0.3047669655588896,0.24725137624507557,0.8813776782958646,0.6095945207231608,0.352301390878554,0.501825162776955,1.327018306696041,0.4448982205810676,0.38518906256584723,1.0611305090984335,0.4519616064457375,0.17260568398087064,0.4577006500844671,1.180675051235828,0.716043370247788,0.5572540597577916,0.36419430994368357,1.0279371204621517,0.9008398106915094,0.8529954235274655,0.6467447597574196,0.8287604689850633,0.6057076072255594,1.1070569031146633,1.2040224527304644,0.35107263516902937,0.5414814861612964,0.6415184987975058,0.5252575242816664,0.34557366304965625,1.0427662440515588,0.6361851559720351,0.5403358745478581
Angola,0.5025026372828229,1.0,1.2210004758411177,0.596413227956083,0.689273527473394,1.2743638790373435,1.5087213142089948,0.6235518227675837,0.5266797524730276,0.9286949251542338,0.42079577173801463,0.3815031162868092,0.7481583988841413,0.8703095422197988,0.7777150812421378,1.2387077367319543,0.9446535250466692,1.161422515489757,1.5503953509216124,1.5399157864197022,1.171324800930891,1.0643645497745475,1.5944196191487838,1.0710174392992358,1.9712295312358776,1.610684991087992,2.4886986412419354,1.7589465777091815,0.4912281335180712,0.5540144507009785,0.661166504805284,1.2955797204151551,0.7535607175240117,0.9611710269751987,1.4654253080151065,1.9201305763536922,1.5507678269679313,1.823330864961062,0.6902373824127288,0.6090049682008586,0.6994701944070321,1.8918839264068363,1.1346870812775325,0.7812560161265948,0.9703736569337075,1.644112924766478,0.9465220604747058,0.5692872196485657,0.4752793455958191,0.6934201256517558,1.5129152129571402,1.17776993235337,0.8730814455627893,1.1554413978060465,1.7380565301726167,1.0180819676814243,0.9584510853051555,1.4563337398208354,0.5024650195105071,0.6774490647709825,0.9838804851169531,1.6872886451567564,1.298750061404815,0.901382555448209,0.8043582455492714,1.3201859151428759,1.051444835382497,1.2195863397459217,1.221325585725407,1.2681467707927292,1.0943838340681011,1.620804772176294,1.6937420896465079,0.3372428398085571,1.0710579294245046,0.9223444484126295,1.2021190361175922,0.5429497538877256,1.5550133910944535,1.2537426315433486,0.5524615412953545
Australia,0.694522525643852,1.2210004758411177,1.0,0.58646040962843,0.6712807880911082,0.5066810436900417,0.47194330479663077,0.7265512362123998,0.6800028458814059,0.540765276804714,1.229998417419292,0.8453010303477744,0.5627176050794369,0.46519398066524403,0.6200359469378672,0.4411276437325774,0.5600960352958333,0.49501919099836633,0.4720514584728447,0.4673355701994193,0.4096634294701206,0.5066751324072005,0.44512549408362023,0.5592211075811939,0.578585042028456,0.4678572207640797,1.0396382348902253,0.49770537308388174,0.7428852706899833,0.7137440770580217,0.6065375779979671,0.5979031894265561,0.563321303788118,0.4444148041564038,0.40451196086867636,0.6038117551542677,0.5294155489758745,0.7031561753078621,0.5892405237365342,0.815091217146358,0.6194616891780163,0.6557787057103861,0.47876303461003755,0.7313342964834721,0.5399304683415147,0.47383675343040343,0.5018416257404035,1.258154467939944,0.6663238816001262,0.6508183512718242,0.41327356691325323,0.45482887413847006,0.5676886546504151,0.46648197309068706,0.5617080078922025,0.6869812125856727,0.5287660929938314,0.48226722017992274,0.9634862165244001,0.6640758234249768,0.47071790873841046,0.5074675687365203,0.45201314439709883,0.6020679576511161,0.5516624906439676,0.49219354665982806,0.9936659742900262,0.6097883292862736,0.4880137117726927,0.4778464153230101,0.5694075344431764,0.49040747277445307,0.5670299582514781,0.845696256423145,0.46436219934608286,0.505038379346556,0.4420175582385828,0.8239545092341537,0.43224405059816784,0.4393910725178592,0.8728070213261809
Azerbaijan,0.18473800744448313,0.596413227956083,0.58646040962843,1.0,0.23482132888516563,0.548078089151902,0.6187226068194525,0.2759583872887453,0.17261229959222588,0.427503587235777,0.5097443791655332,0.26611359453163114,0.32748166759054526,0.23724895382999883,0.2281430655504598,0.3837923005794939,0.26582503990345896,0.5701143865767013,0.7610590966983222,0.5517545008867003,0.3596042779243256,0.3125417571638268,0.6495528442295695,0.6321794745719276,0.9820055475840794,0.6994638005388241,1.6034981356898008,0.8093870080988935,0.16804513168703497,0.15934989903361377,0.23014734724822758,0.6699109512591256,0.21736170684170855,0.23030668578707153,0.5732266265221494,1.0384770381726154,0.7255752256740823,1.0057771874736816,0.41773238460505663,0.41787224729258815,0.20274120437337162,1.024497570107535,0.332104232615958,0.53864977921676,0.5696794841599178,0.7033392997118254,0.295242368396512,0.8586634507899648,0.3459734065492772,0.2575798177597328,0.5328691552819902,0.3613103802682045,0.24932970304052934,0.3751443346656229,0.8241249493746152,0.42115505969343237,0.24391339315455385,0.5502917135438854,0.5044147373150868,0.1935396480605673,0.2789895264314546,0.7910210580222035,0.5384282446475277,0.5214898422377408,0.34060942614879924,0.5800734850202973,0.8780678707721572,0.6499161730076832,0.4243510676053653,0.5515380724486113,0.39102383507706745,0.7355066691627268,0.7531916479408554,0.32933550908932424,0.35487505873035174,0.485482644630197,0.34347002721358394,0.35579048394846724,0.6656410755332232,0.39213709937292,0.4725596260311973
Bangladesh,0.23565400882540022,0.689273527473394,0.6712807880911082,0.23482132888516563,1.0,0.6170929999656842,0.6933390673125677,0.20222358740681814,0.1746406916686435,0.4189288508920764,0.6204476316973557,0.3866581481245482,0.2801618076799289,0.20039965031142,0.12777431518300703,0.38681174589067335,0.23706987042327426,0.5668589737373126,0.7091302906460265,0.6393085885540233,0.445976191773757,0.2840166254625466,0.7551624961128027,0.5561551628831973,1.1503573364584683,0.7967749726957772,1.5257911732403966,0.8673400245798403,0.22861128112277573,0.16441578178759766,0.18093629745827133,0.690589423336872,0.1665485447566268,0.22251707990889252,0.7246668205153146,1.328260885208861,0.9028614634517627,1.254536406345566,0.363920951301952,0.45560648547041854,0.23361353386353612,1.262990184926156,0.39189237619980516,0.5867257345902863,0.55275603588642,0.9266337688215982,0.21870983771850175,1.0261365149572035,0.38136236369417864,0.12699230531875058,0.6064075809974927,0.3653297128682002,0.23241846561039237,0.3268022645713335,0.961686670239525,0.41347079590561375,0.1913275952360345,0.745899401995014,0.5882965211323627,0.16278310595260045,0.22406992617613936,0.8208349620416581,0.5779569722719136,0.5298900988239608,0.27273133417683953,0.7751663055536213,0.9368020626816111,0.6600542403933434,0.44080774538662454,0.6436354704874006,0.36894077978990253,0.7873198489766453,0.9114112976469455,0.4310825542572824,0.25800259796402125,0.44004060272062134,0.32036606160990394,0.441990169562927,0.7214219328776368,0.37102393529519795,0.5887130679098412
Belarus,0.8878521246225775,1.2743638790373435,0.5066810436900417,0.548078089151902,0.6170929999656842,1.0,0.3246047740587822,0.6885611702958419,0.6347376495393935,0.685510924681547,1.3964009758501423,1.0547331085058238,0.6654583086417034,0.4038496446404898,0.5195787087324275,0.36584039201060586,0.4820706624383257,0.3702339300022495,0.4441643963208382,0.4339807300740878,0.2795572132331917,0.28587702593646086,0.3184696006650679,0.6022702584965599,0.4420031144553864,0.3897646659290355,1.0185644624985422,0.35289965429909276,0.7754732765839321,0.721611917389278,0.5026185684808062,0.477151697872192,0.5531063902472942,0.34905389935808895,0.29672535177502907,0.4180088044034087,0.38162456658470656,0.43034239440456296,0.5912856051433797,0.890495962899895,0.46813623854875036,0.4602660501829388,0.45564751644264045,0.699971398519593,0.5938780158382905,0.3550157731798398,0.4842243989041204,1.3321764313525244,0.6397129578873764,0.5697168879362424,0.3200018641821777,0.2993986050986472,0.5418311728185993,0.3850158873063608,0.4872711215320229,0.7341052230599654,0.4280884316582121,0.31164239711433595,1.2433474119085008,0.6640583002672149,0.32398453491726614,0.4181174867653925,0.4397797253625098,0.6612609019783762,0.5600801011062237,0.3401370591225278,1.1540911120485609,0.5099496285807646,0.40636656082520045,0.454387039390643,0.3586950020424832,0.5794863314596881,0.40601748716535035,1.0986473140987305,0.31385266077878904,0.5575533456820851,0.3709528039701078,0.920326408332119,0.3163231751851532,0.3943317750589631,0.9709939883071701
Belgium,0.9840807782883143,1.5087213142089948,0.47194330479663077,0.6187226068194525,0.6933390673125677,0.3246047740587822,1.0,0.7831087139234942,0.7367568405585398,0.6759635119664631,1.5251851849423061,1.1688590939686074,0.7009882823802177,0.43082023429464755,0.5681604418888282,0.3404554037654609,0.48431772400112066,0.41814572484301754,0.33579288892029335,0.2582883630854761,0.32399836882615507,0.33765277229268337,0.28028513176241193,0.6489812251872934,0.28726349841349424,0.23594693318788906,0.765180629511581,0.23099988823262785,0.8713783265606847,0.8024190994022223,0.569002740417134,0.5206402330612917,0.6297755750346485,0.38391185514973986,0.22471248899426496,0.2682469214158649,0.2793326628698097,0.2964881406580645,0.6909880667990196,0.958753154223957,0.543271089248679,0.2761961599726723,0.43275184852321585,0.8220403278564283,0.7039805612610087,0.24519631651421045,0.44728052573546867,1.615980193535005,0.7497177673096662,0.6515041483079289,0.24588550067712334,0.3246025323639287,0.5744210704973831,0.37940890077988754,0.3203906758824192,0.7967707735425071,0.4577772221872544,0.26643215861933756,1.4058875492969212,0.7212455692061854,0.38045427300775764,0.2566502233192246,0.3172698432684694,0.7491106103913292,0.6135975531716938,0.33781520204903326,1.2640717402821933,0.5333482025845797,0.36282012229453064,0.3565749199178225,0.42257852723010636,0.3306035443067967,0.2921596514600313,1.2604916652967804,0.3290649261341909,0.5876667597202608,0.3390343458026537,0.9769544484499824,0.2537414198820275,0.3272747906511409,1.0931650985324608
Bolivia,0.233632854644636,0.6235518227675837,0.7265512362123998,0.2759583872887453,0.20222358740681814,0.6885611702958419,0.7831087139234942,1.0,0.19518910358873512,0.3970956752303936,0.5060599154145617,0.33315891620639937,0.26059904178738014,0.25110351563816075,0.21771026472776292,0.40634930402617975,0.25340240177800527,0.6527765403209667,0.8128088771470705,0.7774402028073361,0.49016901226622056,0.40244708187899614,0.8569601652081045,0.5720888664148611,1.277526634811518,0.9134435858783716,1.5781141278222877,0.901987402820763,0.22453097644721498,0.21627024358796862,0.2674866223803276,0.647365093988538,0.23970596066370145,0.3687841866682493,0.806874018962063,1.2889518380519926,0.9621514217127811,1.2356337258649637,0.41651755933079965,0.38219513102886676,0.27024410769552265,1.2516394378183546,0.39364966005925306,0.5884179928287424,0.5186114166113304,1.0075776863352512,0.3007770903590731,0.9264134671500293,0.40289162634386966,0.18507821930795815,0.7594163608647664,0.4743914991247341,0.2584849829525915,0.4368288332288427,1.069736650444011,0.38824846104732724,0.2743840116198093,0.7882432100293941,0.5805538751623553,0.16130218919391615,0.3781774161735933,0.9369144073729658,0.6179660654459893,0.540183648707036,0.3165239948702317,0.7963674150764114,0.9189123317073176,0.6097911436845669,0.5098784374238281,0.6793402282518894,0.4211146621951383,0.8947661147888093,0.9811586672683016,0.3599605717464631,0.38838353156377625,0.5460212652260341,0.41349087051737476,0.32336536005987787,0.8109776072353551,0.42419368537470475,0.4752291776667307
Brazil,0.1778655732105223,0.5266797524730276,0.6800028458814059,0.17261229959222588,0.1746406916686435,0.6347376495393935,0.7367568405585398,0.19518910358873512,1.0,0.43313304187764295,0.4466592367580442,0.26525710638447964,0.26729723733938415,0.275169507577886,0.2090467705623138,0.426796167082165,0.2743256014067643,0.6182336355140694,0.8328503620695442,0.6996863403751109,0.4603831537654144,0.35863994280604833,0.8298295489013477,0.6701357548332282,1.2055613326522645,0.8599714461701049,1.6831127362156513,0.979338705377444,0.15156540841015187,0.1272564320683922,0.17501008113960562,0.6989826283798163,0.22456284044964686,0.2696315171534683,0.7491181564435547,1.3604283879689483,0.9399616465453888,1.2533027331884725,0.3904955969322266,0.41982149184359463,0.2380746071478461,1.3225640696498755,0.388969167551945,0.5892025599490374,0.6050585317892261,0.9703641860856469,0.2750177382765136,0.8367189563603434,0.34665604887818496,0.1741702683623574,0.6717666030106909,0.3902979301533174,0.2898141621982057,0.41775661282231497,0.9922571652835137,0.42679973498388596,0.27295939349946413,0.7633126270268218,0.5377693796990679,0.20958074253885264,0.27019746005146666,0.9421357379094416,0.608800111767813,0.558673770611598,0.3257698625939659,0.7899416459013407,0.904265290602346,0.7022413564311127,0.47423253244164126,0.6739642582098901,0.37465907946988614,0.8266131983771167,0.9551230519455861,0.3152115365394176,0.3194558609386868,0.5267876421382074,0.38008177923130243,0.3489767254486127,0.7716548662854736,0.42515727500715905,0.49439318081944517
Bulgaria,0.49096363609929083,0.9286949251542338,0.540765276804714,0.427503587235777,0.4189288508920764,0.685510924681547,0.6759635119664631,0.3970956752303936,0.43313304187764295,1.0,0.8537170015125533,0.6596379482508785,0.3994481425919143,0.42930111356068096,0.39486444682303523,0.4656591711569718,0.37662723977976714,0.5848011601110741,0.6566663309452014,0.6087338466688662,0.6047111409911395,0.49474812381656985,0.72592145282606,0.6887903246874338,0.9688034941263759,0.732522267109144,1.2526332746309008,0.8783881301036475,0.47713441297409315,0.4146086903529572,0.46616361033059195,0.5961550439846893,0.37192758485605465,0.4653501634453138,0.6739376735341862,0.997116970131918,0.7562605240454406,0.9370794196486718,0.5617210750516884,0.5343237600501358,0.40755251167766293,0.9414015241324265,0.366288337247859,0.6621458252107765,0.5658765472459265,0.7755097857789478,0.3526769405489396,1.24328176494986,0.4972413107173499,0.33317954630808316,0.5956886699574648,0.4176459443849027,0.3601014877724928,0.42553430460604813,0.8320903271891271,0.43574861256420994,0.3840679839607909,0.6984513746371285,0.8255921372800381,0.3849586575239332,0.4763184076903124,0.7412946039284125,0.45178611421105114,0.6359718823702594,0.39769057831099,0.6638398692478437,0.828836417053354,0.570617191364017,0.4112932130176919,0.47086985719341556,0.45686145117720356,0.625272762292052,0.7753323676762791,0.6719651312206596,0.44420635886481163,0.5653958872933105,0.43643049626345654,0.4814458132682963,0.6843896863380265,0.4264501910582774,0.7754725214584575
Cambodia,0.4616558094388008,0.42079577173801463,1.229998417419292,0.5097443791655332,0.6204476316973557,1.3964009758501423,1.5251851849423061,0.5060599154145617,0.4466592367580442,0.8537170015125533,1.0,0.33933566334208526,0.6468259930178961,0.7549991416729396,0.6625602908931596,1.041030436348284,0.84108741977523,1.186874574020227,1.5743200237891155,1.4516139478682517,1.1560474347613232,1.0215958080578365,1.6029674894736792,1.08555904576367,2.0841092548180393,1.6480578345005608,2.5271099969785458,1.847260440935202,0.3623283005233692,0.4710725656779634,0.5741775637177522,1.3442196457603957,0.7044192215661846,0.9230624875090365,1.4661386373361882,2.084600499043613,1.6185552274088395,1.9872060256040407,0.7457017651196135,0.5651609436743239,0.6086015816412025,2.0725266912930778,0.9058997010038317,0.809774084312542,0.9426412889791979,1.6722578830848938,0.7776461545980297,0.6940201211774077,0.5325141219137399,0.5972824813766757,1.437239430166176,1.0811246307068927,0.7255035142321289,1.0476333244339937,1.814568001053211,0.7387408663973584,0.8191585391541076,1.457300188354297,0.46208647945357034,0.5285900212773209,0.9285647174856559,1.779358049546305,1.1649316057596548,0.8856371121100018,0.7700225951419211,1.431660852162922,0.88689482005448,1.2427199674667495,1.1142691643602136,1.230406884878581,1.0467690139395087,1.5421164674746888,1.6908228644720984,0.3972994896712723,0.9029295921637928,0.902150539656557,1.037405630702892,0.492316497338322,1.5628960246372596,1.0591843667148475,0.5712552353248658
Cameroon,0.24843540857881752,0.3815031162868092,0.8453010303477744,0.26611359453163114,0.3866581481245482,1.0547331085058238,1.1688590939686074,0.33315891620639937,0.26525710638447964,0.6596379482508785,0.33933566334208526,1.0,0.38442677954079524,0.490178309244362,0.4235936397450349,0.7576789249752985,0.5543817926892778,0.8741461014391285,1.2300418675975675,1.1323824877777344,0.8680036966007956,0.7277927439575991,1.3129966222706109,0.7745520163380459,1.7520663054594068,1.3171497227838271,2.1580965402282413,1.5079098211458544,0.18990865989983055,0.29820522803676347,0.3488872946711592,1.0962615016741661,0.4097832891124669,0.5802656121584988,1.1870774903845767,1.849374989500829,1.3998254388060516,1.7319761368027247,0.4077989095565128,0.361840537634301,0.41208177290593745,1.815468197672731,0.6974066467852407,0.6573051965254937,0.7251114544058809,1.4092087041566657,0.5061395248723746,0.6663173816280562,0.34181941505915625,0.36549979016516115,1.1066163329823744,0.7929794108697281,0.5117971811574242,0.7322547695807389,1.4776521306253025,0.6552535353516042,0.5989514614317408,1.198067040768945,0.40530756885965397,0.3036129504797062,0.6365630928179016,1.430390308304206,0.9005462417518326,0.6648777996619093,0.48827348281665856,1.2008667963654236,1.0656246337393263,1.0208199764776968,0.8714566594798432,0.9656170507056061,0.7930475401579934,1.2737207228092375,1.3845568578037208,0.25421337207512495,0.6954298614115626,0.6675027461096679,0.7278806260589106,0.3649086096094308,1.2365977530665841,0.8153026152598062,0.39683290652114334
Canada,0.30583005433748117,0.7481583988841413,0.5627176050794369,0.32748166759054526,0.2801618076799289,0.6654583086417034,0.7009882823802177,0.26059904178738014,0.26729723733938415,0.3994481425919143,0.6468259930178961,0.38442677954079524,1.0,0.3126749550201328,0.28499692172541774,0.4603264079079017,0.2814384575325066,0.6189418704652376,0.7716590104234978,0.6913128052447769,0.5863556782528024,0.4464958318184348,0.7452506645155448,0.5305242598226256,1.200916639456834,0.8315683420363361,1.3419108707693637,0.865067048053158,0.3264285784116547,0.29321541367755183,0.3165505446153831,0.726191407339387,0.2645011684852913,0.38109240565351965,0.7265750303898377,1.208745951852383,0.9262191741692465,1.1416589462245015,0.3853852430577965,0.42159039686960476,0.3356186368990231,1.1385441918088879,0.38093084123172427,0.6421387982480451,0.5355963437077851,0.924427878822037,0.314492374348737,0.9590268186818518,0.49266868291070975,0.24470606674047962,0.6533907244067529,0.4252568166237088,0.33735501936175083,0.41722908601836267,1.0330373817150709,0.3893689419276239,0.32595152830235363,0.7397113392075272,0.6741402808518415,0.2772373459205004,0.40949052027642197,0.7976977644090114,0.5515299664061648,0.5778135212645914,0.40313374848882755,0.7796738996457007,0.8446875482916494,0.6519537489079912,0.4749181109284203,0.5344434756658074,0.4793367334194593,0.7568754848463086,0.8651159533824113,0.4496189536440236,0.41434176177909215,0.4656967447419633,0.37950103981461386,0.3794942745790095,0.7753699919310826,0.40487012028262853,0.5627931530596946
Chile,0.3493428771033787,0.8703095422197988,0.46519398066524403,0.23724895382999883,0.20039965031142,0.4038496446404898,0.43082023429464755,0.25110351563816075,0.275169507577886,0.42930111356068096,0.7549991416729396,0.490178309244362,0.3126749550201328,1.0,0.14273772945958782,0.1714212422493366,0.15180259011236988,0.4565981636622174,0.5554731492791052,0.3924720563599531,0.2906224084993719,0.176668782537022,0.46885372335357267,0.52492655584056,0.7622720851307798,0.4812634450503112,1.2996079431293608,0.6107264493744323,0.2807482560729182,0.2222010202524524,0.2083446489046061,0.5545538543588067,0.1476352447178408,0.1388553545364613,0.37563510896039265,0.9067404978315052,0.6181446239428297,0.8846753005279635,0.3415977150075627,0.4905638660117253,0.21216803875080392,0.870732580669002,0.2695801388901063,0.5495633238755657,0.5287526334419055,0.5914735639284465,0.1589125567976119,1.142897578865968,0.45476648692917765,0.1904113936762364,0.3270440445466411,0.1769531988666017,0.20146052996156763,0.29691238955958865,0.6585398175651291,0.38726480828683446,0.16328321219896483,0.4406224443558658,0.719875821773907,0.21688750718081853,0.12405847837613748,0.5123775024003108,0.37089916756172375,0.47826173286575985,0.2787454138372874,0.5255929250488784,0.9032261883104915,0.5347536547956249,0.2764266716204241,0.3999340149320221,0.2607370918272363,0.538664496330719,0.5892610423258193,0.5313428818142061,0.17607942847384175,0.4007432364159188,0.16332605727511626,0.5012908564341734,0.44138542193873676,0.20956248682632078,0.6534770035879209
China,0.27238931445247194,0.7777150812421378,0.6200359469378672,0.2281430655504598,0.12777431518300703,0.5195787087324275,0.5681604418888282,0.21771026472776292,0.2090467705623138,0.39486444682303523,0.6625602908931596,0.4235936397450349,0.28499692172541774,0.14273772945958782,1.0,0.265003018042144,0.15359503608773883,0.5017308692351743,0.6496904155236143,0.5247085844307238,0.3782011266260724,0.2255884098130583,0.6273873624982522,0.5829903106857471,1.0241873752872546,0.6844314149531827,1.3992402750155657,0.7516325060891809,0.2180020345734368,0.1982229831488074,0.24683715239146123,0.6113501430245458,0.151850548110669,0.14767037255881932,0.5833068520086788,1.1787346611146028,0.8042968217498121,1.1434695777389625,0.3969214057511863,0.4544197546045247,0.2090276397803548,1.1286360575809087,0.2784965241838325,0.6106933374520267,0.5380771613262588,0.7811189548599154,0.1419089658257907,1.1097681111696958,0.4430245644523099,0.10041963063926329,0.4832607010480147,0.2725210254184728,0.18363964624192494,0.3179116770562051,0.875220909226897,0.34548105136732676,0.1459109611267253,0.6399497289962396,0.7352400887357186,0.11445354098910054,0.15839637286192443,0.7039261575433792,0.49613797096660067,0.5999643304655703,0.2595373047106278,0.6719850341585409,0.9328333403383525,0.6064103491263784,0.3681026058248699,0.5280994430109764,0.3147306219279579,0.7050914923997224,0.7848837100376871,0.510122712515343,0.20590805331948475,0.4475262302178223,0.21331072555122937,0.47426801120653617,0.6148242868965101,0.265985804074116,0.6369191353111017
Colombia,0.575259429658719,1.2387077367319543,0.4411276437325774,0.3837923005794939,0.38681174589067335,0.36584039201060586,0.3404554037654609,0.40634930402617975,0.426796167082165,0.4656591711569718,1.041030436348284,0.7576789249752985,0.4603264079079017,0.1714212422493366,0.265003018042144,1.0,0.22790205379702097,0.45281980810908035,0.4265814925314315,0.3044353381749165,0.23370390902238258,0.25957075709444516,0.36197055056213284,0.5427612287915409,0.5876707450933485,0.3698284384646809,1.1417822005937386,0.46854707565389797,0.5345771431113838,0.40698133667403674,0.3204479130301165,0.507342259528539,0.2720073791792148,0.22511177656012132,0.29382406485256873,0.6282049942935888,0.48443617523734034,0.6664050802516829,0.402977892007037,0.6844216086128659,0.3283047774449822,0.651775773425741,0.2704152397995313,0.625511885081727,0.49890305984989913,0.4265382420282963,0.20081089343731032,1.4610481707083043,0.5093844947751249,0.320657915630672,0.2897999082576714,0.16933814281885864,0.2793994508341176,0.2694942473195493,0.46689854316909374,0.5273987478357876,0.2543950438239174,0.3327178657863707,0.9863947553144878,0.3860083915314863,0.19074042025242724,0.40874574666335683,0.2616716071405647,0.5352800892085612,0.369902414699698,0.43661613217231476,1.0148497951411737,0.5247479105874859,0.2606135374129766,0.38467732150597916,0.2291051817625951,0.40878278152152253,0.4663663855842425,0.8179221023148522,0.20035653789037913,0.46368781334584597,0.1764590361005631,0.6781969453962069,0.3464585113733475,0.1678973137886602,0.8429483561132621
Costa Rica,0.42442772510387583,0.9446535250466692,0.5600960352958333,0.26582503990345896,0.23706987042327426,0.4820706624383257,0.48431772400112066,0.25340240177800527,0.2743256014067643,0.37662723977976714,0.84108741977523,0.5543817926892778,0.2814384575325066,0.15180259011236988,0.15359503608773883,0.22790205379702097,1.0,0.512477077819018,0.6091470959027483,0.452860108768539,0.3500171354849555,0.21591352512917228,0.5354008009736129,0.5451399940836148,0.9002541871241847,0.6134121714051133,1.2677541361047775,0.6295291672422799,0.32842551369071865,0.2667640762435853,0.2869312571576592,0.5251415315850815,0.15286462463207492,0.16199550550151026,0.5169168586998957,0.9883273336520593,0.6590771623346755,0.8921672104026723,0.43828220807554075,0.5265415337906354,0.26292447441359323,0.8987276069854798,0.21734635493993967,0.6679631528812322,0.5340505216366822,0.6914108381116206,0.16355112224842144,1.2418088167303185,0.4702125412883889,0.1975598212746418,0.4172889973325585,0.24655911392829216,0.22139222486853444,0.2760946848266138,0.71613465104497,0.33252104969066854,0.1640207050189541,0.4873564745050028,0.8486553600847518,0.22521782930397075,0.19124071777469814,0.5772961516003248,0.4344738000990955,0.5440156491108432,0.2589983601959591,0.5622988706360043,0.9341145721168013,0.5125073797998727,0.2980574755501902,0.45002548715525753,0.26410523951098724,0.5832138177082484,0.659172300789834,0.5948294926274119,0.20303482817185062,0.4715159218564339,0.1875222979996564,0.5015686382569764,0.508219476653301,0.2050854848526235,0.7099026465395825
Croatia,0.6745561714189906,1.161422515489757,0.49501919099836633,0.5701143865767013,0.5668589737373126,0.3702339300022495,0.41814572484301754,0.6527765403209667,0.6182336355140694,0.5848011601110741,1.186874574020227,0.8741461014391285,0.6189418704652376,0.4565981636622174,0.5017308692351743,0.45281980810908035,0.512477077819018,1.0,0.5482448053574065,0.44669916052951963,0.39906042565949107,0.4371819595730028,0.40691327679412276,0.5920016851344253,0.5163924081633131,0.4725895473448609,0.9986928149272305,0.5352425067297035,0.6658745574211421,0.5693525361358347,0.5283763765690463,0.585249249522014,0.5526662917109346,0.4325803626337608,0.41039808118004784,0.529050537919638,0.5074577878086377,0.617492883102795,0.5972424153399574,0.8259553520490603,0.4808752379372352,0.6235470845198734,0.5339636339025785,0.5567107426144051,0.5144010959311429,0.4749563906038057,0.4894965623090123,1.276887011597113,0.6625127572177347,0.5327587448594234,0.43307503731777014,0.4411832163148786,0.5133908135610379,0.49201430126962686,0.5156975551728041,0.8068270992220281,0.4838484764225718,0.49270411043135504,1.044572519434202,0.6032547924632826,0.45273869244656206,0.5474346945872983,0.41731201470807594,0.7280721155349426,0.561197969369451,0.48589201284428574,1.1150885050210375,0.5762319965250318,0.5340596168479448,0.5756057880249512,0.4804401856473627,0.49188281438545284,0.5797031640148679,0.90129611700654,0.44784571363195036,0.6090519516504074,0.4775076040049767,0.6638037064101742,0.4223885266668652,0.48077121373598874,0.7647387892165262
Czech Republic,0.9430915783771512,1.5503953509216124,0.4720514584728447,0.7610590966983222,0.7091302906460265,0.4441643963208382,0.33579288892029335,0.8128088771470705,0.8328503620695442,0.6566663309452014,1.5743200237891155,1.2300418675975675,0.7716590104234978,0.5554731492791052,0.6496904155236143,0.4265814925314315,0.6091470959027483,0.5482448053574065,1.0,0.4339388440018669,0.4490571313310512,0.4964593696240141,0.33434089632379477,0.6159720582132586,0.3905804590402816,0.293556096822158,0.7934759352828912,0.3043840994903234,0.9364440501240447,0.8575369554761955,0.7474134551685349,0.44556696231766446,0.6827567450095543,0.5388887547861425,0.3469263473016779,0.4134096555407818,0.34182629310900287,0.38826132935256746,0.7652110377259711,1.0392822306372334,0.6201944429729181,0.4239837484290392,0.5198309626335815,0.8328229087354335,0.7026002696415757,0.3585417266899132,0.594104595744567,1.6040196362851953,0.7901366692040778,0.7012404868950459,0.32527649619026244,0.42316245922495926,0.6377753879799712,0.49706347728592837,0.4599532723278106,0.7917330184902005,0.5113080216577408,0.3936498217911519,1.4325750304589395,0.7316436340716441,0.5270984644286281,0.3158245760125511,0.4166316303445423,0.7313971296637745,0.7027302751337688,0.47320864164604914,1.1089463495342105,0.4955789245085014,0.45892602478269273,0.41987957372510326,0.5298235753488219,0.415456646338815,0.36729251473087055,1.261579907980039,0.48793216016799523,0.5877077649938502,0.45466086788214044,0.9361823659352724,0.29088908426897847,0.4555907443776162,1.153417621318099
Denmark,0.93341920049325,1.5399157864197022,0.4673355701994193,0.5517545008867003,0.6393085885540233,0.4339807300740878,0.2582883630854761,0.7774402028073361,0.6996863403751109,0.6087338466688662,1.4516139478682517,1.1323824877777344,0.6913128052447769,0.3924720563599531,0.5247085844307238,0.3044353381749165,0.452860108768539,0.44669916052951963,0.4339388440018669,1.0,0.2830826463985069,0.381944382892621,0.2890760927581001,0.6932455517111618,0.3457544391374123,0.3204108765445993,0.8082482078719486,0.25350083457050687,0.8493291311699751,0.7341793391164841,0.5856046952696486,0.551500739739524,0.5452693650880788,0.39467839030916174,0.26932571746476697,0.4118712745045606,0.3377407411377916,0.4414735635627557,0.6594524642615635,0.9727554663539886,0.53949468492325,0.41181570704847204,0.32223840244610913,0.8654124478117309,0.7903828273172977,0.3052600956991079,0.37735084822851195,1.7772530628137135,0.7360146492582701,0.6188491041038808,0.22945613938115456,0.3481968914271576,0.5167845144496609,0.33209614337098814,0.3327059325685903,0.8070129650879908,0.43494907739276745,0.24713587593582104,1.3178069597514899,0.691227200329676,0.3850203295344867,0.30014091289047923,0.32860416026984995,0.6669167618449697,0.6205523216077393,0.3848401656348184,1.3422061501931415,0.5539491795711731,0.31897840684560463,0.3476441852893484,0.40689645342560987,0.24107141630824255,0.41379738124701837,1.2103666023421513,0.36922996614324644,0.6017557691060755,0.30375440207795024,1.01974780680137,0.2852999159124085,0.33213661735639577,1.0860070813949423
Ecuador,0.661246878352893,1.171324800930891,0.4096634294701206,0.3596042779243256,0.445976191773757,0.2795572132331917,0.32399836882615507,0.49016901226622056,0.4603831537654144,0.6047111409911395,1.1560474347613232,0.8680036966007956,0.5863556782528024,0.2906224084993719,0.3782011266260724,0.23370390902238258,0.3500171354849555,0.39906042565949107,0.4490571313310512,0.2830826463985069,1.0,0.23337941448842614,0.2607661375546796,0.5605694524048478,0.44246165018582717,0.31905175780786743,1.081759921689701,0.358501175738053,0.5977292979965048,0.4992120914146124,0.3758584853865402,0.49090136867227707,0.39378613935739615,0.2597103049656404,0.2650448443790115,0.47874736662994943,0.3936505961433535,0.5562031799563322,0.432244675872682,0.7692291358945608,0.28861720737988633,0.49320214182828714,0.35803553562363755,0.6140042837263466,0.5944387304207503,0.28790200247931075,0.3811326622315332,1.3064898283443576,0.5185875119416563,0.39233723772575657,0.25924133017565476,0.2493638814941954,0.44574185850300474,0.3277865258906193,0.4609488922858257,0.6094389260386435,0.30754269103233955,0.2311355839261009,1.0417725542676917,0.4835953389913743,0.25518375969458074,0.32000477574986075,0.3322737877681671,0.5182587278738328,0.4761930291169866,0.2956235161391931,1.0127697496049346,0.5113151785334696,0.31069166181576446,0.32896541279127367,0.30536285580370437,0.4281905120400412,0.42202963966419377,0.8558485564530994,0.2334501059571034,0.41993414651854566,0.2869077743777333,0.7019475424525455,0.33147725394911587,0.28780750124592824,0.8187972043205394
"Egypt, Arab Rep.",0.5513279097585811,1.0643645497745475,0.5066751324072005,0.3125417571638268,0.2840166254625466,0.28587702593646086,0.33765277229268337,0.40244708187899614,0.35863994280604833,0.49474812381656985,1.0215958080578365,0.7277927439575991,0.4464958318184348,0.176668782537022,0.2255884098130583,0.25957075709444516,0.21591352512917228,0.4371819595730028,0.4964593696240141,0.381944382892621,0.23337941448842614,1.0,0.3797500806032658,0.5675951641971524,0.6140864195362945,0.44976576534204804,1.1642707314180842,0.4805427125458761,0.43088314707585107,0.3884967995705406,0.2989156317997021,0.507077203209858,0.255338666757456,0.13055176236005958,0.3188417499603392,0.7624627036217884,0.5203937258104588,0.7931224218681312,0.38614067993994994,0.6276547324228154,0.2622712237090755,0.7644908014939855,0.3159893038510305,0.6314201075795531,0.6229119420578395,0.4906477674128076,0.2639369183803453,1.2642341428903148,0.5447288545047648,0.28015881135292564,0.3016015876754431,0.19642086066800774,0.3242153877281347,0.2908633987300004,0.5696314381718308,0.5184647141570637,0.18335510491254678,0.3898330739022931,0.9723621545679846,0.33127583168818037,0.13098708283066235,0.4853700559818026,0.4100945418796453,0.5683008109874482,0.390805243591834,0.4270179403489597,0.9787722154866951,0.4854066674598971,0.3142457915571796,0.44870934637643983,0.25904818794814255,0.5315642804582066,0.569654994840247,0.7493127552576011,0.1583044478366699,0.41517848075674496,0.1974902889683958,0.6995527199073506,0.389465008401092,0.2148375747107885,0.8238859015606783
El Salvador,1.0694454032496088,1.5944196191487838,0.44512549408362023,0.6495528442295695,0.7551624961128027,0.3184696006650679,0.28028513176241193,0.8569601652081045,0.8298295489013477,0.72592145282606,1.6029674894736792,1.3129966222706109,0.7452506645155448,0.46885372335357267,0.6273873624982522,0.36197055056213284,0.5354008009736129,0.40691327679412276,0.33434089632379477,0.2890760927581001,0.2607661375546796,0.3797500806032658,1.0,0.67380566474483,0.34020129013414274,0.2675825421178427,0.8828373326102406,0.32056771793581484,0.946862198320243,0.8424957376841713,0.6012039629622785,0.4973548192245737,0.6487284317628876,0.4274029592140372,0.23092137908138058,0.3385642156959912,0.29002462562325315,0.36415260612127015,0.6942965409876845,1.0345519815199216,0.6244067295683406,0.35092167586910084,0.4077827134531347,0.8752326755004647,0.6537107408500404,0.23317384484157905,0.46841289647811646,1.707327174478424,0.7014949148874106,0.7348842491235085,0.22695548120774003,0.31996565778813857,0.601345661953936,0.39180596396963546,0.28743032340522945,0.7487680613142924,0.49490484250378153,0.2374315609151669,1.4741050571788585,0.7685455929957721,0.39724115581472524,0.2774581943364493,0.3285041004238082,0.6615765982669868,0.6609192608180141,0.26552428129918326,1.2239228132299658,0.5006283392518591,0.35621716657348795,0.31602220298657546,0.3965833719209875,0.3888898573482555,0.28940574515636397,1.3697756535175443,0.3700092608509815,0.5566193811377329,0.3580670821350318,1.080006923182067,0.28146973614465937,0.3453776645357417,1.255694264962757
Estonia,0.6237691895314386,1.0710174392992358,0.5592211075811939,0.6321794745719276,0.5561551628831973,0.6022702584965599,0.6489812251872934,0.5720888664148611,0.6701357548332282,0.6887903246874338,1.08555904576367,0.7745520163380459,0.5305242598226256,0.52492655584056,0.5829903106857471,0.5427612287915409,0.5451399940836148,0.5920016851344253,0.6159720582132586,0.6932455517111618,0.5605694524048478,0.5675951641971524,0.67380566474483,1.0,0.7667056655026114,0.6991455070740578,0.9056019153838357,0.6993252324040703,0.7087680744651678,0.6197781850533111,0.6099389770091479,0.7325413544399733,0.5239408936647072,0.5681723153447383,0.6853953860295481,0.7796955970493906,0.7735615929519932,0.9125937577879122,0.530938908422222,0.7068397743525408,0.5956797630559414,0.8180838714873397,0.6076427779476302,0.5607302457055938,0.5762475683361374,0.7778323079891462,0.5280649478357251,1.0509731981115769,0.6486430407198978,0.6048787816213108,0.6622723814150795,0.5780502021311176,0.5820353462952824,0.5126559760999647,0.7315672698002571,0.6820647179269478,0.6025336829610122,0.716248501072848,0.847131338397223,0.5958237487957985,0.5720954573806206,0.6511817414692647,0.6055579164516705,0.7357553180046956,0.6116947615369395,0.7273135905006556,1.075475169026662,0.7261368011383764,0.6220407675277213,0.6162519699967078,0.5834136399124432,0.6373614659243297,0.7427003211233585,0.781453821894196,0.5771817175477059,0.619344550216429,0.5740479155580307,0.5875609059687003,0.6337745128945906,0.5528139389194549,0.7803315150887544
Finland,1.5309768504709902,1.9712295312358776,0.578585042028456,0.9820055475840794,1.1503573364584683,0.4420031144553864,0.28726349841349424,1.277526634811518,1.2055613326522645,0.9688034941263759,2.0841092548180393,1.7520663054594068,1.200916639456834,0.7622720851307798,1.0241873752872546,0.5876707450933485,0.9002541871241847,0.5163924081633131,0.3905804590402816,0.3457544391374123,0.44246165018582717,0.6140864195362945,0.34020129013414274,0.7667056655026114,1.0,0.26034525008317577,0.6679041847728769,0.29331123253651376,1.397840919765434,1.26485469598002,0.9320666560347571,0.6624643583400812,1.0952591792549704,0.7141279967823293,0.3154799401895292,0.2553059282332242,0.2831395477529567,0.2187974010800736,1.028602902600475,1.4324295756672614,0.9050400024176304,0.22578858124245918,0.6764719371064285,0.9921607966991127,0.9618072238722444,0.2664794194284702,0.8586540393586231,1.8157139685372092,0.9608216736113263,1.1247597723817968,0.3055017587609589,0.6635675280093469,0.8797881135555286,0.5488681180017644,0.33322097246766,1.2293703499402608,0.8423058794681972,0.31754276666870435,1.8727270166308378,1.2315063116642366,0.6860569651286783,0.2898841409984392,0.4677254790512977,0.8890666770009694,0.9926831385240156,0.4373595569628992,1.5858786936980516,0.6376469804143914,0.5398383873854814,0.4905059109546736,0.6128159408610931,0.4137845087720631,0.35482788143619715,1.8042041262059696,0.6436584028788077,0.8154787988778445,0.6662582545660707,1.4884777042138526,0.2623568297047435,0.6571887759134281,1.3861582408605717
