Country Name,Albania,Angola,Australia,Azerbaijan,Bangladesh,Belarus,Belgium,Bolivia,Brazil,Bulgaria,Cambodia,Cameroon,Canada,Chile,China,Colombia,Costa Rica,Croatia,Czech Republic,Denmark,Ecuador,"Egypt, Arab Rep.",El Salvador,Estonia,Finland,France,Georgia,Germany,Ghana,Guatemala,Honduras,Hungary,India,Indonesia,Israel,Italy,Jamaica,Japan,Jordan,Kazakhstan,Kenya,"Korea, Rep.",Kyrgyz Republic,Latvia,Lithuania,Malaysia,Mexico,Mongolia,Morocco,Nepal,Netherlands,New Zealand,Nigeria,North Macedonia,Norway,Oman,Pakistan,Panama,Paraguay,Peru,Philippines,Poland,Portugal,Romania,Russian Federation,Saudi Arabia,Senegal,Slovak Republic,South Africa,Spain,Sri Lanka,Sweden,Switzerland,Tanzania,Thailand,Tunisia,Turkey,Ukraine,United Kingdom,United States,Uruguay
Albania,1.0,0.4887329340395438,0.5832754040513871,0.3756415899300175,0.2461881396499035,0.7230779692807078,0.7639876890952385,0.233125450920599,0.2302471212142044,0.4515004475476807,0.4231686903432106,0.20327024944014596,0.2910283992080772,0.44842624435946754,0.30544742497374705,0.5773504686311197,0.3866275779575694,0.7134685505059345,0.7441873135731989,0.7175446839223422,0.6180258954927274,0.5051815238437078,0.737731928589127,0.5567253224436021,0.9303444604056955,0.7881605049199989,1.2796979762748657,0.8222424528296809,0.14781326085293905,0.20656144141053706,0.3984040891563082,0.7653070582363884,0.2987985773130812,0.4941604079901532,0.7258752669552069,0.9629718509718991,0.8646733061614199,0.9255470261482249,0.35580721160835177,0.40913652235376124,0.3716239316197267,0.9493434375181277,0.5203588791363569,0.47517133684874435,0.49853854285950705,0.8403109240339026,0.4623023295400381,0.6939705706728664,0.39222585966522644,0.2528328856874027,0.6849871239803406,0.4901615766323409,0.44485638648470277,0.5547260885266597,0.9142263642418407,0.4261600630585797,0.4018704411830292,0.8703165266837162,0.4200233135761241,0.21661682122411277,0.48926102944374206,0.7617132761073321,0.637821552080173,0.647484191135472,0.4440159299548423,0.9884122034881935,0.7354025194571859,0.7647504918566354,0.5733247123925139,0.7052451598511329,0.5098916844638464,0.7897450602470096,0.8751595809791824,0.3148120082072445,0.4991648219011698,0.5399775446497911,0.5052430930280377,0.21302045871914144,0.7682328247909246,0.5222620962955402,0.4529026960481847
Angola,0.4887329340395438,1.0,0.9722048863501046,0.705377848398082,0.6260464003902128,1.0484469125245441,1.1053926739636244,0.6277580452196754,0.5784829181950724,0.8074208332755107,0.3668829249344366,0.3754018055551175,0.6433449732406782,0.823264614902026,0.7060108254705837,0.9618691366260234,0.7946056913703412,0.9862887037651904,1.0980590552439324,1.0842630167676488,0.9560620683265725,0.861965953283332,1.1041475015348101,0.8709099854303519,1.258613897279872,1.153975426855266,1.6025109072762174,1.1818866323377555,0.5364751571389793,0.5737629582051746,0.7490859729411973,1.1130542867094475,0.6969154265354951,0.8495904483302873,1.0741077633027887,1.3073021423578206,1.2310697933837778,1.2904291021221028,0.6690978390837455,0.6257918276986343,0.709797219230506,1.307976908008779,0.9058375777991351,0.7976448583800115,0.8684892423623556,1.196222324993498,0.8697862718225907,0.6235423453164225,0.6452524112019598,0.680949529144095,1.0490762388099464,0.862135115764812,0.8474756728603974,0.8956236865275162,1.2875167368852873,0.7882382467776575,0.7634520987352257,1.2255257691181356,0.4718564438707402,0.6240982508331353,0.8485361058700512,1.1474785532451428,1.0237700105673861,0.9580433327215617,0.8009215669824368,1.29767480509118,0.9212293653537814,1.1082148755899273,0.9517914409395045,1.0424200246628332,0.8502221372598391,1.1615131544857893,1.2285716726930365,0.43385411916134514,0.8695857243009608,0.8366658844489943,0.8964503222481767,0.5166829895495746,1.1304666742000953,0.8958156940988705,0.5505799177826621
Australia,0.5832754040513871,0.9722048863501046,1.0,0.5127134584106849,0.49325905230326345,0.5419824792361893,0.46310013312767473,0.526282598230614,0.5352522464693018,0.387555323781596,0.9579344896004045,0.7502906122458983,0.5198543889203976,0.3926132975455481,0.4195637673271245,0.45346783922266654,0.39170431025438635,0.5469977537163389,0.45355721331767057,0.42047135472088804,0.4724314202135539,0.4412673822361075,0.4910896618833118,0.6283919353068802,0.6103731073127715,0.4382020002877921,0.9698707967525252,0.47366759868978064,0.5464629410715379,0.5480825218567422,0.4862408634375042,0.4749319944626994,0.4747983151763465,0.4268592223555686,0.43785531631360036,0.5978520791476842,0.5571667860521369,0.5781597642595221,0.5002244910928706,0.6531283884785065,0.4953364921623942,0.592914973373093,0.40685398203008916,0.6322797486064432,0.5969460281469385,0.5241682342186325,0.4185462585199984,1.092626009425111,0.5528246393167892,0.41784561332699266,0.39994668038828446,0.41249356061473513,0.4392305136137971,0.48771420120631553,0.5898136548119621,0.5824058310387162,0.43470298613737424,0.609338657670056,0.8543083686545974,0.503065607418523,0.42746741333025423,0.43495508231234525,0.36089930704170686,0.4907294443730771,0.46494604995299954,0.7039577710138194,0.9765614959115202,0.5268806732668241,0.38348307664840875,0.5427457662330227,0.49540661335516345,0.46545869960646624,0.5611451403375436,0.7689708909034965,0.42009904771814094,0.647895599890594,0.34645869057137546,0.5925864332543417,0.46800374445640003,0.4096408487406989,0.759085878687013
Azerbaijan,0.3756415899300175,0.705377848398082,0.5127134584106849,1.0,0.20050881172847362,0.4792606046099964,0.5626651396347615,0.27225480893296394,0.21254676023056931,0.441657687689927,0.6881197743805734,0.4851991317889585,0.30685523918431384,0.22213321529180519,0.17928482892154207,0.3633795626663746,0.23409828579161343,0.5083538762827986,0.5698020438045972,0.5292179431838999,0.40432431194364954,0.2599062519700835,0.49174091844765544,0.5934763266031788,0.6787901203277379,0.562426931108127,1.0452408415471675,0.6180233369785023,0.2732604715041359,0.24467654754158433,0.15699641775513665,0.5590923565128675,0.21683402684185316,0.2346324790420851,0.48354611544354775,0.7075083232161674,0.613032641936339,0.6775655829610869,0.36142454960897447,0.3979474341673667,0.20507270230352614,0.7041441550628726,0.3147128537835773,0.5147842513012107,0.5973487205450939,0.5786584725090868,0.26670415528452435,0.9105126160164632,0.3097878052402903,0.22025812376769488,0.4778867428167157,0.3170595605463439,0.2683213373634449,0.37592194863081885,0.7000712620673872,0.4747338284237268,0.2095913637425598,0.5820001801477495,0.6028669584984039,0.21233809601763293,0.24595987286907972,0.5755694749592388,0.4526316257477366,0.5263601933903891,0.2930809223110191,0.6700131604436023,0.8041609506882746,0.5564687591222397,0.37730683443148255,0.48166895359894807,0.3363250714284839,0.6299506420857026,0.658283686462108,0.5763227329271378,0.29238566660632176,0.36399917551521127,0.28275857174792124,0.377046680636971,0.5533513086950109,0.3276163211003268,0.6674266385455533
Bangladesh,0.2461881396499035,0.6260464003902128,0.49325905230326345,0.20050881172847362,1.0,0.519297188163356,0.570194342930376,0.2160921774919526,0.11312441859536619,0.39840252163719436,0.6052008033966403,0.3783261214949227,0.24631782533373447,0.26566997039592294,0.12045091677822682,0.407223455232008,0.20933800608664654,0.5351268298278056,0.5746449396757288,0.5332671563944906,0.42296084399550987,0.2915015191085482,0.530942663342108,0.4938789197235804,0.7213937117486173,0.5911248471758039,1.1120223424138418,0.6348050651387053,0.18885649261036366,0.15358510742855108,0.23940322893341517,0.6141529638840374,0.1259649518764714,0.28236379017494034,0.5281884789208645,0.7634631551984461,0.6698738467844004,0.7228933245052452,0.31135097571268194,0.38829731011540003,0.18747463538052928,0.7479156150618415,0.351505351134392,0.4699889461869939,0.5154220100921514,0.6403744782242747,0.29408939124152994,0.8226370919931624,0.3098992111261115,0.1415412093116717,0.4872826883678788,0.2963686529273799,0.2899886826372931,0.38342043639972634,0.7309530820331548,0.4269970943133599,0.18548462696061563,0.657969056604074,0.51146633111736,0.10237896994950668,0.2729922016104549,0.5884007371805656,0.4709026430236396,0.5628102003115039,0.31378945743652065,0.7814955648166385,0.7768439516823484,0.6094306463848929,0.3810844932372482,0.527056029196535,0.3321554545299069,0.6272637413557633,0.6791951801062119,0.4746625769853974,0.3083320342946184,0.4032376445793681,0.3100438788664391,0.30208487805563017,0.5679535024712918,0.336931595961994,0.5418798890769108
Belarus,0.7230779692807078,1.0484469125245441,0.5419824792361893,0.4792606046099964,0.519297188163356,1.0,0.2916897070756176,0.6234401882350072,0.550658128389189,0.583331609217026,1.0819437128863723,0.8568268982590177,0.6035336986228403,0.39736588747161944,0.4556302578889878,0.3804396893326289,0.4434838408223034,0.36698540724911405,0.37962135447022993,0.30651649664899033,0.26150738868698253,0.2675675607807701,0.24241736964992924,0.7031821007412529,0.38314966645008536,0.30173624606276056,0.8682241479525038,0.31167294345585383,0.6484489297421099,0.5804895029630478,0.45547252661952325,0.4296303328395186,0.5049051259140788,0.2780823304681997,0.25435904515980695,0.3957380931731837,0.3952780707715162,0.40076269228620903,0.5921525526554571,0.7632960764035406,0.45518874069472065,0.4071547558923216,0.4139495217204321,0.7210030806939812,0.7496391684573632,0.3345155080180801,0.4276559332998581,1.1292327251058978,0.5639871564271103,0.5065056302979394,0.2672145491835654,0.3199563171024683,0.44608749672302245,0.37399738200619603,0.38346139480551933,0.7925068089424043,0.37969663298862083,0.36288530635347027,0.9465003619913601,0.5619061455516358,0.2797189876955535,0.37136519805087603,0.4086312269113707,0.6339510793470233,0.5235911492956139,0.43621108320968854,1.0914298194569698,0.4465289243286968,0.3477061242181791,0.46032454522034005,0.3974659822198354,0.4032623889871726,0.39355483427830557,0.9184608893513471,0.325345146692562,0.48319267494441154,0.3603660554601959,0.7267663520929126,0.31678324478925096,0.33576940326007154,0.8453282148822736
Belgium,0.7639876890952385,1.1053926739636244,0.46310013312767473,0.5626651396347615,0.570194342930376,0.2916897070756176,1.0,0.6432302783421172,0.6067725640903252,0.5305312319161007,1.1520179102905754,0.9203253703328105,0.632886491020699,0.39991225501116356,0.48862848876198617,0.3558117422464421,0.45721686161118175,0.4367934973091402,0.2922555796072069,0.19985157153657582,0.28229412187158925,0.3571205339583714,0.316460770936264,0.6717126998789746,0.27431477167247004,0.14569348291692513,0.7112823997684028,0.2116171588415878,0.691051551565937,0.6364319351401451,0.5389383517017043,0.4228430990498722,0.5350032965020173,0.3487000414058915,0.1761107101258901,0.2994852654249314,0.28812742391593704,0.2756207995076224,0.5959810956090189,0.7611372191957784,0.5134208156368388,0.2908594827627959,0.3898174409538502,0.7569757220201287,0.7077687447528859,0.2655796928737901,0.43436740541328617,1.2131667858975959,0.6026315034275566,0.5385304730531176,0.13410174494620383,0.3249557880844431,0.4869676697873999,0.3891499810668006,0.31928732985451463,0.7700718801843865,0.4172928560597524,0.3278090892902888,0.9571054959392271,0.6036099718783803,0.3430005078869375,0.2448370990547309,0.2985507666513502,0.5704600385649535,0.5353306454921942,0.45673135946451754,1.1237566322091415,0.4179653709213528,0.2953834018614222,0.36020711118223453,0.41472356444799513,0.2622931221392257,0.26693589204627544,0.9426240880353866,0.34326934208361937,0.5690078623390529,0.3368571874118617,0.7631370800259574,0.15112735120677095,0.3198665724627647,0.9014007626156245
Bolivia,0.233125450920599,0.6277580452196754,0.526282598230614,0.27225480893296394,0.2160921774919526,0.6234401882350072,0.6432302783421172,1.0,0.21869522049194443,0.3986190736200478,0.5872322388680663,0.3583631506178604,0.24785656443345838,0.31706703205313796,0.20742413370023738,0.40797514798286516,0.27210047023732803,0.6250922386690356,0.6280850544095801,0.6015444763899597,0.509270984159032,0.3862282939858767,0.6314125917058783,0.5071677783946816,0.7898886445368397,0.6569454951223298,1.1199964661729545,0.6962063496711219,0.16868102203780308,0.1435578964872278,0.3422972973178576,0.646785524071423,0.22963141587168379,0.3762945587803204,0.5906823348895219,0.8311218426631661,0.716572345398232,0.7852169195372278,0.2962742395413132,0.39450438414985467,0.2579920128577748,0.8095553317186012,0.3856049604455243,0.4489970890752238,0.45283905983114897,0.7123276523218123,0.32735088600542667,0.8058862594907674,0.33538692520980634,0.17837056788547456,0.5714655358860492,0.36805987425504905,0.329375669716935,0.4256538608434066,0.7895517862921065,0.41100350629741766,0.30342431768358913,0.7232674929384467,0.5076297558481976,0.15100486746243696,0.37522215953274995,0.6367725486698556,0.5111805078117194,0.5733856664868617,0.3438479731968598,0.8590104131383128,0.7621161975932539,0.6342151507250176,0.45998575220109816,0.56050482978273,0.3855857165421379,0.6733797937643659,0.750187458340118,0.4028631309593769,0.3844025416884388,0.4297745752239829,0.3805228394374409,0.27424298195418534,0.6420716571547942,0.3892300494244741,0.5715476033279289
Brazil,0.2302471212142044,0.5784829181950724,0.5352522464693018,0.21254676023056931,0.11312441859536619,0.550658128389189,0.6067725640903252,0.21869522049194443,1.0,0.38355796107011236,0.5744855835627365,0.3554024897934131,0.25125829514043385,0.3004319212817026,0.164268185053816,0.4367920364959724,0.2615256849372859,0.5774188783630325,0.6187721519679203,0.5799573357466975,0.4614502847054642,0.3377589913727,0.5921959037274419,0.5267520831231487,0.773291742168676,0.6350992103729004,1.1465588582131063,0.6848213454909803,0.14973838618160676,0.13563222758519136,0.25036990476115134,0.6324729154886813,0.17287145193918757,0.3219327992870614,0.5708536958203204,0.8085074020206111,0.7120831364247676,0.7735063646010786,0.3155708954305255,0.36705994207972,0.23094470278618884,0.7980749477113561,0.3835150361708773,0.47322712408696044,0.5285194664553623,0.6812285618455481,0.31995852168048783,0.8171435480877597,0.2659060188460729,0.16716239795261348,0.5338711375002947,0.35081571632402087,0.3118565386267748,0.4335516703911588,0.7651766256980533,0.42959864179211515,0.23676284270811543,0.6936696122299206,0.4481579538191839,0.1257282988914094,0.31455798447285244,0.6364145163591517,0.4957920380821593,0.5404724654445787,0.32159897318091446,0.8100438452978936,0.7708034350391957,0.6307047610474867,0.4227611092390291,0.5510885519886347,0.385354868274461,0.6675693556809692,0.7306788152780054,0.43091292770863754,0.3497408839126323,0.40768603296145983,0.363009637117229,0.2682142823177867,0.6112420869105877,0.37777662830671466,0.5309615657039799
Bulgaria,0.4515004475476807,0.8074208332755107,0.387555323781596,0.441657687689927,0.39840252163719436,0.583331609217026,0.5305312319161007,0.3986190736200478,0.38355796107011236,1.0,0.8255970450025748,0.6245957491677498,0.3880973987041155,0.3555491029373656,0.33464409645956855,0.4187705520781787,0.3728194882500967,0.5694992133902514,0.5004317605976757,0.5252240206486124,0.4902336758856628,0.45225463798730986,0.5836452877133642,0.6488415311878875,0.7166733793393946,0.535970079783311,1.0308307051892285,0.5852003670984208,0.3958697656352199,0.4179452953445759,0.4529566610899821,0.47938960356740035,0.3706848441174159,0.41598094210895575,0.5320481751279692,0.7130145338928909,0.6365575214152583,0.6779640439495114,0.434950442603175,0.5392577368496514,0.42894478375642586,0.6913001437542091,0.3662784568651766,0.6219397712732008,0.5527779494283475,0.6287771191585027,0.33641185786749217,0.9831933558040574,0.4265936524782206,0.34368298140039844,0.47333843422127014,0.37651282821693766,0.3887177427255258,0.458432056948496,0.6635186599798432,0.4478762362880747,0.37572724889661546,0.6483354730010258,0.6218765210027402,0.36640523251869334,0.4109075434592267,0.5090040003039312,0.3933271308842642,0.32543026072883596,0.37365994974508343,0.781335742067519,0.8339995589418917,0.49181849261837457,0.3720815943700458,0.4576638368972748,0.4396347247257219,0.5794341095366957,0.6525509875860758,0.6182905161054476,0.4064707092527661,0.608041972742232,0.37098646929784823,0.3994473635188078,0.518869447317683,0.37035699823808216,0.7397806769458493
Cambodia,0.4231686903432106,0.3668829249344366,0.9579344896004045,0.6881197743805734,0.6052008033966403,1.0819437128863723,1.1520179102905754,0.5872322388680663,0.5744855835627365,0.8255970450025748,1.0,0.26874545286421425,0.6159415923692702,0.8240204885476343,0.6917424424341233,0.9550483194532581,0.7567161076312162,1.0638215875986254,1.124803377264716,1.1091067221928326,0.9968121462961773,0.870706240736477,1.1041858697154314,0.8353788624427677,1.3012541280144618,1.1760793891310672,1.6224096878166614,1.2124086999202695,0.4940502164246759,0.5580995809703876,0.7178535256032956,1.1240914173584189,0.6596363804256453,0.864662542916686,1.1090997403763219,1.3411098628228746,1.2417903828481112,1.3066811478048053,0.6965391221779527,0.6029376299583629,0.7179236182237542,1.3300277292992049,0.895874285594587,0.7309529574880851,0.8073493290095964,1.214711785875584,0.8310675515938022,0.6541289391524424,0.6938444872943664,0.6460335617049655,1.0748793593559964,0.8783133086678144,0.7920390140409678,0.9229469459193668,1.2975656776286766,0.6632599598134179,0.768723847329132,1.2283610365852025,0.4572543030988772,0.5833930909168505,0.8614792405175804,1.1550230706453903,1.0254202360196374,0.9636455933917211,0.7709857258267478,1.3266758228689077,0.7728581897061194,1.1206309314092593,0.9497100579097908,1.0681073885852035,0.8816167907446754,1.1832197718310702,1.2445518328976382,0.3969158952081703,0.879493829134324,0.8340336474948444,0.8874454602610781,0.4851634716414733,1.1537481620173304,0.9065664977724944,0.5950772315057276
Cameroon,0.20327024944014596,0.3754018055551175,0.7502906122458983,0.4851991317889585,0.3783261214949227,0.8568268982590177,0.9203253703328105,0.3583631506178604,0.3554024897934131,0.6245957491677498,0.26874545286421425,1.0,0.40961354794031635,0.6031089935172396,0.45951904045165287,0.7204284818001441,0.5311816444647472,0.8275188543691254,0.8961937953085284,0.8734580594310007,0.7639313095463253,0.6368394031799166,0.8852315722628856,0.6307394599734091,1.0727009060650445,0.9477421924049902,1.426331483894831,0.9771887110047272,0.28346095352919304,0.3118475726154818,0.5264485759848893,0.9089907523483209,0.4467853417107552,0.6376551175753428,0.8762520097284755,1.1163629531503385,1.02143308103375,1.0820326337977773,0.45732977097416916,0.47145541525494344,0.4850902519582406,1.1049731598295887,0.6752028263515499,0.5238686453716322,0.6139208486310734,0.9927312509423939,0.6120269268699146,0.6577162261224916,0.50521526899451,0.41982617120750226,0.8463421772631713,0.6406618618934936,0.5703835023272661,0.6904076765852082,1.0625621439411725,0.530759422496213,0.54111818184283,1.011911776506722,0.3792792721510394,0.3618932123826313,0.6340980408726007,0.9297281741594869,0.7995718252943894,0.8013348821780674,0.5717922773878337,1.1245015093846227,0.7535713652912127,0.9062608146747623,0.7366940134964587,0.8598474562838381,0.6488580863065895,0.9459523637324936,1.0308516758005775,0.265769685194771,0.6573495082197437,0.6294108801636724,0.6637843328165158,0.31600603728906135,0.9251450229776539,0.6710562528009744,0.44171080404509533
Canada,0.2910283992080772,0.6433449732406782,0.5198543889203976,0.30685523918431384,0.24631782533373447,0.6035336986228403,0.632886491020699,0.24785656443345838,0.25125829514043385,0.3880973987041155,0.6159415923692702,0.40961354794031635,1.0,0.34955871192616506,0.2499612320624685,0.42356762074033205,0.29333885685024624,0.6012452952512503,0.5982097487381158,0.583561002464874,0.543232683837483,0.39153425695913663,0.6049248896336781,0.5231293711021012,0.7749767274846815,0.6549489742558227,1.103660102082881,0.6777798065571703,0.26499748799887124,0.243957084176439,0.3396921519327075,0.6051903632299882,0.24230021657224324,0.38306046513070485,0.5916857840953577,0.8082093598570215,0.7269372017605237,0.7777220201049891,0.37063349187821726,0.45201261072888166,0.3239138227360241,0.798148544963622,0.38430262788404357,0.4597624812054079,0.4853820940892798,0.6919741096645471,0.3363461433287121,0.8725930027457824,0.4099295700767566,0.2502113542655734,0.5547545506888572,0.38023456941195455,0.33087518776659186,0.42004857550439834,0.761520558915382,0.41966815733364343,0.26926787961423937,0.7103834232114172,0.5123216921931927,0.23554541400550358,0.38598673417999063,0.6270800314655731,0.5139183659893145,0.5432059119178778,0.3412119773230031,0.8334106380209721,0.7563165461002007,0.6256826499312665,0.4499057333339276,0.5518028443944956,0.41175879327869247,0.6612634388347562,0.7500597576185265,0.5003281100576572,0.4042859135614476,0.4327094210477852,0.3786108130737312,0.2908284425986126,0.6351957992845817,0.37120593208204355,0.5899997601112833
Chile,0.44842624435946754,0.823264614902026,0.3926132975455481,0.22213321529180519,0.26566997039592294,0.39736588747161944,0.39991225501116356,0.31706703205313796,0.3004319212817026,0.3555491029373656,0.8240204885476343,0.6031089935172396,0.34955871192616506,1.0,0.17129570726622462,0.22918366692899927,0.16091654837425262,0.4520626563225132,0.43048964162531234,0.39689001341068386,0.2771232037903322,0.20136932450951728,0.38351475064568646,0.5842054599265788,0.5457278771025649,0.40594927577865253,0.897190119285093,0.4704834335911234,0.3640553392856894,0.3286383907344544,0.23131861411353033,0.4584334818252986,0.21936108902637738,0.140444376868744,0.3229847091010975,0.5554811640191517,0.45479089269424483,0.5208412963346399,0.3402446553232456,0.483392142832407,0.20014309217544968,0.5488394837180482,0.2205659111565221,0.5700494034762686,0.5840813570568739,0.4229953290821873,0.19586008267576635,0.9667958939016517,0.33478770060769675,0.22526835227393466,0.323806038216519,0.190877683022042,0.23161841223274038,0.24728269259102742,0.5632717356143072,0.5101785431228447,0.1785470222480669,0.4588220718834133,0.6801126476829027,0.2692616416131906,0.15267297582364975,0.4230773979389885,0.3136685204228603,0.4478979046161857,0.3186994428363032,0.569789325829637,0.8913187637422533,0.4541117547489149,0.2615792233211774,0.33084640838250273,0.2105103105554449,0.4931664184512306,0.5080016801588145,0.6448647663882309,0.15477274906265903,0.36808371419292396,0.13472451514350353,0.4493167469749541,0.40000598381666086,0.20859048172763248,0.7134319882587579
China,0.30544742497374705,0.7060108254705837,0.4195637673271245,0.17928482892154207,0.12045091677822682,0.4556302578889878,0.48862848876198617,0.20742413370023738,0.164268185053816,0.33464409645956855,0.6917424424341233,0.45951904045165287,0.2499612320624685,0.17129570726622462,1.0,0.3039868753605487,0.13959484894615964,0.4808618905166679,0.4893120712379262,0.4550755671714764,0.3517159369208727,0.22300654568957404,0.4641959429399952,0.4981915220394638,0.6455908665162912,0.5031766679542782,1.0269562355964854,0.5507919522335503,0.23157530317017394,0.1810441859889736,0.20714320054196167,0.5234683656794005,0.1235340747919642,0.20499570826899222,0.43799585494110105,0.6757545306094036,0.5797838866640411,0.6371550074740048,0.276044051008047,0.4059549814251926,0.17053230563700902,0.6632974952407504,0.2597880980922417,0.4617444451091893,0.48758181335012996,0.551844861799756,0.20590154695488408,0.8797532877504043,0.30931157945479054,0.09966020236914884,0.40408561730823755,0.21348298184022518,0.21996306322023004,0.31185947673081105,0.6427443985847201,0.43008134360273204,0.12863800522142896,0.5756223608525207,0.5686025945489009,0.1346379137756021,0.19939695875898947,0.49785191734659545,0.3800486660750794,0.4959898717254461,0.2637699057683144,0.7025749036040314,0.8117461708581043,0.5180268346946711,0.3122491231570809,0.44501763021003377,0.27071811132353657,0.5425877397336027,0.6018304438167045,0.5256331913294614,0.22733967701180702,0.37759646087907733,0.21959045063089216,0.33319130228841515,0.4869279072967616,0.2438572571852764,0.5983237174188814
Colombia,0.5773504686311197,0.9618691366260234,0.45346783922266654,0.3633795626663746,0.407223455232008,0.3804396893326289,0.3558117422464421,0.40797514798286516,0.4367920364959724,0.4187705520781787,0.9550483194532581,0.7204284818001441,0.42356762074033205,0.22918366692899927,0.3039868753605487,1.0,0.2577861173754714,0.42124284372453513,0.3492174817009419,0.3297773779816591,0.3171487931449009,0.2365889571695673,0.36113320213378264,0.5766515378934861,0.4559305756615839,0.35127288258352274,0.7993802280974721,0.38483282187427614,0.5035286355026417,0.4246934589236568,0.3856845623594964,0.37846867572987297,0.35210881221820256,0.24153880765444097,0.27879360325604424,0.4844545044291032,0.37046678644609315,0.4333022322457293,0.4200568774809051,0.5873454753398528,0.33734970919093044,0.46307458118078837,0.22339020326716796,0.5496724828551046,0.5549442998105085,0.3661278229559583,0.20645916250755228,1.0925582331271573,0.5003615328863276,0.3581745078120762,0.29681106657565154,0.21472820985723243,0.2555392510731107,0.26971790257807987,0.4264312682217642,0.5863146518245504,0.2720768421420912,0.36153340254575206,0.770531854343116,0.40522901841021247,0.24067751319192862,0.34027630225481215,0.2803383828719363,0.5122604316044275,0.342421119282386,0.5377936515364624,0.9799192494302944,0.3599367606399974,0.30474498038149245,0.29997740312541243,0.2738327160083232,0.38395251199920716,0.4654036027618951,0.7489453956417419,0.2397609788832838,0.41035688633798295,0.21372155638196202,0.5658689828645593,0.3388147373410123,0.17086797466944428,0.812515581978726
Costa Rica,0.3866275779575694,0.7946056913703412,0.39170431025438635,0.23409828579161343,0.20933800608664654,0.4434838408223034,0.45721686161118175,0.27210047023732803,0.2615256849372859,0.3728194882500967,0.7567161076312162,0.5311816444647472,0.29333885685024624,0.16091654837425262,0.13959484894615964,0.2577861173754714,1.0,0.4907065057270183,0.459039529099173,0.42309780118951723,0.35209327111872096,0.21526485739350854,0.4201433403862612,0.5120568972040789,0.5998802163142901,0.4660745706783433,0.9781422019101254,0.510031309269096,0.3211143592259169,0.27058978851874904,0.24484220313258928,0.48970831633521633,0.15141941344922083,0.207758887490179,0.39500865862686735,0.62974065023581,0.5133785159616193,0.5829953694011962,0.3390397626871036,0.4419017022677938,0.20329912244073675,0.6082694510615765,0.23853982108253424,0.4944617991785652,0.529974455745803,0.4983854108552709,0.1633809260930673,0.941853541704332,0.36738720359445576,0.1774420342876388,0.37313252682234743,0.216589858582551,0.17280315120994377,0.3115886821275252,0.5942944318880636,0.4419012437834059,0.16147508916513809,0.5105679332096449,0.6211155185128047,0.21874695272256361,0.19856455975158166,0.45691944193458345,0.342129728077498,0.492402880205461,0.2783394895135246,0.6607072021023055,0.8563817535979947,0.49512449455572427,0.30485503343277626,0.4054653640672672,0.29116024023355525,0.511129382374343,0.5602278128061465,0.5914238654884459,0.2131783204525204,0.3938800642638393,0.1909956909173662,0.41346338806599187,0.45318000791822455,0.2221061365940565,0.6528892160498188
Croatia,0.7134685505059345,0.9862887037651904,0.5469977537163389,0.5083538762827986,0.5351268298278056,0.36698540724911405,0.4367934973091402,0.6250922386690356,0.5774188783630325,0.5694992133902514,1.0638215875986254,0.8275188543691254,0.6012452952512503,0.4520626563225132,0.4808618905166679,0.42124284372453513,0.4907065057270183,1.0,0.3911838380301686,0.38798017903239385,0.36836068601632316,0.3498566750437277,0.3779446550295473,0.7086767701903733,0.4382837172439675,0.4311099916301644,0.9499768061101742,0.39850137471109803,0.665716481676981,0.5760442179188303,0.5470512831216713,0.4387044836415946,0.5519636138442635,0.3843471324002374,0.37698041387853004,0.49672058199662794,0.5095174021851009,0.4995349513308426,0.5384318458173946,0.720312134487356,0.4847353972520074,0.5057244350185122,0.45090933563268015,0.6746954786005458,0.7447479246365267,0.45583523890234046,0.48933624551800103,1.1234478565117176,0.6301410062399986,0.5487121597731557,0.3858892382918157,0.3636101285390224,0.5073747710435428,0.39655385754076106,0.48041055230855517,0.8066961471825892,0.41840964015073523,0.4917184654900321,0.9147442792767784,0.5822319832366742,0.3827872967218541,0.45633817814614713,0.48003756667219405,0.6893270157295134,0.4999647532787565,0.5670095640416322,1.136589058836175,0.4343115750168669,0.47158759337086664,0.5089559428059433,0.38979301568967856,0.45542812649151526,0.5373496590355648,0.8907023128133041,0.4276632517427055,0.5909468190165823,0.4155094143624353,0.691748008989724,0.4140603151942959,0.37923318682695517,0.8442704323241872
Czech Republic,0.7441873135731989,1.0980590552439324,0.45355721331767057,0.5698020438045972,0.5746449396757288,0.37962135447022993,0.2922555796072069,0.6280850544095801,0.6187721519679203,0.5004317605976757,1.124803377264716,0.8961937953085284,0.5982097487381158,0.43048964162531234,0.4893120712379262,0.3492174817009419,0.459039529099173,0.3911838380301686,1.0,0.2921310343521576,0.3569295907023959,0.3920174190322793,0.3418943663699659,0.6595693689144759,0.3530035385764629,0.26922762037432624,0.7602534670347716,0.20807654479944684,0.6903363528757909,0.6194804503009372,0.571444432649683,0.26332949584889564,0.5275565432084626,0.40423423674664405,0.3045794441936245,0.36409212858581885,0.36893063154538824,0.3467751345945408,0.6107007368262467,0.723838009189514,0.5356794259086948,0.33341723537958223,0.36318492978373923,0.735176715869333,0.6842995699283925,0.373926422172121,0.42628338622589224,1.191239206208268,0.6732494937781165,0.5414251622885344,0.25020173309633387,0.3174696453706536,0.48635444144093287,0.3741175108813288,0.36414973536226,0.724523551864377,0.4210639357521817,0.3992571331611288,0.9351983413662871,0.5990274596214767,0.3878108358845526,0.21192208299502235,0.37124038221807126,0.5442161374449862,0.4637080216806399,0.5447978189283762,1.0901323652410198,0.2700259176558002,0.36974352152972845,0.40052852311421505,0.43003322117345205,0.31875914447188114,0.3226574921169752,0.9274558962021342,0.39057208876735977,0.6426357260222612,0.3832718921127799,0.7034523160069011,0.2842814205763657,0.3036015253916331,0.9285900261896513
Denmark,0.7175446839223422,1.0842630167676488,0.42047135472088804,0.5292179431838999,0.5332671563944906,0.30651649664899033,0.19985157153657582,0.6015444763899597,0.5799573357466975,0.5252240206486124,1.1091067221928326,0.8734580594310007,0.583561002464874,0.39689001341068386,0.4550755671714764,0.3297773779816591,0.42309780118951723,0.38798017903239385,0.2921310343521576,1.0,0.2852339249574306,0.31465257616105224,0.28857016955181725,0.5726992997982311,0.2964424405214331,0.2125618136398502,0.7606278875848321,0.20046190120453927,0.6610984388133744,0.5962374388132232,0.5203872049236572,0.4062373385388236,0.507777756368413,0.33658783642177925,0.23435670251325783,0.3590386971544321,0.326012612078658,0.31687642273056077,0.5818716401109154,0.7333822192951472,0.4975687683173649,0.33668689075000985,0.34485113310357185,0.6434365907617524,0.6043311091949662,0.3080826674412104,0.4018780883337696,1.2028966129615772,0.6053066574161128,0.49775993134240265,0.1644921571330334,0.315658495312823,0.4589994808681577,0.3935814725237489,0.2978269481911083,0.7287997215532208,0.3871470588596921,0.36497290551317724,0.947488406834854,0.5748984966826326,0.32626271203449475,0.23269691232117393,0.2640342597034872,0.6020502551216002,0.47615395326232474,0.5153822346812988,1.084565236773363,0.428362148597547,0.29356084234339963,0.4120102441266368,0.40793218155525957,0.14851749215769408,0.3654121184662191,0.9150292944542412,0.3382180380446844,0.5329510444984195,0.3106524207264531,0.7292078500016848,0.20364745918916363,0.3006751185116323,0.8440997776855906
Ecuador,0.6180258954927274,0.9560620683265725,0.4724314202135539,0.40432431194364954,0.42296084399550987,0.26150738868698253,0.28229412187158925,0.509270984159032,0.4614502847054642,0.4902336758856628,0.9968121462961773,0.7639313095463253,0.543232683837483,0.2771232037903322,0.3517159369208727,0.3171487931449009,0.35209327111872096,0.36836068601632316,0.3569295907023959,0.2852339249574306,1.0,0.23422591497583783,0.30468905098543475,0.6207034307271379,0.42740199837500414,0.3049737518727679,0.8544770291233197,0.3438450777302074,0.5503087629714745,0.4866011854651397,0.3952830901911787,0.44112769777341704,0.40849652012578225,0.2161524138708185,0.25383577025245013,0.4214169034059608,0.3789028022841588,0.41250373130843726,0.4731658005086091,0.6426664154160612,0.353736842294645,0.426890619018958,0.2952655161876228,0.663751695459239,0.6708281115885094,0.3408940011756307,0.3524058188766918,1.0670452998110733,0.45308290918881655,0.4094222930482156,0.23468922905215342,0.2315491106582418,0.3901157439530642,0.2647889591228369,0.4330134486754506,0.6806309967231315,0.3110224203320512,0.39751412032622424,0.8415029336951002,0.4621491845146495,0.22001861183983615,0.35402235486808564,0.3127750300216517,0.5552102753857927,0.4597605462674314,0.4949132915556215,0.999694975999487,0.44263277719452654,0.311683252843833,0.3715864596889589,0.27131392091864925,0.3913734481853654,0.40925187261014495,0.8168186657777047,0.2516891949939407,0.4336454269646784,0.270018908071632,0.6399142159650251,0.29489874779805486,0.25934427105722585,0.7864955291726551
"Egypt, Arab Rep.",0.5051815238437078,0.861965953283332,0.4412673822361075,0.2599062519700835,0.2915015191085482,0.2675675607807701,0.3571205339583714,0.3862282939858767,0.3377589913727,0.45225463798730986,0.870706240736477,0.6368394031799166,0.39153425695913663,0.20136932450951728,0.22300654568957404,0.2365889571695673,0.21526485739350854,0.3498566750437277,0.3920174190322793,0.31465257616105224,0.23422591497583783,1.0,0.306377155500681,0.5313342784279999,0.47131873912122,0.3661960584375005,0.9257199429624471,0.4010834089528614,0.4319822350144036,0.3508247380283589,0.2794055863616779,0.4408421022984702,0.2867186738856892,0.09892007017924256,0.2861618910469343,0.5187263345930511,0.44211336946586366,0.48920203516746946,0.38527775518334695,0.5431601583336492,0.24418027537362486,0.5129876350039158,0.25682475650266867,0.5243585131453582,0.5750469792929956,0.40001770300243483,0.249240045060673,0.9976869293713931,0.4007026989079593,0.2847132190643964,0.2783601139670579,0.16119122590409335,0.2591618612717583,0.253329017327075,0.489492147036877,0.5995543551269281,0.15652432765725388,0.4246189195953969,0.7467677746675725,0.33529096242201534,0.0930871301739532,0.399283773988006,0.32906461092794037,0.5594634667643426,0.32185466542553226,0.5490763998837631,0.9492222215346423,0.4416152865331443,0.27069211649003344,0.3984906052637503,0.24052291385638558,0.4205008227374976,0.47371960125021045,0.7033068291834251,0.18046121124174225,0.3334787864402575,0.18336504936315232,0.5182052541479287,0.3546078929063007,0.19291981131344826,0.6925290988394555
El Salvador,0.737731928589127,1.1041475015348101,0.4910896618833118,0.49174091844765544,0.530942663342108,0.24241736964992924,0.316460770936264,0.6314125917058783,0.5921959037274419,0.5836452877133642,1.1041858697154314,0.8852315722628856,0.6049248896336781,0.38351475064568646,0.4641959429399952,0.36113320213378264,0.4201433403862612,0.3779446550295473,0.3418943663699659,0.28857016955181725,0.30468905098543475,0.306377155500681,1.0,0.7187222945457249,0.32632307953008144,0.26655897906240983,0.7978896285665199,0.26423778246065965,0.6749094711638342,0.617636929330607,0.4669212227435385,0.43077591557442857,0.49130617343565525,0.30356706561790703,0.23631295015823478,0.33125101898534565,0.29099249472961003,0.29230142141287885,0.6370271823659323,0.7604896195399927,0.4738396784044015,0.3079119751955445,0.3657126104960752,0.7495130143668028,0.7517616293577593,0.2667378839815599,0.3949040418676545,1.1655429945731897,0.6336239630730526,0.5205282481091718,0.23101966826365783,0.31792003548069575,0.45614250786421123,0.3685601220269673,0.38173169751363983,0.7398035190627547,0.3907048688758703,0.2883958874649508,0.9845084230303264,0.5665881936889466,0.3023344304140426,0.27122472850954343,0.379176604951688,0.6374630441814491,0.5213785543532007,0.39503507290927736,1.0703293110852148,0.4469789628051493,0.3226807903782807,0.38670179524115517,0.3776757629403431,0.39039083683512854,0.3272300323697936,0.9616255160420315,0.3061891847183986,0.5572023659577691,0.31263277431073994,0.7459839742284807,0.2977961890872922,0.3216863296568381,0.9210221754993635
Estonia,0.5567253224436021,0.8709099854303519,0.6283919353068802,0.5934763266031788,0.4938789197235804,0.7031821007412529,0.6717126998789746,0.5071677783946816,0.5267520831231487,0.6488415311878875,0.8353788624427677,0.6307394599734091,0.5231293711021012,0.5842054599265788,0.4981915220394638,0.5766515378934861,0.5120568972040789,0.7086767701903733,0.6595693689144759,0.5726992997982311,0.6207034307271379,0.5313342784279999,0.7187222945457249,1.0,0.7850390056670983,0.6928657209296327,1.1334240436946506,0.6953517847585095,0.5707081523557642,0.4964034069734325,0.6272599154240476,0.7580169518049069,0.516463022946559,0.5808031731207975,0.6871853457093849,0.8677808617382852,0.8008457534492104,0.8138208256597248,0.5618626160526012,0.656834667675051,0.5442273921742224,0.8394879702915294,0.5668996279325719,0.39560674085267405,0.3815414658341859,0.776577764226823,0.5671583267688878,1.09159824543947,0.6448209858974122,0.4953348985133542,0.6248848388048988,0.5437791631173676,0.5651397396096967,0.6125834225434695,0.7685085442933064,0.6354971444561678,0.5021181238510496,0.8109365063452368,0.7299441695913336,0.5333957547103333,0.5544139712687323,0.6888086917422096,0.5778433310469901,0.8218157742841858,0.5234010657360086,0.9742213651334304,0.952492590563251,0.7773084698452396,0.5809532491840279,0.7536624014385409,0.588395927076023,0.5906712880439212,0.7922908535071439,0.6311905264415838,0.5860764493087682,0.5648175394012672,0.5618536764580094,0.6159652449232361,0.6715335227597152,0.563719505358077,0.592465266616065
Finland,0.9303444604056955,1.258613897279872,0.6103731073127715,0.6787901203277379,0.7213937117486173,0.38314966645008536,0.27431477167247004,0.7898886445368397,0.773291742168676,0.7166733793393946,1.3012541280144618,1.0727009060650445,0.7749767274846815,0.5457278771025649,0.6455908665162912,0.4559305756615839,0.5998802163142901,0.4382837172439675,0.3530035385764629,0.2964424405214331,0.42740199837500414,0.47131873912122,0.32632307953008144,0.7850390056670983,1.0,0.2519519377994091,0.6118550146571033,0.22505920896813794,0.8590722744697613,0.7874668410829988,0.6829179815958651,0.4783808416892133,0.6855722268649086,0.48685332754413907,0.27222669729987503,0.2382402457568196,0.2611339396353023,0.18840998824426997,0.7568154749527487,0.8798590437986847,0.6493879068170576,0.19826558385578003,0.520411013140643,0.8662886537188497,0.8371404469801719,0.27972809369056306,0.5740494001458641,1.3408248282064308,0.7827445052869774,0.70213270904025,0.2994737371983423,0.468389807300261,0.6314373835941457,0.5047674821805739,0.32947945681574903,0.9240902362331515,0.5584388873595506,0.29534475753869205,1.1281232018012017,0.758850510506234,0.47917266887294035,0.31113216637674296,0.46303579271960144,0.738033357557655,0.6377149228201865,0.4047288560498472,1.2716629558968995,0.4552115192939368,0.45218164576580794,0.45140315519215213,0.5224687553948694,0.3263417729335169,0.2873109933063611,1.1074212683978604,0.4800915384610507,0.6831401672341162,0.47399317466274166,0.9110440146858786,0.2661679456022588,0.4627845724701923,1.063096911223981
