Country Name,Albania,Angola,Australia,Azerbaijan,Bangladesh,Belarus,Belgium,Bolivia,Brazil,Bulgaria,Cambodia,Cameroon,Canada,Chile,China,Colombia,Costa Rica,Croatia,Czech Republic,Denmark,Ecuador,"Egypt, Arab Rep.",El Salvador,Estonia,Finland,France,Georgia,Germany,Ghana,Guatemala,Honduras,Hungary,India,Indonesia,Israel,Italy,Jamaica,Japan,Jordan,Kazakhstan,Kenya,"Korea, Rep.",Kyrgyz Republic,Latvia,Lithuania,Malaysia,Mexico,Mongolia,Morocco,Nepal,Netherlands,New Zealand,Nigeria,North Macedonia,Norway,Oman,Pakistan,Panama,Paraguay,Peru,Philippines,Poland,Portugal,Romania,Russian Federation,Saudi Arabia,Senegal,Slovak Republic,South Africa,Spain,Sri Lanka,Sweden,Switzerland,Tanzania,Thailand,Tunisia,Turkey,Ukraine,United Kingdom,United States,Uruguay
Albania,1.0,0.4271668091890366,0.9359868495955433,0.5412992251576683,0.59086021733073,1.6520826172549554,1.2957341521265193,0.7513487401756678,0.9546531080604478,0.7677475595175608,0.9974154766934457,0.8315356636473139,0.6710592922252584,0.6588596705202767,0.4900486748977793,0.9524675512800369,0.29522967725781685,0.5828831711557069,0.23675978436737405,2.0139483530715476,0.7626971939997099,1.2015100735329574,0.9625819291417503,2.0622139837460867,0.7322006740419491,2.4668465956523793,0.4491085801909202,0.38893630317971617,0.7001921454924762,0.5566247379670656,0.5692758500291645,0.228184149139787,0.6583417601278538,0.41326156981215034,0.40344212840263116,0.34907042658292736,0.7682077507762085,0.5303380519217363,0.5305265339503494,0.3656687444266737,0.4418050991438046,0.6305635749279238,0.772036527562167,0.3153954759980031,0.27893884470808017,0.22610054743403105,0.2747263916963408,1.2020499629825492,0.31286811350975263,1.374515341546747,0.2084134068479149,0.8497174498576848,0.5327032884893157,0.30863254326234557,0.5917622790455018,0.6124456826101202,0.7035995697282367,0.8601038602598672,0.627792916407127,0.8600449469954454,0.2520040173426262,0.2956482573106101,0.3050970299471821,0.779367073679068,0.3270622127886174,0.6789293430379948,0.9939060139921514,0.14570354353100315,0.3715896781981312,0.3813010408750009,0.27104543984765156,0.8116761637729643,0.3664426338134006,0.7163101812607368,0.8489105332258778,0.9370707248924693,0.44244212833896923,2.0529076055290045,0.6287668945161411,0.7666872696157274,0.6497492838648176
Angola,0.4271668091890366,1.0,1.3649386446750769,1.1564693218607969,1.2852725493008383,1.3068995227094844,1.445306605881178,1.392434790275001,1.63118089110368,0.8554998460103604,0.9948663446964615,0.966917730142934,1.0677959977185612,1.074427968268491,0.8172235455495551,1.3780708983407446,0.4632597200365561,0.5660179102250766,0.4080859623645298,1.6081215845354515,1.136688392221341,1.6954970998143102,1.4013901168479728,1.209367947246439,1.0802199230324459,1.8388510523338049,0.6437355732267456,0.7647833922419025,0.6162752279344111,0.7914501672414,0.7939048642966918,0.6457707778252144,1.3897834107553122,0.4147340123636006,0.5859243308200444,0.6518546760016972,1.2692514818299923,0.8289144950616039,0.8249169753342815,0.47693010559703297,0.5415341070470977,1.4574237452923327,1.5378684475575795,0.6294573650388092,0.7271234408276279,0.5598162446756678,0.3927934384303889,1.4651312515590145,0.7847068577530818,1.506790838933708,0.5948300851487867,0.6026617874587931,0.4670004071351779,0.6021914493864838,0.701103678500807,0.683362379104636,1.2035951284768043,1.5263442410932195,1.0252423570210512,1.3976435257970992,0.7637659551091605,0.42797716399380675,0.5929565701425628,0.9655210077629234,0.5860536264650088,1.0116597507047176,1.2475486757013838,0.5435724132366955,0.8913619054903239,0.59139720252546,0.5619102956005155,1.4499667561384963,0.6412341635888412,1.3971603141623121,1.1163127528418055,1.3851759149612468,0.6730708240518517,1.5490083849010012,1.2747514213285611,1.3751231137615882,1.010115722508155
Australia,0.9359868495955433,1.3649386446750769,1.0,1.228665242812483,1.3068990707539376,1.3245950412955747,2.110249937090524,1.0640802009500794,1.9752476775349965,1.6641377908994937,1.9266152402022538,0.8245774363655138,2.1426304025760996,0.873298778314099,1.1087852059550256,1.2312238029114642,1.0470128771803033,0.7173507511231724,1.0768820593897517,2.66713755518707,0.7480352579520437,1.4765598195686582,1.0772895856747033,1.5720490229307442,1.4112355258957638,2.944510733020208,1.9778089517161197,2.0767394226626665,1.368521901145559,0.9614036055530362,1.2364366508152917,1.4721478361340423,1.2006259959023864,1.3805712524607663,0.9687473062908936,1.424953805161091,1.1113721712566862,2.2247004440232074,1.1596128618114956,0.9154610753027203,0.8726259676645751,1.0466750002659784,1.1613831881938788,1.4566844814148738,1.5207773448970592,1.4389094093793642,1.0773876804159332,0.9118228907637156,1.9511929982696774,1.2001313854391058,1.5344273166508196,1.2828066761707793,0.7885430018503977,1.3987690181307082,1.1550580729911066,0.7068305537686804,0.9048156722664558,1.2070494510187861,1.0855683994060434,1.7688449326698126,1.5854789324919896,1.361468869961052,1.2064218736190169,1.3307363640438326,1.5544470187108366,0.8357487751809257,2.106239854736438,1.5562333991809592,1.578189127611989,0.9390456859941557,1.5304213767833763,0.9214200690334122,1.1282214672399016,0.9881860913761504,0.9583732085515639,1.650327977614741,1.5264682310261415,3.062783642470458,1.5621369984126083,1.350376028485792,1.0124542403217045
Azerbaijan,0.5412992251576683,1.1564693218607969,1.228665242812483,1.0,1.0065345906340026,1.4652218326732245,1.5631152444557144,0.8483520067524647,1.0260297806374776,1.2549196843180883,1.5980666657461362,0.6656721927225647,1.3812728119550624,0.4936174865484067,0.34212600118196795,0.9930433124614588,0.45308377487035445,0.6109547480472072,0.6951661257390731,1.2983828615739108,0.6037709408045985,0.8221316848147378,0.8016159573759593,1.2575007961400946,0.6360177569117493,2.2367460298837076,1.4774286070940836,1.4764997566297395,1.2012120084850477,0.5292423769960137,0.5294943866121039,0.8654344323240701,0.9697592270984454,0.7913127192706022,0.4238723995742795,1.0211898440540583,0.5465881047460855,1.5896231923816775,0.37990016616396344,0.4071436732783586,0.5176327731161103,0.8337732990709307,0.8555166202016916,0.7675752518630344,0.8793862994560833,0.6938042017024093,0.709951851125309,0.9097741799020881,1.3878854941238183,1.0378923104156228,0.9118287965766239,0.9334301422887914,0.5475228361347941,1.053181233112568,0.572673638434758,0.5373675081762125,0.5167633307166015,0.7671650187482785,0.4766980493215239,1.1022357220120498,0.8441229806897914,0.957039031256382,0.7886243458914217,0.6783315176305326,0.9314194558250843,0.5359981819804764,2.0175782735442964,0.946426666938621,1.0406087032617852,0.5783908714534375,0.7891474455574458,0.5339846557893894,0.7342820514811854,0.7950252310762388,0.687983456269196,1.4489658793348923,1.1667760738926178,1.3362599623923843,0.9790008762847521,1.0903366840932938,0.5268921240024388
Bangladesh,0.59086021733073,1.2852725493008383,1.3068990707539376,1.0065345906340026,1.0,1.3444666891535757,0.7663416666004291,0.2535047882055872,0.7451051545626076,0.6978550474346701,0.9652791554254105,0.5766475702414217,0.5825606361754739,0.5073764598780719,0.5225981817437498,0.46737358533383805,0.45629981879399234,0.6339773724978918,0.434116563201483,1.4672899701375137,0.4592832521006935,0.8359044530105321,0.6279311607567339,1.6105503170898552,0.7031450258556015,2.5132074542714533,0.5143721475889613,0.35077635162470117,0.816895952414541,0.5733965045212583,0.6011182252554506,0.36512980228660225,0.18574927010567857,0.5743784982978604,0.5041106300628103,0.50502310898149,0.6388518368836918,0.47591090954660026,0.5417055148702489,0.4800251406789478,0.5394776211279523,0.27028333864195386,0.33091623389232344,0.41459478513149817,0.34471278571941333,0.42471282440545505,0.4810718322915406,1.0092853706861882,0.39678256441442145,0.9726436696806998,0.37712686172436954,0.9091645760705687,0.5860788510674879,0.5071915061682839,0.6231832127391649,0.5437906383589917,0.5371771670594007,0.45183162602040716,0.6063902999458548,0.3708380926646938,0.33719627002842295,0.4884868749197104,0.4735195996821046,0.7245823350950619,0.4666414329309302,0.48550522193107704,0.8927965874668689,0.36584217681672226,0.44976806177587253,0.5079917051139589,0.4256312029808612,0.6479397932307771,0.4779861184183069,0.22923882118225064,0.5949859248698368,0.664495058663425,0.664551587953542,1.4138135270316892,0.46294043723679495,0.28955889050803696,0.5527924467869797
Belarus,1.6520826172549554,1.3068995227094844,1.3245950412955747,1.4652218326732245,1.3444666891535757,1.0,2.90588510147357,2.138835331581474,1.6034398328383181,2.7543853472737707,1.5733280857839942,1.2954599762800296,2.1555773548755357,1.8529254270423516,1.6240703130271161,1.9333234645812076,1.3603209786516406,1.2134139767198908,1.5159312924679185,2.7956461918824185,1.4772337440163972,1.7195369761438957,1.940304367092194,1.4324610733543641,1.9904278604511723,2.038728038448179,1.7294175045624454,1.7839432120936864,1.2921181421665215,1.4454886722371096,1.3992761180492959,1.580301283484992,2.228415948741819,1.4673383973827108,1.28511791534621,1.4209327086233636,2.1274666951501073,2.020064088117377,1.5520370607015892,1.3858570179896348,1.167656338171906,1.8758537529570147,2.2812462827674764,1.8421181645646436,2.0132875277293363,1.5478826271585246,1.186025446227014,1.1453854395339322,1.6324542058294238,1.4996073778839456,1.5646831756524837,1.7455135223057652,1.268974282328142,1.268097836336465,1.805648745093884,1.1167331478216707,2.0206825963020236,2.687898519601395,1.8902970594840123,2.222523000232685,1.7808304491170677,1.4730826684925753,1.5170991387188075,2.1646374181201655,1.8251062849878743,1.585866711244404,1.6333881702638542,1.5911359316548455,2.3572469633899518,1.5460091298602123,1.548648274213497,1.6831111771819371,1.667316506666952,1.9697157975301025,1.729149376843492,1.5387484560768976,1.328619847879344,1.4702480621456981,1.4544198217878386,2.286424406911274,1.6913886303170675
Belgium,1.2957341521265193,1.445306605881178,2.110249937090524,1.5631152444557144,0.7663416666004291,2.90588510147357,1.0,0.5644341790091348,0.9694930958535565,0.650777167145557,0.9990411567041168,0.7493724473993733,1.0745797822528382,0.6815492079904003,0.7234450835765824,0.6692035295702753,0.7116872027431179,0.8544496169560699,0.7227854186342456,0.8837721889149545,0.6411473745367734,0.9422758345384874,0.6474341346033529,1.157850567267369,0.8648833125722807,1.8357817040952435,0.8324744848794834,0.6735024218052675,0.9882280360641428,0.7824578668234852,0.722282056163304,0.6761748404197248,0.5911308536257373,0.8975416369165843,0.7068862189367779,0.721229956296551,0.7360567942458333,0.6602888527008467,0.7016594071855748,0.724217481291869,0.7451185243485126,0.7213912893824261,0.6544102608617649,0.7234893961102361,0.6570124212019053,0.7367400503933093,0.7562252266433795,1.0267635777038506,0.6385014477031794,1.1406935254414812,0.6703042341536228,1.3297713697191467,0.8281196668994328,0.7376874365685204,0.9046027969190843,0.7218325596452148,0.7289844200498728,0.7604002444142777,0.8381546180327103,0.7006678397343236,0.7018211271534214,0.8134731469834019,0.7075777501787883,0.8779693974033969,0.8452602985979751,0.6338860653744361,0.6773534988299429,0.697651651983843,0.6720710309108515,0.7516585207550837,0.7665480254711172,0.8399786720136214,0.7144303615803315,0.679636741215401,0.7050949939509731,0.7595124796462465,0.8548955462330059,1.2366880315452706,0.7763023775502643,0.5212013366660748,0.7659077415235075
Bolivia,0.7513487401756678,1.392434790275001,1.0640802009500794,0.8483520067524647,0.2535047882055872,2.138835331581474,0.5644341790091348,1.0,0.7863409133117367,0.8121997850281673,1.155361501990013,0.5425855524828584,0.6780086034137798,0.4681342278514731,0.5429521590258298,0.4011429551172998,0.5210079569228439,0.6816790382752577,0.5355679668985355,1.4276482050815515,0.4059206266969604,0.9223058975528409,0.6059790469755322,1.4949061704094495,0.752851135997709,2.4721170161790043,0.6623090242393446,0.5302088418098444,0.8858878811962266,0.5857046550513493,0.6221098009339238,0.49693251118703774,0.21402781864604695,0.6595043565291066,0.5398131412695042,0.6466983400077608,0.6504264388455542,0.5850411312512457,0.5440038690448884,0.5326408413244064,0.5710325316367825,0.36552272649177875,0.33846298640034617,0.5359127628714488,0.4718637624129911,0.5164931123264999,0.5820533907338364,1.0556433543908488,0.5518531347258515,1.011308192924073,0.5130178371154274,0.9961080374249255,0.6282052651725375,0.6414659875581218,0.6778380567620382,0.5252395231874013,0.5025805331590144,0.406836344024173,0.6422470664284515,0.47123477847916967,0.44394025567670076,0.6146937586344081,0.5854346060052379,0.7870989921532711,0.5627782924201492,0.4064533862771924,1.0388254002435133,0.5016970674009623,0.5422590215611297,0.5897968689575162,0.5213477646278177,0.6997672514062584,0.564609050745948,0.24654024865560398,0.5329633283558146,0.8030457591025476,0.8113314836137427,1.3949581966291948,0.6148488987531715,0.37079002896161145,0.5099712583591189
Brazil,0.9546531080604478,1.63118089110368,1.9752476775349965,1.0260297806374776,0.7451051545626076,1.6034398328383181,0.9694930958535565,0.7863409133117367,1.0,1.3324987243136681,1.6470319357643424,0.8786751637621381,1.775697457603353,0.815951316374856,0.7079163585147576,1.3277370247944507,0.7299028895683415,0.7207270742540526,0.8924348192988613,1.4236185060636415,0.8359773815330719,1.13284264868146,1.116456727327574,1.1742470608938382,0.9671229813863708,1.6334568246018586,1.7162409994941301,1.5420394221461755,1.3085665171052838,0.790979730464685,0.8140383877628262,0.9394263879309636,1.1940678829633387,1.0842174554600694,0.7237216459299256,1.0434116881434399,0.8512654690806339,1.7546999030075248,0.7318294273734604,0.7092102572801603,0.7568021674149598,0.9242953195661069,1.1266685809145445,0.9175973611922305,0.9984131382871765,0.9118931159232048,0.9148807655031777,0.9796099259581096,1.298830196874906,0.9947368535568257,1.0240205505097477,1.184447894377246,0.8072057712500399,1.091655811322723,0.8477869257728687,0.7580584563713093,0.856438496976271,1.0783386961264432,0.7874490732940528,1.4618261395945698,0.9822787684043297,1.1894615369669528,0.9149309977906398,0.8160866559451285,1.1682130044546577,0.8491915088115968,1.610772047760234,1.103392538967589,1.1167275008654385,0.7607301877860972,1.0026990544803147,0.8154829582377454,0.8938736579677193,1.0284545739411217,0.9867323295643384,1.308675246898217,1.2107387623000663,1.5388041839770625,0.8726183413020985,1.2430642989323253,0.8340878838362311
Bulgaria,0.7677475595175608,0.8554998460103604,1.6641377908994937,1.2549196843180883,0.6978550474346701,2.7543853472737707,0.650777167145557,0.8121997850281673,1.3324987243136681,1.0,1.0999276043160815,0.9631956716838723,1.1753573325841227,0.9307337824338608,0.7646187987298122,0.8629728500702321,0.6939317602883254,0.6796667955541391,0.5319279522912579,0.9634562695024902,0.9002043995044572,1.1858130471507544,0.9719942906270883,0.939007673041561,1.0219355460085666,1.777625543887774,0.6112966069476462,0.5945849749788387,0.7182380141023327,0.7733417217571054,0.7493062672503779,0.5706616137773255,0.8743442423294885,0.8436270875411507,0.6953421428661591,0.5248275487100148,1.0129278367938896,0.5056520607419093,0.7585803075254584,0.7358286504074445,0.6822212101232824,1.0013612095926665,0.9465066323064905,0.6712526275931546,0.6245802603618074,0.7060714939783055,0.5987665345054868,1.1681540604818201,0.6027928195146426,1.2397349362787449,0.5442391949278085,1.3260187360796265,0.7777225763060972,0.564264654348705,1.0608423317117406,0.799666856262208,0.9790445656470951,1.1079780504927108,0.865729169731907,1.0114444905050775,0.7204191862185031,0.6012022834634926,0.4964080483564173,0.9391381270390824,0.8193254063857938,0.8145467349846235,0.8166596848908089,0.5872056626132829,0.6327560749341007,0.6069233826764661,0.735771378415851,1.1600684960245702,0.5868794726703067,1.039797222365711,0.8465766854026215,0.9886224474418107,0.7298414541016763,1.2718249950128075,0.8981470945801535,0.796237649670212,0.885333517138332
Cambodia,0.9974154766934457,0.9948663446964615,1.9266152402022538,1.5980666657461362,0.9652791554254105,1.5733280857839942,0.9990411567041168,1.155361501990013,1.6470319357643424,1.0999276043160815,1.0,0.9579528507145721,1.0605694700133066,0.9360870417357802,0.8000721486856625,0.862940342835084,0.7130697154877867,0.8891014260404281,0.6371154449511074,1.1553657015423742,0.9083962033801116,1.0597786257125252,1.0359057770207358,1.2387195962300943,1.0442807394437894,1.9890258106406564,0.6886285481513378,0.66557241899369,0.9477540058294232,0.8389122871179728,0.830233033587263,0.6621193659443175,0.8198312304535698,0.8398499845466677,0.7509295809338222,0.7004373153221531,1.030864157155574,0.7607701918522587,0.8039783861192766,0.7630121342413577,0.7702537819510815,0.9223860508902014,0.9042036501992051,0.5855405271401998,0.6317231840635771,0.7301908078403463,0.6283103090080555,1.281946934510016,0.7002483090086266,1.291267736369514,0.6053591864704146,1.230679330636907,0.8655676605824294,0.6868931232256356,1.0052561687248935,0.8525421097300095,0.9657242822220985,0.9659589747118918,0.9017085849341511,0.9157466499045288,0.7349482526950268,0.6571720730490394,0.6831620237255149,0.8951910608669463,0.8036097072712888,0.8421356486441295,0.836793605490997,0.6399703432995977,0.8148924433478812,0.7354967818521251,0.7481071462037744,1.1282653783177572,0.6791781235476283,0.9099323689643469,0.8979081357782777,1.0417779635757873,0.7395784431204369,1.2956786988525801,0.8617894230539123,0.8098151957095004,0.9070613084239836
Cameroon,0.8315356636473139,0.966917730142934,0.8245774363655138,0.6656721927225647,0.5766475702414217,1.2954599762800296,0.7493724473993733,0.5425855524828584,0.8786751637621381,0.9631956716838723,0.9579528507145721,1.0,1.986914335501133,0.9925862111137069,1.226758734332692,1.416371350147149,1.0238744279351806,0.8813918197128746,1.198907238910988,1.2522445245436522,0.7145258817931787,2.060989418089242,1.1033396047286514,1.603471590204289,1.0397579199075393,1.7161921068800439,1.9301649735310997,2.0043762433516283,1.7249510115797007,1.270570916914197,1.1176918604680084,1.4439146376266523,1.40088187397549,1.2417934551610081,1.020455441691823,1.3857907465457329,0.9833379345913086,2.0730760558954007,1.1376060694679975,0.9870909324377667,1.0244997900416506,1.2656747184105648,1.2960036246448354,1.1988124478176563,1.3494236299720213,1.2780806374371745,1.1100181985861428,1.2913665723853704,1.8207846483590293,1.3212127196438284,1.3977947608231815,1.2147521612464276,0.9856303139159611,1.4743557158043608,0.9770041062704723,0.6464370858722686,1.3292245410164507,1.7708845772354815,1.4733422062711563,3.1669393042605716,1.3577417414722905,1.400027568426793,1.2679226509882062,1.072779045143508,1.4255621416399114,0.885981799240674,1.5897251410863937,1.4869673511305568,1.4704852763689935,1.0591550698729304,1.323276767366611,1.1592980264214483,1.2102183209208608,1.1561033623797763,1.1093280792843652,2.2289861340014507,1.3567783428122462,1.912376341149342,1.3841934624226262,1.4890216558920548,1.228046199265322
Canada,0.6710592922252584,1.0677959977185612,2.1426304025760996,1.3812728119550624,0.5825606361754739,2.1555773548755357,1.0745797822528382,0.6780086034137798,1.775697457603353,1.1753573325841227,1.0605694700133066,1.986914335501133,1.0,0.6178416957786799,0.5570023941423539,0.7003895526153873,0.42245451133417267,0.6685906831683751,0.4387059090000888,1.201492080623162,0.6427428536856064,0.79333970715303,0.8137687250664973,1.2229154524373305,0.6539934958671128,1.2171399967151624,0.46632478808907807,0.46336132837268224,0.6610590135866704,0.6083539546964027,0.6018625435469709,0.43925869272068047,0.49599830820452134,0.38896464762014116,0.5030789228105066,0.5598085634483859,0.7157344568671236,0.5694316887381864,0.5822418076295972,0.45708883723936883,0.5394861092927415,0.4698045494744726,0.5404670160508246,0.4397145996999657,0.4256640800000054,0.3505606877653443,0.4419954266942096,1.0072030989321452,0.5144021270345979,1.117494554936786,0.4326428394225563,0.7055520625754961,0.5814945425427301,0.5398629542790483,0.5651283100094653,0.6140313419545378,0.6351394269955754,0.5957753172694064,0.642339277111958,0.5556877124098658,0.3186688063513031,0.4162045037399795,0.522073465956476,0.757291629769057,0.3056013779407106,0.6170179679502577,0.8752994136223089,0.3652590269550914,0.568087263102315,0.535989227309214,0.30195230764904074,0.7215377422500557,0.5020865228396739,0.4792645028323398,0.7491336317968509,0.7519214591565387,0.6030119045540242,1.2426946415326554,0.5767324748556379,0.6110254412904448,0.6209632315689307
Chile,0.6588596705202767,1.074427968268491,0.873298778314099,0.4936174865484067,0.5073764598780719,1.8529254270423516,0.6815492079904003,0.4681342278514731,0.815951316374856,0.9307337824338608,0.9360870417357802,0.9925862111137069,0.6178416957786799,1.0,0.4666363644617094,0.6859341758708952,0.619893909803018,0.6412324712945235,0.7955642781743044,1.842289989788892,0.3674206063776155,0.7806301031902771,0.5225680371845665,1.3912172203554138,0.8155125740677562,2.3408644050194636,1.2395639340916038,1.0702862199368028,1.2529459032137025,0.5501602090879759,0.6565974863659287,0.8623889406484139,0.6525080009127614,0.9223849402630777,0.5432225122893111,1.039052597917612,0.4148390128697574,1.1990717231030543,0.4320314335789181,0.560190736244235,0.590008590353317,0.6196505108986023,0.5697753544869683,0.8347441447268119,0.85809375196184,0.8036432296966364,0.8144921047745292,0.9972091784151279,1.0612228327747923,1.0226012961381454,0.9056935430594732,1.063727953840566,0.6231943986564097,1.0547354624975662,0.6709935249451784,0.4277090272833157,0.26224104958021255,0.5171341775680249,0.6430921728347151,0.7141619030384103,0.7863352368013274,0.9955951709891194,0.8791854604125413,0.7544707376551023,0.919041680164046,0.21901071825419335,1.6805083009970734,0.9061044249204784,0.9683315940781964,0.6787356980293376,0.8406188624374679,0.5053473817208014,0.8236917870700133,0.516929859591899,0.5097705757881157,1.0321189271271953,1.1969175883605978,1.4107394873772099,0.875887749372717,0.7716413014433323,0.2920529369053828
China,0.4900486748977793,0.8172235455495551,1.1087852059550256,0.34212600118196795,0.5225981817437498,1.6240703130271161,0.7234450835765824,0.5429521590258298,0.7079163585147576,0.7646187987298122,0.8000721486856625,1.226758734332692,0.5570023941423539,0.4666363644617094,1.0,0.8927639166811017,0.4308318721931814,0.6407256450710758,0.7596826740654914,1.2793070780031823,0.5609229423707222,0.925255834809225,0.746228762262299,1.2499966973778338,0.6799339467982116,2.245245919068661,1.424348615890199,1.3458544780091533,1.2097321703524875,0.3591575903540992,0.4135067570729707,0.9076747859461132,0.9252657129665902,0.826819301073624,0.27775185403858316,1.068083269098256,0.5536387734636478,1.455076044379377,0.19244440263236892,0.40755208254709546,0.4174190808338015,0.8362034887602668,0.8210783946640335,0.8276032299852016,0.9301675205352019,0.7196961067355226,0.7154855567036636,1.0673271821218608,1.2945206077808238,1.138027586497082,0.9448970053779702,1.029785867198761,0.5570461974507591,1.0658230391037153,0.6184019559633809,0.4928020292855152,0.44463619656434256,0.7142928518419559,0.46904008204322756,1.015291614795369,0.8706504745385576,1.0057827666906973,0.8362762288632187,0.7312825731169649,0.9714486060082812,0.4203704841161403,2.0114832304398482,0.9624705491640554,1.0857885615144822,0.6106759296507782,0.8219413411417055,0.5908792466013233,0.8056478871737782,0.7553087045093692,0.6022752282459236,1.370518277027438,1.2011789671511786,1.3364725276602076,0.9740361978208634,1.0316844533063056,0.3643432395524466
Colombia,0.9524675512800369,1.3780708983407446,1.2312238029114642,0.9930433124614588,0.46737358533383805,1.9333234645812076,0.6692035295702753,0.4011429551172998,1.3277370247944507,0.8629728500702321,0.862940342835084,1.416371350147149,0.7003895526153873,0.6859341758708952,0.8927639166811017,1.0,0.6122538391251098,0.7948616416033006,0.6347840815203118,1.3236506204676664,0.5661690711384237,0.9983090797212574,0.6678729823551279,1.26311725293798,0.8707479946029771,2.1998683544318576,0.7424958221180376,0.6386116842867406,0.9126539119698097,0.6353014508314271,0.669150355531416,0.6102704133782886,0.4351626590191882,0.7670247841888239,0.6056424502362087,0.758878265576171,0.7426013046376077,0.6800784874432257,0.5944674626137337,0.6263765416343884,0.6374922644850217,0.5560609447920749,0.5546203487551675,0.6500977226206448,0.5990574248127253,0.6210514187937215,0.6755397404410397,1.1512278231092172,0.6818097320433849,1.0367053822684897,0.6334515112496327,1.1634927051564323,0.7263204180637436,0.7393137483849367,0.8057271673054373,0.6304255447347388,0.6252533192491696,0.5709215116199644,0.7086545470230237,0.61281899293189,0.5693843200410263,0.7084597989208234,0.6956346035137745,0.8717946771146967,0.6817394263677856,0.4681450519475994,1.104490703948224,0.6127356411568843,0.6675274640205017,0.7021388386855675,0.6366747666336768,0.8288604340756571,0.6757132838453632,0.37723324398690156,0.5828363695368478,0.9357271658274974,0.9003268216317709,1.3156191561270802,0.7601437848843725,0.5456343648655368,0.5396441065623314
Costa Rica,0.29522967725781685,0.4632597200365561,1.0470128771803033,0.45308377487035445,0.45629981879399234,1.3603209786516406,0.7116872027431179,0.5210079569228439,0.7299028895683415,0.6939317602883254,0.7130697154877867,1.0238744279351806,0.42245451133417267,0.619893909803018,0.4308318721931814,0.6122538391251098,1.0,0.6060557304112051,0.3789596354552632,2.475334886386001,0.778914726105699,1.672911962414857,1.0452391460806563,2.575417368096219,0.6546216520178153,2.3203416479054915,0.8176778046585598,0.8243710105947826,0.9430982610191591,0.5161272181815714,0.462382028412691,0.4916314095872173,1.0830896478021554,0.4088224769927873,0.2532811085544805,0.6061372996540177,0.7301437410143666,1.0255135653949643,0.43267749165769737,0.16577009000997972,0.3458714432400039,1.0268656025905216,1.135584626021601,0.5044161175920587,0.5922022123898852,0.3053417487579723,0.328902579356491,1.3449245143429494,0.7615003910711949,1.7176074084507202,0.4915265989376299,0.8256697490731536,0.45250190220348335,0.5811979357315342,0.4854631462507573,0.5320672069434196,0.7093116465589044,1.041609361868492,0.6514761317584139,1.3319816171113104,0.5096185733620339,0.5087230004235591,0.49924171000840484,0.7996266869744335,0.5141356752103763,0.648837221048118,1.5116430010199442,0.4692598511683676,0.7655590010532614,0.4507509480924217,0.3660459229213425,0.8369667776121661,0.5358318146504113,0.9731408402897446,0.8567767930663704,1.6957990266805576,0.7123876718827123,2.4177790359706903,0.9435926975486388,1.2048374202558487,0.6239233080119556
Croatia,0.5828831711557069,0.5660179102250766,0.7173507511231724,0.6109547480472072,0.6339773724978918,1.2134139767198908,0.8544496169560699,0.6816790382752577,0.7207270742540526,0.6796667955541391,0.8891014260404281,0.8813918197128746,0.6685906831683751,0.6412324712945235,0.6407256450710758,0.7948616416033006,0.6060557304112051,1.0,1.0882989515585098,2.9157585110356594,1.3035251503773093,2.70315660951617,1.8618195158497484,1.195647713339669,2.5366531216641937,3.212699072184042,1.3599568663890393,1.8160982152421519,0.9776778216724149,1.1431310059223099,1.3699984711770312,1.5923036024384842,2.091704000981048,1.4232687102278119,1.079806804188324,1.247856523440176,3.9145535470927855,1.650160439335504,1.5421414456240197,1.364277786461315,0.8489276300903374,2.149186783870297,2.76238229343859,1.9230818230248161,1.9176304158833983,1.5190029904795301,0.8541446398366955,1.7972121713041775,1.6545247929580873,1.324918054055825,1.4854070443126892,1.5442862891853675,0.9706822534583359,1.0047412714477681,2.2197387908994437,0.9027467929037393,1.9977831728096505,2.6543653264856544,1.7700196632046783,3.10393347767885,1.9455780819551287,1.0743481559964922,1.0940887911553459,2.3644941429585025,1.7117633231606162,1.3706154126593306,2.1188018213990545,1.4165632483272101,1.7863076499295127,1.0795751140891132,1.5977210452033872,2.7651418747002237,1.3457638432587165,1.7202610000409198,1.2551879813778022,2.3550014648579594,1.1891443944050684,2.8012446203563486,2.1583405711244996,2.106914031414524,1.633190725154225
Czech Republic,0.23675978436737405,0.4080859623645298,1.0768820593897517,0.6951661257390731,0.434116563201483,1.5159312924679185,0.7227854186342456,0.5355679668985355,0.8924348192988613,0.5319279522912579,0.6371154449511074,1.198907238910988,0.4387059090000888,0.7955642781743044,0.7596826740654914,0.6347840815203118,0.3789596354552632,1.0882989515585098,1.0,1.8054283867319456,0.8900517860662016,1.4559117891080928,1.1012898663084099,1.4560706306308984,0.8789790338074653,2.584895848752845,0.41788494152615746,0.44252904591349457,0.6184404849952881,0.5784291551700922,0.6221366019789563,0.2766290929291355,0.9034322510747763,0.4673599341433138,0.44617760230748094,0.3445627577072276,0.9374866286037932,0.5429844327498669,0.5948262060435262,0.39715507229151903,0.4469864181417727,0.9381077153316105,1.0107817725826522,0.3336177383293496,0.3754283353767963,0.35553489245927933,0.21694865590711032,1.410964899086353,0.44943050252016203,1.620841557787966,0.24336186380357522,0.878262373307471,0.5417684058055209,0.3312891385716915,0.6997414715741891,0.6317103092733427,0.8149312705448547,1.0269318424794434,0.6882495985486222,1.0274877415403476,0.41824301020998195,0.22750417024093778,0.28213693120404015,0.8786495444449478,0.4300413930566894,0.7517985709781528,1.114504352182572,0.23451374555066382,0.5115888137712273,0.33547386318168926,0.3712095324617474,1.0306482630360414,0.3786122190574941,0.9352416108796223,0.8889756309055898,1.1590520043741779,0.5110571747771737,1.8856235931164174,0.8724932462611026,0.9522601152390066,0.717174466230944
Denmark,2.0139483530715476,1.6081215845354515,2.66713755518707,1.2983828615739108,1.4672899701375137,2.7956461918824185,0.8837721889149545,1.4276482050815515,1.4236185060636415,0.9634562695024902,1.1553657015423742,1.2522445245436522,1.201492080623162,1.842289989788892,1.2793070780031823,1.3236506204676664,2.475334886386001,2.9157585110356594,1.8054283867319456,1.0,1.0171268751142948,1.5155856244204022,1.022298921450566,0.9457408902224451,0.9777364389590024,1.1002676961661462,2.5675103678580604,2.6663297936379218,1.4677975606134923,1.5401597673397736,1.0627091844046572,2.3372930248101236,1.5342844264382813,1.6767116632623147,1.3987002660738366,1.542766734265035,0.905124772170949,1.9900649389385272,1.3202136483945053,1.4589030143725017,1.2990015326050859,1.6559693532021118,1.441661131283923,1.346196101922046,1.6090970488753082,2.1718630827049283,1.5143427940325191,0.998348888497947,1.9097929085051828,1.345714185992037,1.8733500761480117,1.8158108256045424,1.2494140203519117,1.6813667934436574,1.497209951990515,0.8944668209708216,1.5773295412599984,2.1063972746444026,1.7724043566680483,2.3533108100916307,2.663466352743894,2.178905427681295,1.585389267559248,1.0125016266712845,2.720628027124817,1.0502597193522267,0.915328648780002,2.487219152517697,1.7637623530264968,1.338378821209876,2.285143182596375,1.385502753691641,1.2910255319916475,1.8545731202526756,1.0689871929244974,1.339836725874889,1.2849956773826647,1.2893731794073648,1.0775869764260322,1.3310115174625385,1.4886580000352632
Ecuador,0.7626971939997099,1.136688392221341,0.7480352579520437,0.6037709408045985,0.4592832521006935,1.4772337440163972,0.6411473745367734,0.4059206266969604,0.8359773815330719,0.9002043995044572,0.9083962033801116,0.7145258817931787,0.6427428536856064,0.3674206063776155,0.5609229423707222,0.5661690711384237,0.778914726105699,1.3035251503773093,0.8900517860662016,1.0171268751142948,1.0,1.4189300886684855,0.5688860996532125,1.828876567393996,0.828917432196823,2.8231789594446868,1.4580896563928096,1.2550510039266425,1.4700802306051979,0.7983587146868716,0.7952573750053284,0.93732594739534,0.6716945401724055,0.9440417664920133,0.6879765595040515,1.125720906521183,0.6713896806438581,1.3977534951115642,0.691249142184827,0.6662244087111867,0.705371512192876,0.6409162021437794,0.5915075546956909,0.9126049164729317,0.9267155896898941,0.8682359834446222,0.8740286370831323,1.0821904623733143,1.19154424971452,1.1627992952017294,0.9797571767056446,1.0513656687199748,0.6507363851653639,1.1494335032736918,0.7364387447338718,0.44727387339810204,0.5431739727910503,0.6709640297151119,0.9017868958954383,1.1171418311620471,0.854030876291094,1.0780529614799905,0.97305068438513,0.9138482564557634,0.9964777569438604,0.35970386943665306,1.7367395504844658,0.9924731061977625,1.008010888254003,0.8190392953943932,0.9149229568947995,0.6830307188108017,0.923627594518889,0.5809298619129368,0.535718975024129,1.5355503030462652,1.2519226193829496,1.682649731719063,0.9557410348154887,0.7113308029479434,0.6583178422758325
"Egypt, Arab Rep.",1.2015100735329574,1.6954970998143102,1.4765598195686582,0.8221316848147378,0.8359044530105321,1.7195369761438957,0.9422758345384874,0.9223058975528409,1.13284264868146,1.1858130471507544,1.0597786257125252,2.060989418089242,0.79333970715303,0.7806301031902771,0.925255834809225,0.9983090797212574,1.672911962414857,2.70315660951617,1.4559117891080928,1.5155856244204022,1.4189300886684855,1.0,0.6387623180851287,0.9484484050518239,0.7675518255502957,2.12470884008931,0.7920703464927729,0.748308039933068,0.9049971357237193,0.6945451342560224,0.7547468544132553,0.719073335572631,0.5364871081540002,0.8567913170985711,0.6553056691055408,0.8692635515075672,0.5070433295456248,0.7852771889974443,0.5887783095000307,0.6138092389866935,0.6985878814560111,0.5129364302069698,0.4785999132202736,0.7181298143474782,0.7096880812295343,0.7131526374620449,0.7430516737660025,0.8459470366695016,0.772103101590423,0.9014216527113634,0.7381497543130786,0.9583796269087302,0.6606093295681728,0.8327269627296694,0.6832260524803168,0.5621655186668505,0.3969649338056079,0.4376999777131405,0.6552073449748973,0.4124545466948115,0.6513807253558265,0.7937292137257874,0.7773983580854228,0.6753257491653336,0.7993471047117136,0.45914002347763216,1.0860451884016025,0.731292084225173,0.8085225186765322,0.6742488704776298,0.7290959924310957,0.45801363737599154,0.7359399719009942,0.5097962393741353,0.6359496013291851,0.6043244945038969,0.9647408653142724,1.065742613368271,0.7005330758158179,0.630634855500617,0.5313864487757214
El Salvador,0.9625819291417503,1.4013901168479728,1.0772895856747033,0.8016159573759593,0.6279311607567339,1.940304367092194,0.6474341346033529,0.6059790469755322,1.116456727327574,0.9719942906270883,1.0359057770207358,1.1033396047286514,0.8137687250664973,0.5225680371845665,0.746228762262299,0.6678729823551279,1.0452391460806563,1.8618195158497484,1.1012898663084099,1.022298921450566,0.5688860996532125,0.6387623180851287,1.0,1.659782801087142,0.9454918516183366,2.1398190955476264,1.458818637535389,1.248618520964459,1.4598423703249896,0.8743491092301049,0.7658146000012476,1.0076613673114774,0.7605158141150519,1.0856816317393534,0.7656751386709371,1.1650066789149605,0.6519000311338118,1.3212201203622584,0.7334252851528801,0.7735270551351418,0.8109845194726766,0.7644842548774337,0.731803961521103,1.010769333968408,1.0130924487485136,0.9502234365642589,0.9951809588192353,1.0294837451390784,1.149454664189318,1.1854192860602564,1.0476497940092029,1.3655790909368533,0.8444096942769581,1.153085834009995,0.885709447883807,0.6085880502514298,0.688413299427634,0.8715952025442972,0.9480490967166126,1.0686542167556012,0.9215916255373572,1.1878862183477619,1.0618945406539106,0.9703286393013891,1.091922666238852,0.4765047071954381,1.3471895937984022,1.0558307043537671,1.075569767719635,0.9281181998101796,0.9845154542092198,0.8100477199851217,0.9875974852628895,0.7013451771527827,0.6568975821394428,1.2443081219653502,1.230107803194018,1.2993128674933505,1.0609534587829987,0.7880687765833858,0.6844538745839925
Estonia,2.0622139837460867,1.209367947246439,1.5720490229307442,1.2575007961400946,1.6105503170898552,1.4324610733543641,1.157850567267369,1.4949061704094495,1.1742470608938382,0.939007673041561,1.2387195962300943,1.603471590204289,1.2229154524373305,1.3912172203554138,1.2499966973778338,1.26311725293798,2.575417368096219,1.195647713339669,1.4560706306308984,0.9457408902224451,1.828876567393996,0.9484484050518239,1.659782801087142,1.0,1.0108130995148135,0.9200999667446008,1.1495375901166556,1.1570109990888402,0.9866268040486436,1.195525492794342,1.2190055809737754,1.0692994380714964,1.0262321130797742,1.0805804513922548,1.061430763555511,1.056041864682685,0.9888362041204445,1.4062976880014393,1.2005692841410194,0.9551163317615659,1.0024647368533592,0.8842058523361825,0.949015703783422,1.0828598099625404,1.1229359119298068,1.0926951802687346,0.9159138696397615,0.936041624930832,1.1046408768452145,1.1126506655711392,1.0639993566355297,1.0062387690994365,0.8681845088689467,1.041227759742927,1.015950604255192,0.7667727022000311,1.0032724594861302,1.0109832475847078,1.2273827479214698,1.0001463782387956,1.056150073984838,1.0518676249634695,1.0597605123212053,1.0381149924140047,1.2069854979443564,0.9858569039154782,1.1482435363055883,1.1057315751001053,1.2472520130439135,0.9616324033153996,1.0635284254482413,0.8308405842191653,1.0471847411474058,0.9940936062648541,1.1249547205886048,0.9415283269669368,1.1197197530448042,1.6067334865695198,0.8244897774224949,1.0637190204767017,1.1646050607400698
Finland,0.7322006740419491,1.0802199230324459,1.4112355258957638,0.6360177569117493,0.7031450258556015,1.9904278604511723,0.8648833125722807,0.752851135997709,0.9671229813863708,1.0219355460085666,1.0442807394437894,1.0397579199075393,0.6539934958671128,0.8155125740677562,0.6799339467982116,0.8707479946029771,0.6546216520178153,2.5366531216641937,0.8789790338074653,0.9777364389590024,0.828917432196823,0.7675518255502957,0.9454918516183366,1.0108130995148135,1.0,1.0836469322820328,1.3991335467882418,1.472900360771611,1.3770042845302681,1.0028940481872097,0.6784025579256951,1.1729131776279218,1.513535981934961,0.8237061062947171,0.6940551817657806,1.0309559628125538,0.6691308128211801,1.5214226723027848,0.807587751687253,0.6113243255588608,0.790042057488571,1.644693527699426,1.4532792083120911,0.8923317356391918,1.0902339559644967,1.0315588674726457,0.8340451357939124,1.0141380576228791,1.4077076508213646,1.6387556233968332,1.06314175812659,0.9712423873071735,0.7226787675148729,1.1160230638828397,0.5004760799553285,0.6832915444118708,1.0836826089922362,1.585668071099302,1.2571556377498674,2.1362567331072175,1.4616624364953639,1.0608355875844815,0.9666689203567004,0.8507547070436006,1.2037620911628946,0.8272576216034734,1.1403579891604125,1.1813976512730027,1.4385530649945202,0.8332797351235176,1.0452576350813965,0.828008896217007,0.9622834895222057,1.4872165577558554,0.9659290723007121,1.6689197953841493,1.0575917737728224,1.3396470476120566,1.1379887318745874,1.3397287122057187,1.0240771878953474
