Country Name,Albania,Angola,Australia,Austria,Azerbaijan,Bangladesh,Belarus,Belgium,Bolivia,Brazil,Bulgaria,Burkina Faso,Cambodia,Cameroon,Canada,Chad,Chile,China,Colombia,Costa Rica,Croatia,Czech Republic,Denmark,Dominican Republic,Ecuador,"Egypt, Arab Rep.",El Salvador,Estonia,Finland,France,Germany,Ghana,Greece,Guatemala,Honduras,Hungary,India,Indonesia,"Iran, Islamic Rep.",Ireland,Israel,Italy,Jamaica,Japan,Jordan,Kazakhstan,Kenya,"Korea, Rep.",Kuwait,Kyrgyz Republic,Latvia,Lithuania,Madagascar,Mali,Mexico,Moldova,Mongolia,Morocco,Nepal,Netherlands,New Zealand,Nicaragua,Nigeria,North Macedonia,Norway,Oman,Pakistan,Panama,Paraguay,Peru,Philippines,Poland,Portugal,Romania,Russian Federation,Rwanda,Saudi Arabia,Senegal,Singapore,Slovak Republic,South Africa,Spain,Sri Lanka,Sweden,Switzerland,Tanzania,Thailand,Tunisia,Uganda,Ukraine,United Kingdom,United States,Uruguay
Albania,1.0,0.3696222256552205,1.1218447673780256,1.088077462509896,0.5378543685086907,0.6163796315140947,1.361235981679793,1.0343277627573988,0.6555320927632345,0.9705819300504305,0.806040733948241,0.22350303642645689,0.7006033501680557,0.6091557597874265,0.6612881388928504,0.9155902555687087,0.5697704299848454,0.4169934973599269,0.8501413295534819,0.26920729327837306,0.4477313194064391,0.21361145135044274,1.7757247849112354,0.37826101037572,0.6294898744382741,1.0009581536689363,0.7180146636196596,1.2161376711815146,0.6256806439517192,2.879355952455696,0.3804583911105646,0.551611143283766,0.3037643648933669,0.4545243540543604,0.46587090095268385,0.2112250412331521,0.6456917393149539,0.3599029789648961,0.894213429369657,0.693880720785444,0.3591778070503133,0.30224186199725095,0.6569437384593085,0.5190439179410788,0.4387167698964449,0.3277676331763369,0.37843917701096075,0.6275122653242649,0.6889551943389092,0.6885589156436769,0.2860343601212637,0.28158156913297344,1.381146430744203,1.242958939825136,0.2602727942646337,0.3248788525547599,1.4362249796154893,0.28454341484610535,1.5820950407392242,0.18849866990198366,0.6359720050707026,0.3330259339914809,0.45729070814647715,0.29623142650526896,0.5094466184405932,0.47997276389230314,0.6006059343956688,0.7155207513371392,0.5427106812080196,0.8422116589706476,0.24354174387068545,0.2650092237670829,0.2715310492664144,0.8881679691956769,0.3043890892808352,0.14701082229132675,0.5312434631854316,0.79665445973379,0.3489627154701764,0.13262583291498709,0.35464627342926835,0.33072631740129593,0.25695768950653597,0.765224238801619,0.3289085412545751,0.6380375387515784,0.5771062665050868,0.9499563660802455,1.0205003846186276,1.5081821327369564,0.633313080392504,0.7361458688751372,0.533676427720111
Angola,0.3696222256552205,1.0,1.4989901527446328,1.1388254548027892,1.0382906948659911,1.1245172969439943,1.2199465966066658,1.3173256373157227,1.061735333932002,1.46816343849451,0.902829182793337,0.38854789020014924,0.6928958728360064,0.6781882442274869,0.9201862239133717,1.02337848583965,0.8324647074804162,0.5943631034038198,1.211592811778128,0.3599481727400257,0.44041768482348587,0.35302634150052703,1.552311421426994,0.4974061399115207,0.8556704872541262,1.4449519979340804,0.9570282927955781,0.9718935155227992,0.8083178489220877,1.9396967100546203,0.7208137741452146,0.5015186580064631,0.4533663763138019,0.582603341382119,0.5579344030527614,0.5553952737291659,1.2421144433858444,0.3214379222762896,1.2839811595576707,0.639441271728709,0.43699418435934945,0.5187216413276214,0.9466384351590826,0.7969010528998404,0.5707215870224178,0.3796843249283835,0.41518978030750464,1.3428250346868438,1.2176777262570604,1.2552975331829885,0.5269972137909738,0.6889979047696829,0.9933934827388519,1.2312411551943634,0.3237140743369407,0.4863158403050013,1.5621180436060322,0.6671831049664769,1.618818900500368,0.5033039103596622,0.46061570825547676,0.7692494287043716,0.37425130064929346,0.4701434793285091,0.5360543598698486,0.4946291713524975,0.9023831413060274,1.158630179250765,0.7884449015512265,1.3518737128779144,0.637300399761052,0.35267271889839474,0.48844973413299475,1.1311317520312247,0.49645644948507145,0.5082050520075286,0.6687454858688284,0.9246207218354089,0.4447280101805289,0.46665141410375616,0.7957369379893326,0.4831649513741259,0.4527407816285934,1.2684042433089495,0.535984818255653,1.093127557372976,0.6680314487422816,1.2817483189566896,1.5221220659693218,1.1069817510715119,1.2004860118926373,1.2509011072744238,0.7287016655790424
Australia,1.1218447673780256,1.4989901527446328,1.0,2.9084658846847713,1.4849759954318866,1.0970747344434004,1.5203491911939206,1.6134882535054036,0.9736351838849722,1.1376941750521508,1.6673563622346577,1.617976614376227,1.4065317846971106,0.8011533165914699,2.382539948344948,1.8461112001887672,0.9534382854579054,1.2772176088542861,1.2167725108543905,1.3169877640602752,0.7843905802612723,1.3485477455509367,2.5359827252978104,1.7392093848231824,0.7936828667635943,1.804788614107322,1.0649745605886787,1.1549764411261922,1.7557641642025743,1.9290020064819493,2.7325714698861363,1.3487965762482632,1.1950082930832888,1.0484393209273024,1.239723491681712,2.0906920406614913,1.1465302378331457,1.539748393740157,0.8001564646638905,2.165352417090026,1.0802953693524977,1.5543099279519192,1.3395258389052938,2.767410667100897,1.224996655255238,1.165038126088171,0.9589731620658264,1.0474654317164684,1.1179097017565807,1.1072281339797412,2.177069614181425,1.9326572081372242,1.4835810602236223,2.148461949062012,1.1702747821185358,1.655955612852854,0.8023779522893643,2.3634565337571933,1.2509529516674425,2.03392316999445,1.3356330263186933,2.3868020439932067,0.9420227296349103,1.2665506047920754,1.4577352379344293,0.7646314977689923,1.0235571968547816,1.1864982994967483,1.362942479187093,1.870572814643269,2.4326575284213128,1.516955835989894,1.4238295348303622,1.1964911462108165,2.297147833348656,2.3288794411533655,0.8950953820868307,1.702267046877043,1.1129894566994372,2.0765443361866667,2.1393494712268795,1.1348101666313888,2.1451091824104345,1.0917076035727775,1.6161211263435644,0.9441551803841347,0.8808727588117014,1.6421615143892812,1.3553076028508677,1.3206999181660606,1.8085492414065187,1.1748794170685861,1.0593306059418572
Austria,1.088077462509896,1.1388254548027892,2.9084658846847713,1.0,0.7828109167551579,0.6757952375953313,0.9877013252972957,0.6506470635073365,0.6825831122487775,0.9605299830594722,0.5198177448301858,0.6186145144410851,0.7920589046832724,0.826807520484378,0.9926614833745949,1.1611623331053278,0.7393036634311235,0.7021612464755246,0.7188721065926035,0.6701962145029505,0.7287567231644568,0.5842183884189537,1.1297074181376017,0.7714443201158718,0.7668552978509775,0.8588674972402529,0.7800613151238441,1.1534190683644427,0.9410400862556966,2.172161366629634,0.5155781313211464,0.8331250895261141,0.6363165439602673,0.7291835413590828,0.7355573935687403,0.5938437810891066,0.6615317731216073,0.804818459906593,0.9382132751343935,0.9468706061246784,0.6901390998897773,0.5814633049555552,0.8331343054859232,0.5234527025313795,0.7018927148808106,0.7047880323835024,0.7019129993051323,0.746820158360428,0.7414284187760279,0.7514352029092134,0.5970475326060853,0.5491343819836759,1.174037366329206,1.3299806713463218,0.6384699669282484,0.6933202426492219,1.0969885433045161,0.5496193547720001,1.1179018320959608,0.5488476074875179,1.0941198853531406,0.570099018084144,0.802335048918511,0.6161800786888169,0.8939459990331003,0.7501212099579568,0.7699561637629548,0.8129067319161649,0.7836386453459621,0.6938411960737504,0.6685234404345813,0.6275106066758923,0.5912416157162795,0.8878955416493167,0.7588312064525418,0.6078101484063735,0.7134693264123173,0.658590552503122,0.6868349072485496,0.5759428244181625,0.6543325367390552,0.6405346266005796,0.7043304623779099,0.9195051719464968,0.6378291389005147,0.7336841199767076,0.7664051596136384,0.7492587095404495,1.1230999011411977,1.0845812361151554,0.797721589006828,0.6614500141133018,0.7478282026291077
Azerbaijan,0.5378543685086907,1.0382906948659911,1.4849759954318866,0.7828109167551579,1.0,0.7783069884724292,1.4411971226653706,1.2040003645276924,0.7072573195628089,0.7633737720984601,1.24252746554294,0.6093474500052363,1.1582070942362719,0.5786161711558988,1.7823382426905012,1.2904077850367122,0.4820975379512218,0.39085510408639884,0.9040443201660107,0.4966553025728569,0.5510004057767357,0.6975186808273606,1.3831334413216638,1.0772430749810813,0.5616556467569371,0.8378550777307847,0.6974170203912688,1.0077136783627307,0.6754477125188468,2.0908562517037432,1.5293546259198478,1.0004192857016843,0.6729770062033903,0.514605857580714,0.5600937969749149,0.9105693203510661,0.8393168091741405,0.7954253909130138,0.6076782628040093,1.5548362910049063,0.488297211420878,0.9121795071085146,0.554778636575139,1.6008962350871787,0.43331614535008056,0.43348208965096324,0.5242824289370852,0.7617010124281288,0.8214453233993622,0.7479677423363215,0.8071635887789201,0.9099644878559455,1.3076144621602395,1.8025109689243517,0.6714320894119032,0.5444866138643512,0.9122578107717275,1.3990533711771063,1.238613750122219,0.9232872756712638,0.8371377697137371,1.275479542770191,0.539919947974121,0.8590082611386014,0.5897658658782975,0.5051259716196742,0.49992158777808676,0.6896104170225124,0.49144130998075564,1.0849093898674662,1.0096692451232847,0.8884474012941173,0.7518978398545696,0.6931954774627689,1.019590199367334,0.9105682879727621,0.5052252819807582,1.4938889874694417,0.41906965248155326,0.9774518629948495,1.1126616521749961,0.5662451064700836,0.874002607459923,0.5473018447150396,0.7494386550181221,0.6812494722215267,0.5806205547431529,1.561829387894357,0.7185623117688635,1.072586346350895,1.0298901399316864,0.8821589951047988,0.5005123904885304
Bangladesh,0.6163796315140947,1.1245172969439943,1.0970747344434004,0.6757952375953313,0.7783069884724292,1.0,1.4283666993548525,0.6630034128693045,0.23060011881059403,0.6783990300526659,0.7757495030055362,0.5136392351842548,1.0014780933351244,0.4805798039455108,0.8768882651673613,1.1131733900495653,0.5046222391414928,0.5381752462636205,0.49828897421189183,0.5206404610199376,0.5673344379317637,0.5176758761708361,1.6423788211942991,0.6832224407401758,0.4282951198675768,0.8714270250472409,0.5290881338912543,1.2980386723439319,0.7391232247339623,3.1170333600963605,0.5176100158988889,0.8499028609723656,0.5865364548265605,0.5559874914423304,0.6097105960219065,0.4935190651036178,0.21896479871963728,0.6581020079226884,0.651686980576251,1.0459277297978486,0.5380896828840321,0.6209965664091792,0.643272214848953,0.6239464865353997,0.5428387064683893,0.5239533885894213,0.5473001235080527,0.30777072851644216,0.32385988399707416,0.3226884147411798,0.5429383762858659,0.45128049411707055,1.4880284372819759,1.5041735021621414,0.5651106777173242,0.5596702139373539,1.1555035562699756,0.5788521957431977,1.3557917635125858,0.5109791799309582,0.8260396285736323,0.48579130455627756,0.5927495931290621,0.6409604343965158,0.6469572442754438,0.4898431910179251,0.5274793348487637,0.4322253626880934,0.6310732698938079,0.5316772622381373,0.504369360097501,0.6118145380435688,0.5592967877175953,0.8147873326260712,0.5984467510410523,0.5086812908695684,0.4302352047258514,1.0814475023997465,0.5166685654477544,0.505253047463907,0.5667136273942391,0.5458788024713492,0.5659221350921635,0.703122176543213,0.5678222146168115,0.23312334695045817,0.4762176836032797,0.8919336976049725,0.9004178964845196,1.436388014316227,0.5666001142682126,0.2777065883285351,0.5220957465535141
Belarus,1.361235981679793,1.2199465966066658,1.5203491911939206,0.9877013252972957,1.4411971226653706,1.4283666993548525,1.0,1.9919900170823541,1.996542075458513,1.3681737049517688,2.4215122850167083,1.499872896478056,1.3450993445592567,1.4250418258303352,1.842095770643529,1.8586633943106288,1.847022360811037,1.396357569812914,1.945048917930182,1.293944551117881,1.3845535944207221,1.5805792694661402,2.2104142852009936,1.37888011406675,1.557089740335802,1.4462947884587198,1.7096840196275158,1.4418346238670603,1.5172618499620008,1.3318366461203892,1.7627132493277553,1.3594443566351386,1.1971426373647887,1.3371634416193778,1.1837091868995595,1.572167598361405,2.161757909107766,1.3806700796358515,1.2145733884721646,1.912951152949289,1.1444695002333167,1.3929219357644806,1.7809109521964266,1.944588679013653,1.303142065318853,1.3639925347524016,1.128781998247072,1.9265840458841126,1.5089546708629307,2.159862873972386,1.7679374042760716,1.9477390546519255,1.7906134235958096,1.7872452203035594,1.2397736648508484,1.2512597532245493,1.169094349840236,1.5245099472329244,1.3961793980435888,1.5157422314248148,1.7613483016549292,1.824085831656578,1.299434991399932,1.2170044372478317,1.6739773906403659,1.2336778717281285,1.8627695071017087,2.2848397979366077,1.6972042661902798,2.1755744531673473,1.5491087611214902,1.510093207014045,1.4519313592088579,1.8849625471749836,1.751934243067053,1.5575009421444668,1.4574266311874664,1.2369747236831583,1.312156209340783,1.5664462197392086,2.140620072882117,1.5586462033822022,1.3992505259367278,1.5195370815455345,1.5875630106655343,1.9751758461225286,1.2735666999325357,1.3804191117662947,2.167397420648283,1.0333860245340627,1.4166346376848107,1.9746085401934905,1.6027745453725388
Belgium,1.0343277627573988,1.3173256373157227,1.6134882535054036,0.6506470635073365,1.2040003645276924,0.6630034128693045,1.9919900170823541,1.0,0.5340290272039406,0.9031570757681017,0.7356659063902312,0.7693519447335595,1.0787824765033325,0.691801835024637,1.2298098706560572,1.3569509934847546,0.6717410870167299,0.7327510539754969,0.6916457448178146,0.7528317861622205,0.8393545539486906,0.7887744355302765,0.9613941863330449,0.9565768195444192,0.624828806217733,0.909187601328435,0.5950662606221893,1.2328688695878696,0.8762619734142406,1.8632535649524555,0.7906364867561544,1.0587851645478235,0.8001466150847861,0.7699315591543794,0.7396387157746305,0.7709232026149861,0.5793629761146908,0.9423960475087625,0.8849268082950639,1.3761189193407626,0.7326198724447865,0.8405771538210549,0.7222172457736197,0.7718837437617145,0.7032015314749405,0.7522125338397175,0.7604677313113437,0.7210119751060595,0.6757965703062223,0.6285777845578278,0.8058266426344639,0.7263957385907734,1.4887489511899354,1.7008085692961887,0.8242419531277548,0.7697953374708714,1.0798649793559627,0.7818963460834151,1.2419081949003328,0.7672655400753047,1.201463934690737,0.7963362675962623,0.8474919307533695,0.8641508154737346,0.8964779480108627,0.7064452127685583,0.7120914314864578,0.7151931130791015,0.8596796797797047,0.7842087866631992,0.7991332059934845,0.8998100243949481,0.7849296481869876,0.9415379676242603,0.9295663156513376,0.7886201445789283,0.6100200306640917,0.881708342112232,0.7270924710420331,0.7906599594396094,0.7679376996954681,0.7811085063546046,0.8496051788585469,0.8637880276979902,0.779395140502328,0.639200102315336,0.655350349535314,0.8551159369481707,1.0320518849939708,1.2182728952168824,0.826038455696617,0.5003758451544366,0.735016467932533
Bolivia,0.6555320927632345,1.061735333932002,0.9736351838849722,0.6825831122487775,0.7072573195628089,0.23060011881059403,1.996542075458513,0.5340290272039406,1.0,0.6813020032885281,0.8591858673366672,0.5802691044304351,1.0501307721526307,0.44060522540218755,0.9396249792155437,1.1703381150331056,0.4502602185056813,0.5467724611477989,0.41397469019403155,0.5654090189430115,0.5870339192463233,0.5922622532296544,1.5955715353411222,0.7552314877614824,0.3658126668586051,0.9287055269919873,0.49620921220867126,1.3311766518133616,0.7836797300592182,3.0694381983790344,0.6397545823274735,0.9233388490081225,0.6461070142612971,0.5586414768419696,0.6256552813366838,0.5888492632541981,0.21631655875592426,0.7191843152501373,0.6580342501296542,1.1299030302751787,0.5592183160103379,0.7174382526548865,0.6378484284845677,0.6990722370467877,0.5333512261590131,0.5620298598040596,0.5647084100757468,0.36847407275457783,0.39926938193125316,0.306734994431628,0.6257205737516072,0.5441516410608392,1.6036383101251606,1.7120640635493054,0.626687282750873,0.60869436635374,1.132340968360052,0.6920774071426152,1.3565902015261735,0.607522585774284,0.8715531396632277,0.577850562867348,0.6261789021937805,0.724617200357449,0.6828664023299976,0.462952398694056,0.47826596554033524,0.3678209340831435,0.6631830272242258,0.5702706644565771,0.5786708510138711,0.696273289278813,0.6411535439262763,0.8688219731231769,0.6709780385553802,0.5914720330515754,0.3610941638495172,1.196712956496266,0.5348754340174092,0.6003847985458824,0.6390395434836935,0.6015554815697204,0.6373409438090722,0.7440235001825065,0.6364544298256322,0.22444950164067723,0.4385380682580518,1.0135605965225014,0.9353880596670777,1.514633912811712,0.6878308064227897,0.32963055560537574,0.46796464047546055
Brazil,0.9705819300504305,1.46816343849451,1.1376941750521508,0.9605299830594722,0.7633737720984601,0.6783990300526659,1.3681737049517688,0.9031570757681017,0.6813020032885281,1.0,1.6005186956379864,1.1029678673581593,1.523682936357175,0.8897879948258982,2.886478097147933,1.812612131102911,1.047058837253796,1.0325787357136615,1.616873844899975,1.0581715476923386,0.809079192005198,1.2009286057159492,1.7037893219561064,1.7848398307696585,0.9806105439987017,1.5435291659264967,1.238013238598852,1.1875845444825028,1.258123411560653,1.6311667038251358,2.346687240018499,1.4337055653685606,1.1457339862002145,1.1032924690788035,1.1554190903958217,1.4763267840245036,1.3869313748446992,1.3420570793135584,0.7945568326229722,2.3132402473342197,1.0260272274234918,1.4000015415655758,1.1259515484115494,2.5172154792673416,1.0394621534417758,1.011592124741368,1.007440105108412,1.1424261696176796,1.0737296298048737,1.2870081329673295,1.2741223399266235,1.3450131922539292,1.6372756702007876,1.7737800716317134,1.170655043503573,1.1609708266912018,1.1755455790023834,1.8772471607983225,1.2841463313768589,1.472371579919588,1.2263341090188178,1.957675497509596,1.0186264715108806,1.3562123566340105,1.0819669399313683,0.8959988026072445,1.1115064395192622,1.2814842220242177,1.232158008725612,2.151503143645984,1.7533581970442174,1.4704317326566783,1.2381847948854539,1.0156173486854452,1.7171450693501804,1.493527600972255,1.0129102369588368,1.7810973586746128,0.9887870937091243,1.6023200924593197,1.5696553368084996,1.0040528001122442,1.5464959834111418,1.061516579258282,1.2121118637479262,1.1651969217881144,0.9906281846430166,1.7255736405202229,1.187510785556226,1.4252768104902862,1.1868283142491847,1.2891811145577088,1.0934090605644409
Bulgaria,0.806040733948241,0.902829182793337,1.6673563622346577,0.5198177448301858,1.24252746554294,0.7757495030055362,2.4215122850167083,0.7356659063902312,0.8591858673366672,1.6005186956379864,1.0,0.6139524919998672,0.8645632873469613,0.8600885781742653,1.1294901796832149,1.1412546166329325,0.8491119414205592,0.6940049594284061,0.8542521236923442,0.6555877181685538,0.692681580184248,0.5388360795375836,0.96762907642444,0.7309738544531698,0.8738449550679622,1.0757199459230666,0.8873578258476171,0.994658381913761,0.9420953983917159,1.9859042558163256,0.5902822381064547,0.7420927011496073,0.5774300292106097,0.7048630447970047,0.6971376404515718,0.5677244507423908,0.8900621427658104,0.7860891177310761,1.0866180707266782,1.0024259587455837,0.6526419671024795,0.5403692088706452,0.9154712398959317,0.510923347587722,0.6806537075134198,0.7018380904952333,0.6551067097060497,1.0290477817459531,0.9429064234837056,0.9246763922187612,0.6315426924914578,0.6065553770141813,1.1333984587162096,1.278613202293444,0.602059810361813,0.6773289822840204,1.1174097170509996,0.5875634114560344,1.1807729988644105,0.5356416706796215,1.135000698412845,0.6931369813886891,0.7683575986191497,0.5873695880863089,0.9475630045498644,0.7460324500724003,0.8953473480408625,1.0025703563228532,0.8148022594202299,1.0199137961250286,0.7083179884091146,0.6118361644727507,0.50764188670266,0.9929239890169808,0.7994670733523205,0.6245368691618399,0.7449812560017047,0.7214853147111084,0.6705105099617386,0.5804914413180939,0.6302542623712297,0.5766862468812843,0.7113675582299346,1.1130059546943323,0.5780787779636576,0.9745225043121688,0.7565325419592338,0.930363958932824,1.2737675279724663,1.1201973037693076,0.8668625714704004,0.8330904248818641,0.7791057259968502
Burkina Faso,0.22350303642645689,0.38854789020014924,1.617976614376227,0.6186145144410851,0.6093474500052363,0.5136392351842548,1.499872896478056,0.7693519447335595,0.5802691044304351,1.1029678673581593,0.6139524919998672,1.0,0.687208910983135,0.6033957027304835,0.9033768828174501,0.9763985452223688,0.5838509235273299,0.4150376220617056,0.9460729862488924,0.229670520037664,0.4278804450214008,0.2174558581509649,2.042222805655825,0.47619894338914825,0.6595108075173262,1.207329095928045,0.7597202606244347,1.3726831136699107,0.6662546289615721,3.960391595419675,0.6026630537016867,0.6239446330208439,0.28342653626783443,0.4392715222551452,0.46600098479074337,0.30205972297497413,0.8376102588659556,0.379391212039633,1.0598277799880396,0.8260616240598664,0.3331590568491285,0.35911381364002126,0.6928278541927816,0.726272118475847,0.427390741434306,0.3003531333752047,0.3481267804678043,0.8743336528784647,0.8490277873249173,0.8440656469581662,0.25002913802183113,0.3945819855585987,1.5196835994792959,1.33629579372949,0.22947141641734195,0.3030544811457081,1.6279718253589657,0.5027147534942881,2.0771636940497173,0.26763352838481674,0.617064211454695,0.5175667195954765,0.4409215991700421,0.3582324564828973,0.49020476938607527,0.46067371430304144,0.6247475968107684,0.8011866385694856,0.5567388759471504,1.1235482631213074,0.4078957553930497,0.3035363378674992,0.29837635128572426,1.0100463776660051,0.405943974462096,0.26610935535448,0.5299020656560817,0.9080883421497841,0.32102943060912825,0.28956938846618857,0.557325889101319,0.28627809685759226,0.3204250980534935,0.8532202922052848,0.26655780357277364,0.7581504002257444,0.5770525904094668,1.4349311062518204,1.3161154353872364,1.5695061448826892,0.8534904126193225,0.8915476327200952,0.5360632324682679
Cambodia,0.7006033501680557,0.6928958728360064,1.4065317846971106,0.7920589046832724,1.1582070942362719,1.0014780933351244,1.3450993445592567,1.0787824765033325,1.0501307721526307,1.523682936357175,0.8645632873469613,0.687208910983135,1.0,1.0201304525692259,1.094786791621441,1.3824523998857783,1.021665123972167,0.854721654202185,1.1460302644099347,0.7227844486473411,0.736712214196154,0.6772223764502399,1.4768399116236637,0.853474044820054,1.057279878264251,1.2800601017025224,1.2339907599585076,1.4961203123831057,1.1721160473223562,2.6814468147545805,0.8396221479715805,0.9546846403611304,0.6074799210854931,0.8718341069611454,0.9002784717529198,0.7027958856169112,1.108117193118141,0.8079355096822655,1.1677228621000295,0.9995380877739779,0.7654441154456617,0.6583609759861734,1.1363556714875214,0.9255349877993297,0.8527991272615492,0.8059816731927274,0.7586788611107277,1.1400912384221054,1.1541970322686967,1.1178453751043846,0.6162729848577462,0.7921857355394657,1.4357845467934378,1.5455577940415595,0.5831800779134578,0.7649076384757542,1.4821737597703215,0.7594872720160429,1.3841877429249603,0.647262168522574,1.0678684866772075,0.7416926374570632,0.9204836296078331,0.6064064639549314,1.0352853413428673,0.8569513505181304,1.061063995919481,1.1555269548217655,0.977200071135074,1.1384467322731024,0.7788673374610137,0.6363441386819589,0.6845524958581134,1.2360663329347035,0.8535028867655199,0.6706171573109709,0.9527774464264762,0.8050472117275788,0.7850902569650173,0.6944227320733172,0.9097324602778993,0.7170906617270648,0.7645894834730383,1.281529625430989,0.6949468542068324,1.1417186667465176,1.018535499586158,1.24181727842868,1.3874166912887516,1.1643574006258122,1.0243542057703883,1.1804747378999048,0.9730242913738539
Cameroon,0.6091557597874265,0.6781882442274869,0.8011533165914699,0.826807520484378,0.5786161711558988,0.4805798039455108,1.4250418258303352,0.691801835024637,0.44060522540218755,0.8897879948258982,0.8600885781742653,0.6033957027304835,1.0201304525692259,1.0,2.452350163380106,2.1378144691244683,1.06632221686349,1.2742012634728903,1.4196450164968866,1.0779189441943962,0.6849651044757449,1.1725913270038633,1.5447366438406676,1.5069128827743843,0.7097604659324959,2.7006296323515855,0.9430447029867055,1.338705328163252,1.3173611454757597,1.7932879625225822,1.8134187898763823,1.2999695730762997,0.9194900628854893,1.0420138572795021,1.0693990147695303,1.4809906562117672,1.2048729848921806,1.2152233148010365,0.832680372629625,1.8351187828783482,0.8944380773339586,1.1706757768548677,1.209217564361261,1.8410416602379944,1.0927677998967813,1.0847537906684344,0.7973940363314923,1.1923286004566078,1.0663577678084282,1.1253812503543972,1.2583859102052686,1.3942029504604552,1.786879622791267,2.196093682686382,0.9491764413855329,1.2675705398760226,1.363018448962093,1.6302572762252376,1.9278711341658896,1.331447221812691,1.0165557357386537,1.7467592494417228,0.9720763283191537,1.0875230565669405,1.1071177349144325,0.5629502287341457,1.4123927617770609,1.4882603162687185,1.669342081618216,3.2579389342378313,1.680260981028048,1.1837401516751582,1.1274003338453544,1.1913344136794415,1.5545873841867488,1.4679663382444428,0.7249425066623293,1.2656603567147047,1.025143480254669,1.4448826762050948,1.6075902336487873,1.005955716813791,1.462564705942881,1.5015788298883574,1.2119944704647756,0.9464388565197058,0.6880087428741316,2.200828223680052,1.181393453570323,1.2008505152361206,1.5322017107660688,1.15066842999632,1.112844317202041
Canada,0.6612881388928504,0.9201862239133717,2.382539948344948,0.9926614833745949,1.7823382426905012,0.8768882651673613,1.842095770643529,1.2298098706560572,0.9396249792155437,2.886478097147933,1.1294901796832149,0.9033768828174501,1.094786791621441,2.452350163380106,1.0,1.0123857551546818,0.5889375790420086,0.5297220012371218,0.709405814981956,0.4108475263334358,0.5665790874345671,0.428340152374193,1.1983144615267383,0.43103793001972024,0.6073266145213067,0.8146354574279223,0.7259190646399172,0.950795700294659,0.6183502235951699,1.2204124030691086,0.4843488414955697,0.5735405890537548,0.49201468388296365,0.5599115025248881,0.5491643029907542,0.4375277909408328,0.5446930963670966,0.377944852681702,0.7352396843749472,0.480134124320041,0.47893547849964635,0.5346268960611091,0.6823841955597536,0.591642793724252,0.5435695198117045,0.4419450367197359,0.49520897333038705,0.5085916610992778,0.6026056636964628,0.5702344264696722,0.43475285266617236,0.44381841160688174,1.162335282847742,1.2347910305544243,0.42155469724858985,0.4336159718348685,1.0929404353866203,0.5153307793600717,1.271954351787492,0.4304413055189306,0.5882777825408779,0.38656786893583567,0.5385796543738071,0.5110757663219784,0.5320899567100185,0.5507217592833525,0.6085284115606308,0.5988650072217103,0.6161093129031915,0.5894996777785142,0.32223392350697133,0.3986443512510637,0.505004203287026,0.8113443789121701,0.30450851084776814,0.35843928200318587,0.5763762631238819,0.8162733606092573,0.4775388227331841,0.36561615380387724,0.5735143716544192,0.5126449717983301,0.30136961740316054,0.7204599764682057,0.48745385414993314,0.5165502661990881,0.6309204907313316,0.7982049710338502,0.831270603101569,1.0301029120459628,0.60343755162945,0.6394061585485445,0.5821490483681488
Chad,0.9155902555687087,1.02337848583965,1.8461112001887672,1.1611623331053278,1.2904077850367122,1.1131733900495653,1.8586633943106288,1.3569509934847546,1.1703381150331056,1.812612131102911,1.1412546166329325,0.9763985452223688,1.3824523998857783,2.1378144691244683,1.0123857551546818,1.0,1.0558966666190326,0.947842185675602,1.2395199813850313,1.1154345683399411,1.1002514787638789,1.4924736170619475,1.2223843036781603,1.443678677998837,1.1369081014262137,1.3698525320197745,1.0685919035835436,1.4976890337691235,1.2455456131354514,1.5460839008156582,1.8141783303462178,1.6823556292945812,1.134242587625211,0.8327436765887486,0.9344196200787942,1.4550838298339173,1.3645787808233731,1.3895580016351057,1.2069853667620132,2.422597932700434,0.923121027992686,1.3058125900213549,1.1187462727658184,1.813088256275646,0.8984808571446209,1.1459959525902446,0.9200823426451434,1.397366159012785,1.3042537655271729,1.3208630500420837,1.5302986817439401,1.6539386740966782,1.2751471779996773,1.129326575147549,1.257199818573067,1.0600727552730873,1.1454009594037484,1.5576440322825877,1.0915369186773827,1.528359123596895,1.5278760772953033,1.847387456570553,1.2539352294417478,1.2853955748906651,1.2806999542849498,0.9654756393911128,1.073722179800252,1.2267664732100214,1.0859879138508972,1.6459627747830532,1.6234732966512067,1.7108380638954694,1.2964941084369546,1.4171539868034355,1.7713288689870257,1.5568011613358497,0.948730137138018,1.5224133246178648,0.9844305304269594,1.6652612580637014,1.4673050491173067,1.1815848325721732,1.5128038687940455,1.2869840697983566,1.4098988963098207,1.2663595419131741,0.9342193731954727,1.4773490177052322,1.3617141868768399,1.4585707451202152,1.3614393137571483,1.3251769458226723,0.9538950158354104
Chile,0.5697704299848454,0.8324647074804162,0.9534382854579054,0.7393036634311235,0.4820975379512218,0.5046222391414928,1.847022360811037,0.6717410870167299,0.4502602185056813,1.047058837253796,0.8491119414205592,0.5838509235273299,1.021665123972167,1.06632221686349,0.5889375790420086,1.0558966666190326,1.0,0.4477607977210129,0.6279875490012432,0.6233279400336332,0.5469487425425666,0.7960885153421283,2.02979460922641,1.1018581588336356,0.3309079602602832,0.8027317365489836,0.42709217684655665,1.1286377609537557,0.8362964066018513,2.27714077704006,1.1390769704887649,1.1006423031255381,0.7526791787783701,0.4857543221113414,0.6129860733820631,0.9363852164905896,0.5734555112084077,0.8975827215463009,0.6847956744133814,1.5175543893871701,0.5325196045191918,0.9882449740068991,0.42376965510499165,1.2579013767395086,0.42231371184124233,0.5598391724112736,0.533138102330593,0.5758445765068437,0.6727835620912825,0.49286915699070044,0.890220626285313,0.8912388740815719,1.4927018575783955,1.9617562720986268,0.7499581057540156,0.7252113941320221,1.0558212389947186,1.1887308879425,1.2759697506856802,0.9548923345806295,0.8764553021670258,1.0247862820076161,0.5873666645310835,0.9452568105213074,0.6537325931238752,0.379096596076962,0.24641509643251513,0.4507147685365663,0.6283484454924803,0.7329218014097733,0.939211089899871,0.9573690887124078,0.8477679329914021,0.8008650828963391,1.0163108884986665,0.9405202966794612,0.2583691804003478,1.6863711234006018,0.459477319433741,0.9678999729825174,1.0576266451373895,0.6411465574153535,0.950538226845906,0.5517236892562137,0.8541598400292443,0.4436598840468102,0.4233992802460156,1.219402523057837,0.9071704681571056,1.3365227918938747,0.9316728480683618,0.6317803051202976,0.26069460314382525
China,0.4169934973599269,0.5943631034038198,1.2772176088542861,0.7021612464755246,0.39085510408639884,0.5381752462636205,1.396357569812914,0.7327510539754969,0.5467724611477989,1.0325787357136615,0.6940049594284061,0.4150376220617056,0.854721654202185,1.2742012634728903,0.5297220012371218,0.947842185675602,0.4477607977210129,1.0,0.8219269506069151,0.3746261677740852,0.5204200327362104,0.6942594404187631,1.3900483277899027,0.9225546488452709,0.5013003939998768,0.8741864781978154,0.5906943694029649,1.197740786124639,0.6358862112189704,2.869599844186798,1.2725531301409314,1.0404085165372592,0.5528508862873188,0.2798015375187359,0.3390671503787544,0.8444009951838503,0.7998898503761301,0.6964788407360342,0.8171721995607694,1.5032830635937275,0.2571893781082482,0.8367912756304547,0.5211382127125664,1.3979056669706051,0.1667091035788437,0.37365629478975043,0.34237041759660924,0.778571116405722,0.8420675334056967,0.6988961454453789,0.7808573044847298,0.9127964946089154,1.590551483312167,1.9297043126729458,0.5729422698676951,0.4066547398624404,1.203074047470736,1.1749066046908627,1.4047353121294492,0.842006664860273,0.8353508381849867,1.106719265458321,0.5049641326652478,0.7580329592119832,0.5692530370632441,0.40376752324851134,0.40619840329496026,0.6173462516889688,0.4243855908069301,1.005751347506209,0.893023395387284,0.8351574439071844,0.7006631853987946,0.8455869041212571,0.9357172921027638,0.8016431751508628,0.3414647207488889,1.55189548330274,0.21237420011478989,0.8785164207606634,1.078167974426196,0.5348786886295471,0.7650331245648042,0.6306161828368066,0.7450385379270749,0.639702935043006,0.43672159105127023,1.470921136606798,0.9676187329856205,1.4847824773685612,1.0138965399053004,0.8385551445166253,0.30328849255176904
Colombia,0.8501413295534819,1.211592811778128,1.2167725108543905,0.7188721065926035,0.9040443201660107,0.49828897421189183,1.945048917930182,0.6916457448178146,0.41397469019403155,1.616873844899975,0.8542521236923442,0.9460729862488924,1.1460302644099347,1.4196450164968866,0.709405814981956,1.2395199813850313,0.6279875490012432,0.8219269506069151,1.0,0.6318074238695819,0.6972194052844503,0.6590100977971289,1.3896014222081683,0.8186624997117243,0.5125572836494053,0.9322518349627372,0.5752134663654125,1.3166617035271686,0.8675372173874053,2.707340203911258,0.6845841725686702,0.9753033071233105,0.7175244393671972,0.6167863744233502,0.6777873174564418,0.6562853307212267,0.4016730453607915,0.7912455527279135,0.7549241293506268,1.098613340525027,0.6252988627329158,0.7821776973984637,0.6958528792065295,0.7291178911093605,0.5816608680146502,0.63511855592261,0.6405791579553942,0.5268644021028099,0.591146297766721,0.49737457979696775,0.6808886936788403,0.6220273830848603,1.4420562524169254,1.494275638517769,0.6941113651052203,0.6625356380263278,1.1487489145884617,0.7515227227845962,1.1492969517099827,0.6761221798613996,0.987645471616984,0.6330427006235773,0.7160722573506211,0.7814313284387883,0.7713637635195745,0.5684876903394871,0.5765213989946804,0.5068503444019455,0.7108174397420132,0.622628495057145,0.6470797957278094,0.7534878190417704,0.7156281661783178,0.9304650861174598,0.7416721713145353,0.6527740637599475,0.4528193133303362,1.148122686171836,0.5951260789384294,0.662702033667044,0.7149890675009662,0.6818059260469108,0.7063914138055835,0.8288825362520797,0.7027026504520067,0.345290395322087,0.5474767102120112,1.0263834557114664,1.0114939090361026,1.5380854538454127,0.7810973603092985,0.49459376656040716,0.4992035412051625
Costa Rica,0.26920729327837306,0.3599481727400257,1.3169877640602752,0.6701962145029505,0.4966553025728569,0.5206404610199376,1.293944551117881,0.7528317861622205,0.5654090189430115,1.0581715476923386,0.6555877181685538,0.229670520037664,0.7227844486473411,1.0779189441943962,0.4108475263334358,1.1154345683399411,0.6233279400336332,0.3746261677740852,0.6318074238695819,1.0,0.44104037969011617,0.3445139051327132,2.1502382140278367,0.46682028831329003,0.623560669141248,1.2294107227163567,0.7245599187115456,1.4110833502679083,0.5321888313699866,2.990748815000425,0.7963705030058956,0.6927759864521916,0.3535175982171545,0.385741627545398,0.33656796971776004,0.448198888942769,0.9327112904536615,0.3189620918047658,1.0602962396995637,0.9361076149957068,0.21291684132215147,0.48611998787726407,0.605625042185359,0.9783754603456449,0.32345564036225444,0.1541756082616287,0.270165146202413,0.9275178412913525,0.9462598088441824,0.8837381679280294,0.4541609112580715,0.6006728485890843,1.7414219257541887,1.4908241692875384,0.26263640806229166,0.17723879117784544,1.7979637410623517,0.6692358046562495,2.234152934562999,0.4373095554625742,0.6044618080169932,0.7178978654714554,0.3777849493847382,0.43546394692386137,0.40995110338076324,0.3979732164626779,0.5878038604497773,0.8086640161514715,0.5367964493090106,1.2333498504767777,0.46895257228124293,0.4136311551111584,0.42169390607626994,1.008960078054414,0.47187636140003175,0.38222214922937053,0.46900138700598376,1.0871244084632117,0.18816350161882273,0.42602037785866825,0.722849855028675,0.3850112664264719,0.31616001486895895,0.8042167393113141,0.46867536794441383,0.7845972929488266,0.5254337908835859,1.6147509232101762,1.2033916780378384,1.6682183834426967,0.9520145032722278,0.9979379514419918,0.4895875578851843
Croatia,0.4477313194064391,0.44041768482348587,0.7843905802612723,0.7287567231644568,0.5510004057767357,0.5673344379317637,1.3845535944207221,0.8393545539486906,0.5870339192463233,0.809079192005198,0.692681580184248,0.4278804450214008,0.736712214196154,0.6849651044757449,0.5665790874345671,1.1002514787638789,0.5469487425425666,0.5204200327362104,0.6972194052844503,0.44104037969011617,1.0,0.8805667258927907,2.7273631913663507,0.9318822459219164,1.107330815915574,2.591042323485655,1.2543066078811873,1.0153709637364545,1.6094802378979074,2.505805468547863,1.4411152966266694,0.7987284188464893,0.5362263709349873,0.7429476104774779,0.8340406500353409,1.1323951154937826,1.5837317972761378,0.9097629284616449,1.1556064992388975,1.1936704222299293,0.6399537417818615,0.7848007751768237,2.002033825610246,1.4544261520540307,0.8553775184018922,0.9863047171503991,0.5516365006349244,1.8004693434264893,1.4262580581751707,1.7476431441533054,1.3359410922526511,1.5589958607531673,1.4261162757753412,1.5948192613990535,0.5683691482097127,0.936455033869444,1.7573255177191576,1.1749296961905797,1.7638786059739884,1.0327173980212108,1.0859642726705538,1.5960210194357534,0.835278225405244,0.6028367850636482,1.4713701130674302,0.6115831465778584,1.4397816551593074,1.6590886268710914,1.3019691065714607,2.4155185251410844,1.3170049513422353,0.7694794540518851,0.7793222796053036,2.0573843712236677,1.2871075918646364,1.1132660924631066,0.8411480684103465,1.3421462833307054,0.8094879560640282,1.040310608103289,1.5042154560887806,0.7882521603376026,1.0609481681551658,2.884891338065614,1.1017870149743767,1.2785566561430353,0.7424378904039106,2.012693553093209,3.2110166222894834,1.250777962250694,2.092781022786246,1.5197028233434808,1.0422203465939657
Czech Republic,0.21361145135044274,0.35302634150052703,1.3485477455509367,0.5842183884189537,0.6975186808273606,0.5176758761708361,1.5805792694661402,0.7887744355302765,0.5922622532296544,1.2009286057159492,0.5388360795375836,0.2174558581509649,0.6772223764502399,1.1725913270038633,0.428340152374193,1.4924736170619475,0.7960885153421283,0.6942594404187631,0.6590100977971289,0.3445139051327132,0.8805667258927907,1.0,1.6405619874672475,0.4117393334556118,0.7054598458920089,1.152705812003688,0.7875719919784008,1.1138241050474431,0.7056468897322714,3.4716815727324826,0.43419477536469986,0.5093111948094357,0.2930661416824846,0.45883731945698886,0.4888285688270934,0.24699875365402943,0.8434980638848435,0.3821336183938636,1.1443268092871133,0.6535693708814503,0.37369741299632775,0.2889046062340837,0.7460630961959498,0.5359773993558428,0.466883252896895,0.3409034901800268,0.37246664470958896,0.8905602035790169,0.8851511931177595,0.8569015531855311,0.2844192351546147,0.37324402857466704,1.1946500834018245,1.161587675996885,0.2098053163726422,0.3643515159820679,1.6424511039003398,0.39583346515372614,1.797297155304051,0.21446804172289313,0.6300876462635624,0.46322381258388495,0.45558601068851046,0.29652919821050383,0.5643361555850556,0.4737074490459941,0.6663035748869705,0.821540782452132,0.5782963135717551,0.996556998900373,0.3795418537143094,0.20121013208965036,0.24776592309625659,1.0643367259597645,0.3838217847796946,0.254919584798906,0.5599082959397287,0.828025379691233,0.3692534126300053,0.2087727999414798,0.4785212862572347,0.28061847502502063,0.3257880822457155,0.9326837032813321,0.32522966526277014,0.7819249725051859,0.5956829954573113,1.118727763824542,1.3706675111973208,1.3865327886462497,0.8473827295230877,0.8917891434693958,0.566974460728414
