Country Name,Albania,Angola,Australia,Austria,Azerbaijan,Bangladesh,Belarus,Belgium,Bolivia,Brazil,Bulgaria,Burkina Faso,Cambodia,Cameroon,Canada,Chad,Chile,China,Colombia,Costa Rica,Croatia,Czech Republic,Denmark,Dominican Republic,Ecuador,"Egypt, Arab Rep.",El Salvador,Estonia,Finland,France,Germany,Ghana,Greece,Guatemala,Honduras,Hungary,India,Indonesia,"Iran, Islamic Rep.",Ireland,Israel,Italy,Jamaica,Japan,Jordan,Kazakhstan,Kenya,"Korea, Rep.",Kuwait,Kyrgyz Republic,Latvia,Lithuania,Madagascar,Mali,Mexico,Moldova,Mongolia,Morocco,Nepal,Netherlands,New Zealand,Nicaragua,Nigeria,North Macedonia,Norway,Oman,Pakistan,Panama,Paraguay,Peru,Philippines,Poland,Portugal,Romania,Russian Federation,Rwanda,Saudi Arabia,Senegal,Singapore,Slovak Republic,South Africa,Spain,Sri Lanka,Sweden,Switzerland,Tanzania,Thailand,Tunisia,Uganda,Ukraine,United Kingdom,United States,Uruguay
Albania,1.0,1.8689222064111075,1.39180687204742,0.8282214040559877,1.718889051855196,0.9083053157582432,1.5315114654089899,1.0290639747949564,1.0542605849666913,1.5230846109038119,0.8143710569201786,0.46171188895593096,0.8931123161350297,1.4461678570417786,1.8540565453434814,1.5415087799632965,1.4661133209421946,1.7418741655578984,1.0730384801621267,1.9068419719948653,0.970009161419525,0.40835905547699264,1.3455353060361752,1.9017975379718322,1.3625216042167931,1.2040641118012603,1.320179369943937,1.6082241094540406,1.6682634492786061,1.4706287251271792,0.4918224954926565,1.843432749373558,0.6366376366387323,1.6778148626676697,1.724687351728947,0.3770601515605523,0.8833796034715827,1.8919485328702426,1.5559251954979993,1.84619557100733,1.8085383913086241,0.5218732154300468,1.495818451899737,0.5998074203437077,1.7090470349482274,1.8614376217362967,1.7916056988113922,0.8901720008510351,0.9323177116712407,1.0387474352271295,0.49040421670897955,0.43296428803313664,1.1742027101031387,1.1403609270985338,0.5403730307512684,1.873269886040408,1.4277000116838174,0.4117445882520274,1.6235836863790085,0.33159496225584856,1.743738839863208,0.46273340319102524,1.7624632084544207,0.537787525616436,1.7510256791211072,1.6085799611218254,1.4505248059195512,1.2042277871681015,1.6507748880464093,0.8939358706033647,1.9572003450462006,0.45965355119288975,0.5183031885506061,1.1058236593400197,1.9411432663370987,0.2609369555671351,1.4828519759757537,0.8049916006010512,1.820496931584301,0.22649125429590902,0.5141450304207259,0.7030098614022887,1.9446967645150661,1.4825268647497598,0.601200795653641,1.0460456197765482,1.4859257547293092,0.7997670129689031,1.5317789235383632,1.5706986298926278,0.7978634636629707,0.9516462994574798,1.5468738219112441
Angola,1.8689222064111075,1.0,1.2541661746062152,1.6893997653455732,1.1194796271784258,1.5230969101354348,1.1211237535796783,1.5085644008633505,1.4427464214429546,1.4804493723481902,1.7328949246445222,1.9084669792061313,1.8012182700538093,0.9799006798505139,0.872227488711686,1.3552664393749378,1.1208579911512198,0.9895775898721043,1.4993132565916434,0.5794860438786794,1.8463899526940495,1.9282756090092295,1.3397507988172919,0.704116605599263,1.0637661314229456,1.4397275924833095,1.189612040151445,1.0254906539449042,0.8807339456427439,1.1315862297868593,1.7959630772264208,0.6696525397260533,1.8119388788089907,1.0832432958160578,0.9131394382883237,1.8190665386569147,1.5247671718467575,0.43807173422521106,1.33715398057444,0.6969216771284573,0.7891168847307795,1.8162624139670547,1.0382020334968807,1.7708352348261263,0.9664320120206833,0.5567739581507009,0.7652443007661934,1.473060591412259,1.4888913464528308,1.4039211842879258,1.8740101904435078,1.8323784802363714,1.5711060799037584,1.5596105953417037,1.918236087197918,0.7819739716175043,1.0796029779870808,1.771804470124487,1.1964509286580742,1.850410950162847,0.5222214764474402,1.7864590665233786,0.5112244421465388,1.8245202435875492,0.6076301693324243,0.8262995276845784,1.1781620935620607,1.364015329422839,1.1323385729868338,1.5730519327474781,0.8340279740232941,1.9274927363037737,1.8276507134978695,1.7519921012131787,0.5859262407486936,1.8667448447598558,1.0697761122817582,1.6679005165676384,0.7378379056898603,1.8851873597301299,1.7720971948832756,1.8348406764119773,0.6340577214970523,1.0561278470266924,1.8502640289727543,1.460309088008423,1.0901261778308384,1.553137514059687,1.0945832947372007,1.2441832081509112,1.5918436046316926,1.461143976523995,1.1583734990465668
Australia,1.39180687204742,1.2541661746062152,1.0,1.2627689352074438,1.0762138207669667,1.3148734584094937,1.225625438631863,1.2348370276121574,1.325919678464526,1.380679634984,1.4531667783996172,1.5790304365230352,1.3292128302038215,1.282979296898633,1.5231373239503665,1.2727607097550295,1.038183001893362,1.2247720541308869,1.3243480727206407,1.2492382248141516,1.4295539439499154,1.553091322738463,1.2692695322334444,1.4527589430570205,1.1148413248196738,1.0093258696200251,1.2007759645815257,1.482193025296707,1.1191428616665573,1.4398739462743853,1.3107097151195024,1.463912589332122,1.427894606142647,1.2287550824801725,1.3178250027219338,1.4465753390182434,1.2968217714678334,1.3848675570928008,1.1181023825958838,1.4809252203843029,1.3075878218099588,1.3468447443433607,1.0180370020475715,1.344339652167607,1.2816777332750589,1.155338897319232,1.326704549377766,1.2549502698795214,1.4108456722883347,1.2182502045177843,1.4981722976134426,1.4597596836742497,1.484684367432207,1.262761753594259,1.4504836479750798,1.3004660025339847,0.839931831769147,1.2739369371385296,1.3520188089191278,1.4226490476159221,1.3179109042116732,1.3520658309809312,1.1641664287410982,1.3060610892592532,1.1522677753462622,1.2950445447952326,1.0002665380250062,1.152589810732616,1.0932485192245558,1.0845617871613435,1.3914168562987435,1.4263692974277422,1.4505038026121335,1.63510130794695,1.3597697284794867,1.4405251764202829,1.2321407751240547,1.237911483178825,1.2208543384970354,1.4115322244721753,1.4139449130432635,1.5758815107123965,1.3642722980615904,0.8485776606983375,1.6135011331199431,1.2672341733076053,1.3414994571551369,1.0078685048719325,1.0970050124553687,1.5619474910118885,1.258710094107986,1.3285729226302991,1.2452822540249444
Austria,0.8282214040559877,1.6893997653455732,1.2627689352074438,1.0,1.2583605750767568,0.7495355215325323,1.2763290858070448,0.4644586535008914,0.8089549781881517,1.301996303505661,0.43811414836187274,0.9769581841064265,0.8487533182203288,1.1983235253041713,1.7068603595060945,1.3059230676024987,1.03272577940439,1.2736317931484493,0.7230136165059508,1.5695608030467103,1.1001735417660297,0.8218535591623191,0.896885328638715,1.6589871573326276,1.019498199984451,0.8101473759340022,0.8178624124977923,1.4543771531677212,1.2084320302496367,1.243711731838215,0.5330906647963832,1.6980809120398195,1.0250135197629178,1.267673295012353,1.2204643581554673,0.8484783667991741,0.7336637913433961,1.6317576426946427,1.361364526972227,1.801901221951353,1.3974868766795157,0.7275762011022869,1.0784749633889306,0.5281623585042167,1.24408976911269,1.4913894421091618,1.4168118937957999,0.9170545051844253,0.8056920632512461,0.9328610601325449,0.7664039023210544,0.6461064141345996,1.0785435324023849,1.1550622284447924,1.0028517929730314,1.4934097355974552,1.2341824106419421,0.6501397467396746,1.657665017903031,0.7395265019891535,1.583536221114843,0.6570608473969298,1.429310134627704,0.8589012903404161,1.410195352751646,1.3483681469000235,1.0062515214682748,0.9488696782573447,1.1715075623123912,0.6359619863338342,1.7143676033408741,0.8163236727694035,0.8322552182532913,0.984750427978444,1.7381418132000392,0.8827708020637866,1.0697572804626285,0.642627242739642,1.4092349778807374,0.778401813169338,0.7969901908611415,0.9553194866144444,1.6738219237251186,1.0506584686532323,0.9440022273353105,0.857435780185532,1.05700689470056,0.6632174589092138,1.156825522930278,1.4081872548731642,0.9280675076648948,0.6543787596199374,1.1300862889234609
Azerbaijan,1.718889051855196,1.1194796271784258,1.0762138207669667,1.2583605750767568,1.0,1.4248449412814737,1.1929100277653268,1.2147490610648828,1.3482146024735369,1.0964092940240273,1.377000282160335,1.7567480359213254,1.4090186854211122,1.3242561281017828,1.2849823627453592,1.170063775531871,0.8939961371566255,0.6097220498816752,1.2512454881986346,0.7934170494366658,1.4985784349790827,1.6814304798047934,1.0865411836757015,1.1309608425247677,1.1778552978010333,0.9178453727550332,1.1082386246768527,1.4566077645130646,0.8463401540241371,1.3842564651429352,1.4982927953106202,1.298030981055735,1.6687135813449807,0.8403796945172249,0.7813820721706348,1.7233381913199188,1.4226795952733668,1.0589240703934621,1.0055066056273354,1.4318450675877383,0.8092366755530211,1.600424893893398,0.8644373158778573,1.4569962230682523,0.6891262560804589,0.7146174095471539,0.9216130114419724,1.527415007819866,1.4863752880944516,1.3982491673705324,1.651637074051981,1.6278265405965082,1.233025658175785,1.5230984070914857,1.6693276767400815,0.7193451920372569,1.1546706781710443,1.5710337900711573,1.2412831359667815,1.6596883554940016,1.3039467508933849,1.5766184721225665,0.9429288720290956,1.6041933322469326,0.9368527107260877,1.137795598673106,0.8543561821813279,1.1689182248427046,0.6235251490599903,1.2510507349823279,0.956266626152275,1.5818617054269388,1.6627641189844125,1.508915568288724,1.0939861780191584,1.7131968805013784,0.9831053879004583,1.3559007551900857,0.7173627554089129,1.6605378712068628,1.680620066867661,1.7042753535611381,0.9539764960553637,0.8369556939872004,1.6970142281136,1.3664306344581971,1.070633202943843,1.3372560677504972,0.9097140185896909,1.4082292832100678,1.6068167863556087,1.4137167301252471,0.8751538503118454
Bangladesh,0.9083053157582432,1.5230969101354348,1.3148734584094937,0.7495355215325323,1.4248449412814737,1.0,1.3555409019687668,0.5941105830383002,0.3431201553894118,1.681560570651679,0.8178796669049689,1.1400722999311954,1.2131455395062187,0.8720779700694828,1.7626072109577386,1.3457323423494774,0.9158142479410261,1.2314213137331045,0.5667550564463614,1.4982567136887983,1.5360599580687353,1.0471291430714844,1.1311821577335455,1.6412928379186067,0.7228990003307525,0.8270419017170565,0.7280911162480553,1.3728937943964865,1.2749155885017363,1.326052622235802,0.6628143609538669,1.5926613734949164,1.2989546334259543,1.1680560870162515,1.22254218554679,0.9117830929862002,0.301821697508905,1.5512982972424247,1.6443017763782728,1.7096720459067503,1.2808835370717409,1.0700787608058764,1.0554337425144393,0.7189424255342618,1.1685536497170697,1.4504687468360387,1.2686033649871231,0.4600302842504165,0.46611760786058926,0.4718632540078685,0.9595388019035386,0.7314093641327765,1.217457144949891,1.3258539089689336,1.235073189107488,1.4984884812259127,1.3490433977099943,0.827579190804668,1.6094932643794198,0.9118228843031433,1.4075907512989434,0.6807289064788716,1.3022167678694312,1.1609838051358348,1.3591242349025698,1.0474526091001737,0.8893859448996183,0.6069561315819908,1.2336777064113322,0.5317614567117623,1.7849551373903205,1.0606967001733978,1.1049568266467358,1.2254702533092139,1.7335876860280472,0.934462978505234,0.792133699546307,1.0181610461833042,1.3206816571083038,0.8824621496793003,0.8875264144206167,1.2742377622754806,1.6884163900551419,1.0724762393807286,1.1046241210231968,0.3518830159317333,0.803029925019488,0.7544710510633204,1.398653367749747,1.3749303428951603,0.7782104701791963,0.3668051007060229,0.9734133229338893
Belarus,1.5315114654089899,1.1211237535796783,1.225625438631863,1.2763290858070448,1.1929100277653268,1.3555409019687668,1.0,1.24656762815145,1.4094322137339115,1.374460178563025,1.4099484077906799,1.5327438038918237,1.3318668292699727,1.2183434682117533,1.1273197221654943,1.2705168336019586,1.3154566045472182,1.259008901213176,1.3432370263284972,1.1631024443985634,1.5427395894059057,1.5768941118919584,1.2482953924374125,0.9727687773084074,1.240425158641265,1.375846955902875,1.1510443386182978,0.8964324076923038,1.0550881149986402,0.8667011835968467,1.4853744187977116,0.8913365048978166,1.5257362245893897,1.221479406240378,1.0511286689981525,1.5105190516164542,1.3907921288803204,1.1001898043754148,1.4091663163440575,1.1101221332863593,1.1060770265839799,1.436672741721907,1.2554205415532718,1.5775557663001223,1.2473165068442287,1.0922603463804617,1.0973345934394105,1.3350742639935596,1.3100494485594638,1.4429197090918318,1.447291769735773,1.4596726443123582,1.4443040977135462,1.4577089144374957,1.579515144882528,1.1560703380095676,0.9674351357704867,1.4431271789096796,1.4967878880118528,1.5003566104823034,1.0617462905026345,1.4874398381654446,0.9383264803631518,1.4911497894557186,1.112438461305558,1.244241901282666,1.3638463120997373,1.44713622874416,1.2121337388476228,1.4215635624591172,1.1410893375581823,1.6084378472452279,1.4937842599926794,1.1603570995017396,1.1256783667556027,1.5787140171493732,1.268808934868953,1.3565979440942724,1.1918516883837331,1.5702475144960373,1.536764521253134,1.430887089251375,1.047390482149564,1.1444019309399125,1.568996501865703,1.3617482687500386,1.139101406856846,1.3468093204788012,1.1679627584342227,0.8676281016900597,1.2396523728456172,1.27151170409589,1.3466654400179565
Belgium,1.0290639747949564,1.5085644008633505,1.2348370276121574,0.4644586535008914,1.2147490610648828,0.5941105830383002,1.24656762815145,1.0,0.5946063421737395,1.4508371023749016,0.5623883567767419,1.2230735468190472,1.1237580330367813,0.8864942241365468,1.5932961937475374,1.1794616272445304,0.8390868403148637,1.101904774017559,0.6406445242045212,1.3672898576529209,1.3547902375985885,1.0842402053496047,0.6802371642766217,1.5490288327134525,0.7515490931675037,0.7740283876863101,0.5768591743840296,1.2898775879218796,0.9834229387251464,1.128506474265879,0.7276869415329252,1.5696780599588103,1.2609750444537473,1.0806676860503535,0.9927090476422127,1.0167914781424119,0.6140473499827572,1.4270854209584076,1.4247414686060929,1.6588802018691564,1.1599855498791793,0.9716263346174518,0.8595880284512778,0.6884911343517699,1.0216890589921754,1.3050305352170968,1.1907575086126825,0.8678368064576464,0.7201165012760344,0.7465268194027931,1.0188305071327373,0.8283072889885389,1.246034139747911,1.2278327326622431,1.2782093425486647,1.3124856461739662,1.229577418432441,0.8290085303270325,1.6410981492603656,0.967624245295984,1.3636698150309805,0.8499398477373443,1.2570595226432206,1.1147709419346306,1.1954677074194235,1.091398046420512,0.8122065467222754,0.7375590428612877,1.1053185534438563,0.6292028304680896,1.6236413520587942,1.1110790695071333,1.0393108799580504,1.1429581368603579,1.6128460755697254,1.0832868288144881,0.8011749157333062,0.8307872824830514,1.2126103829237302,1.0090666164169295,0.8621651976231106,1.1677239782809115,1.5295728956097177,0.8929107820083593,1.1133309442902273,0.7175616527701796,0.7743114743195599,0.7181080441268023,1.1064045142682188,1.3844108376018136,0.9333062713077384,0.4681372691270907,0.9707602567721121
Bolivia,1.0542605849666913,1.4427464214429546,1.325919678464526,0.8089549781881517,1.3482146024735369,0.3431201553894118,1.4094322137339115,0.5946063421737395,1.0,1.600423406140386,0.8767540444893893,1.2597233647925896,1.2356580090346838,0.7651930577929219,1.736877516456533,1.2306798790393068,0.7396468345320005,1.0876958580378104,0.4637534604068632,1.3810376226810062,1.5920040513024054,1.1655423278965866,1.0625063844942026,1.586997166641018,0.5742855327382652,0.8078603627219707,0.6455690109290887,1.3790698424225158,1.2107903759179808,1.3787985067804078,0.8063125940074597,1.5478488424089318,1.3809114058772003,1.0223163715106263,1.1023725563147226,1.0659761434091344,0.29315565691998646,1.468568490450039,1.60807005286469,1.6851491552009878,1.162711562988882,1.1915383226922605,0.948486821062035,0.7788040110815662,1.0071398802572518,1.3284930305098914,1.142179690224993,0.5477084889134111,0.5674882742087972,0.4469508161091547,1.0674780109277795,0.8525847718412953,1.2791578191860704,1.3516077979481798,1.3577063695856288,1.3888428117375,1.3489184623247812,0.9427030356501577,1.6380252952705783,1.0465833182386552,1.367435682439488,0.775523324431176,1.2203413169280202,1.2633698325214382,1.2832235676846022,0.895305664083522,0.7243628386466094,0.5028006725404421,1.126335354161205,0.566342783488022,1.7271308651120785,1.1649515079998605,1.2206456178114051,1.3134983483888125,1.6827166884599816,1.0409136584875898,0.6115262556380168,1.0084185994224977,1.178451761759441,1.0218621483232557,0.9544522768288731,1.3819762467942838,1.6198564688761912,1.032558869685615,1.162777846438179,0.3385545411988999,0.6945828221785387,0.8086629700426755,1.3303874125291568,1.4398105600454152,0.9448553864205037,0.43353764513532006,0.7864876724769099
Brazil,1.5230846109038119,1.4804493723481902,1.380679634984,1.301996303505661,1.0964092940240273,1.681560570651679,1.374460178563025,1.4508371023749016,1.600423406140386,1.0,1.3940863587251324,1.441231350119396,1.1037361479422891,1.620284109490233,1.3531741078961197,1.2034254750559161,1.3447365823490445,1.3025301298091985,1.4155490094374337,1.348116476517048,1.046680438556527,1.4362912534076702,1.2576089242307966,1.3099474932558126,1.5503504650185356,1.4264345915363845,1.4271644568964212,1.5573572489783587,1.3729569878963581,1.5236466634503674,1.5055523483881346,1.4928805780394085,1.3188821822606556,1.333279778237427,1.3229099358239138,1.5680208025429512,1.5778660179322217,1.4348795951050166,0.8465999489871721,1.5210479762684006,1.4240794156926675,1.3881149306451739,1.3587127893843962,1.4284692811679602,1.3559655860551563,1.3040129263709346,1.4354624787175359,1.6487314502845019,1.6827572699868407,1.6544549686445449,1.4334090853038253,1.5071398214386404,1.3665954022943714,1.2598394132324668,1.3772491674115293,1.2723649391878287,1.252369854375572,1.4671336457053519,1.5923650804533447,1.4979606200164457,1.56318477976361,1.503140158790027,1.4490749990970413,1.3500992694816567,1.3999453122392929,1.5184018254555955,1.3978623770000504,1.6144233590908075,1.1603170837426011,1.494879393829862,1.2183070878279638,1.3647429542923015,1.4393703045773443,1.3426830759392245,1.3348868454151512,1.4848619387936812,1.5075588841915732,1.1881568732538774,1.3266058807315944,1.4996867082665564,1.437579066479659,1.374849784420771,1.2920203698419217,1.3972755729152226,1.4186548806694135,1.6099857391132122,1.5502420111256938,1.428281641905665,1.0711395140054616,1.524172721553898,1.65137947629866,1.6125208930878487,1.3467485760921243
Bulgaria,0.8143710569201786,1.7328949246445222,1.4531667783996172,0.43811414836187274,1.377000282160335,0.8178796669049689,1.4099484077906799,0.5623883567767419,0.8767540444893893,1.3940863587251324,1.0,0.9072091809379244,0.9743592774281519,1.2406196936463827,1.6438671049885814,1.4293188293844101,1.1946720202757874,1.3662215514810054,0.8247832232568155,1.6025839526679448,1.0144497786968991,0.7120174437266326,0.8357015598642364,1.6800888784968013,1.139902424202083,0.9726572100745413,0.9672907981608775,1.4158920966593787,1.2289042086072979,1.190192284015406,0.5742627309250826,1.7361477992041794,0.9401188405720388,1.399959719201006,1.2921635435486838,0.7507421896065439,0.8299826703719473,1.6213064658321792,1.4170355826510277,1.7700787571526408,1.4608716449752137,0.6823125240027085,1.1547557508224089,0.4962617267095186,1.3100787841934909,1.5644981495198562,1.498984360086914,1.0536695615702765,0.8528265088622776,0.9746096739687371,0.7566956999696084,0.633097548699104,1.0393525470439673,1.165621998225567,0.9630271327787965,1.5220128001342061,1.3918862757215358,0.684257373031985,1.592666134708425,0.6901523213046704,1.5833803063754643,0.7319797612885618,1.5356285316234555,0.8603375758310027,1.440851186660323,1.416422403016052,1.169214512527077,1.025067304930688,1.3642235561120393,0.8124350329306635,1.7230976475446773,0.7936583618912672,0.6893028642022648,0.9827306566136601,1.7424449453041049,0.8565109850365138,1.1661824525918731,0.7602363387059995,1.4817134974430213,0.7571317591299931,0.7226294122387839,0.7933184294898117,1.6853592840169649,1.1988442089225058,0.7685066392450163,0.9951320888875921,1.1247456980096322,0.8509827639329145,1.1933311314259112,1.45594537138133,0.9621898579496683,0.7079108895765689,1.2524336083019938
Burkina Faso,0.46171188895593096,1.9084669792061313,1.5790304365230352,0.9769581841064265,1.7567480359213254,1.1400722999311954,1.5327438038918237,1.2230735468190472,1.2597233647925896,1.441231350119396,0.9072091809379244,1.0,0.8193150229203883,1.629610119368959,1.8016004435604391,1.6064292730488827,1.6475890355757086,1.808150209624525,1.2586355370379652,1.948358399263572,0.8817311670001221,0.3810911185177835,1.4653308752056482,1.8628933786361115,1.5326850899955289,1.3917757946524711,1.4938653255662941,1.5693143018181972,1.7528769204443067,1.4656542519909836,0.7359014933571507,1.8023496784829498,0.5555942696433223,1.7676759243252698,1.789324459524206,0.4878424412918275,1.1106698513439044,1.9034088517904046,1.544412178146143,1.8006936528088555,1.8702659478879287,0.5904576271632662,1.6840319254484213,0.8419837231485409,1.7959048086283,1.912848487094305,1.8569948392423568,1.1051541327380954,1.0645048053123858,1.264360352804705,0.37666385848749667,0.5391566460850995,1.1637108263407934,1.2155647921658885,0.436740377042615,1.9202674561924546,1.542088083821891,0.6841112973380062,1.6143274247271189,0.42944663200308725,1.8067059106612207,0.6426751184658878,1.82101742201614,0.6215115726310484,1.8435091571715534,1.725953983976059,1.6117568519101326,1.3979898520846115,1.7246219706535761,1.1442327418832274,1.9077288746867946,0.4913649887100031,0.535984201381624,0.9675112222683484,1.916517066708522,0.42391903389424196,1.6361480183523087,0.927646330400071,1.8841742252035765,0.45197928414403066,0.7699664885175493,0.5536847483100276,1.933362947024146,1.6372167506520412,0.43287718702218814,1.2590236794903702,1.6022684645534782,1.0917830794169707,1.6159186841538415,1.5544755870362157,0.879636031100953,1.1396830728650864,1.6688463190431262
Cambodia,0.8931123161350297,1.8012182700538093,1.3292128302038215,0.8487533182203288,1.4090186854211122,1.2131455395062187,1.3318668292699727,1.1237580330367813,1.2356580090346838,1.1037361479422891,0.9743592774281519,0.8193150229203883,1.0,1.5769972643375045,1.7727336598012806,1.396498729925235,1.3760180405645588,1.5368614314430231,1.0707378136535939,1.7442611125951057,0.8852716616297568,0.809793224623401,1.2816946000997798,1.7545443497209807,1.4054160119415762,1.1961736383651043,1.3613168646947178,1.5805915300170932,1.5440803151718074,1.5020171048299034,0.8100566893769667,1.72250061409443,0.8359735672760898,1.5345363496022562,1.5755366796494037,0.8735698947374009,1.1348974576222641,1.7995937849852661,1.2778572816355485,1.8393283507203768,1.6691374118099798,0.7592185402758156,1.4875338382165901,0.9429006650741866,1.5647728205215916,1.6747031442958589,1.6860786022282344,1.1765914039953478,1.2364466251993242,1.2958675957364179,0.6908176644692202,0.8435734739903961,1.2007929922582141,1.1844596658914495,0.7295260501091199,1.7099294173727777,1.3277042378388688,0.8156243391773191,1.717632594481708,0.7695374964434325,1.7747174319565349,0.7734594546636764,1.6305106506588087,0.7239232144151215,1.647014555371222,1.6668006648284015,1.3698730337642564,1.2374158247429188,1.4313323492794192,0.9894613838558801,1.7599546299546793,0.7074980588594626,0.8720295175200073,1.0925992163371647,1.7853199620904008,0.809983849183695,1.4830833347527748,0.7793984939977977,1.6460955532382202,0.8056110377006696,1.0300724033245077,0.9259889567462852,1.7770402322930083,1.3271618331205535,0.9158157782027148,1.1793021922072793,1.485058957512556,1.0661823186167405,1.35333584198052,1.571483529083317,1.0652137135269317,1.1701692262032481,1.41340865698852
Cameroon,1.4461678570417786,0.9799006798505139,1.282979296898633,1.1983235253041713,1.3242561281017828,0.8720779700694828,1.2183434682117533,0.8864942241365468,0.7651930577929219,1.620284109490233,1.2406196936463827,1.629610119368959,1.5769972643375045,1.0,1.3279119033909461,1.1772902198612278,0.7699225269664203,0.9984914494904494,0.891977242498767,1.0205574425819244,1.7657414648003436,1.5574774106813116,0.978727335888226,1.1968554451539282,0.5669089661644879,1.180906920285275,0.6443833961836267,1.0356099287285152,0.8971754731983708,1.0766603381741697,1.2925923905555952,1.1540791402192467,1.6377942849052387,0.9393833534715785,0.8421690496903153,1.4117659759619359,0.9134340071898577,1.0177100188754666,1.604120523372236,1.2385751689896853,0.8560221801184515,1.4719830346907794,0.8137733375725866,1.2595010038835608,0.8857380974387807,1.006055299709395,0.8291459275269675,0.9718925390781049,0.9675053006864766,0.8428678427987211,1.5035454541817999,1.3392425531701904,1.547792351931728,1.3250345776277848,1.7083086426322291,1.0607197947441038,1.2366047671940286,1.3320686826768768,1.5879775742172266,1.4572918568012911,0.8372107621154347,1.3150187945378529,0.8670961905786491,1.5586326345740682,0.8591960531192343,0.6443492687214596,0.8879817859219213,0.8822279491883905,1.1412102305385539,1.0775658178852814,1.4074514349778433,1.6164811292420334,1.5001813600651874,1.5000978798341897,1.2725493644662964,1.4716156971591576,0.6503800476625095,1.3319301602274756,0.9356071495028317,1.4729738346936876,1.2368164783405138,1.5823054870905549,1.2116488471993527,0.9478757953190462,1.5282709584724452,0.8118361961327645,0.6622659125178244,1.1213786345246735,1.1405894751293946,1.267809650972569,1.2117916725749205,0.8145757619784827,0.8966674966900259
Canada,1.8540565453434814,0.872227488711686,1.5231373239503665,1.7068603595060945,1.2849823627453592,1.7626072109577386,1.1273197221654943,1.5932961937475374,1.736877516456533,1.3531741078961197,1.6438671049885814,1.8016004435604391,1.7727336598012806,1.3279119033909461,1.0,1.3673911478035603,1.5503241084565818,1.30782106629167,1.733217281781214,0.9050873879675357,1.5446941092727116,1.8014118725229793,1.2493517745304825,0.6774813010477835,1.5198668291727035,1.7066440019612747,1.4750926105020528,0.9159501746522996,0.9983570826065592,0.8563269010003178,1.8513987632092523,0.7504803680894059,1.6862986928153347,1.3787481978826313,1.081510098134526,1.788214975239502,1.789279560076107,0.6121450100675873,1.2593599494165222,0.502795889195065,1.0772532292050085,1.7017090951938114,1.3608334799909845,1.8160796578699847,1.2730381273070415,0.978080677113922,1.093535389118039,1.7965307335794727,1.6810600131204065,1.7480229551532553,1.8226285144830274,1.8321338547471895,1.5942838677233855,1.4724091654616949,1.80593195182379,0.913062452759106,1.3026546026210055,1.7956871441850952,1.2003719033044202,1.8121041395133297,0.7826509472431711,1.8976907349158243,1.0677386470047603,1.744487967452559,0.933572344183751,1.3554882732764992,1.5796204654745323,1.7243373854464197,1.4176860622139662,1.8370823611870715,0.5790905045735464,1.8793372694601451,1.6728646044015647,1.4846211192570433,0.473727482122714,1.8827450753429296,1.496487743783255,1.6925945861438167,1.1387182089731442,1.8860525864000615,1.7243377388483063,1.5518153018224858,0.5337590179001861,1.377871316374503,1.7509485743154454,1.7868441972920306,1.3908259318724978,1.7477472258362925,1.1882146184625189,1.0621528525370094,1.6959817727653634,1.6524870215043803,1.5461712798116065
Chad,1.5415087799632965,1.3552664393749378,1.2727607097550295,1.3059230676024987,1.170063775531871,1.3457323423494774,1.2705168336019586,1.1794616272445304,1.2306798790393068,1.2034254750559161,1.4293188293844101,1.6064292730488827,1.396498729925235,1.1772902198612278,1.3673911478035603,1.0,1.1124144610821542,1.0444766057529737,1.2304210763885899,1.139336931655861,1.6045120099117944,1.5815667805337152,1.1587022693670166,1.2567652579506154,1.2124394072115905,1.2953399435468942,1.1884105220734287,1.3355288561578302,1.2457465280980955,1.4572333260174488,1.486770587188595,1.288884590443373,1.6983271659392731,0.7839538927448845,1.0061719742756434,1.6482913099434027,1.3196269817104866,1.283848524426072,1.3684934812143232,1.3634320858205724,1.0041071414577902,1.5873148570603983,1.2378192940580086,1.4427310102229132,1.0328825581574073,1.1660258340459801,0.9960533130884461,1.4114661155849895,1.4211600888363645,1.3708183199175217,1.5012133164643544,1.4393019242874654,1.6914445691178415,1.5388135356786428,1.6756258499357828,1.0952780921342642,1.3888128342271056,1.529522325835641,1.7143839070684401,1.5933522040380095,1.3453113177801195,1.4625695530061966,1.272574194685617,1.617223334462833,1.318444743249197,1.1102472378873525,1.1153629937964964,1.3037684777210838,1.0455382911140005,1.364607259587623,1.20805019300884,1.5768775055953903,1.6379356250073096,1.291701312774526,1.3480949477804538,1.556540788425709,1.129287032300112,1.367838542294511,1.1161242636972184,1.5715169628673062,1.4169178385193684,1.6275658274892764,1.1877651114294803,1.3103122591088459,1.5989054850703261,1.2542172654793193,1.165164272648348,1.3861720505229178,1.4304974880069783,1.3501909309177362,1.4964669422464407,1.372959077021091,1.0797007108278445
Chile,1.4661133209421946,1.1208579911512198,1.038183001893362,1.03272577940439,0.8939961371566255,0.9158142479410261,1.3154566045472182,0.8390868403148637,0.7396468345320005,1.3447365823490445,1.1946720202757874,1.6475890355757086,1.3760180405645588,0.7699225269664203,1.5503241084565818,1.1124144610821542,1.0,0.6118588583168693,0.7492237778245923,0.9444445848448412,1.6486861670245672,1.5413061821115326,0.9865623073046493,1.306069841133452,0.5496734901382466,0.7225806720965323,0.5491217393992782,1.4316488107923704,0.8800496028135805,1.4301972854132672,1.201468717911162,1.40777585566699,1.625455122610781,0.6765106689340709,0.7557692626644636,1.475158341650726,0.8706570858676023,1.181007852680004,1.336521520755268,1.5561982114295774,0.7976678723941716,1.4750541368791372,0.5153055428395659,1.131708179564613,0.5844966633270227,0.8488837167542026,0.8339544470954423,0.9891942905372567,1.1106253521522078,0.7893889021288804,1.492341498750868,1.3607805576238072,1.3179249941476716,1.37428518453281,1.623956828381321,0.9599054070510996,1.1013650336701013,1.2947686554107793,1.5264896239738066,1.4580980194792836,1.19579452907655,1.2440046700921095,0.8988920354206128,1.4930766881398478,0.892937643019261,0.697670658784989,0.3374340206146727,0.6696825559431004,0.6941954241604996,0.778997771295359,1.3985131277361436,1.4635393438231774,1.5536594522457317,1.5703472784725516,1.3692836347450168,1.4670404630286102,0.41850227314297844,1.2061099893761715,0.6944894185754446,1.4267367413931535,1.327666514400671,1.6793718871046341,1.2727088791283303,0.6726806953155982,1.5544678227098034,0.758946626694826,0.6763008712333995,0.9805348275852716,0.9566213252316756,1.447126656564976,1.356718513635047,0.9121470669284677,0.3743770754241875
China,1.7418741655578984,0.9895775898721043,1.2247720541308869,1.2736317931484493,0.6097220498816752,1.2314213137331045,1.259008901213176,1.101904774017559,1.0876958580378104,1.3025301298091985,1.3662215514810054,1.808150209624525,1.5368614314430231,0.9984914494904494,1.30782106629167,1.0444766057529737,0.6118588583168693,1.0,1.061587577967459,0.5768189961407024,1.7307295076574722,1.726752362002886,1.0932603533521785,0.9942780308510657,0.8872559882226752,0.9542199496276628,0.8541001026226692,1.309988561936951,0.7777244254341183,1.3933766661924465,1.5025226920819608,1.1943065134551176,1.8169462302472221,0.41660524052876846,0.4709039780648291,1.7315489793511247,1.2496132749939808,0.9323807198403141,1.283548800656669,1.3650515504544913,0.40984820454714055,1.7056433844668477,0.7650961582981692,1.4357684072380492,0.2597595882548348,0.5788300882633142,0.5543211215857049,1.367135071470801,1.3339043266061807,1.1747671903436006,1.6701227258300109,1.596240987933952,1.3865337421099142,1.5918887447467716,1.8006324453318245,0.5610217921247739,1.272224425446316,1.6211459621516089,1.387304875071221,1.7042479955714462,1.171736282333094,1.5404293940442748,0.7908150275683924,1.7389471602743327,0.8555050067850433,0.7742659576590916,0.6227851354965225,0.9852425927599197,0.4994362025818811,1.1879499813499177,1.0037166286158077,1.6711911706120501,1.7565151146291056,1.5057871365070405,1.0844542269066975,1.7388252776397402,0.6025621699416338,1.4852685956059526,0.3391050539493025,1.6923160823424848,1.6484376154172409,1.7963419665551061,0.9247645996233299,0.8687048910383117,1.723123738820703,1.1236808658327513,0.734221647880029,1.3845980823446267,1.0649444248474618,1.2980550432727618,1.5867619349528679,1.2257187688418243,0.4822558476859011
Colombia,1.0730384801621267,1.4993132565916434,1.3243480727206407,0.7230136165059508,1.2512454881986346,0.5667550564463614,1.3432370263284972,0.6406445242045212,0.4637534604068632,1.4155490094374337,0.8247832232568155,1.2586355370379652,1.0707378136535939,0.891977242498767,1.733217281781214,1.2304210763885899,0.7492237778245923,1.061587577967459,1.0,1.3820040875286952,1.4736991211958586,1.1349816498102003,1.0006913900036967,1.5497906140068636,0.7476150846889362,0.8506081100077829,0.6863781641666888,1.3936484851149396,1.2101804212490497,1.4035543426005106,0.8143052988363059,1.57586373998279,1.3363506720562086,1.0109557644974456,1.0945922601955083,1.0944134663277165,0.5146883010229771,1.512294689343018,1.5065031872476855,1.745249185828356,1.1880061471644434,1.1577002213002179,0.9576800864719173,0.7837564685052982,1.0181875973145837,1.3389025450224925,1.1778000980234782,0.7458753399985504,0.799334879370072,0.7211485421416252,1.0347186544982279,0.8783928087263506,1.2452996857261325,1.3379262055152785,1.3135519479743478,1.3419804969982938,1.2902352488963182,0.9648799158385706,1.7093069825727174,1.0616880901117367,1.455277023312503,0.7924298378778638,1.244947766704794,1.2132068031677052,1.304369186453599,1.0266544295619733,0.8095689003441767,0.6770369131145074,1.0578702184054245,0.628558701479344,1.6930715898756656,1.1092940415255572,1.203738930732826,1.225185552097258,1.67366640837428,1.0420738948437218,0.7106727070208576,0.9336860918678208,1.1741312311189398,1.0291394343830698,0.9844869752070637,1.3369651902710098,1.5945766784587112,1.0463911806568007,1.188798278117657,0.4799912455230411,0.8073486076803792,0.8807735067533681,1.2420401459609436,1.4157560303501349,1.0373877525157114,0.6141053564088614,0.769895175333954
Costa Rica,1.9068419719948653,0.5794860438786794,1.2492382248141516,1.5695608030467103,0.7934170494366658,1.4982567136887983,1.1631024443985634,1.3672898576529209,1.3810376226810062,1.348116476517048,1.6025839526679448,1.948358399263572,1.7442611125951057,1.0205574425819244,0.9050873879675357,1.139336931655861,0.9444445848448412,0.5768189961407024,1.3820040875286952,1.0,1.793431632051302,1.9141522931750747,1.1520576788530463,0.634641851062807,1.0649153556748066,1.2835061687019365,1.082448427706982,1.1014941391153372,0.6783095997101536,1.2236400884531167,1.7620349302038627,0.8678500844100582,1.8836397988167384,0.7287787245422046,0.5610418779481084,1.877483814413379,1.5103199149016986,0.48304185652660686,1.2464361831365451,0.9428475892393671,0.40800653880812016,1.8386744900332648,0.8713963903828039,1.700035971457692,0.5939584586391196,0.27132333927556795,0.5231887448434789,1.5660065070305411,1.536511309499195,1.3971699873766863,1.872526253474103,1.8187343248862418,1.55037467096326,1.6030412761424302,1.9416271668432112,0.2985349248799953,1.19662754605525,1.7961954065466776,1.2454462150258332,1.87856873702705,0.8268068827751328,1.7914347664161256,0.6356658755667594,1.862767763926696,0.6154011730129328,0.8009928637860962,0.9860109308906182,1.2850970942618607,0.8314043224316162,1.5083026073575347,0.6275158283591566,1.8921990725610613,1.859865797008696,1.6467427114690925,0.6254297802846992,1.9146977480612435,0.8997468052895924,1.648016099929861,0.35433064415860765,1.8965171840644042,1.7813008344932382,1.8581210044143128,0.46579429159591507,0.9851859698106659,1.8529740353794668,1.4267662336477172,0.9549334976594372,1.5724758286930072,1.0207219839269883,1.2311513423361014,1.6906882943907586,1.4514064397921556,0.9011266841985724
Croatia,0.970009161419525,1.8463899526940495,1.4295539439499154,1.1001735417660297,1.4985784349790827,1.5360599580687353,1.5427395894059057,1.3547902375985885,1.5920040513024054,1.046680438556527,1.0144497786968991,0.8817311670001221,0.8852716616297568,1.7657414648003436,1.5446941092727116,1.6045120099117944,1.6486861670245672,1.7307295076574722,1.4736991211958586,1.793431632051302,1.0,0.7888923176128948,1.2608380174016585,1.7461991198768896,1.7160583619724157,1.4118210493183365,1.59629909833967,1.6711963400765815,1.5629042139874596,1.4279364969752861,1.0587735614738956,1.8141633119157101,0.6214208619725979,1.7885978329274261,1.7124246748103733,0.9581117402524079,1.4968722718699794,1.770814566371543,1.1025130175133655,1.7366653014579212,1.8249870592135808,0.721066941011122,1.5519482581584836,1.042904757739342,1.7354078010190956,1.7612500187831504,1.8601624303708344,1.5565924021535948,1.524684476638655,1.5715122664207921,0.9933336389603796,1.116205936176059,1.0992600415208191,1.0470631322491377,0.6586900275547125,1.7159312249288579,1.3982892368220596,0.9659532145806844,1.450986046400759,0.9066081435090846,1.766875020513182,1.1621588944946009,1.8128563526465535,0.6731770771776505,1.6591627206414299,1.866639160115685,1.6488409457025073,1.5929270957046802,1.6505166296768343,1.3483294566007964,1.639510624532763,0.7722284921679838,0.7211187135429853,1.1981282412003116,1.6866098386762716,0.9882221558664427,1.7593928883760115,0.9781971081008367,1.7893473887194262,0.9434319584903444,1.0243283615912797,0.6645546889824142,1.709039546520938,1.5106441903680785,0.9133576287392335,1.610775937362658,1.7473334187297291,1.2275988814939314,1.2629684901373273,1.614264348744105,1.3567386270730473,1.470734522929683,1.709515814404031
Czech Republic,0.40835905547699264,1.9282756090092295,1.553091322738463,0.8218535591623191,1.6814304798047934,1.0471291430714844,1.5768941118919584,1.0842402053496047,1.1655423278965866,1.4362912534076702,0.7120174437266326,0.3810911185177835,0.809793224623401,1.5574774106813116,1.8014118725229793,1.5815667805337152,1.5413061821115326,1.726752362002886,1.1349816498102003,1.9141522931750747,0.7888923176128948,1.0,1.3396368230121949,1.8818361526134726,1.4852324680920657,1.2680592213256268,1.405064059110153,1.6314443149150788,1.6722992573858368,1.4576280492457232,0.5500437369456301,1.8596865705802,0.5903224999548458,1.7127672255172781,1.7144834941947407,0.4138087155810699,1.0455017289081177,1.8920253183911966,1.5059617668249112,1.8645510481464462,1.8124026931508415,0.4849437355049652,1.5721857071329066,0.6246094502514299,1.7021668897902844,1.8811255622310177,1.8170741925331129,1.0997710724816006,1.0322423732161616,1.1971095117316997,0.4320006019192667,0.5082259369202613,1.0393813089681028,1.158806382341227,0.41237357640981054,1.8597742363048138,1.5384025181799363,0.5723879541007146,1.5908109469672733,0.3554510649494344,1.8047590907525304,0.5940946049236342,1.8102902309214293,0.5359466135571007,1.776525648585452,1.722051285807801,1.5225136185502914,1.2964244703001955,1.6667605349909371,1.0146228146685814,1.9068962340879563,0.33131003593894676,0.4470539364927484,0.9747425305986201,1.918965745799439,0.423404892732392,1.5568296840135734,0.8797665900635032,1.8278246996379675,0.33886161572107404,0.6620901200673962,0.5291740797831278,1.9209178234222732,1.537473206780475,0.536939394465425,1.1780766869728614,1.524951794058463,1.0053854938972815,1.532276419807117,1.5350149125841521,0.978347739971099,1.0452269077541791,1.572391270517869
