Country Name,Albania,Angola,Australia,Azerbaijan,Bangladesh,Belarus,Belgium,Bolivia,Brazil,Bulgaria,Cambodia,Cameroon,Canada,Chile,China,Colombia,Costa Rica,Croatia,Czech Republic,Denmark,Ecuador,"Egypt, Arab Rep.",El Salvador,Estonia,Finland,France,Georgia,Germany,Ghana,Guatemala,Honduras,Hungary,India,Indonesia,Israel,Italy,Jamaica,Japan,Jordan,Kazakhstan,Kenya,"Korea, Rep.",Kyrgyz Republic,Latvia,Lithuania,Malaysia,Mexico,Mongolia,Morocco,Nepal,Netherlands,New Zealand,Nigeria,North Macedonia,Norway,Oman,Pakistan,Panama,Paraguay,Peru,Philippines,Poland,Portugal,Romania,Russian Federation,Saudi Arabia,Senegal,Slovak Republic,South Africa,Spain,Sri Lanka,Sweden,Switzerland,Tanzania,Thailand,Tunisia,Turkey,Ukraine,United Kingdom,United States,Uruguay
Albania,1.0,0.06890597071339495,0.031871237225798085,0.05476333986113535,0.020806427151845452,0.03534397689806855,0.02367230398078318,0.03396157603151904,0.040320307855968095,0.018066050127879874,0.019808810572697243,0.031122813182182806,0.04347382022023428,0.0355516331907058,0.056392819477201206,0.021944897673743802,0.06852586232308679,0.024360823799177835,0.013816023031167801,0.029019120494473166,0.033332514446938265,0.04512193051999308,0.027408409066480535,0.03593030968524698,0.03918780735221474,0.02833952248533461,0.017427111344298155,0.011849660426011738,0.06504486102781933,0.04285219544149671,0.043680897315084774,0.006878806283073207,0.03398535624156466,0.06248982156636834,0.05172782787364348,0.01497128031941469,0.043050032026264465,0.01845131905455735,0.05051152883306755,0.06057135851679045,0.05024631831969623,0.022630549182818666,0.02866876514507889,0.01679542065354357,0.013308077249267528,0.05701610510743322,0.01436306618059455,0.03378795922276859,0.010063940768032995,0.03522018139709276,0.007375582085880633,0.03618121176474211,0.05804781395844961,0.011167045360666657,0.03718631450903179,0.035427214302871796,0.03612803782221591,0.07506242059686793,0.03594794043264087,0.029086678745099147,0.08818603348847123,0.015316279626962638,0.01273614628980445,0.025386328999615414,0.04885359698873256,0.034632717628975455,0.021738632929123806,0.01783428304777563,0.010916787783135604,0.017034769143286995,0.07754184856712974,0.03241420976821786,0.014253997611193612,0.039596169009020174,0.02785799928256195,0.020302821424145624,0.014110255461873757,0.029876205393285102,0.018213401111282182,0.01772788882960172,0.04961781141798721
Angola,0.06890597071339495,1.0,0.0385418373642387,0.03839080002493218,0.06305554200818614,0.04206325891701957,0.04722098653011958,0.06266686125708018,0.0418842634753071,0.059397681259928614,0.05552867782690344,0.04319844608628986,0.03628349142787286,0.038908425812598194,0.038314110225403465,0.04872658668207702,0.026389601537984832,0.05392716263824259,0.07526546845147626,0.04272399764611922,0.04547878442464534,0.05582137699859552,0.0423105529586513,0.045284169393826935,0.03736245714540087,0.04330560877599297,0.07292535825762854,0.059030350953270166,0.03346206411769727,0.03839249021677468,0.037049401358188676,0.06656466814422951,0.07078208549897849,0.021847947327782728,0.03245493896241587,0.056467184886710146,0.04158185179522384,0.06714799331410767,0.039242504295129634,0.024238931007116694,0.03127173657717373,0.06167863110954247,0.06002946861611574,0.07987305346539492,0.07501375305374296,0.03224552740286683,0.0718867089289747,0.036518577166623364,0.06420049804212373,0.039195234329707014,0.0698524716112349,0.0333134559632538,0.02238841929289032,0.06716391504505653,0.03402563895081735,0.03384021619612946,0.04128582970677213,0.08148821980901307,0.03793805318413673,0.0602967083643378,0.04860265075445257,0.07412254379511662,0.059769029998541466,0.053595849813791584,0.03007258965637984,0.04115145973694584,0.048710904732489534,0.08637116338379436,0.06200053726384329,0.060330692840128944,0.033498807946379806,0.03893777415803983,0.07498911996361732,0.06801313450680795,0.04286514428637115,0.04905984352323609,0.058058517550525504,0.04617261883282468,0.05402507062976698,0.054057795494147805,0.04356479264094065
Australia,0.031871237225798085,0.0385418373642387,1.0,0.030851688111698968,0.028045910343675002,0.01732817983042896,0.011915211040643423,0.03868210265771661,0.018237521316839523,0.024149199685988415,0.020415331321563358,0.024904551491643397,0.020741434874812798,0.017122796740719485,0.03594742298919311,0.01641349536554176,0.03910673493957793,0.020571887134781718,0.03936222989172985,0.009995760066302947,0.027737195973607062,0.03548548804586826,0.012058260366194899,0.021571018942406022,0.013974472100005145,0.012297940692819821,0.03675424247631134,0.02118086337684509,0.0470374054813507,0.02124742093290333,0.018696590954935227,0.02951473091061431,0.042791252230075114,0.03397481557746512,0.023976047278324655,0.020122667763843728,0.023338492667278936,0.033397896522164704,0.029574406820074783,0.031185209988166974,0.023736857332202467,0.03111203033845823,0.03358411385842688,0.04259643910530981,0.03765290247290628,0.029868631498329135,0.03605756208270138,0.011281720326168218,0.0287710331401815,0.014654778554376238,0.03278618254752842,0.013032070840683216,0.035734308789621826,0.031030069683878714,0.011295095797788292,0.014128687080474812,0.020294493329339268,0.0711528350707439,0.011298135715112612,0.027214481618791544,0.061692007769705764,0.03799236101230466,0.02426276670614498,0.02070758359711682,0.022732834841390295,0.02518403786114491,0.014506012943894307,0.04890783082844288,0.027730417639838457,0.025437157596025523,0.049711497185735525,0.008610156758618788,0.04036201956199414,0.046432270548075555,0.01437352405561226,0.01569531035577698,0.021845622660534577,0.01588894047140038,0.01628620947089218,0.018566129802856508,0.03478727386071025
Azerbaijan,0.05476333986113535,0.03839080002493218,0.030851688111698968,1.0,0.05015664086237317,0.03353654196087034,0.03294267964295112,0.053784729184774116,0.025544262619442676,0.041219806252398836,0.03937886691779495,0.04105750652570499,0.03397617787913751,0.026358158747675005,0.015950780692362766,0.03367536368264581,0.02005069702664867,0.0392820358704068,0.05969307042682845,0.030538213923452004,0.03982942664400077,0.038932117470346424,0.029228628388193317,0.04219833720082949,0.022941522095182507,0.035247775696519816,0.05729468044952097,0.04457279134482831,0.045997555100082396,0.023991181637787625,0.020445673255086855,0.052973239649559946,0.06066923901823302,0.029017442309561867,0.017960124768630143,0.04263089950846114,0.024659500182658337,0.05068836209346093,0.01562189982360656,0.018440717459252038,0.024274553545749124,0.052953530742896694,0.048993383355558334,0.06487567302922878,0.06024073668455495,0.022327695825278385,0.05724119999804673,0.028292921367659662,0.0495189572134501,0.032473358714221905,0.0552991952538825,0.032656544745968984,0.03324346599343059,0.052116973739483013,0.025780289072087334,0.03063869000006625,0.02643143437773077,0.07060495262322886,0.02271674831770621,0.0464497298159599,0.04494292628571932,0.05938768214478915,0.04556077157667011,0.04029530735556109,0.026039789758655292,0.03138204132856015,0.03398957149398986,0.0721925821647003,0.04704314140572737,0.04649801511092146,0.034265005767989305,0.026612718968673305,0.05883996546860025,0.06338757090428049,0.029387523775459,0.03747035094180928,0.04239544274345994,0.03524490491415128,0.04271311515048157,0.040349237229153595,0.031231188427911404
Bangladesh,0.020806427151845452,0.06305554200818614,0.028045910343675002,0.05015664086237317,1.0,0.035212946874423424,0.02229390060395529,0.015262404824371046,0.03917253731603019,0.022141069761517414,0.02368682734790515,0.023996369202582062,0.04373847321759044,0.028626000022865476,0.05092148339459998,0.018090201023361275,0.06325697341057687,0.03604295085078529,0.026157382503665862,0.02726466066384598,0.021489707506148086,0.03629373790150899,0.022831187015341058,0.03594519480537386,0.03519816676633708,0.030063965080220696,0.02150280327508828,0.01550241175733584,0.06720107507421667,0.037503625211680915,0.039520929150680395,0.019716311528112634,0.01720657111763581,0.058373568327271114,0.047558543046428765,0.023170482747278,0.037765606704162125,0.016879445966551665,0.045396377160242335,0.05531639632509891,0.04559684516611135,0.010695606601870815,0.014090938965097237,0.022125855687337073,0.017812576822207094,0.05528719602624727,0.027062742141158315,0.031396989225754325,0.014785764472004878,0.03787198696677134,0.018376634506102437,0.033115870158401076,0.04879274878092476,0.02164607584756865,0.03197794708995038,0.02952933656400842,0.028022550119899115,0.05557766457548265,0.031430873261501464,0.013380704785882776,0.08708225247013959,0.024876677012677848,0.02431149275271727,0.03298171963133104,0.04797855333329621,0.02763165447065894,0.02209806238694506,0.028019250422765582,0.02098749860805166,0.03061708486896331,0.07496260671688644,0.026863898354101204,0.027392878710435293,0.02031575286955166,0.02445025582193853,0.01867652949088966,0.022289636386653416,0.035046029405812744,0.020453389436950704,0.012839553429225846,0.03885023709562992
Belarus,0.03534397689806855,0.04206325891701957,0.01732817983042896,0.03353654196087034,0.035212946874423424,1.0,0.02078769507251425,0.046649159591780176,0.02032676453209251,0.02989252697666694,0.020537696002376416,0.0297209781203734,0.01817508479257269,0.028478123387607825,0.04141500033319115,0.02413646779127581,0.03904227700554081,0.026618363788970284,0.04012224496296296,0.019103173019388933,0.03569789091641021,0.046262859736294924,0.020661192137960357,0.01702382233357211,0.019375831907970986,0.013900686043188408,0.04537691028427731,0.029987336525296816,0.03372977383993773,0.02896821607532551,0.021209194254007663,0.032157816721604914,0.047523765292726845,0.032935055669764866,0.02694504257414613,0.02471846045666964,0.03311152812036788,0.04201793404461388,0.03565894715300569,0.03220158860000466,0.02648599475294519,0.03555785768009979,0.04230271648010587,0.040308681516018775,0.036028699441158836,0.02635987832511669,0.03971160876367582,0.015136109806380344,0.03281930933156898,0.022974314683613148,0.03381869204958662,0.01938647448171346,0.034066915811133844,0.034878497078053565,0.019378418340640777,0.023563546806955125,0.03196414071114418,0.07889748146031327,0.019946327401645106,0.03695581265851111,0.05547729164621707,0.04168720051462757,0.02643954049721458,0.019305664818182758,0.02107591084320501,0.033686823165445634,0.021284570656730367,0.05057141335765751,0.0322591241351177,0.026182363816613267,0.04513857640976108,0.020413848773427883,0.039331435491045875,0.053831397854035457,0.02114246079298042,0.025662107285884653,0.025697181726411045,0.014154125302164892,0.020907506253392202,0.024718695765263435,0.04293840139081303
Belgium,0.02367230398078318,0.04722098653011958,0.011915211040643423,0.03294267964295112,0.02229390060395529,0.02078769507251425,1.0,0.03365477809427848,0.018876549845625,0.01346648255109759,0.012891990423326493,0.02091738165655637,0.023510237394503097,0.016869743274807232,0.03879970543569834,0.008473005527972824,0.045442568361425,0.016462530941571418,0.029513358308368733,0.006113414309694686,0.024832060050813988,0.03748227428597612,0.0063589577313455,0.02063657097592883,0.015515643817045016,0.00898314404646874,0.027620257990816636,0.013466647280863622,0.05066476085094212,0.024468866408152254,0.02000953315930938,0.020783663482049197,0.03850626255697644,0.03882874973675804,0.02814771238446692,0.01059472250397152,0.022382834032247258,0.02386641929015402,0.029965472656068207,0.03758259951288185,0.028275649727043595,0.027235432260662943,0.03047621252995888,0.03369397130151551,0.02892894302196085,0.034561680821900254,0.026568905323221315,0.01627690399012412,0.01994528920684634,0.019930209649578277,0.02380409811952261,0.016677735688869724,0.039529925427339484,0.02168999286078945,0.014383096760582439,0.015427096508732764,0.019823032401148258,0.06991356449025049,0.014479167763551445,0.023529139034741568,0.06641950281620991,0.02840701214085962,0.015123758228076961,0.013910148293951756,0.027729882608737867,0.022060875878674672,0.00523796891183725,0.040811555416221286,0.018402676885132516,0.01717726965743358,0.05432962294288453,0.010405632692573209,0.030625065817522574,0.04135664384663613,0.008724306001945946,0.011704458660458465,0.012127187998644887,0.015392891798773315,0.011702114648315966,0.010512250207200298,0.03471217931550107
Bolivia,0.03396157603151904,0.06266686125708018,0.03868210265771661,0.053784729184774116,0.015262404824371046,0.046649159591780176,0.03365477809427848,1.0,0.048276006931097015,0.032553084430684304,0.0354304860457013,0.025247495847380733,0.05394650486395802,0.028305957754559286,0.050534853974452724,0.027446166217362747,0.06274700553576623,0.048657899501315195,0.0383390487710198,0.0386400364974841,0.019977491495074478,0.034311477280640934,0.03172362237208817,0.04337530054132484,0.040641433461190285,0.042284616545912736,0.026625250979520617,0.02871336402287124,0.07054055497452695,0.03821798225810531,0.04044177877461352,0.033314867848546086,0.011781378708604358,0.0600638236083739,0.04785436459219926,0.036914629735771594,0.03803915844518716,0.021441068844454476,0.04423581220691742,0.05365006588769044,0.04714043398641308,0.020735895552173925,0.015524983569682254,0.030958610857981884,0.026987925459543188,0.057093730072688274,0.04113466891753413,0.03976765591014435,0.028393178463051585,0.048950012622314854,0.03169571085782899,0.039797817438430465,0.049467987674893715,0.03508938086501928,0.03828929631862277,0.031190680208336916,0.028081919888193727,0.04581992279077007,0.03924695752080619,0.015261093762718713,0.0888858884033343,0.03344830042966797,0.03795331415277232,0.04570019983418885,0.05273268787120692,0.02554635485313243,0.03387507516986394,0.03330457861490069,0.03306404396249364,0.043895694330983004,0.07606616037297431,0.034736441011626276,0.03764414138227483,0.014605510247729657,0.03194596411669989,0.028413208559987423,0.03593441586604497,0.048164437570996144,0.03355284475772909,0.02487657300497132,0.03414620121094433
Brazil,0.040320307855968095,0.0418842634753071,0.018237521316839523,0.025544262619442676,0.03917253731603019,0.02032676453209251,0.018876549845625,0.048276006931097015,1.0,0.027257166889327885,0.024296127214959776,0.03388675498476587,0.013557615250870469,0.024838024179349685,0.03382599894202496,0.022506723732400577,0.031058253822867286,0.019649849438124384,0.04370219036784331,0.014608046233248698,0.03917038507832317,0.046218697702139044,0.018962575026517943,0.023348382293356694,0.016786300697577607,0.01669556670984194,0.045541643336056065,0.030956719706243613,0.04139695111166021,0.02051324142364881,0.015628257287622512,0.03759169486887553,0.05218416937402648,0.027456325407008413,0.022432116260170547,0.02649600271607328,0.028261101843401647,0.04076635193339526,0.02780956120025059,0.027749872204878546,0.022254972122484548,0.041679272819741375,0.045096195890031984,0.04893426202114396,0.04453476970306639,0.01979484952986099,0.04232226612769638,0.021221403573215197,0.03664415890679122,0.021270281670838016,0.03983175435562642,0.019358582252771667,0.03947207094431547,0.0368245988329443,0.016053181267326726,0.022864221498881822,0.0287624738472936,0.081665931521572,0.01232574862589652,0.040317150239387665,0.04947904673063839,0.04464141357873612,0.028999919439030002,0.021980377749757214,0.016466293951278008,0.03233503889755966,0.019833954367282403,0.05732947613904352,0.03314475130868735,0.028927743206614655,0.03785943971297109,0.018669368657693464,0.04043061038693717,0.05629150686278118,0.018476897668213955,0.02787627479475968,0.027741678799199306,0.017524773049660495,0.02755349546952129,0.027175125468241582,0.03718572764133492
Bulgaria,0.018066050127879874,0.059397681259928614,0.024149199685988415,0.041219806252398836,0.022141069761517414,0.02989252697666694,0.01346648255109759,0.032553084430684304,0.027257166889327885,1.0,0.014576231073712165,0.02832161814537176,0.03208635416958602,0.02549457686628681,0.04616236600524956,0.014076707942988707,0.054890950078525895,0.017540729358097227,0.020278970006762254,0.017378253903504837,0.02637142845794406,0.0394232640609746,0.018763525123361786,0.02787415354568802,0.024800578951475014,0.019700203525635885,0.021392585273623876,0.010423642351149207,0.060261895594662634,0.03417006779227979,0.02823695592240716,0.015862576994180835,0.038710575260317015,0.04718844360552628,0.03911481443803052,0.010938001723071062,0.029523988592626088,0.01742579023697127,0.037210773821729826,0.047679061472001766,0.04069275528014857,0.028320273806261245,0.030441161170883396,0.02483062914749537,0.020955711164062953,0.04356788814404952,0.022748615297147865,0.0282171833869875,0.015332084732788716,0.02800705088240847,0.016928168262406423,0.029092769509962226,0.04947151488321128,0.017193668439363156,0.025438916361170225,0.026252375729313805,0.027326709260991837,0.07221626766163805,0.026594958356428458,0.025558822192247657,0.07231260306329854,0.022469843604536237,0.011107543706100894,0.017789074343350152,0.03882083941781184,0.026634022684463778,0.013105090034273187,0.03472968470621838,0.01489435766773422,0.013019006824023056,0.060214915384353376,0.021842822547801143,0.01991348448229256,0.040474633873721154,0.02035262850155953,0.016637101458469323,0.012650243321139105,0.025716362735378973,0.01847021476040103,0.012634375125470809,0.04077977140304505
Cambodia,0.019808810572697243,0.05552867782690344,0.020415331321563358,0.03937886691779495,0.02368682734790515,0.020537696002376416,0.012891990423326493,0.0354304860457013,0.024296127214959776,0.014576231073712165,1.0,0.02959609234577318,0.0272808285244955,0.02278261903276403,0.04216624717515562,0.013263472571341894,0.0534287419797999,0.018105034636470792,0.025048889085098728,0.016248227980054326,0.029933347075293156,0.03795087137435811,0.01681294262559631,0.0243342240748106,0.023309816127738966,0.0154214895408497,0.027524130445999235,0.012866072956518376,0.05063197772457424,0.029714354411169815,0.027623311595310306,0.01855032446889852,0.03942746696358205,0.046430859684303424,0.03633515417880282,0.013134060961082857,0.02992535549217275,0.024823692175155607,0.035362441275108944,0.04569780973028802,0.03563966844956741,0.02811206426683021,0.03360943639615002,0.025520422707727534,0.020882615845290033,0.040578198506731875,0.02369376528415591,0.021972465539784138,0.01755820716994321,0.02249275581564599,0.01815313038228466,0.02507642942987008,0.04437379582882002,0.020840802862194325,0.022893710046564653,0.025867459320978347,0.024282958252343927,0.0711583567912965,0.02206859942559812,0.025820801008497964,0.07063997480410124,0.025787138027136853,0.015880796180701783,0.015201228560862272,0.03344316533987726,0.02558069287088294,0.012997223170499204,0.034817509586687126,0.020406366723557782,0.01808896394403625,0.060808116851167146,0.019094108503855203,0.02460075936746736,0.04253395856184384,0.016294742166489174,0.017819806161190995,0.012979999411931722,0.017867074057524242,0.01526416822659672,0.015637745070343437,0.037957881487658336
Cameroon,0.031122813182182806,0.04319844608628986,0.024904551491643397,0.04105750652570499,0.023996369202582062,0.0297209781203734,0.02091738165655637,0.025247495847380733,0.03388675498476587,0.02832161814537176,0.02959609234577318,1.0,0.03702798291733065,0.01942656773701208,0.037480262175265934,0.0197084423827892,0.04110347794244707,0.034679564651086736,0.04082406637554259,0.023446390862991967,0.016037632319788858,0.04191911302328233,0.018351564545558256,0.026530501847786415,0.023906450840211143,0.024938248599590603,0.036335487773783766,0.023456918473505353,0.049230626719855446,0.02678690361813925,0.02504421268665459,0.02899693491040928,0.03255407579141485,0.03946013764976967,0.027382936276051976,0.02430756298229217,0.026488252284782913,0.030480879366787735,0.029083993973628854,0.03267712559068207,0.026753934464911172,0.027051176049356626,0.024017303121012187,0.04118831033706094,0.03523778152074105,0.040110436561779754,0.038999364259613395,0.023025577651385506,0.025971678992614936,0.035242617374974645,0.03185841358709676,0.022827865322621536,0.03246002782047274,0.032074888173634374,0.022497590339575182,0.017904595744863878,0.022927543739559762,0.05764434094433649,0.0275590674300692,0.025216025304799345,0.07008021650184762,0.04013790747390252,0.026416119755708997,0.03165635400261749,0.03611148136899346,0.01828274930210016,0.02133427858213757,0.04693174258553242,0.02681761992461109,0.029483617392633873,0.05494833754455551,0.02138052286134768,0.04049693175235262,0.03039918849857134,0.019135640603922668,0.01820864643676863,0.02685979187865401,0.030887260452304423,0.019362149456282982,0.017742733137968047,0.030825964064105565
Canada,0.04347382022023428,0.03628349142787286,0.020741434874812798,0.03397617787913751,0.04373847321759044,0.01817508479257269,0.023510237394503097,0.05394650486395802,0.013557615250870469,0.03208635416958602,0.0272808285244955,0.03702798291733065,1.0,0.03056965420726231,0.04343669949734957,0.027491178387185265,0.03289380762317565,0.022043975436093613,0.04579915133610599,0.018140175005410365,0.043864650659084146,0.053175485892525076,0.022589615405539602,0.01779358316217823,0.0189870017014594,0.015402912092432268,0.051005871729368504,0.03619131101916179,0.0365761540783153,0.031029038679667224,0.023079390170845246,0.03986230341161445,0.0567682161114629,0.022343792386525566,0.029820657927053264,0.029615974202990773,0.033289862947372,0.04640203325858312,0.036849516469794945,0.03195780558814347,0.030203807751424987,0.045562694195162186,0.05019505493719652,0.05102207011482887,0.046642675360197644,0.01778926515568282,0.04466254159369344,0.022629053223907798,0.04174219373382727,0.0178593371624655,0.042175359755530314,0.015579180205829693,0.0392538598231038,0.04171869806189761,0.016768638261481377,0.02644486035061919,0.03520050341633078,0.08770534700252273,0.0207031434615401,0.0452736464357087,0.044729700773928974,0.04728104558575736,0.030796701568899288,0.0241831576186476,0.011386412734071441,0.03856210990775046,0.02490353222252823,0.0603151663282529,0.037966166861035947,0.029652923598821816,0.034458795653089645,0.021729343408016636,0.04221349964380624,0.061882062231062844,0.023749796538160194,0.03273299864549767,0.03141293750142579,0.01804932573498486,0.028643339393670184,0.03132308825257713,0.0472449900058621
Chile,0.0355516331907058,0.038908425812598194,0.017122796740719485,0.026358158747675005,0.028626000022865476,0.028478123387607825,0.016869743274807232,0.028305957754559286,0.024838024179349685,0.02549457686628681,0.02278261903276403,0.01942656773701208,0.03056965420726231,1.0,0.02696044672552743,0.014467182161349965,0.036800822515136895,0.030425773452619854,0.04317305337451312,0.01862371456060415,0.016648652776077966,0.02748281601706552,0.012228582666441005,0.027819394184909578,0.014412494747965595,0.02203842454517937,0.0387603918492483,0.024864386784263885,0.05055855802268499,0.014620863895211418,0.014349039738383395,0.03403716334313911,0.03648799368983463,0.035811598252073126,0.022069513232745603,0.026108348256915544,0.013790029992979293,0.03264305835708465,0.01811522128882974,0.027499907842930226,0.023795857299236892,0.02940487021417667,0.024300743066279874,0.04630467682340663,0.04136546468548616,0.032135356373041546,0.03996235414133102,0.017793086456876463,0.030974090835155677,0.02460507579449477,0.0364666625909521,0.018490335428688054,0.03127864776557397,0.03461039884772977,0.014810484463182625,0.01210083034828684,0.00688355454532696,0.05747759521026186,0.013806567071018516,0.022268050312071887,0.06425089565243837,0.041821986819882695,0.030471571794789546,0.028014521680133932,0.02739607298528896,0.008496031480291521,0.01919182873707374,0.05262697560779981,0.030826151006030204,0.033138827844646834,0.05100637309002076,0.011855434245275331,0.04429021936112366,0.0374233210104553,0.011794641370946225,0.01582987981075361,0.025498940160164223,0.026670348295152184,0.024237629028967457,0.020980124329962144,0.018942430625525017
China,0.056392819477201206,0.038314110225403465,0.03594742298919311,0.015950780692362766,0.05092148339459998,0.04141500033319115,0.03879970543569834,0.050534853974452724,0.03382599894202496,0.04616236600524956,0.04216624717515562,0.037480262175265934,0.04343669949734957,0.02696044672552743,1.0,0.03699033590360819,0.021092148961324962,0.04818309185734736,0.06258563942143729,0.03822107344680115,0.03422345239212463,0.03634429010221629,0.03417629803192299,0.04818240805369022,0.03015863316254434,0.04231892627391175,0.05875221398547048,0.045894538123415096,0.0450360622239893,0.020300355365428693,0.02505442890577518,0.05607583280569089,0.060702103512001226,0.02916393365166495,0.015782247805578745,0.04818751610307909,0.02697474455021802,0.0522535581495241,0.01177222699813959,0.01832086189057494,0.018892324913520272,0.05362776535241333,0.048545903807939904,0.06684079510647817,0.06194070014774928,0.028910857313125964,0.05916240616556562,0.03412334424466126,0.051456437727635786,0.04070081634258234,0.05718596972887196,0.037544755261117974,0.028990573483187357,0.05525928330967129,0.031906736121936674,0.03266728765716079,0.02582294656009361,0.05706937460355922,0.02725516794968013,0.04652424867951194,0.0512158896647356,0.06131173139898463,0.051880405090473036,0.04708729123325226,0.03508193123226216,0.02616919001027419,0.04069005871057712,0.07329041917274452,0.05236947430470928,0.05435064148116188,0.037905047265287505,0.031687760308058546,0.06325390124268578,0.057955608376752156,0.033946370841870785,0.04065212455899124,0.046547086568808425,0.04141454465450336,0.04791097285689071,0.04328546491650876,0.02091504032112019
Colombia,0.021944897673743802,0.04872658668207702,0.01641349536554176,0.03367536368264581,0.018090201023361275,0.02413646779127581,0.008473005527972824,0.027446166217362747,0.022506723732400577,0.014076707942988707,0.013263472571341894,0.0197084423827892,0.027491178387185265,0.014467182161349965,0.03699033590360819,1.0,0.04675937256826138,0.02242479068582973,0.030121830930886672,0.012098432123395514,0.020671478974243825,0.03710146824565064,0.008337638326353564,0.02154134185031912,0.018759589460845313,0.015792352962988365,0.027106345905270904,0.012507724841176508,0.051825971734491834,0.0232440318060347,0.022624534018176178,0.021119783101613866,0.03275380691278183,0.0413694215994604,0.030585136560116195,0.015299482670666116,0.02254347756695708,0.024569272018043146,0.028929461230075143,0.03882133930382408,0.029296402348359098,0.022961099743462016,0.02532816802202941,0.0327718475509817,0.028019244273811663,0.03749100567004531,0.028296050225004248,0.018546120713645524,0.01854918521565972,0.024395246869268312,0.023258389668116136,0.018700631790875083,0.037934657028126394,0.022378953226766134,0.015740594756995883,0.01621868719444721,0.017335938256656733,0.06543375434305981,0.01573667355817859,0.02212399444834489,0.06925869967522472,0.02919743199852049,0.018548965124566236,0.01840782766678349,0.03048222023934421,0.016635269400131998,0.009416741136421578,0.039630275888181944,0.02006915061179422,0.021748346432700707,0.05732412049398528,0.013421287592165146,0.03102438380383979,0.03488369574653197,0.008365219541751146,0.01302648236931798,0.013508209181327328,0.02121394281321504,0.015523343629166861,0.009387359517210475,0.031090402992326266
Costa Rica,0.06852586232308679,0.026389601537984832,0.03910673493957793,0.02005069702664867,0.06325697341057687,0.03904227700554081,0.045442568361425,0.06274700553576623,0.031058253822867286,0.054890950078525895,0.0534287419797999,0.04110347794244707,0.03289380762317565,0.036800822515136895,0.021092148961324962,0.04675937256826138,1.0,0.04929795747603059,0.0737231928209491,0.03971325718611151,0.04379978638856507,0.04987263209980912,0.04132593739521967,0.043666583098919555,0.030856348245867284,0.04178053353700183,0.07116096076877328,0.05844871113529455,0.03402503994807158,0.026856111649173894,0.027117374612125506,0.06610451465847766,0.07294003622426357,0.01747826867482536,0.017587923135078124,0.05540662550074407,0.03397672805771612,0.06436579813239912,0.022280926033736864,0.009996018488478323,0.020023472125916375,0.06553619130848401,0.060901094158970784,0.07892796535698149,0.07429657311388874,0.0168593920960183,0.07117702092249417,0.03554838684993734,0.0633438655651063,0.03840161700774683,0.06923527164884974,0.03486445868517587,0.02458998497165209,0.06569681319135515,0.03148552682286875,0.03588080677034414,0.0374928282257216,0.07415107561146024,0.03372624263277589,0.05890946368949145,0.03610079446620397,0.07334694436584456,0.058096655443854374,0.05167039003192659,0.023895546540213867,0.037891871632780884,0.047094477535882404,0.08614821490376605,0.060388229904766146,0.05795345785434894,0.02209542143766837,0.03706769394807611,0.07085543504436437,0.07017807586649655,0.04079809872644959,0.04997900168686212,0.056449854450392085,0.042706168369039094,0.05402529550932458,0.05335350057965541,0.03412452274363291
Croatia,0.024360823799177835,0.05392716263824259,0.020571887134781718,0.0392820358704068,0.03604295085078529,0.026618363788970284,0.016462530941571418,0.048657899501315195,0.019649849438124384,0.017540729358097227,0.018105034636470792,0.034679564651086736,0.022043975436093613,0.030425773452619854,0.04818309185734736,0.02242479068582973,0.04929795747603059,1.0,0.025639012807673025,0.015536188606767313,0.0408808480847539,0.04757477274902033,0.020613325912847404,0.028654617982591727,0.023452625587991653,0.015801975865098898,0.030168473565789913,0.020666061803138187,0.056888538254347656,0.03761423494955853,0.02846781073423804,0.0223351437151077,0.05189451496680271,0.040809418213024876,0.038386602002331426,0.01353612294140773,0.03178364186705486,0.030632681437973177,0.03917131260117941,0.04419175990219484,0.04008732533287684,0.04067392910057203,0.045627085596425546,0.03202328220150786,0.030464200635099133,0.037094582281393375,0.02480904332443115,0.02405321692143499,0.02515314537564023,0.019096750787040994,0.02352591449189535,0.024327816485850855,0.051531425880951935,0.021000398009704144,0.02288471561538796,0.028933994186896055,0.034336716042355914,0.08582899652753131,0.025169581666659207,0.03876456042265128,0.06525683883477272,0.027320082149690478,0.01417269217222824,0.017218849974478437,0.030977961228379834,0.03792548902581321,0.016409712393798796,0.040142104039687314,0.0231883252464858,0.012824932436329563,0.05431261760243263,0.021872819046194057,0.023587350439341362,0.05514598620047297,0.022930498351825465,0.0243223046976858,0.016360275356122663,0.020631286634845,0.021606888308149462,0.024373394300076935,0.04884992886903952
Czech Republic,0.013816023031167801,0.07526546845147626,0.03936222989172985,0.05969307042682845,0.026157382503665862,0.04012224496296296,0.029513358308368733,0.0383390487710198,0.04370219036784331,0.020278970006762254,0.025048889085098728,0.04082406637554259,0.04579915133610599,0.04317305337451312,0.06258563942143729,0.030121830930886672,0.0737231928209491,0.025639012807673025,1.0,0.03409969806106323,0.04242303893376257,0.048106338653062325,0.03436996772886146,0.03787636390485448,0.042924931315013015,0.032124076665731104,0.01898912592388675,0.019126502431969672,0.06797286531586788,0.05042188480606608,0.046753219146170366,0.013699966431356504,0.03928213084389192,0.06618963475999533,0.056957076690755046,0.019249319435309616,0.04830271667701581,0.018404013677478247,0.05572113153016106,0.06611507120652028,0.057732165122028875,0.02878448393494547,0.03554067923996911,0.014399149166491347,0.014483829954257307,0.060843565180780344,0.00914546395773732,0.041361234752998785,0.01669683434714295,0.04099308941270087,0.011258404330997378,0.04242455849312445,0.06655498510659476,0.012945124005741875,0.0431938405566977,0.04214264421742962,0.04391800510505467,0.080792027780051,0.04293761521118609,0.033674153063225624,0.088282307372052,0.009828166286893338,0.016021275451242135,0.025905974421797165,0.05389080264516847,0.04298405686504216,0.026876511426416397,0.018236739395066086,0.016959977799501477,0.016908314111662277,0.07979026537198405,0.039495154391273136,0.013739814734082815,0.045484857712793494,0.03591253111665328,0.027940387152289737,0.018476290141460242,0.03369082426195167,0.026525976095117455,0.026073779054336634,0.05394667844333388
Denmark,0.029019120494473166,0.04272399764611922,0.009995760066302947,0.030538213923452004,0.02726466066384598,0.019103173019388933,0.006113414309694686,0.0386400364974841,0.014608046233248698,0.017378253903504837,0.016248227980054326,0.023446390862991967,0.018140175005410365,0.01862371456060415,0.03822107344680115,0.012098432123395514,0.03971325718611151,0.015536188606767313,0.03409969806106323,1.0,0.02932737126659398,0.04040970246500197,0.009250261129795871,0.020001773284152195,0.011453759880818103,0.006194915811092822,0.03310157296032873,0.018851769509586,0.04823970410026412,0.024354355223420564,0.016536500698594966,0.026418322757650013,0.043521474805129225,0.03350582990092943,0.024877731348533796,0.0157026583335793,0.021438423224500177,0.029447127493876707,0.028287817289006346,0.03206666958352698,0.025976150532088002,0.03220142922251974,0.035532662767152376,0.039250952363926464,0.0345901959125751,0.029128531176452203,0.03148631818738277,0.014918239514168652,0.025617342031598118,0.016954537711590285,0.029522280686462104,0.013261762220259536,0.0390011746408303,0.02666979502018505,0.010293394639590142,0.014863533318938273,0.02215689413909203,0.07409862126683958,0.013476254584173888,0.02855085372849092,0.06093769029200517,0.033664899710416654,0.018462222905993565,0.016156475710359757,0.022312630473552458,0.02581025890154101,0.009051363486347016,0.046475615954228236,0.022893799837887363,0.018825264325339035,0.049029394961285416,0.01015620344231168,0.03379071527537033,0.04637820953005135,0.011115578415366999,0.017047276864766422,0.01677117745056888,0.01373783072957267,0.015348679418562883,0.01575888287873211,0.03696575437067763
Ecuador,0.033332514446938265,0.04547878442464534,0.027737195973607062,0.03982942664400077,0.021489707506148086,0.03569789091641021,0.024832060050813988,0.019977491495074478,0.03917038507832317,0.02637142845794406,0.029933347075293156,0.016037632319788858,0.043864650659084146,0.016648652776077966,0.03422345239212463,0.020671478974243825,0.04379978638856507,0.0408808480847539,0.04242303893376257,0.02932737126659398,1.0,0.03197868615185604,0.02224044099232013,0.03321932127353261,0.02750247770796364,0.033058895215625154,0.03729562133838708,0.024810283105334605,0.053239156155022005,0.025511080657880193,0.02732218181230508,0.031337553249924405,0.03005225816728069,0.04214624736571012,0.030752584012735652,0.029903628748192242,0.022542305762074225,0.032123280239652864,0.027622303947798025,0.03450602924104936,0.02935652056638818,0.022419963434601786,0.020338671944417113,0.04067819649089477,0.036148361443945926,0.04202142912796153,0.04196601574997164,0.02655487616547245,0.028134442924117608,0.03740800925330382,0.03334187965114371,0.0293261790951654,0.03185396473293469,0.03548236328903668,0.02729009361293568,0.01946596208553945,0.016149039331194177,0.04785469537537652,0.028230391999445565,0.019004876251688035,0.07082254411059037,0.04156716863952029,0.03216902927700793,0.03787182074367767,0.040411191523282396,0.011883259696811522,0.0256255932111793,0.04821181828583771,0.032283255055763675,0.03726903331992673,0.05757783625408886,0.023435247125302077,0.041910309025350076,0.0283286946741981,0.021611750532569828,0.020409290774319726,0.031092768956061893,0.03931863893076202,0.025028351201059878,0.017377491798801024,0.026030542791910135
"Egypt, Arab Rep.",0.04512193051999308,0.05582137699859552,0.03548548804586826,0.038932117470346424,0.03629373790150899,0.046262859736294924,0.03748227428597612,0.034311477280640934,0.046218697702139044,0.0394232640609746,0.03795087137435811,0.04191911302328233,0.053175485892525076,0.02748281601706552,0.03634429010221629,0.03710146824565064,0.04987263209980912,0.04757477274902033,0.048106338653062325,0.04040970246500197,0.03197868615185604,1.0,0.03628843938091367,0.05227900884084091,0.035066068522897384,0.04357035101845421,0.03316734962796868,0.035563646739213736,0.06785253256368619,0.0344477381743502,0.03744129322765082,0.04384295315349967,0.03691225475629887,0.05226684464258986,0.038134365659986014,0.04086294536621311,0.026469997802614508,0.03295958051295729,0.03269489771198389,0.04217238905106236,0.04120396382622152,0.03845640065811511,0.030506831701206355,0.04965539675194296,0.046347262080583505,0.04986112397375774,0.045987092080880004,0.03456431131741828,0.03860004352761405,0.04208970657218124,0.04350032342566331,0.04265394369125247,0.045966442483510866,0.04154998145526845,0.037469276740642675,0.03736082274683536,0.023722641160821813,0.04312081079704377,0.03548994892683279,0.02353357671023517,0.07948187619414025,0.04018983289359645,0.044404048061809726,0.04862036231108614,0.05002061512089808,0.027967564731611844,0.03790199613857382,0.04777817712936898,0.046238452544051414,0.04896826011742288,0.06679260811668283,0.03206097861071123,0.053823633994743054,0.03855229257298767,0.03557713709337567,0.03183842387348963,0.03932016032984217,0.048149689396037976,0.04145987365128174,0.03713410967186078,0.02361507784975444
El Salvador,0.027408409066480535,0.0423105529586513,0.012058260366194899,0.029228628388193317,0.022831187015341058,0.020661192137960357,0.0063589577313455,0.03172362237208817,0.018962575026517943,0.018763525123361786,0.01681294262559631,0.018351564545558256,0.022589615405539602,0.012228582666441005,0.03417629803192299,0.008337638326353564,0.04132593739521967,0.020613325912847404,0.03436996772886146,0.009250261129795871,0.02224044099232013,0.03628843938091367,1.0,0.01960928585583453,0.013008678223022778,0.01170372712791679,0.031089424926389945,0.01717182483633878,0.04878694270307622,0.020749397471506288,0.016818679038930036,0.024824931371240644,0.036141933323560964,0.03613606293480021,0.02489187012792072,0.015238747643580675,0.020029629828745007,0.026627916651755564,0.025897998971317754,0.033398420994318175,0.02428146099806975,0.025739695792655753,0.027801656086498715,0.038103922760853844,0.033266432760860616,0.03307941515419199,0.03131740184821874,0.013033172688548957,0.022621979646579242,0.020156543260973835,0.02810101500907526,0.014101084026227667,0.03462574397366038,0.026069166996755943,0.010808357434460802,0.010515454112684853,0.01625432810858618,0.06720880760864203,0.012096135871147985,0.023837428510788336,0.0650489723532116,0.03301425519168223,0.01947307715778801,0.017120119370994915,0.02614507398359081,0.01798486525094473,0.008450223584142123,0.04482580029529127,0.021680064296973913,0.02159490125157005,0.05253091988653704,0.008084162759305683,0.03548054981939912,0.0396257264230835,0.006005769601097544,0.011215296732289865,0.016752820951881117,0.017232797509781825,0.014286250067974777,0.01206383821992545,0.030213466239603772
