Country Name,Albania,Angola,Australia,Austria,Azerbaijan,Bangladesh,Belarus,Belgium,Bolivia,Brazil,Bulgaria,Burkina Faso,Cambodia,Cameroon,Canada,Chad,Chile,China,Colombia,Costa Rica,Croatia,Czech Republic,Denmark,Dominican Republic,Ecuador,"Egypt, Arab Rep.",El Salvador,Estonia,Finland,France,Germany,Ghana,Greece,Guatemala,Honduras,Hungary,India,Indonesia,"Iran, Islamic Rep.",Ireland,Israel,Italy,Jamaica,Japan,Jordan,Kazakhstan,Kenya,"Korea, Rep.",Kuwait,Kyrgyz Republic,Latvia,Lithuania,Madagascar,Mali,Mexico,Moldova,Mongolia,Morocco,Nepal,Netherlands,New Zealand,Nicaragua,Nigeria,North Macedonia,Norway,Oman,Pakistan,Panama,Paraguay,Peru,Philippines,Poland,Portugal,Romania,Russian Federation,Rwanda,Saudi Arabia,Senegal,Singapore,Slovak Republic,South Africa,Spain,Sri Lanka,Sweden,Switzerland,Tanzania,Thailand,Tunisia,Uganda,Ukraine,United Kingdom,United States,Uruguay
Albania,1.0,0.06961061749850263,0.02907655254557947,0.020769762987439405,0.04976274585531301,0.0239466650747912,0.033588908265786546,0.022937764687849367,0.037613463888927834,0.03568742523797528,0.01703732728611692,0.022569021957561497,0.018596290977789698,0.036458989068262816,0.04038157733043255,0.040523358359589624,0.03557558688319241,0.05836872113280421,0.022163777629575915,0.06892583243254433,0.02183280456134539,0.012412362850165736,0.027072879184388447,0.057607913940973546,0.03603737441125589,0.04165111917643462,0.027235489000600376,0.035486672101719206,0.03713170713250674,0.026481657742584805,0.011135850163915542,0.06489710294381573,0.016470632643942447,0.045138987694822406,0.04361006503032436,0.006325684125354484,0.03519845933631183,0.06286711440458084,0.04357096140618193,0.05192795805309276,0.054189807478670776,0.013055024032390134,0.041617842541487766,0.01622039520573585,0.052615288465568545,0.0591086700808694,0.05552626294469555,0.023479106718874782,0.018321933036174763,0.03023107486186559,0.014791231156629909,0.012133828687853144,0.02810497887780949,0.023131654671860662,0.015921788355237766,0.0574479148804443,0.030029121991533732,0.008959113383284985,0.032019048582374796,0.006867316400905006,0.035914140476300635,0.017880144578912197,0.05982557588774459,0.013815477755961413,0.03560667254944959,0.037224869764799065,0.03622692130788123,0.07560629773323754,0.03472275401707086,0.02744421633373616,0.0830868395974027,0.015661754871830136,0.011227663605490044,0.023287206784037548,0.04590684976612738,0.03190778195444717,0.038659383664454754,0.018893059734432047,0.0551089444452514,0.0163523959665689,0.01057800203822147,0.01459188592481859,0.07523314025261534,0.03044066738414423,0.012740861359348293,0.04258716576998281,0.03059619042043856,0.018440010120153852,0.045242866018314926,0.02863371666912059,0.017575857137200276,0.0196075903224718,0.05078167631619976
Angola,0.06961061749850263,1.0,0.04103959045867532,0.049725893954759015,0.03968246477353138,0.05909897436365979,0.04283213755558295,0.04748850926624015,0.05707797750755329,0.04507043248018691,0.05899336410109496,0.09068312205426728,0.05905174623233955,0.03924583539342812,0.037697319415187704,0.04225464764074937,0.03763158672299287,0.03378578830272478,0.04870238545198864,0.02353485722300907,0.06031334676835991,0.07605112214319948,0.04449397334629557,0.030481061375331797,0.04272411271579997,0.05364329127187724,0.04257862669910041,0.043524666116234755,0.037745849393763416,0.04489041636998271,0.05934783290750227,0.030232035656475524,0.07613031682108269,0.03489731230309577,0.034651948392617066,0.067152449674596,0.06586166279490019,0.019840389848790916,0.04691798695880525,0.03134214938681523,0.029530513895462268,0.059163522762300746,0.04030165511799969,0.06638172759681474,0.03481567971699726,0.022983503457111046,0.029555128995385486,0.05928752639522952,0.052728979902655154,0.055730685574972565,0.07958475211432757,0.07384257690227168,0.05723582986180033,0.04824903025991696,0.07565745989454843,0.03172033893637937,0.0408684445868252,0.06601618730277115,0.04323435627148689,0.07087132481071048,0.03392757376904455,0.07922554477095031,0.020976278948548845,0.0719528364970737,0.0354800859888464,0.03279283198196532,0.03947643228274611,0.0730816306413452,0.037311988322558026,0.057735923281589566,0.04395558040180334,0.07676172833883854,0.06252109740273287,0.05371022715408338,0.03117314600547337,0.10151757975409777,0.03783998753670106,0.052800014465076935,0.026790283290921237,0.08567303392974296,0.06284892603144798,0.06279772316336266,0.030104781929256547,0.04045367222404535,0.07626324880119256,0.060870418195606964,0.040721578722259136,0.051322950219675444,0.04293030483732812,0.04472971274812091,0.05466780266645904,0.05283326072039898,0.03856128696262799
Australia,0.02907655254557947,0.04103959045867532,1.0,0.011406437074973599,0.02711883986089661,0.02800247199108115,0.01597620546298373,0.011339094690777663,0.039360912651453576,0.01741183478368623,0.02153826920287287,0.05084837274871725,0.01986775883622511,0.0278997643013308,0.019569182453499166,0.02620091466384498,0.018104764939497996,0.037156895506949075,0.015507111770091231,0.04175372534710452,0.021939268163489,0.03630218097314666,0.009253224343763777,0.033188119106319754,0.028289905049428826,0.03441026693589581,0.01241826945212676,0.022331023632797237,0.014079231983252633,0.011216094265596754,0.018615148258272853,0.04818382846972756,0.03694699828804905,0.02537791236893098,0.021690028666660893,0.026685167662566043,0.039768493566391935,0.03663186454151503,0.02492562590300692,0.03157586892599123,0.029499788035364863,0.019249500844030792,0.022568205973702526,0.029760736778825073,0.03250847169071693,0.03205605677874815,0.032096103019463716,0.028513129286657418,0.015628200260369214,0.032714317786441606,0.03890231264526346,0.03316014596059105,0.02435934819644682,0.011136295227680492,0.03627076534165021,0.031066782931331416,0.010223121276994023,0.026590569435952748,0.013969253839533237,0.030461740012284154,0.013905797199213749,0.03832892450733942,0.03780010044882271,0.03188882200474213,0.011774432344446,0.017468502157729354,0.02093995210667885,0.07167242558588793,0.011418110649384347,0.02454215518680853,0.05881732994685079,0.037124783165461334,0.023002465149294236,0.018753059640895048,0.02151222670140534,0.060924534262046505,0.028258256775306884,0.014228468827326304,0.02845141043561921,0.044986831194917344,0.024308172518644228,0.023605208595648665,0.04967817370596708,0.008144085434663075,0.037015067856235206,0.04696630438409949,0.01663865393975771,0.014515188459891025,0.024443586447083568,0.01681071261786565,0.01426717473907093,0.01732066158574832,0.03832251023028872
Austria,0.020769762987439405,0.049725893954759015,0.011406437074973599,1.0,0.030011361936432637,0.02385038404694876,0.018640180882001582,0.004195617253768475,0.03623558984020311,0.018917264416930434,0.01161215935689103,0.04139843718431803,0.012711279252691627,0.027269293799308966,0.02159430113492839,0.02448099274795234,0.01760207151425488,0.04116573801318367,0.0092456076618526,0.04888842632275684,0.017262559271648804,0.026918251139252513,0.007135552510285477,0.037918049184687316,0.027624661898249064,0.035218513697312936,0.008355682703019666,0.021509480446113862,0.01642919211942172,0.008080259335740372,0.011234838542603843,0.05128263758223588,0.028001693837056574,0.028243464861682353,0.022896599864162637,0.017944310462633128,0.03685364859542263,0.04232796264213069,0.028457520367655722,0.03618927181747551,0.034400621853446216,0.010389473169301703,0.022659392026378098,0.021218803314931065,0.032851395290218625,0.03912411708575716,0.03703358863921503,0.02571407173501724,0.010054510895154512,0.03104948816269472,0.030008297279672812,0.024405987111961392,0.020258780584400195,0.011199938621187797,0.02786942730366405,0.03706628405028601,0.014707718940198435,0.018171317527039033,0.0167364967949451,0.02130361451449699,0.0172311265698649,0.031191084129321422,0.042544403760833335,0.023393928233463174,0.01564242104841029,0.019754562448329866,0.02029053033839895,0.07142297227119745,0.014954739802754908,0.022034548324434716,0.06346967780159131,0.02797147485967089,0.014410400742701595,0.011188101660286243,0.02661532581940513,0.05210163578181931,0.026371827220071652,0.0071857027065975465,0.035148973166199256,0.03648183789996263,0.01584765447578263,0.015901210232793686,0.054527655115489126,0.010998385383458686,0.02769668474374971,0.04343564278105902,0.013467748689701752,0.011221482187729163,0.02716319006837734,0.01456851849025935,0.010103511092243328,0.011745081172192879,0.03759744506696579
Azerbaijan,0.04976274585531301,0.03968246477353138,0.02711883986089661,0.030011361936432637,1.0,0.0457676269431434,0.029482990578388032,0.02889538311483656,0.050203989777238965,0.024673903648546405,0.0364923449884489,0.06956568393904,0.03805923485159177,0.04081834373026856,0.03026718151777083,0.03207835440378852,0.024754370041927976,0.021981418061791807,0.02990768133704014,0.024170760133584365,0.03876444061831553,0.054891108529006846,0.026763237526983032,0.03384913333266561,0.03693776550525272,0.03577246817559883,0.026249182549933903,0.038844908087849676,0.020634706175156635,0.030606192808561566,0.039940334769806476,0.04652680006296231,0.0551087493790432,0.025122925683047834,0.02106056072310988,0.04779354349543859,0.05462539554414911,0.02974903581535611,0.025578761706709672,0.03981624962484293,0.02246986628594374,0.03942062578536716,0.023008947308546444,0.04577364313147764,0.01986835683793037,0.01987184326454477,0.02962611511928345,0.04659614767768083,0.03593750145891875,0.04462703335171463,0.05928782316081392,0.053862492530167005,0.0357717543485827,0.03215758946208948,0.054622112134347624,0.019815541274441018,0.02538690941506405,0.04566052552948015,0.029003864674964765,0.05081624196796658,0.030098139244137293,0.06017020924180411,0.03339328599096732,0.050965107371443,0.02335944543529829,0.029831392379746722,0.024501902226211427,0.06996787942912751,0.020644370930141705,0.040588552952680705,0.042490480880946965,0.055904880738691716,0.04218952851615271,0.03527264091527134,0.02375347587354671,0.08092562815997809,0.031140622667896405,0.031925411788543474,0.020389294987403547,0.06594645878540471,0.042081710607252104,0.04291018378400325,0.03379530977790014,0.023327240100304292,0.05459387009023427,0.059631466960068456,0.028434638924321954,0.033834544055101154,0.024107222287949887,0.03236927689659592,0.03751586647462999,0.03557195721144822,0.03233073472995742
Bangladesh,0.0239466650747912,0.05909897436365979,0.02800247199108115,0.02385038404694876,0.0457676269431434,1.0,0.03300260331770535,0.02170093729119424,0.014938996725235921,0.04088198565765823,0.02168399740241782,0.03897181785666369,0.026628336371681917,0.023180286846192555,0.039966926212601284,0.036100046949321625,0.02646983640886079,0.048333375362131586,0.018446292855454658,0.059593867363286264,0.03783119599917363,0.029411635682131235,0.026560020400387994,0.05314082213077565,0.019791854773408054,0.033697556766565176,0.02174013434934312,0.032618370733354496,0.032193144747229605,0.029080487444989776,0.017610828306651314,0.06258368710981482,0.0353316036178081,0.034744259909670845,0.03575994543599737,0.02317269470724965,0.015307541813637852,0.05476807221140878,0.04995222288734933,0.05171650721178826,0.04574637298388505,0.02589316856554063,0.03363542014877902,0.01947004323051184,0.043450284418041454,0.04991620100059619,0.045241403423851176,0.010617713461807683,0.018043240982704767,0.013012136633522834,0.024300238234208064,0.019819451861804956,0.03242018159661589,0.02732545174435765,0.034053333917623704,0.0491705972208844,0.03169402715032558,0.020159010021139488,0.03603516841151302,0.023369274088074425,0.0302765661293196,0.02178535657152876,0.04514734777944119,0.030311721757054363,0.02963717973642294,0.02730777131639447,0.025509710248583544,0.05375400252394078,0.029444991468272588,0.014352662930631447,0.07854408384149887,0.03174638051088107,0.02700027020145937,0.03136649881059371,0.04320023155822246,0.04588820659591622,0.026052367240871788,0.025557849599996872,0.04504142707078135,0.03304452769983733,0.022370258296363535,0.03179571966021339,0.06878576100565817,0.02613297929081946,0.02865054085303107,0.020205920931452567,0.022498296156579802,0.020497860396247555,0.043265067689555736,0.03115172382729485,0.021748109377161064,0.01319719942715308,0.03702078543649281
Belarus,0.033588908265786546,0.04283213755558295,0.01597620546298373,0.018640180882001582,0.029482990578388032,0.03300260331770535,1.0,0.01824592004692228,0.04461788898126237,0.019536956436021328,0.02679024309806828,0.05191836958893227,0.02108430007291285,0.030180854638296083,0.016337377167597148,0.02660964493486675,0.02620423037851851,0.04213137468771879,0.02155220628656061,0.04074650732419737,0.02778359136637664,0.0392123271166065,0.017261410602605148,0.027852009027408607,0.03333454861637958,0.041970495593480636,0.01845582518110161,0.01664936704365608,0.017284412291230702,0.012470190381287686,0.027181098626904696,0.0353082582257203,0.0400676666529253,0.029941721801746694,0.021790330899783394,0.03066933209568597,0.04316258458374231,0.03475834124076915,0.028776214130923086,0.028188371900022217,0.03058248750614498,0.023918877841616816,0.02991239093432854,0.03810572004990767,0.0367300827240714,0.03166370137912429,0.03182461262314747,0.03117743600295599,0.01906802596068777,0.038455443887875494,0.038344857006167306,0.03339938990084079,0.033284967641419055,0.019907216668505912,0.04115394338113619,0.02937990913907387,0.015100667717855417,0.03128541790417459,0.02097493409186027,0.03311288060878462,0.018300623578961693,0.0404935835943589,0.034708156680482265,0.03635879823880645,0.01744775309530464,0.023208119770070527,0.028995382694429618,0.0767744466393404,0.017851433652748376,0.03206908290067491,0.05264972520297495,0.04186233715414745,0.026547376914259894,0.017462638433539335,0.019433856657953864,0.06106931345162844,0.03316624731553903,0.020620635936973372,0.03309699272199537,0.04783959673752913,0.029739112193443974,0.026840198021778068,0.04487326958889777,0.018346985299705028,0.0384492988688499,0.0517916418775596,0.021022356071476785,0.023996457871739537,0.02706668460668304,0.013653171522650913,0.019228034953557464,0.021747788448532025,0.04281239241889181
Belgium,0.022937764687849367,0.04748850926624015,0.011339094690777663,0.004195617253768475,0.02889538311483656,0.02170093729119424,0.01824592004692228,1.0,0.0335492624632134,0.02034330292943915,0.012521501513053791,0.04402435866091263,0.01588633068096048,0.023687304973587342,0.020836855712466656,0.02285813537169442,0.01620670129244997,0.0397217712944686,0.007651327923229072,0.04633507547110538,0.020134775866763835,0.029616217067340887,0.005762507303790053,0.03684549895333053,0.024474587500153536,0.03477728666315126,0.006223022695622136,0.01965037885212259,0.014213773316541063,0.008112789378311988,0.013087176886872571,0.050363107577422773,0.03057542477878594,0.026058247450387102,0.020691710817847653,0.020224232884064403,0.03518975054572028,0.039957342062667614,0.029136454843814035,0.03568349304227353,0.03171640741101373,0.013131134052285656,0.02072231420154116,0.022627428304844953,0.031262403256037505,0.03655307436549957,0.034243218502947176,0.024124402522544282,0.009113575981940738,0.028549200286514,0.032577806534966954,0.026979671456834216,0.0221825928701339,0.011662860053806753,0.031108771788879785,0.03462609164551967,0.015491678271946445,0.019993884742147798,0.018432139688655945,0.023878710199273005,0.015610611628760719,0.03340450231285472,0.0402759867593623,0.026402334613821465,0.013066465320914496,0.016994106796886652,0.018758964421887743,0.06873522408484041,0.013004104224972123,0.020522559991834968,0.06202754176740452,0.030746705836507703,0.016791498966263432,0.012373185421471146,0.025001609434435447,0.05447242231681173,0.024409602772692968,0.008313537398889244,0.032591250987402634,0.03893373548119325,0.01768428486471336,0.018189722962574963,0.052628131586355015,0.009238746716882166,0.030382750720448742,0.041139280837948745,0.010965612111061977,0.011941597724528583,0.026748788512017858,0.01492077183125054,0.011133834324305912,0.00970942216283788,0.03602845997070798
Bolivia,0.037613463888927834,0.05707797750755329,0.039360912651453576,0.03623558984020311,0.050203989777238965,0.014938996725235921,0.04461788898126237,0.0335492624632134,1.0,0.049122759043845526,0.03301721347941959,0.04737256106552477,0.03951526536728646,0.02285149759931822,0.05000640093951404,0.0374787226120751,0.026228767452679977,0.046504441605380344,0.027900913684988256,0.05748971238998044,0.05130784195319355,0.041521966091003906,0.03822954595261661,0.055024774412262625,0.01841814566357517,0.0333986805222183,0.031122591164232785,0.03964167389687401,0.038183342137447174,0.04137153825518218,0.03151137526849003,0.06431723695549527,0.04871199221109148,0.034193593083178736,0.03554806199463926,0.03670036324083856,0.012067883559632678,0.0546257986627947,0.05618362956777925,0.05439795491169018,0.04454717541838201,0.040128119166717734,0.03487015933680942,0.025560977289615115,0.04087659180267239,0.04748013208228763,0.044606614188508,0.020911246915579614,0.02987851458776172,0.015022760608182825,0.0356234462169171,0.03037436804154718,0.043164778512176885,0.04154031045968075,0.04714220497253918,0.04796903608167685,0.04139108574467836,0.03365969740885011,0.04743132412962132,0.03661897938552555,0.03710408289394091,0.02725955895077877,0.044187701986202275,0.04330084175416657,0.036579577063238215,0.028108464067285628,0.026205935433463133,0.04362878781313378,0.0375579236281913,0.01685855705976203,0.07881825479332039,0.04128585422712144,0.041289047614775656,0.04433778564955349,0.048515207153237844,0.05012811190434343,0.022755273978227533,0.03702502790041795,0.042548583588779526,0.041116722324903016,0.03541806649099174,0.0457286035442815,0.0683896950085442,0.03464384960370524,0.0403678642181266,0.01379717151885619,0.0288050263289332,0.03169439618423388,0.046252967959899985,0.04428658503891334,0.035123644599005466,0.02527707308391878,0.031705820239758306
Brazil,0.03568742523797528,0.04507043248018691,0.01741183478368623,0.018917264416930434,0.024673903648546405,0.04088198565765823,0.019536956436021328,0.02034330292943915,0.049122759043845526,1.0,0.025997682147872358,0.05204848191004277,0.021345183269217693,0.03817092971632209,0.01427997031402106,0.025478957055816192,0.026227324489844956,0.03935614781516574,0.02348814130930571,0.038641131070138515,0.0182913726200742,0.03841530333079073,0.016168662221932688,0.027495885396294696,0.0397805047838058,0.04483424901679928,0.02095058737682247,0.025272952467747353,0.019146246001025647,0.01731517157694138,0.028363831230012838,0.045752104189984134,0.035245837522141624,0.02801084513536548,0.02106722074869397,0.03297421907969087,0.04931020429345627,0.03317189373195344,0.018747675906052703,0.030688802686070122,0.030867834918510008,0.023811213805167313,0.029299671759374743,0.03749392491974391,0.03439672883021349,0.031841578587287166,0.03453812599197426,0.03940288579398211,0.025845611676407587,0.04458802458607646,0.04265142740850129,0.0394195368672845,0.023458807179541522,0.01768500927447566,0.0381771543424722,0.025650415492924055,0.01916604399598691,0.03307645334287309,0.019659460774264212,0.03533137640324937,0.021365159687276942,0.04544549254917133,0.04305297370938164,0.03363789575769742,0.01810920729369948,0.025886207461364646,0.029858294796270606,0.08231245445627945,0.015295558690076039,0.038043467194947556,0.049941998682096485,0.03977022518433175,0.02610926836570794,0.021111056964390876,0.018085239266211188,0.0649066554552448,0.035887721846632324,0.018796566464047575,0.031145194754409248,0.050390374832126245,0.029755730994304952,0.025750762625758712,0.04116619232784277,0.019005366097884425,0.03515818377172851,0.057590436621839214,0.023993585216114714,0.02604290300617568,0.024708525547048155,0.019602908163183233,0.025340437297220516,0.028400390762879184,0.042422979681213946
Bulgaria,0.01703732728611692,0.05899336410109496,0.02153826920287287,0.01161215935689103,0.0364923449884489,0.02168399740241782,0.02679024309806828,0.012521501513053791,0.03301721347941959,0.025997682147872358,1.0,0.033804984148902796,0.015831697694135134,0.03039079344502504,0.02900718735506234,0.031415210498653263,0.02490921477232079,0.04754814626634606,0.013127393022921211,0.05574455309059,0.018773681246920894,0.020169179633637613,0.01545898440466243,0.04400421967709482,0.026789703745205125,0.036310729929214525,0.017834432045622513,0.026640020339033874,0.023458276261869606,0.017525987600365642,0.0100270776724873,0.06019510976306013,0.022395829487367912,0.03554606542163314,0.02967193513009138,0.015004238664054644,0.03601488705919065,0.04831680212543567,0.03410428280186772,0.045216459573110185,0.042979398902503914,0.011717391658929523,0.02839397393730339,0.016254709914571792,0.040177386975282864,0.046523384483260835,0.04547559137772912,0.0256540235710336,0.01383299977724366,0.029179994426676896,0.023649188734326313,0.01899071159226488,0.02211080088614966,0.019127845109278282,0.026101999130978597,0.04309211649429222,0.02495155005514633,0.0156947219840071,0.024782727250175083,0.016899747878821314,0.027409744686621468,0.02840724793629213,0.0498939285264526,0.020514661686010887,0.023556931544461108,0.02715674221568169,0.0263741649401149,0.07113931805988682,0.0243752365611432,0.022454722726307358,0.06774185336036649,0.024258571935386677,0.012111023539478393,0.015668005221676315,0.03544220235015905,0.04751086499747089,0.029203859331954882,0.013134799196265014,0.043340342144395846,0.03243034970707902,0.013272190041742689,0.01341862455682582,0.05896733448578789,0.01922900625554778,0.01973172562547515,0.04037609511450599,0.02174526287933918,0.01533515846211366,0.03049853824485462,0.024324913808983533,0.016336349921424388,0.01216022181124877,0.04220867033639701
Burkina Faso,0.022569021957561497,0.09068312205426728,0.05084837274871725,0.04139843718431803,0.06956568393904,0.03897181785666369,0.05191836958893227,0.04402435866091263,0.04737256106552477,0.05204848191004277,0.033804984148902796,1.0,0.03288586706169879,0.05784668440521161,0.058260022261683274,0.06101322899427111,0.05758280012859264,0.07979715295953682,0.04412988545449048,0.08901809594441562,0.035325379085598435,0.016236323642204006,0.04693420091119944,0.07476254060985914,0.05666558085061596,0.05682915503861079,0.04902129627943114,0.049892349524252685,0.05634506048674494,0.045796761688283054,0.03262012271620258,0.07669421210992466,0.021802893456056672,0.06730055048739232,0.06249063278821957,0.024542214381350874,0.04408467808742452,0.08181474455970077,0.05764929318554723,0.06759090783721629,0.07573981823154127,0.03163082300053821,0.06163139771072407,0.02751205437575343,0.07305510977430368,0.07952959887422488,0.07782392755937234,0.039818031933714776,0.040040873009635845,0.04304649930939178,0.015462066862604148,0.021025605477610627,0.04228435584590495,0.04361531268922084,0.01598008731823981,0.07662311701298345,0.051651627319339206,0.026092786335229164,0.052473391199272704,0.02080088212689023,0.05700948121146002,0.02599662061657002,0.08176679839872433,0.021057532846307445,0.0563244362795519,0.0583879792498067,0.05832598638460279,0.08744466137820461,0.05620989789418886,0.04188505868846879,0.0977872897709019,0.017931165093136584,0.028394758412437396,0.037597423059763886,0.06615862280008239,0.020783163660792185,0.06012313082881264,0.03807299636420818,0.0762162905777376,0.01647654252146974,0.028377686819884743,0.029136685171721154,0.09270776706766869,0.05199444958341522,0.019182829166407893,0.05351762718646044,0.05273054228045481,0.040199402342414134,0.0628066636094773,0.048337059042360714,0.03838306433373207,0.04058571068425231,0.06903715644882916
Cambodia,0.018596290977789698,0.05905174623233955,0.01986775883622511,0.012711279252691627,0.03805923485159177,0.026628336371681917,0.02108430007291285,0.01588633068096048,0.03951526536728646,0.021345183269217693,0.015831697694135134,0.03288586706169879,1.0,0.03581890731564938,0.027314476939450168,0.03146222504273152,0.0272424288710444,0.047862028803157756,0.016926570201146858,0.057513842962339544,0.015789896400296457,0.02171046888021357,0.017908052650204908,0.044214254289346076,0.03368280269470126,0.03733902938273173,0.020237981123329245,0.025604357285426343,0.025486751524188757,0.016563331634865626,0.014024922444746677,0.05270266505942715,0.024059266086575232,0.0364785593267041,0.032146058461220345,0.017666226811576282,0.0392946169626237,0.05049925537977403,0.030343399674467166,0.04068192567813568,0.04359897277154116,0.01248163632807629,0.03170140515871391,0.02337091251603903,0.04248881395834471,0.04801147845073983,0.04598804980743959,0.028357567364503195,0.016112232602653456,0.034626169295487855,0.02251904841093728,0.01996878302318402,0.0245957816459119,0.017622183816735634,0.021900790306079887,0.04530448019776032,0.020952520746654463,0.016500782153426364,0.023725937599042412,0.016778124295791383,0.026498314878636426,0.02669121581906083,0.04928541222774503,0.01983230293667359,0.025081578886717634,0.0313115821657362,0.028432020973658417,0.07453863946321977,0.025056319162764063,0.025451393659246598,0.0688275637401003,0.023057469867889605,0.014641508385539778,0.016651588608938887,0.034645214189223734,0.04394544772335622,0.03308350592370556,0.011971006276765601,0.04450560045618159,0.030923466424125162,0.019491486924732092,0.0163255545436686,0.062107315219636736,0.02019461377024221,0.02127663155717062,0.046137046666659076,0.02394505718676989,0.017195029712793165,0.03290006725701659,0.020891912955698873,0.015662733248485897,0.017968652862252923,0.04313381242386054
Cameroon,0.036458989068262816,0.03924583539342812,0.0278997643013308,0.027269293799308966,0.04081834373026856,0.023180286846192555,0.030180854638296083,0.023687304973587342,0.02285149759931822,0.03817092971632209,0.03039079344502504,0.05784668440521161,0.03581890731564938,1.0,0.03601445526047125,0.02913126880195172,0.020050561485745376,0.034102133434301775,0.022195417781596997,0.037765863726642965,0.04124545838608184,0.04539519241415738,0.02621687204380281,0.03628034215376633,0.015716509220739524,0.04096798794836034,0.02075150860136049,0.025468546483833992,0.024877268969598847,0.0268539209337638,0.028623662708511168,0.04508460411895459,0.04676212507835872,0.023830761383821033,0.02309181181118525,0.0346135489756636,0.0307524773370949,0.035938101813542594,0.04535951848888156,0.03820687867266943,0.025634884196289624,0.03186587183141769,0.026001229942698607,0.03478753268450052,0.026723706970044735,0.02937015132797984,0.02580120068838649,0.02721087332965953,0.022470717193785166,0.023318360656695927,0.04381894020671112,0.03802544027468309,0.04320381429084162,0.027430212566156832,0.04934235335169354,0.030832043134338856,0.02788632165696075,0.0331766258177041,0.03666811523486327,0.037747848600351255,0.022845557159852543,0.042549727144638415,0.028870997046230605,0.04449366071014919,0.023359309908451475,0.017174604161269126,0.023075388515902507,0.053286165555565916,0.028346827147890913,0.026033939330287872,0.062112883988541714,0.04724865497318167,0.03362506769272819,0.03337939600623582,0.03483734877041747,0.06575875203382053,0.01654151671369463,0.028182772431354006,0.026037993025840964,0.051140297843325355,0.03150525857334728,0.03521256264695583,0.04907042884699119,0.024334131793005042,0.04468917090550151,0.026887115832183586,0.018735654606195033,0.02450328903292791,0.033773859920001405,0.030265817427215302,0.02382069051890931,0.02000123115084225,0.028002355405791726
Canada,0.04038157733043255,0.037697319415187704,0.019569182453499166,0.02159430113492839,0.03026718151777083,0.039966926212601284,0.016337377167597148,0.020836855712466656,0.05000640093951404,0.01427997031402106,0.02900718735506234,0.058260022261683274,0.027314476939450168,0.03601445526047125,1.0,0.025075535565619544,0.027429954748680138,0.04376877835521761,0.02427179696623586,0.03449040659654214,0.024247311763228727,0.043637356835474234,0.016427261180450077,0.020388866866640723,0.03977071863849331,0.048587373150428236,0.019600692332762314,0.016381842137259312,0.01654916325506374,0.01417393215449585,0.03282865034850059,0.038176746546946555,0.04146529913087596,0.0312724476056089,0.02300659190433652,0.037138491338644164,0.050287123122923647,0.025186260922284702,0.026583626136552282,0.019960182056130805,0.032501067747693554,0.028220653434407536,0.02964579636962232,0.042073598806165124,0.038018135377694516,0.030855899311352852,0.03453061355686905,0.03950549739762737,0.0251851878522377,0.044684041560438356,0.04814708137087031,0.04298019156933192,0.029140412857752252,0.020406336141820077,0.04416303293552173,0.024270486414648584,0.022084352937050584,0.03879808088944618,0.017461686262763034,0.0401114627808822,0.014190879281664504,0.050335535795755115,0.0387827338633653,0.040725876082013036,0.014681928907668616,0.025033102536487637,0.03125261192184083,0.08345279444305033,0.018033462330385587,0.039867388321101004,0.04278775212870846,0.0456555181196299,0.03005066350183378,0.02211100931205017,0.010330180219305204,0.07091788074506356,0.037187919466869127,0.024337036629937595,0.03347636144491782,0.05582879953808387,0.034587480352838644,0.029370210713431967,0.03501954361771461,0.019898597856468473,0.04119497670779573,0.05790697002673386,0.022848979362128683,0.03061057948103472,0.026150413005983204,0.01666748790410787,0.026492734128205474,0.027265844001242955,0.04636478535388003
Chad,0.040523358359589624,0.04225464764074937,0.02620091466384498,0.02448099274795234,0.03207835440378852,0.036100046949321625,0.02660964493486675,0.02285813537169442,0.0374787226120751,0.025478957055816192,0.031415210498653263,0.06101322899427111,0.03146222504273152,0.02913126880195172,0.025075535565619544,1.0,0.020707544522934204,0.033755132729254456,0.022804681642811155,0.03688111728421773,0.038192207722310495,0.047213102017098774,0.023549814754844647,0.026533222460077315,0.028293800576410892,0.04159664022206908,0.021841062065710577,0.02479328516627741,0.022616603070689398,0.02486087426843232,0.032160840344160585,0.037588301922307554,0.05077239954780244,0.018072945590023013,0.01935859766795233,0.03993094227513378,0.04415373485216852,0.03159230132476593,0.0346982904086071,0.02855773453278157,0.02500828241429568,0.033556771358394105,0.02827913491754801,0.04050531465709313,0.02789231268399014,0.029735185848981233,0.025898033166402268,0.03879492836749798,0.0282370550753393,0.03790189702012965,0.048622957850084136,0.04301417903238066,0.036813157764265636,0.030439716698064348,0.048200330188724556,0.027075464992002356,0.027304955914014238,0.03889808568474665,0.03311804050678451,0.0420970320347593,0.02233931607811511,0.0491487695070655,0.035221566246371856,0.04444795568597224,0.02200291481187191,0.02146911392981698,0.02319116977105884,0.06843738877340128,0.020070580197491094,0.03600799990069567,0.046245417290853484,0.04753943724300187,0.03750687171836618,0.02851020791723813,0.022782233113728942,0.07012100708736366,0.024658035690343156,0.02865896769443526,0.0278399584957331,0.05492926360511133,0.03789087145097538,0.038879660083350934,0.03893307067120201,0.023664603523376106,0.04872606796141636,0.045922246341959544,0.02044472370288019,0.03110805270432636,0.036469121397797115,0.023231618656493397,0.030876964589524658,0.027924384610015913,0.030540266306024556
Chile,0.03557558688319241,0.03763158672299287,0.018104764939497996,0.01760207151425488,0.024754370041927976,0.02646983640886079,0.02620423037851851,0.01620670129244997,0.026228767452679977,0.026227324489844956,0.02490921477232079,0.05758280012859264,0.0272424288710444,0.020050561485745376,0.027429954748680138,0.020707544522934204,1.0,0.02690070107469361,0.01410549360579317,0.03638194362978735,0.03361344671797012,0.04323648883690992,0.018359097146197385,0.03592123468761442,0.015084255631162296,0.027206793549818035,0.011549255976119154,0.02497583130398021,0.013673217164969472,0.021093001999393034,0.02505601317357518,0.04863267291330707,0.04472685311229238,0.015076629927982442,0.013867605809151933,0.03373456268617582,0.03318910072890305,0.03451850549404504,0.03143635911689706,0.03573048515191206,0.023514992942030532,0.02742353414986319,0.01287146549441024,0.032774275247865046,0.01977426599533295,0.025905553667786,0.026168712091250698,0.026494788785965496,0.02011041558229853,0.022448723115563445,0.04533063745303972,0.03950113837157674,0.029979776091664405,0.02348423470610344,0.0435364521874039,0.026854175194007807,0.019339287718324567,0.03210173745011507,0.024295915187601914,0.037091928674047765,0.016489158378112993,0.044699857595257006,0.029915590062104643,0.038824287445012234,0.013872438174199895,0.0116786997239062,0.006336604054214862,0.05640623457201503,0.012973839158650647,0.02089329755834403,0.058536784677777245,0.04426717457846552,0.03145647200758261,0.026002858903625546,0.024321240304357908,0.0673705590831262,0.010398228250972183,0.021103870064522655,0.02160952301380191,0.05144927656672579,0.030307883986233047,0.03327678019512162,0.04774713317674038,0.012828042746074629,0.0440020406219446,0.03552208013976793,0.011842093453422948,0.017526678067119553,0.023873241635151365,0.024207845444775385,0.023341317389469787,0.01936866460436943,0.02069096237629576
China,0.05836872113280421,0.03378578830272478,0.037156895506949075,0.04116573801318367,0.021981418061791807,0.048333375362131586,0.04213137468771879,0.0397217712944686,0.046504441605380344,0.03935614781516574,0.04754814626634606,0.07979715295953682,0.047862028803157756,0.034102133434301775,0.04376877835521761,0.033755132729254456,0.02690070107469361,1.0,0.03792875332084108,0.018718023131004322,0.053962494859430214,0.0651828272835571,0.040008239380660046,0.03231769349678977,0.032865898030466634,0.03717624282672597,0.03501617712105519,0.045731540656109626,0.031667062251280215,0.043152927239147404,0.04790496259339521,0.04016230498741546,0.06717525947790791,0.019303945224122106,0.02452823250596059,0.05722736734795766,0.05677220670705525,0.02608669741840568,0.040550236821819914,0.04386740858519299,0.01457487429902096,0.05083484081540909,0.027512020493303552,0.05474490816944178,0.010717323399095377,0.018818161248846135,0.018215391239275992,0.051432012991588824,0.04449955552391531,0.045999775965454806,0.06826251976084596,0.06246491581956375,0.0482907551961685,0.04428682143241373,0.06501368136943345,0.02199351174826376,0.03683237132867685,0.05482052235000196,0.04319031269165546,0.05966188547995325,0.03684807949323544,0.06776453228849806,0.02700920759949149,0.06109841308021276,0.033201767758853876,0.03111763012889417,0.02622061108111995,0.051490471479371004,0.028134795238144827,0.046148694417276245,0.04639858289520281,0.0659386420036068,0.054541861883558196,0.04719926180327666,0.036155646729512894,0.09025838745471057,0.024753617505477513,0.044416379772185675,0.011908067439783638,0.0743314565294249,0.0532388386703639,0.05626080268045748,0.03408110435917046,0.03324715240104197,0.06576085865362388,0.052141127596688076,0.03279884612972257,0.041834305807854195,0.03612465170358426,0.04042518009871685,0.04775652328175586,0.04312437261686769,0.019088313773824656
Colombia,0.022163777629575915,0.04870238545198864,0.015507111770091231,0.0092456076618526,0.02990768133704014,0.018446292855454658,0.02155220628656061,0.007651327923229072,0.027900913684988256,0.02348814130930571,0.013127393022921211,0.04412988545449048,0.016926570201146858,0.022195417781596997,0.02427179696623586,0.022804681642811155,0.01410549360579317,0.03792875332084108,1.0,0.04719178952753373,0.02538676613660294,0.030479041787284247,0.011106500038068783,0.03914454103149771,0.02075587578769887,0.0346570020184337,0.007789427285410818,0.01993194975983455,0.016975390621267235,0.014222165417465925,0.012968427551363678,0.050952306385255,0.03256737806130314,0.02451934061518974,0.022764052475182425,0.020890515902236947,0.030132425292130068,0.04183675216798161,0.03248311916519849,0.03822516022140966,0.0331890350948075,0.017390581836563376,0.02067482170020305,0.02350577058812024,0.030980405035194176,0.037348831657600806,0.03406711556792734,0.020463488680505217,0.010153010616622741,0.02377169557664244,0.031781587423679876,0.026231187488700153,0.02468996394107477,0.017000485601699377,0.03327384131960731,0.03627972913109863,0.017832131845283337,0.01940473319313056,0.022589834418586956,0.02383635258806551,0.01711920549566196,0.032169195638954956,0.03848352440052329,0.028495318443238347,0.014230715211437905,0.01739204341742588,0.016354058372234734,0.06454066364753643,0.01407008013461174,0.019489699484159777,0.06432907558309572,0.03196501983960366,0.019720526889225255,0.01646944767774289,0.027061694842675357,0.05352194413857971,0.019095165447124827,0.012058327357461054,0.03350120992436864,0.03824415941298169,0.019174993400639523,0.022107328064018057,0.055013133761813306,0.012054264790506813,0.03079876995781842,0.035289162409088484,0.009638322228798842,0.013440024811601139,0.028162862302526192,0.01962324813938527,0.014550903110754566,0.008897693687929037,0.031960207396535434
Costa Rica,0.06892583243254433,0.02353485722300907,0.04175372534710452,0.04888842632275684,0.024170760133584365,0.059593867363286264,0.04074650732419737,0.04633507547110538,0.05748971238998044,0.038641131070138515,0.05574455309059,0.08901809594441562,0.057513842962339544,0.037765863726642965,0.03449040659654214,0.03688111728421773,0.03638194362978735,0.018718023131004322,0.04719178952753373,1.0,0.05606384139548614,0.0743435740830278,0.04209780817917636,0.023682869623794067,0.041808367697594086,0.04907997337585601,0.042040907150322826,0.04226142533733466,0.03292479409223408,0.04352385430619552,0.05910710586584525,0.03035459054433911,0.07294785738952261,0.02565515738537154,0.02691757766924152,0.06655712756937134,0.06777870174412755,0.015899433989747504,0.038997262316724374,0.03528924625599532,0.016005768177363107,0.058015207612349184,0.03388153423347116,0.06500568640434966,0.01995633054676098,0.011305166997870344,0.01897278025384165,0.06233333385893385,0.053096571131888065,0.05706397455620401,0.07873652585376217,0.07327418998667032,0.051685446837139305,0.04697720117193387,0.07404851456630074,0.013459225978302685,0.03956690142448985,0.06505554775893894,0.04188844235763966,0.07017809823520789,0.03475242955448422,0.07934434266563817,0.02333143297323764,0.07021161045093469,0.033464829739614455,0.03460755185826907,0.03710332493496328,0.06625260731980014,0.0355425453839447,0.05715102399674708,0.03325325783983384,0.07532448382184863,0.06062339634949797,0.052414117950915606,0.026229006530416633,0.10035144003762773,0.03536462890769506,0.05094915057702193,0.015280128838825442,0.08525815680623618,0.06117138829503611,0.060427040602338514,0.020271948234134366,0.039467607644714485,0.07286311442901494,0.06313615079109036,0.039398760603901156,0.0514582965838135,0.03476531852082659,0.04244077494799409,0.054739961773260834,0.05254347855759168,0.030744029322970604
