Country Name,Albania,Angola,Australia,Austria,Azerbaijan,Bangladesh,Belarus,Belgium,Bolivia,Brazil,Bulgaria,Burkina Faso,Cambodia,Cameroon,Canada,Chad,Chile,China,Colombia,Costa Rica,Croatia,Czech Republic,Denmark,Dominican Republic,Ecuador,"Egypt, Arab Rep.",El Salvador,Estonia,Finland,France,Germany,Ghana,Greece,Guatemala,Honduras,Hungary,India,Indonesia,"Iran, Islamic Rep.",Ireland,Israel,Italy,Jamaica,Japan,Jordan,Kazakhstan,Kenya,"Korea, Rep.",Kuwait,Kyrgyz Republic,Latvia,Lithuania,Madagascar,Mali,Mexico,Moldova,Mongolia,Morocco,Nepal,Netherlands,New Zealand,Nicaragua,Nigeria,North Macedonia,Norway,Oman,Pakistan,Panama,Paraguay,Peru,Philippines,Poland,Portugal,Romania,Russian Federation,Rwanda,Saudi Arabia,Senegal,Singapore,Slovak Republic,South Africa,Spain,Sri Lanka,Sweden,Switzerland,Tanzania,Thailand,Tunisia,Uganda,Ukraine,United Kingdom,United States,Uruguay
Albania,1.0,1.5126264735114496,0.5390314041971371,0.426340018524375,0.7423959313807048,0.4512899552908037,0.9145564904973666,0.487490030623974,0.6813996601005353,0.402439380485445,0.30893677491721633,0.4611459578592777,0.32989836455817634,0.832522556528128,1.1209783459931744,0.8056485824923633,0.5347337491018346,0.9545170963245083,0.32970448072023273,1.529393965189156,0.39837726334402324,0.2794936458930018,0.6202812584770478,1.5157101386873904,0.629681700742078,0.7361053657707755,0.5624663323006177,0.8436220453536736,0.8657259818165549,0.7501022965636923,0.18692461189151077,1.5285876254095005,0.43823203259226184,0.6477728769460235,0.8827124846198816,0.19117994245862124,0.7645477538582732,1.4822588868243836,0.6819099942956225,1.5501223293578743,1.0797324698570494,0.315479623223573,0.8725935712941031,0.3745793215620038,1.0132082567708465,1.3137711557705276,1.1244228576082584,0.46404189230076676,0.39297646652050267,0.5906569413240692,0.2950422186663019,0.2984850821754674,0.47589200071761173,0.5337763389937026,0.34662082848573017,1.1811196961998596,0.6612294655957889,0.20583076911890846,0.5438883226885184,0.19600588523814283,0.8594132680736958,0.4151097781304002,1.0916053002985269,0.40265915025894017,0.8007002018665362,0.6852324587138664,0.5135462370717709,2.2650889492245923,0.4921679037776173,0.4000133162212809,2.0200137784907657,0.396968342085314,0.2903435221446533,0.3830058364613941,1.2619871392590605,0.7769460515418407,0.5555394655329493,0.3276526071630496,1.0173276253650938,0.3710358448846014,0.270604145928065,0.3936547160525723,2.144850499378782,0.6149952625882982,0.3026702768526016,0.7956076271046071,0.6090153248769312,0.30842552564208936,0.6777585539504174,0.7111459664142266,0.4294567763196585,0.3967430608751741,0.7953016220936143
Angola,1.5126264735114496,1.0,1.1217324333652976,1.0990909828599027,0.9624069359792168,0.8771666658872946,0.8938575281330958,0.985676887399332,1.0180013221193385,1.1570262463489387,1.1594675310624543,2.230650785877942,1.6285461627515099,0.6902237244303765,0.7476466220714328,0.9909150144955563,0.9467663254718569,0.7521587926611696,1.004203838950028,0.4657920924032591,1.669438298458709,1.7010296379151177,0.9684452574804644,0.5932531011992073,0.8287233473877635,1.3077775894741628,0.860381752575347,0.752681912200553,0.739173256973746,0.825169861919069,1.2847914033626837,0.7458693545974422,1.9410901816204373,0.7258113995795803,0.6346632216225984,1.481830341135292,1.2694883375654615,0.4528190311551312,1.0188134636547186,0.5188104800704156,0.5119934888273829,1.3525404221993944,0.8779425326499876,1.4939029691691066,0.7367667305579217,0.5112665284912393,0.618764714540636,1.129080634324886,0.8770278680621063,1.0790432422148788,1.8739719245580448,1.4434172261920053,1.1200648374090083,1.2197217041030168,2.0336557076366897,0.5869184891810234,0.9795982710555764,1.4819586790831576,0.8252217634183657,1.4970300293046535,0.6637197230846723,1.823974256614289,0.6176027837859712,1.8674230279334063,0.7923852683425221,0.6937497009895249,0.9724306418711821,1.6787643414492648,0.9440597835977917,1.3239447768696953,0.5528035634877612,1.9767209188942256,1.3001594279187454,1.0008361093910831,0.6973679616562858,2.6941537781257185,0.7091824449614215,1.1969955018206406,0.5378328507495991,1.9436578535664744,1.4166037782419851,1.3322594027302155,0.6548114076842722,0.9091087386043727,1.8245715713072528,1.2269499057621231,0.7081291740803055,1.1750013279367488,1.2075351225057713,0.666237301955235,1.0526607286260714,0.8989236543467745,0.9341503037138184
Australia,0.5390314041971371,1.1217324333652976,1.0,0.21508811246097678,0.4869446569716749,0.6395204537969963,0.41649104827496375,0.2402125804222212,0.9110521656654934,0.34983983642959915,0.3988549640132706,1.0596838806912539,0.41174206760281473,0.6434146387210072,0.45055894977578764,0.7214667141396873,0.3071316457249763,1.0124824758570057,0.3098061284542487,1.095963835763532,0.3986211343572404,0.694860140219046,0.1440155763678553,0.8988320805481754,0.6587755901372003,0.8477863378026438,0.26216672579997735,0.5366921045241131,0.3560683860593449,0.2476832737516851,0.34960382520382716,1.4276269416308887,0.6736142669806695,0.7644077864222943,0.5387379090975739,0.49358563557884555,0.8438102953463003,0.980315450596749,0.5951070143820525,0.7821344199470565,0.7394353328809354,0.33010906091286707,0.49794573116264185,0.6253192277862579,0.7891147058656462,0.7434897331043034,0.757931564263673,0.598887067040246,0.2762215976744482,0.807469569367087,0.8025055448750866,0.5773934893084721,0.49038035437310556,0.2817431097591483,0.7005357233193721,0.7210543706365856,0.30854843355453165,0.5626433037890275,0.3346591198652985,0.5650424747303051,0.4103243823642835,0.7574311564963402,1.0231795643894468,0.6503613200834197,0.2833194713643459,0.3723628360960719,0.5279915354542469,1.9155085586396714,0.28348267990874576,0.5258268133001258,1.3689708431047947,0.7487568893141896,0.3384368158585517,0.22386857695352,0.4903856613145293,1.3853834433461558,0.6547416338320582,0.24992903414724707,0.7522379843295008,0.9026606801439124,0.46550051023481603,0.3249011107976806,1.3826314006630467,0.1845758479946653,0.7787209819000689,1.1153576277865613,0.3614001521084407,0.3430982938108025,0.5581959403050929,0.3285478969078015,0.24543487881214454,0.34679476792911035,0.8932979266566147
Austria,0.426340018524375,1.0990909828599027,0.21508811246097678,1.0,0.5410909218168474,0.5078312053508706,0.4864371442770713,0.1117011001301011,0.8075121060851213,0.3920531919076452,0.2492715776041565,0.887500081359585,0.427343191923218,0.6221465005144922,0.5786949960859662,0.6872342999571759,0.3572062932226112,0.8603198608173778,0.28698130341078415,1.153335051212463,0.3880717912590942,0.563358156964145,0.20981699291287154,0.9633802798932214,0.6843863981221658,0.8326726230425657,0.21139857469171838,0.5207244163181036,0.3864080939518372,0.26063956860097165,0.20762423488550594,1.4273073455251657,0.567191005925819,0.6706490858394796,0.48890161159343526,0.3766919893569969,0.7754854028868009,1.0563554776073445,0.6516252234816821,0.9151602729581346,0.7279865303275562,0.22468739088869644,0.49539105414563184,0.4902846760524174,0.6893107002243165,0.8915901115228367,0.7745487651185774,0.5132980887158749,0.2549299107697121,0.7970231780869301,0.6567595666364365,0.4751063800026243,0.47682780535575037,0.29435656140843713,0.5609179963279018,0.8316053989962809,0.40090979636687685,0.35495020189502224,0.35549947494132267,0.40525733687558146,0.43398931717866773,0.6794675578901325,1.1037901194982276,0.5387397612446366,0.364035022050317,0.437867495132587,0.4355187677450615,1.9312455214724336,0.2659564341347564,0.49389223167424584,1.679843420720697,0.6671354036802447,0.2791861568431987,0.19600911782841599,0.7410958078441605,1.3174775219803192,0.6038653754734321,0.20443537695192063,0.7369516902837483,0.7892882413791245,0.32316612856462157,0.331903217493815,1.6116846917307666,0.27241793649683776,0.6409383646709448,1.0324169161475591,0.3396196158520349,0.2856692278504855,0.5590819645129939,0.36646103590612256,0.22076964619380843,0.27061932533195066,0.8393918098677497
Azerbaijan,0.7423959313807048,0.9624069359792168,0.4869446569716749,0.5410909218168474,1.0,0.4608420337001785,0.448367608081373,0.5258349193276941,0.5734723811820923,0.5943053508881784,0.6287075689832394,1.163903303138454,0.5498022309455711,0.5599500805616318,0.6619707376040669,0.6602595799480462,0.41254332548349815,0.48911800369193054,0.5339936405051988,0.6819794304167619,0.735666543097008,0.8707942558076823,0.5158506929814366,0.7286604356220286,0.503464768026352,0.6488802586555864,0.4684002104959856,0.6278234170112262,0.43279354093267475,0.5647003203174427,0.5564339938244424,1.0745094607121048,0.9267950660897514,0.5045162353117901,0.45780303184175486,0.745655060324602,0.5685656750873539,0.7713961001485184,0.6843190501773521,0.9293354134747023,0.4630377396022304,0.6482468719235556,0.4393626995311011,0.6318001802644567,0.4539466485015521,0.5084384845687655,0.5955531579139809,0.426051223779418,0.5355222309134426,0.4583958087992829,0.86478795050333,0.6083506513665355,0.6517350719986144,0.5040657823116519,0.9723778489384433,0.42222570032153606,0.44957281582843645,0.5730446862973303,0.5644074171495798,0.7536315737190037,0.5682579476802183,0.6321505889630352,0.8561319525782155,0.8486399820875812,0.5438841961376183,0.461774044467261,0.45417496962732,1.3564863463755108,0.5094474982794976,0.5847905621943272,0.7667872123360882,0.9908605127927334,0.7033695655137864,0.5259477926896068,0.6751339777786631,1.3736425867767907,0.4740565149888476,0.5371607671738835,0.4820614389607047,1.0412846061715935,0.5474387397654146,0.6734976730900263,0.8769591753967738,0.4987499042495902,0.8640434941709968,0.664242246334624,0.48626023743460106,0.454155306248905,0.583479247995497,0.47539073840188895,0.5426189046769995,0.5110428890336491,0.5496861222791782
Bangladesh,0.4512899552908037,0.8771666658872946,0.6395204537969963,0.5078312053508706,0.4608420337001785,1.0,0.7669349619633455,0.49953510495345566,0.39160712114314955,0.6171983485615808,0.47363420214619384,0.7070004856355225,0.6313032439469479,0.5223031484902809,0.9431692080400684,0.6829739932365753,0.36471759406416804,0.3263565360898122,0.3997295373255988,0.75865674442085,0.7708277410779916,0.4483917177701848,0.6435147444271206,1.0432029624860042,0.4871509182158392,0.6181563048402909,0.5264178237621017,0.783208782557159,0.6871416911420544,0.6944570277516077,0.41474647095770634,1.1902761513226328,0.7834665379117579,0.317765623659508,0.6090731146139498,0.5371909792022249,0.4583814884489832,0.9432008588884813,0.8604027120961937,1.1318443367898343,0.6280254269065104,0.6098336446210691,0.614652150328207,0.41845044004160925,0.46237307622910806,0.7222768173125149,0.6195584145273776,0.31588274319517295,0.4425715061586375,0.403947628316053,0.5885988118439238,0.38644476651554677,0.5721093482238762,0.6484654574227907,0.6832275742102552,0.6680195887411153,0.7465984090533697,0.41405349801607094,0.6680854371347338,0.462749667452259,0.6854669797057826,0.554609552567116,0.7349603320133755,0.6567075125918821,0.6745364084785936,0.5550124572348974,0.33999262072504405,1.4715605057094039,0.45721454311532894,0.3460863912155284,1.329873897978527,0.6559409627618257,0.5461495820519007,0.5051894642539091,0.8886999412864403,1.0548763056965265,0.42859799039953606,0.5204037732583545,0.5799635385449267,0.6374202097806837,0.5019582627589616,0.6285721346274638,1.3129720830150746,0.5914730856795901,0.6345220456245253,0.49481846096188975,0.49271277460881846,0.4418856920362243,0.9210324610664485,0.6324408251476235,0.5332576261004257,0.38744548706559756,0.3591303457005238
Belarus,0.9145564904973666,0.8938575281330958,0.41649104827496375,0.4864371442770713,0.448367608081373,0.7669349619633455,1.0,0.47376772193327876,0.8799691106117418,0.5377454942537222,0.6903864073500239,1.4497712889370062,0.6969575524052595,0.5033184545113552,0.38448386135811463,0.6605586288561024,0.5334091078220562,0.8061306115498229,0.5634279661118777,0.7381352327892686,0.6584232851478946,1.0697238084345733,0.37605668162138906,0.6465824588308446,0.5333364085113901,0.9995444988220185,0.3765711441188874,0.413244115736356,0.34123134478099476,0.3446350706483424,0.7195463593093114,1.0052208750745197,0.8754748524275667,0.629602698093739,0.3971028989282647,0.6795088008750794,0.9485530843383434,0.7080503511436009,0.7000662446562027,0.6488020505374827,0.4964689592898704,0.5623257388791726,0.5194884253241724,0.8675410745557425,0.6226467088699927,0.5457975175196255,0.6366612098655441,0.5918822831769992,0.4931421104179601,0.6592825340169769,1.0940827243248383,0.919201116091678,0.598099091188975,0.3929390854043372,1.070780638045999,0.45994999376199275,0.36923701749761617,0.7664659486505065,0.4130002566193195,0.8707538031130936,0.3667643839226998,0.9946557519623083,0.8271539297224311,0.9197404619200898,0.35680887937328437,0.44807900210205154,0.6216015358816359,1.7738417262569126,0.4358962002247554,0.8017021603476888,1.1068565783615656,1.1678358527657884,0.5590142024552636,0.4694796608213605,0.389807592428616,1.7406418394431518,0.7268229772500799,0.548850142464747,0.5309547742351451,1.2278216101668329,0.562085210845168,0.5289732214837728,0.9931748941683973,0.39776958978024124,0.9891537147919361,1.071291098592075,0.47652062023668007,0.583349058625966,0.5286794635442343,0.295722842039015,0.46201049652802784,0.47689432755718486,0.8814282408621085
Belgium,0.487490030623974,0.985676887399332,0.2402125804222212,0.1117011001301011,0.5258349193276941,0.49953510495345566,0.47376772193327876,1.0,0.8108408129995065,0.43269099137982014,0.29177727180841195,1.0503868411476593,0.4647783159707336,0.5464894872252676,0.48392592357856534,0.6236733540676542,0.2710767710585269,0.7314227204396735,0.25157854331862983,0.956536532661414,0.4852094676866052,0.6675144651359645,0.1700425923466496,0.8277870745683131,0.6589129823797633,0.8222259798396142,0.15390389023186404,0.4252764755316537,0.31303785657300187,0.23613567969432658,0.23065457500597397,1.3252567554245198,0.6799004807725487,0.55905188104973,0.3927482013913204,0.4358716292781949,0.767590081802918,0.8852678562385562,0.685436280920495,0.7412301290922859,0.6019110397601602,0.31754871170820304,0.4164416919609381,0.5213404549894014,0.6341982465739904,0.7437103185139541,0.6477763359838321,0.4790904604003181,0.23239181666104772,0.6972030704644115,0.7640584079930316,0.5160468381792941,0.4765659033281754,0.30059576910350716,0.7150335007866134,0.6503749883971928,0.42046173510220786,0.44488291799071933,0.3907396350244683,0.49410714217099755,0.3639344804147828,0.7249555151750636,0.9914957021635411,0.666808030509583,0.267740760272961,0.34373757543305083,0.41086779386754246,1.8600016627881786,0.1825330125457178,0.5124383252679104,1.4796988529588193,0.7833871590871553,0.3382429977281233,0.16637404975069137,0.6002459772503281,1.4676112061280548,0.5555124203240498,0.23763837229832377,0.6057234484187133,0.93352572514549,0.4159683765255032,0.3545832739856437,1.421518437726672,0.22301412104442264,0.7723843311714944,0.9793664202621544,0.24649817909452798,0.2949204354386646,0.6033144385360061,0.34530290521411433,0.22775254622456573,0.25841322015384066,0.792450895632062
Bolivia,0.6813996601005353,1.0180013221193385,0.9110521656654934,0.8075121060851213,0.5734723811820923,0.39160712114314955,0.8799691106117418,0.8108408129995065,1.0,0.7733694457084042,0.7173804915698471,0.8460354783636183,0.882757420086731,0.7507394923709307,1.1230250756800981,0.7026655893526504,0.49170749646620077,0.46947134618341724,0.6704388850470722,0.8222454649836475,1.0818823194844174,0.7970424669500232,0.8955185183368931,1.0668857568060672,0.48674043256849076,0.6594883654382956,0.7844050238130638,1.103486843084271,0.912430975259138,0.9387519058020887,0.7225170677955765,1.26917719949282,0.9656684392865943,0.4824744689152838,0.7199123396405587,0.8219244528608459,0.38719363004931884,1.108417961172284,0.9663125594613561,1.3912236400607427,0.7156999361197856,0.9001741925501019,0.6761361341585859,0.598006573261574,0.5148256529904781,0.8249457684441078,0.6940887262215742,0.6083574492476417,0.6671546180225361,0.437846124565232,0.7966846674482875,0.6227250047604272,0.7420154862182543,0.9633845339804695,0.8317729597276237,0.680593156861834,1.0098611644221558,0.7810463167139313,0.8251412864033856,0.7792430541290318,0.9362326075919932,0.6873857451722861,0.8073063083879547,0.8989127799234191,0.9310921471709306,0.5927972332038152,0.4476415544116219,1.2039828789051772,0.7115874945798868,0.40130653419327955,1.3341396057761377,0.7892713477026448,0.8836609748368515,0.8006698122512365,1.0920465488787465,1.0167594763635692,0.48048701336332034,0.7756843085542955,0.6903418796294782,0.7056840059804343,0.8092106603594234,1.0071049250794322,1.3135078644763756,0.8849674796204225,0.9275379939863952,0.430463193190589,0.6884858781190873,0.639415029174661,0.9639941286739828,0.7897690249465538,0.8423551120510309,0.6880709352377404,0.44101636951142886
Brazil,0.402439380485445,1.1570262463489387,0.34983983642959915,0.3920531919076452,0.5943053508881784,0.6171983485615808,0.5377454942537222,0.43269099137982014,0.7733694457084042,1.0,0.38541761558354803,0.6439818159555988,0.3684377946217686,0.8592415127177238,0.488538557114408,0.7535995393022422,0.3733111130461714,0.9302128031343075,0.39741823854013214,0.9540608933958745,0.39543286284751955,0.5789217217326827,0.3820264965357367,0.8361477228607492,0.6052631682119597,0.7502240041462908,0.447163056108005,0.6746872971146521,0.48985027346998933,0.4206310851368986,0.3250289713492431,1.3601136937409988,0.46180182038743434,0.6593134133604894,0.6257112362576169,0.4213068432674736,0.7983492884367659,1.0517066456071307,0.44286267489844366,0.9004816646523532,0.8454791735111875,0.3777739916113497,0.6104733198290837,0.5811260860877079,0.9066280220536118,0.7527073532153297,0.986913823584782,0.524126002580465,0.5114189311643257,0.632794789447973,0.677798390513753,0.5628821943839919,0.5592604667022769,0.41039898961440713,0.48983145880634604,0.6770940514291952,0.49727077550320814,0.41161803736203795,0.41395960032012846,0.48112822517119247,0.5972216712396066,0.6073688158671366,1.046546943010384,0.3037240949247904,0.45564148158882944,0.4808988522860481,0.4126724007458263,1.8027340112881083,0.43183897652243675,0.5307904011301171,1.3663588169017242,0.5642407722774372,0.365884706513283,0.35325547931588475,0.5648382405018519,0.8862762931313377,0.6446508136924761,0.4249091013717331,0.7618681102503536,0.6641695810846616,0.41499379064405484,0.4035252867651914,1.2135189267538504,0.45428821887160975,0.6158392114336075,0.945819498285575,0.5745866434055464,0.44095360965874597,0.6026854065279477,0.5380115548794463,0.487215709514077,0.4821747466758926,0.7528406398274741
Bulgaria,0.30893677491721633,1.1594675310624543,0.3988549640132706,0.2492715776041565,0.6287075689832394,0.47363420214619384,0.6903864073500239,0.29177727180841195,0.7173804915698471,0.38541761558354803,1.0,0.8139020606347304,0.4446017848102177,0.660941557613671,0.7200331055339955,0.669292482021356,0.3806544364481911,0.778162271412555,0.2618248068076148,1.140864289766088,0.42429671540438696,0.45772711655920667,0.4412718056690187,1.0693044142030286,0.5693701517392667,0.7395250069808588,0.31302990015500043,0.5888330065513488,0.5467833837432601,0.49762173340672106,0.21730063717584633,1.4491547645492158,0.5868940650954395,0.5093722908482291,0.5541056839180671,0.3157932176348434,0.8258285027920105,1.1110678746187541,0.6366288243398367,1.0072716095188443,0.7791789185120408,0.28122977495154944,0.5865465856013263,0.4510333444677165,0.7444871331006282,0.9703373683077832,0.8128201027772033,0.4318701017676131,0.3199469303159487,0.5930480422073345,0.580193798703271,0.3992759090775082,0.49411439611656904,0.4472822683051375,0.623688827852847,0.8445586824647145,0.5648801296916777,0.32843249151831205,0.40437042436650705,0.32108625287675285,0.5952244725367198,0.5775873652829796,0.9743812795730117,0.47732302977956437,0.49747980098885347,0.5099473574238412,0.4161694180934211,1.9765937558783322,0.26811471213221527,0.45679037493304886,1.7180357024627322,0.6463469079838817,0.27046889510235883,0.3078044047318402,0.7641608164554302,1.2133389992797778,0.5050312521087805,0.24739973418312397,0.797024749194875,0.6593030921799823,0.2924642167721199,0.3228039906672932,1.5861920610559173,0.3642962400381435,0.5113030161365723,0.817339355116018,0.37426304024433354,0.28332511917157105,0.5559244813084767,0.5152508769093851,0.3402151314374091,0.2579733501208029,0.7656902372632631
Burkina Faso,0.4611459578592777,2.230650785877942,1.0596838806912539,0.887500081359585,1.163903303138454,0.7070004856355225,1.4497712889370062,1.0503868411476593,0.8460354783636183,0.6439818159555988,0.8139020606347304,1.0,0.4651954213514052,1.2471960012992218,1.62439947327737,1.3354995705795056,1.1080292029850094,1.3990548047267912,0.9646857455361203,2.1555848019519863,0.5638206021847564,0.33723293546641875,1.1915528229029317,2.101284838672404,1.0534853824850137,0.7366354134367291,1.2817529384345319,1.3869742693493472,1.5507486947718407,1.3194008848773786,0.6574836588787858,1.9349276286809132,0.417083179052917,1.1638689542802063,1.5612222171793828,0.5459410214126004,0.8224372805883537,2.233860606043885,0.909859205434567,2.0228171091106755,1.7213404136028818,0.700630718311335,1.404849967890319,0.4791345636308494,1.4086137784628294,1.9415224243120628,1.6944237402819646,0.7012264649664225,0.9950333061070129,0.7176848758581791,0.3261554371525286,0.45894338371832866,0.6944052381269559,1.0042181351986819,0.29559134181909,1.8201919495744145,1.170606800638601,0.5298414956835704,1.056897503618354,0.4322441640641733,1.620543281117801,0.5012153884504118,1.5655655555225183,0.3704458604215692,1.4884496398487315,1.3215392457408373,1.0339753296965568,2.2225016558255457,1.1595637722986776,0.7016322908377173,2.230336641470947,0.3246943090663714,0.6350215318830655,0.959427697593767,1.8428771041958842,0.42535638109801915,1.1072610517849981,0.6775856194935974,1.6605488984191157,0.35738469451209187,0.6565191756476494,0.731040999905059,2.3353805039296986,1.2082106746349648,0.45183857767445534,0.9676200022021084,1.291646872328598,0.7212827208498152,1.0441964368553414,1.4441110646600983,0.9800191079662599,0.9264472478689899,1.0618833873295241
Cambodia,0.32989836455817634,1.6285461627515099,0.41174206760281473,0.427343191923218,0.5498022309455711,0.6313032439469479,0.6969575524052595,0.4647783159707336,0.882757420086731,0.3684377946217686,0.4446017848102177,0.4651954213514052,1.0,0.8979359955116102,0.894824297486678,0.9273536021231014,0.5320523272344722,1.0472972130397793,0.393864221857543,1.5075563814848798,0.3408719578237876,0.35587744636451657,0.4648009416396581,1.4709091786068307,0.880871809197973,0.8327062937468451,0.5461240865686995,0.8798938632074825,0.731991522340239,0.6228315494391119,0.35787405415855145,1.7711168824608687,0.35116957129535853,0.8758892495115496,0.8825113698421985,0.35437234788465966,0.8433770886800865,1.4915161846857403,0.6620590398097866,1.3328028910905663,1.1223816940056084,0.35699936921993936,0.7381539322420746,0.5324911246548303,0.95589238832463,1.164808723569477,1.228400979556779,0.5575792026327687,0.477107034176418,0.7597996498703186,0.4070747162613154,0.4399562667482829,0.6062932254863107,0.40512416926205463,0.3320958150987977,1.0704018896643612,0.5426824195147746,0.3461949570448133,0.5821983488298684,0.32042958431850077,0.8230824231259923,0.44570278028314125,1.3061480249152106,0.3148081538692102,0.659688909804405,0.7846191972917795,0.6516971708149779,2.39250029849532,0.44044202599564886,0.49840387794197516,2.028687553435246,0.38066852623026015,0.3785167695354311,0.44562262596250835,0.9993323997521413,0.7651885046479789,0.8648585456823836,0.3140897236823015,0.9936169855345633,0.5259717688740541,0.3509113047154677,0.46072585903711577,2.017123479065155,0.5270172629724816,0.3940456628222134,1.0978935374406893,0.6764874344213474,0.32596166137814764,0.6550571395514393,0.7004415893995175,0.47548318850048676,0.5659923456247764,1.0134543622287302
Cameroon,0.832522556528128,0.6902237244303765,0.6434146387210072,0.6221465005144922,0.5599500805616318,0.5223031484902809,0.5033184545113552,0.5464894872252676,0.7507394923709307,0.8592415127177238,0.660941557613671,1.2471960012992218,0.8979359955116102,1.0,0.7297697494569726,0.7389632274343082,0.5329468150093231,0.44579112003073396,0.6654831589142435,0.6200802566386483,0.9264437126552566,0.9212761735246312,0.598474917461554,0.6616075694805345,0.31049332990990164,0.8854832605077181,0.5089967247166715,0.5462193004060639,0.5915677306988837,0.5550609328082712,0.6558656942090644,0.7438553930772773,1.1351159199966712,0.5162989552181865,0.41009877574449005,0.7758099648088097,0.9334925972260153,0.6928842617491251,0.7437743172955558,0.7763623694711325,0.37955414261156384,0.7242078550757584,0.4388123448277552,0.8819377303580868,0.37658638080583917,0.49692753101592746,0.4053363703986707,0.6150061827144545,0.4575778640430904,0.6145391585659508,1.023033700891924,0.8453654722183699,0.7289051199182157,0.6409533277201074,1.1332571438121402,0.5110001734485443,0.5974843187632489,0.7146869216960563,0.5167634713356298,0.8081987134546641,0.5651264131601438,1.0637454233683221,0.644122050526549,1.0390648074189708,0.612549209984855,0.4201959547929496,0.5176246665289983,1.593519574827766,0.6619285609510187,0.8116213683580853,0.9550429849240301,1.2031265436326783,0.6650024258411009,0.5527041666213525,0.7344366640227452,1.6689057282609745,0.36259901245709236,0.6852873918210227,0.39549278605850957,1.2271185135348475,0.6530380306960812,0.6739025289382209,0.8442734685195067,0.5533671249502565,0.9028051684732669,0.8367486323208688,0.4028063031865251,0.5992332845975544,0.7959961896426783,0.4599404031958584,0.5452716147324902,0.427752946235739,0.5911554042058343
Canada,1.1209783459931744,0.7476466220714328,0.45055894977578764,0.5786949960859662,0.6619707376040669,0.9431692080400684,0.38448386135811463,0.48392592357856534,1.1230250756800981,0.488538557114408,0.7200331055339955,1.62439947327737,0.894824297486678,0.7297697494569726,1.0,0.6716369300861692,0.5539605245959751,0.7546386333456626,0.5788790173555577,0.5495606113508837,0.7857770415674776,1.2896592225509371,0.38849294390306327,0.3904857408134135,0.7394455195703596,1.071000920215281,0.4128875661784794,0.3527818693695808,0.32398732810854974,0.264541793825273,0.8237734994379704,0.8365853409153646,0.9685035912966089,0.5474516764883063,0.503479907761488,0.8469317178771256,1.187310424426964,0.5803071073472521,0.6427242009305993,0.353856121904736,0.6036184528233381,0.7297460455992162,0.6447066906404886,1.1576210562154656,0.7524100647489429,0.5575458921616985,0.6950532762570667,0.868870696623773,0.5497264012014877,0.9209745159211453,1.4372135505628463,1.1711947390943098,0.6715958268478324,0.5181131592445837,1.1437719505448072,0.5070783683446242,0.5274091605889333,1.0139709482622987,0.3646049298315719,1.0213915356427885,0.22421218689952319,1.4332506399916114,0.7822448084780599,1.071453174041894,0.28263861620380204,0.4602170202583926,0.5864107829098557,1.608361434559148,0.4222538142289892,0.9361408613791677,0.7094482668361146,1.4397000647616622,0.697720734077086,0.5352968938517826,0.21191911659040663,2.0839139356559917,0.7458632337528615,0.7006630621410377,0.5702561524389901,1.6723964691002502,0.9048150594003339,0.6276325753817042,0.5610805143840697,0.37782996458442447,1.145783575152936,1.2344867323250746,0.4964216355811668,0.715760557962797,0.6598016083248759,0.40487358309860055,0.5503902133657942,0.5425372480437503,0.8210981288227207
Chad,0.8056485824923633,0.9909150144955563,0.7214667141396873,0.6872342999571759,0.6602595799480462,0.6829739932365753,0.6605586288561024,0.6236733540676542,0.7026655893526504,0.7535995393022422,0.669292482021356,1.3354995705795056,0.9273536021231014,0.7389632274343082,0.6716369300861692,1.0,0.6151605570608392,0.7852351894718483,0.5804166383127141,0.9567290131382434,1.0172697664234294,0.9816150070614809,0.709195569019734,0.8108073131751659,0.6510439237074097,0.7162854601913449,0.6419868655553365,0.658554805065078,0.6433316670202107,0.6562421548124981,0.6828474834718758,1.197467530055788,1.1857915344175007,0.6218559062444393,0.631596895697013,0.9221058287030679,0.6781793371619078,0.9509382667092904,0.8764181177642529,0.7958818938762771,0.7929711771465549,0.8232905717713863,0.6793041227065452,0.784104826933391,0.7116316027720379,0.799404714631386,0.8222267207819912,0.6022703463552184,0.6128208761811988,0.7154993829923593,0.9768515632241869,0.748818024419129,0.6159642346449213,0.7810890704559617,1.2370843641996647,0.7262396586453634,0.7933904776598555,0.8249774170188537,0.6641684944311479,0.8875342937088022,0.6280161585987518,0.7971537654486271,0.9834647446987204,1.1517614224465176,0.6705700914439758,0.5921996692617251,0.5660158752753001,1.1460375396045999,0.6009003822312919,0.6860806297023825,0.9804491609222954,1.0967046082046412,0.8314946368045921,0.599502127335829,0.7235054754415247,1.4077629754044876,0.5711068496218727,0.7678250780524131,0.678411016635259,0.9110081885446257,0.7865939571914585,0.8832729833546767,0.9706243416564665,0.691915827788559,0.939300048445356,0.7011917553579861,0.5924141388063388,0.6122103589371048,0.9303305864191171,0.6284656580614256,0.7050663757729321,0.5975400475341656,0.6151052788594964
Chile,0.5347337491018346,0.9467663254718569,0.3071316457249763,0.3572062932226112,0.41254332548349815,0.36471759406416804,0.5334091078220562,0.2710767710585269,0.49170749646620077,0.3733111130461714,0.3806544364481911,1.1080292029850094,0.5320523272344722,0.5329468150093231,0.5539605245959751,0.6151605570608392,1.0,0.5370734506524583,0.2826352298637399,0.7356811380125692,0.5984734461719847,0.6477778313051495,0.39034175500254387,0.7932550360952401,0.3928392966649854,0.6959588670457217,0.24829846289676571,0.5319658674419425,0.40449909928778915,0.41268431611248646,0.3774393464806812,1.3388190183532815,0.7738295860480616,0.38628949335418405,0.36649391474655524,0.5655657495900884,0.5950988511362205,0.9066512330194151,0.5347563852182154,0.8039347953127179,0.5568986811662106,0.5272512632400503,0.32417551932828303,0.5403833951072468,0.4913889355211034,0.5743337053075507,0.6814647570152775,0.3333991774352827,0.25466930849361913,0.5232960365420158,0.7958667126440373,0.45010022938595295,0.5738151573089761,0.5070462927848784,0.8035335302845378,0.5615432728859187,0.5331164093994911,0.5509255602815998,0.4365002058054981,0.5609760982966727,0.40868346710966175,0.6658795553137735,0.8482520313820262,0.7667120881023168,0.3709561047910552,0.293364594019223,0.21941373013880108,1.7084037678828885,0.2276295502677715,0.4174483303840735,1.2445161467969335,0.9188743132697601,0.46124958848965447,0.3296606201815775,0.5343318789426048,1.3846359666535781,0.30667969972073306,0.36775559056255414,0.5152843233883436,0.8503500615845098,0.534004172327607,0.5358248837103947,1.285155766977605,0.3123046552037937,0.8100798062151816,0.6962837115267101,0.3341374173890676,0.3031754403036716,0.6106741000722409,0.4171640764182238,0.38117054232482317,0.2916456610181709,0.5569183691580719
China,0.9545170963245083,0.7521587926611696,1.0124824758570057,0.8603198608173778,0.48911800369193054,0.3263565360898122,0.8061306115498229,0.7314227204396735,0.46947134618341724,0.9302128031343075,0.778162271412555,1.3990548047267912,1.0472972130397793,0.44579112003073396,0.7546386333456626,0.7852351894718483,0.5370734506524583,1.0,0.762209256773261,0.47518781470225585,1.332168252509237,1.0910621696577594,0.8953061076537305,0.6038218831279493,0.5474465123038068,0.6707521294826628,0.6461397031784167,0.8347821233149108,0.7294550246116347,0.8152537051321033,0.8395787422338343,1.0239905915160854,1.4382416011301336,0.3634927505754763,0.5335665190072348,1.0335340627882583,0.5588103445106849,0.6819683826991646,0.9460449043908434,0.8893520500220499,0.4165945485431217,1.1005401752168198,0.4801125431869027,0.9075752568864714,0.23710220530780227,0.5909980139738148,0.4091893557589201,0.525216340975417,0.652652840420084,0.49744319947877114,1.1738410476326178,0.8237206999981675,0.8628888446657504,0.9852484558327227,1.4084796344042578,0.46545616169503756,0.9367086428189474,0.9417024929025898,0.882061576483075,0.9901228329082363,0.7053384365326306,1.0047788439930994,0.7867391230387027,1.3379994267267552,0.7847020117896207,0.6934909943327863,0.5198624164897441,1.0553750225493976,0.6408048755946463,0.7820352554484126,0.6724978020123575,1.3564549272225206,0.9922273509209418,0.7785832044915927,0.7928391978443687,1.7345632002052238,0.36836712424522833,0.9017200108016293,0.38282371477272215,1.3064405225171458,0.8559877940424097,1.0672428751768337,0.7718928875203386,0.7427323418941165,1.0430404645086722,0.515678724093285,0.5568633125701625,0.6315182426341601,0.8654091992353996,0.6653299836218641,0.8247320877046778,0.6544214901604449,0.44359833628458123
Colombia,0.32970448072023273,1.004203838950028,0.3098061284542487,0.28698130341078415,0.5339936405051988,0.3997295373255988,0.5634279661118777,0.25157854331862983,0.6704388850470722,0.39741823854013214,0.2618248068076148,0.9646857455361203,0.393864221857543,0.6654831589142435,0.5788790173555577,0.5804166383127141,0.2826352298637399,0.762209256773261,1.0,0.9970724302547478,0.584547569627894,0.538613238562636,0.2713609181125951,0.9474959368826865,0.4752851881010426,0.7283818838684535,0.2535123363186775,0.4965160455921472,0.4321490185650699,0.432604664145666,0.25068878949359497,1.392983981494738,0.6671400886860632,0.5160156103620627,0.49481136028100736,0.39526271009213243,0.7429757929232137,0.9500834364458679,0.6423459240986934,0.8607122052682963,0.6565490089158298,0.3743883688987898,0.4989121174195037,0.48273666575049234,0.6805222254404866,0.839853987688719,0.6795084689644955,0.367615580910045,0.2726775439963283,0.5232270988587727,0.5944553008199401,0.3903938578525066,0.43352893103103507,0.36139214404300396,0.6567356805116022,0.6612768948805811,0.504852426063946,0.411678410069267,0.4668463935006427,0.38710842711283266,0.4802526968591958,0.6068139594790545,0.91487640333796,0.6310280647897842,0.36531964147330787,0.41035227493319765,0.3570925628630819,1.969834361060951,0.19340256550401427,0.35186798015651094,1.5905277654307097,0.7662714948234242,0.3382040288932483,0.21744585643147785,0.6179120824141757,1.2723101836524513,0.45200024940957884,0.3184286495649058,0.6601320360581426,0.7047224668606907,0.3828250677559265,0.42032821730203596,1.4841675468628472,0.2522346120291044,0.6468845492310165,0.7547749729294452,0.28768239555901837,0.2584582780360849,0.7103434539448933,0.3828544725811352,0.32182818770758803,0.25302051522491886,0.6888000133743415
Costa Rica,1.529393965189156,0.4657920924032591,1.095963835763532,1.153335051212463,0.6819794304167619,0.75865674442085,0.7381352327892686,0.956536532661414,0.8222454649836475,0.9540608933958745,1.140864289766088,2.1555848019519863,1.5075563814848798,0.6200802566386483,0.5495606113508837,0.9567290131382434,0.7356811380125692,0.47518781470225585,0.9970724302547478,1.0,1.7395720485269985,1.6727774193874003,0.9628099696992595,0.4664395653723943,0.7560895461622825,1.056711945933035,0.7729931204465472,0.6477599004616527,0.6364710267560474,0.6896890356018226,1.309224869575301,0.5573194819327015,1.931128870421674,0.525898475643235,0.4573641667250675,1.5488724216237484,1.0735924647485147,0.3906657072767901,0.8903881417845229,0.5310687614987741,0.3271625721156307,1.4463720954081334,0.683479157417543,1.3791697130889595,0.4734417030331371,0.28782426874278677,0.3883894713476662,0.9549624348032472,0.8647373271357917,0.851322815921732,1.860564854126197,1.4011783848832633,1.049874081526436,1.1927307627204975,2.0161314654734777,0.2666224275811051,0.9119752199117558,1.478130943680287,0.6930351779298611,1.530571499220894,0.4726599594309785,1.6873108589246881,0.6059785460253996,1.8655489834561263,0.6444633177487634,0.5717286450397914,0.8120962539028423,1.3644278562025758,0.8049870630082536,1.188108511124925,0.4584383119502615,1.9132684936464133,1.3835824870648619,0.9968031213421226,0.6298290318295712,2.4848893491044413,0.5529074804904331,1.261837014916605,0.33333448850884007,1.8359399737753679,1.4439967285312663,1.4347458985682395,0.43964799091748097,0.822427792619307,1.8382582307503181,1.0312734628083027,0.6543239986163789,1.0481287290854862,1.016272849139476,0.5657948098316575,1.0712924384206444,0.8771459657602844,0.7134206243611914
Croatia,0.39837726334402324,1.669438298458709,0.3986211343572404,0.3880717912590942,0.735666543097008,0.7708277410779916,0.6584232851478946,0.4852094676866052,1.0818823194844174,0.39543286284751955,0.42429671540438696,0.5638206021847564,0.3408719578237876,0.9264437126552566,0.7857770415674776,1.0172697664234294,0.5984734461719847,1.332168252509237,0.584547569627894,1.7395720485269985,1.0,0.34451663004812383,0.450290410064592,1.327051668476484,0.810879703799454,1.0078675453563632,0.589280831944501,0.8840078822699126,0.7271537343699294,0.5049831151480646,0.4025078278175912,1.6398415576405119,0.31826821670807004,1.1311351754829315,1.0055668260709631,0.30768756855509904,1.0335583462785185,1.555932228363631,0.5402862102135312,1.1636817408699147,1.239198497064116,0.26852048991579014,0.7373728481422811,0.5913349520430488,1.195762847552983,1.2708775671978323,1.3247127857262422,0.7051870618173685,0.5041304027615235,0.8977556944666694,0.48655368379319774,0.511001688888087,0.5051586804783095,0.4046819187921772,0.3905141673894984,1.3373558252608952,0.4645581299193156,0.4007909467555137,0.4653930920343563,0.31185583279534324,0.7374049517525856,0.6345724359751846,1.4871622577368124,0.332736020045895,0.6351288516687856,0.7995737431785439,0.6952709627626963,2.441253574773701,0.577972883069284,0.8092337498862342,1.670493404456876,0.3802479005091607,0.22650332159543177,0.4288704988337132,0.9257833747041625,0.848031015395692,0.922519706162005,0.27844968854125857,1.1672742584385498,0.5331585335026329,0.3730275267619941,0.2427868406353722,1.7582447909092023,0.5123682710542463,0.4549167240280799,1.145271312227893,0.7583433725463495,0.4477172146108731,0.5657431741038111,0.6884736179531755,0.45007604762996745,0.5601349100642671,1.3084992098614479
Czech Republic,0.2794936458930018,1.7010296379151177,0.694860140219046,0.563358156964145,0.8707942558076823,0.4483917177701848,1.0697238084345733,0.6675144651359645,0.7970424669500232,0.5789217217326827,0.45772711655920667,0.33723293546641875,0.35587744636451657,0.9212761735246312,1.2896592225509371,0.9816150070614809,0.6477778313051495,1.0910621696577594,0.538613238562636,1.6727774193874003,0.34451663004812383,1.0,0.8196440761273538,1.808917487142336,0.7418852281904202,0.822514473036932,0.7030542451154248,0.9926331017522495,1.0011157201353458,0.9156376180967223,0.3906599745444937,1.6509802268076772,0.3734838062933122,0.7418351837381264,1.0311049244734005,0.3294160528906294,0.7821055700277619,1.6855957581782888,0.7292974476413733,1.6739312300995177,1.1789168941319879,0.39213559587921853,0.9547955505868054,0.38150389983604605,1.0454528168088433,1.4215447050394752,1.2445816047824672,0.483387624783982,0.5632842563520853,0.5980501716002897,0.2290377596784346,0.2606646831963584,0.6157380494891211,0.6430805872179122,0.28903319791090337,1.2896859326341144,0.7425167313947443,0.30235148718727684,0.717004795999471,0.24010760160311967,1.0676432607518147,0.3674810683898696,1.300545662896309,0.35391624762998436,0.97260838596538,0.8611684093478102,0.6556386415338928,2.4157071686379727,0.7210145928307194,0.4880277656003331,2.0657828185119413,0.2534818094360703,0.3626389040768071,0.548645674492162,1.4507339442107192,0.6369080382839736,0.7454148681026214,0.38738213633125296,1.1641552938807556,0.2992142204032632,0.30567103744461116,0.39448222985127696,2.1629995690112964,0.7762437753910307,0.37571434112384217,0.7968475752621067,0.7707999204635785,0.44634764712861585,0.7818660960199443,0.9524161329778236,0.5752460333016549,0.5378701195456247,0.9017097732481448
