Country Name,Albania,Angola,Australia,Azerbaijan,Bangladesh,Belarus,Belgium,Bolivia,Brazil,Bulgaria,Cambodia,Cameroon,Canada,Chile,China,Colombia,Costa Rica,Croatia,Czech Republic,Denmark,Ecuador,"Egypt, Arab Rep.",El Salvador,Estonia,Finland,France,Georgia,Germany,Ghana,Guatemala,Honduras,Hungary,India,Indonesia,Israel,Italy,Jamaica,Japan,Jordan,Kazakhstan,Kenya,"Korea, Rep.",Kyrgyz Republic,Latvia,Lithuania,Malaysia,Mexico,Mongolia,Morocco,Nepal,Netherlands,New Zealand,Nigeria,North Macedonia,Norway,Oman,Pakistan,Panama,Paraguay,Peru,Philippines,Poland,Portugal,Romania,Russian Federation,Saudi Arabia,Senegal,Slovak Republic,South Africa,Spain,Sri Lanka,Sweden,Switzerland,Tanzania,Thailand,Tunisia,Turkey,Ukraine,United Kingdom,United States,Uruguay
Albania,1.0,1.509273385957646,0.5618892073640692,0.7728336855581649,0.4196817183292172,0.8829546409211267,0.5502708645342242,0.6234414776633316,0.3718942496564314,0.3170905074520384,0.29847856798339295,0.7336764890603241,1.0232504534407818,0.6243763635886307,1.04850467136959,0.3832382536718196,1.472938433179877,0.3521137112677871,0.284364575605278,0.5917694490675253,0.6189177619883406,0.6910194482911449,0.6372462639966519,0.8494779926640382,0.8876444349888507,0.6991217573205761,0.3513330541422778,0.198934435582599,1.4195076478109974,0.7040186063719763,0.8819504587762041,0.1993689958153812,0.7856876755600734,1.5079582879751972,1.0735720303776157,0.3318777620341319,0.8794200086552972,0.3568043350987575,0.926628042362865,1.3278323702958228,1.0321290535088843,0.4974329698631659,0.5660893274766438,0.295902068851966,0.2903729764730107,1.473962162806273,0.30855979146927454,0.6741997174153415,0.2011398969739814,0.5021563334831782,0.1932284742088972,0.9340184632006475,1.1106302794069494,0.2876216789851409,0.8242207388916415,0.6817246930614845,0.5771204156287735,2.2261463804000146,0.5898725604970071,0.45735077076242525,1.876391917686289,0.3152877455458624,0.2918124392000132,0.4327063095379565,1.1645339453072778,0.5780156635612762,0.3418166843902827,0.39103745864562633,0.32684042824797876,0.41000130780799937,2.0792721380346926,0.5960352356343682,0.2960816191324551,0.7626062532407236,0.6199027223661928,0.2815985798110626,0.3142158773367722,0.7571861662870508,0.4730296218586625,0.39759673904362636,0.7985905696892834
Angola,1.509273385957646,1.0,0.8716916901754527,0.8103855217466506,1.1580690757454692,0.9261512724398933,1.0064183969950793,1.1558682903458561,0.9288677549092388,1.2698093241264488,1.2455343269530554,0.6954542633384629,0.8254942069294071,0.8418744446039987,0.7606322920923053,0.9067952354051969,0.46457589715340775,1.363371360859572,1.6148024241789347,0.8881644153930199,0.7485973751411132,1.3169033996623871,0.8749052185775931,0.7658091297759071,0.7566167280173648,0.8984880028592755,1.8253326544287083,1.3239866797633284,0.7568379536187165,0.7779424528334405,0.7354772170043355,1.2970836031512587,1.4411181159882056,0.446747622776303,0.5347244242275946,1.2564095497559977,0.8918438265257261,1.5253531532276876,0.7658084271512944,0.474933296820255,0.5875935946802688,1.1989802707023922,1.1734880103054226,1.720114268872757,1.547881703830482,0.56093331745537,1.8141952738506057,0.7560793643319992,1.500929132133475,0.8237713943030549,1.5288721338500377,0.6593647999520179,0.5774876563271478,1.5960711540438497,0.7236810937134882,0.6646541437327529,0.9354935026611212,1.7047596316184757,0.8935372271742956,1.361522381983286,0.5344512943236647,1.8893235633443606,1.3091382694412235,1.1039406583158171,0.6553157083608478,0.7895252865954643,1.025798142334687,2.029216748936196,1.3180861623975146,1.2686679897911535,0.6497528529862988,0.8548834619424039,1.5992325345712797,1.2464677553880124,0.772530977244776,1.1463066600339693,1.3030584600851347,0.8204043828980179,1.0075775232813675,0.9888177181863218,0.9211180728249403
Australia,0.5618892073640692,0.8716916901754527,1.0,0.47432729262330997,0.5467545327526971,0.3940781603897716,0.2169403465957257,0.7361209418805009,0.3271644353002895,0.4156807051522597,0.3600670194428054,0.5360874819544093,0.38631716997766086,0.3159420237803283,0.8712501853144874,0.2903769892607917,0.7978988183822141,0.3089953063311893,0.703674563911292,0.1387126649069991,0.5852307555022049,0.8235592687943644,0.21723733505117127,0.4450610092012466,0.293345763471359,0.2255709096630494,0.7567768157778343,0.40478052948926546,1.326070789544548,0.5667447152206526,0.41875093542906283,0.5169876421689088,0.7504858761555764,0.7312161607228418,0.5593294321508063,0.34128155811710503,0.44919053320282776,0.6543089271999503,0.7062667136843652,0.5770005863692497,0.5779647491476521,0.5651432041333377,0.7065381324270441,0.8122485433612362,0.6805559723792015,0.5930840509045359,0.6498729317625627,0.3115105019001059,0.5939342113306644,0.31899962030579443,0.5848991194914013,0.31585730296749115,0.8599894548625927,0.6076211781160914,0.21727640193479908,0.27540063118124486,0.45663911793821804,1.7730262266312007,0.24042558846562978,0.5319718079367096,1.1790082250042002,0.7188250837388812,0.35289091747420354,0.2220437873637091,0.3878687516804117,0.492684393937957,0.2256133694030208,0.9167816724523868,0.4861752656744958,0.34454264686425384,1.1325180925970142,0.15877466841364699,0.7316942342063958,0.9863481070352751,0.2955567062003164,0.33055735642032535,0.3887127585387823,0.2406849573369932,0.24221798781683582,0.3217530485547264,0.7508059508054076
Azerbaijan,0.7728336855581649,0.8103855217466506,0.47432729262330997,1.0,0.5024337813185,0.4439296349853764,0.4972618797828089,0.47650498613182835,0.45918105761546946,0.6609948758108535,0.531357316113535,0.4997453928993022,0.635756872838846,0.37996456595739647,0.3321896921402432,0.503589901798656,0.5386224885843369,0.659631922531228,0.8704339505637305,0.49914799204527993,0.4910344521534242,0.6150622186729294,0.43903155551595197,0.6393598090342647,0.41319972887024886,0.550584244995552,0.8247254518843756,0.5922777653802616,1.0838628010329683,0.45727577935518915,0.423840823181657,0.7726207105347809,0.5333113256986219,0.6451539217206735,0.3589264310991873,0.6463566013318419,0.3932140599184826,0.620624063244053,0.3394613238256891,0.45583649774533985,0.48419079507363116,0.39655120889207807,0.4629957291075427,0.8140389615616851,0.704611040767207,0.504521503217144,0.8851829993358045,0.41425140861888643,0.5350064997131679,0.5771407574301874,0.7680109824434689,0.5415286074161834,0.7836453869548897,0.6823762526138888,0.49834343788052743,0.4365924132163381,0.41928685603645416,1.197096308302946,0.4637563414690902,0.5713991656403407,0.690838179397192,0.9359976729276729,0.7260877873044934,0.5331623023705286,0.6502411930945331,0.44089286344177575,0.5232162844017503,1.0637109069419037,0.5507536778826572,0.6906608727505662,0.8220921869038819,0.48308533845657026,0.8329497327879599,0.5982408421343193,0.4659547347079702,0.4670744652005835,0.6959549668392084,0.4596642588342849,0.5359877183322848,0.5426874732399113,0.5278247032956015
Bangladesh,0.4196817183292172,1.1580690757454692,0.5467545327526971,0.5024337813185,1.0,0.7613559817009614,0.4656267327916221,0.4446488294286672,0.4036124714353013,0.47017437818098495,0.35558797709092843,0.6214157853283051,0.9409336893392712,0.4197123924764748,0.5518427844748711,0.33111188274282816,1.0311174258395075,0.6553639355538518,0.42329706265248856,0.5856939853901146,0.5278980367273071,0.6375678813743803,0.48193875713932877,0.7956793161267938,0.6681076239258491,0.7025268190565224,0.5546023801987641,0.3943931241077572,1.3753810921365663,0.40366513222899736,0.6874455156503178,0.44108149167316935,0.4685113057576823,1.1614725719250585,0.7347977247298142,0.5699206215478788,0.6469800070394659,0.34734902080489916,0.5935387230912665,0.9467364249399146,0.7576475968462272,0.27906590777038354,0.37759529889334653,0.4303828436452401,0.35501343916235145,1.0085247499845231,0.5750305028935827,0.662717243489878,0.35700828504889043,0.6170655668886778,0.4419632683181887,0.7191364743534843,0.9198663196937061,0.48358412528395306,0.6270320810439383,0.6091695192845987,0.37934483546806497,1.6214269715587533,0.4234135207801273,0.29728577703052433,1.757640780902877,0.640515918655779,0.601312086891466,0.5124664327738061,0.9681606561729152,0.49166357623680657,0.41928538185192943,0.634426415840493,0.41224651627545517,0.6435451697157626,1.6612439368538954,0.5268824715557534,0.575435349621894,0.5814697591003828,0.4710712862757871,0.3929678293856783,0.40313695284677276,0.6148992833804331,0.4924691704190909,0.3475034133668978,0.5530920955968246
Belarus,0.8829546409211267,0.9261512724398933,0.3940781603897716,0.4439296349853764,0.7613559817009614,1.0,0.47337955185413644,0.8419844003176535,0.4304267430392668,0.693786444490039,0.5379514674173274,0.5305406856258336,0.41192247181491415,0.5525508347827487,0.9208845819022923,0.5576703902417532,0.7637625964650878,0.5040364267479563,0.9712754895793596,0.38397988197647825,0.5348262097124864,1.0175844241454262,0.42442711974445724,0.40672481772941926,0.37030777596866027,0.33402814842303474,0.998888019806141,0.7145800672593741,1.0063897822649126,0.6438273985874952,0.4644152171974313,0.6142566387407586,0.9594072236603346,0.7231572988503766,0.5793344909072142,0.49465412765002864,0.542108236614478,0.8692349327482258,0.7295403743301344,0.5704735531622938,0.6913082640435588,0.6032054173993442,0.6945297475559434,0.9767050455400759,0.8908847996400293,0.501318898692306,0.8246398067907956,0.3208228166522795,0.6625290973995617,0.40406746099119484,0.7969641451824578,0.41071456834547304,0.8257422329045994,0.6491587718814249,0.3469587000812871,0.43700270907501915,0.6321037157542323,1.7866526358032926,0.4247330656155223,0.8210801276779036,1.0490613454389845,0.9812359346496802,0.5021141197294718,0.46296406923210887,0.3877192299025155,0.677317068635578,0.4805842580667228,1.2499614440880704,0.5119757414825596,0.4629934922749767,0.9665287717243471,0.39419508973662565,0.8768237777438059,1.11079000098349,0.46834715368943125,0.5826046232999789,0.6924482824579006,0.2892674645383728,0.4640568456657447,0.5049470312389474,0.9514380166400968
Belgium,0.5502708645342242,1.0064183969950793,0.2169403465957257,0.4972618797828089,0.4656267327916221,0.47337955185413644,1.0,0.7659207140515056,0.3689814182467347,0.30025167191363933,0.34636842389671657,0.4981321578939096,0.5481572262243897,0.3424028430821337,0.7885319392951071,0.2708203740200524,1.0294420212038438,0.319765357383217,0.6170059676033497,0.1807979357273757,0.636834637155728,0.8195061198479165,0.15679159171790572,0.4665386853429879,0.33101641283363176,0.2310566470892827,0.6581048528351678,0.2878906584204287,1.3802744069844888,0.578045267158388,0.4138261458431889,0.4480146419369748,0.7760001700817549,0.9527945539332863,0.5303355733309647,0.2200934542743339,0.4593924595794116,0.5300828726209684,0.6577820173478823,0.8060604627667003,0.5619114136356751,0.4938249163238229,0.6851113437750096,0.6835280492670358,0.5721259106018372,0.8737445035655411,0.5245965826567829,0.41910397360051876,0.4003749412604151,0.3494626307937493,0.48565902090113955,0.4190407373743226,0.9478320686087031,0.47551735020300406,0.3128758190839707,0.36388568207132216,0.4640018560953262,1.8367820444447418,0.21006430660306968,0.5310250600410786,1.5493166401931366,0.6494500334753651,0.30946715737917435,0.20398340947011082,0.6524552815854796,0.5155801626661595,0.1869802316140262,0.8772260847960388,0.38702457384607436,0.35200481267511124,1.437628310739668,0.2242779650563069,0.6778537282873996,0.9476362133903862,0.2530752818496431,0.2896905982716652,0.2694296890325688,0.29173036513707507,0.22580117049843984,0.24311431021118646,0.7705383187791846
Bolivia,0.6234414776633316,1.1558682903458561,0.7361209418805009,0.47650498613182835,0.4446488294286672,0.8419844003176535,0.7659207140515056,1.0,0.6155577238118892,0.7448569465429344,0.6089683168410966,0.7784346114254999,1.143900218234283,0.43554842811744765,0.552135592101756,0.5733686106574517,0.9674294477588077,0.8486993735068882,0.6649327601117299,0.7854453740089148,0.47860256616516256,0.6327556765214235,0.729290751362887,1.1066071312856296,0.8929846457206255,0.9328449993684775,0.669494065963734,0.6684817502538967,1.382304680231845,0.47197615275021876,0.7237838748649384,0.7146514396645797,0.33999533393553655,1.1372670288154905,0.7718760742196666,0.8499047108202016,0.6493263940843716,0.5483799380450273,0.5306116881507585,0.8593110108667575,0.7628774939008562,0.5774076594347709,0.4366976434367301,0.6841812778976863,0.6297343165970624,0.9774299198803442,0.7858063058843252,0.7860481350553874,0.7508099270835307,0.8941092873978702,0.7351735407321129,0.9243367219852624,0.8442612498470315,0.7709002778078327,0.8545826155248142,0.5784461555764457,0.429058066805574,1.2475523383129794,0.6529104859879086,0.3522042755211384,1.432910155506708,0.6138098488735355,0.8578770773495428,0.78929466000051,1.0818055501547819,0.47293622580758343,0.750193916393767,0.6206389336625713,0.7029628954343619,0.9631489436643508,1.4282907249000094,0.8294343580550393,0.8474902923501055,0.4139544103856917,0.6943780394972094,0.6279151987793243,0.688332349580714,0.8474276396188415,0.8222820074708083,0.7074821768047651,0.488686936206731
Brazil,0.3718942496564314,0.9288677549092388,0.3271644353002895,0.45918105761546946,0.4036124714353013,0.4304267430392668,0.3689814182467347,0.6155577238118892,1.0,0.31124909839970083,0.3618802789501224,0.6539292232842073,0.3718702497707937,0.32797958018392254,0.6343001809131725,0.3172917170952057,0.6761010724969462,0.354643362833136,0.5865618384577798,0.31259287545027364,0.4811733918791531,0.6029387610791405,0.36325941567737097,0.4738509956157979,0.3514615608635174,0.3306060080022243,0.5208913118497496,0.2923384752966084,1.0505564893257606,0.474602835226806,0.3903711580429974,0.4040571324073821,0.6566409416113947,0.6497047468516493,0.4651808423726502,0.3558814478059769,0.4967371473207517,0.5163878090723153,0.6106651129717204,0.6047593370286113,0.5213522703901534,0.41063010235862424,0.4098301767531355,0.6471361526894052,0.5506401575989999,0.4601464501400202,0.6003128865359851,0.4994817589168229,0.36535904692030047,0.35700734771609977,0.4506183683590787,0.449467872834117,0.8233703442605808,0.3360006631052778,0.3828404650006458,0.4031520586564568,0.3803148212704045,1.41551477036971,0.2913437303855018,0.47488749789705653,1.0785604548930543,0.6027454987736119,0.338753270609261,0.35120416378042146,0.4107504533963055,0.41102930866655385,0.35678932386754436,0.7059578763457309,0.41561074470989523,0.38377744353358756,0.934656190549517,0.3668137767617381,0.5855014589411257,0.6813350181696409,0.33553528534181437,0.33886876945977124,0.4009385087723923,0.39051729342089714,0.4357383623101484,0.39058254810313037,0.601149984828325
Bulgaria,0.3170905074520384,1.2698093241264488,0.4156807051522597,0.6609948758108535,0.47017437818098495,0.693786444490039,0.30025167191363933,0.7448569465429344,0.31124909839970083,1.0,0.3436673207544224,0.6154093010767012,0.8527453325018799,0.5022485583783755,0.9006872608647574,0.3364669079466722,1.2644442360286092,0.35481320666054006,0.4740839989703156,0.4580959665132929,0.5814226723988661,0.684928370860511,0.38992256747261744,0.6779792013992354,0.6379456266852934,0.5096494704625236,0.4912045562039412,0.21113339608314646,1.41167729397608,0.5750868280820334,0.5944633486989996,0.2977673166122121,0.8594292590242789,1.2209819094241843,0.821812034156654,0.2804727163976737,0.6869109992545489,0.45032328718903225,0.8181932789288897,1.1082826349394266,0.8029922984426369,0.46679570770433765,0.6315966457234545,0.5411077756043021,0.39532505672528306,1.0967497121601084,0.4149016536723408,0.5478156719761572,0.3159533060997477,0.37722797683832665,0.309153372014061,0.7108412574877601,1.0115627579194515,0.33291568419433615,0.6228250167869285,0.5450273642292294,0.519831666469224,1.9289122394376161,0.38082795692775495,0.4746797616344376,1.6328824674369975,0.5583162536137726,0.26246708796156626,0.30981463803698384,0.8980688167415141,0.5279831748986145,0.2483546150557884,0.7108543214406204,0.29253149083781876,0.3323454741481332,1.6183317770207077,0.4433714221748284,0.4613113507550841,0.8338722119202175,0.4307434434731777,0.27857586388906186,0.3332618364289792,0.4907340127381671,0.3493293340373216,0.27991920251516766,0.8480607375377921
Cambodia,0.29847856798339295,1.2455343269530554,0.3600670194428054,0.531357316113535,0.35558797709092843,0.5379514674173274,0.34636842389671657,0.6089683168410966,0.3618802789501224,0.3436673207544224,1.0,0.6308763894493586,0.704935374822524,0.4490390980670429,0.8199319315200643,0.35771034484972963,1.127937801296182,0.3756134664156395,0.42395845405220767,0.4162529620476528,0.5391525962701178,0.6651185879699089,0.398495077395537,0.6842296930119031,0.5302729778818855,0.48566777905159364,0.5232904590560086,0.29138351122876593,1.493170872879266,0.6801892056001669,0.6146028783700949,0.31111131514710155,0.6063411531927809,1.199505247991195,0.7967341425308017,0.31841007007329286,0.5131450028564892,0.45159897095310136,0.6228649746376466,0.9215082953397626,0.864290824147952,0.41976103056327124,0.6165334165912423,0.44805697550088247,0.3347785878203816,1.067866816689219,0.4173519370156055,0.5078585620135176,0.292708589862498,0.4207853157001884,0.3137744056168926,0.596864971426273,1.047886178748585,0.3695106027105204,0.5132080191801387,0.5711857765748279,0.39131409956780605,2.014983016315571,0.39606909000129603,0.4064576916464465,1.804109598639621,0.4600639151549404,0.3432878368094055,0.2791200675133203,0.7850230893630559,0.4992599872704573,0.2410294937707679,0.631054704456457,0.3273018957475955,0.424948019967497,1.7788984578178568,0.41393943554505086,0.4027889987131504,0.8298089465466582,0.44674656707303834,0.22695365355900815,0.34144190903623034,0.43391340213730845,0.3441904281200029,0.33168643109713,0.7780309519023417
Cameroon,0.7336764890603241,0.6954542633384629,0.5360874819544093,0.4997453928993022,0.6214157853283051,0.5305406856258336,0.4981321578939096,0.7784346114254999,0.6539292232842073,0.6154093010767012,0.6308763894493586,1.0,0.7163969336968885,0.4239119572971882,0.44724045949168834,0.5628840878426645,0.6098734213283934,0.7240713963788861,0.9258434613552158,0.49809294469167265,0.2756605006006524,0.8618430311494516,0.4217623483716309,0.5378255702043924,0.5440075423672365,0.5142049701668776,1.1223854805673033,0.5817170441129578,0.7642609962502296,0.510473858464269,0.42991432461853907,0.5888861325371801,0.98925673805763,0.661590974987265,0.3351055083246361,0.5821743713330472,0.4070308053515572,0.8538999094894884,0.3602019691393502,0.482141512525775,0.39067138475601304,0.5903685201115593,0.650943010785839,0.9136648174719981,0.7621838217037344,0.6789244239270554,0.9353254450082649,0.4788587769322811,0.6331494589386688,0.6367300298540501,0.7304647877870236,0.532177720110335,0.6345903347297641,0.8108898355469543,0.5448207515107258,0.40722725731597176,0.4323303930021255,1.5889564412237283,0.5926715848454017,0.7721181057043058,0.9571761323862032,1.1080967907566932,0.6257380349608617,0.5506125021058961,0.7078703632579182,0.378416132861069,0.5327973939772597,1.2430796163118258,0.5132915590859304,0.6051667188401249,0.8138152778723341,0.5164111674856489,0.740981334564063,0.8356865013841336,0.44985118052584994,0.5867465289121687,0.7517820877678856,0.527661738378874,0.4483654693236131,0.37149494448232623,0.5896711395696149
Canada,1.0232504534407818,0.8254942069294071,0.38631716997766086,0.635756872838846,0.9409336893392712,0.41192247181491415,0.5481572262243897,1.143900218234283,0.3718702497707937,0.8527453325018799,0.704935374822524,0.7163969336968885,1.0,0.612813401281561,0.7893951849961778,0.5962082530962675,0.6361711535439942,0.5445744402899021,1.162169110432644,0.38853097805258885,0.7898401990279457,1.0544496611166396,0.41935521195413084,0.3466936285951535,0.3282587008559352,0.25617206451124785,1.330194006040533,0.8884060858791911,0.8280549082495792,0.5761068236719824,0.5250623248625899,0.7731139036081904,1.198094213096378,0.5963554142916895,0.5885356427161876,0.6572505943605449,0.6475101188086709,1.2015175153144575,0.7612903359756376,0.6435818115589711,0.6700763247190438,0.9061262160240169,0.9416472733793968,1.3162637878432395,1.244138966222021,0.3689863272249444,0.9310787688540318,0.4545924298712243,0.9436876590999588,0.31227760071022426,0.9265875243376247,0.2190136070082202,0.7898242764170859,0.8245530840993405,0.278615400866216,0.5155291981795058,0.6023708916108176,1.5759139697100422,0.4323517313876213,0.9505046558708157,0.7015539723075995,1.262875634602419,0.6020669370598648,0.5576179397447486,0.23441645411407636,0.7917707618710002,0.5853770509750409,1.554558938810806,0.8282182512168839,0.5309103650307176,0.6130244745976335,0.3800153035231081,1.0040427492585522,1.2593078457872622,0.4848285395535496,0.7102930352620407,0.8346124086352587,0.3856114257532747,0.5294090454687227,0.5648254490056194,0.8573956224212683
Chile,0.6243763635886307,0.8418744446039987,0.3159420237803283,0.37996456595739647,0.4197123924764748,0.5525508347827487,0.3424028430821337,0.43554842811744765,0.32797958018392254,0.5022485583783755,0.4490390980670429,0.4239119572971882,0.612813401281561,1.0,0.43710891814255204,0.2847084072426489,0.6186342526034967,0.5595888171030692,0.7529239686331877,0.397789925233464,0.363569549692932,0.6404177011287902,0.26134620766973715,0.5304897793160721,0.4094036108669633,0.5153020200328959,0.8409661863845953,0.4440951903129909,1.2005320010951726,0.3324265113675293,0.31645875048294114,0.555200819733163,0.581223717601528,0.7374788857664186,0.41620564293118584,0.5190476641721327,0.3140470021220729,0.6119084247300899,0.3775145701150521,0.5184591044574918,0.47214525932171536,0.3436321117792417,0.4930347140106929,0.7320870316114096,0.5758910722065025,0.5018190840267727,0.7502310813787292,0.5132316978727749,0.5671420984483238,0.4862504938933501,0.5948675239617356,0.3998456775023343,0.7604223811254885,0.7129788319132027,0.39442365745519525,0.25533384024026984,0.21613308005736423,1.5289375174405075,0.24360657954795478,0.45023967230070716,1.1074567763843082,0.9295973388039682,0.5714507423689155,0.45414211355962264,0.5413768818080994,0.19891462746039984,0.34369020196971334,1.0562060451347202,0.5150228391160215,0.593002178406199,1.135927599675326,0.3352837910495222,0.7643672379716073,0.6035660472713649,0.2684367702604282,0.3078104987249614,0.4943118201223139,0.4786064627600981,0.4131774005198894,0.3570232802908512,0.47660417537158495
China,1.04850467136959,0.7606322920923053,0.8712501853144874,0.3321896921402432,0.5518427844748711,0.9208845819022923,0.7885319392951071,0.552135592101756,0.6343001809131725,0.9006872608647574,0.8199319315200643,0.44724045949168834,0.7893951849961778,0.43710891814255204,1.0,0.6884846526270721,0.47632188759863614,1.2195168159521683,1.030571053109771,0.820222779588555,0.5010415854937886,0.6865565914946857,0.6462530498804636,0.8352791658620569,0.7255236575675097,0.920282210208103,1.3195287305766545,0.8720256940444904,1.039815811259622,0.383161877611002,0.5979514099529382,1.0097708579444977,0.700629560061322,0.6857948395040592,0.39632605855173053,1.074291516529137,0.4973188171493641,0.9384014154394567,0.24051181817326947,0.5330750964509376,0.3968981331959183,0.5627364941873054,0.5693659509183493,1.0190079425103151,0.8676683809333928,0.6641223983731313,1.2495575009651414,0.7958949040962866,0.93239562184563,0.9119274639047029,1.057549614792519,0.721578883797455,0.7577061406092045,1.1529866650183587,0.7668202878296397,0.6584710011432124,0.4907646478868127,1.0428274722833049,0.6330044152065011,0.7842634156045615,0.6685219815795401,1.3114478144559607,1.0868710662601997,0.9110818363667161,0.7744655065315812,0.416769024404764,0.7555599830492085,1.3773146872893505,0.8278967734530249,1.0966826182089338,0.7518771298304562,0.7221614090636266,0.8689869269373712,0.5150308919030046,0.595465866686692,0.6106749486577073,0.9696749079867654,0.79797642788629,0.8541717775183384,0.7333567178128721,0.41212121232291576
Colombia,0.3832382536718196,0.9067952354051969,0.2903769892607917,0.503589901798656,0.33111188274282816,0.5576703902417532,0.2708203740200524,0.5733686106574517,0.3172917170952057,0.3364669079466722,0.35771034484972963,0.5628840878426645,0.5962082530962675,0.2847084072426489,0.6884846526270721,1.0,0.8767760821342816,0.46295721277806573,0.6093624958223804,0.3078822404655609,0.4051366522254004,0.7072860022881633,0.24912838885597646,0.46170637526612235,0.432808605221343,0.44800767650104933,0.6436748022018728,0.2870461555191273,1.2834812415857082,0.4535275835826451,0.4237029330741642,0.38401443369659705,0.702474307982078,0.8052939322086596,0.5425330438056011,0.37696403404940376,0.4829678692511496,0.598001917996531,0.6019257598783863,0.7680393167528211,0.5192634781813417,0.3602662932498248,0.48244689926746637,0.5534554137341987,0.4945266504163233,0.710797705717036,0.5692090099676145,0.47819368422876535,0.4196009998678513,0.4436845541911743,0.44029822803640456,0.4475126995806623,0.8242833424092693,0.5317080686282948,0.36685997133224413,0.3479276708765172,0.3270001140369956,1.8119693842719264,0.19764601956791497,0.3674340059751478,1.485939377868287,0.7018403082379481,0.403994113286866,0.2716148164934849,0.6084368965923247,0.37417791819045,0.26250019642842415,0.8611898756075698,0.39415238079754755,0.4847775579346748,1.3593553741331768,0.2557681476102551,0.5422556010854722,0.691761163123687,0.23541549528026712,0.2361710541817734,0.3464888413217786,0.3527599344734038,0.3440696520812794,0.24538862056681238,0.6149538605689195
Costa Rica,1.472938433179877,0.46457589715340775,0.7978988183822141,0.5386224885843369,1.0311174258395075,0.7637625964650878,1.0294420212038438,0.9674294477588077,0.6761010724969462,1.2644442360286092,1.127937801296182,0.6098734213283934,0.6361711535439942,0.6186342526034967,0.47632188759863614,0.8767760821342816,1.0,1.3941195614636481,1.5803134057121477,0.8770903663254574,0.6082157882581788,1.0928642858001787,0.7511637212822871,0.6654266134189947,0.5886059084087996,0.8380917841427657,1.7526847643680183,1.2847209900446865,0.5620927651145499,0.5343961723547717,0.5195404232152823,1.3424423816251874,1.1929776957423308,0.38919661288376833,0.32720542131523045,1.2567194317705952,0.7017094801287499,1.3522487478838028,0.5016194645963815,0.19227646336746204,0.36283621756058293,0.9630917418992775,0.914887478475207,1.6450200007873441,1.471184134860129,0.3564936123012944,1.816500774177141,0.6352333900271474,1.491666307295068,0.7277546390324179,1.506434167642562,0.5412055879184545,0.5750470432172821,1.6269123534053724,0.5726817023652051,0.5114601764124536,0.7756306272348544,1.3670996229463381,0.7415916870765651,1.1763038825231822,0.4500920654736465,1.8034217250019031,1.3192881831406837,1.1423192566534708,0.5646761098921695,0.6688013379765486,0.9931340017751384,1.9309628602396016,1.2698233721643648,1.3032394146919901,0.41951740243124014,0.7321394950932115,1.6050490302368132,1.0165295130282639,0.7088448814362089,0.990613367604708,1.2988657262375425,0.7537135267875008,1.01484465620995,0.9491324679469217,0.6846231639184066
Croatia,0.3521137112677871,1.363371360859572,0.3089953063311893,0.659631922531228,0.6553639355538518,0.5040364267479563,0.319765357383217,0.8486993735068882,0.354643362833136,0.35481320666054006,0.3756134664156395,0.7240713963788861,0.5445744402899021,0.5595888171030692,1.2195168159521683,0.46295721277806573,1.3941195614636481,1.0,0.3128136235116324,0.3287171015888704,0.6664532210070323,0.7983453543021654,0.40298621961399916,0.729546383238893,0.4662013363444657,0.32777229200521263,0.5215502314892833,0.3193997991785016,1.42598562903085,0.9582145555168048,0.6548149439449431,0.2614882314578528,0.9163367016362711,1.119248371094486,0.9430740126628273,0.23431093769843295,0.5674061951186493,0.5661208963800252,0.9981827112443336,1.031770817529102,0.9445947428877272,0.7003003666627332,0.8502165942380764,0.5070570229317122,0.4692732656386073,0.9656245538155499,0.41029280919813393,0.40972887142908576,0.3731010276396165,0.3434188916747075,0.29909128365665083,0.5755089484658666,1.210063719459729,0.347387689760163,0.4831492699114214,0.58584605083174,0.6057728684747423,2.072602460269609,0.43926231663624016,0.6673849960872296,1.455625138505355,0.4215314069218755,0.17560368827440737,0.29847279013665134,0.690537573757491,0.7288069684920822,0.25230372216501,0.5514459475480884,0.34866731470816104,0.2309756673156743,1.4854262835791376,0.3409319867030709,0.4728727448170891,1.0864868710090436,0.5223964017058269,0.3263530264047927,0.305333825302337,0.47105120892662544,0.37496166156850763,0.44163204173917686,1.0662791705047197
Czech Republic,0.284364575605278,1.6148024241789347,0.703674563911292,0.8704339505637305,0.42329706265248856,0.9712754895793596,0.6170059676033497,0.6649327601117299,0.5865618384577798,0.4740839989703156,0.42395845405220767,0.9258434613552158,1.162169110432644,0.7529239686331877,1.030571053109771,0.6093624958223804,1.5803134057121477,0.3128136235116324,1.0,0.7922329639296339,0.7443630938546842,0.7046987602870581,0.8142366338023593,1.0038209571870924,0.9808050645875959,0.8529159421866683,0.3856432303017012,0.3641676438776633,1.5140039852314948,0.9032824681792696,1.0962586795633769,0.3475182553883015,0.6967557513158307,1.6788528707607304,1.1307049745501008,0.3969068812099508,0.9281466112561926,0.4109778567347091,0.9938211030648816,1.428850583595974,1.2038393504582172,0.4920215053773546,0.6111603254834119,0.24657087389841,0.29951963702050804,1.5792475170510176,0.2515743983098081,0.7121879772760575,0.30350470298424925,0.6243519778625883,0.22757489918246254,1.0148239205732363,1.2840245857311983,0.277585492089384,0.9399778517716373,0.8522677498071294,0.759254170729563,2.258313629744779,0.728938182301538,0.544778960213842,1.8899819173360821,0.24875142258674982,0.35770626918382575,0.4684752355495412,1.3089868838528365,0.7525204694007173,0.43587305051045044,0.3117127569850519,0.3543342448235457,0.4067749214984701,1.9426934965575933,0.7428052295705582,0.41519213620609546,0.7453901350464516,0.8118991126148423,0.42086441967774396,0.3050604955013288,0.896561813443071,0.6594553119391244,0.6195740560581495,0.9501778865356101
Denmark,0.5917694490675253,0.8881644153930199,0.1387126649069991,0.49914799204527993,0.5856939853901146,0.38397988197647825,0.1807979357273757,0.7854453740089148,0.31259287545027364,0.4580959665132929,0.4162529620476528,0.49809294469167265,0.38853097805258885,0.397789925233464,0.820222779588555,0.3078822404655609,0.8770903663254574,0.3287171015888704,0.7922329639296339,1.0,0.6776565295665758,0.8736304699639681,0.17955784800223357,0.42723722077069237,0.2598414216750893,0.17227208341534722,0.7604432907693701,0.4640147107235984,1.2845126802889109,0.614767462882311,0.3866578177964132,0.5284911163514607,0.8372831922742245,0.802333821669973,0.5299680006043512,0.3767017339464355,0.46652017452767186,0.6907022364547786,0.6326417740863065,0.6445131838079508,0.5052202461509159,0.6139494426442158,0.7393717534481267,0.8432732827249625,0.7254572983607452,0.7415072043485522,0.7102601839532103,0.31120221707828966,0.6210016181403628,0.326783375189455,0.6426731404913661,0.35401141418622006,0.9055581859873569,0.6169522675312749,0.22638124018510544,0.32907014945264956,0.5224733101290499,1.69125948315482,0.25276668110538747,0.5668910936646829,1.3802775340169404,0.7496273043300627,0.41605124014892075,0.3302412878041665,0.4810409376405246,0.5976011178063175,0.2562975897573223,1.001302849904204,0.5219005799414688,0.3751666082474594,1.25248165895795,0.1733855891049441,0.8305713990406045,1.0927333575300673,0.2679858391891026,0.3713640183619756,0.4005340318333863,0.2359367573506547,0.25083077366928413,0.30614892658730897,0.7464763838418956
Ecuador,0.6189177619883406,0.7485973751411132,0.5852307555022049,0.4910344521534242,0.5278980367273071,0.5348262097124864,0.636834637155728,0.47860256616516256,0.4811733918791531,0.5814226723988661,0.5391525962701178,0.2756605006006524,0.7898401990279457,0.363569549692932,0.5010415854937886,0.4051366522254004,0.6082157882581788,0.6664532210070323,0.7443630938546842,0.6776565295665758,1.0,0.8338597865538662,0.48678486303606205,0.5899763899407711,0.533022351506274,0.6492544733826702,0.9559148539038385,0.546519801968042,0.745656744882188,0.40452878283660626,0.4871360075462387,0.5661187788386862,0.748983423862834,0.6430606804549798,0.5078377150362878,0.6185592525314616,0.4823616157092774,0.7392226951785505,0.49875528875342323,0.553715383583932,0.5103455737799737,0.47525254852059384,0.46742083961618236,0.8080870067573216,0.6765946635446779,0.6526678275280633,0.8727973179787605,0.5444695467504376,0.5979340667306773,0.5476754338115155,0.6685524050046886,0.6152877059849167,0.5602531818254244,0.7479410426479279,0.5955369641568268,0.3900996883723361,0.270114033977316,1.5277219352216445,0.518145855034878,0.5925935113484782,0.9957024269251642,0.9723039975600261,0.6053430691900543,0.6165217580793949,0.7591920773763313,0.2622588738580723,0.525040656511321,1.0675281401436454,0.5809053201374931,0.6210274884556325,0.921644909616997,0.563309235121098,0.7187312325460334,0.6320087291831025,0.4369147859141047,0.5070241525080853,0.7091986905516745,0.6223387487867807,0.557359507137797,0.43630832065069514,0.6054774032262791
"Egypt, Arab Rep.",0.6910194482911449,1.3169033996623871,0.8235592687943644,0.6150622186729294,0.6375678813743803,1.0175844241454262,0.8195061198479165,0.6327556765214235,0.6029387610791405,0.684928370860511,0.6651185879699089,0.8618430311494516,1.0544496611166396,0.6404177011287902,0.6865565914946857,0.7072860022881633,1.0928642858001787,0.7983453543021654,0.7046987602870581,0.8736304699639681,0.8338597865538662,1.0,0.7726409756532173,1.1025299536787876,0.9458626877164751,0.9423321932013448,0.47693140254354677,0.6883091046017659,1.6729630484629723,0.6222158611940276,0.8552085417063104,0.8107460353194749,0.6151067456485604,1.2355020155762333,0.8194695279549187,0.8446079074325354,0.7618119925084313,0.5318956762421336,0.7281505945108768,1.033939313903173,0.8388377696382411,0.6689376414452142,0.5785889270118517,0.6484369032987268,0.5614286930058352,1.0530115844763444,0.7790948125905612,0.8681588170252432,0.670271281091822,0.9173411511370964,0.72217260063198,1.0166606892682142,1.0631266348988542,0.6976271432024117,0.9576213045372615,0.7846339173440211,0.6291013577083511,0.9582200834897044,0.6837194726172309,0.5089141665279933,1.1989851843573738,0.6383719289776344,0.8848126321037616,0.6660138387640611,1.1019506861687305,0.6079630305437456,0.7071654751503443,0.5266527835079234,0.754223837187271,0.8336464384759412,1.2902668561737625,0.8350744221564297,0.7304935625436872,0.5539869291156622,0.7594662119799476,0.5983486890937213,0.6077458780680749,0.9792027851428159,0.8027647589308691,0.8349779853014141,0.440167960222343
El Salvador,0.6372462639966519,0.8749052185775931,0.21723733505117127,0.43903155551595197,0.48193875713932877,0.42442711974445724,0.15679159171790572,0.729290751362887,0.36325941567737097,0.38992256747261744,0.398495077395537,0.4217623483716309,0.41935521195413084,0.26134620766973715,0.6462530498804636,0.24912838885597646,0.7511637212822871,0.40298621961399916,0.8142366338023593,0.17955784800223357,0.48678486303606205,0.7726409756532173,1.0,0.36540094620034025,0.220728592505505,0.2557653717841205,0.7874424209594499,0.404633276532938,1.26123864131519,0.4861918221258591,0.2737486402142561,0.5032402831985074,0.759739114025024,0.7755817121536028,0.4065790112227548,0.34206720314282185,0.3204406611784672,0.6019890373281419,0.4668762579308636,0.5968754259019613,0.4543685693741687,0.4776662217777779,0.6294229285170095,0.7462592368503784,0.6398780634287022,0.6254848014906523,0.6749542113829214,0.3935722445286796,0.5115718756333387,0.4135675664516228,0.5868866538915232,0.2848279726366542,0.7931006413528834,0.6328645188152634,0.21758454801024038,0.26739179818787184,0.34395650864032434,1.7618925142271336,0.177970477844213,0.5234132188357017,1.283756185488124,0.8107141998245571,0.38462492137089016,0.29862982251413955,0.5254424653894649,0.41823575795695656,0.19568529611835941,1.0743677823100244,0.43914167038804397,0.4367541135350203,1.213082993401049,0.16015616900800184,0.7989120311116394,0.8938887088036813,0.15149144040624127,0.2764062540383485,0.3626362792818391,0.2665899905835445,0.24309998484867615,0.24566974715439782,0.6626521924519386
Estonia,0.8494779926640382,0.7658091297759071,0.4450610092012466,0.6393598090342647,0.7956793161267938,0.40672481772941926,0.4665386853429879,1.1066071312856296,0.4738509956157979,0.6779792013992354,0.6842296930119031,0.5378255702043924,0.3466936285951535,0.5304897793160721,0.8352791658620569,0.46170637526612235,0.6654266134189947,0.729546383238893,1.0038209571870924,0.42723722077069237,0.5899763899407711,1.1025299536787876,0.36540094620034025,1.0,0.38523800076027315,0.3646474555663902,1.2454396235169358,0.691472773823224,0.8466448486827988,0.578787219639804,0.4780828984237766,0.6220408791310573,1.2113173835481645,0.6341238508465423,0.565119118532339,0.5954431958491415,0.5813354028048743,1.043970396587936,0.7594979280999594,0.6271057043594361,0.5560491149696578,0.6120645485188198,0.6291182179141244,1.029492434468478,0.9767907033308162,0.4216804834206548,1.0031755751298852,0.43701226404558513,0.7965368502385108,0.4687620747525083,0.8248662871502181,0.2501971031330624,0.7390686749935792,0.8073959870603478,0.31659498746031944,0.44839698775997183,0.6136590229488676,1.639122641901849,0.44676885238619723,0.9292503461555224,0.7665859542300048,1.2766885609139504,0.6239457931732509,0.4804046952295383,0.32637805336347797,0.6500548156833987,0.4760343261083415,1.435569868685455,0.7228357101609795,0.6013782975482193,0.760634175529776,0.3738019523251526,0.8873382855076957,1.2670273639672536,0.3842846141722084,0.5992997223325313,0.646276757634673,0.37202552088645685,0.46428150895373765,0.4307600656117647,0.8850649764453041
Finland,0.8876444349888507,0.7566167280173648,0.293345763471359,0.41319972887024886,0.6681076239258491,0.37030777596866027,0.33101641283363176,0.8929846457206255,0.3514615608635174,0.6379456266852934,0.5302729778818855,0.5440075423672365,0.3282587008559352,0.4094036108669633,0.7255236575675097,0.432808605221343,0.5886059084087996,0.4662013363444657,0.9808050645875959,0.2598414216750893,0.533022351506274,0.9458626877164751,0.220728592505505,0.38523800076027315,1.0,0.24972047715448056,1.0731934996851784,0.7328427231908403,0.9307462444522387,0.5005113670724615,0.20517413811184648,0.6746105975842649,0.9257546749590597,0.524915676204106,0.3481065042054698,0.5409665276204494,0.4073677773715671,0.8218978036524487,0.5648522411999395,0.423821426833891,0.5121353416782929,0.5990231251441334,0.6774334183074515,1.0180587977011106,0.8631894092586989,0.41725137064088824,0.9463573753837062,0.35221875197598695,0.7524163568278488,0.39036335899372093,0.8381790695215452,0.23894022998922174,0.7454050318629206,0.7197564785182686,0.17465970084864496,0.31694262843198195,0.4837123467447435,1.672853949451563,0.30516133154575087,0.720712893339827,0.9721231113355778,1.0394784461837425,0.5467804978958384,0.45734025875683393,0.2756124626698253,0.5803515966934933,0.34857388864761224,1.308248552748681,0.6395148530933289,0.5437363974466489,0.8434362610511619,0.2397539285756153,0.9498536975620107,1.1036777246611282,0.31274997044621744,0.5063807362661106,0.596935328062367,0.30551807276924736,0.3384436634686203,0.3784947793875281,0.781512541368912
