Country Name,Albania,Angola,Australia,Austria,Azerbaijan,Bangladesh,Belarus,Belgium,Bolivia,Brazil,Bulgaria,Burkina Faso,Cambodia,Cameroon,Canada,Chad,Chile,China,Colombia,Costa Rica,Croatia,Czech Republic,Denmark,Dominican Republic,Ecuador,"Egypt, Arab Rep.",El Salvador,Estonia,Finland,France,Germany,Ghana,Greece,Guatemala,Honduras,Hungary,India,Indonesia,"Iran, Islamic Rep.",Ireland,Israel,Italy,Jamaica,Japan,Jordan,Kazakhstan,Kenya,"Korea, Rep.",Kuwait,Kyrgyz Republic,Latvia,Lithuania,Madagascar,Mali,Mexico,Moldova,Mongolia,Morocco,Nepal,Netherlands,New Zealand,Nicaragua,Nigeria,North Macedonia,Norway,Oman,Pakistan,Panama,Paraguay,Peru,Philippines,Poland,Portugal,Romania,Russian Federation,Rwanda,Saudi Arabia,Senegal,Singapore,Slovak Republic,South Africa,Spain,Sri Lanka,Sweden,Switzerland,Tanzania,Thailand,Tunisia,Uganda,Ukraine,United Kingdom,United States,Uruguay
Albania,1.0,1.2444369093908112,0.468655953904977,0.3501276037886989,0.8585602813550399,0.45002783847953176,0.6025197444756427,0.38993985403659404,0.6503774006148826,0.605924091401029,0.33196292933202515,0.4034242935449606,0.37022556633710646,0.7043244731332575,0.7133716955930781,0.8296717557410481,0.58716870570723,1.0319649696967526,0.40579030954567835,1.1244166070978807,0.39322056781270215,0.21962138531187148,0.44565276302326434,1.0190871125475067,0.6652291753639767,0.7650478700766745,0.465619194281632,0.6577014679731168,0.6216584312816056,0.47697902971189154,0.21720303579854316,1.203381142550468,0.34331489025569595,0.787812609780122,0.7393056863298497,0.16314484648389746,0.6131661521266808,1.1073727506752362,0.7609379391142258,1.0001758056229233,0.9500403322467182,0.2424148994660456,0.7172766366360268,0.3188424800576669,0.9297495002016077,0.9759580314531192,0.9936905945014544,0.42152277380688524,0.36339909012513655,0.5473882868170085,0.29181814456280425,0.22837180859060918,0.5565714556254954,0.41750673234203,0.2933765930280061,0.9171643260163279,0.544130259182533,0.18119884599995445,0.6054037940454687,0.1494606403432854,0.6499988033257679,0.358736258058457,1.0874728644792646,0.2798331427969703,0.5916447738465568,0.6316985829672851,0.6218943090346974,1.255961705252751,0.5750730955376839,0.4475892814056766,1.3520122022411054,0.2992095866447288,0.22945423099461587,0.41265786685194106,0.8085952603800115,0.5931998410693673,0.7136951158605782,0.3288570202114044,0.9230077353495613,0.3302029548110113,0.21905612036256236,0.2903185782132583,1.2344196966312073,0.504136417274258,0.30451921930072795,0.7561528163382594,0.5566736875167143,0.32303022606276843,0.7631964559199944,0.5591028134233657,0.3281864527008206,0.37694693220220893,0.8987463107420358
Angola,1.2444369093908112,1.0,0.8705124123727419,0.9794696786360012,0.8499546293350244,1.1005242730436022,0.8253887364619388,0.9319308875160445,1.149656153175988,0.9848745500917019,1.103328012833793,1.5383689887084362,1.1601848471851148,0.7591233676916633,0.7340249430976326,1.0363430500405952,0.8253384773425158,0.8061761183994494,0.9569691769490626,0.4880747156398168,1.1640691294678733,1.3648313334607136,0.8868623320498195,0.5833324153294561,0.8100331284645402,1.1761533359091993,0.8528042017221212,0.7837972694591073,0.7463599679842878,0.849174703020423,1.1188170436049,0.577803693212,1.31635369266203,0.8168285785573332,0.7289165058216706,1.1818311689433392,1.2530732711882995,0.38371797307738337,0.982197429101822,0.5776596538169063,0.6407489189057809,1.091502895494927,0.7926828863941039,1.2788590678564669,0.7647955417700328,0.4945754264465697,0.6245832602676028,1.0502627584682371,0.9519591337663811,1.0498995287134738,1.3772777641011165,1.2989252067890458,1.1135173346050928,0.9595992034778559,1.3804566496682507,0.6423985665680784,0.8108201805162031,1.1900400318865465,0.853907557904204,1.2482488153059366,0.6504718174775033,1.3978158902368694,0.4343518254921105,1.3002189752753395,0.7213358929279612,0.7134696538191397,0.8568004073609454,1.4952324750486825,0.8347523216195557,1.1372618914463888,0.7547307041390543,1.4400667873219013,1.1229260351760302,1.0400610527810978,0.607010412213209,1.7327072561620762,0.8119320759018458,1.0095254995718808,0.6114939545142755,1.517800214581758,1.1583761109957642,1.1222230426843094,0.540805480656029,0.8214237031436955,1.310914170443659,1.249641538328359,0.815819581639049,1.0011544585966432,0.83300769569678,0.8686066957546502,0.9796479543584282,0.9638381807632167,0.9254053489537961
Australia,0.468655953904977,0.8705124123727419,1.0,0.2237236346364703,0.5124912867632244,0.5410896328969268,0.3446744315002465,0.21904185897854456,0.7164021094850407,0.38673724110053426,0.4008698603273212,0.8046566599629571,0.40136062977609044,0.5312780819095103,0.39639656223105574,0.6210276705472287,0.31861971706971837,0.7166101551528201,0.2968632825751917,0.7247476055426529,0.40185511710952687,0.5964577729083147,0.19095299126461213,0.6675236601773386,0.49610239480134377,0.6951711684363906,0.23823567442336735,0.4316929165724703,0.2853769745768566,0.23418003717231523,0.3520992298796248,0.8918371142861251,0.5993693826456374,0.48898478734532747,0.4324275912316355,0.4418366836074074,0.7670023649090991,0.7465176706967129,0.5003673210441574,0.6843692427318633,0.6118709791736792,0.31869603896092763,0.46228748353256116,0.5685195808414168,0.6385889670590345,0.577536655838613,0.6710059914924963,0.4953075484285871,0.3115991685085147,0.5699485294727638,0.6365826286799527,0.5709002147989035,0.5523418910091807,0.24951524240457182,0.5955926555958588,0.5433912438160136,0.24018073567116338,0.44402267093218145,0.33338005294103135,0.4919324493807818,0.3284572591512122,0.699009060947583,0.7504163519753994,0.542841726905452,0.23400091356254343,0.3590970572701667,0.3651975566271996,1.2632179291588974,0.23587842071824774,0.4980848115713808,0.958924802426823,0.6463359303457099,0.3703578306672632,0.34645461516458853,0.4193868851608048,1.0234240715983036,0.5101670807119856,0.2661421156732033,0.558244575881346,0.761546592770347,0.4364389694063643,0.3931625413739431,0.8408765346792353,0.16378986002016246,0.6082186884596547,0.8328753920759855,0.3306938714799652,0.27672864939152303,0.5122421403542986,0.3411134811835695,0.26516963293451784,0.34769099645121754,0.6897379794434134
Austria,0.3501276037886989,0.9794696786360012,0.2237236346364703,1.0,0.5518743957878127,0.42646825006253297,0.35732975598985806,0.08371213923993961,0.6110984622734956,0.37147712321065307,0.20420407946721514,0.6691259537388452,0.30119925060305186,0.5129364902504125,0.44148193437590927,0.6292052219130803,0.31766329434946816,0.7276200076623232,0.17774846967929858,0.8028822004494788,0.33158882764065095,0.43864922632394443,0.14481783248348293,0.7216105417043458,0.4757153207018196,0.6570983597759937,0.16654908109598235,0.4280965949330457,0.3056206439752778,0.20669017894508454,0.2000590026111527,0.9545275126365278,0.5104645445153713,0.49842412120659124,0.4120395702476863,0.31516936063084555,0.6567649106462512,0.8099844895900596,0.5551525106162702,0.7696998648759218,0.6339947217246716,0.19437072618732903,0.4739480248137009,0.41467773391222634,0.6304750750892826,0.6559930212544317,0.6933976633750124,0.4243712916908397,0.19123659413363062,0.5103112822291965,0.4825090909245586,0.40616391067017893,0.46169875652156406,0.23152953013656022,0.4968882449878344,0.5904472060311877,0.3215054120740703,0.3208190493949243,0.40305126976140093,0.3503470940695677,0.3890511866355425,0.5636245719117778,0.8113962840647235,0.449589137815539,0.28763873492375175,0.3728833772217279,0.36589188469990724,1.222886312765052,0.2536251936834973,0.41524844172105574,1.0435533538685302,0.5181293936488828,0.24232212711945705,0.21784837779647415,0.5105717542661388,0.9060953095515604,0.475188566555619,0.15051986235443277,0.6025029368362125,0.6315020084178106,0.30735823512550436,0.2628883012709954,0.9206191795731372,0.20389012195473688,0.4587272926928011,0.7501149848959766,0.27266985713297615,0.2097036475045238,0.5246406636793309,0.3128878313538629,0.2015925850605234,0.21232631642014962,0.664379715761857
Azerbaijan,0.8585602813550399,0.8499546293350244,0.5124912867632244,0.5518743957878127,1.0,0.7769643847370655,0.5652616368254468,0.5420107892768832,0.8613607358791001,0.5287526027977005,0.6439605087029091,1.1397045305353033,0.6737819633365102,0.7204119843761224,0.5970144368545153,0.6937820487374557,0.4478245440139918,0.4291439281825258,0.5642990887504086,0.5395606183755476,0.6990753013876342,0.9163899352390297,0.5237189277012649,0.6740038365869722,0.641553151638085,0.6287669973815383,0.5170506485159275,0.6925194971449791,0.43365444463184327,0.5742250330556478,0.6832769127919112,0.9433975301491446,0.9373935051078072,0.44702316635138784,0.4029186044633429,0.8267324504218289,0.9536390260721234,0.6950574447380046,0.5495819902331092,0.8590862647149661,0.4736475299756944,0.693972539976055,0.4657306014290897,0.8098759742623499,0.4205933123110982,0.4185186222480341,0.5706483055225148,0.8078906247508258,0.6405817156214257,0.7987225785733337,0.945213348862004,0.8845090109900032,0.6557133031319237,0.6320489712793574,0.9299429915900471,0.39459559777351894,0.5421772422866424,0.7875859901316768,0.5705980769290233,0.843008421264402,0.5943856617765199,0.9829276146792195,0.6615035430698433,0.8777349746578378,0.47262486358768413,0.5429740868796682,0.4360504235745129,1.2403800104619678,0.39231278394418506,0.6865140836844053,0.7926721661651138,0.9274641990621195,0.7405206552238222,0.6417933711596773,0.538795782338753,1.342774541466653,0.5305926419500254,0.5929136144956918,0.4054107466980236,1.0770753440718641,0.8086894679142923,0.7533266353905679,0.7027145168937028,0.4550373136579852,0.9223505308793201,0.9770168703373528,0.5096620969266699,0.6125920108128291,0.504565704942277,0.6138984578078799,0.669381132285303,0.6445500122731331,0.5661994077895859
Bangladesh,0.45002783847953176,1.1005242730436022,0.5410896328969268,0.42646825006253297,0.7769643847370655,1.0,0.6115031116884394,0.40199939091198056,0.27832918964437964,0.7523749248734808,0.39970155386538153,0.7443962786735956,0.5687797481759724,0.4639577718079892,0.7669968771699326,0.7825920476306011,0.4382984566671921,0.7958873091598663,0.34722047255858596,0.9601724728344035,0.6944203272918529,0.5582861228168706,0.5064196004900214,0.9564255718158826,0.3850191393353186,0.5720346224365755,0.40467013622871445,0.6361892757175323,0.562470859064875,0.539456952869218,0.34640701700955157,1.1212664374453043,0.7148551082092306,0.6036663299666707,0.5892242141796407,0.44207950600269985,0.30874022204202045,0.9848042385349137,0.8788084543555922,1.0048674991041728,0.7331902755382573,0.48743090626719027,0.5545761565434975,0.39169784835608407,0.6919483102320253,0.828492931852076,0.7661551723100326,0.23999267255032175,0.3279797952833459,0.26893860388621094,0.539971558513893,0.38874909036234895,0.6321373845781151,0.5535219022350314,0.6737641497246389,0.8035685307407063,0.5947674158818859,0.41234218485835655,0.6857014360074982,0.4567020283700934,0.6119515476886944,0.44050431112159844,0.8759962172890744,0.6214965020992579,0.5652825641176888,0.48813876847964727,0.4362063260596198,0.9297047607596975,0.5331150338431974,0.2855658523483553,1.3246445497023545,0.613107439002209,0.5049794945807731,0.5311773819760597,0.8072512342445802,0.8242771006502478,0.4175439805187931,0.4701471234702996,0.7309488641980814,0.5897971933090713,0.4318432687164799,0.5666826739785468,1.158139095722956,0.48620928784014467,0.587284536269381,0.39405361177435516,0.39956369274775166,0.38046068735391275,0.7593796032105398,0.5813627650060132,0.40778484611695376,0.2636549650161895,0.6193042468236121
Belarus,0.6025197444756427,0.8253887364619388,0.3446744315002465,0.35732975598985806,0.5652616368254468,0.6115031116884394,1.0,0.3508974507909366,0.7897332444785529,0.4785056978222662,0.48938695195305065,0.869470940519064,0.48359624894704933,0.5538910967794203,0.37906028480107357,0.6550743620612496,0.46147272317486704,0.746105254850342,0.41143830128749587,0.7084909497498224,0.5408129377986571,0.7016008805522556,0.33834814777239985,0.5389096056720707,0.5637202670334746,0.8171213691913568,0.33930182403174536,0.32452012235689953,0.3413953158744022,0.27650321301022923,0.5008848243439701,0.7106025881599068,0.7103392731499139,0.5298267192792967,0.4053908261575347,0.5603581680893029,0.8346321507318443,0.6744370142463537,0.6351507262597347,0.6023725888833678,0.5728198318262893,0.45212723055212034,0.5578000486709085,0.721412833422743,0.6592759421820478,0.5664091628161505,0.6174449514224334,0.5753536334433084,0.3998014123805073,0.6921965286110976,0.6960624434893198,0.6506560871989416,0.6228934659221141,0.41791239303682515,0.7244336152657355,0.5358624849378214,0.31833428217423987,0.5701917146954776,0.4818478054849011,0.6048047095917023,0.3443941683785965,0.8020312938217752,0.6593472922909146,0.6701698099654583,0.33145051341013815,0.426834634124802,0.5222496747233271,1.3631534278207484,0.3647255544296425,0.6443321070148103,0.8875857782089543,0.7892147927083123,0.49386706865377794,0.35133523320099486,0.4170946318842944,1.1314305650493122,0.5657730932300279,0.40619746227266657,0.5778546079461094,0.8841558708821945,0.5717267214913303,0.4697212503782947,0.744608515383484,0.3342296139986232,0.6956790482555858,0.8896407155227221,0.36757034117657306,0.4448906693642127,0.5513910838690786,0.27206597627675766,0.3704401905791419,0.42306488854671315,0.7547763810775613
Belgium,0.38993985403659404,0.9319308875160445,0.21904185897854456,0.08371213923993961,0.5420107892768832,0.40199939091198056,0.3508974507909366,1.0,0.5785589038032964,0.4052042696772421,0.22238647877253673,0.7207095579669975,0.3577914130645137,0.44819513581582165,0.41586110275390664,0.6004429087095047,0.2783857373522504,0.68967163528382,0.16205038424172244,0.7524954505520508,0.387720775675423,0.49026635349280373,0.11716775883806534,0.6935267317635465,0.4250878813287408,0.6509389181655053,0.12056016855609189,0.3907549433781307,0.25843981798522436,0.18824298991059563,0.2336471884648968,0.9204973947774046,0.5618159775329313,0.45710562138950406,0.3630524689357375,0.34894574495899183,0.639346594719218,0.7579839474695976,0.5704127226900045,0.7319579908630958,0.5792140284261923,0.24280883319104307,0.43012292207255964,0.4373021731203927,0.582478063519539,0.6111356051764577,0.6406548309299884,0.4148213211125592,0.17456315336209774,0.4767073754923355,0.5295094917661786,0.4363923879547983,0.49856609997868134,0.24595912471079315,0.5567459147959262,0.5472125883867256,0.32064500761250264,0.35190388253865906,0.39967571765651194,0.39328898443753746,0.34097597398335977,0.59439282136605,0.7704762685785501,0.5009494816794489,0.24522662904545584,0.31683551248487013,0.3274618724351081,1.1891106405536864,0.2403807190745771,0.4139871491794509,1.0191583629416674,0.5755636941835666,0.2844264370225688,0.2499356785190155,0.48078865339598587,0.9435985630224706,0.42258819884221993,0.18693341714803235,0.5566795362066684,0.6731114869522692,0.31965637549894244,0.30748706906838874,0.8828349688995517,0.17394820229890473,0.49360299391435725,0.7274243549459875,0.21558847554948973,0.21966319681979246,0.5136821600406134,0.3081608101171481,0.20272340649639983,0.18135300801966472,0.6317130796054143
Bolivia,0.6503774006148826,1.149656153175988,0.7164021094850407,0.6110984622734956,0.8613607358791001,0.27832918964437964,0.7897332444785529,0.5785589038032964,1.0,0.8796304509326283,0.5709352237404254,0.90982709565552,0.7251252437862189,0.5041022249587894,0.9243901412281064,0.8234179820323416,0.5180448110624538,0.7831147109851703,0.49794668162333483,0.9960798971905042,0.8787091465693411,0.7389469158535515,0.6739620291863069,1.0631807414115244,0.39726561827732937,0.5920762953435517,0.5611218323451378,0.7902023840251527,0.6976329569124473,0.7246586130046794,0.5499494986640757,1.209393122195985,0.8871820744668104,0.6453657900746546,0.6704479281186431,0.6499312341355876,0.22389069778823678,1.0524609244870382,1.0065977724302986,1.136857215350341,0.7700358294102038,0.6887589816926317,0.6073721565655367,0.5136678506117517,0.6821344867521234,0.8773218097341191,0.7841698068814827,0.39104172664070663,0.5199095808945723,0.3150787280448379,0.7000424976482842,0.5541886127488765,0.793274476356621,0.729765509992179,0.8673762791211231,0.8761073843618032,0.7533439003284617,0.5948229037159403,0.8629254614122714,0.6495345551467226,0.7572932632924784,0.5408369369605535,0.9083555759090284,0.7993946897922435,0.7114737832739869,0.5793067243801117,0.49493992215316296,0.7695505630010735,0.6667629784334789,0.3914239810472318,1.4216514851530646,0.7749301522311544,0.7041673045406913,0.7239843431044886,0.9460205519443783,0.914936758904273,0.41936158720833117,0.6329447323541817,0.763716027171936,0.7370595999508289,0.5991836651448439,0.766550717779484,1.242127047871457,0.6468381337779482,0.7361136842725194,0.2933774937080705,0.5275192436088826,0.5550483384018422,0.8478274220388066,0.7685724412274665,0.6173416204741632,0.4474750778559682,0.5538781705142108
Brazil,0.605924091401029,0.9848745500917019,0.38673724110053426,0.37147712321065307,0.5287526027977005,0.7523749248734808,0.4785056978222662,0.4052042696772421,0.8796304509326283,1.0,0.49055230762569924,0.83319576650172,0.40606610806111343,0.7241647365944877,0.46162743563602704,0.6298595899852005,0.4780788277924218,0.767424818835625,0.440453956214037,0.7900186874296704,0.37191463328601443,0.6493380408963636,0.34887540530482336,0.6794225268844629,0.6959475804821458,0.8432094275429426,0.41864184428231793,0.568913733196708,0.44989835998229627,0.4057652806874707,0.5150639294961618,0.9648841774320249,0.628716245748927,0.5789582416860637,0.5124506565738418,0.5886852406537851,0.9232829998248191,0.8202532348294146,0.4124193014357191,0.7802582677831903,0.7089743247202397,0.44451777075597027,0.6040798689486925,0.6647343540187104,0.7087671742306062,0.656711763222834,0.7635467991240676,0.7082539149068146,0.5175221975913296,0.7883133496446052,0.695192625297559,0.6759630453530948,0.5967757104380711,0.3747077532818835,0.6453053250719734,0.5865351434767705,0.41781567683729154,0.5856495973169709,0.5203531006019896,0.6102193569535037,0.5128914447287644,0.8139226670415373,0.8758783505548395,0.617155677527665,0.41519028884023756,0.5282240352631751,0.5410180653347924,1.4466402789455162,0.35768225258201536,0.6801665048030069,0.9206342317900943,0.6896957661083524,0.4831465880267522,0.4102462594619115,0.4994175753535781,1.091533650971667,0.6681885024912875,0.3662695798356852,0.6370696817009432,0.85753394869758,0.5416293324201443,0.45841624347558824,0.8483481577345133,0.40468399801982985,0.6394584252110409,1.0070816481583902,0.5063453114172246,0.478888793110261,0.514754850241137,0.4693322557849097,0.49335832347078695,0.5441758459486932,0.7582475891006016
Bulgaria,0.33196292933202515,1.103328012833793,0.4008698603273212,0.20420407946721514,0.6439605087029091,0.39970155386538153,0.48938695195305065,0.22238647877253673,0.5709352237404254,0.49055230762569924,1.0,0.6074856423854668,0.35786264378128174,0.5657634876702198,0.5588255572003865,0.7255308517292883,0.4235267805987169,0.7947351928938909,0.2657147129381029,0.9035065910509426,0.35944669161238896,0.3594554532733043,0.28894551972152893,0.8397051317442477,0.5257771328322105,0.6494697498939553,0.29916166099679503,0.5159371225818775,0.40197211192956256,0.339698820515683,0.19673026657326684,1.078493834248839,0.47338909860773126,0.6048989017921883,0.4995854533551025,0.28410628344543654,0.6057688556935693,0.9034497339299634,0.6424148867311912,0.8893763104489782,0.7237569955399753,0.22566744531550761,0.5202215778916774,0.30194861957911323,0.6882319928736936,0.7676298779456808,0.7904882238360824,0.46642014465385373,0.27327830358690836,0.5022085977250194,0.4199590284360966,0.32806048428108225,0.4642585416572443,0.34886467494264134,0.47497504747162567,0.6891837415412246,0.46241268164381,0.28427869212749257,0.5187353011127499,0.29618394232604794,0.5177481097544111,0.4963806734628115,0.9143629959068732,0.41903777038364454,0.4244181499836833,0.4912849418585434,0.4529855168355539,1.184186977110315,0.4133207485095833,0.4030211258660971,1.1539857458261629,0.4567418865245951,0.23252060252779402,0.3075481048790304,0.6492095221848775,0.8268744307320998,0.5273588855028626,0.24711586670962585,0.7015870341448488,0.5498728851664948,0.2748517816287115,0.26553613682575217,1.0279711753600447,0.3537389324667305,0.37826597920933325,0.736264553104596,0.3679338513932623,0.28575451781823413,0.5640362013641353,0.4475363686815386,0.3006298512202421,0.239627348626084,0.7166692321376166
Burkina Faso,0.4034242935449606,1.5383689887084362,0.8046566599629571,0.6691259537388452,1.1397045305353033,0.7443962786735956,0.869470940519064,0.7207095579669975,0.90982709565552,0.83319576650172,0.6074856423854668,1.0,0.5669707715319771,1.0401616231380584,0.9797091237372251,1.0952150325462258,0.9305714517942582,1.3259535392686008,0.7353064419837809,1.431447241289305,0.5964661533763123,0.31824948228356054,0.7627115661116848,1.2727425662327283,0.9817494650306493,1.0362511523397853,0.798634955974246,0.9054580324554008,0.9368848840998932,0.7701937399917097,0.5519971892173648,1.4291711630469435,0.39954159436893766,1.0987584814117666,1.045050530893078,0.43743861720866656,0.8337622304366441,1.3898676027292867,0.9913943524790627,1.2394797984781003,1.257475743979053,0.5363215174358702,1.0631612590665693,0.5698339720856836,1.2367631750289105,1.2848468441785306,1.2989879365030481,0.713291429769081,0.6738375985532039,0.8441949891084832,0.29185005091272026,0.3988118467047625,0.7483007005331856,0.718872836438719,0.3356267090751361,1.22639826767795,0.8574359228645383,0.4945134345100787,0.8798542657838324,0.38129269248576253,0.960761276042268,0.45930497618071753,1.3775200685000393,0.44177089308979256,0.9140388190741151,0.956184899814089,0.9520474170033507,1.464368073097576,0.88691423895009,0.7494057187736962,1.5915042776002586,0.353721618411073,0.5014158514675479,0.6483065097198574,1.0901079190076863,0.445510991450868,1.0366693561187348,0.6378043897725245,1.234526750002621,0.3319978963624574,0.5426166914516309,0.5090438588039136,1.5063848741067973,0.8358699868317891,0.3445340558129238,0.9929571082839315,0.8746820972317454,0.6802322738060951,1.0474855035028385,0.8349939683616324,0.6277023735535137,0.6986311949529976,1.1980302501122793
Cambodia,0.37022556633710646,1.1601848471851148,0.40136062977609044,0.30119925060305186,0.6737819633365102,0.5687797481759724,0.48359624894704933,0.3577914130645137,0.7251252437862189,0.40606610806111343,0.35786264378128174,0.5669707715319771,1.0,0.7257119522479788,0.6302275583422348,0.7259817649396759,0.509203750379939,0.8879268373942303,0.35960302512656667,0.9917224154433091,0.3279518366265654,0.39648047045290824,0.3799496322182448,0.8968825068582256,0.651394188464525,0.7472097276204288,0.4259529741191505,0.5998354907661914,0.528866113664337,0.4284390521855582,0.2924067655390022,1.0933969743626661,0.4321794671606822,0.6802506361195487,0.6303975592112103,0.3404015878813655,0.7297541334841813,1.0102159186759256,0.5986258555299554,0.946676192162877,0.836330287145481,0.26865035480334665,0.6751072070815235,0.46847988681362757,0.8178867249387319,0.8379823238351378,0.895804665344114,0.5276428990561381,0.40794483030049206,0.6467094238715055,0.38893982124650084,0.40815957949861253,0.5414060286780638,0.3791900374421418,0.3812202421258462,0.7920302245504285,0.4636820448061255,0.33998121101235573,0.5863985056962668,0.3299720857762478,0.6077811671510841,0.5036548826501768,0.9773221355004786,0.36422665938621185,0.5080081598183686,0.6041022210488695,0.5484184187802307,1.2711253012559458,0.4581559003429984,0.4776068084379733,1.1940728567851988,0.4175810984084205,0.3103711491506481,0.36173816192885644,0.6922413322042411,0.7982807348940805,0.6758595858725821,0.27523267194739004,0.7937691512664676,0.5594916376914314,0.4024288916359443,0.32730948331396037,1.0949215660865335,0.41198037509650626,0.4387395871437455,0.8155626880345629,0.5083599122243599,0.37639475293196206,0.645264489094494,0.5081634203281225,0.3524479134907564,0.4143905443685745,0.8004161500186161
Cameroon,0.7043244731332575,0.7591233676916633,0.5312780819095103,0.5129364902504125,0.7204119843761224,0.4639577718079892,0.5538910967794203,0.44819513581582165,0.5041022249587894,0.7241647365944877,0.5657634876702198,1.0401616231380584,0.7257119522479788,1.0,0.5915095748253123,0.6848237408831973,0.37888014662871433,0.6557991644792375,0.429997530971467,0.6708848253637257,0.7892077074570816,0.8282478618058001,0.48310914331545074,0.6993961268520643,0.30116063156522593,0.7817640663409168,0.3851642887416762,0.48908626932726246,0.4279123858112253,0.49026641161943796,0.5785867245004002,0.8430030892444083,0.8987431239232865,0.4844947600559295,0.4130046364910484,0.6622219321052305,0.6310453039051259,0.662554549245508,0.8551379659688155,0.7305102444172262,0.49250093918791854,0.6235976882753932,0.42652704023947136,0.6838111549017913,0.5287268908115339,0.5761337244634341,0.5104439289024846,0.5014479100628305,0.4523923056266267,0.4729927943650054,0.8414655007946419,0.7099490686946076,0.8011505436634545,0.5507219460182825,0.9293132196715744,0.5674009582761593,0.5502224032707205,0.6508664902767117,0.6751307006111267,0.7211091588961417,0.4078683114587942,0.8088686365732874,0.6131526725506027,0.8322278099774633,0.42901842309473814,0.3348305791946353,0.43377337459766757,1.06842229233192,0.5031338342599847,0.5770878353109161,1.0743299969697375,0.9272553945507663,0.6528295399543104,0.6143039004932249,0.5982817203988808,1.1627601034995194,0.3419284403995033,0.5611756757318835,0.5175064130068611,0.9427658392865133,0.5848486079352495,0.6814845703320072,0.856336301544987,0.4543118449734722,0.8104141601839028,0.6278457697289227,0.3536774744944285,0.508609260890547,0.6178718671585615,0.544447263011672,0.523229134488584,0.3980792635366639,0.5739310485247521
Canada,0.7133716955930781,0.7340249430976326,0.39639656223105574,0.44148193437590927,0.5970144368545153,0.7669968771699326,0.37906028480107357,0.41586110275390664,0.9243901412281064,0.46162743563602704,0.5588255572003865,0.9797091237372251,0.6302275583422348,0.5915095748253123,1.0,0.6896861590334317,0.5328467953250379,0.7628016256497118,0.5136972155354195,0.6088869831755812,0.530598145709663,0.782233134005742,0.3248756857169326,0.435486201976153,0.6683414809389205,0.9550928931211227,0.4105405524896478,0.32641398370813873,0.3149177684092474,0.2617059246693664,0.6108587942628455,0.6678718868616199,0.7671211750777445,0.584733668748613,0.41110483035247275,0.6498799624462865,1.0034370803667634,0.5046011175221977,0.5688413063221803,0.39291433304716983,0.5593716808049547,0.5214602081455117,0.5930015860018389,0.809120940439113,0.6655699782774313,0.5208314073224776,0.6145271493562424,0.7486508762681301,0.49566924841261656,0.8101145553838658,0.8433858070530016,0.7914153815408576,0.6733355606360536,0.40935425467932196,0.8073183596609667,0.44003384032490095,0.41783169667641046,0.6932265702806774,0.37778012562480834,0.7137764024579571,0.24812656713204062,0.9719432842960671,0.7102152847922629,0.7633331425058216,0.27469847354190435,0.4553314123520875,0.5926818470438274,1.4874358269361214,0.4104530110283194,0.8037849856568757,0.7018031944547566,0.8939709955875387,0.540685453560903,0.43070135100554385,0.18276658165100687,1.2663038752609816,0.6490143274973084,0.4885223207833739,0.5530705787077418,1.0152689325897337,0.628833367709802,0.49777099612575,0.5799967191533191,0.3792720820178937,0.7590524750755032,1.0733064093571394,0.43701589518830325,0.5641619213498847,0.5551979791077574,0.31729112140455507,0.484228374471634,0.5374659233180816,0.8337027249900517
Chad,0.8296717557410481,1.0363430500405952,0.6210276705472287,0.6292052219130803,0.6937820487374557,0.7825920476306011,0.6550743620612496,0.6004429087095047,0.8234179820323416,0.6298595899852005,0.7255308517292883,1.0952150325462258,0.7259817649396759,0.6848237408831973,0.6896861590334317,1.0,0.5927674106904992,0.7145724917119871,0.6201869283587446,0.7798180470827564,0.8062883645608456,0.9175629496258232,0.6021252213433429,0.7883568303151363,0.7054703894244805,0.8988376254590352,0.6029911569643629,0.6962929818118893,0.6330765581869238,0.6565987246303117,0.739836849275581,0.967759647742209,1.0122330165977678,0.456547394629765,0.5563074392129446,0.8535667047533425,0.9240870220946104,0.8702491913896347,0.7969628397006806,0.8622603728100395,0.618936012431303,0.753210966282627,0.7123479817278948,0.8524868779760518,0.6536360944726086,0.7181010034714708,0.6422616244126731,0.7991260193441199,0.6824737143259068,0.829867451323134,0.9102955024578693,0.8337526241847647,0.9575803847497939,0.7023729492369093,0.9911642103028933,0.6418160976051795,0.6915519392478012,0.8247900814861553,0.8124158132664094,0.8682395798507403,0.6708757440652862,0.958971769484631,0.9009999680916909,0.9413383219098639,0.6402597443855803,0.589223270278993,0.6082737902580229,1.3479506883861416,0.563051023581486,0.7976871442981828,0.9759856757986326,0.9772887580082008,0.7942078824294194,0.6366780635179891,0.7094329053836448,1.275476388703048,0.6528905414494282,0.6605545771395483,0.6697580152070801,1.0698896599677892,0.744504540405532,0.7867504145801947,0.8762604970565329,0.6342251071230812,0.9252411820031587,0.9332066292944491,0.6034554971920225,0.6922813807872725,0.8436693851316345,0.6582372547898554,0.6991685233648524,0.689014806707688,0.7182767702492292
Chile,0.58716870570723,0.8253384773425158,0.31861971706971837,0.31766329434946816,0.4478245440139918,0.4382984566671921,0.46147272317486704,0.2783857373522504,0.5180448110624538,0.4780788277924218,0.4235267805987169,0.9305714517942582,0.509203750379939,0.37888014662871433,0.5328467953250379,0.5927674106904992,1.0,0.4951734697186722,0.24915353798737538,0.6195154881501717,0.5900725867229827,0.6965132880600657,0.3150818203847801,0.6797033254568083,0.29812907952338663,0.553714692459505,0.20845116654168172,0.5266908715912713,0.29435671111863526,0.3921502670549435,0.4145733872908038,0.9276111329355995,0.762411553877086,0.3199505132389587,0.29870956603175053,0.5576712213366878,0.6193079066817947,0.7100859628459765,0.6125959322051305,0.7988911315823121,0.45113497253836765,0.47587398791676166,0.2746293008914093,0.542846847871697,0.40252036867152813,0.4701982940009104,0.5125835558140697,0.4425340090593102,0.3527258031654823,0.4293379260068665,0.7234272690748696,0.6178266062569775,0.5795233741047181,0.4088120117890941,0.753322081704999,0.46036356031384046,0.3712403145947767,0.5213703784136421,0.5032772789263834,0.5977942666482261,0.3973020152704918,0.7016498937280056,0.6415550855031347,0.6798770483709787,0.2868034466244477,0.24493202717594165,0.14406341908483547,1.061255209519847,0.23530557116011735,0.3897910853597212,1.0027715319748387,0.735087444417769,0.5254988372561145,0.47988094325259284,0.515535639185164,1.0850874369578904,0.24487144238412384,0.3753743338640314,0.3831710069579615,0.8269160497247168,0.503720114602114,0.5637083215859758,0.8409491203073103,0.2385313161498072,0.6994352372197895,0.6456072869016364,0.2291938084465436,0.3328506820481221,0.46928499327525386,0.45091666133901004,0.41482568467572944,0.31174661251874436,0.3979535834356582
China,1.0319649696967526,0.8061761183994494,0.7166101551528201,0.7276200076623232,0.4291439281825258,0.7958873091598663,0.746105254850342,0.68967163528382,0.7831147109851703,0.767424818835625,0.7947351928938909,1.3259535392686008,0.8879268373942303,0.6557991644792375,0.7628016256497118,0.7145724917119871,0.4951734697186722,1.0,0.6681326477583358,0.4224781485911361,0.964774370699906,1.0972717509425303,0.7012939914248465,0.6828776459827001,0.5906612551749668,0.7085351419749543,0.6252882172937891,0.7785140612116075,0.5728467654783637,0.7505799541709699,0.8456922380371457,0.9489979557972144,1.1817652759767423,0.34808253156596103,0.4148207135536023,0.994413911400022,0.9351888911264887,0.6787171826004865,0.8284009913403007,0.9384843163746964,0.3020039065611543,0.9017318904593306,0.5201723231322215,0.9325444412771745,0.20137920563616346,0.40674016490819787,0.39242671972547755,0.8603811061366208,0.7552675538374897,0.783223451128153,1.104622247952838,1.0150012629705676,0.8741067085969411,0.8234936638915029,1.1633657300664815,0.40475298993598746,0.7444796657395415,0.9680308350508032,0.7856332191510632,1.0244923331745648,0.7048593750873605,1.0912264013599844,0.5980376944395136,1.1082368176864221,0.6227054230902619,0.556329376175922,0.4720661683514348,1.1102395960725506,0.5412401983014434,0.7724817660009603,0.8544456297937596,1.1268303850868013,0.9467784114857892,0.8088806965668883,0.6777819676089164,1.4960296250663367,0.43120536665285264,0.8018228527215636,0.2745300151156246,1.2391888395421797,0.953973685372013,0.960081752839331,0.7234353529273659,0.6334489646829703,1.0926454565483978,0.8853853360526439,0.5606445857582344,0.7904263406027116,0.7017518657682232,0.743045047943401,0.8327034655248858,0.7279967487811885,0.34650268195577794
Colombia,0.40579030954567835,0.9569691769490626,0.2968632825751917,0.17774846967929858,0.5642990887504086,0.34722047255858596,0.41143830128749587,0.16205038424172244,0.49794668162333483,0.440453956214037,0.2657147129381029,0.7353064419837809,0.35960302512656667,0.429997530971467,0.5136972155354195,0.6201869283587446,0.24915353798737538,0.6681326477583358,1.0,0.7751485718184763,0.46175003700351175,0.5055736286023813,0.22815961791661754,0.7329541194710842,0.3908391690440215,0.6294477431244221,0.17025371420248464,0.4538080264473663,0.3417309065061378,0.3007268610713339,0.24980690510765202,0.9581363555777007,0.6009435317848644,0.43751791635546744,0.3953121840862092,0.3786262618442106,0.5645736608198902,0.811857871411987,0.6292542166222411,0.8123008959762252,0.5904226020250225,0.3164660824457283,0.43734587774257555,0.4214417850857219,0.568240755495884,0.6389373280162222,0.6390820142278568,0.36162434240671965,0.20850550493625067,0.4330721129627272,0.5237885486479427,0.4251506973918363,0.5152417276442259,0.3228550924446599,0.5848878440027545,0.577752296336571,0.3729057382799331,0.374695958967819,0.4806363403678885,0.41655789366661466,0.41172358046765367,0.5471056313469388,0.7714226420528314,0.5342466739119658,0.3194914689525062,0.318474935307338,0.31094327651556747,1.125066794895886,0.2683178064474151,0.36825729908345145,1.0849125864075582,0.5720369638879474,0.35196487060536447,0.31207268022364837,0.554367279503924,0.9134692270899775,0.3707384672754262,0.23784988667618243,0.5537145715878226,0.6606665238204847,0.3473661828001152,0.38630448825748226,0.9382811196018239,0.24987110120611153,0.5199072281928174,0.6315211211741867,0.2290569748385186,0.2597833422051582,0.5571079446320943,0.3680697094999724,0.261090021506664,0.18812361803468663,0.555733236207428
Costa Rica,1.1244166070978807,0.4880747156398168,0.7247476055426529,0.8028822004494788,0.5395606183755476,0.9601724728344035,0.7084909497498224,0.7524954505520508,0.9960798971905042,0.7900186874296704,0.9035065910509426,1.431447241289305,0.9917224154433091,0.6708848253637257,0.6088869831755812,0.7798180470827564,0.6195154881501717,0.4224781485911361,0.7751485718184763,1.0,0.9969753726352628,1.2150710072256679,0.7122575489349544,0.4449127210374201,0.697554212793738,0.9545262531222204,0.682085194365985,0.6860982906383024,0.5471263430289512,0.7201526150083433,0.9619853425267603,0.695664139443192,1.2269107803158967,0.5037233359131489,0.45026915045078053,1.0712564470050685,1.1320683741355064,0.35239673086707013,0.8080590215841956,0.6534962939755428,0.3026038262197928,0.9571117285006598,0.5819962896548015,1.1005425424335433,0.4187249672061473,0.22447856626184742,0.37237425371963506,0.9788193955635587,0.827664780067021,0.9285127820642035,1.2388055676689789,1.1534391573561567,0.9727117869191823,0.829678526995512,1.2550614435574245,0.2760401442358337,0.7178774740851565,1.065638429443479,0.7343952245091372,1.1242768601522335,0.5897104138390776,1.271207135224992,0.4821919323591995,1.187282048082528,0.5768923674674439,0.5683025153342438,0.6359636826914408,1.364571762787414,0.6123812764979928,0.9708009288850183,0.5591548896275909,1.276867485434023,0.9942932916319159,0.8596676519332015,0.4856200078769134,1.6452679884582198,0.5985102813323481,0.859816345294497,0.2845108502389732,1.391320091200627,1.0239724253933835,0.9893381975091851,0.37373663468613966,0.6613549796894758,1.1747270874164102,1.1226294442548193,0.6317139551792291,0.8706368336077875,0.6766695161921812,0.7239859528506832,0.8704921733648262,0.8223915875654897,0.6467649955930415
Croatia,0.39322056781270215,1.1640691294678733,0.40185511710952687,0.33158882764065095,0.6990753013876342,0.6944203272918529,0.5408129377986571,0.387720775675423,0.8787091465693411,0.37191463328601443,0.35944669161238896,0.5964661533763123,0.3279518366265654,0.7892077074570816,0.530598145709663,0.8062883645608456,0.5900725867229827,0.964774370699906,0.46175003700351175,0.9969753726352628,1.0,0.38798509936394054,0.3539299660761162,0.8743042872045971,0.7692188793491073,0.8385773762874525,0.4675916196960428,0.6143737695883432,0.5152666590434895,0.3913327519411675,0.365330558951487,1.1214767648979602,0.3516773417401533,0.7692715255437015,0.6650727093895731,0.3632927985050822,0.888457108708908,0.9774935744221891,0.515462004269669,0.8796936170388381,0.888345176809381,0.24152682320204313,0.6869797569431316,0.5062004221919065,0.8797335891960403,0.8589762019227176,0.9583270956726041,0.6737414424043172,0.47467022665483577,0.7555410501033804,0.5122371643915361,0.5164260610332455,0.49016845855715646,0.3244202199074503,0.3576336658796076,0.7758912847741851,0.46963404801155284,0.39285793855729145,0.47842485265519313,0.3797249106003221,0.58342891716638,0.6662560497953508,1.0491139179607305,0.3472415847030596,0.48957711881166693,0.6538186703188738,0.6405962914182982,1.4381478089165805,0.5007467672949002,0.6213312627304483,1.1175243940181727,0.4474376634270553,0.24639739347124057,0.37299802999875425,0.6341417941031422,0.8745667302463965,0.7769587133715115,0.3112607575666638,0.8389549747281246,0.6188446606834074,0.38936378819042017,0.22684014527428673,1.043884717284158,0.43752531177335435,0.4346602116252403,1.0102304648080374,0.574318880010462,0.41525191730941224,0.5954166294028232,0.5001265979742112,0.4145005490821836,0.5001763734478429,0.9247566285601295
Czech Republic,0.21962138531187148,1.3648313334607136,0.5964577729083147,0.43864922632394443,0.9163899352390297,0.5582861228168706,0.7016008805522556,0.49026635349280373,0.7389469158535515,0.6493380408963636,0.3594554532733043,0.31824948228356054,0.39648047045290824,0.8282478618058001,0.782233134005742,0.9175629496258232,0.6965132880600657,1.0972717509425303,0.5055736286023813,1.2150710072256679,0.38798509936394054,1.0,0.5372850871707368,1.0947699253114482,0.790710515646349,0.8355715580524519,0.5756125698718935,0.7486823309757137,0.7093490433174522,0.5655705958098397,0.3092240021401313,1.2936659761028015,0.3262063883077369,0.8839943707677348,0.8177749283202609,0.2355226865945545,0.7099435842090688,1.192659847642559,0.8045431013368476,1.0944512308458967,1.034213171927955,0.31595962422718804,0.8255506147867626,0.3403673367562661,1.0007186383339923,1.0722616331004797,1.088371801034362,0.56854143383948,0.473707143011181,0.6706428707690331,0.248139449061862,0.2700230734057223,0.5396529329351413,0.5077946295594712,0.22610195905126745,0.9968929217117977,0.6665692003469155,0.2929931517428273,0.6783038193480994,0.19203766744412556,0.761144872220478,0.3920730951740223,1.1924589695129215,0.28681279566038725,0.6901093859899345,0.7610932485394181,0.7282137962941891,1.3213791642642914,0.6685601429157858,0.5445296591473602,1.4060181677407615,0.20753718318823502,0.2861032995218748,0.4574784477143903,0.8905855204341301,0.5629819401745512,0.8199710905522245,0.43156067032231743,1.0105011760749214,0.2971268943504869,0.33451950896262356,0.3112958451006229,1.307001144155093,0.6075499168148982,0.2853636076149795,0.8477084370316352,0.6534160671872512,0.4679754676070726,0.8315521257855147,0.6335658361704289,0.459114092461053,0.48321458770499276,0.9758014362492715
