Country Name,Albania,Angola,Australia,Austria,Azerbaijan,Bangladesh,Belarus,Belgium,Bolivia,Brazil,Bulgaria,Burkina Faso,Cambodia,Cameroon,Canada,Chad,Chile,China,Colombia,Costa Rica,Croatia,Czech Republic,Denmark,Dominican Republic,Ecuador,"Egypt, Arab Rep.",El Salvador,Estonia,Finland,France,Germany,Ghana,Greece,Guatemala,Honduras,Hungary,India,Indonesia,"Iran, Islamic Rep.",Ireland,Israel,Italy,Jamaica,Japan,Jordan,Kazakhstan,Kenya,"Korea, Rep.",Kuwait,Kyrgyz Republic,Latvia,Lithuania,Madagascar,Mali,Mexico,Moldova,Mongolia,Morocco,Nepal,Netherlands,New Zealand,Nicaragua,Nigeria,North Macedonia,Norway,Oman,Pakistan,Panama,Paraguay,Peru,Philippines,Poland,Portugal,Romania,Russian Federation,Rwanda,Saudi Arabia,Senegal,Singapore,Slovak Republic,South Africa,Spain,Sri Lanka,Sweden,Switzerland,Tanzania,Thailand,Tunisia,Uganda,Ukraine,United Kingdom,United States,Uruguay
Albania,1.0,0.13905283667172805,0.05019804903751938,0.04538452421773937,0.11112918534005553,0.07188505590744781,0.10687345879718163,0.04363318484151674,0.10200911079629875,0.11046328713564232,0.07548297849453019,0.09146601752287893,0.10776034075315129,0.09931658320268373,0.06466794096159593,0.24849503898751196,0.06200036534488547,0.10647186113226809,0.06485285269327776,0.08778069382094718,0.05787371571280205,0.056419292127289355,0.04663950061148663,0.12579377743851497,0.10232118237156493,0.14056345971932135,0.055677702052907195,0.08959695647259566,0.07516361886267575,0.053238442309534194,0.048481174221166025,0.16268558622842172,0.07136230135162497,0.07894019260969257,0.08325630954241553,0.054350509714106966,0.13082962482418672,0.11636380004984297,0.17056416672333685,0.08845700945512446,0.08212757800564495,0.05092011402674143,0.110409310883948,0.08730038271686903,0.09341743020442911,0.09808372489360001,0.10044516463016785,0.08440628901016892,0.06325191518998549,0.10623687883239503,0.07544018510810485,0.06960008867662694,0.17663667471599828,0.11521963522222527,0.06922247138932122,0.0713327811933451,0.09546807528273069,0.06908664315082556,0.1384472002753667,0.058660593787505856,0.0735496206205934,0.07344231273368895,0.16765170247362346,0.07415507792906123,0.060658543700640485,0.06405020152336566,0.08951076723775919,0.23011153991136568,0.06936148254306367,0.06932182087577347,0.10412941644146655,0.05682838640936907,0.05179289785121067,0.06358562233423506,0.08313097936389721,0.07560069726745282,0.077844578716829,0.06746739860843062,0.09744967205534369,0.04332359325125566,0.08235627874800476,0.05016690281286801,0.08446470876571707,0.06103756272789325,0.11376093382844142,0.11009117519874603,0.06824102068172495,0.06167552100057227,0.16443146269642128,0.08431811086150275,0.06697296447854947,0.06665328796988998,0.12231381523050053
Angola,0.13905283667172805,1.0,0.14035208996098103,0.1384197093638248,0.14948388445694868,0.14443644773367129,0.16518632366282154,0.13982655096358285,0.15675622781078993,0.16521410434076458,0.15828812104308734,0.1675771003140055,0.1751063024168206,0.14700969956713783,0.1274246820397326,0.3403401095156466,0.12994028045958492,0.1638000276806715,0.13366094596310166,0.126859138564036,0.1467459706157169,0.1513243512221962,0.1354592971593344,0.1639184685662985,0.14005189168025203,0.17981612143910405,0.1319515140633129,0.14948041031172032,0.14134672759728512,0.1250812085449264,0.13970041322771554,0.15165608823536345,0.1098215273004614,0.17806203757556568,0.15216855031408735,0.13427345472812321,0.17153591832710408,0.10470178457757195,0.19168092171272877,0.1215574144039921,0.1508818058105173,0.13862630689563712,0.15170329512672734,0.16291174740993006,0.14588820862029972,0.11771597704526197,0.15064621731505384,0.12828889780285802,0.11588489373220874,0.15662083241848546,0.1614437162048416,0.16306741695371227,0.16069330844124508,0.1675987610746456,0.13983247901912238,0.1347794121127245,0.1396760624753738,0.1417666829483763,0.13852797909117362,0.1383826153872777,0.11567032114820927,0.15152269032613025,0.13121520934604822,0.1454147070946888,0.11336548079846193,0.11828120996696706,0.14815762124150256,0.2357904119758693,0.1363466271275458,0.14266969777531996,0.16426929934607273,0.15034517181309306,0.131977026778077,0.1598142045380724,0.11554940120558528,0.14755637300826502,0.12372570880627415,0.1333859815276743,0.13468059580212022,0.1457019406835444,0.170736742301033,0.13766532992552094,0.13522118177640713,0.12385077202239911,0.16534911845791034,0.17243886073798462,0.12720298425531887,0.1321303820892734,0.175118030002989,0.14899715033961336,0.14165552425667216,0.13306571163657496,0.1675305553210346
Australia,0.05019804903751938,0.14035208996098103,1.0,0.06093614194862998,0.10704325934514385,0.0897670974684533,0.1196377718517882,0.05711981647306354,0.11565059604366625,0.12414406928591804,0.0934582164514215,0.1128913294368501,0.11009172828604101,0.11505459652721331,0.06879456122214504,0.25335519934770984,0.06791243101902086,0.10297674989796722,0.07625853117610179,0.07673488317956373,0.06595207351832826,0.07941944324483471,0.05553992640044674,0.13090968401657738,0.10827627884728129,0.14563234887408477,0.07367546329366584,0.08871528083221836,0.07786602723932563,0.06189375172626358,0.06133303232318172,0.16272174744863413,0.08499649317615057,0.08131879776467849,0.0987558251081854,0.06643906313865028,0.14621242058592498,0.12204983737523502,0.16643421423982924,0.08468907127213476,0.08797899702493273,0.0634981980114394,0.12318211266291808,0.10803074110219171,0.10321494092739641,0.09319394094204343,0.10741042239954489,0.09621337890485934,0.07251956843141837,0.11286739506385049,0.08856316357156242,0.08658989035749576,0.19017748887514485,0.11018254528445363,0.07242208046262419,0.07814653707499261,0.10131684003819896,0.08335518316094134,0.12395316299371063,0.07203044841800234,0.07886215231425796,0.09024333028632217,0.1700477409049022,0.08702228178200186,0.06583859100602378,0.08430546965509615,0.07949343786432363,0.22223726834966384,0.06398555731205281,0.07830080301507326,0.08984784096966723,0.0697586950601666,0.06384636788559281,0.07382783953288818,0.07348130699496368,0.0986299552796772,0.09081921005523932,0.08081786798733176,0.09084793488666229,0.07029329119694719,0.10096151639863762,0.06831864960643692,0.08987589077906888,0.05667850648610639,0.127553133582033,0.12440044628291637,0.07725241583759423,0.07775209727918309,0.17781399977425136,0.09192741837874806,0.06188855475130964,0.08121231831486672,0.12688549153751671
Austria,0.04538452421773937,0.1384197093638248,0.06093614194862998,1.0,0.09056262267013701,0.06246892203359819,0.09979435829102805,0.02273534083070064,0.09066412255740702,0.09290130001770917,0.049981442822357454,0.08518246584429295,0.08922276750561516,0.0926821001665402,0.04996534514660113,0.25204248159957915,0.04581516109741762,0.07556014520220697,0.05829149757636542,0.07452730083791115,0.04280787961921737,0.04267103061548773,0.036695185030172925,0.11079038075686641,0.08753077006298655,0.12925199285147712,0.030406144045597577,0.07967091519244965,0.05050146817888103,0.03157265915868996,0.022837927702020165,0.15483287380339933,0.069005979718734,0.07036072929156983,0.051690053645159086,0.04580003951924003,0.12172589867036801,0.10215935837253161,0.1614833847285282,0.09432262189093472,0.05642629549536112,0.02528443350508846,0.10256368573999065,0.0709886644697201,0.07247767983844561,0.0810131378667007,0.08258639920430982,0.07795265132128604,0.04968181271962637,0.10597457754871603,0.059000539397732935,0.05106687447032457,0.16784113038995283,0.09360696893429127,0.06009849103410631,0.06255448336387931,0.10032686109887745,0.06053439376267259,0.1467637605793114,0.035796505395576265,0.06351978858755648,0.06089183714532158,0.15430731794324468,0.06357073484384501,0.0425735200128199,0.07159457086844488,0.0704919841254597,0.22484478078013337,0.04616058457481961,0.05267400228585247,0.08190775690330282,0.04824684040002697,0.0347189215120762,0.044817291889798466,0.06669548714760963,0.09147932694410865,0.06351515970405355,0.05182089431615131,0.07210640247358846,0.03913131951806918,0.08033753526937464,0.03054259005530105,0.06974222741544274,0.038208710109732875,0.1075774907068716,0.09713560002002777,0.04774202067885672,0.05453789924731406,0.14896418672712292,0.07140891339115464,0.059947894921319266,0.044970899114116565,0.10034338156368111
Azerbaijan,0.11112918534005553,0.14948388445694868,0.10704325934514385,0.09056262267013701,1.0,0.1041647545364942,0.12314090423718117,0.09559216552682852,0.13036137263341388,0.13143784957338134,0.10222538032207132,0.13636628750832333,0.13035282580841917,0.14021789525965933,0.10942909617722994,0.2851512343819866,0.10034151317084784,0.09511048599155965,0.10109435848306225,0.10588506706809285,0.10356121217828666,0.10929171265607283,0.09978909955101964,0.15291326116676654,0.1331778986001094,0.12830212345593436,0.10259700783317813,0.12701936871932112,0.10356830658281528,0.09545785931487236,0.09408926607720694,0.16850878333923094,0.11120521033340021,0.11801099043271686,0.09825107195347926,0.11425025550250942,0.14926832091137443,0.12733126890494803,0.18192172527333592,0.14132800097881926,0.09569009996394674,0.10094147739559335,0.12680862007017535,0.12532643269025964,0.08726735680476655,0.09851184952080683,0.11107471637748838,0.12749476630094003,0.09788546449403415,0.15493575308650845,0.1114479089815373,0.10805878916233991,0.16282014554383406,0.13899062813842275,0.11214476980308913,0.08800384997585922,0.13455239453431367,0.10966693615867677,0.15185716278652117,0.10502533314656742,0.11543939361209148,0.11815916598461863,0.1457559055791763,0.1191198109655696,0.10002682998044567,0.1177584725378327,0.10484474651339702,0.21664226569348977,0.08995018429301185,0.0954011108925595,0.11083247261689819,0.10344909680341494,0.10121073727190448,0.10095445428154219,0.11571298497248998,0.12531623120826496,0.09768085736979891,0.09707607569653709,0.10473151432960612,0.10389741206953086,0.1397114575587454,0.1062334684740902,0.09740148762960903,0.09214656112647931,0.14491136205783725,0.13110567510638282,0.09331642213618463,0.09969137393683195,0.15676009938476906,0.12373497533101255,0.10414245704614465,0.10724541581944338,0.13090561863599307
Bangladesh,0.07188505590744781,0.14443644773367129,0.0897670974684533,0.06246892203359819,0.1041647545364942,1.0,0.10712099516084901,0.058644389179450786,0.07740401490995533,0.1290148438215614,0.060887664551276574,0.11346397083455621,0.12102333509948358,0.08992244397566715,0.08400648266070172,0.2678615073000265,0.07257307064146047,0.09418211545745217,0.0672933397078224,0.08778032532995284,0.09079601279568379,0.07971069778326755,0.07242054244671771,0.12023026401940468,0.07689780917361794,0.12082198528946278,0.056962556457504816,0.08219803884496976,0.06244879817620213,0.06472092213005805,0.05625547757690708,0.1732145274244715,0.09009222724230394,0.0961194398082805,0.07241449991754825,0.06835686415043427,0.09162516720581373,0.1088220873336662,0.16341092854690006,0.11667573962303456,0.07547536496906496,0.06574700592232244,0.09526953425237603,0.07517168311442814,0.0913758886080608,0.09320592879021201,0.09641000846547677,0.0694355179554436,0.06645237500827185,0.09624596150170013,0.08107464194188355,0.06006934499632375,0.17166454742877765,0.11540310189544212,0.0932168425436548,0.08781392256993986,0.10219108537646089,0.07055155156616284,0.1594146153933824,0.06331629633150478,0.07430571498792268,0.07107019119919618,0.1439433635481216,0.08460751243456109,0.06947234421808704,0.0937534207461564,0.08496945405493565,0.2160415831997966,0.08008046877135859,0.05568983019908309,0.1168575998464964,0.07989633510539405,0.06432946216356082,0.07553140907236663,0.09056272006318451,0.09628953809373517,0.05829391439823583,0.07872652966349922,0.08110854511346785,0.05947677894794246,0.08895502388143271,0.06915633688281746,0.0897138261822612,0.06455977405761563,0.13153777808847253,0.0754175203778498,0.0629480549559546,0.07050486275515327,0.15738492042347954,0.08969531927047063,0.06584421152051306,0.04689430540801899,0.1073948189442132
Belarus,0.10687345879718163,0.16518632366282154,0.1196377718517882,0.09979435829102805,0.12314090423718117,0.10712099516084901,1.0,0.105751830511929,0.1404529306316538,0.13687408508416304,0.1156874106192902,0.12671305101985603,0.09709808088231478,0.13690152847803413,0.11265072106783529,0.26740045350855035,0.11481163524161705,0.13765469533267666,0.1048015994364134,0.12987699664212182,0.1118449680613792,0.10594634429739501,0.11135617016877448,0.11483611763795945,0.1423053487432949,0.1623797760468305,0.10520079001492574,0.11513651136994059,0.11181461421297427,0.09802992903249327,0.10186399806075246,0.1396523732693933,0.11811656569528908,0.1271280898663185,0.10628313981417618,0.1049418573614001,0.15266325241433962,0.14596235663958237,0.20476344378693265,0.13731598556253016,0.10561127015779949,0.10249246915979554,0.14005799235975172,0.14506226281933798,0.12733967539776522,0.11950734936046271,0.12979228072330173,0.1090339208255836,0.11829202620305898,0.14802740075374637,0.10539370739973533,0.11564329091243149,0.1675835905405214,0.1484749478826977,0.10971857976941246,0.11830976089332423,0.11190170794669167,0.10695435225299799,0.18683234454489814,0.10590828140499092,0.1114767426110959,0.1134704832638763,0.15190768569504953,0.1048648070984209,0.1070697664770358,0.1304746067540978,0.14848008259473738,0.2638429727106407,0.12330330932260371,0.10616445230117652,0.13173958074142364,0.10907871387421816,0.111048075112083,0.09435436202930816,0.12565026831740814,0.13078342657795813,0.12222826583815433,0.11072165552287336,0.12952714281097716,0.1058998400685824,0.1376032778683732,0.10296646191399698,0.09062945181817116,0.10426081827727825,0.15719764386639531,0.11548853272004571,0.10783818369875493,0.11035603819621166,0.16126759853086078,0.08752199058157065,0.11272630310140877,0.10600975357953166,0.13671180026418095
Belgium,0.04363318484151674,0.13982655096358285,0.05711981647306354,0.02273534083070064,0.09559216552682852,0.058644389179450786,0.105751830511929,1.0,0.08334669855548252,0.09907217720165305,0.05122724961634397,0.09094109742579656,0.09188755446668588,0.08908914660299107,0.04423813713637604,0.24270206443548845,0.04692360512987255,0.07985376320688091,0.0603373513213671,0.06642499884182035,0.04762399506221663,0.051603374335368095,0.026255812789276058,0.11996039308048491,0.08233594245496367,0.12865757198360883,0.035499024584636475,0.07431078653321596,0.0456449033357614,0.0332151244793014,0.025733487244136016,0.15879936819913798,0.07007947418891332,0.06686268506605038,0.05183118040308537,0.0462142258653759,0.11515367416679459,0.09545841717705564,0.15462152208946647,0.08666998500655458,0.0508404093610566,0.027882741763045282,0.10009004120720053,0.07042361480273081,0.07055792600652483,0.0772047815908259,0.08178024860086013,0.079349815954448,0.05051076324508025,0.09839828486862219,0.06299606868498651,0.04987857306283149,0.17850941846064758,0.09655013788458229,0.0631948836765764,0.061627480411348017,0.10061893340276684,0.05298244553866415,0.1455290354774165,0.036102594522698477,0.05941466002704945,0.0652231988430889,0.1603034224863166,0.06288190660764804,0.04144006173296429,0.07051806202426723,0.0649443958639108,0.21445269382121515,0.05377869402964314,0.05009840427590494,0.08306604653444366,0.05498896612146229,0.03221708091375997,0.05281392741554488,0.06439525488791974,0.08900707773903914,0.060755424790211184,0.049666724793164044,0.07333459151294244,0.042933310299788155,0.07055295196910377,0.03231212262316594,0.06850461824844396,0.03476897103616955,0.10547156570854505,0.09839312283372767,0.04625894459268785,0.05531646632443033,0.15501686422278257,0.08057510254951315,0.05495856586422829,0.041683065770401394,0.10462475005368654
Bolivia,0.10200911079629875,0.15675622781078993,0.11565059604366625,0.09066412255740702,0.13036137263341388,0.07740401490995533,0.1404529306316538,0.08334669855548252,1.0,0.14018358020151256,0.0826122755711655,0.14298933964911592,0.12866623722199627,0.08329070178826589,0.10697922905766115,0.255417120078769,0.07954040308084309,0.10381249805009521,0.09364854727884286,0.0973702477720018,0.11342117894335191,0.10388627692184936,0.09455690151919433,0.15406325862512793,0.06366575329988267,0.12341084274679338,0.08578139111259564,0.11290860810513743,0.0850103560594768,0.09561551028531991,0.08874903094733193,0.17297892401878226,0.10127742582382558,0.10795596533993844,0.08079986221404076,0.10294946150011754,0.07397978911433521,0.10839708339984191,0.17168943541758938,0.137125123201869,0.08826126855492811,0.09341845581187701,0.09643645907332059,0.07970975843772214,0.08094124662435691,0.08923749570076044,0.09044283920031793,0.08633609280558184,0.08558257758983909,0.106096338807134,0.1006541341791316,0.07639214037671965,0.1972731007318148,0.12450998065749208,0.1261494393082277,0.10761145747103461,0.12275015624084121,0.0751955985545658,0.18034101994826432,0.08333374141384087,0.09568925320079631,0.07665440191484402,0.14907652801424534,0.0979548677781907,0.09413929562934906,0.11322914336312652,0.07861627474588753,0.19519044432345167,0.10358711182593067,0.07702831073766125,0.14181026002221336,0.11126238500869984,0.08739786560269439,0.11127232278093643,0.11596050111329216,0.10563465486553691,0.06037690026707175,0.07894809422098863,0.08638247283900069,0.09433933009356388,0.09271939942669936,0.09586488605134544,0.11671948200547153,0.08912534101153026,0.13614499015736298,0.09913327026168478,0.07894516671098262,0.0818154281071781,0.15934210538547083,0.12331490761657887,0.1048782802561366,0.06729297691281484,0.09785098601178047
Brazil,0.11046328713564232,0.16521410434076458,0.12414406928591804,0.09290130001770917,0.13143784957338134,0.1290148438215614,0.13687408508416304,0.09907217720165305,0.14018358020151256,1.0,0.11588650440285085,0.11935120276693807,0.10659646619177997,0.1386617683249145,0.10689104823009946,0.25194669956624133,0.08925138013146944,0.1213510553392985,0.10256731967975372,0.12625755109673834,0.08636928184202333,0.10388785173329759,0.09894025010751355,0.13530530998892246,0.1405258175745778,0.18082885249940525,0.0945099341625007,0.13550631388533815,0.12259591508422732,0.1086465791069016,0.10364447360074207,0.1871466768064594,0.11699045616548066,0.11020537288619585,0.10579940189672069,0.1132593834075666,0.15098961052751603,0.14099981819102736,0.15521597080182337,0.1405111378743363,0.11593317868503338,0.10285388140343549,0.1432850680175783,0.12205396529661693,0.118480414462211,0.12523331270513216,0.12477737383083652,0.11996169463394651,0.11810690840759717,0.15136688113797866,0.11485179350581998,0.11327903316519361,0.18839203549356137,0.11520303187692087,0.10592462816270656,0.11566155029170394,0.13936500368310842,0.11929631976562123,0.19788317931861532,0.11268412780147082,0.10910003328596325,0.12598839455218896,0.19265273845823022,0.12429792336696081,0.09913351444269956,0.10552207427877044,0.1222112428963755,0.27098874168361287,0.09322597147194205,0.11402441695280491,0.12798725968528493,0.10266079143634768,0.11174063893772693,0.10254294375300504,0.11394656946000961,0.12075905566522291,0.11983173399478617,0.10032113184538802,0.11099406374508146,0.10884190945837309,0.10576296271274258,0.10442125895300747,0.11858789037021363,0.10738070306632301,0.13591787787570575,0.1326088464437596,0.10320593915143002,0.10960775782062981,0.1601293431339771,0.12032266413320128,0.12265623597584036,0.115236902341393,0.11093970950859737
Bulgaria,0.07548297849453019,0.15828812104308734,0.0934582164514215,0.049981442822357454,0.10222538032207132,0.060887664551276574,0.1156874106192902,0.05122724961634397,0.0826122755711655,0.11588650440285085,1.0,0.1053574363396634,0.11336702641853247,0.09145708754079852,0.07633628951317752,0.2679544959579277,0.06806488924709257,0.08097520417066055,0.07662170515878909,0.08319192512590876,0.0642982410138555,0.06427538463099564,0.06521460455518388,0.12137520693714905,0.08172772822625292,0.1243795493762521,0.05317001013472466,0.0821201228473613,0.04348993853266182,0.060407437323562324,0.051581332720614055,0.17863890802443416,0.07761384854876893,0.09811400489097181,0.056057691146183114,0.0635259739040918,0.10900772939591659,0.10446530128070003,0.16795955148091343,0.12071287049661295,0.07407367960837682,0.04994854015104942,0.0869795400905405,0.05510422018038292,0.07786549932077322,0.09098661356476219,0.09670018703721044,0.09512430527955752,0.07460285987173303,0.10731361864280996,0.07285932083219238,0.050580901791479026,0.1759803834883425,0.10301747093550007,0.09208683724229905,0.07663562736563534,0.11204091465958126,0.06773765555495034,0.1691058272547718,0.05220378189299586,0.08130288273518091,0.0703569376485248,0.15682984802483524,0.07605480251203584,0.06668409714190006,0.0980968087477119,0.07970256234428749,0.22029284355625975,0.0787908597983092,0.05917836949213204,0.10350441487036781,0.07522778833921082,0.04859240141700963,0.0733265719238246,0.09379006494404833,0.10365444516545898,0.06842881918217869,0.0720004894191023,0.07631084425628296,0.05868026935643016,0.08053621661732922,0.049806312135443453,0.08444160742302965,0.0662429485112519,0.11288375393135863,0.10229726911682209,0.06323793584203588,0.0697930763484375,0.13152222356236637,0.09869321859822065,0.07670074682622177,0.0485204106651707,0.10786217790694859
Burkina Faso,0.09146601752287893,0.1675771003140055,0.1128913294368501,0.08518246584429295,0.13636628750832333,0.11346397083455621,0.12671305101985603,0.09094109742579656,0.14298933964911592,0.11935120276693807,0.1053574363396634,1.0,0.11304644052194084,0.15832250350871077,0.10041647172923437,0.2635637822978032,0.11546401863531082,0.12394216409471598,0.114420900366304,0.1274847811211082,0.09870434877608684,0.08138025976213734,0.09213484196246768,0.1292163476823658,0.14194240117880041,0.1751214583495135,0.09540327256060258,0.11764909236848964,0.11405459027580923,0.08845572368879501,0.08786205396925784,0.18160829602635625,0.10568804954818628,0.11144674149169677,0.11383378092579882,0.08136767187215253,0.16747707507794987,0.1490063590315462,0.20133771656267954,0.11061071508844945,0.11025883124778035,0.08804362270527648,0.16413699697724274,0.12807235636826453,0.12804488953275608,0.13338738831548216,0.14485060956358575,0.11791492532418811,0.09489076358860822,0.12226171906309637,0.08181873492442776,0.09365286492223307,0.17146353492809643,0.13543911764278196,0.0812120294991857,0.12433605255238907,0.15229231784866365,0.12018893868297408,0.15918416280729628,0.08538037091770241,0.11311688944645758,0.10116044051297805,0.2020487082447507,0.11979412898735249,0.10284869231982435,0.08905961733635594,0.13178524413855613,0.26475305835311364,0.10517882184838899,0.11513905559094546,0.1188264806662218,0.0773202808060825,0.09323358236387856,0.08378924893927037,0.11527130483136605,0.11911565723351394,0.1211958863239833,0.10743596249271481,0.1303356997893481,0.08039641056544655,0.12926628231506118,0.08390099834479141,0.12320175010071924,0.10480906532191424,0.08277061291472582,0.14385341983205746,0.10780988977455247,0.11436216025447628,0.1938949805983509,0.11671290224306434,0.09185532980820493,0.10539035092210003,0.14521879868166782
Cambodia,0.10776034075315129,0.1751063024168206,0.11009172828604101,0.08922276750561516,0.13035282580841917,0.12102333509948358,0.09709808088231478,0.09188755446668588,0.12866623722199627,0.10659646619177997,0.11336702641853247,0.11304644052194084,1.0,0.13760650062075055,0.09870887271586733,0.24435524187112734,0.10035872329738184,0.11653778893382251,0.09079263920034773,0.11489257855739358,0.08974575635797948,0.0926869599550859,0.08950675442666642,0.1369837776752893,0.1395543890482882,0.17500219297222344,0.10209877670904724,0.10906590059611004,0.10856252201864858,0.0927002944933119,0.08615751577304233,0.14689557376447682,0.11278588051607684,0.10376088253338277,0.10422194677505722,0.09224490639656564,0.15913809744238824,0.14491012581311188,0.18640740762991176,0.13418922070938702,0.09406637253098034,0.08850801527583688,0.1582211688166824,0.13702722691458144,0.11644047254811711,0.1218211288863351,0.12490408112220368,0.1181994571075633,0.11157000900871698,0.14463649773323634,0.0855295443863527,0.10501658042579097,0.1971270863500388,0.12440295927013359,0.0821123015703628,0.1134916374403673,0.1406683064405243,0.10763861733493094,0.1878455062187842,0.08834401586404655,0.11083696129756335,0.09751310946118093,0.18787192665549857,0.09983430235186169,0.09467238984478026,0.12402796115562445,0.1283192395379248,0.23145355586129462,0.10576646115943462,0.10178615151035406,0.12117533487314221,0.09097283834516572,0.0983377284703991,0.09040008146382732,0.10547545182763181,0.12154874465389393,0.11965606142833764,0.09464376626276584,0.11675114123438543,0.09884070496434808,0.12897649688619353,0.09211727300572078,0.10973966183660679,0.08946609859253844,0.13351209723351876,0.11269470460931,0.10025705420177702,0.12049066352641316,0.18226987821151228,0.10267385256145288,0.10621654758032559,0.10504539342308371,0.11698671538772154
Cameroon,0.09931658320268373,0.14700969956713783,0.11505459652721331,0.0926821001665402,0.14021789525965933,0.08992244397566715,0.13690152847803413,0.08908914660299107,0.08329070178826589,0.1386617683249145,0.09145708754079852,0.15832250350871077,0.13760650062075055,1.0,0.10119242700198568,0.2683170986511029,0.08406125308765348,0.12762749019010336,0.09435842788164014,0.11478128377290735,0.107042275326569,0.10524163281182905,0.09720549130988254,0.14997208259086608,0.0880417040790583,0.16341780636381112,0.08688469741175903,0.10973701781494993,0.08668128509112887,0.09293676936143823,0.0905419873326691,0.17291143908445933,0.10471324528941055,0.1245290990219797,0.09051109571939292,0.10102637864684279,0.11744792972714027,0.11653488481330013,0.18491509514954274,0.13107215431070698,0.10198972852866378,0.08805541785860305,0.09505533523500989,0.08731036643589415,0.10884438271183522,0.11214205635776936,0.1083594535289231,0.11104506234753397,0.10228930496714624,0.130644437327269,0.12111890282659869,0.09986965149712512,0.21115690080006078,0.11381205398683703,0.13201535576995907,0.10334013316409255,0.1260051683971733,0.08031211338519496,0.1914464705210497,0.09529487392601407,0.09351284807672966,0.10322679769019745,0.1493059153113479,0.09130082898906802,0.0920609440652068,0.12300901229585948,0.10805591644524824,0.21676214201897867,0.11351610335477554,0.09030016220330828,0.149179173902696,0.1248525855543367,0.0888515019740541,0.11757420026456017,0.11524029152938889,0.11405443511337002,0.09099552438063951,0.09171754438542574,0.11372049012762234,0.09736900178103612,0.08713938641267206,0.09488933886446063,0.10866950188887566,0.09221213666728659,0.15679941140850137,0.0937694529586721,0.0970260244513978,0.08408402956989507,0.13487108484854543,0.1235800652628298,0.11646173827117985,0.08028686460558826,0.1307651836559191
Canada,0.06466794096159593,0.1274246820397326,0.06879456122214504,0.04996534514660113,0.10942909617722994,0.08400648266070172,0.11265072106783529,0.04423813713637604,0.10697922905766115,0.10689104823009946,0.07633628951317752,0.10041647172923437,0.09870887271586733,0.10119242700198568,1.0,0.2525217597261374,0.07007402117082108,0.1028511140284446,0.07276698486111717,0.07231035418573624,0.054171584941723507,0.06307218764414492,0.03611244430907065,0.11766457699868396,0.10241506361591832,0.1490429439611848,0.05613639876406103,0.08326949049834631,0.061372923140080915,0.031296209855242244,0.05123718060288724,0.1462433446914214,0.07326992841703524,0.09222307731394033,0.07139370024269526,0.05524808830154029,0.13609766026628559,0.08459908094672712,0.15921265924748917,0.06513352332589366,0.06765298602040218,0.04561465834590914,0.11651926938388416,0.09526483323462047,0.08892423417973899,0.0825234444470104,0.09399541056526335,0.08985930180218471,0.060284953433366886,0.11328483221851951,0.0860515050414889,0.08015559993233574,0.17077136908555923,0.09784691288418228,0.06284016685061151,0.0734676799017748,0.10745602780825673,0.07123606225568638,0.13432771239564276,0.0535777806708078,0.04713995186550805,0.0920241787595129,0.16291871736485167,0.07094094397420893,0.037791341559968085,0.08053542342078886,0.08799686607517798,0.22910818824800624,0.07064677315192928,0.08317428037728825,0.07509194351823455,0.07028611791621449,0.04227009775245259,0.06635733807578914,0.04442473156673871,0.10631183943616143,0.08208468289238573,0.06116690797777164,0.08425471087255482,0.07055360046152637,0.08634435821710569,0.04046926297060944,0.05964158979376487,0.04363101414550794,0.11241704930968045,0.12246994260708227,0.06120572092310032,0.0759726789892724,0.16560490421367158,0.07622729524236332,0.06631436156227484,0.06225736832626852,0.11853799860683997
Chad,0.24849503898751196,0.3403401095156466,0.25335519934770984,0.25204248159957915,0.2851512343819866,0.2678615073000265,0.26740045350855035,0.24270206443548845,0.255417120078769,0.25194669956624133,0.2679544959579277,0.2635637822978032,0.24435524187112734,0.2683170986511029,0.2525217597261374,1.0,0.25771891123978274,0.2691388092426026,0.26727300914546903,0.2731529670538956,0.2606151205993722,0.2551430826216928,0.2433672271927397,0.3007858724055547,0.26771922207613474,0.2869134754666366,0.2585020421858757,0.2824265498323504,0.2626313604623157,0.26037272271831535,0.2552563590761654,0.31317102900272753,0.28802520599418974,0.21069652131513672,0.24600032748791267,0.26875472296929426,0.2791483823435865,0.2892479746435043,0.2832703226776116,0.2583961054641516,0.2378780052035495,0.2542867557138333,0.28744702778857845,0.26136138361251027,0.25334750945162415,0.2742465493611942,0.2536239481175406,0.27041379027096635,0.26943309484337186,0.2720932527118925,0.2549013478086771,0.24989739795630772,0.3541514554976597,0.2861138081720003,0.27116103004433606,0.271966769764514,0.2701898055349574,0.25505463682919005,0.32854639553366766,0.2602000460909823,0.26053732332906876,0.25615372887414767,0.3425369629317459,0.25428967453050616,0.26376157488248747,0.2608678410939283,0.2609550509156461,0.3559494313203112,0.2689843489747645,0.2620653963722844,0.25488419393111517,0.25879693206346266,0.2627512033815516,0.24865817557436434,0.274097471620612,0.2650571482311728,0.2702622295284689,0.2474512506980926,0.2819778052925283,0.2630089745712821,0.23562424776991023,0.2578226329463317,0.24993982972371664,0.2582255180012323,0.2877792515888704,0.26950341132578914,0.26684248739498967,0.25594109873729043,0.3453702402039968,0.271032665900567,0.26325781266047565,0.26282490154887905,0.27108795729961827
Chile,0.06200036534488547,0.12994028045958492,0.06791243101902086,0.04581516109741762,0.10034151317084784,0.07257307064146047,0.11481163524161705,0.04692360512987255,0.07954040308084309,0.08925138013146944,0.06806488924709257,0.11546401863531082,0.10035872329738184,0.08406125308765348,0.07007402117082108,0.25771891123978274,1.0,0.07367333752048398,0.060665765680236204,0.06733022528310523,0.05715904490264909,0.06731782773183655,0.055974217956995066,0.11610040751984307,0.07671399186378243,0.13162851613058324,0.042183116955775306,0.09595387414552115,0.06285926172466602,0.062225786958240416,0.05198823761937755,0.1627427446777571,0.07596296851151496,0.0784898496748256,0.061154997667427304,0.06511009948348903,0.10966163253263479,0.09923547608079561,0.15215797163703115,0.10897219988653618,0.06638569033003831,0.0562456318016033,0.08735320566356185,0.0740302950514373,0.06540935960915294,0.06599261247831924,0.07995094020307199,0.07277150874904406,0.0676733675262852,0.10018700456679866,0.08479541454963004,0.07531241128545177,0.1717124334632626,0.09597487412330351,0.07867200705682442,0.06621285624721805,0.0911082276150043,0.061265898065487365,0.1518818177248393,0.06401193945176599,0.06742936352556558,0.07625396708070217,0.14646442473837398,0.07249425551759525,0.04958276836374357,0.07643396812851491,0.05966603284286691,0.2180099273892028,0.054099568562194625,0.04563187830836868,0.10427180576028715,0.06628504872979497,0.06070754259878729,0.07630545081833111,0.07568593876258425,0.09421423889759184,0.055909842823839144,0.06404499457724093,0.05503630625040383,0.06277741158054982,0.07597408148821448,0.061779128864423535,0.08160042072533102,0.048709129196795715,0.1224147575883272,0.09226647140961522,0.05048347020567082,0.058018576933900994,0.13675537859451717,0.08516439940578223,0.08110979547937439,0.051938628991825844,0.07802723642978407
China,0.10647186113226809,0.1638000276806715,0.10297674989796722,0.07556014520220697,0.09511048599155965,0.09418211545745217,0.13765469533267666,0.07985376320688091,0.10381249805009521,0.1213510553392985,0.08097520417066055,0.12394216409471598,0.11653778893382251,0.12762749019010336,0.1028511140284446,0.2691388092426026,0.07367333752048398,1.0,0.09369240802239785,0.0758963531106897,0.0952141875594478,0.08943352512128233,0.09149107964739682,0.1204521715791526,0.09874271384601761,0.12905859031638187,0.07854255254111156,0.11348732008207331,0.07918754409917261,0.09226690442207346,0.08044652235979631,0.18764036261441033,0.11318755949465917,0.07936648046621185,0.07369772122538218,0.09547290279713518,0.14071845606707123,0.126700048835165,0.16277380549422368,0.14218427497023353,0.06329192626145973,0.08821585950260726,0.12184739478068049,0.09229867049127179,0.06833200266873074,0.0882341566660282,0.10081344476944852,0.11619910012582804,0.08960964475485063,0.11692647265515843,0.09199674021538241,0.09562763195517322,0.17640143884135204,0.12913755203223212,0.1017371512502405,0.08391937091873382,0.13091055069592944,0.10627044228783862,0.15834299907343166,0.09016945036764516,0.1151532851386303,0.09141547953889624,0.16064610358699583,0.10759923378004135,0.09126714815286417,0.11022145359400079,0.07949831904492917,0.22031945964113903,0.07353417764476418,0.07842397620795981,0.09205246881937544,0.08180936526798062,0.09318794521598231,0.08703380599932886,0.09862642030917383,0.14174040950868563,0.07614203391298087,0.10325934395447668,0.06622095549744787,0.09459758240429395,0.12743672759975228,0.08987373248352477,0.0997167530142972,0.08117682527948121,0.13627044559699697,0.11624168465388657,0.08435654592312311,0.10482456777389197,0.16728046850774408,0.10717465325368332,0.10719186402650414,0.08067378824000043,0.08692505188656982
Colombia,0.06485285269327776,0.13366094596310166,0.07625853117610179,0.05829149757636542,0.10109435848306225,0.0672933397078224,0.1048015994364134,0.0603373513213671,0.09364854727884286,0.10256731967975372,0.07662170515878909,0.114420900366304,0.09079263920034773,0.09435842788164014,0.07276698486111717,0.26727300914546903,0.060665765680236204,0.09369240802239785,1.0,0.07505111553185428,0.06720265102554013,0.07190315173420639,0.05499835988801399,0.11424078998241775,0.10259529462569882,0.14686015936001454,0.061878515972209176,0.08214487223873886,0.07759679309819836,0.06124790035736587,0.05671798236929983,0.15470425235615784,0.07846329112100203,0.08711664340868318,0.08428368109253419,0.06621966730839757,0.12007959441533743,0.11391292227720129,0.1667096270968928,0.11287840860512412,0.08121585781780098,0.06591881581757741,0.11004106913452781,0.09549113821997293,0.08874147331567164,0.09618408969302251,0.09515256014633271,0.08241197787482625,0.07411888976524621,0.11774640290454377,0.07973663190793691,0.07729414828992735,0.1699787513117926,0.11160666182354775,0.07843499094212542,0.06298024026967813,0.10132676433366741,0.08500494497227573,0.1530835402294862,0.06985692201474612,0.07347388928738337,0.07287564348961967,0.153068330081144,0.08588729790425875,0.05688035437129824,0.08047577158620496,0.09548087665185867,0.2198523707632717,0.06869399902452714,0.0744027272842158,0.10975384397955922,0.06763809471875257,0.06273595533344362,0.06976419119933004,0.07616553452344878,0.07916830496991772,0.06477305259342324,0.06747273090389301,0.07571956180276038,0.06721406543697887,0.09718207061895262,0.06515150709053225,0.08070187647800517,0.06260087858674628,0.127923052367148,0.08318132840524224,0.06336641344717181,0.08449288536764588,0.1584259903370462,0.08179086478515162,0.07206941414179023,0.06999976967842057,0.09360299289152445
Costa Rica,0.08778069382094718,0.126859138564036,0.07673488317956373,0.07452730083791115,0.10588506706809285,0.08778032532995284,0.12987699664212182,0.06642499884182035,0.0973702477720018,0.12625755109673834,0.08319192512590876,0.1274847811211082,0.11489257855739358,0.11478128377290735,0.07231035418573624,0.2731529670538956,0.06733022528310523,0.0758963531106897,0.07505111553185428,1.0,0.08199128055116213,0.09680399420797423,0.06433943828646303,0.11773646447234985,0.08946826064528937,0.12977457498929518,0.0698677656441939,0.08840682135898788,0.06215007763423794,0.07183430900897508,0.07546841316229641,0.1708028410643052,0.08205513169144363,0.0893716105627994,0.08181148643731481,0.08015281369265911,0.12681592813802525,0.09390866682053398,0.1494475417964626,0.10551840517586232,0.06950423946784341,0.07833462708597116,0.10016230410801025,0.09816330286981746,0.07937843285922104,0.060829014989309,0.10177426496531332,0.09934762342187,0.07836512224503427,0.09402030613808887,0.10214813461886706,0.09766904710241582,0.1792735910510299,0.12074167022991882,0.08853192418185013,0.059257935280435166,0.10672442622055353,0.08585828580846935,0.12884884010931041,0.0788994108502397,0.08446425821853881,0.09555993730977944,0.15969776956998705,0.09168409254834245,0.06384632699003169,0.08576029050847124,0.07715729499265707,0.20752384768883264,0.07468963894745566,0.07829622334157359,0.08429592015306821,0.08329616758851256,0.07132789817595449,0.0942757602841692,0.06412256712580805,0.1248621459866909,0.05949504715532278,0.08096547822205272,0.05720069142653506,0.09059763245015143,0.10900309731251681,0.07589798146516498,0.07787137335467927,0.06063135460599841,0.11835893586540745,0.12692983178473585,0.07344138926326836,0.09087429947120415,0.16293190065059043,0.10234065660083579,0.0842110125247742,0.07140759039892637,0.09951245145611622
Croatia,0.05787371571280205,0.1467459706157169,0.06595207351832826,0.04280787961921737,0.10356121217828666,0.09079601279568379,0.1118449680613792,0.04762399506221663,0.11342117894335191,0.08636928184202333,0.0642982410138555,0.09870434877608684,0.08974575635797948,0.107042275326569,0.054171584941723507,0.2606151205993722,0.05715904490264909,0.0952141875594478,0.06720265102554013,0.08199128055116213,1.0,0.05147259018432329,0.045164931691451624,0.12003889609514844,0.1120566817542771,0.1485926807329291,0.05772938265216772,0.08949291197505779,0.06702081605328054,0.052373543462526415,0.04693926171814994,0.16504949331449312,0.0690086053757922,0.09228800294093849,0.07746268440536287,0.05278568323923953,0.14043590980034532,0.10998328616398499,0.16102566198753748,0.10087233305712255,0.08271105323030704,0.04313179618197447,0.11048550758430194,0.08727538373400728,0.08964623605482618,0.09408133596643364,0.10386873043242216,0.0993521417772531,0.07706400022331822,0.12006108707557751,0.07958840201447258,0.07669481845835217,0.17275184222349182,0.09041352893012175,0.05746732303123639,0.06876906342048641,0.10824383773005372,0.0744535458496724,0.15048832902759765,0.057383927544106844,0.07140305176163173,0.08876671200629255,0.17268726094855708,0.0736361186852612,0.049365009470983,0.08569390524833242,0.08765552476932593,0.23262733125233576,0.06344650513491996,0.0717542956855523,0.09010916380256954,0.05509990350735759,0.04770148274986335,0.06541714413174035,0.07215366690070063,0.09484717945273799,0.08948003922985218,0.06827459102639069,0.08274254303685473,0.05742620886361004,0.08254006468464273,0.043345430359899524,0.07983280867814085,0.05481186665809745,0.11042872329323272,0.11831788818318945,0.06463226843910665,0.07434987789603857,0.14365077494090134,0.08456382518806006,0.07544322576916089,0.07162486514984377,0.1108090433187857
