Country Name,Albania,Angola,Australia,Azerbaijan,Bangladesh,Belarus,Belgium,Bolivia,Brazil,Bulgaria,Cambodia,Cameroon,Canada,Chile,China,Colombia,Costa Rica,Croatia,Czech Republic,Denmark,Ecuador,"Egypt, Arab Rep.",El Salvador,Estonia,Finland,France,Georgia,Germany,Ghana,Guatemala,Honduras,Hungary,India,Indonesia,Israel,Italy,Jamaica,Japan,Jordan,Kazakhstan,Kenya,"Korea, Rep.",Kyrgyz Republic,Latvia,Lithuania,Malaysia,Mexico,Mongolia,Morocco,Nepal,Netherlands,New Zealand,Nigeria,North Macedonia,Norway,Oman,Pakistan,Panama,Paraguay,Peru,Philippines,Poland,Portugal,Romania,Russian Federation,Saudi Arabia,Senegal,Slovak Republic,South Africa,Spain,Sri Lanka,Sweden,Switzerland,Tanzania,Thailand,Tunisia,Turkey,Ukraine,United Kingdom,United States,Uruguay
Albania,1.0,0.14299863862948758,0.05062865782633534,0.11025056257507238,0.06721455505860999,0.1106746819444141,0.04630189171866126,0.10287936127779557,0.10430604154582629,0.07873669833369157,0.10882261832597796,0.0993260924508738,0.06765178433706799,0.06152188018997869,0.10955514748700364,0.06658957137158301,0.09076539470707146,0.057223071164696604,0.05994466474146295,0.04800984766984398,0.10526236420958837,0.1293747527700789,0.058149386612370964,0.09292860586648857,0.07764544776473915,0.05442973245629773,0.07075578038227275,0.051605708346689934,0.16638357351597294,0.08167920124194407,0.08526383096925122,0.05656858735916283,0.13318760588563258,0.11838664556983146,0.08349725974794181,0.05384616787447717,0.11181070053704019,0.09071630610457643,0.09589346629039625,0.10101052387368127,0.10229439342025234,0.0880547292868375,0.10978983208802241,0.07975343364406567,0.07266965462366301,0.08462436688574315,0.07212103269221015,0.10033673110715328,0.07234713922181579,0.14087548123466148,0.06233051701577199,0.07662843197555473,0.1692961655567938,0.0763673606497706,0.06367861858450145,0.06633097039985442,0.09292749747761074,0.2348248908095218,0.07279695562106184,0.0724750520910997,0.10645841626095799,0.06033571316798666,0.053612101626357656,0.06665212772104817,0.08734830100088001,0.0779659108667948,0.06590542173260262,0.046862801514746255,0.08647676961073192,0.05374937610800031,0.08522168574758082,0.06380670385951744,0.12044342540133339,0.11232042866915386,0.06987359971407905,0.0614531710460094,0.060137492258102346,0.0866710810288136,0.06896846774635905,0.06918887318841002,0.12483654126007258
Angola,0.14299863862948758,1.0,0.1439585298820721,0.1500363640835461,0.14401371018778183,0.16964104423708926,0.14305581195834408,0.15945247265888027,0.16340016934672713,0.163047402194224,0.17938508507121387,0.149654619199888,0.13041297967978868,0.13210167988652913,0.1675673631187403,0.13704519146140884,0.1297864942338237,0.15018566003695447,0.15620667129525917,0.1388928057775312,0.14393425444783486,0.1714233174399653,0.13545765168103419,0.15287563073519847,0.14440872589112466,0.12697044100343993,0.14745871784485218,0.14334033138503463,0.15480996805450928,0.18255600570635122,0.15560081198171635,0.13771405515681695,0.17479443081411403,0.10477244501364434,0.1533258261726979,0.14248855163593718,0.15476193100593919,0.16782880892592839,0.14908913369587948,0.12054228583002805,0.15346869068369776,0.13176696164296814,0.16026007381867333,0.16696274431853167,0.16804967649779995,0.13769331990695846,0.14315040166045695,0.14492172515894053,0.14641702918220736,0.1380668705453691,0.14223390806196615,0.11838170879531397,0.13143464407988598,0.15046804589301668,0.11590890697189055,0.12073609081835153,0.15242427724166324,0.24035019885216174,0.13980293561285334,0.14678051109163218,0.16683976349594049,0.15542395250890537,0.13494553156789024,0.1641705145389904,0.11812481353964516,0.12505006958373216,0.13538871846666084,0.15023995191555228,0.17707290561943678,0.1413944928568507,0.13728158650949085,0.12683609265048293,0.17186463609495536,0.17675799869846515,0.1290386566833556,0.13448242208390668,0.1512744417752626,0.1516876273954972,0.14529537260620873,0.1362887671414168,0.17116134833911525
Australia,0.05062865782633534,0.1439585298820721,1.0,0.10545728867722176,0.08216879763868597,0.12199338591683907,0.058162952987798014,0.11609572108378893,0.12140623531390801,0.09595400116198607,0.11441352836930933,0.11690802447689463,0.07066825359461489,0.06867354263261764,0.10517382854365864,0.07996325316398908,0.07805795916290931,0.06742451859471892,0.0827945566969217,0.05817648131233025,0.11149806997387551,0.1284209208077498,0.0760902610994713,0.0897302622310572,0.07927121698406704,0.06295445347870358,0.08624024604142974,0.06379040342601776,0.16657018617636002,0.08312969003448252,0.0999570204218948,0.06895236761570236,0.14720705107367033,0.12114128808377558,0.08667831826284943,0.06754553737814069,0.12475377257845519,0.11034795619337731,0.10472363123008546,0.09584826824084273,0.10777853467211967,0.0989983837055222,0.11412585590024414,0.09304902871788269,0.08920431752878258,0.07784255251437747,0.07422112067691045,0.10669314626361358,0.08687549399480342,0.12245267987238123,0.07547903473672689,0.08116578801341083,0.17152298031708743,0.09311423690767631,0.0680447148479838,0.08654459204209089,0.08236593047907402,0.2255984483188361,0.06520055632194853,0.08009852119604949,0.08782076159946862,0.07353751439568469,0.06669494621455123,0.07453398702323827,0.07524404529699458,0.0897591009769065,0.08260914060762434,0.07327339911305639,0.10638813236671223,0.07185791888916891,0.08974729228603663,0.05821090450357475,0.1356076440117671,0.12810538495680604,0.0753750714478693,0.07706995877473818,0.07893312247135562,0.09074439727461024,0.06388772201430208,0.08218151301089745,0.13051283803335603
Azerbaijan,0.11025056257507238,0.1500363640835461,0.10545728867722176,1.0,0.1041374687342013,0.12488644014655102,0.09262748959750815,0.13377049204928007,0.10587213652574244,0.10269328530310036,0.12132461819284979,0.14385141066738782,0.11035195104614012,0.0899106920925481,0.0896456284310933,0.10025553791607164,0.1035727121192142,0.09258560948215115,0.10690111419714855,0.09876481873796224,0.135421946644768,0.12041949045014665,0.10143206146861779,0.12372534402284097,0.10464385887391664,0.09685419921795986,0.09080041442259493,0.09289692171028659,0.17068066411194577,0.11768089139298887,0.09827211176217433,0.1104281394574582,0.1519780862971156,0.12299193375429807,0.09513124904717168,0.09981148314421681,0.1309714840439364,0.1283703489178089,0.08416124182569731,0.0979105917173215,0.10931721006503872,0.12881694724377551,0.1566048899898708,0.1069034522040096,0.10997577252462624,0.10766125247283354,0.10467196089052326,0.13506071695929683,0.11273821347306909,0.15795097669389754,0.10605021172843253,0.11641892893678733,0.14947296521115644,0.123549037809778,0.09690462727170407,0.11414077503294703,0.10264847050074725,0.21852796191657398,0.08424741664157773,0.090202190812636,0.11200312365903768,0.1001069576825616,0.10254684983450457,0.09969857327923545,0.11474405831274367,0.09946268979414326,0.10038374807842038,0.10383889068085256,0.14096367894653397,0.10457053439489289,0.09931324125829323,0.09153463939259145,0.14676900246013133,0.13184587943372847,0.08494728698802817,0.10280673157750855,0.09758797396098828,0.12323798393147561,0.1060045304607356,0.10715171797129117,0.12698374490115524
Bangladesh,0.06721455505860999,0.14401371018778183,0.08216879763868597,0.1041374687342013,1.0,0.11008381012651279,0.05220321098112921,0.07754884267567635,0.10609188043728124,0.05902926157163156,0.10677784032774564,0.08643106003059041,0.08181777901680772,0.05429702329010525,0.08907510893451713,0.056916010041652886,0.08357557895937727,0.07695651796551496,0.07492026328125906,0.06452430149833695,0.07291559076853465,0.12009111647325614,0.04903273389250173,0.07681928661723124,0.05969168639817376,0.06115699529428087,0.06870456100380665,0.04990316620394652,0.1737790254433569,0.09368438444377719,0.07123356160654869,0.05597522943552866,0.09446589461584011,0.107907221841129,0.07550367854658772,0.057639917144818566,0.09654967224246172,0.07765274607059917,0.08963711250189131,0.08997038557302026,0.09513986294661948,0.06649319726681874,0.09680899786602383,0.07321073243990253,0.05790066098750486,0.09068558456265147,0.08479204965747762,0.09920691750540862,0.06911939617185699,0.165384833942316,0.059351760378171185,0.07072946628840751,0.14545576783535888,0.07880370642221206,0.06183714083211281,0.08816303740303899,0.0792465140411028,0.21881425681179473,0.07470508104164705,0.046206348625105406,0.11953680206697577,0.07304050819120533,0.05880105234984806,0.07402017987833519,0.0880492992745975,0.05755815148523033,0.07334575177638152,0.05564846772082503,0.08406482972595226,0.06304768707490906,0.08940480708337142,0.05898346278518478,0.13089479296749174,0.06745674681442819,0.05595924359855234,0.07122586717803478,0.07692160368368643,0.09063724568034907,0.059431565846697246,0.042045770269072615,0.09872922034832339
Belarus,0.1106746819444141,0.16964104423708926,0.12199338591683907,0.12488644014655102,0.11008381012651279,1.0,0.10951838976426992,0.145110225392045,0.12721024554486063,0.12077366011316233,0.08748014629658171,0.1399952623041217,0.11683968452161628,0.11478306732871972,0.14114655180884253,0.1066899269264607,0.13378315792382495,0.11084345309451936,0.10925533152193513,0.11424393376547272,0.14700194570058692,0.16008441908893536,0.10872234486527216,0.1183075637983403,0.1160191333182614,0.10117500212312966,0.11832771170184182,0.10556098627786396,0.14201665498107116,0.13131762298463165,0.11033142675704646,0.10654992067454032,0.15815665070268006,0.14995231074750692,0.10980727785771127,0.1051823812982255,0.14476642327346997,0.15218248020481376,0.13154330635162756,0.12286153264020913,0.13375347062878837,0.1132760429842382,0.153738373446872,0.10744430491759738,0.12078499243876173,0.12248053248866085,0.11051210996703972,0.11509727664553601,0.11145650817944984,0.19376517088051853,0.11003481453239623,0.11548257120425633,0.15444730736211706,0.10625275918633233,0.1101446168933692,0.13402421158031602,0.15329007304860348,0.27029307849616174,0.12738270172109656,0.10950802756893112,0.13668397604158428,0.1118884480937531,0.11475098156957814,0.09813708096860796,0.13025365943572204,0.12662835799821653,0.11240621445426309,0.11042160584498292,0.14254025882733934,0.1061967726959977,0.093538994162688,0.10778642551077039,0.16332022666499285,0.11746775066295437,0.1109201497161817,0.11478346049257038,0.10410463060088108,0.09098756355258503,0.1161283691236254,0.1103955473918498,0.13789669090481255
Belgium,0.04630189171866126,0.14305581195834408,0.058162952987798014,0.09262748959750815,0.05220321098112921,0.10951838976426992,1.0,0.08340077251268366,0.08880182444564626,0.05302384496697581,0.08959993475417669,0.08864226356793586,0.045950254157308704,0.04366487448108011,0.08078436141545796,0.06127224539065071,0.0682684759825376,0.04378839782151117,0.05374953031049,0.025530747922260226,0.0845719136986617,0.1163107188457191,0.03701934900290654,0.0756295315369306,0.046143219007827606,0.03163755298755218,0.05904472444870507,0.026481976436701596,0.1617076413515442,0.06930258738234774,0.05214221692385188,0.04640840484146533,0.11731710726788887,0.09585025113030453,0.050047956347779705,0.028060513709305603,0.10186428090660427,0.07324967849010268,0.07171789305915732,0.07902834939748164,0.08287802855005909,0.08318145818539419,0.1017617003022833,0.06506138168219458,0.051654575805210386,0.06457133167158956,0.06391119534416562,0.106534801651632,0.056054609471723096,0.1482447538738983,0.03764270350705053,0.06183167010484631,0.16132287950401197,0.06465467936559247,0.042762139762207385,0.07267352170744303,0.06700886887530931,0.217965454823846,0.055408423770875535,0.052008674029292455,0.08396114382123468,0.05754354729543777,0.03147806181108529,0.05461641603906223,0.06702628626236368,0.059840718870858296,0.04579180752968188,0.045541202714603914,0.07484216080023103,0.033900427769741476,0.06852872749217824,0.03549664870842848,0.11079108849561131,0.09979382697056782,0.04530746051984058,0.055363711901037636,0.06513296144523131,0.08260687407223906,0.05588540493341377,0.04280158076225352,0.10588673224545271
Bolivia,0.10287936127779557,0.15945247265888027,0.11609572108378893,0.13377049204928007,0.07754884267567635,0.145110225392045,0.08340077251268366,1.0,0.12581289211518532,0.08440573067372975,0.1225901208604774,0.08444561305685974,0.10918263666624037,0.07132704644755704,0.10356508165947402,0.09346563373754341,0.09782193102080068,0.10909148676518582,0.10418427977203118,0.09455301580050088,0.06384630377280169,0.11627518338064999,0.08605285271536453,0.11274839545609093,0.08724587300813447,0.09802719323902351,0.09479372919067124,0.08990500039514189,0.17615479519274407,0.10945900902553428,0.0826063717444459,0.10124779521470904,0.07556505390035434,0.1077267694465806,0.09027863159017264,0.09391695820519683,0.09977165281013645,0.0821708621513825,0.08166382906867184,0.09018236321629276,0.09129990621069951,0.08755077209249351,0.10778239226460569,0.09921362465768915,0.07779204408551747,0.12070134559442162,0.1251809295482256,0.12496905418154089,0.07690804681667184,0.18651717862900868,0.08451388939373536,0.09727490299896664,0.15259058122341868,0.0991616879204576,0.09376289092794374,0.11287529926613889,0.07731795930517821,0.19831865275991034,0.10364482654288235,0.0750375186655835,0.14555854671358912,0.11168943752123038,0.08863359528764991,0.11358158782419388,0.11764451825713627,0.06216931471776418,0.07864424928502799,0.0960891707570177,0.09246065239449609,0.09640464958647091,0.11990389745392346,0.09011373851898598,0.13894767875692413,0.09971892076254385,0.07578630587773523,0.08428220754969817,0.10370582684571936,0.1257352696273273,0.10698877831022728,0.06749452083380197,0.09425558096313025
Brazil,0.10430604154582629,0.16340016934672713,0.12140623531390801,0.10587213652574244,0.10609188043728124,0.12721024554486063,0.08880182444564626,0.12581289211518532,1.0,0.10497838870877206,0.11006701690828659,0.12624089498440938,0.0961709091250143,0.0881151678328108,0.11711779180971772,0.09339121820793035,0.12182576702738017,0.0862803421168784,0.09866980338708851,0.0894954668553754,0.1341880360265484,0.14790291730365446,0.08349286207579434,0.13446069938331515,0.11102734130180393,0.09293581853002841,0.09956118255942299,0.09272832805053098,0.18465598708062445,0.1020583367391919,0.089892644565888,0.11260624536426415,0.13775708506612336,0.13507155366131476,0.1012297479280023,0.0940864289266358,0.128658682458678,0.1087278402103789,0.10914997666960462,0.11746756412752365,0.11521733483818966,0.11223864140953689,0.14690395861861766,0.11449494046929333,0.1005538609520364,0.10960960455836186,0.10688549396968865,0.14016806885723132,0.10861063763686925,0.18826800855982498,0.10253831656119987,0.09915430801718941,0.1812711490191613,0.11588777107794093,0.09239598409416738,0.10235775041017177,0.11821124661372702,0.2727282919613972,0.08583345226971911,0.10995780154142047,0.11335763164649747,0.09838650774961576,0.09965080148663653,0.09085690308939358,0.10825330739480099,0.10199424448122844,0.07577767692334869,0.09908019512624416,0.10127931115878755,0.097190101164073,0.10200839563285519,0.0971782998073236,0.13756601452831682,0.12579444019238034,0.09623158129197118,0.08835495866906697,0.07572670736945458,0.10933590906274417,0.11347180002860983,0.10515300024783715,0.10762568508931283
Bulgaria,0.07873669833369157,0.163047402194224,0.09595400116198607,0.10269328530310036,0.05902926157163156,0.12077366011316233,0.05302384496697581,0.08440573067372975,0.10497838870877206,1.0,0.1110824544847022,0.09255500852365171,0.07990754233511473,0.06518591714263017,0.08246800853399938,0.07841337768316103,0.08601097023543225,0.059000266374656885,0.06611212603143578,0.0668196305551702,0.0840994579493066,0.11461413334517201,0.055161796084793546,0.08410704374743874,0.04476995585679935,0.06247820938714245,0.06758119745074144,0.05363827300788805,0.18330184668978608,0.10183913707929143,0.05822594603570779,0.0634116531372402,0.1116971419596014,0.10621801636426464,0.07697941666793004,0.05035089934469333,0.08879845141467939,0.05764889641549897,0.08046408463103573,0.09384812367336473,0.09939261729157475,0.09942145142369709,0.11132802539390284,0.07421194350373499,0.0531731391379047,0.09010648546736674,0.09348002035399623,0.11681315603423104,0.07115867098049854,0.1751559362956188,0.05424660129936468,0.08488644672293244,0.15946020130164182,0.07722897508053385,0.06884115923464822,0.10105872039322752,0.08190735490076871,0.22488531298013378,0.08156364576831447,0.06058485282865809,0.10722078508656858,0.07730200016128357,0.04908291430381271,0.07684657783539812,0.09786029606959055,0.07050636179776053,0.07179569545647935,0.061459141794897504,0.08318345961984352,0.050800788813565256,0.08715370253271841,0.06904359739966733,0.1176647403706925,0.10438745565940533,0.06400423256825251,0.0722964938463325,0.08132467001978083,0.10248752613039071,0.07934697462562156,0.050862792969964626,0.10839432292037127
Cambodia,0.10882261832597796,0.17938508507121387,0.11441352836930933,0.12132461819284979,0.10677784032774564,0.08748014629658171,0.08959993475417669,0.1225901208604774,0.11006701690828659,0.1110824544847022,1.0,0.13599982615467676,0.09717279269736517,0.10506035058051835,0.11778419797739223,0.09144114426899326,0.115994218000265,0.09490121867087967,0.09285643829034816,0.09000064266224247,0.14108043216987284,0.14953066416946434,0.10217536786132551,0.10893697709776959,0.1050044221190088,0.08734160587356965,0.09607186827190903,0.0827735466363671,0.14687853312142315,0.10316789817896954,0.09881818134354162,0.09495741656333878,0.15445091089436047,0.14272423440872914,0.08472947378779638,0.08820728858018587,0.1563394315413229,0.13513570673606964,0.11460224814048445,0.12260996881329944,0.12229386900975875,0.1179254910145974,0.14427959604304372,0.08670323581597303,0.10150881436061468,0.10285399542048876,0.08366048754005821,0.1469029775981548,0.10574108034192826,0.1856596743166492,0.08435234778256903,0.11075061465630068,0.18488530310394036,0.10034259008644068,0.09559818245941748,0.12801355620312885,0.13206176062515895,0.23301819593989942,0.10733391873796162,0.10181609012227474,0.11468880750206616,0.09272516526351972,0.09617514184674392,0.08548333186642249,0.10585307729446031,0.1134480671358446,0.08842241382810188,0.09659915576028134,0.13423964249644216,0.09180075101065795,0.10377882757011397,0.0871460829809779,0.14085682464707203,0.11213825532908923,0.09713550013017955,0.11554249517687012,0.10248577532016519,0.0950570839194624,0.10575323902835311,0.10172256578110563,0.120397165614262
Cameroon,0.0993260924508738,0.149654619199888,0.11690802447689463,0.14385141066738782,0.08643106003059041,0.1399952623041217,0.08864226356793586,0.08444561305685974,0.12624089498440938,0.09255500852365171,0.13599982615467676,1.0,0.10289844390832352,0.07867415245028983,0.128867449830855,0.09574723124520423,0.1161245635381769,0.10326018655943228,0.10523317585632379,0.09837861589537637,0.09011565192620154,0.15515377665689187,0.08722626649909675,0.10858386376621308,0.08815502260298899,0.09475687037805951,0.11207911026010603,0.09123821410077666,0.17667707481135944,0.12673603172460432,0.09163724962596638,0.09960000236431832,0.11834596138197404,0.11415788927797198,0.10274907210663793,0.0884938706891608,0.09759231137143759,0.08771126371031944,0.11014878662646602,0.11477117038475493,0.10897135645287248,0.1129689062708386,0.1319631169321824,0.1218082555159456,0.10172450215760195,0.13392799837516972,0.13173407276889537,0.12906974573563706,0.08201052469255854,0.19661688986971104,0.09676588766635386,0.09489739271230184,0.15259757454545408,0.09407236729187356,0.0917273423507596,0.12341599829617207,0.1096771594160199,0.2201670909639975,0.11403980248642556,0.08897993305523878,0.15169036494354057,0.12677838305190411,0.09021163839471777,0.11909440258066245,0.1164611992363753,0.09219930252185851,0.09388908162283895,0.09811313989872525,0.08732983569964194,0.0949588976524391,0.11116322273802683,0.09348185410212859,0.16194737461129,0.09553868132147261,0.09366189980065302,0.08510293026751618,0.11314743346316256,0.12390883844107715,0.11979704075302952,0.0798592507141181,0.13139659543530077
Canada,0.06765178433706799,0.13041297967978868,0.07066825359461489,0.11035195104614012,0.08181777901680772,0.11683968452161628,0.045950254157308704,0.10918263666624037,0.0961709091250143,0.07990754233511473,0.09717279269736517,0.10289844390832352,1.0,0.0684645127436889,0.1049343948769102,0.0752513677207243,0.07381908664717723,0.05013643094340133,0.06577847006672316,0.03672961983098591,0.10593493586709848,0.14023878071220697,0.05835968649340752,0.08453413943629512,0.06382657523553464,0.032316062403179906,0.08402851116854247,0.054260573306279834,0.14920568684977834,0.09508938911447047,0.07315800066376081,0.05572103081290405,0.1392601842899567,0.08318319104307782,0.06813766804782881,0.04830135157761102,0.11975078026049844,0.09962577776640687,0.09092047981422544,0.08491428345400726,0.09526222343986458,0.09356530456232363,0.11656567940166374,0.08961220178344405,0.08427020715834001,0.05524660976882691,0.06220243692270012,0.1127766533927268,0.07576060324440424,0.1371048309662345,0.057250080384220546,0.04895539843928828,0.1654792481551949,0.07496220526406762,0.038254038579744194,0.08210286879898214,0.0910281260543809,0.23357207680006298,0.07275625854934226,0.0861783022108776,0.07559965214993652,0.0735992698165499,0.044627206556903984,0.06886261625432642,0.04551136053745692,0.08338396822847992,0.06156902340268978,0.07508684158644115,0.09054262179701733,0.04276690143543547,0.05987818378841657,0.04563170211474318,0.11838001136517692,0.12573080235261586,0.06003464923062835,0.07860950466268164,0.08628131236928877,0.07715190896439554,0.06906200633582624,0.06446482904349563,0.12013534402790113
Chile,0.06152188018997869,0.13210167988652913,0.06867354263261764,0.0899106920925481,0.05429702329010525,0.11478306732871972,0.04366487448108011,0.07132704644755704,0.0881151678328108,0.06518591714263017,0.10506035058051835,0.07867415245028983,0.0684645127436889,1.0,0.07410641380148582,0.05966049129561997,0.06700050803801805,0.059964075603122634,0.06875581120248579,0.05458210884557691,0.0751795770136601,0.1051635166561598,0.038800459470447565,0.09815817715612564,0.057642991210365854,0.05616065586479592,0.06182356278970614,0.048839673333996185,0.1650143754121553,0.07850661109618955,0.05503007300566214,0.06755673580645376,0.10488705890120223,0.09705668751434042,0.059151097451698366,0.05559118087957296,0.08047292290915424,0.06929580691246978,0.062264784871951334,0.06377225488773051,0.07700466505229163,0.0718642627137539,0.09964945944311396,0.08922561816573965,0.07292745902275419,0.08079529808508716,0.0823998072447843,0.09566800802800092,0.057633402863389104,0.14850638101290287,0.061964564545550084,0.06584984487787293,0.14233533941401771,0.07120309299116759,0.04908280573826008,0.07853324371938512,0.05992867843649708,0.2207622032085306,0.05405710562136388,0.044679612244029485,0.10046053508227223,0.06833245463195495,0.0566783107674952,0.07506133264663328,0.07626351751642133,0.042301148014624965,0.05415354552611579,0.061236434805163394,0.07936909323800932,0.06214982056222599,0.07588399083652417,0.04441213814457992,0.12923861463066658,0.0921747145613739,0.04666399559624862,0.0457717921384381,0.06851516628321841,0.08183928548372876,0.07982187782492066,0.04644619738559424,0.07947936298336598
China,0.10955514748700364,0.1675673631187403,0.10517382854365864,0.0896456284310933,0.08907510893451713,0.14114655180884253,0.08078436141545796,0.10356508165947402,0.11711779180971772,0.08246800853399938,0.11778419797739223,0.128867449830855,0.1049343948769102,0.07410641380148582,1.0,0.09546010937092111,0.0775750337447574,0.09659968018999943,0.09193951647523162,0.09312360736982649,0.1011833404965281,0.11183197985234976,0.08023985140128656,0.11642010697402984,0.07916178975692467,0.09226432223376163,0.07481450116300101,0.0813545215689993,0.1913494458877047,0.08107749141954262,0.07388711298699796,0.09800214426223094,0.14249407180076917,0.12794090739558406,0.06167819780295264,0.08999106911150385,0.12301798493897072,0.09379173382172332,0.0691868037168191,0.08988004238546127,0.102124255153514,0.11955541817379658,0.11937775357845878,0.09524140950739678,0.09763720828994989,0.0825217895826682,0.1041200914275939,0.13669810288277628,0.10944365717051938,0.1587432723532464,0.09176756110098108,0.11796836194233898,0.161237509577899,0.11049699350458599,0.09352315210815171,0.11301044558635387,0.08175896037107235,0.22438461989251154,0.07504636168054124,0.0807239821316521,0.09105544775945404,0.08356948065791459,0.09413533603936727,0.08838222446216937,0.10103316387028127,0.0740083685965708,0.1027265621394226,0.09683170745116337,0.13274629779319616,0.09200550623886096,0.09960841093783172,0.08230696946041056,0.142349177174553,0.11877203262835023,0.08504379192415769,0.10534662644794593,0.1098627953370692,0.10821887704618509,0.10913862171424281,0.0818407372773521,0.08834773005775905
Colombia,0.06658957137158301,0.13704519146140884,0.07996325316398908,0.10025553791607164,0.056916010041652886,0.1066899269264607,0.06127224539065071,0.09346563373754341,0.09339121820793035,0.07841337768316103,0.09144114426899326,0.09574723124520423,0.0752513677207243,0.05966049129561997,0.09546010937092111,1.0,0.07659129631406306,0.06703671186081368,0.07425899230979197,0.05752999493505818,0.10596849009570944,0.13218714943730714,0.06377177887067051,0.0824290368444722,0.07934996479935423,0.062498737263508866,0.0712589691336498,0.058572592674331035,0.15837351383143283,0.08954823648061827,0.08524613320429163,0.0678775479848552,0.11985712854576948,0.11269567482590166,0.08041171754747306,0.06938062468501718,0.11167607884378077,0.09744987257948648,0.08990155388942225,0.09936626669493921,0.09535918978479271,0.08465837487029597,0.1197524903602867,0.0825636705146268,0.07957374287877476,0.0862074684994948,0.07953283983384711,0.1065005531754838,0.08912622184140434,0.15543957774925823,0.07290267683847221,0.0758471530783205,0.15433260451592387,0.09184738571952926,0.05836544782854536,0.08214405147549207,0.0992176877074437,0.22340788470180092,0.07011450264717485,0.07587040068749616,0.1103868218538804,0.07046583790860629,0.06529531256782926,0.07051581385468904,0.07816979763462233,0.062479701108688515,0.06875450663880821,0.0696070128834591,0.1021385824129034,0.06768135252971705,0.08103287320595043,0.06492366933971151,0.1354170638530713,0.08507113899663746,0.059864741643994954,0.08566102495826759,0.06728547375485697,0.08022580607068631,0.07516860588677073,0.07066608868848986,0.0950815927409145
Costa Rica,0.09076539470707146,0.1297864942338237,0.07805795916290931,0.1035727121192142,0.08357557895937727,0.13378315792382495,0.0682684759825376,0.09782193102080068,0.12182576702738017,0.08601097023543225,0.115994218000265,0.1161245635381769,0.07381908664717723,0.06700050803801805,0.0775750337447574,0.07659129631406306,1.0,0.08259483228412282,0.10060209143737155,0.06528658198223863,0.09226707105356567,0.11501255623335062,0.07196727190398806,0.09053685268212235,0.06325325458226588,0.07246712228734341,0.08334828766269081,0.07796245455217268,0.1741827157588122,0.09166052305173958,0.08323441729885618,0.08233870054496521,0.12883087053760786,0.09392138616770108,0.06907751313023093,0.08129108396040739,0.10140430345319021,0.10141160186429529,0.08092644638729123,0.06212473170806567,0.10327912994788985,0.1027210206186722,0.09615356977299197,0.10654339930856771,0.10100137809145378,0.06723350693738825,0.09053278105141811,0.11215556169987669,0.08939418737819259,0.1285315428756838,0.0818574594259799,0.086741512898641,0.16103563916620306,0.0950846110011319,0.06544007775217178,0.08768796059328897,0.07978293754907387,0.21139041876003686,0.07671987769592073,0.08118102805886056,0.08376919197556361,0.08638337845455235,0.07290977847479907,0.09685835444627781,0.06569407527869348,0.05740386017283312,0.08010276252347567,0.09447581925869936,0.11411131515246095,0.07889535883415859,0.07751697285358788,0.061788849144893694,0.12416364763851115,0.12999695528675245,0.07372947916484694,0.0920196967542681,0.1005726916215624,0.10380939038132778,0.08593108623401685,0.07316141987918123,0.10104731948802512
Croatia,0.057223071164696604,0.15018566003695447,0.06742451859471892,0.09258560948215115,0.07695651796551496,0.11084345309451936,0.04378839782151117,0.10909148676518582,0.0862803421168784,0.059000266374656885,0.09490121867087967,0.10326018655943228,0.05013643094340133,0.059964075603122634,0.09659968018999943,0.06703671186081368,0.08259483228412282,1.0,0.051397055197536845,0.042512497447749015,0.1128488739721163,0.12527974610594358,0.05597495518748854,0.09133701710221562,0.06090776250235035,0.04287751280192297,0.06438538056688077,0.042108026609311684,0.16765231688471635,0.0933940786093001,0.07241318374986054,0.055133141467903636,0.1378779185189326,0.10818234827385294,0.07719750515526205,0.039924744896067184,0.10512616015061446,0.08301124780409525,0.08807027453801647,0.09397848003468835,0.1022773092487593,0.10065253554558663,0.1210798752112461,0.08429142416209015,0.07389852954987397,0.07425359956133228,0.06104640236623123,0.11355357119890083,0.07177793104874229,0.14731228185108883,0.05366663029970579,0.06998306502850679,0.17013901532432285,0.07195392461498691,0.048886416108939124,0.08911101268932768,0.0896344334463139,0.2359696708129603,0.06442592816394264,0.07259619455818676,0.08391350766117822,0.05696649408537412,0.039573444622880885,0.06258036443184448,0.07283920086445031,0.08291501730529174,0.05879891848143266,0.0546045644376841,0.08571219472921042,0.04092646862698033,0.07267361151539481,0.05130198148197301,0.11729281049120079,0.11955884878009126,0.062333590774209864,0.065408920165903,0.06487156885055154,0.08066629792933876,0.07368393507494793,0.06842797913189695,0.1138161466031132
Czech Republic,0.05994466474146295,0.15620667129525917,0.0827945566969217,0.10690111419714855,0.07492026328125906,0.10925533152193513,0.05374953031049,0.10418427977203118,0.09866980338708851,0.06611212603143578,0.09285643829034816,0.10523317585632379,0.06577847006672316,0.06875581120248579,0.09193951647523162,0.07425899230979197,0.10060209143737155,0.051397055197536845,1.0,0.06131772273615239,0.112230228229421,0.13792753774377234,0.06362228953950674,0.09941914210048908,0.07354730833523726,0.05096727317089261,0.05467734873031174,0.04348683283937529,0.16403780498328616,0.09173027575732255,0.07600014037448194,0.046807698665065,0.14620253789828935,0.11997663630904933,0.07315446183682102,0.04618049774965197,0.12671746173975515,0.08611108138112451,0.0879650595040716,0.10468842597350093,0.10748454297329807,0.10026618306683557,0.11709511530496246,0.06634751866458381,0.07315317510544458,0.07375909057800063,0.06166741729385793,0.1223629051244897,0.08365926206474768,0.14732683981016603,0.05319213496984113,0.08113490008104356,0.16419746328200552,0.0771988143502748,0.06441559520756641,0.09412671710504494,0.10186727695363168,0.24351760241278067,0.07786559576502747,0.07848742296570758,0.09814092477195567,0.045391706682474574,0.052617634325436785,0.052381184536995515,0.08656825412342159,0.08813187991920352,0.07832352034828412,0.04903677474894679,0.10190362670472997,0.04133512349450915,0.08362911486701291,0.06406175454165056,0.119941627399025,0.11099903009596473,0.06957590970699104,0.07993059220224444,0.07648807798749753,0.0749395771235087,0.08404768197617672,0.06534916400788342,0.11262911265941745
Denmark,0.04800984766984398,0.1388928057775312,0.05817648131233025,0.09876481873796224,0.06452430149833695,0.11424393376547272,0.025530747922260226,0.09455301580050088,0.0894954668553754,0.0668196305551702,0.09000064266224247,0.09837861589537637,0.03672961983098591,0.05458210884557691,0.09312360736982649,0.05752999493505818,0.06528658198223863,0.042512497447749015,0.06131772273615239,1.0,0.09947182123823113,0.12387033606876094,0.0483151589614056,0.08185501450663533,0.05859740299497868,0.03457483863354233,0.06680123932386214,0.03806287764562517,0.161873327798461,0.07482369959274797,0.06758294581898872,0.05025380368990906,0.12649461986733024,0.09548613290208333,0.06070731501936007,0.04103676652738216,0.10842824128834219,0.08632551234623279,0.07892947512966338,0.08620227583439298,0.09116286568276649,0.08823454669458626,0.10514811959053404,0.07870087913858677,0.0672347171070039,0.05975542424620866,0.06166975936370753,0.11069189441022036,0.06925906488066337,0.14269216564090728,0.049112620415183716,0.057457265088670974,0.17239311189592063,0.07406687885308531,0.03750482903837915,0.06364272545496653,0.08026696256065848,0.22047387109605096,0.06360857720320416,0.06786456328801525,0.08359259378426849,0.060021429887356634,0.037416933489344835,0.06386196763697699,0.061908318638444836,0.0665499095590963,0.04698808023272564,0.05629656038162758,0.08000189988451355,0.04233475915178018,0.06674801638971838,0.04196291350936691,0.10832492974039844,0.1098883509244013,0.053115448835063195,0.06662154117064281,0.06728585507986024,0.08629032930656749,0.05696748693269051,0.05988486416415414,0.1101756762317849
Ecuador,0.10526236420958837,0.14393425444783486,0.11149806997387551,0.135421946644768,0.07291559076853465,0.14700194570058692,0.0845719136986617,0.06384630377280169,0.1341880360265484,0.0840994579493066,0.14108043216987284,0.09011565192620154,0.10593493586709848,0.0751795770136601,0.1011833404965281,0.10596849009570944,0.09226707105356567,0.1128488739721163,0.112230228229421,0.09947182123823113,1.0,0.10198817786688849,0.07598283132819457,0.1073381493397205,0.06848275349432816,0.0946736026947229,0.09804128127268215,0.09223799181140266,0.18532324769057307,0.11698342090009574,0.08009639587383498,0.09869320146626231,0.08469451973141336,0.09372990184647471,0.09404854154162624,0.08877697031745653,0.08941176011824367,0.07169742898251952,0.09684672493765924,0.0812231091221786,0.09758108571822398,0.0828496432881385,0.10163150822634695,0.10453163437599997,0.08695470365889195,0.11063345978462319,0.1255075349442986,0.10032131214955756,0.07742127259935232,0.18056010685178298,0.08440207277942505,0.09268232767254031,0.13168250383284882,0.08570121532348275,0.08900861046185495,0.11552350577227916,0.07085001141778689,0.21384291937575778,0.1013402805032806,0.07212922851587421,0.13395035964983154,0.11477734272970415,0.08608770067743304,0.11685538320069587,0.104218726352171,0.06544281933499774,0.0894218126470336,0.10142257841877698,0.10102702084192856,0.09232741000397962,0.11055359596129152,0.08266162317687689,0.15486260227703813,0.11432279527508801,0.0841365661455784,0.08079851090476102,0.10774174877738878,0.12247597256763924,0.10350586044660104,0.05564441238380452,0.11290933605688991
"Egypt, Arab Rep.",0.1293747527700789,0.1714233174399653,0.1284209208077498,0.12041949045014665,0.12009111647325614,0.16008441908893536,0.1163107188457191,0.11627518338064999,0.14790291730365446,0.11461413334517201,0.14953066416946434,0.15515377665689187,0.14023878071220697,0.1051635166561598,0.11183197985234976,0.13218714943730714,0.11501255623335062,0.12527974610594358,0.13792753774377234,0.12387033606876094,0.10198817786688849,1.0,0.11261281428616927,0.15766941510094243,0.10761888102752655,0.12815800336211736,0.10473854440854563,0.11868495504148881,0.2065072388013778,0.13511460126393202,0.11209881287936542,0.13476189447049766,0.12775088040382146,0.1303361184742068,0.1243707695460741,0.12030993060945021,0.10828741851057762,0.10626217778544989,0.10395741119542282,0.10702417547884545,0.12161767557527663,0.11919741390464124,0.1426202148573737,0.131883997786649,0.12273875546064056,0.12939147268716142,0.13959605456821497,0.11572162489448655,0.11492918947262291,0.19108953457797903,0.11496455404932154,0.13443922315803922,0.16072182690359055,0.11239476195090489,0.11684477410961226,0.13218704007428933,0.09712264037085179,0.21409612462706468,0.11943103813118304,0.09191420934994084,0.14563082636637445,0.12396301705625494,0.11876007832713145,0.1450761217268405,0.13833986955330485,0.09765341314529566,0.10794787772541393,0.1266031537151046,0.1474548877231657,0.12724149109623498,0.1347637603196735,0.11055415610212707,0.173614612903776,0.15633775976063266,0.11458397280563473,0.1045572756290789,0.11243213396090548,0.14967410910466541,0.13506657610347345,0.11163797651436864,0.12711224873994073
El Salvador,0.058149386612370964,0.13545765168103419,0.0760902610994713,0.10143206146861779,0.04903273389250173,0.10872234486527216,0.03701934900290654,0.08605285271536453,0.08349286207579434,0.055161796084793546,0.10217536786132551,0.08722626649909675,0.05835968649340752,0.038800459470447565,0.08023985140128656,0.06377177887067051,0.07196727190398806,0.05597495518748854,0.06362228953950674,0.0483151589614056,0.07598283132819457,0.11261281428616927,1.0,0.0890900500374328,0.04915574976502668,0.043593593344969414,0.06403994201932421,0.04243091786025929,0.16812826437809011,0.07913309793344558,0.04581858123184633,0.056478316824062166,0.10816858122354732,0.09756951788795018,0.059435527528422814,0.04240033800404124,0.08592086821498789,0.06498557325783527,0.07750688895865096,0.07470147380547355,0.08452987355391864,0.06830245406217539,0.09630246443570188,0.08080912996604897,0.0644465599072116,0.07070333611570348,0.07304690040585919,0.09578946122901923,0.05857766025202813,0.15490357673289712,0.04971078363477391,0.0637981668328276,0.1517355253864833,0.06134336960144305,0.0465205847445045,0.07138889316796553,0.07324049147177931,0.23654807670190517,0.05676768433518246,0.05318507669126601,0.09262334914436474,0.06167320469048698,0.04624045437048212,0.06532044245053989,0.06965682901325636,0.049753450964737544,0.05197497088095889,0.05240914244464321,0.07605426843061376,0.045474404994654063,0.07080784771402067,0.04603640847894375,0.11776358975057265,0.09540580830114918,0.053169500245188045,0.051464608846846255,0.07043154864124668,0.07356020652895097,0.07142563219787108,0.03709533845473708,0.09053185481268847
Estonia,0.09292860586648857,0.15287563073519847,0.0897302622310572,0.12372534402284097,0.07681928661723124,0.1183075637983403,0.0756295315369306,0.11274839545609093,0.13446069938331515,0.08410704374743874,0.10893697709776959,0.10858386376621308,0.08453413943629512,0.09815817715612564,0.11642010697402984,0.0824290368444722,0.09053685268212235,0.09133701710221562,0.09941914210048908,0.08185501450663533,0.1073381493397205,0.15766941510094243,0.0890900500374328,1.0,0.07615808706110182,0.06948302175073656,0.10739362792250949,0.07798176664764656,0.15445659211932913,0.11624064187917334,0.10142108435903638,0.07370633271769385,0.13477418017129944,0.11439603707706357,0.09633601987475787,0.07532613456277569,0.13763716774960735,0.11933292413231067,0.12304595922399143,0.11189165379397187,0.11546010661399161,0.11151259091158909,0.1304942379082818,0.07446627693513438,0.0758839388716114,0.099647766121548,0.0956412922946049,0.1310741739976811,0.09641000711549791,0.1646451682268796,0.07428198329643414,0.09338295272633944,0.1615354099712366,0.10572035406246712,0.08587259417487483,0.11783190858577837,0.10579397507882195,0.21456919502328106,0.09085155028686656,0.09678921505622053,0.10881582384556397,0.10546531610304258,0.07029693402912623,0.0798240745018711,0.08562798070070264,0.09856685763359727,0.09514879922009739,0.08908575359687615,0.1170667624509663,0.07168384333203036,0.10087778248796839,0.08005542675035714,0.13275914958403567,0.11470915302115106,0.07920866188792507,0.1075269030181565,0.1069930965968472,0.10428950266324463,0.06360892283559551,0.07699128840872149,0.14536104414708947
