Country Name,Albania,Angola,Australia,Azerbaijan,Bangladesh,Belarus,Belgium,Bolivia,Brazil,Bulgaria,Cambodia,Cameroon,Canada,Chile,China,Colombia,Costa Rica,Croatia,Czech Republic,Denmark,Ecuador,"Egypt, Arab Rep.",El Salvador,Estonia,Finland,France,Georgia,Germany,Ghana,Guatemala,Honduras,Hungary,India,Indonesia,Israel,Italy,Jamaica,Japan,Jordan,Kazakhstan,Kenya,"Korea, Rep.",Kyrgyz Republic,Latvia,Lithuania,Malaysia,Mexico,Mongolia,Morocco,Nepal,Netherlands,New Zealand,Nigeria,North Macedonia,Norway,Oman,Pakistan,Panama,Paraguay,Peru,Philippines,Poland,Portugal,Romania,Russian Federation,Saudi Arabia,Senegal,Slovak Republic,South Africa,Spain,Sri Lanka,Sweden,Switzerland,Tanzania,Thailand,Tunisia,Turkey,Ukraine,United Kingdom,United States,Uruguay
Albania,1.0,0.34137185035385376,0.4242824803979034,0.488962187612135,0.6576745332146531,1.0590119623856347,0.7569368932635865,0.5768662826479785,0.4086107447862973,0.49684958396835477,0.3986705135013649,0.34116781438382743,0.5002319223634992,0.9176173545423238,0.4793680476599485,0.7473061050547688,0.4193493200228832,0.7098000798652466,0.4438498893555924,0.3552375042166719,0.6044115713671202,1.380561977088984,1.3976342978120482,1.0367623714948864,1.3497914970107583,1.2666328775919597,0.7946270468307858,0.6169037324505827,0.2844280400103366,0.40362194715556465,0.43871332566871746,0.33364485436867763,0.40421251866469005,0.7384980574465217,0.7802123409883789,0.5033912844169185,0.5991493629165376,0.45209412870558313,0.6096258267396368,0.5524135024347874,0.3958013176848046,0.40612406825389485,0.9807131541599419,0.6637237410392449,0.7994809398567194,0.5442110224138306,0.5258378670142547,0.33252226224406295,0.6322662940533268,0.3851165865482595,2.5231428931360353,2.7176901635951562,0.8750771418066079,0.9443498617970302,0.3563962198711257,0.5002828375480571,0.7530841216788201,0.4062791933153409,0.3823023698371047,0.6702833018059916,0.3762714900232938,0.5038223987876413,0.6506627181584252,0.9148216995003301,1.3928545417520537,0.5976654577499024,0.9483131575895324,0.9839910014684137,0.4634549360118405,0.5160984527542956,0.42257867088640516,0.41227554364901325,0.4292536873809222,0.35639572791763574,0.3637883749372868,0.6547138612072975,0.35104111266015087,0.4372337392190665,0.6245410063910797,0.5090337339043475,0.30419774038881703
Angola,0.34137185035385376,1.0,0.1925607911342059,0.3374847211768003,0.47574577824574205,1.0208551347189951,1.0017927381513574,0.42966037378835975,0.1702681677596573,0.4743029323453448,0.237779304275761,0.19068197014206803,0.4995725138866007,0.6642281917447957,0.43026880849666627,0.7401630179091147,0.26174440554174633,0.7297448086785167,0.291517155882506,0.17367440191498773,0.3871762545553254,1.2901285797147009,2.7410756264692036,0.9615678491228195,1.196190185248723,2.3511995787467446,0.5401269909852888,0.5978931326712474,0.25515465196119186,0.26335429122832626,0.3869195066901284,0.1254733394355675,0.23027376846089145,0.5421737670277317,0.8377651908267069,0.29621013170225896,0.46539303185640407,0.21469775504223615,0.6368159877500085,0.49141819027114453,0.14394369482600114,0.20567304531519287,0.7617686392293941,0.43271568974853103,0.7950714197224819,0.467858866684285,0.6788752326212255,0.11215084948434333,0.4441300724937313,0.16224059537028337,1.842134981264649,2.1239129119661273,1.066302528853287,0.7096175961207506,0.11914533847885596,0.38021621817723916,0.880432337028025,0.30161865450682096,0.13646716135602383,0.622197292145579,0.26128877412318247,0.3040127884535688,0.4014045727582998,0.637748162290764,0.9864671622096338,0.8197396832391616,1.4959094499713699,0.7388183508261268,0.254130535660804,0.3314054176642444,0.21831626592678666,0.28660649136212013,0.21771422775545804,0.1451914922308285,0.20937577170296415,0.5877650796849115,0.22318283127435698,0.3277952255270448,0.5607389945408605,0.36783974330508207,0.2860774104622651
Australia,0.4242824803979034,0.1925607911342059,1.0,0.4175952222377232,0.6090229898569369,1.0901786289689226,0.9746034610265178,0.6033083877976202,0.32295105495841786,0.5028672888530054,0.3352250048471349,0.3027167438331424,0.667550205000555,0.8741328768924281,0.45155089603769116,0.754833019057759,0.3425359653864586,0.7428734764043641,0.3588786525611727,0.2502546407344585,0.5210749179959252,1.2661594861987118,2.8292763141388417,1.0552507857228315,1.4868820113153203,1.9869500437478063,0.6612545402177123,0.6400506596273385,0.44133311942442177,0.31220369394570174,0.5406440861788951,0.25770221995311077,0.40587412670147643,0.6575916770507911,0.839363805146317,0.4684942272714284,0.6443655249472986,0.3631830591808515,0.6288517572003387,0.5276510532474453,0.2370709709685906,0.3676939355806706,0.9188144222298957,0.5706387960999022,0.8946453589548146,0.5858740408297226,0.687019089773027,0.2016141514594829,0.5390425297034727,0.3234260100666423,2.1503369273650894,2.468063282662174,1.2372878897923145,0.9005185421583369,0.29366421430153145,0.44560708382148434,0.9665632720711752,0.37312871262913105,0.27752359873260174,0.6605087264678697,0.3954322573148279,0.4741579182066963,0.5551651880412463,0.7386516820914548,1.18352623660538,0.9421068209585306,1.781155396226814,0.8525075430155475,0.3868050947951804,0.4834087884383654,0.33609952454794134,0.44881625632036476,0.3155301768311582,0.2720259075490835,0.26887300615404514,0.6149760178471043,0.39971628706259804,0.3756686338187431,0.6606266215472077,0.5296865011408874,0.4061915641101656
Azerbaijan,0.488962187612135,0.3374847211768003,0.4175952222377232,1.0,1.0232864878942707,1.5236080253246034,1.8659060518749278,0.9322600034075706,0.448600708157435,0.7789930731351913,0.3730850640632363,0.6423331993846527,1.1099731941198285,1.0701616969267045,0.7072758369052756,0.7062042347802764,0.4644899302549052,0.9402376646655531,0.4720596315410105,0.6636430495774753,0.713141391122736,1.9499955869114733,2.5453846988569127,1.4703132469793458,1.5832884773682818,2.947911148167127,0.9522490451112359,0.7502565319859803,0.7361037731527542,0.5514754341500736,0.860342146009179,0.5058852153338912,0.6935496041949742,0.7937964649395765,1.0816848824090728,0.7458919235772682,0.9441341681480587,0.47055541557760294,1.341843801857318,0.7873276659631406,0.675389227128401,0.4234176268107648,1.2894785609285462,0.6888130244032454,1.4608540909605368,0.8729575232003594,1.5406022649084228,0.5115709681896901,0.7226360996994878,0.628646136813505,2.3509925441165107,2.5469767273290014,1.7672148330681607,1.2338498909380156,0.5626928199367744,0.20049214684983785,1.396938271748036,0.7107553356552746,0.5196298124194741,0.9059415665927651,0.6846029955804434,0.8161320464564723,0.7034148309297736,0.9659109997210241,1.4673052826005701,1.4707199073290682,2.240447227001704,1.1438528331541369,0.7311454243897186,0.6163165033051965,0.5723599884693429,0.4886829756385741,0.38976386046216516,0.5981303244923896,0.496127249877649,0.8314290486485859,0.5780430423305434,0.4456456040092092,1.1559766807855323,0.9101810546259316,0.8990904884703323
Bangladesh,0.6576745332146531,0.47574577824574205,0.6090229898569369,1.0232864878942707,1.0,0.8835092157667425,0.698010159147338,0.15184613631452876,0.27322547675512526,0.5026557308643977,0.3879983742783219,0.34415813275465074,0.18875350379411263,0.28816535350366423,0.4892801550886342,0.7294713707409337,0.41239653911718877,0.7024767061255481,0.40860956791176006,0.26124386373411873,0.3704776923734975,0.9455874466725547,1.241591456541818,0.8561266877490162,0.5032461303790309,1.2583840156999968,0.2970458652643737,0.5907562862017022,0.27170343098288846,0.353781530394028,0.23766511929937856,0.32701024456833416,0.19387162695887927,0.5773478831173494,0.6905009471471704,0.21217745089732856,0.153969812934074,0.2741807271632261,0.6252839756357758,0.5374609695849378,0.2579875761962477,0.29753163715799247,0.20894807336602272,0.2824261578455269,0.67287012487634,0.41256548757649303,0.5064595208276713,0.3220596606529111,0.38228672362616284,0.21166700571007166,1.0756534137765912,1.6289624691359375,0.8015226816302325,0.3407190992003901,0.2374952431270518,0.4804060280468803,0.6020380280781604,0.4307091144207918,0.2718100847745669,0.6445949281523311,0.25470157312864516,0.23970383868035072,0.23471663416495156,0.43604814785686274,0.4768283953457915,0.46699741097758707,0.7858839032970875,0.6008314737016525,0.18154178639973312,0.3005759197044415,0.2654237920652811,0.3508578024848629,0.35959145510212115,0.242261766800818,0.3684538558866896,0.6046933704759123,0.25986350532530256,0.4402426367113739,0.35436947830928806,0.11413484874058355,0.2911268374748161
Belarus,1.0590119623856347,1.0208551347189951,1.0901786289689226,1.5236080253246034,0.8835092157667425,1.0,0.7547990635640358,0.7637704679485663,0.7991185895253212,0.5557055071207202,0.7328370461041115,0.7338297003449733,0.6740280394116624,0.84140898572444,0.5729320304427513,0.7446650892970001,0.7411424474190642,0.7185469335058284,0.7242260975145391,0.7403901257590912,0.9187108131376933,0.8375966099259676,1.078108776129572,0.6017492119906542,0.750844877912065,1.0551347146644419,0.872292126730703,0.5999316763950094,0.7461630089037357,0.7348063009132264,0.7663589879147789,0.7234763869918174,0.7720536706987919,0.9637586596778563,0.6521627170807542,0.8118014566976547,0.7671412208863199,0.8322148047770063,0.7969274559309387,0.5889237740590889,0.7649694717408311,0.8157081147513324,0.7277623870289779,0.8804353524901929,0.8258674887858093,0.7774193713878866,0.6937570559902239,0.7229107893479254,0.9025263122020641,0.7657864616078938,0.8771375254323843,0.9321521000497452,0.8584077008073039,0.7952483036007011,0.7613926462941506,0.7290076416712066,0.6114289125201281,0.7321190200588135,0.7675827651824831,0.8533937331121801,0.7676271040610797,0.7927823908356675,0.8792075147052593,0.9364117327921888,0.7914005738540614,0.6430384828244301,0.8393046628137962,1.0711695681038254,0.7832370493245672,0.8668795526039901,0.7983976509564398,0.8492461849546281,0.7725815851354759,0.7528894175001811,0.6793113668678138,0.8180727434686621,0.7786520291692857,0.6603482053843405,0.771535670211856,0.7420058971727067,0.7088722957547514
Belgium,0.7569368932635865,1.0017927381513574,0.9746034610265178,1.8659060518749278,0.698010159147338,0.7547990635640358,1.0,0.988064217463805,0.7542089088456263,0.8638701852265434,0.7172581929177693,0.7619087231451119,1.0537899901224994,1.253467853666091,0.8291363578214465,0.7663768560807764,0.7430576495057641,0.9024921166618168,0.6844768787336128,0.7465813093290968,0.8904269060989712,1.3298653188770153,1.3425805601820022,1.3452275461139684,2.2093200348389512,1.3123468044661546,1.0989034835705267,0.8254639299070908,0.855260623890623,0.7581467238016658,0.9852697764732158,0.7084866926423831,0.8111929600291049,1.0740474556912996,0.7735585569217792,0.8831193421745175,1.0493408988046147,0.8004656945720059,0.8617000127176233,0.8888869947199284,0.747893011362024,0.8019434637738327,1.3394118111431959,0.9141460829510243,1.2793076241435777,0.901240742152731,0.5743936693883671,0.7041784399616451,0.8963382742347517,0.7559775670890699,1.8345794226672303,2.728858819348857,1.5943018834855216,1.2097412057354031,0.7579116450534201,0.7084707940649033,1.4173366513757313,0.8172632254791348,0.7055054874378176,0.9009481777872167,0.8066938908750196,0.8458332068623189,0.9582839737258821,1.0015889666362894,1.5273956986216048,1.2169007580906468,2.073122437807866,1.1407977929509918,0.8172294879573079,0.8906372643366011,0.8104499316512336,0.8375055116270593,0.7055491005371474,0.7367085658928116,0.6834080720761333,0.7827178001327856,0.8387093895261756,0.7101639626895877,0.9408847142092468,0.9160910090379389,0.8455091081153527
Bolivia,0.5768662826479785,0.42966037378835975,0.6033083877976202,0.9322600034075706,0.15184613631452876,0.7637704679485663,0.988064217463805,1.0,0.24475570256449067,0.5030752128545447,0.3738153462946196,0.34193297562574476,0.20771368218482614,0.25130754330334804,0.4871854674834563,0.7373826909399687,0.3929237327352004,0.7065861473488234,0.3939765061637195,0.2566580913509809,0.3393480370949886,1.0873806005862185,1.2767935642728416,0.8608923870519445,0.5345720040814093,1.2536329004153928,0.32225194548423375,0.5954280857610944,0.23015917457742344,0.35128061007332906,0.19624158216120197,0.31303938270555154,0.17058430739063285,0.5263115671341013,0.71583613032461,0.17989206912814634,0.11543119202851916,0.2430368911692889,0.6215331667618034,0.5343505928260321,0.25697602765638644,0.2605888995881601,0.30949008771252023,0.28193575417792605,0.6747120832958899,0.4020878158241115,0.5225525698057559,0.3100480224173503,0.3941445882835972,0.18611823782713938,1.1224271306242097,1.6347844424135862,0.8218115369133919,0.3325689499922299,0.2126857105669233,0.4643541401679378,0.5967381603733516,0.42728938901778696,0.2485312949346051,0.6387009528628509,0.20912751219061296,0.2366986538051545,0.23161652778991115,0.4373014932670848,0.5127516808933571,0.4790461986240331,0.7802464041465756,0.6003298847059632,0.2011376723525619,0.2587096634143231,0.2610167074944602,0.3056233026063238,0.3397370487647175,0.2210189102961345,0.3550232612543799,0.6025827105482553,0.21889887091063537,0.427323817289797,0.3826543434628386,0.10531532996601883,0.2648718023401603
Brazil,0.4086107447862973,0.1702681677596573,0.32295105495841786,0.448600708157435,0.27322547675512526,0.7991185895253212,0.7542089088456263,0.24475570256449067,1.0,0.5457908949344138,0.2337172549380147,0.2838755890387253,0.48933408252601357,0.5055459275244348,0.5012577333366052,0.7615311449611649,0.2839959734928489,0.7767009558508708,0.2969835518478211,0.2363754048502326,0.2873004437066728,1.2939828011339989,1.835523400523845,0.9700277636792398,0.9113757496417264,1.9353534027193875,0.4286522699242562,0.6448139120371902,0.26402979794267417,0.27715564790760105,0.33079413910336153,0.2002565862332265,0.1780233370849155,0.4881135088952988,0.9172853073643219,0.2319760371970925,0.36747605792902227,0.06435386867033252,0.7449394555563092,0.5431567709770829,0.20846474072642118,0.0919238707838004,0.6430915015073712,0.28203460876479913,0.8257849206939722,0.4532881818285061,0.8021568477151689,0.20038065704623675,0.342655519544258,0.13372592677020187,1.4752215170176306,1.8376403217173436,1.024293946510711,0.6043953390311717,0.11323673236227169,0.3518911623579106,0.9034687353203982,0.39407815805737184,0.09560955893197245,0.6308236691663793,0.22868580649023174,0.2756791217967937,0.25001651125852903,0.49714424181311323,0.8184402040451103,0.8280851422717891,1.214059682770689,0.6296286524246939,0.21736306283303697,0.23511381501748185,0.18209633522224958,0.19250193087721032,0.17336638749213704,0.1505549992635871,0.27230887125179837,0.5845531318579014,0.18310663671571428,0.3559897464850987,0.561519840958868,0.32343512814749104,0.36686784277506607
Bulgaria,0.49684958396835477,0.4743029323453448,0.5028672888530054,0.7789930731351913,0.5026557308643977,0.5557055071207202,0.8638701852265434,0.5030752128545447,0.5457908949344138,1.0,0.5266149732608424,0.6740663414836806,0.9284778516988323,1.5480608519239474,0.18167145909000723,0.6456446999013482,0.5420425869930129,0.5587420289474803,0.43146159909347664,0.7857473623587921,0.9800838575138126,1.5255430617730343,1.241889456993111,1.4711009589427846,1.2802653243984632,1.2238225598061925,1.4099994448582185,0.4573441820789432,0.9312539041409004,0.6724239456434519,1.0927058751359313,0.5846841344041508,0.9604581031106064,1.1557724193921177,0.6577091954403658,1.0716304232568534,1.2005384637072618,0.8710464577798829,0.5359004872540817,0.5344391252969041,0.8189933978712949,0.8560566456567151,1.2236113597700184,1.1743077030210947,1.2564255231263008,1.0632658201958167,0.6605474973566107,0.5991886919914576,1.0679852104140115,0.8653094171133738,2.5247531193701014,3.4309720650275026,1.3811954659724002,1.4680295757712434,0.8210740224816201,0.51698586096296,0.535081035365178,0.5791014151707069,0.7102395334784359,0.5873360969911242,0.9436016079584536,1.0100538559337768,1.2108276198807117,1.3185228433750606,1.7737437443023278,0.7056333306800503,0.9908392738314662,1.269859963759243,0.98502266521417,1.0589494496600524,0.8765300163166759,0.9235817421621741,0.5631850708103904,0.7981094583914252,0.4352084960917388,0.5878813780046531,0.9640569470687402,0.3189070308316472,1.0860521091397712,1.0708912966451174,0.8202021795333956
Cambodia,0.3986705135013649,0.237779304275761,0.3352250048471349,0.3730850640632363,0.3879983742783219,0.7328370461041115,0.7172581929177693,0.3738153462946196,0.2337172549380147,0.5266149732608424,1.0,0.33816327122926604,0.8904904912048056,0.9621858260668228,0.4724377927949218,0.7396157098366384,0.18999957972083018,0.8215789831250017,0.33672770152168907,0.47023446056976353,0.5718058629543615,1.5996120028675893,3.060908793764409,1.1832519037050966,1.5033020547731797,2.9707029068094775,0.7992788766183606,0.5941529968850714,0.5381910612015547,0.3525811973894408,0.6895967900720933,0.2431629706244869,0.49342881871330835,0.6970839633802196,0.9411055599189745,0.5645370214864304,0.7856750898212442,0.36131177593554936,0.926257613788697,0.5666544926687864,0.4447814795783685,0.32404579359860863,1.124299612060595,0.5885187314797861,1.1519162707457948,0.6957000829933855,1.1732883815561637,0.2634524705570629,0.5536761585148016,0.4317824665941029,2.3564454604752325,2.4797128252944525,1.5151049897195856,1.0626859069498276,0.36962140216527295,0.3008308715305424,1.0654033498274322,0.38333602298628827,0.3106380673223724,0.6601004828666751,0.5252951487207171,0.5740530671202221,0.5907688934614318,0.8486594267125591,1.3334891345670377,1.1942940184217192,2.071309886355863,0.9668541307740686,0.5259038026214025,0.53343810475051,0.3937445622357005,0.4029600211460923,0.22173439570696346,0.40071134090788224,0.2959514614385112,0.6535614319283433,0.44341944394644384,0.3401751977813008,0.9319365516514104,0.7089809564491362,0.6531483310707611
Cameroon,0.34116781438382743,0.19068197014206803,0.3027167438331424,0.6423331993846527,0.34415813275465074,0.7338297003449733,0.7619087231451119,0.34193297562574476,0.2838755890387253,0.6740663414836806,0.33816327122926604,1.0,0.6034034826396416,0.8587649416123139,0.4115366958658937,0.7363824057373718,0.30351080979630984,0.7258536932713116,0.34948125209394026,0.2769376435822488,0.5146516964221782,1.371783730608821,2.4430130083937627,1.024422785193937,1.4598980499054321,2.008745671861289,0.6928934384631663,0.5844223479684149,0.3636901090960665,0.30305164598057555,0.5215040366350712,0.1253439666059484,0.33977132145268263,0.6685145102339471,0.8221278450273278,0.44827004025766726,0.6248683578544952,0.34441997073172687,0.6480219844660257,0.49597906381480644,0.276175622813446,0.3168422688783432,0.9365869120922866,0.5651558326177841,0.8435975474394823,0.5533479344465065,0.6488876371068103,0.1806468287468495,0.5259754955803805,0.29654125526017394,2.388496418972467,2.4518790393407777,1.2172542124083858,0.8974455677050454,0.24900093018676184,0.42391283069309466,0.8784020393026937,0.1680317852122965,0.2622977567771095,0.643162062389978,0.4120173767778529,0.37800916964709225,0.5404350172795228,0.8100020778503829,1.2279440835485058,0.8375418079322344,1.7413531676771616,0.8821148454826372,0.3746453249485069,0.4603809519795584,0.29834538278144657,0.39375876027364626,0.29440255292545153,0.2734906741588827,0.25012431889678033,0.6287189746921653,0.3449655964212171,0.35918010356026503,0.6602739995848448,0.502384279834237,0.39403357619788715
Canada,0.5002319223634992,0.4995725138866007,0.667550205000555,1.1099731941198285,0.18875350379411263,0.6740280394116624,1.0537899901224994,0.20771368218482614,0.48933408252601357,0.9284778516988323,0.8904904912048056,0.6034034826396416,1.0,0.396689301707219,0.465224946252422,0.7002595564981353,0.40951553367250654,0.658817330344364,0.42236701477719035,0.2687936096377013,0.4388726056134821,1.072384542050199,1.4340479307644958,0.8624196144784935,0.6252602432787564,1.3672802032811517,0.3953840644614754,0.5556634332612336,0.2417843224508162,0.3662635414248806,0.22183273716418922,0.32131590525790643,0.2286674426464594,0.5796118889168722,0.6307906229655441,0.2690792159498974,0.20588427393184697,0.3281067537244235,0.5959630433433712,0.5195788955020809,0.2676880063936418,0.32852467834083054,0.33904297118375304,0.4090168860717355,0.643644719339914,0.4367294562137078,0.4385349427841332,0.3182124737792029,0.45468474840383566,0.24484221331247202,1.3574999412488773,1.8349363081835726,0.8238620527191313,0.4045972465536135,0.25472282425223464,0.48757105999849276,0.5522743575951204,0.3992966535878581,0.30601488257879567,0.6368922889814138,0.2763827424602167,0.2621513998098885,0.35631043720618805,0.5865515988814926,0.6228428784804136,0.34629655252876984,0.8054903663380999,0.7163796566857183,0.24888673721236967,0.3624409826298418,0.3013697162787978,0.3730296944226254,0.3851485094172363,0.26184346800136804,0.36560086129197145,0.6190711284878594,0.2705841547733511,0.4349688266019095,0.3713879784840329,0.15236688147557528,0.22698992830369588
Chile,0.9176173545423238,0.6642281917447957,0.8741328768924281,1.0701616969267045,0.28816535350366423,0.84140898572444,1.253467853666091,0.25130754330334804,0.5055459275244348,1.5480608519239474,0.9621858260668228,0.8587649416123139,0.396689301707219,1.0,0.528457319597439,0.7544465716868514,0.46004763462765685,0.7257421811997864,0.45811795995371773,0.3666994239654276,0.3359981295439148,1.0014887247643123,1.0129924933325845,0.8878365406089167,0.37735478323801186,1.0436956239754913,0.3201589331875411,0.6403224193623173,0.3353071130451105,0.44259521357729703,0.31734864400923773,0.3908539226230918,0.2587030778898357,0.527100247628604,0.7457123381624183,0.2530516247884628,0.22120702892671998,0.2968221510734392,0.656515840177791,0.5918447382354919,0.3500179937657785,0.3227676716746988,0.32011605891594547,0.2887258156599043,0.7239424294910072,0.4767334572042053,0.5747633797750231,0.3928289260139915,0.4368642893033164,0.2870825360374181,0.8852117865646042,1.3159509405901457,0.8107342584832439,0.24035670932899555,0.30844914871334295,0.5100330654516767,0.5802597480949526,0.48956729265804483,0.33423111848030634,0.6453232965988616,0.32562995708743886,0.28417113915209824,0.22405226970685033,0.41909680032319496,0.3261812872700111,0.5111511756629459,0.7374659887767133,0.5603810064293179,0.2772386915604204,0.3264351651146672,0.3501923072602013,0.3410547516645685,0.39468555279576856,0.32899760249742255,0.43348222031922895,0.6249833861764537,0.3071343519434537,0.48952520415622647,0.44333155862678153,0.21960414217796423,0.38985103274333344
China,0.4793680476599485,0.43026880849666627,0.45155089603769116,0.7072758369052756,0.4892801550886342,0.5729320304427513,0.8291363578214465,0.4871854674834563,0.5012577333366052,0.18167145909000723,0.4724377927949218,0.4115366958658937,0.465224946252422,0.528457319597439,1.0,0.6534984792136156,0.5183280387038202,0.5907596961352256,0.4311158622389117,0.748865226897951,0.96839561660316,1.5843202500831368,1.381015491342865,1.3414819691894049,1.3746789160763062,1.3581614428915985,1.3924914968161546,0.44231339222349425,0.9273729545028133,0.6235482631029232,1.1153361706625893,0.5500705873360408,0.938550781176286,1.148611642348328,0.6839029489155116,1.05847520410383,1.2281539685813434,0.8341916488515836,0.6110263797773006,0.42842246365690767,0.7945249004814896,0.818287410628783,1.281200350134746,1.1420613819478949,1.2574944941967523,1.0122884187019148,0.7040649462421139,0.5476806475315905,1.0478036835807893,0.8359532168916805,2.511310411193876,2.9610923036170047,1.5465883908061195,1.4852221522079785,0.7872924899537834,0.5030893495281318,0.5820154343925013,0.5515037758096554,0.6763657420028945,0.6202010732648524,0.9122172611363468,1.0059664092959726,1.1808079075080706,1.323234577778482,1.765493344105038,0.769802857404959,1.1320348480441353,1.2795375129174849,0.956762245757695,1.0142951867755263,0.8318976024108393,0.8832605840878773,0.540901177306993,0.7619631378482714,0.39026960907234587,0.615067948727037,0.9204641671100635,0.32469627887430663,1.0862570290748952,1.08649873519468,0.8484302421809036
Colombia,0.7473061050547688,0.7401630179091147,0.754833019057759,0.7062042347802764,0.7294713707409337,0.7446650892970001,0.7663768560807764,0.7373826909399687,0.7615311449611649,0.6456446999013482,0.7396157098366384,0.7363824057373718,0.7002595564981353,0.7544465716868514,0.6534984792136156,1.0,1.5463385576937918,1.536920653031945,1.5215520147631192,1.6720127122374997,1.8268883319172184,3.7061511371853455,3.4748529040230305,4.090968782159735,3.277040528883026,2.317488296716044,2.080524371689464,1.4521569035564603,1.753715517856221,1.5871197805563069,1.8814755175689715,1.5380336591881065,1.7085725478007765,1.9419017025428253,0.8203396791117009,1.7896204306222459,1.9851688429946672,1.5501889511031997,2.757235729821772,1.9806662049025947,1.692608081727355,1.501534023791377,2.39797543491163,1.8015492294212303,3.110073891472063,1.9565306011551176,1.8006629767664104,1.5399259503694618,1.814622679029867,1.645246637018041,4.742281501366066,5.914293627558568,3.8510072663837307,2.36036693712437,1.592591385818556,0.9751535650229887,3.9415264321004377,1.8027466713467764,1.5526949622904842,2.0795650810784854,1.699349083518169,1.833265087373336,1.8117827545723317,2.12027824415434,2.77601202270627,2.676357150008499,4.652707610467937,2.3504014403749522,1.747971831503871,1.673587304432199,1.620345145142237,1.5602120361269851,1.4500004684564038,1.610814355533095,1.5275506798297598,2.003785230491849,1.6290314726441382,1.3915947622521188,2.1493237935705434,1.888929195250413,1.8156859967758028
Costa Rica,0.4193493200228832,0.26174440554174633,0.3425359653864586,0.4644899302549052,0.41239653911718877,0.7411424474190642,0.7430576495057641,0.3929237327352004,0.2839959734928489,0.5420425869930129,0.18999957972083018,0.30351080979630984,0.40951553367250654,0.46004763462765685,0.5183280387038202,1.5463385576937918,1.0,0.8522131267108232,0.38736239934476335,0.5035056432994384,0.6375445759993571,1.6197926723419829,2.649641899489651,1.2046281457461425,1.576487384431768,2.4351784913646233,0.8385779937658565,0.6114332451660889,0.6001965534910401,0.3999111045953915,0.7436317579423813,0.3175012433752429,0.556730935526653,0.7190363104204635,0.9357807264167408,0.6110698395047393,0.8534655985889058,0.4258543660194753,0.8969700646989244,0.5708907649307557,0.47314467727824683,0.38982655721558074,1.17631249707637,0.6374175213384659,1.1774069352513443,0.7342418235301938,1.1839302924855737,0.3138859465668418,0.6288950137240125,0.48526090225461377,2.447939262932756,2.6311468021708513,1.5452675021336488,1.137417468902118,0.42102794342389027,0.3438969812337773,1.0719927195896817,0.4494235016879276,0.37921594304228423,0.73172439097038,0.5675963441397728,0.6440952036104598,0.6465453053325126,0.8959322495526221,1.4032637023272303,1.2139595401213554,2.0581635405229015,1.0377941032294162,0.5722409256819648,0.6144267159278142,0.461312037465283,0.4840083281296333,0.30356632012575674,0.44810440091702675,0.32599755587021845,0.676534946262987,0.5028295671099715,0.38592709613436477,0.961218597119857,0.7630643134911802,0.6875339831279633
Croatia,0.7098000798652466,0.7297448086785167,0.7428734764043641,0.9402376646655531,0.7024767061255481,0.7185469335058284,0.9024921166618168,0.7065861473488234,0.7767009558508708,0.5587420289474803,0.8215789831250017,0.7258536932713116,0.658817330344364,0.7257421811997864,0.5907596961352256,1.536920653031945,0.8522131267108232,1.0,0.995584173530894,1.3989411124166775,1.4902224410752478,1.7988508742972262,1.9416727802968707,2.5301292895016183,3.769821744178538,1.6579024203943502,1.9523660341648872,1.0008358358868183,1.518170789319488,1.266638432989301,1.6822288304121118,1.2480952932360925,1.492600282784688,1.5865968763848939,0.8029151619685289,1.573585293047656,1.8141950786495327,1.3329314854164034,1.5254634924864676,1.484132468733328,1.4450122677823445,1.2845135936228216,2.1257544972336273,1.6100555418124112,2.2767952583814295,1.5640038552117201,1.0255384895891364,1.2569781445033466,1.4443319094348854,1.4131587228814066,4.829832220900938,6.261347074484989,2.5040255113074386,2.1744551996496457,1.3738526128872257,0.7947172133470184,1.8181516860485467,1.4557171429161835,1.251106545746092,0.9509874686266189,1.440058083295457,1.596797891942363,1.6468130553322802,1.8379514363043423,2.698003374237809,1.2405210015510788,4.093958734160911,1.9489969550421369,1.5276387628444177,1.501423534026346,1.4108654358804014,1.3270703905585206,1.0460155389227515,1.3616327904559444,1.1705527902887365,0.8333097967091555,1.4491978153831602,0.9165617875863882,1.503598738882532,1.644098334950209,1.4586045128580902
Czech Republic,0.4438498893555924,0.291517155882506,0.3588786525611727,0.4720596315410105,0.40860956791176006,0.7242260975145391,0.6844768787336128,0.3939765061637195,0.2969835518478211,0.43146159909347664,0.33672770152168907,0.34948125209394026,0.42236701477719035,0.45811795995371773,0.4311158622389117,1.5215520147631192,0.38736239934476335,0.995584173530894,1.0,0.5737504344235871,0.6047590608013138,1.6048201896141892,2.236120210351171,1.2403721503118805,1.6564892651404493,2.4369699947197074,0.903988076242546,0.6622629756557502,0.6826376904185466,0.4393984963304432,0.8161687293981412,0.3718732241929697,0.6145781853136159,0.8017514132414411,0.9088250188046115,0.6486242510583966,0.898571634295341,0.4623194132129591,0.9825194436149811,0.6425863957458307,0.600284109781379,0.4465022949118284,1.2533501412161054,0.6265730150688528,1.3951093592431631,0.6891229585062328,1.244357019279194,0.4274531886549525,0.6244796662450794,0.5347917049679275,2.279418090760347,2.740451890092186,1.6690264847248404,1.1702500485953722,0.49271667547886083,0.38378708736266987,1.1984468781891484,0.6117789136539267,0.37558545863763165,0.6119937903358953,0.5903223767422286,0.7268135761321656,0.6802311766847153,0.8162283052604346,1.4232018906785748,1.4033823967065517,2.430792873320548,0.9218345836696509,0.6443128121747941,0.5657507520412279,0.5164614468083413,0.5116566856417363,0.2713954619119285,0.5019638412596273,0.310298684240211,0.5317339998930611,0.5722399175645518,0.1938847708853391,1.077147851900047,0.8466340525625242,0.8039399318123143
Denmark,0.3552375042166719,0.17367440191498773,0.2502546407344585,0.6636430495774753,0.26124386373411873,0.7403901257590912,0.7465813093290968,0.2566580913509809,0.2363754048502326,0.7857473623587921,0.47023446056976353,0.2769376435822488,0.2687936096377013,0.3666994239654276,0.748865226897951,1.6720127122374997,0.5035056432994384,1.3989411124166775,0.5737504344235871,1.0,0.4305442351017791,1.2449441855604861,2.279061676024881,0.9251008058892719,1.133030966281277,2.0260630205313923,0.5471634579995813,0.5929229702652422,0.2371426622568067,0.23993142342405854,0.3227106085085017,0.20439840144793248,0.23267785026053153,0.6228802827133142,0.7944936337196639,0.32964017939006024,0.4168126222445946,0.25910781560916984,0.6005763221931304,0.4805011324843246,0.1788611767509339,0.25594209565181125,0.6842981503186896,0.4230319713787051,0.7282818739987212,0.4303441459201387,0.5629244100661605,0.1721495134651471,0.4565292881713875,0.16937155435965587,1.8982255716093992,2.2207357358920876,0.9696288451337314,0.7172105166155572,0.1552156330588431,0.4204188792556445,0.8061336082121451,0.34650997331752126,0.1902944262615382,0.6491962459133525,0.22286582411006514,0.3395165424764834,0.4119929617790023,0.6476816335442622,1.0106294077254718,0.6974569547344343,1.2759347804887002,0.7754720062168614,0.24817009141750154,0.33189811054488305,0.19429654595298476,0.3355785450400987,0.28771238102957514,0.1252159225166085,0.22913579596637487,0.604156276946008,0.2219425127993228,0.34944646598903073,0.46786385052062923,0.33136059834179493,0.24760452036221148
Ecuador,0.6044115713671202,0.3871762545553254,0.5210749179959252,0.713141391122736,0.3704776923734975,0.9187108131376933,0.8904269060989712,0.3393480370949886,0.2873004437066728,0.9800838575138126,0.5718058629543615,0.5146516964221782,0.4388726056134821,0.3359981295439148,0.96839561660316,1.8268883319172184,0.6375445759993571,1.4902224410752478,0.6047590608013138,0.4305442351017791,1.0,1.208393192377236,1.256926287125259,1.0248482061717146,0.7376932910916415,1.3615441104680812,0.4210672940048335,0.7618578108778414,0.3893457962507471,0.44912103166435535,0.433280388213095,0.36761914643591764,0.3033865405014306,0.49428710211303484,0.9762633923302193,0.296811599068015,0.4015646999486008,0.22342244601106262,0.8357281968912,0.6766897138915972,0.3363985079757458,0.26203115735497995,0.6122202488397014,0.34615114486096893,0.9087287892145229,0.5731389596797631,0.85626367775718,0.3657059598887318,0.38577849137774284,0.29571319021234804,1.072666783192564,1.3510145807151384,1.018443081950704,0.4783260621559201,0.3064745624848901,0.46826506287588754,0.9521170358494409,0.531674431742639,0.27385225924944917,0.6074372562061588,0.375674218338795,0.3249060129353605,0.28165362801428945,0.4729591725149232,0.6129564708159972,0.8698200337742972,1.0611561457765863,0.4521792010056612,0.32326674092692564,0.31389649984996976,0.35072074746375836,0.28019404323276426,0.28429204686236437,0.33410177311512296,0.4383145879889646,0.584311435819664,0.3456174388665297,0.4910464166768911,0.6263159101570102,0.38019082099564927,0.49909417102817827
"Egypt, Arab Rep.",1.380561977088984,1.2901285797147009,1.2661594861987118,1.9499955869114733,0.9455874466725547,0.8375966099259676,1.3298653188770153,1.0873806005862185,1.2939828011339989,1.5255430617730343,1.5996120028675893,1.371783730608821,1.072384542050199,1.0014887247643123,1.5843202500831368,3.7061511371853455,1.6197926723419829,1.7988508742972262,1.6048201896141892,1.2449441855604861,1.208393192377236,1.0,1.0864303801109392,2.2547602590766957,1.3602949878890365,0.986606108754841,2.1030287232733063,0.912464030171179,1.3381301242476737,1.358438826356218,1.4545415603239262,1.2444204567741879,1.5942900178398887,1.3607367166527118,0.8300241376547601,1.611467364189229,1.619932412638735,1.4217991482239938,0.9853601629590348,1.5228211533780414,1.4436740408875115,1.263508689713555,1.812689541024977,1.398706735997404,2.036109077234847,1.2984082435914661,0.8271383877147741,1.2405181321384957,1.3701144861962884,1.5430029953345015,2.3560643959966643,7.86402129292083,0.8292463629892465,2.5348369487924116,1.4468487902081648,0.8365223984773225,1.1268666163899366,1.0050610425474555,1.3860898540880089,0.9609885170894059,1.4514809657517174,1.709659378619144,1.5912237998730017,1.387781287002706,3.042316808783843,1.0007171779018373,0.866195746698459,1.7958399828884495,1.6808327921087853,1.6319371916139513,1.5038267510637615,1.3166492652563528,1.1710881796612969,1.4748012728459148,1.195729098550673,0.8417356746524236,1.3869965659056553,1.0993328406769396,1.3670300577866072,1.7381017373355814,1.2749998449585613
El Salvador,1.3976342978120482,2.7410756264692036,2.8292763141388417,2.5453846988569127,1.241591456541818,1.078108776129572,1.3425805601820022,1.2767935642728416,1.835523400523845,1.241889456993111,3.060908793764409,2.4430130083937627,1.4340479307644958,1.0129924933325845,1.381015491342865,3.4748529040230305,2.649641899489651,1.9416727802968707,2.236120210351171,2.279061676024881,1.256926287125259,1.0864303801109392,1.0,3.894713043786779,2.3525100273306276,0.9693026511117204,3.1515700518940446,1.2892024085180416,3.420449102977427,2.231517944118759,3.583659223208838,1.8912620449239699,3.175219233176025,2.2126495210091757,1.0572758615348945,2.830786040320214,4.314390150883173,2.084616133885289,0.9427964488509329,1.9702349102081782,2.4015222948127226,2.09454732827879,5.234616518315896,1.7999762110433317,3.323730542859099,1.9640037104114332,0.9198709440137235,1.9844323704215923,1.847275811240747,2.780903978107082,2.9399540638748425,5.22746276182436,1.4298332045509303,6.166497128449547,2.7194805140545433,1.140298228174542,1.3731166668838608,1.5574220259801341,1.9813073262420082,1.0153672386102317,2.8707543547605763,2.9450589916497125,2.229341099408541,1.572390492403467,5.263822567058903,1.2507034112316648,1.1150037354383213,1.9990179653451767,2.8010933386206163,2.32145194807564,2.596550383234199,2.012739304710691,1.405149442604035,2.6392735196171366,1.6446546753317584,0.97437625808344,2.834674118782563,1.292069599879367,2.465116473917371,4.505144282065748,2.37741068776784
Estonia,1.0367623714948864,0.9615678491228195,1.0552507857228315,1.4703132469793458,0.8561266877490162,0.6017492119906542,1.3452275461139684,0.8608923870519445,0.9700277636792398,1.4711009589427846,1.1832519037050966,1.024422785193937,0.8624196144784935,0.8878365406089167,1.3414819691894049,4.090968782159735,1.2046281457461425,2.5301292895016183,1.2403721503118805,0.9251008058892719,1.0248482061717146,2.2547602590766957,3.894713043786779,1.0,0.9379687520285978,0.9373519776120081,1.2202763645563186,0.6440273739930935,1.0249564384756287,0.8975231406232883,1.1236562654446247,0.904383217970133,1.1559442344948048,1.1863973864346684,0.7446511217772539,1.213087647195658,1.1754234444615421,1.1585954980407787,0.7931156249891584,0.5885993482411414,1.0764934546396447,1.0969077521622757,1.0352589434830632,1.1197087113954363,0.9343983722738907,0.9423361422617358,0.7515092129601639,0.9026369777558573,1.149932438830486,1.119722115215607,0.8526094296189392,1.10881732966476,0.7948919576397155,1.2430038038560292,1.0799541922164502,0.7815879481513045,0.7159183360967357,0.8067277237768,1.0432986875698744,0.8409414085413849,1.0874037526088598,1.213721968946244,1.2323448321871382,1.104474929388106,1.1328047528105183,0.8087392684788055,0.7893857476602013,1.346941054852653,1.1541053715419956,1.2190460897505326,1.1091783670150321,1.127924905017113,0.9400710286418027,1.0635945999576983,0.7893266328457388,0.8083540726506528,1.0707103479510585,0.7296325572596416,1.0259612514076717,1.1606072932842,0.9445517850881805
Finland,1.3497914970107583,1.196190185248723,1.4868820113153203,1.5832884773682818,0.5032461303790309,0.750844877912065,2.2093200348389512,0.5345720040814093,0.9113757496417264,1.2802653243984632,1.5033020547731797,1.4598980499054321,0.6252602432787564,0.37735478323801186,1.3746789160763062,3.277040528883026,1.576487384431768,3.769821744178538,1.6564892651404493,1.133030966281277,0.7376932910916415,1.3602949878890365,2.3525100273306276,0.9379687520285978,1.0,0.8670938520520886,0.4878210606022623,0.605614025614318,0.44993893771133786,0.523030540411107,0.42644381838729184,0.4945723299355429,0.4381921941080437,0.7333283308154926,0.6659273840541583,0.4438873240295623,0.37267647193415093,0.48672780438892205,0.59433816034219,0.6135812819633777,0.485121197349401,0.4906548295145539,0.3318138002420179,0.4491304397816802,0.7456914055854896,0.5739552627559701,0.5261655277875236,0.48950864665191607,0.5598224574630561,0.45465392783553127,0.9713769490699656,1.4926362756079308,0.8085715751140947,0.475809910423456,0.4609190107220969,0.581633808984773,0.4394301490139124,0.5400221665646702,0.48334768026527575,0.6258785532523959,0.4617848766040346,0.4879111112438646,0.4379482604434506,0.5812622165402841,0.4944788274531091,0.4539939376747968,0.6462189765760088,0.765671663231506,0.44477426964245775,0.5251321342279569,0.49083928231290413,0.5212812793126285,0.5185216107113872,0.4667108810761278,0.498165717754438,0.6220909209622753,0.4553440777134094,0.5229845582689566,0.5270710993882205,0.39206971748942887,0.45638807020115674
