Country Name,Albania,Angola,Australia,Azerbaijan,Bangladesh,Belarus,Belgium,Bolivia,Brazil,Bulgaria,Cambodia,Cameroon,Canada,Chile,China,Colombia,Costa Rica,Croatia,Czech Republic,Denmark,Ecuador,"Egypt, Arab Rep.",El Salvador,Estonia,Finland,France,Georgia,Germany,Ghana,Guatemala,Honduras,Hungary,India,Indonesia,Israel,Italy,Jamaica,Japan,Jordan,Kazakhstan,Kenya,"Korea, Rep.",Kyrgyz Republic,Latvia,Lithuania,Malaysia,Mexico,Mongolia,Morocco,Nepal,Netherlands,New Zealand,Nigeria,North Macedonia,Norway,Oman,Pakistan,Panama,Paraguay,Peru,Philippines,Poland,Portugal,Romania,Russian Federation,Saudi Arabia,Senegal,Slovak Republic,South Africa,Spain,Sri Lanka,Sweden,Switzerland,Tanzania,Thailand,Tunisia,Turkey,Ukraine,United Kingdom,United States,Uruguay
Albania,1.0,0.03411965544390789,0.020835730568022855,0.005964817648664322,0.0128431192077989,0.008340158676475248,0.00925447987917679,0.015330397537953167,0.007757335638884111,0.009736865160697201,0.005232812792601016,0.004294216462281395,0.013351852717677063,0.027574723337944532,0.008335955891881021,0.0796657520773622,0.01193351723269124,0.008617188512214807,0.02623959160940568,0.004973952360826947,0.028467805994902576,0.009947514562999521,0.009541690878468519,0.013717553728271506,0.006506682122580617,0.007866004013923282,0.0661807426955385,0.007785868362372642,0.005923949966027065,0.0525509330144215,0.011798156688882722,0.014783873550650061,0.009672862515101037,0.008968956188706332,0.02038322094976992,0.023343036663187978,0.018896007143894056,0.011704021404778915,0.020815081994348065,0.0059462124054739576,0.006610335873822575,0.02065065419341595,0.011098257940883068,0.013913126810247482,0.018238544363314083,0.017571209292897398,0.019093262651840054,0.006196846803237177,0.016083188813016087,0.015761826248898436,0.011693785906518272,0.0822086126394309,0.012339634140218297,0.02324934316813556,0.014735841870446287,0.059261675399580334,0.009520373037563068,0.004834275390186568,0.02440306659831283,0.015469093558100245,0.004709466972827985,0.022759808786145537,0.041387123511997685,0.012035631890630274,0.008543257906766048,0.015464491223979112,0.01166960766930634,0.011005447018805807,0.01741682129454045,0.012861713861451901,0.02200841886767844,0.010213987271603536,0.009219129183894679,0.02874783394233603,0.005899556138588532,0.010546077625251187,0.021545691793172724,0.007191649251589916,0.004545642735008072,0.01568903086836641,0.03625187932571426
Angola,0.03411965544390789,1.0,0.01577801043867947,0.03397879301799874,0.044872913996999296,0.040088653049561405,0.042182763032806415,0.02335741981750136,0.028097897228667814,0.035051255066987495,0.03602439124662532,0.036138646929470185,0.04529668253534627,0.055950451856977564,0.041553048901681294,0.07759512457822769,0.02376104517409682,0.04168589301228743,0.05959159292505609,0.031047940839104896,0.0610334965499751,0.03915927665609434,0.039478113534759336,0.032887135811444534,0.039740856972931386,0.040331521901182166,0.0907545998289439,0.04081462836529728,0.028551400300219076,0.08533088641734683,0.04372069152188466,0.04808982198819582,0.042260235317620506,0.031564594704727125,0.04375170694825422,0.05560720380431929,0.04979717634306256,0.044334194088276956,0.028119079150433105,0.03762307341011028,0.02912758536689783,0.05311119824566036,0.042990418751646504,0.02585425463907793,0.021794771063929446,0.049353951562823364,0.050200898867034424,0.02936321533018008,0.048650464508772126,0.04830079003621749,0.03901553586115203,0.08918055551088774,0.04451972100970405,0.05374737140346309,0.04738589136813642,0.04042288330672673,0.040714618637255735,0.03626770297470821,0.010727195090549277,0.048065762136467814,0.03197173748755824,0.05587660448826302,0.07053819339188099,0.04389935228760014,0.04100207063356813,0.04689452378702099,0.038872055097448385,0.04340712823989723,0.05016104258360457,0.04513729791028658,0.013333992539754706,0.042787642292749534,0.04208395320563953,0.0075109984152881325,0.03181653198222041,0.04351495326024496,0.05337768113287766,0.039652349386492675,0.035978255870369666,0.04762910923739252,0.014859237680743214
Australia,0.020835730568022855,0.01577801043867947,1.0,0.01933801801393479,0.03014575056309883,0.025301331598740692,0.027711419695715844,0.015783368389774587,0.013877451520948594,0.0196348397023864,0.021684864168608146,0.021918927196822303,0.030140007584809676,0.04024544823625248,0.02719996345724496,0.07626344208434042,0.012512998575095823,0.027692593452902474,0.045646567132813363,0.016701520370246057,0.046066075359505416,0.02529357550998904,0.024856966290127566,0.021701789952554174,0.025417064958394527,0.02587506498947223,0.07680759974487174,0.026407676023035228,0.016133847727919124,0.0697568066770086,0.02893197793585428,0.03335609555653852,0.027731737827530543,0.017362722945176347,0.030666728468786025,0.04015786028746006,0.034322647618425614,0.029833063725942483,0.017908049016519115,0.02290238485783654,0.014831852841890498,0.03803547546833789,0.02817096399467367,0.01586794534313936,0.015664004007126364,0.034437523240133064,0.03511455869098644,0.014931658214815059,0.033585412962459295,0.0336040272132748,0.0245847306446091,0.08534295041922259,0.028997423551287007,0.038037141987880906,0.03268386520326681,0.049881258870188926,0.025447036842267522,0.022050654144238943,0.012883335825043873,0.03401867856615664,0.017663929746296665,0.04030965024178855,0.054806336258148486,0.02966910143101992,0.026516840823266778,0.031194950998384187,0.02514765848711952,0.029006591679417177,0.03551383016823449,0.03056739042685706,0.011744806306694631,0.02830547764922207,0.02766790170500458,0.01564961198777221,0.017141063082376007,0.029384817976830787,0.03832979951725199,0.025169787167565405,0.021548774256465692,0.03254706769016417,0.02376061685237929
Azerbaijan,0.005964817648664322,0.03397879301799874,0.01933801801393479,1.0,0.010894207034666242,0.006114337245434707,0.008385752279984242,0.018396590076242374,0.006605796403448766,0.007634666511463831,0.003403103686142492,0.004472417553138524,0.01136866390045864,0.025326386967015457,0.008157971366061076,0.07590322152613942,0.010301457860539202,0.011491853183866047,0.02896108517756585,0.0061207752603133474,0.027060221030835725,0.010280012865413364,0.009929941416271251,0.011882249299691382,0.0067296572095011135,0.006719657725696947,0.06557732952444735,0.007451602198920617,0.009684792602870435,0.05135858684769626,0.009756381440032194,0.01415889399435368,0.00843820952855401,0.006948498978516585,0.015119936787687189,0.02178053147864702,0.01662830786590667,0.010509644131348138,0.020452427311743876,0.004209446620962108,0.006841229921038661,0.019135280338222597,0.009031216073205704,0.01350615048989455,0.0216897494061211,0.01578186037181765,0.016222161991764194,0.005972017425243483,0.014711426633403132,0.014339921132271278,0.011865211390647397,0.08174597439065276,0.011052678433038197,0.021028893330851877,0.01342738627418996,0.05542261956689933,0.0071671101267764695,0.004772096343145851,0.023602333484391405,0.018884005908470586,0.006647871281276355,0.021899705438117662,0.03915881837192699,0.010885456570285218,0.007327566518489568,0.013429780342642321,0.01484263201859198,0.01005372670428061,0.016230814705518817,0.011229664473416912,0.022353160271784207,0.009000482512443892,0.008598556398174272,0.029202547834877537,0.0045654047461939195,0.012786437830730397,0.019493645918480188,0.006015926965866916,0.006330078420420525,0.013690592694472838,0.03890762919327022
Bangladesh,0.0128431192077989,0.044872913996999296,0.03014575056309883,0.010894207034666242,1.0,0.005072402931763442,0.004517335183751819,0.027246801741832888,0.017112766498766727,0.011143569943311086,0.008860252463922528,0.008922080049822352,0.0016076865157755337,0.015630329690920607,0.0054122325186799864,0.08057881207939477,0.02113162284207971,0.008427048246262213,0.01921133603513324,0.014375847754398038,0.01625971764395495,0.007944093773033902,0.007746671621267748,0.016238039022023986,0.007242978324372469,0.005272728563501872,0.057985232832057254,0.005621762041994335,0.01864755499600552,0.040468422057233264,0.0023405902429982023,0.004651672913665592,0.003725701955057422,0.01510133319930392,0.012392599370568778,0.011078894345093957,0.006079398539368147,0.003029499425887247,0.024825467079890886,0.007275634294002111,0.01599949047429307,0.008271375305209074,0.0019753480925698993,0.02288799335538447,0.028046335277320453,0.00776355832194094,0.009705689179154747,0.015539988922792142,0.005388295617905062,0.0035371198635622127,0.014132455961264584,0.07797101626043881,0.00764434068034506,0.011518133280394685,0.0027587365962460364,0.06325670368736308,0.0048624614016511,0.008833545948654388,0.034485149720332585,0.01483837669358027,0.014777601173753534,0.011005722866070638,0.029370899191241785,0.002957079753253371,0.004448019791370909,0.006436770009093598,0.016994738611388935,0.0033086294774844495,0.00540265561001926,0.002320709176320707,0.03305861345193528,0.003763619237094256,0.004356307100353625,0.03994403483764697,0.013061548592496168,0.007275393829324778,0.008724926188073474,0.005784867265040874,0.010896052371607077,0.0028650309726545474,0.048783697539499495
Belarus,0.008340158676475248,0.040088653049561405,0.025301331598740692,0.006114337245434707,0.005072402931763442,1.0,0.003748182558966328,0.022949115958782358,0.012478784807446977,0.006903442213533369,0.004093634431478675,0.004174931701344076,0.005533598293233511,0.01965321941522043,0.004819996729054776,0.07873930768778739,0.016347149747044855,0.00873164814781962,0.023613106554164293,0.009769013079975112,0.020946526418898687,0.00808174467015904,0.007698859931969007,0.011837338406336684,0.00460500587639953,0.0033464285273349537,0.06075556611783113,0.00445942162911181,0.014125457341136738,0.045245105610574265,0.004436959014028771,0.008694410753047731,0.00411370678555559,0.0119459114888579,0.013467093841177816,0.01567912792291638,0.010573372388517358,0.005451627715512432,0.021893036327013164,0.00258996219848395,0.011257543450109488,0.013022755607579642,0.003433757310845542,0.018943658441649337,0.02305056369714229,0.011680893609096282,0.012693079503514807,0.010744462239024932,0.009357201038160188,0.008432869391607537,0.011858139951883548,0.07823745304647522,0.00842899683592215,0.015262030019175265,0.00770653285605481,0.059929911980745286,0.0029361755277502316,0.004092770322941977,0.029679461037052855,0.015085043276490502,0.010384848316579915,0.015796826770927228,0.033423627072894244,0.005773708385259602,0.003285873377187172,0.008187117017612537,0.014903495135992402,0.00476057546123375,0.010219456603649884,0.00586790055432753,0.02841208420548813,0.004606260611941241,0.004710978366847419,0.035296134365992125,0.00827228818778866,0.008835674015682582,0.013386574854063806,0.0030047618259579985,0.007106243021152074,0.007604197477446693,0.044127219789674356
Belgium,0.00925447987917679,0.042182763032806415,0.027711419695715844,0.008385752279984242,0.004517335183751819,0.003748182558966328,1.0,0.023279615254706506,0.014152854809290986,0.00965288930905131,0.006169331646643228,0.006174514676197735,0.004331939051302395,0.019886615582048184,0.002428830702253197,0.07950332054612173,0.018489135827293505,0.006449651194188344,0.021428613231138424,0.01117348367056386,0.019700023383015894,0.008385191567276247,0.008180276353890577,0.014927630680324752,0.0032676632066822933,0.0025140339014235458,0.06193756259661059,0.0025884165364439137,0.015092036570534597,0.043449235017625,0.0035188950093117607,0.006198145193806328,0.002327012841111443,0.012566923111626863,0.014896627912455357,0.01477801105906233,0.009963050501053004,0.0035347540131713535,0.023588419334718107,0.004878758523622871,0.013062628503406606,0.011550168222302908,0.004136587764554849,0.018646864523503233,0.025612213972448068,0.010442704407866389,0.010496120746277923,0.01295682357046656,0.008544561012494336,0.006513522028763496,0.010502936506921237,0.07975247289215222,0.006599621852987654,0.01577635011213478,0.005562690996175125,0.06119302130502042,0.004328204998414117,0.006116777881656188,0.031904576755326285,0.014201028939751396,0.01103816836842257,0.013849780842986409,0.03362544582505029,0.005684873262119026,0.002558808407735226,0.007937303385024897,0.014709132134663324,0.004379394980963143,0.008614987930136148,0.004558765408904093,0.030037170239830227,0.0027986070565555136,0.002422372366683169,0.03685439208120195,0.010613104875886499,0.006823477609575412,0.012422903627281576,0.002779837411702135,0.006887181308901549,0.006737765863842528,0.0454406328344086
Bolivia,0.015330397537953167,0.02335741981750136,0.015783368389774587,0.018396590076242374,0.027246801741832888,0.022949115958782358,0.023279615254706506,1.0,0.012068605729209541,0.021563109255007252,0.018925654066748752,0.01882537960065897,0.027574665732604493,0.04242157806001935,0.02226531967658447,0.083147532757075,0.01774927036539489,0.022067841563172444,0.03685243537055547,0.01382113960716555,0.042868818992765984,0.024133011718915767,0.02393954370595203,0.02175118774002267,0.020406979557011727,0.022087550279671957,0.08038336103357212,0.02183876393038426,0.010393085242620682,0.06571587218240163,0.025817117847767967,0.027981646250652636,0.02383233263674341,0.01561573610751687,0.0333277996517164,0.0378041403578112,0.03323799859446723,0.025736252171324154,0.02735566443097784,0.020380226932100228,0.01259926704729276,0.03433181445754653,0.02560053738741283,0.009500697487082965,0.014832421834184572,0.03234374533110388,0.03096418664092565,0.014255882919100845,0.03017969074261684,0.029673302386952913,0.018187717063976188,0.09044121789237579,0.025455640466866037,0.03811863635084799,0.028544025431931474,0.05394804492960474,0.02383581772481154,0.01955299680130736,0.014351350631433593,0.02598670897238167,0.01262897248023475,0.036808060906104376,0.05627012520321705,0.02672195291299075,0.02280959585485682,0.029503762514983742,0.02046952707010947,0.025378969046032863,0.03165255306142775,0.02706198221645497,0.011480181567507793,0.024344698518232573,0.023235204401879293,0.018137386972579984,0.016327890212009418,0.02413919378718322,0.03567338843911885,0.02146957070849061,0.016849204376217848,0.02998026847838687,0.023500277576445974
Brazil,0.007757335638884111,0.028097897228667814,0.013877451520948594,0.006605796403448766,0.017112766498766727,0.012478784807446977,0.014152854809290986,0.012068605729209541,1.0,0.010843163312983382,0.008450200227254415,0.008537437729611946,0.017656114875454258,0.03162285683591539,0.013462407301607117,0.0773697095455651,0.007171739811362179,0.014971098651579163,0.033035812978648764,0.00462018098028029,0.03322098837762352,0.014605770241225646,0.013383688155281443,0.014140268055207472,0.011643551328053321,0.012364628027948053,0.07081844398351127,0.012756294320627633,0.0051999389734218035,0.05749962163002983,0.01608178323865262,0.02007755283891028,0.014281052660782048,0.0063305609701896255,0.021425471612948464,0.028032676094901666,0.02304547238511885,0.016351251246311368,0.020530187388217457,0.010010382457169585,0.0037499890526130823,0.025293827055064867,0.015319797256513695,0.008092083462403837,0.017678729213307813,0.021917105574714324,0.022321668559342214,0.004389897940551561,0.02073361201222579,0.020394914283828707,0.012610981352630522,0.08482756461195523,0.017021620697949,0.02741761317413396,0.019465619618263715,0.05355413267576109,0.013577283901854404,0.009084426744661277,0.01791659311587369,0.021883313239930667,0.0043510479740987065,0.027940378057524605,0.0454804022570129,0.01635332882575487,0.013038374197252737,0.01973529708224941,0.015925939100568116,0.015435195436016886,0.02220360243174701,0.01724461959150195,0.016268286666899945,0.014786827124496941,0.014038832823919649,0.022838949999547806,0.005731021272111594,0.016114019919737148,0.025821693230298846,0.01168668673777699,0.007997846498970864,0.019975295137079272,0.03238969118195663
Bulgaria,0.009736865160697201,0.035051255066987495,0.0196348397023864,0.007634666511463831,0.011143569943311086,0.006903442213533369,0.00965288930905131,0.021563109255007252,0.010843163312983382,1.0,0.0068412635830576805,0.007720954513455083,0.010961535175458049,0.02126967137133808,0.010267413666924479,0.07721197614757812,0.012391404607375506,0.013491165349024725,0.029709350951985222,0.00906729957898978,0.02691100043565082,0.008600091721133848,0.008572204524382246,0.010794561015358549,0.010164647319012456,0.008613703636154121,0.06092004796062684,0.009693876244954458,0.012031272861323716,0.050743633493491,0.01014652104751258,0.014371840832078545,0.009595056696300308,0.011658147586408952,0.014105636281688476,0.020718500256329753,0.01489784651644392,0.011171054974007461,0.01743764050599955,0.006769507819789455,0.009354988698372433,0.018865247127121666,0.009285771760419656,0.018350304462032917,0.019867683648953697,0.01662420564623593,0.016685611456500132,0.0075928942156750015,0.014434656964199872,0.014648437270232637,0.016257861277919047,0.07879110172296762,0.012395857611315337,0.01870502213209398,0.013702567590861994,0.056260358110494346,0.006695417180652891,0.007044160775375818,0.025019962796586474,0.020304582574106483,0.009368516352740056,0.02139667356175163,0.035740653422852355,0.011520596220208625,0.008542031252867493,0.01185659528512675,0.017682449714485234,0.01081915920724561,0.016412996853928878,0.01183947240442022,0.02468478281628166,0.00996271466059959,0.009958137550078443,0.03170315144732862,0.005375633331257863,0.013232573378444277,0.019142268812611482,0.00812428917721499,0.01016106400594778,0.013396213292262878,0.040340765333528705
Cambodia,0.005232812792601016,0.03602439124662532,0.021684864168608146,0.003403103686142492,0.008860252463922528,0.004093634431478675,0.006169331646643228,0.018925654066748752,0.008450200227254415,0.0068412635830576805,1.0,0.0014989571100414308,0.00928915438013029,0.023631078135051192,0.0055336860376664675,0.07864266000449303,0.012381212055574664,0.00848775918115212,0.025959234163944953,0.005811030087528573,0.025019372655291857,0.008196213547517532,0.007991262336716922,0.011835211538485496,0.00381361597155268,0.00431905306684076,0.06452047588420998,0.004799476407766309,0.010091706170384709,0.04931601211953861,0.007706458783750457,0.012077914867961918,0.006248286229109827,0.008238751348716098,0.01618255788335811,0.01970970873925115,0.014606220665404193,0.008321973346806245,0.02001334223710346,0.002093181177907824,0.007259424924631896,0.017097343911901635,0.006975421307714408,0.015006251562702765,0.020774955155006148,0.013734938717823029,0.015201092789903852,0.0068637467574378785,0.01265488277538534,0.01228922475799738,0.011026556838700526,0.08142214465349686,0.00914286417070705,0.019237878409790476,0.011374371896920562,0.05829918521372737,0.0051315843018392045,0.0021524818484518335,0.025800666421765223,0.016241257927152333,0.006491512566539199,0.019864540509260446,0.037413369532141506,0.008286301617539288,0.004989974249103648,0.011298259152899129,0.013914105374286353,0.007393335046847491,0.014149498360629014,0.009125819432961505,0.024377055424032647,0.006775013341432492,0.006069372747314136,0.03127392191046064,0.004972519181287035,0.009805046571944812,0.017406256299821853,0.003640220455169065,0.005325492465612103,0.011615264732078405,0.0401062396846695
Cameroon,0.004294216462281395,0.036138646929470185,0.021918927196822303,0.004472417553138524,0.008922080049822352,0.004174931701344076,0.006174514676197735,0.01882537960065897,0.008537437729611946,0.007720954513455083,0.0014989571100414308,1.0,0.009361744045727696,0.023737991652191048,0.0054846335184596156,0.07949952123266528,0.01277377080093911,0.007365898209503797,0.025136198640917616,0.0059075747127040265,0.0250858184129734,0.008456417528288317,0.007209826400202426,0.013238228365146184,0.003727171253623284,0.004342309086855734,0.06464194502246794,0.004785367386702328,0.01000252484579234,0.0493837312686463,0.007773262254569402,0.012098398683801538,0.006275526088825171,0.008212654867000452,0.01699376906929464,0.01978677712429164,0.01469490133734671,0.008345760506935918,0.020074076311680306,0.001986640320083209,0.007360726264082773,0.017163029231739152,0.007043411250830024,0.015177532492796207,0.02035675540968278,0.013819435092002544,0.015903387455672525,0.00710065036802972,0.012693503091848296,0.01233844969268662,0.010578041911703568,0.08154192690997068,0.009186303071638391,0.019344393324831184,0.01142158815934247,0.05978782455604115,0.005269072921197864,0.0009426976469931572,0.02604188106187595,0.015013679509849989,0.006727188997279603,0.019919021945181938,0.03751861235135148,0.008018583217417073,0.005017211095977502,0.011459059358374463,0.013126458148860917,0.0074067581719647994,0.014186288046349813,0.009169538953145437,0.024361967138995355,0.0067924813971125125,0.006064357518407758,0.031238622611989147,0.005563698568176886,0.008621480758730354,0.017483175261878686,0.0036669108914921355,0.0042705311417606025,0.01168659689868755,0.040025310143550465
Canada,0.013351852717677063,0.04529668253534627,0.030140007584809676,0.01136866390045864,0.0016076865157755337,0.005533598293233511,0.004331939051302395,0.027574665732604493,0.017656114875454258,0.010961535175458049,0.00928915438013029,0.009361744045727696,1.0,0.01564859609400629,0.005387044245603582,0.08020416546187277,0.02153600538139708,0.008763592449500224,0.019883207828045278,0.014917763336400455,0.01625996043164343,0.008854850950049127,0.008358686185530864,0.016584806399425646,0.007270349346350256,0.005521154125678756,0.05827200545201418,0.005773597551433134,0.019160506072745657,0.04005346675928718,0.002380235052247428,0.004964192119947672,0.0037841386741588037,0.015645228617082684,0.012236734026967152,0.010872750691122932,0.005663451054340655,0.003356248498051162,0.024650393608568702,0.007709892632004336,0.016513545129719594,0.008109644416981036,0.002381771306909399,0.022919035094438156,0.028568457010704935,0.008361370466694332,0.00891568362054656,0.015933798324954025,0.005893253717962668,0.004038053223435902,0.013861128532927416,0.078007094676435,0.007003194847933481,0.011811939794432822,0.0032724901472629374,0.06260912028851544,0.004789084278173146,0.009226574085827412,0.034809962859175224,0.015442626365608138,0.015219679217868359,0.010667776877528536,0.029394429477440812,0.003994866577038295,0.004819864608144051,0.005206215379921172,0.01756076067382984,0.004431080400653396,0.005813388409201977,0.0027952710809443296,0.03341908462858,0.003911093228673244,0.0046425763908705085,0.040488902388465656,0.013499727316130354,0.008078378304572791,0.008307498193003332,0.0061689876463613125,0.010995170616952583,0.0026426693936595644,0.04932868007761198
Chile,0.027574723337944532,0.055950451856977564,0.04024544823625248,0.025326386967015457,0.015630329690920607,0.01965321941522043,0.019886615582048184,0.04242157806001935,0.03162285683591539,0.02126967137133808,0.023631078135051192,0.023737991652191048,0.01564859609400629,1.0,0.0209625481323621,0.08229435479840026,0.032271663305077115,0.021537247591953215,0.02206868673312996,0.02862290551697044,0.011583518204455622,0.019166835801537524,0.019310522145059836,0.024274135338629675,0.022852324491065543,0.020883162096945775,0.04384449944474597,0.021200089786941073,0.03307835887730913,0.03749142934178103,0.017577644081995834,0.01636030792813671,0.0192458750464376,0.02832341843727436,0.014847288066671455,0.007947423470854482,0.010187311414749002,0.017538854507080568,0.032964284671347176,0.02222544270151022,0.02993997856997179,0.01116173054175114,0.017084442277501034,0.038517995526648356,0.03743221296867169,0.013425979396080095,0.018242866130174416,0.028552655282908575,0.013465701298527965,0.014057270287519555,0.02829951433897884,0.06760246848977024,0.02085842175044234,0.004906665290892812,0.015253341679645642,0.06778540869087822,0.018986796697210644,0.02291435060149802,0.045967484696093984,0.02174765376196007,0.02982264651713634,0.0084577839682914,0.014760032336994444,0.016178438499251945,0.020045064722462896,0.014890028742696775,0.030320373121654445,0.017393062744209813,0.011400206044070856,0.016243007753735834,0.045528544175374296,0.018881748359333806,0.01992501594646448,0.05251998651930507,0.02622178178459505,0.018956248230933496,0.010462863330574983,0.02137412421328269,0.026516077131693492,0.013244795061242494,0.06112791093679739
China,0.008335955891881021,0.041553048901681294,0.02719996345724496,0.008157971366061076,0.0054122325186799864,0.004819996729054776,0.002428830702253197,0.02226531967658447,0.013462407301607117,0.010267413666924479,0.0055336860376664675,0.0054846335184596156,0.005387044245603582,0.0209625481323621,1.0,0.08084561346263364,0.017892319417357434,0.0048116527051786685,0.02083594243967846,0.010526227307911388,0.02073086273558474,0.008461374567510765,0.007341265916793119,0.01573523583249354,0.0019147587336160988,0.0016663159683829216,0.06295742760025692,0.0008703092188489051,0.014177448256650073,0.04432499811781402,0.0035831883087288903,0.006672689026251643,0.0017169090474777173,0.011716185140490123,0.01662573787202894,0.01579900967376865,0.011000979883373197,0.0034790015871317315,0.02312822396178716,0.005154872470220989,0.012444823545619385,0.012314707995814364,0.004252807860343201,0.017569671856052987,0.025340590393267623,0.010237376591011127,0.012137762876282534,0.012389151696563478,0.008427455982992023,0.007450649863384873,0.009905964686576018,0.08095023460349356,0.005516802766183937,0.016820826363814066,0.006400202745407124,0.06267299106521951,0.004673429594015134,0.005430105349124914,0.031327142363473566,0.013096362751467451,0.01024235310354302,0.014717974382978677,0.03470113253435801,0.005277857783135309,0.001867201300759695,0.00975153667810038,0.012989914129839492,0.003884377029493931,0.009691188578298234,0.004845881318923558,0.029338363240574785,0.0021513223179672183,0.0011981326345586669,0.03611490582844943,0.010338982363819084,0.005825636329302447,0.013413840108068707,0.0022462919262621565,0.0059579643734185605,0.007803331782700134,0.04453255909164556
Colombia,0.0796657520773622,0.07759512457822769,0.07626344208434042,0.07590322152613942,0.08057881207939477,0.07873930768778739,0.07950332054612173,0.083147532757075,0.0773697095455651,0.07721197614757812,0.07864266000449303,0.07949952123266528,0.08020416546187277,0.08229435479840026,0.08084561346263364,1.0,0.0740509341302113,0.08319743366266598,0.08707680288831571,0.07882936488299444,0.08530981162019387,0.07822170789948707,0.08273440365543902,0.07381726749447934,0.08043107201892523,0.08030297565785988,0.08334335309996162,0.08083053974604239,0.07911956717151417,0.09058187801063292,0.08075979948135123,0.08217336729146625,0.0806064372939369,0.07780605896492696,0.07013433106053167,0.08290575752107032,0.08138802776204897,0.0815680627941142,0.07858876220312774,0.07880232011163364,0.07914966529657895,0.08462462718409879,0.08023244266733832,0.07749594281393683,0.07832401776898452,0.08249237192429278,0.07650890129457594,0.07768060566201862,0.08284982795400506,0.08188206120094652,0.08201799413686908,0.0754079316792967,0.08083628643391902,0.08074223598058189,0.08191248755094667,0.0519998852603633,0.07923486036159637,0.07939035845010632,0.07707284286589389,0.08428135074147707,0.07874590175014363,0.08224408600158147,0.08730661181903865,0.08165163146376045,0.08026240332408564,0.07894816686914083,0.07974870220858572,0.08103982085442663,0.08203290037709214,0.08161645373636578,0.07768875509305775,0.08113929260677794,0.08092223240915694,0.08072067982371905,0.07755843594667705,0.08240726508974286,0.08367092556633098,0.07995474066823609,0.07995443846307981,0.08096805224697756,0.08682818346924726
Costa Rica,0.01193351723269124,0.02376104517409682,0.012512998575095823,0.010301457860539202,0.02113162284207971,0.016347149747044855,0.018489135827293505,0.01774927036539489,0.007171739811362179,0.012391404607375506,0.012381212055574664,0.01277377080093911,0.02153600538139708,0.032271663305077115,0.017892319417357434,0.0740509341302113,1.0,0.019311451860665345,0.03731132670342169,0.00986573017754446,0.03728275706491704,0.015917495148728616,0.016798318709783138,0.01468078684159805,0.01609245985238982,0.0166323337949616,0.06935572630921737,0.01713286963552306,0.010837889727995912,0.06157606872121959,0.01997043780198808,0.024376597088497733,0.01855140532742632,0.010619136654226303,0.022396434003987654,0.03185638998989887,0.026061218028785898,0.020629921431894516,0.018060089966158432,0.013941617498061791,0.009244438362768882,0.029361234250299833,0.019236984533484266,0.012505266049721556,0.018266227556686613,0.025593115087187108,0.02645729568644092,0.007648793342934182,0.024912292045859062,0.024571920337479784,0.018061756954787404,0.0828695646245705,0.020786057941203667,0.030037581889749955,0.023658378992514193,0.047840159616363,0.016958522124866506,0.012901138081687295,0.015217477274361178,0.026474054816372775,0.009684790127484405,0.03213703252692072,0.04681839804037025,0.02033493713661738,0.017297130975713216,0.023177749344996133,0.01809001810859021,0.01972406726229847,0.026442798565391123,0.021417305575083208,0.015414595575089859,0.019087807855523442,0.01839996402108186,0.02130242499987047,0.009681499393658055,0.020477672512663525,0.029616644005540132,0.015955849351293034,0.013357338041593973,0.02386892229757392,0.033087713483917106
Croatia,0.008617188512214807,0.04168589301228743,0.027692593452902474,0.011491853183866047,0.008427048246262213,0.00873164814781962,0.006449651194188344,0.022067841563172444,0.014971098651579163,0.013491165349024725,0.00848775918115212,0.007365898209503797,0.008763592449500224,0.021537247591953215,0.0048116527051786685,0.08319743366266598,0.019311451860665345,1.0,0.018180164393105932,0.011385502664751506,0.021180637583103158,0.010714149619721823,0.008201082899427033,0.019512920149954673,0.005520524922368533,0.005698200119481221,0.06350424131443103,0.005051877064226134,0.013795502176569996,0.04495958728349552,0.007042579930887574,0.008013587761890798,0.005799243410884039,0.013643394792898396,0.0190817765025138,0.01631680127422696,0.012079591364252755,0.0061829133945798306,0.024819302030840155,0.00834401754321616,0.01294226089162122,0.012904785239794518,0.008188606275319983,0.019483503428678772,0.02528659255833139,0.010906165865812988,0.014681002326221245,0.013133171794813454,0.008964297453072392,0.008741279870727705,0.013316210729059683,0.08148316565770299,0.008555194312420406,0.017661555282817053,0.007991240256627502,0.06569449199000703,0.008532263952344419,0.007431522996158207,0.03211268258728543,0.009850420801584887,0.011864562999855466,0.015246201929881254,0.03529111917368918,0.007407440516805298,0.005911033276729344,0.013511267627823603,0.01433286196293386,0.006271497607031464,0.010690102003232347,0.006778773643756413,0.029302523905072705,0.005547032130608985,0.005061439346268859,0.036363558814027745,0.01243011183515075,0.004484745798404466,0.013763690281796748,0.00596514877573019,0.00795164754041883,0.00973513215958237,0.04394896625580745
Czech Republic,0.02623959160940568,0.05959159292505609,0.045646567132813363,0.02896108517756585,0.01921133603513324,0.023613106554164293,0.021428613231138424,0.03685243537055547,0.033035812978648764,0.029709350951985222,0.025959234163944953,0.025136198640917616,0.019883207828045278,0.02206868673312996,0.02083594243967846,0.08707680288831571,0.03731132670342169,0.018180164393105932,1.0,0.029564412597077736,0.01342878011392324,0.022619690841828022,0.022608235645475892,0.03333983633053726,0.022236744786568098,0.022251574738084597,0.05441478157175895,0.021509736480825326,0.031100873181469903,0.029006475619722586,0.01987156657431088,0.015797138830189926,0.02064938537823508,0.029725189963595296,0.025307144457949814,0.01539959403727604,0.017610460004948363,0.018698673219669754,0.04214591307903901,0.02492588619773487,0.030979059572765675,0.01244142464782658,0.020680159427273883,0.03566090697409,0.041785790840621534,0.01560595454026711,0.01702098080148365,0.031300853456044934,0.01611944036410255,0.01595777447223589,0.024642081029806733,0.07694989919058454,0.02016964947949199,0.021920058101302573,0.01667421923328548,0.08000120034496189,0.023288720565809183,0.025119168680026498,0.0502391215754464,0.013054411588003993,0.029285405983316425,0.015337404322292084,0.026006692497264932,0.018363506930472798,0.021652215411279974,0.021906379867764465,0.028221338247845926,0.018979327881412027,0.015121952989623108,0.017949250145346946,0.04697066882351967,0.02003993686880466,0.020367664019032193,0.05433831469061872,0.030542737172957014,0.01700553348952038,0.014051733514998152,0.022947634127389285,0.025512943236594338,0.017537669365572984,0.06010257077027108
Denmark,0.004973952360826947,0.031047940839104896,0.016701520370246057,0.0061207752603133474,0.014375847754398038,0.009769013079975112,0.01117348367056386,0.01382113960716555,0.00462018098028029,0.00906729957898978,0.005811030087528573,0.0059075747127040265,0.014917763336400455,0.02862290551697044,0.010526227307911388,0.07882936488299444,0.00986573017754446,0.011385502664751506,0.029564412597077736,1.0,0.030353509081640948,0.011978031533200968,0.010340378340580398,0.01340059517818292,0.008726621038082022,0.00950693494253374,0.06833712956829623,0.0097667159156133,0.004821893821525668,0.054602988301262756,0.013362685740173592,0.017084135279006672,0.01137231190885098,0.008136647964361048,0.020548726832505106,0.025212304630855466,0.020317938764010446,0.01344459192416307,0.019183854602886716,0.007301953128248044,0.002671746913788283,0.022441404775255556,0.012599978175801198,0.012001129347235429,0.016450516534717866,0.018899332421253166,0.020190887550802124,0.003194635539545635,0.017816917177377368,0.017518727866257914,0.012260298803015766,0.0830439434007493,0.014196090177674807,0.02456013765206265,0.01656852735315252,0.0577046678699069,0.010861357801525246,0.00639969091408243,0.02081418824136295,0.017910962078970347,0.003025957262323989,0.0249687875479539,0.04244941233146985,0.013691482206562113,0.010177563881286171,0.01701924160679655,0.013473954430892216,0.012603889629263955,0.019282407720800105,0.014455444916260756,0.019130352710971906,0.01187575154172807,0.011056866705264195,0.025684868270390397,0.004106072145634431,0.012977019155594184,0.023099967594322434,0.008824662937412015,0.004975030626284455,0.01723985458142754,0.03442397029948237
Ecuador,0.028467805994902576,0.0610334965499751,0.046066075359505416,0.027060221030835725,0.01625971764395495,0.020946526418898687,0.019700023383015894,0.042868818992765984,0.03322098837762352,0.02691100043565082,0.025019372655291857,0.0250858184129734,0.01625996043164343,0.011583518204455622,0.02073086273558474,0.08530981162019387,0.03728275706491704,0.021180637583103158,0.01342878011392324,0.030353509081640948,1.0,0.023132180574585076,0.02169123943268387,0.02861213064592968,0.022614476485568958,0.021070475541183485,0.04463632839013431,0.02111048588258139,0.03431869221790301,0.030719469325361726,0.017903188870163653,0.015826237909427002,0.01926104089880785,0.030620492050064393,0.02175272141749828,0.009167341105877322,0.012920633847838783,0.017383127013718903,0.03968116482961289,0.02341812768265296,0.032148807820637004,0.010360260902828607,0.018061051185513745,0.03816977813787396,0.04184694753574903,0.01479002537152938,0.017115944173945494,0.031682646568278405,0.013878514879786039,0.013890198035054953,0.027464714131489855,0.06770386369610076,0.021608190648144062,0.01128842438065929,0.014875147497111524,0.07659526981801904,0.02078440666056547,0.024986271890730667,0.05060161956232467,0.01803984597381124,0.030387430016675807,0.010219975308580306,0.015711677664694414,0.01740498822270124,0.020349440236446914,0.019026173343754185,0.032592157953731146,0.017861103680112178,0.011821767336870499,0.01632795561627548,0.048816472002989664,0.018813589977565777,0.019792897967586844,0.055998655503806394,0.0292183503976463,0.0187604072489907,0.01173968089132271,0.021691171962387602,0.026401929226786854,0.01393294675415192,0.0646846766983137
"Egypt, Arab Rep.",0.009947514562999521,0.03915927665609434,0.02529357550998904,0.010280012865413364,0.007944093773033902,0.00808174467015904,0.008385191567276247,0.024133011718915767,0.014605770241225646,0.008600091721133848,0.008196213547517532,0.008456417528288317,0.008854850950049127,0.019166835801537524,0.008461374567510765,0.07822170789948707,0.015917495148728616,0.010714149619721823,0.022619690841828022,0.011978031533200968,0.023132180574585076,1.0,0.008279751806953088,0.013309864602539023,0.008733629306876368,0.007932495342871512,0.05894046835180828,0.008551276275975295,0.014234287432140415,0.04729754109074833,0.008340004165475782,0.010555520530140052,0.008012668518919547,0.011618557733229274,0.013805717667933932,0.01785942132478374,0.012460225297314323,0.00874899524578333,0.023059089373363418,0.008232487684426413,0.013271628846985229,0.015121736122816488,0.007145188674983894,0.02150845545548445,0.022908969692274513,0.011765639892293244,0.013477361476707002,0.01198997705841281,0.011807789867836394,0.010533694458220116,0.015800376128123655,0.07916433162692475,0.01274960436964378,0.016925158564442756,0.00994935636181714,0.05958865833979134,0.007397160496765649,0.007863756858724527,0.029059699647306664,0.01845649544513778,0.012463914350171287,0.017556288042968056,0.0332709858585079,0.007675090757290817,0.007687490171516044,0.01139747999324015,0.01466012989716803,0.008484127176493345,0.012029563764813981,0.008614111645682234,0.028261250529527774,0.008551699624428298,0.00824640915008026,0.03429813185933385,0.010530900243108382,0.010876042998498495,0.015580875812852226,0.00800582872124303,0.011365249819519871,0.01022955191508008,0.04223156099958511
El Salvador,0.009541690878468519,0.039478113534759336,0.024856966290127566,0.009929941416271251,0.007746671621267748,0.007698859931969007,0.008180276353890577,0.02393954370595203,0.013383688155281443,0.008572204524382246,0.007991262336716922,0.007209826400202426,0.008358686185530864,0.019310522145059836,0.007341265916793119,0.08273440365543902,0.016798318709783138,0.008201082899427033,0.022608235645475892,0.010340378340580398,0.02169123943268387,0.008279751806953088,1.0,0.015694725829359327,0.007952008183654241,0.006405624580774849,0.06119517696439458,0.006785061750367589,0.014422868789264551,0.045959862622283694,0.007087732327524843,0.009178468592951421,0.006453210564318574,0.011197109170727765,0.01779290381956578,0.01654195649119316,0.012261069937524401,0.006607611233243104,0.020438144996257616,0.007177598249686739,0.012182039365494234,0.01377264549226017,0.0066930230710485665,0.020512201540985795,0.023622099556458116,0.010799780974666339,0.015263970295950162,0.01108779360453116,0.009948380189604394,0.009378533498206382,0.013450325922246313,0.0802211544126774,0.010370685092432334,0.016847634820369467,0.008559084285446432,0.06318952463849618,0.0069706344935691125,0.0068589620167783865,0.029136119456884997,0.016016247941804895,0.011422189354854635,0.0165665880820688,0.033310615741913546,0.007562685036903343,0.006327635215247054,0.011444353636387825,0.015613489256528487,0.006951846692074801,0.010866192465974676,0.00676088924528156,0.0275606976638575,0.006325801699611013,0.006775620688547369,0.034307420729431784,0.009190044360548672,0.008271696846789507,0.01446232178896473,0.006462266235939779,0.008895844426587304,0.009762654684764853,0.04308158726687656
