Country Name,Albania,Angola,Australia,Azerbaijan,Bangladesh,Belarus,Belgium,Bolivia,Brazil,Bulgaria,Cambodia,Cameroon,Canada,Chile,China,Colombia,Costa Rica,Croatia,Czech Republic,Denmark,Ecuador,"Egypt, Arab Rep.",El Salvador,Estonia,Finland,France,Georgia,Germany,Ghana,Guatemala,Honduras,Hungary,India,Indonesia,Israel,Italy,Jamaica,Japan,Jordan,Kazakhstan,Kenya,"Korea, Rep.",Kyrgyz Republic,Latvia,Lithuania,Malaysia,Mexico,Mongolia,Morocco,Nepal,Netherlands,New Zealand,Nigeria,North Macedonia,Norway,Oman,Pakistan,Panama,Paraguay,Peru,Philippines,Poland,Portugal,Romania,Russian Federation,Saudi Arabia,Senegal,Slovak Republic,South Africa,Spain,Sri Lanka,Sweden,Switzerland,Tanzania,Thailand,Tunisia,Turkey,Ukraine,United Kingdom,United States,Uruguay
Albania,1.0,0.7674198352434682,0.48607345958847653,0.11800974406716586,0.276500979473682,0.16174120475961842,0.17374516610003884,0.3171882796152023,0.1938288930278249,0.1590610726349683,0.0883596954439679,0.08006513857995318,0.25329205536211236,0.6301135919392851,0.1794002339907194,1.8993830063477595,0.2314911175306709,0.17524380784464694,0.6292997677528049,0.11117512870978863,0.6210330226164028,0.2163720733771724,0.1736109355239835,0.2589561337333764,0.12513851307053347,0.20589857669232192,1.675801359286484,0.1909442892222237,0.15244027928961135,1.1133011242141913,0.23275699745142014,0.27840233835596484,0.20710681833165057,0.19436333534456776,0.5076646932734696,0.47943478444210597,0.41442573884675293,0.2619881680366314,0.42083052229516565,0.10773629597560153,0.1527367368754684,0.49341060235261874,0.26148638563167886,0.3065485704423789,0.4277450793863984,0.31040418833810207,0.30287881120573557,0.1382178266779355,0.33569908209619315,0.36342227244468117,0.23758874702589744,2.085210988303896,0.17048397261332549,0.5298164004609075,0.307491346759752,1.4423271144968939,0.1524422785655637,0.08360446746374467,0.5254535497977374,0.3168477910731213,0.10709157091541069,0.5063549228480144,0.9484151641358647,0.23313510540495225,0.20494291294557673,0.23287310065276015,0.26851494283642596,0.28224991291527646,0.40741623445762953,0.2850943123453954,0.4953254622063036,0.22442298593702042,0.20534965643405523,0.6760359607363677,0.11769835847547361,0.25144547336657297,0.5250995116781896,0.19877065210043143,0.06690764994307055,0.32112258428521057,0.7948140417689443
Angola,0.7674198352434682,1.0,0.38240285378421596,0.5800000328789505,1.024115657703173,0.9005520574617848,0.8694547824315318,0.41326586763812523,0.5585020613428602,0.92441335378574,0.7001401915511838,0.7325326398673044,1.010267482990114,1.5750871119087784,0.8128288916986302,2.276786328567729,0.47881881695894773,0.9302564269159986,1.5640752155271664,0.7058460434791565,1.8102509653504917,0.8735023798657949,0.8911497116590862,0.7288690020522648,0.7408060128988863,0.8325081864732293,2.390075482048537,0.8212624839771945,0.6485635081417103,1.8596025702339047,0.9510033341927235,1.0916693923535592,0.8864869131558322,0.4765238923268953,0.8146132168181539,1.604083992953146,1.3141555699566454,1.0233914478307968,0.686354597300932,0.8363098793705871,0.6126724399903248,1.511461797409686,0.9612075573643792,0.3324805964156763,0.6028323932808302,1.0774016539810147,0.9445596279708692,0.7068467974412123,1.2727757023953803,1.1630238641547763,0.7178833830009523,1.9049652557383205,0.8936461865755501,1.4757147254933745,1.1059335649458844,0.6908325855229926,0.8904992622467552,0.7608027232115225,0.18355760104000304,1.2137270172758916,0.7210385472257528,1.5369032970193781,2.0725073081915104,1.0518354864537216,0.8673397119717121,1.0524646416067869,0.9287302398995378,1.0681228477339975,1.2708081488834893,1.1286523904969588,0.2131634003326307,0.9406714518721564,0.8680320527367551,0.1538783029015637,0.7632981238363981,1.0880205037902022,1.4238982112580036,0.7905841354673364,0.7647423412898959,1.1442460903944995,0.22739889490012175
Australia,0.48607345958847653,0.38240285378421596,1.0,0.3365018076390525,0.7212999573326779,0.6023157849604266,0.6004676566146626,0.2936194004142691,0.33724893227886865,0.5734672214609393,0.48912504300353815,0.5156406044969737,0.7020881762623598,0.9943836659072349,0.5741637154356789,2.1961721440557564,0.19764938577315214,0.6581211978615841,1.035760908352949,0.41624110457700375,1.2703679974015485,0.5872908610474499,0.5933806770333965,0.4625718503347812,0.5256165321935585,0.5953878050654687,1.9584144127388599,0.5852508283946415,0.3548865237303097,1.5129577826369887,0.6639420177243905,0.7746346884644009,0.6284314433253245,0.28950808516503235,0.565221360119992,1.006365208665556,0.8620146238327981,0.7396404293712308,0.47925343731575576,0.5534793525013418,0.33610228963212396,1.0227500065964235,0.6583649034221422,0.2726205043269086,0.48392739017765607,0.7442137085741841,0.5431037734064816,0.39401314947658334,0.8748986002583531,0.8050373544428828,0.4336010184589064,1.9647889421323264,0.5769949617381167,0.9128869815464622,0.7798463196567509,1.0205340396341156,0.6148850289140995,0.5365244449846902,0.31745263313719996,0.8261391278658836,0.4302000215752755,0.9689650309106516,1.4635829919942265,0.7344807253779011,0.6181031594523838,0.7015601096461663,0.4715691569317931,0.7331482909496503,0.8720445770050336,0.7905481140957696,0.2553693143342123,0.6737087848040052,0.6221829094871966,0.34348054419211854,0.443556645086003,0.7684773381094501,0.9810605690886529,0.558820100912439,0.5217296551554462,0.795479551950064,0.5055095005934854
Azerbaijan,0.11800974406716586,0.5800000328789505,0.3365018076390525,1.0,0.24877395624220952,0.15889427361560884,0.17329699044024294,0.27509087332759435,0.09524125259625535,0.14904811284976766,0.09628023079589956,0.09347593161796272,0.2245932496533112,0.6755989621037053,0.1606518058541746,2.1816475154772403,0.19191150247617675,0.2377604412808897,0.8115553534878848,0.09633503408042099,0.7343598739396606,0.24793388857658333,0.24038281485064616,0.2839544818843579,0.10019859160621075,0.16668992617221515,1.8522711564516174,0.1673069274139336,0.13903396977851998,1.282060940405816,0.23994483757625754,0.3768628174539169,0.23428280768531556,0.12956405087774356,0.4597077272444653,0.5716639253269353,0.3857482079605677,0.31819331971208986,0.3963400748180093,0.09693251156641375,0.10392692222662794,0.537497325087799,0.2133296019026874,0.26294653722324707,0.47439955434219916,0.39442733426403276,0.31234968415698616,0.0910839389392834,0.3974734101647309,0.37364648759128394,0.3136251439492186,2.147337851897533,0.2373638735987345,0.5230805806885723,0.34418147556806106,1.3824156026392185,0.16841806583288146,0.11890785284692029,0.3688968156013833,0.4000212357273553,0.09073725046577438,0.5813122169789687,1.0870304151262327,0.27348410113839033,0.19440244131508158,0.3113290769674829,0.3244283154203617,0.28961066794892615,0.44076382867493463,0.3272698366191955,0.4233966656168688,0.2775824935698871,0.22951057206911998,0.48884494542695256,0.0887032881437406,0.3414369656960441,0.5478267960794365,0.1378904666405046,0.13304026786428938,0.2965073403321551,0.6390385129331616
Bangladesh,0.276500979473682,1.024115657703173,0.7212999573326779,0.24877395624220952,1.0,0.07815272236272855,0.06542360607310391,0.604660649367226,0.4733791920737715,0.16867755210194674,0.17693127577205853,0.1761301240810992,0.029324242922339566,0.37279605688013523,0.10755823800829831,1.7914672675772525,0.5024440703375064,0.2069124881872986,0.483148144114422,0.36083810040533093,0.35322803095616323,0.21237460196997085,0.17873214407928648,0.3289749845322866,0.1748398148645951,0.08257210253472949,1.5137108592900796,0.09231392855676315,0.49103345346262195,0.7530660454038338,0.05169636399164998,0.09186851411055891,0.07617827132903746,0.34458362559290145,0.28804098732813815,0.24615699771839902,0.1430538144616074,0.046116037624356815,0.5612640625606672,0.0954873538681267,0.4308624141280212,0.14264708632444628,0.03852575325978924,0.5170173502235603,0.6793331877200818,0.17995383662416875,0.1775195637768246,0.36910278646619404,0.13298854536142518,0.07409218483576643,0.2395914450714001,2.2607169721721156,0.15152422540224758,0.25703629377253323,0.05985645015992838,1.7483273365586773,0.08776871821029056,0.15807941107226478,0.8543286744115925,0.35076383852579884,0.3719240614968363,0.26814602626315975,0.6366934826111763,0.05820347324612052,0.08762213800043916,0.14492225697189523,0.3001154444039387,0.058401077211310104,0.12544907684088522,0.04534922232106242,0.8154427482448767,0.05770684706499837,0.07040030395354935,0.9110738890563421,0.23195802621588404,0.14870729194949692,0.1606406098841988,0.1352181508567218,0.21664993192159399,0.04975794436729883,1.0624551035964171
Belarus,0.16174120475961842,0.9005520574617848,0.6023157849604266,0.15889427361560884,0.07815272236272855,1.0,0.05961426438670686,0.5868855280554195,0.2969388873342166,0.15450785267074957,0.07445936783990051,0.06834147955317274,0.0770851542037515,0.4497906949580644,0.09265593843904588,1.895299632085,0.36698388783892516,0.15788534878727145,0.5595962932071137,0.2295128103192097,0.407516515701718,0.22145930221234955,0.17251766699333054,0.2861586693307771,0.07395185682562158,0.07593526517950494,1.5554300777043322,0.08211821456808369,0.33390073001769704,0.7637408089130329,0.07348338589715003,0.16435080128944263,0.07613328658990609,0.271452408242296,0.3645576942947656,0.28954260424626155,0.19415378695412427,0.10274979908877813,0.4854374778447152,0.04553217243631236,0.29883757532976485,0.23134293697320107,0.056673649893446504,0.46530439343033597,0.6019251211253069,0.1932837610920701,0.21506186691866588,0.25432936605089884,0.17283186211318816,0.16065246865798327,0.2333306093585472,2.1743274667385406,0.15865978480305645,0.3210992277255824,0.14552181888090027,1.6556118728575273,0.06425320693947537,0.07648972731314577,0.7378252861658738,0.2643993993909972,0.23429802243864548,0.2878993213214118,0.6962484378579328,0.12216319505653539,0.07893738015961352,0.13601678169676096,0.3037021817974144,0.09359805078257172,0.1871179194470158,0.10549606032448153,0.7598126048813336,0.08519545756194122,0.07746109283757047,0.7904023468921548,0.16896553224567723,0.1645242900701855,0.22635085886207149,0.06874438547059436,0.11604835393856228,0.12076237300616993,0.9618892054932574
Belgium,0.17374516610003884,0.8694547824315318,0.6004676566146626,0.17329699044024294,0.06542360607310391,0.05961426438670686,1.0,0.5448755634464265,0.2979901995216583,0.09957391434982343,0.11587662706028456,0.09757034488214722,0.05341134351050714,0.4698450744963858,0.05358155768389786,1.8785836040814416,0.3664005682167254,0.13983102774958175,0.5970565078803002,0.2141072024011898,0.4427489938767132,0.181375538366769,0.1628487543859398,0.32307301062876115,0.07080689345107086,0.05233954145371761,1.6176841867209601,0.05214228589088318,0.3249651677120739,0.901910344824047,0.060918571780195135,0.11793196295858058,0.05138963346756359,0.23818462003379595,0.362816410609212,0.3169856169446854,0.1623783587679429,0.07378403221965388,0.47845266000601927,0.049202242403114355,0.267158400489342,0.24261747385155635,0.07048427732702381,0.39661436190303445,0.5765460009065773,0.21161407698948007,0.16668215161435845,0.2532061284923727,0.16877747976137364,0.10738777488677773,0.20283539536757877,2.208383303561514,0.15127827885139414,0.2949950897725611,0.09320012697258076,1.6424233313889416,0.05264683754842164,0.07719527647442007,0.6808396930743043,0.324157381768825,0.22054000677774444,0.31529000833595683,0.7853476044549316,0.09067821782947788,0.04813898662675234,0.13087229926086785,0.2942030175121899,0.08454101970011652,0.16315476402152573,0.08592201128239418,0.7010668079791675,0.06221908471685819,0.04665034579485475,0.7551264964834368,0.15467436540249516,0.14319081428713062,0.2652333780407098,0.05897067712425774,0.12308040476623783,0.09586710641230153,0.9316174911192152
Bolivia,0.3171882796152023,0.41326586763812523,0.2936194004142691,0.27509087332759435,0.604660649367226,0.5868855280554195,0.5448755634464265,1.0,0.1717928724018606,0.4433931770409745,0.3799620894843116,0.40209205152046334,0.5951476950105277,1.1204062975396327,0.5305687681203068,2.2416886201925785,0.3293100894396069,0.45225754891782743,0.8049780265324961,0.24429412092148417,1.1411228585530058,0.482339889214308,0.4361919557183759,0.420857219114754,0.4719272872595969,0.5249928270588285,2.12398014789958,0.5411836205906052,0.1974579397506258,1.2976389150303542,0.5881370414893214,0.5979392066477155,0.5887025743444735,0.19814329551970905,0.742287883330204,0.9268270400280663,0.7740228754188443,0.5935049019319866,0.5840340528823221,0.49650673482865404,0.17723025212211835,0.7800060862812732,0.5876057979757516,0.15790277963674948,0.3386032150505037,0.5359040473863498,0.5354406304916022,0.25227492804582796,0.7109224328431105,0.6270464355088354,0.2858012825865535,1.7759187116771367,0.44116586243379957,1.0270128428661929,0.5997561142215397,1.0647108524205098,0.5150194141873761,0.4127661253045639,0.201469927038524,0.6561074553553504,0.25246829673168036,0.9480687040862005,1.557025528345949,0.608176319511809,0.5719345636784465,0.6035590025846285,0.5466778104023484,0.6775936934549793,0.6921154602228217,0.6117110763186742,0.24586901511319087,0.5786436306575408,0.5797702877037646,0.27601296397032665,0.31269051235601,0.5771592404505577,0.7187176466986025,0.5091197661661193,0.3429716470833649,0.6526045304829103,0.34692010537654916
Brazil,0.1938288930278249,0.5585020613428602,0.33724893227886865,0.09524125259625535,0.4733791920737715,0.2969388873342166,0.2979901995216583,0.1717928724018606,1.0,0.23923400458735286,0.16461076313140657,0.1883689208349551,0.45332810258331036,0.8059177400844797,0.276245889028164,2.236622785269467,0.18867471629196927,0.3267333305048391,0.782001098031948,0.1144923725133615,0.9598470082363448,0.3044116643347709,0.3088185418932624,0.2938999127886921,0.20813424370833555,0.2682686418060384,1.9194418177708692,0.2822082881551964,0.07959214024619632,1.3243126708554114,0.40428671343974165,0.534178752316692,0.34204563513459374,0.13796945744006647,0.6118595929742792,0.8290607431030435,0.5937269370965343,0.48433829568493825,0.47485600954139984,0.22156007462817412,0.08397641855649329,0.8462605951711111,0.40395530231951865,0.1783455426814537,0.37566054205053323,0.544788520632237,0.4236405136831194,0.08842173063428779,0.6387466702407562,0.6115855429655441,0.32930949598307613,1.979606936723235,0.33709233948082723,0.6669366802644828,0.5649462737233757,1.1966237417168053,0.31732835342628096,0.21088320633864588,0.2673235388742482,0.46878920890322284,0.1042145468589005,0.729734046978833,1.2919761082108652,0.4919516706605497,0.3073822565262528,0.47816373566782205,0.4121737935909781,0.46617978977842006,0.6469962151640443,0.5260148399629955,0.3232620396190861,0.39980226887216047,0.3367171527674546,0.41846684063957434,0.15556422220863556,0.4362438680219868,0.8074425271766478,0.23390264833610033,0.2077662006900056,0.5551735650380312,0.6033567415823765
Bulgaria,0.1590610726349683,0.92441335378574,0.5734672214609393,0.14904811284976766,0.16867755210194674,0.15450785267074957,0.09957391434982343,0.4433931770409745,0.23923400458735286,1.0,0.13729505279472276,0.18999770291869206,0.13459773037612752,0.4889060697701519,0.18460227311711302,2.000133450197292,0.28251394290817283,0.22707346344825502,0.6160666638858131,0.13042446270784744,0.53431067018384,0.16350025816619423,0.17811003456903177,0.23530700873277446,0.18477433126433943,0.1790589046725287,1.6717258172957195,0.1891115745056919,0.1986634749906728,1.041107738504501,0.19108799515182406,0.20590444142454492,0.17529623943401795,0.24552611197942137,0.3660100606715352,0.4137573708476051,0.2281065957539049,0.1918296863751863,0.48493652120475617,0.14125432609293367,0.15976157449141348,0.3654087427157116,0.1745329300220334,0.42379640027429055,0.5403370003227582,0.2760891310312075,0.12929604101888148,0.1276803916385163,0.2593450589360698,0.1968084757328022,0.31708756672677585,2.2268554897923964,0.2229697877581162,0.32194867522762916,0.1931978992319978,1.5814140662469167,0.11751452447741034,0.17833081699496714,0.6765509638946208,0.32883342839378504,0.12655860046844436,0.3376079320579167,0.9116526607407825,0.19224789281610236,0.16529841700447762,0.15070836898847215,0.324656927413523,0.20073638485248985,0.23236727091864073,0.19301056414584336,0.6104224549100561,0.18165354349192445,0.1784916626939147,0.7934934639665769,0.08080935287787797,0.2335022546305977,0.36009020914962175,0.1645335488187926,0.1254730226745501,0.18233489973341385,0.9112516816814371
Cambodia,0.0883596954439679,0.7001401915511838,0.48912504300353815,0.09628023079589956,0.17693127577205853,0.07445936783990051,0.11587662706028456,0.3799620894843116,0.16461076313140657,0.13729505279472276,1.0,0.05736340532146891,0.1738056438324981,0.6346233419752139,0.10563890130835865,1.943952780809765,0.24711171833961396,0.14145688688892138,0.7056609256241441,0.1116751551184425,0.5830090552036307,0.2060885972143381,0.18531873425528125,0.26159976159457743,0.054394632187489245,0.11384698080028427,1.7248838485378544,0.11255016758808176,0.17899801985386177,1.0586325509797179,0.15976045199429328,0.2971235382361478,0.16435529976538063,0.19309439946491078,0.4776148099761217,0.4745719012912387,0.3717733770937215,0.2212214529594591,0.4416854747417315,0.0563097781603325,0.1711497474291394,0.4403999903088163,0.14428190055030782,0.34535091123576467,0.4727123603115946,0.32098523954988456,0.3085700310059012,0.12399510799740818,0.3016320091073027,0.3041111449396404,0.24519873331300202,2.1363359313037815,0.18612329125331648,0.4821292325585981,0.27964435312942554,1.5192466235266697,0.11861832418668311,0.0840035717527933,0.5193094731864634,0.28547044291853513,0.1392138147305474,0.48138756590448906,0.9240919462842035,0.20977123140772255,0.150901997464297,0.20291085648076207,0.3388042812998786,0.20684121680012757,0.3568300887028272,0.235375858544174,0.5620769815643297,0.18564971325285604,0.15553932424706124,0.6182997078857868,0.09703368112609467,0.20562422354076612,0.45751511629689257,0.10243539448605835,0.07462540436388765,0.25053593802451357,0.7688180284710346
Cameroon,0.08006513857995318,0.7325326398673044,0.5156406044969737,0.09347593161796272,0.1761301240810992,0.06834147955317274,0.09757034488214722,0.40209205152046334,0.1883689208349551,0.18999770291869206,0.05736340532146891,1.0,0.1727629563487501,0.6245174024724707,0.12767533345554413,1.8908056835309883,0.2832951970550576,0.12888557480994195,0.6958043107897698,0.1636009281326256,0.5302405692785294,0.20884833096579433,0.18689619470744012,0.30543746590623383,0.07563094439954826,0.1367832210526512,1.6769783890023355,0.13560342616647056,0.2246445419209618,1.023937413487393,0.15801466365999267,0.26869220829054763,0.16336464068671017,0.17387839965249016,0.47882465732319557,0.4062759032033679,0.372241725097337,0.21759725068511357,0.43542912037292975,0.04389791298781623,0.22283298603956042,0.418018651057735,0.1427377564636874,0.34483397036302393,0.4972762162145814,0.2830767539460191,0.3265604556478535,0.1742522407712137,0.27889483036928975,0.30516931402500436,0.21643722736129944,2.1213786399111414,0.1665642470353582,0.48367891921208506,0.27981779059216705,1.5335334917854877,0.10481369050310851,0.03324754386763104,0.569824307725021,0.28545519008173265,0.1370898100613458,0.4226452660544735,0.8790191283127697,0.17329568058240025,0.16112387603964698,0.18710143444921445,0.2980993609672573,0.20770277885824193,0.3244311304494256,0.2288373998099852,0.5933548668811253,0.18346626867122134,0.16376561111270702,0.642667703206357,0.138815141262356,0.20626687254115497,0.4298021679524952,0.12004741641121769,0.07345659414085573,0.2517907141371267,0.8251926833665125
Canada,0.25329205536211236,1.010267482990114,0.7020881762623598,0.2245932496533112,0.029324242922339566,0.0770851542037515,0.05341134351050714,0.5951476950105277,0.45332810258331036,0.13459773037612752,0.1738056438324981,0.1727629563487501,1.0,0.3723125628835118,0.11486929649720079,1.8182580839623386,0.46291104588489695,0.20368286057107174,0.508212448079286,0.315541164730491,0.378584944416246,0.19808080588894378,0.17988994475346298,0.324030337911303,0.15003087651933386,0.09325964119496127,1.5466913421616486,0.10623242540267067,0.45791530951788706,0.7982148737124981,0.05426711592744257,0.07799618274318232,0.06693845399054252,0.3282930512337845,0.29775583540186823,0.2680991299067431,0.11844710550711696,0.04741373287043815,0.5597448224799998,0.07866084617368657,0.39999411222427533,0.16771764936073263,0.04240621968940628,0.48458719999847855,0.6671645651972782,0.19171350625758704,0.16516059497493688,0.31910769446556186,0.13947316547294925,0.06707822988613815,0.2375816241553258,2.259229447937135,0.16497330539312802,0.24875988502456234,0.0528095390660408,1.7191102684773174,0.06584792221007243,0.16043109838477645,0.8304098246065873,0.3650609562071746,0.3257257752753334,0.28924853055403454,0.67252228496744,0.0716339521150427,0.08385637666847459,0.14228149864953832,0.26905927581163225,0.0622428248464055,0.13234474950932504,0.05622517368684729,0.7737508328511372,0.0580959613542395,0.07315336921108997,0.8934434310919138,0.19893828816002623,0.1538061779472977,0.2048387872601365,0.12295183571601292,0.1973427256678996,0.0474575448710316,1.0477308467800013
Chile,0.6301135919392851,1.5750871119087784,0.9943836659072349,0.6755989621037053,0.37279605688013523,0.4497906949580644,0.4698450744963858,1.1204062975396327,0.8059177400844797,0.4889060697701519,0.6346233419752139,0.6245174024724707,0.3723125628835118,1.0,0.5348416823712101,1.469914524680104,0.7414779664571474,0.3793345741614018,0.43805614970681084,0.6728291761553276,0.23490498797523018,0.4758410210494394,0.3811757995095787,0.4215071451557461,0.611967610285593,0.5353854752642871,1.0061203412699933,0.5381383638253227,0.7983610109366694,0.5319537152383926,0.41038436122506927,0.2828181457354918,0.48556753181636547,0.814991636254417,0.3561197570809628,0.17694094597576088,0.2472151908380235,0.347917175304567,0.7666591956296922,0.5351848397316612,0.7658922365060659,0.16861977437157338,0.41535587030086857,1.0305010738502052,0.9184387796964572,0.3291390252271698,0.373220522293804,0.6860023159318613,0.25126825571284345,0.28038422501568383,0.7144272247712609,1.897378293734628,0.43628391000301064,0.1479321256810773,0.291842645230779,1.6805228119115974,0.47848525391309593,0.597715636433891,1.2682642466315124,0.2663308534396831,0.680290077907949,0.1413038282841623,0.25217540737819033,0.3349274624523293,0.5178198685748507,0.34590808630146574,0.552349755254772,0.331641233512102,0.23472803812683318,0.2511570848734277,1.2408316569597888,0.4221962816398767,0.4869864689028584,1.4950629016622023,0.6243779737542448,0.2811017425885083,0.1935749364531977,0.5937873895746494,0.5957611695191329,0.29444477241971756,1.52069815992469
China,0.1794002339907194,0.8128288916986302,0.5741637154356789,0.1606518058541746,0.10755823800829831,0.09265593843904588,0.05358155768389786,0.5305687681203068,0.276245889028164,0.18460227311711302,0.10563890130835865,0.12767533345554413,0.11486929649720079,0.5348416823712101,1.0,1.7964680751971187,0.333298142228603,0.12741378604799738,0.6558444007319133,0.20553457232900296,0.4699260807530725,0.18451741483482267,0.16326944075245017,0.3438310179929596,0.037066915130035016,0.022811917033804086,1.582639595315119,0.011902313506207518,0.32509882413265856,0.9158279010181145,0.09212063294109624,0.1979416957802558,0.03457274068933516,0.2694450100929726,0.4234220676995293,0.3467534083637406,0.2417498933161689,0.08645605222898495,0.48591967784133244,0.10588824533651373,0.24986754044814424,0.27454973279662565,0.1031631058147923,0.3979420691699174,0.5504087956972952,0.1880097852535006,0.2579219738361441,0.2440103138286674,0.19615054194681916,0.1667333817926995,0.22470715862547977,2.1224925624624396,0.14053721713008166,0.3468018608890777,0.14975838485798806,1.5895932560147497,0.08619294306283681,0.1265533098380988,0.6180355785364828,0.33340205102244586,0.21788305290334178,0.3389849904225428,0.7688020616053466,0.11925753469372752,0.036219704855572826,0.21187519962249488,0.2889618184400282,0.0933404966662055,0.20333816347072567,0.11121020786054642,0.7202428134848724,0.048435555414962445,0.03126658319776149,0.7122336405151607,0.2138193392413486,0.1486601320136842,0.28484787779768644,0.03794811342867649,0.11631771157559126,0.16041587638603838,0.9096422673418276
Colombia,1.8993830063477595,2.276786328567729,2.1961721440557564,2.1816475154772403,1.7914672675772525,1.895299632085,1.8785836040814416,2.2416886201925785,2.236622785269467,2.000133450197292,1.943952780809765,1.8908056835309883,1.8182580839623386,1.469914524680104,1.7964680751971187,1.0,2.2284300859017927,1.5793548023309145,1.240279350637398,2.0229546834793526,1.3292978559989217,1.943199003271792,1.6042618655660232,2.1927727323852273,1.8387170308930334,1.7889125213649537,1.3482264156349386,1.7882892131209536,2.089247356693523,1.1583874998083397,1.7738879340306637,1.6442082588442475,1.7917509681768018,2.2337057406776184,1.6943054951894292,1.5444738870901624,1.7221056857484083,1.7049956877443244,1.9073338908933284,1.899221079577742,2.0787078987307623,1.4443734805032291,1.8023888669249493,2.3946151048366446,2.16241318890667,1.6928376884963656,1.5127823848171178,2.1092629611009968,1.6028642362148773,1.6743577866840966,1.8892374119430164,1.7470182740235787,1.8054006139845717,1.7052609176821485,1.6845477579284973,1.2699583036055813,1.831527029511801,1.889550635400965,2.356920116452148,1.347090485951186,2.0031357059535693,1.5706460190738882,1.2378089527903646,1.746611051093966,1.813258479699355,1.7873910130210555,1.968831481395065,1.7586348976703912,1.6583818291366965,1.6404869325476759,2.226834707551813,1.741324172278751,1.7761877798272896,2.2557225954389453,2.0455957032176437,1.6120698711348813,1.5169747639513498,1.853558474938814,1.8588461483218237,1.7669046766255125,2.249688269448949
Costa Rica,0.2314911175306709,0.47881881695894773,0.19764938577315214,0.19191150247617675,0.5024440703375064,0.36698388783892516,0.3664005682167254,0.3293100894396069,0.18867471629196927,0.28251394290817283,0.24711171833961396,0.2832951970550576,0.46291104588489695,0.7414779664571474,0.333298142228603,2.2284300859017927,1.0,0.4138599124632282,0.9859816697079214,0.1855837571434425,0.9420810954619745,0.3206973089870504,0.37035943892757583,0.33498277501828694,0.28439263297711304,0.3434105386220224,1.8575000787570124,0.33540801920475655,0.20706393254089384,1.4360229471195984,0.45123509498419956,0.5175758804656189,0.40362171879752673,0.20496480830894953,0.3953833423677731,0.7133009532035436,0.5950240833556242,0.4955197056435865,0.40862019185243137,0.30171125303880786,0.22223704288714424,0.7518572705909394,0.4487134145980915,0.23442373586163742,0.4300088229556126,0.5272899687546146,0.41599780690909516,0.2132633926236989,0.6099352221106428,0.5984740367315824,0.3133350433384731,2.0509139158569103,0.3395619746906008,0.6019003667144631,0.5584229896908972,1.1560865081281047,0.38806732083721607,0.3087701313028324,0.3099762320641668,0.5816136708369104,0.1929289674218213,0.6677234983831529,1.226330612832455,0.47494043956914234,0.3840033871870173,0.37607491111033586,0.39420094715388293,0.487028396864792,0.599937429112473,0.5330372114835339,0.32439509769663194,0.4361579747622005,0.38748181408992566,0.41565688427995956,0.25795661868016106,0.5030520085164207,0.6897791822633268,0.3272685311874471,0.2349516278886268,0.5394186273286714,0.6166901086328168
Croatia,0.17524380784464694,0.9302564269159986,0.6581211978615841,0.2377604412808897,0.2069124881872986,0.15788534878727145,0.13983102774958175,0.45225754891782743,0.3267333305048391,0.22707346344825502,0.14145688688892138,0.12888557480994195,0.20368286057107174,0.3793345741614018,0.12741378604799738,1.5793548023309145,0.4138599124632282,1.0,0.4687261792212466,0.21563859417091177,0.44060743561937843,0.1778842922254034,0.14300253107296615,0.4005156557819186,0.11950169474457695,0.1166632287884721,1.3943810084206718,0.12614926478379979,0.27495464785868035,0.8473675369710831,0.16340232605228586,0.1562061920494673,0.15213154298886047,0.32915224957676703,0.3397185262605308,0.2730651260836189,0.2512062199325934,0.1755809876707227,0.4531311921755008,0.14841506996170073,0.22973610973418274,0.28005090308999514,0.18848812176350474,0.47770751663327937,0.5163836845017162,0.1417301343013745,0.2269204074029673,0.2502214807857453,0.18704178366204122,0.22217637823307032,0.28875113132541497,2.036322012677924,0.12869668211489146,0.28620577184266843,0.18722646084525793,1.6000223823224866,0.13888691458292746,0.1367330659245821,0.7331388324227789,0.22365442836168067,0.20151451109529334,0.26442450771331566,0.6372741408471615,0.1777393091194859,0.14622606178329364,0.21634902980264376,0.3271500922030913,0.1595997465761204,0.21786039142670163,0.15409731486489592,0.7297106299680668,0.1573983366543883,0.14525783298111908,0.8175830014331006,0.2092789562055422,0.11101921145694554,0.26116941973317165,0.12186616446841422,0.1401222679371353,0.22545140628802757,0.8697624427005517
Czech Republic,0.6292997677528049,1.5640752155271664,1.035760908352949,0.8115553534878848,0.483148144114422,0.5595962932071137,0.5970565078803002,0.8049780265324961,0.782001098031948,0.6160666638858131,0.7056609256241441,0.6958043107897698,0.508212448079286,0.43805614970681084,0.6558444007319133,1.240279350637398,0.9859816697079214,0.4687261792212466,1.0,0.6516726352870447,0.3231911956050671,0.5846641297625201,0.45528025902615554,0.6391088587210167,0.6728463732128999,0.6400722330367318,1.2582875248929803,0.6536252326600228,0.6599319652476473,0.5314610472336767,0.5543513786132906,0.5042330613327815,0.5946720585201433,0.710000004585345,0.5790549833463368,0.4001632250930599,0.4768734929637711,0.4981087325082151,0.7631671744340871,0.5891493261521782,0.649781002829772,0.2963359305510322,0.5266496538660665,0.8673723315329356,0.8854674168780464,0.4942653696293252,0.38113397674682437,0.6889282014942244,0.42770793001361795,0.4361399788425717,0.5643740017941882,2.081779428147635,0.5191138805748321,0.5784466536904076,0.47048164849389945,1.917913682802378,0.5913387721442532,0.6832656064793837,1.276080633003174,0.28424754147051423,0.6806960273215957,0.3962303562508165,0.5645960619473663,0.47230772505662355,0.6032340684160026,0.5057317931247487,0.7297161577361859,0.5117109666108792,0.44170200330678827,0.4161990338103917,1.1636021695735315,0.5553263189755653,0.6075369602216188,1.2776186872054731,0.6728104526291417,0.4509205839849717,0.3810306988704667,0.6737053486973522,0.6274620565091759,0.4574859313472508,1.1475466204351152
Denmark,0.11117512870978863,0.7058460434791565,0.41624110457700375,0.09633503408042099,0.36083810040533093,0.2295128103192097,0.2141072024011898,0.24429412092148417,0.1144923725133615,0.13042446270784744,0.1116751551184425,0.1636009281326256,0.315541164730491,0.6728291761553276,0.20553457232900296,2.0229546834793526,0.1855837571434425,0.21563859417091177,0.6516726352870447,1.0,0.7465648152850473,0.21537706915919827,0.2054397303015006,0.24980743860627747,0.15237802163014105,0.19585061031361295,1.7739173329134506,0.20831470558065215,0.08426196092261434,1.204293376591153,0.3495440268004206,0.39028320782839776,0.2711231535591674,0.18489225239852253,0.5329095209682986,0.6334974261191063,0.43432574310569994,0.4035800999085791,0.44145459522546715,0.16737294334564531,0.06686523081189069,0.6080387846349207,0.30538713317423594,0.25415954210420444,0.3903007043968857,0.4018197160916821,0.3422081568863874,0.0507811449848955,0.4429612620889497,0.4473786518126869,0.33117915566458844,2.0582846093967535,0.21978415125052955,0.5244954080037145,0.4375925597508891,1.388120512508276,0.21711392408431823,0.17253692333564116,0.4198601136255038,0.3532288899593473,0.06361903545688063,0.611621966554292,1.0888839522035307,0.3652586173473157,0.24782743013889916,0.30869097941198526,0.34679917686280526,0.37370661338683586,0.47495432337214505,0.4214041226764902,0.4450389104144947,0.3243650165420275,0.2567899574540464,0.5945562463300396,0.07760058483508839,0.30758405256979526,0.6034821974546811,0.17469396426181943,0.10022578643355914,0.39160240014348724,0.7020858685019202
Ecuador,0.6210330226164028,1.8102509653504917,1.2703679974015485,0.7343598739396606,0.35322803095616323,0.407516515701718,0.4427489938767132,1.1411228585530058,0.9598470082363448,0.53431067018384,0.5830090552036307,0.5302405692785294,0.378584944416246,0.23490498797523018,0.4699260807530725,1.3292978559989217,0.9420810954619745,0.44060743561937843,0.3231911956050671,0.7465648152850473,1.0,0.5783281993628641,0.4485427320450188,0.5245126892287526,0.5244067998332257,0.4687643397848388,0.9011187813825676,0.4699115649996444,0.9132420444880901,0.5011577506083611,0.3827879338608591,0.3650753083761171,0.4223049794587801,0.875769028027134,0.5053648635170626,0.27772090399376825,0.2823421675650052,0.35667830045252125,0.8737500565928051,0.4615442502507048,0.8664893177892469,0.2345135613467032,0.3902058948784647,1.1262113926632416,0.986922185359891,0.4296349624569747,0.47684529789594887,0.7586057393775791,0.3114270512900782,0.31938634739271743,0.6778620843647267,1.8653975803487823,0.4666810326035541,0.23449550884879403,0.34245602905869343,1.9060167624704965,0.4593920840436071,0.5341185844169867,1.5957839871861312,0.31189735952512027,0.7531626363694243,0.2967000550468958,0.2463881522077666,0.33907564045985117,0.4531371708629038,0.43488008746323975,0.6025278656867368,0.3274516060196405,0.29139566678105666,0.31467496814761986,1.5021675243890134,0.3889464406906404,0.42204813921399015,1.6619867209847863,0.6362632721924578,0.3639501214412295,0.2630627769205165,0.5206566169498887,0.5523550094299194,0.3349098712590123,1.5258214919896833
"Egypt, Arab Rep.",0.2163720733771724,0.8735023798657949,0.5872908610474499,0.24793388857658333,0.21237460196997085,0.22145930221234955,0.181375538366769,0.482339889214308,0.3044116643347709,0.16350025816619423,0.2060885972143381,0.20884833096579433,0.19808080588894378,0.4758410210494394,0.18451741483482267,1.943199003271792,0.3206973089870504,0.1778842922254034,0.5846641297625201,0.21537706915919827,0.5783281993628641,1.0,0.16272191219499235,0.23888936192543236,0.19502032500829933,0.1829724287963924,1.6404832131203477,0.18712624194173727,0.26240436088042296,1.03737205200613,0.20579679519870842,0.22056763172168847,0.18878349676585648,0.24915360475045797,0.35396479390014757,0.4055726138964172,0.29653819279329585,0.22313063261906224,0.45284616203260586,0.19374186981315697,0.26213704661764703,0.3698395425794242,0.20774288992729928,0.4180742014962631,0.5641289028173306,0.23217181467425552,0.1943744646413916,0.22185612546030173,0.2846044275083812,0.24165285963039915,0.318121512875063,2.147090040007283,0.1419946275668298,0.37778364201926196,0.21612173832192075,1.4929352360042092,0.1819672106271735,0.1922249222597709,0.676950607157494,0.40678305543771265,0.1914943606535631,0.35523355374127863,0.8780854324740741,0.20969139170774362,0.17157041944871115,0.1644135132451725,0.27387864098098325,0.21898312138713372,0.25545773083744316,0.23371788357304019,0.5820827653685252,0.20258562620579987,0.19212542308172204,0.7700398067443462,0.20892122154057413,0.21114995863418812,0.33700991636907884,0.18083213286973798,0.17274193661807882,0.23577762748041328,0.9226177709855041
El Salvador,0.1736109355239835,0.8911497116590862,0.5933806770333965,0.24038281485064616,0.17873214407928648,0.17251766699333054,0.1628487543859398,0.4361919557183759,0.3088185418932624,0.17811003456903177,0.18531873425528125,0.18689619470744012,0.17988994475346298,0.3811757995095787,0.16326944075245017,1.6042618655660232,0.37035943892757583,0.14300253107296615,0.45528025902615554,0.2054397303015006,0.4485427320450188,0.16272191219499235,1.0,0.3049356657066784,0.17260295179505886,0.14982702718279023,1.4329918420831984,0.15343844102900492,0.2609841295164526,0.7850935636079316,0.16800259732297576,0.16207420565046818,0.15745346968066645,0.28126686760387215,0.340197777038706,0.27631449585289847,0.21053461244839783,0.16819588046569045,0.45363940069264685,0.170500984711965,0.23287399527868,0.22847723904219244,0.15775593414186884,0.4001535840217716,0.5230867990474257,0.178495668187922,0.22870416494154414,0.2383410244891078,0.1650206103822122,0.16710676345931552,0.23468872091104515,2.0102411193712904,0.1559490165081397,0.2875562952279304,0.16993489795879302,1.5199103540915506,0.14556024855682123,0.17985453518708727,0.6741322088530985,0.27882549388771827,0.19623503331784667,0.24326136268449117,0.6676312213136223,0.17080266807926478,0.1448808350175193,0.16520420799588117,0.32125045449531886,0.179503210033964,0.165703349918098,0.16414576656675187,0.6423553086070978,0.15612688903460317,0.1659089047549665,0.7852006694041399,0.20352619943211872,0.11575829631571569,0.23758922513467054,0.1522763262895019,0.1524441938870969,0.20960494605606889,0.8668600707320541
Estonia,0.2589561337333764,0.7288690020522648,0.4625718503347812,0.2839544818843579,0.3289749845322866,0.2861586693307771,0.32307301062876115,0.420857219114754,0.2938999127886921,0.23530700873277446,0.26159976159457743,0.30543746590623383,0.324030337911303,0.4215071451557461,0.3438310179929596,2.1927727323852273,0.33498277501828694,0.4005156557819186,0.6391088587210167,0.24980743860627747,0.5245126892287526,0.23888936192543236,0.3049356657066784,1.0,0.3027385560903555,0.3380041462622734,1.4221775206515228,0.34290853863320936,0.24719843162776292,1.1309520451641792,0.3725472905819488,0.39382306863121075,0.37225624612872066,0.32365953048574525,0.43201066349053685,0.4837373941580343,0.35671432226162075,0.411600317069414,0.5638437041667292,0.27173706536218056,0.2602713814409868,0.47113753131309083,0.3376595858746663,0.3410052540069861,0.34405483095460887,0.39193938024349795,0.24353098417482535,0.24059146955957858,0.42785695200722007,0.3758126999658471,0.38192172573943517,1.655197062668891,0.3408798916952161,0.3429879464977571,0.38162739899377845,1.2531211043370762,0.31247297375918914,0.30397235757841445,0.5503527443264895,0.4099926816497248,0.2504156411404199,0.41504295845006967,0.785791763275849,0.3453003469479795,0.35262997907871674,0.2802522128450077,0.3915485639127159,0.3716846124771012,0.3486991565153475,0.3950293534069167,0.5285589318385147,0.3940475890092733,0.36671652823789636,0.6502603992294815,0.23861065201059864,0.4399715776550258,0.43640401864792266,0.31188343016320497,0.2678075219641035,0.3338417330796971,0.7456588607971348
Finland,0.12513851307053347,0.7408060128988863,0.5256165321935585,0.10019859160621075,0.1748398148645951,0.07395185682562158,0.07080689345107086,0.4719272872595969,0.20813424370833555,0.18477433126433943,0.054394632187489245,0.07563094439954826,0.15003087651933386,0.611967610285593,0.037066915130035016,1.8387170308930334,0.28439263297711304,0.11950169474457695,0.6728463732128999,0.15237802163014105,0.5244067998332257,0.19502032500829933,0.17260295179505886,0.3027385560903555,1.0,0.039803133683205344,1.6323103062123085,0.039335977310093945,0.25486473442286056,0.9824763088064074,0.13893473050997115,0.24011092567798478,0.07720181115301095,0.23369546663824295,0.46139640256143954,0.40323354121942334,0.316052132726965,0.14867810985649008,0.45701234146371716,0.05942469849662707,0.20104544861236182,0.3499605066428436,0.11964910064229536,0.3603277783657117,0.5095765703802619,0.22072744370113848,0.2956511451882522,0.1916308569372256,0.24159737515957042,0.2448173203301677,0.22159675064085008,2.0987601369407707,0.14763267244546238,0.41680397124554,0.22127724523462217,1.5341106859032967,0.09308937048023697,0.0916282242287659,0.5669098742018095,0.30782816896468024,0.17608515407397324,0.39818269373209864,0.8406994919526519,0.15840940364532613,0.06061477423216591,0.21583818849250616,0.2934600960840109,0.14124430678785466,0.2559268298484604,0.17035608161156593,0.6540542433494466,0.1024422711834509,0.0667845640616472,0.6483868792679035,0.16907753169707923,0.17301366718187217,0.3539378411708536,0.03657718184865122,0.09054940834434994,0.2400365850438932,0.8539172055945301
