Country Name,Albania,Angola,Australia,Azerbaijan,Bangladesh,Belarus,Belgium,Bolivia,Brazil,Bulgaria,Cambodia,Cameroon,Canada,Chile,China,Colombia,Costa Rica,Croatia,Czech Republic,Denmark,Ecuador,"Egypt, Arab Rep.",El Salvador,Estonia,Finland,France,Georgia,Germany,Ghana,Guatemala,Honduras,Hungary,India,Indonesia,Israel,Italy,Jamaica,Japan,Jordan,Kazakhstan,Kenya,"Korea, Rep.",Kyrgyz Republic,Latvia,Lithuania,Malaysia,Mexico,Mongolia,Morocco,Nepal,Netherlands,New Zealand,Nigeria,North Macedonia,Norway,Oman,Pakistan,Panama,Paraguay,Peru,Philippines,Poland,Portugal,Romania,Russian Federation,Saudi Arabia,Senegal,Slovak Republic,South Africa,Spain,Sri Lanka,Sweden,Switzerland,Tanzania,Thailand,Tunisia,Turkey,Ukraine,United Kingdom,United States,Uruguay
Albania,1.0,0.5024393247306371,0.31722800479547764,0.12175978637951228,0.18971966259811215,0.14951168498290968,0.14585225900074586,0.27906946826393064,0.13644947416525238,0.15453524525094053,0.08949848941272401,0.07971840432727598,0.19701587751004598,0.4410048014819183,0.12699584001924447,1.5540692236420344,0.21774736262583724,0.15737371375563555,0.4144786976629411,0.0853836233225229,0.5038303037295758,0.16164438050454338,0.17874028923184557,0.3248365354042517,0.10580921947856663,0.12193560397644018,1.1116944000593574,0.12114181363925443,0.10649101501459092,0.8136444752800674,0.1712177323829947,0.21462446399533933,0.14423049987455475,0.17577916254294354,0.33232864740467727,0.358048394547809,0.2774911045681178,0.1735096467634285,0.3819074531772519,0.1093174475795934,0.11247828726539359,0.31044593374561574,0.16486681973692593,0.24532058857243863,0.4364225078810339,0.2733751443285786,0.28728128828093324,0.10089159959553196,0.25364926878881344,0.2300882538768297,0.2197735953499475,1.5884894463084795,0.1980298389323348,0.3908141906813051,0.21370384915458648,1.0289666653797755,0.14780270403640236,0.08964798707087779,0.38847012112113843,0.3002631679431065,0.08072776014080803,0.3517623398161577,0.6691149850849786,0.18361223531865647,0.12892739298003714,0.24674828071899724,0.21773250115800621,0.17859328048097625,0.2636056095042189,0.19525847007566796,0.3670762048982379,0.15517003549995456,0.13750394015380102,0.45040559888066306,0.10048046369775195,0.17778471892542072,0.31668720594355176,0.11207738128727936,0.08466327039235669,0.23145498737740178,0.5371961445341772
Angola,0.5024393247306371,1.0,0.26106600809533187,0.49577054604617415,0.6630396063255839,0.6028107952888008,0.6152501619775117,0.35004761743691687,0.40453054619288176,0.5315157058434301,0.530548207601703,0.5336813419347907,0.6629997721823239,0.8806415917721548,0.6030402270061377,1.5195973070105306,0.3777128887619439,0.6199174587455486,0.8873529894990534,0.4562826921053013,0.9661481504975045,0.5898350391045694,0.5986725528402085,0.6275727322638147,0.5755346039622796,0.5909652119340202,1.519187194295226,0.5945008644028983,0.4130471254516287,1.262783123247821,0.6412401493490628,0.6957792623219574,0.6184533940965274,0.4566283678361175,0.6761283663531303,0.8303185101890131,0.7409627453988705,0.6528910412898797,0.4953122784252393,0.5598973456883487,0.4238695249892675,0.7878840749102745,0.6351859689461538,0.3917308191114099,0.5552000117922452,0.7263977811345679,0.7255390043117272,0.43574478153237417,0.7232969326033384,0.7094841943262747,0.568511662445533,1.8120140447189,0.6409462813438233,0.8371581815103313,0.6933430801676191,0.7773696306696252,0.598292038012327,0.538191094888374,0.17667026634244046,0.7488865315951408,0.462378968147832,0.8260297935899216,1.119379153422011,0.6576813039267749,0.6026234036214871,0.6824112503723287,0.5844971951869812,0.6541748775117472,0.7409005706871601,0.6705520337433517,0.23637414817323613,0.6284606367063549,0.6155047681928241,0.1492215769302882,0.47430902047135387,0.6538453225514209,0.7871491324933606,0.5795550757736929,0.5280569488314888,0.7027763879003401,0.2692959798419838
Australia,0.31722800479547764,0.26106600809533187,1.0,0.3068909369773984,0.4507534399874524,0.3948278198168792,0.41028474128008713,0.2722309465417431,0.23415705389373342,0.32612232103304684,0.32960521140969584,0.32960788943281516,0.4499582090882559,0.6563315876699382,0.3956991155671233,1.5231873340363586,0.22881467752196513,0.41584851918556176,0.6739882563546363,0.25545458273754806,0.7461726764774389,0.39227840645994877,0.3793488264164297,0.4647944708443145,0.3718213530127891,0.3821955547081853,1.3297192388375858,0.38523165582373725,0.25112296201961354,1.0649433783098738,0.4291893072843369,0.48186988599984737,0.40713279478501213,0.27950428499165875,0.49440084703337844,0.6078074591251139,0.5223710824847958,0.43940351402949784,0.3344267515073814,0.3512564761831848,0.22659196354439462,0.566300495235621,0.4234659636830869,0.2847043492655175,0.4458465282882539,0.5060384234059148,0.5310428306034212,0.2378307739269402,0.5105222533182492,0.49387256241042493,0.37462020289726533,1.6840137983332402,0.4351572434307365,0.6199596671621901,0.47842513165028444,0.8924190629172887,0.3884569438592829,0.3326182750334639,0.21651022037017645,0.5435634013823418,0.274430931235629,0.6048392984240548,0.8986725469053705,0.4454630577718714,0.39267140049743043,0.47619326425424396,0.42418878922230285,0.4405855861514698,0.5256213443345764,0.4547192446604989,0.22376770547864616,0.4152841850715598,0.40525435177734204,0.25102582426113135,0.2749986886492672,0.4431407143972592,0.5651356014418885,0.3718278553919927,0.329216131098219,0.48694557904506025,0.3707592471752719
Azerbaijan,0.12175978637951228,0.49577054604617415,0.3068909369773984,1.0,0.1918955389506194,0.14209522756653578,0.13974760464697675,0.2992385019773608,0.10936868431468266,0.12509081662192978,0.07531406115706119,0.09566788733699848,0.18681990803086593,0.44423321901067553,0.1442274196373254,1.4629597514133945,0.17750467260343586,0.21080231080588674,0.4535896508338727,0.10427133039891227,0.5255329567638111,0.16636488290367463,0.205525069050073,0.3169861992495149,0.1229851055403293,0.13130635449886444,1.122552607092789,0.1403362251001653,0.14718123948023443,0.8312433516054045,0.17332206285476354,0.22750006462198277,0.15318389491306442,0.14012931079032367,0.2512221141321712,0.36347240088262806,0.2752586867632169,0.19072939765716593,0.382851715428927,0.1070491046680922,0.1199808915398452,0.329766309167364,0.16814606049725292,0.22190552820751344,0.45411586972471146,0.2745827663786035,0.240905501408255,0.09547676969404248,0.27336550113107494,0.23783349412457808,0.21317289741939696,1.5936449531335308,0.19438709935533113,0.38933889595560733,0.22328303992049403,0.9554941538200602,0.1330771222054048,0.09899600466079377,0.3722082747715709,0.34937269139505395,0.10473343209891418,0.3560342235138245,0.6890618435432704,0.20496452296411338,0.13955113488880233,0.21322631704212533,0.27712161870337815,0.19950117518454066,0.26941596538864293,0.20926042439423798,0.3541987568510952,0.1680806281259729,0.15519354966432747,0.4492313805470843,0.08205410302354332,0.22204475751751765,0.3219079729174587,0.11824627866867242,0.1212425349648726,0.22928497484512397,0.5775439614979916
Bangladesh,0.18971966259811215,0.6630396063255839,0.4507534399874524,0.1918955389506194,1.0,0.0856828371816833,0.07615010316434549,0.44238365981054384,0.2790811029057181,0.161690381402178,0.14063593831629634,0.13872160836044464,0.027223226043273062,0.27661886329111507,0.08942387929601192,1.549439445604626,0.32981002729584324,0.14508946915634416,0.3010036188750374,0.2233495669837052,0.35152314560133363,0.1406711347811771,0.1484481895200866,0.3223564615945656,0.1173283521892024,0.08684832300117497,0.961246456095269,0.0929975193840622,0.281025456403328,0.6707441606880278,0.041455826250640294,0.0765599422044604,0.060869289884424256,0.27258307134020415,0.26042302678966456,0.18100306568000576,0.09438564025597851,0.04481603310892213,0.43182829184610483,0.11476564277623795,0.25514435520478107,0.14513461265959793,0.029994559722229593,0.38460120145784976,0.5086627443316997,0.1343150007907723,0.1690220926024794,0.23285424637225519,0.10640833656973236,0.05590281942009621,0.2584930715610759,1.5160017163904804,0.13908499391657556,0.23073101778642183,0.049704111485888616,1.1131903751855385,0.07577070244349557,0.13242410776889538,0.5457053376994431,0.23901107336652333,0.22720453737899193,0.17840645098885588,0.5060440925877403,0.05463578764983723,0.07087760801842542,0.10827112494734512,0.2955995897554527,0.06047454251723169,0.08342724611194302,0.04633582230343355,0.525149699343633,0.06078306896828086,0.07199835182750275,0.6184350579327561,0.1968257118852164,0.11819566044089273,0.1401189303436296,0.09475866821447877,0.17277224843799777,0.04382702326568311,0.7117465156514442
Belarus,0.14951168498290968,0.6028107952888008,0.3948278198168792,0.14209522756653578,0.0856828371816833,1.0,0.06748520714231365,0.3964661677242485,0.22569201839957784,0.11121459940036774,0.09733751444709876,0.10039020988293236,0.08498391902566266,0.321762756713475,0.09261769690568102,1.5240216537753701,0.27220326645330606,0.16159110546867242,0.36104033032748917,0.1710670352827736,0.3980823718800948,0.14583875500255705,0.15889074649385942,0.25757662961796635,0.10164117392766646,0.07649841457647853,1.0121639926533126,0.08805254963040716,0.23389197849013224,0.7432939393235306,0.08187139294708312,0.1360267683504191,0.07458309951203462,0.23806504816768917,0.2550830183253826,0.24687811619208125,0.15824624161716921,0.09069974935577223,0.3982064116168319,0.054469753491184734,0.2094294103627051,0.21189318286852044,0.07004935219644544,0.3304520050595215,0.4344802167201208,0.20407569956798038,0.2041541043315886,0.17758673647915374,0.16760035137314952,0.13026888741954987,0.24447300562708818,1.5048437545803661,0.14653981839256375,0.2676573961368654,0.1208074447330469,1.0607243408307934,0.06680708282571808,0.0955134271536946,0.4858120247592624,0.2593874015342491,0.17555025956818848,0.23407499565877174,0.5635850642872379,0.10221365957122823,0.06516648696588719,0.13372540197781776,0.2693178480313579,0.07604957969778066,0.15794558182587565,0.09970114875004318,0.4651088984646045,0.08110406784422494,0.08339971523520727,0.5571544768231083,0.13775832421550976,0.1446888401950636,0.21193868489192352,0.07445716502099799,0.1319275291025404,0.11706836440109814,0.657059148804673
Belgium,0.14585225900074586,0.6152501619775117,0.41028474128008713,0.13974760464697675,0.07615010316434549,0.06748520714231365,1.0,0.38035304965713984,0.22154322994796885,0.1503736910568384,0.09125185405761695,0.0949545276837579,0.07291290581469209,0.3422014230149753,0.050618137855006136,1.5353779384095136,0.2825939618017809,0.1326748167494239,0.3348599564032852,0.1737164499844823,0.40625757464201107,0.14830728556459546,0.15496982909612325,0.30990866622259633,0.06474214473373525,0.05097060203648831,1.0257894526241134,0.055210955351138485,0.22992452151787063,0.7169480913404208,0.0603204940606468,0.09981520398838685,0.043344036587241334,0.22021769776914193,0.26670778859654404,0.24583997589978215,0.16279095852693842,0.06839443329610526,0.42374926173767763,0.07366838905740085,0.2058809040361927,0.20138369162314576,0.06544535408935544,0.31678949102557546,0.47777097214206476,0.17551039967675283,0.16710512486200063,0.18771754537581214,0.16186341068210036,0.10939016892981017,0.20589876105004057,1.5457392107508139,0.11652907468771415,0.2894951173552407,0.09504328914564524,1.07295693465465,0.07084277607813903,0.09450082985888816,0.49186950190496737,0.2554308206560646,0.17107414877716248,0.23367676812169097,0.5740370625947909,0.09766754205659713,0.04481280735287666,0.12965185834815843,0.26150637261866194,0.08569472605131177,0.14554620015561082,0.08652718559779195,0.4669119849118137,0.05469515783326357,0.05030931067246729,0.5643986804150829,0.1562520438831694,0.12874841918469077,0.19648939602057142,0.0520798116235164,0.12434699813060043,0.1101519259396229,0.6650952327388803
Bolivia,0.27906946826393064,0.35004761743691687,0.2722309465417431,0.2992385019773608,0.44238365981054384,0.3964661677242485,0.38035304965713984,1.0,0.20178625850316856,0.3789179753807394,0.3171900408593943,0.3153117124224689,0.4416658062658347,0.7024615046988462,0.35916492042040254,1.5795257962002804,0.28619064076888373,0.3726060760283964,0.6206654775839899,0.24387975582197982,0.7484686288719118,0.4076162432716225,0.39207298819839953,0.5091045571988374,0.32982481978471734,0.3599744430751032,1.3571419607390547,0.35435710818814725,0.19418612754243994,1.0020695308416079,0.41300582674065833,0.44378336200408014,0.38535137740361547,0.24845552051568282,0.5269436163243449,0.6088200677732265,0.5315782868415121,0.4176776513475685,0.4666526344860017,0.3491158034480024,0.21944786314205708,0.5484140790876825,0.4186040300008068,0.1555255772060362,0.4889101220086578,0.4973600038568605,0.4909268589278905,0.25746540093341524,0.49499638736157625,0.47436572678887656,0.29328130502434535,1.7734598578792498,0.389365044737122,0.6512658920795431,0.45468695315909186,0.9613052714887208,0.39151224109121485,0.3271643280817769,0.23497048848350366,0.5043095361874969,0.22910338501567448,0.599939087701177,0.9243149352337481,0.43812835522547683,0.3742735929916439,0.4757351042251854,0.3480887885845508,0.4307273790304106,0.5109525610863883,0.44049043467312604,0.21924059632656875,0.39335618340643624,0.37726132196575934,0.2669987014715732,0.2923934750622689,0.41292871712581386,0.5534303369355413,0.3501654578931309,0.2863882430960046,0.48193828925726684,0.37499811602416167
Brazil,0.13644947416525238,0.40453054619288176,0.23415705389373342,0.10936868431468266,0.2790811029057181,0.22569201839957784,0.22154322994796885,0.20178625850316856,1.0,0.1908267551474813,0.14104262904466622,0.14960090444431298,0.2760086997945066,0.5342900286281255,0.21121460937882858,1.4986268643688732,0.14234080203744726,0.2535277654989361,0.5192838976188792,0.08847817700537369,0.6095016763406736,0.24032701013853305,0.2503786494234442,0.36537000281194065,0.1817301837020639,0.20126166237047852,1.2095926521305986,0.204868557232233,0.08409265386464018,0.9038223807708743,0.25424563504722836,0.30424783178918113,0.22933675648612709,0.12485351396385293,0.3494374906019308,0.4535227318722552,0.3661454781590563,0.2668281886849254,0.36734912288112753,0.17917629096070878,0.06738241295702879,0.40815342720714604,0.25299214446912793,0.1438556345721248,0.4403877414015777,0.3509931615353742,0.33675606665607505,0.07717723316213106,0.3519167358464057,0.32227053232120156,0.2152249254534161,1.6515264769283804,0.25365880408065467,0.4826419590243741,0.3046571297125508,0.9326649283805635,0.2173666223355186,0.15783970679006018,0.2750820915533308,0.4057266646789268,0.08317343249108979,0.4471537570130586,0.7755912299488538,0.28239793399681234,0.21493339305020956,0.30180598291865746,0.28666665957572457,0.2774378630338674,0.357104233437044,0.2872348472274075,0.26345362387711596,0.24129356026010965,0.22662950060819032,0.3510635297103213,0.11028341740680805,0.28379819274380297,0.40470393078911265,0.18946788320112334,0.14837151719636169,0.3192463394220475,0.4850173222213501
Bulgaria,0.15453524525094053,0.5315157058434301,0.32612232103304684,0.12509081662192978,0.161690381402178,0.11121459940036774,0.1503736910568384,0.3789179753807394,0.1908267551474813,1.0,0.10734429863191079,0.11666202515961961,0.15958675356412522,0.36680197750612537,0.15939439183306206,1.5040600547454466,0.2107200469193632,0.21793827714843753,0.4509760960993925,0.15133634322643408,0.472018452661164,0.15036962063507323,0.1656734553436546,0.27643033837278896,0.1557429130944887,0.13507748428659402,1.0508562397077452,0.15010407924431812,0.21071794750173065,0.8131851984916574,0.15670557938614377,0.22342750565741146,0.14871378962558576,0.21824978342938262,0.2655530809612498,0.31623035773189384,0.22329858959353718,0.1730575135078585,0.3199015156660493,0.10010202022809334,0.17699820322149215,0.29118556271968515,0.13794919428740549,0.31638750157981466,0.4365268514648585,0.25963686471097497,0.2741009548802054,0.13429089438237402,0.2357658470675029,0.2145961767256254,0.2726886798810154,1.5231952656586945,0.21161777104563312,0.3223044538640189,0.2045011106998006,1.0000642327359492,0.1083475220940899,0.10778514506603783,0.42222008809241207,0.3371863307658201,0.16730432920541877,0.3139535716096045,0.6156833462770189,0.17245101647622116,0.1344634881865593,0.18249565759811312,0.31017967033180643,0.16983924829176594,0.23611341977369796,0.18373150723993562,0.417640321791261,0.1582637608796681,0.1564007244280822,0.4997951273051227,0.09204169937082209,0.21483056698462064,0.28457231475470485,0.12665818224734327,0.15768813779601837,0.19372115604287127,0.6108533424990618
Cambodia,0.08949848941272401,0.530548207601703,0.32960521140969584,0.07531406115706119,0.14063593831629634,0.09733751444709876,0.09125185405761695,0.3171900408593943,0.14104262904466622,0.10734429863191079,1.0,0.031032088311927553,0.13945628951206154,0.4005387456896166,0.08553223360521235,1.5228415983101407,0.20756699406130918,0.14805800198043342,0.40033593501778847,0.09843291633954117,0.4759397993539462,0.13960809731919918,0.15236086764207926,0.30885831725059665,0.06543426490914223,0.06853797582636244,1.0845161269805559,0.07910755519419774,0.154941890709658,0.787094618081704,0.11788501312522988,0.17532777931388727,0.09490845515143631,0.16424264404311972,0.2791259954910398,0.31658851034460395,0.22797432401266413,0.13172578052638595,0.3765493021913249,0.053645204175006816,0.12354911654222826,0.27314888252235026,0.11542802985534414,0.2562974990968233,0.4508148410299325,0.22621736112846463,0.23028489600042648,0.10056050628466451,0.22162267514996922,0.18548243292080688,0.19690098591273644,1.5772254687485305,0.14994746206390322,0.3505156405370632,0.16931362789287555,1.0190559660166627,0.08437362359642828,0.03434737408277666,0.40909753925114534,0.3030741665667129,0.10369124704409985,0.312616575101912,0.6402086709623492,0.14591908751943633,0.07955259571162396,0.17977260968085257,0.2574599818306405,0.1430170610380002,0.2201586558039007,0.15078699602841453,0.3900328960473824,0.10783509215146056,0.09554418681561755,0.4836804528616971,0.07745194416855128,0.16597426245744798,0.2691538602618132,0.057306134869774684,0.08497533420313007,0.18099109623720716,0.5930006687894817
Cameroon,0.07971840432727598,0.5336813419347907,0.32960788943281516,0.09566788733699848,0.13872160836044464,0.10039020988293236,0.0949545276837579,0.3153117124224689,0.14960090444431298,0.11666202515961961,0.031032088311927553,1.0,0.14076534481998737,0.397878591818966,0.07650748120414884,1.5402368211712658,0.2240079545751498,0.1299609234832884,0.3874919737863721,0.09245159670356214,0.4679198234420323,0.14445583916716961,0.1397891853410526,0.31368360327535505,0.057304221029702604,0.06228038280236845,1.0812397507881497,0.06826446070522374,0.15255551687638028,0.7794814947730866,0.11338234986140219,0.1691491716250504,0.08863324010322092,0.1715681765256348,0.2941862734367188,0.3117585142394149,0.22569713366086222,0.12307675888720238,0.37808871743113015,0.053987727685155806,0.12177531157541502,0.2642945900250973,0.11289980576789696,0.2644397424546379,0.44608401059019553,0.22159260863245955,0.24220556824591227,0.10475152073107584,0.2122937989695554,0.18057407926958646,0.1954043743377865,1.5764106484698137,0.14619494433330774,0.3496851197462151,0.1637149679176754,1.040198303508897,0.08677273925362168,0.016863994778318226,0.41637586521719644,0.2834623424873486,0.10422551132058525,0.3106954659660659,0.6333907348994471,0.1359549633615044,0.07286195967764224,0.19094237865627495,0.24905233631372886,0.1338527189369214,0.21634007396558774,0.14374819612624823,0.3943078603537516,0.09900463349350962,0.08570775532990457,0.4865099211560844,0.08385178778475788,0.147145040332623,0.2638661485586884,0.051591971422957635,0.07081638263517466,0.1793932847696637,0.588107453018968
Canada,0.19701587751004598,0.6629997721823239,0.4499582090882559,0.18681990803086593,0.027223226043273062,0.08498391902566266,0.07291290581469209,0.4416658062658347,0.2760086997945066,0.15958675356412522,0.13945628951206154,0.14076534481998737,1.0,0.2813548578365945,0.09180134496948843,1.5412194058385182,0.3276155809864725,0.15623121970369808,0.3127655820973305,0.22328240954963577,0.35979111417563947,0.15491735669256695,0.15454396618807478,0.3235357296264121,0.11768630033968096,0.08748252019615246,0.9664417372596447,0.09527280378905632,0.2840948176076092,0.675226560699755,0.040932912159928635,0.07881398746169958,0.06339739981898221,0.27210146303079,0.25319764437935355,0.1853838486540375,0.09681221382962511,0.054072109849664596,0.4299465223014203,0.11382382628318367,0.2549696413593741,0.15017028698805013,0.04097393660370116,0.37774670048747505,0.5113986256508493,0.138831284830954,0.1599697803138884,0.23278142395613136,0.11785249257236664,0.062241356973603584,0.25189239639793665,1.5187139485995957,0.12882964781639672,0.23352290722015553,0.054349631740329134,1.1063327796316846,0.07129124625791906,0.13508728886146817,0.5419535166387596,0.2515025893785584,0.22692554321582797,0.1802530604054846,0.5139040272336023,0.07276033441268344,0.07383162448510007,0.09015604398274306,0.3085084832140465,0.07497832428447399,0.09128636011072247,0.05722826540446949,0.5224239433749962,0.06389018356384105,0.07639101211580555,0.6171116045829133,0.19498772826369004,0.13326019404443704,0.14087625472828952,0.09467402704225637,0.17270576785540548,0.04649588657125183,0.7179659851876475
Chile,0.4410048014819183,0.8806415917721548,0.6563315876699382,0.44423321901067553,0.27661886329111507,0.321762756713475,0.3422014230149753,0.7024615046988462,0.5342900286281255,0.36680197750612537,0.4005387456896166,0.397878591818966,0.2813548578365945,1.0,0.358471255291014,1.608589932017455,0.5509653226799741,0.37312584089810596,0.3443240512041243,0.47140525479832207,0.1950314546510657,0.3517125190089341,0.34509452045343386,0.40805883576197427,0.38683375840521245,0.3538132542367742,0.7372657227425056,0.3595107988068462,0.5319807684525932,0.6130205429362613,0.30784313757543214,0.29853013539899453,0.3301052357977723,0.5281394071022848,0.3855039402970883,0.1572568899488216,0.19821706284036344,0.30074759703204146,0.5586167410524568,0.36433232416501604,0.5058321373438864,0.21763353564307084,0.29775570204019935,0.6423915184470047,0.6346125623926816,0.2890856799997394,0.347971489005873,0.47545521296779203,0.2553582981890922,0.25777762734411014,0.5031363352937513,1.336966923852957,0.3777618235098555,0.10256559138229986,0.27604152043317326,1.2672129136037575,0.3287966642311254,0.3883280738904896,0.7801328171271854,0.3397867613828908,0.4829325963748542,0.16758345819205453,0.2759070088209957,0.28220274700431025,0.337872844694936,0.29042221295008386,0.48683204098228205,0.2862143095246104,0.2253468018822632,0.28217409051314446,0.7583269407348832,0.3222832146986828,0.33852639299236825,0.8480366319886472,0.4353861551974521,0.3302453739170961,0.21496223639627712,0.3621729864314268,0.4298525438758426,0.24155168924683873,0.918024418589681
China,0.12699584001924447,0.6030402270061377,0.3956991155671233,0.1442274196373254,0.08942387929601192,0.09261769690568102,0.050618137855006136,0.35916492042040254,0.21121460937882858,0.15939439183306206,0.08553223360521235,0.07650748120414884,0.09180134496948843,0.358471255291014,1.0,1.5589461910773705,0.2877770717517247,0.10073080708298793,0.32458408145402873,0.1552449197028104,0.41613136096282455,0.14904896206046497,0.13488672047043423,0.33693646622017454,0.032368327711859664,0.027607925019915026,1.037715718667013,0.0149025734625221,0.20985032872950762,0.7142873138614465,0.05997522031418785,0.09600249042424727,0.03102249525422163,0.21156263680016907,0.2908533152416868,0.256293165306859,0.1779034323080269,0.061612456540633714,0.41939099922544065,0.07799183596174789,0.18505847045588777,0.20137617992669812,0.07346352658487265,0.3093029336348916,0.4844175335608469,0.16885348620167306,0.1945272587522458,0.1759760844203782,0.1588144716422631,0.11696062814527856,0.18915464535331483,1.569929863875472,0.1074734789314828,0.31148888015490156,0.09785726498992418,1.0909252374547034,0.07542757253300357,0.07939986718435467,0.4816387129769688,0.24367073245326965,0.15522154484718997,0.2512854707873354,0.5831367011941446,0.09414826831873484,0.03278770221774701,0.1571474622438759,0.2529064241539903,0.09209230150066315,0.15644303301886256,0.0872746254815598,0.4573341879630259,0.039900679461554865,0.022275286877915287,0.5508770784998508,0.15003630341488958,0.10599093628894862,0.20218378718573526,0.03448375722424798,0.09899312969209001,0.12600524978205113,0.6451026890410965
Colombia,1.5540692236420344,1.5195973070105306,1.5231873340363586,1.4629597514133945,1.549439445604626,1.5240216537753701,1.5353779384095136,1.5795257962002804,1.4986268643688732,1.5040600547454466,1.5228415983101407,1.5402368211712658,1.5412194058385182,1.608589932017455,1.5589461910773705,1.0,1.4738601179287896,1.621369166464539,1.6972901822356568,1.5361053943569598,1.6770945084220508,1.5069859313951102,1.610920548941338,1.489852267509167,1.552665354360365,1.551544627406065,1.9064395685473348,1.5604842790327613,1.539926633301286,1.8484418303246177,1.5548573428129318,1.5808377094298653,1.554379364309766,1.486543873867133,1.3129762498548254,1.5984401696659192,1.5633089675311118,1.5726616937464375,1.6226442854936796,1.5294866006238907,1.5348911742206954,1.6320778100499722,1.5451287839853982,1.4963694068025315,1.5785603521278273,1.5851288717285443,1.4608347130340016,1.516091148203102,1.596684946413737,1.5729204379047521,1.5726153017207936,2.005265353024191,1.5643735668151082,1.5662893029222376,1.5745587867652098,0.9867486781769158,1.5303703035769336,1.5380803233719194,1.4985558887553887,1.6519089825470112,1.5339895334514684,1.584265966009455,1.7546956627779255,1.5719407117085646,1.5496690042428471,1.5197078226354124,1.5908481540408717,1.5656995713056527,1.5752308963104293,1.5766745359895593,1.4949142202069596,1.5662142494688356,1.561265595596425,1.5308855815384241,1.514178178196693,1.5937146504168849,1.6113915491175361,1.5438732355234266,1.5546077477502689,1.5544125447327506,1.6718225722297788
Costa Rica,0.21774736262583724,0.3777128887619439,0.22881467752196513,0.17750467260343586,0.32981002729584324,0.27220326645330606,0.2825939618017809,0.28619064076888373,0.14234080203744726,0.2107200469193632,0.20756699406130918,0.2240079545751498,0.3276155809864725,0.5509653226799741,0.2877770717517247,1.4738601179287896,1.0,0.31819199478077187,0.5828204724759707,0.18672347506050244,0.6437127442453704,0.26666429621823606,0.3053775655488602,0.35176983259866473,0.26404933308362294,0.2714931133329903,1.2221118037895111,0.2814325385491291,0.18642149501114058,0.9615727514974874,0.3149622729918989,0.3729835036458175,0.29607699666854365,0.19260967558105724,0.3715885307390818,0.4969344258176753,0.4041008727624363,0.3304898403887715,0.32989821709599343,0.2376163613480786,0.16580139763976942,0.46422926619509386,0.30626836546720404,0.22088355287458664,0.43890356783109563,0.4032440802424173,0.3827033955193934,0.14787248858032093,0.4059235572875084,0.378729694667831,0.31088165996987377,1.6194817564060866,0.3345594384495683,0.5017496828722787,0.3656779472322211,0.8626892460031355,0.2699868057095877,0.22478828459211062,0.2742535143984035,0.4707160040169297,0.19208384796599046,0.4894556484032384,0.8016463436225734,0.3351342630795054,0.2812278070853423,0.34063884521816695,0.3456309278775174,0.33099215418423095,0.4076297987400503,0.3423423399384743,0.2777311380908938,0.30761139448456604,0.2977326746632561,0.35507760091024093,0.1705868312730297,0.3550100775437388,0.4547342938683485,0.26129081218719347,0.2474790219217851,0.36692212509119904,0.49330562476787254
Croatia,0.15737371375563555,0.6199174587455486,0.41584851918556176,0.21080231080588674,0.14508946915634416,0.16159110546867242,0.1326748167494239,0.3726060760283964,0.2535277654989361,0.21793827714843753,0.14805800198043342,0.1299609234832884,0.15623121970369808,0.37312584089810596,0.10073080708298793,1.621369166464539,0.31819199478077187,1.0,0.2911927030403993,0.19077115917598556,0.4049931473471795,0.18950850839980876,0.1535305127442244,0.36798980903606465,0.10742209378019099,0.11146511739731185,1.0368195348187295,0.1032656038944742,0.23402246330770685,0.7030490718617866,0.12390615832144354,0.13342110235169669,0.11107582797654535,0.25535395928917787,0.36215685556756777,0.27046243312395823,0.21108922574547645,0.1123034141916719,0.4383558737608486,0.14437639689043444,0.21311341236802156,0.20837072552665767,0.13762873086425845,0.3419310521750799,0.4953727910878417,0.17867870226581592,0.2482837323382004,0.21484047682755716,0.16960385855745547,0.15392542998008077,0.22473747108999131,1.5798315121398316,0.1505658761167158,0.33545469706249964,0.1395795146828834,1.1434805942996726,0.143756629527766,0.13247463871507262,0.5112126267820303,0.2066908007579239,0.19844704688586326,0.2788054077537505,0.5811928824120813,0.12441661296114766,0.11333624444440826,0.22905710559392842,0.25399390947275463,0.1283956799053867,0.18825243385954046,0.12315579695964501,0.47740584936685987,0.10478589400989999,0.09939941049957246,0.5685432037406556,0.2005190560777413,0.09010931858145652,0.2193891059404884,0.1189227771617683,0.14435692368155964,0.17175486552535307,0.6443522493884357
Czech Republic,0.4144786976629411,0.8873529894990534,0.6739882563546363,0.4535896508338727,0.3010036188750374,0.36104033032748917,0.3348599564032852,0.6206654775839899,0.5192838976188792,0.4509760960993925,0.40033593501778847,0.3874919737863721,0.3127655820973305,0.3443240512041243,0.32458408145402873,1.6972901822356568,0.5828204724759707,0.2911927030403993,1.0,0.45725146037979886,0.28463476146810057,0.37480096781107036,0.3627611569374274,0.5221160642459041,0.3476384453609499,0.3420166558671033,0.8904144052318236,0.3329102840701854,0.497642247084704,0.49370907241650736,0.3081579678457291,0.25105615695188793,0.31859261415765683,0.49246719940509015,0.4712320296779282,0.23946794622922687,0.28087368680946595,0.2885027818090943,0.6693909092748979,0.379502162788832,0.48224851689874865,0.21030055107440543,0.3203598848333257,0.593457242888232,0.6746651177310847,0.25163520585701254,0.3245201645340334,0.47992162920416015,0.2562155665593142,0.2555847347119281,0.42494322415176683,1.5372158198468553,0.3263863963115162,0.33173608849549285,0.26365354640848027,1.350737306272068,0.3578880711382498,0.38670941227363065,0.7804624160667754,0.2464027897203427,0.4575320753792822,0.2500088721428928,0.434204327140574,0.289566264310483,0.33267322750695827,0.3589137792850933,0.4192709615172314,0.29068454998175436,0.25138983004545506,0.2756701069659108,0.7401132111458202,0.30835512419172323,0.3145875383270002,0.8319197560309131,0.4619553654181878,0.2691820802754448,0.23540592150063588,0.3535445241524583,0.3960826208356959,0.28290315733205956,0.8840871224398963
Denmark,0.0853836233225229,0.4562826921053013,0.25545458273754806,0.10427133039891227,0.2233495669837052,0.1710670352827736,0.1737164499844823,0.24387975582197982,0.08847817700537369,0.15133634322643408,0.09843291633954117,0.09245159670356214,0.22328240954963577,0.47140525479832207,0.1552449197028104,1.5361053943569598,0.18672347506050244,0.19077115917598556,0.45725146037979886,1.0,0.5413636072686189,0.20402167099929172,0.1870258125589975,0.33124090825335006,0.1290236317670685,0.14557060204520908,1.1508515139952926,0.14628713284483053,0.08835179482707697,0.8554570344176383,0.19807405870859593,0.24693780312271452,0.1716090681738718,0.1531624929193496,0.3369185108888683,0.3915014265957949,0.3085601136071114,0.20562808618286407,0.35165100324317455,0.1213221257374201,0.05694763375805314,0.34376562017405743,0.19684903268121823,0.20507999231885918,0.41650092203608774,0.2989045951623281,0.31348598558901325,0.05465282245902609,0.2875570221936367,0.2644151637972184,0.2047863997566428,1.60489181778111,0.20886479037569644,0.4226446840472358,0.24671141455083062,0.9992376999912385,0.16538619045393102,0.10211060843692484,0.34001724059445404,0.33103752677671056,0.053577278292402344,0.38697574854097117,0.7090832564660353,0.2193458405264939,0.15619441986390098,0.2661127632375994,0.24831450369425442,0.2120529208072344,0.2993251411451449,0.22670181549207924,0.31593706285004425,0.1806116449249941,0.16686285764256012,0.4025465585735282,0.06846989285203336,0.21519579601899777,0.3465771878854061,0.13350829661821795,0.08834567830654104,0.26288423277404555,0.5104415299501157
Ecuador,0.5038303037295758,0.9661481504975045,0.7461726764774389,0.5255329567638111,0.35152314560133363,0.3980823718800948,0.40625757464201107,0.7484686288719118,0.6095016763406736,0.472018452661164,0.4759397993539462,0.4679198234420323,0.35979111417563947,0.1950314546510657,0.41613136096282455,1.6770945084220508,0.6437127442453704,0.4049931473471795,0.28463476146810057,0.5413636072686189,1.0,0.4393970789358828,0.42916893199899164,0.47252102664847134,0.4448037891474877,0.4203218008273453,0.7185021448500303,0.4192237366842046,0.5971654564025898,0.5372553014750153,0.3756929424307074,0.34096908495360073,0.39460141302747953,0.5972745803925369,0.4862140205054261,0.21362125570384677,0.2846217240297455,0.35924686789923493,0.6771244372352664,0.4368072959685295,0.5784173414467113,0.24598397487947182,0.375485602516515,0.6996070141882207,0.6633330100065119,0.35330956305501365,0.40130353379422956,0.5572823176103677,0.2957707404274662,0.31573624821579405,0.5460833542544128,1.3309356332619733,0.4212177269834858,0.21549403671974324,0.33279843093792055,1.3759110512485273,0.41279164675800245,0.4622938672569638,0.8644004825420198,0.29939000056085796,0.5466211246894305,0.219264210832423,0.25538736087680775,0.34943773865782823,0.4049483975894019,0.3944677972586537,0.5099077850104339,0.34171754358578044,0.28812438256473005,0.34196982183737573,0.8294838121959179,0.3829003970189698,0.39706785490471935,0.9202278348974493,0.5190641567197087,0.35435303479522223,0.2693945496646142,0.4302580563199682,0.48515640072579186,0.31825719273348246,0.974060046922216
"Egypt, Arab Rep.",0.16164438050454338,0.5898350391045694,0.39227840645994877,0.16636488290367463,0.1406711347811771,0.14583875500255705,0.14830728556459546,0.4076162432716225,0.24032701013853305,0.15036962063507323,0.13960809731919918,0.14445583916716961,0.15491735669256695,0.3517125190089341,0.14904896206046497,1.5069859313951102,0.26666429621823606,0.18950850839980876,0.37480096781107036,0.20402167099929172,0.4393970789358828,1.0,0.1794292785887373,0.33938021301955873,0.15469963617745805,0.14068740243131123,1.0234751061653908,0.1488057212371599,0.2359484274173299,0.75100850326496,0.1509735072150897,0.19168843141496042,0.14210710823787215,0.2228003377170885,0.2516767443842203,0.283262011205985,0.2066018346160783,0.15777092184279226,0.3965876607819527,0.1460866026130721,0.21865223151192154,0.2639204349445577,0.12684153553301195,0.36322777837947273,0.5104022339148911,0.2046146796249871,0.22840463570695255,0.19313630647490296,0.20947589087967164,0.18445295881167614,0.2821300490757278,1.5534505749500076,0.22980723597952724,0.3130958857937605,0.17855432552097253,1.0323742562203442,0.1357062018430397,0.1370005036270541,0.4862840535398921,0.31466094918749,0.2056707017249536,0.28344706543723575,0.5791534064431867,0.14784824046133635,0.1361335361488432,0.19801617263145066,0.26879187187754217,0.1597440554814366,0.19872364849754845,0.1642720758916727,0.4764246280979106,0.1538706491399495,0.14697564563988225,0.5564597160241825,0.1741054951843621,0.18540672189678248,0.255970567484628,0.1389240421615635,0.19045353497052098,0.17345397753965508,0.6415163077324996
El Salvador,0.17874028923184557,0.5986725528402085,0.3793488264164297,0.205525069050073,0.1484481895200866,0.15889074649385942,0.15496982909612325,0.39207298819839953,0.2503786494234442,0.1656734553436546,0.15236086764207926,0.1397891853410526,0.15454396618807478,0.34509452045343386,0.13488672047043423,1.610920548941338,0.3053775655488602,0.1535305127442244,0.3627611569374274,0.1870258125589975,0.42916893199899164,0.1794292785887373,1.0,0.36171034275012764,0.14508624142911553,0.12760612711994926,1.025502278967851,0.12755179801321298,0.24367613540507332,0.7420760144382591,0.14147434051700636,0.1724098326716848,0.1300394322899861,0.24686618200652297,0.3469296949269845,0.2675566545140784,0.2081545944560897,0.13684440942606843,0.36622913357181974,0.14625720119057964,0.21189514739923165,0.22902886659285246,0.13430232633684047,0.37041236809106903,0.5047655306805958,0.19207649958320885,0.28436286926544624,0.20003114394677435,0.19032847335168268,0.17477071229080404,0.2440211992009688,1.553883603697975,0.19785700185647564,0.3190601556048016,0.16271037899791818,1.1169870308051013,0.1370785041550189,0.13281466855298532,0.4915513249026359,0.2761780569635118,0.2027277556453831,0.2858016145655272,0.568717947818162,0.14371608476102518,0.127734529260136,0.20346085223902458,0.273151598216749,0.15280859002676683,0.19060183323075805,0.1446025483918,0.47214769084678887,0.1270040430391409,0.1308774881398336,0.5531777064367711,0.17638136206637886,0.16534915023844213,0.22778603611849624,0.13027230925455874,0.17606123032730422,0.17312343366895278,0.6342995111333759
Estonia,0.3248365354042517,0.6275727322638147,0.4647944708443145,0.3169861992495149,0.3223564615945656,0.25757662961796635,0.30990866622259633,0.5091045571988374,0.36537000281194065,0.27643033837278896,0.30885831725059665,0.31368360327535505,0.3235357296264121,0.40805883576197427,0.33693646622017454,1.489852267509167,0.35176983259866473,0.36798980903606465,0.5221160642459041,0.33124090825335006,0.47252102664847134,0.33938021301955873,0.36171034275012764,1.0,0.33619443229214,0.3229779413547769,1.0359695037159182,0.3320450051827825,0.36873864718432126,0.9081531200117243,0.32873584471516687,0.36756253237662295,0.32480601003405984,0.41188656915121663,0.3628803345972279,0.4053551669121448,0.34808785491881467,0.33104469464212744,0.47817501917889743,0.2778349636935739,0.368679866374128,0.4010652459705757,0.31652593256431877,0.43609876932169117,0.3102549687522957,0.4273206434288313,0.3942597654265815,0.32360805434591666,0.37137427095576664,0.35170407946013715,0.4479635285701171,1.3532693173960255,0.36906073187501565,0.34875771886955004,0.35187311767254026,1.0166535800905558,0.3093001116254601,0.3097500289068822,0.5398001035997494,0.38342410520255393,0.3392541712725472,0.38576186483422187,0.6427010485566393,0.3232778405601702,0.31350742779662305,0.3375179973604128,0.35920898541814394,0.2917699431463528,0.36024962798063537,0.3311197427465217,0.5095464528869206,0.32636412027221345,0.3290583480506412,0.5921238638895573,0.297483520600152,0.3514031871755865,0.40939777648551573,0.31816418381895073,0.3310318726043518,0.3335908354108035,0.6761628241033029
Finland,0.10580921947856663,0.5755346039622796,0.3718213530127891,0.1229851055403293,0.1173283521892024,0.10164117392766646,0.06474214473373525,0.32982481978471734,0.1817301837020639,0.1557429130944887,0.06543426490914223,0.057304221029702604,0.11768630033968096,0.38683375840521245,0.032368327711859664,1.552665354360365,0.26404933308362294,0.10742209378019099,0.3476384453609499,0.1290236317670685,0.4448037891474877,0.15469963617745805,0.14508624142911553,0.33619443229214,1.0,0.03815702008820088,1.06579089939689,0.03150546319800574,0.182358645620828,0.7398197471102391,0.08695357613408443,0.12506422796390562,0.05852015266275403,0.18900735346581352,0.29650422631024,0.2864830799251811,0.2064951222870324,0.09227198979034848,0.411400363553165,0.07147249667837306,0.15708971346464268,0.2316747451641212,0.09787642534315905,0.27839615049480687,0.47271538265289054,0.19287930812683973,0.2082392529009369,0.15065325909262062,0.1870510640273468,0.1478627649068628,0.17461890005424244,1.584469484892323,0.11197465354164554,0.33798722805928627,0.1287506284722477,1.0707724970537114,0.08588916302265598,0.06563060175342417,0.4524574388388903,0.2614303877322858,0.12709803940648617,0.2804918745815716,0.6138205150365974,0.12071824583207096,0.05193121002793172,0.17396208291434245,0.24732744173532017,0.11607626425677754,0.18756773890280945,0.11575485938742767,0.42826950882149195,0.06856493125595502,0.05121468029702832,0.5217335272487373,0.13007346168550923,0.12494845319095063,0.23247613445358062,0.03550481908440528,0.07595728821344598,0.1552229898176294,0.6206481233928163
