Country Name,Albania,Angola,Australia,Azerbaijan,Bangladesh,Belarus,Belgium,Bolivia,Brazil,Bulgaria,Cambodia,Cameroon,Canada,Chile,China,Colombia,Costa Rica,Croatia,Czech Republic,Denmark,Ecuador,"Egypt, Arab Rep.",El Salvador,Estonia,Finland,France,Georgia,Germany,Ghana,Guatemala,Honduras,Hungary,India,Indonesia,Israel,Italy,Jamaica,Japan,Jordan,Kazakhstan,Kenya,"Korea, Rep.",Kyrgyz Republic,Latvia,Lithuania,Malaysia,Mexico,Mongolia,Morocco,Nepal,Netherlands,New Zealand,Nigeria,North Macedonia,Norway,Oman,Pakistan,Panama,Paraguay,Peru,Philippines,Poland,Portugal,Romania,Russian Federation,Saudi Arabia,Senegal,Slovak Republic,South Africa,Spain,Sri Lanka,Sweden,Switzerland,Tanzania,Thailand,Tunisia,Turkey,Ukraine,United Kingdom,United States,Uruguay
Albania,1.0,0.05927597143513954,0.08132621783118496,0.03290766018914693,0.025858014379130864,0.033252200597244846,0.029720619104036235,0.04617249872080773,0.029115018325679084,0.030335633706364534,0.02807406900603803,0.02737140936923128,0.03026028089543166,0.05358269638343507,0.027889427282666843,0.37061960976975833,0.05156943789736706,0.03960331990547372,0.05706952144475079,0.03206683166010912,0.07569943985795546,0.043548269545986784,0.06326826918702724,0.09031796249126231,0.02716227838292395,0.029333171603437458,0.16629180247337094,0.02893715411463933,0.025506237856231576,0.13125649310687143,0.03197808796853684,0.03232219713051503,0.028810713830279992,0.050620557248754465,0.08373422587976426,0.042747265767536,0.031532455162979055,0.028587812069044555,0.12570060426309926,0.030760854288045304,0.03407605314690012,0.035620675580703795,0.02440729400978182,0.04098513244238734,0.15355137630344823,0.05098248080814977,0.04788125353105066,0.02993658677579135,0.0475123732057322,0.030063482841499005,0.061774953223108726,0.3593279859657664,0.046379010644238085,0.04973284124881152,0.029250548832380416,0.13829233323082363,0.03231365546033059,0.02993848564846128,0.040842637950091014,0.06613315117127991,0.027551880501833312,0.04068445679564015,0.05407595317428474,0.032199873781763914,0.027837260709273812,0.043774768997923874,0.07601779763675892,0.03266688550461964,0.03533602862998047,0.032418909587316386,0.07772092875818316,0.03308994211880933,0.027825208905802954,0.04878245696085348,0.031503525709207766,0.03290527625894886,0.038636382721549095,0.02782703488079334,0.029482441708201065,0.030372937348009433,0.08845114521528225
Angola,0.05927597143513954,1.0,0.05123214115916803,0.05106345716124588,0.05471373831433166,0.0543231890213737,0.0548794371890266,0.049549881113455145,0.04653947981806015,0.04729638982018651,0.051440810214390745,0.051101745003147354,0.05564252558570864,0.06975596355621975,0.05211619486294871,0.3694545887963623,0.0537543834155776,0.06176122714448087,0.07999549651941375,0.04886243304001716,0.09165875555209546,0.06479107294451811,0.07021022935196038,0.09904688978446693,0.05217689079137689,0.051868697814249444,0.17297533331665377,0.050824540293696215,0.04740715260610495,0.13907453932487393,0.05165654694215123,0.05589472768706503,0.05192212859824879,0.05816216498717929,0.08836924625393286,0.0776465219448741,0.05558551331431183,0.05358313816779962,0.12904063255920803,0.050125573230343425,0.04096818863072432,0.060275410200813985,0.05259786994515961,0.06275212393359816,0.15091304992212792,0.07030224848458545,0.06786472866437364,0.045001324233772365,0.059573295395413194,0.05550933810267401,0.07589757176051579,0.3677657000462796,0.07127028262909786,0.0719389708890033,0.055885341826422096,0.12681557401906154,0.04942614467263338,0.052562664866668614,0.04731287744174122,0.07829297299684013,0.04913361387203504,0.0642038618220503,0.08183338026900505,0.05622374258977252,0.05181181224332374,0.06566162939020347,0.09902761303223362,0.055334834421349254,0.06113136828673538,0.05566150881679008,0.08451693020554364,0.05269170861791041,0.05217117480713515,0.05864788216255521,0.04902574366805054,0.06350356334151623,0.06336061379734363,0.05092561156819297,0.05335529881650428,0.05587526382416548,0.06485827159271498
Australia,0.08132621783118496,0.05123214115916803,1.0,0.07041257096588677,0.0733676633911072,0.07166367682026638,0.0731353897269084,0.07332967670448676,0.06774135584267525,0.06780149564462917,0.0717463134772885,0.07160160102447555,0.07204074976951141,0.06699675338913207,0.06986515433446057,0.3684503390305236,0.07792650083507974,0.08301654075664527,0.08403842892079756,0.061705034535925934,0.10008354453123283,0.08190448529897452,0.07244675400550064,0.11264900292599131,0.07008890904979025,0.06956460367843541,0.19688917243949278,0.06747454189831074,0.07192796443948771,0.16858309324590534,0.07146658416971981,0.06872968567675183,0.06877062030617176,0.07234924656499027,0.0941205576129013,0.08435934127353921,0.0728166678924119,0.07069947668395878,0.12763719863806922,0.06707179830969391,0.05636032242953544,0.07297355354579282,0.07160999120076826,0.0824961906891101,0.15908746740443663,0.07471532015750046,0.08486276933789007,0.06160315180106247,0.08445527430158077,0.07111649219173886,0.07330036274046987,0.36184362544813164,0.08611896564011669,0.07820489331237941,0.07134759765862513,0.1387023316628532,0.06973526858126056,0.07299490508397648,0.06817495022512184,0.09366685325974243,0.06464962720619136,0.06694544481753736,0.08994290205863333,0.07700490464401077,0.06941875791200523,0.07912184472481237,0.10623268620278843,0.07248899376734196,0.0768081318118181,0.07124402641822034,0.09101967030396788,0.06903160069061094,0.06965883000015508,0.0644172299478421,0.06845680980820129,0.08167641473576913,0.07432321816936306,0.06919630911351651,0.07150854877609346,0.0713756401579393,0.06883094614264422
Azerbaijan,0.03290766018914693,0.05106345716124588,0.07041257096588677,1.0,0.01703846664626185,0.022140573087415048,0.01961843207943418,0.039423763051173594,0.012608512686613232,0.02202208594808145,0.01620766537341073,0.016489975797496618,0.01613934589831547,0.046399086734574053,0.015108518220486115,0.3529894932840311,0.049299181753274586,0.03913778371940764,0.055547162531339095,0.022469453696245607,0.06840354322738196,0.048193242043717006,0.05368733346925975,0.08146798673317837,0.01591484713455358,0.015114585463160708,0.163963447405082,0.015807925316827995,0.024727925613956165,0.132327581442511,0.01700427304808836,0.019862087211756054,0.015149060158287406,0.04103390307264892,0.06220096392375393,0.03704642088968109,0.02337722452598636,0.017253219784644166,0.13410438375140163,0.01826448772222818,0.02378727457764529,0.026947690221560957,0.017167021912858613,0.03370851266046841,0.14989332843785186,0.04466363630174869,0.028636773169080115,0.021385682988542643,0.04052105656475617,0.017687790259681882,0.05393848452954025,0.35881906470687175,0.04012413533661437,0.04278739006072864,0.017851708349004625,0.12329686855505766,0.016552820001108783,0.018472131043866878,0.034921643602913575,0.058620611616992946,0.023133541243427053,0.03800695601171144,0.06127313957477011,0.026252885112936383,0.014859839481004682,0.034504762216843426,0.07452111315550342,0.024147014268692785,0.022133877977177457,0.022058394842114117,0.07061148671239903,0.017254834589743914,0.015242702855677309,0.045738215429672005,0.01842848922092832,0.03261001043146766,0.028188928663802692,0.014259726174724475,0.02650094281189478,0.01700927721088756,0.08979866338375528
Bangladesh,0.025858014379130864,0.05471373831433166,0.0733676633911072,0.01703846664626185,1.0,0.01722834847825703,0.013778172761826642,0.04029927574890865,0.017151716471246258,0.016288738674444678,0.01163819454552742,0.01265419244420941,0.007081907735680161,0.04122332494856603,0.009483424563316694,0.36389089748551157,0.04597504904111617,0.03386351230145475,0.051055277114075225,0.023507669429022555,0.06528995180435485,0.04352331913037062,0.051136879786442,0.08046319107587456,0.011300201143510238,0.010059982878156305,0.16012764197085858,0.010392745750651829,0.024543040750252126,0.12828216991441962,0.010830178832885175,0.014056454289083059,0.008190352410046006,0.04253876057862625,0.07182547780031255,0.031504988659717986,0.013202317205947615,0.007484501565787108,0.12829341563875654,0.014095046360119278,0.024757130302127995,0.01607789132689651,0.005049898230478652,0.03838200827107865,0.14883483964178476,0.04157331331347861,0.034151164002614816,0.019631361966378345,0.036242035865973805,0.008063268140541122,0.054409545906025356,0.3571972531558732,0.03839101850011859,0.03803269470417962,0.007785752629327116,0.13128731753464795,0.014953439483415888,0.014831348390626733,0.036205700110526186,0.05992506747721579,0.02154160993755411,0.03186878661429639,0.04945718757813,0.018928122775200847,0.007786086310802988,0.029324194735148894,0.07301290302083405,0.016843068917762084,0.013845038670381534,0.013812063731176678,0.07482283605232962,0.01180101041914444,0.008711852244818914,0.04895146513203884,0.016498241178038213,0.029750851325867335,0.01959520295505507,0.008690255285255017,0.02541943882862567,0.006901832134375235,0.08988153660289391
Belarus,0.033252200597244846,0.0543231890213737,0.07166367682026638,0.022140573087415048,0.01722834847825703,1.0,0.016717950885754614,0.04195304147797979,0.022499486104333603,0.020082301988402246,0.019360994694753407,0.01958010037438172,0.017188776711516522,0.04249354550612884,0.018665338187490207,0.3612264648415328,0.049061007794940166,0.041053322976466,0.05437375815080658,0.025008573018725836,0.06296187690952126,0.05247581909985694,0.056812513958748354,0.06698447683571843,0.018875647649070054,0.017503612923396583,0.16292163000232937,0.01769523466053003,0.03145171728789637,0.13345654278732785,0.018756987778044423,0.02105907549721495,0.016413245845954234,0.04582417617912105,0.07187655038104912,0.03606670634201206,0.02140040644788782,0.0159536441499903,0.13054573407406414,0.01148467400298717,0.03143359886264139,0.02020008388870168,0.017575366964765703,0.03739919112186662,0.13367465640828988,0.04803394777816405,0.03951044136023601,0.023155853305464966,0.03946728152061958,0.01789558086526668,0.05515800980276648,0.35279391207466076,0.036962710158529845,0.04037154129446035,0.018415466226132673,0.13160358386341448,0.021982774701548847,0.021325095232389606,0.03843229579950019,0.05903759671301132,0.023996884460288432,0.030894093485362616,0.05102443245818648,0.025023142279855276,0.01595709636654798,0.031233197538758962,0.07149832595627886,0.010037643231297843,0.021602428733482167,0.016371999882480864,0.07311642294429789,0.017039645479020826,0.017894243719213537,0.04858526249811232,0.02010260429442885,0.03410156843708532,0.026013630559671,0.01697260862703933,0.024768787093184693,0.01732021863633428,0.0886877510235027
Belgium,0.029720619104036235,0.0548794371890266,0.0731353897269084,0.01961843207943418,0.013778172761826642,0.016717950885754614,1.0,0.035829285285432805,0.018292026507313732,0.02173114203043868,0.01502656039473047,0.016699898841043694,0.013162780986311335,0.04434827798840097,0.013024227118614519,0.3673740283496379,0.04311061737335068,0.034021415177164324,0.05520474711948143,0.024219938821000007,0.0658247472686317,0.051966274414580814,0.05155069966095117,0.07537685375420909,0.013994518345164388,0.015560453784615683,0.16338732981647053,0.013775232252850548,0.02765554805898539,0.1317922765613351,0.016342524867427193,0.016996901726209615,0.012577210218785545,0.04371855503640092,0.07730542753847854,0.03715517181236262,0.02094431499061279,0.013248841961920978,0.12941968406540208,0.014048336452184621,0.028068768727036515,0.022494383395323708,0.015532883888907126,0.03353259098592805,0.14483913713892524,0.04529949930056257,0.033243458642983885,0.023827783994440827,0.03942388833823737,0.012505557127794035,0.05260199179828226,0.35508897130663386,0.038519199337683656,0.040257661492041436,0.013382222977050223,0.12988632231952552,0.020352996236110584,0.01888535157311326,0.037958605582006914,0.058336680683619316,0.02324904894417258,0.032919916444381116,0.05593889338183075,0.022960935506976404,0.012896686459099934,0.030983941907758897,0.07148473905164832,0.018181188126678894,0.01869515452436237,0.019282871917172737,0.06926843674664122,0.014463170229210632,0.01331333328524673,0.049816742734715376,0.021839116187286522,0.03230105857142566,0.023518675641783462,0.01247865791517066,0.028465834752087797,0.013653980815441615,0.08810683335712435
Bolivia,0.04617249872080773,0.049549881113455145,0.07332967670448676,0.039423763051173594,0.04029927574890865,0.04195304147797979,0.035829285285432805,1.0,0.03216656934739503,0.04332481511669629,0.03830328702334128,0.038368538771131576,0.039112412131417154,0.0702607620506825,0.034520477006469576,0.3778449023989009,0.054688885209127645,0.046702250675007474,0.06590789561402635,0.03448699983963068,0.08501352680238966,0.06538683292800927,0.05596255941767113,0.0897288654536307,0.03411167757486876,0.03820807036334763,0.16784224773658674,0.03468100977377146,0.03413127786745574,0.1319326221527535,0.037396688379534436,0.03587051507519883,0.036054443927170894,0.053084120418443556,0.09007309992023953,0.05886715059178215,0.046966120155422744,0.03743784454158489,0.12792961593948945,0.03778381406006449,0.03618933168280439,0.04301656244759357,0.039930375506466144,0.04157185807435416,0.1485717654640236,0.0592667733477437,0.05432750071893821,0.03737167628571745,0.04600153068994413,0.040228957747043284,0.0623461862129094,0.3674711681061592,0.051868042948921333,0.06440766907217464,0.038507279425147756,0.1356719743445203,0.041051724064261164,0.04069919586357375,0.03697319323677458,0.06510453892710442,0.03262671123735865,0.05287399204820444,0.07644290728870236,0.04409108719272053,0.036360233897622454,0.05068707683976492,0.07813375035534752,0.04103463618460777,0.042085933803356484,0.04257293611885539,0.074541655561083,0.03605979505716674,0.035488973791888215,0.04721895093800831,0.035822243132619794,0.050421015341482966,0.04775807279874864,0.03486397064983336,0.03980969482948817,0.04186125959374488,0.08143639531175954
Brazil,0.029115018325679084,0.04653947981806015,0.06774135584267525,0.012608512686613232,0.017151716471246258,0.022499486104333603,0.018292026507313732,0.03216656934739503,1.0,0.021047813037075782,0.011737518274143328,0.012510512855660828,0.016233108622292446,0.048742901354111814,0.011785180439997739,0.36232403236302496,0.04547339446960387,0.03544157715703546,0.05453612165632001,0.01818385799211102,0.07182042490471004,0.04857146760279436,0.05059451981009676,0.08268116201787029,0.010934611419722459,0.012106381567428603,0.16594870977300874,0.012122471160552383,0.01931567150989084,0.13297641866146093,0.01585659106386179,0.018789878507122246,0.01299504347550077,0.04137862255312379,0.07089429660931325,0.03922834818643403,0.024825332027738744,0.015403272715451199,0.13014624830641786,0.016460367088186587,0.01773428475118387,0.025581578829337696,0.016677315090666785,0.030694982887603785,0.14978687030012286,0.0429491718309414,0.035599413947343124,0.014737616272587096,0.04131536053784616,0.018024551700093726,0.05203947884420393,0.36109259582450404,0.03787657387866965,0.04589658113668578,0.01684698944079059,0.1282195504975857,0.016810785005494624,0.01546713315293794,0.025255391434359835,0.062248378915945174,0.01861107372591306,0.03961780959289055,0.06251855704733283,0.024649794780624085,0.012613370207888231,0.03201687206231079,0.07447713007287059,0.023794397491973863,0.023690693394547487,0.02060513027000512,0.06798554023245591,0.015020755406597124,0.01293580324344656,0.04012168454433482,0.015335066099232785,0.033694292501830106,0.027380473602779117,0.011083848315626586,0.02468786564696003,0.01843968799743868,0.08553461783935018
Bulgaria,0.030335633706364534,0.04729638982018651,0.06780149564462917,0.02202208594808145,0.016288738674444678,0.020082301988402246,0.02173114203043868,0.04332481511669629,0.021047813037075782,1.0,0.019056941637733894,0.019211126377152533,0.01763778828989568,0.03870756794715737,0.02022176101525841,0.36419711786473724,0.04563197730893478,0.040323829290497784,0.06306773782116933,0.025698061660770335,0.06467685418231375,0.0460434662595218,0.052413277435041074,0.08021737177843413,0.02196449175877274,0.018399418850016697,0.16246634942023983,0.018640366037754447,0.029624746901690233,0.13384054942246315,0.019910553257656075,0.02499090663352633,0.01820764125257608,0.043092848716297906,0.07499592835440248,0.038075581879092074,0.018791398050328364,0.018219901798617363,0.12312871863341814,0.017375895803773713,0.026483542748737775,0.023972988347358407,0.01528096894379207,0.04216139829334654,0.14573711300768405,0.048504571527855325,0.04393884806467306,0.02263476825394979,0.03960631715912087,0.020139269996430054,0.05409005414379226,0.3546961624799883,0.044150690171868553,0.039431577736576046,0.020223920357142728,0.13020183843867722,0.019884244973076393,0.020533433787376067,0.0334374330503963,0.06151643545541773,0.023638056326654475,0.0351095899330191,0.04854933898368962,0.02656255853361919,0.017474018562510085,0.03624052267072874,0.077151841737719,0.02339562212523458,0.024082271944622185,0.022871923815550685,0.07540965288011094,0.020094722617075733,0.01899222468251278,0.046080479817372184,0.015955716863924385,0.03326821249612085,0.026143886893533624,0.017030071305694828,0.027066136477198254,0.017898358917949487,0.0847587000870902
Cambodia,0.02807406900603803,0.051440810214390745,0.0717463134772885,0.01620766537341073,0.01163819454552742,0.019360994694753407,0.01502656039473047,0.03830328702334128,0.011737518274143328,0.019056941637733894,1.0,0.007335873200961857,0.012253955272441379,0.04417577059293843,0.010327110777411289,0.36437392526548096,0.04249623060782826,0.030457823846164436,0.05116173128168892,0.02298664799900354,0.06562232811038081,0.046183523149147615,0.051787501330261825,0.07849719489400879,0.009709657447433065,0.008850076295429913,0.16299497738839988,0.011196097138299351,0.022983836509596456,0.13194160995087026,0.012199036367256921,0.017992165587259287,0.010286256762572731,0.04352983313872478,0.07290310338179921,0.03510657638943864,0.019385250185149642,0.011034540351552848,0.13169597012967996,0.013740701251558761,0.021812474943667965,0.02037856746828567,0.01306257275482292,0.03425601190026839,0.14873368204090717,0.04034798477682648,0.033987116172422456,0.015746091242507594,0.04014500783877648,0.013020161929404977,0.05391225439423755,0.35909647924119636,0.03559707922761302,0.04152123785981954,0.012580546327126301,0.12916511063576264,0.015942522842405698,0.009691278660591425,0.02945286757866576,0.06265265613700712,0.023203342787712897,0.03879448917215333,0.0571743104165946,0.018251674359230172,0.009389971038270885,0.02973683062763561,0.07411415728238901,0.019008517829094067,0.01921318763081404,0.016236972098292928,0.06890841629553558,0.011908686310719778,0.010386393773762291,0.04562798198426906,0.016590094336151898,0.029590775046145063,0.022046968421164614,0.009302032883893389,0.027538470475275842,0.013306615245495456,0.0891809788979896
Cameroon,0.02737140936923128,0.051101745003147354,0.07160160102447555,0.016489975797496618,0.01265419244420941,0.01958010037438172,0.016699898841043694,0.038368538771131576,0.012510512855660828,0.019211126377152533,0.007335873200961857,1.0,0.013471801601196938,0.04516983670764407,0.010448600171254496,0.3644229873665849,0.04655369987673583,0.03127700741423939,0.05118886075715381,0.02051275335792753,0.06757565743335758,0.04892012498786724,0.050289793483437394,0.07843863930183853,0.010451331021554178,0.009860419068579783,0.16333063196508965,0.011315030318349026,0.022800228093296643,0.1315542321105598,0.012096782264710611,0.019469024286407274,0.010492608398719312,0.04400627136941325,0.07296887266487546,0.03415942251850204,0.019374501772021182,0.010532288627910433,0.13172542837795448,0.014041096011986788,0.021754147536106588,0.020402091923878058,0.013036326348568533,0.03492088110275858,0.14763380104266735,0.041075478461510925,0.03740555341105376,0.015967032395830166,0.040255075124131914,0.013394010311492103,0.054212256546759444,0.35828827495219245,0.03500117894786023,0.041888716019151936,0.012894234421280293,0.13368236103497588,0.015784315226810567,0.004794364054458084,0.03137950060592904,0.05986262663885881,0.02421377637917958,0.04038723317885292,0.05709886981883274,0.016661446387020613,0.00926515451209567,0.03070115691938471,0.07416459936315062,0.01813349554984433,0.01950263130551958,0.016287022512512107,0.06833226543217372,0.011606444877925413,0.01011501679035126,0.04546480453806575,0.016351826604660794,0.02825421004647229,0.021789161781908623,0.009198402799638062,0.025668028259991718,0.014024400548217134,0.08979585713767267
Canada,0.03026028089543166,0.05564252558570864,0.07204074976951141,0.01613934589831547,0.007081907735680161,0.017188776711516522,0.013162780986311335,0.039112412131417154,0.016233108622292446,0.01763778828989568,0.012253955272441379,0.013471801601196938,1.0,0.04082513104153292,0.008666659378384935,0.36399899091580495,0.04722892040637585,0.03477542469047435,0.05212102091811745,0.02151540516161177,0.06601051673894928,0.048504544525611475,0.04938227553709735,0.07962319067166075,0.010360172957014907,0.0093810448900391,0.1601364058709338,0.009407770748315034,0.02600997554318919,0.13025893818982637,0.008845533555193312,0.011657635552737789,0.006797450798907584,0.04509755949707184,0.0710951752347964,0.03115863192499971,0.014051722963599968,0.0068429279086109724,0.12842062641044152,0.013019348089490882,0.02410945240097571,0.014545401064722376,0.009603914018653228,0.03584966677770204,0.14890109382132136,0.04152719859435683,0.03369217078061244,0.01957744900398515,0.03712639324142715,0.007025312220639728,0.05346993518108745,0.356475079735162,0.03650308305546503,0.03693294003006965,0.00565455187861166,0.13180905751860664,0.013396727985755624,0.01579076981912029,0.035222839672886835,0.05959978599072228,0.021921609060423737,0.03134380387691626,0.05258136968404739,0.0201223821020039,0.006943187342513677,0.026583684305415297,0.07443192420483134,0.01793362718288336,0.013890983649698695,0.014386758973887475,0.072880942562246,0.008839390945054539,0.00781640994604981,0.04846372599155074,0.015323116474265165,0.0322856218741275,0.017750423487089665,0.007422368950217667,0.02548750254994047,0.005002644830487243,0.09145601495157321
Chile,0.05358269638343507,0.06975596355621975,0.06699675338913207,0.046399086734574053,0.04122332494856603,0.04249354550612884,0.04434827798840097,0.0702607620506825,0.048742901354111814,0.03870756794715737,0.04417577059293843,0.04516983670764407,0.04082513104153292,1.0,0.04363965307320172,0.3642660099529363,0.06231569852417255,0.05586797721970177,0.06851442439470917,0.04553506917957031,0.056266877367050876,0.058786170960794915,0.05686318145087148,0.08429704760155775,0.045626318895067984,0.0413647473198394,0.16612804118892574,0.041928257266248506,0.05256577807643903,0.15701775674873655,0.04501732707637734,0.042835069293647825,0.04146408986264099,0.06403712650220669,0.07872022077295397,0.04357136188649469,0.04097859188090578,0.04104711904189435,0.12887536223317117,0.04154966759737924,0.04746616061225964,0.04072892176170097,0.0422522732136653,0.064191342796726,0.15377388252593502,0.054158607974724673,0.057680552301288816,0.04543868269200839,0.06188591206592278,0.039473191017968784,0.06236025789059737,0.3445164203841945,0.06467750137019133,0.03616820135590351,0.04104350619392111,0.13628213460285754,0.04366251956309908,0.04549071896832962,0.059435068294370556,0.07103216391866726,0.0473067296924314,0.03816769354386504,0.046442069424349385,0.046224496303198456,0.041425178710561505,0.05300993650478406,0.07681007910645964,0.044368130000880746,0.04102359228459342,0.0426554660617905,0.08017853965490371,0.041331767442111325,0.04234603517579843,0.061496614154817435,0.043894602880993124,0.050466351342610176,0.039060250173636624,0.04262044501970282,0.05211053833631751,0.03764724496616021,0.0860894727066037
China,0.027889427282666843,0.05211619486294871,0.06986515433446057,0.015108518220486115,0.009483424563316694,0.018665338187490207,0.013024227118614519,0.034520477006469576,0.011785180439997739,0.02022176101525841,0.010327110777411289,0.010448600171254496,0.008666659378384935,0.04363965307320172,1.0,0.3644875805298467,0.047077918137494186,0.03274731005672663,0.049987403040566654,0.018665425215799853,0.06725406747931197,0.04755980592111855,0.04938900713230291,0.08132675805514235,0.004233603963892144,0.006073247436766312,0.16231830548655837,0.0039318989786343555,0.020964386084186198,0.13016974991135036,0.009143274256510006,0.01033658586624066,0.0036945497445345283,0.04312982772174056,0.07154080468255991,0.03421269870277261,0.01826100804773038,0.005457570358012549,0.12957420744166415,0.013248320133777731,0.020251000670935115,0.01670069274959202,0.010602901037766196,0.033658493220926754,0.14901381685366535,0.040461935942365135,0.034016146591267844,0.01701114010178227,0.03766283382554886,0.007800219820770165,0.051944694834494015,0.3592421736342068,0.03671438298189245,0.041067956017614426,0.006325581161638049,0.13239181577816003,0.014092107764477065,0.013886908051886342,0.03272208645982667,0.05911213845680736,0.019082308256110216,0.033366052330711334,0.05536648985435631,0.019260182366911578,0.004451670509635861,0.029446832279864322,0.0726891432787684,0.018165169382376105,0.016086236566583544,0.014577696024245397,0.07067680080803566,0.0072327130306550245,0.0033880663917243634,0.04582692887206472,0.015815749552704282,0.03058045085257725,0.019978380908618743,0.003918011738293075,0.023378033971782872,0.009754140163140622,0.08695534282837371
Colombia,0.37061960976975833,0.3694545887963623,0.3684503390305236,0.3529894932840311,0.36389089748551157,0.3612264648415328,0.3673740283496379,0.3778449023989009,0.36232403236302496,0.36419711786473724,0.36437392526548096,0.3644229873665849,0.36399899091580495,0.3642660099529363,0.3644875805298467,1.0,0.38291260661127535,0.38141493478402066,0.3683888254411946,0.3662679731053685,0.3564456174207747,0.3571072435759617,0.3869587345036825,0.37122200858996796,0.365043129994676,0.3629610839333137,0.4055019520187026,0.3641579423833253,0.36653715841056134,0.3825037065169323,0.3640784476680196,0.3645261303708685,0.36419645013565,0.35470110259622295,0.3004836986289383,0.36378641954687596,0.3635019800589934,0.36518049202733277,0.43891292485010763,0.36352209001182806,0.3664258151309669,0.3673406758864359,0.3637609244289306,0.3665068958855939,0.3880116768831983,0.3688529181280788,0.3474948009561372,0.3655401941096372,0.36636033453233235,0.3639839079741585,0.36570206664942023,0.5098791410844067,0.3654085387693006,0.36432650398360417,0.3650595102510216,0.3110910181240431,0.36291679352226647,0.3643674446595161,0.36781933297465313,0.368783142946511,0.36483333214247904,0.362982099318347,0.37220328181416107,0.36584715108118754,0.3641451149016886,0.36746434705850556,0.37105836492594274,0.36384780369946534,0.363759631275189,0.3652083131447771,0.372836684390035,0.3652219412127539,0.3645972993560431,0.36893473842193186,0.36440445076148964,0.36151558134571427,0.3683943523958726,0.36426089020760044,0.362719466682266,0.3630944434381356,0.3833202062839284
Costa Rica,0.05156943789736706,0.0537543834155776,0.07792650083507974,0.049299181753274586,0.04597504904111617,0.049061007794940166,0.04311061737335068,0.054688885209127645,0.04547339446960387,0.04563197730893478,0.04249623060782826,0.04655369987673583,0.04722892040637585,0.06231569852417255,0.047077918137494186,0.38291260661127535,1.0,0.03832430815891737,0.06876327777543097,0.05128341538186778,0.07585496047236664,0.056660458744914086,0.06857692753318127,0.09005385371898711,0.04615937253764532,0.04697594652098363,0.16994321627413977,0.047547970628609916,0.050698356956819256,0.13772594361047036,0.0471879281441134,0.049765656672508256,0.047015650589766186,0.0575253139384498,0.1003777014573398,0.06538882607905508,0.04662033015924015,0.04763317762166219,0.12128995002854263,0.04465958662477829,0.0443194895615219,0.05255937672632326,0.04748578894770021,0.05365570795318583,0.15613367366061923,0.06301645884114032,0.0537812879775177,0.045312390792253396,0.05555777632596504,0.04825990961631722,0.07348658157145611,0.3537585796633975,0.0662853352570808,0.05789452240081926,0.04882681810730304,0.1232869338070104,0.0469506256200182,0.047396792017087006,0.05186559576030722,0.07284968144645972,0.04982362953229813,0.05798766724778079,0.07679237209296774,0.049168899802685864,0.04694274029413453,0.05908850231287661,0.0871983923893223,0.04892512834823245,0.05230753666412068,0.046575559260316146,0.0840655607890558,0.04705396581972378,0.04687353061026994,0.06336202689895203,0.045948804222044365,0.05658898196255936,0.052468821407228805,0.04672759279358115,0.057874553629224564,0.047798918183400714,0.09084072908220578
Croatia,0.03960331990547372,0.06176122714448087,0.08301654075664527,0.03913778371940764,0.03386351230145475,0.041053322976466,0.034021415177164324,0.046702250675007474,0.03544157715703546,0.040323829290497784,0.030457823846164436,0.03127700741423939,0.03477542469047435,0.05586797721970177,0.03274731005672663,0.38141493478402066,0.03832430815891737,1.0,0.05275988972512196,0.037325691790793335,0.06590706088452868,0.05807453157364526,0.05755065984870603,0.08557765242968729,0.0317218729061025,0.03327605793665574,0.15946860514470085,0.03436961749803948,0.03691366748278084,0.1335683538054284,0.03364543513461075,0.035617496551798966,0.03330385694911519,0.05980563869658173,0.09271604525956478,0.04410052012706158,0.03794554658162138,0.032678837355948315,0.12888237924444956,0.03575636515926839,0.036870210408555724,0.03548456006482035,0.03563600820008717,0.04256046901512932,0.1538823451364109,0.04517597157834732,0.04661893101669563,0.035832970131708664,0.04301143848927612,0.03469119893342885,0.06865306057913591,0.36186019128404434,0.04668485734753582,0.05348408417654323,0.03415207762782419,0.14193249517669654,0.034236744186903534,0.03212095253927571,0.04877157231386737,0.05597867048601896,0.041943499772738174,0.05379920026247315,0.0658757233040723,0.03321336093973416,0.033076567456951804,0.05216608035521069,0.07782230408357793,0.03623737844900158,0.03711812151569494,0.03357981830719792,0.07141631062170754,0.03215255545309811,0.031729477155712935,0.05512673573230507,0.03534875892312778,0.03361039330920758,0.03698600323785986,0.033346916505522774,0.04369662232490156,0.035306474619745114,0.09703863525760818
Czech Republic,0.05706952144475079,0.07999549651941375,0.08403842892079756,0.055547162531339095,0.051055277114075225,0.05437375815080658,0.05520474711948143,0.06590789561402635,0.05453612165632001,0.06306773782116933,0.05116173128168892,0.05118886075715381,0.05212102091811745,0.06851442439470917,0.049987403040566654,0.3683888254411946,0.06876327777543097,0.05275988972512196,1.0,0.05279218734187241,0.08741219922314038,0.061671521171789666,0.06934513929581065,0.09444054824970072,0.04797875246652244,0.05075972988886411,0.17502831536548472,0.050994687428803843,0.05503730732587332,0.1351971143099544,0.05082783774285284,0.047079635068336276,0.05012433850601041,0.06633579842787242,0.08315104918694163,0.05173525636293572,0.052750386276025726,0.04989485840870596,0.14513826891002962,0.05195387601130969,0.05047097519927912,0.04820124999474166,0.05137722733098113,0.06577486422011673,0.15712998019814778,0.04937738341472723,0.05697774938997704,0.04700077283492933,0.06395320352119167,0.0502202219589494,0.07688616943354191,0.36331132865512883,0.05587645870360346,0.06340314185825328,0.04944442488884434,0.14933191891278702,0.05337863642450615,0.05192778411798634,0.06619947852314155,0.07829116757853756,0.05426529615297793,0.05770366363287967,0.07521924849993158,0.0524585592934994,0.0502872051741096,0.05523510070402852,0.08486899620897477,0.04770161519822645,0.0524606234820523,0.04446525978939326,0.092550311513959,0.0503373700736838,0.049775425729877844,0.06675760038989786,0.055756463624923626,0.05845147191508905,0.05377080042267758,0.052123413100555696,0.05713758295452138,0.05155365893827522,0.10991993589345164
Denmark,0.03206683166010912,0.04886243304001716,0.061705034535925934,0.022469453696245607,0.023507669429022555,0.025008573018725836,0.024219938821000007,0.03448699983963068,0.01818385799211102,0.025698061660770335,0.02298664799900354,0.02051275335792753,0.02151540516161177,0.04553506917957031,0.018665425215799853,0.3662679731053685,0.05128341538186778,0.037325691790793335,0.05279218734187241,1.0,0.07286367381698848,0.056089554328957444,0.04654872565310408,0.08236540940843566,0.018158216595298263,0.020288853299126983,0.1646045818496414,0.01801327524328882,0.02299571055274814,0.13795844148952263,0.022806889490734596,0.02098754348476404,0.01837546368808852,0.0486523490799656,0.07386173030650016,0.03635007202371301,0.028730020776375983,0.019861425286953397,0.12427689771967254,0.019587256590276582,0.0197583683008898,0.026197522300031768,0.022748140081788323,0.035737617594784284,0.14609417680108117,0.04210235496824447,0.045443620390282755,0.016352576135672713,0.04121710039030187,0.022821581851499365,0.0559039744608654,0.35610626626855335,0.04063588124402516,0.04420652886782219,0.021538221565849985,0.1369192621855292,0.022368349904428764,0.023127547003130224,0.03280332126334621,0.0561853792075347,0.02101502810242467,0.03511980535223059,0.05924828729548995,0.027036084864152068,0.01827450230661073,0.036847835586728855,0.0713540032347641,0.02408445952597034,0.02703089002603102,0.023615396415832234,0.06368965480119125,0.018690887005796387,0.018253998503192186,0.03613624179590556,0.018298620097031742,0.035358599256886586,0.029879997548365064,0.017977363705883976,0.025769531058226602,0.022561705757733447,0.0828107208026311
Ecuador,0.07569943985795546,0.09165875555209546,0.10008354453123283,0.06840354322738196,0.06528995180435485,0.06296187690952126,0.0658247472686317,0.08501352680238966,0.07182042490471004,0.06467685418231375,0.06562232811038081,0.06757565743335758,0.06601051673894928,0.056266877367050876,0.06725406747931197,0.3564456174207747,0.07585496047236664,0.06590706088452868,0.08741219922314038,0.07286367381698848,1.0,0.07883469737383858,0.0899092117576069,0.08177049597865957,0.06857434481089256,0.0650099346758024,0.1628321983033691,0.06589920063540011,0.07548535229314367,0.15547117763916532,0.0677649875448036,0.06652452710184413,0.06600711258263846,0.08073639669630629,0.09536182488197016,0.06561088890350522,0.06597402555116608,0.06460818664699382,0.15575991723724353,0.06320850402798166,0.07524953048949373,0.061681166764453704,0.06739430172716526,0.07915251060740855,0.14609731091187508,0.0813469505533073,0.07014334300208985,0.07272546223337598,0.0664899320190359,0.06510681543614577,0.0839685058452767,0.3424194254437024,0.07555924956921478,0.06326670675920712,0.06624873274271817,0.13749683378905422,0.06866831305879398,0.06793683634515439,0.08048296889080142,0.06915743216559607,0.07009950708617821,0.06774254057435766,0.067039074497327,0.06759208374966372,0.06570092148413793,0.08434366823742863,0.08550943146636948,0.06229654347958798,0.06394902223319987,0.0658167486822118,0.09127136958751776,0.06452072388994716,0.06549853399992016,0.08117888942487125,0.06668221338544249,0.05442222958917402,0.06680161218929,0.06643032060743065,0.07331175453340869,0.06437160682337872,0.10448726381935865
"Egypt, Arab Rep.",0.043548269545986784,0.06479107294451811,0.08190448529897452,0.048193242043717006,0.04352331913037062,0.05247581909985694,0.051966274414580814,0.06538683292800927,0.04857146760279436,0.0460434662595218,0.046183523149147615,0.04892012498786724,0.048504544525611475,0.058786170960794915,0.04755980592111855,0.3571072435759617,0.056660458744914086,0.05807453157364526,0.061671521171789666,0.056089554328957444,0.07883469737383858,1.0,0.07610788391294965,0.106975884583036,0.04790769356992135,0.047086541712671286,0.1765549663900883,0.0478366371769806,0.048939177629871544,0.1374996568148521,0.049672444426634585,0.048986818458950046,0.047771336960152136,0.04868902195516426,0.07811387526061085,0.05795664365969818,0.04699108927620963,0.04826991787275319,0.12537513471958037,0.05106813154919997,0.04769873536090994,0.05140614453339924,0.043338387085153064,0.06601647805950679,0.16606363340659036,0.05697893386550244,0.05551894209190554,0.04750280209444135,0.0631093046525392,0.04834724031055567,0.06643998969127246,0.37046567128530605,0.07152286446162422,0.06245162443235035,0.0482060482781976,0.1199765341937295,0.05120947886658235,0.04980906310683498,0.05404923214319062,0.08682396460070695,0.046587871849574705,0.05272134306407632,0.05850465471088969,0.0519852649740712,0.04762123294831159,0.06149149094756643,0.08233265002668298,0.05240033333471983,0.04989132145096706,0.04850083111988633,0.1026166405373056,0.05107320738911472,0.04780956077010645,0.06298928659468142,0.047897475709685396,0.05454081860745549,0.05169715737486358,0.048049791144208716,0.05210856868743291,0.04782399703045997,0.09051697282511383
El Salvador,0.06326826918702724,0.07021022935196038,0.07244675400550064,0.05368733346925975,0.051136879786442,0.056812513958748354,0.05155069966095117,0.05596255941767113,0.05059451981009676,0.052413277435041074,0.051787501330261825,0.050289793483437394,0.04938227553709735,0.05686318145087148,0.04938900713230291,0.3869587345036825,0.06857692753318127,0.05755065984870603,0.06934513929581065,0.04654872565310408,0.0899092117576069,0.07610788391294965,1.0,0.09729976160149995,0.05094736988026259,0.05015484343343943,0.17322376487579078,0.048499358042934815,0.05581321733338317,0.1515218308250199,0.052043061662935396,0.04986608602234749,0.04889872835539836,0.059695649693126435,0.0976993199106904,0.04886521529625809,0.05543395537021419,0.04927741547946049,0.1288564765519407,0.05217921295383221,0.049152971114512424,0.05113143198943438,0.051236077361060194,0.07116019773154147,0.16652417736147454,0.05562696481029137,0.0692155607106036,0.04934433345786907,0.06463633732494779,0.049936687612682384,0.0648660782439027,0.35379637463222746,0.06739331498892877,0.05840497800628523,0.04927203048904495,0.15414749284972304,0.052196669434054446,0.048964838522729495,0.05898639501034414,0.07333282094088671,0.052791051306591015,0.06374326245090486,0.07383067518616981,0.055435188482757525,0.04918637460450488,0.05500912533502366,0.07403315465435857,0.054341486734790265,0.04537330392749168,0.049703344381676055,0.07767749636890085,0.04706159026039628,0.049331221261770496,0.054664424494757426,0.049463166105606506,0.06303806628520331,0.04851534683760495,0.049219408342550564,0.06316057584394646,0.04942852074790434,0.09503129949776058
Estonia,0.09031796249126231,0.09904688978446693,0.11264900292599131,0.08146798673317837,0.08046319107587456,0.06698447683571843,0.07537685375420909,0.0897288654536307,0.08268116201787029,0.08021737177843413,0.07849719489400879,0.07843863930183853,0.07962319067166075,0.08429704760155775,0.08132675805514235,0.37122200858996796,0.09005385371898711,0.08557765242968729,0.09444054824970072,0.08236540940843566,0.08177049597865957,0.106975884583036,0.09729976160149995,1.0,0.0810075768525208,0.08003265911638976,0.17408122992937278,0.08094671835883521,0.08812658663450765,0.1722962960682326,0.07986372974495694,0.08293641571969133,0.07944866682609959,0.09894501699969015,0.10876918585651542,0.0815435763047085,0.08263311103909791,0.07859369952084652,0.165322407976921,0.07336330897949338,0.09118552166164295,0.07877365669160855,0.08155011247144961,0.08324019154771653,0.09789546263530326,0.09533021909127048,0.0886009628935443,0.0816602415996208,0.08859172929443494,0.07983531515600595,0.10119856888013379,0.3415134799071028,0.0793302249228975,0.08231198355768414,0.08079613321405349,0.1514144552211127,0.08229112542760918,0.07765023517049449,0.09005325144989322,0.0876060001976521,0.0851236533863292,0.08618618069943389,0.09160113584497298,0.07886290299054087,0.07860800867336033,0.08213241727822804,0.09041882085805367,0.06804855964899177,0.07787263114290932,0.07681182735368841,0.09379791470539203,0.07736626813263887,0.0803031668382886,0.09242423125877422,0.07921577555109392,0.08270556608476405,0.08160037089746977,0.07979255385293516,0.08277722667507352,0.0793427124639998,0.12312244845222847
