Country Name,Albania,Angola,Australia,Azerbaijan,Bangladesh,Belarus,Belgium,Bolivia,Brazil,Bulgaria,Cambodia,Cameroon,Canada,Chile,China,Colombia,Costa Rica,Croatia,Czech Republic,Denmark,Ecuador,"Egypt, Arab Rep.",El Salvador,Estonia,Finland,France,Georgia,Germany,Ghana,Guatemala,Honduras,Hungary,India,Indonesia,Israel,Italy,Jamaica,Japan,Jordan,Kazakhstan,Kenya,"Korea, Rep.",Kyrgyz Republic,Latvia,Lithuania,Malaysia,Mexico,Mongolia,Morocco,Nepal,Netherlands,New Zealand,Nigeria,North Macedonia,Norway,Oman,Pakistan,Panama,Paraguay,Peru,Philippines,Poland,Portugal,Romania,Russian Federation,Saudi Arabia,Senegal,Slovak Republic,South Africa,Spain,Sri Lanka,Sweden,Switzerland,Tanzania,Thailand,Tunisia,Turkey,Ukraine,United Kingdom,United States,Uruguay
Albania,1.0,0.0204853824980234,0.011568611775718699,0.01766202506020458,0.024403588498071453,0.008124639347305732,0.015356931078307956,0.012595000634073593,0.008997140719300198,0.011230364466830884,0.029550796341488886,0.009492656484409232,0.009695019349679278,0.008527140350552565,0.006330624683391496,0.011847153149272763,0.012568844354363659,0.010737856581649713,0.014340025047925845,0.014716498090530095,0.02118190364848947,0.018312652532883014,0.017981231316302818,0.010577930126373787,0.018252786987095194,0.014890747247548177,0.02206542590821369,0.0176991113916045,0.04860991633831685,0.007859571701859384,0.016107970976604276,0.014850195695822901,0.00608071429154831,0.008758946451887526,0.010585956930264796,0.01285399436350198,0.019106085125957174,0.01796209596037892,0.012352364793341924,0.008471317988564426,0.01851728320108326,0.01668114554940288,0.037707056585298306,0.012705021482031661,0.00911468782512023,0.01390270802855264,0.010682553340192996,0.028182719456756548,0.016482298739159844,0.01998819677504478,0.00989998422977959,0.012300629392046857,0.02110176600222247,0.02580671710351523,0.010965896193555352,0.014473643557972546,0.012342786072165953,0.047055991090619365,0.014520034623944977,0.010677919121885274,0.013204870926648356,0.015954879996870723,0.01866496021212912,0.01078569455990229,0.01571406473615015,0.014370221287867557,0.017422306051831524,0.009372299498795068,0.014522482558719045,0.021498855856823533,0.010127242302675657,0.01242994947418848,0.012646351567999292,0.023758018343854773,0.007698797385900384,0.013071247070313525,0.02443701579116249,0.021330357267016167,0.014641382870930225,0.010794242207667658,0.013532909112560854
Angola,0.0204853824980234,1.0,0.024492078832663758,0.029701903413184103,0.03669319921132873,0.020634654679361233,0.017289522379026274,0.02772907044653375,0.015331646868466456,0.02273899794114136,0.038263103388055345,0.019197801597301483,0.014704314274024253,0.02017314440714949,0.017701410189377355,0.026754440433560338,0.015498317536224488,0.018716302862496932,0.02290113637083705,0.01879967886868259,0.0336421929631437,0.0312664733831971,0.024043382067615818,0.01851042179229198,0.01600010618585747,0.019167291665956383,0.027533258709841912,0.024284964758234943,0.05354905345071009,0.01864570763486073,0.02203227234294631,0.02168853008300976,0.021601150999413787,0.01658654113608963,0.01738046033173406,0.01866170315706173,0.02120406729679039,0.022545716160024442,0.027583996111917503,0.018032276336527864,0.033635067006880695,0.025811790455631256,0.043869853416528354,0.01720506007886284,0.018801440719188274,0.017426212894306927,0.017670400965879417,0.041050440503637195,0.024817978812335093,0.015600223304769536,0.014737162094684985,0.01950125530987369,0.015042589130214529,0.03387703182306387,0.01524818483053502,0.02261174533841377,0.025439441463977294,0.05371651430197241,0.02243220558553167,0.025041468873152492,0.01965943768219538,0.026908390952344218,0.0201747455958881,0.024216098919076036,0.02139543978127549,0.01813829142701987,0.024594237501370225,0.02053586602095635,0.020230563921364027,0.017621225478916123,0.02131696646541327,0.016724118139256075,0.0208299688791926,0.03483420065320721,0.02177114431840856,0.0244057475017801,0.031035264179577114,0.016113892541609963,0.017937379762952593,0.01629190656629528,0.02367545782318134
Australia,0.011568611775718699,0.024492078832663758,1.0,0.01858876631484795,0.01654793601602083,0.006929836700723061,0.018663866381329747,0.005506638493057736,0.015247105000968441,0.006865139980464212,0.02581834471661378,0.01108359867135867,0.014106167713741449,0.015606187537046038,0.008957452206385524,0.006639081420098612,0.017048050380131897,0.01450518622638443,0.008875146179489075,0.01612855618322672,0.012643457622749696,0.009763704411672167,0.011803854897561954,0.009970702742380762,0.026037061664026733,0.016765249160706704,0.024884561289025067,0.010401219589404154,0.03912669159536075,0.0163022322677466,0.013851585717528809,0.013044553970982838,0.006704782036396142,0.01229834768202487,0.011541393123393346,0.014304266459862547,0.02185580998274779,0.017031140535555964,0.0086638157761666,0.01114034926517949,0.012615111475928599,0.010220249573477242,0.02984194352849757,0.013233314862803519,0.010591216362565416,0.019821939904807517,0.007323077044654766,0.027376777203971248,0.010444690851068214,0.02483449371780912,0.014216053770863149,0.014926219264742135,0.01995927331290459,0.018465951198355868,0.011492788643870135,0.010838456238179273,0.006873397131254019,0.03842718180164337,0.017672881667977827,0.010748917345875155,0.01373553151934243,0.007978736570198215,0.02027128350714831,0.009870855814281211,0.013971284511360281,0.015791077429757612,0.014404498737706585,0.010518416805980872,0.014805900568370233,0.029503029787048583,0.0077243650866691636,0.015529478102616116,0.010258393024659352,0.01540843392715468,0.006897889705081542,0.008663492761553685,0.014955132703123496,0.02889515378219631,0.01645463131437835,0.014637017596633524,0.010991810154811852
Azerbaijan,0.01766202506020458,0.029701903413184103,0.01858876631484795,1.0,0.028332051423466044,0.01527067376839455,0.03151530569582985,0.015728529151356856,0.0236719244092121,0.02216617480464551,0.0400529941011178,0.024275319414015728,0.02409642720144027,0.017407223116649162,0.019975413866456695,0.016519635011539902,0.027525320781090823,0.027546530973616198,0.02605556197667238,0.029917301189753675,0.018759462022442167,0.021862322562604262,0.02954885077245259,0.02371009436986814,0.031214881305020425,0.03112275820674613,0.038090341509939056,0.02803810393203694,0.05611302392972378,0.02016390107750327,0.030362426958933576,0.028940853190600517,0.016608706517561685,0.0223455230703687,0.02538897289467079,0.02809340867247405,0.035499794550697766,0.03300774494357462,0.016047468205688437,0.017806377854252098,0.016699643935504827,0.027523027332544546,0.040900179399501,0.027223000781199786,0.02267482887702275,0.029679428438992746,0.021540289199397124,0.023438543130358182,0.027956459595392898,0.034498676410309605,0.024684722269437017,0.028562561056813485,0.028921156787651305,0.03519710581913775,0.016626404994620418,0.015476003298942595,0.017066045056949995,0.04892153488959189,0.031156800558703828,0.009660333678490523,0.028427605318251056,0.024752786453976133,0.034705646618200046,0.019399133255974203,0.0283382579377034,0.013753046562526603,0.031209916080619668,0.02177289390110051,0.02958730662918781,0.03492347842345293,0.020758959235870702,0.028101584273409048,0.02643634655788005,0.024876550931891554,0.020799658352293457,0.015330617020785602,0.03100992612043573,0.03319326668753704,0.030112695381537227,0.025905087838793302,0.02496027095038027
Bangladesh,0.024403588498071453,0.03669319921132873,0.01654793601602083,0.028332051423466044,1.0,0.019181404201794185,0.029297409515248386,0.01676893583235552,0.02867145095172008,0.01643866740028037,0.017950598080501416,0.022176653610260087,0.025513979382604374,0.02812681784025596,0.02297375177366051,0.017817236322502338,0.029502201426821445,0.02570503973213952,0.014704066216700572,0.025265508520033432,0.01618035433939145,0.012904809066685726,0.015789434314335292,0.019964408286284006,0.03751666288339002,0.02630493282168388,0.032706479475823745,0.012674577853457403,0.029926214907086014,0.03133295679331558,0.018390116580670798,0.019575206944353343,0.020235239539412846,0.025266469550041193,0.022655431343682825,0.02476567875282187,0.02999423415730396,0.02250049711725903,0.016174701534306776,0.02593030305616397,0.01268484075002228,0.012287330573731926,0.02038154255226272,0.023817148265540697,0.020652113133153894,0.031150940901952504,0.01968260412593379,0.020733221481645053,0.013361217066361957,0.03624764114465771,0.026026304259786404,0.026109191905000176,0.03046776544725421,0.009254218056333965,0.02528803954940716,0.022982072347726694,0.015608803606544782,0.023064985372581875,0.027501465019309272,0.020726198279869004,0.023397433170527282,0.01063439883346486,0.029362406307662115,0.02390825431899382,0.019440015587289007,0.027816832752519123,0.017848553824350688,0.01960150856052706,0.02362782257931426,0.041582297297099384,0.01789429185567,0.02652305566779896,0.01893066362538602,0.009402946706589027,0.01891867661492769,0.021444976676607327,0.006808834300204565,0.04007822512041636,0.026813492037470563,0.02588986344144663,0.019914241082868652
Belarus,0.008124639347305732,0.020634654679361233,0.006929836700723061,0.01527067376839455,0.019181404201794185,1.0,0.01854849926394018,0.008233899529333809,0.013050078448674037,0.010227022273659774,0.02880808066902381,0.010757992533015452,0.011180459021514134,0.012125337028380529,0.007529727458590977,0.007462781535989859,0.01606154308563018,0.013885875001242623,0.01250410145754364,0.01722122214886341,0.014732320975483593,0.012670442892845716,0.0162510396804524,0.010539620010379553,0.022274344779987326,0.01769112721696119,0.025411972741673804,0.015013640046688086,0.04392891941572549,0.01369693083266765,0.017758732517154256,0.015281700733649357,0.005449941831527661,0.00979407265968535,0.01178026260043719,0.015535041209507525,0.022267388222059866,0.019812649081212632,0.009021366838470983,0.00981162151275678,0.014385615829170785,0.013842532052545414,0.03430911237264999,0.014667606335288914,0.009024053391996512,0.017447327191512773,0.009061309198335567,0.026702195243171356,0.014114598126144478,0.023493277352558982,0.012457130425143535,0.014675050739066539,0.02059471535385274,0.022214285593165607,0.00752763438886888,0.008996793414215982,0.005925696327454911,0.04122943588584422,0.017767776009375996,0.009016566548850876,0.015346221510660583,0.01129636790262365,0.02177098743145847,0.011868273395855446,0.015050506386924983,0.010370558311682819,0.017625185331919455,0.009364714527572001,0.01668252776465145,0.02570413328520417,0.007105009156272439,0.015263610790419688,0.01336000553433943,0.019353288805601263,0.008240350040918006,0.009479729339595091,0.01871910614885584,0.025597955059349423,0.017034133199101333,0.0127559910250134,0.012237369327247612
Belgium,0.015356931078307956,0.017289522379026274,0.018663866381329747,0.03151530569582985,0.029297409515248386,0.01854849926394018,1.0,0.022698916197869363,0.01206314459500358,0.017757521920476728,0.02955337460260616,0.008853360028756788,0.009200813354769586,0.01660714869924683,0.01191274600173063,0.021411271183789556,0.00643364601557983,0.006087401790604172,0.01476085997835504,0.007968243340428487,0.02914156907422197,0.02509186821090525,0.014983286577266,0.012396981405502192,0.008478665444833963,0.0037654370177595056,0.014323450874862791,0.017585401720236305,0.04850036959358275,0.015033785923939504,0.011054612724422408,0.01017707840477497,0.01809697584004807,0.009731664600325911,0.008006052295368224,0.006158671970847648,0.00921731470393493,0.00900262244627468,0.024244598320318257,0.015064638341629718,0.02994381668948779,0.018163724435121015,0.036750894699681,0.006836603385326691,0.014577928035134339,0.005729431175246206,0.012855473708490337,0.036796899973491955,0.01754801908407585,0.008141384324409445,0.007166001464410311,0.006054887067371825,0.018124562570252644,0.026449588247490458,0.017582530131588017,0.02316401789976751,0.020848102322831172,0.047063163244927785,0.006738042761429064,0.02387932186008295,0.005954590595009939,0.020173504743971917,0.004312414195326995,0.019567816967417235,0.01056982592026103,0.025121949412450443,0.01427511817115429,0.014808635575154123,0.0066821798832109045,0.013500895130404493,0.015884698577079113,0.004784424274376447,0.010811195334315711,0.029123202031838068,0.014766372537433257,0.021755011775370318,0.025111880682231722,0.011110666288092973,0.003310054268972293,0.006374682962512988,0.01979687270347552
Bolivia,0.012595000634073593,0.02772907044653375,0.005506638493057736,0.015728529151356856,0.01676893583235552,0.008233899529333809,0.022698916197869363,1.0,0.01835835663637615,0.010266540883582243,0.02846682467916609,0.015292476087699151,0.017360002727318254,0.017812809340326342,0.012291541125997058,0.006427484598803925,0.020957920989516498,0.018371731844660646,0.01293685886518072,0.019330905480627776,0.010401275820829328,0.010336213209138185,0.014682894004607577,0.013455592445439498,0.029252842765971242,0.020489875932611534,0.02841165479978608,0.01371587873726338,0.0416192096820781,0.016853268615657207,0.017112707806942407,0.017097425135557835,0.007469715729652072,0.015217706156658899,0.015755827383512222,0.017517804240063165,0.02555165720431587,0.02069823772988,0.008500795865414476,0.012259094735052002,0.011614200345625183,0.013763124305092921,0.029104105289417585,0.016034097420138418,0.01402618095398837,0.023533847653748344,0.010355017312869298,0.028380727656927725,0.014037374944284314,0.028650113111821855,0.017521982051989016,0.019007251513772732,0.022626827666785098,0.020682526752746382,0.014203493020972568,0.010006769889582627,0.0068823848187009665,0.03902491702409359,0.021467295880498283,0.008224116451865375,0.01748023981993668,0.010804733796481603,0.023791391538354432,0.008531464244043883,0.017323364823855936,0.014759658352156087,0.01775575616479091,0.013788415629699504,0.017784630268140623,0.03260875757607689,0.010920702372286446,0.01939306748765929,0.014005276572927234,0.01506984273676559,0.009897039053093715,0.006879286696212968,0.016590926613059175,0.03244767430948923,0.020409647324361135,0.01838109899306648,0.014329128462613024
Brazil,0.008997140719300198,0.015331646868466456,0.015247105000968441,0.0236719244092121,0.02867145095172008,0.013050078448674037,0.01206314459500358,0.01835835663637615,1.0,0.014809289465954207,0.033883838100362114,0.008968492279682355,0.007652269362707608,0.010130158461753325,0.006481713602272416,0.01722399568111392,0.006630800352647434,0.008387430755592309,0.014770441280417972,0.013109083413974761,0.025462490257105484,0.02287113645257149,0.016565922384788722,0.011267919887638778,0.015009556901496909,0.012936034590012106,0.01937107861152639,0.018140687382534337,0.05072766969135312,0.00813355380675822,0.014574694262024537,0.0136859071268992,0.012583582252371207,0.00948967502780675,0.009290345242540713,0.011062384543210676,0.016084437630806817,0.0163693515528811,0.019873901153195962,0.009352204290803962,0.02474398077256859,0.017980694690725114,0.03819232281428602,0.010463408258146028,0.012203585552901321,0.009197028347867108,0.010161101045670697,0.03422653085742886,0.017530518085130325,0.01238277070929416,0.007202731272525259,0.01031497367939013,0.015724530175572543,0.02850988662732402,0.009699876924183089,0.014251968827801043,0.017310417716717187,0.05024891703665562,0.013123349236145903,0.018003491810314534,0.011458427998971005,0.01840042273507967,0.016363030483757764,0.014561991672501055,0.01517745204402592,0.014989023058925839,0.016920849255596324,0.01332037811687203,0.012988788758146722,0.015497491860633237,0.013722171594836114,0.010398841168194685,0.011939756256994949,0.028365547939806883,0.010924376778668067,0.01595958191423203,0.026440012640368087,0.01589184412596335,0.012495954886961603,0.009359485331376871,0.013912859959761185
Bulgaria,0.011230364466830884,0.02273899794114136,0.006865139980464212,0.02216617480464551,0.01643866740028037,0.010227022273659774,0.017757521920476728,0.010266540883582243,0.014809289465954207,1.0,0.02344352011678964,0.010557198433835022,0.013044496432506079,0.015636059928772986,0.008889711111763957,0.011794446317300344,0.016256447980735677,0.012949818380570051,0.0063265354729506364,0.013044120967457244,0.016513568499291503,0.013112156668563248,0.010800828590680859,0.007804672565887894,0.02388832267941967,0.015538824796891632,0.022421075294234396,0.008296867340730693,0.03863257647093659,0.016020364088033926,0.010335705746720839,0.00973154290719484,0.007518848624894374,0.01022643425230498,0.01009534413710089,0.011963218253837737,0.018886318020112133,0.012901525227480944,0.009251876489671525,0.011113747088277913,0.013299021136468032,0.009050472629169855,0.030469083409579236,0.012348090698744629,0.008959159445314358,0.018227473118491537,0.006974114821947193,0.02494691983129945,0.008783109768372889,0.02356006816895267,0.01243041611723184,0.013445529715293676,0.02312889310245368,0.017774056350704816,0.013489110774691521,0.016183925516861423,0.010515025773299264,0.038428207306291026,0.01567494675767233,0.013636501188827983,0.012414908469609116,0.007727786897172372,0.019047433933045924,0.010999190165613161,0.011757530931013699,0.019598608281710696,0.011885288809871795,0.008074491948359942,0.013665005531211825,0.027361316034522687,0.006601264512954684,0.013716130515125078,0.007925972137181787,0.01699372871393167,0.005817006799607481,0.012886685484428936,0.014954683827800973,0.026731896615453273,0.015524139644679654,0.012594902170645536,0.013305417091949049
Cambodia,0.029550796341488886,0.038263103388055345,0.02581834471661378,0.0400529941011178,0.017950598080501416,0.02880808066902381,0.02955337460260616,0.02846682467916609,0.033883838100362114,0.02344352011678964,1.0,0.02621058665433758,0.028332221341901963,0.03235635400190222,0.02893488735108265,0.028030622812786395,0.03335659973711376,0.02778511862815503,0.020033790802231766,0.02386036889948896,0.031747522110162095,0.024566211108241726,0.024713357443900557,0.02375835063265144,0.03556465481165386,0.026478196283117574,0.025376671152584504,0.018736357745638848,0.029043446423727973,0.0363779660442508,0.021533362740789506,0.020583728376217535,0.02703771868561261,0.029506275617155145,0.026596467982936238,0.025864242861784143,0.02429479878394742,0.02080697199502129,0.02537343225200517,0.031804338798657066,0.02723629577165789,0.018526785883885573,0.030939765544454982,0.029287945656360125,0.023817530727812942,0.02997549376406534,0.02570872481436611,0.026760884396943886,0.019993178504482022,0.033633025688865954,0.030478935808322595,0.0263303279248037,0.0330514385629162,0.01265659821297473,0.0328303078987366,0.03461493271193313,0.026020622805800177,0.020016534580891986,0.02756115106797744,0.030773407436459087,0.025548401955606818,0.019366730773479814,0.027677677139616164,0.031864792081772494,0.021747122080727366,0.03682654692304905,0.019570520120083635,0.023207868154829378,0.027735595731213612,0.04064454511832807,0.02350891713149499,0.028140388553276132,0.022729566925975508,0.01966030679891766,0.02442893165135282,0.03348368700440314,0.016448774227385957,0.03745108481703698,0.027064826138283687,0.026985464697548384,0.028594400132004708
Cameroon,0.009492656484409232,0.019197801597301483,0.01108359867135867,0.024275319414015728,0.022176653610260087,0.010757992533015452,0.008853360028756788,0.015292476087699151,0.008968492279682355,0.010557198433835022,0.02621058665433758,1.0,0.005815257880806579,0.013982085061852818,0.005729034857237953,0.01436141347870928,0.009502195085952849,0.005074938061813963,0.008671339854492846,0.00789848303471143,0.021624363723392385,0.017509356146612063,0.010477845606152903,0.005325649837845865,0.015370042065595821,0.007129565672045192,0.015769977528743033,0.011625810952864092,0.042473959041410485,0.01376766328526292,0.008651528574016685,0.006924833852358463,0.010018268413166938,0.007335153589452486,0.004542972069599058,0.006188057910990364,0.012656825240414386,0.010044444515434193,0.016514844643764244,0.010855439097714076,0.021603370287023686,0.01162213942679853,0.034773800731219516,0.007610401327461573,0.007483031045663477,0.00905244507466912,0.006383072148491087,0.03010444544361794,0.011066721333235252,0.014516916471027997,0.006462450063066547,0.005350768637222055,0.017963193663815526,0.020675119724566583,0.01123386136015263,0.01634556736632018,0.013191223686588862,0.041837579858565455,0.008526481223863928,0.015946022864984196,0.005220939194702161,0.013048633195494467,0.011055847712986608,0.014186343960702452,0.009680125385010363,0.018829735067948557,0.009462754364107578,0.008162594294111319,0.007556299684665167,0.01968164897810059,0.0072461655092343575,0.0063950562165952215,0.005574567442212223,0.022915664830184736,0.0072665654469852,0.015916044288591263,0.018924527160281337,0.018100770325706228,0.006858459294652167,0.004725559190854552,0.013678183619780177
Canada,0.009695019349679278,0.014704314274024253,0.014106167713741449,0.02409642720144027,0.025513979382604374,0.011180459021514134,0.009200813354769586,0.017360002727318254,0.007652269362707608,0.013044496432506079,0.028332221341901963,0.005815257880806579,1.0,0.012469276928753393,0.0063580684973214875,0.016451993632861366,0.008300471284647637,0.006541431942067418,0.010915657268272283,0.00837779374185148,0.02361680225362801,0.02090419051027292,0.012596500967068628,0.0063109493680487926,0.01253758417888978,0.009137057674053643,0.017955727733669827,0.01353977649721268,0.045216891407475084,0.012413320490498784,0.010593474266415956,0.008701529786703075,0.012011260143089657,0.006224702610465659,0.005273597516160809,0.0073987017285434735,0.01320430095388483,0.011457690199914668,0.01822691206743696,0.010579569388485404,0.02383893718014103,0.014507838914015315,0.03583570716564296,0.007947544227812974,0.007496901335328339,0.0074423420510375616,0.007859847841605178,0.031124344118166246,0.013344250134101699,0.01321836483046624,0.004731518083734422,0.006769493889839293,0.015840815765417786,0.022658692780812822,0.009733268043024376,0.015627026966235188,0.015310367099590896,0.04442115183667608,0.011463434483345563,0.0176471619702459,0.007736848562993026,0.016299688288426897,0.012857848425950731,0.01483722469572537,0.011035793623683803,0.017135457258247215,0.011638232096154966,0.009107167581781915,0.00982244995969208,0.017649502180888208,0.0101239752191575,0.006645404137942038,0.007871945835818838,0.025032187173664535,0.009525955763530972,0.015604140275862011,0.021136943889574482,0.01510905712237704,0.008469389849902878,0.004292898258711376,0.015089888279676717
Chile,0.008527140350552565,0.02017314440714949,0.015606187537046038,0.017407223116649162,0.02812681784025596,0.012125337028380529,0.01660714869924683,0.017812809340326342,0.010130158461753325,0.015636059928772986,0.03235635400190222,0.013982085061852818,0.012469276928753393,1.0,0.01009677976849929,0.016872873310844493,0.012268849819235018,0.013065892901173016,0.01746792853107667,0.017341779523741413,0.025792482787163458,0.022533924752423364,0.022456480166177302,0.014990687687449556,0.017286015753228794,0.017987791616703844,0.02346100319656536,0.020994094936939562,0.0516401033749085,0.011457364109378951,0.019525165798498837,0.017896266699055526,0.01137445273418445,0.012679764085480475,0.014293518208218241,0.015406219777182465,0.02115973268242923,0.020442450430187317,0.01808976663630454,0.010861330761451946,0.02358657964628782,0.01975662886635674,0.04091768202677897,0.015618134567366103,0.012580418447083592,0.014466504702083246,0.014573481041073042,0.02670868708147085,0.01994548407815378,0.01942574148051014,0.012177864054640322,0.015115719820558036,0.021854254110281697,0.02860029093457848,0.011765112500987947,0.016491840743565224,0.017132532712408374,0.04975607964116552,0.016935992977897774,0.014311785691350533,0.016352246750479513,0.018780932658397878,0.0209189296657126,0.0159622280257089,0.016618648428403895,0.014408687650031653,0.021697446161352954,0.011226636777165228,0.01794346477741978,0.020741246814627814,0.014126061485854312,0.01449231180659604,0.016489439677924597,0.028418091578737405,0.011887022686549231,0.016617807060452176,0.027125555979502936,0.01800136540432825,0.017474041962638635,0.013611353075961318,0.016591878636581046
China,0.006330624683391496,0.017701410189377355,0.008957452206385524,0.019975413866456695,0.02297375177366051,0.007529727458590977,0.01191274600173063,0.012291541125997058,0.006481713602272416,0.008889711111763957,0.02893488735108265,0.005729034857237953,0.0063580684973214875,0.01009677976849929,1.0,0.011113422190805708,0.009301192145674769,0.008221226826263563,0.00984023345534161,0.011308366155145463,0.019835451268585675,0.01698791435995413,0.013052939694767491,0.006593562858240237,0.01739269518625121,0.011873364892317077,0.020309598386293263,0.012735929312095797,0.045091489168817216,0.010374186641789076,0.012376353312031777,0.010400843637839404,0.006695674958187831,0.005853384759115172,0.006210177824682997,0.009574358264008093,0.017173670555478852,0.014300038796198183,0.013558116368012465,0.0066069725184092635,0.018793790479091157,0.012442106005329258,0.03410129677691443,0.00846542135989905,0.008485821105537823,0.011374373966809168,0.005501207652507522,0.02975647325918535,0.012001216114622583,0.01691629206320509,0.005887507673433635,0.009710757278630279,0.017271074506238295,0.023161961198187777,0.0081484413016996,0.01204420100383207,0.011408999623892122,0.04475682803257636,0.012682031572479897,0.012581614973071031,0.009572073047294198,0.01241671642457706,0.01584051129951326,0.009767437605077383,0.012437525534689346,0.014693193986239177,0.01357075480577001,0.008963567122610941,0.010738668345241953,0.020964654219227934,0.00786772439591659,0.009401256741003785,0.008288855967537614,0.022877027658997955,0.005027604741574674,0.010940217554264567,0.02088177589622801,0.020286138528315456,0.010983746417582556,0.007345343537085797,0.010835138694925597
Colombia,0.011847153149272763,0.026754440433560338,0.006639081420098612,0.016519635011539902,0.017817236322502338,0.007462781535989859,0.021411271183789556,0.006427484598803925,0.01722399568111392,0.011794446317300344,0.028030622812786395,0.01436141347870928,0.016451993632861366,0.016872873310844493,0.011113422190805708,1.0,0.019728218431850797,0.01736199329905613,0.01302667458794451,0.0202169417192149,0.010245730219255266,0.008703559193562038,0.016618324920954535,0.013967536602648902,0.028276216524084657,0.01965507047407299,0.029209052825820956,0.015290273843530943,0.041798554407453,0.016462895727958275,0.018379861740989475,0.01727743439260557,0.008134100345689758,0.014864829037307733,0.014172228890427576,0.018241599979340967,0.026233757970018635,0.02117064658590456,0.010140852544953905,0.013677541198597428,0.011414293356057923,0.014535020901408636,0.032829819580690006,0.016523007716413643,0.013742909650204863,0.022314748529418577,0.011376392461987671,0.028928509663636703,0.014756666480399078,0.02739770056805959,0.016447233247400515,0.01819669941761718,0.02236574448950597,0.022118145711869593,0.013521142540177139,0.007584990068953887,0.005156232541349238,0.03987527874516304,0.021156693005056793,0.009605396675124875,0.017249022770255206,0.011719200342925316,0.0234413047290271,0.011312501884422184,0.01803434909047389,0.011919688232345758,0.018624325897069204,0.013717644987361598,0.017992638964186247,0.0316684062838013,0.010671146430331142,0.019110845354202627,0.014472492855185782,0.014518487572400434,0.009695330129824606,0.00797458594555514,0.018740761040459242,0.03136093267608399,0.019508850699249444,0.017773171349924288,0.012332790601572724
Costa Rica,0.012568844354363659,0.015498317536224488,0.017048050380131897,0.027525320781090823,0.029502201426821445,0.01606154308563018,0.00643364601557983,0.020957920989516498,0.006630800352647434,0.016256447980735677,0.03335659973711376,0.009502195085952849,0.008300471284647637,0.012268849819235018,0.009301192145674769,0.019728218431850797,1.0,0.0062403109075679485,0.015383352729682477,0.010174908577366637,0.028310474721790612,0.02428271448992786,0.01643749062184143,0.013223199300443127,0.010730088329825914,0.008010018808576809,0.018351779177943034,0.019192261729026366,0.05129930511435453,0.009291565753433303,0.01307129184964652,0.012991914457917792,0.015885471749049706,0.008102059957558165,0.007790832050317404,0.007937305710571246,0.012379793266237742,0.013012360222689107,0.02228957301822371,0.01131298378242926,0.027809812679128763,0.019182353083907012,0.038034681140509806,0.006674243454339425,0.015002882938722617,0.0071018969897925326,0.012220767161953038,0.036486156473736,0.018972153312188426,0.008091148865806197,0.005247963241108593,0.007914060108585088,0.017463519412561086,0.02863496700175783,0.013978840334970216,0.018640294931605902,0.019723076118615117,0.05034649575893171,0.00985231184064116,0.021713335843268178,0.007918181506784767,0.019716107427782206,0.010655113058671001,0.017110138733484565,0.013030975536129903,0.02017640685784634,0.01669233491025944,0.014649574016401896,0.008338462640502347,0.01278083946474382,0.015193757477574739,0.0060717850264481186,0.011604521646005691,0.03066458519174739,0.01265457871616684,0.01862920997800692,0.027402150218283888,0.012424188157862632,0.007658480620213878,0.007959506760484176,0.016294053736069798
Croatia,0.010737856581649713,0.018716302862496932,0.01450518622638443,0.027546530973616198,0.02570503973213952,0.013885875001242623,0.006087401790604172,0.018371731844660646,0.008387430755592309,0.012949818380570051,0.02778511862815503,0.005074938061813963,0.006541431942067418,0.013065892901173016,0.008221226826263563,0.01736199329905613,0.0062403109075679485,1.0,0.011430355875078485,0.005887392880887878,0.025147154642187572,0.02091889478585096,0.012914362888796192,0.008901697562039483,0.012208676675554584,0.00542518757986612,0.014057379256828704,0.015204800953662945,0.04624304671625283,0.012545207744099299,0.00852207326049108,0.007642621435515115,0.013007606539016746,0.007299615628548477,0.004873183356709788,0.004072950472416784,0.009336340263115419,0.0083347449435559,0.01962590015517557,0.011752270336932807,0.024966273673748287,0.015417624531249313,0.03575974075714901,0.006783298696511176,0.010371175432979569,0.005777204258535556,0.00887252946246687,0.03305323988980332,0.01491353945808712,0.010914043467946659,0.005418955039539085,0.0037364359308374563,0.018308379685287042,0.024106828988591917,0.014206999972663741,0.019556162449189396,0.016551823121655908,0.04501502984810387,0.0061218374864592555,0.019032977402742804,0.004627652899196019,0.016288611436825296,0.00860145576102885,0.01640020228564134,0.008089662393209551,0.021802109367787204,0.012184830684408295,0.010579185427381128,0.006130324381987609,0.0158772904327665,0.010568650453698234,0.004650237740125596,0.00744184665398977,0.026760271360411123,0.009935052345438067,0.01882533186684473,0.0227278596772573,0.014821594997547106,0.005802515359587927,0.004007094047580147,0.016731371846171766
Czech Republic,0.014340025047925845,0.02290113637083705,0.008875146179489075,0.02605556197667238,0.014704066216700572,0.01250410145754364,0.01476085997835504,0.01293685886518072,0.014770441280417972,0.0063265354729506364,0.020033790802231766,0.008671339854492846,0.010915657268272283,0.01746792853107667,0.00984023345534161,0.01302667458794451,0.015383352729682477,0.011430355875078485,1.0,0.010807312870896438,0.016954735721740968,0.012572788919477905,0.007737398145191386,0.006454198340746218,0.022897922976363175,0.012260109185286422,0.01926488121105376,0.004364583498508806,0.03626486202960247,0.019651719425953045,0.007040450595945261,0.005378469216428539,0.011145442595595976,0.01138916865810781,0.00824885972853741,0.010151670571014794,0.01624621409148861,0.009327851723332973,0.011578083055547868,0.012849764415592572,0.015534818035156028,0.0048692390461925385,0.027140748977565778,0.010893036775895917,0.009168021891510544,0.01652429676895579,0.006073100980850332,0.02423849951168354,0.005298172961803698,0.021663574345838977,0.011843578192133905,0.0114945484645016,0.020831780248157235,0.014647682121984983,0.014065604266642861,0.01766554186304686,0.010604478888637086,0.035532047570987824,0.013375164759430904,0.016747086451482145,0.009009586569410913,0.005457057528447342,0.01574000296275588,0.014339616203188308,0.008191327195833214,0.021185089938302752,0.007306711577500387,0.007775034963775862,0.011403745167286369,0.027296737871227907,0.008036001932971257,0.011912285700635926,0.004465094142581139,0.015477416346887336,0.006791698437115956,0.01578839541165579,0.012075813463067409,0.025455496291753355,0.012438968873265694,0.011261075380769701,0.012584921224236321
Denmark,0.014716498090530095,0.01879967886868259,0.01612855618322672,0.029917301189753675,0.025265508520033432,0.01722122214886341,0.007968243340428487,0.019330905480627776,0.013109083413974761,0.013044120967457244,0.02386036889948896,0.00789848303471143,0.00837779374185148,0.017341779523741413,0.011308366155145463,0.0202169417192149,0.010174908577366637,0.005887392880887878,0.010807312870896438,1.0,0.024228772005857692,0.021684202798770966,0.011162884241595113,0.007260386953677306,0.013427784036466068,0.006100729968387978,0.012084763113201847,0.013273593681655553,0.0424634449612255,0.0167476532284021,0.007102279765862182,0.006100594104378113,0.015060553449434399,0.009640608906540234,0.007100634037436144,0.0031220643196716268,0.006745334214842689,0.005069447526624263,0.019226670115790843,0.014165125793926484,0.024325959009659323,0.014218943911177591,0.03450287126265738,0.00831391161702949,0.010469073389833678,0.007004648374481823,0.009545450113329992,0.03163659458979106,0.013055551420675597,0.012567026919419567,0.007318441755616868,0.0053457057060153435,0.020145677450420663,0.021706695240159866,0.017071804325641315,0.02262386275282444,0.01796301811551722,0.04106305721319128,0.007589142596727451,0.020412868025880923,0.005323439810799572,0.016072043517594028,0.00859287600166836,0.019414044403911583,0.0070560336388574875,0.024896833098564365,0.009458582755337442,0.010439948481675959,0.007739037362342864,0.018679758111977203,0.011196182575498429,0.005009734835221128,0.006545082578258333,0.024754778621430745,0.011148026563528236,0.021821113702640567,0.01976508407694644,0.015482150551995094,0.006144520542077832,0.005291653144179726,0.01994327864841211
Ecuador,0.02118190364848947,0.0336421929631437,0.012643457622749696,0.018759462022442167,0.01618035433939145,0.014732320975483593,0.02914156907422197,0.010401275820829328,0.025462490257105484,0.016513568499291503,0.031747522110162095,0.021624363723392385,0.02361680225362801,0.025792482787163458,0.019835451268585675,0.010245730219255266,0.028310474721790612,0.025147154642187572,0.016954735721740968,0.024228772005857692,1.0,0.010110006762085667,0.018512729532797024,0.01872208637406239,0.035291252878782806,0.0266365346125879,0.033607205745774596,0.01763000473225016,0.04085206823625713,0.025781561746555673,0.021663824522285685,0.021316441674050158,0.016069240688385757,0.02316020150847173,0.0219418409133745,0.023481616851234777,0.030388854999956156,0.025041706024757818,0.013047748606733644,0.021365414632319384,0.008483332202144011,0.017674638748983066,0.029295775638883532,0.022901528459814274,0.019136007389920228,0.029969409835851567,0.01682115099905746,0.025861064230203613,0.017732224397471956,0.035137327253756415,0.02432301467373161,0.024883704209420304,0.028846554430375856,0.022691759653265503,0.020080087787984743,0.012906970351036374,0.009958222870008535,0.03285737098030517,0.02769580412682554,0.013305302591360882,0.023470893088319095,0.015118401800880083,0.029996810029133184,0.017881766400140744,0.021770690820314617,0.01862240261845121,0.021875109734519473,0.018428778134363652,0.024428389102473292,0.039446561226382314,0.016766138712176602,0.025761128363252662,0.018654012961524566,0.015288082746603024,0.016573602337531107,0.01248410955978426,0.01811535446443723,0.03866904640186474,0.026808670010817416,0.024749972261884225,0.0200616286150077
"Egypt, Arab Rep.",0.018312652532883014,0.0312664733831971,0.009763704411672167,0.021862322562604262,0.012904809066685726,0.012670442892845716,0.02509186821090525,0.010336213209138185,0.02287113645257149,0.013112156668563248,0.024566211108241726,0.017509356146612063,0.02090419051027292,0.022533924752423364,0.01698791435995413,0.008703559193562038,0.02428271448992786,0.02091889478585096,0.012572788919477905,0.021684202798770966,0.010110006762085667,1.0,0.014849278250078222,0.01572878869927135,0.03287044690059516,0.022246886302795414,0.02992263221993313,0.01312855992230882,0.03492913664737578,0.02392143529782021,0.01742102320686391,0.016986889291772812,0.014134975007622246,0.020352922631182668,0.018062079079405276,0.020373888124257222,0.026907818669428613,0.020976506388312915,0.010866383499997606,0.02017071005308114,0.00989311391570156,0.012974126202109389,0.03180644104564208,0.019424718704209816,0.015991324543109833,0.02656150129131436,0.013890212128861858,0.027043553850243388,0.013119728017430055,0.03159006042356675,0.021243508237246463,0.021484219111445043,0.02565390300003906,0.01801494876170923,0.018869598530753397,0.014815093153641799,0.008228919593612606,0.03256084938842265,0.023222671775968994,0.013646860203005646,0.019217349892525777,0.009419139952579378,0.02558632906492269,0.01814522701603874,0.018087194360582533,0.01963403339459793,0.01732015856484901,0.015418711031768442,0.020074013964156236,0.036770532600028945,0.013140332890372917,0.02212070956093175,0.015245961411536632,0.011102236605425553,0.013714526973149569,0.014719709755534069,0.014387674600056074,0.03559413103653082,0.022423608358825974,0.02133913678916583,0.01422394572848285
El Salvador,0.017981231316302818,0.024043382067615818,0.011803854897561954,0.02954885077245259,0.015789434314335292,0.0162510396804524,0.014983286577266,0.014682894004607577,0.016565922384788722,0.010800828590680859,0.024713357443900557,0.010477845606152903,0.012596500967068628,0.022456480166177302,0.013052939694767491,0.016618324920954535,0.01643749062184143,0.012914362888796192,0.007737398145191386,0.011162884241595113,0.018512729532797024,0.014849278250078222,1.0,0.008661845180580257,0.02330366151031052,0.012025482280503982,0.019778140238569743,0.007609768396380262,0.03574638791474934,0.02044555027632064,0.006676119409529051,0.007935430995818227,0.015741591263749494,0.013857020882314917,0.010185024709915403,0.01065027219265263,0.016128730909286848,0.010203159297354113,0.015317833873718262,0.01759998279374904,0.019634675645814163,0.007566020983338938,0.026279103039472514,0.010625794644780747,0.012117819715336918,0.016950006368878095,0.009504279460905618,0.030619655443751045,0.006028487796771413,0.022228816423953968,0.012890753520989093,0.011979960692150286,0.01948269322997722,0.015153159839153711,0.01741239874293867,0.021182045397398933,0.01451503868921598,0.03555150702838906,0.014635138351473067,0.020525547457131477,0.00934844839853713,0.009585309649510777,0.015158186327176418,0.017473705651414376,0.012095102711443886,0.02482326601199044,0.0073893287936285445,0.0126030706016799,0.010227704296212076,0.02809846369565253,0.011189270485682133,0.012284307109284166,0.006641978358905694,0.01584662119106741,0.011328781463808982,0.017582531631957145,0.013364642306280386,0.02576245224504876,0.012515053976083391,0.012524743547331813,0.01651819125896119
