Country Name,Albania,Angola,Australia,Azerbaijan,Bangladesh,Belarus,Belgium,Bolivia,Brazil,Bulgaria,Cambodia,Cameroon,Canada,Chile,China,Colombia,Costa Rica,Croatia,Czech Republic,Denmark,Ecuador,"Egypt, Arab Rep.",El Salvador,Estonia,Finland,France,Georgia,Germany,Ghana,Guatemala,Honduras,Hungary,India,Indonesia,Israel,Italy,Jamaica,Japan,Jordan,Kazakhstan,Kenya,"Korea, Rep.",Kyrgyz Republic,Latvia,Lithuania,Malaysia,Mexico,Mongolia,Morocco,Nepal,Netherlands,New Zealand,Nigeria,North Macedonia,Norway,Oman,Pakistan,Panama,Paraguay,Peru,Philippines,Poland,Portugal,Romania,Russian Federation,Saudi Arabia,Senegal,Slovak Republic,South Africa,Spain,Sri Lanka,Sweden,Switzerland,Tanzania,Thailand,Tunisia,Turkey,Ukraine,United Kingdom,United States,Uruguay
Albania,1.0,0.5458854652487485,0.1780473999895039,0.2745317199403493,0.4616926194598594,0.15773609782731068,0.30924689740882766,0.14341073607976818,0.2105626765120172,0.14455853673311964,0.4369196819368887,0.16861794593005566,0.2299837512814508,0.18354295338873525,0.16062722607012805,0.15818225731389846,0.2538537161465819,0.21369541830025543,0.2482836201651145,0.28198858927462134,0.30072254022445355,0.21709974144269747,0.2733851122222615,0.19961347724695436,0.3556465681645672,0.2774523986225128,0.28899130368249704,0.3509733619390405,0.8281405590603493,0.2429466187654829,0.30711335968538633,0.2618568032335109,0.12441370894022433,0.16289326869454898,0.24040073122589045,0.23022636655013054,0.2907853301541782,0.31668313369021106,0.1990763192673567,0.18608619390119296,0.19719137186430538,0.33601108070379576,0.6497857534056831,0.290557544338798,0.1724260791558916,0.2394280056720462,0.20824593101470043,0.5625798648899396,0.33239058640822317,0.3169055648178862,0.19145087494428126,0.19757672017479988,0.5151933736144083,0.4615070547134247,0.2593413668914667,0.24994961989112602,0.13754315120015131,0.720937098608806,0.16583784658497594,0.20141216604520484,0.23308513089852176,0.23549260000309566,0.35072430595512016,0.212844425283077,0.29735338107580556,0.3503110566012789,0.2898516841180597,0.16608843242045015,0.27465786009379634,0.44344149166892244,0.1549546717375805,0.22597748968680392,0.2571397030022743,0.38142395325893597,0.16075073267957946,0.16929903371384505,0.43166174861119444,0.39100033167224446,0.3108815964597872,0.2387391508438866,0.3464315685846819
Angola,0.5458854652487485,1.0,0.47018106956822536,0.711088795305759,0.9158639695442922,0.43753813479454173,0.45418381438493527,0.5465372921576508,0.3526412459358651,0.47205063714801954,0.8362862814786847,0.4267703329094068,0.3393520730521494,0.46881852716933126,0.40576142388155445,0.5161977136291677,0.38991396591393446,0.4338399913819463,0.497187730659492,0.4989577139742778,0.6013027411350388,0.6190509327811947,0.49389415028765815,0.4899786282356461,0.37221574833784704,0.4873783675925034,0.45340495366517614,0.5449469310163886,0.9310292736428801,0.5079791374017042,0.5131673970196183,0.47636363042045315,0.5168626692266464,0.4547336548315811,0.3881319600401121,0.49148879867910633,0.48405867868817465,0.5456859877450893,0.62483482806914,0.36673448704079054,0.717378567870055,0.5386799199010188,0.7995846315427896,0.41225338164973047,0.4656671037433978,0.4087285185162866,0.43626920188064,1.2044512727425305,0.528888781140979,0.3677800388999366,0.4124384281303923,0.4446878233462093,0.35589507975799817,0.7870139737843953,0.3236493397250216,0.42792072299905376,0.5515971112672535,0.8612236453249058,0.5193000254107522,0.6401867229824623,0.48263885742933343,0.5300880083827253,0.46602217538936386,0.4445823748296165,0.5191077981339196,0.39944127902628107,0.5641269918388382,0.5039484290151597,0.4667350092857559,0.3944316530651095,0.49266701650824823,0.4834064001509271,0.48671247005164514,0.8519558640354997,0.48800045541949744,0.4225083920006641,0.7391080808448186,0.35936029511011447,0.4473323296867518,0.4074555123255756,0.41722626663006623
Australia,0.1780473999895039,0.47018106956822536,1.0,0.43474786493965734,0.3854464361897666,0.14848213985468495,0.34885474818415885,0.1328738283220418,0.2717904057937258,0.1407679343901875,0.37390347192029405,0.15152488986086224,0.25054257990442097,0.21142286968012275,0.1582269849137435,0.15866173806068984,0.36451698499298213,0.22547589044592542,0.14358682462741795,0.2253166362894247,0.28354287844431814,0.2057050737614035,0.15894523397044857,0.1441034686492758,0.47608431892222286,0.31336590327452174,0.2402117181669434,0.19893817039826364,0.7024976991168569,0.39712245067740193,0.23868409220131787,0.19111494076639823,0.13117988516253007,0.18542992198639255,0.23691985984178174,0.24696657485341408,0.28726763786854476,0.25779963279135,0.2283781638266665,0.15769045399943835,0.2508405049306285,0.170823580429082,0.6288000913242591,0.23245668115743084,0.1700309810478738,0.2902202792727555,0.14185766645386877,0.6208408871890029,0.18544909094248302,0.4556234757356567,0.2632160105231793,0.2325686422426184,0.41297654303940423,0.2852840107735618,0.18793687521552893,0.23628028088942635,0.17484299501307288,0.5845247126401935,0.1565894788668989,0.19289573323338677,0.26168770358971516,0.13319192527509763,0.33308374110989525,0.2449209382934738,0.1782262757547241,0.3005995346050075,0.19473550050113136,0.1559767534928388,0.24124756118063762,0.5676851381723127,0.15356892766327818,0.2992262098324314,0.1530519897529419,0.36500089838042526,0.12748533140754192,0.19357373761293203,0.29490254117593206,0.5124999982211513,0.284646984876262,0.21456397735107388,0.3055646682479153
Azerbaijan,0.2745317199403493,0.711088795305759,0.43474786493965734,1.0,0.5950382262953013,0.3532966806584554,0.58642183666175,0.3467750696997999,0.4892553531262967,0.37851174935800436,0.5556210630113844,0.46200041247351475,0.508202095832175,0.294182991290456,0.4848609756306261,0.35338038841881925,0.537459576368875,0.5026137822070519,0.5364745121527501,0.5235020816922196,0.345264188122555,0.3416957068273069,0.5275523654707239,0.46956384308880084,0.5723614619528452,0.5581720394178907,0.3968339285698633,0.5918831250538146,0.8036603402808753,0.3638845596209479,0.540478741772291,0.5027464465099778,0.37088934886858727,0.3623722580056191,0.5367741163386455,0.48449784784738903,0.511061073855102,0.5477433718308878,0.3006581303142899,0.47465166487170424,0.267274629203363,0.5973667993658907,0.7318376042642776,0.5576372292139343,0.41154077389598653,0.5453996797339458,0.5015353763451534,0.43999504893556896,0.6002095259766681,0.639887372720991,0.502958527796519,0.4843868563206856,0.5899652008948217,0.5973908070441385,0.44636188145053274,0.34416326179807166,0.3169223935887703,0.8568770865102736,0.36508534386862423,0.2876819856777383,0.507517511304072,0.5447039052820285,0.5877559916083421,0.43007033606250444,0.5232753377307413,0.32380136882956145,0.5416098868670108,0.3908047849648182,0.539065921644597,0.6011730903624889,0.4292341583077545,0.5156271296225008,0.4642903244514783,0.47436911063082676,0.4662643849713681,0.3545584363603762,0.6436483602257314,0.6057620306640219,0.5833584499763869,0.5246625982457418,0.4974934246107249
Bangladesh,0.4616926194598594,0.9158639695442922,0.3854464361897666,0.5950382262953013,1.0,0.4283424960622728,0.9341738037271664,0.3308641518767028,0.7307229412762736,0.3496494269043466,0.2881028074326512,0.5395044899131867,0.7075409186941578,0.5902377439691536,0.573935024118408,0.30708642527385765,0.9758136936026991,0.7657184107900886,0.38914930563449024,0.5737766085315299,0.3612762608366618,0.2482813596398514,0.44976065459299097,0.4426942024255299,1.0088532919027953,0.8173830490888704,0.615512958458414,0.29827465185602364,0.5626712363075228,0.7352134662207392,0.45246531866569883,0.5126329558070787,0.410921208793731,0.5499263819461948,0.7162436936043259,0.688514815809167,0.511342032925465,0.49107870536701836,0.35095862744377077,0.6152138849576768,0.30645526285075836,0.2855966394525735,0.4004603828283823,0.7287099463437684,0.4728848889172773,0.8986770032768877,0.4920863453837582,0.41439856489796123,0.33046016003584266,1.0809184269030512,0.8229294751831459,0.749203882187954,0.6072498747770287,0.17704024008155406,0.5893780569983452,0.48382302992964954,0.3351396685671669,0.37178172771739276,0.6266857423066079,0.39876921936309995,0.7021966713760125,0.24654571017357865,0.7574201665108854,0.43397273825429217,0.3189389284509102,0.5042485411702748,0.3770600806423401,0.42699096613422716,0.7230374909319061,1.3112970913282544,0.4038311035913863,0.7827093826999144,0.4181807201054183,0.16216907863112587,0.440043518036209,0.45717642400140834,0.14328150718963534,1.1022072690640912,0.8086128315416546,0.7468039043874021,0.4136699115944654
Belarus,0.15773609782731068,0.43753813479454173,0.14848213985468495,0.3532966806584554,0.4283424960622728,1.0,0.3372172526652686,0.12775114642207908,0.25056347574268767,0.18584943229453132,0.48541464094804454,0.18137616917974866,0.2871192476841328,0.15582902198811327,0.16590803030203724,0.10593629634766685,0.28772225889949,0.2204916475716931,0.2173923110235187,0.30265555349625106,0.3386071819386868,0.19578849345937413,0.27885212831107076,0.1881781947047871,0.42175087053014554,0.28493858384464144,0.2762665060497178,0.26328837708801467,0.7260310670109971,0.3507831549899628,0.36131463917017015,0.28429115857335996,0.11492807376323202,0.17683392463580302,0.26139460550246707,0.2555509980287241,0.3431509081576286,0.33271324143359016,0.20672585436165292,0.16083838181356502,0.24957195833817714,0.2546509116416422,0.6555743543266784,0.2770831489739092,0.16757376390898393,0.25373678226808155,0.20749952453307155,0.7049386500183278,0.2625188685442118,0.3581662458107002,0.2558354533680827,0.22887467346288481,0.4527388955080796,0.43302497810570884,0.18864189891375116,0.17870115182105098,0.14229334804927368,0.7362137348751858,0.15728815590691828,0.2232130794182176,0.24496722146544464,0.20530341453800316,0.37217123200813773,0.23114922045590908,0.2560819389253258,0.26331583647067464,0.3258127180803093,0.21349457712126696,0.29286591630698267,0.4591754430629633,0.14982236634799703,0.27083660795982223,0.25743456218463456,0.37163196180475633,0.17452436549942238,0.17890595464074696,0.36153604302923925,0.38445803468741424,0.28898474505924504,0.24651015272990004,0.30050968173180914
Belgium,0.30924689740882766,0.45418381438493527,0.34885474818415885,0.58642183666175,0.9341738037271664,0.3372172526652686,1.0,0.47252626149116206,0.19032310946707906,0.3621208774640149,0.7461921806379012,0.1509942304188565,0.18200910986431848,0.34315323144445525,0.18522859961188232,0.4312094802417298,0.0842170623116634,0.08840728783047416,0.27360966921772395,0.18764150391026616,0.549723540516624,0.602294336138362,0.2653783466353686,0.31633057027338746,0.15094256048722188,0.07583778552823989,0.2951295734030281,0.36798898665389246,0.9523075265948708,0.33919791568043156,0.19981799060970534,0.21488612536208718,0.3258145934206018,0.20371481407739137,0.09401252898530149,0.14839203175043905,0.2003037364891288,0.20199402393810945,0.5052719311653494,0.24429326351114458,0.5691709360145372,0.35606757827293406,0.7589602399680117,0.09718079228951995,0.3240400393059476,0.09226855046598348,0.20936879926123522,0.9989729510802344,0.3383256334855301,0.14926177756012163,0.10276614290395789,0.1471939416035741,0.41718612564264484,0.6086642100294417,0.32345858966728785,0.4739866125711454,0.4430185443064862,0.7597648648413206,0.15833931381334782,0.44676702523145606,0.12589472044253608,0.3941853436898972,0.08513705310092684,0.3965203311694422,0.23925986237029048,0.55000658193768,0.35713742403251647,0.3817256505311157,0.11559278365530717,0.14474337804249318,0.32851310303605313,0.10575502055142028,0.2598013171497479,0.8332022985049593,0.28787564146099903,0.4008999202532836,0.5286331693473413,0.16498861371929072,0.07016248104854475,0.09845145702115357,0.5561056301474168
Bolivia,0.14341073607976818,0.5465372921576508,0.1328738283220418,0.3467750696997999,0.3308641518767028,0.12775114642207908,0.47252626149116206,1.0,0.3239097152572804,0.1390685352298389,0.4327758642908546,0.20005517531654238,0.3149784536978339,0.22692079500970277,0.2285093802173798,0.14148025397724748,0.4505601724835222,0.29868527709564235,0.2131138286350713,0.3062801903792789,0.2554728937428707,0.14732255592721033,0.2728724374222729,0.15535034683218113,0.5605205658732987,0.4123695752577672,0.2657811958735713,0.2759480057278239,0.7108195612675383,0.4202201511778567,0.33408601820929573,0.26465508908577695,0.109643441520554,0.21812717352826952,0.35054535996454605,0.30469161286134044,0.34996161036746565,0.34287379901307385,0.1645607008308241,0.19557856155395892,0.21694370785630876,0.22900209370496954,0.5979981992353864,0.3214200815047997,0.14236030847224815,0.3707299210955112,0.18584806637460935,0.6136976698161787,0.25836992390125524,0.5012709260976619,0.3510576847193261,0.2890536254484538,0.46999702631592233,0.34143607680059423,0.2605666033282719,0.24479542151407155,0.13283985341646912,0.7222248848745567,0.17552668758289403,0.1864531670874019,0.30507512004608095,0.1769302291924972,0.45864830575115845,0.2219779202888931,0.21924200533844854,0.30197042148010633,0.24987070861087463,0.1469715613066847,0.35117661244602966,0.6783738905439374,0.15954245146658924,0.3564740752930089,0.2232448291279914,0.32943339845493474,0.16145177276727982,0.19400870021643238,0.289891779703279,0.5563307763203564,0.42472019973284547,0.3018682402798757,0.359411285614893
Brazil,0.2105626765120172,0.3526412459358651,0.2717904057937258,0.4892553531262967,0.7307229412762736,0.25056347574268767,0.19032310946707906,0.3239097152572804,1.0,0.25922029793453427,0.635164049577874,0.19600306477143178,0.18919522418259632,0.25587691476306396,0.12777762364688267,0.25373678150053236,0.14806628569841618,0.1152260515185424,0.25932348961038054,0.2587353257950068,0.4763222218903963,0.3951848266269433,0.23920818358585927,0.24316603624020297,0.2655534242750595,0.2163633410170296,0.3015400397136474,0.3301385748511392,0.9507675475985301,0.2386091342755351,0.3035298290325392,0.21240624832135596,0.2318548100858251,0.21303505937346812,0.16216980893749489,0.20430298279774387,0.2985744637013663,0.33795559232744565,0.3509819045186272,0.18210415202402364,0.41163886553587026,0.3145953796501465,0.8692679529031898,0.19618461392211065,0.26014348216356786,0.16131526936640436,0.210442434635783,0.8625824656997032,0.3080411005502962,0.19313088035439283,0.13589282084548598,0.18079419970452973,0.3742265613495356,0.6146165711539011,0.17904033098102026,0.29015623667438517,0.287153457058156,0.7626451338435627,0.19702579186199878,0.381746547200302,0.19813414641463842,0.33417329151818387,0.2692908060598612,0.26073119326647415,0.32602576120907933,0.3332996978338127,0.3201824566913768,0.2736735574248283,0.1878644515197408,0.2348636723315474,0.23161465600572737,0.2006639608493154,0.24529481280979631,0.6217263645340779,0.20554989271632834,0.24309474210028206,0.5778787271910933,0.23324349566021987,0.22757878304448098,0.16628011674229826,0.2971552108600067
Bulgaria,0.14455853673311964,0.47205063714801954,0.1407679343901875,0.37851174935800436,0.3496494269043466,0.18584943229453132,0.3621208774640149,0.1390685352298389,0.25922029793453427,1.0,0.45075101725145905,0.14272146665611138,0.23064889695640248,0.20552281905186895,0.1591536033442877,0.15697491212609568,0.3492197109586353,0.21818111744435495,0.15371822509845265,0.28807718537863813,0.27323219512152386,0.19329196453688946,0.20306597017239972,0.15318467097184274,0.46956757438049124,0.34900035707476895,0.3030823783525187,0.19110429569191564,0.744298344454227,0.4207008632792547,0.23636663925874668,0.17139369875467295,0.13635506458071245,0.1728776794482903,0.23378348220436884,0.259925636677386,0.34762944057699074,0.2856929876214988,0.19744142680808438,0.19490700159155705,0.22971418901524074,0.16801796435091998,0.5788996246176927,0.2535076908942012,0.1492760765514997,0.30335360043619597,0.14532694326049023,0.5789131989158642,0.16691048850156798,0.41953290230484885,0.2680256924141532,0.21893112805984363,0.4504866885752793,0.33887066796753407,0.21147218659918726,0.2869312574811095,0.1548890527752375,0.7089356135382128,0.19293820286624258,0.2001235583153127,0.258802700852516,0.13137044978457083,0.3637889226170662,0.1731557226153624,0.25882340537242365,0.3131238675751784,0.19753514961005994,0.13990483960378475,0.27575332608829906,0.5665222760385853,0.13523741667130015,0.27391067319691675,0.13883287558778867,0.33195227448550957,0.14407470866070568,0.17177872843109998,0.3122688485864635,0.5099189179158012,0.320269754483266,0.21676110948961932,0.30569688793308825
Cambodia,0.4369196819368887,0.8362862814786847,0.37390347192029405,0.5556210630113844,0.2881028074326512,0.48541464094804454,0.7461921806379012,0.4327758642908546,0.635164049577874,0.45075101725145905,1.0,0.4806989545093468,0.5453328510154161,0.5529118704904185,0.48905302242335014,0.4743336386769972,0.6973523367361051,0.6248820703082014,0.45310088712995855,0.5398982926420544,0.4886769283184899,0.37259257854972205,0.4985906490443735,0.4522406936942639,0.790765938150483,0.6958090203798467,0.5275286405463223,0.3679868798222703,0.5111735453237731,0.712780043602621,0.4599741136676992,0.4960730242375956,0.47166075449563594,0.5029107789882501,0.5626787588547516,0.5466918669782804,0.4990321587357136,0.49431725457801945,0.4661280330410978,0.4962720262515592,0.46335289548993486,0.39301180949991765,0.4965967434520736,0.61933524155061,0.47957072750273294,0.698282070951228,0.4529324123988208,0.46172195623869494,0.41374681858134477,0.7787163681518253,0.6012891118079468,0.5753660184733637,0.6264167336262623,0.2708760237933545,0.5504202245546754,0.5842309505180416,0.46297893767810494,0.18240300052171315,0.5284170846899084,0.4357984438846293,0.5888415231339659,0.4040394048519351,0.7067832321583805,0.5623471871111001,0.4091460431079956,0.6491520004289738,0.4161250747233481,0.44906396903385626,0.6426811634070162,0.9750593165249173,0.48147055743750355,0.6216823854926105,0.4375803579582568,0.2629994753890155,0.4533336236585236,0.5505726757701902,0.27090430878298893,0.8698206825971507,0.681531449824037,0.5733256807722534,0.6577288213512787
Cameroon,0.16861794593005566,0.4267703329094068,0.15152488986086224,0.46200041247351475,0.5395044899131867,0.18137616917974866,0.1509942304188565,0.20005517531654238,0.19600306477143178,0.14272146665611138,0.4806989545093468,1.0,0.15865925263276393,0.24402335841932715,0.10981946966413755,0.2099959926163527,0.1620515116259972,0.11480349393436867,0.14541342449204397,0.1794113551674084,0.3619455481648816,0.3180839759810168,0.15685271697544767,0.13820549773879545,0.2886218948949032,0.11497851874310377,0.27168548569443207,0.2068794865758874,0.7933441482931611,0.3868700655339742,0.15562824749457602,0.11899200112038397,0.13659568107892595,0.13403859525944042,0.09929961796610129,0.10549368526647526,0.1804340599873216,0.17564408515991864,0.27376065750410117,0.14188269440635376,0.3137352432145554,0.17208653269018304,0.6847447881220594,0.12330751294420153,0.15074236304776242,0.16825481496197497,0.13468646195573925,0.712064529594463,0.18714780798327874,0.26253027336296997,0.10844945031962219,0.10830590814535593,0.3934471172105033,0.3799260025746349,0.21867457290101006,0.3166456756550991,0.1951991193502542,0.6769039405449069,0.1444771284906541,0.27744674928275387,0.08877719968027653,0.20058602959787108,0.15867455701827915,0.21141652467306218,0.1713413123124681,0.3919027863792619,0.21396889485557094,0.17083895649829742,0.12499076373009499,0.3568655744046474,0.15033582117318217,0.11433812789981068,0.13122916193281273,0.5101937412090582,0.10665364692668935,0.2075460843645409,0.3764970443914952,0.3341106663865801,0.13399270377574674,0.11090226491527841,0.36747934752692757
Canada,0.2299837512814508,0.3393520730521494,0.25054257990442097,0.508202095832175,0.7075409186941578,0.2871192476841328,0.18200910986431848,0.3149784536978339,0.18919522418259632,0.23064889695640248,0.5453328510154161,0.15865925263276393,1.0,0.3016457436284439,0.1539721714249183,0.3005431905349404,0.17116348200288917,0.15689785356905409,0.2309063656618957,0.1639692402732204,0.40811587016241674,0.4133763512726821,0.20944933391311993,0.18513127117933156,0.16668811375815032,0.21969422140699557,0.2890271218305416,0.2659675224964324,0.8496174546943545,0.2898486298691295,0.2320454029825485,0.19900896172249496,0.25805169291951996,0.14063349588083385,0.13396163120349092,0.18442087953964606,0.1730601446213294,0.24338305149224146,0.42784709174686,0.1818109765441018,0.44718834480989705,0.24899202762279715,0.6940417174045757,0.14992492476460906,0.21849192167966194,0.17024079180400928,0.16030211241907255,0.8131099326897397,0.2446933599979353,0.19324141387001964,0.10599339775501704,0.1475898005281327,0.4004307419548454,0.48527128326876573,0.21577328987096747,0.3444864635621281,0.32505250412698283,0.6588556627464703,0.23010852342708876,0.4030942781092412,0.21822729400499294,0.2828013353729108,0.2164304991511772,0.27559615550878547,0.2700006620722258,0.4080929119920891,0.25213166070354287,0.24841441644104145,0.19641997938023345,0.2700419825123179,0.23167566106558105,0.12118884204555833,0.21586822934193792,0.6509879780523611,0.216592581653025,0.258985311782547,0.4290908809108675,0.21403923008600154,0.2030867406896561,0.12777221523815752,0.33784883970380186
Chile,0.18354295338873525,0.46881852716933126,0.21142286968012275,0.294182991290456,0.5902377439691536,0.15582902198811327,0.34315323144445525,0.22692079500970277,0.25587691476306396,0.20552281905186895,0.5529118704904185,0.24402335841932715,0.3016457436284439,1.0,0.2191555469788844,0.17161715157238913,0.29517562272708087,0.2473420027633088,0.3324991497541578,0.38842203296046973,0.38308235586085315,0.27187251995983597,0.38957720446205724,0.30265312423256235,0.3829065235102682,0.3459390833193599,0.29116638120669347,0.4253029646255788,0.8281350528770843,0.33829014140918157,0.4178750060172637,0.33079714976376967,0.19278578230136637,0.17904699834516383,0.2995819964090242,0.31415267934632074,0.4086964296888874,0.4315475469178063,0.27212324754671025,0.22187559747147734,0.3120568854648066,0.3981268799045024,0.801594840214161,0.33512692071897693,0.24738258474944813,0.2890891748246719,0.2838939845848185,0.694157036616531,0.41236074326313804,0.35317633784452757,0.26144524135362984,0.28636099040921054,0.49848197522037563,0.5578575738141552,0.21509656270316282,0.24897180439910802,0.20683676392184147,0.7773382594147781,0.21359329222934792,0.2925324999984933,0.2994707200705404,0.3194639548475089,0.4063433099575217,0.18580660651503167,0.35868600741099427,0.280189863864188,0.4204818434254226,0.2679896885377783,0.30685955724036806,0.4260014792542405,0.2138953200219675,0.32582513761668247,0.3028222023732342,0.544944400203984,0.2353681680253032,0.16654144034601515,0.5459173978118442,0.36226994676895274,0.35907662443722194,0.28399821637035555,0.3674079052835038
China,0.16062722607012805,0.40576142388155445,0.1582269849137435,0.4848609756306261,0.573935024118408,0.16590803030203724,0.18522859961188232,0.2285093802173798,0.12777762364688267,0.1591536033442877,0.48905302242335014,0.10981946966413755,0.1539721714249183,0.2191555469788844,1.0,0.18949868767512987,0.1812881644935757,0.10514926620078718,0.13930561271280675,0.24110529904997957,0.38483682114668305,0.3068502996199176,0.1874872242331362,0.16150270563358468,0.34474753052110585,0.1869809988958564,0.283606641163894,0.2264273698921742,0.871751695451879,0.28710889419900976,0.22166995664086006,0.12901778085336388,0.1397845670057624,0.1406003741393481,0.08778015684679277,0.1824416457114266,0.24547888535669146,0.24381827389921237,0.28188790196959235,0.13828232777195054,0.3581613969359685,0.22415239752053387,0.8037085453864441,0.12839833625442443,0.19073255100479333,0.1838837908917052,0.13377073826791136,0.7667105767136935,0.22607303467631457,0.275007204201998,0.10861510187880855,0.14522329179162927,0.4112642639150342,0.4583571024759343,0.20309931409342902,0.26052350220718157,0.1977515029951366,0.6639187370737841,0.1705735614321032,0.3083149525642439,0.16815782057128556,0.17860927342324556,0.22778904413546405,0.20729690042723395,0.24090256572006805,0.36566965580755967,0.21639807429099728,0.2134381035171355,0.16285670499206842,0.38046288866117206,0.15060133820355895,0.16856799196272876,0.12657650517585656,0.49427175221556374,0.10432481334835991,0.1932276083223309,0.43701515168952254,0.3594769251648843,0.1863517532804334,0.11772159301728904,0.30572576429892034
Colombia,0.15818225731389846,0.5161977136291677,0.15866173806068984,0.35338038841881925,0.30708642527385765,0.10593629634766685,0.4312094802417298,0.14148025397724748,0.25373678150053236,0.15697491212609568,0.4743336386769972,0.2099959926163527,0.3005431905349404,0.17161715157238913,0.18949868767512987,1.0,0.3919444370952106,0.250683394039326,0.27762885536715565,0.3625949571120162,0.23566221240462484,0.15901300833330495,0.34512776077248275,0.20689998665232356,0.46137116866848915,0.40053592405762617,0.3113757852189688,0.3230343536389415,0.7659459829289099,0.3246576288478714,0.40862161533821145,0.28365729131002015,0.11377554504257717,0.17631130835438683,0.30426415750216085,0.31342472847435915,0.3898458105481508,0.4140389166040997,0.19742753002718938,0.20026716421186205,0.22411283643923055,0.28183005400593797,0.6462486868199324,0.3557520214708699,0.19785937784952026,0.29841679697526713,0.2546618987582646,0.6724934328714833,0.3302789194853112,0.43623611743815005,0.3179007755359786,0.2604033008253649,0.4624251534028283,0.35222806992326916,0.27608927190625226,0.24489285270855687,0.12071211472670473,0.7745185867189119,0.19285747916087806,0.1628981285201132,0.3100833988916488,0.21541771287020928,0.47250483272402144,0.15730978706292872,0.3142299719594036,0.2774099083900955,0.3466185313733091,0.1719604805216184,0.36690905245097427,0.5650641269002775,0.17595630231368797,0.3448180588124433,0.25232980076887135,0.35631567682431353,0.16738612708959671,0.19945154446730065,0.3305631581073709,0.48724643768410775,0.3928040305408421,0.26370235832308453,0.30552836484376933
Costa Rica,0.2538537161465819,0.38991396591393446,0.36451698499298213,0.537459576368875,0.9758136936026991,0.28772225889949,0.0842170623116634,0.4505601724835222,0.14806628569841618,0.3492197109586353,0.6973523367361051,0.1620515116259972,0.17116348200288917,0.29517562272708087,0.1812881644935757,0.3919444370952106,1.0,0.10251551305871462,0.29077452143401294,0.22638370134080343,0.5896877239510304,0.5705740441631801,0.2654310703139088,0.30468539438106323,0.17471377503608668,0.10473875534843938,0.3248151474967148,0.3612556328869702,0.9916052068200966,0.27016768353976517,0.24965077847886355,0.22309807041623908,0.30752175978283475,0.21070662618710037,0.1080203597687456,0.16911625976523015,0.23271559562373148,0.24887778363983862,0.46423692516311105,0.2218078576702309,0.5119712957966434,0.35180742620054184,0.8238473825591361,0.13722111891485686,0.30078127239078856,0.11289121993489795,0.229919303168665,0.9837624506811948,0.33528640729039616,0.1275999613459903,0.10594752592386802,0.1645631983472191,0.4213063256072688,0.6257454185603943,0.2645006325426952,0.38701640534597526,0.40714239763877424,0.7598845055544494,0.18157308820096213,0.4571813049811583,0.14432562401597707,0.41307203730664727,0.1663354366487627,0.3730643773094532,0.30463931558609325,0.4441441403715719,0.3551113367165584,0.3706541910370451,0.14687829955212198,0.12737853524147738,0.3152118275457003,0.141434270095196,0.24486125643566906,0.8170789390302933,0.28776132434197743,0.3497587265577855,0.6047780953125355,0.16573336915823458,0.12556847105571417,0.1380418855068072,0.43773133827038246
Croatia,0.21369541830025543,0.4338399913819463,0.22547589044592542,0.5026137822070519,0.7657184107900886,0.2204916475716931,0.08840728783047416,0.29868527709564235,0.1152260515185424,0.21818111744435495,0.6248820703082014,0.11480349393436867,0.15689785356905409,0.2473420027633088,0.10514926620078718,0.250683394039326,0.10251551305871462,1.0,0.20329056308404422,0.14737766372250632,0.4320258808840178,0.3946920370156043,0.20228501531559673,0.17568626304476723,0.20942967855526876,0.07899952592593582,0.25913593461639517,0.32520764807465935,0.8870264687482612,0.3048416561919256,0.18509694081865966,0.1425916890375568,0.19274088818495977,0.15016280578978297,0.08602280942512983,0.09825373447132515,0.19606157640978403,0.18849375147687247,0.363409424017765,0.1625188490517849,0.3901166929506394,0.3060353110361441,0.7991333959397409,0.12996846049565677,0.2189810556509195,0.08940451884646558,0.14973116436223638,0.834378400317381,0.2914045937991232,0.19448594163871988,0.10088595597692415,0.09496451986326523,0.4284798881220532,0.4986065432583359,0.2503341515941941,0.36955626874429964,0.2740624526459692,0.7461819857784562,0.12908047167054004,0.34796528299909696,0.07829867429396314,0.29265738282724035,0.11797746377754717,0.3023244223271493,0.20519007474501283,0.4634701021437104,0.27140957687988837,0.23742821431418426,0.10560263810470447,0.2539299233269653,0.20308706244554336,0.0932817585032876,0.1645999970118531,0.6633778460614825,0.1559680479184246,0.2804080132628305,0.4592438795427924,0.23779970701852915,0.08498862368844434,0.06189103540998453,0.4654808938767092
Czech Republic,0.2482836201651145,0.497187730659492,0.14358682462741795,0.5364745121527501,0.38914930563449024,0.2173923110235187,0.27360966921772395,0.2131138286350713,0.25932348961038054,0.15371822509845265,0.45310088712995855,0.14541342449204397,0.2309063656618957,0.3324991497541578,0.13930561271280675,0.27762885536715565,0.29077452143401294,0.20329056308404422,1.0,0.26122823685149577,0.33365836009878236,0.2757253971886443,0.10636354077552346,0.11273589878490003,0.5220648334471226,0.1998157151554799,0.3141672224367055,0.10277077512657423,0.7463977615840778,0.5593976134915024,0.12596713998380388,0.09101940699328512,0.18048544803124567,0.22149064958398967,0.14876311495418446,0.21245026598304861,0.3066607960466656,0.19088091202346052,0.23657836397829804,0.20889473329467106,0.3502512059399028,0.07688871351834742,0.6573344387575976,0.1916975110698789,0.18202579632545485,0.3721958839060592,0.12555396978264963,0.6005582216594777,0.10486131209714447,0.4387521027710882,0.22131548750995503,0.24260966210298304,0.4164976794849145,0.3305155575296206,0.2658206095045583,0.356167567429886,0.2071593586620105,0.664212015197366,0.20585402324771995,0.32291898754465753,0.15870620660842083,0.0897461518192324,0.2561241892502944,0.24330430491989105,0.20190026484909857,0.4018315825912546,0.13578111636905513,0.1730576967422761,0.18156569943882886,0.54534732523816,0.15893567988019489,0.23228417068721816,0.07426670880616029,0.3695196304267513,0.09183724362134629,0.24795759563456682,0.26390816481663876,0.5668876405854675,0.22237508476716644,0.23836075441355312,0.30908496484423037
Denmark,0.28198858927462134,0.4989577139742778,0.2253166362894247,0.5235020816922196,0.5737766085315299,0.30265555349625106,0.18764150391026616,0.3062801903792789,0.2587353257950068,0.28807718537863813,0.5398982926420544,0.1794113551674084,0.1639692402732204,0.38842203296046973,0.24110529904997957,0.3625949571120162,0.22638370134080343,0.14737766372250632,0.26122823685149577,1.0,0.38567639307180873,0.39375750697308604,0.14793994203463262,0.1545897802220731,0.29691039571768363,0.1308830124360775,0.1968100040302492,0.2633292475798258,0.8235026663936136,0.36703832401081493,0.17107893213888467,0.14829130402886856,0.29169026743497045,0.2563980084446895,0.19866597158245503,0.09173793550655077,0.12807976921971778,0.10523244726986206,0.42089036481412495,0.2053301381723062,0.43756824961010604,0.24730938307592554,0.6242963194222818,0.21415893879069176,0.2441177662111635,0.1764639312783473,0.16124826484076116,0.7311112030648106,0.22211509962789341,0.3074054674796911,0.22147614029676777,0.12563791695427912,0.43999710391675895,0.36980611781137207,0.3319664498584437,0.4213312787911562,0.32186307568991734,0.6577096051925317,0.16225956944704323,0.37025059462875487,0.12467971467688502,0.27256082018378963,0.16702605646589047,0.41834572027627714,0.17753585904169586,0.5576338592156576,0.17135923115903004,0.26919539430535766,0.17262572355912414,0.3713555496484968,0.24795006245196452,0.11414403451990748,0.18682858552998385,0.6119060482970301,0.2529905278683316,0.41331841366904776,0.3210114507306499,0.29293004139005857,0.13354110334805247,0.11414128192843093,0.5137227458338466
Ecuador,0.30072254022445355,0.6013027411350388,0.28354287844431814,0.345264188122555,0.3612762608366618,0.3386071819386868,0.549723540516624,0.2554728937428707,0.4763222218903963,0.27323219512152386,0.4886769283184899,0.3619455481648816,0.40811587016241674,0.38308235586085315,0.38483682114668305,0.23566221240462484,0.5896877239510304,0.4320258808840178,0.33365836009878236,0.38567639307180873,1.0,0.1888720598686276,0.32269595461209555,0.3088308898499803,0.6476121059685399,0.49394191002823185,0.39676991064103045,0.3079851584211131,0.6592524420355598,0.5294884047401579,0.3805189676828369,0.34771171063820017,0.29108994673475425,0.32737808571671384,0.42277898824714766,0.40525212299337554,0.4031245428213365,0.3971029594546394,0.2563406186145627,0.3605446728054662,0.24305765231543736,0.33056236741569267,0.46338688229062,0.4387695584574476,0.3063261811348908,0.48861417357897685,0.28057303043124165,0.5462701222589745,0.3475169919759763,0.7025535562629612,0.4825835706550473,0.42330464095224596,0.43061493071338286,0.3248954988752663,0.3662094066289332,0.34569300388431123,0.21279305532920703,0.6090015127001119,0.3651618183178341,0.18405288476815654,0.4169407071801874,0.2729841351680831,0.5376932851611368,0.2776990690547665,0.3499611414932716,0.3442343832014714,0.31490122421493816,0.24166175049529257,0.4176274258721703,0.7545187647596687,0.3076340344271269,0.4693670068104383,0.32207869417489887,0.3872323969428993,0.3121625187324504,0.317621959123212,0.34778150618510756,0.6888197411492918,0.4798419288205178,0.4039623397214729,0.4646368015287611
"Egypt, Arab Rep.",0.21709974144269747,0.6190509327811947,0.2057050737614035,0.3416957068273069,0.2482813596398514,0.19578849345937413,0.602294336138362,0.14732255592721033,0.3951848266269433,0.19329196453688946,0.37259257854972205,0.3180839759810168,0.4133763512726821,0.27187251995983597,0.3068502996199176,0.15901300833330495,0.5705740441631801,0.3946920370156043,0.2757253971886443,0.39375750697308604,0.1888720598686276,1.0,0.34757820037057446,0.23912306468318897,0.6605995779181549,0.5382855331602272,0.2675994947846977,0.29525529507499165,0.705205784858104,0.48441725601112595,0.40340553791750455,0.30194514335714606,0.21810904035360593,0.30508682944593984,0.43682692874745976,0.4059396689938741,0.4571573521064352,0.3966559243271847,0.15855332771601066,0.28328839400422745,0.19433999873680058,0.2611939254874899,0.5110452911066881,0.501424149223159,0.21587335186528941,0.4562603319964418,0.3162818377843837,0.5029463311670246,0.26673120501218905,0.6324090687131458,0.4756313722483857,0.3860020527899922,0.4909528234145203,0.3059015513260323,0.34646947337727496,0.2841750143131713,0.1663892735051139,0.596517397281893,0.268920058585955,0.15565714601811476,0.4266741359750579,0.21604110358625847,0.583186876675718,0.23656098792888766,0.32948635374839264,0.32615822267315486,0.2757333733280859,0.20460088619472777,0.48504514690042116,0.7915161613395958,0.22020792290710356,0.478734387164621,0.2767960242254659,0.26122830716123835,0.25347575477815776,0.29073973020809074,0.30671412379697116,0.6362657291899312,0.5363846312105172,0.4142069002269463,0.33927253268807556
El Salvador,0.2733851122222615,0.49389415028765815,0.15894523397044857,0.5275523654707239,0.44976065459299097,0.27885212831107076,0.2653783466353686,0.2728724374222729,0.23920818358585927,0.20306597017239972,0.4985906490443735,0.15685271697544767,0.20944933391311993,0.38957720446205724,0.1874872242331362,0.34512776077248275,0.2654310703139088,0.20228501531559673,0.10636354077552346,0.14793994203463262,0.32269595461209555,0.34757820037057446,1.0,0.1312329769863685,0.43045117257777266,0.22116166776410182,0.27732384599772353,0.14300452671887856,0.7748991062154973,0.5427240516581974,0.11414072976787823,0.07386440215620832,0.2478439199931203,0.22436928305963075,0.17210800052401806,0.16052930468235616,0.20336803754800217,0.15285984711085193,0.31492011360051864,0.23762261765834666,0.3539327707996795,0.12046068709226396,0.6258636380077867,0.20449468609935184,0.19861346775170768,0.3033154663641676,0.12670732660910264,0.6183217639625653,0.1109506488848315,0.40471261128555547,0.20458869555335862,0.16515041634829414,0.4090728864896652,0.33016117835147774,0.25370326399845144,0.4106664644438625,0.2868372689973423,0.7172559047255105,0.236554396224056,0.3824645609319292,0.15328438659078739,0.12070701545907944,0.2948976385896851,0.3160773432432481,0.1604778003350793,0.46799017455798353,0.11314194145898682,0.20766090761460199,0.18076078050616118,0.5264113539045271,0.184596078299971,0.18744361762146647,0.11050323262060488,0.45473660317822256,0.15914821012846006,0.32322034060574745,0.2737147913458142,0.49151239694667676,0.2364590482874685,0.19643848612035003,0.38064126510671914
Estonia,0.19961347724695436,0.4899786282356461,0.1441034686492758,0.46956384308880084,0.4426942024255299,0.1881781947047871,0.31633057027338746,0.15535034683218113,0.24316603624020297,0.15318467097184274,0.4522406936942639,0.13820549773879545,0.18513127117933156,0.30265312423256235,0.16150270563358468,0.20689998665232356,0.30468539438106323,0.17568626304476723,0.11273589878490003,0.1545897802220731,0.3088308898499803,0.23912306468318897,0.1312329769863685,1.0,0.44385867185581035,0.23634118048704386,0.2339856494782758,0.18640312057523917,0.7868795480975825,0.41678239410423235,0.18327545605346793,0.11314336792463767,0.1460564561362063,0.1823064236138982,0.17506517659238297,0.16362815442746842,0.26563893780574077,0.21349809334249084,0.23729137081866658,0.2144139362277015,0.29699086512869544,0.16848235862429173,0.6606863805494803,0.24253163019257526,0.09021192363372135,0.2759667625118354,0.1308736149483702,0.6079156921505474,0.14175588635492503,0.4367652663107664,0.2297915305981458,0.16572361115602602,0.4199897320500372,0.34371791222532644,0.28539918726234265,0.3713259775481742,0.18315658411179234,0.6713518500018539,0.18535546742659562,0.2654179321420589,0.1706064481280555,0.17183938121316017,0.307339095346884,0.2586017479933568,0.20750296443003907,0.41240504040697173,0.1493432449885239,0.13493883943154206,0.22097323602330524,0.5666681016563088,0.10986100303129687,0.2125463318531147,0.11415396693646557,0.4203854116018081,0.09226041850719241,0.26433190747754953,0.3280134595827583,0.48793072699418916,0.25318768708979933,0.17045004642055298,0.3499947842271219
Finland,0.3556465681645672,0.37221574833784704,0.47608431892222286,0.5723614619528452,1.0088532919027953,0.42175087053014554,0.15094256048722188,0.5605205658732987,0.2655534242750595,0.46956757438049124,0.790765938150483,0.2886218948949032,0.16668811375815032,0.3829065235102682,0.34474753052110585,0.46137116866848915,0.17471377503608668,0.20942967855526876,0.5220648334471226,0.29691039571768363,0.6476121059685399,0.6605995779181549,0.43045117257777266,0.44385867185581035,1.0,0.211672417345646,0.31914329788306833,0.5815206553165321,1.0321195096800673,0.296113890384545,0.36443295078828575,0.4218820110818812,0.439471892074932,0.23295713368177648,0.26155793813644074,0.2928540955107918,0.22750970856095393,0.3656969914920365,0.6647104270890113,0.273265583031033,0.6837389324157248,0.5763504321040682,0.630448139290354,0.21521067928365625,0.41410444707447414,0.12086838261350144,0.38177236015043226,1.1282846748749018,0.5481104798937613,0.1914761411253847,0.20462669561123648,0.23236990598778082,0.39293665063458716,0.6911657629149851,0.35265200942338637,0.4438399585653027,0.5600003613754501,0.8059602375930094,0.26748836084813904,0.5064153942429656,0.2976179599359717,0.6148577356598505,0.208392465294177,0.425793291979704,0.35999969408064075,0.5064657113285647,0.5334983698134819,0.45186787949142315,0.2392130703194212,0.15059620522235345,0.4582957743609601,0.20924120588404205,0.48817287916355884,0.9662255758471605,0.4700446922560409,0.4154978304568366,0.6338739717803433,0.12158372626026234,0.19612664232419183,0.18047160346554725,0.5284546509993142
