Country Name,Albania,Angola,Australia,Azerbaijan,Bangladesh,Belarus,Belgium,Bolivia,Brazil,Bulgaria,Cambodia,Cameroon,Canada,Chile,China,Colombia,Costa Rica,Croatia,Czech Republic,Denmark,Ecuador,"Egypt, Arab Rep.",El Salvador,Estonia,Finland,France,Georgia,Germany,Ghana,Guatemala,Honduras,Hungary,India,Indonesia,Israel,Italy,Jamaica,Japan,Jordan,Kazakhstan,Kenya,"Korea, Rep.",Kyrgyz Republic,Latvia,Lithuania,Malaysia,Mexico,Mongolia,Morocco,Nepal,Netherlands,New Zealand,Nigeria,North Macedonia,Norway,Oman,Pakistan,Panama,Paraguay,Peru,Philippines,Poland,Portugal,Romania,Russian Federation,Saudi Arabia,Senegal,Slovak Republic,South Africa,Spain,Sri Lanka,Sweden,Switzerland,Tanzania,Thailand,Tunisia,Turkey,Ukraine,United Kingdom,United States,Uruguay
Albania,1.0,1.4788093502527497,0.8264512753925067,2.3440881519070658,1.2760146989060501,1.9060215622627086,1.6228478479319748,1.0541919765097694,1.0404159785879226,1.2156037872846597,1.847397704683777,1.6091346137514593,2.1235997634774737,1.6556593851369474,1.3295950650230413,2.030396633561688,0.48723402640097074,0.49807179826475767,1.6679347443563486,0.675935028913149,1.1878222967232581,0.965804221785027,0.830217081677727,1.241313067249921,1.9433969487071074,0.698440145743542,1.5657917325655482,1.072945631725758,1.3619350467733147,1.2274972589441928,0.8950822523375025,1.039382011820033,0.9705351578175218,0.700623652500261,1.4792721312201795,0.6438154740029501,0.5513045405927317,0.5766553487520503,1.4155027738696566,1.1626656537885551,1.5672722700157429,1.5883745027002603,1.7143252525488648,1.3433431477544029,2.0952351287678974,1.4783231020638044,1.443175521263126,1.0567157509842944,1.899543050383477,1.6312103180566753,1.0438110989496387,2.053378431071955,1.1225578525268944,2.2885401316187317,1.5684275182281389,1.2054126816597721,1.6791027996612242,1.258433061275248,0.508241470806974,2.3968574939729748,0.6671388699772988,0.8630436541279525,1.0855099226041256,0.7633008282653049,0.7772609495168878,1.3197710189812804,1.2326909191974151,0.7974214124338312,1.0853694937174714,0.6997992685399456,0.850768973801188,1.5702022297219567,0.7766468353389321,1.0387353093382794,1.165340282762399,1.1947411760958573,1.2111726286491573,1.3823748975484769,0.975659454230943,1.2462198463097296,2.555046792373348
Angola,1.4788093502527497,1.0,0.7618483272941079,1.1297746287376964,0.639206223583265,0.9038917119070103,0.9762000109127281,0.9393572050714705,0.9380100821884517,0.8122913515535843,0.8527363842923613,1.0484849441841577,1.1546663171808595,1.059012875132775,0.9803364115768137,1.0526219082717199,0.6087518216170056,0.6115203491973018,1.0209502629785878,0.7575543384253406,0.9692273398831365,0.8336964526419114,0.884913705296664,0.9122135166428975,1.0822623056950675,0.7080251368911492,1.1019989085319557,0.8410577392323272,1.1289772834262926,0.9319594948898853,0.9323321351566286,0.670456926681075,0.7016264323301895,0.7573992534168295,1.0874068870168165,0.6463554058183549,0.6943623085284537,0.6959713855849488,0.8456543639893042,0.879262725548037,0.8958275318107193,1.1330897261729356,1.0550807987778725,0.9196337193319739,0.9662025903103942,1.0162598308673514,0.8390617784650397,0.8907875488136612,0.9796410293840159,0.8375328559597368,0.6705686846802641,1.1017466099332622,0.7399507953757607,1.1705963430230457,1.0568313500807314,0.9547071905232893,1.0173222302015148,0.6934171206263844,0.5537265005111682,1.1931523525715637,0.713967473821968,0.8430211247333059,0.6332210648453981,0.5223699709231048,0.7372712117065364,0.960806296752048,1.0224280544667994,0.5220000576890487,0.8448931664792882,0.5745135967216706,0.8200735033027888,1.0381208493924967,0.7190926368874656,0.8500123740069802,0.8661429108893322,0.8436090159776135,0.5746644506555685,1.0692666979437089,0.7623241088315461,0.8754466779072191,1.3221970255711086
Australia,0.8264512753925067,0.7618483272941079,1.0,2.447778745743181,1.792025580572448,3.14577199877864,2.2069554561950415,1.185976991508987,1.3480462174211414,1.4782725929675584,2.9615264850772585,1.4008313531517698,3.2300222902595452,2.736218343882893,1.6448467423601845,3.1893955289700626,0.8031242739316246,0.7701462762806726,2.197199917661928,1.0533009374096822,1.8121568243787975,1.3374037438566275,1.1106983033597377,1.5899364062632573,1.8760349204343532,1.1894284065054017,2.7722779192199467,1.7454933069925573,1.9953068256824764,1.423879848835367,1.1211853613889216,1.731839975049388,0.8652128150819897,1.0796898096336394,1.4104906500377115,1.1044674294900205,0.8734161083659998,0.8250531695110102,1.435688921265848,1.4195192240405115,1.9049986061747641,2.3139755795947012,1.7742130755908032,2.1651017079831973,2.9675828192924234,2.881863769649928,1.7545695229901275,1.3272990091102324,2.441212006274034,1.3337570243926524,1.4042853544170955,1.8998709437158152,1.9299849701748013,2.340717922557905,2.1920990793411037,1.7043191588329705,1.53546162736256,1.185254055028649,1.1199674432657831,2.687506867704469,0.9663868665974484,1.10529018815033,1.6569029259995929,1.6502064602305115,1.4911299603938408,1.7141781195476555,1.5474956516662104,1.7391862199239598,1.649486579043947,1.3242943810464762,1.0689117979622418,2.136907295246635,0.918092697959167,0.9561699723045018,1.6205990220497288,1.835373153619044,2.3282537119592424,1.832071448067033,1.1733729211159136,1.867646385208267,2.218439578941863
Azerbaijan,2.3440881519070658,1.1297746287376964,2.447778745743181,1.0,2.831005356159236,2.8554402443823794,1.5541182208429498,1.2812505793364577,1.4890016620401363,1.4502780598153795,2.631684629871558,1.4403473111730432,1.6112936687910357,2.1389911798621783,1.4731998312949386,5.570566312429163,1.88959140516847,1.583181844684072,1.8738298651008145,1.8962815647111508,3.4330030249697403,1.1843730297650945,1.3691876052219794,2.1190882289100825,1.43442473000259,2.2113023267187946,1.2784237962457026,2.4311539458285556,1.8007564435814358,2.350897008809154,1.1276074949818042,2.5994751836958194,1.5414491672940962,1.8050812684891597,1.288021208944226,2.287478039270958,1.7025981730508957,1.4256904821695775,2.0978180475559727,1.0421267819108202,1.4943190781352176,1.7537032213487407,1.4660747072322153,2.329276242418614,1.8112191423926747,1.6517328590763654,1.774607727736689,1.6764604554658251,1.8733774551188564,1.4126559178190758,2.0500766680079416,1.5186880232483404,2.9890931877681215,1.9838722048455997,1.9845877378872105,1.358730077501386,1.9794588288209225,1.7268299693468956,2.6658126812074103,1.9690260500772394,1.5519790019579707,1.604400238776811,2.107637478594178,4.050598513530362,2.0340927564465177,1.1859132167867539,2.060288468028078,4.019615023671146,1.9894334947071166,3.002131065111675,1.4338611275852078,1.6177267017475456,1.4878255722983957,1.3057867149791307,1.7387723985168793,1.665047972941171,7.319898977996424,1.4765244321889963,1.349589555938486,1.4883865542526584,1.698684157699316
Bangladesh,1.2760146989060501,0.639206223583265,1.792025580572448,2.831005356159236,1.0,2.1142481433208435,0.8915157322266151,0.8398047065269921,1.0926421579799754,0.7072034058770874,1.0171189860620802,1.1391645604607992,2.8083957907429853,1.0012278151686675,0.8889784993397042,1.7553111684556089,0.47089810272526605,0.49865422342492444,1.1628001405677753,0.7054770886819199,1.017404099727858,0.8212227210843033,0.7418072599269271,0.7896220971789901,1.1277832077861025,0.5786678624605041,1.1612017415475877,0.8998878053266026,1.540789322326838,0.8816072359918735,0.8619330764636802,0.6608852166757976,0.49827130468389413,0.6682720370525661,1.2711122926166292,0.5351520716831804,0.5625132748090412,0.6399821805186927,0.7918489194609711,0.828490777170002,1.0423574227270358,1.4596414747376267,1.1349414123752786,0.8295176538570805,1.0730762078491627,1.206674129057658,0.8775362715246781,0.8341236686996053,1.2684807542305927,0.7915328334210525,0.5969791397540986,1.471074925610753,0.7010320246423092,2.421044905832685,1.1849468350369787,1.010178291272351,1.1165770481667991,0.4594989323377869,0.4841601954589496,1.5363772902147854,0.6022520191568091,0.7827559952153196,0.42167153549848096,0.571280664306852,0.8431936970657224,0.9593708913636751,0.9344731725508949,0.6248472067824276,0.9033771244991823,0.39053083677348704,0.7396693111404156,1.7094569609589527,0.5921754875525489,0.5994803210095779,0.831560533054274,0.9383065509791478,0.7436581166104389,1.8257804327940839,0.641503102037458,0.7747349592961122,1.2773223119482067
Belarus,1.9060215622627086,0.9038917119070103,3.14577199877864,2.8554402443823794,2.1142481433208435,1.0,1.0213051192129852,0.993645089774937,0.906525698078861,0.8550793808527818,0.8587132771845271,0.9592514535503238,1.3400814946427448,1.01006130699052,0.9549141571209712,1.6715865203414149,0.8739572474752081,0.8360078722796962,1.0832172045716137,0.9989388709998785,1.1466299887575122,0.9369861372309852,0.9629421395532299,0.9695206988008858,0.8724559578018174,0.9444182109735461,1.1025369924768904,1.0696970548052949,1.1920520015941183,1.0722418750046714,1.0550884147387372,0.8795970759970172,0.7799612868823378,0.9376819229402696,1.001699259054919,0.8822694300208754,0.9066601004814073,0.8415314146051948,0.9756496833832423,0.9503547281329687,1.036869826702119,1.0699843872570929,0.9082391379533336,0.9796451453784635,0.8954969148715516,1.1844583858096474,1.023653360603982,1.0010915814826833,0.9298126979395753,0.8806989808663516,0.8860407455858039,1.1717524893674494,1.0302651188079288,1.185911217850046,1.0685128926916228,1.0923492739783565,0.9227493451890966,0.8879165487987034,0.8534495745362798,1.0196509904426763,0.9530199240731908,0.8997597952332061,0.8634229531766526,0.8319334375611759,0.9324346506491493,1.002410540983782,1.0366417222364501,0.8660317298418193,1.0445586972080498,0.8373921917527507,0.9680067473454229,0.9587602818213072,0.8315308440532269,0.8513648956069958,1.0112677137491297,1.0629138358890287,0.8112924254661747,0.9619944888793227,0.9281538050513864,0.9520969258412846,1.129841349558961
Belgium,1.6228478479319748,0.9762000109127281,2.2069554561950415,1.5541182208429498,0.8915157322266151,1.0213051192129852,1.0,1.0873110737458462,1.408981310407047,1.212468781816892,2.270382821573314,1.296007247140943,2.4258776143025527,1.721396040884458,1.4932073833845492,3.691988635843571,0.8988643710300585,0.9007641888860952,1.2798841453607128,1.0154689316112926,1.9392084239963083,1.1601770138991225,1.0800274605127984,0.982571862330218,1.3312599562471592,0.9631159005751794,1.4721814264097228,1.3580718438159063,1.5737928477081797,1.7822557713273683,1.0337382322503879,1.499386915706803,1.2906559929634795,1.1992749410018626,1.8843401952606422,1.0833932507522859,0.9340143519939469,1.0032865714168882,1.736052964894629,1.20387815636226,1.821515590868011,1.2912435470315387,2.090650563510865,1.1915425843059757,1.5302639012288346,1.970797368548148,1.5008354085067928,1.2093248717505232,1.7743949104736672,1.2959776391979996,1.1075348303938848,1.594309734957754,1.4664739366688448,2.142811482873126,1.454149342995623,1.3959776055958384,2.0489049639618218,1.566983374102171,1.0730595751827592,1.415340281499018,1.0957874640532517,1.4011341786475007,1.301484828086249,1.5493340908808548,1.5984650650897316,1.091445992216537,1.4106319958884224,1.5986766273210213,1.523217605669111,1.0397249276075404,1.121001550509297,1.9526086398523637,0.9236249829368365,1.332264333172466,1.4052291994724224,1.4093052449553534,2.486399203577001,1.4372097168301738,0.9825040105899973,0.9366554757545158,1.993963065076389
Bolivia,1.0541919765097694,0.9393572050714705,1.185976991508987,1.2812505793364577,0.8398047065269921,0.993645089774937,1.0873110737458462,1.0,1.7261777102651508,1.5348937709326174,2.5100062219614316,1.4872368446674822,2.0174061395519587,2.1436380512212057,1.4755091822722273,4.107637445125764,1.105580648816565,1.240335073033941,1.9867975570982337,1.1903428728252374,2.7821583387699205,1.2281787479977553,1.1019977740783269,1.2595223337500683,1.1898626607144822,1.2804653765118277,1.685019077628158,2.1255879588226496,1.4302131818381563,1.8145680935089228,1.2495923565287281,2.3519342254577853,0.9704462285102048,1.337421394490647,1.5366176659983484,1.5516928769447906,1.1752253689673795,1.1488590640791385,1.3107792866014465,1.5277335790080473,1.6239107173252918,1.4581027948853835,1.8823984210847169,1.4039791092819027,1.766712842616496,2.3985962752372685,1.777473804501353,1.3600537297600497,1.6931076856221465,1.4616275969833643,1.6537410364061884,1.9883576476730895,1.6160375698080887,2.7856766316037165,1.3859835274311554,1.2590634256909798,1.8965943962056022,1.1401313411976208,1.578259482775877,2.2920754281232703,1.2772017923299943,1.5387594640200921,1.6168534030429784,2.2357427987414025,1.8497379563185392,0.9987115985018892,1.541819148212374,1.8777807341303143,1.6953660416640333,1.511226822724626,1.3070237026808167,2.455766992303918,1.0994860158038842,1.034578918738549,1.6987248791260134,1.5244229664829987,2.9374911431587045,1.6148274258199096,1.1583854796105497,0.9676484760099917,1.7952515181038757
Brazil,1.0404159785879226,0.9380100821884517,1.3480462174211414,1.4890016620401363,1.0926421579799754,0.906525698078861,1.408981310407047,1.7261777102651508,1.0,1.263807338362164,1.6218795340897387,1.2312306771039305,1.5547954733615068,1.1713030568280223,1.486176886030858,4.016156396325503,1.2349490592826138,1.4516944331473702,1.4177786346372003,1.503982588855792,2.4171894457935337,1.1923225263288366,1.2167633387500547,1.0598595060481986,1.1398931951878255,1.2743174439832832,1.4554598921798545,1.5715490473098315,1.1838408026133738,1.9390326105261644,1.3438476482250423,1.989054135463405,1.3524338106040992,1.666891088302548,1.7722571667410403,1.413236951680925,1.163273216691698,1.073551027485106,1.3671206403102476,1.4247749937431295,1.6014548282022245,0.918632079284465,1.9454033375855175,1.1194139321349734,1.2084564488946317,1.763801900817785,1.7361338433816165,1.2616767278417853,1.0912136401964343,1.2075726744189441,1.5495276099966342,1.6891308206220483,1.2638683415846685,1.3834175641778372,1.3889733845767425,1.418842566619852,2.1346905742255244,1.443629848893019,1.6038233179285237,1.101427706535747,1.5465997447101032,1.7462801044018916,1.5276831735048895,2.4019819166074994,1.7734659626880698,1.196737898074329,1.3766201106826874,1.8967138633819207,1.4542646232421512,1.54470842651696,1.4440847789946603,0.8735111736738234,1.2758742172403166,1.211330594122405,1.3555439414318171,1.2049370221488138,2.4985304240320616,1.1695543544152107,1.3129866791007714,0.9931231337744245,1.1356112259348279
Bulgaria,1.2156037872846597,0.8122913515535843,1.4782725929675584,1.4502780598153795,0.7072034058770874,0.8550793808527818,1.212468781816892,1.5348937709326174,1.263807338362164,1.0,1.693878750934335,1.207136350805208,1.9537025557388368,2.358611700427119,1.1543536600842097,2.88504706597049,0.8318878246293169,0.6565153221958117,1.6039904559784253,0.9532636247133239,1.4824070951761077,1.3098024264612367,0.8939645155011364,1.0444288749600046,1.325076531760656,0.9951525811765162,1.5018790084551061,1.461097074910413,1.3371326632900822,1.4981103988956226,1.0133486290556202,1.3749482242779045,0.8817713283850391,0.9107016403237765,1.2680186670983975,1.0448864942573965,0.8429211472093713,0.7248933274428538,1.3940043522122607,1.2847429542369866,1.7155852086832792,1.219391290110174,1.5034234188311686,1.3757940377816538,1.6903050175307859,2.080781598119308,1.398353214065021,1.0854629281970556,1.3104154277139142,1.1841470470873483,1.194528952274298,1.4870235445165247,1.665796186075399,2.2272073943466686,1.475380713912793,1.237038005772732,1.4262600900320395,1.2973553529697044,1.0269662656855636,1.5665053295819888,0.8760352586271021,0.881016951316151,1.4008799607967395,1.395354430574659,1.1289093207886471,1.1271979920389033,1.1030468766105344,1.5992807220029288,1.11783346156908,1.2120322655060543,0.9407417367884678,0.8926119552117457,0.7493431945827521,0.9800023667515797,1.5907659820327265,1.8222107722285945,2.126824503602844,1.048692027320623,1.1708892357490162,1.1704750413521179,2.019675076604757
Cambodia,1.847397704683777,0.8527363842923613,2.9615264850772585,2.631684629871558,1.0171189860620802,0.8587132771845271,2.270382821573314,2.5100062219614316,1.6218795340897387,1.693878750934335,1.0,1.026256701334723,1.3207348489819792,1.298236419178285,0.7345216656189675,2.7744035845897534,0.882988491995305,0.8257751064452916,1.4135267493197348,0.9195787005686636,1.3503096464961166,1.2931701345407938,1.0006337096501112,1.0967298706410253,1.0686818217212755,1.0303311239339494,0.9091181750122829,1.3835216732350344,1.5185943377323605,1.078677972164109,1.1552929630632072,1.431748920609576,0.5882613383987711,0.8927453998369279,0.933366896902684,1.1204685617859893,0.846777336786628,0.8329319045529608,0.6895518377227724,0.8581461680518196,0.9084219459686607,2.3441217506223033,1.0569310954192666,1.0746611625330917,0.8017832740438606,1.230029274570828,1.1884978535085757,0.8261549489455109,0.9600115777180663,0.7950508845508261,1.1818984467544233,0.9612268791237807,1.3067737145937899,1.9885245200156976,1.3373760625731421,0.9869404826689266,1.010673080739516,0.7344950877047028,1.115289898534026,1.527582752975823,0.8673366873933431,1.0104928125529808,0.9030592278514686,1.3694953769347187,1.2908708808800882,0.9884576279122054,1.028916104733744,1.299115991904237,1.50351745040958,0.8846552109846458,0.7370204860301267,1.1402713163368512,0.7732996774901686,0.7494593030897965,0.8849200826578824,1.3191442285075743,1.3731640768765927,1.127914816673911,0.8093766893618587,1.1456241734487025,1.3688147564447808
Cameroon,1.6091346137514593,1.0484849441841577,1.4008313531517698,1.4403473111730432,1.1391645604607992,0.9592514535503238,1.296007247140943,1.4872368446674822,1.2312306771039305,1.207136350805208,1.026256701334723,1.0,1.2685774721332228,2.1512548330719174,1.3422958818041044,4.877357296722124,1.9834524737595531,1.8122136138298215,1.644044585528995,2.118841750690479,3.106229202744223,1.2246132956403017,1.4423857368433262,1.5093130040161504,1.402654979267249,2.0085098028851642,1.2435884824171548,1.8983715498185714,1.4648873805223683,2.5729427407601495,1.0800579892260616,2.2392957771102653,1.7234107104855307,2.11569235682965,1.20894833947088,2.427449921430482,1.5863727575871562,1.2808649601223163,2.075002974034778,1.227149901935807,1.5114106414840764,1.252310090149455,1.6483210055900113,1.5016811734822588,1.3707198757742691,1.4231105111233644,1.6096639831057873,1.5706645500781728,1.4654431902016312,1.28854075666785,1.706157957186516,1.374559532247967,2.0591019655560756,1.4495382044470349,1.4784614401640015,1.3480482359629202,2.129484352502607,1.871537911888128,2.605768384546734,1.579221815028169,1.5527263552856514,2.0183206664232882,1.8581534471783228,3.4723229722092817,1.7080721809465895,1.2041925728279157,1.8998592229471911,2.916282468769515,1.7464851271492654,2.558905184240652,1.5681820952416252,1.201124738556576,1.6707439208611878,1.2831497658761168,1.447497592373834,1.7385635466903315,5.149242199630536,1.2150695208631703,1.41572338307074,1.2401995120177285,1.933444781698761
Canada,2.1235997634774737,1.1546663171808595,3.2300222902595452,1.6112936687910357,2.8083957907429853,1.3400814946427448,2.4258776143025527,2.0174061395519587,1.5547954733615068,1.9537025557388368,1.3207348489819792,1.2685774721332228,1.0,1.4725319421266894,1.3059238005549882,4.801885921274375,1.743472590474756,1.7264207176786421,1.4263195265060507,1.2065868287754948,2.615641463565512,1.2071205754854288,1.5069175778934571,1.7734992453826484,1.2501290321344984,1.5648472470891999,1.1855361436512,1.5868840947401663,1.5142266684514527,1.6312909003999994,1.1946412692214963,1.9330907719458077,1.4210482926446306,1.826434301444173,1.2698768244101506,1.6351751901789418,1.5782221430127699,1.5501578130112552,1.4843733281204827,1.0599905015750795,1.5178230200896088,1.611937196420712,1.3726887925167373,1.6951227849155603,1.5603800317535133,1.129503303689443,1.486402873393755,1.0882974882928014,1.3526165599434674,1.1741868895472567,1.5917174855226317,1.1905076377129427,1.4932808109348978,1.5579183581294214,1.339259123137483,0.9395592590772984,1.8002804176688765,1.601611976736435,1.7750637079201352,1.5766972133291008,1.4060113828540246,1.4966243366216487,1.4571302789866598,2.354950078904307,1.8920194372779453,1.1275416537514806,1.9381479381726916,2.3004773460999783,2.011762481907054,1.7714727106814037,1.170096251661009,1.936160970987348,1.6571215701147082,1.2807240476242796,1.3365121639423365,0.9905864927274498,2.3417236911837964,1.3376878071859528,1.437128489491383,1.772325002557465,1.331308524660752
Chile,1.6556593851369474,1.059012875132775,2.736218343882893,2.1389911798621783,1.0012278151686675,1.01006130699052,1.721396040884458,2.1436380512212057,1.1713030568280223,2.358611700427119,1.298236419178285,2.1512548330719174,1.4725319421266894,1.0,1.1396796693523554,3.874495641811242,1.2557208258004167,1.1365019371200076,1.5179723416560515,1.4094407279985486,2.5177514898199034,1.2258119823934925,0.9285824654283739,1.0022905862079223,1.0630277335775524,1.1934326755083593,1.0572690439583339,1.4975406102120778,1.6803554469082422,1.6562108324715608,1.0833029627940487,2.041718309103055,1.058721653370142,1.282795225536707,1.3471614044957496,1.6543639019550618,1.2059039176129975,1.0486274403745477,1.327061690828598,1.0982257046100559,1.4764873335427047,1.4031584456075472,1.3328158210440044,0.987374377810099,1.0170839214868495,1.4559469773207252,1.5099362528696427,1.1774518025023846,1.2422503261458004,1.1581627889857875,1.6240413654758032,1.3232102636044492,1.5418661789917818,1.7050655461739634,1.439260738250978,1.3070661916395403,1.7068921292166352,1.1952751935896706,1.7203895150982353,1.0103856820695623,1.2768818123982082,1.4363785595891188,1.5593222175655124,2.5517118350903485,1.438585055980461,1.1306159676788932,1.081699450047879,2.4096130841968755,1.6969671364805332,1.4620206060040097,1.2289101472424253,1.0872475266718287,1.0071025400219464,0.9955938285577804,1.2162288864773174,1.6097625394484947,3.6708305258196745,1.141963958585607,1.1131175074109816,1.0489584015027436,1.793289285544068
China,1.3295950650230413,0.9803364115768137,1.6448467423601845,1.4731998312949386,0.8889784993397042,0.9549141571209712,1.4932073833845492,1.4755091822722273,1.486176886030858,1.1543536600842097,0.7345216656189675,1.3422958818041044,1.3059238005549882,1.1396796693523554,1.0,3.6963018648694432,1.111983615494401,1.038133869555155,2.3396425332942443,1.1713831628830225,2.387648737259485,1.3459611623098588,0.8790337696089868,1.2093019160921616,1.153098505280534,1.2352348822858061,0.8604031527175108,1.9151957861685571,1.3571469665339362,1.370558148087729,1.1479100873187786,2.121057941782879,0.7055255354700484,1.1112955258271668,0.989176226998106,1.447861791463243,1.0984073386821211,0.9903189008169655,1.1446631572389756,0.9110456797950979,1.2654206938513552,1.7663025561833927,1.1247785843896574,1.1456109304708488,0.9870156506761073,1.3264174931380752,1.4508556666872763,1.020717189490705,1.8607534690901666,1.124547803907498,1.6148891392453406,1.1371532499758785,1.6181686693752817,2.9253721747231856,1.379422222128942,0.9607210083719893,1.4325103813505047,0.9559477430725312,1.4556474912527906,2.468616992287276,1.0190232981827942,1.1721496951157162,1.253541925108909,2.009818610248822,1.3981974030113093,0.8764670211727704,1.277724966838158,1.8114753427107515,1.650122129976563,1.2273694174316914,0.9629516130772964,1.6598846320442924,0.9582359180373143,0.8391091328007844,1.2549477454587084,2.098663416322376,2.5655540405132826,1.3694394666491845,1.049759603172452,1.0620400338259668,1.456899541920794
Colombia,2.030396633561688,1.0526219082717199,3.1893955289700626,5.570566312429163,1.7553111684556089,1.6715865203414149,3.691988635843571,4.107637445125764,4.016156396325503,2.88504706597049,2.7744035845897534,4.877357296722124,4.801885921274375,3.874495641811242,3.6963018648694432,1.0,0.8113738573896694,0.8014408799261817,1.0243279873135138,0.9126562408136074,0.9901328941520423,0.9431317645529907,0.9422544768905821,1.009964563892503,1.0664971157629424,0.8822988116252068,1.050273303980344,0.872384187749541,1.038013419581695,0.9872337815029494,0.9346056887199476,0.853619896928194,1.0381835671420232,0.9023511836291749,1.059565114821539,0.8296793049550714,0.8768727604858513,0.8647750231274188,1.0604624237360007,0.9990491343230388,1.04518034458757,1.0415384598910584,0.9782417315820702,1.0119061852443556,1.078241008851462,0.9887080598011336,0.8200403929075007,1.0265025181208154,1.0654589517609252,1.0647870648471653,0.8742796065329664,1.055466541317802,0.9082814013207836,1.0565657977365461,1.0174220448707887,1.0087891174302628,1.0705143165328623,1.0014751265438209,0.7747105726614472,1.0714486836947943,0.8620172829830769,0.8465852070141254,0.9034280184668603,0.74480873516406,0.7645415877489644,1.0212525366694738,1.0165696154068802,0.7183927713587461,0.9500476318130715,0.8299013193525274,0.9884970266009515,1.0442768723595972,0.9262912483937129,0.9883172695954798,1.019898712530396,0.9538818986644704,0.8659949278921782,1.0037323612377764,0.972044389036194,1.0099214237390062,1.090782542655231
Costa Rica,0.48723402640097074,0.6087518216170056,0.8031242739316246,1.88959140516847,0.47089810272526605,0.8739572474752081,0.8988643710300585,1.105580648816565,1.2349490592826138,0.8318878246293169,0.882988491995305,1.9834524737595531,1.743472590474756,1.2557208258004167,1.111983615494401,0.8113738573896694,1.0,0.3969735493891091,2.0263856481064506,0.6425825853380526,1.250335053168985,1.0349517687003198,0.7830074609591073,0.9688835828858878,1.8836540540370341,0.5821347143318416,1.5036757702834997,0.9868887558357889,1.9717341622104536,0.9360806500981144,0.8147520977396813,1.2162123583507425,0.676121707140147,0.5924131224164804,1.5973772081798836,0.5595830191545005,0.3461692041380878,0.6414011680476412,1.0279953511576163,0.9055822035385903,1.2912262738992306,2.1377207827627585,1.3379129487164019,1.1046234293837591,1.5429494642324662,1.4656548723752842,1.2635685951205635,0.8906619227005663,1.8494910355078884,1.1899581453414083,1.0416647791620237,1.9420692568478262,1.061985220977653,3.734175936700838,1.5938272498196853,1.2218230212646353,1.2819571602795201,0.9279690940846659,0.4981250187806827,2.6500755413120256,0.5696981801431406,0.7841787256749663,0.8358167320405625,0.9344161053359471,0.9721287841492195,1.2476662431368792,1.0260091991733111,1.0077087376439842,1.086957903595404,0.5077828059075219,0.7264656701346094,2.769026398583253,0.558578175221088,0.7995605853088882,0.892834418543062,1.3236612817331346,1.4805252352561262,2.693824395688174,0.687501269242631,1.1501458540110012,2.5023846491280404
Croatia,0.49807179826475767,0.6115203491973018,0.7701462762806726,1.583181844684072,0.49865422342492444,0.8360078722796962,0.9007641888860952,1.240335073033941,1.4516944331473702,0.6565153221958117,0.8257751064452916,1.8122136138298215,1.7264207176786421,1.1365019371200076,1.038133869555155,0.8014408799261817,0.3969735493891091,1.0,1.5100780486828347,0.633576200513162,1.1014451044491134,0.9751905493867852,0.7748561930015466,0.9971430954371919,1.7675030110056194,0.5327867647941165,1.6909276549320367,1.015991269236295,1.6294180797339608,1.0169846723240854,0.8346176105596398,0.9004425845850479,0.7754152964962145,0.634911209149093,1.6464802543654051,0.4226646636611557,0.43507710300354074,0.550707695278492,1.1999132242546569,1.0040694648893573,1.4996576836229074,1.3178017244749438,1.5397071549513932,1.226500613944054,1.959011387619737,1.5224232428128148,1.324037758598528,0.9594296310612576,2.1342539900615085,1.381255384222961,0.8168111278540946,2.6429451048422803,1.0533362619580555,2.8429281473612624,1.491354286208394,1.1934574197671526,1.411200765763023,1.0675120989025275,0.3997915754666889,1.8412293145375955,0.5249246240031129,0.7393471319966728,0.8706245134324152,0.70737786929724,0.8628405855062156,1.1731970836547045,1.0940646746139142,0.7978496032316323,0.9195967196089821,0.4933131192608501,0.7763530466359814,1.847307511897665,0.5009091024905677,0.8720581052587969,1.00199985910017,1.2637262116141548,1.2435398471261816,1.8908225259294071,0.6919601283620739,1.0798681952204143,2.620339595815349
Czech Republic,1.6679347443563486,1.0209502629785878,2.197199917661928,1.8738298651008145,1.1628001405677753,1.0832172045716137,1.2798841453607128,1.9867975570982337,1.4177786346372003,1.6039904559784253,1.4135267493197348,1.644044585528995,1.4263195265060507,1.5179723416560515,2.3396425332942443,1.0243279873135138,2.0263856481064506,1.5100780486828347,1.0,1.0970383663830627,1.8525744137664482,1.0254759873103791,1.0505268208786451,1.1166520437786014,0.9935597778099898,1.0579550151768966,1.1202974209564542,1.3771661829113673,1.1993596380550462,1.4634069413211122,0.9885613701254168,1.3780340759635183,1.0898742663333973,1.2688675825549727,1.2922264976830824,1.01538774636354,0.9769718597120447,1.0173535077632112,1.3252436642656522,0.982838400083832,1.110174734149912,1.038075984489334,1.3972253955667888,1.1792149792230835,1.160178835926257,1.1749824525988284,1.3703420451631834,1.1579352069540878,1.2727823125844384,1.1586632642828416,1.2088293223381523,1.4252982399075105,1.2733418888013999,1.3644056247224527,1.2261862713546188,1.0783270887539378,1.9572894255047641,1.2167898146623675,1.0436949445830506,1.0654026382564652,1.0600627157995048,1.2926631176062129,1.0816944619895152,1.5340036799152301,1.3845354129903769,0.9692137073251668,1.2180505137180742,1.5119454664246068,1.2275729840320733,1.0244264492465565,1.1563534481953441,1.6241003746057454,1.0629073263539466,1.0960133475125404,1.0621211881689305,1.267142008389352,2.0977304497976004,1.3453902599496157,0.9969301884476376,1.0012617581703627,1.471174471762717
Denmark,0.675935028913149,0.7575543384253406,1.0533009374096822,1.8962815647111508,0.7054770886819199,0.9989388709998785,1.0154689316112926,1.1903428728252374,1.503982588855792,0.9532636247133239,0.9195787005686636,2.118841750690479,1.2065868287754948,1.4094407279985486,1.1713831628830225,0.9126562408136074,0.6425825853380526,0.633576200513162,1.0970383663830627,1.0,1.659513848991228,1.2234237875527816,1.2281324680634838,1.6738467366317362,1.8804698376122013,0.9805182022043597,1.6751421623305054,1.5519067576841576,1.6720556472911607,1.6512600275859197,1.1240723176364067,1.5155569207059232,1.2122967427579308,0.8932904914814105,1.6554639297646392,1.0242738036418848,0.8162858705518735,0.9194319514068146,1.8268577160774224,1.469713279620135,1.616916434348577,1.4209214162984614,2.004516756254554,2.0176670167719215,2.90717295099936,1.677943599562625,1.7838722824260238,1.1088776988510562,2.1529493382737535,1.550869955553164,1.3615634342780527,1.4578929237568714,1.5814240171062595,1.7018476795352426,1.9954697463248343,1.3554596130022996,1.8367881281120533,1.547720838825351,0.8967931878876738,2.4923079502875005,0.866893044245942,1.2936193303988521,1.4608776070933556,1.3373825049152088,1.3229993113441796,1.5250764382105426,1.5135830022074472,1.503721818858368,1.3234914901485961,1.2298478538048234,0.7714265981336348,1.8757387425622791,1.1552987074894623,1.1724937351708826,1.5614544858088484,1.278226852116044,1.8870377324359942,1.551092184441839,1.3170798336836465,1.7705046321110236,1.7646164238219695
Ecuador,1.1878222967232581,0.9692273398831365,1.8121568243787975,3.4330030249697403,1.017404099727858,1.1466299887575122,1.9392084239963083,2.7821583387699205,2.4171894457935337,1.4824070951761077,1.3503096464961166,3.106229202744223,2.615641463565512,2.5177514898199034,2.387648737259485,0.9901328941520423,1.250335053168985,1.1014451044491134,1.8525744137664482,1.659513848991228,1.0,1.216669838100631,1.0898890557834915,1.0810505211314205,1.218952205153119,1.038172127453151,0.9884469314853881,1.3226107449322138,1.0530150636440079,1.1920419543068863,1.1198542215667098,1.8521746611196201,1.2723683682112568,1.2901838136489414,1.1319513793128917,1.009852364780937,0.9700778955229429,1.1274720809085923,1.1032290974594916,1.159792076126113,1.2320039796644762,1.1856804448250295,1.5711717604912705,1.1737604829846016,1.2382493880210121,1.147270590498881,1.5549203318122196,0.9720298293564623,1.3102512511987756,1.2658198603905646,1.3679476751692639,1.0900246224878571,1.2280541150369482,1.465525531301544,1.3348148857029751,1.095317091269716,1.8936354411425307,1.4578656766144944,1.1461314222736763,1.0544666747483022,1.1293170863665927,1.3778377382579818,1.4474833176732174,1.9839517846552455,1.483651461392551,1.1704518606994152,1.013968248124529,1.623545927566528,1.1857569908880772,1.2843421707195135,0.8794744268183503,1.2464125514661497,1.2041243818455831,1.2503601262905615,1.0665245831021164,1.0763311644427536,2.4154022941255535,1.1617865555671372,1.1396826515638445,1.2261437303758702,1.2060312956270258
"Egypt, Arab Rep.",0.965804221785027,0.8336964526419114,1.3374037438566275,1.1843730297650945,0.8212227210843033,0.9369861372309852,1.1601770138991225,1.2281787479977553,1.1923225263288366,1.3098024264612367,1.2931701345407938,1.2246132956403017,1.2071205754854288,1.2258119823934925,1.3459611623098588,0.9431317645529907,1.0349517687003198,0.9751905493867852,1.0254759873103791,1.2234237875527816,1.216669838100631,1.0,1.1296596297890618,1.21489839683066,1.6438914528397066,0.9130326536314255,1.7257731451590044,1.3635860984212127,1.8878964526704642,1.4722892145995479,1.1210953613037657,1.3879064123127474,1.008827617170393,1.0510339571517615,1.964072744714212,0.8143176107627449,0.8803243297168696,0.9841949319116002,1.4018215256448732,1.2858461128959826,1.58522482525525,1.5288339879440977,1.7518311751639541,1.2479982839960635,1.5306615619448611,1.9056978405396565,1.5263489930835075,1.3446338113410632,1.6383118873491187,1.321231354221444,1.2352212048691353,2.301874566217616,1.2068595893462086,2.370297876446757,1.7702619857992872,1.591540747479732,1.7960636651193969,1.1268965887885343,0.7351937725446294,1.9947976474057036,1.020315745474702,1.3333764540192026,0.8669913524262824,1.0857567883489208,1.3786704715090088,1.4504902217956348,1.3925479713706432,1.1825082196616097,1.1552439858053671,0.7750920091075659,1.2148370675669737,1.8945048344431503,0.9739862859905881,1.143441568221881,1.2759972237391035,1.1497944027811176,1.428935299732517,2.0574409088683367,0.9915451016581778,1.212339395771974,1.7023148947552231
El Salvador,0.830217081677727,0.884913705296664,1.1106983033597377,1.3691876052219794,0.7418072599269271,0.9629421395532299,1.0800274605127984,1.1019977740783269,1.2167633387500547,0.8939645155011364,1.0006337096501112,1.4423857368433262,1.5069175778934571,0.9285824654283739,0.8790337696089868,0.9422544768905821,0.7830074609591073,0.7748561930015466,1.0505268208786451,1.2281324680634838,1.0898890557834915,1.1296596297890618,1.0,0.9807884630239572,1.2435022110407066,1.0123204297047268,1.7070338560988068,1.6132298604018953,1.437950932872339,1.820542166725016,0.9894206678552544,1.716941645834588,1.1832999360377332,1.233784763364498,1.382592468001145,1.1515176831700182,1.0047209199334461,1.0420450677674664,1.4821234708365238,1.3857802546535019,1.7205128081431846,1.4384304078388725,1.9160063511778702,1.2558811164292938,1.6337109490843686,2.7950956102960767,1.7380557247730302,1.6953874637685382,1.843814884248737,1.5608438700018512,1.3577894225630756,1.9528642622636077,1.8092448037740694,2.3724859449326923,1.5379968328151157,1.6138795112979212,2.0767317409855224,1.3073505740325644,1.1805401876149644,1.472056645982878,1.2156962703096128,1.3781937215944478,1.6838932419252721,1.7395850424474026,1.4186789588800193,1.256303525723071,1.1220709280904615,1.8100765239720973,1.4438496855130696,1.406758864752632,1.3215754771860613,2.139558219479627,0.9727251901323571,1.0809481266205248,1.6011339657930006,1.566948045933194,2.617489486697879,1.4512099660767548,1.111007799716304,0.9946114967622854,2.3860821552474594
Estonia,1.241313067249921,0.9122135166428975,1.5899364062632573,2.1190882289100825,0.7896220971789901,0.9695206988008858,0.982571862330218,1.2595223337500683,1.0598595060481986,1.0444288749600046,1.0967298706410253,1.5093130040161504,1.7734992453826484,1.0022905862079223,1.2093019160921616,1.009964563892503,0.9688835828858878,0.9971430954371919,1.1166520437786014,1.6738467366317362,1.0810505211314205,1.21489839683066,0.9807884630239572,1.0,1.0551414957982752,0.7950459901911119,1.2756340204522685,1.4986198057842026,1.562153497299415,1.4284787330125441,0.9573695835732642,1.6035732669455094,0.9556555439857378,1.0762055566177777,1.439910104260102,1.0655113592151433,0.8079818145696367,0.8847166643023333,1.2099660464093456,1.1706335769939804,1.403714920735431,1.1484721485634448,1.5800582354272328,0.5899781708633706,1.0586478916888065,1.8772471204671641,1.527655721705108,1.1731315241280251,1.1017807207556893,1.0305243072849428,1.213916082842821,1.6020970601837943,1.6125486624679983,2.433574624898324,1.4270500263398036,1.3011635443612686,1.5906242462608322,1.1700334992383914,1.1210487007437904,1.1814062200571105,1.04876739834946,1.289391648490235,1.3106530714166678,1.742523338652795,1.5154202587296666,1.0053494726662415,1.051075119268999,1.8709327597460421,1.2854839124670674,1.1828705703154285,1.0968290881731442,1.1911501777151234,0.7272378221023621,1.025263608553248,1.4126098122569855,1.6590477853128447,2.7755833721295367,1.273032699990373,0.8517938173106416,0.8000634135239025,2.072419915969084
Finland,1.9433969487071074,1.0822623056950675,1.8760349204343532,1.43442473000259,1.1277832077861025,0.8724559578018174,1.3312599562471592,1.1898626607144822,1.1398931951878255,1.325076531760656,1.0686818217212755,1.402654979267249,1.2501290321344984,1.0630277335775524,1.153098505280534,1.0664971157629424,1.8836540540370341,1.7675030110056194,0.9935597778099898,1.8804698376122013,1.218952205153119,1.6438914528397066,1.2435022110407066,1.0551414957982752,1.0,1.3329524413128782,1.2297672465234397,1.7666015869383291,1.171300534157494,2.187965869780433,1.1114989899613499,2.087618882181805,1.3087038933593624,1.4969257731571917,0.9684708609003914,1.8681770671553368,1.2595238973454868,1.1193407762239085,1.432746894520511,1.2870904501978813,1.5685166156132655,1.030391539981333,1.773371965365283,1.072055796289648,1.0848590918807817,1.6873886717940052,1.4095261407568966,1.3860371926431239,1.2712477052189195,1.2488973026308712,1.453746340308105,1.3021999091292982,1.27909823988684,1.6901835960142053,1.196415509839652,1.2591838833779438,1.9055569988607501,1.1569298888796014,2.020721196743255,1.0796674315264363,1.3422310877088253,1.4764447838543928,1.6337609280719592,2.8492391355558415,1.613241438255894,1.0015174498501844,1.2582031539671157,2.2824743441691644,1.2585628423032706,1.5760836792443833,1.4359742533795503,1.0734975849918176,1.0297509347835574,1.0187969977936535,1.4970040197641263,1.819983447598535,5.479020193655029,1.153161896302759,1.2079421863784576,0.8456581583573245,1.5923922133436177
