Country Name,Albania,Angola,Australia,Azerbaijan,Bangladesh,Belarus,Belgium,Bolivia,Brazil,Bulgaria,Cambodia,Cameroon,Canada,Chile,China,Colombia,Costa Rica,Croatia,Czech Republic,Denmark,Ecuador,"Egypt, Arab Rep.",El Salvador,Estonia,Finland,France,Georgia,Germany,Ghana,Guatemala,Honduras,Hungary,India,Indonesia,Israel,Italy,Jamaica,Japan,Jordan,Kazakhstan,Kenya,"Korea, Rep.",Kyrgyz Republic,Latvia,Lithuania,Malaysia,Mexico,Mongolia,Morocco,Nepal,Netherlands,New Zealand,Nigeria,North Macedonia,Norway,Oman,Pakistan,Panama,Paraguay,Peru,Philippines,Poland,Portugal,Romania,Russian Federation,Saudi Arabia,Senegal,Slovak Republic,South Africa,Spain,Sri Lanka,Sweden,Switzerland,Tanzania,Thailand,Tunisia,Turkey,Ukraine,United Kingdom,United States,Uruguay
Albania,1.0,0.9348830083236714,0.9860984548291307,1.186884301285623,1.6692574456859082,1.086777133804909,1.140679714723977,1.1349534292602665,1.173044259568554,1.0354742881536918,1.3893151206746301,1.3398671684981462,1.185647940219205,1.2942568224083086,1.1296572276447008,0.9679740170195903,0.777658367438471,0.6522735645999416,1.3263304852752198,0.7547921266017175,1.1750969659024526,1.65507080932347,0.9708934875650536,1.1341902828982253,1.4300098480892267,0.8480805404490119,1.0783678406925616,1.7707733822493426,1.3973129809888098,1.1384599624101903,0.9570614533459144,0.8819753487130498,1.2570844980418463,0.7297001451079965,1.4034829811089589,0.9202276712567573,0.7560483299871404,1.8327807620174779,1.3169933999515193,1.0485248011123216,1.5021556867425199,1.1867132357441064,1.0450621670950384,1.1465783190092806,1.3080228132152825,1.001866363335873,0.9864755130733625,0.9986778205175253,1.3668364142334142,1.4503093842982642,0.9447982569096217,1.2397654704171823,1.0634142152862018,1.2058802726134923,1.0154254131281424,0.944838663754415,1.042086412339112,1.5824003445371355,0.6828134921452435,1.4035583592968153,0.7898644380490756,0.8998704243925812,1.040628515979809,0.7362562730795372,0.7699846778606151,1.0387223696389745,1.1805920724156187,0.7909275850559779,1.0287054242902547,0.8452064422036919,0.9163684728211002,1.3248281425881212,0.8247229599419538,1.2608874802331225,1.2228142401272095,1.5577472763017746,0.9860208700632276,1.3813605922677907,1.1157416042837842,1.1635342326360691,1.556581574195608
Angola,0.9348830083236714,1.0,1.392355761597313,1.337289936843174,1.811409343521343,0.5576235105335587,1.2002840997977187,1.4185693440189915,1.4008292182843745,1.2506142051442668,1.7843546349972137,1.4146370062403653,1.0445657486979347,1.4673885982146397,1.540114766063422,0.446898103472032,1.2519789875615754,1.0838946449045757,1.3250335458937705,1.131522233295457,1.4946213029284885,1.7182432035866093,1.299425783004684,1.4124985403083095,1.4739848237933877,1.2077203784279653,1.422049775831309,1.8089430756088594,1.3705269092951868,1.3128240765726222,1.2151796093645097,0.7714488015134945,1.6235626050275291,1.0407798970705762,1.2557268597517026,1.1677044915330015,1.2900043075447156,1.6507870649676026,1.6242905528885931,1.3137745527952063,1.6323409362982748,1.4357658905851676,1.0676169412719754,1.4128407722628014,1.5500249334779534,1.1625773967205193,0.8013605364268205,1.4155685248171725,1.6527652677027753,1.5741699134590217,0.8643989229416139,1.4491786937627955,0.9622835451602136,1.0182770578021318,1.0502231643223914,1.2565459876251388,0.8900845665767665,1.788059705634534,0.9054023558444707,1.4767379892197134,1.1145347563456327,1.0217464242178598,0.998256833524837,0.6125453798946096,0.7257157466807018,1.2694430919834845,1.4140083249144086,0.6136461370742018,0.9414156661240851,1.0506595841747566,1.408079465389155,1.4738050547181103,1.2637288878392254,1.458548465636715,1.5306420290455454,1.601660848588233,0.5997009967074308,1.3712305768772364,1.4546032498478885,1.3252539157874526,1.5127711467515168
Australia,0.9860984548291307,1.392355761597313,1.0,1.1705683835083354,1.450939979654083,1.3340110406431867,1.2481666102749693,0.9596135468903126,1.4297691697958022,0.7869336595225881,1.1137063109102974,1.1226440010007872,1.3731073634084179,1.3259677647404797,1.022140539532122,1.326489638266956,0.9282478681133001,0.7993317364337196,1.2553170093333024,1.1664373983823704,1.0952599535237035,1.4130606365663456,0.8576979215982192,0.9479502913473956,1.193438531264253,1.0877730425892442,1.2101831566991073,1.5876271062108238,1.3407635049761515,1.248822113924628,0.9269503352011096,1.1888027425369152,1.0920464605816005,1.0503169623251205,1.3937691435577386,0.9850506026086864,1.089488376165554,1.7570802279880189,1.211926451274584,1.043149823998828,1.0924447240299475,1.3688416630415916,1.0860322348380012,1.0878297949979925,1.0952930427212324,1.2961549403349146,1.0979051388261778,1.1961872818828565,1.409997386188074,1.0810243834284863,1.2260863495120466,1.2036446324012162,1.270766752297225,1.3266179309422768,1.187976072243333,1.1937429733575993,1.1644340210046218,1.2676616529599858,1.0903977558152176,1.2475021028648399,0.908155990634778,0.9207538435085604,1.3307720141422514,1.1816873862602917,1.1012358249667327,1.1050953684970666,1.055469890852086,1.2098016629425516,1.24286041285381,1.0678884022637722,1.201429146109734,1.2056012975823003,0.8853565622447568,1.3084057456283829,1.1279540482478978,1.6460594476281056,1.3170872150557682,1.4474957495480052,0.9546285712127771,1.0139375966597606,1.5961958671052063
Azerbaijan,1.186884301285623,1.337289936843174,1.1705683835083354,1.0,1.2953758182223036,1.3644917164013308,0.7290161348447252,0.7894371226096998,1.4883671564478687,0.9610227303896458,1.015372281548049,1.447718327707739,0.9158392111881402,1.434235083009575,0.6351775209994895,1.2510629377139393,1.3532279570125325,1.1889749583546245,1.5588449907686535,1.0375782510154317,1.2973906186231743,1.31348304692654,0.8445412515218693,0.9057038625480321,1.402175415599892,1.0376154102153832,0.8044851818284573,1.6928484443912708,1.4691119753416386,1.0480711013455384,1.4001329421494675,1.4565050510808988,1.1456138877880857,1.124830108142223,1.7018497918661717,1.3456793623681347,1.3484101791417324,1.6789542182190855,1.0714246782374166,0.6375047959762385,1.5922984603673338,1.5907717948044802,0.906960303392313,0.7530852976104357,0.5932977858708556,0.6658677031452069,1.0234522995407742,0.9588946156287451,1.1510055103471355,1.3756564880712316,1.2750592895790578,1.1825370374381934,1.1141052723109823,0.981846593910715,0.7970182431888582,0.6363537180516622,1.3821610061649185,1.444224133577225,1.2077153036815385,1.1931483096220565,1.0136037734343635,1.2496234688267762,1.397527240218352,1.3177729761505355,1.0327694943446772,0.5660103132374285,0.9544802981568309,1.2128743309398358,1.464332272854835,1.222554698270368,1.0892445858302746,1.3741217212733536,1.0737496810885143,1.2295670930623839,0.7760604177492311,1.237176513863883,1.429947395604836,1.2570909346430958,0.9368736550288627,0.9943676203044087,1.4715294443659954
Bangladesh,1.6692574456859082,1.811409343521343,1.450939979654083,1.2953758182223036,1.0,1.6644717900421324,1.5207392192726947,1.191753399018476,1.381758229986904,1.580564332891515,1.1158752150031754,1.241054722026096,1.4815417444192822,1.595369559610441,1.1579035456105984,1.7041779147197262,1.674056099732214,1.6563596397310238,1.7184544288047907,1.537659536420477,1.5337339427266372,0.9685193520254584,1.4280968302835146,1.477211625947927,1.2554465488098367,1.6341538526507275,1.4307130061578537,1.1667929723778163,1.4875354715666098,1.1898809678831312,1.6155563353893618,1.8702486112978143,0.860925423482449,1.6001761599724311,1.417377272668099,1.7052346348591243,1.52086621388163,1.3569596392426766,0.9479106165466481,1.3546829648743424,1.1102404743153267,1.4898752014093775,1.3199042567710302,1.437585828316483,1.191256103250229,1.4473587502937606,1.7325794558777978,1.3150904596215007,1.2388091030241546,1.074986978532214,1.820571610327706,1.4107268506215445,1.7413837127054181,1.5367418787911624,1.4923128934342238,1.3737817920575879,1.4844598917304097,0.6564705660087172,1.7731471300520871,1.3433059751642775,1.6503424206011639,1.5936048296731582,1.8825643297808112,1.858870262456284,1.692228917995964,1.40927658910244,1.3666014657106482,1.8227269293188368,1.6792314945661335,1.8424308197227277,1.343675535127432,1.372130111767819,1.5068548658973357,0.914304949636487,1.2834769854016235,1.105978330501006,1.8749292674164084,1.4482858605132671,1.4147543970033465,1.6259119130081254,1.2560885446750976
Belarus,1.086777133804909,0.5576235105335587,1.3340110406431867,1.3644917164013308,1.6644717900421324,1.0,1.2101859465987463,1.3375623525095304,1.4407661870311028,1.2755544942168873,1.7829374058287795,1.3620937354052518,1.0066516685821756,1.5835435297189917,1.486631465750806,0.5505297856883352,1.3554546906558107,1.1873050175575237,1.3262542824755468,1.179934030830051,1.4845527936894878,1.6221462534530677,1.176635972700105,1.3987305434707717,1.1925691298787386,1.2992916526424936,1.5089939686030553,1.7693316427318173,1.3954474717866718,1.3906817814698096,1.156848041208127,0.910490373726967,1.5100104907626963,1.074382493268394,1.2161937801081768,1.2580217706444135,1.4016470809976775,1.6293603834362147,1.5798526474233854,1.3404826496779656,1.5583197093527703,1.5050151329324089,0.888487015956164,1.439053534968523,1.5234433170177626,1.2528820887618461,0.9018758799107496,1.4270470808213283,1.7326926330422037,1.384087153141936,1.0463510773173106,1.471742843607727,1.160993450267547,0.9979939775468715,1.0269041555505483,1.3158227822629824,0.7638299705148935,1.6151470044399763,1.103017294268298,1.4541395750494404,1.1867607172529335,0.920391478328406,1.305228130618124,0.7729148977684008,0.7166303717816865,1.3146594449785722,1.3010224692434336,0.7624227570623874,1.183629302073336,1.2690723638435493,1.436462856020509,1.5071459116999482,1.3035236368252798,1.3192495924303949,1.5438180836320572,1.5730222771320859,0.760161829864238,1.386147083814978,1.5307566250818279,1.311789731719869,1.5771159170871187
Belgium,1.140679714723977,1.2002840997977187,1.2481666102749693,0.7290161348447252,1.5207392192726947,1.2101859465987463,1.0,0.9093420627584121,1.3905133506043728,1.0623893481283802,1.2675456147431468,1.5962809703862413,1.0309129406952533,1.2345573374542262,0.9899232844935353,1.181086744150459,1.197282899444241,1.1161058481444714,1.5250092412505154,0.9313966888393104,1.1728359047129375,1.5105202117405245,0.7954843557175089,0.9047710955974866,1.49298712616876,0.8419086733889135,0.9374972879616876,1.8081911522233416,1.2771272478567808,1.291113398538834,1.39184329201009,1.3024411592912217,1.2688355446483872,1.0769902077143774,1.6270243141435337,1.1693743953153222,1.3480153284047471,1.7328010045370503,1.2993009417820003,0.8147538752532139,1.6269765873754674,1.55122172853571,1.1312532123854144,0.8251022087847654,0.915380187612438,0.8449602273432009,0.9694228889843157,0.9396724021034466,1.2865679330876043,1.5260208779299416,1.0239185669964723,1.2888989814154481,0.805722097519716,1.0927451778653827,0.8492427865153542,0.8581734476277348,1.4482718954691036,1.6572761034092538,1.018962560029945,1.1641355211493178,1.043472840886041,1.243768127723649,1.179465722653739,1.0977614123849038,0.9628983012255048,0.7899640334971448,0.9410999783471281,0.9777423789214114,1.4397460665310868,0.9495000543499997,1.0035209276273989,1.533547655262436,1.0361041685198913,1.4101986018503887,0.8209479498260334,1.4035407922761531,1.2226340725265994,1.341164502584548,1.0616375064938999,0.8991392861774711,1.5060295443522316
Bolivia,1.1349534292602665,1.4185693440189915,0.9596135468903126,0.7894371226096998,1.191753399018476,1.3375623525095304,0.9093420627584121,1.0,1.3814713399003273,1.1716915936412207,1.1566604731923502,1.2812239738232292,0.964523742209316,1.2740928490217962,0.6585892203815872,1.3386324447446192,1.1634357964011948,1.1353241859819496,1.6152107047869355,1.0437383996535579,1.262295933010988,1.3191972156026954,0.7110041945473743,0.9185593258536026,1.3322889236595739,1.0801380267400602,0.9401313351424235,1.704494066337942,1.1573456633653003,1.0018779509692621,1.3954787877827242,1.4943048266972285,0.7707783646794532,1.0992559863175062,1.5885706403760267,1.2858281522073256,1.2322396016477357,1.802750450219157,0.9751189233872893,0.6735699327845472,1.3451761539225215,1.6646879487044668,0.9840522689808479,0.8877433948319837,0.8038298336610086,0.8989705612928977,1.1929599466836263,0.7963713412458655,1.372874791052362,1.1847405122021755,1.3412665792310428,1.265866915151785,1.0455944677691966,1.2556737796219541,0.7932715250527124,0.6777818052257589,1.2647925062829224,1.270375842050852,1.2349777189845847,0.9722891789392144,0.9492361621369395,1.2153633278483569,1.4980258775672732,1.3852687362776557,1.010819641645956,0.6325693318463834,1.095118180376155,1.2005921928130339,1.530947653239167,1.250849965157938,1.037270558923626,1.5661749730759527,0.9903417319460407,1.1499451114486337,0.7239960086309445,1.333230964596563,1.5053140046448545,1.5328769743563462,0.9125772428363055,0.8950079168663645,1.5472486256296352
Brazil,1.173044259568554,1.4008292182843745,1.4297691697958022,1.4883671564478687,1.381758229986904,1.4407661870311028,1.3905133506043728,1.3814713399003273,1.0,1.6023656178083163,1.3845749661075826,1.255836953038168,1.4518030187274296,1.4617988531614263,1.4646856477366317,1.5237882445326976,1.16821572786428,1.2429516193033596,1.467492093960474,1.3363297907952911,1.075623886388507,1.7320899392128732,1.3210490892567477,1.4593523720637014,1.5454505676133894,1.203532866900174,1.4774655425244128,1.4079213994806274,1.3527126282100954,1.3040390477284383,1.2926376874430259,1.3888418486621856,1.3798216727202472,1.4568102820957165,1.3960694113408814,0.9759933895538826,1.170666732798145,1.6091318866776958,1.330982463154887,1.4329616060822272,1.4913176143317437,1.0473350650218307,1.5092827996692266,1.4295032325982775,1.5982116241308306,1.3996932167849438,1.6164096814498212,1.3770131417867206,1.34618610385672,1.4388392972854576,1.378694420839155,1.5878540788455087,1.4493680710808738,1.6226751632623333,1.5703622269674766,1.3860329549647281,1.540925402324956,1.3357261757878138,1.055976090162458,1.5446529547617247,1.3859200781530143,1.5587602351843544,1.2930912165677315,1.2884262567139728,1.392131004673028,1.4832231644875424,1.4067425704009189,1.3081016666538448,1.2401729987092411,1.265410663532614,1.2949161428232614,1.517111012835345,1.4111066118133717,1.084641898263878,1.3271723516075815,1.5733488792826642,1.3292039986117261,1.6497729564998342,1.2664351412160562,1.5576350746106553,0.8959463276744611
Bulgaria,1.0354742881536918,1.2506142051442668,0.7869336595225881,0.9610227303896458,1.580564332891515,1.2755544942168873,1.0623893481283802,1.1716915936412207,1.6023656178083163,1.0,1.0724077619199515,1.3972833677241367,1.3811832872609109,1.3431060136303876,1.006861443262434,1.1130548387672028,0.9915343635334081,0.7991896235839923,1.1582396215329087,1.0912253926514068,1.2943605256817794,1.4831241977188172,0.870587264585895,0.7434241877525261,1.2124956259953688,0.8676002264948076,1.0981607233773532,1.6560330638219247,1.4118546383861463,1.1715623866692528,0.9455403442058707,1.1268779540432878,1.3306448389402716,0.9318162231487922,1.4693331759320343,1.043492286615551,1.1057794496943798,1.590512065233818,1.251053915609623,0.965200623223941,1.281011119170374,1.418992616256763,0.9424509220836301,0.789448191343385,0.8653506517267964,1.0807651288325864,0.8512734620899948,1.3013536944526995,1.1229722927756705,1.4160292315547103,1.0981041417655497,1.0394203185921809,1.204440414314819,0.9844632994242271,1.0577153936081918,1.1859601740253412,1.1729799590271064,1.4565976927298239,1.0080600946261595,1.3214509268733492,0.974554835854404,0.8177474634844905,1.102306531102183,1.0397138237194397,0.9784107041117825,1.095178982951236,0.878642050916333,1.1181675969640632,1.1725690182981319,0.9169202450965527,1.2563581083602609,1.0672260340652673,0.7975985496663893,1.3497916494427418,1.131861732876993,1.6550246403636537,1.258887195925403,1.0422939652306138,0.9704780188386799,0.9177339754503523,1.5915363519040127
Cambodia,1.3893151206746301,1.7843546349972137,1.1137063109102974,1.015372281548049,1.1158752150031754,1.7829374058287795,1.2675456147431468,1.1566604731923502,1.3845749661075826,1.0724077619199515,1.0,1.230208335820433,1.429603444789049,1.4062197665854166,0.890075181390536,1.7029316530360301,1.1784474087669334,1.2017139631860798,1.3923709450974022,1.1625671590728732,1.0922955729192727,1.2485096363102224,1.1770518621281505,1.053795937708088,1.295541902924821,1.1235310368024847,1.0515180047498143,1.344292509940154,1.4798919062133253,1.1952220661099695,1.2833013182510473,1.607760036830937,1.0492185082296914,1.2665025051622922,1.567005842849033,1.2999861055273216,1.1455439983295181,1.4393993299036942,0.7340094655496734,1.0780342678213515,1.2226637930910784,1.3247733952447416,1.335297060688166,0.9867324950902494,0.7696411014607658,1.1619531197126374,1.4695479487324485,1.129287756687486,0.6982507223414587,1.3895245515423953,1.4955927185075903,1.2657015162192473,1.5001100718433997,1.4134184554063893,1.3358071122653827,1.1182977378595107,1.6256491243734772,1.018279979699356,1.3786553581690375,1.371417000169663,1.1504203533833197,1.3851833409629812,1.482160275454241,1.5894226277527685,1.5125276530667313,1.1311298670549224,0.9573463445733839,1.600620708467746,1.512627661891817,1.332525321090695,1.0960147097394088,1.1287726523003625,1.1698479929691814,1.1379480700906281,0.8319253970481122,1.250762406557307,1.7066598228592689,1.219264504333026,0.8947137524645619,1.2176256593610815,1.4268906730695663
Cameroon,1.3398671684981462,1.4146370062403653,1.1226440010007872,1.447718327707739,1.241054722026096,1.3620937354052518,1.5962809703862413,1.2812239738232292,1.255836953038168,1.3972833677241367,1.230208335820433,1.0,1.3060556173202758,1.723282442265793,1.4551161291964168,1.4297359076418026,1.2813691397107756,1.115956220718507,1.3414269395381861,1.2792644669590225,1.144563672573934,1.4781004016985217,1.4110670085250914,1.385621906256889,1.010288111960791,1.3648069118656507,1.6011534796827769,1.3837911718289648,1.206601739239713,1.3192749678703726,1.3257830661324954,1.2911528339691893,1.1813814887476946,1.2557204215325244,1.0491597786592424,1.213040764437065,1.2532515203038095,1.5581093848199552,0.9386099746278825,1.4012276709841474,1.0685425984106967,1.4204981530323186,1.2572540376625343,1.4801206790108403,1.3834715069859358,1.5018260345097483,1.5270790536598795,1.4625618141091223,1.3330564757286694,1.2751445262211227,1.269797158980593,1.4887879091862488,1.5734556094314214,1.3035138987282282,1.3761050942706006,1.3668777868632707,1.2354688737919564,0.9791526850559498,1.3088754784407641,1.6437298018574849,1.1494018627273808,1.3551515521831536,1.4455181714710754,1.3454322779381425,1.4119688942245698,1.4016620500921995,1.2215902229013338,1.416225254754941,1.1982961735422777,1.4458069281574788,1.3605773554067961,1.1192644880310525,1.267078677667207,1.0131966941870254,1.3614869856546692,1.3944242299068212,1.323636192128412,1.591720844459333,1.1698757171478846,1.4756743655606697,1.4389168928308236
Canada,1.185647940219205,1.0445657486979347,1.3731073634084179,0.9158392111881402,1.4815417444192822,1.0066516685821756,1.0309129406952533,0.964523742209316,1.4518030187274296,1.3811832872609109,1.429603444789049,1.3060556173202758,1.0,1.5055159856729847,1.0856217029759985,1.0009498778008636,1.4137738887249474,1.3065900150932526,1.5384841468960684,1.0448699762722133,1.3572968047273664,1.424859665448725,1.1436526981894362,1.3748666525919637,1.3902786368029776,1.3186332604922009,1.089134962657396,1.7770229007353608,1.3915564148095734,1.2816835654345418,1.371756932466002,1.2661256749795553,1.3071219876132145,1.0667618100503997,1.6007581213977748,1.4485424969963827,1.3935993766568449,1.6464614585329402,1.2081581196612965,0.956221034989423,1.652734634323624,1.597244579504924,0.9291313793292507,1.3079403702742982,1.1966418844317084,0.8355736138420203,0.9751596689451834,1.0191430701364144,1.5478893754306746,1.3839333926053337,1.233297381318563,1.4243356134032659,1.0546420076504834,1.041342687469922,0.6989852785258657,0.7563535396595931,1.1372921424110898,1.5572664830158447,1.274356549767572,1.2126149718807147,0.9227412611428325,1.2099171459877882,1.4611602695095074,1.1567074641545214,0.8660166486579716,0.8374841042209957,1.2751367015108286,0.9483379839035523,1.491331752931491,1.350251517841287,1.2357038770336104,1.5712602876959596,1.3656748712363675,1.2893401229489398,1.0880718460326917,1.1076671825723226,1.1427856900841282,1.3884453476924217,1.29832072429463,1.1948530555696186,1.600316977408559
Chile,1.2942568224083086,1.4673885982146397,1.3259677647404797,1.434235083009575,1.595369559610441,1.5835435297189917,1.2345573374542262,1.2740928490217962,1.4617988531614263,1.3431060136303876,1.4062197665854166,1.723282442265793,1.5055159856729847,1.0,1.3367739639331255,1.4446183166275492,1.0843396855246945,1.417479868257305,1.5830717588218879,1.368515719349299,1.4513281817698143,1.5770246696839976,1.2638563250806314,1.3203825333334158,1.7889365158861323,1.3236577363542323,1.0701332058138096,1.661456169587469,1.1110173182233776,1.3824541289565513,1.308657090953274,1.5119024160270462,1.311150035259184,1.2213230007831297,1.609035436849718,1.4471412239009032,1.2871943950599458,1.4674078405138347,1.495826035450077,1.1321151378802876,1.291679942641281,1.5259477657520113,1.5220346980084396,1.300723828349782,1.356982753771694,1.2881299992484943,1.2654776242934385,1.0463641590939607,1.4798014103304014,1.4028439255401908,1.467960784114029,1.3179197892099173,0.9841550214560894,1.5453998510728824,1.3341740300195828,1.314447479140882,1.4340583369192599,1.6661819308677976,1.3820496792547652,0.7735421286995,1.3004934682323959,1.433297990444418,1.2464506403421793,1.4547295851579596,1.3497449877546588,1.2971358779084075,1.5366458123131825,1.391614043121638,1.4887970954535927,1.1809593636810527,1.252016444428019,1.628816510683306,1.245461709813228,1.681386837509574,1.1098909254367386,1.4594214405552521,1.5293481432992708,1.3670686779863095,1.3481264625759017,1.1821513502366165,1.5578371796652755
China,1.1296572276447008,1.540114766063422,1.022140539532122,0.6351775209994895,1.1579035456105984,1.486631465750806,0.9899232844935353,0.6585892203815872,1.4646856477366317,1.006861443262434,0.890075181390536,1.4551161291964168,1.0856217029759985,1.3367739639331255,1.0,1.4165866956039472,1.2330185254083257,1.18018891041558,1.5173418127094622,1.0511592524303395,1.2749487131731618,1.2127796974800453,0.7945338526449955,0.9432620928178586,1.3134617401722841,1.098489334964691,0.7008402022527978,1.5890355010413295,1.496136408750636,1.009230771443462,1.3102395007685346,1.5258319616087364,0.830573890076609,1.1063374809952862,1.674616373122657,1.3563723702102244,1.1646706020964028,1.72136616685621,0.9601427051601523,0.6707819271656621,1.4509375642097664,1.450841149296333,0.9818492840710137,0.8597925729549418,0.6824841012727897,0.8407561611971264,1.1874728794817437,0.7954974279348248,1.1423788234427876,1.1731165326011024,1.4565516695435452,1.0590341716552876,1.2380825585630608,1.2586512365149494,0.939673979745156,0.7148875297747084,1.3459270464310076,1.2268452006544108,1.3062256162183163,1.0466594055253895,1.0075753634866622,1.1184114589735026,1.544613805030864,1.4425666344859058,1.0993228601727596,0.6930083051602496,1.0046099509303628,1.3285479791292816,1.5427008254936831,1.3123334246268668,0.9607744548870865,1.4325363298266887,1.0531084853402182,1.1091658934044764,0.7719708627227072,1.2281078488380421,1.5882548888831358,1.315251259554309,0.9879506874616117,1.0350687999355037,1.5301772082976102
Colombia,0.9679740170195903,0.446898103472032,1.326489638266956,1.2510629377139393,1.7041779147197262,0.5505297856883352,1.181086744150459,1.3386324447446192,1.5237882445326976,1.1130548387672028,1.7029316530360301,1.4297359076418026,1.0009498778008636,1.4446183166275492,1.4165866956039472,1.0,1.2454393826534214,1.0733590134579807,1.3584589509651164,1.134094763530959,1.6177380370666872,1.6167048504879156,1.2285229333203194,1.387745888325757,1.4214494457531228,1.262335758375731,1.4035629753194592,1.855133648458374,1.3844441351491859,1.2185679855095353,1.1395329666335419,0.9440136541780297,1.5201721685395766,0.9212335592239641,1.3631223312264056,1.2864691756138382,1.2284266232129717,1.6200036793004244,1.516757778043807,1.1656665063482479,1.4736252673850587,1.5048918485574787,0.831480452677198,1.3681915619168306,1.4308233893347893,1.0826921170688684,0.6305900713295888,1.3663049087722619,1.6146899655741505,1.522957040126653,1.0607468592046978,1.3332293812142488,1.035834608853395,0.8914054061772235,0.8698663831121013,1.2123246001658097,0.6490790226267507,1.7107425872692235,1.0593264474071984,1.3427250576171232,1.0846283938469894,0.8238537443391781,1.1639609315323034,0.7446111256777935,0.6622863964474701,1.231266422055306,1.3898373297055704,0.674957607564773,1.1230833462518561,1.149980023752832,1.4061571111069682,1.4268427203095166,1.1548896434335083,1.3702066182221888,1.4645890665040016,1.5604720253574553,0.8619629017773252,1.2020278222963052,1.408364836972487,1.2708731449456727,1.5750160922310747
Costa Rica,0.777658367438471,1.2519789875615754,0.9282478681133001,1.3532279570125325,1.674056099732214,1.3554546906558107,1.197282899444241,1.1634357964011948,1.16821572786428,0.9915343635334081,1.1784474087669334,1.2813691397107756,1.4137738887249474,1.0843396855246945,1.2330185254083257,1.2454393826534214,1.0,0.6110397755530302,1.2158633596403878,0.868638409484632,1.1177005546293055,1.722218694687721,1.0382862522012901,1.029529461822429,1.4592634041889916,0.7712180445941598,1.2254668106723559,1.7176378460271233,1.162943420592203,1.1248611910309296,0.9396981871354873,1.097198791242944,1.225960818787424,0.8439915714860258,1.363474725711765,0.7296705535166197,0.5431681480249176,1.7329864493402503,1.220653188381628,1.0869651768153072,1.2254853037027582,1.2664638375293682,1.2942137743693303,1.0496934677380654,1.24259631947136,1.13930981226606,1.1201242615354234,1.1247274264314064,1.2226712630502117,1.5483072235632198,1.0672174773264673,1.3084980652674383,1.0077618745389734,1.389607373527115,1.1768639974575865,1.158701276927053,1.238708685075665,1.4538614633480043,0.6826468048774013,1.3259511923672076,0.7652922204247387,0.9691125386544598,0.9337104451801038,0.9761104488266074,1.0245539273186777,1.1754746232912896,1.1562906725953996,0.9864478365874896,1.0850483324079787,0.669266973022665,1.0516595140001355,1.4284291048004654,0.8225404132415473,1.2934415046559862,1.0397867566684167,1.7064361104436585,1.2423357625957725,1.4085105513080696,0.8457165626613415,0.9862958746851105,1.5345374247261774
Croatia,0.6522735645999416,1.0838946449045757,0.7993317364337196,1.1889749583546245,1.6563596397310238,1.1873050175575237,1.1161058481444714,1.1353241859819496,1.2429516193033596,0.7991896235839923,1.2017139631860798,1.115956220718507,1.3065900150932526,1.417479868257305,1.18018891041558,1.0733590134579807,0.6110397755530302,1.0,1.0807645572477136,0.834327774725937,1.0531063457352772,1.6258899517103145,0.9920151551631449,0.9223957168772299,1.2716404488226487,0.6651468746029572,1.2784266738045869,1.6905732789442263,1.253467032059702,1.1723696104485972,1.0230171744512406,0.8334442292113832,1.2867017697652747,0.8418270815434853,1.325887418831223,0.5803933896784974,0.7314535937418232,1.797876245454947,1.1844595389508472,1.0872474527970368,1.2931669003331536,1.2410985760197355,1.1341204226272403,1.002701798409222,1.1888586503371317,1.160793242159766,0.9974115195679523,1.2336998875874827,1.182393461007402,1.5604809083970375,0.7782363701006271,1.2240347001788066,1.0972873490534552,1.1848585504950233,1.064974235485015,1.1087987429764163,1.1759679756776458,1.4783200336309927,0.569549800973202,1.4977256916537176,0.706392546456241,0.8466964064045479,0.89248861659148,0.7249488788085002,0.9229469321140418,1.1129505022503396,1.024085974304303,0.7964951963355529,0.9780129734906455,0.6251548604445464,1.0636755564717366,1.1635083497344718,0.6376247563903377,1.2484774241298187,1.174900558431836,1.6805866655662045,1.0058932286751938,1.4080088773772994,0.8169038483092717,1.0022690184169123,1.4933226284163208
Czech Republic,1.3263304852752198,1.3250335458937705,1.2553170093333024,1.5588449907686535,1.7184544288047907,1.3262542824755468,1.5250092412505154,1.6152107047869355,1.467492093960474,1.1582396215329087,1.3923709450974022,1.3414269395381861,1.5384841468960684,1.5830717588218879,1.5173418127094622,1.3584589509651164,1.2158633596403878,1.0807645572477136,1.0,1.3968150790024465,1.1620407642195039,1.4628765545810671,1.5171440434324703,1.2036461870613389,1.113019007353238,1.2314598564590973,1.606539270860051,1.1522943434010975,1.4379839588003585,1.634152243863997,1.2647644816569996,0.815550074124955,1.6863281779032333,1.4367913659155522,1.3680354989430534,0.9602432943119988,1.288547201493376,1.3318238171598933,1.546751216177824,1.6336456698570743,1.4462969156311891,1.161062483303188,1.5095270558844736,1.3540417161209148,1.540750841678322,1.6405748406859089,1.2648462792923172,1.7042964966387777,1.305198847865889,1.6203918715354135,1.0871157739581345,1.302410747584635,1.4928983831475282,1.4540887671882108,1.5663066808876247,1.635916622461576,1.4841991075599559,1.456553710136345,1.1462193931191125,1.7158149883141711,1.2790083926669107,1.1514892104515115,1.1176419675656115,1.0383656134641697,1.4147814495864888,1.6031470855298922,1.3412942114726787,1.1854896546770863,1.150029483606741,1.1115399645015762,1.4964273879873042,1.1095636059742213,1.2824717581395015,1.5654936342531263,1.6659084745443755,1.6939833958265391,1.0473593260808163,1.4983870469785197,1.3328568377846268,1.2755021419252104,1.314253404386728
Denmark,0.7547921266017175,1.131522233295457,1.1664373983823704,1.0375782510154317,1.537659536420477,1.179934030830051,0.9313966888393104,1.0437383996535579,1.3363297907952911,1.0912253926514068,1.1625671590728732,1.2792644669590225,1.0448699762722133,1.368515719349299,1.0511592524303395,1.134094763530959,0.868638409484632,0.834327774725937,1.3968150790024465,1.0,1.0883230811187088,1.561844343547899,1.0067970266994908,1.041070498270679,1.2978096168791753,0.7548254870130222,0.9808092638319372,1.797538057281437,1.3565650255331438,1.1206364858763205,1.164413862153141,1.090362556219913,1.0737923513577579,0.6320215935843899,1.305465850792136,1.0946267233142284,0.8614389611724713,1.7708894415439198,1.0251745435104809,0.9908531593227216,1.5227708921628602,1.3574715955910677,1.034697481898151,1.012066310212026,1.0210474191867231,0.8132635470177558,1.050480305779856,0.784604364264041,1.1426783224514594,1.5518867150528817,0.9314458302248807,1.351621465193806,0.9889116201598517,1.137961892844581,0.8843979917808672,0.7451776283175413,1.2164895718829676,1.431658315320131,0.8423939072290842,1.4526050627615192,0.6992614315656858,0.9873873009192731,1.188650145688787,0.9719987205174001,0.9188360256686052,0.8517486654863855,0.855597879913539,0.9902662304465585,1.163695175811757,0.9815804677333784,0.615448689160303,1.3770789213651415,0.9254583169818852,1.1404958195184496,0.9464453757682951,1.3364268522725586,1.1639309288341506,1.32008323396256,1.0569979465647323,1.0900616732727557,1.682875897331132
Ecuador,1.1750969659024526,1.4946213029284885,1.0952599535237035,1.2973906186231743,1.5337339427266372,1.4845527936894878,1.1728359047129375,1.262295933010988,1.075623886388507,1.2943605256817794,1.0922955729192727,1.144563672573934,1.3572968047273664,1.4513281817698143,1.2749487131731618,1.6177380370666872,1.1177005546293055,1.0531063457352772,1.1620407642195039,1.0883230811187088,1.0,1.627919914257966,1.1607642422575393,1.0574573935500349,1.2002982161686855,0.9719962707656055,1.2426081499517974,1.3874645094809808,1.2576624581867688,1.6316605763533776,1.267094285467699,1.0949529781905705,1.3207101549666351,1.2372929437977493,1.4014922238840672,0.89817094509142,1.2896820811096366,1.66293240465871,1.2263018330720634,1.3119868558052967,1.5483895869556994,1.146668259759544,1.4877006949502143,1.227891053274099,1.3284771240958981,1.4421318549828348,1.4810429472262883,1.2206990159918962,1.2116061221783765,1.351663303638741,1.0006283453626417,1.3254806550928582,1.3763445850187177,1.4206260725906221,1.462762193484951,1.282792744258047,1.6560284397366647,1.3663955965664973,1.0241491676130086,1.594282883330285,1.0648404269268217,1.4397200313343343,1.1767735797830126,1.142986637816744,1.3918788511927591,1.2852622434351149,0.9006301172313832,1.2978767892943457,1.2560792867617439,1.0602556204895268,0.9775795574580287,1.2397427796720957,1.1869453015154563,1.3712353090708247,1.1544776761214401,1.4367237122026733,1.1331492928684732,1.6530168454836163,1.1242457586042491,1.2560794227560246,1.4098724187155067
"Egypt, Arab Rep.",1.65507080932347,1.7182432035866093,1.4130606365663456,1.31348304692654,0.9685193520254584,1.6221462534530677,1.5105202117405245,1.3191972156026954,1.7320899392128732,1.4831241977188172,1.2485096363102224,1.4781004016985217,1.424859665448725,1.5770246696839976,1.2127796974800453,1.6167048504879156,1.722218694687721,1.6258899517103145,1.4628765545810671,1.561844343547899,1.627919914257966,1.0,1.5295906697006327,1.47079965488026,1.2945269805075121,1.6567338377700487,1.407966462478294,1.072763503946516,1.6717427679122077,1.419181945757254,1.6744029593438357,1.676298957622403,1.2800358747607987,1.6814047463075041,1.5549085132721252,1.7303078713123412,1.6077766933900057,1.2287325178014379,1.3247430108010747,1.5248004756457998,1.313115125382698,1.552449982879436,1.4664921104565816,1.4198353417302827,1.2093538376640491,1.4757021952984148,1.5211559661929568,1.4083985612358523,1.378692086872043,1.3665472519477297,1.6699091573958396,1.4553909642455123,1.6163039330248783,1.5687223507927979,1.3979168895187577,1.3668423927615254,1.5562258325951157,1.1806232660815366,1.798813251769723,1.3703193537067468,1.600091019388319,1.4828037950062836,1.7995586892194753,1.769932340141292,1.6575307324703263,1.3390084791260635,1.5427755968727457,1.6692373877603335,1.7789445467708436,1.7200433963996051,1.4948966451337624,1.3044886578717496,1.5236290437190267,1.4880154062651636,1.493573252511018,1.0870109046089609,1.743123990220656,1.3472390126738787,1.4933007918992818,1.401859312842401,1.4875304025990246
El Salvador,0.9708934875650536,1.299425783004684,0.8576979215982192,0.8445412515218693,1.4280968302835146,1.176635972700105,0.7954843557175089,0.7110041945473743,1.3210490892567477,0.870587264585895,1.1770518621281505,1.4110670085250914,1.1436526981894362,1.2638563250806314,0.7945338526449955,1.2285229333203194,1.0382862522012901,0.9920151551631449,1.5171440434324703,1.0067970266994908,1.1607642422575393,1.5295906697006327,1.0,0.7781853011315425,1.232659605510224,0.8216811055702986,0.9276403362408168,1.7600066412347295,1.3062204674650535,1.1307452030569167,1.0499382710712064,1.3350268943118409,1.051358024174853,0.9456547074799617,1.5413154720958078,1.1000968209859672,1.2225420206227924,1.763683518729408,1.1883072440569706,0.7456309617551972,1.43755162187152,1.5606945845580087,0.8666766153171589,0.7520252016301667,0.844046333142631,0.8939163536717568,1.0818835444944905,0.937410349968247,1.3527800547287225,1.1883651207450925,1.1947985895238362,1.2718028441752585,1.0761714399083913,1.0918220637591065,0.8513635028702944,0.8639221310062619,1.2082057355202005,1.4149468015545867,1.0362787368893958,1.082022163525599,0.9363971420761178,1.0594519945292207,1.332544635859506,1.1541620192876194,0.7645041741746216,0.800524728431459,0.8423335323649261,1.077250562772264,1.4491927554071806,1.054281037445398,1.1095033634422677,1.4630154156923363,0.8869004780885731,1.1859218381790035,0.8172477167656365,1.4991610582262795,1.3302849734715894,1.3102591401389307,0.9998164805506037,0.8094093836873332,1.5883678891911823
Estonia,1.1341902828982253,1.4124985403083095,0.9479502913473956,0.9057038625480321,1.477211625947927,1.3987305434707717,0.9047710955974866,0.9185593258536026,1.4593523720637014,0.7434241877525261,1.053795937708088,1.385621906256889,1.3748666525919637,1.3203825333334158,0.9432620928178586,1.387745888325757,1.029529461822429,0.9223957168772299,1.2036461870613389,1.041070498270679,1.0574573935500349,1.47079965488026,0.7781853011315425,1.0,1.1334811142156629,0.6420267010632862,1.0661824742794037,1.5338998853573949,1.1310954943882465,1.2470236280339775,1.3036397430785573,1.2199111663261808,1.2210040270519393,1.115105596699453,1.5440827729881699,0.9846724293747471,1.2232379591393197,1.6268683273845745,1.1752145363344904,1.002040161034702,1.4284358811060824,1.5685102689383414,1.1531518571964625,0.4029200732042517,0.7378809786880125,1.1189199170295334,1.2001853273013696,1.2115779128921353,1.0274304793070357,1.4783084007600644,1.0188931804917913,1.085262986951353,1.1922815482245857,1.1002670375613517,1.097507447335557,1.0826745996067964,1.4750900171435704,1.3760642849648028,0.9881633174770984,1.391402460475024,1.0534367882915177,1.216520548192699,1.1040781519471268,1.1620055455752296,1.1424276350587446,0.9931403770703443,0.7621902329043245,1.2053337086037847,1.3208751237514174,0.904431973160399,1.1044036586871853,1.2259391034398013,0.7271877398047812,1.358561756608528,1.0039440357748157,1.6046824182095911,1.3444425503908108,1.3983551100287341,0.8087603661881261,0.6885665382870809,1.4987851499646427
Finland,1.4300098480892267,1.4739848237933877,1.193438531264253,1.402175415599892,1.2554465488098367,1.1925691298787386,1.49298712616876,1.3322889236595739,1.5454505676133894,1.2124956259953688,1.295541902924821,1.010288111960791,1.3902786368029776,1.7889365158861323,1.3134617401722841,1.4214494457531228,1.4592634041889916,1.2716404488226487,1.113019007353238,1.2978096168791753,1.2002982161686855,1.2945269805075121,1.232659605510224,1.1334811142156629,1.0,1.2906368739906051,1.5313978204587808,1.2289218939162152,1.3946972591649702,1.5127206277817393,1.293220978735451,1.2286775543584765,1.2652179380909834,1.297295418754234,1.1467776159553382,1.3364131861153072,1.4540061677594798,1.39116001743526,1.1806918606329007,1.4981718940453543,1.3229320716420792,1.4686980662544367,1.1238413397151872,1.291860143490283,1.2485677946282268,1.530669922224735,1.499942340344294,1.5288883416314207,1.3012433028047925,1.2280221119417218,1.2748045990292989,1.307804351526007,1.6918252870109474,1.1425333012549699,1.3597847211198146,1.4637197769626242,1.2715107117050726,0.9646774075130632,1.4301127939757867,1.6848727527015692,1.3456235030418633,1.196197698037222,1.5497683134547042,1.3199690159460933,1.348223061731594,1.4506251901823293,0.9251392767457433,1.443834285256791,1.4232793318256334,1.5143131413955897,1.381146561681272,1.0820125668169254,1.2649484713096788,1.1148041123452905,1.5062343870270845,1.416004431030132,1.3255399407695232,1.4009935708165169,1.4048132488666223,1.315451260992725,1.5980097376467706
