Country Name,Albania,Angola,Australia,Azerbaijan,Bangladesh,Belarus,Belgium,Bolivia,Brazil,Bulgaria,Cambodia,Cameroon,Canada,Chile,China,Colombia,Costa Rica,Croatia,Czech Republic,Denmark,Ecuador,"Egypt, Arab Rep.",El Salvador,Estonia,Finland,France,Georgia,Germany,Ghana,Guatemala,Honduras,Hungary,India,Indonesia,Israel,Italy,Jamaica,Japan,Jordan,Kazakhstan,Kenya,"Korea, Rep.",Kyrgyz Republic,Latvia,Lithuania,Malaysia,Mexico,Mongolia,Morocco,Nepal,Netherlands,New Zealand,Nigeria,North Macedonia,Norway,Oman,Pakistan,Panama,Paraguay,Peru,Philippines,Poland,Portugal,Romania,Russian Federation,Saudi Arabia,Senegal,Slovak Republic,South Africa,Spain,Sri Lanka,Sweden,Switzerland,Tanzania,Thailand,Tunisia,Turkey,Ukraine,United Kingdom,United States,Uruguay
Albania,1.0,0.13148617126713513,0.07117380707265997,0.1332597891592889,0.12169327406601439,0.1312745202874405,0.09250131936097125,0.1167359366691782,0.07958583858077267,0.08800189432018862,0.11300871556574307,0.11087564225254187,0.12401802681756019,0.11375133124175699,0.1036916336948275,0.09222474498975512,0.06361300439169229,0.047865790258376284,0.1149911452449673,0.053594855550136274,0.08448765934082948,0.14726456085692097,0.08289906941731064,0.09845987468070973,0.12659871718654567,0.06981256031064004,0.09083377086543479,0.1477538759501666,0.12107161295619967,0.08714833218369725,0.07424432930511246,0.0820354117021286,0.10401703078770845,0.054783288160248786,0.129894418380369,0.06225582219246265,0.07145799489429323,0.3749009987145099,0.12947926427514667,0.08599147014285254,0.14280204210832656,0.08797071384966662,0.09910099779862308,0.12575287104362565,0.1510591040126064,0.09389012824849191,0.07848379550542921,0.08786497415273695,0.14188304589840517,0.13615545795859263,0.0893337123575139,0.09136173823248471,0.09152484671375988,0.10561225053869573,0.11340890806950066,0.1262923138952339,0.09955170762438342,0.15689885951695054,0.05679952894362885,0.13545881644812646,0.060406688644144835,0.06643724998063011,0.09553873052616119,0.08071303591015239,0.06450470166366852,0.1388698328215479,0.12867477602678223,0.08305805532465518,0.07887031341912107,0.08997019144718636,0.06591422125526011,0.11298868390890246,0.1467811399319602,0.10628402916686816,0.10174831679165845,0.12641668872787196,0.11288843615850346,0.11119112471150903,0.08513171684726864,0.10343277017619107,0.11869654372943268
Angola,0.13148617126713513,1.0,0.15902185744879802,0.1728137999004238,0.20870126176297923,0.06941823382661721,0.1752936185313011,0.18659364785077578,0.1759991646498594,0.15689788309132213,0.19697931896699833,0.15102297873637144,0.13441441485805258,0.18066377607478987,0.18865181805303577,0.08474052182548945,0.15709083135093874,0.12755121241816444,0.14477274776922552,0.14372787013430943,0.11103267668130083,0.20987361893622114,0.15878930159912408,0.1571324395819356,0.17247626401415417,0.14560836307819766,0.17280341476918193,0.18502014127607827,0.14729595435310264,0.18326180775583048,0.16842027425138206,0.11619555991720015,0.20313719997044113,0.1491006450946497,0.14906823081026369,0.14540577827997905,0.1781002313010765,0.28901804476434717,0.18521154714632534,0.18140133151682458,0.19892845432247339,0.15667573082885947,0.15710507044788347,0.1638987181986575,0.19810986914085044,0.1551062528788177,0.15771918019201006,0.17241765774629303,0.18083089311284592,0.18587332159349815,0.10761222234782265,0.17581776433000773,0.13733313046729634,0.15241517115369696,0.1517025549454619,0.16761783671813443,0.13647649725299874,0.2137273292694785,0.1214865034628164,0.19732401093219665,0.1495087757965704,0.143863664328653,0.13450514818316017,0.07489906718075263,0.12660929033933813,0.18201094298150225,0.15596548697355606,0.07689036791403804,0.15455507488313677,0.11531161493669445,0.16162282582254892,0.16733843217669475,0.16731085068687335,0.18820734935801206,0.18939925719549566,0.19534973944123032,0.07178184854884481,0.1900799094954766,0.18255945987533925,0.17535189824218833,0.17866064603164203
Australia,0.07117380707265997,0.15902185744879802,1.0,0.10677139199359269,0.10693170715714788,0.13820844747718333,0.08592224822423976,0.08482290402824785,0.11034370072438097,0.06545826560549703,0.10148383424032588,0.09987533482471012,0.11861131596074125,0.11732893222294938,0.08370614516265888,0.10760591136145267,0.07748657336292909,0.06472070760582435,0.12788266816481897,0.07601173393757112,0.10318917404317923,0.1360567632661271,0.0631674162458486,0.07258980512262167,0.11512453832407644,0.08014158995377613,0.08336941132405735,0.13648560768701395,0.11723704481504206,0.09144876162245631,0.07085094782663039,0.1085695559310363,0.08213776253678921,0.07477684546224421,0.13888362747695224,0.09050511262703682,0.08356941829512428,0.38658789204409966,0.1291449620986065,0.07110009098407533,0.11399741875891929,0.11468303735261007,0.09965559012620812,0.10781839275075474,0.11037283205755789,0.10513279783472944,0.08077754818078477,0.07919013110935177,0.1392810488656254,0.12252008310730952,0.10593970109928436,0.09210506008268027,0.09903096614092635,0.10845419507530844,0.10217719682330427,0.12929971960111566,0.10430836032205926,0.13969000743641102,0.09645224507364888,0.11693049188609309,0.06517941026948805,0.06409133878050711,0.11804311168126656,0.12190974507888006,0.07638841350900893,0.12316325233328608,0.11559725785713107,0.12468660772906533,0.09247101109992778,0.11280266322889303,0.06654353586218321,0.0958533846980538,0.13464709592590055,0.10258065452334116,0.08837706723443543,0.12775417377353146,0.14421354411288625,0.10943985206843469,0.07576290182695133,0.08174326502155106,0.1399332625207762
Azerbaijan,0.1332597891592889,0.1728137999004238,0.10677139199359269,1.0,0.12316990155675808,0.16908813783372836,0.12054606445779174,0.09913313696001967,0.1535280318099281,0.09887104236952726,0.10185399819931845,0.1580004733604761,0.10378288068537482,0.14966477973746564,0.07664233487134228,0.12691817016982546,0.15834559533874024,0.13402860882830298,0.17522228171624488,0.12769287770922935,0.1405240829095425,0.13016824332242752,0.11111430059735047,0.11517358278100732,0.15480414896277944,0.13325640750362078,0.09307971489026959,0.16816229497302648,0.1683636522182664,0.11457273496100717,0.1353616337846454,0.16067867377906297,0.12025524103593534,0.12604756793648608,0.19345571950701587,0.1506508902218375,0.1425648552379648,0.34810460648355807,0.13290486473791038,0.09584207874652056,0.142679995999969,0.16892367304423678,0.10037951957084985,0.10147255574018578,0.08383772959517724,0.07831958451527829,0.11415488596001111,0.11227280838158803,0.13223815896102947,0.14655343296106305,0.1438416269103563,0.10888054745468934,0.13497734747734122,0.10736561579459507,0.08769489421092179,0.08039874573510751,0.13451177773799536,0.1504629718715573,0.14822368461628313,0.12038855490587425,0.12773813653263205,0.12159707244307659,0.16486091908667824,0.15943779236968836,0.12170711734844905,0.07856624210375564,0.11576674838212087,0.15325640053219697,0.14229659735285297,0.15796744788496495,0.11853204627125868,0.1326177843720136,0.1475867914531924,0.13436164212611637,0.10815874203410436,0.1275623572221162,0.17692648479170486,0.10540844642005691,0.12357551134553924,0.130114738237384,0.1641531898084703
Bangladesh,0.12169327406601439,0.20870126176297923,0.10693170715714788,0.12316990155675808,1.0,0.15436605788386804,0.06397485321546777,0.10804645712516303,0.06129242427305035,0.11665584653687314,0.11701600211891099,0.09284618756115122,0.11795432534842704,0.09944732641743388,0.1020959160894245,0.12678901861867514,0.11609143369457617,0.1448428735504137,0.13156462013119227,0.10698259763473418,0.14382907320233682,0.06263686113076382,0.11033148829372116,0.11576636311920868,0.09015433515825853,0.12370290661993304,0.09226659109271261,0.06589121703568586,0.11346343715538494,0.09233745831570477,0.06936949452057453,0.11814128705875002,0.0545691409776712,0.10821907346356817,0.11329149889202549,0.11691131065957375,0.07611738052484633,0.3630323738073565,0.12173112034894426,0.08244926798513355,0.09494557381889884,0.09974323357274557,0.10081645448514803,0.16373663545413317,0.1493663914478316,0.12784011204987006,0.07841344747706745,0.10303158699792597,0.11947808668185705,0.08888008580911089,0.13673547286626053,0.07523427022660435,0.12582692717780425,0.09830674430782779,0.14778770728181073,0.16695740532650977,0.10922962994941654,0.08406629380271574,0.1461126583664787,0.10725925743872712,0.10660694613640229,0.10870738906680805,0.1414386203704788,0.16975174858699418,0.10886686828132648,0.16317388688986273,0.16297406823134755,0.1871278389179628,0.06480631119317755,0.18982907756064343,0.09209793612736432,0.08198821418672486,0.20712625334678314,0.0413848629508828,0.08618194723018262,0.04584667339924782,0.1725809656794218,0.08312799153591606,0.07731871592887293,0.08640497818644324,0.07741047044686303
Belarus,0.1312745202874405,0.06941823382661721,0.13820844747718333,0.16908813783372836,0.15436605788386804,1.0,0.1330067541791017,0.14779337348186958,0.14378511849560727,0.14069854818173924,0.17815500901816364,0.11806392947474494,0.1088517395113619,0.16994274391988812,0.15477045238744816,0.07397173100508439,0.1455004235679382,0.14069576055289051,0.13529909931497375,0.1170300480749891,0.11161484481402088,0.154167360823264,0.11795769354848173,0.1225560163228005,0.10823984802446739,0.1310864629208863,0.15365749849268093,0.14994407170362947,0.12523367095510193,0.15055817522617446,0.13574058344866524,0.11394529554578048,0.14503752071544693,0.1216457956058617,0.11632733906531513,0.1315602805446288,0.15478810916009678,0.3116082728283406,0.14611361756300303,0.14760238064322243,0.15949006947007782,0.14826591928439942,0.11019122490584285,0.16093001415042374,0.1739143884330026,0.14405347589102904,0.12672233089598295,0.14023585442419784,0.17453033601504675,0.13223191146422172,0.11203213422527158,0.15273561153682244,0.12373797813178108,0.11887568181501551,0.13663964839451287,0.17333328509181148,0.09426466280770868,0.15291353127671858,0.12386954964788474,0.16239303643507608,0.12916075042717232,0.11020206133708356,0.15097871107180902,0.0973487057024173,0.09392763953843988,0.1787609354182971,0.124482231581841,0.10284735329408691,0.14157977351653622,0.1536160593306521,0.13123962262852584,0.14833170086644495,0.1926088982963967,0.13681655987441346,0.14869541452185067,0.1477331405513809,0.08019063730382621,0.16705592659148047,0.15196611815369082,0.13409644605142695,0.15095553020077518
Belgium,0.09250131936097125,0.1752936185313011,0.08592224822423976,0.12054606445779174,0.06397485321546777,0.1330067541791017,1.0,0.09684823969748203,0.05711945316237471,0.07860913491758717,0.10554145485751891,0.10598975391652872,0.10762268861878767,0.08639813240544614,0.09862900268116184,0.10781600821385348,0.07722594138046651,0.10294382185542657,0.11278167294374694,0.06847296329975927,0.118948205726679,0.09168250371367566,0.07063623212697341,0.07135973229049071,0.11227603783823636,0.06592486961308726,0.06651942471474188,0.09019296768018455,0.09278518580630465,0.08150439553940192,0.05798957559962796,0.08791558948365288,0.08059804742232303,0.08377849522192013,0.12104590456468252,0.07451004739705003,0.0590248910849606,0.37267490057523467,0.13064098813241848,0.056818283263527315,0.10976357306281023,0.09322442360940583,0.10195016670996755,0.13948551276068277,0.1324191687996573,0.10683745078740899,0.03781966502348341,0.08358403832031022,0.12736201842693873,0.10901776472329015,0.09236885859588533,0.06919793297854775,0.07004903596237136,0.07674762331491403,0.11615116527721961,0.15666792553230333,0.12112388067181824,0.1379139764281118,0.093917815829228,0.09285799089409216,0.06660675806162225,0.09344732395149323,0.08092352155133065,0.12901479893373258,0.0627749136531427,0.14884947200300036,0.1351514659767922,0.13992634472394644,0.05625911633862186,0.12618009267704394,0.07322318690010717,0.08608369925618096,0.18165948559698825,0.07783288555098769,0.06824071091456355,0.07418024012196907,0.13731917207391697,0.08231269683903934,0.049098343987866354,0.04160921232017808,0.08278042140721104
Bolivia,0.1167359366691782,0.18659364785077578,0.08482290402824785,0.09913313696001967,0.10804645712516303,0.14779337348186958,0.09684823969748203,1.0,0.12397338558646151,0.1239461215984744,0.1257863707720534,0.1368711431898989,0.10530082886862495,0.12251618719427032,0.07052817387813708,0.13147917799315367,0.11901040863353413,0.12210703535748259,0.16662738921470965,0.09947870659157047,0.125244193232886,0.12406468729023136,0.06709218096557135,0.08940127900386442,0.13934073404603617,0.10715278143924244,0.09508450158208588,0.16059030914456124,0.12704668666804053,0.09718375464255871,0.12137679377712318,0.1447016092445282,0.07574100928993278,0.10950725663296061,0.1650595088600389,0.12518723604255888,0.11441525574364379,0.37744082513982863,0.11783389005850235,0.07217386769776178,0.11480741372235578,0.15986674164511483,0.1017870014861938,0.10609423741626352,0.10836494438169823,0.09605132257484064,0.11697118319855397,0.07449087588672551,0.14655386221503428,0.11993046161724412,0.1282506075005945,0.11857381076262186,0.10938793974483005,0.12300788578682523,0.08368242937031328,0.10145333784822111,0.12202860159709297,0.1361082342780019,0.13102506440764225,0.10233477512684477,0.10164024839480565,0.11241556349887323,0.14658642645205622,0.15425626523056807,0.09514522840210134,0.095082081711385,0.13762604375992465,0.14843948931038548,0.12939640907801261,0.1452099074171809,0.09235841019147426,0.15792805387052672,0.14435123924476448,0.11020349447774587,0.07416882535408949,0.12416561759683721,0.17699803011435927,0.13787311049888595,0.10127339520835284,0.09591093506004883,0.1440728523376372
Brazil,0.07958583858077267,0.1759991646498594,0.11034370072438097,0.1535280318099281,0.06129242427305035,0.14378511849560727,0.05711945316237471,0.12397338558646151,1.0,0.11633347270322454,0.13000511972484,0.08451337621996051,0.1254183639817701,0.09658546368044472,0.12321842764653804,0.11716568770761411,0.08411263642309885,0.10714199691429968,0.11220171231296647,0.08914051849204128,0.11530745555407274,0.09256018069851199,0.10541983339416323,0.10361639594384506,0.10816251887782366,0.08742389420009375,0.1032332504394283,0.08327042507423427,0.1021904257261386,0.08918338651746462,0.05798247422809323,0.09182435548769186,0.08621002730410186,0.10265276159685982,0.10009686757233993,0.06904544039994549,0.0578471525287907,0.3623289750024479,0.1345053045643297,0.09252672721790067,0.11091789413086575,0.0709433897850883,0.11342864013511317,0.16706205407990166,0.1701384555035535,0.12860447906574787,0.0719871615729465,0.10535337611839972,0.13276130485122653,0.09986687851553912,0.11412167550528118,0.08821557919671225,0.09851684411828,0.10674694821182157,0.14876025481097718,0.1699120462540108,0.11432007286303196,0.11775841397137711,0.09840901769059775,0.11833002098235036,0.08594410555660636,0.10036127424615163,0.09979075891110338,0.12575851327007195,0.08425798393867351,0.1743334593748405,0.15414919693182572,0.13401164641251032,0.049348265684611564,0.14025312987814384,0.08558555573937111,0.09438695887315009,0.206398857918108,0.06030797211367073,0.09419526941936587,0.06415203937446588,0.13941462187589782,0.10107009330894658,0.0659205475988517,0.0786660883248245,0.04849894080487574
Bulgaria,0.08800189432018862,0.15689788309132213,0.06545826560549703,0.09887104236952726,0.11665584653687314,0.14069854818173924,0.07860913491758717,0.1239461215984744,0.11633347270322454,1.0,0.06915186572109788,0.12195038958055036,0.12523850272018466,0.10543391751442142,0.09056534886818696,0.08998247336507359,0.08656219201030894,0.07463422482147708,0.1149036216165009,0.07803286668143088,0.1236506299746672,0.12955071144908958,0.076467749678695,0.06095004075043641,0.11097615955450157,0.06655039410049624,0.06921081187527303,0.13872619440075284,0.11102855006678834,0.09539801163733068,0.07701697541937548,0.1031398065226518,0.09779805237506055,0.06696907479203229,0.14832694255366152,0.08290964960319688,0.08540374280067568,0.3611091531605727,0.12847306723763874,0.0695414907599928,0.11205735706488901,0.12270008157581634,0.09464529405316162,0.09144214093242768,0.09261411816841568,0.0895261562376872,0.06694446468599324,0.09409011129913272,0.10079271444073816,0.1327115519169233,0.10159087826076407,0.07287624309252377,0.0913689672639206,0.07356343240969171,0.10591772802019654,0.1361886382443137,0.1233521946336002,0.1481379067202505,0.09216089551086577,0.11572587326392463,0.07394730189937927,0.07238196796539424,0.09229526372478526,0.12059759157316986,0.08554418852226693,0.134003427526032,0.10241156168592722,0.1327082781744362,0.09278546674261598,0.10820710775847926,0.08156082811175396,0.09076856995084395,0.12448059289702343,0.11610914792331624,0.08539306081343281,0.11869625699550371,0.1342680755238005,0.07972058527595008,0.06879716319113173,0.07260397737014762,0.1362252125115715
Cambodia,0.11300871556574307,0.19697931896699833,0.10148383424032588,0.10185399819931845,0.11701600211891099,0.17815500901816364,0.10554145485751891,0.1257863707720534,0.13000511972484,0.06915186572109788,1.0,0.12845013052594847,0.14356495296405364,0.10951016942601026,0.08427584837078314,0.11446587306179401,0.10347814492841878,0.1046694892143335,0.14206321113098141,0.09301572899769293,0.13382451391514436,0.1160252542003162,0.10514550544948673,0.10109384908184536,0.13449816308770252,0.09728585621323856,0.08512690629075048,0.14034214836658984,0.13578657748003176,0.08559026177689467,0.10080975734531519,0.12976465868338286,0.09645910423372521,0.08508701125576074,0.16218027956142547,0.1099868912730682,0.0931145205389087,0.3369846399453824,0.0805907467064929,0.0809067100485925,0.09881156797728546,0.13284658708857416,0.0922217555114652,0.10700985950787462,0.08727257710136296,0.09180697206837438,0.09333379959102975,0.0969965725456092,0.07733205010496505,0.13446118270305585,0.13663883266213334,0.09452477045138406,0.11428104942493748,0.0944476449122728,0.11610720278728563,0.1319459773366093,0.12396359700796228,0.11447076900769194,0.1192046159905199,0.10813392965927102,0.0964808373246837,0.09895293593371719,0.12633592101410898,0.1577109175646245,0.11080523640328872,0.13568583218270994,0.12112736613107448,0.16873578716501098,0.1120037066688334,0.15099118920511836,0.0994531441371053,0.10489972044650211,0.15810943865684787,0.11360152174545839,0.08384869890281292,0.12387191778943257,0.16604004253702243,0.07740601130827818,0.08159841902429703,0.10084989289188628,0.13750531802640595
Cameroon,0.11087564225254187,0.15102297873637144,0.09987533482471012,0.1580004733604761,0.09284618756115122,0.11806392947474494,0.10598975391652872,0.1368711431898989,0.08451337621996051,0.12195038958055036,0.12845013052594847,1.0,0.12310750335610988,0.15124154796299144,0.13256043311466598,0.11366180780408935,0.10097999463931251,0.10833142725130501,0.12291973784165916,0.09018572914801339,0.11018335962726046,0.12153665640983662,0.1221486292226112,0.10142890453153834,0.0781939208591179,0.10870600567413775,0.13380461105016309,0.1021542919277281,0.0943176754772692,0.10327448360625884,0.09466066911847804,0.10344608161619463,0.09344251449490171,0.10400084658004582,0.08277447022381458,0.10249347076000953,0.08695817587039402,0.35858713057558106,0.10306133940377203,0.11951843290190105,0.09790532744416275,0.11706173201511869,0.10134603881218855,0.16182396055468026,0.15477513165028758,0.1385418539204277,0.1066716377435522,0.11919599607117252,0.13829070337879412,0.10308853328104171,0.11583099001718523,0.11257276602990413,0.126387348034213,0.1056059393324079,0.14618362539630578,0.16566690961249492,0.0960161045327286,0.08967915342594147,0.1226785872246607,0.16063425188662275,0.08976139987702683,0.09700770282489767,0.1414956578230347,0.13694439779124526,0.10490745040412179,0.17700511674577718,0.125583994504052,0.14671789955194903,0.08492409711398086,0.16385258693393465,0.09557889967108622,0.08618119421295933,0.18967843978521928,0.07844117393333364,0.11953870824599269,0.09850053117516559,0.1306988314230446,0.13267077419585893,0.08913466320896735,0.10210037502855746,0.10779790520531636
Canada,0.12401802681756019,0.13441441485805258,0.11861131596074125,0.10378288068537482,0.11795432534842704,0.1088517395113619,0.10762268861878767,0.10530082886862495,0.1254183639817701,0.12523850272018466,0.14356495296405364,0.12310750335610988,1.0,0.1439500253555653,0.10057378016636226,0.09523584768668741,0.14216494489846257,0.14386066169052375,0.1392243755102773,0.11246344110151647,0.12831564846108864,0.11993686347868555,0.11159739988972105,0.112550077248544,0.12848735031562697,0.1314928883080994,0.10593620649056752,0.14501469203752276,0.13799207057996574,0.12732932572826122,0.1158543367304705,0.11553931799896476,0.11387569089832296,0.11199037003726943,0.1537861619563671,0.13821297560560655,0.12301577398543732,0.3264542922686677,0.14234227363956875,0.09604181435684025,0.14519365596301112,0.14068038340994377,0.0962064146045303,0.14295983914607024,0.1336985084504097,0.09843979248140772,0.09922151323970761,0.10322515767837562,0.16261209658750062,0.1141656132185671,0.12747598256315842,0.1106997055591228,0.11243691132855176,0.10229181884467776,0.09067881453491178,0.12218368752810499,0.09667826264776322,0.14838345872073103,0.13909847247487572,0.1269318961070706,0.10048952626069414,0.10615204449205698,0.15267506607124656,0.13770553118303275,0.09273040425371867,0.12276514977969194,0.14913321474415173,0.12705001645195355,0.1179952551424449,0.16999222388366578,0.11542308826414945,0.13728771132947062,0.1932615373204882,0.11888590920966968,0.10722689106534702,0.10221327656192268,0.1286863051265508,0.12536899442426713,0.11801995191824785,0.1093907087834888,0.14171299896651998
Chile,0.11375133124175699,0.18066377607478987,0.11732893222294938,0.14966477973746564,0.09944732641743388,0.16994274391988812,0.08639813240544614,0.12251618719427032,0.09658546368044472,0.10543391751442142,0.10951016942601026,0.15124154796299144,0.1439500253555653,1.0,0.11744768479043634,0.1163879397097654,0.08982121510339391,0.13116479415418228,0.13726458569708314,0.1077446397996838,0.15288202948497295,0.12600756654787307,0.10393714717121083,0.11200137810588902,0.1610719141416437,0.10660914334112559,0.07827182629219953,0.1290119972047457,0.09691711124190386,0.1144803334316361,0.08376984900433113,0.12547133155171802,0.10202045071829671,0.09290659907711306,0.15715970452878314,0.1179705050690525,0.08352151865351885,0.34005255946889884,0.15167640237090094,0.0740449880170088,0.11102148241054514,0.1118037697078964,0.13625733448175914,0.13376143553294506,0.14697529110607493,0.1103397482415421,0.08463388260404232,0.08886963320951702,0.1359225841306827,0.11731958790319208,0.14060528596955268,0.09896805424402662,0.0754701915818941,0.12118479120018616,0.14061095735944612,0.15957750735233062,0.1376967554555183,0.16018658265678262,0.1269938655522529,0.06288398843331633,0.0941316846944498,0.12116367866446931,0.10730325873340284,0.15493057963138818,0.10527770057452496,0.15581995299810442,0.17857252902999332,0.15424904215752688,0.09880361425847053,0.13212642697191224,0.10079551046538315,0.1143157417335855,0.17961081896147837,0.11076538984882978,0.0720289880569019,0.09511129336283407,0.1555482644921271,0.09939623222564334,0.08539216882289632,0.07998030651884165,0.11900442753827006
China,0.1036916336948275,0.18865181805303577,0.08370614516265888,0.07664233487134228,0.1020959160894245,0.15477045238744816,0.09862900268116184,0.07052817387813708,0.12321842764653804,0.09056534886818696,0.08427584837078314,0.13256043311466598,0.10057378016636226,0.11744768479043634,1.0,0.11891058969815722,0.11296883570302794,0.1081361269896219,0.14321485801009126,0.08675025381720136,0.12335857173390116,0.11320054143134142,0.07691092279572881,0.09218118380299298,0.13174738947529546,0.0987660730915325,0.07043760837129409,0.15314619000955246,0.14929279060883266,0.07967132228871646,0.10674617952638564,0.1324527923838982,0.07584659936499347,0.0950187134601492,0.16813826464969783,0.11468267915197222,0.10016877738770853,0.3684873928364145,0.10526039696220311,0.0618932149067161,0.11841684999956055,0.136167555595486,0.07501158505422405,0.10413555014316743,0.08055469827558716,0.08234839174381405,0.0944232972495155,0.06663840940154289,0.11770642787316055,0.1103062223232803,0.12812398665170213,0.08947629057345492,0.10166867365582642,0.10598075052645216,0.09781491938549713,0.10929474300505886,0.10808443313842,0.12538700301890512,0.1155762468180019,0.08080172568755098,0.08597142084672615,0.08490589427891673,0.14630766805217896,0.1500698377645096,0.08680803199906428,0.11078692721135033,0.1161735064566175,0.14983217778235947,0.12114027867926683,0.14645817445641834,0.07822575999203875,0.1239975020795208,0.1574691257913814,0.10555674872649834,0.0662649191870777,0.10883183051614301,0.16751711769820674,0.10470062176191025,0.09282875581869628,0.09732001758219765,0.14010264229576258
Colombia,0.09222474498975512,0.08474052182548945,0.10760591136145267,0.12691817016982546,0.12678901861867514,0.07397173100508439,0.10781600821385348,0.13147917799315367,0.11716568770761411,0.08998247336507359,0.11446587306179401,0.11366180780408935,0.09523584768668741,0.1163879397097654,0.11891058969815722,1.0,0.11203683211170071,0.0996900774713756,0.1074465841825777,0.09366774758825679,0.09417103503121865,0.12545800257226056,0.09867204050537759,0.10083717056224452,0.1225618519639158,0.10208237602444856,0.10785169230774913,0.1263683638711882,0.09385307068513732,0.11939985238042958,0.10001598370496757,0.07490052865975373,0.11870620421541618,0.0858490008089189,0.1214058690853189,0.10038263293587368,0.10902665806780616,0.31812748114647177,0.1323128116947194,0.09884993327604068,0.12185787835935429,0.11590467405108032,0.08449609495281935,0.12097990255009834,0.14175605895654078,0.09857263390389003,0.0852293604097485,0.1015610239667439,0.11968595315321069,0.11589286986054634,0.08403804162843181,0.10132680399206553,0.08967101804949476,0.08748601390761171,0.10457209179107345,0.13249633612146133,0.07813858963521263,0.14707929079387436,0.09104018118877284,0.12734844536772175,0.09528399837425279,0.07712630649246906,0.10561060776856583,0.06979422545980941,0.07331194509264213,0.14467652316250684,0.13079078519881573,0.08100278498872891,0.10301369850123676,0.11909869622575496,0.09850667950049315,0.1121203159374827,0.1504658882933532,0.11699507504855462,0.10744532830626456,0.11442889833897406,0.06735668941458353,0.10690370168257815,0.11222425397067631,0.10168078379461909,0.12117048143817992
Costa Rica,0.06361300439169229,0.15709083135093874,0.07748657336292909,0.15834559533874024,0.11609143369457617,0.1455004235679382,0.07722594138046651,0.11901040863353413,0.08411263642309885,0.08656219201030894,0.10347814492841878,0.10097999463931251,0.14216494489846257,0.08982121510339391,0.11296883570302794,0.11203683211170071,1.0,0.059111556327281954,0.09936255731933744,0.06054302852939036,0.09612396087350727,0.13987939684050338,0.07030719444020002,0.0817211028715315,0.12251402179355848,0.04879474525038508,0.09581860724711155,0.1326805147072831,0.08776185081094608,0.07602296322503105,0.06698427803780405,0.08194570915636698,0.09507023813722236,0.058773270262382035,0.1187259164401838,0.054314514034976925,0.04651316931275005,0.3717586968386673,0.1200226554671952,0.07594999909654948,0.11065027996345335,0.08894900985250333,0.11049308883043095,0.11619101183725368,0.1389448474976213,0.10346788603844884,0.0741192298980023,0.09132961225367668,0.13217679796671247,0.13543761070227106,0.09346613835321174,0.09738560616176856,0.07296176578525988,0.10830352969767985,0.1244467283641716,0.1586772367484847,0.10806466298517473,0.1443545631433037,0.05814743135179428,0.12089437735993244,0.05112127269194082,0.07409698296256688,0.08602606638850094,0.10794668335988082,0.07021628173207065,0.15675602967364458,0.12892559541946094,0.1126340151473464,0.07292932400386012,0.08255745219780058,0.07574156797096986,0.09517653064695536,0.1533154989180162,0.09848524905494167,0.07897683431599026,0.13035949043120348,0.132644267110988,0.1070925649806809,0.054903231729873374,0.06229192202157411,0.11576207625769959
Croatia,0.047865790258376284,0.12755121241816444,0.06472070760582435,0.13402860882830298,0.1448428735504137,0.14069576055289051,0.10294382185542657,0.12210703535748259,0.10714199691429968,0.07463422482147708,0.1046694892143335,0.10833142725130501,0.14386066169052375,0.13116479415418228,0.1081361269896219,0.0996900774713756,0.059111556327281954,1.0,0.10723324903883574,0.06281069247937392,0.08362517333851699,0.16675446507428113,0.08836621398046257,0.09042315736787487,0.12272151948556337,0.05555697357936316,0.11001988706743741,0.15693385171567178,0.11649090057631951,0.09198054034345064,0.08777811798889289,0.08438449822384585,0.11700145796076657,0.07068644999399995,0.1405164090030999,0.05752635384591095,0.07912389005552056,0.3829208030596843,0.13268921380050658,0.09725846695600918,0.13617807983940516,0.10227301098740511,0.11386801278516903,0.10448475815350129,0.13292295895708764,0.11219926903930376,0.09037077957869007,0.10495105546564124,0.1267940687409095,0.16508211512567644,0.0773332998841333,0.10714609984376518,0.09671311704991899,0.11492126786233713,0.1129061518845315,0.138751682118134,0.1244203880158804,0.16559091861205533,0.050393035497805994,0.15374368391474189,0.06138517888204083,0.07382835603147471,0.08316948974453389,0.07760467271406253,0.08047368776003354,0.1492785066400054,0.11034387593409418,0.07734786990375982,0.09323776209778264,0.07051526655821734,0.0772533473147573,0.10267619976520002,0.1267482930038002,0.12142845453432469,0.11093219234673098,0.15762331367575635,0.11356960437259253,0.11997439460923608,0.08124162458735677,0.10050712117829036,0.13266859369012396
Czech Republic,0.1149911452449673,0.14477274776922552,0.12788266816481897,0.17522228171624488,0.13156462013119227,0.13529909931497375,0.11278167294374694,0.16662738921470965,0.11220171231296647,0.1149036216165009,0.14206321113098141,0.12291973784165916,0.1392243755102773,0.13726458569708314,0.14321485801009126,0.1074465841825777,0.09936255731933744,0.10723324903883574,1.0,0.109491969052112,0.11922209730116201,0.13269016444585457,0.1337183342985133,0.11136999189504941,0.10740658886757772,0.10250869905550324,0.13155186002040054,0.11330315700842307,0.11777680841197134,0.12688306114681247,0.10029656226224397,0.0636689017783786,0.13559386757360983,0.11839112570369956,0.1408016672374618,0.08348466368459104,0.0967492457262148,0.325372482484009,0.1638944513222772,0.12906431963175555,0.14209514569742934,0.1023558418594084,0.13069247392049563,0.16145745925360322,0.18211874581899443,0.15091603430691827,0.09657183866245979,0.1464397675632631,0.13436938415631897,0.14359125835671138,0.086666893310083,0.11158844904683334,0.12269396292110255,0.11905239322130341,0.16684655432688544,0.20013568935530487,0.14005739299589867,0.15345786405069353,0.10053096930191072,0.16274567168738974,0.10120530204124172,0.10693640149400953,0.09389811724404619,0.09932890857619729,0.11188793193682546,0.20058437654329586,0.15683461178562758,0.12405418888680285,0.0922208619004622,0.11412720964874076,0.11515211079473296,0.10063966369369691,0.18837449186322366,0.1267432957888313,0.13771174215642035,0.134671884266384,0.1027986518217742,0.13024779915942372,0.1052022172253871,0.0977262519544918,0.11224613446763082
Denmark,0.053594855550136274,0.14372787013430943,0.07601173393757112,0.12769287770922935,0.10698259763473418,0.1170300480749891,0.06847296329975927,0.09947870659157047,0.08914051849204128,0.07803286668143088,0.09301572899769293,0.09018572914801339,0.11246344110151647,0.1077446397996838,0.08675025381720136,0.09366774758825679,0.06054302852939036,0.06281069247937392,0.109491969052112,1.0,0.08898619733015611,0.13028839804476222,0.0674184567275496,0.07040888771271094,0.10754106185045803,0.0555244136413406,0.08321416218794324,0.13365993761447287,0.10041088585598552,0.0701538852445425,0.06911267383587678,0.08683038881153343,0.08063954116836757,0.04394440906783686,0.11751085081531883,0.06859484177107986,0.061946487157233034,0.37201332223443734,0.10268321875224463,0.06664180450547437,0.11993977618955731,0.10392295251769172,0.07939815864554477,0.10953416254910744,0.12290012551252658,0.07902929890652573,0.0694951016998565,0.06754391181595486,0.1193085595085381,0.12408509260188885,0.08131351337319873,0.09091911223174189,0.07606170024254424,0.09044948512797499,0.1018247701201816,0.12442823752766467,0.10171653923333943,0.13151703546770827,0.06448348876383427,0.12743592313170413,0.04317610002020183,0.0664677181755888,0.09553579473678026,0.10171766049091548,0.058020326480882414,0.1342290245621573,0.10144063965278666,0.11547027112644967,0.07664846112458812,0.1025857403259705,0.04219825237978633,0.09798459507369377,0.1495791153421982,0.085866210149397,0.07102047117023717,0.11015309430018028,0.12200588260035923,0.10022454840959882,0.07012165387742388,0.0765634363755484,0.12564466109997097
Ecuador,0.08448765934082948,0.11103267668130083,0.10318917404317923,0.1405240829095425,0.14382907320233682,0.11161484481402088,0.118948205726679,0.125244193232886,0.11530745555407274,0.1236506299746672,0.13382451391514436,0.11018335962726046,0.12831564846108864,0.15288202948497295,0.12335857173390116,0.09417103503121865,0.09612396087350727,0.08362517333851699,0.11922209730116201,0.08898619733015611,1.0,0.15787117701048584,0.10513110525820654,0.10850810438204606,0.1341017049673324,0.08312568297136276,0.12689315536776927,0.14884336113298174,0.1140741683165173,0.11952860610209685,0.11027749644535953,0.07752575489410736,0.13838647381809954,0.10085722016154663,0.120988118245627,0.08864373142803467,0.11447890148895475,0.34774154208204705,0.12831716327128745,0.12235288404059488,0.14688653815588654,0.11217211836143827,0.11817977214517511,0.12871089141360414,0.1485356525469097,0.12080056927627685,0.11116356422434467,0.1112739068268635,0.13645520894939536,0.14786633870646657,0.06882340328965764,0.1276578547104589,0.10879521071969947,0.11571252342791673,0.11956771367436463,0.1367675652191149,0.11566223099366478,0.16097995363035075,0.07076084367104786,0.16801730120484587,0.08926158388961596,0.1061500944833152,0.11370219029740515,0.06701296005821221,0.08538475616536063,0.14837696375374293,0.10877532130308892,0.09468872631969497,0.10050557537370712,0.10990430286460844,0.09778468381638304,0.12450743574307353,0.1502871837305048,0.12888336312690574,0.1227726669825383,0.14306406166036265,0.08119007068636305,0.13798564331685123,0.11687976125495472,0.12384470807845235,0.13595114426071056
"Egypt, Arab Rep.",0.14726456085692097,0.20987361893622114,0.1360567632661271,0.13016824332242752,0.06263686113076382,0.154167360823264,0.09168250371367566,0.12406468729023136,0.09256018069851199,0.12955071144908958,0.1160252542003162,0.12153665640983662,0.11993686347868555,0.12600756654787307,0.11320054143134142,0.12545800257226056,0.13987939684050338,0.16675446507428113,0.13269016444585457,0.13028839804476222,0.15787117701048584,1.0,0.1350140202213066,0.130963266801644,0.09961279598673346,0.14234145720178834,0.11357015223456679,0.08175931098927161,0.1358402815887846,0.1094104055542896,0.10288236250907905,0.12068489046182321,0.08838851289187294,0.12957109887958457,0.12307305762550166,0.13515865980655437,0.10618470046573578,0.3429326411546763,0.11739233127857995,0.11133921527350615,0.09305982317680737,0.12535859490868947,0.10912605909865201,0.16916269717636323,0.1430518561771915,0.1335900089092731,0.09313771182228844,0.12230719739637812,0.13611883945367645,0.10148673938247889,0.15221131691265027,0.09196098159992162,0.1420073415271319,0.11302286806748575,0.144352067047716,0.1663515684319268,0.11303020493179246,0.08669873155174058,0.16364105572035412,0.11445950608559957,0.12756188866852736,0.11925702543913225,0.1584053539860786,0.17443645340477787,0.12876163221788092,0.16560424120907602,0.17311314887334917,0.19520754379712277,0.09548210239155856,0.20419201857182884,0.12146314369025354,0.1032782138571313,0.21641089877973782,0.08382815056422505,0.11359888960186215,0.06745414251605863,0.175913990830608,0.09540850491426886,0.10305936554698236,0.09994556970424325,0.09285217833414347
El Salvador,0.08289906941731064,0.15878930159912408,0.0631674162458486,0.11111430059735047,0.11033148829372116,0.11795769354848173,0.07063623212697341,0.06709218096557135,0.10541983339416323,0.076467749678695,0.10514550544948673,0.1221486292226112,0.11159739988972105,0.10393714717121083,0.07691092279572881,0.09867204050537759,0.07030719444020002,0.08836621398046257,0.1337183342985133,0.0674184567275496,0.10513110525820654,0.1350140202213066,1.0,0.0649863911443274,0.11559111127757585,0.05653292762035422,0.07282844327045822,0.15058342237795713,0.10135429520659582,0.08201011516649251,0.08198620871623047,0.1129155873280548,0.08038897964603414,0.06846113091054913,0.1421889972904901,0.08483930119225871,0.0888178788119313,0.3676525157194075,0.12199309300781266,0.05821485077700442,0.12474389440765725,0.13401347487438356,0.07579177251955264,0.09100733304305705,0.10409633865728292,0.0819077517766287,0.08090237139808289,0.06309603286033016,0.13105984822810812,0.11352081864365775,0.09731350540947477,0.09602124403830804,0.07766869761139743,0.09740059256001762,0.09344741133988521,0.1258103655181346,0.10647537128703835,0.13926233762455115,0.08471647174253931,0.10256447391412422,0.07507363186433534,0.07650887606830083,0.10693786961595982,0.11720043782592471,0.04750398154965417,0.11864978995111009,0.1029996856621044,0.12728578846917687,0.1038035935229924,0.10105569049083453,0.07625617195000749,0.12499558887092557,0.14231622382177356,0.09760211187355645,0.06409682143409214,0.1239302084383754,0.13596949216425738,0.11423305120628147,0.07802090815788826,0.06228069516535039,0.137507937005283
Estonia,0.09845987468070973,0.1571324395819356,0.07258980512262167,0.11517358278100732,0.11576636311920868,0.1225560163228005,0.07135973229049071,0.08940127900386442,0.10361639594384506,0.06095004075043641,0.10109384908184536,0.10142890453153834,0.112550077248544,0.11200137810588902,0.09218118380299298,0.10083717056224452,0.0817211028715315,0.09042315736787487,0.11136999189504941,0.07040888771271094,0.10850810438204606,0.130963266801644,0.0649863911443274,1.0,0.1109739511888396,0.0545767438542682,0.08301789693614636,0.1309260963708248,0.08575318234857773,0.09206091412044294,0.09003378991266259,0.10081273343137624,0.08966004684300058,0.08247584568582574,0.14148851136189228,0.0789376046909486,0.08439559432448125,0.36639957609853574,0.11962079245435846,0.07440191912030618,0.10624812652463897,0.13282531362873135,0.10300195324949807,0.07409869458396083,0.08760704713612354,0.09862911240586875,0.08027204912312894,0.08472825363309082,0.10715053286988355,0.1325097449238412,0.0851905143572436,0.08891817804303141,0.08408793756927618,0.08303957333841458,0.10608568162507766,0.1447316254788277,0.12879941256670926,0.1476718078144937,0.08990203975065492,0.1257743209732414,0.07472121717492211,0.09361770510504287,0.09652976743880924,0.12092112287632713,0.07866113948929239,0.14139229068722717,0.09346957307909168,0.13048004704657315,0.09089567449630738,0.10757102627373269,0.06817461947557593,0.10111067307763821,0.12916953177582188,0.11016603075546712,0.07587333717751724,0.12047877369689017,0.12972603078252454,0.11280715559857799,0.06579792028361389,0.05934618997486741,0.12326148028677784
