Country Name,Albania,Angola,Australia,Azerbaijan,Bangladesh,Belarus,Belgium,Bolivia,Brazil,Bulgaria,Cambodia,Cameroon,Canada,Chile,China,Colombia,Costa Rica,Croatia,Czech Republic,Denmark,Ecuador,"Egypt, Arab Rep.",El Salvador,Estonia,Finland,France,Georgia,Germany,Ghana,Guatemala,Honduras,Hungary,India,Indonesia,Israel,Italy,Jamaica,Japan,Jordan,Kazakhstan,Kenya,"Korea, Rep.",Kyrgyz Republic,Latvia,Lithuania,Malaysia,Mexico,Mongolia,Morocco,Nepal,Netherlands,New Zealand,Nigeria,North Macedonia,Norway,Oman,Pakistan,Panama,Paraguay,Peru,Philippines,Poland,Portugal,Romania,Russian Federation,Saudi Arabia,Senegal,Slovak Republic,South Africa,Spain,Sri Lanka,Sweden,Switzerland,Tanzania,Thailand,Tunisia,Turkey,Ukraine,United Kingdom,United States,Uruguay
Albania,1.0,2.68600438653199,1.677701249728412,2.667075987726599,2.1190757040918298,2.4039468759323372,1.6521230820910389,2.196781321045815,1.6812095791587196,1.6861302093506907,2.71751011285287,2.212599594932916,2.493375684827652,2.0731193646749997,1.9989844851275669,2.026140880045023,1.2234191832986276,1.099970958113831,2.423750263678957,1.22355542097682,2.6171518168734993,2.5823806944720347,1.5886771159276953,1.851301225774447,2.3448455730496125,1.3301532847627457,1.7842706326796443,2.7069043064510803,2.4009244423362306,2.0104751373214267,1.4612590467455082,1.3961296012100457,1.8577908173885942,1.1785575942942699,2.5215806270037695,1.420614978763939,1.2957653934069588,7.07720554910875,2.7947146016363646,1.6105304725917986,2.670288045721034,1.8757741772572167,1.8674447300320653,2.614341399552024,2.785734803165055,2.1984571703925964,1.4921439231099067,1.7406941311000483,2.7731681640399493,2.4314154332679467,1.5940732785517702,1.9298304780255435,1.7092209973831158,2.013072408653442,2.3537779866388684,2.9170234937544586,2.035998323263221,2.7821722962784494,1.1324489186174338,2.4175749525204466,1.2434573735052954,1.5153804152786692,1.7058654374868227,1.55386811639281,1.2567982935942499,2.930315246937785,2.7330920714670834,1.8333554683050313,1.5465902560744806,1.6645481697465472,1.473411665940272,1.963844330464468,2.651820903350554,1.8344257594135018,1.9502237777937967,2.2026131093442207,1.9402688498253933,2.1262233457395943,1.6307366262067455,1.686825875498587,2.3235889102331364
Angola,2.68600438653199,1.0,3.4591013640972714,3.45163493500783,3.8012137436216777,1.582819335260215,3.3036305003569515,3.5593254561629775,3.4512789877266257,3.2088741811514847,4.415268809931964,3.492537984473313,2.7221021037832975,3.573871000784871,3.767036896022345,1.4802031155329447,3.243565977147951,2.9069525683964317,3.3412492173859127,3.018429862102411,3.8359220470838333,3.9778392556740156,3.2901974985702243,3.485669595329879,3.5959616696181413,3.1707255430462795,3.5064004029812255,4.10157871263978,3.4203138747781416,3.311847080538646,3.2561690540973083,2.5619387131400777,3.751952532863633,2.883121222625277,3.198559903002216,3.136502615864685,3.347854038465676,6.185343820848519,4.128317270451184,3.32893651042705,3.9646742788193907,3.515969062858678,2.8356215997560934,3.6459149608942334,3.9489679372789315,3.00110015888505,2.865758224360412,3.5101628291803744,4.151152389364473,3.7943495400515648,2.5448062225105965,3.5326174658344067,2.770321997558304,2.8051499922879417,2.736437276492348,3.4345794184992346,2.4226785650956115,4.274592735944622,2.635115111589354,3.6258430261747643,3.0431784197395286,2.8020646500164026,2.7952035132577486,1.847841997816344,2.41365961601721,3.4237403896527487,3.6662939965921013,1.738914298997992,3.078573558974804,2.763584779301875,3.474154182072339,3.5510516604367677,3.422711545172401,3.521294611860145,3.6788447987941635,3.6972531605885686,1.8568373629166133,3.4109215322304305,3.504766410456578,3.371930960420569,3.6134644978017403
Australia,1.677701249728412,3.4591013640972714,1.0,2.640882557923223,2.0239649662897485,2.867238993089763,1.847262900454536,1.8963373809891908,2.0288632079058373,1.3284737134192828,2.2391339285145455,1.9078789847888225,2.8609499624171546,2.1919155168621196,1.845466283576943,2.693859776663895,1.5101929718908793,1.3811107196983212,2.338330407632461,1.9480787171981278,2.4736701478023204,2.28410629149576,1.4503263537378688,1.5981763569574217,2.015469294350657,1.757040450901245,2.0595259561130024,2.5149345734413466,2.3600982990090076,2.2482297654683436,1.5249669880695893,1.9383995301290915,1.7215997628624455,1.7499362022054554,2.555689082027756,1.5879087878245097,1.7037580514215571,6.962608512561121,2.6174211746649814,1.6770585418300663,1.9896415912562777,2.2327890360335694,1.973534058570375,2.505525377603247,2.4067671327693865,2.7419272827760928,1.7135678776020604,2.1262409047398694,2.886090510617771,1.861318049936606,2.1212730534933093,1.9458279403426322,2.106570636046045,2.27493355753605,2.659838109852879,3.289180914977995,2.277743266679289,2.2825100756335672,1.8599383183057514,2.201012805383165,1.486129603165793,1.5905715123285582,2.2452764909054586,2.351346724608616,1.8527091327259655,3.0125895344511,2.5034773973889934,2.5705722634184625,1.8533443095048232,2.0731942028982626,1.9921193963766928,1.8827937595311444,2.6895009486426855,1.9845365053735602,1.8628916368722532,2.4107021706684635,2.564688962444491,2.304929896893981,1.5675481750739388,1.6209519076597965,2.4677545975817687
Azerbaijan,2.667075987726599,3.45163493500783,2.640882557923223,1.0,2.843775162199247,3.2466025714948823,2.470149502292982,1.8665501673403386,3.0160128609269186,2.287967417725451,2.3605601988691958,3.1379637142021832,2.1606124343508637,3.086181376161784,1.641607893157494,2.908804789760677,2.9185546981909805,2.6733056837358924,3.4769841184578723,2.4170984806565894,3.113638925539455,2.86961410146573,2.09647086467477,2.1963578253540543,3.04895137649098,2.4525615182766134,2.01809125191691,3.468527620646016,3.218960477761342,2.409428115173047,2.948693543751719,3.1067774874391496,2.6357640287022304,2.5627641008160964,3.7537248400229157,2.9044789946472442,2.886795250948871,6.488607657190625,2.5435962237149212,1.9786474766609223,3.5112618612052353,3.3397276400436327,2.134331118731539,1.8205430999263825,1.4154262614431614,1.5825367884783061,2.533579352800374,2.243064095265568,2.6920105221428683,3.017427505190062,2.833095536356398,2.6628935005826313,2.5457733840547077,2.3049030903848253,1.917141038155012,1.8715762575116404,3.154157317253083,3.1957645705596156,2.7046931635483693,2.686536945732734,2.4212023354200003,2.7850669158131725,3.040265808303223,3.0302007978600094,2.404591919982466,1.6179620208771384,2.3296120897569796,2.8599119222681777,2.9991350421501375,2.7950074913117,2.505435692782812,2.9385593195062816,2.864340541644943,2.7489712766571333,2.034375344441176,2.759699968712738,3.2607762625456838,2.777716553487762,2.5014946757539347,2.5307382180989624,3.0893532096739453
Bangladesh,2.1190757040918298,3.8012137436216777,2.0239649662897485,2.843775162199247,1.0,3.049184631245528,1.0917349948377413,2.2413888743188024,1.0516461298810316,1.9799954847409853,2.276601453914987,1.733553148505097,2.7736085558761316,1.9306446185472719,1.9130275530277776,2.8638644812542315,1.7756765411054636,2.1761561797905657,2.536983089223055,1.9168232663551887,3.0050930535032316,1.3010876121488117,1.8610278610514999,1.8958691153600742,1.7190500249974423,1.8106022978533662,1.90615244221394,1.392676028296444,2.0989976433424307,1.9325111038215492,1.403964437719938,2.108439405479017,0.9604793324194731,1.9540579895657664,2.2035535882596715,1.7723874557698773,1.218088698729492,6.958519393101915,2.4518477208938236,1.5019951257207012,1.910380400194961,1.778430050764779,2.07419119729187,2.982930249095698,2.633048153591704,2.782135291037514,1.5420092057617232,1.9858957211742254,2.507030811995151,1.6546487553280813,2.3384722173102084,1.6465316593761068,2.075805945356143,2.0351820994581566,2.988026291089225,3.666921319130376,2.4938190601187027,1.5586810020228685,2.2307929889611025,1.9803563066376706,1.8138455092100352,2.117401271695105,2.2902639866973966,2.908195394550063,2.0910237184517406,3.5496048612871025,2.998801393205583,3.1132304068290386,1.3140145621144768,2.787138793424943,1.7119355697815135,1.414186163293351,3.673301183395657,0.925914958418763,1.6343785704671838,1.0614006599009584,2.8642848442501445,1.643679560370399,1.167934098441308,1.384218042695082,1.3746580048094932
Belarus,2.4039468759323372,1.582819335260215,2.867238993089763,3.2466025714948823,3.049184631245528,1.0,2.664547484563599,2.991167466062408,2.8613034350804782,2.7321055510931855,4.01473957499358,2.8962627558123177,2.3286792691328686,3.2579805016712835,3.206537124915183,1.278364444138093,2.824608222676954,2.5869381400189795,2.9171550456013624,2.56469260557526,3.5146670586886644,3.2877691547260204,2.5606949612430805,2.9522482278970297,2.5890591596438797,2.7470575640098205,3.167999883951713,3.5003691557718164,2.995626467605445,3.011494516908442,2.5728338993318096,2.1494716547373733,3.022239460783713,2.3879976163450567,2.677028987842869,2.679104743754675,2.831226265811518,6.4599242038475975,3.6918436892192212,2.8033633807516942,3.3652502477283885,3.102461288373186,2.0218758851499774,3.4343483098658285,3.564438938071891,2.9101863206068064,2.3020088088001724,3.0687280375508914,3.97080488296491,2.950043475135302,2.329680455802912,3.02899909512869,2.5321250249968705,2.245853791422213,2.4385126340094954,3.507614410617507,1.7507967581180195,3.4641920044163754,2.4323227767274247,3.1127304608479482,2.57461302814077,2.105812996582039,2.788432032468516,1.770069912141465,1.8080136752605114,3.4248734252184496,3.137643257247409,1.7701756799807595,2.623563423736494,2.8317260438455403,3.0025706694093612,3.0278832386382644,3.423288316121909,2.754438840470272,3.1816799060167456,3.0760425724192166,1.7428484544153855,2.8830983176255036,2.97547284449882,2.741495909669285,3.151496441653125
Belgium,1.6521230820910389,3.3036305003569515,1.847262900454536,2.470149502292982,1.0917349948377413,2.664547484563599,1.0,2.033909805699746,1.0587580911687864,1.5315776440479132,2.395644841384683,2.049447176172073,2.4173748341538333,1.6109958859490567,1.7827960164610617,2.4118885757593,1.3581193922925765,1.7016918601137692,2.3572949407574493,1.405649332513858,2.7120941038989286,1.7610030695638432,1.3521563505888696,1.4204018281702937,1.9283016868059517,1.1428292906244233,1.4980725581311376,1.9618266540257285,1.9141887569181928,2.0170392505021244,1.220002531638713,1.5935560245486884,1.292908916800838,1.4991839010816133,2.3943428681075525,1.304837500033704,1.0829581730380056,7.116775437100153,2.7075419382554893,1.0619639072264058,2.358620507721504,1.834148051515276,1.9181058855045245,2.5466615233809455,2.4408440792735813,2.336801769499855,0.9118887351080531,1.6863581780056816,2.545264746171185,2.042025466712665,1.6356824243404664,1.5404067626952924,1.2844883629415533,1.6521488051213509,2.5165951909096944,3.3396728247151066,2.461941761752218,2.346976026771445,1.5688603192133688,1.8292634543279158,1.2882494484625102,1.8068382719806304,1.6535664795626492,2.2401631725376943,1.461616631968557,3.1532705312647638,2.693323879647063,2.408359362926441,1.1292645869367202,2.023050345076923,1.4287450758980478,1.554765705899428,3.3379747943520877,1.3343126064966477,1.2660391375078512,1.3088400443561792,2.275556138808728,1.549865826775729,0.8881030503545289,0.7986900499836668,1.591914331326357
Bolivia,2.196781321045815,3.5593254561629775,1.8963373809891908,1.8665501673403386,2.2413888743188024,2.991167466062408,2.033909805699746,1.0,2.4089931317713504,2.249935415220441,2.4456473331902013,2.4570966094358284,2.1251411856660143,2.4111672504941573,1.3396432692035847,2.8720783721574947,2.195863825409183,2.2120248713822783,3.264214927457949,2.0269666474049117,2.8683704170943085,2.4612385726276544,1.4691484164426125,1.8160435278165759,2.5395691857608274,2.075100939697124,1.8538808544670984,3.0566309196923194,2.2724057595575737,1.9976386538851534,2.458239546555047,2.7553726487656913,1.7015080752155625,2.1187359338186615,3.179188284771856,2.3715026746071763,2.268236067666595,6.886733780838822,2.190488113519288,1.5208737368887564,2.6804946993412186,3.05141410599147,1.9700139910516388,2.0895473558824094,1.8275355597308474,2.002650013462952,2.2244744174673525,1.5995192958292577,2.9710685691577874,2.2988292024031716,2.5927096250839434,2.3690183659652497,2.027834086493806,2.4233694624037936,1.8643242475257555,2.2043112070676,2.6336131243028094,2.518319060293655,2.3788130854553704,1.9265788183737933,1.8806519874433707,2.358500264063324,2.834296471887915,2.9169115782342443,1.9733099784500792,1.9987993908392943,2.5805610548658233,2.6469634463564566,2.568513110602905,2.5860962560179996,2.0137826620649886,2.7612507412317657,2.731812614178699,2.1719992921218294,1.514874626605689,2.3989755493973606,3.1366714389335963,2.784461451109027,1.9582587736283104,1.9227180309791543,2.760771398733377
Brazil,1.6812095791587196,3.4512789877266257,2.0288632079058373,3.0160128609269186,1.0516461298810316,2.8613034350804782,1.0587580911687864,2.4089931317713504,1.0,2.043011991383594,2.502691614020221,1.756445073137575,2.7606498996801294,1.8418811409668217,2.199226530773269,2.7199609858537244,1.348010848347496,1.813685946302157,2.3270724237992995,1.757254541375861,2.617490065500584,2.0197156542064425,1.784192810463728,1.9100132492783346,2.013070142315075,1.4464070553943131,1.9786257526643198,1.6325512049261985,1.994873507650559,2.0369449064652336,1.1788441110508063,1.6969934105254547,1.4246002146167953,1.8553478295670447,2.200946267777008,1.1450878065754948,0.9845850156777152,7.051919045806751,2.7332072598981916,1.6067272693812764,2.25962685690121,1.3960565537197447,2.2691355179231745,2.98353670443923,2.99791703774635,2.748881957313603,1.5033133795641886,2.0567027708132737,2.5978241155827306,1.9888437055796355,1.9501540691514585,1.8510532907005297,1.8391876314969733,2.1570473871853593,3.077582076931331,3.6718527880866723,2.5703206726583017,2.068087344699175,1.5886471690917987,2.1935325994407275,1.6085795320501743,2.1217179861982682,1.7644448290699533,2.3908675241538733,1.8418575277664084,3.613727466115238,3.035757430018285,2.652566899668865,1.0212650461823067,2.26386482599194,1.6867846041572314,1.58633087037295,3.5967673389206727,1.081883970137175,1.6931455083254487,1.5068766158813025,2.3687423650772033,1.8764073593532087,1.093378471864568,1.386266871623777,1.0715088430887734
Bulgaria,1.6861302093506907,3.2088741811514847,1.3284737134192828,2.287967417725451,1.9799954847409853,2.7321055510931855,1.5315776440479132,2.249935415220441,2.043011991383594,1.0,2.144444511726515,2.27305668743597,2.8315982903036527,2.1149021350896855,1.7718406488879854,2.2763370607312208,1.4881324302583787,1.331741438647507,2.110818081653493,1.7368803023909583,2.823346306662252,2.2754244056362976,1.4024105041830826,1.1944502784812532,1.9578640157587854,1.3248927357998965,1.790724059010892,2.4881834474417284,2.3946424849067767,2.0469764007284827,1.3979879318052044,1.740135482153262,1.9110697294613215,1.4754177683706293,2.6081821377732073,1.5534813898622153,1.565605079213731,6.8341983174447165,2.6685327636788387,1.452899671462266,2.25998188464228,2.1996215293798973,1.6786373946486808,2.0392883449061054,2.0267521856593746,2.336764417346399,1.2907079820372689,2.2342134902676927,2.3303681800316185,2.3405233151833262,1.8282117189622233,1.5907618150050096,1.9018890054022557,1.6217881302193256,2.4322880425652498,3.307795069981107,2.2558869741828773,2.532849378316923,1.6482423365129875,2.248854790947717,1.4791970737198192,1.3620973798228855,1.7792370718245216,2.0722916056197134,1.5709554889504405,3.0360477228910425,2.2407946868605966,2.391411608947228,1.6290773245330121,1.787643383028656,1.982245968562553,1.5692343227768901,2.646916570164587,1.899371093654076,1.7739897029516465,2.275801937241808,2.408516562732724,1.5823979887738444,1.4299795547181784,1.3709889451631543,2.327069485040344
Cambodia,2.71751011285287,4.415268809931964,2.2391339285145455,2.3605601988691958,2.276601453914987,4.01473957499358,2.395644841384683,2.4456473331902013,2.502691614020221,2.144444511726515,1.0,2.430077194327509,3.166177127176164,2.7065220660476506,1.8329126158511562,3.701698923922732,2.295462330146935,2.3946103261765717,2.868104630537785,2.296675448480689,2.512844349710982,2.4190463529497435,2.3286493431013353,2.113094996098979,2.5400887268444254,2.2163662549669167,2.1129679493073956,2.5571052843839386,2.9445171897134013,2.425756538980331,2.4143339410819906,3.0186727163657174,2.1232564456205214,2.47147151908549,3.1948802054170566,2.4704354039204963,2.2748918381878527,6.3436926002184855,1.673416673948515,2.149329199136568,2.4921130765757495,2.551915038383626,2.712405747533082,2.3089701322526257,1.755833608563015,2.5946984513829716,2.6442233762256264,2.284928585015281,1.536175978882037,2.7373435343782093,2.943063776106668,2.442127627120039,2.872806081517471,2.775451651313223,3.0670498056513407,3.0568158680978237,3.438536323691834,2.0808162497762477,2.7029211529288837,2.7403999604133613,2.2568181158829588,2.734210542802646,2.8735613886520723,3.397019904081433,2.920147124211209,2.9863041475618854,2.2833149011443816,3.5579901420419793,2.6386175257790443,2.800958192118918,2.180404372669362,2.2243963246639984,3.1032895912279947,2.2424346215307867,1.7542571654233672,2.380603491101257,3.6121675641237174,2.363482241300026,2.0357239297090035,2.3406976795488506,2.657827341049569
Cameroon,2.212599594932916,3.492537984473313,1.9078789847888225,3.1379637142021832,1.733553148505097,2.8962627558123177,2.049447176172073,2.4570966094358284,1.756445073137575,2.27305668743597,2.430077194327509,1.0,2.709627100203267,2.755786401718902,2.563219962238466,2.8509947818543258,1.9426646194967327,1.8775606595947942,2.449512761067824,2.068333020534789,2.5631860484882782,2.307362978945508,2.307040382344794,2.2599670127838216,1.6557487706163274,2.0998282141084172,2.6476967979566,2.1238839982976687,2.074055852243434,2.3230391880126815,1.8765216817222556,2.0274072773809375,1.754678765024563,2.0200150950712477,1.9001865889677687,1.8319213063435973,1.7659309922789395,6.781165547178662,2.1278936087949663,2.12186802614676,1.9126122536728019,2.2395963649516717,2.235715611174163,3.215548430352643,2.922415097450105,3.0956660816087433,2.1364928445197093,2.5372561119630364,2.7112222226047082,2.1367856337294198,2.1397746381000733,2.3082794677775307,2.5234572635477215,2.174743935403328,2.9930357015440214,3.6028469420475444,2.3788896166366764,1.7348902660454886,2.1693444023813595,2.8275514941107307,1.7726096239878668,2.2790193464250126,2.3678883240690185,2.6216271805943636,2.301521491423485,3.5440290621081174,2.805477554534606,2.9296466520222215,1.7063132751721053,2.72681789328184,2.181363033336868,1.6806454945696507,3.3488961332758755,1.5237490023058717,2.1684521137448827,1.9932769090608051,2.539670783845949,2.441231017473735,1.6851924475932987,2.0392231174378033,2.1529318861791302
Canada,2.493375684827652,2.7221021037832975,2.8609499624171546,2.1606124343508637,2.7736085558761316,2.3286792691328686,2.4173748341538333,2.1251411856660143,2.7606498996801294,2.8315982903036527,3.166177127176164,2.709627100203267,1.0,3.0315518514602067,2.332852951706645,2.2438598576843622,2.8152634023504866,2.7262459086873614,3.288854010594916,2.2470174769192623,3.1716831979112245,2.8656754515994423,2.416027197186232,2.822890218122174,2.855275989426926,2.6817027616522324,2.3221294555651633,3.4177210481483113,2.908923493450641,2.7190664764783024,2.7026225815198965,2.6084920136239202,2.64062659143276,2.2843873958806786,3.391922543731982,2.8602393342300942,2.712942737148989,6.538960525116755,2.7825570380145637,2.151256516613844,3.481086043167325,3.168378945195199,2.0275612426923293,3.0849188276423476,2.7599715212538896,1.9113496161483874,2.2621952968085526,2.19937927587715,3.4900275636841247,2.866993180507468,2.5910404047193927,2.8581083948694466,2.2647676683321096,2.237604246392896,1.6509494888577685,2.222234986835185,2.4983297439633563,3.2696631046657307,2.6553446424894216,2.566347002713929,2.0920420831011026,2.5465169328782356,2.982899262959034,2.558715441017763,1.947255300542944,2.3019318215102755,3.0431688885602703,2.165389829838152,2.807735875715073,2.943347038695668,2.567872169050528,3.0213020084041067,3.561088456629232,2.6118974667482946,2.3207691375900907,2.394730398837651,2.5113018808507954,2.7916875501576714,2.61715366952731,2.5067316690012227,3.089164059854814
Chile,2.0731193646749997,3.573871000784871,2.1919155168621196,3.086181376161784,1.9306446185472719,3.2579805016712835,1.6109958859490567,2.4111672504941573,1.8418811409668217,2.1149021350896855,2.7065220660476506,2.755786401718902,3.0315518514602067,1.0,2.3040910273043234,2.8372801234428127,1.5787518272402306,2.3162707447716255,2.811981949107391,2.13962735686147,3.085906282946129,2.371160691652056,2.0017017275356235,2.085292664589429,2.8387947288000737,1.9562794154865744,1.7187787735780913,2.445341832858097,1.8679716837548856,2.3756728883379097,1.752427720122196,2.2846550407285044,1.8353862603308848,1.898324340398877,2.8123665627709027,2.0751315998618924,1.6907630252843675,6.742024042505726,3.0830273192067814,1.6502017395358632,2.2529653146497437,2.319471472872899,2.6323938098833812,2.8763371487874054,2.85009032180891,2.6863080526022745,1.7164065833334556,1.7864097652501227,2.9365085208092845,2.2830534788585517,2.4027029967679527,1.96805890404035,1.5255738924172781,2.501446518316153,2.899445267104983,3.5226692702581075,2.688490432233736,2.8500680979880624,2.222199207300355,1.325133373992148,1.9162324662004226,2.3415964325795344,1.9785288300707629,2.773306599407713,2.1301332382578497,3.3690433080867033,3.3433304637365926,2.8544134867436397,1.8872349995579627,2.2267050601654925,1.939144959849131,2.283519323291987,3.3274759842273696,2.267724895571337,1.7062048009088144,1.9736407300409873,2.855836579616459,2.0197586394197375,1.7675671478051378,1.6003719169760313,2.228303675700627
China,1.9989844851275669,3.767036896022345,1.845466283576943,1.641607893157494,1.9130275530277776,3.206537124915183,1.7827960164610617,1.3396432692035847,2.199226530773269,1.7718406488879854,1.8329126158511562,2.563219962238466,2.332852951706645,2.3040910273043234,1.0,2.916136795616747,2.0587599019313014,2.1137790635844387,2.895214323878976,1.840438019118811,2.8316748459360612,2.0668500715834726,1.4164608476333829,1.6664330930213713,2.3048750835009257,1.8729465519301751,1.2605223493098758,2.6288178731721734,2.720140848867523,1.8709325948592053,2.0823093020236203,2.5770916004200934,1.5012197732501444,1.9272038767049473,3.15600058167129,2.2307246509114758,1.9121358468037557,6.876010647662331,2.1442352580064354,1.258214073982063,2.7136772963000313,2.4655585744843833,1.833071569047025,2.0658793601871426,1.6275261138320198,1.8826714405787555,1.9441174089481839,1.4596283558186098,2.4042590302087405,2.0955927051761964,2.6082408240574853,1.8189198827480053,2.1436957407266815,2.2395100040029914,2.187241628676469,2.4417709469965323,2.670648582235993,2.274793088762892,2.31176925190118,1.9081425690707188,1.7337439474074998,2.004044681899124,2.70240137192089,2.899891631560512,1.930693995354738,2.273240647190935,2.3948716534142074,2.831214880346316,2.2939531784099394,2.5804933262256124,1.6834827206979224,2.3146699875447974,2.925954058944636,1.8539556575376452,1.375420800895044,1.9995085580548657,3.146511734119534,2.206396883707625,1.734482182878958,1.7740301466074138,2.4859395144532646
Colombia,2.026140880045023,1.4802031155329447,2.693859776663895,2.908804789760677,2.8638644812542315,1.278364444138093,2.4118885757593,2.8720783721574947,2.7199609858537244,2.2763370607312208,3.701698923922732,2.8509947818543258,2.2438598576843622,2.8372801234428127,2.916136795616747,1.0,2.4655905027006644,2.2160629688569395,2.847425934815659,2.310598024725828,3.7264671124791904,3.093571645740454,2.480345637031043,2.7606816893078823,2.826844103228598,2.499446799827511,2.8057849590419504,3.450804388576997,2.8178677369575698,2.5224801147852216,2.334710369055839,2.0061190548574426,2.835288986419803,1.9561316160965696,2.835540981764641,2.5224952467609003,2.437212955607538,6.550885990295996,3.442114787619783,2.348519059257694,3.0440670449803777,2.9203499594320843,1.7684491793273727,3.188504914722894,3.252913221481035,2.44207376822128,1.8314054747710913,2.7962371591384074,3.581063106568457,3.0452396675375573,2.193605230250654,2.6180809736548896,2.1445103308803124,1.8902082107181168,2.033962299065958,3.25901608777701,1.4044690821624117,3.4988763952276063,2.18678379449447,2.740690952233837,2.2278745939124565,1.7684156937448745,2.3676713436359322,1.6169680639675967,1.5328616440308214,3.2099384606949166,3.277546853879966,1.5246485096453044,2.342861208224434,2.4579342921114424,2.7728950605568223,2.712944784697682,3.0655045311971696,2.6104981177228743,2.8653898204219996,2.8526706561692876,1.857777700013162,2.405994941346172,2.6245517781904897,2.479165147171619,2.9531815739249465
Costa Rica,1.2234191832986276,3.243565977147951,1.5101929718908793,2.9185546981909805,1.7756765411054636,2.824608222676954,1.3581193922925765,2.195863825409183,1.348010848347496,1.4881324302583787,2.295462330146935,1.9426646194967327,2.8152634023504866,1.5787518272402306,2.0587599019313014,2.4655905027006644,1.0,1.0435101127279276,2.134863240230303,1.2986768275678677,2.5448413662783183,2.406866313239198,1.5675436647990122,1.5488397444611077,2.1806435597400284,1.0569999575282403,1.8670323240661866,2.3411709675650063,1.8809684116404275,1.894413009022184,1.1510999471777712,1.5482972726180368,1.5586070013281534,1.2516298611586303,2.309550045371595,0.9618262683322777,0.7837329402004888,7.049808396079734,2.602184028654349,1.4535365661366708,2.074869002618737,1.7977892940111124,2.1702720625660636,2.5064672175654232,2.6426580176071774,2.442328925082307,1.3634555617606057,1.8547209480499784,2.474065056031748,2.3772625030461785,1.688654257698905,1.8141232082701662,1.4767754833545204,2.1310960793883473,2.645398704164926,3.3397791189425274,2.311545434324656,2.3843716009787053,1.1009576582439338,2.128297930440252,1.0438698971996925,1.542280966211117,1.4233519617373904,1.9865698297826648,1.5402024986264622,3.2252180668701946,2.720869464632163,2.218409537792529,1.2772882969288495,1.4865758828092166,1.5370394347678458,1.8370117813078095,2.8494386030830423,1.5970359497171596,1.5040107256678952,2.078174129589228,2.320410363144019,1.9260770723933378,1.0487997191883964,1.1966449802208847,2.0190757253850373
Croatia,1.099970958113831,2.9069525683964317,1.3811107196983212,2.6733056837358924,2.1761561797905657,2.5869381400189795,1.7016918601137692,2.2120248713822783,1.813685946302157,1.331741438647507,2.3946103261765717,1.8775606595947942,2.7262459086873614,2.3162707447716255,2.1137790635844387,2.2160629688569395,1.0435101127279276,1.0,2.0090578106019006,1.3836615948673252,2.3982570251600697,2.5911667008195636,1.6562769512337674,1.5377866440262222,2.125227730495732,1.1063772619951908,2.1542952083845286,2.642993209989267,2.188425475608435,2.096320818483607,1.5956788673814002,1.3605082565799587,1.953453423627409,1.3912362304396073,2.4158286979603942,1.0124154883575407,1.3443859130134004,7.020350459007886,2.5622001876012166,1.715146390207177,2.3351856627793617,2.005289956393483,2.046533452313188,2.3553901237816413,2.5773710650469823,2.483467226452987,1.5654491859221353,2.175757815004178,2.450326132714922,2.66188642653698,1.3344172499349558,1.9524286804929218,1.8022525670164262,2.0130601189705053,2.4341424932186517,3.1517096553295865,2.289797205905374,2.6396396725737077,0.9635188197529598,2.6202233575975025,1.1667966309915416,1.4492206654476885,1.4933474876106174,1.5214495108102315,1.5379723334678335,3.034189235392863,2.451797419257644,1.8242542379590039,1.5674159568316894,1.2774885088964347,1.746781016617151,1.7962444557831874,2.3572952873863136,1.8771251133164788,1.9160968348604137,2.4227542539691225,1.9823821660987884,2.217358083764669,1.4023541803267274,1.5750465035480328,2.2881878225591348
Czech Republic,2.423750263678957,3.3412492173859127,2.338330407632461,3.4769841184578723,2.536983089223055,2.9171550456013624,2.3572949407574493,3.264214927457949,2.3270724237992995,2.110818081653493,2.868104630537785,2.449512761067824,3.288854010594916,2.811981949107391,2.895214323878976,2.847425934815659,2.134863240230303,2.0090578106019006,1.0,2.5125848072338197,2.621977349124164,2.564642994777678,2.7421169153348584,2.1920499935243027,2.0400547569555885,2.174362333423558,2.923739413103947,2.0505651160107754,2.6941598282246186,3.1136048785438613,2.147814193437456,1.5364781113106731,2.768858317367641,2.572183660636925,2.6464645052379296,1.7649468259848957,2.1606944435091155,6.360424182664001,3.361512430772978,2.7732076286392062,2.7784805018914103,2.08557738722906,2.894926790312467,3.060817095789838,3.3551454342832554,3.52659381855873,2.153179651797972,3.213877101110428,2.7665063128374534,2.9777730185738087,2.0223975774590355,2.2962203961383794,2.6635505955579757,2.669015871673837,3.480767118155268,4.163957652278987,3.003540410093714,2.776618002571166,2.110053444678188,3.216165173497377,2.2450751750091364,2.1364353676339616,2.0476968082140297,2.1374639746491866,2.557704150684037,3.991739590863835,3.0824362565270684,2.5723813801973616,2.0244293610428303,2.233357488096403,2.668152941017477,1.971004978609926,3.3541346091877844,2.556387980200489,2.9418570610744648,2.716410993266802,2.1263440281335,2.5930662868033405,2.2125101622810104,2.1564959154499626,2.2718557275617894
Denmark,1.22355542097682,3.018429862102411,1.9480787171981278,2.4170984806565894,1.9168232663551887,2.56469260557526,1.405649332513858,2.0269666474049117,1.757254541375861,1.7368803023909583,2.296675448480689,2.068333020534789,2.2470174769192623,2.13962735686147,1.840438019118811,2.310598024725828,1.2986768275678677,1.3836615948673252,2.5125848072338197,1.0,2.4701289012311807,2.3774360306124476,1.6115282903697874,1.661843128268748,2.082154526118017,1.146252792244912,1.590521682721021,2.677859448372022,2.289650869892004,1.953002977877362,1.6208461172273347,1.6705309828546555,1.5515491894747344,0.9936789768146529,2.3162543502571125,1.6085867891378334,1.309620889734341,7.027515926046259,2.283401055884133,1.4740596455357498,2.66134569348366,2.088882618560932,1.8290937373147358,2.395142270372785,2.284391563324782,1.9032424395616716,1.4962463210292627,1.363498954303931,2.36264145179463,2.5488393486997416,1.5456984031149321,2.0444893307842533,1.5506145162488025,1.8629092406723675,2.1569848374748277,2.6914012483974354,2.325994507753736,2.477994516602882,1.3708966629114665,2.4560392219873557,1.0643546729789342,1.6334963559462354,1.9063526862184428,1.957240696226804,1.465842348520093,2.6874993819126334,2.214251592114537,2.177271803644788,1.597652943182624,1.8959798554564489,0.9647181244291478,1.9717339888494652,2.8343120113863938,1.6164717604605143,1.4728273686499962,1.8533268170381805,2.23863161495154,1.9775521401585576,1.4954012383079354,1.5335170052373914,2.4368201468395196
Ecuador,2.6171518168734993,3.8359220470838333,2.4736701478023204,3.113638925539455,3.0050930535032316,3.5146670586886644,2.7120941038989286,2.8683704170943085,2.617490065500584,2.823346306662252,2.512844349710982,2.5631860484882782,3.1716831979112245,3.085906282946129,2.8316748459360612,3.7264671124791904,2.5448413662783183,2.3982570251600697,2.621977349124164,2.4701289012311807,1.0,3.358726971719369,2.591477042458067,2.415324316135632,2.6605804128780464,2.326218092633265,2.737935939545894,2.9468516501692488,2.782307040076159,3.5492631920326105,2.763651771096819,2.4922600165472626,2.8290378378022094,2.720936681016946,3.1049527358790088,2.2632775073754323,2.792814052433158,6.479236100251272,2.8947849090134636,2.825380023578295,3.39543331151849,2.571739974927504,3.2681810536254448,2.955567785559728,3.1391360845547296,3.3841013894133654,3.015826476429824,2.7160584315731597,2.814186416446817,2.9447242087526817,2.3037986172966867,2.8549250691995076,2.9581189292245442,3.069655685378922,3.5025940062647725,3.431833696679944,3.7357533373889082,3.0135514569974715,2.3519529576977236,3.441346386516224,2.460496160594736,3.1132146633121685,2.6193892970695174,2.6212758342429296,2.997223513189704,3.36171472702909,2.1913810238878146,3.0424294643377054,2.7632684531855487,2.423621745902767,2.29504649347525,2.7206650371906367,3.1428758971424364,2.888911485687693,2.5825879251362545,2.968995831931336,2.5881541999811595,3.375404083095703,2.6296226898178645,2.7535718572968526,2.9652355724904194
"Egypt, Arab Rep.",2.5823806944720347,3.9778392556740156,2.28410629149576,2.86961410146573,1.3010876121488117,3.2877691547260204,1.7610030695638432,2.4612385726276544,2.0197156542064425,2.2754244056362976,2.4190463529497435,2.307362978945508,2.8656754515994423,2.371160691652056,2.0668500715834726,3.093571645740454,2.406866313239198,2.5911667008195636,2.564642994777678,2.3774360306124476,3.358726971719369,1.0,2.3604005532231116,2.2637466283773806,2.006474211616211,2.3700827535021647,2.204425668665057,1.531763956875539,2.7256394478337085,2.391811338803868,2.095113867163594,2.4596612959618747,1.7231188669992914,2.542845704514173,2.669886420254158,2.393082423778748,1.9396746787076269,6.5925986671115115,2.7726750776110474,2.1388228418762814,2.252266766667497,2.292533056779279,2.4924084614400273,3.0621180137515225,2.5953151873068077,2.9811087520805577,1.9416091976175665,2.336354093998569,2.737624168034814,2.1752832534108033,2.665522991385264,2.1068130980623536,2.4376434405158394,2.478306459812687,2.991497453088342,3.6115113027942827,2.8550016874896667,2.0118740966131727,2.8162161299866124,2.2540023085019403,2.2806654160226527,2.3667209385423784,2.780169128187768,3.2648591182724407,2.5473208943829286,3.4409916127484568,3.327465863937549,3.2961150397388526,2.098312263021243,3.0936255305976497,2.2529682834393827,1.77312902671142,3.773292189377497,1.9421629198520824,2.2327002603804416,1.4404777724646205,3.1699179197207914,1.9276584369007728,1.8395689075485853,1.7641072090871848,2.057395304998056
El Salvador,1.5886771159276953,3.2901974985702243,1.4503263537378688,2.09647086467477,1.8610278610514999,2.5606949612430805,1.3521563505888696,1.4691484164426125,1.784192810463728,1.4024105041830826,2.3286493431013353,2.307040382344794,2.416027197186232,2.0017017275356235,1.4164608476333829,2.480345637031043,1.5675436647990122,1.6562769512337674,2.7421169153348584,1.6115282903697874,2.591477042458067,2.3604005532231116,1.0,1.2568793175336423,2.0006645843394173,1.2685602591887182,1.5202165936588652,2.6587945538403965,2.22659727238488,1.9840686045185578,1.529728667103662,2.0716078952374577,1.554815947521942,1.5061222145473336,2.743081570843798,1.6463498065682594,1.701055375814715,7.00902879704886,2.5604834065781827,1.1537447038170654,2.537897933585598,2.4325269971474808,1.5533148595643937,1.974911103639571,1.9873586398685281,2.0212277290370215,1.5696060259301126,1.6259900395034694,2.7375211454422073,1.9744713121124438,1.9968800395959192,1.9532551925895079,1.709487492340191,1.80604046706313,2.091671793856386,2.819655857912979,2.321590571132478,2.47148682792577,1.7022334426985286,1.8536544773319834,1.4348769099676724,1.768030246342892,2.161894575975162,2.272661968678655,1.2340285245739115,2.594391514196621,2.1777753234043216,2.321100221734131,1.9248380148565989,2.0240409777849466,1.7610104674907836,2.124107477488139,2.7592717647814355,1.7084913408358242,1.291181662801506,2.09480759420068,2.53980328245951,1.9928518317426673,1.477130877413848,1.2780442881663023,2.3382278465036865
Estonia,1.851301225774447,3.485669595329879,1.5981763569574217,2.1963578253540543,1.8958691153600742,2.9522482278970297,1.4204018281702937,1.8160435278165759,1.9100132492783346,1.1944502784812532,2.113094996098979,2.2599670127838216,2.822890218122174,2.085292664589429,1.6664330930213713,2.7606816893078823,1.5488397444611077,1.5377866440262222,2.1920499935243027,1.661843128268748,2.415324316135632,2.2637466283773806,1.2568793175336423,1.0,1.8351513178727668,1.0010812345224986,1.7429706927127897,2.3144609350520304,1.9275614157720389,2.179193077530773,1.8108356537638715,1.8887272918606184,1.7723676911625748,1.7705126511161506,2.7427656290046185,1.4779635248175194,1.69311688039569,6.867415095821918,2.537117960636319,1.5120568532653411,2.5175378441956555,2.4378187777760822,2.0393556703388276,1.5304666407276177,1.8243945929236878,2.402152683939635,1.7010214976073783,2.0867246589095667,2.166597235404875,2.4492218524253113,1.7009113270714769,1.6656779450630987,1.88827672858667,1.8159625205052399,2.498462236949014,3.143366254174977,2.7900097834575694,2.4002772886331996,1.6196517114965487,2.3716749282728924,1.6013208610561194,2.024527256068575,1.7868090282726286,2.2848508184214156,1.8392976062145472,2.8756554595836037,2.060858759343942,2.5431117226034368,1.7854020169365803,1.7665152058314517,1.7480162649374587,1.7917603738350394,2.5500327857125535,1.9188455059490954,1.5791616175222687,2.22060810700317,2.561770239918739,2.11763379739428,1.2829032397850424,1.1526326395046023,2.203048678654433
Finland,2.3448455730496125,3.5959616696181413,2.015469294350657,3.04895137649098,1.7190500249974423,2.5890591596438797,1.9283016868059517,2.5395691857608274,2.013070142315075,1.9578640157587854,2.5400887268444254,1.6557487706163274,2.855275989426926,2.8387947288000737,2.3048750835009257,2.826844103228598,2.1806435597400284,2.125227730495732,2.0400547569555885,2.082154526118017,2.6605804128780464,2.006474211616211,2.0006645843394173,1.8351513178727668,1.0,1.9697761417356427,2.5145767424872507,1.8739398057471568,2.380736981447462,2.643753717560407,1.8146985516117018,1.9135115474571163,1.845595140618998,2.070313771250574,2.0621118555774456,1.9876164237326537,1.9506883084036077,6.631971147159866,2.5476899687038728,2.242871186679546,2.343880012239101,2.2959887262122507,1.9949002052370828,2.8697970281095366,2.6748710514271665,3.1388559108417717,2.079131932673914,2.6354884596378843,2.6475678007737793,2.04449618493075,2.134464761848864,2.0137024829130987,2.6922209211974644,1.893761655085268,2.9585222442440546,3.7714197591387726,2.4355156119470243,1.7035395184948132,2.353811441040437,2.87961993966122,2.0460112208540915,1.999288866056145,2.520290919141798,2.5676581921139476,2.181430133891782,3.629095544514431,2.3055294597614955,2.9719213974135674,1.9065919543332046,2.8373095223891536,2.1968440328912116,1.609916250455158,3.34807206062188,1.6269626376154276,2.3788595812726134,1.9973615729670826,2.5342543711388092,2.134588529572911,1.9131299076923602,1.8309981505694737,2.359220019397015
France,1.3301532847627457,3.1707255430462795,1.757040450901245,2.4525615182766134,1.8106022978533662,2.7470575640098205,1.1428292906244233,2.075100939697124,1.4464070553943131,1.3248927357998965,2.2163662549669167,2.0998282141084172,2.6817027616522324,1.9562794154865744,1.8729465519301751,2.499446799827511,1.0569999575282403,1.1063772619951908,2.174362333423558,1.146252792244912,2.326218092633265,2.3700827535021647,1.2685602591887182,1.0010812345224986,1.9697761417356427,1.0,1.6069029639243442,2.328042078017005,1.955749904324078,1.991017458512005,1.4574602648224253,1.4888424104409241,1.7142905928275824,1.4134184033516237,2.4119342642500112,0.9764095892737598,1.2360103260232211,6.998472337510536,2.5146262819919074,1.4613560441739066,2.5523818658971265,1.9634472649285217,2.0509659282264843,1.9508546555209474,2.2449728403841496,2.200762401870719,1.4609316823356169,1.8805174699763623,2.084239280341755,2.57668105699883,1.2473196097572197,1.8286281463285081,1.5325381267550116,1.8201314448572976,2.4835403083965577,3.1166682857894665,2.6430754209102743,2.521518500056213,0.9923021920345071,2.3876625309321584,1.2749006672922698,1.8293517441543197,1.313402502799238,1.8580536327010941,1.4740971162087833,3.00022338188985,2.2170876235597343,2.1432286538456475,1.3897850446014735,1.3679173942415899,1.4698677857806217,1.6772043013649376,2.7547015147730467,1.629211462144353,1.4669747736034457,2.027777211667611,2.1593369358802272,1.8439675748702293,1.1457221573501266,1.138449839815013,1.977030165267284
