Country Name,Albania,Angola,Australia,Azerbaijan,Bangladesh,Belarus,Belgium,Bolivia,Brazil,Bulgaria,Cambodia,Cameroon,Canada,Chile,China,Colombia,Costa Rica,Croatia,Czech Republic,Denmark,Ecuador,"Egypt, Arab Rep.",El Salvador,Estonia,Finland,France,Georgia,Germany,Ghana,Guatemala,Honduras,Hungary,India,Indonesia,Israel,Italy,Jamaica,Japan,Jordan,Kazakhstan,Kenya,"Korea, Rep.",Kyrgyz Republic,Latvia,Lithuania,Malaysia,Mexico,Mongolia,Morocco,Nepal,Netherlands,New Zealand,Nigeria,North Macedonia,Norway,Oman,Pakistan,Panama,Paraguay,Peru,Philippines,Poland,Portugal,Romania,Russian Federation,Saudi Arabia,Senegal,Slovak Republic,South Africa,Spain,Sri Lanka,Sweden,Switzerland,Tanzania,Thailand,Tunisia,Turkey,Ukraine,United Kingdom,United States,Uruguay
Albania,1.0,0.7143163366834389,0.8246035148976504,1.0262868661995288,0.44891842405692817,0.6704691795450644,0.46322459590503623,0.8098910849685613,0.481954974098901,0.6681422978987359,0.831861074673519,0.9543707033852156,1.0858824069073187,0.7305627174597623,0.6882846591223044,0.7097186658822452,0.4764698813933192,0.5075344311153064,1.1130982038186394,0.6076292824762711,1.1959236474283224,0.5343260967795881,0.5975457112488075,0.6371688000749939,0.8210204826224275,0.4913639613373554,0.6905026880484652,0.7634267041283771,1.0613326507586454,0.8572976164720456,0.5366997547784156,0.5066005064426519,0.4838848133290482,0.4630426893633128,1.1339948928634478,0.6165570703052516,0.39888247414768735,0.8394351951624988,1.041298768610853,0.6186812132565058,1.126269681508324,0.6916525919328699,0.6700702486786738,0.7745924199564777,0.8264767009476962,0.9827490568731265,0.5376930211352022,0.694311106129191,0.8650763963241436,0.8283089493263509,0.5921114923987872,0.8332236346524338,0.7423231108061793,0.7190795707156631,0.8946039326503664,1.1540736237414158,0.8071016708302977,0.7264152358898649,0.45183529470128875,0.8922380521863148,0.6055609832980852,0.7551908816922317,0.6161114989146629,0.4119463078583343,0.5391550849305473,1.0481794025398474,1.079696587366137,0.5592784132888005,0.5920941457802161,0.48546928312040866,0.6456513358159113,0.5420060143882719,0.7099881651457906,0.5409130068551153,0.7226780192871534,0.5354081699781768,0.5214764060677742,0.5627046248187599,0.5320611204160296,0.4828261494240682,0.7756304908955819
Angola,0.7143163366834389,1.0,1.1040869383694496,1.1394698003966548,0.7329698935323705,0.5557641656741824,0.7530326915484209,0.9709210733527341,0.8163570568818567,0.8645398115987786,1.226179020880874,1.040592057919665,1.1605244346806605,0.9622609651246924,1.0281505395868193,0.37990756551763,0.7739917795510978,0.7906782196684037,1.3786013738488505,0.8844556351666623,1.6775122537484202,0.8732318136156282,0.9232008011188744,0.969514226665702,1.1341961794625788,0.8383134821462587,1.020028205302074,1.1156905926683807,1.160093218023857,0.5109793937196471,0.8622265341713778,0.8475705743805471,0.7375321791691918,0.7445369457098531,0.9975862378570133,0.8818920053990049,0.7124987698480664,1.06679755534579,1.2043940947752083,0.7914143998832001,1.1602096077160333,1.1067265939837687,0.700272613564834,1.0034972402211748,0.9890743215695414,0.982020985374966,0.6243696667435854,1.0216015687871984,1.1644597453475511,1.0743062592052566,0.8376955671618834,1.162142497564084,0.6538661769155917,0.8377513495163389,0.9047313343112258,1.2715365702098245,0.5862108633215498,0.9580571493156019,0.6760072323726071,0.955150333501331,0.8244451847586779,0.8323682470136659,0.8045349335314063,0.7482016376187843,0.5762969776752547,1.0983038886047438,1.3934599215273047,0.6649927113004429,0.6563260827896908,0.8069336131944287,1.0657468575111695,0.9419838810942124,1.0523317470844484,0.6933514176550344,0.9293671702158258,0.8613522584823773,0.779474631243907,0.7848111829886879,0.7761667495939037,0.7858236005949824,0.9012000780519803
Australia,0.8246035148976504,1.1040869383694496,1.0,1.3145962249577565,0.6890802001774433,0.8240163479512348,0.7913726591593633,0.9183041270804525,0.7822329442928095,0.5450731120999799,0.9122388698871893,0.8115642150090527,1.3479453818799225,0.9355118565847406,0.9450445434186602,1.008047207347105,0.6535019234050702,0.6161310371176028,0.9100431686437087,1.129040204028806,1.1706111263236336,0.6908533504887616,0.7019956211381234,0.7123417735169224,0.6895592684729609,0.871106932255415,1.1002023972237915,0.7430736282712719,1.0774787008114008,1.1767416404909077,0.4972064003043508,0.6437936880503476,0.7647180908922703,0.8750268897517517,1.1754386247072317,0.6104181229311216,0.7549784905427799,0.8721972722003785,1.2540730962330378,0.8719965584650473,0.8142272789293914,0.8810053219847083,0.8379008260987444,1.03161083043446,1.051793550061411,1.4676295641727295,0.6812863352967929,1.2071348033617317,1.2776325028265068,0.4774544830597176,0.892419088076487,0.948013985062292,1.0271941800265683,0.9927150648545945,1.2625029037422872,1.6462553946240475,0.8510704205490338,0.6035435139590707,0.7820790102024884,0.9063442762657873,0.7837385404452474,0.7265799375510954,0.8772156809552224,0.7208984813854943,0.8155467577912322,1.4136945705146073,1.1739636350713307,0.8633466538732212,0.7552149664451615,0.7050729797144636,1.1670049208083941,0.62096261133888,0.9710024060714715,0.8253368704206915,0.974526876293262,1.009621705414346,0.6949255833308183,0.8779918089138723,0.6786120576145752,0.6121414375900601,0.9129092001737602
Azerbaijan,1.0262868661995288,1.1394698003966548,1.3145962249577565,1.0,1.0790370167715941,1.1524157917284716,0.9275166253502665,0.758228702610832,1.120945892229413,1.064112699234948,0.9272283480809588,1.3266449512998497,0.7674302712454846,1.3814993737996772,0.6661114742198475,1.1350812595538464,1.1735960479049292,1.0952473574326347,1.6463647815606965,0.9519694931888412,1.3941894799320833,1.2453231485544698,0.8604497702691166,0.9385509795169589,1.30809868681917,0.9446793077274028,0.8400651002187065,1.4739078372484211,1.4668014551623403,1.0570063865285826,1.2035645808366082,1.2330101910987734,1.015142879380288,0.9612444123597811,1.7309036275591787,1.1744985107804633,1.1417738693425277,1.5750233717088544,1.0130403716838794,0.7262048467744794,1.748177213796531,1.4050192912740347,0.7638430455355457,0.6828053008533368,0.5292789537188742,0.6583212077981329,1.0118111640278284,0.936104753756375,1.0842463116141645,1.2906716349834724,1.1154743436255052,1.2787488516278378,1.057174663638037,0.893819495793146,0.7821081924166944,0.7408976043878415,1.3445917252261688,1.2304021353234567,0.9578125263479794,1.2329479284794498,0.9085081237942167,1.2730413989368878,1.2247116348060236,1.0563964836176456,0.8679854754193388,0.5491802549647131,1.0074159411770096,0.9716339285325213,1.1934219043445524,1.0680086510740237,1.0596688444540776,1.2367469774580542,1.1755431829699383,0.9726566038254034,0.7346106632687248,1.010121349261874,1.1324191205265888,1.1545264248439187,0.9707829953406303,1.0186720695404736,1.2324474377168333
Bangladesh,0.44891842405692817,0.7329698935323705,0.6890802001774433,1.0790370167715941,1.0,0.5788451148974999,0.2676302493683609,0.7650046214136703,0.23693855957632948,0.5438957279258144,0.7266087938892174,0.7068323813823724,1.1283614065080223,0.6707988388060597,0.7359005075201597,0.6881349649211147,0.2616585451582679,0.28680643580303383,0.9359182358465341,0.6798092825900256,1.0839082698067595,0.48092593490555813,0.565169548159772,0.5255797446088667,0.646978064784448,0.4148624621194357,0.8347817068943407,0.5676663018571417,0.8202960803529639,0.8363289075906077,0.44650428897469385,0.3779411033591309,0.24798606883817645,0.4780827503401401,0.9171456172076515,0.29460621812206894,0.2515299510149356,0.7182665769637334,0.9407932735483514,0.5273290473063809,0.8446304410829581,0.5851968399067613,0.6866298056967517,0.8098589406562037,0.8410708362508306,1.1432979284324158,0.41184514947778844,0.8122210793863763,0.8012869298302667,0.6647238987449483,0.4526804432408622,0.7436620538501966,0.6311844074735972,0.6795135048258517,0.9717012009593484,1.3324746408468924,0.749475179626989,0.4282967698999218,0.29424308925002457,0.7777959503097135,0.5135316824516577,0.6457867434208777,0.4373967746738117,0.31558158622528987,0.5441395941647662,1.158172507783227,1.0027284380686154,0.5045018167171014,0.3601156223023598,0.3097098946251034,0.6862249245619525,0.4062772094512329,0.6828998447445221,0.3008547287686951,0.6132351395669796,0.5007097663558687,0.3461285376229907,0.5949474765400643,0.2715335277992022,0.329694905703707,0.500637083285559
Belarus,0.6704691795450644,0.5557641656741824,0.8240163479512348,1.1524157917284716,0.5788451148974999,1.0,0.6070969439137395,0.8975110220945494,0.700061040529861,0.6250519800857066,1.054491617863574,0.9357489216154073,1.1606601007104398,0.9418318994925686,0.9136305536249438,0.41807397279834124,0.636723831786198,0.5915768401001279,1.1148304580597495,0.8644167524534105,1.4631901747518867,0.6502490166260539,0.6639137037090944,0.7866671884451666,0.7882727836663209,0.7221299956588643,1.0465119713662858,0.9353651624923413,1.1155444416030413,0.8142506006662582,0.6078227356742505,0.6600149133951593,0.6380187939289219,0.6692623405955755,1.004166882977779,0.6778037453075881,0.6296889453028572,0.8851263068577283,1.1638681320358308,0.7467774945339173,0.9644888059288284,0.9530782315330644,0.5359625004988736,0.921000701464794,0.9266702981695167,1.1349540920198429,0.4791081860653174,1.0285648343848046,1.143641289886872,0.8539460279691475,0.7532842363181808,1.0465119923492796,0.7577390695271011,0.7637339970354886,0.8953736118700665,1.3929422726039606,0.5280673785165053,0.7304560090266371,0.6262669793317264,0.8785856706778371,0.7273838511597149,0.5618526592747957,0.8174836642552528,0.5299097973738968,0.4715190077606804,1.1989234241582811,1.1777955128483082,0.5039585972354732,0.6683002838326364,0.6964253525725399,1.0258191329805515,0.7412311270313523,0.884981976422834,0.5779039736405017,0.8777696911161913,0.8151915048167548,0.6024887215749858,0.6408357427416616,0.6632293711877323,0.5792174890891831,0.8284459765999134
Belgium,0.46322459590503623,0.7530326915484209,0.7913726591593633,0.9275166253502665,0.2676302493683609,0.6070969439137395,1.0,0.6717634424814429,0.3766612849665508,0.5794497918373049,0.6683314891635292,0.8434655627770495,1.0059241137045918,0.6546220530881396,0.621618605852241,0.7227371520681451,0.3725761311717931,0.4145774386625979,1.0344732398059358,0.5342699831500775,1.0273036737171595,0.54372864008579,0.48151019887963464,0.4687919121869833,0.7180293469916037,0.31239021193905137,0.6738167307346283,0.7334906546872998,0.8588504019415953,0.8744131736724832,0.541027563477726,0.4648083775108843,0.2393543513568605,0.38909741081943977,1.017368721564499,0.44495887276305096,0.38936197075324125,0.8251883082804657,0.8834778868141416,0.42861646444815116,1.0198829156847224,0.6878752053558043,0.6545957288895851,0.6870854351406036,0.6876546397323412,1.0015701895617128,0.40568378202032745,0.6303342840305562,0.746211828027152,0.7539860380177588,0.4024449494768812,0.7886237801920727,0.5255085182955017,0.648280955671601,0.8465596037652329,1.1740652132744225,0.8647052748432615,0.6049544703387097,0.32787803061463017,0.7461921603740288,0.46368162076868913,0.7057589051434164,0.5140021642858129,0.3438797093731699,0.49553751404339197,0.9953167796682418,0.8760282738722954,0.46823878690429255,0.49147155309269874,0.3015281696840143,0.5430391116045674,0.5375168575345299,0.6948642376354747,0.3940961558716016,0.4541238083213489,0.40223086622588367,0.3775759104126875,0.5911024086487999,0.3614640047823672,0.32127437484351873,0.6381726926156056
Bolivia,0.8098910849685613,0.9709210733527341,0.9183041270804525,0.758228702610832,0.7650046214136703,0.8975110220945494,0.6717634424814429,1.0,0.8619987378052469,0.8852541575711236,0.8959006347280573,0.9825994701445792,0.6936822811042094,0.9605455746043828,0.5926235242523182,0.9086573116486172,0.8245231610018603,0.7743222995516922,1.3818469117902688,0.8665970677664412,1.2602124137980424,0.8779542168820618,0.6612324212166715,0.7323700606702974,1.0636262754554298,0.7636520587962914,0.7250391911958957,1.181267515839904,0.9249210563521987,0.9609442542460506,0.9289738179203968,0.9057232920422216,0.6478282633615632,0.730958834163053,1.4446961626550565,0.8881831190077356,0.856438298010938,1.2737472808540273,0.7941466095214584,0.503702167326266,1.2296086502315067,1.1872159726979652,0.6694900589205263,0.76291720806252,0.6558044889361639,0.9167777885511871,0.7237923277662277,0.7560173309791887,1.0995746624615823,0.964368653618995,0.8495038926958376,1.049591879971154,0.7315894255347912,0.8803688258832941,0.6528070869939435,0.9617099043740783,1.0189270018651473,0.9537978904073415,0.8084196753446189,0.7287024035065099,0.6547600327237743,1.0079861906983623,0.9698405090451555,0.8156842010564386,0.651083947394028,0.7979151657157058,1.1317606916962917,0.6051438515139854,0.9411321906746871,0.7699735629188501,0.9276239515682244,0.9564813349754481,0.9208369228301799,0.7915303641563827,0.5711553467399356,0.7968739444555373,0.833369943551718,0.9879440636942118,0.7207283111747771,0.692367631246358,1.0010161973497946
Brazil,0.481954974098901,0.8163570568818567,0.7822329442928095,1.120945892229413,0.23693855957632948,0.700061040529861,0.3766612849665508,0.8619987378052469,1.0,0.6749982989072859,0.7359425254296235,0.7153974340380186,1.1766226290965776,0.7221258925024728,0.8280315285216706,0.8059671269976645,0.36793373540080593,0.4031364457477001,1.0033056376950893,0.7455552428361581,1.0264428851583487,0.6370384121518708,0.608493787143556,0.6206826307450678,0.7309098106766163,0.465605570830808,0.897851633400307,0.5903348103103583,0.8564621812846201,0.9182326928296569,0.5028848990736864,0.48147931903133473,0.4031215637973815,0.5616582439604729,0.9925000473573601,0.3398670886307912,0.371661759180753,0.736961530573701,0.9719627848100019,0.5936385472977275,0.9241789632376044,0.6061940651699874,0.7780433682720385,0.879476041590838,0.9362053737833118,1.19142936869797,0.5629731671484618,0.8476813978616171,0.815922593115168,0.7125958335412385,0.5183139271125037,0.8261509616507472,0.7411396147683158,0.7239748311266024,1.0529872661722077,1.3555221796106556,0.8691095616937174,0.5233956523533192,0.34465727809451674,0.8692246703651795,0.5823663336139543,0.8158285422820836,0.4752957370763886,0.3990742508511662,0.6427014491474471,1.2129628563667336,1.044221576147662,0.6137751588139754,0.45870385520789114,0.4087504791202866,0.721047001837661,0.43932947137603523,0.7163489063210668,0.36256821935010913,0.6450311571886325,0.5111662666891417,0.4017873232164152,0.6798300438581882,0.34460211624476195,0.4561231607396101,0.4509416073362794
Bulgaria,0.6681422978987359,0.8645398115987786,0.5450731120999799,1.064112699234948,0.5438957279258144,0.6250519800857066,0.5794497918373049,0.8852541575711236,0.6749982989072859,1.0,0.7734499905389757,0.9078874853690715,1.2567553037994728,0.8965187108610951,0.6954305147476373,0.7693013362069782,0.5406668829160266,0.4830748356021484,0.849803381886009,0.9158821165551569,1.226505080412643,0.6370664740043583,0.5190466334942828,0.46494932311208736,0.556289368278305,0.5943604662143642,0.8874205360156329,0.6835453916308805,1.1108642234956565,0.9090761533733394,0.42772407744542695,0.5262329254342718,0.6211283071689938,0.6734289739432868,1.0509956162454455,0.4880083779151397,0.5705993091947011,0.7621831498624984,1.1517519119709052,0.6791811446409736,0.9849193047671339,0.7549001536938847,0.6025746686201787,0.7000403491481159,0.7696955286466003,1.2000888269066639,0.4810790676799628,1.075818722793232,0.9496500144005611,0.6108261424194052,0.7141332832649059,0.7724119599852439,0.8497769330452931,0.7120742196430496,1.0789917107982476,1.472776196632863,0.7413732596209058,0.5379303438222932,0.5246120253469496,0.8758592915401352,0.6665717661203021,0.48870753104610903,0.659993042736017,0.4992473499878317,0.5373659055276698,1.2221644899839175,0.933870217339322,0.6822534953522904,0.5558061472319664,0.5022394361017137,0.9999393081459483,0.5461902261997474,0.8496468307413344,0.5737444469121274,0.8166143995420082,0.8450815442940344,0.5718795927270889,0.5782300464614425,0.5318487757042427,0.44526015594966245,0.7742244162853089
Cambodia,0.831861074673519,1.226179020880874,0.9122388698871893,0.9272283480809588,0.7266087938892174,1.054491617863574,0.6683314891635292,0.8959006347280573,0.7359425254296235,0.7734499905389757,1.0,0.8576816430697989,0.9937560622279058,1.110499888668727,0.7064846097964702,1.1708327464710386,0.7155133489616655,0.6650267277580136,1.07545917073198,0.7218504087775731,0.7724471859378967,0.8791632247225072,0.723980921645327,0.7054553217517904,0.7666724189516135,0.621645607283813,0.8321170322478937,0.9388015220366528,1.1904587067990025,1.1817091180012242,0.7498922461727976,0.7743238588970975,0.7156701146919004,0.6885159718587793,1.31335197081942,0.7003991420009186,0.7555889441294394,1.012417013012665,0.7507864975631839,0.7176735811789821,1.2886916993041402,0.8673292842023224,0.8604888361316786,0.8191911374626747,0.693619933734609,1.1007159314279542,0.8014653587952562,0.8709862458171251,0.7055757428203524,0.9726299387143066,0.7447017889635106,1.0452310962601457,0.9789477918411708,0.8644809381370552,1.0453915556345228,1.1996903577653948,1.2359089712709574,0.6954497593818455,0.6793954339226472,1.1242807428090826,0.5615574825721558,0.9635034214252767,0.8913754450008781,0.7243093930023525,0.8359798290408531,1.0601564844280742,0.6836753113576786,0.8505313636564615,0.8692261919187085,0.6935008249733253,0.7969380280586341,0.7187187266109458,1.0043055244298489,0.6739080904303245,0.5729575335320761,0.6793076368741202,0.7339803242405002,0.8445957629513697,0.6412923630781513,0.6969284499560836,0.9582004521613445
Cameroon,0.9543707033852156,1.040592057919665,0.8115642150090527,1.3266449512998497,0.7068323813823724,0.9357489216154073,0.8434655627770495,0.9825994701445792,0.7153974340380186,0.9078874853690715,0.8576816430697989,1.0,1.1928214986184322,1.1415167974611604,1.1529091372746574,1.0303823236847327,0.7148776928683112,0.605585649089778,1.1677257604728024,1.0455710752468792,1.1396091552456038,0.951307629232575,0.9426998094979456,0.94055468062063,0.8214756207910852,0.8705178911103194,1.247678561136794,0.9227917609152337,0.8747724775565336,1.1039010148742008,0.8044630524384143,0.7872396046748671,0.7620719928518176,0.832207073877629,1.0305208725876747,0.6712504500314143,0.7754786479983089,0.9990133848155325,0.8759649338183203,0.8708062927878367,0.8336538255710594,1.0430652767304518,0.9497298987677852,1.1898433821616083,1.0949440524314877,1.4180712734104741,0.8659196063992033,1.2060314483082575,1.1034210330592764,0.9097806558580293,0.761959321141089,1.1498072901435916,1.0120355023071135,0.8891284214562497,1.1597295649339927,1.5246049403492168,0.9561857151701516,0.616632262065506,0.7598367411143265,1.123760070654001,0.7021949764530137,1.0298934384017016,0.8108699271994254,0.7815940293276507,0.9095414854407724,1.366955216679373,1.191326958237358,0.8667716830359706,0.7685859018489274,0.7864466403239423,1.147481885313061,0.6965020420757405,1.010875384665418,0.6862575641677274,0.8590790919806114,0.8695517055632428,0.690684795758277,1.0076619004951948,0.629403995240908,0.7847297166854306,0.886172160215233
Canada,1.0858824069073187,1.1605244346806605,1.3479453818799225,0.7674302712454846,1.1283614065080223,1.1606601007104398,1.0059241137045918,0.6936822811042094,1.1766226290965776,1.2567553037994728,0.9937560622279058,1.1928214986184322,1.0,1.3292037900650655,0.8587537083462213,1.110814140291165,1.1437592778978103,1.1152566735741423,1.6892951067241666,0.9145947438503127,1.4296610639463363,1.2335624528748255,1.045123353257568,1.1853918744849854,1.3788026303440546,1.080946543123011,0.8990124839299053,1.5702382869675493,1.3267230208498362,1.168171249604231,1.2219432903241294,1.2333112283854009,1.0041136821199002,0.8825860550133908,1.7214957798612844,1.264690290933865,1.1411547716474697,1.544646840172192,0.739417673622522,0.7824017937288437,1.6141325527989767,1.4635239347881195,0.8626448528942152,1.1084892699217057,0.8279952444394644,0.7345297065039358,1.016406443566055,0.8145315043881042,1.2505426119564425,1.365514906058788,1.1458953797730844,1.4184947894964706,0.9871807816089395,1.0653933858965432,0.5648320809972406,0.6598401855639647,1.2710349287567497,1.2774334409511492,1.106334733167334,1.1011222654374873,0.79265109364218,1.27616993663234,1.3152291201785258,1.1005020945279715,0.89788892022965,0.6728305254943788,1.2674391614759988,0.852683815227441,1.2743588736539944,1.147321780141573,1.086218309802716,1.2954537796500158,1.3109720463567742,1.0418088561040835,0.7153657101868254,0.9242009615048642,1.117487510958476,1.1895665355138176,1.0534391663892573,1.0721378354818756,1.3696009693047246
Chile,0.7305627174597623,0.9622609651246924,0.9355118565847406,1.3814993737996772,0.6707988388060597,0.9418318994925686,0.6546220530881396,0.9605455746043828,0.7221258925024728,0.8965187108610951,1.110499888668727,1.1415167974611604,1.3292037900650655,1.0,0.9902647427315089,0.9392219531356985,0.5830756946556879,0.8273040520811124,1.1492322982336574,0.9420895410997591,1.3048590134412004,0.7890313630536436,0.8857025126204804,0.8487568749303978,1.09739054099449,0.8212291112373871,0.8738079189734117,0.8791252869782126,0.815790795900798,1.132867754266551,0.7466174123562159,0.6989478884536666,0.604348367642086,0.7048882155834166,1.145119049227438,0.8064321490505773,0.6780367697678716,0.8359385057276623,1.2657744876090753,0.76809295750638,0.9770524477394271,0.89880864213057,1.0425969547405824,1.1293327740677483,1.1669554178257786,1.3527100181737644,0.6572556391247059,0.8129395722323511,1.1920379671279164,0.8124241686405093,0.8164159248484232,0.923004854331359,0.6409112516782578,1.0723174623064753,1.1894595103660104,1.4955996589202047,0.9484174920265434,0.9629707777902008,0.803931800799655,0.5794220872990633,0.7956796088540544,0.9219623798186617,0.7276942982124466,0.7710273123505029,0.843164193844684,1.3402619149614872,1.3939950030624613,0.8389753279531963,0.7115923696978884,0.6669116600083622,0.8279978952261634,0.8354408089626274,0.9341220909830473,0.8943317878126438,0.8526054550630625,0.7227093249199614,0.7224832114455043,0.889318220395573,0.7726658978594539,0.6585000186640828,0.8713281659550732
China,0.6882846591223044,1.0281505395868193,0.9450445434186602,0.6661114742198475,0.7359005075201597,0.9136305536249438,0.621618605852241,0.5926235242523182,0.8280315285216706,0.6954305147476373,0.7064846097964702,1.1529091372746574,0.8587537083462213,0.9902647427315089,1.0,0.9474306021248511,0.7833500927607925,0.7490760959864098,1.1753602703874446,0.774986415379736,1.1752514031847756,0.8106884139518192,0.5831138376105771,0.6014753584044188,0.910665892845277,0.6419369464237249,0.5148077594351899,1.0200452868395051,1.2014140754028944,0.9786157408303963,0.8175611529620174,0.7988917170624765,0.653759089228318,0.6747409663424605,1.445095068717691,0.8185812994025643,0.7491805918227069,1.175015731837446,0.9476795522353468,0.5197008476512428,1.397134014759281,0.9371101637480623,0.6535795707184686,0.5950220052328864,0.5678558192491795,0.863959693500365,0.6779671395470596,0.7466057346600251,0.8681082714578913,0.9089923358469844,0.843302543102452,0.8336047490417727,0.8297006338441606,0.8101026628309159,0.814858315218348,1.0124163861246391,1.0634711387591291,0.8788557322974647,0.7049787559841558,0.8617589135560595,0.6410736994511361,0.8259697603653964,0.9040276170394084,0.7054808229621197,0.5870145355290399,0.8271848804573227,0.917303878708853,0.6498393969770269,0.8755485602881018,0.699561210163606,0.7991576106642332,0.8855278826855525,0.9422751288983895,0.7120607240002812,0.6256985100239291,0.734852261176486,0.7922940823439341,0.8173004445998001,0.7036376176071527,0.6448376643061388,0.9674311791527777
Colombia,0.7097186658822452,0.37990756551763,1.008047207347105,1.1350812595538464,0.6881349649211147,0.41807397279834124,0.7227371520681451,0.9086573116486172,0.8059671269976645,0.7693013362069782,1.1708327464710386,1.0303823236847327,1.110814140291165,0.9392219531356985,0.9474306021248511,1.0,0.7245346668586681,0.7129491051542165,1.2804709398342258,0.92788127205609,1.6671916308661894,0.7997380660067039,0.8503594302877311,0.9396475896621977,1.0571753677844362,0.8529554685927866,1.0547867683247254,1.0975813787688866,1.116891617535893,0.63350919609899,0.7774885469791505,0.8147859145482833,0.7091539871076559,0.6956011516504675,1.1308245779977868,0.8478957137049628,0.6695210845835248,1.0113031446228795,1.15632051161854,0.716211777324439,1.0174469682227494,1.0706497028995932,0.5569033003144976,1.0093268455530087,0.9854139201264877,1.0365469248643644,0.5281380698479771,1.0365015495623426,1.180175701626766,1.011328414850217,0.8944934281993774,1.065670968476756,0.7252742534421037,0.7984580787071918,0.8155537918013592,1.324712847272189,0.4105298226208665,0.9035757681398776,0.7232729569018223,0.8323208311966637,0.7842000372436569,0.6737264509779609,0.8545269230688259,0.6712117886423928,0.5140439336527682,1.1660726577426572,1.3855188014171136,0.5172243856383703,0.7261755885188409,0.7986271062676686,1.0852735892328955,0.8890046674177596,0.9332189416498576,0.6561754435438146,0.9137908167722875,0.8673476960061633,0.7729704030129633,0.7141263433199656,0.7372373301681708,0.7265156465095909,0.8718641274355311
Costa Rica,0.4764698813933192,0.7739917795510978,0.6535019234050702,1.1735960479049292,0.2616585451582679,0.636723831786198,0.3725761311717931,0.8245231610018603,0.36793373540080593,0.5406668829160266,0.7155133489616655,0.7148776928683112,1.1437592778978103,0.5830756946556879,0.7833500927607925,0.7245346668586681,1.0,0.3154709202953975,0.8534271146146486,0.6742215088393148,1.0966734838055308,0.458114020254844,0.6380593865239745,0.5763913284112996,0.6511457465937895,0.4742189756882372,0.8284873000520089,0.5596384268035033,0.831936655693471,0.878572331693058,0.3762932378522777,0.3133991955476292,0.31291880224950186,0.44452694092236006,0.885764123419114,0.3458691477820309,0.2189832328112345,0.5880876912204536,0.9667485757035745,0.5933478949242387,0.7988114128895324,0.6002721331676726,0.7456320025756761,0.8715780111892653,0.8808506804971695,1.1729750710618818,0.37462500131856075,0.8118880120305605,0.8517949130333099,0.6804586948596516,0.48435818138287967,0.7960820741935847,0.6011193089126021,0.7676102183506563,1.001520494745496,1.3642947634027371,0.7311269612364208,0.45054414740355136,0.37404949512815727,0.7439068223189368,0.4482142903824887,0.5835009918332646,0.45776979372677745,0.36943716392856746,0.5624129187582197,1.188795102691009,1.061898917309466,0.5336428943957698,0.37025897197096547,0.29900001721830716,0.7202606732881729,0.42713889144913475,0.7562396224210763,0.4370590508516994,0.6440926657758349,0.5087266954852103,0.3632676909169829,0.5709714285186371,0.33958087993179803,0.29452218227234883,0.6217405787509921
Croatia,0.5075344311153064,0.7906782196684037,0.6161310371176028,1.0952473574326347,0.28680643580303383,0.5915768401001279,0.4145774386625979,0.7743222995516922,0.4031364457477001,0.4830748356021484,0.6650267277580136,0.605585649089778,1.1152566735741423,0.8273040520811124,0.7490760959864098,0.7129491051542165,0.3154709202953975,1.0,0.8666531880084305,0.7156215912568284,1.0800918395655947,0.47310192327348816,0.5790789397173092,0.5236963164861091,0.5281459233741387,0.428406391122794,0.8940359000415582,0.5956972805377042,0.8689633039107287,0.872649471999249,0.45113069687717144,0.34810984444623577,0.39090554830615687,0.5152654102872343,0.9358664440867078,0.287625493560432,0.33700927911945855,0.7169331265402932,0.8716510385653142,0.605943231464698,0.8126192181381918,0.6493428964286052,0.6591106453152391,0.7959036284921814,0.8098237547167865,1.1718137564602136,0.4611702100131188,0.909009591661369,0.78232110482066,0.7358288813851076,0.44409722086082953,0.8066723275922306,0.7360458718520382,0.6881778855374879,0.9518259352502436,1.3489858760346825,0.7515103634310082,0.3864419187736733,0.36611338573678875,0.8681269245458642,0.4920441450751928,0.6019380925676748,0.5147556852826317,0.2986801959562361,0.5509958205913731,1.180647147601121,0.9711784619964441,0.4680841732802692,0.45975733079183967,0.33432299040132357,0.7966565363841773,0.3220203122355763,0.6670436430339347,0.35231326812774766,0.677600647500044,0.5917546265909358,0.35006386193878053,0.5926223871709908,0.32297690475135854,0.3572771296295683,0.6104740164335114
Czech Republic,1.1130982038186394,1.3786013738488505,0.9100431686437087,1.6463647815606965,0.9359182358465341,1.1148304580597495,1.0344732398059358,1.3818469117902688,1.0033056376950893,0.849803381886009,1.07545917073198,1.1677257604728024,1.6892951067241666,1.1492322982336574,1.1753602703874446,1.2804709398342258,0.8534271146146486,0.8666531880084305,1.0,1.2641629980459852,1.2626819326158674,0.8657187463968028,1.1614822378391134,0.9079298169224661,0.7437237375650391,1.0422853980377909,1.3821147871588275,0.6133159800822671,1.3203790593446565,1.44389204943655,0.8823543796969909,0.7025168052516518,1.0096113278860128,1.1530516406351987,1.1993962461077305,0.7549950628350303,0.9164222061210604,0.8198245477052172,1.4945690901769242,1.228056278072893,1.1038028977820482,0.8620453139817305,1.2596597666443385,1.2660514808627399,1.387743519035034,1.7996397047789539,0.931201369059378,1.4543819843889254,1.2282626895231181,0.9957458700909166,1.039300822550395,1.0629771676611701,1.2391267466305036,1.3325511142628776,1.6380612333846152,1.965713634005557,1.2312656545480343,0.7512427655113061,0.9739546542003176,1.27825033358835,1.0253422072773533,0.806067458482597,1.0358159867995442,0.9037510651863163,1.1665895041744978,1.750688181309995,1.361431508447954,1.111131214880225,0.897018961906087,0.9331014152443159,1.2420800619935437,0.8461703488678928,1.1673554817499687,1.0399810786047314,1.3049795782019604,1.1543818260412966,0.8784196611266866,1.1622098857643017,0.953498905983648,0.8861424761027102,0.9436482799131365
Denmark,0.6076292824762711,0.8844556351666623,1.129040204028806,0.9519694931888412,0.6798092825900256,0.8644167524534105,0.5342699831500775,0.8665970677664412,0.7455552428361581,0.9158821165551569,0.7218504087775731,1.0455710752468792,0.9145947438503127,0.9420895410997591,0.774986415379736,0.92788127205609,0.6742215088393148,0.7156215912568284,1.2641629980459852,1.0,1.1273444476196424,0.7178137820836302,0.8249008463899187,0.7914089671253906,0.9542799505913359,0.5250100854033292,0.6607127090167856,1.0468818696860214,1.1763858049288887,0.9750999603211706,0.8444579186281405,0.7281822252822057,0.576183257485722,0.48985406117341734,1.1350391543894742,0.8307410455475184,0.6426013385454362,1.0388044178191196,0.8282015233254124,0.7332168908418005,1.359040238184155,0.9101609241396266,0.8469238740034725,0.8107866379384171,0.6799177272742277,0.8200652403342453,0.6961364168578779,0.4810517889749233,0.709734194879362,1.166258494227832,0.5600928693266143,1.1246579058383548,0.6632302716113905,0.8669918489972617,0.8123386330626926,0.9242986401060892,1.1204529317329728,0.8735753029052468,0.6088522516082854,1.0865104553900913,0.5883235812399172,0.923280321772904,0.8310874115024217,0.6603982954235308,0.7283351656318278,0.8511155570146701,0.8974218870998295,0.694071084758434,0.7859031159913046,0.6601476776379189,0.42659172051245736,0.8187342894132993,0.9691838434934463,0.6750065310525335,0.5952602899204782,0.45337516326058697,0.6886117231021405,0.7353198757424182,0.719347550452875,0.680561873403679,1.0293690670660516
Ecuador,1.1959236474283224,1.6775122537484202,1.1706111263236336,1.3941894799320833,1.0839082698067595,1.4631901747518867,1.0273036737171595,1.2602124137980424,1.0264428851583487,1.226505080412643,0.7724471859378967,1.1396091552456038,1.4296610639463363,1.3048590134412004,1.1752514031847756,1.6671916308661894,1.0966734838055308,1.0800918395655947,1.2626819326158674,1.1273444476196424,1.0,1.2438238232889913,1.0847126260805533,0.9955851570080358,1.0089188898476151,1.0042216551461818,1.2053213716340536,1.0992164867632632,1.2663969230670444,1.765785435835092,1.1368307784908729,1.0400123973378745,1.078498159597486,1.1037437801370238,1.5872083402944126,1.0175586500701397,1.172117299198199,1.3184830648371486,1.1862607068905529,1.14950957778308,1.546493989937273,1.1042581292799665,1.4015122618068052,1.263326921335609,1.2408305886258995,1.6629970064638284,1.2669897552121243,1.1575209172321488,1.1115745257532665,1.150355474657131,0.9804606624561805,1.2266407145216485,1.3735255807027726,1.2394899119772878,1.5347590697532967,1.6171912643602664,1.6996767509599868,1.0817998217914904,1.0933745361110618,1.4624096195694327,1.0328189029691708,1.447247498285364,1.1582677087545914,1.0601993244177277,1.3469717343229646,1.5076365599890313,0.8858725503248829,1.3088065927655113,1.229222539801072,1.0311291149538835,0.9697324565990729,0.994226882624892,1.1983278850448453,1.1624389325493762,1.010149930651542,1.000618419294534,0.9763090072324341,1.3484355352339747,1.0460389760344175,1.0691867208331027,1.2574611209455238
"Egypt, Arab Rep.",0.5343260967795881,0.8732318136156282,0.6908533504887616,1.2453231485544698,0.48092593490555813,0.6502490166260539,0.54372864008579,0.8779542168820618,0.6370384121518708,0.6370664740043583,0.8791632247225072,0.951307629232575,1.2335624528748255,0.7890313630536436,0.8106884139518192,0.7997380660067039,0.458114020254844,0.47310192327348816,0.8657187463968028,0.7178137820836302,1.2438238232889913,1.0,0.7425903312213968,0.6688076160233992,0.6939796000160959,0.6094358366486547,0.9001301746252245,0.6487675903184783,1.091265921023283,0.9612334037714347,0.5530687351608649,0.43475712994943433,0.5171859233962237,0.6819958032965283,0.9790160387816456,0.5533833922531973,0.45519803061214736,0.7472104998113627,1.121959788637984,0.8277964959921628,0.9350851716665886,0.6616291588884331,0.8282481209467205,0.8953164212002093,0.932305287491684,1.2268949439682884,0.5009407844113568,0.8947913155310749,0.9789531464663784,0.8565871266076002,0.633398049137627,0.9381623589170937,0.747570466037754,0.9808133645198652,1.0628968698887575,1.4041869943732124,0.8420776088837936,0.5869334281131074,0.5881482717015053,0.9029377411757229,0.6817766354535374,0.5368384527733485,0.7463795848561748,0.5357332302115215,0.6861031744126521,1.2386831848967232,1.1467091216375793,0.5923282994264508,0.6073856286648949,0.5254047338236675,0.7975941257458036,0.5712947096382749,0.8627201527268217,0.6481869535074585,0.8791388623780695,0.7138608030568019,0.5773972624275939,0.655277402444831,0.6127938486470683,0.471196593556548,0.812808132318858
El Salvador,0.5975457112488075,0.9232008011188744,0.7019956211381234,0.8604497702691166,0.565169548159772,0.6639137037090944,0.48151019887963464,0.6612324212166715,0.608493787143556,0.5190466334942828,0.723980921645327,0.9426998094979456,1.045123353257568,0.8857025126204804,0.5831138376105771,0.8503594302877311,0.6380593865239745,0.5790789397173092,1.1614822378391134,0.8249008463899187,1.0847126260805533,0.7425903312213968,1.0,0.4840764287141442,0.6993421335297412,0.49679351938048744,0.7327577006560495,0.888551912974775,1.053231883930856,0.990309466787724,0.5577955620574708,0.6855639138672157,0.5857443529356429,0.5965449747441366,1.2530672628825705,0.6159900472869747,0.6820480926574202,0.951992732040302,1.007832041650742,0.5254355905157932,1.1503151831443297,0.9079567638380545,0.536575031150088,0.5881163963218338,0.6315673093981062,1.0246737872738474,0.6117408406783063,0.8408938905901445,0.9534874150845289,0.6797168846780799,0.6830281261629145,0.892713804737295,0.8278261243843289,0.6279207667187283,0.8476287151974474,1.2026319147682103,0.9057330516062712,0.7460172561809069,0.5792445062742619,0.8095959066274728,0.6298240470531161,0.8076604408871056,0.7586749147542309,0.5360175865715261,0.4605553699024613,1.0042098033343652,0.8337678506590194,0.6108353119320769,0.7681297244129485,0.549325502056539,0.8849586520448751,0.6512823178934392,0.7526948561650677,0.5863592394035687,0.5996896272217171,0.6997742999230335,0.6013168213461176,0.6392006465063453,0.5643589479825535,0.453915318963126,0.8411653059394103
Estonia,0.6371688000749939,0.969514226665702,0.7123417735169224,0.9385509795169589,0.5255797446088667,0.7866671884451666,0.4687919121869833,0.7323700606702974,0.6206826307450678,0.46494932311208736,0.7054553217517904,0.94055468062063,1.1853918744849854,0.8487568749303978,0.6014753584044188,0.9396475896621977,0.5763913284112996,0.5236963164861091,0.9079298169224661,0.7914089671253906,0.9955851570080358,0.6688076160233992,0.4840764287141442,1.0,0.5918737000354609,0.422834726682342,0.7728242680732105,0.6789381108835065,0.9564422510876291,1.0208485650536958,0.6482785136658529,0.5234742097455107,0.5465633973544444,0.6593793375445982,1.165988939837177,0.4973321061968934,0.6197628907383689,0.8878037507518067,1.049527326540993,0.6179322677999279,1.1429870768655173,0.823840772582971,0.7328914403963838,0.48358934093635403,0.6615284350377933,1.169133029057653,0.6065284832137294,0.9107830960533803,0.7986488360442139,0.7444650801504896,0.5498603144755978,0.7307337371185376,0.809543894424568,0.7042770912302359,1.036423505232551,1.324930735786425,1.0155901954532858,0.6241816071440567,0.48012506165724017,0.93282251716645,0.6430597597975631,0.7887408776309597,0.6136917942195613,0.4981191688701151,0.6545711032842104,1.0960666724025583,0.8059436634681795,0.7052361598703902,0.6265051801608941,0.42008754916649926,0.7781802425880819,0.5635399968942002,0.6671745471603564,0.6209044133011018,0.6975300804506523,0.724323536228101,0.5471363197638534,0.7789596287119007,0.48506889565693323,0.38935673859676223,0.7451948520448373
Finland,0.8210204826224275,1.1341961794625788,0.6895592684729609,1.30809868681917,0.646978064784448,0.7882727836663209,0.7180293469916037,1.0636262754554298,0.7309098106766163,0.556289368278305,0.7666724189516135,0.8214756207910852,1.3788026303440546,1.09739054099449,0.910665892845277,1.0571753677844362,0.6511457465937895,0.5281459233741387,0.7437237375650391,0.9542799505913359,1.0089188898476151,0.6939796000160959,0.6993421335297412,0.5918737000354609,1.0,0.6410502456811588,1.093367736849748,0.5882225903475339,1.1161176840127118,1.230226964718345,0.61276505391555,0.5163964491367975,0.7336874560910434,0.7915926083090205,1.0310632343287616,0.5221805317761401,0.6849386446265343,0.772056334120741,1.1408538639689578,0.9254150238868221,1.0350642826211724,0.7530040763382313,0.9038133625775749,0.9092605600295005,0.9667952100999213,1.4484747139053933,0.7863748347968825,1.186585995599312,0.917749379464226,0.7908494648176936,0.6475580656524026,0.8698446042501423,1.0771436531399192,0.8273896286807907,1.2338252999397772,1.6203294664174166,1.0137961135776539,0.4907171366501777,0.6780410435610258,1.158754702027409,0.7744783979206094,0.7176213723550754,0.7462742211964807,0.5555073847558543,0.813462406290978,1.4219337202487892,0.8351675181828954,0.8246221854251479,0.7458827641640443,0.6199936197564743,1.0117718452475482,0.516319588947529,0.8742099810313025,0.6797202901043727,0.9604825284707135,0.8644769167819748,0.570780068752421,0.7715518877553734,0.664345347281816,0.5829200866421835,0.9179213423531155
