Country Name,Albania,Angola,Australia,Azerbaijan,Bangladesh,Belarus,Belgium,Bolivia,Brazil,Bulgaria,Cambodia,Cameroon,Canada,Chile,China,Colombia,Costa Rica,Croatia,Czech Republic,Denmark,Ecuador,"Egypt, Arab Rep.",El Salvador,Estonia,Finland,France,Georgia,Germany,Ghana,Guatemala,Honduras,Hungary,India,Indonesia,Israel,Italy,Jamaica,Japan,Jordan,Kazakhstan,Kenya,"Korea, Rep.",Kyrgyz Republic,Latvia,Lithuania,Malaysia,Mexico,Mongolia,Morocco,Nepal,Netherlands,New Zealand,Nigeria,North Macedonia,Norway,Oman,Pakistan,Panama,Paraguay,Peru,Philippines,Poland,Portugal,Romania,Russian Federation,Saudi Arabia,Senegal,Slovak Republic,South Africa,Spain,Sri Lanka,Sweden,Switzerland,Tanzania,Thailand,Tunisia,Turkey,Ukraine,United Kingdom,United States,Uruguay
Albania,1.0,0.0714278359654945,0.06402098783139812,0.14078158762488174,0.06618759656449758,0.054724609824875474,0.06402098783139812,0.0376189376472446,0.07566866356342637,0.03932192769840354,0.055706893766206016,0.07751801944076861,0.06402098783139812,0.06519170135883927,0.08620037676032258,0.04911206167279124,0.05524383259520709,0.07631342465673735,0.06402098783139812,0.06402098783139812,0.032981438986753674,0.04477478344125122,0.07773747953886383,0.06436149109190972,0.06402098783139812,0.06402098783139812,0.10728312319412242,0.06402098783139812,0.049967736925153904,0.05940162633685865,0.030260395742451894,0.06402098783139812,0.04069785663712658,0.038897039447368546,0.06402098783139812,0.06402098783139812,0.08308023724189016,0.06483117283114101,0.08648929886835915,0.04604789315735388,0.050599295115405805,0.06268531060204306,0.056545263212777606,0.07200468480530267,0.06402098783139812,0.06393827588911252,0.08093579893223501,0.054136175193392956,0.04834032043880692,0.06795178661528244,0.06402098783139812,0.06402098783139812,0.08379035072272,0.06671388648479548,0.06402098783139812,0.05026563402516197,0.0523099525779068,0.04968932727770889,0.05054806543705802,0.0705791948814871,0.060001666310697324,0.06402098783139812,0.06402098783139812,0.06402098783139812,0.06968993544011552,0.05798456264308076,0.06282763728927591,0.054814961880115975,0.08806622048854956,0.06402098783139812,0.05016656738904795,0.06402098783139812,0.06402098783139812,0.049151962369386924,0.05321505645974436,0.037361231749736566,0.06402098783139812,0.06662281612154083,0.06402098783139812,0.06402098783139812,0.04149982001065647
Angola,0.0714278359654945,1.0,0.10360653710801214,0.07023899639928753,0.10092365852522928,0.09403199774040982,0.10360653710801214,0.053002054976316416,0.025409898536610707,0.0825606068776996,0.04402436145258962,0.016581756158649274,0.10360653710801214,0.10411480897785225,0.026926373557159256,0.093609360990881,0.08390596140432248,0.07501881489892066,0.10360653710801214,0.10360653710801214,0.03908535479486698,0.08620776743922495,0.12548683344309797,0.08432379769428783,0.10360653710801214,0.10360653710801214,0.1283147807445532,0.10360653710801214,0.05118343674983094,0.08864667546334708,0.06253334866641025,0.10360653710801214,0.07298518942871475,0.03928521234513258,0.10360653710801214,0.10360653710801214,0.12954634521395908,0.10497470946514036,0.11168176901404255,0.035033902990443726,0.0741488202150439,0.10195419030484763,0.06691124964673116,0.0824214247859067,0.10360653710801214,0.11347184959430041,0.12747738662946717,0.03222763930870365,0.07805815370882005,0.018596596433809016,0.10360653710801214,0.10360653710801214,0.11817602681466113,0.05440043847741561,0.10360653710801214,0.07425058374747218,0.07295161574232649,0.027412399754099565,0.08350970850480705,0.024015510844155666,0.08002338985634508,0.10360653710801214,0.10360653710801214,0.10360653710801214,0.0866214287734385,0.0991050868143707,0.045343344399461694,0.07440787759705958,0.1279286424912514,0.10360653710801214,0.04529115974854753,0.10360653710801214,0.10360653710801214,0.08176170706824347,0.05309858960761707,0.06138470068638225,0.10360653710801214,0.09942253172050629,0.10360653710801214,0.10360653710801214,0.06720651954511965
Australia,0.06402098783139812,0.10360653710801214,1.0,0.14991164491566736,0.013073494479822655,0.0143494213444405,0.0,0.05410666240857619,0.09178477177283102,0.027707969520013268,0.06104192798532604,0.10119853647725927,0.0,0.010530361488227159,0.11106780293280899,0.0405379439593852,0.0249268056147078,0.07160299724475307,0.0,0.0,0.07890596861604406,0.019693639087803062,0.024979001086872954,0.028237901945239435,0.0,0.0,0.06330679863850536,0.0,0.06019321376514936,0.01562418924603966,0.04491192487260382,0.0,0.031371426965312546,0.0759796576911673,0.0,0.0,0.0274701790359071,0.002528141306535529,0.028244336762659583,0.08466225792199737,0.03052927796679053,0.002359006911696798,0.04092380587007556,0.03734874275782237,0.0,0.01998706402574057,0.026886701487091037,0.07944694441930451,0.031210042393789866,0.09208464564048964,0.0,0.0,0.024526597553038657,0.06950747769145281,0.0,0.029613076285288923,0.03333359358518421,0.08174829790672189,0.02260315136078374,0.09955476076808403,0.029643735131776445,0.0,0.0,0.0,0.028410465138795443,0.024680935226293436,0.07187858068905867,0.03696033214220679,0.035352277777362356,0.0,0.0586734720802897,0.0,0.0,0.023697605877260646,0.056295704161215654,0.042639621001663644,0.0,0.007764622242184312,0.0,0.0,0.04153539705402992
Azerbaijan,0.14078158762488174,0.07023899639928753,0.14991164491566736,1.0,0.14389576852123717,0.14191774724018083,0.14991164491566736,0.11735682530016689,0.06511916127186086,0.14592941553991556,0.09682205493684554,0.06475928585805088,0.14991164491566736,0.1480870141773716,0.057777929914056836,0.15235908421069233,0.13064542501103033,0.0797910137342184,0.14991164491566736,0.14991164491566736,0.10828976042797092,0.1457917188031543,0.1709963983551626,0.12198058100961012,0.14991164491566736,0.14991164491566736,0.1356854305349119,0.14991164491566736,0.1001458053883452,0.13578953003751362,0.12711661656912823,0.14991164491566736,0.13386551293760088,0.10753517379703253,0.14991164491566736,0.14991164491566736,0.16805773349693293,0.15061214233441686,0.13856400959238138,0.09955494455403424,0.12430645538274981,0.14810559946076432,0.11092652775857066,0.11510057943132973,0.14991164491566736,0.16448597209544213,0.16514376093090277,0.09956913566499538,0.1318275749160579,0.07505983093965199,0.14991164491566736,0.14991164491566736,0.1436685246479487,0.08584960892899125,0.14991164491566736,0.1237600845424133,0.12033672823368709,0.09135975479104011,0.13797805095566132,0.07679448546044523,0.12282527196334445,0.14991164491566736,0.14991164491566736,0.14991164491566736,0.1228836529667378,0.14531675366172128,0.08810566734960949,0.12705051718793112,0.15731506477586135,0.14991164491566736,0.1070993925120627,0.14991164491566736,0.14991164491566736,0.1347912339333223,0.09849389052911131,0.12435141468015991,0.14991164491566736,0.1433498871205559,0.14991164491566736,0.14991164491566736,0.12695230818790745
Bangladesh,0.06618759656449758,0.10092365852522928,0.013073494479822655,0.14389576852123717,1.0,0.01883318919345647,0.013073494479822655,0.051385695502036546,0.08738416002802862,0.027361487900116353,0.057011817015773895,0.09686872639666186,0.013073494479822655,0.011381390492206744,0.10638649194211523,0.03916320433616992,0.01994579960268239,0.06575488663656638,0.013073494479822655,0.013073494479822655,0.07645068885901626,0.024900607285016883,0.028365841713575903,0.02502272464145591,0.013073494479822655,0.013073494479822655,0.06830856323559983,0.013073494479822655,0.05588875662580378,0.014523960005647997,0.04240801998090305,0.013073494479822655,0.029539759334221143,0.07331281128563227,0.013073494479822655,0.013073494479822655,0.03024148955900953,0.012421544673685447,0.027169906519550636,0.08091494736800775,0.029523819544683385,0.012499232246764783,0.03735632727918972,0.03361086462177293,0.013073494479822655,0.031998289903979,0.03295770558732748,0.07670895225391842,0.026414289272282614,0.08859688447087222,0.013073494479822655,0.013073494479822655,0.028963016837366583,0.06418194198725943,0.013073494479822655,0.028970438408584764,0.028355223065207814,0.07805030760218379,0.022571681045452662,0.09524135871457412,0.024332920207089225,0.013073494479822655,0.013073494479822655,0.013073494479822655,0.02566793356092998,0.018504717043631602,0.06702319252790712,0.03835268865505429,0.04427111051298108,0.013073494479822655,0.055645113145471534,0.013073494479822655,0.013073494479822655,0.021186545215132045,0.05073520367854494,0.04018382044900963,0.013073494479822655,0.012213003756580645,0.013073494479822655,0.013073494479822655,0.03827323065954142
Belarus,0.054724609824875474,0.09403199774040982,0.0143494213444405,0.14191774724018083,0.01883318919345647,1.0,0.0143494213444405,0.045924993619804504,0.08205249685187295,0.026889499556040034,0.050790293923265714,0.0901119857022993,0.0143494213444405,0.01678075737418398,0.09958576349459873,0.04486397040650093,0.01617398648567047,0.06879863084840603,0.0143494213444405,0.0143494213444405,0.0699643183164179,0.017000524487973994,0.03600989956765127,0.021809377531038284,0.0143494213444405,0.0143494213444405,0.06875180810769563,0.0143494213444405,0.04931002215390307,0.016126468734103387,0.0383779380761812,0.0143494213444405,0.02139085158444018,0.06762760257776056,0.0143494213444405,0.0143494213444405,0.03743070891804917,0.01494437702838993,0.03457638053931662,0.07416915298569077,0.02107440329628855,0.012135734648000036,0.03973432227496098,0.03640478143907595,0.0143494213444405,0.030317767632424598,0.03450621323194905,0.06984163302914956,0.03305874925928403,0.08184105461129886,0.0143494213444405,0.0143494213444405,0.031239874668750278,0.05880586274247135,0.0143494213444405,0.027504901163646223,0.02421135020917349,0.07129372713232031,0.025754336034135565,0.08848267099479733,0.02200091978827191,0.0143494213444405,0.0143494213444405,0.0143494213444405,0.027022195344116158,0.029058017704682592,0.06022719134283177,0.03389592792096922,0.04070029471795758,0.0143494213444405,0.04874169563522053,0.0143494213444405,0.0143494213444405,0.02106251845915406,0.04477821503193055,0.03529090399802582,0.0143494213444405,0.014553787134334934,0.0143494213444405,0.0143494213444405,0.031680717391323776
Belgium,0.06402098783139812,0.10360653710801214,0.0,0.14991164491566736,0.013073494479822655,0.0143494213444405,1.0,0.05410666240857619,0.09178477177283102,0.027707969520013268,0.06104192798532604,0.10119853647725927,0.0,0.010530361488227159,0.11106780293280899,0.0405379439593852,0.0249268056147078,0.07160299724475307,0.0,0.0,0.07890596861604406,0.019693639087803062,0.024979001086872954,0.028237901945239435,0.0,0.0,0.06330679863850536,0.0,0.06019321376514936,0.01562418924603966,0.04491192487260382,0.0,0.031371426965312546,0.0759796576911673,0.0,0.0,0.0274701790359071,0.002528141306535529,0.028244336762659583,0.08466225792199737,0.03052927796679053,0.002359006911696798,0.04092380587007556,0.03734874275782237,0.0,0.01998706402574057,0.026886701487091037,0.07944694441930451,0.031210042393789866,0.09208464564048964,0.0,0.0,0.024526597553038657,0.06950747769145281,0.0,0.029613076285288923,0.03333359358518421,0.08174829790672189,0.02260315136078374,0.09955476076808403,0.029643735131776445,0.0,0.0,0.0,0.028410465138795443,0.024680935226293436,0.07187858068905867,0.03696033214220679,0.035352277777362356,0.0,0.0586734720802897,0.0,0.0,0.023697605877260646,0.056295704161215654,0.042639621001663644,0.0,0.007764622242184312,0.0,0.0,0.04153539705402992
Bolivia,0.0376189376472446,0.053002054976316416,0.05410666240857619,0.11735682530016689,0.051385695502036546,0.045924993619804504,0.05410666240857619,1.0,0.052242117165521934,0.03248461213038406,0.02206140666352908,0.0560276966541874,0.05410666240857619,0.05262451844404944,0.06595054587040775,0.04146686218048432,0.036359057091481205,0.05611178997061521,0.05410666240857619,0.05410666240857619,0.029201670396565304,0.035793289353218107,0.07414435155902814,0.03975050991397321,0.05410666240857619,0.05410666240857619,0.09162606432359897,0.05410666240857619,0.030632873777420615,0.040689791268999256,0.015833359682792786,0.05410666240857619,0.026222257838196445,0.021938087399862822,0.05410666240857619,0.05410666240857619,0.07823747582100384,0.05486903058257194,0.06540430138954076,0.03616552855975322,0.028808694968253182,0.05266051591143233,0.033422221689100085,0.04975910955538715,0.05410666240857619,0.060683341330835375,0.07772399151412011,0.030186279772213827,0.026092572455495316,0.04500418655920877,0.05410666240857619,0.05410666240857619,0.07295685290101195,0.03765524975862769,0.05410666240857619,0.025849427150572882,0.026644058926986264,0.03350330881671235,0.03157701238777626,0.053209827555688184,0.035261504799506384,0.05410666240857619,0.05410666240857619,0.05410666240857619,0.04667983278257783,0.04649538321681749,0.031606644299368714,0.04153382600225958,0.0837437492788135,0.05410666240857619,0.015364778595363268,0.05410666240857619,0.05410666240857619,0.03084418275420538,0.02459828061847363,0.013056403272298251,0.05410666240857619,0.05066487891523195,0.05410666240857619,0.05410666240857619,0.02709172155746134
Brazil,0.07566866356342637,0.025409898536610707,0.09178477177283102,0.06511916127186086,0.08738416002802862,0.08205249685187295,0.09178477177283102,0.052242117165521934,1.0,0.08129415522843275,0.03215534710589661,0.012663667010279945,0.09178477177283102,0.09227443395803386,0.02219545690044855,0.08905321610857661,0.07014950147482794,0.050837912839072026,0.09178477177283102,0.09178477177283102,0.04478516471192225,0.08112131723727611,0.11480422705946645,0.06922126580922325,0.09178477177283102,0.09178477177283102,0.11080308678526482,0.09178477177283102,0.037269442824119974,0.07648307139358519,0.06220969055175594,0.09178477177283102,0.06877275538545104,0.042417435165619195,0.09178477177283102,0.09178477177283102,0.11761374463409903,0.0929024193415028,0.09636346916322833,0.035127430631009246,0.06212378995196408,0.08986825692288537,0.05606820069041826,0.06660071017029416,0.09178477177283102,0.10569677935434899,0.11356530772819892,0.04114646349113846,0.06976284029400023,0.01740788165640485,0.09178477177283102,0.09178477177283102,0.10167085210453851,0.03605634705529647,0.09178477177283102,0.06363093240977005,0.0591165049016345,0.02637866425395205,0.07594560741478425,0.02551591448669949,0.06422971358560194,0.09178477177283102,0.09178477177283102,0.09178477177283102,0.07155910348528559,0.0883949240687266,0.0318114574764599,0.06341558787108402,0.11186085825863487,0.09178477177283102,0.0420000468297637,0.09178477177283102,0.09178477177283102,0.0716286296531158,0.038985476774627104,0.05935992206308789,0.09178477177283102,0.0866993952808058,0.09178477177283102,0.09178477177283102,0.0622444191056302
Bulgaria,0.03932192769840354,0.0825606068776996,0.027707969520013268,0.14592941553991556,0.027361487900116353,0.026889499556040034,0.027707969520013268,0.03248461213038406,0.08129415522843275,1.0,0.04997877500133833,0.08740739557610286,0.027707969520013268,0.02602074617893979,0.09748477920190082,0.02375047544704743,0.029068506382777963,0.07035987727210337,0.027707969520013268,0.027707969520013268,0.0551494567067677,0.010676016614232429,0.044633674849866564,0.037323544026173196,0.027707969520013268,0.027707969520013268,0.0879895488287016,0.027707969520013268,0.047256305835031924,0.029138465294145443,0.021932277876803748,0.027707969520013268,0.019684092771176588,0.05162067799177384,0.027707969520013268,0.027707969520013268,0.048712540063356805,0.026762718103595328,0.050900596110527885,0.06543623843751813,0.028836359072417054,0.026721878876506417,0.038839517013967075,0.0454838477410961,0.027707969520013268,0.03712152527733629,0.04809892411382847,0.058257658292177675,0.0170587120289527,0.07563417920186825,0.027707969520013268,0.027707969520013268,0.05142406810776831,0.060496244280353065,0.027707969520013268,0.02918723648584865,0.027996468898254176,0.06388270511108386,0.0193551536460508,0.08461374075393112,0.031404212193968564,0.027707969520013268,0.027707969520013268,0.027707969520013268,0.04078385662936617,0.023226400447002117,0.06035028247766069,0.04264775718450561,0.06167360578821271,0.027707969520013268,0.04165583252705875,0.027707969520013268,0.027707969520013268,0.01660121379440448,0.04821683840121288,0.022328534448589517,0.027707969520013268,0.03186988879110025,0.027707969520013268,0.027707969520013268,0.026619693955325614
Cambodia,0.055706893766206016,0.04402436145258962,0.06104192798532604,0.09682205493684554,0.057011817015773895,0.050790293923265714,0.06104192798532604,0.02206140666352908,0.03215534710589661,0.04997877500133833,1.0,0.04017290226990599,0.06104192798532604,0.06166996917743473,0.05006056165482122,0.05855711009901195,0.039901123955267875,0.04589886835999637,0.06104192798532604,0.06104192798532604,0.03994836940620457,0.049801836632205145,0.08406746030643907,0.04057671965003676,0.06104192798532604,0.06104192798532604,0.09419709815211676,0.06104192798532604,0.022940621289356162,0.04574371916722596,0.03418371359328572,0.06104192798532604,0.0370434795133386,0.03125769258857164,0.06104192798532604,0.06104192798532604,0.08700722887061851,0.06216148778667771,0.06771840272548099,0.0346817630492851,0.031425953204533216,0.05912723923531724,0.026518163999809597,0.0410072290294398,0.06104192798532604,0.07522618676431414,0.08367940892089927,0.02664853835331141,0.0394214959357007,0.03165782497298254,0.06104192798532604,0.06104192798532604,0.07521420457147497,0.025165280997391227,0.06104192798532604,0.03310988258488024,0.02896133966187558,0.022907405684749957,0.04561629469117141,0.04178248369610564,0.036606055619404027,0.06104192798532604,0.06104192798532604,0.06104192798532604,0.04284851918979805,0.05768217504222949,0.018372266105222336,0.04818979425041487,0.08543937858438246,0.06104192798532604,0.012976320647719747,0.06104192798532604,0.06104192798532604,0.040996295870898966,0.012018805873459363,0.027767705516416614,0.06104192798532604,0.056004888794163876,0.06104192798532604,0.06104192798532604,0.036542725817817465
Cameroon,0.07751801944076861,0.016581756158649274,0.10119853647725927,0.06475928585805088,0.09686872639666186,0.0901119857022993,0.10119853647725927,0.0560276966541874,0.012663667010279945,0.08740739557610286,0.04017290226990599,1.0,0.10119853647725927,0.10176411424728868,0.01225502476102048,0.0969582760030994,0.0791650609111565,0.06205814573799332,0.10119853647725927,0.10119853647725927,0.045234821306237974,0.08727341362841796,0.12419872627283425,0.07871640638126937,0.10119853647725927,0.10119853647725927,0.1183754111246278,0.10119853647725927,0.04160152508831551,0.0859143357513268,0.0674197111808721,0.10119853647725927,0.07250154065327372,0.045340306605154854,0.10119853647725927,0.10119853647725927,0.12710536566661862,0.10233148440720351,0.10579237853329253,0.03489640315076757,0.07124015755226537,0.09929713336544364,0.06544393593363704,0.07601856168587441,0.10119853647725927,0.11491342940753015,0.12307140251175237,0.04155618064989006,0.07880392277109666,0.019733500715965985,0.10119853647725927,0.10119853647725927,0.11086396905101407,0.04365824717510227,0.10119853647725927,0.0729834582280268,0.06862378352456545,0.027890003164406804,0.08477137255497416,0.016176112059077992,0.07365824991397302,0.10119853647725927,0.10119853647725927,0.10119853647725927,0.08105654794979214,0.09785109160631919,0.03579224399872133,0.07235520730331631,0.12123062305278545,0.10119853647725927,0.0457516956389013,0.10119853647725927,0.10119853647725927,0.08095477323455987,0.047929856288180396,0.0651471391947941,0.10119853647725927,0.09616147291098975,0.10119853647725927,0.10119853647725927,0.0659792716918909
Canada,0.06402098783139812,0.10360653710801214,0.0,0.14991164491566736,0.013073494479822655,0.0143494213444405,0.0,0.05410666240857619,0.09178477177283102,0.027707969520013268,0.06104192798532604,0.10119853647725927,1.0,0.010530361488227159,0.11106780293280899,0.0405379439593852,0.0249268056147078,0.07160299724475307,0.0,0.0,0.07890596861604406,0.019693639087803062,0.024979001086872954,0.028237901945239435,0.0,0.0,0.06330679863850536,0.0,0.06019321376514936,0.01562418924603966,0.04491192487260382,0.0,0.031371426965312546,0.0759796576911673,0.0,0.0,0.0274701790359071,0.002528141306535529,0.028244336762659583,0.08466225792199737,0.03052927796679053,0.002359006911696798,0.04092380587007556,0.03734874275782237,0.0,0.01998706402574057,0.026886701487091037,0.07944694441930451,0.031210042393789866,0.09208464564048964,0.0,0.0,0.024526597553038657,0.06950747769145281,0.0,0.029613076285288923,0.03333359358518421,0.08174829790672189,0.02260315136078374,0.09955476076808403,0.029643735131776445,0.0,0.0,0.0,0.028410465138795443,0.024680935226293436,0.07187858068905867,0.03696033214220679,0.035352277777362356,0.0,0.0586734720802897,0.0,0.0,0.023697605877260646,0.056295704161215654,0.042639621001663644,0.0,0.007764622242184312,0.0,0.0,0.04153539705402992
Chile,0.06519170135883927,0.10411480897785225,0.010530361488227159,0.1480870141773716,0.011381390492206744,0.01678075737418398,0.010530361488227159,0.05262451844404944,0.09227443395803386,0.02602074617893979,0.06166996917743473,0.10176411424728868,0.010530361488227159,1.0,0.11125672004007245,0.03506115690981897,0.026980762261466996,0.06965902278454293,0.010530361488227159,0.010530361488227159,0.07824986784021788,0.021202541950536752,0.02400925539049726,0.02656444582922251,0.010530361488227159,0.010530361488227159,0.06768260343216487,0.010530361488227159,0.06078568560002876,0.016941067902848005,0.04414792317106747,0.010530361488227159,0.03232641200275248,0.0744505730362727,0.010530361488227159,0.010530361488227159,0.02609765187271599,0.008591367650748296,0.030076996690891276,0.08561868198305024,0.030806961359529872,0.01134461166941146,0.04014856689893239,0.03529158503194389,0.010530361488227159,0.02564853036056732,0.028948547025590455,0.08020690977143034,0.02653319027626262,0.09306331806826175,0.010530361488227159,0.010530361488227159,0.030236433138613506,0.06906855561215289,0.010530361488227159,0.029942530531869863,0.03322160997935685,0.08270866159158474,0.02118814503037729,0.1001355266881507,0.029209069436168036,0.010530361488227159,0.010530361488227159,0.010530361488227159,0.026407560282618415,0.0175133190924423,0.07189257750670217,0.04165209852712394,0.04244735655614845,0.010530361488227159,0.05963242472672513,0.010530361488227159,0.010530361488227159,0.022354532841240584,0.05560645709200954,0.042739975168283074,0.010530361488227159,0.010743213760932796,0.010530361488227159,0.010530361488227159,0.04244533399673156
China,0.08620037676032258,0.026926373557159256,0.11106780293280899,0.057777929914056836,0.10638649194211523,0.09958576349459873,0.11106780293280899,0.06595054587040775,0.02219545690044855,0.09748477920190082,0.05006056165482122,0.01225502476102048,0.11106780293280899,0.11125672004007245,1.0,0.10715672599182198,0.08807028257244878,0.06597263316190331,0.11106780293280899,0.11106780293280899,0.054525706512063364,0.09744708848037838,0.13410730156799822,0.08741157098562333,0.11106780293280899,0.11106780293280899,0.12040020190777193,0.11106780293280899,0.05136463062131797,0.09570210112749451,0.07740159053069534,0.11106780293280899,0.08231702656442913,0.054836201865369166,0.11106780293280899,0.11106780293280899,0.1364652784730065,0.11214815380667706,0.11357834068582048,0.04271971400824009,0.08096863099926772,0.10911449877882506,0.07539162074443095,0.08412545326298776,0.11106780293280899,0.12509474759828773,0.13158043624183624,0.05171258713934746,0.08901980132617233,0.03132912098710303,0.11106780293280899,0.11106780293280899,0.11726271632211654,0.04626662596857112,0.11106780293280899,0.0830020353709198,0.07803950353063512,0.036871439560613645,0.09499956844691049,0.02185411643869489,0.08224722983341211,0.11106780293280899,0.11106780293280899,0.11106780293280899,0.08977805983367473,0.10748446520696699,0.040000161698183816,0.08257877745719258,0.12906133213299836,0.11106780293280899,0.055849617118426856,0.11106780293280899,0.11106780293280899,0.09102048921971811,0.05654065934939666,0.07526958301297908,0.11106780293280899,0.10583247477525719,0.11106780293280899,0.11106780293280899,0.0755195834750192
Colombia,0.04911206167279124,0.093609360990881,0.0405379439593852,0.15235908421069233,0.03916320433616992,0.04486397040650093,0.0405379439593852,0.04146686218048432,0.08905321610857661,0.02375047544704743,0.05855711009901195,0.0969582760030994,0.0405379439593852,0.03506115690981897,0.10715672599182198,1.0,0.04811892586832869,0.07746443197810997,0.0405379439593852,0.0405379439593852,0.06532919710471187,0.029649899671907825,0.04390723346021607,0.05400359335745368,0.0405379439593852,0.0405379439593852,0.10093289463469436,0.0405379439593852,0.06195746849120717,0.04399903132278319,0.03837437253333673,0.0405379439593852,0.0394230639050679,0.06148175416150605,0.0405379439593852,0.0405379439593852,0.04962491257261785,0.039046377304414126,0.06216049540422837,0.07702552947424715,0.04503105010748683,0.04076045825183029,0.05147654536317248,0.06003973084389982,0.0405379439593852,0.043527674715337514,0.054415194300012744,0.06995091632668571,0.025830276169254054,0.0852420591955428,0.0405379439593852,0.0405379439593852,0.06481017525314192,0.0702914555745849,0.0405379439593852,0.04401578581740643,0.04132168801477853,0.07460459852379485,0.0336074999354549,0.09467530195121293,0.049243540312937005,0.0405379439593852,0.0405379439593852,0.0405379439593852,0.05553212873769057,0.022088636533878252,0.06944556941369284,0.06047956135124689,0.0709868729422728,0.0405379439593852,0.05150650668493898,0.0405379439593852,0.0405379439593852,0.03346307606170852,0.056178371174377975,0.033485955076878196,0.0405379439593852,0.04445863827234328,0.0405379439593852,0.0405379439593852,0.047603321685771895
Costa Rica,0.05524383259520709,0.08390596140432248,0.0249268056147078,0.13064542501103033,0.01994579960268239,0.01617398648567047,0.0249268056147078,0.036359057091481205,0.07014950147482794,0.029068506382777963,0.039901123955267875,0.0791650609111565,0.0249268056147078,0.026980762261466996,0.08807028257244878,0.04811892586832869,1.0,0.05759695256139973,0.0249268056147078,0.0249268056147078,0.059917351873603454,0.02610047383953004,0.04715006579399071,0.017456085275574126,0.0249268056147078,0.0249268056147078,0.06877557515575043,0.0249268056147078,0.03817971241926189,0.014355148277439273,0.028447100641129708,0.0249268056147078,0.016960383851171504,0.057782475511897205,0.0249268056147078,0.0249268056147078,0.04844413407952623,0.02612823720009708,0.03793387015013196,0.06361374427561317,0.01649667306331547,0.0230927347510279,0.031032725097681776,0.031450866439432505,0.0249268056147078,0.039970795788398426,0.04693454319348761,0.05975783768609586,0.026611739184792225,0.07141085050080757,0.0249268056147078,0.0249268056147078,0.0366145386859231,0.045549650674254094,0.0249268056147078,0.02435753665320012,0.015128014130346085,0.06079710691341587,0.024814142960931068,0.0774720517555078,0.01147238023099447,0.0249268056147078,0.0249268056147078,0.0249268056147078,0.023771517199744394,0.031675532195225314,0.04854201943312889,0.028425295760003126,0.04822797422667816,0.0249268056147078,0.03868680688207694,0.0249268056147078,0.0249268056147078,0.01690990801903898,0.03240389203427861,0.024815150532064838,0.0249268056147078,0.021471086573728298,0.0249268056147078,0.0249268056147078,0.024542003717083618
Croatia,0.07631342465673735,0.07501881489892066,0.07160299724475307,0.0797910137342184,0.06575488663656638,0.06879863084840603,0.07160299724475307,0.05611178997061521,0.050837912839072026,0.07035987727210337,0.04589886835999637,0.06205814573799332,0.07160299724475307,0.06965902278454293,0.06597263316190331,0.07746443197810997,0.05759695256139973,1.0,0.07160299724475307,0.07160299724475307,0.07165299221070187,0.07012578610887225,0.09174393876049322,0.04721222229376085,0.07160299724475307,0.07160299724475307,0.06537644675159086,0.07160299724475307,0.03354938746386425,0.05822613754387112,0.053003923437813565,0.07160299724475307,0.06062808851915751,0.07188203032694715,0.07160299724475307,0.07160299724475307,0.08832121902448474,0.07220933532611144,0.058839908839375586,0.0665041625074154,0.052229185859334906,0.07033554621126942,0.03268310528919505,0.03551304706293157,0.07160299724475307,0.08564198671634153,0.08646851928925745,0.0709979701826603,0.055241286938363485,0.061712636248304545,0.07160299724475307,0.07160299724475307,0.06447740217529471,0.03072620414579438,0.07160299724475307,0.04837604503644384,0.0478809866900618,0.056790617650276654,0.060078983017988134,0.06791982074481667,0.04878719518685996,0.07160299724475307,0.07160299724475307,0.07160299724475307,0.04351710138985125,0.06779667410677877,0.0362184339953907,0.05579682106801043,0.077530629320239,0.07160299724475307,0.05689655630290631,0.07160299724475307,0.07160299724475307,0.05938173276328205,0.0365274434549958,0.05447138621878076,0.07160299724475307,0.06472832075180093,0.07160299724475307,0.07160299724475307,0.05338991720456279
Czech Republic,0.06402098783139812,0.10360653710801214,0.0,0.14991164491566736,0.013073494479822655,0.0143494213444405,0.0,0.05410666240857619,0.09178477177283102,0.027707969520013268,0.06104192798532604,0.10119853647725927,0.0,0.010530361488227159,0.11106780293280899,0.0405379439593852,0.0249268056147078,0.07160299724475307,1.0,0.0,0.07890596861604406,0.019693639087803062,0.024979001086872954,0.028237901945239435,0.0,0.0,0.06330679863850536,0.0,0.06019321376514936,0.01562418924603966,0.04491192487260382,0.0,0.031371426965312546,0.0759796576911673,0.0,0.0,0.0274701790359071,0.002528141306535529,0.028244336762659583,0.08466225792199737,0.03052927796679053,0.002359006911696798,0.04092380587007556,0.03734874275782237,0.0,0.01998706402574057,0.026886701487091037,0.07944694441930451,0.031210042393789866,0.09208464564048964,0.0,0.0,0.024526597553038657,0.06950747769145281,0.0,0.029613076285288923,0.03333359358518421,0.08174829790672189,0.02260315136078374,0.09955476076808403,0.029643735131776445,0.0,0.0,0.0,0.028410465138795443,0.024680935226293436,0.07187858068905867,0.03696033214220679,0.035352277777362356,0.0,0.0586734720802897,0.0,0.0,0.023697605877260646,0.056295704161215654,0.042639621001663644,0.0,0.007764622242184312,0.0,0.0,0.04153539705402992
Denmark,0.06402098783139812,0.10360653710801214,0.0,0.14991164491566736,0.013073494479822655,0.0143494213444405,0.0,0.05410666240857619,0.09178477177283102,0.027707969520013268,0.06104192798532604,0.10119853647725927,0.0,0.010530361488227159,0.11106780293280899,0.0405379439593852,0.0249268056147078,0.07160299724475307,0.0,1.0,0.07890596861604406,0.019693639087803062,0.024979001086872954,0.028237901945239435,0.0,0.0,0.06330679863850536,0.0,0.06019321376514936,0.01562418924603966,0.04491192487260382,0.0,0.031371426965312546,0.0759796576911673,0.0,0.0,0.0274701790359071,0.002528141306535529,0.028244336762659583,0.08466225792199737,0.03052927796679053,0.002359006911696798,0.04092380587007556,0.03734874275782237,0.0,0.01998706402574057,0.026886701487091037,0.07944694441930451,0.031210042393789866,0.09208464564048964,0.0,0.0,0.024526597553038657,0.06950747769145281,0.0,0.029613076285288923,0.03333359358518421,0.08174829790672189,0.02260315136078374,0.09955476076808403,0.029643735131776445,0.0,0.0,0.0,0.028410465138795443,0.024680935226293436,0.07187858068905867,0.03696033214220679,0.035352277777362356,0.0,0.0586734720802897,0.0,0.0,0.023697605877260646,0.056295704161215654,0.042639621001663644,0.0,0.007764622242184312,0.0,0.0,0.04153539705402992
Ecuador,0.032981438986753674,0.03908535479486698,0.07890596861604406,0.10828976042797092,0.07645068885901626,0.0699643183164179,0.07890596861604406,0.029201670396565304,0.04478516471192225,0.0551494567067677,0.03994836940620457,0.045234821306237974,0.07890596861604406,0.07824986784021788,0.054525706512063364,0.06532919710471187,0.059917351873603454,0.07165299221070187,0.07890596861604406,0.07890596861604406,1.0,0.06092824761923003,0.09975936161532171,0.06337890791202067,0.07890596861604406,0.07890596861604406,0.11015916490957678,0.07890596861604406,0.04337336934507941,0.06429872653660312,0.034146259821035835,0.07890596861604406,0.04911558419455564,0.01818426372584793,0.07890596861604406,0.07890596861604406,0.10384599582294748,0.08009162356247858,0.09073556463215843,0.024013172650028024,0.05078986822344128,0.0773554625145586,0.0547522625172336,0.07270876476206888,0.07890596861604406,0.0859656712239037,0.10285929217562766,0.03406918258672977,0.05171668431208576,0.040477844091717376,0.07890596861604406,0.07890596861604406,0.09553658383413308,0.056518444151089586,0.07890596861604406,0.051516493743590644,0.05010575168256524,0.02525360783641066,0.05709660804725054,0.040821002208042724,0.05900819864541989,0.07890596861604406,0.07890596861604406,0.07890596861604406,0.07065546464541074,0.07179159833810835,0.04860754301012492,0.0540724878482698,0.10530959607754953,0.07890596861604406,0.03413688368665093,0.07890596861604406,0.07890596861604406,0.056278570135487836,0.04303792556012503,0.03626726568513379,0.07890596861604406,0.07507451049357988,0.07890596861604406,0.07890596861604406,0.04425689063862578
"Egypt, Arab Rep.",0.04477478344125122,0.08620776743922495,0.019693639087803062,0.1457917188031543,0.024900607285016883,0.017000524487973994,0.019693639087803062,0.035793289353218107,0.08112131723727611,0.010676016614232429,0.049801836632205145,0.08727341362841796,0.019693639087803062,0.021202541950536752,0.09744708848037838,0.029649899671907825,0.02610047383953004,0.07012578610887225,0.019693639087803062,0.019693639087803062,0.06092824761923003,1.0,0.03952355426176092,0.028745303979063653,0.019693639087803062,0.019693639087803062,0.07927342722143639,0.019693639087803062,0.04707971548247934,0.020948148949177143,0.02681924083617702,0.019693639087803062,0.016437550896792347,0.0577088281482099,0.019693639087803062,0.019693639087803062,0.04357720501868042,0.0200799907487715,0.04341136548527712,0.0685443101971886,0.022019425204404888,0.018629074118951056,0.03786527572430908,0.03900278780823293,0.019693639087803062,0.030683670355482015,0.04198288502358868,0.06235342451059156,0.02148336505603112,0.07576607910617472,0.019693639087803062,0.019693639087803062,0.042653242964377766,0.06031893801059177,0.019693639087803062,0.02377236083938638,0.025524501991295183,0.06570959032356499,0.01437071277364523,0.08503187020832911,0.02878761532716863,0.019693639087803062,0.019693639087803062,0.019693639087803062,0.03245528015090588,0.024518195360520217,0.06017373597374533,0.036792757916247,0.0518428707963751,0.019693639087803062,0.04236153770396833,0.019693639087803062,0.019693639087803062,0.012149122551353267,0.04802126839249001,0.024877900567172137,0.019693639087803062,0.023053315736741062,0.019693639087803062,0.019693639087803062,0.025638055568264203
El Salvador,0.07773747953886383,0.12548683344309797,0.024979001086872954,0.1709963983551626,0.028365841713575903,0.03600989956765127,0.024979001086872954,0.07414435155902814,0.11480422705946645,0.044633674849866564,0.08406746030643907,0.12419872627283425,0.024979001086872954,0.02400925539049726,0.13410730156799822,0.04390723346021607,0.04715006579399071,0.09174393876049322,0.024979001086872954,0.024979001086872954,0.09975936161532171,0.03952355426176092,1.0,0.05004068371795752,0.024979001086872954,0.024979001086872954,0.07425910479057991,0.024979001086872954,0.08318344469475164,0.038560487596991544,0.06563929897041587,0.024979001086872954,0.05418856377599951,0.09599579408433336,0.024979001086872954,0.024979001086872954,0.010683394061317403,0.02368948741287731,0.040836741066459875,0.10737856940588349,0.05344512880512486,0.026725488549645373,0.06059208069735228,0.05640461934768221,0.024979001086872954,0.020064413064669686,0.026637019727359542,0.10159322717075164,0.04805531926216315,0.11469363668181091,0.024979001086872954,0.024979001086872954,0.0387057565082685,0.09241974410561433,0.024979001086872954,0.0513823946030456,0.05630163520153018,0.10446884841561604,0.042673781987606976,0.12254169542534257,0.0525179657034466,0.024979001086872954,0.024979001086872954,0.024979001086872954,0.04822694435831117,0.03328551202056683,0.09491310449303576,0.05475879721035329,0.04008066199845947,0.024979001086872954,0.0812088600225016,0.024979001086872954,0.024979001086872954,0.04372617386781829,0.07908015228040643,0.06411860131253364,0.024979001086872954,0.02971104406818217,0.024979001086872954,0.024979001086872954,0.06431789961985425
Estonia,0.06436149109190972,0.08432379769428783,0.028237901945239435,0.12198058100961012,0.02502272464145591,0.021809377531038284,0.028237901945239435,0.03975050991397321,0.06922126580922325,0.037323544026173196,0.04057671965003676,0.07871640638126937,0.028237901945239435,0.02656444582922251,0.08741157098562333,0.05400359335745368,0.017456085275574126,0.04721222229376085,0.028237901945239435,0.028237901945239435,0.06337890791202067,0.028745303979063653,0.05004068371795752,1.0,0.028237901945239435,0.028237901945239435,0.059524568164604906,0.028237901945239435,0.03771364047644844,0.014452182219140203,0.03477343487074105,0.028237901945239435,0.024301946575982048,0.05964792035221586,0.028237901945239435,0.028237901945239435,0.04933551025840509,0.0289941245936368,0.02839956963472232,0.06336536012302534,0.015130907945387123,0.026225719289885745,0.02281820313048237,0.016375670405400704,0.028237901945239435,0.04337629892896061,0.04478379694291294,0.06063376809121024,0.02939965543414355,0.07137254181039022,0.028237901945239435,0.028237901945239435,0.034720913680169864,0.04443893518403169,0.028237901945239435,0.01668856133649749,0.017479037596522036,0.060628111971312196,0.021818269901077277,0.07696939963550195,0.010962002833668893,0.028237901945239435,0.028237901945239435,0.028237901945239435,0.007461230914384856,0.03560754771457151,0.04780975217164211,0.029884926097973132,0.04599419877986752,0.028237901945239435,0.04020663560179109,0.028237901945239435,0.028237901945239435,0.02173934246443095,0.031451133102757385,0.03141961460762981,0.028237901945239435,0.02188765870967936,0.028237901945239435,0.028237901945239435,0.026595405005057717
Finland,0.06402098783139812,0.10360653710801214,0.0,0.14991164491566736,0.013073494479822655,0.0143494213444405,0.0,0.05410666240857619,0.09178477177283102,0.027707969520013268,0.06104192798532604,0.10119853647725927,0.0,0.010530361488227159,0.11106780293280899,0.0405379439593852,0.0249268056147078,0.07160299724475307,0.0,0.0,0.07890596861604406,0.019693639087803062,0.024979001086872954,0.028237901945239435,1.0,0.0,0.06330679863850536,0.0,0.06019321376514936,0.01562418924603966,0.04491192487260382,0.0,0.031371426965312546,0.0759796576911673,0.0,0.0,0.0274701790359071,0.002528141306535529,0.028244336762659583,0.08466225792199737,0.03052927796679053,0.002359006911696798,0.04092380587007556,0.03734874275782237,0.0,0.01998706402574057,0.026886701487091037,0.07944694441930451,0.031210042393789866,0.09208464564048964,0.0,0.0,0.024526597553038657,0.06950747769145281,0.0,0.029613076285288923,0.03333359358518421,0.08174829790672189,0.02260315136078374,0.09955476076808403,0.029643735131776445,0.0,0.0,0.0,0.028410465138795443,0.024680935226293436,0.07187858068905867,0.03696033214220679,0.035352277777362356,0.0,0.0586734720802897,0.0,0.0,0.023697605877260646,0.056295704161215654,0.042639621001663644,0.0,0.007764622242184312,0.0,0.0,0.04153539705402992
