Country Name,Albania,Angola,Australia,Azerbaijan,Bangladesh,Belarus,Belgium,Bolivia,Brazil,Bulgaria,Cambodia,Cameroon,Canada,Chile,China,Colombia,Costa Rica,Croatia,Czech Republic,Denmark,Ecuador,"Egypt, Arab Rep.",El Salvador,Estonia,Finland,France,Georgia,Germany,Ghana,Guatemala,Honduras,Hungary,India,Indonesia,Israel,Italy,Jamaica,Japan,Jordan,Kazakhstan,Kenya,"Korea, Rep.",Kyrgyz Republic,Latvia,Lithuania,Malaysia,Mexico,Mongolia,Morocco,Nepal,Netherlands,New Zealand,Nigeria,North Macedonia,Norway,Oman,Pakistan,Panama,Paraguay,Peru,Philippines,Poland,Portugal,Romania,Russian Federation,Saudi Arabia,Senegal,Slovak Republic,South Africa,Spain,Sri Lanka,Sweden,Switzerland,Tanzania,Thailand,Tunisia,Turkey,Ukraine,United Kingdom,United States,Uruguay
Albania,1.0,1.567791399665704,1.26960287095877,2.5230209808490414,0.8832442037576074,0.8853675880194908,1.26960287095877,0.7551876445057246,1.6306297342374267,0.563153041279938,0.9869189325891303,1.5021518852029123,1.26960287095877,1.1394688464869516,1.6444619869030224,0.4970965956498494,0.6764975537400766,1.1960312039525292,1.26960287095877,1.26960287095877,0.6773478175392951,0.9224192353431627,1.0168372037365156,1.165175479520567,1.26960287095877,1.26960287095877,1.3627588089708516,1.26960287095877,0.7290515150265648,1.012482766330441,0.6740162025266672,1.26960287095877,0.7003425260996264,0.9620233192907274,1.26960287095877,1.26960287095877,0.9629788794172297,1.182298137000656,1.3434358452901818,0.8421662137414705,0.8564053351655001,1.223275891441635,0.8803773111966456,1.3555650510248092,1.26960287095877,1.1784575385875198,1.6995086428395383,0.9846958918542503,0.8195079687585204,1.4379176876467166,1.26960287095877,1.26960287095877,1.7077120455251746,1.0248425229399143,1.26960287095877,0.8718627328995551,0.6864181611755634,1.0974823369400153,1.1224637394362875,1.1137313300336387,0.7414144533115226,1.26960287095877,1.26960287095877,1.26960287095877,1.1746469203182985,0.676300833794208,0.9283397717221031,0.9596742415719691,1.734578880776408,1.26960287095877,0.8299537438630571,1.26960287095877,1.26960287095877,0.9555205023577024,0.8096142830093466,0.6556084080474816,1.26960287095877,1.0579619939639224,1.26960287095877,1.26960287095877,0.7380905231066996
Angola,1.567791399665704,1.0,2.1830045665674596,0.7497425272275193,1.4700572159287104,2.2540648687130043,2.1830045665674596,0.8072710996151969,0.45048284633116475,1.5397051512887103,0.41264911327701087,0.35944659644657034,2.1830045665674596,2.0249458840891954,0.39306717743233166,2.035297084113479,1.4779478606081649,1.3939512943895063,2.1830045665674596,2.1830045665674596,1.0476230479219202,2.17970638822324,2.6885246749978458,1.6615384938686508,2.1830045665674596,2.1830045665674596,2.3902280587524847,2.1830045665674596,0.8785765990425627,1.6367559973959904,1.215639128673123,2.1830045665674596,1.6832508969308095,0.5642042827476716,2.1830045665674596,2.1830045665674596,2.530795941562872,2.1959380698763455,2.1027734318192586,0.8221880815888676,1.6989539378156622,2.1805347728452116,0.9999429648465722,1.4457191266841394,2.1830045665674596,2.818945486886708,3.605645351296843,0.45652816030455756,1.215677873643256,0.2636181040536796,2.1830045665674596,2.1830045665674596,2.9276463566797144,0.6530467643690607,2.1830045665674596,1.4266562671421998,1.2523711957219426,0.5141009849473666,1.6697508514882087,0.41169093802819956,1.1416296656790716,2.1830045665674596,2.1830045665674596,2.1830045665674596,1.6266109110958686,1.7807641877819778,0.4986770678910021,1.600010602271339,3.328950430069269,2.1830045665674596,0.6272356177320034,2.1830045665674596,2.1830045665674596,1.5429458339514912,0.9634994989019644,1.1888990505729504,2.1830045665674596,1.9276129657147139,2.1830045665674596,2.1830045665674596,1.4233939019897583
Australia,1.26960287095877,2.1830045665674596,1.0,2.9544778576538233,0.28339159100236877,0.42850102808254587,0.0,1.2706932596480276,2.016305196756619,0.6295932034312712,1.335024832931094,2.1549360580611188,0.0,0.24597772293009762,2.4108596200666703,0.7804753455399215,0.564295322950178,1.7582790176187637,0.0,0.0,1.7539426879413933,0.3841978249401108,0.5292012903141313,0.7674022537323664,0.0,0.0,1.2479373818782094,0.0,1.359140308752921,0.32510368571697323,0.8762159661400247,0.0,0.6352638492688081,1.694941732401539,0.0,0.0,0.61686395219269,0.0762823782357174,0.6486747311937651,1.7927867357134701,0.6040196434700895,0.07273174047613284,0.8729400146893377,0.8482341103188445,0.0,0.40006253403205805,0.6383464148610898,1.5704528872212389,0.738806303136277,2.058365304137521,0.0,0.0,0.5346102381979658,1.575433739033546,0.0,0.5964172972480073,0.7353283307530926,1.7463916269323179,0.4638507891070362,2.096674248859048,0.7318655815332984,0.0,0.0,0.0,0.6403492119401282,0.4968100801871218,1.5310346033823288,0.8894006579184455,0.8012826933086183,0.0,1.2789180616173046,0.0,0.0,0.4777969129517905,1.2867625602418404,0.8672112500877465,0.0,0.259169962263555,0.0,0.0,0.9005779258775908
Azerbaijan,2.5230209808490414,0.7497425272275193,2.9544778576538233,1.0,2.2723907139362254,3.131594671816191,2.9544778576538233,1.8142907321924897,0.8872189256112308,2.3801942512237706,1.1990356262933473,0.8896404936097478,2.9544778576538233,2.8731481956029588,0.9208064989977889,2.6951923810132032,2.342593375900149,1.7171878650016352,2.9544778576538233,2.9544778576538233,1.7965346831096614,3.054961681036937,3.3396708091569227,2.7981826341096734,2.9544778576538233,2.9544778576538233,3.1190329324938086,2.9544778576538233,1.7704118521753351,2.6365745836610297,2.425200385142108,2.9544778576538233,2.822457391241482,1.3443025847892571,2.9544778576538233,2.9544778576538233,3.2413124634021244,2.982970531292188,3.0881542313527457,1.5231328201171193,2.8797052260195604,2.976813984313397,2.1141614936753674,2.6167722985493937,2.9544778576538233,3.5108647275957057,4.191746113430498,0.9311593560110001,2.2204547924155347,0.8555779054297024,2.9544778576538233,2.9544778576538233,4.007931187762497,1.4744470039967252,2.9544778576538233,2.595683885531581,2.2205239516079103,1.2754423139456204,2.8466626418430003,1.0475194353457233,2.0362875713873723,2.9544778576538233,2.9544778576538233,2.9544778576538233,2.6346451913148723,2.5984581828728586,1.289472349967223,2.8301660954089796,4.359403325121682,2.9544778576538233,1.4261607826918201,2.9544778576538233,2.9544778576538233,2.690649609500408,1.8642145802385175,2.2513187199313727,2.9544778576538233,2.870055096558508,2.9544778576538233,2.9544778576538233,2.9047881707431276
Bangladesh,0.8832442037576074,1.4700572159287104,0.28339159100236877,2.2723907139362254,1.0,0.39086015841209537,0.28339159100236877,0.5671054073930829,1.200038363178935,0.29390132390109575,0.7460748654003617,1.4150582013844089,0.28339159100236877,0.16924618943424283,1.572776140766212,0.5695073680531563,0.2608869540130373,0.7722844769996008,0.28339159100236877,0.28339159100236877,1.0741639523481248,0.33455335264251845,0.6202385075360891,0.42909685035120365,0.28339159100236877,0.28339159100236877,1.1721966453699808,0.28339159100236877,0.6561652979127572,0.2518936306315571,0.3876971080180841,0.28339159100236877,0.35022672286368994,0.9664141595477908,0.28339159100236877,0.28339159100236877,0.6191202114032882,0.25916423091011725,0.6616965142404679,1.0714463816878903,0.41548388417742405,0.2790534536624374,0.5013574085851435,0.4951658339843245,0.28339159100236877,0.5553437621153503,0.9633286683063057,1.0587869317999852,0.29707677181063374,1.2619592763563692,0.28339159100236877,0.28339159100236877,0.6926074303003618,0.8422463755293814,0.28339159100236877,0.4027907430996627,0.3685804357318449,1.0355975608724586,0.2357169521198442,1.3552359635838238,0.36354824645808625,0.28339159100236877,0.28339159100236877,0.28339159100236877,0.4444730645680627,0.2884787954656375,0.8226619555120053,0.5534871498233065,1.0326228624884597,0.28339159100236877,0.6929391690939339,0.28339159100236877,0.28339159100236877,0.23878980947471043,0.6429566488191155,0.37429380817023733,0.28339159100236877,0.32150690586610675,0.28339159100236877,0.28339159100236877,0.4878004158717815
Belarus,0.8853675880194908,2.2540648687130043,0.42850102808254587,3.131594671816191,0.39086015841209537,1.0,0.42850102808254587,0.9779763190939229,1.911637434081678,0.5085024687872339,1.279371540064259,2.0610589202429046,0.42850102808254587,0.25497559516470525,2.5250983571863177,0.7562891891281666,0.43319217157390943,1.646268281190379,0.42850102808254587,0.42850102808254587,1.1365414526832054,0.36492380400302926,0.45580244069731457,0.6299895414604144,0.42850102808254587,0.42850102808254587,1.3968037491548322,0.42850102808254587,1.1747559180929672,0.42509642629116073,0.8689015189083581,0.42850102808254587,0.387089152276595,1.364365358158951,0.42850102808254587,0.42850102808254587,0.668930455460783,0.35048784532043503,0.6417521937568559,1.6050933955601412,0.5066345531838736,0.3540152663862522,0.9845541680589511,0.8344979713095055,0.42850102808254587,0.5311731779624418,0.6702213112964237,1.483833506738957,0.7074344530610663,2.0046027803438395,0.42850102808254587,0.42850102808254587,0.6291455257359511,1.4364469603586716,0.42850102808254587,0.6636653175570061,0.5548061268901545,1.6865546469053432,0.4616823433848616,1.825902851178654,0.5458510486543445,0.42850102808254587,0.42850102808254587,0.42850102808254587,0.7668060090379865,0.4343425797649499,1.6492783156891944,0.7870783684822964,0.7876980663047805,0.42850102808254587,1.0607606775588787,0.42850102808254587,0.42850102808254587,0.5203454588925213,1.2140794651752258,0.7883885059424225,0.42850102808254587,0.3247029375658229,0.42850102808254587,0.42850102808254587,0.7920912495561705
Belgium,1.26960287095877,2.1830045665674596,0.0,2.9544778576538233,0.28339159100236877,0.42850102808254587,1.0,1.2706932596480276,2.016305196756619,0.6295932034312712,1.335024832931094,2.1549360580611188,0.0,0.24597772293009762,2.4108596200666703,0.7804753455399215,0.564295322950178,1.7582790176187637,0.0,0.0,1.7539426879413933,0.3841978249401108,0.5292012903141313,0.7674022537323664,0.0,0.0,1.2479373818782094,0.0,1.359140308752921,0.32510368571697323,0.8762159661400247,0.0,0.6352638492688081,1.694941732401539,0.0,0.0,0.61686395219269,0.0762823782357174,0.6486747311937651,1.7927867357134701,0.6040196434700895,0.07273174047613284,0.8729400146893377,0.8482341103188445,0.0,0.40006253403205805,0.6383464148610898,1.5704528872212389,0.738806303136277,2.058365304137521,0.0,0.0,0.5346102381979658,1.575433739033546,0.0,0.5964172972480073,0.7353283307530926,1.7463916269323179,0.4638507891070362,2.096674248859048,0.7318655815332984,0.0,0.0,0.0,0.6403492119401282,0.4968100801871218,1.5310346033823288,0.8894006579184455,0.8012826933086183,0.0,1.2789180616173046,0.0,0.0,0.4777969129517905,1.2867625602418404,0.8672112500877465,0.0,0.259169962263555,0.0,0.0,0.9005779258775908
Bolivia,0.7551876445057246,0.8072710996151969,1.2706932596480276,1.8142907321924897,0.5671054073930829,0.9779763190939229,1.2706932596480276,1.0,0.7295867932837286,0.5029329769902926,0.3478332480132656,0.8237238576240877,1.2706932596480276,0.9705745956322198,0.9630937477664145,0.862015815458579,0.40738935984416724,0.6957047279272223,1.2706932596480276,1.2706932596480276,0.43823734377900914,0.9171926598256772,1.4558409124833775,0.6027882879913816,1.2706932596480276,1.2706932596480276,1.335637703983363,1.2706932596480276,0.37250661589208417,0.5834076190385503,0.34937099689805895,1.2706932596480276,0.5285211589136773,0.32701049127724213,1.2706932596480276,1.2706932596480276,1.5172183972809106,1.2817332135504218,1.1441147037223396,0.4394226201431898,0.6635013239752723,1.2711510470405236,0.5132162598969673,0.9002067940381295,1.2706932596480276,1.5642949171131024,2.1788279197176927,0.563408079857968,0.27497056674376846,0.6474604985822158,1.2706932596480276,1.2706932596480276,1.6960333714782108,0.4343543123080951,1.2706932596480276,0.578745725992454,0.2634165421104907,0.46641327367772945,0.7060999766616105,0.6805144854548815,0.22889951819655574,1.2706932596480276,1.2706932596480276,1.2706932596480276,0.7479966426733313,0.813111624623444,0.42577535894707563,0.6888575271073298,2.0820543588740215,1.2706932596480276,0.274441004222315,1.2706932596480276,1.2706932596480276,0.5823270809712233,0.41706813937962084,0.27161014201025735,1.2706932596480276,0.9316827253141133,1.2706932596480276,1.2706932596480276,0.5727189326138824
Brazil,1.6306297342374267,0.45048284633116475,2.016305196756619,0.8872189256112308,1.200038363178935,1.911637434081678,2.016305196756619,0.7295867932837286,1.0,1.2485507208262356,0.3406893694832114,0.1948861665048776,2.016305196756619,1.7162552329860856,0.29844023040501466,1.682224023188385,1.1178343776214406,0.8487172981692892,2.016305196756619,2.016305196756619,0.8966284261460616,1.8434881668671974,2.2986984437610016,1.4186080270011205,2.016305196756619,2.016305196756619,2.163710337748741,2.016305196756619,0.6978749778531527,1.3652886243302322,1.0470084682501557,2.016305196756619,1.4145844260425067,0.499026368014395,2.016305196756619,2.016305196756619,2.217548431684338,2.0067445740722443,1.8987039095110019,0.6512623692287234,1.5298827809210802,1.97238731800153,0.8667279269011954,1.097856371240366,2.016305196756619,2.498902873768254,3.1412567486693646,0.6026559272988028,0.9888002897526696,0.38165238712031896,2.016305196756619,2.016305196756619,2.6718617260604516,0.4722901518218847,2.016305196756619,1.3075530444710421,0.9716548828923114,0.3106201902928487,1.4317351824507305,0.4537128209624308,0.8417535925478374,2.016305196756619,2.016305196756619,2.016305196756619,1.3651102778173907,1.4853186520107853,0.3635356223850813,1.4977011684029966,2.901212025136991,2.016305196756619,0.457635004897484,2.016305196756619,2.016305196756619,1.3087623507321007,0.7753204246786114,0.9751547634231374,2.016305196756619,1.6761511419131359,2.016305196756619,2.016305196756619,1.401002636549955
Bulgaria,0.563153041279938,1.5397051512887103,0.6295932034312712,2.3801942512237706,0.29390132390109575,0.5085024687872339,0.6295932034312712,0.5029329769902926,1.2485507208262356,1.0,0.8928555429297441,1.4716706354205686,0.6295932034312712,0.39154191291900975,1.6326922267381463,0.31097998379901237,0.33990581988197377,0.9255564139843206,0.6295932034312712,0.6295932034312712,0.8508479921384181,0.24644826887241017,0.44237150221947674,0.6569489548717473,0.6295932034312712,0.6295932034312712,1.3435117402896666,0.6295932034312712,0.8071407858454962,0.4403492101450367,0.3844608326291321,0.6295932034312712,0.29909594872123335,0.8454299672559777,0.6295932034312712,0.6295932034312712,0.4637369151506626,0.5058181775676278,0.8434523921403183,1.0012740214065203,0.44330767390986037,0.5447755946492858,0.6743373261068006,0.6829305084746209,0.6295932034312712,0.6213157776540594,1.0893617514215583,1.1145031670224805,0.36448342309446635,1.2986959927434423,0.6295932034312712,0.6295932034312712,0.9245073198014059,0.9587231210239534,0.6295932034312712,0.5960525966172687,0.42117669010715075,1.0678863108415013,0.41186792342451406,1.380823474281002,0.4837340769830143,0.6295932034312712,0.6295932034312712,0.6295932034312712,0.7458812099105053,0.28318578884813345,0.9574074912501721,0.6055406126276373,1.2782211609485379,0.6295932034312712,0.7715488590296828,0.6295932034312712,0.6295932034312712,0.31222570559389307,0.813965412083044,0.3308512430944419,0.6295932034312712,0.5356992575174794,0.6295932034312712,0.6295932034312712,0.34239910946916813
Cambodia,0.9869189325891303,0.41264911327701087,1.335024832931094,1.1990356262933473,0.7460748654003617,1.279371540064259,1.335024832931094,0.3478332480132656,0.3406893694832114,0.8928555429297441,1.0,0.32506152721825077,1.335024832931094,1.1325268113294786,0.3929944930776976,1.300622889627438,0.7073505529731554,0.7380649900109278,1.335024832931094,1.335024832931094,0.6573685490140212,1.2818217112979768,1.7567581599838014,0.7657535410072399,1.335024832931094,1.335024832931094,1.7120357176212448,1.335024832931094,0.33423915085871225,0.7450344097192569,0.5906994381119225,1.335024832931094,0.8296494438449329,0.3536667726577899,1.335024832931094,1.335024832931094,1.680928180894617,1.328273772918939,1.3833104208407347,0.38618506912477213,0.8903813238987714,1.2956548828534984,0.4390802176524906,0.6397083198264311,1.335024832931094,1.9233001905573293,2.5480350740910733,0.38091682371313773,0.5508725470846907,0.3173042269103168,1.335024832931094,1.335024832931094,1.977340225316629,0.37269917555467985,1.335024832931094,0.7415908465514924,0.47831389107608124,0.25578901238234475,0.8757615162935861,0.3518782853677349,0.4211973561430339,1.335024832931094,1.335024832931094,1.335024832931094,0.6997154480526606,1.0175275431359585,0.2490648034359228,0.983679501864233,2.3151535786521285,1.335024832931094,0.2521974577236952,1.335024832931094,1.335024832931094,0.7557236525552029,0.3525984308630581,0.4939607456578097,1.335024832931094,0.9925957269018777,1.335024832931094,1.335024832931094,0.7674820305109668
Cameroon,1.5021518852029123,0.35944659644657034,2.1549360580611188,0.8896404936097478,1.4150582013844089,2.0610589202429046,2.1549360580611188,0.8237238576240877,0.1948861665048776,1.4716706354205686,0.32506152721825077,1.0,2.1549360580611188,1.8896448512085084,0.20921406333779236,1.9100516418654085,1.2525088856343467,1.0764270203805681,2.1549360580611188,2.1549360580611188,0.9247638237959372,2.064973371777336,2.523151044011882,1.5365134887235299,2.1549360580611188,2.1549360580611188,2.156569119397275,2.1549360580611188,0.7378308228010644,1.4818713963091925,1.2168047702951426,2.1549360580611188,1.578657446729319,0.510399534542959,2.1549360580611188,2.1549360580611188,2.4119139393966518,2.148184998048966,1.9679737503616863,0.6920988639776845,1.6132276266917247,2.131771109378322,0.9471409654160224,1.227876736176761,2.1549360580611188,2.703782025991339,3.335525446179835,0.5977817350651559,1.0746496743995633,0.37567537492882885,2.1549360580611188,2.1549360580611188,2.8516727660934977,0.5673892178095366,2.1549360580611188,1.3956922258192705,1.1121087481419694,0.3683561208455119,1.532371263597125,0.38910219458621387,0.9664480428909936,2.1549360580611188,2.1549360580611188,2.1549360580611188,1.4245176720513966,1.7089874897816664,0.43147575464530746,1.5957712965841966,3.0656988809137014,2.1549360580611188,0.5113336473439145,2.1549360580611188,2.1549360580611188,1.5028665265365209,0.8058106048531763,1.0254464217247081,2.1549360580611188,1.7729212467868554,2.1549360580611188,2.1549360580611188,1.4134658399006235
Canada,1.26960287095877,2.1830045665674596,0.0,2.9544778576538233,0.28339159100236877,0.42850102808254587,0.0,1.2706932596480276,2.016305196756619,0.6295932034312712,1.335024832931094,2.1549360580611188,1.0,0.24597772293009762,2.4108596200666703,0.7804753455399215,0.564295322950178,1.7582790176187637,0.0,0.0,1.7539426879413933,0.3841978249401108,0.5292012903141313,0.7674022537323664,0.0,0.0,1.2479373818782094,0.0,1.359140308752921,0.32510368571697323,0.8762159661400247,0.0,0.6352638492688081,1.694941732401539,0.0,0.0,0.61686395219269,0.0762823782357174,0.6486747311937651,1.7927867357134701,0.6040196434700895,0.07273174047613284,0.8729400146893377,0.8482341103188445,0.0,0.40006253403205805,0.6383464148610898,1.5704528872212389,0.738806303136277,2.058365304137521,0.0,0.0,0.5346102381979658,1.575433739033546,0.0,0.5964172972480073,0.7353283307530926,1.7463916269323179,0.4638507891070362,2.096674248859048,0.7318655815332984,0.0,0.0,0.0,0.6403492119401282,0.4968100801871218,1.5310346033823288,0.8894006579184455,0.8012826933086183,0.0,1.2789180616173046,0.0,0.0,0.4777969129517905,1.2867625602418404,0.8672112500877465,0.0,0.259169962263555,0.0,0.0,0.9005779258775908
Chile,1.1394688464869516,2.0249458840891954,0.24597772293009762,2.8731481956029588,0.16924618943424283,0.25497559516470525,0.24597772293009762,0.9705745956322198,1.7162552329860856,0.39154191291900975,1.1325268113294786,1.8896448512085084,0.24597772293009762,1.0,2.151017931682925,0.7084096422882858,0.4745350893341276,1.4092296929050858,0.24597772293009762,0.24597772293009762,1.5017510435309311,0.23192538115524727,0.43701229268257424,0.48625232343346125,0.24597772293009762,0.24597772293009762,1.2928161845286663,0.24597772293009762,1.0986892761785114,0.2775537445777624,0.8167930024088944,0.24597772293009762,0.44106982725839966,1.4489630517004533,0.24597772293009762,0.24597772293009762,0.4958491854870506,0.1622320162010105,0.5901031573223512,1.5898758917577462,0.4921132933764064,0.18575187094636603,0.7331923005363404,0.679087735327115,0.24597772293009762,0.4537867532330313,0.7122662423833395,1.4664945038408128,0.5376491095404133,1.7398995014315126,0.24597772293009762,0.24597772293009762,0.6024777057008597,1.302642720640184,0.24597772293009762,0.531653960894428,0.5776927503230787,1.543994305528635,0.28144493377870644,1.8316376042022335,0.5298267479753774,0.24597772293009762,0.24597772293009762,0.24597772293009762,0.4887777663172186,0.33800395694493324,1.4023118678506357,0.6798592187842054,0.8758598637408173,0.24597772293009762,1.0493120338143733,0.24597772293009762,0.24597772293009762,0.36778033447230607,1.0106744681401068,0.7110058076349604,0.24597772293009762,0.3049385430058576,0.24597772293009762,0.24597772293009762,0.7786099921398583
China,1.6444619869030224,0.39306717743233166,2.4108596200666703,0.9208064989977889,1.572776140766212,2.5250983571863177,2.4108596200666703,0.9630937477664145,0.29844023040501466,1.6326922267381463,0.3929944930776976,0.20921406333779236,2.4108596200666703,2.151017931682925,1.0,2.034853933844279,1.5021055201866824,1.1431930362379998,2.4108596200666703,2.4108596200666703,1.0005023973485858,2.275159518828287,2.7077350511544154,1.647005160155032,2.4108596200666703,2.4108596200666703,2.254953636787722,2.4108596200666703,0.8307492118738956,1.7318839610295704,1.3624743438329705,2.4108596200666703,1.7869103586182127,0.566671377266053,2.4108596200666703,2.4108596200666703,2.557823064280308,2.408448260557833,2.102911065724991,0.73350918669974,1.8025664937302182,2.4025346641149303,1.1245961136874159,1.267793840546954,2.4108596200666703,2.874132768293088,3.5463472213780123,0.6598345732290819,1.247467203569594,0.3464577573690393,2.4108596200666703,2.4108596200666703,3.0598884771014108,0.6528576035472876,2.4108596200666703,1.5942852078009357,1.3558034991893935,0.434689487635285,1.713964977126507,0.5196504454617468,1.1629776972018782,2.4108596200666703,2.4108596200666703,2.4108596200666703,1.525696771297577,1.8622457724620234,0.4331620339887322,1.8086673266155089,3.2327103681248173,2.4108596200666703,0.6120511027903839,2.4108596200666703,2.4108596200666703,1.723383648053453,0.9269013738660653,1.2070737552100577,2.4108596200666703,2.2035137785703585,2.4108596200666703,2.4108596200666703,1.5998278963319537
Colombia,0.4970965956498494,2.035297084113479,0.7804753455399215,2.6951923810132032,0.5695073680531563,0.7562891891281666,0.7804753455399215,0.862015815458579,1.682224023188385,0.31097998379901237,1.300622889627438,1.9100516418654085,0.7804753455399215,0.7084096422882858,2.034853933844279,1.0,0.531036281859835,1.0431560798554431,0.7804753455399215,0.7804753455399215,0.7576473762948589,0.4802772338940171,0.5607998730889454,1.0953082316437426,0.7804753455399215,0.7804753455399215,1.3237969592782433,0.7804753455399215,1.0460217455716223,0.8599532279565427,0.5590563452847153,0.7804753455399215,0.44081641610603006,1.1424458149328287,0.7804753455399215,0.7804753455399215,0.5081673932513311,0.7071179424533669,0.8492808181586353,1.1735559872033638,0.6363862020488487,0.8105791340903572,0.8517278495458979,1.0760212577728816,0.7804753455399215,0.7244993706171164,1.099048208633784,1.5028158736712913,0.6247457141439816,1.7993176215500433,0.7804753455399215,0.7804753455399215,1.0712524582009508,1.2624318131721832,0.7804753455399215,0.7593743738853143,0.748400322074798,1.3970006836114295,0.7343550074693519,1.7362713527891658,0.907110549092978,0.7804753455399215,0.7804753455399215,0.7804753455399215,1.1553391729261582,0.42202436047726904,1.259430621139696,0.7559786704998541,1.052241918621483,0.7804753455399215,1.2105647848485075,0.7804753455399215,0.7804753455399215,0.5360219555333963,1.0762152613094134,0.6026109468363781,0.7804753455399215,0.8860342405974653,0.7804753455399215,0.7804753455399215,0.47093751573015097
Costa Rica,0.6764975537400766,1.4779478606081649,0.564295322950178,2.342593375900149,0.2608869540130373,0.43319217157390943,0.564295322950178,0.40738935984416724,1.1178343776214406,0.33990581988197377,0.7073505529731554,1.2525088856343467,0.564295322950178,0.4745350893341276,1.5021055201866824,0.531036281859835,1.0,0.7175050130230249,0.564295322950178,0.564295322950178,0.6163349274015298,0.4088834429847241,0.7890456195998771,0.3628064955234438,0.564295322950178,0.564295322950178,1.1821018764896816,0.564295322950178,0.5623647973544004,0.292863324816511,0.2925137165175359,0.564295322950178,0.2893324353490007,0.7197228333533648,0.564295322950178,0.564295322950178,0.8561300148404982,0.5267921912735563,0.7175630557568777,0.9159675038736246,0.3187488887371114,0.516949054719878,0.48091087020140544,0.49525442649106566,0.564295322950178,0.7214604678739958,1.2606015773767718,0.9522442746369615,0.23253144903327802,1.1252289323446627,0.564295322950178,0.564295322950178,0.8423419799142313,0.7148189167479244,0.564295322950178,0.44332237829145565,0.26957398786181097,0.9099985058628114,0.3019684419120663,1.2571515320218785,0.307322479896483,0.564295322950178,0.564295322950178,0.564295322950178,0.4313754831322513,0.431602783990516,0.8434433697694576,0.5119204097219859,1.1952684737931771,0.564295322950178,0.5978247390135873,0.564295322950178,0.564295322950178,0.281916008898322,0.5256150585700476,0.23950816365917893,0.564295322950178,0.35896579791390054,0.564295322950178,0.564295322950178,0.41221648973868685
Croatia,1.1960312039525292,1.3939512943895063,1.7582790176187637,1.7171878650016352,0.7722844769996008,1.646268281190379,1.7582790176187637,0.6957047279272223,0.8487172981692892,0.9255564139843206,0.7380649900109278,1.0764270203805681,1.7582790176187637,1.4092296929050858,1.1431930362379998,1.0431560798554431,0.7175050130230249,1.0,1.7582790176187637,1.7582790176187637,0.8236420031031104,1.2098985286925863,1.762234336037121,0.9687943397510352,1.7582790176187637,1.7582790176187637,1.2640905356410106,1.7582790176187637,0.5116115704947564,1.0668930744365133,0.7121467726656852,1.7582790176187637,1.0112438211530597,0.8076654661426126,1.7582790176187637,1.7582790176187637,1.6729332517313573,1.741306238131524,1.170521079452457,0.8626243245223848,0.890746656946453,1.7411713183227875,0.5440781301879718,0.9410712769550496,1.7582790176187637,1.943343735868564,2.0708027379379246,1.034386134719019,0.5582006243189386,1.029757938380765,1.7582790176187637,1.7582790176187637,1.5112147645287088,0.6557010956261965,1.7582790176187637,0.6754919910587851,0.5663073680187753,0.8320305334131312,1.0285550066689957,1.171658812114384,0.6267388103900471,1.7582790176187637,1.7582790176187637,1.7582790176187637,0.9468403411655483,0.9250926988775885,0.6466201015730358,1.057241078088315,1.8676128886308716,1.7582790176187637,0.744026054136457,1.7582790176187637,1.7582790176187637,0.9784638178004869,0.5389804736615489,0.7400092081943024,1.7582790176187637,1.567861296592106,1.7582790176187637,1.7582790176187637,1.1019584189904286
Czech Republic,1.26960287095877,2.1830045665674596,0.0,2.9544778576538233,0.28339159100236877,0.42850102808254587,0.0,1.2706932596480276,2.016305196756619,0.6295932034312712,1.335024832931094,2.1549360580611188,0.0,0.24597772293009762,2.4108596200666703,0.7804753455399215,0.564295322950178,1.7582790176187637,1.0,0.0,1.7539426879413933,0.3841978249401108,0.5292012903141313,0.7674022537323664,0.0,0.0,1.2479373818782094,0.0,1.359140308752921,0.32510368571697323,0.8762159661400247,0.0,0.6352638492688081,1.694941732401539,0.0,0.0,0.61686395219269,0.0762823782357174,0.6486747311937651,1.7927867357134701,0.6040196434700895,0.07273174047613284,0.8729400146893377,0.8482341103188445,0.0,0.40006253403205805,0.6383464148610898,1.5704528872212389,0.738806303136277,2.058365304137521,0.0,0.0,0.5346102381979658,1.575433739033546,0.0,0.5964172972480073,0.7353283307530926,1.7463916269323179,0.4638507891070362,2.096674248859048,0.7318655815332984,0.0,0.0,0.0,0.6403492119401282,0.4968100801871218,1.5310346033823288,0.8894006579184455,0.8012826933086183,0.0,1.2789180616173046,0.0,0.0,0.4777969129517905,1.2867625602418404,0.8672112500877465,0.0,0.259169962263555,0.0,0.0,0.9005779258775908
Denmark,1.26960287095877,2.1830045665674596,0.0,2.9544778576538233,0.28339159100236877,0.42850102808254587,0.0,1.2706932596480276,2.016305196756619,0.6295932034312712,1.335024832931094,2.1549360580611188,0.0,0.24597772293009762,2.4108596200666703,0.7804753455399215,0.564295322950178,1.7582790176187637,0.0,1.0,1.7539426879413933,0.3841978249401108,0.5292012903141313,0.7674022537323664,0.0,0.0,1.2479373818782094,0.0,1.359140308752921,0.32510368571697323,0.8762159661400247,0.0,0.6352638492688081,1.694941732401539,0.0,0.0,0.61686395219269,0.0762823782357174,0.6486747311937651,1.7927867357134701,0.6040196434700895,0.07273174047613284,0.8729400146893377,0.8482341103188445,0.0,0.40006253403205805,0.6383464148610898,1.5704528872212389,0.738806303136277,2.058365304137521,0.0,0.0,0.5346102381979658,1.575433739033546,0.0,0.5964172972480073,0.7353283307530926,1.7463916269323179,0.4638507891070362,2.096674248859048,0.7318655815332984,0.0,0.0,0.0,0.6403492119401282,0.4968100801871218,1.5310346033823288,0.8894006579184455,0.8012826933086183,0.0,1.2789180616173046,0.0,0.0,0.4777969129517905,1.2867625602418404,0.8672112500877465,0.0,0.259169962263555,0.0,0.0,0.9005779258775908
Ecuador,0.6773478175392951,1.0476230479219202,1.7539426879413933,1.7965346831096614,1.0741639523481248,1.1365414526832054,1.7539426879413933,0.43823734377900914,0.8966284261460616,0.8508479921384181,0.6573685490140212,0.9247638237959372,1.7539426879413933,1.5017510435309311,1.0005023973485858,0.7576473762948589,0.6163349274015298,0.8236420031031104,1.7539426879413933,1.7539426879413933,1.0,1.2967147086970767,1.8691937654388093,0.9230987481160317,1.7539426879413933,1.7539426879413933,1.2011712187033825,1.7539426879413933,0.6086569129852799,1.019227052137639,0.6587653346842427,1.7539426879413933,0.8573778518526418,0.4087935008171809,1.7539426879413933,1.7539426879413933,1.874219931677259,1.7531225878040881,1.2948807643615143,0.41094877465656793,0.8579488637332751,1.7534849005488977,0.8212522007434168,1.2456213305650001,1.7539426879413933,2.0232624858378796,2.4749536289392666,0.7115227046395296,0.8417881544903059,1.0461613616372882,1.7539426879413933,1.7539426879413933,2.0196549863309867,0.675583068790155,1.7539426879413933,0.8203807422826463,0.5470327628919179,0.5602607831912818,1.2568803100852801,0.6754736804827064,0.4854453515330731,1.7539426879413933,1.7539426879413933,1.7539426879413933,1.1284366059887498,1.1149053959541173,0.6649186819199366,1.0206306951458668,2.420352486345952,1.7539426879413933,0.41713380975651915,1.7539426879413933,1.7539426879413933,1.181807791403339,0.5880598339185061,0.6055583126575848,1.7539426879413933,1.2568445490821363,1.7539426879413933,1.7539426879413933,0.9365258096483826
"Egypt, Arab Rep.",0.9224192353431627,2.17970638822324,0.3841978249401108,3.054961681036937,0.33455335264251845,0.36492380400302926,0.3841978249401108,0.9171926598256772,1.8434881668671974,0.24644826887241017,1.2818217112979768,2.064973371777336,0.3841978249401108,0.23192538115524727,2.275159518828287,0.4802772338940171,0.4088834429847241,1.2098985286925863,0.3841978249401108,0.3841978249401108,1.2967147086970767,1.0,0.32738164484845933,0.4870019083681668,0.3841978249401108,0.3841978249401108,1.149719889813496,0.3841978249401108,1.087504991286604,0.35252945250254053,0.5573982951942086,0.3841978249401108,0.2937592187510548,1.365688211466186,0.3841978249401108,0.3841978249401108,0.3632851787382759,0.33604250873827685,0.617484196099211,1.5607965548105367,0.32667758675235903,0.3530015171313156,0.724394521101855,0.672369036873742,0.3841978249401108,0.4364841522941337,0.6811612421347185,1.5343714606723202,0.5084399837147205,1.8881447435792809,0.3841978249401108,0.3841978249401108,0.4891250385394542,1.3229491285243378,0.3841978249401108,0.4880173354521261,0.5703873536033597,1.6151148000506612,0.3178093845430685,1.933515485313795,0.5432407422269259,0.3841978249401108,0.3841978249401108,0.3841978249401108,0.540370059006686,0.33366029638943223,1.4000527640565381,0.6077037344853334,0.7632109796843263,0.3841978249401108,1.1434564601293107,0.3841978249401108,0.3841978249401108,0.2485150504265642,1.0533328016729837,0.5530283165408334,0.3841978249401108,0.41719513239662387,0.3841978249401108,0.3841978249401108,0.4204608867961956
El Salvador,1.0168372037365156,2.6885246749978458,0.5292012903141313,3.3396708091569227,0.6202385075360891,0.45580244069731457,0.5292012903141313,1.4558409124833775,2.2986984437610016,0.44237150221947674,1.7567581599838014,2.523151044011882,0.5292012903141313,0.43701229268257424,2.7077350511544154,0.5607998730889454,0.7890456195998771,1.762234336037121,0.5292012903141313,0.5292012903141313,1.8691937654388093,0.32738164484845933,1.0,0.9402856517390576,0.5292012903141313,0.5292012903141313,1.1375121957023824,0.5292012903141313,1.738486927799987,0.7566996398847582,1.0755484121762897,0.5292012903141313,0.5894405993319589,1.943789682663623,0.5292012903141313,0.5292012903141313,0.1859770820583378,0.42380312326289027,0.5994766255698758,2.19968841300465,0.8967947655421722,0.5250327494750775,1.0839611800505087,1.097882253709554,0.5292012903141313,0.28671471739153287,0.5435132115948783,2.23392004405451,1.0238434560260867,2.4252422532264273,0.5292012903141313,0.5292012903141313,0.6569220519248054,1.8559435799484012,0.5292012903141313,1.0853839286146443,1.1475877316881404,2.210283485047845,0.6397920796099321,2.4626184404030074,1.1318755012512285,0.5292012903141313,0.5292012903141313,0.5292012903141313,0.8851037158440809,0.5169313585795192,1.971921821788738,1.0399160511551264,0.6899049709588732,0.5292012903141313,1.790388177144081,0.5292012903141313,0.5292012903141313,0.658048921765616,1.5803041779794773,1.0618752159844667,0.5292012903141313,0.7464241950366199,0.5292012903141313,0.5292012903141313,1.0617299065128296
Estonia,1.165175479520567,1.6615384938686508,0.7674022537323664,2.7981826341096734,0.42909685035120365,0.6299895414604144,0.7674022537323664,0.6027882879913816,1.4186080270011205,0.6569489548717473,0.7657535410072399,1.5365134887235299,0.7674022537323664,0.48625232343346125,1.647005160155032,1.0953082316437426,0.3628064955234438,0.9687943397510352,0.7674022537323664,0.7674022537323664,0.9230987481160317,0.4870019083681668,0.9402856517390576,1.0,0.7674022537323664,0.7674022537323664,1.0595518776694182,0.7674022537323664,0.7991119435650479,0.2090848073391335,0.5211462582906764,0.7674022537323664,0.38294070610866915,0.781737413466614,0.7674022537323664,0.7674022537323664,0.9167514748739752,0.7640166028377906,0.5199664167076624,1.0186213435694071,0.23570532015790188,0.7532221355511375,0.5095922109068174,0.4513660007425762,0.7674022537323664,1.0475317763116596,1.2417359954418665,0.9603028556794417,0.48964941604484824,1.2727077275346914,0.7674022537323664,0.7674022537323664,0.7222624159719848,0.9858982566961313,0.7674022537323664,0.26822887856382094,0.30629870642894486,0.9501980064053165,0.20887739945275216,1.4454119258532345,0.2286027418173107,0.7674022537323664,0.7674022537323664,0.7674022537323664,0.15910841058215944,0.6133090243642147,1.0565600604045249,0.5886087275353078,0.9746774547008437,0.7674022537323664,0.6146172348909925,0.7674022537323664,0.7674022537323664,0.36573773864723214,0.5610246796392717,0.41930753053337316,0.7674022537323664,0.6225589673256389,0.7674022537323664,0.7674022537323664,0.5866648236343095
Finland,1.26960287095877,2.1830045665674596,0.0,2.9544778576538233,0.28339159100236877,0.42850102808254587,0.0,1.2706932596480276,2.016305196756619,0.6295932034312712,1.335024832931094,2.1549360580611188,0.0,0.24597772293009762,2.4108596200666703,0.7804753455399215,0.564295322950178,1.7582790176187637,0.0,0.0,1.7539426879413933,0.3841978249401108,0.5292012903141313,0.7674022537323664,1.0,0.0,1.2479373818782094,0.0,1.359140308752921,0.32510368571697323,0.8762159661400247,0.0,0.6352638492688081,1.694941732401539,0.0,0.0,0.61686395219269,0.0762823782357174,0.6486747311937651,1.7927867357134701,0.6040196434700895,0.07273174047613284,0.8729400146893377,0.8482341103188445,0.0,0.40006253403205805,0.6383464148610898,1.5704528872212389,0.738806303136277,2.058365304137521,0.0,0.0,0.5346102381979658,1.575433739033546,0.0,0.5964172972480073,0.7353283307530926,1.7463916269323179,0.4638507891070362,2.096674248859048,0.7318655815332984,0.0,0.0,0.0,0.6403492119401282,0.4968100801871218,1.5310346033823288,0.8894006579184455,0.8012826933086183,0.0,1.2789180616173046,0.0,0.0,0.4777969129517905,1.2867625602418404,0.8672112500877465,0.0,0.259169962263555,0.0,0.0,0.9005779258775908
France,1.26960287095877,2.1830045665674596,0.0,2.9544778576538233,0.28339159100236877,0.42850102808254587,0.0,1.2706932596480276,2.016305196756619,0.6295932034312712,1.335024832931094,2.1549360580611188,0.0,0.24597772293009762,2.4108596200666703,0.7804753455399215,0.564295322950178,1.7582790176187637,0.0,0.0,1.7539426879413933,0.3841978249401108,0.5292012903141313,0.7674022537323664,0.0,1.0,1.2479373818782094,0.0,1.359140308752921,0.32510368571697323,0.8762159661400247,0.0,0.6352638492688081,1.694941732401539,0.0,0.0,0.61686395219269,0.0762823782357174,0.6486747311937651,1.7927867357134701,0.6040196434700895,0.07273174047613284,0.8729400146893377,0.8482341103188445,0.0,0.40006253403205805,0.6383464148610898,1.5704528872212389,0.738806303136277,2.058365304137521,0.0,0.0,0.5346102381979658,1.575433739033546,0.0,0.5964172972480073,0.7353283307530926,1.7463916269323179,0.4638507891070362,2.096674248859048,0.7318655815332984,0.0,0.0,0.0,0.6403492119401282,0.4968100801871218,1.5310346033823288,0.8894006579184455,0.8012826933086183,0.0,1.2789180616173046,0.0,0.0,0.4777969129517905,1.2867625602418404,0.8672112500877465,0.0,0.259169962263555,0.0,0.0,0.9005779258775908
Georgia,1.3627588089708516,2.3902280587524847,1.2479373818782094,3.1190329324938086,1.1721966453699808,1.3968037491548322,1.2479373818782094,1.335637703983363,2.163710337748741,1.3435117402896666,1.7120357176212448,2.156569119397275,1.2479373818782094,1.2928161845286663,2.254953636787722,1.3237969592782433,1.1821018764896816,1.2640905356410106,1.2479373818782094,1.2479373818782094,1.2011712187033825,1.149719889813496,1.1375121957023824,1.0595518776694182,1.2479373818782094,1.2479373818782094,1.0,1.2479373818782094,1.152477045089725,1.2157580388616174,1.1756221803919362,1.2479373818782094,1.206659005731341,1.7033914388156095,1.2479373818782094,1.2479373818782094,1.0983860401877406,1.2545968455069962,0.7243909481073516,1.5992553936018035,0.9333589291804198,1.2536397204024825,1.1419183190604472,1.267011339136635,1.2479373818782094,1.150214348951015,0.7627936663164738,2.1431158914678683,1.1739222073205677,2.3435290467716046,1.2479373818782094,1.2479373818782094,0.6417727419136003,1.5076448327470777,1.2479373818782094,0.8602082013703152,1.0536832188467382,1.741829200614117,1.1434898574518353,1.7295237892694546,1.1728734736111117,1.2479373818782094,1.2479373818782094,1.2479373818782094,1.1234448380148647,1.2585100400911582,1.5816249736018084,0.8927405174040726,0.7813880611114847,1.2479373818782094,1.5819054513730983,1.2479373818782094,1.2479373818782094,1.2648526213126288,1.1653034201888761,1.1581696278447584,1.2479373818782094,1.2186985453104724,1.2479373818782094,1.2479373818782094,1.0781615572393783
