Country Name,Albania,Angola,Australia,Azerbaijan,Bangladesh,Belarus,Belgium,Bolivia,Brazil,Bulgaria,Cambodia,Cameroon,Canada,Chile,China,Colombia,Costa Rica,Croatia,Czech Republic,Denmark,Ecuador,"Egypt, Arab Rep.",El Salvador,Estonia,Finland,France,Georgia,Germany,Ghana,Guatemala,Honduras,Hungary,India,Indonesia,Israel,Italy,Jamaica,Japan,Jordan,Kazakhstan,Kenya,"Korea, Rep.",Kyrgyz Republic,Latvia,Lithuania,Malaysia,Mexico,Mongolia,Morocco,Nepal,Netherlands,New Zealand,Nigeria,North Macedonia,Norway,Oman,Pakistan,Panama,Paraguay,Peru,Philippines,Poland,Portugal,Romania,Russian Federation,Saudi Arabia,Senegal,Slovak Republic,South Africa,Spain,Sri Lanka,Sweden,Switzerland,Tanzania,Thailand,Tunisia,Turkey,Ukraine,United Kingdom,United States,Uruguay
Albania,1.0,0.13527482396100401,0.12411019900186769,0.2919769365112739,0.14903783685855493,0.1335361525776208,0.12411019900186769,0.11515393466459464,0.18190965763089204,0.11280611957762948,0.15962708675953333,0.15147840434048024,0.12411019900186769,0.1431541155254277,0.15568292980378598,0.1501871583608498,0.12971904288861133,0.26052446639722954,0.12411019900186769,0.12411019900186769,0.1003520199498292,0.1103283535980695,0.12518202949398805,0.15500256019380354,0.12411019900186769,0.12411019900186769,0.2032864438270409,0.12411019900186769,0.14315801211778165,0.13820703467400577,0.09652186718895514,0.12411019900186769,0.0996466102906035,0.10339176033997383,0.12411019900186769,0.12411019900186769,0.15012550838473174,0.1282863790202263,0.21680418240085592,0.10152782928281306,0.138522754357112,0.12224915239411299,0.18256223778243127,0.2085577803271268,0.12411019900186769,0.09883084563977755,0.1406531887196572,0.1297030763217254,0.14358825123489413,0.15428152211018686,0.12411019900186769,0.12411019900186769,0.15848983800529032,0.19356983434899308,0.12411019900186769,0.14192875262754487,0.14692569978524833,0.14033763291760343,0.13456532595476758,0.13069291667927266,0.1474367414376898,0.12411019900186769,0.12411019900186769,0.12411019900186769,0.1816379882991501,0.1601454273087534,0.16536099961862527,0.121136840987033,0.1410849506916998,0.12411019900186769,0.13621613545667607,0.12411019900186769,0.12411019900186769,0.12391287325212581,0.1631352344974259,0.11506660562297398,0.12411019900186769,0.14667457915621196,0.12411019900186769,0.12411019900186769,0.11460923967228823
Angola,0.13527482396100401,1.0,0.09894558520008433,0.178176995011768,0.1162799656714493,0.1380655968388946,0.09894558520008433,0.07043042178336893,0.06741430445144615,0.11752140952923883,0.07743199776662066,0.04410761079327238,0.09894558520008433,0.10611127552231693,0.07353442741133928,0.14637616583659616,0.1164674264850393,0.15888243810536273,0.09894558520008433,0.09894558520008433,0.06943672820338088,0.10583415670533497,0.13299620135261103,0.09333434365958714,0.09894558520008433,0.09894558520008433,0.15047619024846767,0.09894558520008433,0.07577674925991712,0.08776441114906863,0.06478865785940192,0.09894558520008433,0.10567390489043553,0.05853916947465617,0.09894558520008433,0.09894558520008433,0.12563174906261962,0.10346419847335073,0.13476393155440536,0.10302102744488094,0.09672407163493305,0.10049139144417137,0.0903867895436115,0.11819679729624917,0.09894558520008433,0.11880300611628397,0.1407011998567733,0.08942774939274636,0.0915112873624741,0.06191377347223945,0.09894558520008433,0.09894558520008433,0.11815683999257512,0.1296021090961492,0.09894558520008433,0.08392273504712991,0.09721890290274599,0.08652121905613294,0.07828771170300536,0.09045087988317294,0.10382835962829837,0.09894558520008433,0.09894558520008433,0.09894558520008433,0.09832144837804578,0.12399077589222968,0.10074087369868599,0.11300748720628753,0.11006647809593632,0.09894558520008433,0.08648879085699133,0.09894558520008433,0.09894558520008433,0.09062244315889859,0.07920818530684588,0.08170897784579553,0.09894558520008433,0.09826761229585541,0.09894558520008433,0.09894558520008433,0.10856232931922129
Australia,0.12411019900186769,0.09894558520008433,1.0,0.20183209340453373,0.045074161157566614,0.08976437566975962,0.0,0.060093530303185184,0.10420645506884087,0.0673476870958408,0.06969713195331491,0.093682620306057,0.0,0.03894659021625836,0.10584280245718809,0.08967713512621275,0.06825236327899349,0.16846884024550657,0.0,0.0,0.10642100247453887,0.04921171090931897,0.048276072643896606,0.05051981977509717,0.0,0.0,0.12599664829600604,0.0,0.07629770748715058,0.04182144024692981,0.05805091882854258,0.0,0.052809036839926424,0.07091480917168276,0.0,0.0,0.049135486472870575,0.022332781224177672,0.10383851918823898,0.09571542737127045,0.06173394162475949,0.012894909192112605,0.09167183133587609,0.11025736337042331,0.0,0.06819072114804059,0.07615198037932915,0.07679961936468253,0.04313695143727252,0.08512768375315381,0.0,0.0,0.050809126322437996,0.11311717113267515,0.0,0.05820535131630157,0.04850840849737484,0.09585983482578367,0.048842144228651345,0.10096107431377213,0.053114976657057555,0.0,0.0,0.0,0.0757940614848397,0.07011624051294944,0.08534070439986889,0.10453745896777461,0.04783072701432464,0.0,0.058135139621188645,0.0,0.0,0.030815635104381553,0.06841083571440666,0.04042985551445646,0.0,0.04485613040162567,0.0,0.0,0.0691535095421806
Azerbaijan,0.2919769365112739,0.178176995011768,0.20183209340453373,1.0,0.19113865340086478,0.22629988040119264,0.20183209340453373,0.197463007873004,0.13140576283815592,0.2365464116523122,0.1525421805998258,0.14683173393009838,0.20183209340453373,0.19468634441170146,0.15402457075305298,0.2451996629230825,0.2004821027409714,0.10422289260939518,0.20183209340453373,0.20183209340453373,0.2388309139522507,0.2251597384630503,0.22888343525456298,0.16339137077537472,0.20183209340453373,0.20183209340453373,0.16561035781273975,0.20183209340453373,0.16558848272263121,0.1789728088572481,0.20907814328095103,0.20183209340453373,0.2205437352261736,0.21244440761667532,0.20183209340453373,0.20183209340453373,0.20916139534749278,0.20306389892165325,0.16033435194783713,0.22455224444849173,0.1935255332462569,0.2036460088115048,0.1525241548637491,0.13321193554486763,0.20183209340453373,0.23965620910726929,0.23618546162461995,0.2014868664191769,0.18904068978339897,0.15699384941092667,0.20183209340453373,0.20183209340453373,0.18263175480838084,0.16252335263590106,0.20183209340453373,0.17679236811832166,0.1808437621442538,0.18264043761477966,0.1930973324412719,0.19509180960371447,0.17481340618936514,0.20183209340453373,0.20183209340453373,0.20183209340453373,0.14466500752004008,0.20895360126233867,0.15687529215255908,0.21798062765955464,0.19560931957722355,0.20183209340453373,0.1858428432245487,0.20183209340453373,0.20183209340453373,0.19760838173459758,0.14804539725274465,0.2024627137222383,0.20183209340453373,0.18074082863654858,0.20183209340453373,0.20183209340453373,0.21577976376459307
Bangladesh,0.14903783685855493,0.1162799656714493,0.045074161157566614,0.19113865340086478,1.0,0.10210663528749458,0.045074161157566614,0.0774488538769368,0.10601205992302729,0.07734029039684656,0.06082912884864252,0.10240172978307152,0.045074161157566614,0.05313893992621786,0.11325978887679632,0.09977288295954723,0.0730529526946604,0.15936042996864375,0.045074161157566614,0.045074161157566614,0.13760232296163744,0.07570417730477895,0.05118877787559361,0.05937798801152205,0.045074161157566614,0.045074161157566614,0.12831449416851226,0.045074161157566614,0.08069268787004018,0.05231091527569775,0.0844723148740858,0.045074161157566614,0.0724893087463069,0.09054008419417554,0.045074161157566614,0.045074161157566614,0.03846545342576622,0.04854058426502647,0.1051577947258949,0.10768354744254818,0.07830875105469108,0.048705420371885466,0.09083498697460647,0.10510110859597066,0.045074161157566614,0.08907275274655467,0.0979612418833952,0.075474368483828,0.051295037468843646,0.08722720764236712,0.045074161157566614,0.045074161157566614,0.07203858341022994,0.10523904189489103,0.045074161157566614,0.06865947177185891,0.0538947845549421,0.0987207232109467,0.07042237316298283,0.11571681399233559,0.041489418835158665,0.045074161157566614,0.045074161157566614,0.045074161157566614,0.07503306623254856,0.07828964717905613,0.07862073714186242,0.11900073578899321,0.07362367340937366,0.045074161157566614,0.06096477520964791,0.045074161157566614,0.045074161157566614,0.05349691849843381,0.07473749026420479,0.059713432798272056,0.045074161157566614,0.053858463952091325,0.045074161157566614,0.045074161157566614,0.08001790728016335
Belarus,0.1335361525776208,0.1380655968388946,0.08976437566975962,0.22629988040119264,0.10210663528749458,1.0,0.08976437566975962,0.09907450913231942,0.15798145093719332,0.10215030093954411,0.11778117881327607,0.12879677707773807,0.08976437566975962,0.09525633924564834,0.1341502524922212,0.12655983656177885,0.07940351282356976,0.20570559118092696,0.08976437566975962,0.08976437566975962,0.13420107563959946,0.0864557988365328,0.09895365019453845,0.0893202557851675,0.08976437566975962,0.08976437566975962,0.17573223577197303,0.08976437566975962,0.11815826955078307,0.10864862737423966,0.10606833340696813,0.08976437566975962,0.08464663799623202,0.1170051812889156,0.08976437566975962,0.08976437566975962,0.10855190055786942,0.09250079057277681,0.15746536549422085,0.11516562737413848,0.07731140449107601,0.08135572084073216,0.15303139416233147,0.16936804973020916,0.08976437566975962,0.11047286481339583,0.09314202616576049,0.11103705376026599,0.10933847105632724,0.1333011547227723,0.08976437566975962,0.08976437566975962,0.09193682190324699,0.16210428611354016,0.08976437566975962,0.10658245443869004,0.09231987672825477,0.1384044405394777,0.1200295037936769,0.10295295322582936,0.10159007594847291,0.08976437566975962,0.08976437566975962,0.08976437566975962,0.14229033860130116,0.10470389646285067,0.1221190683217377,0.13371258224653096,0.10635454399059169,0.08976437566975962,0.09926895683167859,0.08976437566975962,0.08976437566975962,0.08251211479436392,0.10607809487538924,0.09020006307085496,0.08976437566975962,0.10793068128230934,0.08976437566975962,0.08976437566975962,0.11212759725673728
Belgium,0.12411019900186769,0.09894558520008433,0.0,0.20183209340453373,0.045074161157566614,0.08976437566975962,1.0,0.060093530303185184,0.10420645506884087,0.0673476870958408,0.06969713195331491,0.093682620306057,0.0,0.03894659021625836,0.10584280245718809,0.08967713512621275,0.06825236327899349,0.16846884024550657,0.0,0.0,0.10642100247453887,0.04921171090931897,0.048276072643896606,0.05051981977509717,0.0,0.0,0.12599664829600604,0.0,0.07629770748715058,0.04182144024692981,0.05805091882854258,0.0,0.052809036839926424,0.07091480917168276,0.0,0.0,0.049135486472870575,0.022332781224177672,0.10383851918823898,0.09571542737127045,0.06173394162475949,0.012894909192112605,0.09167183133587609,0.11025736337042331,0.0,0.06819072114804059,0.07615198037932915,0.07679961936468253,0.04313695143727252,0.08512768375315381,0.0,0.0,0.050809126322437996,0.11311717113267515,0.0,0.05820535131630157,0.04850840849737484,0.09585983482578367,0.048842144228651345,0.10096107431377213,0.053114976657057555,0.0,0.0,0.0,0.0757940614848397,0.07011624051294944,0.08534070439986889,0.10453745896777461,0.04783072701432464,0.0,0.058135139621188645,0.0,0.0,0.030815635104381553,0.06841083571440666,0.04042985551445646,0.0,0.04485613040162567,0.0,0.0,0.0691535095421806
Bolivia,0.11515393466459464,0.07043042178336893,0.060093530303185184,0.197463007873004,0.0774488538769368,0.09907450913231942,0.060093530303185184,1.0,0.09819642950661107,0.08674686650532552,0.06435685146235699,0.07396455491551898,0.060093530303185184,0.06025828154166297,0.09903814523045179,0.10424209050247306,0.06992224894660777,0.17074630399412277,0.060093530303185184,0.060093530303185184,0.08597231928743697,0.05983693000067428,0.08179676398225237,0.0750927526233442,0.060093530303185184,0.060093530303185184,0.15333371136619983,0.060093530303185184,0.08404050534496682,0.05653911183606867,0.035737339904905886,0.060093530303185184,0.061781726212596436,0.046679171540247325,0.060093530303185184,0.060093530303185184,0.08173706673104411,0.06135535669168704,0.1254023082085326,0.08347080879056568,0.07557055622744832,0.06161742792937618,0.1061881591018684,0.12063259626259916,0.060093530303185184,0.08639205355414346,0.10384551937628085,0.06546222489097496,0.060066576918017436,0.07455818133711284,0.060093530303185184,0.060093530303185184,0.08800508291869572,0.1303559963027963,0.060093530303185184,0.07193797185425413,0.06513196121632545,0.07625931943596019,0.05712060501548543,0.09184335236353044,0.07499696364054773,0.060093530303185184,0.060093530303185184,0.060093530303185184,0.09397084811263096,0.07484272312198378,0.09287085743691213,0.11334529063821228,0.09028530217654246,0.060093530303185184,0.05835919929321392,0.060093530303185184,0.060093530303185184,0.04706784297444465,0.06482344483643941,0.05099491747694411,0.060093530303185184,0.06840281682828261,0.060093530303185184,0.060093530303185184,0.0866862853000858
Brazil,0.18190965763089204,0.06741430445144615,0.10420645506884087,0.13140576283815592,0.10601205992302729,0.15798145093719332,0.10420645506884087,0.09819642950661107,1.0,0.1315580394403521,0.06016527125346522,0.048827207409941245,0.10420645506884087,0.10562049818179993,0.07209787274032271,0.14825609979229987,0.12831288462997137,0.1107805843071483,0.10420645506884087,0.10420645506884087,0.12717723321036112,0.12626714278812723,0.1366818320824191,0.08404084284019446,0.10420645506884087,0.10420645506884087,0.12219683619696552,0.10420645506884087,0.07198126906642159,0.08696332049422283,0.10001258425340581,0.10420645506884087,0.12439846121956658,0.09452024994882609,0.10420645506884087,0.10420645506884087,0.12338606218204808,0.10723787731668914,0.10306889394164297,0.1275123545310778,0.11161201218450247,0.10866260001275428,0.05905803359454782,0.07202707405377391,0.10420645506884087,0.14150998563508993,0.15517926583113278,0.09910949149360095,0.08506928603365915,0.04405356333208791,0.10420645506884087,0.10420645506884087,0.1118650546589459,0.10004608529185748,0.10420645506884087,0.08226765467699652,0.0944612849957556,0.0890642345131649,0.08412697022143721,0.11500065434656802,0.09271988889684019,0.10420645506884087,0.10420645506884087,0.10420645506884087,0.059674274963412356,0.12823228565338823,0.07885517895223795,0.13234165660273095,0.11124964929126037,0.10420645506884087,0.08491434810171547,0.10420645506884087,0.10420645506884087,0.10308868310253985,0.06989865306125631,0.09380822204586577,0.10420645506884087,0.08929156504043657,0.10420645506884087,0.10420645506884087,0.11417626422241468
Bulgaria,0.11280611957762948,0.11752140952923883,0.0673476870958408,0.2365464116523122,0.07734029039684656,0.10215030093954411,0.0673476870958408,0.08674686650532552,0.1315580394403521,1.0,0.09329086157343351,0.1185346578549034,0.0673476870958408,0.07360993537447923,0.1247418786588722,0.08416448834665406,0.09716036984894796,0.1999658139671981,0.0673476870958408,0.0673476870958408,0.1180771780855692,0.06906051888844937,0.06662215172868731,0.0964882661793162,0.0673476870958408,0.0673476870958408,0.1631657360178129,0.0673476870958408,0.09459578715592246,0.09222624088816146,0.0821119890904225,0.0673476870958408,0.06657852577539494,0.07903145968578622,0.0673476870958408,0.0673476870958408,0.08354441077061436,0.07237219178427995,0.14422241513094408,0.08890609640492582,0.08989805543290645,0.06707236891522857,0.12951763621604945,0.14669754160883838,0.0673476870958408,0.09584198144784525,0.086236064116052,0.07866375574674238,0.06934969549044076,0.10913054141317272,0.0673476870958408,0.0673476870958408,0.1053135052819275,0.1345617300655987,0.0673476870958408,0.08685482965983062,0.08608040656770949,0.10801158065716623,0.0833693736650789,0.11020878857371355,0.08442225367510531,0.0673476870958408,0.0673476870958408,0.0673476870958408,0.11867112991046319,0.09332289090871011,0.10571497356822933,0.11428536778593869,0.0981677516452351,0.0673476870958408,0.07283527081314814,0.0673476870958408,0.0673476870958408,0.07185615686228206,0.10512758797887994,0.059123724205320916,0.0673476870958408,0.08687835168657455,0.0673476870958408,0.0673476870958408,0.07702783322418087
Cambodia,0.15962708675953333,0.07743199776662066,0.06969713195331491,0.1525421805998258,0.06082912884864252,0.11778117881327607,0.06969713195331491,0.06435685146235699,0.06016527125346522,0.09329086157343351,1.0,0.057539879152362076,0.06969713195331491,0.06648431208643318,0.07823325668835958,0.11366988753235807,0.08822034033720343,0.1281617773046268,0.06969713195331491,0.06969713195331491,0.12314053291166675,0.08901629525723304,0.09413810256537461,0.05913260551770796,0.06969713195331491,0.06969713195331491,0.1308475421775619,0.06969713195331491,0.059083143236776166,0.055050071851153085,0.07832820593242318,0.06969713195331491,0.08748988304960169,0.07472470482177775,0.06969713195331491,0.06969713195331491,0.08171460525633033,0.07318772656480574,0.09456259423872199,0.10093164869127766,0.08021333212997715,0.07260733930711766,0.07465215831442104,0.08226758785421058,0.06969713195331491,0.11563882286207536,0.11965090663429108,0.061398242937200205,0.04903905907623557,0.04825786250492956,0.06969713195331491,0.06969713195331491,0.08644005362595016,0.09135736921901223,0.06969713195331491,0.06362693984921719,0.058086503877930046,0.07374310329173187,0.06368962755169168,0.09752047431481478,0.05357605439493638,0.06969713195331491,0.06969713195331491,0.06969713195331491,0.05866055109575602,0.08603432890468357,0.05983285371333213,0.12302353046524299,0.09426266477502249,0.06969713195331491,0.04641967562711014,0.06969713195331491,0.06969713195331491,0.06242851353068064,0.041592271167376266,0.061516111326796144,0.06969713195331491,0.060151722906902065,0.06969713195331491,0.06969713195331491,0.0911602105331733
Cameroon,0.15147840434048024,0.04410761079327238,0.093682620306057,0.14683173393009838,0.10240172978307152,0.12879677707773807,0.093682620306057,0.07396455491551898,0.048827207409941245,0.1185346578549034,0.057539879152362076,1.0,0.093682620306057,0.09948204935819549,0.043450256804960265,0.1440808989456019,0.10493443719672241,0.1349732077092489,0.093682620306057,0.093682620306057,0.10318042707863533,0.10404974794451949,0.12804689750090886,0.07709502652407131,0.093682620306057,0.093682620306057,0.13096177687668617,0.093682620306057,0.05534426873040045,0.07804042894397589,0.07713210464355556,0.093682620306057,0.0987056494613082,0.07730393320316015,0.093682620306057,0.093682620306057,0.12119224658445445,0.09761886691225458,0.1209279703254653,0.09432299522848064,0.08931527486233572,0.09540249308601796,0.08540248588201578,0.09888498805106108,0.093682620306057,0.12744483111360205,0.13742152794792323,0.08155354982722553,0.08644807816316603,0.045221196441417,0.093682620306057,0.093682620306057,0.1016923437543753,0.10734661913048761,0.093682620306057,0.07699903039445206,0.08391443968158027,0.06843849020239784,0.08151198356713324,0.07829538549134632,0.08490422634143452,0.093682620306057,0.093682620306057,0.093682620306057,0.08090690465651222,0.12057745560418712,0.07047858030228106,0.11554022034331064,0.10325973973654105,0.093682620306057,0.07216484916671265,0.093682620306057,0.093682620306057,0.08700940722190996,0.059631346140663,0.07822405308343462,0.093682620306057,0.08572336612591822,0.093682620306057,0.093682620306057,0.0951863177190759
Canada,0.12411019900186769,0.09894558520008433,0.0,0.20183209340453373,0.045074161157566614,0.08976437566975962,0.0,0.060093530303185184,0.10420645506884087,0.0673476870958408,0.06969713195331491,0.093682620306057,1.0,0.03894659021625836,0.10584280245718809,0.08967713512621275,0.06825236327899349,0.16846884024550657,0.0,0.0,0.10642100247453887,0.04921171090931897,0.048276072643896606,0.05051981977509717,0.0,0.0,0.12599664829600604,0.0,0.07629770748715058,0.04182144024692981,0.05805091882854258,0.0,0.052809036839926424,0.07091480917168276,0.0,0.0,0.049135486472870575,0.022332781224177672,0.10383851918823898,0.09571542737127045,0.06173394162475949,0.012894909192112605,0.09167183133587609,0.11025736337042331,0.0,0.06819072114804059,0.07615198037932915,0.07679961936468253,0.04313695143727252,0.08512768375315381,0.0,0.0,0.050809126322437996,0.11311717113267515,0.0,0.05820535131630157,0.04850840849737484,0.09585983482578367,0.048842144228651345,0.10096107431377213,0.053114976657057555,0.0,0.0,0.0,0.0757940614848397,0.07011624051294944,0.08534070439986889,0.10453745896777461,0.04783072701432464,0.0,0.058135139621188645,0.0,0.0,0.030815635104381553,0.06841083571440666,0.04042985551445646,0.0,0.04485613040162567,0.0,0.0,0.0691535095421806
Chile,0.1431541155254277,0.10611127552231693,0.03894659021625836,0.19468634441170146,0.05313893992621786,0.09525633924564834,0.03894659021625836,0.06025828154166297,0.10562049818179993,0.07360993537447923,0.06648431208643318,0.09948204935819549,0.03894659021625836,1.0,0.12079582007221443,0.07918494953139434,0.07655936798228247,0.1585946051707496,0.03894659021625836,0.03894659021625836,0.1214693487167515,0.06324013277668532,0.05465416602820649,0.05796902406974949,0.03894659021625836,0.03894659021625836,0.1318787028723766,0.03894659021625836,0.09275137773581472,0.05474378388984756,0.06990526493985408,0.03894659021625836,0.0713874850281329,0.0778337420669533,0.03894659021625836,0.03894659021625836,0.052517400764133956,0.03517996653329893,0.10013731894321982,0.10867433363329199,0.07623065491103972,0.04257682873947294,0.09843341909770886,0.10457626700883556,0.03894659021625836,0.08535252817496458,0.07694637667964399,0.08678605926617611,0.03678138028281959,0.09059737007851204,0.03894659021625836,0.03894659021625836,0.0643180256482383,0.12398607081864456,0.03894659021625836,0.05572226722772483,0.05898203640021212,0.09809305930559753,0.05134611627399964,0.11303996953207292,0.0648284940264993,0.03894659021625836,0.03894659021625836,0.03894659021625836,0.07486778480481909,0.05582374742079231,0.09608158810348495,0.1208969320722046,0.06771170290909592,0.03894659021625836,0.06463127251473685,0.03894659021625836,0.03894659021625836,0.04096526469785251,0.06299846711354401,0.05533186915457577,0.03894659021625836,0.04746668078720365,0.03894659021625836,0.03894659021625836,0.09018956805881327
China,0.15568292980378598,0.07353442741133928,0.10584280245718809,0.15402457075305298,0.11325978887679632,0.1341502524922212,0.10584280245718809,0.09903814523045179,0.07209787274032271,0.1247418786588722,0.07823325668835958,0.043450256804960265,0.10584280245718809,0.12079582007221443,1.0,0.15947297473727898,0.11048618603610813,0.15416846335308357,0.10584280245718809,0.10584280245718809,0.11858593807344923,0.11496067450682612,0.14019031198995277,0.08901615809050423,0.10584280245718809,0.10584280245718809,0.1375746250288057,0.10584280245718809,0.052535485168153685,0.09627922835876429,0.09837554340601902,0.10584280245718809,0.10078893394565465,0.10112048379099658,0.10584280245718809,0.10584280245718809,0.13686894332001623,0.11310415178347674,0.13724579644744098,0.0923253406468235,0.09612427630438454,0.1055970640354429,0.10541279659096456,0.12053789189502198,0.10584280245718809,0.14107395649457738,0.14783335490729074,0.08843487827489997,0.10674802460707075,0.06649266272778338,0.10584280245718809,0.10584280245718809,0.10734080525330454,0.09595767909916546,0.10584280245718809,0.10042880386710094,0.09141561110335998,0.08651232270829985,0.1060600140318517,0.07293701664005181,0.08810019511588908,0.10584280245718809,0.10584280245718809,0.10584280245718809,0.10121075108237677,0.13977376110683654,0.06040258778178822,0.11694551101747454,0.11347976415593242,0.10584280245718809,0.0818886428027291,0.10584280245718809,0.10584280245718809,0.10278133129480141,0.08037399600130787,0.09029061363359836,0.10584280245718809,0.10520239449184861,0.10584280245718809,0.10584280245718809,0.09304430521062455
Colombia,0.1501871583608498,0.14637616583659616,0.08967713512621275,0.2451996629230825,0.09977288295954723,0.12655983656177885,0.08967713512621275,0.10424209050247306,0.14825609979229987,0.08416448834665406,0.11366988753235807,0.1440808989456019,0.08967713512621275,0.07918494953139434,0.15947297473727898,1.0,0.12811043580475875,0.20916897133365742,0.08967713512621275,0.08967713512621275,0.14734584427900063,0.07948208867189793,0.08784075314979897,0.11604046313700475,0.08967713512621275,0.08967713512621275,0.18572352646509752,0.08967713512621275,0.14164000125365805,0.11520596702361868,0.1158724404048269,0.08967713512621275,0.09447971725234858,0.10132897243386556,0.08967713512621275,0.08967713512621275,0.10677540061775587,0.08319998639481493,0.14233209450204917,0.11836533612062257,0.10972497909475809,0.09106842892894879,0.14936587767829831,0.15642832821278302,0.08967713512621275,0.1254225294136147,0.09057492817045189,0.10103884185164455,0.07580105379432903,0.12419988824411769,0.08967713512621275,0.08967713512621275,0.11394141836581938,0.15676605725444473,0.08967713512621275,0.10323153342630571,0.09972706930064307,0.12640531111212364,0.10157491357526013,0.13275168005715818,0.11650926362232461,0.08967713512621275,0.08967713512621275,0.08967713512621275,0.13102666428679888,0.07730621590831041,0.13555306372486967,0.17315538809252168,0.1271754807984697,0.08967713512621275,0.0901724631895519,0.08967713512621275,0.08967713512621275,0.0867493435239474,0.1134555637293449,0.08467197518953444,0.08967713512621275,0.10436596878550315,0.08967713512621275,0.08967713512621275,0.10909737697017081
Costa Rica,0.12971904288861133,0.1164674264850393,0.06825236327899349,0.2004821027409714,0.0730529526946604,0.07940351282356976,0.06825236327899349,0.06992224894660777,0.12831288462997137,0.09716036984894796,0.08822034033720343,0.10493443719672241,0.06825236327899349,0.07655936798228247,0.11048618603610813,0.12811043580475875,1.0,0.18892331284902342,0.06825236327899349,0.06825236327899349,0.12806003306422079,0.08553149255528805,0.07746534558144046,0.07013719917254303,0.06825236327899349,0.06825236327899349,0.15070382362362397,0.06825236327899349,0.09463629036899719,0.0737110571555626,0.07924712451679966,0.06825236327899349,0.060652842633407145,0.09692718000360398,0.06825236327899349,0.06825236327899349,0.08392447079113101,0.07251037649716136,0.14517314895466724,0.10278588453911379,0.08409954069902555,0.06260223708625094,0.12531791094535916,0.1432912219749179,0.06825236327899349,0.08611078131602988,0.11065238301595752,0.09086593156154502,0.08857144010134761,0.102750128660692,0.06825236327899349,0.06825236327899349,0.07757628380294458,0.11900824706674731,0.06825236327899349,0.09422755959979506,0.06258133454270931,0.1144708458987735,0.09908461206148578,0.10053790431209475,0.05649990210999705,0.06825236327899349,0.06825236327899349,0.06825236327899349,0.1126872564423979,0.09317562211803158,0.0875739050513933,0.09818373746732291,0.08828272844443145,0.06825236327899349,0.07885908206557231,0.06825236327899349,0.06825236327899349,0.06021945638435371,0.08226244037218236,0.07619182182714404,0.06825236327899349,0.09030792358714365,0.06825236327899349,0.06825236327899349,0.0958607821269146
Croatia,0.26052446639722954,0.15888243810536273,0.16846884024550657,0.10422289260939518,0.15936042996864375,0.20570559118092696,0.16846884024550657,0.17074630399412277,0.1107805843071483,0.1999658139671981,0.1281617773046268,0.1349732077092489,0.16846884024550657,0.1585946051707496,0.15416846335308357,0.20916897133365742,0.18892331284902342,1.0,0.16846884024550657,0.16846884024550657,0.21470595884912833,0.19430260724666049,0.18615462392745388,0.1455226490557737,0.16846884024550657,0.16846884024550657,0.1285047540489483,0.16846884024550657,0.1393775601054409,0.14176681638777192,0.1747181376190494,0.16846884024550657,0.20027769073510804,0.18152928945861196,0.16846884024550657,0.16846884024550657,0.1675137273455273,0.16994264694558867,0.11614361998645373,0.20610827489565722,0.18071458355795117,0.17463002016203455,0.11808376902908718,0.06755625121103223,0.16846884024550657,0.2047112721838246,0.20945857193494485,0.17897542505667427,0.15184036085041924,0.1392578000361306,0.16846884024550657,0.16846884024550657,0.16353997906830484,0.16685567079237837,0.16846884024550657,0.14496739464434563,0.1688067631025328,0.14812043468536507,0.1464064317605112,0.2000637098508957,0.15663561060310302,0.16846884024550657,0.16846884024550657,0.16846884024550657,0.10012718258471176,0.18472709070505264,0.14881734136142924,0.1942968433666372,0.16096142676823624,0.16846884024550657,0.16096339882658608,0.16846884024550657,0.16846884024550657,0.17359112138232688,0.13923435868756665,0.17252085426561325,0.16846884024550657,0.13122354796142632,0.16846884024550657,0.16846884024550657,0.18432208156422936
Czech Republic,0.12411019900186769,0.09894558520008433,0.0,0.20183209340453373,0.045074161157566614,0.08976437566975962,0.0,0.060093530303185184,0.10420645506884087,0.0673476870958408,0.06969713195331491,0.093682620306057,0.0,0.03894659021625836,0.10584280245718809,0.08967713512621275,0.06825236327899349,0.16846884024550657,1.0,0.0,0.10642100247453887,0.04921171090931897,0.048276072643896606,0.05051981977509717,0.0,0.0,0.12599664829600604,0.0,0.07629770748715058,0.04182144024692981,0.05805091882854258,0.0,0.052809036839926424,0.07091480917168276,0.0,0.0,0.049135486472870575,0.022332781224177672,0.10383851918823898,0.09571542737127045,0.06173394162475949,0.012894909192112605,0.09167183133587609,0.11025736337042331,0.0,0.06819072114804059,0.07615198037932915,0.07679961936468253,0.04313695143727252,0.08512768375315381,0.0,0.0,0.050809126322437996,0.11311717113267515,0.0,0.05820535131630157,0.04850840849737484,0.09585983482578367,0.048842144228651345,0.10096107431377213,0.053114976657057555,0.0,0.0,0.0,0.0757940614848397,0.07011624051294944,0.08534070439986889,0.10453745896777461,0.04783072701432464,0.0,0.058135139621188645,0.0,0.0,0.030815635104381553,0.06841083571440666,0.04042985551445646,0.0,0.04485613040162567,0.0,0.0,0.0691535095421806
Denmark,0.12411019900186769,0.09894558520008433,0.0,0.20183209340453373,0.045074161157566614,0.08976437566975962,0.0,0.060093530303185184,0.10420645506884087,0.0673476870958408,0.06969713195331491,0.093682620306057,0.0,0.03894659021625836,0.10584280245718809,0.08967713512621275,0.06825236327899349,0.16846884024550657,0.0,1.0,0.10642100247453887,0.04921171090931897,0.048276072643896606,0.05051981977509717,0.0,0.0,0.12599664829600604,0.0,0.07629770748715058,0.04182144024692981,0.05805091882854258,0.0,0.052809036839926424,0.07091480917168276,0.0,0.0,0.049135486472870575,0.022332781224177672,0.10383851918823898,0.09571542737127045,0.06173394162475949,0.012894909192112605,0.09167183133587609,0.11025736337042331,0.0,0.06819072114804059,0.07615198037932915,0.07679961936468253,0.04313695143727252,0.08512768375315381,0.0,0.0,0.050809126322437996,0.11311717113267515,0.0,0.05820535131630157,0.04850840849737484,0.09585983482578367,0.048842144228651345,0.10096107431377213,0.053114976657057555,0.0,0.0,0.0,0.0757940614848397,0.07011624051294944,0.08534070439986889,0.10453745896777461,0.04783072701432464,0.0,0.058135139621188645,0.0,0.0,0.030815635104381553,0.06841083571440666,0.04042985551445646,0.0,0.04485613040162567,0.0,0.0,0.0691535095421806
Ecuador,0.1003520199498292,0.06943672820338088,0.10642100247453887,0.2388309139522507,0.13760232296163744,0.13420107563959946,0.10642100247453887,0.08597231928743697,0.12717723321036112,0.1180771780855692,0.12314053291166675,0.10318042707863533,0.10642100247453887,0.1214693487167515,0.11858593807344923,0.14734584427900063,0.12806003306422079,0.21470595884912833,0.10642100247453887,0.10642100247453887,1.0,0.100657050390944,0.13703401000978213,0.11827669443521983,0.10642100247453887,0.10642100247453887,0.1854258875480226,0.10642100247453887,0.11340356752145117,0.113629513209817,0.06938615567553738,0.10642100247453887,0.1067615200004934,0.06858521897588622,0.10642100247453887,0.10642100247453887,0.13595839140467592,0.11030639354203793,0.16529618640307517,0.11432491666814075,0.10307406968309345,0.10488667218998461,0.13077842587413555,0.1669810564678252,0.10642100247453887,0.10775405708142287,0.13434331961774323,0.1116256569769971,0.11383695710008898,0.11142403150960078,0.10642100247453887,0.10642100247453887,0.1302214717969342,0.1655175800484248,0.10642100247453887,0.11209931117229585,0.11603459884189829,0.12795301990429112,0.09861603351098663,0.10657512762919213,0.13018736734001993,0.10642100247453887,0.10642100247453887,0.10642100247453887,0.14047420533772634,0.12973289819212194,0.13856603876233645,0.12151348911025545,0.11899252448536872,0.10642100247453887,0.11217750672709319,0.10642100247453887,0.10642100247453887,0.09998347980875254,0.11697173529807256,0.0935320873629613,0.10642100247453887,0.12405051371850691,0.10642100247453887,0.10642100247453887,0.12182704999037139
"Egypt, Arab Rep.",0.1103283535980695,0.10583415670533497,0.04921171090931897,0.2251597384630503,0.07570417730477895,0.0864557988365328,0.04921171090931897,0.05983693000067428,0.12626714278812723,0.06906051888844937,0.08901629525723304,0.10404974794451949,0.04921171090931897,0.06324013277668532,0.11496067450682612,0.07948208867189793,0.08553149255528805,0.19430260724666049,0.04921171090931897,0.04921171090931897,0.100657050390944,1.0,0.07158287831017855,0.08426442287626368,0.04921171090931897,0.04921171090931897,0.16214085864894287,0.04921171090931897,0.09623770120387301,0.07123760593697706,0.06598424069819013,0.04921171090931897,0.043340333209013,0.07138773142604532,0.04921171090931897,0.04921171090931897,0.08086553587361602,0.05108133168916566,0.12375808086009084,0.07341850897640315,0.06415660321912345,0.049319739005918184,0.1282195729941357,0.1396660482936396,0.04921171090931897,0.09271964928070864,0.06735611034358924,0.07002053852075428,0.06601918010206086,0.1018000101962362,0.04921171090931897,0.04921171090931897,0.07360845207252514,0.13610945983967707,0.04921171090931897,0.08571253761608802,0.0675549122572092,0.09231347658659356,0.06836138056144994,0.09113459840756412,0.08496356425191899,0.04921171090931897,0.04921171090931897,0.04921171090931897,0.1101935918348768,0.0705833066087331,0.10168428266724011,0.1325340011281944,0.08396900734263195,0.04921171090931897,0.06333098880892407,0.04921171090931897,0.04921171090931897,0.04794452011549786,0.08558437095159604,0.04716155609570316,0.04921171090931897,0.07210759057462393,0.04921171090931897,0.04921171090931897,0.06499287038362665
El Salvador,0.12518202949398805,0.13299620135261103,0.048276072643896606,0.22888343525456298,0.05118877787559361,0.09895365019453845,0.048276072643896606,0.08179676398225237,0.1366818320824191,0.06662215172868731,0.09413810256537461,0.12804689750090886,0.048276072643896606,0.05465416602820649,0.14019031198995277,0.08784075314979897,0.07746534558144046,0.18615462392745388,0.048276072643896606,0.048276072643896606,0.13703401000978213,0.07158287831017855,1.0,0.08611138452429704,0.048276072643896606,0.048276072643896606,0.14017099186752977,0.048276072643896606,0.10453093849224052,0.06754055432661657,0.08068300535481093,0.048276072643896606,0.06996555552721377,0.09336657349006139,0.048276072643896606,0.048276072643896606,0.045739130401952995,0.05064168800332725,0.13163324517611233,0.11185533024174878,0.09662240420641123,0.052129671663235136,0.11982122376644788,0.12967710658291884,0.048276072643896606,0.06802963006897261,0.08950418944372993,0.09517630734477937,0.06556707336661591,0.11476191984806279,0.048276072643896606,0.048276072643896606,0.08697852758906727,0.13774862871655857,0.048276072643896606,0.08197318946325372,0.08172947294205854,0.1112876695146659,0.07619630488652178,0.13317707275584265,0.07214915318681733,0.048276072643896606,0.048276072643896606,0.048276072643896606,0.10183498845741,0.08417608687973477,0.11187418799293707,0.11438883827972482,0.07693812809507306,0.048276072643896606,0.08223139856800628,0.048276072643896606,0.048276072643896606,0.06278058885241375,0.10379159395583983,0.06965160508643159,0.048276072643896606,0.06423052572930694,0.048276072643896606,0.048276072643896606,0.08584836204321021
Estonia,0.15500256019380354,0.09333434365958714,0.05051981977509717,0.16339137077537472,0.05937798801152205,0.0893202557851675,0.05051981977509717,0.0750927526233442,0.08404084284019446,0.0964882661793162,0.05913260551770796,0.07709502652407131,0.05051981977509717,0.05796902406974949,0.08901615809050423,0.11604046313700475,0.07013719917254303,0.1455226490557737,0.05051981977509717,0.05051981977509717,0.11827669443521983,0.08426442287626368,0.08611138452429704,1.0,0.05051981977509717,0.05051981977509717,0.11855865646183081,0.05051981977509717,0.07037659445515256,0.05831485807153959,0.08053583016576425,0.05051981977509717,0.08011438364777648,0.08810446521452717,0.05051981977509717,0.05051981977509717,0.07443877122177196,0.055235905960844725,0.09577223762414441,0.11485308922399393,0.05758168885007907,0.04758313547825017,0.07371540325071506,0.09956424193105347,0.05051981977509717,0.09602499426620553,0.0999050726177381,0.0872629177426028,0.05812376888482918,0.07098819073290616,0.05051981977509717,0.05051981977509717,0.04661815174287838,0.09949359816625342,0.05051981977509717,0.05504067816793234,0.03992584581678074,0.10768151213308491,0.07210236625461147,0.09304715111514728,0.04787173792183381,0.05051981977509717,0.05051981977509717,0.05051981977509717,0.0654934010577749,0.08220074148561217,0.06940451913856789,0.10846580655091162,0.0612078078660457,0.05051981977509717,0.062274680460191086,0.05051981977509717,0.05051981977509717,0.049773195657948015,0.043134473927693144,0.059645059128226326,0.05051981977509717,0.06179990102764264,0.05051981977509717,0.05051981977509717,0.09338845560051355
Finland,0.12411019900186769,0.09894558520008433,0.0,0.20183209340453373,0.045074161157566614,0.08976437566975962,0.0,0.060093530303185184,0.10420645506884087,0.0673476870958408,0.06969713195331491,0.093682620306057,0.0,0.03894659021625836,0.10584280245718809,0.08967713512621275,0.06825236327899349,0.16846884024550657,0.0,0.0,0.10642100247453887,0.04921171090931897,0.048276072643896606,0.05051981977509717,1.0,0.0,0.12599664829600604,0.0,0.07629770748715058,0.04182144024692981,0.05805091882854258,0.0,0.052809036839926424,0.07091480917168276,0.0,0.0,0.049135486472870575,0.022332781224177672,0.10383851918823898,0.09571542737127045,0.06173394162475949,0.012894909192112605,0.09167183133587609,0.11025736337042331,0.0,0.06819072114804059,0.07615198037932915,0.07679961936468253,0.04313695143727252,0.08512768375315381,0.0,0.0,0.050809126322437996,0.11311717113267515,0.0,0.05820535131630157,0.04850840849737484,0.09585983482578367,0.048842144228651345,0.10096107431377213,0.053114976657057555,0.0,0.0,0.0,0.0757940614848397,0.07011624051294944,0.08534070439986889,0.10453745896777461,0.04783072701432464,0.0,0.058135139621188645,0.0,0.0,0.030815635104381553,0.06841083571440666,0.04042985551445646,0.0,0.04485613040162567,0.0,0.0,0.0691535095421806
France,0.12411019900186769,0.09894558520008433,0.0,0.20183209340453373,0.045074161157566614,0.08976437566975962,0.0,0.060093530303185184,0.10420645506884087,0.0673476870958408,0.06969713195331491,0.093682620306057,0.0,0.03894659021625836,0.10584280245718809,0.08967713512621275,0.06825236327899349,0.16846884024550657,0.0,0.0,0.10642100247453887,0.04921171090931897,0.048276072643896606,0.05051981977509717,0.0,1.0,0.12599664829600604,0.0,0.07629770748715058,0.04182144024692981,0.05805091882854258,0.0,0.052809036839926424,0.07091480917168276,0.0,0.0,0.049135486472870575,0.022332781224177672,0.10383851918823898,0.09571542737127045,0.06173394162475949,0.012894909192112605,0.09167183133587609,0.11025736337042331,0.0,0.06819072114804059,0.07615198037932915,0.07679961936468253,0.04313695143727252,0.08512768375315381,0.0,0.0,0.050809126322437996,0.11311717113267515,0.0,0.05820535131630157,0.04850840849737484,0.09585983482578367,0.048842144228651345,0.10096107431377213,0.053114976657057555,0.0,0.0,0.0,0.0757940614848397,0.07011624051294944,0.08534070439986889,0.10453745896777461,0.04783072701432464,0.0,0.058135139621188645,0.0,0.0,0.030815635104381553,0.06841083571440666,0.04042985551445646,0.0,0.04485613040162567,0.0,0.0,0.0691535095421806
