Country Name,Albania,Angola,Australia,Azerbaijan,Bangladesh,Belarus,Belgium,Bolivia,Brazil,Bulgaria,Cambodia,Cameroon,Canada,Chile,China,Colombia,Costa Rica,Croatia,Czech Republic,Denmark,Ecuador,"Egypt, Arab Rep.",El Salvador,Estonia,Finland,France,Georgia,Germany,Ghana,Guatemala,Honduras,Hungary,India,Indonesia,Israel,Italy,Jamaica,Japan,Jordan,Kazakhstan,Kenya,"Korea, Rep.",Kyrgyz Republic,Latvia,Lithuania,Malaysia,Mexico,Mongolia,Morocco,Nepal,Netherlands,New Zealand,Nigeria,North Macedonia,Norway,Oman,Pakistan,Panama,Paraguay,Peru,Philippines,Poland,Portugal,Romania,Russian Federation,Saudi Arabia,Senegal,Slovak Republic,South Africa,Spain,Sri Lanka,Sweden,Switzerland,Tanzania,Thailand,Tunisia,Turkey,Ukraine,United Kingdom,United States,Uruguay
Albania,1.0,0.4159101770581776,0.5689755487413972,0.5153689715288328,0.3048700009326341,0.4249799045279339,0.5576398455222559,0.3302673269414149,0.257412923910992,0.5262797531277832,0.3995568080992914,0.41758267567716756,0.5941361929757814,0.38536369304668794,0.8866031865272046,0.28425108045638464,0.28220884198802154,0.6305440811162374,0.34418253546496874,0.4128818141296108,0.2846533605815878,0.449022046452649,0.23925747444473452,0.436661408321576,0.5500974260554622,0.4895388165265581,0.3450729858604502,0.5669636766384479,0.3540428611778829,0.2985573817593055,0.3021971058063338,0.726939750678164,0.34448219112364686,0.4308292476579613,0.8572913406046406,0.4808591749403541,0.2997525111019945,0.3800587264708509,0.4197847320295998,0.24797196771398727,0.3919396980644733,0.4654545874811691,0.3418403350853029,0.5450501847827539,0.4563357029367225,0.12428502826699617,0.3253170934464715,0.3467026380683616,0.47058660595037977,0.2626213444920801,0.3129689650321465,0.5374815108633751,0.4123276932535878,0.35458461217679005,0.5056476145736799,0.40174992389930997,0.2699676118121979,0.35529873147773255,0.291424086711956,0.3850656173626546,0.3624031724004905,0.5693530083264725,0.35909326256188395,0.8257397265597025,0.377912130702357,0.3716629480369623,0.46664346600419115,0.5432398468986249,0.5261991140084336,0.5125708521049085,0.4374592570905447,0.29224523034331074,0.6508507234078942,0.42794901761215426,0.31001579082125347,0.4420552019115243,0.3072808978356457,0.3942387623099256,0.5305706668562336,0.431296688734261,0.22111752574197802
Angola,0.4159101770581776,1.0,1.0497490585990876,1.0226616751934283,0.2745594152073713,0.6563265303716431,0.5622905769734813,0.21187403762642054,0.3853939648395935,1.0420663663664742,0.1427740751918653,0.01097719675557031,0.736045137321143,0.18382209829926976,2.7084559629581033,0.32854269682870346,0.34411580514466383,0.9308732934419383,1.1168907809722521,0.3737438379971256,0.31682856748170024,0.5357008299762634,0.4335235329223517,1.3265935322114157,0.3621159554224166,0.22144008748557775,0.4938215335250063,0.5341188513184574,0.17195880539640573,0.2941520570647527,0.29191347355783237,1.7498083975573662,0.19287869669343144,0.04459777490069754,1.609840497758505,0.19172846649730513,0.29019463835787274,0.26037565373518645,0.019642097054276733,0.6482609208970639,0.06487139638689039,0.5342169339917634,0.49094806102703037,0.9573161198977688,0.45835736178592623,0.7258153084755317,0.2211760607266662,0.4303485372944506,0.28036213170721164,0.3717025474015304,0.30079773374741325,0.36274512630310196,0.032804852258488816,0.9189364989874449,0.26488213622599255,0.3310838551259418,0.3524511337363012,0.16353795056476514,0.31410008742731876,0.10946411556809975,0.13549518735191884,1.3630494444550392,0.3413377549138087,2.4597352439947344,0.699432850274545,0.11395235501217056,0.15111349334692858,1.182505985708783,0.3291791645742975,0.31101198820457276,0.06647347927888214,1.015372639673564,0.7346986456599437,0.05460617604019455,0.2633965792490454,0.5235240058101571,0.2661276428638094,0.9520449238231854,0.833337960035529,0.16796032895271187,0.4639313276530016
Australia,0.5689755487413972,1.0497490585990876,1.0,0.5792219909450634,0.858377803551479,0.6005317290674008,0.39140604498287107,0.8201704574540197,0.9457409074832501,0.4583817937190879,0.7468036094593351,0.696821719921131,0.3152676890196275,0.7928857853491463,0.8931869283232121,0.8857992185396683,0.9702081110085958,0.42280508079901535,1.1464292126639124,0.669707222328097,0.9175902802652675,0.5666440683805094,0.9998807987275016,0.7967473102047096,0.5231861455248664,0.6435150538619633,0.66887928249971,0.5174033869351202,0.8222088462134886,0.863964125654981,0.8455099337251165,0.6599908561712947,0.776371451862532,0.6827624496378322,0.7046520756184622,0.5790919945757763,0.8762129381985547,0.8671525413520387,0.6861145913178477,0.8869327748750723,0.7189305750714439,1.0310546305346122,0.7313865900000974,1.151216396720158,0.7115415134290516,1.36807045406478,0.8470425118731204,0.6802010048366004,0.7330192366822593,0.9399557373956988,0.8925237950898159,0.5268479201204818,0.715343440103776,1.8417342069641107,0.6082982926092243,0.8905735504665186,0.9553373619736886,0.8123185452454696,0.9007206319011615,0.713339857747249,0.7902082637195585,0.7415693339893524,0.7575939952724217,0.9020058831331325,0.6544928856859858,0.7663409226428429,0.6425009059602799,0.8360131868817576,0.4960808024883555,0.5629059955768471,0.6647199363601412,0.961873847203473,0.8883834021134125,0.6673490241247404,0.8621511777031937,0.5727532007598675,0.8656719728464803,0.5713224206955086,0.36771944829164616,0.6933411841231945,1.03997965123375
Azerbaijan,0.5153689715288328,1.0226616751934283,0.5792219909450634,1.0,0.5833936031355618,0.4038422411800972,0.4474666545654789,0.5787549845543386,0.6050612370130832,0.5505916934951031,0.6129514841329466,0.5622263813115905,0.4700841349468982,0.6450308341968621,1.1102435255652097,0.5818208331256377,0.6685730475367662,0.5892356456894927,0.8063242596957652,0.5137603526956583,0.6157093516922792,0.44726725724811095,0.6377319549657312,0.7398906026433087,0.5234932484476732,0.5979777544685284,0.43660005121605727,0.48620883958221595,0.6164414300037907,0.5766224756210306,0.5694179642006288,0.8069851523300856,0.554278933871868,0.5542096145233939,0.9672868545256684,0.5305686205692376,0.6003885536090767,0.668381566617667,0.5607252825395145,0.5064824095679354,0.5554164693743002,0.9122009514896187,0.482578116084266,0.8263555028396365,0.5112262074533472,0.7763436380332048,0.5981492408859692,0.4527551006052234,0.6915700697912315,0.6088656162125374,0.6129775786788182,0.5609738214855532,0.5721351362788313,1.1226905696285034,0.5922858149256592,0.7581877095454351,0.6315116678246746,0.6083758795667743,0.6151622586426564,0.5482232998002282,0.5876012284151757,0.8274928953826683,0.5355003725035901,1.1766528605206914,0.43364340379431104,0.5807919732998964,0.5817835688396423,0.7874822550682626,0.5044073195729223,0.5186385081308571,0.5435897639511049,0.5660560843490402,0.6999033694756858,0.5402964189634719,0.5990073874248985,0.4425692552509684,0.595476845501446,0.315642174943407,0.3375922830411842,0.5503008872423939,0.6360984210477598
Bangladesh,0.3048700009326341,0.2745594152073713,0.858377803551479,0.5833936031355618,1.0,0.3936979234002855,0.5817790307677297,0.04486454694795202,0.08047454947984575,0.7907375454172872,0.18269013652707433,0.19877521075802446,0.6922768408729815,0.17974854444782465,1.465240334550225,0.03984961991772627,0.10528083255776667,0.7971483103022697,0.6549943234078035,0.2577065458851873,0.04556055368267324,0.37604663550084416,0.12404499529489516,0.8456866285069381,0.4593001828402998,0.3312645245385314,0.24444715284279805,0.564126894968125,0.1085771255259324,0.022666426458416,0.02400237981393226,1.0836389005724638,0.0706121757573763,0.22300321212940624,1.2395175322402088,0.3282847609714636,0.034717957524188395,0.19563740941310237,0.20418021829000801,0.29013448278020104,0.1527982323873286,0.41846961217732653,0.23610688341438132,0.6693941074759352,0.34469341930017605,0.3473075499669602,0.048114759487800945,0.20887741182609207,0.3316877733931806,0.07270931197126074,0.10213439688443195,0.43698503659600507,0.19018201550027347,0.5864357009569161,0.3604127364470296,0.2689235466219549,0.07120830899172206,0.10520904954706503,0.05689238609007272,0.1421932006753017,0.10780173501672884,0.8345670749436224,0.1742624378531275,1.4001735699785887,0.38119835380926886,0.11917399634046957,0.29148494872252007,0.7383883530415832,0.43198284316348545,0.4036922760922264,0.23615167594208247,0.5888327150837275,0.6311077408022361,0.2200040562702179,0.03188897641197728,0.36286043120748196,0.019622323428738493,0.578205837089336,0.7105455250646828,0.22933463651296457,0.14185316670542247
Belarus,0.4249799045279339,0.6563265303716431,0.6005317290674008,0.4038422411800972,0.3936979234002855,1.0,0.5297616497776844,0.35696422455194227,0.3986454270346429,0.7041880014441612,0.4230789074017399,0.37733149426078605,0.5796345941432589,0.4500561220239797,1.3372047988245541,0.36458955019755734,0.4582490629504027,0.6955922965628863,0.8948554842345824,0.309377746182681,0.4012610132516233,0.21897696041913983,0.4395725812097638,0.9586440302840832,0.4999653894589231,0.4750792471428378,0.19667880998450576,0.5244169445416077,0.40713757742702134,0.3556046898023744,0.3467772847445724,0.9946536676060128,0.32915403217159817,0.37709028945128686,1.11125494597285,0.40928824508385125,0.38273336584784157,0.4774065539602142,0.37755224868155307,0.37164154464610116,0.35039935703640396,0.715183358658942,0.29511828519864725,0.7826422802801857,0.2596343349897949,0.652491782429735,0.37964295448601165,0.20122473174606834,0.5441379727209923,0.39949641626429194,0.4054357393852491,0.48515574765578157,0.38448147320104975,1.0392195777701727,0.4775685527402532,0.5680053507073233,0.422415281983309,0.39823995543323953,0.4002062020368045,0.33770296454281995,0.3750620093464713,0.9739071367846245,0.30557148279224655,1.6469326032615152,0.2112375911399482,0.37184059689762583,0.4434614387763973,0.857540424138878,0.4671783542966546,0.43407153290393463,0.3714108637802108,0.6329145644305045,0.5598256828366636,0.35862247818353205,0.38037286626203554,0.204347384972953,0.3764047345047681,0.380558386634791,0.5782986464377828,0.37325685840596257,0.44892570975611
Belgium,0.5576398455222559,0.5622905769734813,0.39140604498287107,0.4474666545654789,0.5817790307677297,0.5297616497776844,1.0,1.0083237045728757,1.2411534431548557,0.7110734362818105,0.7657690396197763,0.7204760422559756,0.315841281259405,0.8177400421662383,1.3036323124155362,1.1637612758919977,1.1528113384397207,0.4397095915345502,2.2420402356988074,0.9020509138698931,1.148923007869176,0.8679397726581572,1.2787620924571508,1.5206287105007785,0.3157624077592828,0.5209968842381153,1.054943921476151,0.4179653050549876,0.9221940403138058,1.1253563581667312,1.0980629945545861,0.9553403529800459,0.9687375609919375,0.694594513223429,0.8874747225995177,0.47496303121259414,1.0912370550934851,0.944119616936958,0.6996597293534164,1.343386426656297,0.8058052567355125,1.039293973016977,1.1102699109609353,1.5713417071333873,1.0891878606551257,1.698168628955632,1.0239358979790596,1.0346826059428158,0.668881795611678,1.214282625188871,1.0768792398835574,0.41027338565264665,0.7445519577990007,1.9262868870093177,0.4820101184683422,0.891393173496533,1.2018600140268032,0.9157537263317045,1.1134009114776873,0.8238364989748279,0.9056140667645478,1.6455904241330856,0.9929768841171509,1.450876928194801,0.9889570823243351,0.8653346488441299,0.5528862964195441,1.6651299937284116,0.28717633188225566,0.46365804186607007,0.6738255244605462,1.3954861865244177,1.3788435421827174,0.698661681475141,1.0617313422307157,0.8882421923333662,1.0774893304589577,0.8906029163636775,0.4185433806509515,0.7991215863145634,1.382298918245253
Bolivia,0.3302673269414149,0.21187403762642054,0.8201704574540197,0.5787549845543386,0.04486454694795202,0.35696422455194227,1.0083237045728757,1.0,0.13331441976466557,0.8423755840865006,0.1538903834234233,0.1648995722613337,0.7090210399795852,0.1556952933921146,1.6122622752895612,0.08979109209944677,0.13225003230840346,0.8293212145702812,0.7260564611683223,0.26290511836439445,0.08596458159267507,0.39279254505863254,0.17560620112390962,0.9256304750784402,0.4438176078633151,0.3075190204697274,0.2767036175505799,0.5634287079094497,0.07895826438500861,0.06543498237875692,0.06420521689652638,1.1767154597952965,0.04133906223011746,0.19137824673915732,1.3145782067821958,0.3050571480442031,0.06654417908268723,0.1845842942564916,0.1705601208447323,0.34919607086416976,0.11636856705246558,0.42566630236392416,0.2701056786869185,0.7062651538735775,0.3521541151364777,0.4121644723162848,0.027016782071389488,0.23430113675969919,0.31215577414884255,0.12364748048097259,0.11440981474582672,0.42358517191046663,0.15573717367579146,0.6360060746586053,0.34000722080117574,0.26198497442567553,0.11511106497070167,0.07263080613748878,0.0899009945811545,0.10875496237398069,0.0694644282042404,0.9033909720075596,0.18435802440687746,1.5188460305322486,0.4292851239941218,0.08006279183773544,0.2639587113917153,0.799816364828127,0.41623462686842183,0.3889279640472675,0.20617476262485812,0.6658448927214292,0.6435920213816033,0.18924021564710194,0.04787115771071147,0.379449950480695,0.04450199589050492,0.6457825123941204,0.7442336209540228,0.20730803617034582,0.1968836324785206
Brazil,0.257412923910992,0.3853939648395935,0.9457409074832501,0.6050612370130832,0.08047454947984575,0.3986454270346429,1.2411534431548557,0.13331441976466557,1.0,0.7159261542003289,0.22848491600892276,0.24997184982113158,0.6687485042426767,0.21935238761325487,1.2744201109550573,0.04196516676852007,0.09398611356760861,0.752242927204621,0.5483916773443441,0.27490456645677497,0.05151336744292453,0.3746464940425844,0.05366786357872884,0.7248181573724146,0.4825961726928847,0.3668964536289955,0.2285312147273212,0.5672723407849002,0.15959324621516768,0.06427508797627393,0.06872637150103268,0.9612787495378864,0.1335237290274087,0.27159069495942995,1.1274629554297955,0.3648498581691257,0.06972548936374832,0.2220460173049845,0.25476585498829435,0.21752143250276704,0.209036045765444,0.41020323646036294,0.21758737929495958,0.6173304177407457,0.3530735293001381,0.2465731843890915,0.10851671270815282,0.20592503752902339,0.3595906240194803,0.016356988506814298,0.11902294613620716,0.4604556758579169,0.24175339910753793,0.506388688105542,0.39293999348718417,0.2831258391925213,0.041971256275098956,0.15892054612992915,0.06716979062392839,0.19825879695536855,0.16592074623784936,0.7377346453549428,0.19078137701092562,1.2140631597445815,0.33625919411935684,0.17765591076545406,0.3319941952903829,0.6576171478824637,0.45636737338402616,0.42970113252373165,0.28327704513570134,0.4802601749522121,0.6250441484085355,0.2687645853504767,0.08414812243585396,0.36211284739699356,0.07820079807003784,0.49399850174385723,0.6619978100447351,0.27203661967125725,0.059233887774889235
Bulgaria,0.5262797531277832,1.0420663663664742,0.4583817937190879,0.5505916934951031,0.7907375454172872,0.7041880014441612,0.7110734362818105,0.8423755840865006,0.7159261542003289,1.0,0.7080866139088435,0.6576851982186245,0.33558967724965244,0.7482854644032852,0.8058688105345984,0.7884888372510463,0.8738063327392359,0.36943976694097014,0.6767561175538217,0.6282198546380464,0.8218783236765325,0.5434853069704053,0.8743942325825305,0.39270324718140964,0.4971414658996902,0.616526680064677,0.6069415182444334,0.455532700261329,0.7644121493532842,0.775028716198131,0.7642918283057396,0.6287561686448696,0.7176449054592514,0.6438794039140179,0.7115652843702269,0.5386795953855738,0.7953750009419563,0.8109802208348317,0.6482085343509231,0.717865366196806,0.67493057866947,0.9764401649810178,0.656584394966314,1.0880258928103306,0.6618100816120026,1.090850483360135,0.7753222047913984,0.6234437664480313,0.7047909974634643,0.8292184177014424,0.8137221172133368,0.5011044225395961,0.6749151883796679,1.4293639782897343,0.5709189385783172,0.8424499780639075,0.847712517240111,0.7557478515997462,0.8157778205330993,0.6694744672886661,0.7345592098094449,0.52477457515791,0.7040151414690973,0.7163085881568694,0.6110295114584198,0.7168015773471872,0.6158325444270486,0.5830674356088067,0.4662326536274969,0.5046151812942193,0.6254424382172108,0.6868104818871158,0.8289073536938721,0.6274922238527968,0.7863383637729114,0.5497531815334762,0.7860485988332203,0.492525824741463,0.307788409348123,0.6547469881817287,0.873991338129047
Cambodia,0.3995568080992914,0.1427740751918653,0.7468036094593351,0.6129514841329466,0.18269013652707433,0.4230789074017399,0.7657690396197763,0.1538903834234233,0.22848491600892276,0.7080866139088435,1.0,0.13096560855234976,0.8192701627008778,0.06964420022623437,2.112117160972264,0.2785096452455708,0.23839312294113138,1.0187468086386418,0.9399112144367718,0.384514676024066,0.24564583947797117,0.6019092163322309,0.3371812682362961,1.2324615472733114,0.41107606822370407,0.21773643662544198,0.5056643024209481,0.6232110760185677,0.11026987612196515,0.2555818665220866,0.25054493683442763,1.499517670105666,0.18865178316312692,0.1683965487334448,1.4924659542039875,0.2701112249049889,0.22275784557585657,0.19190170677488472,0.12776289778407335,0.5857797028861037,0.132012374660722,0.3819980064516219,0.4814291619723894,0.791217710161456,0.5223520787393667,0.5748772038821861,0.1759081920805575,0.4464104654758566,0.22984966056912798,0.2977226762122557,0.2305963037836874,0.3969845597533044,0.12382067024390464,0.7075804954304538,0.2571637206099883,0.19269249963408197,0.2708869357190472,0.10925955566182625,0.23286062282679323,0.1399260627554342,0.12871664271015623,1.1484281878898228,0.31617426995188375,1.6074837276910694,0.6815665732259447,0.10586162402091881,0.18124733621285175,1.0482474449435684,0.39000924250500946,0.40100949994594787,0.18730633956540596,0.9346566232319695,0.8140407032683941,0.1782558236217879,0.20133146359442922,0.5890215717059938,0.2116023574377318,0.9489627451713525,0.9363399997291769,0.22489786664572617,0.3792549414147342
Cameroon,0.41758267567716756,0.01097719675557031,0.696821719921131,0.5622263813115905,0.19877521075802446,0.37733149426078605,0.7204760422559756,0.1648995722613337,0.24997184982113158,0.6576851982186245,0.13096560855234976,1.0,0.742827202248044,0.18102275161697096,2.7103150938330334,0.33429332959957675,0.34673337236053253,0.9422846915677483,1.1179148260197427,0.38530064227386823,0.32105623254270077,0.5499890314265983,0.4386743204829281,1.3316939780415606,0.36041690717705027,0.2163639348563744,0.5050486330754832,0.5393745801052096,0.17230706258371195,0.2998291841202467,0.298307406305256,1.7593987419105235,0.19997568911343547,0.04312064799835647,1.6210540770997552,0.19251547958823154,0.2951747741205894,0.2599388352624407,0.018592712392977474,0.6566038793757153,0.07241131511593868,0.53243474083308,0.5004665469628226,0.9664517282518301,0.46993687430115094,0.7306067903825534,0.22475742587290523,0.44179563415597634,0.27318302410690054,0.3769409019894378,0.30529837871995663,0.3650992898201927,0.026053839540148498,0.919397246319152,0.2631585755330654,0.3270753193633523,0.3563903279956655,0.16452224151400957,0.31880651607724075,0.11806873735056736,0.137802329922452,1.3617326650832837,0.3514465070335997,2.436467139149904,0.7130422017088205,0.11675846925461676,0.14444493393122212,1.1847381737907154,0.32922436481000444,0.3141027947870776,0.06834428986362673,1.023969111307476,0.7458630426097614,0.06094863354430969,0.2679863035693456,0.5375066902388892,0.27076611133111933,0.9641142247520642,0.8425178428196995,0.17255102439743963,0.46848285518410804
Canada,0.5941361929757814,0.736045137321143,0.3152676890196275,0.4700841349468982,0.6922768408729815,0.5796345941432589,0.315841281259405,0.7090210399795852,0.6687485042426767,0.33558967724965244,0.8192701627008778,0.742827202248044,1.0,0.8875805656527237,1.1163975839213778,1.113629499453353,1.1592829499680273,0.5010977144485852,1.612905866390489,0.8389133048874564,1.1265805619821765,0.7562987497906213,1.2339100538200156,1.1534953284090566,0.4541594456273319,0.646356871344581,0.9211142934605159,0.5101720490891871,0.9603304089506227,1.0831457990970175,1.05741035885223,0.804085064293454,0.9549844553482504,0.7653029292985403,0.8101424495145735,0.5882944680492651,1.0730021539994044,0.9806535175668435,0.7693681455796358,1.1960155696281132,0.8425003622039365,1.128556269777512,0.9806533423465702,1.35381225714683,0.9638845038471315,1.6424734303208337,1.0257471432031189,0.9174321453269875,0.7630509781341999,1.1694808391202534,1.0731837659051249,0.48481596177392006,0.8086961956105889,2.042210581732626,0.5923124990346038,0.9738972464591071,1.1739739717717055,0.9514558297900373,1.0978173831606306,0.846340243095121,0.9348794571223902,1.073833285260055,0.9459681002108521,1.0919702035432495,0.8672500916168935,0.8998764375792297,0.6596276567157207,1.1123532003752004,0.43535723213283195,0.5486991011688237,0.7433817932589883,1.236841356594906,1.1968794802023166,0.7583038707004887,1.0512871559740549,0.7720389369596597,1.0613895249705902,0.7640204322037754,0.3809402397805216,0.8088497347412598,1.3088314274523631
Chile,0.38536369304668794,0.18382209829926976,0.7928857853491463,0.6450308341968621,0.17974854444782465,0.4500561220239797,0.8177400421662383,0.1556952933921146,0.21935238761325487,0.7482854644032852,0.06964420022623437,0.18102275161697096,0.8875805656527237,1.0,1.747262738946255,0.2602371658331786,0.20190370799375282,1.0073173600298082,0.8216454909112918,0.4211811401212989,0.22066477325502362,0.6100535102601105,0.307417641254569,1.0791130659317651,0.4321855772222739,0.23740343422410806,0.49710070864602324,0.6471723494076798,0.09048270911790453,0.24050229839870624,0.24139483582379545,1.3099323230182132,0.19901449164220408,0.198685719201229,1.3891683095686376,0.3083910796334888,0.20814850183374697,0.16865293153187624,0.16218626671937877,0.5492152305917808,0.16257877526906625,0.34684039553525653,0.4793352814310721,0.7351573130081461,0.519978119998786,0.526011432350627,0.16120569836389878,0.4467274489003045,0.1979706224431966,0.27176421397834255,0.20960392947147713,0.44210730272964543,0.14839549666020602,0.6355992887624912,0.29719490702415724,0.14387373425336397,0.24222851985732607,0.09646742152496014,0.21421085059361847,0.17969526449102935,0.12567447263473844,0.9891114431793929,0.3323052966082837,1.3407241166389747,0.6737140529111593,0.12112836688209026,0.20103244208854418,0.9362364171888533,0.4211652185355281,0.44042929925156377,0.22450598929814677,0.8799938803329234,0.8137265394989618,0.21740462180513206,0.18843932791211196,0.5952465964857092,0.19674028821951642,0.9131558517768164,0.939463286599002,0.27273783224752096,0.3405038234260487
China,0.8866031865272046,2.7084559629581033,0.8931869283232121,1.1102435255652097,1.465240334550225,1.3372047988245541,1.3036323124155362,1.6122622752895612,1.2744201109550573,0.8058688105345984,2.112117160972264,2.7103150938330334,1.1163975839213778,1.747262738946255,1.0,2.0975993392633447,1.9305416885722433,0.8165175491057014,1.600699651616426,1.2997798638790399,2.0136350222609587,1.059952870951637,2.2943769135114755,1.0294403386603765,0.8439719662957224,0.994248974336628,1.698090063262388,0.8772273352105112,1.531560307620749,2.01296032472578,1.9564887610032164,1.0631082716124964,1.6727406507275104,1.214327215498167,0.9774346953501309,0.958429431666718,1.908815118922408,1.4699091992227622,1.210070416117858,2.235486740884777,1.3682676910946527,1.3841374238704722,1.780975379661274,2.0466930899300504,1.6649737829126559,2.8204755717215124,1.7587941612691593,1.6855765370339808,1.0235929233748238,2.178533884008298,1.8054652492969703,0.8944348572253575,1.277524234703376,1.9259155789817053,0.9630978358437647,1.3057633672203448,2.11062687033145,1.5290456062051263,1.9407988469089865,1.3849417454057404,1.5295558839816636,1.2587844393966836,1.5828083323334519,1.0504984921339464,1.4614221587871883,1.4643167102560897,1.0232771109876946,1.313181801385528,0.8420966218418411,0.945082952511757,1.1861486115221649,1.840456175314831,1.643146542887435,1.2096789889805684,1.844147086758293,1.1241659982602143,1.8823518746921415,1.309108151618969,0.8719088387060067,1.3491745874741148,2.4397617482591296
Colombia,0.28425108045638464,0.32854269682870346,0.8857992185396683,0.5818208331256377,0.03984961991772627,0.36458955019755734,1.1637612758919977,0.08979109209944677,0.04196516676852007,0.7884888372510463,0.2785096452455708,0.33429332959957675,1.113629499453353,0.2602371658331786,2.0975993392633447,1.0,0.10741254912914142,0.7657153179797337,0.6029026636913956,0.2576631535219991,0.04525471735186118,0.3613398965914044,0.09501183963348414,0.7838152473308426,0.46922128242698435,0.35133228727225074,0.2185380188379173,0.5597751801177949,0.1391960936241055,0.02479665448833948,0.03169009516029004,1.0146530356293233,0.0989563170840783,0.24620982248105783,1.1791569266126243,0.34467885221562156,0.05147493859284136,0.21383330103949263,0.22973839894644288,0.24316282577225645,0.1802147669820687,0.42582555506802766,0.2115337935715419,0.6492692739074831,0.33661451829186584,0.3051127904778552,0.08166687359177044,0.18983446533712067,0.3515804604980408,0.04373239025912794,0.11169521035030403,0.4464166589990974,0.21652558942352995,0.5607940240977188,0.3777260249285606,0.2863461159787714,0.05756732466038104,0.13670748280285636,0.06288200654877775,0.1690385629824041,0.13873682099668463,0.7841528374879377,0.17510684477690427,1.3264879961303657,0.3447741322507712,0.15045405056217243,0.31345611007396695,0.6923377567442341,0.4417349820442755,0.41231328039215986,0.25787410571253283,0.5292944135941626,0.6184201620152802,0.24236177761213365,0.060945886234417976,0.34810129451079563,0.05121018742486439,0.5230293078219348,0.6765285068081149,0.24719726252042312,0.10288746449878616
Costa Rica,0.28220884198802154,0.34411580514466383,0.9702081110085958,0.6685730475367662,0.10528083255776667,0.4582490629504027,1.1528113384397207,0.13225003230840346,0.09398611356760861,0.8738063327392359,0.23839312294113138,0.34673337236053253,1.1592829499680273,0.20190370799375282,1.9305416885722433,0.10741254912914142,1.0,0.8241241288551652,0.5884762229341935,0.3203309946874412,0.061790877358577995,0.45247568886515144,0.0910026945386496,0.7806800218023197,0.4878298021682052,0.3417138049840141,0.32113785421620533,0.6109051508229592,0.12270216600600294,0.11104933552638184,0.11238530198926734,1.0166570293759187,0.15026311463604416,0.2680776865813347,1.169030162837103,0.3687591513340611,0.07383659571863772,0.1838345326868133,0.24381105923940413,0.31337850431208253,0.2060300196041571,0.3344212737290463,0.3015245319977765,0.6107931133117628,0.41600801600573717,0.2692781916766183,0.09913943813607941,0.2906474885926569,0.30997272553434074,0.08318595766106099,0.10783021420021577,0.4708196864744654,0.22888134630536044,0.46971668125461075,0.37706894078276126,0.2030982224903231,0.0564654787424171,0.1266412712248991,0.05744475718237477,0.19931593991086594,0.1513245364313092,0.7737200745548202,0.22687956091712402,1.1517810462648124,0.4326091723107032,0.16148090829465536,0.31039050264986423,0.7126091523313723,0.4673533850065514,0.4531735023294174,0.28466804562133347,0.5692836134667669,0.6861658936885864,0.27150145810223514,0.07985458635673555,0.44066452581238824,0.08502157911674806,0.6067822144778443,0.750727705244584,0.28367576422001833,0.12807018968158504
Croatia,0.6305440811162374,0.9308732934419383,0.42280508079901535,0.5892356456894927,0.7971483103022697,0.6955922965628863,0.4397095915345502,0.8293212145702812,0.752242927204621,0.36943976694097014,1.0187468086386418,0.9422846915677483,0.5010977144485852,1.0073173600298082,0.8165175491057014,0.7657153179797337,0.8241241288551652,1.0,2.409467224837706,0.9677971411210688,1.3714846979386432,0.8494428266958133,1.5589120414119142,1.472606325133864,0.5375603522763596,0.6764832283004456,1.1904404689008374,0.6230154092442525,1.0740946447354047,1.3590113195741318,1.3162398426133426,0.7588837456623585,1.1498728170606243,0.8736084124540232,0.7680386980613768,0.6756858998621567,1.293466929067471,1.058789533061652,0.8613601019663797,1.7936235988379505,0.9701477446273081,1.0606710820640897,1.2507983375382978,1.339336975210193,1.2104416650270884,2.274994663751855,1.2098531496081903,1.1682423688487593,0.7493502716036585,1.4739448143062166,1.23955883326249,0.6051817757976196,0.9102162974001392,1.8262656784454399,0.6323752801159244,0.9629474165644023,1.4458501936067423,1.0700418394404847,1.3150710289761531,0.9811740642643105,1.0689066625896833,1.1874039901029518,1.1091922842816113,0.9330323040586497,1.0611414913522523,1.0272841989472759,0.7114835556306375,1.4797811702624442,0.5313780030934533,0.7239937862530206,0.8611290261225749,1.9461950989536867,1.4376237805907783,0.8772272115214002,1.2561093513973334,0.8809282369428004,1.2809884286753206,1.0192922303445513,0.5871836652398401,0.993599597468967,1.7542980116340465
Czech Republic,0.34418253546496874,1.1168907809722521,1.1464292126639124,0.8063242596957652,0.6549943234078035,0.8948554842345824,2.2420402356988074,0.7260564611683223,0.5483916773443441,0.6767561175538217,0.9399112144367718,1.1179148260197427,1.612905866390489,0.8216454909112918,1.600699651616426,0.6029026636913956,0.5884762229341935,2.409467224837706,1.0,0.5017597677222879,0.4553436185085823,0.46155230385427637,0.4641269073637119,0.25189834559089336,0.5462629824425222,0.5459527284629652,0.40131129093581863,0.5476777989382422,0.48480847603906974,0.4371402919014585,0.4462736398967746,0.6284856895949508,0.45909750199129035,0.4947347505903419,0.7724968051322817,0.5122946009838834,0.4654153082808013,0.5375727174821029,0.49468794670901145,0.3591904892765539,0.4798453028698826,0.6868867974888496,0.43953245735949115,0.6677540689962365,0.4756096656924603,0.5189374919391933,0.4618462002254035,0.41682526914697987,0.5456207333223884,0.44545403594183985,0.491416681817049,0.5490127306239208,0.4924291808759883,0.7279139403924252,0.558065612741947,0.5760502339156595,0.45696876669929226,0.4830711844989395,0.4732170719677599,0.4815342586162556,0.47143119225194535,0.3804198198380769,0.49418775193388387,0.6437210959190177,0.45779045380689276,0.4809755504673657,0.5239216170380914,0.4445477663261677,0.5237464957411578,0.5231226428717122,0.49668501400881415,0.4090604806229879,0.6821986486058914,0.4910063440759683,0.46596272996698385,0.4564224123944731,0.45791163773447113,0.42404497571745287,0.4626362545385872,0.5066556582398554,0.41632615393034594
Denmark,0.4128818141296108,0.3737438379971256,0.669707222328097,0.5137603526956583,0.2577065458851873,0.309377746182681,0.9020509138698931,0.26290511836439445,0.27490456645677497,0.6282198546380464,0.384514676024066,0.38530064227386823,0.8389133048874564,0.4211811401212989,1.2997798638790399,0.2576631535219991,0.3203309946874412,0.9677971411210688,0.5017597677222879,1.0,0.3182554125523808,0.28937370130255036,0.36978038814971026,1.3420975833238997,0.46477908818225533,0.38145661050001034,0.3090429326239473,0.5425145970257234,0.29873650600938584,0.28701167926756255,0.2676028009632552,1.4161707757315587,0.22689267568700128,0.2831988087753866,1.4220092581427322,0.3253704850106944,0.2860758643024304,0.35959442789855317,0.2734017138458437,0.4904058120757261,0.24126902021244506,0.5804831558189038,0.2947512929387002,0.8052499228073362,0.39576239822349746,0.6057051503716314,0.2842054075421502,0.2530491124909812,0.45757930506689876,0.333630142773013,0.29867466404435533,0.4056354911036748,0.28279775234616417,0.8929891271880958,0.3595432806128563,0.44278712452280267,0.3404717752489163,0.2893539297737215,0.3016949336478034,0.20906377760691297,0.2772446644533869,1.534190467044356,0.1790985220987263,2.4586875111552478,0.3947501089152662,0.2591914290605332,0.35302957404640606,1.241064524172783,0.42528357733168165,0.37373688361728835,0.27381357552907737,0.8249712614169504,0.6530638334044896,0.2568175714486067,0.2802968718319367,0.29644954198526696,0.28442177510766165,0.6739552811054758,0.7348324609360898,0.2389923216554364,0.41478351462543384
Ecuador,0.2846533605815878,0.31682856748170024,0.9175902802652675,0.6157093516922792,0.04556055368267324,0.4012610132516233,1.148923007869176,0.08596458159267507,0.05151336744292453,0.8218783236765325,0.24564583947797117,0.32105623254270077,1.1265805619821765,0.22066477325502362,2.0136350222609587,0.04525471735186118,0.061790877358577995,1.3714846979386432,0.4553436185085823,0.3182554125523808,1.0,0.4008536100569415,0.08474653082446076,0.7910519786291067,0.4731899696126487,0.34113316116469156,0.2647024941532099,0.5798407217516063,0.11663076232427635,0.05118328381697008,0.05550326275377731,1.0310050107098883,0.10802815692714188,0.24646954851883318,1.1911066851296197,0.34883717306101614,0.031291717973540335,0.19115106596972514,0.22614603960519916,0.2770232893140218,0.18021598602064928,0.38738392572526636,0.25111851667189744,0.6350466464702275,0.36872641253562183,0.29432429343234673,0.06681782216111143,0.23409537005528094,0.32765125254111493,0.04241556440302527,0.09535847590770087,0.4530660433232504,0.2113507611089237,0.5239772609672603,0.37248440268129734,0.2473730806471558,0.027240160770848197,0.11674461066074121,0.03212329062969306,0.17145718419604966,0.12920050491240773,0.7849852915326603,0.19275805796518827,1.2608988835588177,0.38708470559892494,0.1415476196730918,0.3047441484969668,0.7056679095844235,0.44849841800557877,0.42505465855283914,0.26089766024308225,0.5546709354514481,0.6468048147053215,0.2461815355656776,0.041782258265570305,0.38817257555098744,0.03789389845437478,0.5667893586019946,0.7120428511649464,0.25524813599489304,0.10724776693610368
"Egypt, Arab Rep.",0.449022046452649,0.5357008299762634,0.5666440683805094,0.44726725724811095,0.37604663550084416,0.21897696041913983,0.8679397726581572,0.39279254505863254,0.3746464940425844,0.5434853069704053,0.6019092163322309,0.5499890314265983,0.7562987497906213,0.6100535102601105,1.059952870951637,0.3613398965914044,0.45247568886515144,0.8494428266958133,0.46155230385427637,0.28937370130255036,0.4008536100569415,1.0,0.5617194165877977,1.16055595919694,0.4679857063575686,0.45321915722107653,0.29038495100338396,0.4912728571054686,0.4390131334518854,0.4305188799864299,0.41434008942709816,0.9353256381198292,0.354203192304485,0.3544426336392153,1.0306723936283333,0.3668105924177219,0.44986311234915854,0.5053659278855946,0.36063159206641926,0.6073907998665877,0.3424626772292765,0.7476770859601741,0.3550800231393898,1.0871814224723233,0.30489483969686243,0.8826833879459441,0.4295801020277003,0.2605334566966079,0.5457812578142504,0.5048487734487169,0.4740740257135315,0.43539002681419003,0.37527781802799876,1.2907590092058436,0.44052881868459726,0.5958414732094782,0.5179899825280448,0.427513516288585,0.47437637711424974,0.3258096511614919,0.3993313949923931,1.7573823449174497,0.3479348873808099,1.8950414324236955,0.38705782845478537,0.3833809763130896,0.42272019164174585,1.368056055446982,0.428675916997799,0.3771644051117791,0.3382080427721507,0.9313860730696468,0.529197996508564,0.3261891702690904,0.4390478188713527,0.03932944572079429,0.4389402342200197,0.6157734578574849,0.6043812383659521,0.32137684016132007,0.6028429165644326
El Salvador,0.23925747444473452,0.4335235329223517,0.9998807987275016,0.6377319549657312,0.12404499529489516,0.4395725812097638,1.2787620924571508,0.17560620112390962,0.05366786357872884,0.8743942325825305,0.3371812682362961,0.4386743204829281,1.2339100538200156,0.307417641254569,2.2943769135114755,0.09501183963348414,0.0910026945386496,1.5589120414119142,0.4641269073637119,0.36978038814971026,0.08474653082446076,0.5617194165877977,1.0,0.7070512876620318,0.4970241924964672,0.377393943124818,0.25719479116687965,0.5819828855110959,0.17672669517089168,0.1050928451044736,0.10351177595448377,0.945384803677143,0.16280562450847944,0.2941226380941846,1.109884206537173,0.38247338412798765,0.08989683135723119,0.22852508007901828,0.2749480582702923,0.22422864732317663,0.23280845665406055,0.38227855038719843,0.23958136854917922,0.585925271607693,0.38104094114932907,0.19113370790314066,0.13485043743868322,0.23514705223369142,0.36462706139595014,0.0472601701940106,0.12894581939807334,0.4728468940974578,0.26339469771863644,0.45580423082592686,0.40189519823169156,0.2717314909282265,0.05729278642973075,0.17722940920253083,0.0758676031116708,0.2200065970276241,0.19046219257019947,0.7298399867905527,0.20233767375926853,1.1399730062948252,0.34049358004698255,0.19948687660775877,0.3464279607364684,0.6578246692421971,0.4716939244100379,0.44853424287381904,0.3056692163498373,0.4570072744663409,0.6427640766219161,0.29150948849362157,0.10620382018625124,0.3869334691556223,0.1059963452375773,0.4923141719480966,0.671330083279322,0.29324331539788545,0.06498855870937345
Estonia,0.436661408321576,1.3265935322114157,0.7967473102047096,0.7398906026433087,0.8456866285069381,0.9586440302840832,1.5206287105007785,0.9256304750784402,0.7248181573724146,0.39270324718140964,1.2324615472733114,1.3316939780415606,1.1534953284090566,1.0791130659317651,1.0294403386603765,0.7838152473308426,0.7806800218023197,1.472606325133864,0.25189834559089336,1.3420975833238997,0.7910519786291067,1.16055595919694,0.7070512876620318,1.0,0.5320796834897134,0.5968257955981126,0.5039354983859698,0.4914188358691901,0.6375176442908552,0.6087965768711914,0.6093828000349862,0.6003583498031825,0.5987103938509284,0.5854232726461898,0.7042357338524776,0.5355404803467144,0.6348647701214268,0.6785726631978882,0.5876652113808102,0.5154356010569888,0.5921678883943006,0.8354052121166432,0.5373243566456779,0.8738915919323428,0.5750843306560189,0.7410552589149401,0.6272416766266169,0.5219346640352127,0.6367438192711923,0.6330775757564077,0.6548211179769174,0.5253950769933571,0.600401427333503,0.9300801945278109,0.5789285111150579,0.7173117101139593,0.6484251575216777,0.6326042516473892,0.6474984081803089,0.588692696280973,0.6168689947219315,0.42913333236221235,0.6073320463225506,0.6473707717028261,0.5314552931257621,0.6134598344974626,0.5861403976110292,0.4733259823724399,0.5020386220460022,0.514961303082817,0.5757394402945032,0.4877384294875736,0.7318963614492628,0.5733659610645607,0.6325381509435584,0.49837140273689673,0.6274369219512582,0.4435086712900041,0.3607041090753839,0.5911895198498698,0.6247310492418375
Finland,0.5500974260554622,0.3621159554224166,0.5231861455248664,0.5234932484476732,0.4593001828402998,0.4999653894589231,0.3157624077592828,0.4438176078633151,0.4825961726928847,0.4971414658996902,0.41107606822370407,0.36041690717705027,0.4541594456273319,0.4321855772222739,0.8439719662957224,0.46922128242698435,0.4878298021682052,0.5375603522763596,0.5462629824425222,0.46477908818225533,0.4731899696126487,0.4679857063575686,0.4970241924964672,0.5320796834897134,1.0,0.3691130947230312,1.3552891044918671,0.5383440252799718,0.8056378983584995,1.0652159911333678,1.0650145174461967,2.1376475397977095,0.9278791159319745,0.5572150889654486,1.5538602230934424,0.3798257985484962,1.035087681302438,0.8367743385880981,0.5843469192635962,1.5170226710707644,0.7205129274226268,0.9900877637390527,1.364244676715532,1.7840586780464525,1.3098413155692297,1.574056185587949,0.9284934254069512,1.282431790371094,0.5068071385324158,1.1542590084130837,1.0188045509064063,0.48650942073282516,0.6069582067462519,1.7220405680720667,0.4177173511776524,0.7853014588588333,1.1103770258158983,0.8052827020369882,1.0574928358811084,0.7856901697439064,0.7923895066071743,3.61392759352235,1.1170190865643825,3.3458270579205447,1.421685481729644,0.7666847646000473,0.37805439933355905,2.754180258147216,0.16840667394240344,0.46155707646322447,0.5541595967107252,1.7593621327743796,1.7943688170008483,0.6021117090200496,0.9949009537963686,1.3909723703668073,1.0043190195470504,1.398895553927257,0.8798812258880606,0.7553045544576173,1.279727036677775
