Country Name,Albania,Angola,Australia,Azerbaijan,Bangladesh,Belarus,Belgium,Bolivia,Brazil,Bulgaria,Cambodia,Cameroon,Canada,Chile,China,Colombia,Costa Rica,Croatia,Czech Republic,Denmark,Ecuador,"Egypt, Arab Rep.",El Salvador,Estonia,Finland,France,Georgia,Germany,Ghana,Guatemala,Honduras,Hungary,India,Indonesia,Israel,Italy,Jamaica,Japan,Jordan,Kazakhstan,Kenya,"Korea, Rep.",Kyrgyz Republic,Latvia,Lithuania,Malaysia,Mexico,Mongolia,Morocco,Nepal,Netherlands,New Zealand,Nigeria,North Macedonia,Norway,Oman,Pakistan,Panama,Paraguay,Peru,Philippines,Poland,Portugal,Romania,Russian Federation,Saudi Arabia,Senegal,Slovak Republic,South Africa,Spain,Sri Lanka,Sweden,Switzerland,Tanzania,Thailand,Tunisia,Turkey,Ukraine,United Kingdom,United States,Uruguay
Albania,1.0,0.8597953337290302,1.6755329520257367,1.8138547676030419,0.5265936360554965,1.8212544736732852,1.4724644945857355,0.5928852162686287,0.4116314293127149,1.7725595171317179,0.7249558246318628,0.8590607248425622,1.555766777967249,0.6642626573897714,1.1211864552224968,0.4790319504908154,0.43379496000855394,1.477300872544926,1.942992321260906,0.8176909068532595,0.4652940181370092,1.7096294613039087,0.36048241226528194,1.8947420211420054,1.2458322589474637,0.9587138038741566,1.885875765172399,1.2643859970178533,0.6244065575103213,0.5162263337970223,0.5244243247368388,1.3739012542503586,0.6456412366741555,0.916712229816115,1.2702492901343077,1.1211041840566505,0.5017440875733498,0.6325537206082729,0.865929785758797,1.9617124950872558,0.7886376426583384,0.5803665298913266,1.9004778402759475,1.8732254915617723,1.749615710804215,0.15238307576883664,0.569360850937809,1.882425282979091,0.8051013556138181,0.4198330437987851,0.5167441553940904,1.1933364357493372,0.8304761569492054,0.3863447234869847,1.0121596372999757,0.5982431166762506,0.42804124929187315,0.6336759401258482,0.4741545266399161,0.7679524472076814,0.6732947166933294,1.7566477428124967,0.6467337275222487,1.5975455928032987,1.8925195707073228,0.7007540050702469,0.9518089153822462,1.7970852886237987,1.2731953167861665,1.3044837454317384,0.9574537040105319,1.9625908744979255,1.361386838675476,0.9306490336668066,0.5276035191736709,1.7242629405610865,0.5254791589273539,1.8956149813913101,1.738983980937084,0.9080306929179551,0.3354127099468459
Angola,0.8597953337290302,1.0,1.3630020063677888,1.5170849143246563,0.38586950407653525,1.8167646169889045,0.9264875549432903,0.3097676348183693,0.5028107627821047,1.3780498707122346,0.21800264411009318,0.01826005231010731,1.1105363692935237,0.2717835077197597,1.3583453084964354,0.447477650374959,0.4514916511499797,1.1556630267344814,1.7286569828502236,0.5339763266423181,0.4290068918131628,1.850839112640154,0.5429147228496346,1.5610901470619771,0.6244462388896217,0.3588277936854033,1.8860833415598388,1.7717135767813585,0.25473156634913546,0.41031530642415287,0.4080041510793719,1.3583366441324478,0.2886179322611899,0.07542291377122864,1.2416378802516927,0.33868678188958545,0.40065225907294777,0.3698628737506751,0.032565656936979,1.8500841264801584,0.1043343471553967,0.6162717417120029,1.8930800196617397,1.7849896825126683,1.8868134005287718,0.7515835486525215,0.3194243253624142,1.9088159609741062,0.41593289524662325,0.4877930542377171,0.4127556087628712,0.5929273266231252,0.05365079860465062,0.8311429525774197,0.42562678299537754,0.44223015464761994,0.46501558552108685,0.24379411141732696,0.4251559973754871,0.17308265175122625,0.20697227173853577,1.634225251377518,0.4763523401390284,1.5009270240157495,1.8159929481395845,0.1760855177484758,0.25260387676803486,1.682482716750936,0.5841019886288015,0.5575114011168485,0.1138236850156085,1.7202252180944244,1.7326408762382657,0.0926454967738664,0.369920727296399,1.8564276565515463,0.37398916611930416,1.6737288137461812,1.29473696102446,0.272327583988258,0.5740516415034868
Australia,1.6755329520257367,1.3630020063677888,1.0,0.7917045606199585,1.5567457866028278,0.9823847459019475,0.7122322922771132,1.5211846346030922,1.601870184561081,0.6050086743183468,1.3550230809047232,1.3589802247007376,0.5076359812167289,1.3826479189047332,1.3693353059656095,1.5892659985478987,1.528374496908977,0.6919064606524332,0.8576601168833814,1.5121024044248006,1.558775965056834,1.1714701823077784,1.590441041945885,0.7656479783536355,1.0018134732357884,1.1977029521538205,1.0266712484791078,1.77707235725239,1.4566662576152647,1.5775110501318035,1.5686496999325472,1.5203737949643457,1.5161889013656091,1.344709083983165,1.106375144372376,1.161402580193511,1.541707182608011,1.4102251288607122,1.3453587101899513,0.9869428728273998,1.4195487462236474,1.3526676670737046,1.1019618084268696,1.1603671322083273,1.1492110315958581,1.631161383117352,1.5172150989212492,1.0930951074270978,1.2815083362086634,1.5883875265675282,1.5268588977236934,0.969455944235082,1.3735534797607338,1.5383387931576584,1.1396775857600936,1.3707859416007588,1.5688167086025762,1.4569764430836496,1.5406854854441014,1.4295568721757652,1.4663828443993108,0.8097598260649626,1.544213009969887,1.2695935733171284,1.0063960070625702,1.442701295571707,1.221778939232407,0.9714797512400172,0.9599628143431161,1.075983849223172,1.3270212759756916,0.9169183589208934,1.3829892879687935,1.3478906016675798,1.5305217816014487,1.1415943554668926,1.541190704568381,0.7637500432417691,0.5666928513640269,1.3634614580264168,1.6312796629398079
Azerbaijan,1.8138547676030419,1.5170849143246563,0.7917045606199585,1.0,1.7125082811953285,0.7551291536188935,0.8560281770210868,1.6786160918123232,1.754978342276281,0.8085636727551538,1.5469042416592214,1.5106585335399945,0.8388633886360268,1.5611757411448681,1.3144802947571914,1.7401640343434295,1.6983571349527302,0.9616507993139635,0.9016541157670741,1.709706469962533,1.7177229826524163,0.9632456318924897,1.7585572052272278,0.829808434658298,1.0747480810128698,1.3352614400324965,0.7972959476006374,1.77812175634674,1.618136324474248,1.7260821469006944,1.727908521510105,1.6513616057611105,1.6768729414274952,1.480579555079024,1.2591390232153263,1.321998516925901,1.7106359517018614,1.6279104269563407,1.504457388611554,0.7324761321439545,1.5793013334092438,1.5432967909164477,0.8292771181620018,1.0679197586209146,1.0539702965562592,1.800150167950455,1.6727573248810246,0.8523029191766561,1.4127790717964672,1.7472688272031525,1.7113228100394275,1.2467863706540507,1.5200135467845086,1.7496900681520402,1.3398972252670358,1.549439990844687,1.7267712390977041,1.6196676520652673,1.714121618028113,1.6060847692396132,1.6173122943916054,1.1098289012079687,1.7332759779876734,1.4400594908846114,0.720786638072566,1.6041157775242674,1.3757127106161433,0.9953386430012369,1.1054372709980984,1.2254142960996455,1.4680226924649102,0.6532822377722639,1.375683451614822,1.4979122194285834,1.696454808684309,0.9457066215325238,1.7014400170529655,0.4647451229359745,0.5271321917352504,1.5371801031221684,1.7716768713751585
Bangladesh,0.5265936360554965,0.38586950407653525,1.5567457866028278,1.7125082811953285,1.0,1.893571528310817,1.2138152078418671,0.07742084617866701,0.12335664740007495,1.5923892031566085,0.3243924176996077,0.3901600502251169,1.3577296023081695,0.3060667587741957,1.3066717773079004,0.06416668604342235,0.1593720135829303,1.3413414167130604,1.86034539184604,0.456983987572779,0.0721491959088807,1.8712133506321402,0.1809349103297426,1.7394317222330336,0.9397566476126553,0.6233483239116737,1.9570229171655509,1.5699553985315093,0.18732763121686416,0.03737851921497858,0.03978591670343729,1.3004329179387937,0.1258978226912787,0.44933308780721287,1.3028805142225195,0.6999508967285467,0.05621178087169163,0.3206331974634169,0.4014617562238579,1.9575356109764273,0.2926610886748927,0.5319027940898698,1.9629049424209644,1.8517425594682864,1.8963782655599293,0.41089625874189495,0.0815338896357613,1.9672006182909627,0.5570611012332571,0.11188367563641065,0.16379183006139073,0.8644174247197882,0.36757423299948305,0.6001996525441621,0.6803557919083054,0.4034736123953611,0.10957350315953869,0.1830996327940221,0.08997288030502533,0.2687446703646533,0.19366016750723006,1.7274551864031618,0.29321189050834096,1.5277253187239146,1.9183381067834187,0.216968292461836,0.5696887751977814,1.7801607977696081,0.926170546065155,0.8957507251238928,0.4848425967282763,1.8790467185449256,1.637494565073122,0.44831424364746564,0.05256545044378315,1.88045988308624,0.03238178084958056,1.8387682876630256,1.548159330309522,0.44946002291281517,0.20547584478217695
Belarus,1.8212544736732852,1.8167646169889045,0.9823847459019475,0.7551291536188935,1.893571528310817,1.0,1.3327979811848374,1.8843485124074528,1.895269310330864,1.0749825911341548,1.8000234054294837,1.8104408960442586,1.1410782420281105,1.7954358225569451,1.2321722981913,1.901678603410397,1.8547197678003355,1.2600434915933558,0.8664246428123153,1.909166819807083,1.8814271991973384,0.4226226647657822,1.8840337163798864,1.0460327209614213,1.4909128871407604,1.6684324404883875,0.3340003521826222,1.4195544450105102,1.8400652851278771,1.9004114575663997,1.9038399243435709,1.6179769937264203,1.8949507007961155,1.7992604552230878,1.225163035191782,1.7049490642767762,1.8850825040422055,1.7984494411752494,1.8081035576291826,0.5092762721030881,1.8521280765409815,1.6940222280403858,0.48715302797943744,0.8224769055795113,0.48259485422190734,1.8492081146615993,1.8732322614434906,0.35611577756399176,1.6693244935495375,1.8925490133530167,1.8744725401067268,1.5902560950434892,1.8103381403171492,1.7429214366789219,1.6532440855502128,1.738078881785892,1.8773346342962072,1.8445911894169347,1.8801739433723956,1.8674215591771797,1.8549857211639962,1.0326277910638502,1.9229540228953863,1.4133746567914844,0.31699813726033527,1.850601321043539,1.7045466548440344,0.9745760161415128,1.5380588758128515,1.6314969338029028,1.7967170956934657,0.6951232800194879,1.023683883825973,1.8168792704624914,1.8811161957349187,0.39186924461047906,1.8843575248145223,0.4954491155646167,1.0138790449781374,1.815752945913696,1.886410172667143
Belgium,1.4724644945857355,0.9264875549432903,0.7122322922771132,0.8560281770210868,1.2138152078418671,1.3327979811848374,1.0,1.1586028752518385,1.2907691380423956,0.7068427999248474,0.9503362254384162,0.9207540261147923,0.43074020886870035,0.9922477166747806,1.3593818335296683,1.2621880797086986,1.2024641355268364,0.5580004982825717,1.2012447837645106,1.1722364405286032,1.227698849215795,1.47448391078455,1.2930766483070553,0.9816744570393905,0.4621702515424861,0.7046535369591115,1.3917463257038025,1.9159665954805718,1.075970980731653,1.240178237613691,1.232455618407395,1.521537541582838,1.1481821902540927,0.8943536817113155,1.0616949764253572,0.6538955574923769,1.2044527356152643,1.0885011078132436,0.9049780707746029,1.3217285736033415,1.0068218933176678,1.0667849403310925,1.4304662366542111,1.4610887803918982,1.4923311891447801,1.3988776345393226,1.1561420042203638,1.4492697788281708,0.8767678346571598,1.273997171998955,1.1896079579557208,0.5562346501232173,0.9410205317669061,1.371009113100282,0.6470576225084258,1.0182060542380282,1.2471956030237685,1.0747703743823531,1.2102354946840803,1.0295611062746246,1.0757832120305273,1.1250074587006107,1.215678114046729,1.325312766036981,1.3342412965013744,1.0454645963000355,0.753590662100471,1.1700340090670243,0.4178227732960409,0.6068872603145115,0.8725408483596024,1.162507960146613,1.5671174733808857,0.903083187186842,1.1840024200377042,1.459066378917496,1.195744504406121,1.0563459213530213,0.5391482562456699,0.9720652179218632,1.3378531062480914
Bolivia,0.5928852162686287,0.3097676348183693,1.5211846346030922,1.6786160918123232,0.07742084617866701,1.8843485124074528,1.1586028752518385,1.0,0.19913015140312262,1.5532572141558743,0.2663685468266203,0.3143975159590459,1.3112127628317316,0.25899721916819507,1.3177394898576984,0.14067408599774517,0.1957134525485086,1.3046707233826569,1.8389670410223635,0.44894823958454244,0.13276251134431163,1.8727604383363474,0.24994150697571477,1.7078697360209676,0.8778774413259532,0.5632618030554625,1.9489049512171301,1.6151488693169227,0.1328905580345938,0.10511907984547135,0.10342619016757568,1.3113765958469041,0.07157097862229851,0.37421154034534193,1.2901104203936664,0.628388486135271,0.1050096071439688,0.29561114505940245,0.3256921782107009,1.9420484211406395,0.21642823085876595,0.5329266829011516,1.9547302600659082,1.8438964710560146,1.9004034281587827,0.47744776923210097,0.04459809563215291,1.9616507962730583,0.5133425410365943,0.18546186496238384,0.1789111889576372,0.8074915863814709,0.29267606586986605,0.6394891563666895,0.6228613669604202,0.38584056792088206,0.17284181368778848,0.12323592921684237,0.1386339808494016,0.19940679499769895,0.12150700048366968,1.7120550244958932,0.3004511343802517,1.523528918901187,1.9039308771207233,0.14185263417153585,0.5018131336783764,1.7644071564995834,0.8598194567425474,0.8293305902201288,0.41020179297259707,1.8529049319470832,1.6608417107294984,0.37360595928600737,0.07687399188574313,1.8813491242144893,0.07157402944558883,1.8115868279063172,1.501954925110599,0.3933329116459056,0.2781539634224552
Brazil,0.4116314293127149,0.5028107627821047,1.601870184561081,1.754978342276281,0.12335664740007495,1.895269310330864,1.2907691380423956,0.19913015140312262,1.0,1.6487788414813902,0.41580630175013733,0.505909839215342,1.420215820556646,0.38174238953640954,1.2749163021369498,0.06964428971827669,0.1455376018548208,1.3890300119670893,1.8911412034321045,0.5098511725108628,0.08377248855592229,1.853555332407262,0.08039943646601204,1.7873168101058614,1.025522589574112,0.7089388573038968,1.9585353704327777,1.497212231956152,0.2822501681683901,0.10937078581970755,0.11736925674020779,1.2997643506073722,0.2457770613147568,0.5651555924090732,1.3089128259575804,0.8083823212972681,0.11610196580771627,0.37211576703967597,0.5165820460688062,1.97419180723362,0.41320137959519054,0.5269239761064283,1.9655358761569173,1.8633347791175716,1.8787736829621813,0.2988332074120077,0.1890087801586376,1.9649614988818243,0.6157080186973555,0.025871992936853133,0.195990534526305,0.9497631036801142,0.48114408524879854,0.5309682231176194,0.7647819951993097,0.43129860629529737,0.066281602788929,0.2836986847938707,0.1090631912739529,0.3871554860284786,0.3064439312519414,1.7463802708851301,0.33277652443082856,1.5414332405583788,1.9298881090617226,0.3326934365858504,0.6672096450342085,1.798285408892382,1.0212883883539832,1.0000590133634062,0.6019054289100905,1.9136606252451178,1.5883340423300403,0.5670332378410015,0.1425353651185129,1.864083578743595,0.13281862003078024,1.8706696245772563,1.6109345497332832,0.5528167489183395,0.0882934932144438
Bulgaria,1.7725595171317179,1.3780498707122346,0.6050086743183468,0.8085636727551538,1.5923892031566085,1.0749825911341548,0.7068427999248474,1.5532572141558743,1.6487788414813902,1.0,1.4068561723300437,1.3766923371218556,0.613471406426129,1.4543382809602343,1.5898846883337523,1.625905584968057,1.5952439689035667,0.6944561447916383,0.6525979165907623,1.4463361321878325,1.6082518400085297,1.312196361034752,1.6476354050726854,0.47443996879534783,1.033500988996622,1.2489365081856394,1.0667000317370552,1.7992357025525498,1.5083682029990213,1.610923809542888,1.5990840851569645,1.3658588057132686,1.5328081608415758,1.352789160861555,1.206963732175935,1.143850836711678,1.5846980058798856,1.4997567162435903,1.365622431906391,0.9159093050027487,1.4329124771428852,1.4976447542993416,1.116624131171761,1.0545556830439242,1.1700068838614814,1.7148723723470183,1.5585990707037345,1.1311934286786471,1.3927032292603314,1.6370997428080731,1.5633482749937473,1.009161145896328,1.3994455823749945,1.6706939185823266,1.1392656927937928,1.4743858404710561,1.6220839869468564,1.5049978198790497,1.589522747500177,1.4348912279060608,1.5034727316326157,0.6957607450793843,1.5411050808166757,0.9603022509793167,1.0431925846518109,1.4737060627204932,1.2761032310312153,0.7714079508637133,0.9816518552131037,1.0055295691619597,1.3209576031216106,0.7649315407119855,1.462406389641382,1.3406140901634938,1.571939337224376,1.2765605694789297,1.5818000959116063,0.7569364021140894,0.5503990623119523,1.3498811076885775,1.6882186480468866
Cambodia,0.7249558246318628,0.21800264411009318,1.3550230809047232,1.5469042416592214,0.3243924176996077,1.8000234054294837,0.9503362254384162,0.2663685468266203,0.41580630175013733,1.4068561723300437,1.0,0.21308841110057214,1.118985986181358,0.10143643554776959,1.2779987515598858,0.3828561858374088,0.31406672315200546,1.1192917788156067,1.7603061388121377,0.5348695456286179,0.33493239629327604,1.8104318935766013,0.42613827474576177,1.6073393835817824,0.6725067586756062,0.33860828251391295,1.8762813566236154,1.7079584988603096,0.1625628877556571,0.35954320738288725,0.3514926537534799,1.368184376823206,0.2811877985389025,0.2802567580677676,1.1798325888750671,0.45909769808451295,0.30769546267803705,0.2732218348838394,0.20780662879802672,1.8710279793605016,0.20971604630550664,0.43274203119911425,1.895859274335478,1.8116530864771156,1.8389694607245088,0.6089944521899417,0.25445470361755873,1.8998562489963047,0.3361551978968871,0.39466428248165225,0.3182913873661714,0.6045127365638927,0.19992125616615944,0.694327420122923,0.38953362201766456,0.2537866057821787,0.3604740870937022,0.16197809239320585,0.3152576310166942,0.21733736198812934,0.19608466487813564,1.6099519624677567,0.43669451286695166,1.4933224416185051,1.8306456904562514,0.16198764747592412,0.2940985986067874,1.670493873081379,0.6537141210991052,0.6889181191654005,0.3143184389605129,1.7699913483780263,1.6257067979364055,0.296557524717217,0.28263029345590907,1.8146170609033334,0.2981571436460789,1.6988927972284062,1.3381719597331576,0.355073706286502,0.4801156789606591
Cameroon,0.8590607248425622,0.01826005231010731,1.3589802247007376,1.5106585335399945,0.3901600502251169,1.8104408960442586,0.9207540261147923,0.3143975159590459,0.505909839215342,1.3766923371218556,0.21308841110057214,1.0,1.1039432569962424,0.264898358081153,1.34926517043068,0.45177099893735273,0.45112905569776374,1.1521126540367639,1.7293325477209132,0.5458976615487692,0.43121558225762247,1.8446584842551228,0.5452808723890952,1.5624830216217083,0.6130701443229186,0.34634568623922135,1.8822176007853364,1.7734654476087741,0.25284250777488326,0.4148944012197519,0.41357578669760603,1.3640119583524182,0.29662390452389664,0.07216162003879986,1.2337003380390772,0.3360913920313866,0.40412212670703695,0.36579730685362005,0.030419747193526456,1.8477646930414011,0.11535969945491303,0.6080100109748688,1.8902173459919156,1.783680894400888,1.8826371750440918,0.7521722597025947,0.32176413133941806,1.9051145237054494,0.40064772451612407,0.49087731166995063,0.4153843467161835,0.5892367025348189,0.042241474626649574,0.8275747622116896,0.4176334396534281,0.43241551969104836,0.4665122266487166,0.24294796504522553,0.42794051681502787,0.1848732713389804,0.20852237677501875,1.635112573273168,0.48636377754627375,1.505427586739591,1.8108414912625688,0.1787084466825794,0.23865099887117325,1.682299709294015,0.5764831538926937,0.5564749616720437,0.11576219926900073,1.717957156834259,1.7284994859443876,0.10230967110040397,0.37315830002300077,1.8504493946454827,0.37731561031590916,1.668379937738107,1.28947906940629,0.2770215618209633,0.57571724038941
Canada,1.555766777967249,1.1105363692935237,0.5076359812167289,0.8388633886360268,1.3577296023081695,1.1410782420281105,0.43074020886870035,1.3112127628317316,1.420215820556646,0.613471406426129,1.118985986181358,1.1039432569962424,1.0,1.1548037406515403,1.3508422614688103,1.3993273801068584,1.3368208223051412,0.6829358842372737,1.0560674981342872,1.319839118904688,1.364986843300437,1.3439761115741504,1.4176513493085392,0.9089621507873368,0.678095030955577,0.9089897057167159,1.2489789336367614,1.867698919518788,1.2326463861396333,1.3813982647315142,1.3746159496712302,1.4735361049211684,1.3047805527058904,1.083051917875965,1.0171425352808527,0.8748177209649209,1.3458186079531484,1.188362545957972,1.0926726047376096,1.1820841827464266,1.182291270494179,1.1682534985041184,1.3151587624704104,1.26996367388856,1.3246945012429623,1.4957327074415137,1.3063457668696685,1.3094445542270299,1.031706022950944,1.405834543399287,1.3286887341074582,0.682267047380434,1.1198684071410694,1.4258470569488775,0.8377203391048297,1.151273049032279,1.3787376581110908,1.2329396346582953,1.3488464920197198,1.201646222981154,1.2395837473472444,1.0079253076690353,1.3728522903633897,1.2796559339609168,1.1652416496270575,1.211943144711005,0.9446518241416905,1.1348381570075907,0.6530071199075803,0.7677369062964722,1.061903056297333,1.0487989894843979,1.5146393888796923,1.0917507297531146,1.3291318918953872,1.3243181665495074,1.339677782262223,0.8875269975177158,0.4906117897800692,1.1096475239571753,1.4582465060321388
Chile,0.6642626573897714,0.2717835077197597,1.3826479189047332,1.5611757411448681,0.3060667587741957,1.7954358225569451,0.9922477166747806,0.25899721916819507,0.38174238953640954,1.4543382809602343,0.10143643554776959,0.264898358081153,1.1548037406515403,1.0,1.2318697347265324,0.3588297879427886,0.26496171652209527,1.1476853758627836,1.7960732928201093,0.5937322942177317,0.300749861103094,1.7866938298001611,0.38875273742920385,1.6535244162129694,0.6957041135936922,0.3636588352342975,1.8747200041061003,1.6891449196283965,0.1325665838047954,0.3392111531968769,0.3392774351596287,1.4136398709697349,0.296720348379765,0.3288062398056584,1.1549221191321983,0.5195530314080521,0.28713555173943417,0.23787756354555142,0.26188252884701974,1.883276849385594,0.25729938297051663,0.3878253078496812,1.8921704839061873,1.8383072739279689,1.8351311423744021,0.5591082802938022,0.23269753157530654,1.895761175443278,0.28559071967070654,0.36079083369612286,0.28791321763432276,0.6674149482835885,0.238033980489966,0.6283286979289113,0.4437486428931459,0.1871289555600864,0.3224714811392302,0.1421856200764341,0.2893809475466976,0.27845781676967424,0.19063936634274894,1.641800064643646,0.4592987036250613,1.5434273037146986,1.8277819746224568,0.1844588202688075,0.3218859478005982,1.6918006867066901,0.696809023417949,0.7559950626352272,0.3751268210446052,1.789645098267263,1.6051160102016364,0.36037362906877213,0.26408127452172714,1.794052814746261,0.27699904938567166,1.7104178534599814,1.368659941443144,0.4325694785678608,0.4336708260685337
China,1.1211864552224968,1.3583453084964354,1.3693353059656095,1.3144802947571914,1.3066717773079004,1.2321722981913,1.3593818335296683,1.3177394898576984,1.2749163021369498,1.5898846883337523,1.2779987515598858,1.34926517043068,1.3508422614688103,1.2318697347265324,1.0,1.3018700011865496,1.2270880978828644,1.296913148379084,1.6786382253271797,1.493296594625613,1.2704603086289927,1.1109677313370423,1.2536418160804095,1.7149306369116053,1.274014467707532,1.2380138876389875,1.355056566897823,1.3233957849076707,1.2691420471505868,1.3102961887175482,1.3232614491149093,1.5941520063344705,1.3572651643033535,1.365262790038883,1.106625395315842,1.398148967568962,1.2923774244732789,1.2687158459066565,1.3515904002334824,1.5057057290803462,1.3661565164653817,1.062264044165611,1.431667567925136,1.5587626347682557,1.2899815049757344,1.1794210077970844,1.2916514188891577,1.3528682816617823,1.1215191887551241,1.274600703783267,1.2904555101183792,1.4106226064919827,1.3294581053241026,1.1073360728856247,1.2969580047502318,1.1293767295589097,1.2549617928278067,1.2799791256565882,1.2786966949889864,1.3850046371837768,1.3063418003324114,1.5500123159576689,1.419042055089132,1.6631777623963322,1.3463614056577158,1.3198108894778977,1.2764157797542077,1.5489801267673964,1.3538360776736225,1.4817037451133965,1.393208951574903,1.5625692750777118,1.0973548197479768,1.4030982678658679,1.2937699560066276,1.1323137921464372,1.2948791029908115,1.3795488294412794,1.3894572271156251,1.4176007494987568,1.2389769536907063
Colombia,0.4790319504908154,0.447477650374959,1.5892659985478987,1.7401640343434295,0.06416668604342235,1.901678603410397,1.2621880797086986,0.14067408599774517,0.06964428971827669,1.625905584968057,0.3828561858374088,0.45177099893735273,1.3993273801068584,0.3588297879427886,1.3018700011865496,1.0,0.16558430492170853,1.3770178825212667,1.8770299467730591,0.472253823851013,0.07313473099808614,1.8709185702874567,0.1412787212382959,1.7647122338199455,0.9925965629631914,0.6784817296570265,1.9635491531046596,1.5320932661647242,0.24519066333228165,0.04185781677698208,0.053701231660356306,1.291281134525034,0.18075980692385724,0.5092403316737758,1.318522275279003,0.7587243006150148,0.08516989983094785,0.3571528208057094,0.463500914291484,1.9688044540085168,0.3540166754031531,0.5488308350878793,1.9684802706191131,1.8562910673386832,1.8948087472303872,0.36648725534888354,0.14137085542290584,1.9712527047813684,0.6018570749156763,0.0686449538731572,0.18282174442375979,0.9160624009920081,0.42878856212796246,0.5788267199239275,0.7345723729733403,0.43675470956291146,0.09028663624386625,0.24301622970955378,0.10152958814013045,0.32799701568207773,0.2547975924604116,1.7430832908382439,0.30271717607751486,1.5330597544238578,1.9288121668379912,0.2803322859570377,0.6284981914362728,1.794721706621592,0.9820567168380757,0.9490734456506877,0.5442650451490073,1.8982174553314786,1.6230442218561434,0.507772910355845,0.10259546983782308,1.880919727688488,0.08637438184428514,1.860501384945754,1.58659549766479,0.49856972821744683,0.15183145830754272
Costa Rica,0.43379496000855394,0.4514916511499797,1.528374496908977,1.6983571349527302,0.1593720135829303,1.8547197678003355,1.2024641355268364,0.1957134525485086,0.1455376018548208,1.5952439689035667,0.31406672315200546,0.45112905569776374,1.3368208223051412,0.26496171652209527,1.2270880978828644,0.16558430492170853,1.0,1.3019415968603336,1.871451676680814,0.5464189782926253,0.09529787453577686,1.8151761539019313,0.1296785557125347,1.7593432452520352,0.9325783414785387,0.6045238191628654,1.9265766862647071,1.5440481079903399,0.20394675168643983,0.17885832987845843,0.18105985337564504,1.3487941341853693,0.2590303066604875,0.5167075210588308,1.2347247230791674,0.742328592039059,0.11593433651681423,0.2911333446207222,0.45755446821298784,1.950412371339224,0.3786923069494108,0.4069857650131213,1.9410001983903478,1.8649095439591674,1.8483758556273169,0.3159926611816575,0.1628514259235972,1.938015510966664,0.49778882382004297,0.12506975575996246,0.16788079956311733,0.8663986704743843,0.4236507138760998,0.4951935868559649,0.6634315704292774,0.29177371537101715,0.08475726959560118,0.21225450070172158,0.08804257009381442,0.3608188606884869,0.2623169312813231,1.7072010484141356,0.3683531435301522,1.5456396270305326,1.8983459406912533,0.2824893367504809,0.5740540941608886,1.76104432113579,0.9357488955583536,0.9520099421041889,0.5582381132587257,1.887233361726383,1.5570342582024235,0.5288581371211128,0.12744335562728726,1.8245920877817206,0.13628787088815758,1.8237910101212644,1.5436256431787514,0.5315723561978455,0.18316424205533466
Croatia,1.477300872544926,1.1556630267344814,0.6919064606524332,0.9616507993139635,1.3413414167130604,1.2600434915933558,0.5580004982825717,1.3046707233826569,1.3890300119670893,0.6944561447916383,1.1192917788156067,1.1521126540367639,0.6829358842372737,1.1476853758627836,1.296913148379084,1.3770178825212667,1.3019415968603336,1.0,1.148172105974278,1.2916441994773253,1.3407386191144364,1.3438767365866695,1.371051363196854,0.9996793835386161,0.8364542979683495,0.9660205113521229,1.2716747234927124,1.7866157376791203,1.2346787221974211,1.366446600348848,1.3545432832407747,1.4935619122674422,1.302373651906136,1.1472602252388036,1.059509328471951,0.9629112278059552,1.3207379367792078,1.2559201369700437,1.1340269960238858,1.2562543482882789,1.2083396414835597,1.1605796846900034,1.3343767192853713,1.447092836045964,1.3021611127935222,1.4186739666190331,1.2994119391771197,1.3310321427814362,1.0684268137101147,1.3721386397442916,1.2997525173425892,0.8575000453220208,1.167031700239219,1.3849675809951756,0.8717623884251098,1.138551285373427,1.351644950411064,1.2352891932572994,1.3169408817160781,1.2117294607816893,1.25040801459831,0.9245226397850411,1.3160694507671469,1.1720918589955216,1.2961312305627886,1.2236968137398814,1.015897301775459,0.9815479439945627,0.8070264572647411,0.9775994173292699,1.1354078115368733,1.1954441462636731,1.3426872097421259,1.1505420202228174,1.309168934379668,1.3192811468457086,1.323521337219416,1.0601380648885703,0.7408549236079464,1.2054105571256937,1.4229670304235416
Czech Republic,1.942992321260906,1.7286569828502236,0.8576601168833814,0.9016541157670741,1.86034539184604,0.8664246428123153,1.2012447837645106,1.8389670410223635,1.8911412034321045,0.6525979165907623,1.7603061388121377,1.7293325477209132,1.0560674981342872,1.7960732928201093,1.6786382253271797,1.8770299467730591,1.871451676680814,1.148172105974278,1.0,1.6998420693429646,1.8736311628468725,1.1210664037817761,1.8903022962617344,0.3548781918789419,1.4850211608283823,1.6583049373340835,0.7507305129140792,1.554930429190918,1.822981422076807,1.869029266947606,1.8594912720194077,1.325532382370776,1.8190021634122697,1.7089844120400346,1.4412302458003199,1.5574701007058067,1.8572913962078292,1.8039679608980694,1.7230598685985865,0.5176359207785333,1.7611683609341846,1.8036130112089683,0.7945221972873803,0.6813677819562981,0.9236698423435544,1.9160423899331522,1.8466669184184654,0.793406884900258,1.759550994150472,1.885800467089045,1.847018664768086,1.4285258511348697,1.7471484133434272,1.881558497493707,1.5841339213716803,1.809058096926417,1.8813302975584767,1.8195167434715278,1.8610253826900147,1.757019355465705,1.815094941858157,0.5946997462025405,1.7946244282510024,0.9328885011695792,0.79182635672284,1.7948828639099819,1.6734634537471516,0.7053632382462727,1.440845683882187,1.4076133665579722,1.681065011841716,0.5078886821691473,1.3793640854919242,1.6930177295601987,1.851431780629495,1.078480313292026,1.8568062860224928,0.6804448654855985,0.8885554408978518,1.6807598886964308,1.9143883690841408
Denmark,0.8176909068532595,0.5339763266423181,1.5121024044248006,1.709706469962533,0.456983987572779,1.909166819807083,1.1722364405286032,0.44894823958454244,0.5098511725108628,1.4463361321878325,0.5348695456286179,0.5458976615487692,1.319839118904688,0.5937322942177317,1.493296594625613,0.472253823851013,0.5464189782926253,1.2916441994773253,1.6998420693429646,1.0,0.4992401714823659,1.9427063717513997,0.5292435904383365,1.555345380752653,1.0238458143096458,0.7619799600542568,1.942957995071177,1.5521847174689474,0.525313226704981,0.4640965808382832,0.4343235909211195,1.0875815774648125,0.3994589822468756,0.581649354160301,1.3806372698549174,0.7111943497710235,0.45961371658891637,0.603887089408865,0.5504435227736535,1.893644705006592,0.4654055807730405,0.7818626113723247,1.952075480968696,1.7451515645534779,1.8740499027921251,0.6902736278837164,0.4818049846365762,1.958903952853768,0.8349317966916218,0.5037006107545691,0.47889500070638774,0.8124773790577536,0.559127046916382,0.8709798563868979,0.7019368262040006,0.7015643784732506,0.5167526489885451,0.5123064022494723,0.4744663043508385,0.39387777718150363,0.5044183754178171,1.558299024608129,0.2928406536352785,1.2507649693294391,1.9244535818665844,0.4772272340163522,0.7293072326904653,1.6520176701861404,0.9591509754214684,0.8178519707835189,0.5684172816064847,1.7947773779511678,1.6618339212888176,0.5271031244213029,0.4594600466178885,1.9391422934930869,0.4659395277741756,1.8162940702531403,1.4901354424588622,0.4539837440399522,0.5799225291569047
Ecuador,0.4652940181370092,0.4290068918131628,1.558775965056834,1.7177229826524163,0.0721491959088807,1.8814271991973384,1.227698849215795,0.13276251134431163,0.08377248855592229,1.6082518400085297,0.33493239629327604,0.43121558225762247,1.364986843300437,0.300749861103094,1.2704603086289927,0.07313473099808614,0.09529787453577686,1.3407386191144364,1.8736311628468725,0.4992401714823659,1.0,1.8486886156335987,0.12346493018892486,1.7596702710265717,0.9540028246276121,0.6324334316077096,1.948453111831373,1.5464568585225473,0.19989533865963405,0.08446903879185096,0.09181941793519982,1.3189667568135064,0.19201744628123688,0.4931292838809417,1.280083139034138,0.736407758297937,0.050471602025817186,0.3111970333964117,0.44104818176242616,1.9604906990005584,0.34313774440452927,0.48602862298815425,1.9573770455366566,1.8603747381697122,1.878026117235825,0.3493738063435718,0.11282364039215649,1.9581058223123449,0.5438383607678621,0.06521031636737755,0.15240837339631366,0.8838411081458096,0.4054553798644948,0.5443427108840548,0.6918064991344548,0.3668282980107453,0.041829233480995036,0.20186179192694875,0.050595213214869,0.3221052838313707,0.23088982597043625,1.7281867030007458,0.32353640506383324,1.5405614208685756,1.9145026122751418,0.2560600454147431,0.5883131525570096,1.7806154560490592,0.9490662043205039,0.9370513566811579,0.5319678020968847,1.8907462718785646,1.6013646672147899,0.49843260889403634,0.06857639763921479,1.8585353360440857,0.06236919674542006,1.8415399765446834,1.5613198400488169,0.49752622298338117,0.15580294317906937
"Egypt, Arab Rep.",1.7096294613039087,1.850839112640154,1.1714701823077784,0.9632456318924897,1.8712133506321402,0.4226226647657822,1.47448391078455,1.8727604383363474,1.853555332407262,1.312196361034752,1.8104318935766013,1.8446584842551228,1.3439761115741504,1.7866938298001611,1.1109677313370423,1.8709185702874567,1.8151761539019313,1.3438767365866695,1.1210664037817761,1.9427063717513997,1.8486886156335987,1.0,1.8348554288197425,1.2898577321279514,1.5808579187552294,1.7089181527659925,0.4402552512070127,1.277477482754918,1.8310521822195662,1.8754198389364551,1.881564227316942,1.7429673964693644,1.894057933536147,1.8427438034039494,1.1830283319162553,1.7844077782718235,1.8599159064102,1.7900842548270421,1.8412276832082255,0.7400351391769536,1.8744686422816161,1.6580233350623377,0.5259784697834898,1.108559334981663,0.5100434954261625,1.763099068008669,1.85696470160864,0.41640138466076515,1.66298369379982,1.851855827975166,1.8426225289776295,1.698734393113772,1.8377632941328348,1.6436987990158145,1.717912511147849,1.713727161537054,1.8400042017227256,1.8376594364040806,1.8502600829424116,1.8903481680987235,1.8532077668372868,1.1525872251943996,1.9081387110317942,1.5438704551360092,0.550124097541472,1.8576416302067258,1.7462700806300306,1.041170872591099,1.6436460024521131,1.7680407703553527,1.8521900824054882,0.950763792506918,0.8512413311298439,1.8667501119784673,1.8601235467875952,0.06831223287873477,1.862365564387793,0.7886181495082895,1.2252606235003929,1.8879685845298173,1.8302365293962144
El Salvador,0.36048241226528194,0.5429147228496346,1.590441041945885,1.7585572052272278,0.1809349103297426,1.8840337163798864,1.2930766483070553,0.24994150697571477,0.08039943646601204,1.6476354050726854,0.42613827474576177,0.5452808723890952,1.4176513493085392,0.38875273742920385,1.2536418160804095,0.1412787212382959,0.1296785557125347,1.371051363196854,1.8903022962617344,0.5292435904383365,0.12346493018892486,1.8348554288197425,1.0,1.7904663723112284,1.0416918915591697,0.7194031117889925,1.9470417328327299,1.4724673808733995,0.3112624892659231,0.17880956722918925,0.1764859242615734,1.3039810312015454,0.2984488347080161,0.6081987626435866,1.290041541071941,0.8372898133441412,0.14923739078256198,0.382077269177717,0.5532211654657875,1.9721136687720153,0.457370006419024,0.4872013376353621,1.958211626948665,1.8668194362112986,1.8552504179118803,0.2330927654404511,0.2343577128722111,1.9541697262868798,0.6208687076135315,0.07482107180015925,0.21204111040045973,0.9546852501783379,0.5210725201725835,0.49013976540070325,0.7673604430985541,0.4111413654768162,0.09047484140459688,0.3150160386427163,0.12281084781218804,0.42617667167261347,0.3505997197375952,1.7258650969350826,0.3506267788503702,1.5308914588624805,1.9287065120055316,0.37150657069615456,0.6891132340659406,1.7831211307751693,1.0393281612521836,1.0323143730603124,0.6447090323544932,1.9211231597093117,1.545672860883004,0.6104349434631535,0.17933805921669468,1.8443118298140764,0.17965102927420376,1.8713631193933988,1.6168089280911726,0.5901337400553789,0.09730553121199643
Estonia,1.8947420211420054,1.5610901470619771,0.7656479783536355,0.829808434658298,1.7394317222330336,1.0460327209614213,0.9816744570393905,1.7078697360209676,1.7873168101058614,0.47443996879534783,1.6073393835817824,1.5624830216217083,0.9089621507873368,1.6535244162129694,1.7149306369116053,1.7647122338199455,1.7593432452520352,0.9996793835386161,0.3548781918789419,1.555345380752653,1.7596702710265717,1.2898577321279514,1.7904663723112284,1.0,1.298346783353616,1.4877681600142614,0.955831748980002,1.6944137314408858,1.686267760380061,1.7518657948333174,1.7399567620315792,1.3538448004634331,1.681752493924349,1.5369116372491083,1.413634900118185,1.3539045348994871,1.7373385014870708,1.6822186798270513,1.553533141624207,0.728796285347876,1.6025160563647403,1.6912491562215781,0.9692202142002262,0.9035713184877965,1.1255607374071028,1.8473181313744165,1.7183988828262906,1.0088453210435395,1.6211964686473768,1.7791401352554501,1.7271082447610475,1.2235660065976144,1.5854977075215873,1.8295842206018118,1.4004524101757672,1.6865663061038179,1.7728758774993498,1.6812148492120325,1.7439416656793165,1.599371866079783,1.6729288757813057,0.667223302116897,1.6568419546870545,0.9516488317395861,0.9629632834085202,1.647326666845652,1.5007194534896848,0.717256488409817,1.2337673435377556,1.1948155462233032,1.5032855985474185,0.6042746156525952,1.4793185928826655,1.516878339075348,1.7277576863021649,1.2511144544511508,1.7347210750735613,0.751745628410108,0.7130054930742543,1.5186183801408066,1.8227954011466694
Finland,1.2458322589474637,0.6244462388896217,1.0018134732357884,1.0747480810128698,0.9397566476126553,1.4909128871407604,0.4621702515424861,0.8778774413259532,1.025522589574112,1.033500988996622,0.6725067586756062,0.6130701443229186,0.678095030955577,0.6957041135936922,1.274014467707532,0.9925965629631914,0.9325783414785387,0.8364542979683495,1.4850211608283823,1.0238458143096458,0.9540028246276121,1.5808579187552294,1.0416918915591697,1.298346783353616,1.0,0.3909774765323144,1.589126588887465,1.922444200045341,0.7764826232973694,0.964891650547204,0.9675198084386886,1.5585896974482891,0.8783940603027621,0.5791651523239026,1.0047308383012965,0.40437059005554915,0.9388414051805282,0.7877835418605442,0.6027790828315769,1.551577516925302,0.719702756631895,0.8343081144553829,1.612075363262483,1.6192736414562345,1.659789570980206,1.176191531410519,0.8686362403788108,1.6302581162057752,0.5224700711261371,1.010176839997653,0.9191635063040334,0.48820367538639947,0.6226675054916889,1.1236761668199544,0.42776840773069175,0.7328924234202766,0.9761692505043947,0.7777369411264041,0.9488683219074414,0.7705002295457535,0.7727141188632126,1.4303075718878735,1.006801210061111,1.5050004126904304,1.4836292930672819,0.7526052091411021,0.40681108252536385,1.4399938890745916,0.18600989772475413,0.4737763146929223,0.575296531304402,1.380760541202848,1.6448357735410477,0.6184036434149711,0.9127505205510553,1.5824088103434637,0.9202354883818653,1.269809178572253,0.8206631292925599,0.7321387940396471,1.0695769021228907
