Country Name,Albania,Angola,Australia,Azerbaijan,Bangladesh,Belarus,Belgium,Bolivia,Brazil,Bulgaria,Cambodia,Cameroon,Canada,Chile,China,Colombia,Costa Rica,Croatia,Czech Republic,Denmark,Ecuador,"Egypt, Arab Rep.",El Salvador,Estonia,Finland,France,Georgia,Germany,Ghana,Guatemala,Honduras,Hungary,India,Indonesia,Israel,Italy,Jamaica,Japan,Jordan,Kazakhstan,Kenya,"Korea, Rep.",Kyrgyz Republic,Latvia,Lithuania,Malaysia,Mexico,Mongolia,Morocco,Nepal,Netherlands,New Zealand,Nigeria,North Macedonia,Norway,Oman,Pakistan,Panama,Paraguay,Peru,Philippines,Poland,Portugal,Romania,Russian Federation,Saudi Arabia,Senegal,Slovak Republic,South Africa,Spain,Sri Lanka,Sweden,Switzerland,Tanzania,Thailand,Tunisia,Turkey,Ukraine,United Kingdom,United States,Uruguay
Albania,1.0,0.013104393671727723,0.022809871482395116,0.03569102842123784,0.013372789834027635,0.039810773938086144,0.01961238844800453,0.012100198150192807,0.009525786922486438,0.02618346507402216,0.012394595382278823,0.012986248218329634,0.020155936522238134,0.012157268848873666,0.017280589359294538,0.012535639426335524,0.008492969285865796,0.02042969072335838,0.03081532224289096,0.013980940717406631,0.008571200082660166,0.025231263417949158,0.007249228274908899,0.029575947169006283,0.02027166403354215,0.014983136939878357,0.030404091661165603,0.017117838048978994,0.010884378989601519,0.011860863093243839,0.01593584084353798,0.017813115041310893,0.015904365567217214,0.01410751916574051,0.017861974442599862,0.020408066908825278,0.009490159983990033,0.01007933904437928,0.018150661863730554,0.04392095576329537,0.016154173177127012,0.01405972921796909,0.03843213446149785,0.03163503011922165,0.029398716306303564,0.0044642617736870595,0.010751338079396534,0.039800234241599446,0.013956416007797361,0.013566375700189174,0.009766208146939924,0.018075920980929566,0.013247050742719087,0.006629032579836185,0.015670292811619524,0.011855598442488487,0.00843591703209983,0.010931766259673105,0.00896251475138052,0.014069763614706845,0.013966788233450666,0.025395231814369198,0.015028539658709521,0.020760591572048744,0.04038708185719977,0.01518432885069637,0.01470313042403058,0.024988806614054032,0.017138518710432794,0.022239900527700175,0.013883467835887038,0.026050996255498508,0.01972433290533825,0.013353758928413643,0.010752580637686726,0.02558882792063596,0.01006686723959845,0.038999307867608676,0.02339485684986478,0.01368940327077705,0.009395679169859577
Angola,0.013104393671727723,1.0,0.01363757357492915,0.024072105575275036,0.015931387799117448,0.03269317226998162,0.009077274822986153,0.010562197090743568,0.01376747494659738,0.015850561531879845,0.0015093759840429214,0.0008679274749750947,0.010475104587335068,0.0036549763475438937,0.016479087891764575,0.01644309490358161,0.00791515787809782,0.01116532652772874,0.021243196262643097,0.006101652029956818,0.00617612228657994,0.020343711143332978,0.009519945080693,0.019158976597736046,0.007820397157219154,0.003953017427811782,0.023537625504993772,0.017367685382627673,0.0023832078205744327,0.01408246247108222,0.019426296820193697,0.010447404139251725,0.015699358429836597,0.0014380715984978628,0.010475914145344356,0.00784442367405162,0.007381786838392674,0.0039273686178133696,0.010760701254865427,0.03575112063158179,0.010455204872856361,0.015255851115627776,0.032987775080437536,0.024503839797697862,0.02317708807825362,0.009364061537271613,0.008069218534492007,0.034069608521587656,0.00508418537974167,0.01881522244548818,0.00748792486304912,0.006809400468416706,0.0027648538185048124,0.01159818679034612,0.004141147460197323,0.004154510214131748,0.004856980407364885,0.002402505314693238,0.006456738178550104,0.006835185686672432,0.01073354435890849,0.01683566885142003,0.012800206916198622,0.012433196769516361,0.03349385255890868,0.011676694179409065,0.004420687375592434,0.0177724441100803,0.006263172251520731,0.009869387132714114,0.0009325385005197334,0.016562612995113978,0.014244424622816092,0.0015351224946877084,0.010070114325847935,0.020363223016882315,0.008542633922848306,0.029881998891669734,0.013276460233725501,0.004116953021894477,0.005806276814635025
Australia,0.022809871482395116,0.01363757357492915,1.0,0.016380427526873884,0.029561062247225708,0.02105904245633233,0.004884978811717279,0.024199421211947285,0.027101930506477336,0.006840554582437744,0.013988791026951686,0.012921842355271678,0.0034429188652166927,0.016498978729373327,0.013307240261469639,0.030017152630792514,0.020768175487417256,0.004085894018674054,0.009995095045296262,0.017209311914594735,0.01929767882293362,0.009956781283194509,0.02238014504297435,0.01075351449196811,0.009843402313180058,0.010001298929434495,0.012320187648503303,0.016089886508107436,0.014423524644980035,0.027683602887151115,0.033063439624426275,0.010767927394832406,0.02912154419722999,0.014549608029686422,0.0068947689461846965,0.015763660909271015,0.02077294295426601,0.015196082903835147,0.022586288857831524,0.02271449796861143,0.023318924952278886,0.02448985431008508,0.021689964663754748,0.01615668224317217,0.012493869889992333,0.01902993806964207,0.021623456251610086,0.022722380127897866,0.009881270403913511,0.032240127738747015,0.020187884178561148,0.010345817158456911,0.011558014519953082,0.019557427561888857,0.010891465199648447,0.012325716865862419,0.016169994732646773,0.015504497389579089,0.019610769519129236,0.01984807204925166,0.024349133678085687,0.006655533383861614,0.02634389316429398,0.008626815843304212,0.021357966385394132,0.025029495809829414,0.009611577498104465,0.00829302881621271,0.007380759426390626,0.015670561953577203,0.013066039158661977,0.006715015095209181,0.008436947509521045,0.012102519428624016,0.023640588864470707,0.009908948900132424,0.022051603364718963,0.017784196565585754,0.004237775270185112,0.016239574917245456,0.014782471398180862
Azerbaijan,0.03569102842123784,0.024072105575275036,0.016380427526873884,1.0,0.03878055905719743,0.016100057367360907,0.016777053545159258,0.03341621263462728,0.03680764717780775,0.015599851711236979,0.024480967285669564,0.023661368656253637,0.01746117193864608,0.026327715665578358,0.022377599054656395,0.03937683662219479,0.030941280226095096,0.017586962142622523,0.015575007429794119,0.028485580133069035,0.02997334857520363,0.018424012032157332,0.033083473775547434,0.014694274309657486,0.018780072343672956,0.02081456773613498,0.014947485692084457,0.029663572780748465,0.025541838733500546,0.03699608144716819,0.04215812173154181,0.022877440626981552,0.03792140515494179,0.024212313733232425,0.02104898472469269,0.0250999797421676,0.03091627472971307,0.026224537345019644,0.0312699528981266,0.016494084969826895,0.0320359363225534,0.036167398218396665,0.014364347849285973,0.018565645521087904,0.019303847642106752,0.031897660304642014,0.031111769263644215,0.016119458554881293,0.021843721017230547,0.04181852618017109,0.030744968428156917,0.020834848894853437,0.023174778905758503,0.032064376066660294,0.021119885591293543,0.023882934046480685,0.027915617923352915,0.026187118851759165,0.030157369776416466,0.028840991124963772,0.03344601368520782,0.019438245945024295,0.03609718558020125,0.02159012790334986,0.015639278340745733,0.033914332998622815,0.02137308725657646,0.01794614705799857,0.01881008732349237,0.024995640650971797,0.023319430701733045,0.014353977830715133,0.021733152156356315,0.02319315636837537,0.03306711330768177,0.018179921153814997,0.031741476002016066,0.009710879237422353,0.013905941563207107,0.02536956403975298,0.027591841411527495
Bangladesh,0.013372789834027635,0.015931387799117448,0.029561062247225708,0.03878055905719743,1.0,0.04819629375251363,0.024997527451556003,0.005379488722827318,0.003941471498657047,0.031772615099949,0.015581296610254914,0.016639265066489925,0.02637353966818952,0.013127709548863343,0.028202128891744952,0.0016234175335142385,0.009304219358987299,0.02685725969260616,0.037173913620614236,0.012683118796225773,0.010635260673701404,0.03479649938173282,0.008122319881867816,0.03506690822721609,0.02064647157369695,0.01959612933652422,0.03876749247863221,0.028335504144409347,0.015278435627151546,0.0022041393439223298,0.0035842840230900386,0.022531285078086938,0.003071347979042628,0.015095837432331694,0.02550064377985999,0.015254295126983237,0.008913072060284234,0.01447023374011756,0.00957363782700266,0.051541463785468825,0.0071756064397056705,0.013205619146022748,0.047850521363994036,0.03722437072979553,0.03849935651578352,0.012896843212268637,0.00797754422181428,0.04912245287232088,0.020079126914410873,0.0034748569264794627,0.01002556943977194,0.020869860174512377,0.018048570440401368,0.014724277243203097,0.01870943785402033,0.01761803364112939,0.013883123566926723,0.014140593931567545,0.010167125886435719,0.010122663760638929,0.00552752699287579,0.032636595345562,0.0065954702705457655,0.026247449996280644,0.04902904626996299,0.005717753153601146,0.02001806218288916,0.03326893866367047,0.02218049933564425,0.01837468709673749,0.016566062476573825,0.032293790730758394,0.02851241121295104,0.017466330600631436,0.005950893285704786,0.03493600134629012,0.007596068388945853,0.04568983486519405,0.029201273913327826,0.014316539713660058,0.01574094117586317
Belarus,0.039810773938086144,0.03269317226998162,0.02105904245633233,0.016100057367360907,0.04819629375251363,1.0,0.024315943698777084,0.04299862014036835,0.045307382557956674,0.022975085073250016,0.03289423384709186,0.03188777406465082,0.023049810860254278,0.035167058112479485,0.022963756931341863,0.04845021115365231,0.03899256632649508,0.022814101910718917,0.018680665623763103,0.03673937877701077,0.037619132556771226,0.015818823706652756,0.04049611189054579,0.021802922133028015,0.029185672284625798,0.02874657187712079,0.01159445327717546,0.026855018055696137,0.03293354606567443,0.04621114589014896,0.05177540817526721,0.027845773920806415,0.04837479921116629,0.033804135449650906,0.023417503549919776,0.036390062923381254,0.039283496357049405,0.03388818748681286,0.042682640311112574,0.01150253614263576,0.04300541463408541,0.04322340970133732,0.007872269307531864,0.018224605157371208,0.012514509207239448,0.03666103069689802,0.04023974806231397,0.005706167747254246,0.028118822255981127,0.05047000253531818,0.038245222333382414,0.03087129242083561,0.03026741201048725,0.03547466769439016,0.030481074219715503,0.03057899876371552,0.03439624724544508,0.0340962479877679,0.038033411522896764,0.03941132047625837,0.04332571134816447,0.02101044177942332,0.045076926403898245,0.02510243328221951,0.005631848111358125,0.04436587950608399,0.028323791879296116,0.019327268087035627,0.02668645325967916,0.03631039638236709,0.03235254979983623,0.01735896758066143,0.021711719766599802,0.03117792842651409,0.04226796864602946,0.015532688749313517,0.04060135813624303,0.01234914430267957,0.021007020518394384,0.03655287352512944,0.032885354831617565
Belgium,0.01961238844800453,0.009077274822986153,0.004884978811717279,0.016777053545159258,0.024997527451556003,0.024315943698777084,1.0,0.019636673186971838,0.022660784896186233,0.007828350424499997,0.009449092016149395,0.008358378188734096,0.0029361338327964417,0.01202474968933386,0.01422991042115698,0.025472972712690917,0.016438588315553945,0.003260132403700425,0.013335240282084678,0.013089155756356509,0.014881752155146633,0.013591000535731299,0.01808404638251587,0.012079383884743913,0.005636108307683222,0.0054449865181696675,0.015788278548939196,0.016491626498096653,0.009988488034391388,0.023128202185851956,0.028502698627788963,0.008911542958882003,0.024684700107136942,0.01003853506377742,0.0068549812719394376,0.012240399330393675,0.016265838420948742,0.011194344427198692,0.01849572454453716,0.026734901821466858,0.019033191983598804,0.02200117443188591,0.025116360940075976,0.01911230831983651,0.01608034708873895,0.015506618479074578,0.01707552058265375,0.02613866486331871,0.005979171148531202,0.027763807723177235,0.015945149629787585,0.006798732680810571,0.007059907221935338,0.017413808974448945,0.006528333208117734,0.008272211072079426,0.01186296987391012,0.011017631345895756,0.015161865575365014,0.01548463434152236,0.019804893594803086,0.009274052181561035,0.02179119588850368,0.007963177956404412,0.024912657239211603,0.02058930612899704,0.005223153497353532,0.010343879886257653,0.002853602396084909,0.01237538053260232,0.008558232888551115,0.008226700527229245,0.009647075515638199,0.007542723051515055,0.019088764278964887,0.01354026108107773,0.017517319580732507,0.021120391737392007,0.004250211215660937,0.012357098295433298,0.01123101235122042
Bolivia,0.012100198150192807,0.010562197090743568,0.024199421211947285,0.03341621263462728,0.005379488722827318,0.04299862014036835,0.019636673186971838,1.0,0.004448178346181602,0.026394683994072635,0.010244338487726571,0.011283631668548995,0.021025643647787938,0.0078478071751689,0.024148621806585106,0.005965247514959722,0.004795937294458108,0.02159799269754771,0.03180428330750471,0.008658400509659325,0.0058582193549780925,0.02991677917362979,0.005006059914091738,0.02968742530073949,0.015714958718496732,0.014319478865639449,0.03364522953257295,0.024313275911246237,0.01007807763053214,0.0035813481842061337,0.008867299919652537,0.017866528699464316,0.00563187843874403,0.009718192739608634,0.02037118084216749,0.010780302953838482,0.003912114295789919,0.009189845666664257,0.006882271391069872,0.04624710574857518,0.004386629940502806,0.012007387407344791,0.04288480612857689,0.03273570568607658,0.03337508776959752,0.009510597074644682,0.0028432668790802666,0.044079050201888,0.014931360624610264,0.00852072850608305,0.004943256909949612,0.015491583523559402,0.012755385357455691,0.01169197087917722,0.013348753774405094,0.012467578297251636,0.009038661772208599,0.008903823544821683,0.0051814831595915775,0.004826640398999461,0.002342539173443582,0.02733581146343217,0.0051735033990250425,0.020979945355047037,0.0438305178676934,0.003197930597496669,0.01472385389100579,0.028083684053483597,0.016820681086217093,0.013682235141249898,0.011186751101062722,0.027004833405847906,0.02363094949716212,0.012097312815424524,0.0014103221767640946,0.030015476471838127,0.002683984348444869,0.04035981850768587,0.02383819333835853,0.008994687928665555,0.011124879188293893
Brazil,0.009525786922486438,0.01376747494659738,0.027101930506477336,0.03680764717780775,0.003941471498657047,0.045307382557956674,0.022660784896186233,0.004448178346181602,1.0,0.0295246498666005,0.01321757924620149,0.014396725805737271,0.023906102261596986,0.010640333158581209,0.024338212483011715,0.0033808152634056147,0.006354393816674597,0.024078485840511428,0.03477989221164081,0.011283163070968934,0.007804757432657999,0.03150551591593877,0.004812540197809511,0.032843277211075904,0.01937038914584729,0.017337841531388124,0.03577484305375274,0.024533316054027515,0.012690984053011875,0.0024459025885087337,0.0071171959240335265,0.020410393576617104,0.006555962484283088,0.01313681739028979,0.02254303685742575,0.015063216028894936,0.006409221733006633,0.011914449435709554,0.01128552850313326,0.048830229281043205,0.008715216342777955,0.01269586747348633,0.04460207585917111,0.0349109817203968,0.03545097110840089,0.009238244964368798,0.005745717358215897,0.04598404346652675,0.017273393476619332,0.005162746269994959,0.007062670792387078,0.018588669744014456,0.015602392887488806,0.011442091416451763,0.01654710848594468,0.014825548030915469,0.010955431083980673,0.011643222302805836,0.007505141100243602,0.008480034269470227,0.0066203361858492085,0.029970528841022973,0.006776045085462721,0.023532841779183813,0.04610951082794922,0.007434121120629566,0.017509101576947295,0.030327213434783545,0.019855290692763185,0.017738238917738836,0.014540426030661063,0.02972989036048892,0.025289452550229904,0.015285689650219527,0.0038565680249193464,0.03169249048569188,0.0052379206824623705,0.04312616213359723,0.026821992648669364,0.012526259298391578,0.01252004445473022
Bulgaria,0.02618346507402216,0.015850561531879845,0.006840554582437744,0.015599851711236979,0.031772615099949,0.022975085073250016,0.007828350424499997,0.026394683994072635,0.0295246498666005,1.0,0.016307633000666604,0.015170763215177777,0.007475201139157035,0.018891726261815667,0.01931593828738901,0.03229223503850566,0.023301288069150033,0.007589128072070837,0.007377433402916384,0.01932874834030109,0.02174910110592536,0.015576570713412743,0.024945203585144442,0.005651697222325027,0.012548744598037233,0.012312301601675549,0.014507859948301723,0.02050207454419396,0.016855765702970482,0.02993296500195927,0.035236179424629324,0.013589050578223625,0.031211072028933744,0.01669663318940809,0.011608304870533607,0.017120567510588873,0.023123366915493736,0.017747849832379124,0.024666163540558745,0.022691649355420788,0.02539431486753182,0.02810273274389089,0.023239204848178166,0.015268185283389628,0.015779922764903382,0.022106882248448267,0.023903945882974315,0.02454162679049711,0.012975850960976565,0.034620580433134644,0.02279764196286118,0.011556639167838747,0.013923615368162579,0.023373949674337004,0.013067335809684428,0.015051628679427291,0.018721123730084655,0.01788258355502773,0.022028576252916317,0.021934087624752123,0.026503051875699443,0.007239656216793553,0.0285987724315354,0.011090780594627528,0.02269069330221675,0.027126995150700908,0.012154553155791486,0.007811185356378089,0.009996527835602098,0.01607905438735306,0.015217194551406353,0.008347977269023529,0.013550420989171513,0.014317151217486652,0.0259112418042336,0.01521832406497551,0.024358480404050725,0.016376992821793612,0.005893957902459075,0.018347883234164655,0.017472748847616494
Cambodia,0.012394595382278823,0.0015093759840429214,0.013988791026951686,0.024480967285669564,0.015581296610254914,0.03289423384709186,0.009449092016149395,0.010244338487726571,0.01321757924620149,0.016307633000666604,1.0,0.0018562522396085713,0.01079276089471553,0.002688251419460683,0.016144817528381022,0.016031911450733096,0.007080253806471269,0.01139606483634371,0.021621265053035642,0.006290122334286773,0.0055173436116601506,0.0205419397179668,0.00872539457164766,0.019625900674707077,0.008123149292541128,0.004302232494772144,0.023724501566811752,0.017537462531438293,0.001965843049981989,0.01369482151127423,0.01910862818736606,0.010939072806721375,0.01548520531779369,0.0023609121997126598,0.010671285723768784,0.00875983740795934,0.006817235567280597,0.002868517461464717,0.010537499837756346,0.03601177142393824,0.010265482182298242,0.014239848217724052,0.03317407219110561,0.024983993787521454,0.0233689558319686,0.008557453738256272,0.007635369472731997,0.034255814499264944,0.005283721274815183,0.01831540585985463,0.006645896749375772,0.006818662939208731,0.0030191686249568007,0.01058748034436174,0.0040232322569302105,0.0031862201093137334,0.004293191245249721,0.001803103376735161,0.005751632018603905,0.006646602777844839,0.010472586615665604,0.017098247721720597,0.012431333651380775,0.012593428173947688,0.0337019532656383,0.011484376472239594,0.00460680671554271,0.017976437668686035,0.0066385881143543315,0.010744084688830391,0.0023063612810053633,0.01679032317947569,0.014425553857294215,0.002601161223594772,0.009651821576446444,0.020559224151955355,0.008070877217682976,0.0301227036677787,0.013641357499180561,0.0046701622402725036,0.005149587235725645
Cameroon,0.012986248218329634,0.0008679274749750947,0.012921842355271678,0.023661368656253637,0.016639265066489925,0.03188777406465082,0.008358378188734096,0.011283631668548995,0.014396725805737271,0.015170763215177777,0.0018562522396085713,1.0,0.00974201786930771,0.004065370910499329,0.015767284410376538,0.017124821510527067,0.008444874960884958,0.010385824913796254,0.02053806397783031,0.006547434582715566,0.006738307075773184,0.01948208978600836,0.010065401938406524,0.018491985650971925,0.007649436211181984,0.003239284676582166,0.022705404948360337,0.016638336041087894,0.002102476007167495,0.014773372861902796,0.020150926913855456,0.009914033920259654,0.016491243024070974,0.0021963026429140295,0.009617279384377956,0.008305518237645398,0.007991537469014444,0.004235771440184074,0.011624535489514465,0.03499104673613636,0.011309693785139227,0.015689313626232316,0.03214489173987171,0.023881399624699828,0.022357723157764894,0.009270668132127962,0.008733199896373348,0.033232964872215956,0.004250218247749492,0.019464117446420157,0.008026950734086503,0.006787133415731775,0.0019000149257361004,0.011545079004014629,0.004117141273040091,0.003622638138793881,0.004736642803650681,0.002899878289126773,0.007010439530588346,0.007688035346569443,0.011487842927358686,0.0160765029095824,0.013519260307943651,0.011879703166438023,0.032695971942047986,0.012497801453615776,0.0035867546749701507,0.016970336539480463,0.005541271503795339,0.010346444541831312,0.0012294980618404836,0.01578019738508742,0.013396052695311859,0.0009901666951634377,0.010741096164674807,0.019503706654828156,0.009192300405851573,0.029182234474989563,0.01256227145831385,0.004969708989602909,0.0054985297235233
Canada,0.020155936522238134,0.010475104587335068,0.0034429188652166927,0.01746117193864608,0.02637353966818952,0.023049810860254278,0.0029361338327964417,0.021025643647787938,0.023906102261596986,0.007475201139157035,0.01079276089471553,0.00974201786930771,1.0,0.01329331585597436,0.012540776769508911,0.026813528501564522,0.01759060045207019,0.0041004482667055305,0.011686180581221542,0.014102672982623915,0.016101523128187044,0.011709947466196259,0.01921680285707739,0.011664687443476322,0.00809177248608657,0.006804009600977651,0.014319701703520718,0.013939546115642496,0.011220622915209791,0.02448475363494637,0.02989292623664333,0.007748568236711589,0.02608333945347691,0.011440155832866825,0.004531121374486226,0.014139713363276815,0.017567296613762867,0.0119937283453899,0.019870298864197725,0.025341123081184174,0.020420894319867575,0.022283288497606312,0.023785285521023623,0.01711512412907566,0.013929047035483285,0.016147940164022184,0.01842309183064097,0.0248015049733685,0.0067510882657232886,0.02903893582104568,0.017040210831139994,0.008689305574273947,0.00835312958005585,0.017384702282964234,0.008237775863342468,0.009197196396558865,0.012995837433106458,0.012298836607581931,0.01640839946428514,0.01687608499398172,0.02120669628571204,0.008238139894112111,0.023143184534883485,0.007051074088132308,0.023567055627572314,0.021986859426952512,0.006406498048899515,0.00920998305213788,0.004338835943541132,0.014108702839460805,0.009959156694904159,0.006896900282676492,0.00730107554090003,0.00894148875859389,0.02044182206473588,0.01168010983532856,0.018847675991839438,0.020121186924699497,0.0043633979267145295,0.013725149361292217,0.011677089128173177
Chile,0.012157268848873666,0.0036549763475438937,0.016498978729373327,0.026327715665578358,0.013127709548863343,0.035167058112479485,0.01202474968933386,0.0078478071751689,0.010640333158581209,0.018891726261815667,0.002688251419460683,0.004065370910499329,0.01329331585597436,1.0,0.01801556572810857,0.013525010575214406,0.0047888967204945615,0.013751055129971155,0.02415331221825927,0.007577150717516463,0.004558643758780199,0.022572969786285653,0.007211838100539993,0.022212164323270122,0.009165532058285132,0.006762753008619981,0.025894384912468614,0.019587545439962294,0.0032412798704331424,0.011209008827610258,0.016681666376563233,0.013513048329445427,0.013230491140764657,0.0034794317214570823,0.012719193358769561,0.008611583373117484,0.005088462846103373,0.003086603071850868,0.008672256954483643,0.03841571565109993,0.00823090836360039,0.011921057359925921,0.03529066820159423,0.027553113574782878,0.025588972927413897,0.008350027709209831,0.005154230733166624,0.03640081779024698,0.007312238523054398,0.015756569690167727,0.004817420329446927,0.008509598701431538,0.005049483936873256,0.010260653862685667,0.005977174734750728,0.004981459809153073,0.0041978149352150775,0.002517309660225939,0.004493427468160966,0.004930999693551704,0.008161929853507105,0.019509255839888814,0.010553901619372722,0.014988496430635129,0.03599412636194702,0.009330673125511496,0.006892886051726615,0.02025428345908662,0.009229293224560833,0.010653266467364897,0.004534020205809691,0.0191674492387452,0.0164298854612403,0.004992364023633698,0.0071773125443441756,0.02260131528505982,0.005778731622185901,0.032573887389365654,0.016183829472888,0.005886277720951375,0.005941156960140379
China,0.017280589359294538,0.016479087891764575,0.013307240261469639,0.022377599054656395,0.028202128891744952,0.022963756931341863,0.01422991042115698,0.024148621806585106,0.024338212483011715,0.01931593828738901,0.016144817528381022,0.015767284410376538,0.012540776769508911,0.01801556572810857,1.0,0.027670375131170613,0.019699203718443428,0.013414500598730044,0.020847570057861108,0.02041643324725587,0.018459270781305707,0.010100550197355196,0.020324771449115837,0.02246923219838702,0.01715820737114937,0.013507268546986775,0.014850233777332784,0.010279848237124948,0.01531353283648631,0.025998506610721207,0.03141710002823155,0.014053052909523628,0.029629694642981666,0.01773453909341289,0.010697797662445026,0.022753243288892454,0.02033307935043456,0.01664861674999906,0.0265721529859557,0.027397605558676437,0.02592690039346729,0.024092714940794537,0.02154824441251795,0.022187895682486695,0.015179175587335439,0.015885668231517873,0.02143381551853903,0.02304639066795792,0.011951185096646834,0.029134410668482987,0.020215761394899057,0.017744499423375866,0.014314117176292555,0.0159025795685937,0.016092615101082525,0.013219624711772592,0.015625405628600517,0.016393331862300273,0.01917503934710551,0.022286426864330383,0.02521522826028811,0.016884663555460058,0.027342571489684744,0.01632831153273423,0.02345951946020564,0.026739671531472407,0.013364529943766183,0.015518876222777415,0.014132695611480154,0.024513433627617685,0.01677080094652549,0.01405112862683962,0.009071400811918586,0.0156951573599594,0.02318800666788319,0.010526110052067108,0.021478411707664437,0.023198435085193293,0.014733038776445963,0.019466864412878485,0.013836668734901065
Colombia,0.012535639426335524,0.01644309490358161,0.030017152630792514,0.03937683662219479,0.0016234175335142385,0.04845021115365231,0.025472972712690917,0.005965247514959722,0.0033808152634056147,0.03229223503850566,0.016031911450733096,0.017124821510527067,0.026813528501564522,0.013525010575214406,0.027670375131170613,1.0,0.009460911398442606,0.027168230239682144,0.037652749557225654,0.013285060958336611,0.010832980739518787,0.034809252462751204,0.008050003106016779,0.03560204095706168,0.0213815648315179,0.02004175859418256,0.03896250544561536,0.027900356903990224,0.015625971619065728,0.00238580260524586,0.0037501703365286653,0.023079972742800912,0.00456695918619882,0.01566795191184837,0.025710892230931464,0.016127656578673842,0.009254700234704732,0.014846526556888997,0.011078898440841598,0.05188701725823932,0.008510448723023473,0.013802238612176177,0.04789696472442287,0.03753008865407418,0.03867199307791252,0.012612421508481094,0.008397552074944277,0.049238277864652374,0.020346359171068383,0.002781567076548577,0.010225459491078963,0.021387124870142205,0.018460756269912715,0.01460411043026367,0.019239844433254362,0.017890883038130044,0.01405534213236884,0.014521596653940058,0.010456154092745584,0.010768790791146277,0.006772003456488434,0.0329986088543415,0.007062224800891982,0.026570705275824356,0.04927237559357501,0.007161695923677511,0.02041696839095372,0.033500081413041664,0.022656600876252715,0.01926900786125069,0.0171257044770201,0.03267119290824682,0.028562458477999576,0.017975732507079224,0.006384830060394648,0.03497963663173408,0.007965854034057503,0.0460959619945863,0.02967266940356888,0.014954461587463188,0.015758892689805737
Costa Rica,0.008492969285865796,0.00791515787809782,0.020768175487417256,0.030941280226095096,0.009304219358987299,0.03899256632649508,0.016438588315553945,0.004795937294458108,0.006354393816674597,0.023301288069150033,0.007080253806471269,0.008444874960884958,0.01759060045207019,0.0047888967204945615,0.019699203718443428,0.009460911398442606,1.0,0.0177334243881022,0.028467014510308628,0.008835492934944525,0.0019368331126630028,0.025509472239730543,0.002439480395678048,0.026626438090952692,0.013944026422999922,0.011204078700303963,0.02950438068509638,0.020039792160309513,0.006477376433523048,0.007257685442937089,0.012883423404247439,0.015428831033061065,0.010141039154177293,0.00757739388410982,0.01625017267822057,0.0119962571965828,0.0018741960921950125,0.0056396261159999865,0.009778815570107218,0.04247852918736949,0.007982472138118745,0.01097687685330676,0.0385485479920662,0.030045489960041367,0.029223368908004234,0.005162934967123611,0.0025718530120938743,0.03982220685907806,0.010919394369796555,0.011511673163896478,0.002483228861310947,0.012437828745463887,0.00944488919424273,0.008084761546827225,0.010436185544073863,0.008471197487663232,0.004601042996373846,0.005548901462360676,0.0017571372778822038,0.005665703235282259,0.006136274006428197,0.02361613511566707,0.008077445744014292,0.017467109222146244,0.03981199646150001,0.007426863600829787,0.011248480422174315,0.024039170291054776,0.013669551153104075,0.013812411791029348,0.008802726453726177,0.023433924386291917,0.019218484342940184,0.009365186702704512,0.0036142593153698837,0.025638065502332028,0.002344779636285207,0.03677998160789704,0.02054773012088586,0.007163310739944271,0.0066160977498532355
Croatia,0.02042969072335838,0.01116532652772874,0.004085894018674054,0.017586962142622523,0.02685725969260616,0.022814101910718917,0.003260132403700425,0.02159799269754771,0.024078485840511428,0.007589128072070837,0.01139606483634371,0.010385824913796254,0.0041004482667055305,0.013751055129971155,0.013414500598730044,0.027168230239682144,0.0177334243881022,1.0,0.012563447444769532,0.014922801656270737,0.016338210209732605,0.011834434023732392,0.019283519064316947,0.011852630826033063,0.007715971975030614,0.0073125303846891514,0.014176452280752334,0.01611480379961305,0.011579097514491054,0.024900663489752204,0.030424560905878435,0.010222655583829402,0.026861868199625726,0.01221913266717806,0.006887498094726691,0.014093591496891636,0.01795114582287317,0.012724998997679635,0.020827609594065207,0.024755302889578702,0.021321524605868607,0.023504210304838496,0.023438070790500434,0.018977863210322948,0.01416063946332421,0.016247174820453243,0.018882178179265702,0.024509187260204707,0.007215045841801572,0.02923958912918223,0.01706079684460648,0.008868354290321808,0.008868078870706956,0.017918832853448995,0.008408146221673702,0.009414693450625324,0.013133893322314296,0.01272057320780251,0.01672034123763633,0.017752050227938028,0.02186736572395029,0.007845677091464172,0.023552543195309004,0.007316684242466056,0.02295357682021272,0.022796043732827998,0.007026072976086814,0.008626020834488653,0.005384008323324674,0.014420654001131286,0.010752399929411302,0.007613710554872586,0.008659629498997394,0.009647548719098275,0.020910426625420087,0.011788873737267837,0.019264243363156693,0.02017143178669826,0.004934703506859107,0.01469161358684624,0.011710814152357085
Czech Republic,0.03081532224289096,0.021243196262643097,0.009995095045296262,0.015575007429794119,0.037173913620614236,0.018680665623763103,0.013335240282084678,0.03180428330750471,0.03477989221164081,0.007377433402916384,0.021621265053035642,0.02053806397783031,0.011686180581221542,0.02415331221825927,0.020847570057861108,0.037652749557225654,0.028467014510308628,0.012563447444769532,1.0,0.024782601996242323,0.026976101876313528,0.01409304450058107,0.030090823163126963,0.005273512498281956,0.01823635969319389,0.017636196760795076,0.010322959597933813,0.018221481484467755,0.022090624279463757,0.035309781219203286,0.040662103780196066,0.01464403804386623,0.03667558783194152,0.02213271694328984,0.013445316843376213,0.022582107793913467,0.028423468736964757,0.022865530382097134,0.03010742154821244,0.01618515117589577,0.03085553348352246,0.032593372667833215,0.017084161361967238,0.009522284263152872,0.011990935119814946,0.026896014695275347,0.029255345941747838,0.018016212504693863,0.017971435619356182,0.03990796235188558,0.027909665567409113,0.0167921225757953,0.019205450345125087,0.02754883158402147,0.0184647655114942,0.02005378933739494,0.023871672926146812,0.023158137272001066,0.027278279209018704,0.02739886537339018,0.03193771246765732,0.006488255843141115,0.033972694485080675,0.011310677991195426,0.01831649340424716,0.03258915547376406,0.017273294204977474,0.007869620159942785,0.015534267528566981,0.02125307868468908,0.020650133040657204,0.007831363177106117,0.012530213978494381,0.019708126936872735,0.031269708615796164,0.013542558659247856,0.02969145429615767,0.014020233772192714,0.01091098744828834,0.02373029071160187,0.022521285369691564
Denmark,0.013980940717406631,0.006101652029956818,0.017209311914594735,0.028485580133069035,0.012683118796225773,0.03673937877701077,0.013089155756356509,0.008658400509659325,0.011283163070968934,0.01932874834030109,0.006290122334286773,0.006547434582715566,0.014102672982623915,0.007577150717516463,0.02041643324725587,0.013285060958336611,0.008835492934944525,0.014922801656270737,0.024782601996242323,1.0,0.007396369557627341,0.024401013205515746,0.008932569437286845,0.02256026837419199,0.013122945856663928,0.009456133573555745,0.027640113582246214,0.02005103248845423,0.006552932818722273,0.0111520444543934,0.01601258496086942,0.011999338006807206,0.01200090108941898,0.005949854828624245,0.014552028711267907,0.01007380988836584,0.0072314582279012374,0.007681842721752501,0.009927407831340935,0.03941218952055519,0.008393359436098653,0.016703369823634125,0.03710495031315359,0.02640648782263285,0.027229827373372373,0.010003939065668712,0.007892822623697903,0.03817934821005047,0.010040569259987663,0.015775582355052116,0.007575818483654021,0.011353071068005264,0.0074571453893337095,0.014130943654905874,0.00921210654056442,0.0083878519791027,0.006872680379997505,0.006302312789667748,0.007142885719508235,0.005263834594179686,0.00956387758361025,0.020497367721052005,0.00984293787658229,0.014280629995370756,0.03738350053277839,0.009500074755927887,0.009185788674069011,0.021694656838433145,0.010844568723415191,0.011905193676119637,0.00627473714534732,0.02044713581874114,0.018272805839143397,0.0065815590202213765,0.008493110926523223,0.024430601308319498,0.007847671761541747,0.03406400786922311,0.0171273305179083,0.005131701178465548,0.007432715098741794
Ecuador,0.008571200082660166,0.00617612228657994,0.01929767882293362,0.02997334857520363,0.010635260673701404,0.037619132556771226,0.014881752155146633,0.0058582193549780925,0.007804757432657999,0.02174910110592536,0.0055173436116601506,0.006738307075773184,0.016101523128187044,0.004558643758780199,0.018459270781305707,0.010832980739518787,0.0019368331126630028,0.016338210209732605,0.026976101876313528,0.007396369557627341,1.0,0.024188021964473904,0.0033581031927894206,0.0250701152218983,0.013440844248981124,0.009603875871053907,0.028150772026383664,0.0186341675128973,0.004894805891629944,0.008603524237192215,0.014217117448515133,0.013732512892709872,0.011472127370573505,0.006262951016880935,0.014890803722738953,0.011895782705521147,0.001950400393659876,0.004464970538224485,0.009840405041998896,0.04106756437507906,0.008178399027320598,0.012530929194055306,0.03722270634264802,0.028426144559929277,0.027876229191608707,0.005058521559045092,0.003132469371210472,0.03848737932324613,0.009514722838987289,0.012945701892655825,0.0028043093727993266,0.011593321835481223,0.007833229122435746,0.008351123190429193,0.009494155771231524,0.007067938994651052,0.0032482693662546844,0.00388396442913009,0.0009112326788381031,0.00559165645386985,0.007052151011666691,0.02219146369269422,0.009083309355252547,0.01603623175375158,0.03844441268771855,0.008530107958398989,0.00971018433919815,0.022675506425869137,0.012087865846346683,0.013738887181745997,0.007041045517552348,0.0219255374661043,0.017896426407649425,0.007653812800067246,0.004936668163721179,0.024314453240714923,0.00319162329633993,0.03535019652952551,0.019025267026651065,0.005934729831568613,0.0052666838463842555
"Egypt, Arab Rep.",0.025231263417949158,0.020343711143332978,0.009956781283194509,0.018424012032157332,0.03479649938173282,0.015818823706652756,0.013591000535731299,0.02991677917362979,0.03150551591593877,0.015576570713412743,0.0205419397179668,0.01948208978600836,0.011709947466196259,0.022572969786285653,0.010100550197355196,0.034809252462751204,0.025509472239730543,0.011834434023732392,0.01409304450058107,0.024401013205515746,0.024188021964473904,1.0,0.02676277155927046,0.01725958221554601,0.0187813207485385,0.016554557686627676,0.005435287456236778,0.012541933267777135,0.019985128661164076,0.03270826710400278,0.03836046988571164,0.01439362328955501,0.03552284861763203,0.0215928237849864,0.00988580086503881,0.02571503139600353,0.026040061424987423,0.02132704503263328,0.030942211421860783,0.01887484077581746,0.030783709488109698,0.02990949644312462,0.013249324334517159,0.01613583930547098,0.006502868746014913,0.022420374397393104,0.027074689318393515,0.014631313899203878,0.015262309071719351,0.03663307487942003,0.025102963319161915,0.020265169825484566,0.017643138062300463,0.020898309051212854,0.019627100199554343,0.017654762458578884,0.02094454042148967,0.021197139797119513,0.02475642094244358,0.027158055375004934,0.030494208302258633,0.010766953800489342,0.032387619693994216,0.012921215583415491,0.016140550338345397,0.03184952944184902,0.01599492080029913,0.0100087233285417,0.015227556124178398,0.02561985000283784,0.020189048192855618,0.008971243784279307,0.006497853379841846,0.018856671570976792,0.029065682652372627,0.0006393726305523392,0.027337619626983754,0.017113549914949084,0.012085609420505933,0.024433117573006712,0.019069033675893434
El Salvador,0.007249228274908899,0.009519945080693,0.02238014504297435,0.033083473775547434,0.008122319881867816,0.04049611189054579,0.01808404638251587,0.005006059914091738,0.004812540197809511,0.024945203585144442,0.00872539457164766,0.010065401938406524,0.01921680285707739,0.007211838100539993,0.020324771449115837,0.008050003106016779,0.002439480395678048,0.019283519064316947,0.030090823163126963,0.008932569437286845,0.0033581031927894206,0.02676277155927046,1.0,0.028271125453554542,0.0163256443522509,0.012851380402463275,0.030963111994099745,0.020304994819111587,0.008123014035273164,0.005989681403272961,0.01162990705757874,0.016270828128023693,0.009496645750449893,0.009322666748615784,0.017730578792141724,0.014023912562570802,0.0026345337114580475,0.007431759516487663,0.011255348777216243,0.04403882151998857,0.009059174116583392,0.011750911193293464,0.03984773057021396,0.03089645876467942,0.030647300704477846,0.004850721773622561,0.003945167397339929,0.04119490964642397,0.012503994896681475,0.00997449575498874,0.0030934820750664004,0.014358539945647682,0.01108895402650955,0.00835007773888287,0.012548439622468129,0.01005897125366374,0.0062262476610231475,0.007178065192932364,0.003063681900061499,0.007079170274531809,0.007105379819502012,0.025194039192137484,0.00808648697954982,0.018855590781185264,0.0412969726693395,0.008141023497979996,0.012893534589792793,0.02551492461930367,0.015316986249010504,0.015751673781783066,0.010393931856919555,0.025069577229911003,0.02051276431960096,0.010984499965232737,0.003598253852768923,0.026929810697438245,0.0029974696939249748,0.0383905234786267,0.02218596976128787,0.008766329099657064,0.007714007241888058
