Country Name,Albania,Angola,Australia,Azerbaijan,Bangladesh,Belarus,Belgium,Bolivia,Brazil,Bulgaria,Cambodia,Cameroon,Canada,Chile,China,Colombia,Costa Rica,Croatia,Czech Republic,Denmark,Ecuador,"Egypt, Arab Rep.",El Salvador,Estonia,Finland,France,Georgia,Germany,Ghana,Guatemala,Honduras,Hungary,India,Indonesia,Israel,Italy,Jamaica,Japan,Jordan,Kazakhstan,Kenya,"Korea, Rep.",Kyrgyz Republic,Latvia,Lithuania,Malaysia,Mexico,Mongolia,Morocco,Nepal,Netherlands,New Zealand,Nigeria,North Macedonia,Norway,Oman,Pakistan,Panama,Paraguay,Peru,Philippines,Poland,Portugal,Romania,Russian Federation,Saudi Arabia,Senegal,Slovak Republic,South Africa,Spain,Sri Lanka,Sweden,Switzerland,Tanzania,Thailand,Tunisia,Turkey,Ukraine,United Kingdom,United States,Uruguay
Albania,1.0,0.17606978369756798,0.3850661363576482,0.73284416159153,0.15657278089711876,0.7945845751798319,0.26148031706389174,0.1438858536432695,0.10935545626706081,0.45783227184443753,0.14071737229954276,0.1771173165987798,0.29085838458114255,0.14383927989253495,0.31908651098252044,0.1408255267656108,0.10121677017546829,0.28898827156715134,0.8265409049784415,0.17552185847994842,0.10880752219741449,0.49447455119133954,0.08530113688496366,0.6765135683234458,0.26041820624205003,0.18182829235030962,0.6888186942554477,0.36283528736307613,0.14868232539806936,0.13780073354479244,0.17804928013082535,0.3638249434913525,0.17911669679459585,0.20259440366761203,0.31902247440626963,0.2675273517430503,0.10843776406947722,0.14995347176677512,0.2250355440598555,1.2140473637522184,0.1909832014583409,0.31154684374118746,1.036343284143625,0.7874021093973281,0.5536263417992164,0.08649425222860138,0.13311399179665429,1.020175885445017,0.19241884879401383,0.16490043627846845,0.12005837896777907,0.2429530159127088,0.18130737696207624,0.13969878475130137,0.16430783279937697,0.13851912752734835,0.12253270634648639,0.1408750859530207,0.10687438805731889,0.15215272901638,0.1719517100025079,0.48177519299437777,0.18541809554050878,0.39204827039914036,0.8468190611189387,0.1736518852697505,0.19783773106169456,0.53409685398197,0.22583356997823462,0.3434255874799913,0.1837176470365963,0.5968202960131069,0.41329678707213746,0.1796162916761958,0.1285221781097186,0.4912235779350903,0.1137157794169856,0.773911430816447,0.3850988441866192,0.18041544846852892,0.14193596751208618
Angola,0.17606978369756798,1.0,0.2161343901864332,0.41519599236915555,0.22557298127027986,0.557699645387344,0.13821486867379645,0.14569398059199498,0.17373271308453375,0.2900203596158153,0.03570973111261286,0.024733527993877402,0.15774675309604197,0.06922237182602589,0.2518987520561968,0.23096051455617977,0.10481280944852142,0.17511537248116607,0.529993643955226,0.11252273772753099,0.08032533868162686,0.3595290483354291,0.11708661737520959,0.4160023779753194,0.1296594277904193,0.04366524602704147,0.4372786059219418,0.3170504864285574,0.04038410474015794,0.1927099910263449,0.2828371752816463,0.2867272904401904,0.23434996964306293,0.025687831171388842,0.16122500543689758,0.11544981817513308,0.09755656971892085,0.10720866550990096,0.17094641546462863,0.7512430432872971,0.1544764707220864,0.3696859659189993,0.6698817819512277,0.518580493507278,0.4679000044952879,0.12515956725894697,0.11375656134375597,0.694976694711207,0.03483697626720483,0.2696196626710848,0.1211465096410991,0.11857939259182138,0.03344147958265789,0.3146707560238553,0.08696720348414602,0.05358502342204255,0.06096186543472101,0.04240384232810884,0.08428147886682241,0.0828930617240198,0.16526102310456173,0.4164386803548835,0.22449468625650615,0.31065003707044536,0.5944873440515579,0.18453419445580027,0.044584973176126835,0.44880990307216606,0.11069234088011706,0.16687347698449373,0.025791889478189972,0.3119089419386308,0.28412919715543894,0.036988184562057796,0.1337130513062732,0.36113679113704605,0.1114295006728267,0.5027081523292536,0.20752794909789848,0.06412018842453954,0.06752284363479322
Australia,0.3850661363576482,0.2161343901864332,1.0,0.33013338229551925,0.557646189069117,0.4339723904639864,0.09722416919410218,0.45702940313309415,0.4836757350704296,0.13025809509001615,0.2633340756512986,0.20393989087411118,0.0733863500994022,0.32191335013820976,0.2241752870253153,0.5394447030339204,0.3688081513560971,0.08823237235326586,0.29913723108670587,0.2884731451370455,0.3387074640789398,0.08208702349500344,0.38683151498689416,0.251055598146842,0.21831030929941814,0.2009146478938947,0.1884192632848077,0.26741521234655585,0.2629487003052279,0.506848784179478,0.6207869746722313,0.16825555199993047,0.5625239078100277,0.22162701783425498,0.12811683055715842,0.3065567043768277,0.3749528461159851,0.2646836872863477,0.45631840293071835,0.48772298302231154,0.4759916641595915,0.4839370506735672,0.4038473896655974,0.3321149686984115,0.2230050859134582,0.3119837804106594,0.397049957392794,0.4228071196117682,0.20369343600965456,0.5932827473302346,0.3713670815571237,0.2002780627184529,0.1842566012708821,0.32298745585367244,0.22352750774825703,0.24010792283491805,0.278346930602246,0.28454442929928836,0.3485463274850148,0.3780506849144537,0.4699590957263122,0.14404021934391395,0.488615073174403,0.1762673703497324,0.4353085160100385,0.5022405704018018,0.18660079983745048,0.1832149320042303,0.1656587574363038,0.2196547093443197,0.20073162918855658,0.15730512193982588,0.15184187189913176,0.17705144041979143,0.4356299826479141,0.0853351581682241,0.3996001918712224,0.3951113676323731,0.09927551090762649,0.26942084106183894,0.2508272854722908
Azerbaijan,0.73284416159153,0.41519599236915555,0.33013338229551925,1.0,0.71577488260812,0.16289752842388994,0.3648172342490684,0.5928296054590176,0.7035734973681572,0.22447412586265128,0.46493848939671467,0.41543319076069485,0.3566098275669307,0.5038628247911553,0.4059845636454699,0.7258818422257948,0.6114160498413219,0.34602238390764684,0.2742587007670704,0.5152906290263167,0.5627165161081232,0.3141003120985896,0.6526447781755864,0.22086770506815007,0.3344617823585796,0.4150425772156469,0.2857448078836693,0.4648461712096695,0.45891195522578887,0.6667311928897388,0.7737939969118642,0.45397884770691743,0.6589472279758413,0.394178952359295,0.452104398118061,0.36255523822617897,0.582234844440213,0.4798508773423724,0.4931401221814016,0.3250956866794521,0.49716032828769957,0.6520249766727731,0.27059256611692667,0.2721991330173749,0.28172782079990777,0.6550861532487567,0.565547991759062,0.20721773076189806,0.429384126732204,0.7578255887865185,0.5755128892579933,0.3735393408206965,0.42117967021136793,0.6425286120586605,0.4107426371885601,0.4849334116833202,0.5196919604098944,0.4667043172674935,0.5791491212718805,0.4778318531952551,0.575511838837216,0.35703089253546594,0.5893314645432004,0.39509322322404383,0.2524463325861355,0.6006940319638118,0.43115034323118695,0.31247783993883627,0.3815511691965904,0.2693224725009269,0.39942662286773684,0.24795999348432887,0.44379957805846454,0.4171016937597326,0.6162160104659244,0.3210532142802465,0.5918112253809129,0.16656102948949392,0.27884504282132994,0.4298481193973599,0.48830339340080925
Bangladesh,0.15657278089711876,0.22557298127027986,0.557646189069117,0.71577488260812,1.0,0.9652592234151185,0.3942162625303061,0.07513078974974483,0.07079881168648997,0.6355029513467378,0.16045355512145337,0.2382446123940521,0.44885716503854617,0.1010190809090499,0.33094611848844757,0.0510101581251427,0.0834821347204171,0.43945605754674766,1.008897441177833,0.26519914791983257,0.1249764807292422,0.7071235822675901,0.1044422989761945,0.8625090606044873,0.26528091199213977,0.24166888242001133,0.9193064804510104,0.6489057009107879,0.19444777928941076,0.05154332660075292,0.06507550453063901,0.6021358539277026,0.05528387062241008,0.20633747730582594,0.4492700262316451,0.21230355759317232,0.09774583057653896,0.15373164924004676,0.12090348942984025,1.2299868384728057,0.08889316696587085,0.27125726848210197,1.2284594566230485,1.001025099852695,0.7896187972806936,0.16206362931871401,0.08519353995682974,1.2302529795274018,0.23458800286311582,0.06706154407520235,0.11234202489179151,0.25802508474150765,0.28159248175949686,0.1825258737413067,0.18174751731690417,0.16082595817904777,0.18173504162294374,0.1693324372360426,0.10792980928645582,0.11288105780663724,0.07332026148639134,0.7402235985607709,0.1524199605301428,0.620220544203183,1.0289350843726508,0.07567366400846251,0.27781433188514354,0.7522269677907003,0.3241915893088259,0.3365873645428375,0.2374102461866068,0.7890265590384025,0.5129416015836663,0.28113113731725103,0.06517320421477926,0.7077116664109534,0.08598818154235774,0.8123177934265323,0.5230840098185248,0.18856041987897687,0.2373072294767419
Belarus,0.7945845751798319,0.557699645387344,0.4339723904639864,0.16289752842388994,0.9652592234151185,1.0,0.41652541198146076,0.8321255031904778,0.8751012492601871,0.20762346555911781,0.6507821182641698,0.5548564818636837,0.4090314525742194,0.7128950655590929,0.5052166636021037,0.954120494196522,0.7843565245625251,0.4297205010636427,0.2197085651401277,0.6212469086829386,0.7442994070029265,0.3856868506021298,0.788323514378086,0.19272218160586302,0.4870693890112784,0.5477789197792069,0.2825005063099907,0.5426574724232913,0.6297432103638831,0.9205630991888315,1.0224445334935393,0.49345561279897643,0.9446470470060584,0.5416427075821635,0.4805517104444619,0.5453096183245716,0.7796957011484604,0.6506037719635289,0.7914656440914222,0.35758217089872735,0.7715300006444097,0.7654024641368681,0.23263140656977557,0.22850638955301378,0.25812872998786895,0.7630384041287845,0.7761142575011469,0.16808238033518585,0.5412540635364301,0.9774559800504931,0.7305111359269526,0.4797912928049786,0.5516789899496921,0.7351962882353839,0.5323261370956485,0.621208149445247,0.6984048229090373,0.6525186135137222,0.7552632955608292,0.7195495503041205,0.8168618935903462,0.3594467234303319,0.8246772613541554,0.4223731583809962,0.15623822966281786,0.8750832997262248,0.5372642932165725,0.31027675728336257,0.4749347320271222,0.36232074704912937,0.5276323447705371,0.26149999853256,0.4873052492201931,0.5354739602145295,0.8462843461427109,0.3755995476861918,0.8024502152579565,0.1889942164947038,0.30661465239938424,0.5837436850445479,0.6855805391450485
Belgium,0.26148031706389174,0.13821486867379645,0.09722416919410218,0.3648172342490684,0.3942162625303061,0.41652541198146076,1.0,0.30858891881976347,0.3261250650210622,0.16778537520703213,0.16254016001356839,0.1314011373451354,0.04173792946725263,0.2097487524342821,0.24747265881403357,0.3871713615029736,0.24830833135864586,0.08934589665324216,0.3638107845960371,0.20498087476302934,0.21777801582984163,0.11977864724370657,0.25315357917973996,0.29997495702033916,0.11577739359178985,0.09696047366876392,0.24009813384498255,0.29755978136453876,0.1646432503749725,0.3518732381389018,0.45166927487700786,0.16466948590773095,0.40114628987023215,0.13978883733090222,0.0972414364607383,0.19544600947565166,0.23995491143930658,0.16868117104935038,0.35006928883712873,0.592919955572844,0.33740564262344375,0.44727191480067574,0.5018589740820423,0.3914700925240388,0.24783209399113526,0.22106430577875005,0.26054697041111696,0.5102127924582817,0.12387207922278212,0.4279545978023309,0.2422411606739447,0.1224184359902562,0.11232568632012832,0.2790042891614388,0.10513991009547516,0.15299202851674032,0.1792454564796838,0.1762236190372578,0.224196417537378,0.2649983307015026,0.33429691431281294,0.22446383783094864,0.3463760920967459,0.19009034352223925,0.45635402982760337,0.35628006951573354,0.10378882412189383,0.23190768643645815,0.061322844998215637,0.16645970158242931,0.11100772575211451,0.1631140226406925,0.13203393198721045,0.10262047289134807,0.29163758460021266,0.12510974239782646,0.26474591002912573,0.4141415470387114,0.10509603696869849,0.17947411073064937,0.17784167190052244
Bolivia,0.1438858536432695,0.14569398059199498,0.45702940313309415,0.5928296054590176,0.07513078974974483,0.8321255031904778,0.30858891881976347,1.0,0.06520667672496108,0.5395013889574539,0.0882230001443246,0.15378304365718354,0.35960334509887526,0.06003879942418905,0.28189724585700554,0.0681396628681733,0.05336815297033995,0.3415044222149418,0.8131846178148785,0.18959580041931018,0.06645325813284592,0.6105347785564592,0.07331172839310446,0.6784937500934793,0.2136346373029213,0.15046877426400487,0.8106641935918577,0.5130239233003535,0.11099137624826347,0.049657019989601425,0.09867212951481161,0.49630211362448784,0.05859964315591207,0.14440880466294037,0.3482058595840306,0.1700076451005863,0.049523707771827824,0.09336053506100919,0.09089051468355572,1.0284473016929967,0.0675089845918942,0.31911576787752005,1.002030360916115,0.8103995028275306,0.6857584436908969,0.11635155667789251,0.042156922388603774,1.0363871185614713,0.1443922172676744,0.09709939666752723,0.06602803482243644,0.19631788017413043,0.18590695507188895,0.18000248965149593,0.11650879668578795,0.08524610923133494,0.10363886119121121,0.09278995839241178,0.06501042708604884,0.06849407965429993,0.056074920921306615,0.6304224021632319,0.13308631231641857,0.5109881276636686,0.8282338607186202,0.04989051977287634,0.1919138775806697,0.6456930284673,0.25201856334777706,0.2764081844736643,0.1633916193806979,0.6606827260039543,0.4158047843527704,0.19251159272187165,0.049106105379923604,0.6102270407263966,0.05359681654024703,0.6477583909410016,0.44267491739286624,0.11633321840305177,0.147388236555114
Brazil,0.10935545626706081,0.17373271308453375,0.4836757350704296,0.7035734973681572,0.07079881168648997,0.8751012492601871,0.3261250650210622,0.06520667672496108,1.0,0.5649726456067569,0.11884939713201167,0.18363486090053086,0.3766004963364499,0.09033694158369962,0.32201287322163397,0.0681666076384222,0.04857160227338017,0.3832908871344618,0.962747220213999,0.2068635755289849,0.08703416373793327,0.6458535703292597,0.04991751192704941,0.8081042816772126,0.25415548712100877,0.18174923357176753,0.8546959737301567,0.5450663311090331,0.14209036369299852,0.06336501544768078,0.07080421419783767,0.5395317853924629,0.08695742026665279,0.16302012827950374,0.3830971050679418,0.20583095660479436,0.07187811331809535,0.12016431596611118,0.1454821035615337,1.2058803536199778,0.11126348913819334,0.30008258300914314,1.153595283050283,0.9466549749461364,0.7395411162516128,0.1115803717639833,0.07028414507134165,1.1778264428208252,0.19271931936297756,0.07545474566548827,0.07271451618073338,0.22592753582344538,0.224994907780846,0.15310788391441124,0.15706051387737874,0.11314502981122443,0.13212231873301336,0.1276631518771873,0.07559269173707328,0.10220551693894303,0.09033835197969337,0.6554806202432758,0.1325084048167202,0.5199555970091261,0.9697724980713359,0.09118733638910428,0.21955118288305123,0.696432836172165,0.26510391986901183,0.3280566427743028,0.1965123404699946,0.7052921820820555,0.4702036384694253,0.23173070967575599,0.051031740620210486,0.647690205868753,0.05750911643076548,0.7809398414548572,0.4568795276807692,0.1379524192221924,0.18791832626436764
Bulgaria,0.45783227184443753,0.2900203596158153,0.13025809509001615,0.22447412586265128,0.6355029513467378,0.20762346555911781,0.16778537520703213,0.5395013889574539,0.5649726456067569,1.0,0.3369138680780883,0.279930636688357,0.1589082834216943,0.3995930376462916,0.27580489489614435,0.6322687365727121,0.4538999774965393,0.1561445328867125,0.21374211811361873,0.3625972715636441,0.41777295284880533,0.14674159990930277,0.46602515280129875,0.15594567649153332,0.2609169674133006,0.2688697363487972,0.16376431068528657,0.3352569030925283,0.31564764549198193,0.5910617811140952,0.7095785532593029,0.2593279584984023,0.6621091295996673,0.28767096608404036,0.21844428249331477,0.337639263458356,0.45473975357016594,0.3381864795610208,0.4795838600713421,0.42624294051336364,0.4819313344613697,0.5633872834246068,0.29131843120157475,0.2551180315307302,0.17501098039932747,0.3860957421598016,0.48204489132673356,0.2990683564467953,0.25967846915967707,0.672715286029104,0.45170350623104577,0.24359057026651013,0.253075332417932,0.40098984769069734,0.2690161522007952,0.31667148837907166,0.35148233536388596,0.33406837327840644,0.4260873372341461,0.4224841604840004,0.5355016956499631,0.1562175714627468,0.5550859680636766,0.21244611921220483,0.22428918397842232,0.5760552334336091,0.23310461032244617,0.14979812010954324,0.21566575574220787,0.22744026984342822,0.26873042130143354,0.130407816765069,0.23076407946984454,0.24404114607892793,0.52145495986477,0.14580537780668348,0.48606605182562446,0.24516802398883922,0.12021691060336875,0.3066434466045422,0.30634586889132387
Cambodia,0.14071737229954276,0.03570973111261286,0.2633340756512986,0.46493848939671467,0.16045355512145337,0.6507821182641698,0.16254016001356839,0.0882230001443246,0.11884939713201167,0.3369138680780883,1.0,0.043529191432766096,0.1926428802578273,0.0388935936056172,0.2598263707892817,0.1547776813877318,0.06827020445765233,0.19990234691729525,0.5839512001910092,0.1062999747998652,0.043606616829202166,0.40660639531265474,0.081066866442558,0.46711607815713263,0.1359001789040265,0.05802054676273263,0.5211132021009479,0.3333257967862124,0.030143821463668036,0.1241449596844541,0.20835055829756413,0.3040644883132573,0.1607930669059245,0.043946895666383046,0.17141625233771624,0.12719808139403857,0.06138865360895848,0.061859063364247346,0.11253064368204602,0.787158641842868,0.09412673354270132,0.328175841136572,0.7244178458808916,0.5831016352987894,0.4810196948745173,0.0920000954938098,0.05653832657373184,0.7573846318224093,0.0469145254622462,0.19930595346015992,0.06691511102769249,0.1322741760358793,0.05169594793493251,0.25063550579680555,0.07880797320842209,0.035057142551319226,0.04000266187641832,0.028260243750048264,0.049694441971390446,0.05195352058433994,0.10633710749167988,0.4345914670521538,0.15709059011626517,0.32863278869567414,0.6555003050798672,0.11780805475705347,0.05336685938231292,0.45997557484172036,0.11226752953856003,0.1924396260889104,0.053852714783825945,0.38023281205464604,0.30384607969241434,0.054236710344662264,0.07682257967241676,0.4063852728185329,0.06580324023301248,0.5191259465192657,0.2758684243013011,0.06341810121284827,0.056760625291282396
Cameroon,0.1771173165987798,0.024733527993877402,0.20393989087411118,0.41543319076069485,0.2382446123940521,0.5548564818636837,0.1314011373451354,0.15378304365718354,0.18363486090053086,0.279930636688357,0.043529191432766096,1.0,0.14658164116086986,0.07926171357718956,0.24862847146149836,0.23553070669622142,0.11429470082312318,0.16775717087179037,0.5121622455403027,0.11862047473374032,0.08253659905213129,0.34380309332677295,0.12071257733475482,0.3996696095163885,0.12509631711813396,0.04090955479634245,0.4244983746442377,0.30544989066104,0.03148279646894098,0.19577242901427383,0.30390049320685975,0.26952648012376257,0.24818101723839942,0.030697749161711946,0.146808840636634,0.12482571204299006,0.09505404284430044,0.10900737815884812,0.18331689181875957,0.7498821376902407,0.166674084577397,0.3778010045043032,0.6602269832556497,0.4990205080769631,0.44814851664658817,0.12756429891814472,0.12009388064430176,0.6851844453805863,0.03203992380850629,0.28650420228328677,0.1231369833485065,0.1255128427769298,0.023523458011280418,0.31229361696524194,0.09141588418494762,0.05049619204119846,0.05807773228820409,0.05262949893110189,0.09194562399690137,0.09623581852325963,0.1742876205703118,0.3948109985135376,0.23575049776702114,0.29762871500674043,0.5811239094783857,0.19635039584716277,0.03513530326438119,0.4284174011482726,0.10153986837788911,0.17350221317824535,0.029547038810751852,0.290637618915904,0.2814335028144578,0.027995779154179307,0.1455598497759167,0.34553543225987704,0.11382634378047846,0.5012823167092053,0.2072847056402047,0.07392399957634513,0.06579557280338869
Canada,0.29085838458114255,0.15774675309604197,0.0733863500994022,0.3566098275669307,0.44885716503854617,0.4090314525742194,0.04173792946725263,0.35960334509887526,0.3766004963364499,0.1589082834216943,0.1926428802578273,0.14658164116086986,1.0,0.24687717305911905,0.23376399024339714,0.43665302931715133,0.2800209265855762,0.08598577417008585,0.31608776771442626,0.23715860693649907,0.2539067228511495,0.11662885729207453,0.29016378522041786,0.26675082680852275,0.13181797192313818,0.11648715556809261,0.21910935827868055,0.26955439805350356,0.19564570137585843,0.40540048935203843,0.5117435842962157,0.14754144766248323,0.46186401977617586,0.16021612166305,0.06873237762928897,0.2237565340902363,0.2812972776517785,0.19166903082219994,0.4118833291162993,0.5585318188770788,0.3941079732670737,0.4775256302210703,0.44012834291639935,0.34027416491880086,0.2423039738539209,0.23533934286355873,0.3062408921940365,0.46821525779573736,0.1432380601892449,0.48379182825426525,0.27608327705733465,0.1458799409112665,0.12737815338848435,0.29206352633723554,0.13551593868270834,0.17133425235203917,0.20229847140452684,0.2099175969896545,0.261231116929555,0.32243872213556957,0.3821995297129574,0.18780748753200702,0.4021331045984513,0.1645460801339206,0.4229916168858262,0.41047825676901684,0.11465802095949318,0.20441104823588466,0.07508755270236217,0.1769577402080188,0.12818998241622867,0.12754053339535618,0.11098465893501694,0.1157107378312876,0.3384468433192582,0.11050641583606688,0.3040768958073312,0.40629049888013047,0.10700921511494588,0.21093887030570738,0.19301041008095776
Chile,0.14383927989253495,0.06922237182602589,0.32191335013820976,0.5038628247911553,0.1010190809090499,0.7128950655590929,0.2097487524342821,0.06003879942418905,0.09033694158369962,0.3995930376462916,0.0388935936056172,0.07926171357718956,0.24687717305911905,1.0,0.2483575721498315,0.1003911054949582,0.053658414957067524,0.24566178610736308,0.6523736382884978,0.13017018242142422,0.04500657939460523,0.46443647526785203,0.07886653175044245,0.5507297719141202,0.15211220629772848,0.08294249680266702,0.5987481924715903,0.41068229424690283,0.055928567913110655,0.07705902664280789,0.15006450837647692,0.3492401518044894,0.10421230895254488,0.06489820165613855,0.2179797768330524,0.12310622424269532,0.04986247053840531,0.05768067842162816,0.08585361837152908,0.8695889353301084,0.061418555808448516,0.30589813142708705,0.8220532560445112,0.6626535216927796,0.5368034562758752,0.10757277808253951,0.04530530937398938,0.8506608127179929,0.07980293250708614,0.14415216299987446,0.06543629229157824,0.13886019492659268,0.09290894651372861,0.2114067990338296,0.08927109210990111,0.04465576703160262,0.05869937190510574,0.049989974737352116,0.05143268025803932,0.04720198084600258,0.06228324407293989,0.48817422491360274,0.1273381297514443,0.38206139473656364,0.7217267122980955,0.07477413622878068,0.09814819983706732,0.5024715714104347,0.15240770704702214,0.2091487583128176,0.08554588967344515,0.4632304006941953,0.32754930829643014,0.09899131320049032,0.05500180690165471,0.46316721395076144,0.055861843538024786,0.5822499512602315,0.32386518024452904,0.07259827910860384,0.08757374062845169
China,0.31908651098252044,0.2518987520561968,0.2241752870253153,0.4059845636454699,0.33094611848844757,0.5052166636021037,0.24747265881403357,0.28189724585700554,0.32201287322163397,0.27580489489614435,0.2598263707892817,0.24862847146149836,0.23376399024339714,0.2483575721498315,1.0,0.33281609412774404,0.2786697140096187,0.2183948067161737,0.4545377343432752,0.2707813508216499,0.26699510290232475,0.2146272223858126,0.30140051448048366,0.39942734009973874,0.25636625003221264,0.26226904140316576,0.3618804378258572,0.24189091588323097,0.24714625319982747,0.31153642579487095,0.3623841401402941,0.2501385056086019,0.31834052827321135,0.25383900363649137,0.2463040762585272,0.28513713849610334,0.28147835279257544,0.24604323646142556,0.2725714814914928,0.6530082673066717,0.263603260299447,0.37136468824766655,0.5870445776379416,0.43667641667239443,0.2771014081227282,0.2636427385504859,0.26974887440697637,0.5483111284943682,0.239732060932879,0.36550647487864607,0.2794769013415197,0.2596739846912076,0.2473117375481667,0.2794969541257213,0.24556423061661628,0.23417815362456468,0.24033786890461176,0.256647471844198,0.27902701739650426,0.2682585788987661,0.2784878415065678,0.2531623817903945,0.2807080715751782,0.23406570444179967,0.5594360488727929,0.29442691851632685,0.2610418934600156,0.2720216287338776,0.275955322384623,0.3213813309224615,0.24942092143934735,0.3227407784137175,0.2380696659521263,0.2545002990758848,0.2874106288804793,0.22141052600132993,0.27728916136776255,0.5643513828320429,0.24631665741508296,0.23912004350912383,0.22355590458375682
Colombia,0.1408255267656108,0.23096051455617977,0.5394447030339204,0.7258818422257948,0.0510101581251427,0.954120494196522,0.3871713615029736,0.0681396628681733,0.0681666076384222,0.6322687365727121,0.1547776813877318,0.23553070669622142,0.43665302931715133,0.1003911054949582,0.33281609412774404,1.0,0.07847611115155784,0.4396072280954408,1.0318328322420112,0.2609427976688516,0.12175435448236557,0.7104864271390634,0.09483934341077177,0.8805306827009134,0.26622008915433143,0.233973637583909,0.924655904474693,0.6366017537853463,0.1909268420631239,0.0475259634639551,0.08078231543584838,0.6064376622154883,0.06129308255015001,0.22034125624217568,0.4552477979443428,0.2252878349435482,0.09418207855925301,0.15974838791654214,0.13106047029036613,1.2604237755310153,0.11402788652493309,0.28181178937950957,1.2366700117158977,1.0160955727768632,0.7996294809155955,0.15471945043811045,0.08204844832816979,1.246116149546735,0.23075466210258463,0.06820130135157998,0.11142853505605785,0.2491530968520737,0.27642290065613107,0.17481940188680595,0.16905485988813684,0.1462555536214397,0.1806909216092793,0.1676943723315221,0.10699290525218813,0.12714517476191908,0.08572184260441384,0.7365974047929953,0.14091699802943078,0.597479156781929,1.0418008099947949,0.07697770729293069,0.28832341402488726,0.7544556539752684,0.3341232339122001,0.3474380616236741,0.24543885962480816,0.7946782423058256,0.5230660999085042,0.27055272262682173,0.06449730147872407,0.7113285260908122,0.07768308640533106,0.820832569203091,0.5156318134780041,0.1731101724347411,0.24328874627421676
Costa Rica,0.10121677017546829,0.10481280944852142,0.3688081513560971,0.6114160498413219,0.0834821347204171,0.7843565245625251,0.24830833135864586,0.05336815297033995,0.04857160227338017,0.4538999774965393,0.06827020445765233,0.11429470082312318,0.2800209265855762,0.053658414957067524,0.2786697140096187,0.07847611115155784,1.0,0.28304054776105625,0.797493904973917,0.1514180631026252,0.047399677070168955,0.526240358036738,0.051472926654003215,0.6484458932980792,0.1962014291304356,0.12019026019587964,0.7078337604950243,0.43666420743498546,0.08491934655384192,0.0607651353609554,0.10637695400603864,0.4190154598230441,0.08426251381496044,0.10409180691166828,0.2713604538402168,0.17006202319402888,0.04762301367429281,0.08677912439485724,0.11112692427315529,1.0448557830011231,0.08556379755416751,0.3089620728859681,0.9635629218017753,0.7865611599824568,0.6194346599767949,0.0752877962317553,0.04734174039485631,0.9981807291075607,0.11878390362780583,0.09914684175218202,0.06778104611514488,0.17968255360139407,0.14264283397983157,0.16804854407204506,0.1126110559436492,0.05714126262657754,0.07024607841106731,0.07297574345045435,0.05293912718713481,0.06467924853720633,0.07318915827969175,0.5370922976242978,0.12007612799160139,0.43844346095764103,0.8216196040482938,0.08294922159283113,0.1412387094580959,0.5676965751841581,0.1935847817423743,0.27294654740842916,0.12663836953037824,0.5554012323291795,0.3718657530224335,0.14336623666365952,0.043615002378318724,0.5275889597512483,0.03608309449965766,0.6892662700973758,0.36686928395952334,0.10192352027099277,0.10563866127065921
Croatia,0.28898827156715134,0.17511537248116607,0.08823237235326586,0.34602238390764684,0.43945605754674766,0.4297205010636427,0.08934589665324216,0.3415044222149418,0.3832908871344618,0.1561445328867125,0.19990234691729525,0.16775717087179037,0.08598577417008585,0.24566178610736308,0.2183948067161737,0.4396072280954408,0.28304054776105625,1.0,0.3253329255334638,0.2118606723003522,0.244545140869963,0.10968934120716281,0.30063917827479014,0.27152966596006345,0.1780337727324833,0.14247602992015174,0.22969226575000531,0.25109504517340386,0.18928556289277507,0.39875380239479213,0.504259940359745,0.14382215249094815,0.43951424131049416,0.19278748123953005,0.12016251238341294,0.2565711499780218,0.2802306546255141,0.1894991429757266,0.3610756369925563,0.5511091266314021,0.3573807993737822,0.4350816807469938,0.46034043389529045,0.3674212179884735,0.22558869607828366,0.22831663603260155,0.294602087258426,0.4580749435461329,0.16048939537733392,0.4853361117354633,0.2763113687876448,0.1508170096724339,0.15621522404328114,0.24471624574162915,0.15562819423671545,0.18305702413966804,0.19209106674048554,0.2019990620910046,0.25930979552111555,0.28452863293519104,0.3631258615641881,0.1613800522217034,0.37790885982261213,0.13876939089515894,0.4450293143328562,0.38098116475106686,0.1534666159235917,0.21668457527421375,0.1453784369697307,0.2295280899613285,0.16538995938593962,0.17577021895457418,0.1380328472190187,0.15716032756032974,0.332927287869218,0.11536492944932997,0.3022607374829466,0.40687688222865126,0.1131923564745784,0.2136605254517951,0.1693676930525607
Czech Republic,0.8265409049784415,0.529993643955226,0.29913723108670587,0.2742587007670704,1.008897441177833,0.2197085651401277,0.3638107845960371,0.8131846178148785,0.962747220213999,0.21374211811361873,0.5839512001910092,0.5121622455403027,0.31608776771442626,0.6523736382884978,0.4545377343432752,1.0318328322420112,0.797493904973917,0.3253329255334638,1.0,0.6290466542222476,0.7110538432435083,0.22902009942165918,0.8399223576068603,0.11457862915074452,0.43883571679749867,0.458161617258584,0.15287021492351707,0.3979862661435128,0.5488084349803938,0.9305066624288343,1.107032649017536,0.31249878307258094,0.9306793939251573,0.5340142749459079,0.3234791610233949,0.5499490473504829,0.7588027533370874,0.5547720976422769,0.703035219982195,0.2475440107125931,0.717796459072864,0.7930576730730392,0.15802608654151482,0.19795194747226466,0.18133591951128653,0.7237614137261112,0.7471817781177456,0.15505289190444468,0.44109321894355275,1.0880228517727988,0.7172234809305839,0.46000341664367655,0.4832523887493888,0.6759691169324296,0.5050545371914325,0.5405957893525606,0.6017203502835806,0.57578072343621,0.7425982242572999,0.668152639132969,0.7913201701323801,0.17548039802955714,0.8239860222294002,0.26209898092663764,0.21577252488414247,0.8287643135798636,0.4406717557414097,0.14168432704723677,0.37929958352003246,0.4436916468978037,0.48535597254379204,0.13624226245393314,0.28010839207267235,0.4706172338811122,0.8433191216605281,0.23113127728502594,0.7743950100704455,0.23261457615094247,0.26085045369168974,0.579371794083138,0.5257245137324923
Denmark,0.17552185847994842,0.11252273772753099,0.2884731451370455,0.5152906290263167,0.26519914791983257,0.6212469086829386,0.20498087476302934,0.18959580041931018,0.2068635755289849,0.3625972715636441,0.1062999747998652,0.11862047473374032,0.23715860693649907,0.13017018242142422,0.2707813508216499,0.2609427976688516,0.1514180631026252,0.2118606723003522,0.6290466542222476,1.0,0.11434895226148975,0.434688734886051,0.14140572176230706,0.49387177087202494,0.19970116701239296,0.11836796101123306,0.5438902384501931,0.2663021339039747,0.10814243792773465,0.22965877671187682,0.3276910787100761,0.25819810426780565,0.2681214524368115,0.12683052493225355,0.24770979245416555,0.17909273349051735,0.13468824825558456,0.15721454143592498,0.20080406317299834,0.8207225494422925,0.1806390762119387,0.3780092156477479,0.7571776929924318,0.5955287766959799,0.4138745094225884,0.13906080650046618,0.15020938370964504,0.797829105091596,0.10082177122107377,0.3108981383278403,0.13119040825076522,0.15651506530523826,0.12888707032876293,0.29782986587776844,0.14048839848614242,0.09893339768703935,0.10913014608105942,0.10666188846536623,0.1179361524693539,0.13114748172306867,0.20041294520249567,0.42891758651166556,0.181638550405251,0.30170416450946536,0.665383601448784,0.21184106957909218,0.14507832536474222,0.44763579604402176,0.1989542937721278,0.2568120334397125,0.1270997844408064,0.43352284169178135,0.3081396523761152,0.13431237342486665,0.1736715669448834,0.4366515936404658,0.14819515552746226,0.5498993843862994,0.2787758674060097,0.11522628160607093,0.13065493706793138
Ecuador,0.10880752219741449,0.08032533868162686,0.3387074640789398,0.5627165161081232,0.1249764807292422,0.7442994070029265,0.21777801582984163,0.06645325813284592,0.08703416373793327,0.41777295284880533,0.043606616829202166,0.08253659905213129,0.2539067228511495,0.04500657939460523,0.26699510290232475,0.12175435448236557,0.047399677070168955,0.244545140869963,0.7110538432435083,0.11434895226148975,1.0,0.4944356940938137,0.0479362473643567,0.5585851618423937,0.1920352608038835,0.09358304431727066,0.6714298342844032,0.3633520097138101,0.050098476704414946,0.08657708490726668,0.17434562693912745,0.3665868632973961,0.13379349956183995,0.08583236950487624,0.23967544506228705,0.1685859480818776,0.0437339027079198,0.07007859822535298,0.12404885291337964,0.9230259169766766,0.09136341182883465,0.33113882028419667,0.8696673934343595,0.701714734196812,0.5849235555723555,0.07346322215999004,0.04886619279219154,0.9181254073035516,0.08568305883216171,0.16771182158917172,0.05456002174387567,0.17072913521733624,0.10259461460054961,0.18236661545404165,0.10663744436379946,0.04418948321920621,0.03793605829658614,0.04401604448625704,0.028889938600133253,0.05683577074671256,0.09445198343677491,0.4857211159410274,0.14380450318200874,0.37730752147288815,0.7199722043689112,0.09799793994059916,0.10735427541394213,0.5362085030202836,0.1630420179181238,0.25757953053781935,0.09878048622810978,0.522319303576698,0.33525912782282735,0.10167536103680572,0.05227658986281508,0.4953926492542638,0.04696715023458656,0.6033211732710909,0.34339268570148607,0.08104403370727573,0.06407100679241559
"Egypt, Arab Rep.",0.49447455119133954,0.3595290483354291,0.08208702349500344,0.3141003120985896,0.7071235822675901,0.3856868506021298,0.11977864724370657,0.6105347785564592,0.6458535703292597,0.14674159990930277,0.40660639531265474,0.34380309332677295,0.11662885729207453,0.46443647526785203,0.2146272223858126,0.7104864271390634,0.526240358036738,0.10968934120716281,0.22902009942165918,0.434688734886051,0.4944356940938137,1.0,0.5511486461639904,0.23685391503967734,0.2565920034655469,0.2899676077085427,0.10464128607793516,0.16135309520729502,0.40751395750445657,0.6650862404440936,0.7770165184659218,0.17238256781781916,0.7201297126843029,0.3571981422622198,0.16219734224702775,0.392164119643427,0.5340270317296112,0.3677866619567166,0.6512382974684532,0.4001378957735294,0.6328758800604422,0.5327331577445725,0.33122583331924504,0.29402467607543104,0.13358537849547933,0.4553927018352007,0.5549900360336928,0.3294453673951322,0.32752833620005395,0.7500027729171513,0.49510927944649674,0.26798142969479055,0.30890902604631665,0.3812704435319148,0.27942032310148734,0.3719321969867321,0.42902193425411017,0.4338540074322895,0.508084190941076,0.558916929970739,0.6252773355140224,0.12622426489886168,0.6176982552126997,0.12762063933327827,0.4138102831024005,0.657519127241978,0.29214625411290246,0.14605193336411398,0.22742392035787565,0.2736020668064062,0.31632370537943455,0.11113639018857391,0.11934694895055487,0.3045658321134165,0.5958943343130112,0.02167992224382284,0.5595441755888294,0.3863265133615863,0.08337971380811154,0.4217019526674455,0.3834229943217684
El Salvador,0.08530113688496366,0.11708661737520959,0.38683151498689416,0.6526447781755864,0.1044422989761945,0.788323514378086,0.25315357917973996,0.07331172839310446,0.04991751192704941,0.46602515280129875,0.081066866442558,0.12071257733475482,0.29016378522041786,0.07886653175044245,0.30140051448048366,0.09483934341077177,0.051472926654003215,0.30063917827479014,0.8399223576068603,0.14140572176230706,0.0479362473643567,0.5511486461639904,1.0,0.6853078240944599,0.22267553629244805,0.1305803028606463,0.743155668318277,0.40974185985813794,0.08456330363620981,0.07451905242335136,0.137336416654426,0.40718790298467233,0.11445902267462377,0.1216862358191087,0.2965308870805985,0.19289770063196204,0.042872784214535775,0.09366301983684461,0.14860259256659122,1.097864180899641,0.11257888662949617,0.31278742213447946,1.0100877340989785,0.8241051948608906,0.6485211846743242,0.06830553953560628,0.0606814881476859,1.052322750568217,0.1215695667477219,0.13275736686094597,0.05417123444467534,0.19425269353026342,0.1419811309991578,0.1592193549779033,0.13433353269725257,0.07915750192859086,0.07263597240728575,0.07838205102556034,0.04461710295367097,0.07862273283303764,0.0970609591108613,0.539572667103038,0.13793101166559762,0.4129230649007981,0.8487961316211448,0.11076267048022848,0.15225957274571017,0.5973466424765663,0.19677155074440172,0.2949008954904627,0.14107993907382485,0.5911525272185866,0.3949952544211036,0.1427882372829453,0.052624946798548844,0.5511695580611348,0.04811409757357504,0.7275716830878671,0.37699010556828005,0.10673799581681664,0.11489769810430123
Estonia,0.6765135683234458,0.4160023779753194,0.251055598146842,0.22086770506815007,0.8625090606044873,0.19272218160586302,0.29997495702033916,0.6784937500934793,0.8081042816772126,0.15594567649153332,0.46711607815713263,0.3996696095163885,0.26675082680852275,0.5507297719141202,0.39942734009973874,0.8805306827009134,0.6484458932980792,0.27152966596006345,0.11457862915074452,0.49387177087202494,0.5585851618423937,0.23685391503967734,0.6853078240944599,1.0,0.4057845932197037,0.4073206720173626,0.1990422117995288,0.3830362497836168,0.44142185425114944,0.7827531116176133,0.9686674774181088,0.26196925791367287,0.8103245530202874,0.43606116742367707,0.28537588921425205,0.4953637426184181,0.6155274593656881,0.47317248131416845,0.6357189393536503,0.2792211116037695,0.6244917833924895,0.7623634653020113,0.1625560276425478,0.182784632720395,0.1818478093907825,0.581916654347481,0.6180956338017279,0.17587905943733004,0.38507071872221676,0.9356433988067389,0.5955443409235508,0.39444234743849055,0.36977079156396464,0.6104038462582059,0.4419570918961592,0.45542112025432974,0.4738646403507568,0.46510948555345377,0.5930686316438251,0.5678092165374222,0.6782263083496206,0.20199962576328903,0.7107775445911938,0.25792716454620834,0.19150590037919402,0.7201924018295288,0.3855714413091468,0.13920561779447713,0.333439918180663,0.39888219078258075,0.3935264593512526,0.14134863652070576,0.2940595915259399,0.368482508929598,0.7030939380534905,0.24705370048049477,0.6388246516242866,0.22969646311326442,0.2379362931995761,0.4928996008921962,0.4092384603745251
