Country Name,Albania,Angola,Australia,Azerbaijan,Bangladesh,Belarus,Belgium,Bolivia,Brazil,Bulgaria,Cambodia,Cameroon,Canada,Chile,China,Colombia,Costa Rica,Croatia,Czech Republic,Denmark,Ecuador,"Egypt, Arab Rep.",El Salvador,Estonia,Finland,France,Georgia,Germany,Ghana,Guatemala,Honduras,Hungary,India,Indonesia,Israel,Italy,Jamaica,Japan,Jordan,Kazakhstan,Kenya,"Korea, Rep.",Kyrgyz Republic,Latvia,Lithuania,Malaysia,Mexico,Mongolia,Morocco,Nepal,Netherlands,New Zealand,Nigeria,North Macedonia,Norway,Oman,Pakistan,Panama,Paraguay,Peru,Philippines,Poland,Portugal,Romania,Russian Federation,Saudi Arabia,Senegal,Slovak Republic,South Africa,Spain,Sri Lanka,Sweden,Switzerland,Tanzania,Thailand,Tunisia,Turkey,Ukraine,United Kingdom,United States,Uruguay
Albania,1.0,1.9035355322123932,0.5607614068256142,1.5168362934968989,0.44023787545371257,0.5792875556590735,0.7749036491312483,0.81082062127426,0.44464110329866624,0.6599096989839623,0.22431096777834017,0.28981331032712804,0.46022726562564437,1.3297581618539491,0.35146948867599515,1.885306567412701,1.5027635750226485,0.4165126801317694,0.5402411867981711,0.5929476452411017,1.344221216179361,1.2242075866612747,1.4368114049155165,0.5957598939998183,0.5419900611397236,0.46413169623172107,0.41035543150540427,0.43872533642323636,0.3138632193775514,0.443172635535835,1.5148777511932847,1.1709288809458729,0.3844962178663431,0.3014038214568942,0.5208627155682372,0.607310724239145,1.2067171681658708,0.37471188361039043,0.7514191435406791,0.20093672612879485,1.242081453255236,0.3876350802983379,0.5622702191872823,0.5849715912485757,0.6303602754218125,0.46402252780773595,0.584707357115031,0.41379024620793525,0.943046461007887,0.2618618869262555,0.5472909999871998,0.6003144075201067,0.31750447641059154,0.5987678722455216,0.6872227709507461,0.6110542483965399,1.6694935611511248,1.898621834977391,0.6125629356351233,0.7504933876344113,0.25224122677722455,0.36224748304423704,0.26186851086036755,0.5032140496903853,0.4862928139259771,1.0603644537404722,0.2692819753546159,0.5880123030079711,0.7632429475066678,0.601253034000982,0.34703605935043197,0.9024227166415076,0.8854551420012748,0.3989873179623406,0.44455641338480945,0.40836369783783444,0.22851137914549527,0.2526754378562611,1.1990284770215025,1.1628421058676004,0.4957463037955119
Angola,1.9035355322123932,1.0,1.9424415846460814,1.039588349815526,1.94071939255923,1.9838568623858392,1.8891799551610031,1.9281102062960136,1.9794966074616707,1.9464024232760777,1.9191665576135377,1.952190520790468,1.9318634908391623,1.5880897095155602,1.9748061286360559,0.7331081094728774,1.6348219283948087,1.8791352291717194,1.9762215795641964,1.979252192288264,1.7723874342619548,1.4256072758866514,1.0707727043818784,1.8936535142936823,1.9413389677228197,1.9605704159443902,1.8939718317705716,1.9748722199263329,1.8672209340404364,1.9242683356818964,1.1606706459231877,1.6776938702245026,1.9620700644106683,1.952235825081078,1.9639806662189658,1.9446338883174632,1.8011011986285277,1.9652337377036684,1.8636816217458079,1.9265231838664256,1.436193078583505,1.9561044981173457,1.8941021031510437,1.9606628576852527,1.9609591982843675,1.9369975609350512,1.9370987330719307,1.9289222577631122,1.5482366195395507,1.955073000489978,1.947816347457668,1.9347717663742674,1.9671255941925048,1.884217526785959,1.9695141946356431,1.9631136215725213,0.6773535494685972,0.37631365101632663,1.81345695645612,1.9535869983928251,1.884347914386031,1.9675084292212124,1.9381514401273854,1.8745895016981868,1.9421515899965596,1.7329186311571312,1.9605696264535803,1.949698450892688,1.9355062411346058,1.9607661620220955,1.9675290375140293,1.8166399213612587,1.7801271679415342,1.9553810225455188,1.798300325519192,1.9322671316934177,1.9282296922017408,1.927296222236144,1.5621181419118921,1.7213582530836116,1.920186938308595
Australia,0.5607614068256142,1.9424415846460814,1.0,1.4881158415712001,0.302566606814188,0.3600026961060921,0.92437874623533,0.6409505622195788,0.557079105736481,0.4563441927068618,0.4538691397546089,0.5197317906433992,0.489740368013788,1.4534150550843328,0.3892175720982349,1.7968327138740896,1.37272445344295,0.7244766650788476,0.3630128488209417,0.5067045611219305,1.089429440169127,1.4772321424531518,1.6254112055391905,0.5834615150408494,0.2212136406117584,0.3770797691260503,0.778627114914721,0.30264753776365516,0.7526353741561039,0.4175155765212558,1.6320843669603073,0.8981991311250076,0.45660168449011895,0.5153338966993046,0.27238392235182984,0.2535876218232725,0.8538805021042616,0.2769593370398429,0.3957102134897629,0.5297948864106229,1.5537529448170193,0.29322576183120347,0.34950864514647867,0.2603843504121942,0.5007235578372795,0.3207529633030378,0.3105927677077791,0.4588494177144422,1.2903284512132407,0.4288388409622845,0.4821209355395118,0.3707955955121497,0.39587803820389666,0.45323865922245804,0.36818039892804183,0.2825922680989952,1.8346401590194794,1.9413099753667864,0.9259910853230722,0.6516880634905126,0.6543012229585875,0.32010132360347515,0.5225063662384377,0.3614894467627141,0.31945459365870527,0.7932209627650254,0.4033245584280605,0.34746054287448874,0.35848950461343976,0.2881746309711178,0.32447361542631725,0.600079423172134,0.6609450464810076,0.2507555162032717,0.6630433559493476,0.5552200747037106,0.5332122091093101,0.5372047398355201,1.1727912059378507,0.8644539923140895,0.4197555423840605
Azerbaijan,1.5168362934968989,1.039588349815526,1.4881158415712001,1.0,1.5487723183071898,1.6198372810875892,1.71872057816101,1.606580285190263,1.705240738103329,1.5756946589689593,1.4855821295692762,1.5861086794601766,1.4684380642538208,1.6402314889817968,1.617588001940642,1.2152836528026894,1.7370255774787937,1.57975330526785,1.5954700695154782,1.6564630046377773,1.6863398550918594,1.427184749267105,1.0918471765084556,1.4910606279859022,1.5062080756498537,1.5966680834547868,1.5851547684330372,1.5845939164071268,1.521913036793612,1.4441426308416179,1.1332183792280677,1.405093663095675,1.5814168079391706,1.615604273427757,1.56387257959462,1.5027767941701133,1.5839606935953754,1.535642156148474,1.4019328664448372,1.5447972541717412,1.5924505480063276,1.529730238559263,1.461124744180643,1.548675028082813,1.6519543334130884,1.4874519735307759,1.5083901778406352,1.5066993431186515,1.3864269968581255,1.5594250158085246,1.5574516886230454,1.5212860664536427,1.5839859666892766,1.4810592761619272,1.6042526590535344,1.5650844545973803,1.0565016366247824,1.1793223844903133,1.5593225887186728,1.7381892463918105,1.5524178701891702,1.604675619587819,1.5570388674354865,1.3854398088362283,1.489700174355308,1.2376140633712704,1.5745508346138186,1.569660711957016,1.5538786877463648,1.5598349948569254,1.5785069590786633,1.3829209045152144,1.3618790928045277,1.5515016092455598,1.2957073567099624,1.5314133426069754,1.554308035095531,1.5391956815352428,1.3810086179233716,1.4826988447097935,1.5043995581064011
Bangladesh,0.44023787545371257,1.94071939255923,0.302566606814188,1.5487723183071898,1.0,0.42035891139917436,0.8779505939515069,0.7193415322184581,0.4953434628905856,0.4181377032058794,0.3879676051678969,0.4732998097226254,0.46015058480459975,1.4961199115125317,0.3262043166999144,1.8191012109642872,1.4188228387853257,0.6605044977958497,0.33087801384567284,0.4750951843753491,1.1877869064539295,1.3996110047914658,1.6088402817641567,0.4914003666868248,0.28196233999683523,0.22197511730684527,0.6514865009148572,0.2795326896083195,0.6796078092419069,0.5086150846720946,1.688091613815729,0.9221656707844341,0.4583202251233909,0.41110227268945,0.19628458964528037,0.31262095839425647,0.9517423363085703,0.2927952665217129,0.448568287457304,0.45066952588466175,1.5057864307582285,0.214552883255976,0.24123569546759163,0.2597372820154936,0.3792383902738346,0.27286445460102743,0.3015883399448885,0.43614430071112675,1.2582023187699334,0.37282731217544046,0.5739923928676893,0.35637693732203474,0.3597433701486831,0.33485955732302863,0.38263565421557877,0.30156335607986445,1.8073771608921,1.9389199941009014,0.8959701949742271,0.5585527084190871,0.5189175846929724,0.25921182170848117,0.4859863917389731,0.32761977519610713,0.2655491796056611,0.8464078865614723,0.3255308204741614,0.2781338212799313,0.40615776689452776,0.30722109304650275,0.24080422897032333,0.5927815250626655,0.593529981642153,0.14722062403949904,0.5987322474048926,0.5855033525176503,0.44224464729447494,0.4607486196687765,1.194755965495714,0.8878166669710295,0.4148730827523963
Belarus,0.5792875556590735,1.9838568623858392,0.3600026961060921,1.6198372810875892,0.42035891139917436,1.0,0.7896150368217943,0.5455944175085343,0.4025239396502847,0.3916240762771544,0.4879803975187397,0.4537816826173908,0.476172167601394,1.2991294486739877,0.29463636236686325,1.812281866215202,1.2590505175172553,0.6806889565974912,0.20275818830373166,0.33810198840764166,0.9574131041749092,1.4864983864473804,1.6591155563849653,0.6004952599786412,0.35334825760627125,0.3308414774156547,0.6993761142068904,0.24633490234858876,0.7138979192727662,0.4531155379734102,1.6016704340920227,0.9888920023523513,0.40741637874649217,0.462328626564109,0.29461974089504167,0.3346085915543799,0.7994939717085107,0.2880446087991504,0.573174185295974,0.5027122687391609,1.484815833539301,0.30057667472807365,0.5640596891305915,0.30729221845469384,0.3921522330082901,0.43464154224308943,0.3553541487199355,0.4680094066724771,1.3072778148363635,0.4073440733368609,0.4874387443174857,0.4077984983937653,0.3420913335496645,0.5597392387009288,0.2621092816191508,0.2678502151072957,1.893432262692658,1.9670791407946595,0.85901613932113,0.5135939260041086,0.6957464757637832,0.3194587376417028,0.49127045615976117,0.545300479477064,0.39738446766283836,0.8846325909652241,0.3722156616898658,0.3455235359905301,0.40278710134948065,0.2600790192619143,0.321007610201431,0.7482550564373623,0.7926462828201194,0.3167947870615257,0.7289537708629749,0.5212982316138977,0.5112477647253482,0.47603328316205185,1.2260307766511689,0.9275531098728724,0.5204438834453057
Belgium,0.7749036491312483,1.8891799551610031,0.92437874623533,1.71872057816101,0.8779505939515069,0.7896150368217943,1.0,0.7937476539740473,0.5669863635118243,0.8048801783764868,0.7689898994951814,0.6265071172114578,0.7049743459012973,0.9218652802230204,0.7174953389810981,1.8884240813400328,1.1143465453980788,0.6738399277264371,0.7793622377425721,0.6547174183968291,1.0997546509681082,1.0063905136931721,1.5191570369979046,0.9158364884243153,0.9599586693301,0.803688017761448,0.5448942354139268,0.7479923266308794,0.704288786708098,0.8340621814186561,1.5684874434811735,1.4378774530308582,0.6554412269336667,0.6667388283685972,0.8356414638972003,0.965234456186227,1.2884472282549642,0.7577129728129626,1.1835632918915773,0.7309658884660912,1.0505511785960944,0.8121685429919069,1.0106014354100672,0.8716521933473964,0.8067602685825922,0.8446956529171725,0.9161398606040146,0.9094365987055477,0.9327104752650405,0.6874235139465031,0.6746850397102813,0.9420520317713623,0.6777006810684459,1.0005580389734858,0.899495722406482,0.8789043139243502,1.68463448363575,1.8839724385965912,0.6739005027855226,0.7444024117606041,0.7466096339407294,0.7623968357885658,0.7051432811070345,1.0582991483738655,0.8087814474151666,1.2023685566832665,0.6974477523332668,0.951017564558267,0.9966293657886359,0.8666878606056054,0.7328333249602353,1.1771603404718158,1.2366096284315082,0.8442979889794101,1.0554372728295511,0.7016880071887148,0.6730828598328541,0.7464665944656282,1.2151150437287084,1.372153862748736,0.8224841389099418
Bolivia,0.81082062127426,1.9281102062960136,0.6409505622195788,1.606580285190263,0.7193415322184581,0.5455944175085343,0.7937476539740473,1.0,0.5796358067028956,0.7971267873654602,0.7704208172890203,0.6789010347791079,0.6598066370311401,1.1989028843915719,0.6379827902042464,1.8121379141548086,1.045848461998576,0.8988413562843278,0.6078392858680653,0.6453766394457182,0.9235785147786926,1.4689918850324173,1.637752086352935,0.8137387818267301,0.702069553100931,0.6527807039046779,0.8209105177517401,0.5163180300536442,0.8659230219707507,0.6629593087522702,1.5929336812376205,1.0572655380810345,0.6471648081115399,0.7480155403210228,0.6132809798939384,0.5679195130731708,0.8854079601863395,0.6184950140249482,0.7842782704615606,0.7591380699430331,1.4250812325811084,0.656930853727848,0.7497406101491366,0.5947310553357252,0.6747001200040091,0.696191774889317,0.6800486164947976,0.7789990738147776,1.2878807065190145,0.6644622798298975,0.5796704334288193,0.6091790813360439,0.6342829354044927,0.7626000411946869,0.6208014447669495,0.5934719932433173,1.8370979056735144,1.9329901674715408,0.9643338187593734,0.6715932494358401,0.8541380567282589,0.597913418647596,0.7210601852945594,0.8006753280484539,0.6712072823487962,1.0425785760312551,0.6501052263938354,0.6871507892627047,0.6839009722968582,0.5801191812061095,0.6275463628545259,0.9321668892092729,1.0104351449576199,0.6739292337734775,0.9683339646642816,0.7227998506571648,0.7141546729337664,0.7571775861558239,1.0743505827626068,1.126811335471889,0.743164988128201
Brazil,0.44464110329866624,1.9794966074616707,0.557079105736481,1.705240738103329,0.4953434628905856,0.4025239396502847,0.5669863635118243,0.5796358067028956,1.0,0.5902927801387696,0.43922535472405855,0.2549158904744212,0.5096787651737205,1.16363859051282,0.23888541243654451,1.9037954565032027,1.2504592218252697,0.4807484038159487,0.43253720614188895,0.4312296380571653,1.0970766188337453,1.284910341607387,1.568462443627521,0.632920929544366,0.5469926105657117,0.4198860339591832,0.4584200387153224,0.3399394019966192,0.49318665662486677,0.5076139352918786,1.5682973555514832,1.1881118075440478,0.27420168454166327,0.28722323253477305,0.46813016624170073,0.5674454361775231,1.056001744557563,0.3694809421861208,0.8156450800023556,0.3605545096567433,1.2240935241919413,0.42944968820855234,0.6665335549828126,0.5085468027124852,0.4798958834429404,0.5409061597186163,0.6003392777974526,0.5160079260227851,1.070692555934122,0.2900857226720338,0.41795618040475324,0.5637327764278081,0.25503400576448526,0.675729731477013,0.5467938074344775,0.5335829940417106,1.7971122435776428,1.9483819073164736,0.6939796443879572,0.5000607500810321,0.4579674075519842,0.29510510234849546,0.3243879441449241,0.6924405934513637,0.5282580385417122,1.1253305953539483,0.27401966052696386,0.5512662372352642,0.6774517682578487,0.522536259954459,0.30742394373767185,0.9483256755570398,0.9918075254479468,0.42844076438224415,0.7841095257029648,0.382031207843457,0.33760469627864853,0.38481840702625025,1.242440601887347,1.1238575793838672,0.49121238684084645
Bulgaria,0.6599096989839623,1.9464024232760777,0.4563441927068618,1.5756946589689593,0.4181377032058794,0.3916240762771544,0.8048801783764868,0.7971267873654602,0.5902927801387696,1.0,0.5364930439939785,0.5847020045924587,0.4522809783742339,1.4057505853125851,0.45878656773492776,1.7725389319010352,1.3047926104020222,0.7412797614907248,0.3144215600572005,0.40291148002357724,1.0472400568793148,1.4100228235686234,1.6724681370573584,0.5082630264530354,0.4229035050960106,0.40863001626454365,0.7089451823474091,0.4242936539907918,0.8166832336616023,0.5758941840187766,1.6629286087120032,0.9969907774250295,0.5457133010184061,0.5238321140716399,0.3504344389845318,0.47177781576357386,0.89688658961556,0.41464329965884533,0.6095418367295253,0.6101555684613289,1.5486756542628506,0.3841411406051801,0.5555425850541053,0.38163721465424383,0.37572010778613557,0.39653117077377775,0.3394239923520724,0.5927321794977335,1.3464955190474897,0.5258159343365958,0.6351548499511004,0.5349737129981604,0.4832538311520879,0.5535782298556747,0.34615593780404635,0.3410588430097208,1.8664702257859311,1.9460430872519823,0.9490044939766699,0.5485367942423188,0.7443616108822507,0.48778144197817735,0.6336626085022499,0.5807164143600891,0.3387157618332857,0.6989475179391448,0.4929552660484874,0.3753848069819078,0.40919072200661855,0.3528498390011653,0.4268522376935,0.6180683913125075,0.6439743528300436,0.3963825799464401,0.766041965072509,0.664684530191611,0.6084673274240578,0.6077845951709684,1.2139495984607847,0.859137328797332,0.5533270935074107
Cambodia,0.22431096777834017,1.9191665576135377,0.4538691397546089,1.4855821295692762,0.3879676051678969,0.4879803975187397,0.7689898994951814,0.7704208172890203,0.43922535472405855,0.5364930439939785,1.0,0.24290498770714655,0.3784490721947084,1.3313684775825883,0.2813732273968616,1.8730092279761243,1.4710143673703469,0.3771747648250887,0.4698662116078439,0.5636783414847564,1.3027169845540625,1.2512815245017082,1.4376850845417448,0.5116235555711748,0.42839818130996815,0.4214607525567719,0.4391500472995616,0.35748683638944967,0.3669428339957535,0.31719602667983965,1.517853395912167,1.15102113658144,0.2843292134955939,0.2499588711926985,0.44229648488577866,0.5200252811662246,1.1459443966868657,0.254787918344406,0.6755107355315904,0.16313226442954296,1.3087634438715623,0.2926724202796124,0.5179876781071985,0.5049117397692348,0.5778692037788316,0.39811321096899965,0.49288797616083085,0.38051905065208236,0.9952032628369077,0.18424673301234076,0.4740075416453192,0.533641072003239,0.22248845560184374,0.5457592819333948,0.6038409441503334,0.5281894647650723,1.709276169058832,1.9238379279264708,0.6858125121491784,0.7207904742862029,0.33335041269005233,0.3074719317800462,0.2372121349504621,0.42322103025467905,0.3913459166096923,0.9607875582246604,0.19508482780862516,0.5196383010533266,0.677088293437922,0.5112108322881111,0.2536526151647305,0.8323259692057338,0.8184452960525779,0.3079339833840557,0.43854612764695994,0.3432794963533123,0.1845737388551276,0.22797073949097207,1.185781957029124,1.0876197878894849,0.3441807571016253
Cameroon,0.28981331032712804,1.952190520790468,0.5197317906433992,1.5861086794601766,0.4732998097226254,0.4537816826173908,0.6265071172114578,0.6789010347791079,0.2549158904744212,0.5847020045924587,0.24290498770714655,1.0,0.4102852020469241,1.1926213136681987,0.21871449919599506,1.9210091337049564,1.354990668399176,0.3621142759670922,0.4697028942825267,0.4988660752159947,1.2308442551305645,1.2167984654846626,1.4782926163549575,0.5792859314604927,0.50677555455481,0.4525396629939478,0.3604976243598721,0.34596970243011776,0.31895789628341664,0.3492376759450019,1.503607621256539,1.2292038200224484,0.13349847561967682,0.16868967206159416,0.4818931769123314,0.5692179613619675,1.1362848226122644,0.27785370755231464,0.7855028492055041,0.16168575588456952,1.2044502504030665,0.3675029117649746,0.6296508448021112,0.5349160346351499,0.5785316771660806,0.4777356317239438,0.5791132426163433,0.3885215846085348,0.9554293816291053,0.11267770453640027,0.39216081857803425,0.5685898133677773,0.14557758337611132,0.6723326227019214,0.6057101335850131,0.5582191299784997,1.7233743469581309,1.9358629316828526,0.6306361581661644,0.6666524396555393,0.330778938177142,0.2975428524695654,0.11827937801368613,0.5959727783908858,0.4713928400190029,1.0771802792929317,0.1572468184144886,0.5655608188126364,0.7231446488597137,0.5533572664201987,0.2615389886658483,0.9404228779196155,0.9574953392465086,0.3860030466392043,0.6210232093043004,0.22179504425625016,0.17870374433809538,0.23705840085700272,1.2077511604897164,1.168978243649835,0.4046285486685808
Canada,0.46022726562564437,1.9318634908391623,0.489740368013788,1.4684380642538208,0.46015058480459975,0.476172167601394,0.7049743459012973,0.6598066370311401,0.5096787651737205,0.4522809783742339,0.3784490721947084,0.4102852020469241,1.0,1.289148610249205,0.4247539513878371,1.8629118491849466,1.3057245389002596,0.6339982909374136,0.4024209171432656,0.45003229656909866,1.164439622621615,1.277903337610593,1.547760588930877,0.44275269113857196,0.5085596840359885,0.4751384873250091,0.4672635894927288,0.35512527674438843,0.5995360132180863,0.3732445643212143,1.5598908659223312,1.1139009060815799,0.4225861714165429,0.43479633690283737,0.4117981722881804,0.47683417835111686,1.0890001776051679,0.32164042268878007,0.6841919603735459,0.4558996006698944,1.3941773146336651,0.35521975636889414,0.55367513658297,0.46389180508350486,0.5320970187951625,0.30327244851364316,0.41552423165579383,0.5019580418316172,1.1158756664919682,0.36413669452464986,0.4588181636789077,0.5371879389244416,0.3738499246790276,0.6008148293915372,0.5316731657379115,0.4387810486158326,1.7580155115300955,1.9481927562712251,0.7861724830878432,0.6600370597104808,0.5717999030173967,0.4360994993315482,0.45670459828458276,0.5544821351077542,0.25832610532061,0.7717447485254643,0.3677043460505666,0.5040417495188722,0.5920931836334751,0.4480971908841123,0.3669336671232129,0.7371736974479897,0.7566606839006572,0.4265783730500372,0.6054910143149863,0.4927689560579201,0.42818763157654166,0.4653391446521819,1.0507372029132058,1.0836928191164985,0.5205747247009134
Chile,1.3297581618539491,1.5880897095155602,1.4534150550843328,1.6402314889817968,1.4961199115125317,1.2991294486739877,0.9218652802230204,1.1989028843915719,1.16363859051282,1.4057505853125851,1.3313684775825883,1.1926213136681987,1.289148610249205,1.0,1.2915580215052713,1.656516482254155,1.0199616669880558,1.1674416220975001,1.3555380395570986,1.2649866980115108,1.149316302860407,1.1007680945471656,1.2689186930758678,1.4436604337411025,1.4777072945626788,1.417091365226204,1.140504461430109,1.3366124614858015,1.167355386764136,1.2693957096116582,1.1585175799352525,1.7191208326435672,1.209658892436822,1.2702400960573281,1.4436981610754687,1.4602067732652022,1.481350756021783,1.3312291541269352,1.6309668528699341,1.2725051329466828,0.8083113825303524,1.4040665719276249,1.5991236656076762,1.4478155396358443,1.4172881673521491,1.4474463737234105,1.4630253541828755,1.347326253114227,0.9866235848427389,1.2683457337600004,1.1396427910389204,1.419483953004051,1.2603530395392244,1.5831499726417204,1.4313018010005605,1.4319073702666858,1.4201391397729806,1.5373899519800585,1.0163834806911567,1.3147929338125202,1.3292028185748856,1.3462595025302768,1.22386353183967,1.5713812401411762,1.418451903745969,1.6088755585605357,1.2956860717875844,1.4924885639542393,1.5064238988476253,1.4186676979806876,1.347966779071673,1.6407894055176617,1.7010515942382238,1.4326406090599317,1.4690455210254805,1.1419610781326635,1.2595427642989696,1.2578020869179123,1.3629985127564317,1.6510688488732321,1.3888834559152914
China,0.35146948867599515,1.9748061286360559,0.3892175720982349,1.617588001940642,0.3262043166999144,0.29463636236686325,0.7174953389810981,0.6379827902042464,0.23888541243654451,0.45878656773492776,0.2813732273968616,0.21871449919599506,0.4247539513878371,1.2915580215052713,1.0,1.8749602840472719,1.3504866601454226,0.469367760804724,0.311038516475793,0.40509522276594034,1.1453449439926142,1.3458911487300662,1.565016956590299,0.5171733019121002,0.34967969931585896,0.2816695629649878,0.5010924027710845,0.20937610243916518,0.4884109600354528,0.3738856861653018,1.5712182874380167,1.0892605232997037,0.20920813288034493,0.20833289746883896,0.3235327252139406,0.4165774383589066,0.9919273973221864,0.18989305725207556,0.6406367110221594,0.253690242788433,1.3423173995551518,0.23995004775018794,0.5168244045870306,0.36874765911342705,0.41238726971166406,0.3932376720138909,0.43768544242944224,0.3538558865322246,1.1297262270806978,0.1666814343521046,0.42019849057852604,0.432645701104483,0.11063146362974838,0.5407353131610195,0.4316327566780225,0.39933876595784745,1.8068264611712674,1.9546389822309986,0.730804822769025,0.5399228299258346,0.42895548118633464,0.14897538949071265,0.25582002958394645,0.49692157638373174,0.38366859221463284,1.00208631934043,0.12166712032467543,0.38839781458800116,0.5520189516000296,0.38685514623094425,0.1327234194510428,0.8085535578031036,0.8347091848199508,0.22191688425215395,0.6285350032068278,0.3371119888340417,0.2717890637836532,0.27611729368087184,1.2379401524860874,1.01759735147634,0.3729279497857204
Colombia,1.885306567412701,0.7331081094728774,1.7968327138740896,1.2152836528026894,1.8191012109642872,1.812281866215202,1.8884240813400328,1.8121379141548086,1.9037954565032027,1.7725389319010352,1.8730092279761243,1.9210091337049564,1.8629118491849466,1.656516482254155,1.8749602840472719,1.0,1.5485531538142672,1.8670674605849893,1.8101184239269055,1.8286521578195174,1.4563996524704965,1.7350981874282614,1.373849016254204,1.7844832318992563,1.801567810063542,1.808792263095255,1.9187187886625297,1.8494546976587332,1.9135688184485822,1.8603802684075386,1.3520271424313313,1.3816268929918871,1.9200269457846468,1.9106113339028081,1.8207405198233326,1.7718124690687822,1.4874280205826789,1.8719119228358552,1.6819563669277706,1.8990988273274687,1.7288295763901822,1.8457010451590867,1.7925793458600359,1.7920011822118063,1.768961641179576,1.826494439184768,1.753178919082839,1.8670809111909348,1.8173458705268117,1.9071168416695155,1.870081316200182,1.7704676245678284,1.8929334993452804,1.7342044956825167,1.777335864752562,1.7860484402463952,1.2699259057878556,0.8412576530151082,1.8023996093891448,1.7611236275609243,1.9165427683077925,1.8623608815453194,1.9177551659332075,1.7595151350922882,1.8279692174194535,1.5217518600468112,1.8944599813707212,1.783648041522696,1.6995779425686441,1.7640249237019114,1.8726688342025128,1.5834697821733672,1.5528499276371057,1.831523646135481,1.7528937549131607,1.8984677102374399,1.8913412137452397,1.8748713491563684,1.556281590349802,1.3397971632023933,1.8640940371726769
Costa Rica,1.5027635750226485,1.6348219283948087,1.37272445344295,1.7370255774787937,1.4188228387853257,1.2590505175172553,1.1143465453980788,1.045848461998576,1.2504592218252697,1.3047926104020222,1.4710143673703469,1.354990668399176,1.3057245389002596,1.0199616669880558,1.3504866601454226,1.5485531538142672,1.0,1.4746021481421872,1.3030118864537492,1.1963659280899996,0.9210730322553181,1.4383341934058564,1.7099793001242978,1.3455099078455899,1.4132761795166,1.3750846106834664,1.3371763802307024,1.2851079104752927,1.495185290389477,1.3533369188697666,1.5937966927756892,1.4636625932260436,1.3255658629091005,1.3679208210452989,1.3374085866417535,1.3228878830607707,1.1769549770953134,1.3528025325854207,1.442181177230789,1.4542708111355196,1.3974913527238046,1.3999014047684961,1.4550979091635425,1.3154001079658855,1.2832095894315012,1.36448761945856,1.342419806344569,1.3935492462293988,1.5424833526939556,1.377859789153562,1.2457540946129533,1.3462123034813855,1.3501301810542412,1.5075085786137092,1.2525812542515982,1.2747983953814515,1.662295258581136,1.6386195418176845,1.4210465882217018,1.2041852188095532,1.4870050769070946,1.3602007056345249,1.408592301917295,1.5373843614718965,1.350500646202159,1.3462410227620627,1.3770936475205862,1.3462812638070616,1.276699314880069,1.3008858915719368,1.362404077834802,1.4173118787528332,1.4567309808437954,1.4061310411660335,1.6441317021142483,1.3755043960403466,1.4209986894408195,1.4664706959714908,1.108498048545052,1.4284203396551152,1.4234957717448682
Croatia,0.4165126801317694,1.8791352291717194,0.7244766650788476,1.57975330526785,0.6605044977958497,0.6806889565974912,0.6738399277264371,0.8988413562843278,0.4807484038159487,0.7412797614907248,0.3771747648250887,0.3621142759670922,0.6339982909374136,1.1674416220975001,0.469367760804724,1.8670674605849893,1.4746021481421872,1.0,0.7091267239022068,0.724755342097542,1.336566915957402,1.112093872126465,1.2889244450747317,0.7298127180324988,0.7007151956021318,0.6507778191695539,0.4618838824728599,0.6018138020302158,0.3246686017459642,0.5583778534450072,1.4532488507628025,1.3505561525407181,0.41996751753433564,0.37087623341264897,0.7115051275822925,0.7936126356810385,1.317154128796222,0.53670594763862,0.9720706685956508,0.3376629093958135,1.0895173642448646,0.5966807224957883,0.8095268723441059,0.7684849051884718,0.7439150560244937,0.7117487670038303,0.7822252644964238,0.61816977670876,0.8143099329861756,0.4147037592392915,0.5475870589953684,0.7866186746495022,0.422579828161401,0.7868676879122917,0.8238395129779125,0.7954261620707938,1.647878786269722,1.8691477777789558,0.5722612112387844,0.7659310208565484,0.39818513236601305,0.5254138326953338,0.3678442145319804,0.7183236288372999,0.6854374533444536,1.182641988285021,0.4354858115863307,0.7952847403954755,0.9146626782311883,0.7523398974586331,0.5048113151386597,1.0785517185123525,1.0676305900696499,0.5901244263444225,0.6677951844502752,0.4016657923936765,0.3322582995209471,0.3901978251924163,1.301588156534328,1.2031155822971316,0.4949764682616786
Czech Republic,0.5402411867981711,1.9762215795641964,0.3630128488209417,1.5954700695154782,0.33087801384567284,0.20275818830373166,0.7793622377425721,0.6078392858680653,0.43253720614188895,0.3144215600572005,0.4698662116078439,0.4697028942825267,0.4024209171432656,1.3555380395570986,0.311038516475793,1.8101184239269055,1.3030118864537492,0.7091267239022068,1.0,0.28353682732551444,0.9899661938278428,1.4550955087288606,1.6801263892365197,0.531940675280653,0.3529464895990456,0.2318453652782194,0.6553900690699582,0.24380191432641105,0.7170635674319044,0.5044458264819163,1.6411797636031027,0.9384001951748316,0.44697407302273623,0.4638892043456947,0.19631106634546436,0.31700096002015016,0.8188392276656343,0.29029047444095885,0.5348614253461027,0.5041599955622673,1.5081358618953302,0.23197047844945176,0.4868107317194923,0.2226556659802155,0.3195668349510945,0.33105442519191175,0.2635526792025207,0.4819298553016,1.311001624452301,0.4032619647389739,0.5366459361040292,0.3529159009086949,0.3583944964548989,0.4696480818157525,0.2651181554826747,0.20511848964545443,1.8757280350104386,1.9649773205579915,0.8680756829835121,0.49227968193260074,0.668144476243673,0.31523553242219365,0.5112209868195503,0.5147239454360742,0.2895716459854177,0.8189464553690629,0.3599559807519126,0.2791087559264268,0.34951114025887725,0.21678052262860878,0.29253151191883003,0.6364355609118479,0.6991510537110688,0.2762012672874932,0.6771574919598848,0.5613585486092286,0.4991006824411647,0.45726161244600044,1.213400196140802,0.9119325047250424,0.5298872413086907
Denmark,0.5929476452411017,1.979252192288264,0.5067045611219305,1.6564630046377773,0.4750951843753491,0.33810198840764166,0.6547174183968291,0.6453766394457182,0.4312296380571653,0.40291148002357724,0.5636783414847564,0.4988660752159947,0.45003229656909866,1.2649866980115108,0.40509522276594034,1.8286521578195174,1.1963659280899996,0.724755342097542,0.28353682732551444,1.0,0.9467864577579719,1.3704327084935362,1.704845234844501,0.6296918908411061,0.5475958696919591,0.3778471775041451,0.6253226398223067,0.353549377226508,0.7471805071671015,0.5920047894065527,1.671977547820319,1.0936021476472844,0.49468676235612685,0.48545120991828966,0.37459639143534573,0.49976295814186605,0.9271713677691407,0.4013680999502543,0.7372154859394909,0.578984619956672,1.4389307335364465,0.4068887010904644,0.6343701341424611,0.4020760603831,0.39830802830382694,0.4190201229186134,0.423964967137892,0.5343146235058791,1.2762936351764065,0.4710144862651711,0.5299339974650685,0.5409258463601098,0.4287041402825555,0.6640066216051573,0.3857418514019145,0.3685268280769562,1.8673867259274564,1.970081038547392,0.7852974922994278,0.4922224488175329,0.7047063859353344,0.44100498223382484,0.5542229035209677,0.6773275314641563,0.41965338278350733,0.862505572609946,0.4452661666258116,0.47785939566782987,0.47619716045473315,0.37581287700106003,0.4041078746788884,0.7597038785412905,0.8172876224289646,0.44025681385303356,0.8088040648913614,0.5957986940644926,0.5542382251551563,0.5480606660533163,1.2095346435500884,1.0303056343821786,0.643079179723937
Ecuador,1.344221216179361,1.7723874342619548,1.089429440169127,1.6863398550918594,1.1877869064539295,0.9574131041749092,1.0997546509681082,0.9235785147786926,1.0970766188337453,1.0472400568793148,1.3027169845540625,1.2308442551305645,1.164439622621615,1.149316302860407,1.1453449439926142,1.4563996524704965,0.9210730322553181,1.336566915957402,0.9899661938278428,0.9467864577579719,1.0,1.6725937718447637,1.7652436100257944,1.2664772041024515,1.1543385250792113,1.0965881338162249,1.3388197261196144,1.0825509623203795,1.4145811279863933,1.220915933536442,1.6515956732806023,1.071545387886398,1.192109535434723,1.2612643138456217,1.0732804647085166,1.0468954659455694,0.7823093465989724,1.142998361723971,1.172796026537512,1.313166689878163,1.6299025202630144,1.1553941007184263,1.2539275574391033,1.0200422511783627,1.0194450444670715,1.177867234298802,1.066113741155191,1.251958494201797,1.6466839458311175,1.225454593467546,1.0529469930486268,1.0570922135759782,1.16889673458534,1.2055844093861996,0.9590971566753886,0.9954781296868013,1.9008827877667653,1.7431526778351116,1.2872784417430427,0.9031351743007651,1.423780917681824,1.1383902165013389,1.2783617406391874,1.3053157265863127,1.120560945146702,1.1152566239886605,1.2060882369257795,1.1146174834235352,0.9227369024760508,0.9829352293872026,1.1613873623790953,1.1003156287941103,1.224967747519597,1.1647238486958702,1.4245904355149779,1.229019607912036,1.2860106724140568,1.2557811010492481,1.3816538857285663,0.991940932752442,1.2519338049451494
"Egypt, Arab Rep.",1.2242075866612747,1.4256072758866514,1.4772321424531518,1.427184749267105,1.3996110047914658,1.4864983864473804,1.0063905136931721,1.4689918850324173,1.284910341607387,1.4100228235686234,1.2512815245017082,1.2167984654846626,1.277903337610593,1.1007680945471656,1.3458911487300662,1.7350981874282614,1.4383341934058564,1.112093872126465,1.4550955087288606,1.3704327084935362,1.6725937718447637,1.0,1.0285272050977627,1.3871145285492008,1.482779731400636,1.4142909994810495,1.0167764954351226,1.3982610755880411,1.092446401770966,1.3454992828586683,1.4121160545894191,1.80288212208824,1.2537040389434881,1.2147106313592104,1.4378378171744597,1.529850797046597,1.7959597234451077,1.3536299603518376,1.6276298835200969,1.2342109019970071,0.7637752834349256,1.3878792048011095,1.4349782003947351,1.4927909517045879,1.450454128779468,1.3699344830381963,1.4815341686888797,1.3520541224312912,0.6782001748870599,1.2589938055026326,1.2657056055564513,1.4892875076524734,1.2953314156864324,1.4677249708353912,1.5228658200415333,1.4970684195417496,1.035295023852643,1.4215291459149746,1.1060436341991586,1.4096273711311773,1.123103278761565,1.3771633767134726,1.225556240887568,1.4481887744844868,1.3749950350629583,1.542490606982902,1.2899832332844148,1.516406928864333,1.579171664815738,1.4906792723392193,1.3356328633207375,1.5591945064980706,1.5791784654126724,1.4065590321078818,1.3555046813793736,1.2409166459972478,1.2057827882561483,1.270112356447484,1.3687062646330759,1.7497876972293274,1.2942157435085093
El Salvador,1.4368114049155165,1.0707727043818784,1.6254112055391905,1.0918471765084556,1.6088402817641567,1.6591155563849653,1.5191570369979046,1.637752086352935,1.568462443627521,1.6724681370573584,1.4376850845417448,1.4782926163549575,1.547760588930877,1.2689186930758678,1.565016956590299,1.373849016254204,1.7099793001242978,1.2889244450747317,1.6801263892365197,1.704845234844501,1.7652436100257944,1.0285272050977627,1.0,1.5899631020212446,1.6188657424020152,1.6341549058337996,1.4106363694147157,1.6092531200974238,1.3190952531828206,1.474553960340233,1.1171729633824932,1.7225824911019227,1.507153376623158,1.502281168292935,1.6601415900111802,1.6376033219721573,1.828283016928264,1.563215223390234,1.662462296320506,1.4409882575782993,1.028427304341567,1.58925190197619,1.6121848332763784,1.686791523980236,1.6925148467448736,1.6345370689014738,1.6513975808335424,1.525714628722229,0.921007708592876,1.5026142751537197,1.4798457380999739,1.6030218017821327,1.5242213495668335,1.589738015134965,1.718444837554772,1.6901308845855023,0.854176143492215,1.1185450222200903,1.3424623725715763,1.6519271256532433,1.4039734639604573,1.572729075310405,1.4589007563542593,1.5145780509176614,1.6012425367350702,1.6500339367614671,1.5266734952324226,1.7004060885246681,1.7270750755405389,1.6586820695628135,1.5679872118891491,1.6922884237261577,1.6269670588886351,1.5911965845869238,1.3551059534187204,1.4463657117688247,1.4339173964649796,1.4477986982187983,1.4515051782457726,1.6222355620323958,1.471453283125598
Estonia,0.5957598939998183,1.8936535142936823,0.5834615150408494,1.4910606279859022,0.4914003666868248,0.6004952599786412,0.9158364884243153,0.8137387818267301,0.632920929544366,0.5082630264530354,0.5116235555711748,0.5792859314604927,0.44275269113857196,1.4436604337411025,0.5171733019121002,1.7844832318992563,1.3455099078455899,0.7298127180324988,0.531940675280653,0.6296918908411061,1.2664772041024515,1.3871145285492008,1.5899631020212446,1.0,0.49561717826333734,0.5302402596923478,0.6327821487987806,0.4843729219722321,0.7400828335651443,0.5427902841748853,1.5342934332312264,1.0279574405789276,0.574753170576695,0.5235618546220033,0.505817148354272,0.5372794752850917,1.0711793905116727,0.5069672680307012,0.6262354672101148,0.566154161991473,1.452563288530707,0.4923104429960663,0.5741280601794285,0.5108826936383584,0.4901492204600028,0.43655958160566255,0.5197183137531178,0.5985975353062154,1.2489855087635913,0.5308063812845442,0.6896558827210522,0.6240168901475929,0.5316010691085402,0.5888789110909575,0.5931789749625835,0.5542197519191842,1.7689283605459176,1.9149535498275052,0.9557380721582426,0.7000997843047136,0.6301183287402969,0.5240277030020789,0.6014343678319359,0.5776068063062123,0.4581799338652189,0.8092746375322375,0.5080310112732308,0.4539596157614975,0.6155674621496829,0.5542042939774219,0.47932870274881456,0.6522806305525255,0.6660868832752591,0.49018671838260225,0.6929453580522038,0.6288634660773219,0.5693005900217647,0.6014982915350113,1.14368180440135,0.9618527288469503,0.5331960659473357
Finland,0.5419900611397236,1.9413389677228197,0.2212136406117584,1.5062080756498537,0.28196233999683523,0.35334825760627125,0.9599586693301,0.702069553100931,0.5469926105657117,0.4229035050960106,0.42839818130996815,0.50677555455481,0.5085596840359885,1.4777072945626788,0.34967969931585896,1.801567810063542,1.4132761795166,0.7007151956021318,0.3529464895990456,0.5475958696919591,1.1543385250792113,1.482779731400636,1.6188657424020152,0.49561717826333734,1.0,0.3584050788447631,0.7579797421123462,0.3257671252478986,0.7242275637928888,0.42922024083593585,1.5902555125199151,0.8892607439393677,0.4420254653380938,0.46738447117197235,0.2715508124624978,0.28736177370445326,0.853802276616823,0.2923532471844594,0.37034548823782615,0.484904429255339,1.5406813750049062,0.26798584132762693,0.35229588841359105,0.2904731521377345,0.45476672053898204,0.3520278309288479,0.35119065313069014,0.4285561020307246,1.3069658510548343,0.41554704842707046,0.5585823808421098,0.40328937994787317,0.3890705197508413,0.40955835279444663,0.34313089694721327,0.32185247593692623,1.8364131947832436,1.9230305564134993,0.9639729960542419,0.6377073108989324,0.6220199880031031,0.3125189182661118,0.49760322082081254,0.3352989442776159,0.3533230401368368,0.8414937825208106,0.3832114452620842,0.23646036120882682,0.40821559563712717,0.3282589344946898,0.3118501724651721,0.6010972318696687,0.6702968206729238,0.21605155269873497,0.6423028541769777,0.5478126457770514,0.5271867327645641,0.5026911832622142,1.2477105488891973,0.8647471226771218,0.3818304328142118
