Country Name,Albania,Angola,Australia,Azerbaijan,Bangladesh,Belarus,Belgium,Bolivia,Brazil,Bulgaria,Cambodia,Cameroon,Canada,Chile,China,Colombia,Costa Rica,Croatia,Czech Republic,Denmark,Ecuador,"Egypt, Arab Rep.",El Salvador,Estonia,Finland,France,Georgia,Germany,Ghana,Guatemala,Honduras,Hungary,India,Indonesia,Israel,Italy,Jamaica,Japan,Jordan,Kazakhstan,Kenya,"Korea, Rep.",Kyrgyz Republic,Latvia,Lithuania,Malaysia,Mexico,Mongolia,Morocco,Nepal,Netherlands,New Zealand,Nigeria,North Macedonia,Norway,Oman,Pakistan,Panama,Paraguay,Peru,Philippines,Poland,Portugal,Romania,Russian Federation,Saudi Arabia,Senegal,Slovak Republic,South Africa,Spain,Sri Lanka,Sweden,Switzerland,Tanzania,Thailand,Tunisia,Turkey,Ukraine,United Kingdom,United States,Uruguay
Albania,1.0,0.04374160233277314,0.02554015910310371,0.026428675020713128,0.00991316199680849,0.017004070072386156,0.035174562911981115,0.017807111716943023,0.04598303238367645,0.0365910373703649,0.011146577159548011,0.0059812019441956915,0.009343850084189378,0.021220808467366646,0.025793131773032853,0.0349296821952718,0.03595795808650929,0.040275348651680545,0.03644839314896348,0.03802184967299531,0.0218642105739746,0.02972955947111726,0.038408321354877505,0.02493932025863443,0.021217752917185605,0.02482200255219477,0.008832435263322362,0.03917105231243452,0.020459243678267347,0.015598003028534735,0.03198227190647317,0.027507330796759565,0.006758547819669888,0.009800962985775517,0.039583835236114695,0.02243960400538865,0.018545318856150007,0.015731118477150828,0.08195494821386627,0.025384782459413217,0.01902691687694113,0.03241595794540737,0.027649262378860187,0.05603478221503839,0.06358838040708448,0.018622548802785452,0.01815650648814638,0.01861649390537237,0.017870557962834013,0.01393317511751465,0.01947053669020256,0.01394369458691449,0.015032874104667075,0.015155882643266401,0.04919070264400375,0.1264913374930165,0.028932900391448586,0.09335786674897267,0.015436254827848227,0.015357465746491642,0.005469404279703357,0.028286639654958385,0.044834167918756,0.021341275977532995,0.032093784087699785,0.11807253285848357,0.011011093545280482,0.061158646291482606,0.042061233478031874,0.036918152751921174,0.01026332434527402,0.021029231708503508,0.018382963516071604,0.010014553396186551,0.010464059695189109,0.035730673786317606,0.011572263411502842,0.020586636036418714,0.021700678228036233,0.019837363707562398,0.008926134083387795
Angola,0.04374160233277314,1.0,0.06404098197297009,0.01782008092714122,0.03729108702067005,0.05520804333718652,0.06980914774123954,0.0498272305200123,0.08898867438428289,0.07450067985041746,0.05324529500357835,0.04673588505686301,0.04998087991892071,0.031985422494780605,0.0685815533255828,0.015378798305370618,0.03983019579824192,0.07823646357196329,0.07758782719574298,0.08033589787057119,0.03529900958435898,0.03275408066555266,0.03024370189079042,0.06370315529467441,0.05772322597472702,0.06569048104689873,0.03927465461484196,0.08134115482111046,0.061242382883805124,0.05697371989977168,0.026165854511189943,0.036897637292552965,0.043003082516018046,0.05312733202951329,0.07974013630294959,0.0616940556160789,0.03141520751526144,0.058953997814117955,0.10729898479136844,0.06814348005111277,0.02626852012724195,0.07377653882776329,0.06195489125038411,0.09629689367798602,0.1035776859222106,0.06085148268345945,0.05585370775774143,0.05892952074250649,0.02682925099184836,0.03092577896053437,0.061569386619436506,0.046564354710876846,0.05831518989031653,0.04993860801315332,0.08844065329582958,0.16303462844903566,0.016024723380091477,0.05149492697748461,0.04722768619138098,0.04095363736236051,0.04552510355162429,0.06999588414798687,0.08754031448095824,0.05475262077972572,0.07321385396298048,0.1314507797863943,0.054223607220547455,0.09719843120491017,0.07939302741702561,0.07704564535397496,0.052613723863392255,0.0408475323966949,0.03755499614247061,0.03636177012655285,0.04004451406954048,0.07728943192471484,0.05366760801080718,0.06415698064070897,0.030781302299401465,0.03198422004313066,0.04313657633597833
Australia,0.02554015910310371,0.06404098197297009,1.0,0.047969564393892154,0.027527778208350954,0.015657327873275482,0.035050021291035474,0.026628176997231762,0.03268826696373025,0.01823694135089971,0.01802512048478876,0.025088594537089857,0.022876263223874007,0.04371100966608052,0.015884614135333267,0.05315591988376704,0.04454291725959688,0.042537352866194096,0.01747410385380843,0.023479762275562636,0.033624557198313774,0.052453660066194216,0.06158974406386759,0.018325580714168267,0.009300089420490692,0.01472273862536749,0.03243088948802084,0.01817690539652339,0.032647518045734666,0.017982588419249105,0.05562582244641737,0.03638751497419421,0.027110913564658144,0.02046500822462716,0.017142600327026802,0.010540015467539828,0.03341489011073088,0.01222233460873272,0.05780960821887673,0.02490073450335109,0.04406438500006041,0.014198895067841161,0.0139198244939308,0.032415354309762605,0.04156154739028769,0.012120725831393953,0.014352564658936508,0.01754965230769597,0.04249820622117447,0.035664439452676513,0.018196891231876632,0.021816242766882103,0.015658346057345503,0.020006611585939228,0.02512255288160288,0.10126920245726075,0.05237232767641948,0.11478225440147348,0.03147985648398235,0.02853529372763756,0.02564652668164852,0.013272394249215507,0.03224545071266555,0.013848291312093943,0.012745239423911266,0.10350284834771731,0.017282577125027714,0.03620172303343126,0.020949172516603387,0.01396948690422327,0.01682699433836308,0.0280758004633956,0.03143823296498627,0.028879817064449087,0.026092653106699334,0.02932608504786457,0.019942453411284897,0.022818909013366907,0.043499294565524795,0.036027124346011054,0.02331742917022092
Azerbaijan,0.026428675020713128,0.01782008092714122,0.047969564393892154,1.0,0.020802523945970628,0.038256400168760675,0.05410486684596534,0.032808394187230666,0.07204565287967687,0.05956407584372269,0.03609621075451255,0.029490159875652167,0.03303397674732201,0.020495771274094854,0.051628937065531066,0.013537778881423913,0.03242260751782269,0.06185213944798477,0.06073277115561062,0.06331734429739251,0.02246413702035322,0.0262664248671172,0.029166304478926774,0.046803519567766565,0.04257330714646019,0.04888380310698587,0.02222942181246299,0.06432718493627614,0.043502850740601624,0.0395853567917261,0.021265625283476187,0.023904098292825516,0.025682425509536852,0.035879801129225626,0.06324563384543984,0.044897955001388316,0.01813801742409545,0.04193265276579942,0.09549332111711796,0.05073079432800832,0.01301602213528198,0.056804300676200375,0.04735910748016365,0.07966859153943325,0.08754207793703676,0.04387162824207434,0.03902722993612677,0.04165940904718383,0.011304451769635997,0.014140494622594955,0.04428823713856097,0.029594742382106767,0.04126477098354971,0.0346419312818694,0.07271304552097815,0.14895740280321218,0.007869964275591433,0.06782150987519477,0.031472606630923,0.024733834194396707,0.028146365515206575,0.05304821115711732,0.06986540981819317,0.040263853492043276,0.05628658191539367,0.12242041938879479,0.037199258217647156,0.08295674869144581,0.06466864524291685,0.06071234229318005,0.03567274948163012,0.02644868671305224,0.023608980937416296,0.01966860095609638,0.02493249733214742,0.05964012212779634,0.03670438196226903,0.04695047265371932,0.015387338159086533,0.018039785883321953,0.02602612889748474
Bangladesh,0.00991316199680849,0.03729108702067005,0.027527778208350954,0.020802523945970628,1.0,0.018245704982404177,0.04047828634559408,0.016229889050523343,0.05173912676918661,0.038989525638791295,0.01890959632536446,0.011893116693606287,0.013402848314099481,0.021096283003067207,0.03142975276741779,0.0275154281759697,0.0308569637919397,0.04790161728457021,0.04061462056142798,0.04311323574889823,0.016069675136908764,0.029796407961417536,0.03704645184158913,0.028797188396061425,0.02319679362002384,0.028765916516795807,0.009631991119294782,0.0441439669908193,0.02929625044310518,0.02233811164520849,0.033356828749118446,0.018976024315921696,0.009200876978445295,0.017226644755763486,0.04304466177532343,0.025177568941892804,0.009517894667117839,0.022150354903105452,0.08258198822416543,0.0330189763544043,0.017010641719946543,0.03651292997481054,0.02759704189475835,0.05955287774776251,0.06732587513652542,0.023580249187192377,0.01871869579614251,0.023481438478610825,0.015369573612095047,0.008395556985742597,0.026379775123784453,0.009983797095944625,0.021782563566616224,0.015493384397509849,0.05235498814009884,0.12853392090951973,0.024918454905766888,0.08803380364205586,0.023541564666639366,0.008972814615030035,0.012569694548751925,0.032704839733965915,0.05233016788704961,0.022123245132449055,0.03616732731295158,0.11837241515554142,0.017566435918112886,0.06265977739430585,0.04411488425918585,0.040505110613218744,0.015393566414909894,0.012517996535322996,0.010681442444120113,0.002459178839144247,0.014750470496525935,0.04327908986573319,0.01822368867889665,0.028018621076364804,0.017500842231533396,0.011980072055373705,0.010211525817408137
Belarus,0.017004070072386156,0.05520804333718652,0.015657327873275482,0.038256400168760675,0.018245704982404177,1.0,0.030779912661623235,0.013893981666627659,0.034383012336227696,0.024348920765472282,0.012760475403112549,0.014532740129487819,0.01274473344959928,0.030779489781892135,0.01467358193516095,0.04491596785299045,0.034644503490415715,0.03900987772185446,0.02315581123171574,0.025231163864430174,0.021728808585815204,0.042274696795278954,0.05176261116683471,0.018320766596365397,0.013146698019830325,0.013182586271590545,0.020842271417383446,0.026286651123651528,0.02663264666761143,0.01513355337278399,0.04399182157994668,0.02876219664530795,0.015601251217632112,0.011783213924776447,0.026340200437695346,0.01206729030017265,0.023870620290488687,0.0073141468919867645,0.07153982864302809,0.020813062247864545,0.03222897499998317,0.019330904727357757,0.022735993685866287,0.043249351104562246,0.050266929310273836,0.011296390528937285,0.009156110134515142,0.014269530518474629,0.03113706880217011,0.025021118094073407,0.015636670500220027,0.011189245916797756,0.008594528654181583,0.01621091095567135,0.0360327808533529,0.11361246475445579,0.042097939741167684,0.10593627972603734,0.022296037247916033,0.016767107862224233,0.018724851557144036,0.014998485466133617,0.036336758114108705,0.020148164376500466,0.018907689274821848,0.11272014395611614,0.008838441869279269,0.049319189100456594,0.030174917945531572,0.02359946389928119,0.007137971482625071,0.02067372064611499,0.023266287439269152,0.01898921648659019,0.019641989617906024,0.0280024251236886,0.013514417152492651,0.018215084126138342,0.031010539554169752,0.027579676988704668,0.014811417229953732
Belgium,0.035174562911981115,0.06980914774123954,0.035050021291035474,0.05410486684596534,0.04047828634559408,0.030779912661623235,1.0,0.03233926163286486,0.02883653559251326,0.03369598246853084,0.03112494064054434,0.032046188523824085,0.02963016796111454,0.03968707136355971,0.02838729438361226,0.059864209922020406,0.03547624951246473,0.04058302749281279,0.03508209986064626,0.02975040320009533,0.03936488103847643,0.04734360244765047,0.06488837401311254,0.03485249470826188,0.03674475603050607,0.032966806140450854,0.03388552427024704,0.03424894952061469,0.032115188240119275,0.03131846909278973,0.05619021803292494,0.055619542945329836,0.03484097424521566,0.029745012233756443,0.03773480579929989,0.0368125668538389,0.04502694643240611,0.028796547303924218,0.0847822045327841,0.03483122543539648,0.0452645436986411,0.03475326825683802,0.042449378653273556,0.053626821569055426,0.05320561897595502,0.03158754757891747,0.036395244652239624,0.03440186230630525,0.04508614634691739,0.04167001343027417,0.02563537008626443,0.038861077982084664,0.02740855545011039,0.04289551785655016,0.04813990987239155,0.12375415353127538,0.05560337862552907,0.12031847009397531,0.026496339572026142,0.037174521860075575,0.033951551197876725,0.03015948600573868,0.04179908917978268,0.041911678266539874,0.03260318408460808,0.11847040577109917,0.029836123496687825,0.061827602371722426,0.049083064434714274,0.037980154715319604,0.031599079648061246,0.0474772537665816,0.049004595949732374,0.04024561518858943,0.04020292714201172,0.03510016853519686,0.02818274264673257,0.033258715509322044,0.044685165165204245,0.04868613116004029,0.0372236162978238
Bolivia,0.017807111716943023,0.0498272305200123,0.026628176997231762,0.032808394187230666,0.016229889050523343,0.013893981666627659,0.03233926163286486,1.0,0.040461590808393955,0.03557718009783192,0.021809689002346273,0.01556766565839804,0.011899031093992773,0.022340374103423193,0.025845958423047596,0.03807388792693876,0.024118684202096285,0.04829771429384626,0.03312912713137867,0.0320080083948498,0.01788493205994548,0.03653687954352768,0.04719390815985578,0.024345731036164584,0.0240987718920529,0.024744349142031084,0.016831370228157026,0.03332045338575749,0.029645678253234154,0.020292761990825012,0.038045662042287334,0.024371749544827417,0.014484049335203536,0.018793434389826072,0.037373183966147853,0.02026514124321887,0.01845846910925191,0.018729535589609374,0.0792345790050293,0.030695414638858023,0.026051403307802586,0.031612862984414736,0.02656629321166495,0.054410206909321586,0.05859847546761629,0.019535550619442874,0.017541575741355928,0.024071560061642065,0.025367009444498097,0.019991921414282986,0.019823337114250113,0.01255176563522903,0.018932647237192846,0.01918059594417959,0.047274511264742,0.1249316069530429,0.03639796803617548,0.10062453197763335,0.024118311522217443,0.014205502680918497,0.01980476683805576,0.026684588590293906,0.04341488526529957,0.026776621608637356,0.0288748175031642,0.11609141258313398,0.017149006827871544,0.05994282083066388,0.04057752867066428,0.03402303242602463,0.01516471504686198,0.018286113155764713,0.02037884577132045,0.015986708307485144,0.022837748559894476,0.03537691240199531,0.019052065089650096,0.02828850115556675,0.023093136926573898,0.02180919840664872,0.016379053135095592
Brazil,0.04598303238367645,0.08898867438428289,0.03268826696373025,0.07204565287967687,0.05173912676918661,0.034383012336227696,0.02883653559251326,0.040461590808393955,1.0,0.02415989469352221,0.03705650059979012,0.043223394781290045,0.04011036358640921,0.05893107340889823,0.02159467506426908,0.07846006243237363,0.0543752532242233,0.027157672000685203,0.021718496102062352,0.021307031747224793,0.055082149961362535,0.06699903872740913,0.08389464710671725,0.031936022441268815,0.035242102479106446,0.029270136680402074,0.05022382040788134,0.017163865642990155,0.03229956326370908,0.034969644668573455,0.07520132137142957,0.05909955196744592,0.04693173531867211,0.03699812548659246,0.024681831385662482,0.03491683059314363,0.05775055391879396,0.03199260131538665,0.05873533032924655,0.02337682144637688,0.06426313460930136,0.0217191332011154,0.037688175682702836,0.029449190040877798,0.029411607655470965,0.03239657921697699,0.038510420069930364,0.0348691059089633,0.06357226788069034,0.05827609139234816,0.029189377821544817,0.043450941329932165,0.031439548948054036,0.045212857780107626,0.030522726729156187,0.09542553293763283,0.07464468083567358,0.1393262245228922,0.04392983536721594,0.04944562837005477,0.044526197364257065,0.022458775716488105,0.02087026482116746,0.04177663705977161,0.02502271988025451,0.11073756807996063,0.035195452559418375,0.03464740674834399,0.03625343550087851,0.028176620478869898,0.036735392924238754,0.0541978934838644,0.056516904286375194,0.05262872309677279,0.04962588224335155,0.020571319352453456,0.035461538783874785,0.026417341730731042,0.06102097760884335,0.06102681686872862,0.04627419904465176
Bulgaria,0.0365910373703649,0.07450067985041746,0.01823694135089971,0.05956407584372269,0.038989525638791295,0.024348920765472282,0.03369598246853084,0.03557718009783192,0.02415989469352221,1.0,0.02821878795373324,0.035856073662105976,0.032872696057014254,0.05425351134675032,0.017788419835813817,0.061444176491206266,0.0485696166608404,0.04056950692246832,0.012165530916894774,0.015347810916487447,0.042357861097020916,0.062067022936817345,0.07167781611185675,0.02294568471674554,0.020614548804762774,0.01616135078947115,0.04323788269450434,0.01676087120544139,0.038439880075219895,0.028070920147563773,0.06720755094339476,0.043343393201651266,0.03822326297782182,0.028903317374176885,0.013261192123966382,0.020919037204959037,0.0441704965497144,0.023108204221317354,0.05519844122609937,0.028863684231835725,0.05542888286331954,0.017457270397561526,0.02413772406738974,0.02596586142326418,0.02992024381308739,0.02087409108422933,0.022302996063827508,0.02613806890273222,0.05400680089479024,0.04728089854483032,0.027793564966276312,0.03229862494946177,0.02455372982835992,0.028903561894195687,0.017164452101957457,0.09177522341033917,0.06379275463331975,0.12445597346928716,0.038271333254262976,0.03672668241481912,0.03645249937734633,0.019039108660847,0.03529983117810089,0.0261229822264657,0.01574463035311405,0.10030685653675879,0.027391576171854948,0.030014878571218213,0.01844723764725781,0.012327730321647107,0.027216876704199314,0.035822783951848465,0.0378510482543661,0.04046878523353031,0.0377735819240991,0.03315149924338727,0.02965808666595943,0.02767259480720322,0.05159467674216362,0.043962365366345804,0.034550332402310056
Cambodia,0.011146577159548011,0.05324529500357835,0.01802512048478876,0.03609621075451255,0.01890959632536446,0.012760475403112549,0.03112494064054434,0.021809689002346273,0.03705650059979012,0.02821878795373324,1.0,0.010074146283912315,0.012758241350113384,0.027458380576311593,0.016058995626404532,0.044606345409593066,0.042131009665739266,0.03183029389513038,0.027237916526594873,0.02878567739464204,0.027452357099492574,0.035860028782538085,0.047775980959671484,0.018889464545394558,0.016057110130387235,0.017554114156381913,0.01764359655173216,0.02941180856465494,0.015513135573581674,0.00943675453955477,0.04065020045610345,0.033756744072266705,0.012965367999657544,0.007970262393463275,0.030001145524724698,0.01994543204316616,0.026948694421270562,0.008225722711186908,0.07405490453529116,0.015128856279824554,0.028618888185412777,0.022878008609955917,0.024947736407113893,0.04671349740427075,0.05383278135636195,0.012308282320913917,0.015737164475562195,0.013230010636920664,0.027621778957078555,0.022834510463540535,0.015428938202164332,0.015086929395456626,0.007689658039761273,0.018617834758579983,0.040406489339390464,0.1172138768797932,0.0387005869082944,0.10312011296741219,0.017627838873632375,0.021037313402336794,0.00888842969302778,0.01855566828410732,0.034715840477292884,0.015395153153523081,0.02242389198194556,0.11312097608487384,0.006193549985350045,0.05246843451138658,0.038210508486862894,0.028667798155379214,0.008162582407762803,0.025025051474602256,0.02503222950738918,0.018762685411792678,0.0142396666494401,0.025330471587589706,0.004561011420242526,0.011815377052283587,0.03154776468121779,0.027968474250746642,0.012764668428668347
Cameroon,0.0059812019441956915,0.04673588505686301,0.025088594537089857,0.029490159875652167,0.011893116693606287,0.014532740129487819,0.032046188523824085,0.01556766565839804,0.043223394781290045,0.035856073662105976,0.010074146283912315,1.0,0.006830960976884288,0.0186231528734014,0.02397386008280428,0.0380703624480414,0.03284818243952106,0.03871605302968094,0.034791614335039786,0.035505302165347086,0.019783173861339074,0.0290291958587467,0.04069355652691299,0.02331270646028491,0.020936210050246238,0.024218541144901875,0.008908786597420306,0.0367655144629172,0.019303393775293977,0.012959871618813514,0.03351778777131811,0.030569016969384247,0.004514719696874878,0.007390642688410863,0.038547015700039586,0.021985184843990778,0.01936643870041576,0.014096976733246365,0.08220428065107005,0.02170407041649046,0.02104939524066869,0.03150293483574291,0.029139338686619918,0.055255115378485944,0.06194874902273971,0.017959955654811222,0.016464529302197682,0.01754612734514612,0.02040065808931727,0.01596225017956022,0.017329280001114368,0.012830161604762734,0.012547934101790649,0.017446407959609955,0.04828935603082069,0.12586098492708794,0.03142147856122111,0.09615241637128497,0.014945842781971096,0.013608192217667625,0.006555255748082567,0.02690156153468126,0.041323824910223295,0.02230837523496271,0.030502889877343092,0.11847691572125794,0.008851448103615468,0.06102215362026933,0.04142404214115505,0.03563494179465939,0.009112952965579315,0.022309601619803023,0.021662569451589734,0.01133342160924791,0.014684049514921041,0.0320622033581641,0.009254775922208427,0.018628287330402185,0.023256757574212958,0.021286733476170713,0.008104582661304998
Canada,0.009343850084189378,0.04998087991892071,0.022876263223874007,0.03303397674732201,0.013402848314099481,0.01274473344959928,0.02963016796111454,0.011899031093992773,0.04011036358640921,0.032872696057014254,0.012758241350113384,0.006830960976884288,1.0,0.0218092071415455,0.021027566119526123,0.04036068914426558,0.030712040179804702,0.04111156805429751,0.031232256986004632,0.03145148743030131,0.01897163769848692,0.033558828162440824,0.04517880046578568,0.019606799810137222,0.019442805288954423,0.021298129866713325,0.012136269968612228,0.03239059508115136,0.023180073706189047,0.013434562779872176,0.03715289281443213,0.02939623552644604,0.009011826985512002,0.010574271210557314,0.03546091453608795,0.018247303902079837,0.019717451583431713,0.012560403328861889,0.07812422887225091,0.023676049556174965,0.025728658100052013,0.0285347415942864,0.025448210605540072,0.0523133293516848,0.057687583496951404,0.014933117485760278,0.013952213475002693,0.017125929867277644,0.02496103247424227,0.01939203813208123,0.01532028017825972,0.012030621840286006,0.012586934309338787,0.0154618660672693,0.045293510709433334,0.12290816378812011,0.03609428662691676,0.10052429476772765,0.0172932880190753,0.01436140363802743,0.012170569322963587,0.023498572716244392,0.0404384735021604,0.021331186869283293,0.026939489777570484,0.11372260835850903,0.009563893441577999,0.057809887212754374,0.03848583343158994,0.032323291863586616,0.008262426050691366,0.019215523022433095,0.020371296893546786,0.013745232516403548,0.014721216555994742,0.032070479187794994,0.011052724795041963,0.02050480911177054,0.02487957246162617,0.023107960869701367,0.010732128457677605
Chile,0.021220808467366646,0.031985422494780605,0.04371100966608052,0.020495771274094854,0.021096283003067207,0.030779489781892135,0.03968707136355971,0.022340374103423193,0.05893107340889823,0.05425351134675032,0.027458380576311593,0.0186231528734014,0.0218092071415455,1.0,0.04156666026893563,0.02552938379250166,0.022205188306937663,0.05438840096553247,0.052574732556746176,0.05195615838386777,0.017982684150372432,0.0205954742445628,0.03230824134433464,0.03983573825309816,0.039218082033627276,0.04273928218318787,0.014670308973591648,0.05313736464999161,0.031826655552624934,0.02837805905718751,0.02309672618463606,0.0314879675819769,0.016996171910748283,0.02535333689080804,0.05681087057233512,0.039980479639755255,0.019887648792116124,0.032616227885163884,0.0993856848513934,0.03771003774737576,0.011291653200674575,0.04998317163116112,0.04620527584280089,0.07383863659255857,0.07876097084451823,0.03655585503304251,0.03455833309300914,0.0340828305117885,0.013345233996715522,0.015055494838946458,0.03231670725098567,0.025061014111149058,0.030295012726154903,0.0339461258426318,0.06670203321606336,0.1443561201001444,0.01823247770953845,0.08076641094941016,0.02268636343860798,0.02062420728556048,0.021168494427142085,0.044505743297335934,0.055864095597654345,0.03937754043726381,0.04816611288326336,0.12803422077649484,0.027266172681731926,0.07950646489510847,0.060006769406213835,0.053519360602552746,0.02764832063449689,0.028394528832333125,0.029307801344522662,0.018993015344909984,0.02856258970571585,0.04658447943315492,0.025284076625887157,0.03548431685111691,0.018747965994398343,0.022580382984765217,0.02331498341166499
China,0.025793131773032853,0.0685815533255828,0.015884614135333267,0.051628937065531066,0.03142975276741779,0.01467358193516095,0.02838729438361226,0.025845958423047596,0.02159467506426908,0.017788419835813817,0.016058995626404532,0.02397386008280428,0.021027566119526123,0.04156666026893563,1.0,0.05884091686407518,0.04517054925295899,0.029783803877693974,0.013858315307630552,0.01738457906103396,0.03622460591556421,0.04918882171065323,0.06367453523250254,0.014953759059243493,0.015384875169817227,0.012078489788742161,0.03125925256390862,0.01418647673561923,0.0229990878976874,0.016430642037085354,0.056006446382343825,0.04157401723505273,0.027087100050422003,0.017319091079852324,0.016639427638460543,0.017325674124721076,0.0377230995034358,0.010721825033823677,0.06421531493813917,0.012285744791123718,0.04453044490767125,0.01146257550627433,0.023980123576506345,0.03285479692440983,0.03798987382970943,0.015365267730114143,0.020199523385055356,0.015259654742836705,0.043622540273262074,0.03788627849342313,0.015675284651974486,0.02443892828888654,0.011490573394631727,0.02499238889544234,0.02714421431421898,0.10318918719242981,0.054725310062334206,0.11902001261801598,0.02695676960208425,0.03000497391348365,0.024674899205163404,0.006024115851186807,0.021826215725628918,0.021410583596204368,0.013294663417480633,0.11057687128905759,0.015140263422567796,0.04027461299310763,0.02957646289800696,0.016135406953264535,0.016062173387310447,0.033930769592350564,0.037016317800364976,0.032222337128047666,0.028641262273688708,0.01846476176049715,0.016609074701806257,0.011205788471856801,0.044177683053630366,0.0415972503960063,0.025829653333608128
Colombia,0.0349296821952718,0.015378798305370618,0.05315591988376704,0.013537778881423913,0.0275154281759697,0.04491596785299045,0.059864209922020406,0.03807388792693876,0.07846006243237363,0.061444176491206266,0.044606345409593066,0.0380703624480414,0.04036068914426558,0.02552938379250166,0.05884091686407518,1.0,0.02830886700551851,0.07209590721607048,0.06518774933242387,0.06823567812843595,0.023515127657941403,0.033686603882818626,0.03528995689088184,0.050907884736090155,0.048038050726035474,0.05286537221250178,0.030107831605527734,0.06909159959713705,0.05340482519190121,0.04847950521173019,0.027676287980189108,0.022977825909041145,0.03456324444243617,0.04437229597056258,0.06700687719794883,0.049304771628160625,0.02113188594982146,0.04966570885446358,0.09679146758944478,0.059661367425320536,0.0193965421754837,0.06301461878906918,0.04906135711386214,0.08304565532363602,0.08985982258050967,0.049916701787901196,0.044126046481595835,0.05015040508556294,0.019040577962183638,0.022109066946647715,0.052892217298663266,0.035389947551077425,0.049186991225157586,0.036078525042318434,0.07486055159755495,0.14898733228860342,0.012952685118562155,0.06339212798411854,0.03886760280344898,0.02910874522294227,0.03707236625856098,0.059500900289112944,0.0792957342950712,0.042581123162143665,0.06151998983038758,0.1251219383776553,0.04502184269320478,0.08324259941360758,0.06550923822923047,0.06381336825986957,0.04282803822018552,0.027350414882952024,0.024747294559036515,0.02702102836155397,0.03133074169246245,0.0696112743806874,0.044038670444459097,0.055264579765109165,0.02252763410502733,0.018131778471252455,0.03549322181697187
Costa Rica,0.03595795808650929,0.03983019579824192,0.04454291725959688,0.03242260751782269,0.0308569637919397,0.034644503490415715,0.03547624951246473,0.024118684202096285,0.0543752532242233,0.0485696166608404,0.042131009665739266,0.03284818243952106,0.030712040179804702,0.022205188306937663,0.04517054925295899,0.02830886700551851,1.0,0.06574476930730132,0.048846226046223074,0.04661427469836209,0.018754753683590128,0.03554878271766343,0.05151972233308971,0.04246702345138209,0.04418378382538005,0.0444721310458302,0.027821864008643775,0.047470945376818924,0.04794911835714214,0.03896111047677406,0.041164866189207415,0.03425183056264745,0.03079982295637586,0.03713031686284787,0.05203242727145407,0.038972459795767606,0.02504182104522908,0.03900330659839021,0.09255302132408157,0.05074668482416578,0.025577237419269882,0.04946296586630975,0.04561696697927242,0.06812109650629736,0.07301940423611832,0.039092752416312576,0.036900855834716674,0.04289403793375285,0.027412994554869764,0.026670629905008403,0.037862245600880445,0.03283321831371607,0.03893159873386036,0.041013883473953024,0.06094858989918962,0.13861335713902556,0.03091193471371602,0.08943664565342653,0.03565210740069318,0.0265438258907521,0.036670953300024324,0.04586990646528691,0.06004717604558526,0.049478154044022137,0.044416589863498925,0.12371815892166332,0.037644459125186186,0.07367827314088328,0.054290756181988385,0.04848338069243678,0.03640050350192554,0.03286530368692931,0.033950614765028794,0.030337358901670053,0.04225828004485834,0.05286189705191064,0.0389485152546642,0.04904041404138227,0.024130869063671994,0.028695806837127677,0.03478279561086222
Croatia,0.040275348651680545,0.07823646357196329,0.042537352866194096,0.06185213944798477,0.04790161728457021,0.03900987772185446,0.04058302749281279,0.04829771429384626,0.027157672000685203,0.04056950692246832,0.03183029389513038,0.03871605302968094,0.04111156805429751,0.05438840096553247,0.029783803877693974,0.07209590721607048,0.06574476930730132,1.0,0.03901161066958521,0.03737584437166664,0.05567532416566802,0.058338320371661034,0.06941923468066342,0.03980210133869963,0.042133395030639835,0.03986554766332221,0.046519646559889674,0.03652980773323421,0.026522751232400235,0.033744372274249916,0.06401020624437799,0.06400375085782899,0.04142351819968333,0.03361300032189086,0.043283288735546155,0.04534682317641725,0.0559042354203932,0.0351926320777167,0.07499375090724911,0.023994601611625654,0.05579992006922442,0.03533460374816749,0.05034668080071963,0.04935338716540626,0.05104731589596072,0.04181915743544158,0.045268460011302386,0.037238094097329,0.05429459593633503,0.05190033090758841,0.03314687612518656,0.045476524767154226,0.03197308299979189,0.0491649890916472,0.05143501075192332,0.10477536817495156,0.06466789822194337,0.12611429931196397,0.03929463573817507,0.04844016394181864,0.03784572318747764,0.03300002823529916,0.02005195646827484,0.04439681644587484,0.03858247612033493,0.11519924617319265,0.03451684628670606,0.05357504640637161,0.05583460854240093,0.04396364152572235,0.03713527121218568,0.05609764780689901,0.05502357312730396,0.04775795130077769,0.04252668874427317,0.02220799082220643,0.03266564938576166,0.02684576465909772,0.06078748427953595,0.05633913654489413,0.03902974457969617
Czech Republic,0.03644839314896348,0.07758782719574298,0.01747410385380843,0.06073277115561062,0.04061462056142798,0.02315581123171574,0.03508209986064626,0.03312912713137867,0.021718496102062352,0.012165530916894774,0.027237916526594873,0.034791614335039786,0.031232256986004632,0.052574732556746176,0.013858315307630552,0.06518774933242387,0.048846226046223074,0.03901161066958521,1.0,0.012147458731555321,0.042522952496100955,0.06086926737893981,0.07338311179162273,0.020765253020840427,0.02036412330268474,0.01339720894462572,0.042039482230688256,0.010724562521291694,0.03530801573581692,0.027096007121147608,0.06637745035085732,0.045645393975442525,0.03784775390282498,0.028133863044563237,0.00946400785358586,0.01713780335870283,0.04632685856661661,0.02092576046129762,0.05410433431026895,0.024188730789173198,0.05528558614440937,0.011597168410512582,0.023484723039791582,0.021895564126723818,0.028301707587814705,0.01870043409979317,0.022114455117427222,0.025746772818466414,0.054280415071633725,0.04812526471462556,0.02667047075346625,0.0314565371494725,0.022358062697405586,0.030366922418214162,0.016271009914705082,0.09226991321757977,0.0652317802817942,0.12828701732007697,0.03693339061678463,0.03694058726057203,0.035830338693186664,0.013572536440777121,0.028766670651078095,0.02570965004537544,0.012088603007409526,0.10341796195558264,0.02596131714257786,0.03007100855520533,0.01902912348451578,0.009571704673732114,0.026208252943548626,0.03937630089191131,0.041201649761009325,0.04185420577354008,0.03878123901963824,0.029004443947779783,0.027807843647394977,0.021845238219655613,0.0521439006744152,0.04771960076026019,0.03522025926768056
Denmark,0.03802184967299531,0.08033589787057119,0.023479762275562636,0.06331734429739251,0.04311323574889823,0.025231163864430174,0.02975040320009533,0.0320080083948498,0.021307031747224793,0.015347810916487447,0.02878567739464204,0.035505302165347086,0.03145148743030131,0.05195615838386777,0.01738457906103396,0.06823567812843595,0.04661427469836209,0.03737584437166664,0.012147458731555321,1.0,0.04545970138371471,0.06016257174376593,0.07592978243902465,0.02553860420247734,0.026871742376222637,0.019891485518479315,0.04253641665542232,0.0160646909332066,0.03535982815532651,0.02643674666461199,0.06797079628676163,0.05025323794604773,0.039117822594235505,0.029266994345014785,0.01844360754716976,0.02393536421780745,0.048932023580647216,0.022344289897627406,0.060782487229983764,0.026716613600131625,0.05650197500421193,0.020601980492315562,0.031412735509755124,0.029199597381852127,0.028854283708415286,0.021403949336692117,0.025403291419462563,0.026135972028460734,0.055755079113846424,0.050134081474967014,0.02475356134823783,0.033831229431137894,0.02321611227470137,0.0343841053812523,0.021456552132225203,0.09727383663370795,0.0668829556445832,0.13113476108949623,0.03501006048940616,0.039773195603788655,0.037136489304065365,0.01892007872053122,0.030357979945263125,0.03150315513566717,0.0176533888863644,0.10377129642145401,0.02706381899734117,0.035664053863479026,0.02509437043470793,0.01711856414562589,0.02803837006461783,0.042463953309917035,0.044556565043012,0.04419750592815021,0.04088057260301543,0.02792605755484324,0.028191684964911277,0.024653126091399236,0.05249409878638941,0.050780475749343884,0.037754058573823385
Ecuador,0.0218642105739746,0.03529900958435898,0.033624557198313774,0.02246413702035322,0.016069675136908764,0.021728808585815204,0.03936488103847643,0.01788493205994548,0.055082149961362535,0.042357861097020916,0.027452357099492574,0.019783173861339074,0.01897163769848692,0.017982684150372432,0.03622460591556421,0.023515127657941403,0.018754753683590128,0.05567532416566802,0.042522952496100955,0.04545970138371471,1.0,0.03338187239426577,0.04324220104251055,0.03283326147366745,0.03160044428153923,0.031189665424351018,0.01771987743746677,0.04642966780264668,0.03891719105108955,0.031222709408475116,0.03511639293449123,0.020995550956714473,0.01712156331576711,0.024313078624668336,0.0451476124980379,0.028831435211963623,0.01047810911856978,0.027550868202779726,0.0880814584221167,0.040472669564657254,0.020476934685272303,0.039889667037193,0.034730004643667475,0.06214215746927453,0.06900203060800786,0.02718508257344312,0.02350007587647144,0.032915921293670145,0.020626966570640816,0.014751399485170237,0.03140229291363823,0.017637881571779656,0.02833470335547482,0.024775669096909408,0.05482939405476943,0.13231762050758755,0.027136125803552145,0.08576407247862985,0.026418933134704104,0.010417174359155441,0.023463227909171477,0.03612080865414613,0.05791552901908525,0.03283958310112997,0.03845295078341042,0.11978922373687152,0.024414668183375145,0.06751551984379117,0.04785141221107051,0.04232296779178984,0.02166202682171707,0.017235669196913207,0.020362110897274882,0.015833672281732342,0.028214138501064218,0.04932416799129132,0.026844603385080486,0.03709937561470605,0.019185843361543664,0.014303192145246786,0.019620546869864378
"Egypt, Arab Rep.",0.02972955947111726,0.03275408066555266,0.052453660066194216,0.0262664248671172,0.029796407961417536,0.042274696795278954,0.04734360244765047,0.03653687954352768,0.06699903872740913,0.062067022936817345,0.035860028782538085,0.0290291958587467,0.033558828162440824,0.0205954742445628,0.04918882171065323,0.033686603882818626,0.03554878271766343,0.058338320371661034,0.06086926737893981,0.06016257174376593,0.03338187239426577,1.0,0.028546037671153292,0.04894528884778759,0.04901517861976944,0.05039906312850116,0.02333883603378117,0.06101059504751799,0.03529568494626422,0.03933583010744692,0.0299675426030408,0.04502423229879581,0.02832387008851542,0.03366385494132383,0.06390778813340804,0.050485402400437016,0.03525629507321947,0.041513482012064,0.10827880239459094,0.045103035107686804,0.017898567627067874,0.05724161245062061,0.05339811007497198,0.08104601200084383,0.08676999421410873,0.044994305050200446,0.04501002966543932,0.04187237987074852,0.018875674981839518,0.024784719049887386,0.04165587008975289,0.03696219110323446,0.03869463631286288,0.04035436262427067,0.07507207621618807,0.15141102722686176,0.02191949686077593,0.07408874203378615,0.03048338615009483,0.030088897020825175,0.0277511359512732,0.051826399092578926,0.06080241765863504,0.048449169453780014,0.05557932260379369,0.13632020055359306,0.03605393631131844,0.08754176303933105,0.0691501286384489,0.06151031521034068,0.036841463053356456,0.03976721868378955,0.037908596010297314,0.029130687219618995,0.03573421027186662,0.05103373122885927,0.03365495742514377,0.04277151120857335,0.026412960521202677,0.03576639949097401,0.031356397078224026
El Salvador,0.038408321354877505,0.03024370189079042,0.06158974406386759,0.029166304478926774,0.03704645184158913,0.05176261116683471,0.06488837401311254,0.04719390815985578,0.08389464710671725,0.07167781611185675,0.047775980959671484,0.04069355652691299,0.04517880046578568,0.03230824134433464,0.06367453523250254,0.03528995689088184,0.05151972233308971,0.06941923468066342,0.07338311179162273,0.07592978243902465,0.04324220104251055,0.028546037671153292,1.0,0.05950017677719752,0.05561742947013859,0.06200416026513602,0.033884248232883246,0.07699732474342334,0.0530277703260485,0.05057126707681667,0.02438520033470554,0.04735380868356339,0.03760498361518451,0.04707144671953105,0.07573643253326143,0.0578615018243304,0.04102403992268373,0.053695121227731346,0.11016690024094405,0.06151579416287697,0.027330895308210108,0.06958276180535222,0.06095154629978182,0.09282269128482508,0.09888925327831248,0.05674045556001883,0.053020079441461046,0.05366001830633583,0.02688757957782834,0.03272136669302268,0.0560071070140006,0.04366620922869305,0.052900928458098094,0.04662166544404505,0.08433565834189828,0.16141708547013395,0.026917485988414078,0.06770120357652384,0.04145615454502206,0.04048751888075579,0.03947611401525486,0.06547818186700695,0.0795152052257141,0.054383439842324646,0.0689737071460308,0.13398603523205563,0.04895354026247243,0.09591101958530071,0.07696574948526455,0.07277874293056642,0.047945791638716165,0.045322064089686566,0.0426363918178614,0.03579508723980744,0.0377357143963656,0.06779495224246541,0.048512533353377026,0.05830954718773641,0.035024680644838845,0.041182792177306915,0.03936171140404419
