Country Name,Albania,Angola,Australia,Azerbaijan,Bangladesh,Belarus,Belgium,Bolivia,Brazil,Bulgaria,Cambodia,Cameroon,Canada,Chile,China,Colombia,Costa Rica,Croatia,Czech Republic,Denmark,Ecuador,"Egypt, Arab Rep.",El Salvador,Estonia,Finland,France,Georgia,Germany,Ghana,Guatemala,Honduras,Hungary,India,Indonesia,Israel,Italy,Jamaica,Japan,Jordan,Kazakhstan,Kenya,"Korea, Rep.",Kyrgyz Republic,Latvia,Lithuania,Malaysia,Mexico,Mongolia,Morocco,Nepal,Netherlands,New Zealand,Nigeria,North Macedonia,Norway,Oman,Pakistan,Panama,Paraguay,Peru,Philippines,Poland,Portugal,Romania,Russian Federation,Saudi Arabia,Senegal,Slovak Republic,South Africa,Spain,Sri Lanka,Sweden,Switzerland,Tanzania,Thailand,Tunisia,Turkey,Ukraine,United Kingdom,United States,Uruguay
Albania,1.0,1.1007699433251716,0.384870968553121,0.404002168857549,0.14043742726136083,0.20208438604878648,0.57751280724834,0.4228629447066322,0.6200538751999516,0.48115603839757193,0.18287522289413027,0.08849898655620339,0.1957693112946702,0.5369994286703874,0.3349079999432319,0.8377233244456138,0.7433057496918366,0.7331165127141608,0.4720261199577006,0.5769943418549348,0.4881010645417324,0.5767964740985173,0.7418837354376968,0.5465685217825851,0.3133692487632097,0.357366522741271,0.14233613518862018,0.5753677323480877,0.28223431995859155,0.26523493757808764,0.8342639303643697,0.6316542317219753,0.11016229556597004,0.14055291043769463,0.5117685524261839,0.35438291554415247,0.43939189263504547,0.17719729450604466,1.4952634486811232,0.3684189953401135,0.47619781967227903,0.49248165407281513,0.4527183366283439,0.8982375827044662,1.1240525481363648,0.3083565141681982,0.24355962215274707,0.37289960077212514,0.40031604153224204,0.2785456135035277,0.3348932100811727,0.22414096893774846,0.17063069729463187,0.2664377927530379,0.6488631082442743,2.1461428633431194,0.595716024438302,2.228660084499134,0.37723858700403495,0.28297292492696546,0.148523134400384,0.39615122831935295,0.6763472997108099,0.4541131539087503,0.4173166968110229,1.987037446906682,0.13473099331661653,0.860300944721306,0.515744842073574,0.43149129432771094,0.14546706346914512,0.3238627341015451,0.3047277455436795,0.17354929378869574,0.21997539167841762,0.6271954625843931,0.15489681000161287,0.4062636505732291,0.46993125824166654,0.3880559094481151,0.1551062532292386
Angola,1.1007699433251716,1.0,1.6374109139262307,0.47484919293335026,1.0839082750140698,1.1218214139755018,1.3145888915866633,0.9924154649857073,1.96416844602099,1.8777320229037024,1.4290779506297249,1.0534344171991687,1.1758221691287614,0.43061763353288934,1.7719419954720157,0.32272802393647787,0.5654558735516003,1.7752065858562802,1.9770197426818994,1.9897742594561252,0.5123332273782931,0.595333218032974,0.7006608833227788,1.3651816466548157,1.407445343461491,1.6166993315506888,0.7515641896301875,2.049376529474237,1.2859513639653337,1.2523876859282412,0.5075078659922764,0.6422171344954984,0.9922181915067344,1.2971865342964075,2.0414532544511204,1.4748873579068222,0.5869059231467156,1.550512379046912,3.1287131007831173,1.7314971417069218,0.4155968444321226,1.8763696047873974,1.3659074722218256,2.2030760538633793,2.6034853815126286,1.6119297223685578,1.379699528115272,1.293706620775217,0.580127837151358,0.8550063453063957,1.4160490410653623,1.0932951561428947,1.559668474730033,1.0152437747295462,2.075746039578128,3.7132249924352436,0.3157437461923298,1.383967444337613,1.0430826866486842,0.9533783839222362,0.9931370150953763,1.8171494018658296,2.1842553882355267,1.4054477721796363,1.9443922051804912,2.9102154542176053,1.4494385653321618,2.404794251837549,1.786273607718937,1.9811829840398656,1.4451533326875192,0.8141276985252646,0.8321777135013372,1.0071421305376893,0.9264305110433454,1.8441040286438468,1.3759468398118482,1.6745606014537882,0.5792195411388174,0.6126056161134126,1.0967500300792254
Australia,0.384870968553121,1.6374109139262307,1.0,0.8778302038408577,0.47441684386126726,0.42061839915582844,0.6575619869221377,0.6919877411796413,0.5048275510036071,0.3816617444190228,0.25749564549828236,0.39878874423384647,0.303353230040014,1.0443310259646847,0.28309724954380666,1.3272022099987837,1.0722348304272191,0.780939930961642,0.29034073955623135,0.3640139967674723,0.9318754435953793,0.97014479845142,1.0969067381255062,0.49422603660833303,0.2584093734500478,0.3613029732783765,0.47276395186009923,0.3703902952297078,0.4534926904971186,0.3025432600922422,1.1757048006973323,0.8387897434145583,0.5235371437875866,0.31937896987369224,0.26137048136446406,0.3046979254377685,0.8251138291658281,0.2519791753728212,1.1070021083594548,0.41246892317591977,0.9068646197156758,0.31136837016404195,0.33795151671980417,0.508681557420507,0.6855024194384456,0.2641792798881437,0.24726056313794456,0.32636803264356073,0.7631520891027639,0.6555030018896304,0.32397771548945953,0.4163858956520193,0.3118509404261913,0.33441606765106774,0.36256333922643014,1.7064425203672526,1.0004335245576246,3.288577900581906,0.6033697721654767,0.6355737771495172,0.35020709950487805,0.36235650532643826,0.5717572896582981,0.2829287859797705,0.3247077148861486,1.7895751088695255,0.34998503755802784,0.5505737070724558,0.31743556402517015,0.17516665013090044,0.3577399416383521,0.32475950494376404,0.44409014509130784,0.5541130581898528,0.32424217904568314,0.6712704735613815,0.3237000665265688,0.48923612011854534,0.7796436348177672,0.8234609937239815,0.4075441706432988
Azerbaijan,0.404002168857549,0.47484919293335026,0.8778302038408577,1.0,0.34349745230422907,0.604960431822382,0.9441752444699283,0.5032946220165422,1.2502326675075803,1.1176970696967095,0.6122774034781842,0.4440436860229806,0.544691892380142,0.29265068084302065,0.886479894944727,0.23970749263387325,0.49525403059087497,1.1624723622259636,1.0752406195503776,1.2846059442541033,0.23436615099854818,0.5359823486250734,0.6700919793267424,0.919809723793191,0.7067642198463706,0.8814790573843712,0.3268512794385102,1.3001776691594653,0.7210207994961335,0.6715054040112991,0.5356355246757067,0.3318568735981021,0.4184450544787457,0.6062878621275931,1.1988028204393766,0.8152343683200781,0.17388575682757587,0.7097952336341637,2.638218193671043,0.8689330036702145,0.19228785120841638,1.0345100155970919,0.8382073966213366,1.4886847027486476,1.885534863401966,0.8387207579272379,0.6926031759097443,0.7935067581048785,0.19972578191514764,0.2683788445728804,0.7554713304164904,0.5013404656939574,0.6741628243540005,0.474906185686704,1.3726759822095225,2.9477974344624407,0.1769527303033409,1.7778954831077454,0.6136073611521361,0.324946975752896,0.46075031922206333,0.9276700947807465,1.2158502252728187,0.7122933170347623,1.031282950696255,2.7707648411329635,0.6023543406299908,1.6222414136422552,1.2152881419689134,1.1564995979985202,0.5899289088372522,0.3499158195454473,0.3323805224564249,0.3181837078122305,0.5057921796263943,1.1630616387912496,0.5520396379341669,0.8080502801754289,0.3255693935201035,0.19415997658756376,0.4488546410228534
Bangladesh,0.14043742726136083,1.0839082750140698,0.47441684386126726,0.34349745230422907,1.0,0.1873239549881087,0.6344779565583272,0.34007272489615725,0.8061305413810276,0.6297650508146571,0.24755597695431447,0.10476284729215707,0.22387160632116557,0.3796827026877164,0.42638854001903237,0.6329022915679821,0.7670969115484556,0.9240705820099614,0.6345915143230973,0.7667466373556242,0.35210465165441157,0.4933811964311613,0.7575723314894418,0.6171463756479326,0.4048088844062699,0.5144528530685997,0.121165732121197,0.7529496217838418,0.3626639981665431,0.3253385829108456,0.7512633671712197,0.46933352392920014,0.0939669158055329,0.20076085632052346,0.6764522683271287,0.40971278143267653,0.24530749825334558,0.2803554360665347,1.9325020005687985,0.4547978070518461,0.33288853888753805,0.5723125985047619,0.4950262628727763,1.1230153665714693,1.3146083726640996,0.36379939670135836,0.24928636761189754,0.4971076999825821,0.26056349879442164,0.12630650194610737,0.4328255780917648,0.20804327929626618,0.2333718263648076,0.3240828440888137,0.8708894364003,2.3826503040924623,0.47084944388021077,2.1581544512621695,0.474166189115354,0.17282414566649104,0.16490620176881898,0.4918972492480006,0.8639546647103143,0.4545660353406551,0.5583644493745966,2.2448727575798544,0.18763406985159198,1.0687284431872497,0.6937728773963795,0.6012459595665046,0.16040250264489028,0.3018897156613649,0.208478184983181,0.05831243002224196,0.3001509331324956,0.8203649523568689,0.2392770730044643,0.4392555247659775,0.3516659049131444,0.28345514707876773,0.23300820777410008
Belarus,0.20208438604878648,1.1218214139755018,0.42061839915582844,0.604960431822382,0.1873239549881087,1.0,0.7225985411738775,0.29906108869523007,0.6746681720444553,0.5587943207381784,0.2610002929544133,0.19006410605585727,0.2600957815870971,0.6118122757413857,0.33276492449283623,0.8214045995789616,0.7430781245516905,0.9508772132464157,0.4686259431029367,0.5388979491077618,0.4772815134901143,0.7417859233013927,0.977723962198275,0.6465273737707216,0.29744940355838406,0.34337331910393765,0.27214199967249386,0.5876914075484981,0.5171399960041576,0.2955456781853455,0.9032115540180594,0.4520812784919489,0.19997163839188806,0.21334424328132603,0.5431300081290509,0.2601533830154539,0.452783352586258,0.19325175202577632,1.4525112713781692,0.4636435613627894,0.7046101550434651,0.5137284131371069,0.45773900054431294,0.9999606364146588,1.0963253657913556,0.36488361849408835,0.21368651058988636,0.4257849626433151,0.5284960739665785,0.4137504553369761,0.38498952363160416,0.16672172809537286,0.19944368267263715,0.27361918524650164,0.6253859709335299,2.3980336167209995,0.7957025632008908,2.4862122657025187,0.525928150971495,0.3691334506888433,0.3287288357668491,0.38815736101049325,0.8030850917575358,0.42093567999036835,0.48287754783701436,1.9670427434972524,0.16297356442076158,1.0653550965276888,0.47544373037171106,0.39495773419225494,0.13828332996794845,0.2952003523410541,0.2950032542499279,0.2483138707053035,0.2558254446411631,0.6891758862537958,0.24562127986311075,0.518429591456369,0.5110507717044489,0.3648171390078293,0.2076449315461906
Belgium,0.57751280724834,1.3145888915866633,0.6575619869221377,0.9441752444699283,0.6344779565583272,0.7225985411738775,1.0,0.799577722674189,0.5371393420031576,0.5876778601915561,0.5371028846320531,0.5964946185045239,0.6188963671739046,0.9550605271077414,0.5560575725302365,1.2756461026356314,0.9430549251627257,0.7496199967487391,0.7075338283299158,0.6457366706494417,1.053075433747499,0.9110216872073758,0.6285962063932211,0.524236225100601,0.6400714121601483,0.6115811364189272,0.5735742342075671,0.6605339845383514,0.5740791844299168,0.5916275712636,0.9171930352740635,0.9501352793520444,0.6589253042883977,0.5259032435952675,0.7020796262924098,0.6527967514524683,1.00187185177902,0.597439904993403,1.1965211517801455,0.619151173733458,0.8275160544046638,0.6891626747390622,0.7287743760004968,0.8794519045617093,0.7463175521217452,0.6478569344274918,0.6331585896900703,0.6156479298282101,0.7833198841321682,0.7938176549063313,0.4516308512902738,0.6487705477577443,0.5493371299806473,0.6943488974620122,0.7855035787105433,2.0641430996855696,0.8178076720956864,2.2672454108856037,0.5846521175033839,0.8085362125360591,0.5214369980216937,0.5614325122461665,0.827524065243506,0.601302015008419,0.6788628791156138,1.7675881547738892,0.5486117228809794,0.9638682253508745,0.8402255244015606,0.7051728463464065,0.5747207552699838,0.6903332666484916,0.7376201680861298,0.7311919091534596,0.6501771564346062,0.6763276038817415,0.5135382409537974,0.6669653553020297,0.9013379091747171,1.0493782867823,0.5926142058792178
Bolivia,0.4228629447066322,0.9924154649857073,0.6919877411796413,0.5032946220165422,0.34007272489615725,0.29906108869523007,0.799577722674189,1.0,0.884158176555794,0.7530933842938337,0.551136670397993,0.37830895576269774,0.3934459573138538,0.495500874041952,0.6398890866731491,0.6854597000823459,0.6410935760762397,0.8452499461860209,0.7166780931255492,0.6796797412213804,0.36433694803198696,0.590388401574612,0.6924850379260594,0.6926440124414831,0.5824493730683362,0.5842036994488274,0.3636250877999423,0.8247089284195639,0.6819858395720968,0.5170038478904223,0.6716694842616597,0.4325022483737795,0.320828928179963,0.4410568008303983,0.8473798597560204,0.48242506750367753,0.3734823851665693,0.5194319544506695,1.8835060177882246,0.6676151912284185,0.5447832199256282,0.7749656432450671,0.6236030486488403,1.3077366139815085,1.2472966733434523,0.5253611462114072,0.42939306439074315,0.4818635907782428,0.4269226152847788,0.39350961836399034,0.5677450864035075,0.3130828613651669,0.5194283475496085,0.43932345972311926,0.9361825786191792,2.638987326466287,0.6001269300178039,2.144839394459357,0.46181839690363014,0.22197330779861044,0.47835944976213807,0.6876967840984677,1.0048136181289309,0.6242331852921295,0.7387482417630789,2.1171376252998027,0.4688131312615125,1.3186540448051978,0.743490633569661,0.7520076122283489,0.41725453454887707,0.3860306676431301,0.3300588677352012,0.34615502409332155,0.45938262178723366,0.7350406452281918,0.4842379631275805,0.6872748206153416,0.3808292275719285,0.4059079488456853,0.3784350626616758
Brazil,0.6200538751999516,1.96416844602099,0.5048275510036071,1.2502326675075803,0.8061305413810276,0.6746681720444553,0.5371393420031576,0.884158176555794,1.0,0.3808030925103685,0.3239339461038692,0.6655570873690789,0.47919283999570145,1.3869964427755586,0.27253254650971126,1.937356462196282,1.2918375065316545,0.36728593944724947,0.4015990508191113,0.5232058575858968,1.4297792983320003,0.880766463930639,1.1498325776086327,0.45952737282073325,0.41751479127682034,0.30405011555175354,0.7877355634788425,0.29843069082376916,0.40338282600091424,0.4614700792334427,1.3487231356924474,1.030748313063141,0.7869472004855654,0.4370632270705303,0.3555748778104276,0.5418434680601051,1.2601281906501174,0.39141643959637634,0.88963974087548,0.2481344497832539,1.329272587410719,0.2943880017330105,0.3859396235889768,0.556305209085311,0.4844983339748264,0.39397695665863786,0.5585625839651333,0.42592767919942126,1.1987437688881157,1.0988801277744378,0.4406849925998118,0.5728483530525382,0.42447447607638067,0.4604273352483102,0.5077902114822466,1.6193813465214342,1.4587419089580462,2.687542422132677,0.7105855623983534,0.9195843269226084,0.5062610827494303,0.2243008442326297,0.3213261311866025,0.45207157385050784,0.3495288913879699,1.4935905682723576,0.45972460098119006,0.6771600193917173,0.7067129000458421,0.502937968681983,0.48391214694555157,0.6301656126593493,0.7326443033695915,0.8946225075831491,0.5571302769861303,0.34485094478570655,0.4116026199957738,0.3736791587301705,1.1121055744074388,1.2186430221331794,0.6393104336041877
Bulgaria,0.48115603839757193,1.8777320229037024,0.3816617444190228,1.1176970696967095,0.6297650508146571,0.5587943207381784,0.5876778601915561,0.7530933842938337,0.3808030925103685,1.0,0.3514248515814284,0.5069886822184351,0.3391059351894662,1.1226112770208334,0.3254119695919565,1.6715526329955839,1.0336284187422817,0.6052373711833843,0.3065092648867275,0.40635466368985496,1.0600693124190617,1.071116902649717,1.0679808087685452,0.41375566786157875,0.34109731691357337,0.35667306514754904,0.5656010388185106,0.4140803183692484,0.5847951776703986,0.4071657962785804,1.2027408270966211,0.9485195587128129,0.6261580716296865,0.36769947384295687,0.4025172633959814,0.4450364246294488,1.0158100699512316,0.35187965026100404,0.7217459458158482,0.4783086702166325,1.1597823085444463,0.38076814160993666,0.46689606667182704,0.518601036274579,0.610516925602787,0.35229935789183897,0.42873460791043716,0.4314359945940627,1.0019178228151773,0.9428489738661623,0.4016840544053156,0.5101972881002972,0.4102304301126508,0.3951796963025688,0.4304325733929384,1.5864680916709228,1.2444081993556733,2.926497926165611,0.6091922057647557,0.7689651564245695,0.43684696355799035,0.36860937902412527,0.6717540305574968,0.39110161936032634,0.3285078552857677,1.56389004448328,0.3977924616278332,0.5693859783471483,0.4156891952294136,0.36279282538240837,0.4259743416915265,0.5394768580010505,0.6035257230483219,0.7216064329326437,0.4897015158569906,0.6564127823393355,0.39238757629225524,0.5861482497950808,0.9896718203648497,1.0424862979775469,0.5164967180147452
Cambodia,0.18287522289413027,1.4290779506297249,0.25749564549828236,0.6122774034781842,0.24755597695431447,0.2610002929544133,0.5371028846320531,0.551136670397993,0.3239339461038692,0.3514248515814284,1.0,0.19727039497759274,0.2536919285419771,0.8194804355985783,0.10003303695114499,1.1725892813840946,0.9666227649109614,0.6303841213366375,0.28286035740068505,0.4073526702042847,0.7642654338379246,0.7139531283266597,0.9305147400851348,0.47331689752466544,0.2215076033250272,0.2285159384500388,0.2720653492518301,0.3345085114666989,0.26344058730850584,0.2174201804514313,1.0634081451336832,0.7474817817637416,0.251224279899378,0.1520867676834882,0.31516336072832707,0.28695617400831674,0.6414464361229957,0.11758988928156597,1.0892813324250128,0.23621955443942289,0.7053923522652578,0.2420812793667992,0.33429857181063105,0.5914853061923847,0.683777363324364,0.23288930143754316,0.20335683239273433,0.28161576446036224,0.5776517960678045,0.4342971869641288,0.3137496955015968,0.24808158976002306,0.11033848159685625,0.254084118210379,0.3848503217019454,1.7952315155325058,0.8275386934625379,2.685182669766007,0.5143969993142163,0.4581020565604797,0.14641266866015892,0.18212108807596428,0.4018589706664033,0.24977042286104034,0.2695484844584175,1.6658347353970586,0.11838195727550191,0.5817184523834256,0.4023325134654151,0.27264853433698233,0.1411938206428519,0.31083722687438886,0.3635387800579718,0.3089852583720576,0.24888543068836683,0.41132782507473054,0.114155283074544,0.24743516649717395,0.5878474627531589,0.5815318257752756,0.206696091805691
Cameroon,0.08849898655620339,1.0534344171991687,0.39878874423384647,0.4440436860229806,0.10476284729215707,0.19006410605585727,0.5964946185045239,0.37830895576269774,0.6655570873690789,0.5069886822184351,0.19727039497759274,1.0,0.15171588011537573,0.4691348911812897,0.37018471628713057,0.9782753221905659,0.7154717483971543,0.8162828424959137,0.5143214723155077,0.6269173956243658,0.4149219084688771,0.5466673587765667,0.7100065560889685,0.5559141726597112,0.35309368740442504,0.40681744782592677,0.1139650632061262,0.591809134189736,0.3190325065216885,0.27911377828417633,0.7934667319137751,0.6918070013495716,0.0682896466987308,0.15926223106159632,0.5507236775321593,0.3423807654711714,0.3828190204688134,0.19138056929026342,1.5416197160360867,0.4229042454746404,0.448525009088641,0.5019656266831908,0.49593368525216375,0.9667014284455794,1.1671672492339402,0.3202389447501556,0.22377288477110424,0.4122188230952735,0.40709981685460794,0.2594113400704941,0.35103042839130283,0.20843550041793643,0.18480899160250114,0.27841063893395546,0.6916598519294137,2.208602912188298,0.5937058286318737,2.3445710811753964,0.43097544664051257,0.22416311078528864,0.120691191700741,0.42651082969020193,0.7337988110080418,0.5096092281358172,0.4586645856623339,2.0338758365653304,0.13372095512958654,0.9084020332901154,0.5822252366964312,0.4844414103913596,0.1420815648609619,0.33903071488612146,0.2764906704755511,0.12494218173768265,0.25151667708675185,0.7003233971667904,0.17037691203861746,0.4740794275654847,0.49007336083871333,0.43008646328008726,0.16243635914381144
Canada,0.1957693112946702,1.1758221691287614,0.303353230040014,0.544691892380142,0.22387160632116557,0.2600957815870971,0.6188963671739046,0.3934459573138538,0.47919283999570145,0.3391059351894662,0.2536919285419771,0.15171588011537573,1.0,0.5686427142836186,0.3218492829389418,1.050640703085456,0.7964584123750719,0.7418308772901332,0.3117177553736221,0.4673549425071628,0.47041277676351834,0.6110491498346516,0.7421875971914118,0.49172320270326164,0.23843838985709379,0.27658333640668936,0.1898020242061542,0.4104845943388175,0.40911931387341083,0.28257828314533295,0.8801014040063355,0.719549801390547,0.18864961057977872,0.22199926439460785,0.3988632115407017,0.2093680778245023,0.47585069219251247,0.21161746134181544,1.3145862721810773,0.43473733935830217,0.5513651389407048,0.3941330379127102,0.3773375928258515,0.7782442638652735,0.8493277331012881,0.30373244543152156,0.2292943679459198,0.3398209016341184,0.48038630851408665,0.394902322462619,0.2897773886030196,0.2387614898348847,0.26103578721817144,0.2413295063732133,0.4844718007558378,1.9669096293151163,0.6708209396835267,2.4666364398763703,0.45125461775718406,0.27506306961915683,0.23106464212701047,0.3031163324667779,0.6911982458113544,0.41118041322586996,0.35691257317115377,1.88917475501834,0.22815151169140402,0.7054251350478826,0.39043142586642526,0.38302042575156603,0.21288157294680798,0.30940740322674143,0.2502307431081202,0.2279267319832553,0.26999500034705215,0.6813826788382542,0.24680503935459036,0.5451860966808028,0.5253340467641452,0.5077806024900987,0.22834996940093863
Chile,0.5369994286703874,0.43061763353288934,1.0443310259646847,0.29265068084302065,0.3796827026877164,0.6118122757413857,0.9550605271077414,0.495500874041952,1.3869964427755586,1.1226112770208334,0.8194804355985783,0.4691348911812897,0.5686427142836186,1.0,1.0834532175494211,0.3562324558850854,0.3999971539971286,1.3808100982859208,1.277920561708108,1.3346660800975547,0.28072261382294067,0.4434947911837893,0.566712919908877,0.9361573646301838,0.9570646775266194,1.0667870034734497,0.33965449721164753,1.4873353077215783,0.7795994902756542,0.8010191534508279,0.4578165093405021,0.5591657172795055,0.3813245908491435,0.6813836220733075,1.4306731715394618,0.8396335988143201,0.2797101790177676,0.871059277502974,2.5191107645671265,1.0808728738685756,0.21171483898629295,1.2901209221063428,1.0032951311534202,1.756485462394778,2.0452949364145225,0.9703754453400084,0.8106999146059997,0.9618689375172728,0.2577784860793342,0.30282989589914794,0.8269987303797907,0.5899519975508563,0.8035713809571734,0.77101688634333,1.4639117118554363,3.230801973569185,0.1957113544331694,1.5436625514047486,0.7200541460039939,0.3538819528134838,0.5008500746168859,1.1893367952810996,1.5604167642427438,0.9970992703710923,1.245173949179268,2.7005133464127224,0.7181889776667805,1.8278161237592645,1.2814997750754278,1.3237765105084438,0.678426782339213,0.5716148864464192,0.5440498299470939,0.33351287004412233,0.7150719191289887,1.3479079033027883,0.739056930450319,1.0032371486800487,0.3985953984337677,0.3373940277872019,0.5631265785614148
China,0.3349079999432319,1.7719419954720157,0.28309724954380666,0.886479894944727,0.42638854001903237,0.33276492449283623,0.5560575725302365,0.6398890866731491,0.27253254650971126,0.3254119695919565,0.10003303695114499,0.37018471628713057,0.3218492829389418,1.0834532175494211,1.0,1.4950697901063834,1.1177678552365184,0.6033577280078216,0.2997009799548329,0.39540328416158843,0.9857337524429901,0.9086929433599445,1.1664172325512587,0.46779464554154915,0.26276506057165877,0.19235782149372643,0.4153325185553697,0.29203399437361877,0.35049586847363784,0.2858837996230767,1.2798599372676647,0.8396202434345883,0.44854370803609983,0.21857188626837062,0.2755327981163114,0.3021463975174023,0.9008421829073645,0.16560930312056846,0.9648994744382425,0.20388400559732522,1.0043394515983337,0.22354362774080488,0.34303995443846946,0.5191984628256864,0.6196906268036471,0.19959055357511318,0.26500409555907917,0.2869003137769071,0.8056043445737029,0.6842524938806455,0.28947651341905434,0.3090278634829007,0.1519487525967072,0.2687266752099451,0.41957490520222696,1.720961941385071,1.0802208573515844,2.8091593617973722,0.5902823772732599,0.6345314329300417,0.2825446980398257,0.15195245054228992,0.40478831182729424,0.2845191266133603,0.28683656921282263,1.6019670601714504,0.18150673367204095,0.6882940885260778,0.4265781217801937,0.25043297076499027,0.18238045289490604,0.42898969932458964,0.4816259740938076,0.515247316128061,0.325708453242025,0.3555140589999871,0.1841246216312442,0.22724643426665803,0.7710582760997635,0.8353366228708412,0.3567768562662942
Colombia,0.8377233244456138,0.32272802393647787,1.3272022099987837,0.23970749263387325,0.6329022915679821,0.8214045995789616,1.2756461026356314,0.6854597000823459,1.937356462196282,1.6715526329955839,1.1725892813840946,0.9782753221905659,1.050640703085456,0.3562324558850854,1.4950697901063834,1.0,0.41398359050617356,1.5607236294092106,1.6974110556393749,1.7357387828016957,0.25065178524890763,0.6223313590362515,0.747910830526644,1.2752002043790562,1.1772230411377465,1.4354368946433254,0.6989074160420414,1.8549095528029376,1.306713906976546,1.1744451932716289,0.47010922256032456,0.4785667474309092,0.8128147814544777,1.154946649435498,1.7831977723452275,1.2436976098203576,0.25289209595341877,1.2668234408976584,3.0750681300322538,1.4808118265402688,0.3506955669432596,1.6093070816444448,1.151861023458985,2.141668487761666,2.4219160486874656,1.2822513760568164,1.0830673651035436,1.210413675087068,0.38147642826308303,0.46891854472093436,1.334846507248503,0.7685952512089043,1.2506070641755103,0.8505564951613247,1.7937704761574054,3.5505393270898686,0.24805329112683228,1.505100323180309,0.8859382086987606,0.5846853597268641,0.9439747680210463,1.5423442279900983,1.9004377798703156,1.1245110391899695,1.6461512555776583,2.929868304583131,1.1597709786717658,2.2156811694080534,1.5978608074099268,1.6822912434575155,1.1047545373198935,0.6005921318527202,0.6064218393748185,0.5744424698560096,0.8050558016381448,1.6742084037295841,1.1086691912790319,1.3045800922227135,0.5385486738065299,0.40494280794027687,0.8905802085558991
Costa Rica,0.7433057496918366,0.5654558735516003,1.0722348304272191,0.49525403059087497,0.7670969115484556,0.7430781245516905,0.9430549251627257,0.6410935760762397,1.2918375065316545,1.0336284187422817,0.9666227649109614,0.7154717483971543,0.7964584123750719,0.3999971539971286,1.1177678552365184,0.41398359050617356,1.0,1.507529977446431,1.2350662391692202,1.169882997451908,0.38695214465780553,0.6659629462461223,0.801221303261288,1.0686075895247822,0.9370771608400051,1.1120993864169126,0.64386582792917,1.3905363739969,1.1577282467589192,0.8600226308158744,0.42454135929910447,0.6167866549790946,0.640050013370984,0.828599098161261,1.382562704669474,0.9205944500820454,0.527137106683691,0.9559971844366337,2.0534854237458338,1.2967511506714402,0.5606577374405537,1.3550896534576804,1.2062432372799556,1.66422474657846,1.8753229125043736,1.1252070030159684,0.9183208600281041,0.9539448963326226,0.537356014172164,0.6050489648702213,0.8386676216513069,0.792411267808844,0.915511421294969,0.9350198782371175,1.26615108332802,3.418395284400089,0.49634067284306316,1.5931918104223828,0.641159560844402,0.7057953469332442,0.8511480913915056,1.231042906559615,1.737383786777473,1.1452031038297532,1.3464713946984055,2.342362178017611,0.8738463060252148,1.7979055106955906,1.1617882810388553,1.167069177858294,0.8653261502465246,0.7264631399164885,0.7629062640751716,0.7328843228121011,0.6840115365439005,1.33848661514285,0.9211788151901946,1.2948984814903988,0.5090378045935959,0.522689589068485,0.7690067902991331
Croatia,0.7331165127141608,1.7752065858562802,0.780939930961642,1.1624723622259636,0.9240705820099614,0.9508772132464157,0.7496199967487391,0.8452499461860209,0.36728593944724947,0.6052373711833843,0.6303841213366375,0.8162828424959137,0.7418308772901332,1.3808100982859208,0.6033577280078216,1.5607236294092106,1.507529977446431,1.0,0.7199315546865699,0.6179153402481672,1.3922479231566707,0.8721414972515504,1.2339346087321788,0.677256905635381,0.7863808199852947,0.5887450380305601,0.8521209860600192,0.58769224459736,0.5087538948833221,0.685220762578415,1.5517601658625586,1.1243781672347917,0.8424248999154169,0.6472649220750465,0.6532730178544541,0.8349181422048895,1.187324004796841,0.7136141703575689,1.0009995357391397,0.43749669494076127,1.324406189396684,0.6369871221450888,0.6006758837118042,0.6925332754829229,0.7134801535507274,0.6278564139407891,0.8433260639243219,0.5344604126508239,1.1493546968341555,1.1298711960403167,0.6533135405358603,0.7589506688745667,0.6645846308090219,0.6964523037444471,0.8590219465860285,1.2772158602024652,1.3317098814854322,2.7820860401379255,0.7631173326075015,0.9560463897812652,0.6648363254300309,0.5705780673435793,0.42714718092008874,0.730579317390745,0.6196685798517046,1.3877864136630234,0.6869467232758004,0.8211934742654443,0.9227475136088796,0.7915426720311519,0.7181723427420023,0.8537185688187745,0.9748083759599632,0.9404440397015349,0.7065715367426465,0.3951346333289989,0.6047099196196408,0.5687048388710549,1.0734117671772543,1.1374586883892055,0.7512960273054945
Czech Republic,0.4720261199577006,1.9770197426818994,0.29034073955623135,1.0752406195503776,0.6345915143230973,0.4686259431029367,0.7075338283299158,0.7166780931255492,0.4015990508191113,0.3065092648867275,0.28286035740068505,0.5143214723155077,0.3117177553736221,1.277920561708108,0.2997009799548329,1.6974110556393749,1.2350662391692202,0.7199315546865699,1.0,0.3335527637862087,1.076359286066658,1.1508792978349567,1.3097697597337234,0.4629466312516782,0.3288747651506577,0.23389487569688597,0.5710787740055663,0.2798928188807511,0.552744117812551,0.30154212954186255,1.442779190335425,1.0465225758304773,0.6112205977821477,0.3969676806822264,0.265341713084239,0.3401600114863843,1.0646323167411913,0.28175479517336294,0.9141547877897844,0.39812651690138423,1.2314641856195403,0.29571045679161645,0.3252043045773726,0.4171121936412062,0.5360246264827886,0.27931873761207826,0.3622431145054025,0.3521329390832161,1.0058316962903273,0.934195840554355,0.3637579412121232,0.4468406431772082,0.34187279703827744,0.3251604948087213,0.29027117399084057,1.7177317842093947,1.2632869196724155,3.31994115726639,0.7603992604835935,0.7977643873477586,0.46856949058905006,0.30926670378594634,0.5878797541926921,0.2898922850058649,0.3080269087884819,1.59951467050449,0.36323528684816675,0.5932128900575632,0.30448926820488387,0.2688449398745824,0.3568789132243174,0.48980758381217854,0.5512095068129661,0.7002669034254225,0.3989510401018711,0.5378925521917373,0.37539667043856473,0.44961652887087333,0.9773514033899108,1.048784958274116,0.506534470778074
Denmark,0.5769943418549348,1.9897742594561252,0.3640139967674723,1.2846059442541033,0.7667466373556242,0.5388979491077618,0.6457366706494417,0.6796797412213804,0.5232058575858968,0.40635466368985496,0.4073526702042847,0.6269173956243658,0.4673549425071628,1.3346660800975547,0.39540328416158843,1.7357387828016957,1.169882997451908,0.6179153402481672,0.3335527637862087,1.0,1.1005937883052628,1.1875155337581116,1.2344282841014178,0.5828716496297852,0.4280489439130104,0.40967285967350286,0.6633158862207427,0.36737257349380315,0.6764212678811536,0.3527761584826419,1.368488169582201,1.0390985616237283,0.7095019844667088,0.4732275232189286,0.3781336197256483,0.3954976202671857,1.1529588385427543,0.37494047808966197,0.9130634695927108,0.4898594132824794,1.3543593356754382,0.4557735981735357,0.4638593711495208,0.5257867049668564,0.5052403543185361,0.36048304587041535,0.4597520013575696,0.34728539880248055,1.168778995823621,1.0945795517051642,0.3829867696198715,0.5044715587039348,0.40920490434007867,0.4161607255306344,0.38254052964653623,1.7673623186704424,1.4125762630762124,3.0646027973600143,0.6628726752793532,0.8222657516527727,0.579739771666942,0.3767463259512305,0.6674668751967913,0.3674012531302199,0.4514650742099405,1.5345133818957328,0.42015218896455386,0.7487568202684451,0.36561463263783434,0.31988177759498654,0.4510038822865585,0.5580224802207339,0.6687416345976874,0.8478308488225894,0.5420956143553513,0.49188753597819934,0.4745846596833383,0.4351492109252041,1.022928040774562,1.1153873604817415,0.572239815621039
Ecuador,0.4881010645417324,0.5123332273782931,0.9318754435953793,0.23436615099854818,0.35210465165441157,0.4772815134901143,1.053075433747499,0.36433694803198696,1.4297792983320003,1.0600693124190617,0.7642654338379246,0.4149219084688771,0.47041277676351834,0.28072261382294067,0.9857337524429901,0.25065178524890763,0.38695214465780553,1.3922479231566707,1.076359286066658,1.1005937883052628,1.0,0.5957405139564449,0.7695238701134364,0.9495616821834048,0.808026843373839,0.9107540849570985,0.35272661709925507,1.2474396148402551,0.9146178319790466,0.711726402139402,0.5644981516482931,0.4925773752917335,0.3465361972050235,0.6246730693207356,1.220409861947873,0.6989312531141659,0.19809355181826863,0.7137432277302127,2.3576646092814872,1.12669168779395,0.3619976183361379,1.1486285911865954,0.8954245996481592,1.7172092754200032,1.8792558460373048,0.8244703349815584,0.6543090032210964,0.7891061131999514,0.324920249972769,0.28360736662587044,0.7871639896488238,0.47016018212452815,0.7447229605199502,0.6722972691467979,1.2176958030231395,3.2773883348747135,0.41447880711886,1.6271156300327414,0.6682915748662052,0.24744618202870325,0.5653840668932707,1.0412520286524471,1.6297896666200349,0.8927622405363553,1.1272641448128011,2.547358196567056,0.6556559017834204,1.6684887636200316,1.0349657545554565,1.0910495554502684,0.616054887449537,0.43871680811409236,0.447855735860582,0.3023056086815729,0.6220942592641832,1.3090543777091441,0.7243895254995191,1.0248797062828112,0.4181964676571843,0.2601199701740483,0.5112160113385396
"Egypt, Arab Rep.",0.5767964740985173,0.595333218032974,0.97014479845142,0.5359823486250734,0.4933811964311613,0.7417859233013927,0.9110216872073758,0.590388401574612,0.880766463930639,1.071116902649717,0.7139531283266597,0.5466673587765667,0.6110491498346516,0.4434947911837893,0.9086929433599445,0.6223313590362515,0.6659629462461223,0.8721414972515504,1.1508792978349567,1.1875155337581116,0.5957405139564449,1.0,0.5903192758714565,0.8090027090001202,0.9590683101704509,0.9799712675081642,0.477965108487472,1.1330528886489917,0.477113947706834,0.7984429581919725,0.6086761776333247,0.6974189003431267,0.5149935293166061,0.6085092793194178,1.1457018226183184,0.9242267988475759,0.5636577157784471,0.8408961536860651,1.8335045539358965,0.7107573493417721,0.43112259188537483,0.9886104716053633,0.8701336719836197,1.2061132326175819,1.4117426881359134,0.8691006487121175,0.8409386805494735,0.8159145648650215,0.43943148103225277,0.5016255372091489,0.8130169370553489,0.6537632677104476,0.7672639726673541,0.7663274296096448,1.2111560261734358,2.117515948558734,0.43101545776163114,1.3887837270551524,0.6932925687522282,0.46253032916185843,0.5031399124645505,0.9350087585049022,0.9612101442280289,0.9189898155205233,0.9940384542639664,1.9283834569757958,0.6883068019136205,1.1411730746834379,1.3215522311835273,1.2101410983459273,0.6960539349788281,0.7399099211340792,0.6690870853257186,0.4739521002153856,0.7167245797576538,0.7920234845596701,0.6430916499616035,0.7300898796164147,0.48924990842321575,0.631818804118536,0.6180270892768388
El Salvador,0.7418837354376968,0.7006608833227788,1.0969067381255062,0.6700919793267424,0.7575723314894418,0.977723962198275,0.6285962063932211,0.6924850379260594,1.1498325776086327,1.0679808087685452,0.9305147400851348,0.7100065560889685,0.7421875971914118,0.566712919908877,1.1664172325512587,0.747910830526644,0.801221303261288,1.2339346087321788,1.3097697597337234,1.2344282841014178,0.7695238701134364,0.5903192758714565,1.0,0.9398783447939266,1.0708471631904324,1.1404008402341603,0.5647693929848392,1.420357827810249,0.8959301022981294,0.9074728815287824,0.6188368126387669,0.9457557011478808,0.6971913564073811,0.7792150805810071,1.3969405297166853,0.9820153267431909,0.723018797644632,1.0024098304338027,2.1387824375880164,1.216649235546986,0.5750806100146997,1.344624824788434,1.1749555337878914,1.6178841207544705,1.699672652156543,1.120504953146569,1.027338949793453,0.9470787728796656,0.5852602359385018,0.6632106466873711,0.8323957506939202,0.8793569264201432,0.9670832138686971,0.9411531828311361,1.4962935028014075,2.92134217714388,0.5401371722938904,1.3008379621762938,0.7306526235909027,0.6112507007445923,0.702359540329285,1.2373611188150702,1.6095667137799945,1.09018588363806,1.2360155450954493,2.303436859510592,0.9000473073680151,1.6428705413279512,1.3299400218986495,1.3112019363618497,0.923447171546502,0.9233375456995273,0.8979976816550479,0.7207955129164669,0.86663693114077,1.3411476228489358,0.8886622610695585,1.1901009452436764,0.6515223744134959,0.8497367471067836,0.8272681891513729
Estonia,0.5465685217825851,1.3651816466548157,0.49422603660833303,0.919809723793191,0.6171463756479326,0.6465273737707216,0.524236225100601,0.6926440124414831,0.45952737282073325,0.41375566786157875,0.47331689752466544,0.5559141726597112,0.49172320270326164,0.9361573646301838,0.46779464554154915,1.2752002043790562,1.0686075895247822,0.677256905635381,0.4629466312516782,0.5828716496297852,0.9495616821834048,0.8090027090001202,0.9398783447939266,1.0,0.46688791215022446,0.41989357061077903,0.5729226750897873,0.42974678246268394,0.5427267749248846,0.576610083040528,1.0791663469947803,0.82624144810614,0.5890971323437929,0.5316711460752187,0.42703824405593227,0.4766422860173275,0.9496427267421664,0.5033642002527726,0.8540322193417174,0.5064807571888891,0.8741037200838314,0.38192049151590424,0.4793617645268591,0.5621029090436058,0.5611943750354789,0.4565430238188367,0.4938739124266623,0.4661982690835128,0.7963765540107486,0.8051314434659731,0.5404936461028031,0.5731426270299989,0.5470335147967227,0.46471654563031206,0.5309976873957337,1.5766639093882546,0.8960523979602301,2.6539662260315544,0.6259893978161104,0.7100034459989206,0.4845103365300514,0.48785218413490977,0.618844593093493,0.48168828120590557,0.4941692388035881,1.5917513860315053,0.560045432250561,0.515332913277626,0.610863244451758,0.45810188528371987,0.5599618642907342,0.6041121597033381,0.6018369228532842,0.6793150896040882,0.5632841771391957,0.5270498227898307,0.5165770196209146,0.6007590741617117,0.7366947041794404,0.8056331911091832,0.5430445071563201
Finland,0.3133692487632097,1.407445343461491,0.2584093734500478,0.7067642198463706,0.4048088844062699,0.29744940355838406,0.6400714121601483,0.5824493730683362,0.41751479127682034,0.34109731691357337,0.2215076033250272,0.35309368740442504,0.23843838985709379,0.9570646775266194,0.26276506057165877,1.1772230411377465,0.9370771608400051,0.7863808199852947,0.3288747651506577,0.4280489439130104,0.808026843373839,0.9590683101704509,1.0708471631904324,0.46688791215022446,1.0,0.1956671205890901,0.3724878962362265,0.3596245715243347,0.561539174080218,0.2352637660328778,1.0969402406561735,0.6547768286113685,0.41422327397241643,0.3093289567762591,0.32631269578512523,0.201627177098907,0.8032363405538699,0.1720156900545332,1.1598261558689882,0.3858002372529096,0.8417642101408525,0.32351743986214565,0.32802833740683446,0.5971729567363327,0.7782554838969873,0.29671378017522443,0.19065670412269334,0.2715675656362294,0.676770881063132,0.5972780818268784,0.3251362570036597,0.29102521644319057,0.22700930847181386,0.22166041973669923,0.4167917923837001,1.8688997683855817,0.8153337800273002,3.071294138704176,0.543340161143243,0.5806248429309463,0.39394173626152873,0.23037738093759513,0.528985243667297,0.31377763395917607,0.32827146538867435,1.832642940774606,0.25774577039505187,0.7388711610150087,0.32825965368598276,0.24221523157079736,0.2365856675485246,0.22957524935413243,0.35146549598473686,0.5069334977969484,0.2348893127858103,0.5949975931295308,0.33172080593325604,0.5249717723092852,0.6944760393078393,0.6955585376040172,0.2939449693048981
