Country Name,Albania,Angola,Australia,Austria,Azerbaijan,Bangladesh,Belarus,Belgium,Bolivia,Brazil,Bulgaria,Burkina Faso,Cambodia,Cameroon,Canada,Chad,Chile,China,Colombia,Costa Rica,Croatia,Czech Republic,Denmark,Dominican Republic,Ecuador,"Egypt, Arab Rep.",El Salvador,Estonia,Finland,France,Germany,Ghana,Greece,Guatemala,Honduras,Hungary,India,Indonesia,"Iran, Islamic Rep.",Ireland,Israel,Italy,Jamaica,Japan,Jordan,Kazakhstan,Kenya,"Korea, Rep.",Kuwait,Kyrgyz Republic,Latvia,Lithuania,Madagascar,Mali,Mexico,Moldova,Mongolia,Morocco,Nepal,Netherlands,New Zealand,Nicaragua,Nigeria,North Macedonia,Norway,Oman,Pakistan,Panama,Paraguay,Peru,Philippines,Poland,Portugal,Romania,Russian Federation,Rwanda,Saudi Arabia,Senegal,Singapore,Slovak Republic,South Africa,Spain,Sri Lanka,Sweden,Switzerland,Tanzania,Thailand,Tunisia,Uganda,Ukraine,United Kingdom,United States,Uruguay
Albania,1.0,0.7355893833801044,1.6330390886691097,1.8458762863185691,1.4030028967135142,0.4281134426638356,1.7989364790795603,1.5982117889161125,0.5310728640193033,0.2767815649976172,1.9554047157852115,0.6396379323318325,0.4507036196600899,0.6764697722069736,1.6503965806372232,0.6840633245534787,0.6746361875841224,1.8510294617026386,0.43189396282386505,0.29343569549170945,1.66174622469498,1.933687186032141,1.4939634584071466,0.4773818922881292,0.4074600876193162,1.4933473334803966,0.3727021706250681,1.9384581491426138,1.2075228165416347,1.6211173954236635,1.7525898178806423,0.5413435894432513,1.7693072973474075,0.47454837873233346,0.4705501505900059,1.7153113049812878,0.548992418437236,0.9155922485367817,1.4683027540552827,1.2762102241654887,1.7145825659672476,1.7502805944412059,0.5153142414242475,1.7074404504209912,0.7650837325040388,1.9649058950848768,0.6797504677748231,0.862406265530833,0.4459452334259814,1.8903915136354608,1.8757051269862204,1.8294532374884573,0.5254828199929842,0.7833439306582088,0.4870866041545444,0.796970522221167,1.8722486746780878,0.5043647247848408,0.45961365365336576,1.1985544809379542,1.4020817042504832,0.3922034346189738,0.7450679832131896,0.22422128488972315,1.2879897319905145,0.22834076120797214,0.45073640876324955,0.6670039940879449,0.42319831903302857,0.6877087254756612,0.6177950031177066,1.7135819549772768,0.8408696660370758,1.906577846304183,1.8677484688478576,0.5298530233997332,0.5572278535572778,0.6345330677830919,0.5030270948883135,1.8467263623185894,0.800516571347622,1.7774689085639988,1.1138548734557048,1.8942060609927611,1.7968362165143992,0.8077697951803261,0.1816656231475305,1.6426318038142171,0.7374354496158709,1.8768634451981692,1.7740255154981097,0.9557558887779524,0.2705899660599714
Angola,0.7355893833801044,1.0,1.2218049614583266,1.943268376651719,1.251991853665348,0.39493173853517965,1.8502457215110801,1.1562923602100819,0.2646446961617721,0.5709132786347384,1.859768058300552,0.12349602017843002,0.36594730662076114,0.06571843858830172,1.2334650719078433,0.08984133118930335,0.19544411802719122,1.9984196271975194,0.4045123661362842,0.4840827169462569,1.4104630761324009,1.9612976961915694,1.113163958754688,0.30616281308431775,0.37226516356274947,1.7826805519585371,0.4398101340101004,1.744864183322801,0.640262817589466,1.245027193896596,1.968764987226491,0.2058472930122638,1.4287670892043731,0.3466958357959551,0.3658400073915558,1.9270157283408058,0.31199762202205533,0.2469177535528638,1.859785051369583,0.8121297173412197,1.8852687365667529,1.3823579117007907,0.31151667702263364,1.8319803334030673,0.04969534361133516,1.9305062793541714,0.10920108273481557,0.8906720026910191,0.4631982587257564,1.910887768525035,1.9229423378631016,1.9507016294899642,0.2706624719412536,0.0626366963925128,0.2738539448601423,1.253239183042852,1.9564823675621696,0.48202090438137796,0.34357395481344194,0.7309109608466686,0.950555556272548,0.3786252542025807,0.08628100262408946,0.9148994605950371,0.7610086883315452,0.8952179216739576,0.3460231589561184,0.18350128363954046,0.388193167131838,0.1522150841637493,0.14066426101653526,1.843000197699069,1.0484479664488233,1.9315670955536883,1.9073096020076432,0.32864916288796686,0.23628557220486923,0.19911626402063673,0.8064413696835789,1.9456184804229701,0.24066772573139095,1.423003425546858,0.45200682847279905,1.6166304048139895,1.8636295542479147,0.08057775733980471,0.6197750457482357,1.859600214903325,0.01307250265127135,1.746837233164206,1.4321695856339158,0.3505646901363832,0.5362916825629606
Australia,1.6330390886691097,1.2218049614583266,1.0,1.534821323720819,1.1469087415250194,1.4752132209035929,1.2289514726865556,0.26955117771660175,1.3951128197608222,1.5768767095033025,1.1041503717054528,1.3068772885348825,1.441592165738065,1.2628887044908281,0.30142475904489635,1.281804880422564,1.2055535588815538,1.6122438271982784,1.4859517376928477,1.5064531198822704,1.063232235510334,1.3916323690580386,0.8972494238481872,1.425633111469518,1.4591303862379152,1.5970767804059576,1.4898496029600077,0.9760150022691502,0.7411184875886049,0.5424308167091709,1.6823932855777417,1.3498452335446984,0.7628725163835298,1.4503790493887092,1.4538690025914804,1.704981585547222,1.4138181912846455,1.065470389133278,1.8548939009613206,0.6581600520314063,1.5263645357063684,0.4281395266511256,1.4154757485989884,1.354059464705813,1.1891027194693424,1.2894749931499425,1.2808048851168374,1.1713954849416297,1.4981871129300606,1.3451675542062267,1.4330408892371622,1.422049949828225,1.3968434095033515,1.1888466924220915,1.4002612391586788,1.5732936306287517,1.4088385166443598,1.349124208307525,1.4362180404082725,0.7811753611344199,0.4758620255892627,1.4516158465555336,1.2043409248226367,1.7436811543723605,0.606925860255823,1.6716601300990077,1.4465689369298331,1.2277689499005908,1.4598557186396361,1.2705073564611082,1.3143337956989327,1.4442968325956016,1.685924812008476,1.398342239433663,1.2987849338030815,1.4333454712623102,1.3642890885439574,1.2490566414725646,1.4643932414709568,1.4876759235910841,1.103578602592281,0.6560900304776823,1.036180333315198,0.6934490103239307,1.2564726567042852,1.178494960215395,1.5663009086983222,1.5216756281995796,1.2257369284548625,0.9096969109965607,0.4609803790101853,1.086752336951507,1.5665245970904416
Austria,1.8458762863185691,1.943268376651719,1.534821323720819,1.0,1.4048101880715629,1.921556882279411,0.7298875310709834,1.5452113366023652,1.9362833473734444,1.889356497533317,0.8312883032003889,1.943472974815186,1.9297917926682087,1.9454235508507123,1.5460939213103322,1.9424107846248928,1.9450583955365341,0.47188494428430966,1.9181428379045005,1.9125623007213803,1.5239025706085225,0.6055402549125128,1.5538609173294713,1.9320321036221946,1.92644628774236,1.0160418517243814,1.918735557543145,1.034474992031431,1.8071938102628964,1.529971782051694,0.47690213033998385,1.9425844106115433,1.3818382566947143,1.9261598829140603,1.925827773107788,0.6628237249111183,1.9307261172375416,1.9195473602768358,0.9039990336428314,1.7755834447492325,0.7578468534827747,1.3823793439735321,1.9334276513807669,0.8903758464333963,1.9434417903821197,0.6674394960210289,1.9441916857809185,1.734679900617242,1.9133573765221832,0.7968450087145391,0.565376695113631,0.6008906318207743,1.9366640108939566,1.939065398493656,1.9365071333159667,1.6354184217011927,0.6087882799159167,1.9048680754183955,1.9308499332860434,1.7663441595651415,1.6932572386554576,1.9279888444697657,1.9397172858771663,1.773234030726825,1.7617032512743176,1.7953935321336372,1.928720610696218,1.9416683699297064,1.9262122150024432,1.9460821171410176,1.9433412073925744,0.9352115095239649,1.7075558093258514,0.7089660598801515,0.5773665399585097,1.9272871827687008,1.9412447361935516,1.942354267240934,1.80610824373577,0.6759097799315733,1.9378319924718295,1.2562324633133863,1.8714367656351656,1.097029592035164,0.7454438414374497,1.9385063384853527,1.882117789418826,0.8745896656349856,1.942493026682546,0.916118700407084,1.3152763031202028,1.892945535701355,1.893059992081433
Azerbaijan,1.4030028967135142,1.251991853665348,1.1469087415250194,1.4048101880715629,1.0,1.3366971384537585,1.302336462132509,1.039058629804265,1.3051502590816275,1.3828104204382519,1.4821846741035527,1.2801340515858504,1.3315317662275439,1.266524486082124,1.2259441890369889,1.2715846172936167,1.2428912397641616,1.5695283729659004,1.3391115540332013,1.356521459117321,1.4438635407480804,1.5890793836817596,1.3200708869845768,1.3207791697522175,1.332919361765218,1.519996344502653,1.3493457420401704,1.4677164180355724,1.0614739623436482,1.1822069895132128,1.5731936465403955,1.2930411408227143,1.5070629796646031,1.3251489155448484,1.3312549893362988,1.6380386246305902,1.316597198159435,1.2033523914281334,1.637963012875001,1.2231434129609022,1.5951970066133727,1.1838801974236732,1.3204897057156058,1.5513551344885024,1.2360138526965063,1.5137447243682738,1.268960886147817,1.0722311236599174,1.365166068659611,1.5088639953531877,1.4741566464092197,1.468609597208457,1.311166870940809,1.2472130704466382,1.3065090421328351,1.4699935877099113,1.509189373109504,1.2863205277594463,1.3226403790006585,1.139392881197941,1.0579946736487003,1.3334891417617556,1.249581030617078,1.453403575986662,1.0611446668997624,1.4597334332976213,1.3305568091870523,1.256660979330748,1.3374658512817499,1.2786384708890342,1.2694228662742069,1.6941338290562031,1.6247273988740616,1.6433272560743566,1.3513149115891459,1.3282119402908992,1.2969747320467386,1.2650243201658584,1.2362494895969227,1.6016438130832005,1.232394997965753,1.1928082288726662,1.250005915892602,1.2177995845878054,1.326433279076654,1.2441778308007867,1.4064717257196404,1.5145753315537451,1.252651403256912,1.2341049779460567,1.1214012266436675,1.1664481324352156,1.3700046334509182
Bangladesh,0.4281134426638356,0.39493173853517965,1.4752132209035929,1.921556882279411,1.3366971384537585,1.0,1.8955123008561063,1.4248623457183334,0.1335147344859375,0.1897400077694759,1.9445350742439858,0.2745077903947962,0.06445726834775496,0.3341993261045732,1.4986212717889835,0.3169054898467427,0.43171363205733254,1.9498888042707587,0.027413517096882372,0.15665914484805515,1.543840605897727,1.976989749319534,1.262703570578776,0.09769152556393397,0.06551474803919331,1.7328697791860637,0.07355651852789756,1.8617668517348787,0.9849360867456702,1.5129159313354537,1.8855961211851735,0.21984852409936903,1.6181220951348814,0.05746536345212831,0.044400939591310105,1.8322127471318959,0.12556816740483218,0.6290104571668079,1.688263639876717,1.0943857804134558,1.8724086259982575,1.6302228178730558,0.09916504353789796,1.8545181969008946,0.4282420703446138,1.9885356400054615,0.3037745541838618,0.9407789083405326,0.10467660828238956,1.9621580723131113,1.9225605537469248,1.951531951327432,0.12723317673748677,0.452144565242219,0.1407616678997362,1.074367417112417,1.9764009241895222,0.5056382636899475,0.0606445954342001,1.0010826427673312,1.2292215422061457,0.10271976873739821,0.44237764068065044,0.5805425907811009,1.0643899067270155,0.6048794598644969,0.05554978010778534,0.42639606244844314,0.04563113029535833,0.3077306501661989,0.2633397819508131,1.7988166644935624,0.8226608340280954,1.9468925060702242,1.9493488103244812,0.10795394031377117,0.16882462256465658,0.4018889941561444,0.6148713412459316,1.92569226689671,0.5546990900090423,1.6123810866332409,0.7687196064467107,1.8087176111966106,1.897609302092015,0.4580068546912902,0.32658134373528197,1.83874878384156,0.3931436579620239,1.8830726336562542,1.6670907040977379,0.6029829397910222,0.17826248050684218
Belarus,1.7989364790795603,1.8502457215110801,1.2289514726865556,0.7298875310709834,1.302336462132509,1.8955123008561063,1.0,1.2754941054680078,1.8905562546807166,1.8802528405024577,0.7567493222343937,1.873836766420775,1.890052490261638,1.857748863597931,1.2103871509705335,1.8724717896749161,1.801663794273557,0.8098536896078119,1.899358962562466,1.8634809389423124,1.3999748447395115,0.7554661759291821,1.5569061216309938,1.8868421444746997,1.881408205912133,0.7865085309010833,1.8850491322296947,1.0184898933349038,1.5825339811503385,1.2008524705003214,0.8300011010347649,1.862644218433763,1.302174430729355,1.897905527236319,1.900055967923612,0.9611613909930748,1.9056943039571899,1.779561769386208,1.1246118853107425,1.515810504096241,0.6754732949537388,1.1059198084024697,1.897747632487654,0.5477736102945981,1.8421490938669005,0.7090244786740638,1.875751568111778,1.4314852743153044,1.9066889182069002,0.7137347594797218,0.6829418774649596,0.44954039072919294,1.8905515754336892,1.839177068712221,1.875593172213764,1.477796254252449,0.5168214182117165,1.7360487748807885,1.8897877134546963,1.5595122116327778,1.3922668494526178,1.872539693740533,1.8274104572485501,1.7818778440025442,1.531158193053494,1.7412076550032434,1.8900182531745544,1.804731213611645,1.8891142564908097,1.8779336676898428,1.8696668009479374,1.0145254227499194,1.877197703921594,0.8451220647491566,0.3082183704955071,1.9068481871193683,1.8856825013009564,1.8081029472822676,1.6831552661069973,0.8781922263814451,1.7736817407994503,1.1592432916285074,1.8102681084537917,0.8699405786382172,0.4784776705532463,1.8476935042172349,1.8259111148159914,0.625372695617,1.852726030048631,0.49618444532361994,1.0222809672773976,1.7988614027821666,1.874358591583703
Belgium,1.5982117889161125,1.1562923602100819,0.26955117771660175,1.5452113366023652,1.039058629804265,1.4248623457183334,1.2754941054680078,1.0,1.3390269372746364,1.5348905157802284,1.1752643117579065,1.2459604426895736,1.3924904596726428,1.2004946072069764,0.3973918976372526,1.2187436242038716,1.145189309455207,1.6589425494573655,1.4351013538260187,1.4628248203550769,1.0715868608848182,1.4578805452101748,0.848215976399026,1.3720347207889239,1.4087609103374406,1.6301564602056098,1.443670973817434,1.0491248507123845,0.6310972224403135,0.5191309647624626,1.7190220368255114,1.2927570799880594,0.8127428309175015,1.3970345676879934,1.4025782113736915,1.7560828611108963,1.3596476105309383,0.9907824267346278,1.8890049127742108,0.6330320108987426,1.5704957620522788,0.4289149711347394,1.3628325564348005,1.4302121189615282,1.1219353971199435,1.3543037394466386,1.2185774186764142,1.1467185623871943,1.4536455140979294,1.4025373404337753,1.4930269038911461,1.4775980341754265,1.3420359419688046,1.121606872795513,1.3449563646174445,1.5877293280028413,1.4640066887200394,1.2993855989301943,1.3845689014077711,0.6827641101193246,0.41742807680340765,1.403021442352507,1.138146354708966,1.715580828970445,0.49744668398494324,1.6518643551345704,1.39511941707933,1.1669022903866364,1.4112170426148196,1.2125667532094766,1.252056788115182,1.5068266894126239,1.6751533777873306,1.462638080653413,1.3386706970508615,1.380073404437436,1.3084073750390262,1.1901233206948971,1.4601303165722272,1.5333152850044305,1.0427673656209424,0.6585027869756914,0.9670541952089979,0.7116638326879362,1.3052623241057246,1.1109920084702405,1.5319344751872497,1.5651179682951915,1.159850899770064,0.9595433246048142,0.4623176171600188,1.02970529966049,1.520850889585104
Bolivia,0.5310728640193033,0.2646446961617721,1.3951128197608222,1.9362833473734444,1.3051502590816275,0.1335147344859375,1.8905562546807166,1.3390269372746364,1.0,0.3197510523263833,1.9243170735965405,0.14316134544950793,0.11723622468705729,0.2055181884338935,1.4160876481662656,0.18507922487442124,0.329707106503945,1.974488365041625,0.14292149851529504,0.25562040683096504,1.4996166410694205,1.9803345133760921,1.2076581892428064,0.06225250934855441,0.1287663247078514,1.7616590460213883,0.18939271488995277,1.8287913257573436,0.8732648306856406,1.4318053136405766,1.9224307107225416,0.11829804339079333,1.55901006454269,0.08446291735958457,0.10380750040210264,1.8721321104031134,0.07868230231788932,0.5044286636975126,1.7552973053526684,1.0005424700645535,1.8882799623872417,1.5545724108333314,0.0591641391406759,1.8594024543943568,0.29853734782097113,1.9777594040248407,0.17211286011558755,0.9233201108581136,0.20977741529835578,1.9550388821789622,1.9304797859240768,1.9621779383001205,0.016760249546632883,0.32296621160413874,0.07176874684142126,1.1407049833105605,1.9804317645121257,0.47896646407735227,0.08736839791495941,0.9081592158175142,1.1394764085317597,0.15403921592899159,0.3185124396942854,0.6970920725359451,0.9641612641117516,0.7063773308809315,0.09084146340060018,0.3230529879394761,0.1353230564310726,0.18797218406921082,0.13438432600466999,1.8221833897183388,0.8929558328680484,1.9504119429464288,1.9445628670738795,0.08676914549757518,0.05123023845799184,0.30520552021375175,0.6727686533529929,1.9411888289995176,0.4451093724626196,1.5510416871289938,0.6543134414093986,1.7512510060367876,1.8972801886340347,0.3276933045614795,0.42050427829741405,1.8579600451291423,0.26231577842768034,1.8469490585549106,1.5958409988839806,0.49771232720697406,0.2949695350565606
Brazil,0.2767815649976172,0.5709132786347384,1.5768767095033025,1.889356497533317,1.3828104204382519,0.1897400077694759,1.8802528405024577,1.5348905157802284,0.3197510523263833,1.0,1.9610651737519837,0.4548748787675955,0.22635451374091994,0.5092990742340281,1.6000818501013827,0.49837764145916724,0.57423402479864,1.9034675822566531,0.18742100641187245,0.13333583427312848,1.6042531946682177,1.9605920910987282,1.3562957912576565,0.27219288500104283,0.20516910366033267,1.6623668715682232,0.14469321284330336,1.9021937545205772,1.1268841410188544,1.605787875747375,1.8213722510069346,0.38126814940813986,1.6969402912931764,0.2435103832520911,0.23000730602606026,1.766862286432093,0.3092627054060965,0.7917049917346084,1.5801205280909452,1.2146586851782266,1.8253891758660399,1.7198595813258792,0.2857865776111776,1.8208599834482246,0.6038421691444598,1.9892356200558396,0.487576849713476,0.9543551691122518,0.18077372237682737,1.9520102743332406,1.9008778249847038,1.9160007476665468,0.3129954790712035,0.6256749007852707,0.3053785866091038,0.9686692013669423,1.9498272734032158,0.5494335219986849,0.2401612211519752,1.1246122294396363,1.3438842585634703,0.21102719059993622,0.6072317389985852,0.4015872741742741,1.1978530816360882,0.4488407035399688,0.2326581530832367,0.5683697414897829,0.1971975747508561,0.4884343271161471,0.44086167005791377,1.7576670658457083,0.7595625416671327,1.9308213791309836,1.9357342344427928,0.28802924225274446,0.35222069775705767,0.5388741345174961,0.5529245545703381,1.892592819338224,0.7011137002521676,1.6962940120190584,0.9344937232502343,1.8742748578780186,1.8777711206728063,0.6362183337855812,0.2155285050773066,1.7837571092535425,0.5700658749578249,1.912813225918223,1.7503267623336989,0.7667006503596074,0.07981955108678569
Bulgaria,1.9554047157852115,1.859768058300552,1.1041503717054528,0.8312883032003889,1.4821846741035527,1.9445350742439858,0.7567493222343937,1.1752643117579065,1.9243170735965405,1.9610651737519837,1.0,1.8940073600622456,1.930866039823705,1.877144091374478,1.0791754836024365,1.883416462594456,1.852234011868052,0.767582933663969,1.9481969286001066,1.946475384451759,1.1518552944230391,0.4257122900986616,1.290511131020272,1.9337887165088987,1.9424144375869519,1.2028623831481773,1.9438574526528094,0.401082138187153,1.5887621864209698,1.135249928548098,0.9269955058979849,1.9120870154411689,0.8452276339650918,1.9400518516770233,1.9372269996765286,1.0046193572166706,1.9232553552384866,1.7813270404079402,1.2869235392151062,1.4998225591899383,0.9117531856442487,0.9271451463530168,1.925235901626681,0.8675397250969131,1.8461841659955587,0.39665196376587186,1.8820003203872935,1.7033310974245082,1.9373171469293922,0.5996135817531529,0.7016351439782281,0.6562470219925831,1.923293673501771,1.8431953603701117,1.9284514065396507,1.6626439509143656,0.6133568574964989,1.8844832860800478,1.9342359365851418,1.5556811500411023,1.3731617374572929,1.9370460715334539,1.852748078247131,1.9500987926948254,1.4788579588002861,1.9092805881845847,1.9379127669897127,1.8622543160554565,1.9374718360089556,1.869330097024878,1.9010393964720051,0.7875602117064512,1.7718916241879377,0.4257857037265081,0.6791801667826941,1.9293466582364585,1.9115577484472364,1.869838815602094,1.8561133236999199,0.5984417723205326,1.7972181292635117,0.9447362805858236,1.703743493241361,0.6824254324671102,0.6565857167579809,1.8355886629142548,1.9412006906405181,1.0023818775618016,1.8614720638890836,0.6114235658410799,0.9047971102153438,1.7712537640749708,1.967171567236576
Burkina Faso,0.6396379323318325,0.12349602017843002,1.3068772885348825,1.943472974815186,1.2801340515858504,0.2745077903947962,1.873836766420775,1.2459604426895736,0.14316134544950793,0.4548748787675955,1.8940073600622456,1.0,0.2494575172578124,0.06804653638385387,1.3216053462323585,0.04798704293911891,0.23875054252324537,1.9913336759783835,0.28335860926845857,0.37591582914463173,1.4529610685539756,1.9737353477608195,1.1546590998241937,0.18620168496961853,0.2561847212787814,1.7768106306142415,0.3237949638723637,1.7870099645209763,0.7515961640931484,1.3351569102019143,1.9507569287308553,0.11143718033177204,1.4902245131643312,0.22496254893702836,0.24503791121519222,1.9033382449767544,0.19454160047256336,0.36665200519901736,1.815074975121396,0.9032561270563546,1.8895796455086586,1.4669121956380275,0.19175450790628945,1.8480692092856759,0.16268491004517222,1.9560745858389115,0.05487082634724987,0.9052108992827032,0.34532981815856156,1.9357009265843934,1.9285866033126249,1.9609677005400765,0.14932159702472497,0.1809948726476695,0.16070452876795682,1.205452375674768,1.9721053045565946,0.4673061536408722,0.2251943998122022,0.8158841449772974,1.0424208601943574,0.2682884142152275,0.18333288795564243,0.8143851218282537,0.8587466517054438,0.8071524108632558,0.22590143081368577,0.22542571336077682,0.27084913825838747,0.10989010202265519,0.04761083034752655,1.8375298150621155,0.9728492545861728,1.9434365880178668,1.9295352649511002,0.20837548061033667,0.121021764262845,0.22101894462575847,0.7427682470806033,1.9482406240858556,0.3299661904545344,1.483991916531737,0.536304099440294,1.6833956435428097,1.8845826795400324,0.18898293048712597,0.5226383104660077,1.8632320878550113,0.12084904863868723,1.7980824819200454,1.5127690838143377,0.40383367327379466,0.42238615265244794
Cambodia,0.4507036196600899,0.36594730662076114,1.441592165738065,1.9297917926682087,1.3315317662275439,0.06445726834775496,1.890052490261638,1.3924904596726428,0.11723622468705729,0.22635451374091994,1.930866039823705,0.2494575172578124,1.0,0.30423400521052374,1.467803616460922,0.29307117460355914,0.39303698562084916,1.9566322038780943,0.08996701226329533,0.1624951203953936,1.5303424257449265,1.973279035884955,1.2316185214099682,0.09258531942734054,0.07322803082511821,1.7366822018208956,0.08492574906443169,1.8432621161316614,0.9542748061790305,1.4863255857344513,1.89421006927812,0.19385188889011612,1.590710730676622,0.08148511992142644,0.05880783964414706,1.8429928811250649,0.11606767824449765,0.6007793983994053,1.7025660361158574,1.0607099319823583,1.8749199428208607,1.6037845154028971,0.07629426694883311,1.848476089325912,0.39595319001878315,1.984584930821014,0.2749643367014514,0.9153897887388994,0.1201313787504071,1.9587535402504723,1.9248636158551258,1.9486262105954302,0.1058310998810985,0.4246414123802338,0.12396079386248043,1.058784034483002,1.9749432892353052,0.48999099889489783,0.039643860042536914,0.9685635525148114,1.1916074157770729,0.08713513095041185,0.415709358797653,0.6131646684637648,1.0241211903225367,0.6154011236133472,0.059104295454816144,0.39528664052682866,0.031449384212374316,0.2673429936653162,0.2402376977326118,1.7860322803209419,0.825670985032447,1.9411258952166666,1.9490397453883328,0.11254931546437899,0.1339950452898643,0.3699925873595987,0.6018596367952461,1.9207406193182932,0.5127123919066672,1.5925252233686558,0.7474441056098899,1.792965637560479,1.8865310706135332,0.42895639100570093,0.33485114263223614,1.839123447042526,0.3657728283613113,1.8704475355343162,1.6430245269481136,0.5744230652747516,0.22247517903066888
Cameroon,0.6764697722069736,0.06571843858830172,1.2628887044908281,1.9454235508507123,1.266524486082124,0.3341993261045732,1.857748863597931,1.2004946072069764,0.2055181884338935,0.5092990742340281,1.877144091374478,0.06804653638385387,0.30423400521052374,1.0,1.2760575966309968,0.05940959221686559,0.18707518779712912,1.9961597244217217,0.3450707635944692,0.4205208676931139,1.435124767593507,1.9683467043526375,1.1382290723638966,0.2437280817501177,0.30884974316452585,1.7702764529040007,0.3771026990947291,1.768083375480907,0.6933010953856581,1.285818269370354,1.9596151691713948,0.142042756657457,1.4612631991396035,0.28777336869169745,0.3068749797081928,1.9160517179991494,0.25917349257032524,0.3048900913073055,1.834687773552891,0.8539947833579874,1.8822127449885881,1.423456301468962,0.2532519774817273,1.8323032824422416,0.10511164763493139,1.9444800850882815,0.07649538962107218,0.878194339544193,0.4055468119136551,1.9214329891630384,1.9274155908159583,1.952081887391224,0.21048674425262043,0.12389582626384171,0.21022247091216123,1.2132765342214469,1.9617084109812666,0.4496964323408226,0.28212656229770916,0.7701261109276369,0.9918412259794517,0.3141980118427252,0.12129164292804027,0.8575704217402486,0.8064693558805627,0.8378418954515937,0.28378159291613314,0.17435649453645718,0.32596319008669067,0.12315815253740596,0.08617364787824565,1.8365574351781364,1.0109030686229337,1.9377028303598425,1.9170469937855543,0.2740656309374628,0.17710803886821694,0.17772128199466947,0.7604269344460702,1.9458608781180566,0.2651614669561956,1.458445262847212,0.505359614795448,1.6517314090850372,1.8682412903044971,0.14148872030707352,0.5580535276415236,1.8536180094263357,0.06850144903654777,1.7700481876304859,1.4714082296843753,0.38380870549449936,0.47492459016845356
Canada,1.6503965806372232,1.2334650719078433,0.30142475904489635,1.5460939213103322,1.2259441890369889,1.4986212717889835,1.2103871509705335,0.3973918976372526,1.4160876481662656,1.6000818501013827,1.0791754836024365,1.3216053462323585,1.467803616460922,1.2760575966309968,1.0,1.2953927539700436,1.2210594813699858,1.603490131560647,1.5081854187011414,1.5300382396735188,1.0131130871184908,1.3631039530634879,0.9358603350684908,1.4436336694626983,1.4796727585396796,1.5666648453314558,1.5153182154010951,0.9490290711336101,0.7514604469763002,0.46149139300063147,1.672539961087528,1.364817781240092,0.6926151069980468,1.4717129263273436,1.478169254227581,1.6878926217412895,1.438550744719589,1.062195098443096,1.85901448365164,0.6659577039744343,1.4712615728482212,0.3862420478014111,1.439407209664578,1.3132041023075778,1.204775604734341,1.239552431866003,1.2998944960894838,1.2000111127366768,1.5264642981293786,1.2945776955839168,1.394999479790397,1.405760633600454,1.4177545139168974,1.194849747454035,1.41813862326525,1.6169646363111603,1.3782106587282295,1.3500166812320111,1.4608097756606908,0.8161001509906911,0.50057261102722,1.4729024686389962,1.2075190175435309,1.7600761161073515,0.6594747366874547,1.6886235502387796,1.4669345990682865,1.2336168450743326,1.4850708389478393,1.2946035466917591,1.33177929326807,1.4647485126286806,1.7094920336491044,1.356959829210605,1.27443996694749,1.4543939308046332,1.3879392230547785,1.2560654760661962,1.5162039985719955,1.4896289043964355,1.1137030012087417,0.6535774894667119,1.0225463809043713,0.6630538615338102,1.2722163313503358,1.188948507539888,1.58055772893763,1.4908364501545697,1.2369766102626296,0.8778347668612332,0.44159320594844526,1.106574006775898,1.5839312966584125
Chad,0.6840633245534787,0.08984133118930335,1.281804880422564,1.9424107846248928,1.2715846172936167,0.3169054898467427,1.8724717896749161,1.2187436242038716,0.18507922487442124,0.49837764145916724,1.883416462594456,0.04798704293911891,0.29307117460355914,0.05940959221686559,1.2953927539700436,1.0,0.24455538322824838,1.9935341153254134,0.32414682088173563,0.4225871457509213,1.4352832772251685,1.9695414788303136,1.133361129488975,0.23104315872427136,0.3021710136480133,1.7906934931178475,0.3686098668789703,1.771037159461774,0.7202933864794565,1.3116343018778045,1.9577697302850852,0.15658801717376425,1.4675666639393006,0.2655061957957489,0.2853436853069024,1.9103394913866638,0.22743730280775729,0.33217707554402737,1.8338126978560831,0.8797088766825338,1.8949351277281883,1.4421767742522098,0.23136849600216564,1.8521729215714606,0.12973560396947037,1.9475568170030237,0.04231390411849761,0.9206823676096287,0.38350897789915234,1.9311866004882012,1.9253086809977527,1.9631838512564193,0.19202635240531496,0.1437724813469427,0.2077039252356162,1.2389048605118693,1.971367738017094,0.4946186299669176,0.26903459626681403,0.7933911991003337,1.0185948026982876,0.3154496059691496,0.1604796600263518,0.8562214108430648,0.8313203473760707,0.8505297887331009,0.2701696423963469,0.23030220501706064,0.3151040340324152,0.10952000444671092,0.08082551651602407,1.8435639085370492,0.9951313005335042,1.9397839057830493,1.9258137078397495,0.24281403071027544,0.16280795558322608,0.2334109289318683,0.7774898631103151,1.9495935783049387,0.3180056331531483,1.4587027843816969,0.4924438109086228,1.661318032086921,1.885311419476499,0.1458589889150016,0.5681202761751528,1.8721892067325705,0.08382691700643569,1.785670951293655,1.4891753938525096,0.3713994786997251,0.46608389823020446
Chile,0.6746361875841224,0.19544411802719122,1.2055535588815538,1.9450583955365341,1.2428912397641616,0.43171363205733254,1.801663794273557,1.145189309455207,0.329707106503945,0.57423402479864,1.852234011868052,0.23875054252324537,0.39303698562084916,0.18707518779712912,1.2210594813699858,0.24455538322824838,1.0,1.9938586365922202,0.4494228911114556,0.4584807902597495,1.4347558852598876,1.9584645276986181,1.172645186310947,0.3485106921794479,0.3859496703404045,1.6983498623044084,0.4485521241729055,1.7584123014134034,0.6263481217586478,1.2103531578802755,1.957747225959894,0.2249468737714248,1.4512703727709735,0.4018816405433136,0.41714301441760815,1.9312214118584798,0.39566300184724906,0.2911621629072025,1.8305544221173116,0.7740061191600177,1.837974637124228,1.364291640505555,0.37296997002679166,1.7669072041295404,0.19065923139219848,1.9277151782510336,0.24912020217166694,0.7484879499398454,0.508085540834936,1.8820958403987205,1.9306054341923735,1.9081217789407086,0.3317105758281826,0.21496047424125697,0.2996074426952047,1.1330776521911998,1.9221850549084516,0.33170541628631567,0.3766803847829203,0.7015121198517523,0.9139408729852625,0.37209878492406157,0.1660725757802243,0.8754018325573414,0.7433695689092364,0.8180015416850072,0.3823222611112438,0.07321147711382295,0.41016629550976397,0.266893601239273,0.22666376817481668,1.812077504799739,1.0786529149759683,1.9277920304906047,1.8765371296096212,0.41070533763296896,0.2980164902669691,0.07928411506491262,0.7285516994456904,1.9263067869271655,0.14887024356858608,1.4610205353149743,0.5930871740136688,1.6158922149937422,1.8083725635952943,0.25087069442910875,0.5662411409712218,1.7869025391194904,0.20674600415224398,1.7136126217753846,1.4140911597656758,0.4768061429848728,0.5373285305138492
China,1.8510294617026386,1.9984196271975194,1.6122438271982784,0.47188494428430966,1.5695283729659004,1.9498888042707587,0.8098536896078119,1.6589425494573655,1.974488365041625,1.9034675822566531,0.767582933663969,1.9913336759783835,1.9566322038780943,1.9961597244217217,1.603490131560647,1.9935341153254134,1.9938586365922202,1.0,1.9472853284643794,1.9314950001166296,1.4278200648538633,0.40903462535512536,1.6550468048471147,1.967903039571256,1.9562726087384164,0.9415424024082825,1.9405903999940546,0.9936920398920405,1.9120644477019066,1.5984090068132857,0.3172739461212085,1.98512291225681,1.4130880602648213,1.959626568568669,1.9556128140272286,0.480530329889194,1.965127760844128,1.9897876035312045,0.7049071975996384,1.8529514233574673,0.7008642263350771,1.4815660725915287,1.9660399306658658,0.845958946522986,1.9991238361416075,0.5591162761988278,1.9924032070090556,1.8070004628767087,1.9320762638355793,0.6437802876749386,0.5383323355205392,0.4960026936905352,1.9734471129046298,1.9983860074136985,1.9746544784513884,1.562479196096438,0.4778850660403836,1.9466123958705839,1.9613551850815414,1.8812143957168672,1.7843568046649105,1.955758599794103,1.9986697366327124,1.7636555791258663,1.8663986276463027,1.778190105130458,1.9603988848660439,1.994135273456614,1.9521167543748965,1.9886740907082419,1.9911698046798751,0.7779839874699737,1.6752554453724628,0.52604547238015,0.6604944174473281,1.9615867035883463,1.9790026188016647,1.9919733988357522,1.8231342293868456,0.4779292926871219,1.9909244283517618,1.4182618205578108,1.9448486463241372,1.2161569187525167,0.7692123522759191,1.9968644822699364,1.8915905657100405,0.7816909457095728,1.9981178008766292,1.0240598064571675,1.4329559878943865,1.963884486635761,1.9149474860000792
Colombia,0.43189396282386505,0.4045123661362842,1.4859517376928477,1.9181428379045005,1.3391115540332013,0.027413517096882372,1.899358962562466,1.4351013538260187,0.14292149851529504,0.18742100641187245,1.9481969286001066,0.28335860926845857,0.08996701226329533,0.3450707635944692,1.5081854187011414,0.32414682088173563,0.4494228911114556,1.9472853284643794,1.0,0.17187505185157703,1.5461382795834284,1.977365676707803,1.269053042233412,0.10921434331440873,0.08510250457443007,1.7366162570902626,0.091603571995144,1.8657776351732354,0.9954602126388097,1.522392584129652,1.8830173386957074,0.23412046441887488,1.6246721275386058,0.05948521375670795,0.0537783293469809,1.8279481853263233,0.128647008953889,0.6383245719496117,1.685620743569388,1.1066805318793518,1.8738141276046687,1.6386543044725872,0.11076667589900652,1.859610551082879,0.43895010027580234,1.9889157746906598,0.31263401350889364,0.9574824756150351,0.10552049192640142,1.9640093933437905,1.9204682103413826,1.9542697260718838,0.13857367120094172,0.46076477258505544,0.155098217567436,1.088746960681662,1.9780706570052267,0.5211395353202349,0.08210144586367749,1.0129452035480446,1.2425173033748915,0.1254129883580993,0.452362986630937,0.5772875613250412,1.0778655272691715,0.6116052457553703,0.07202406195697053,0.44134202782520227,0.07271772319322664,0.31993561290163636,0.2729634804487115,1.8042152345110831,0.8212872857684216,1.9479863448452417,1.9504080441905323,0.10642011543394689,0.18286293698344822,0.4178439567308529,0.6278093502887475,1.927709546316322,0.5716526345930706,1.6157957890996606,0.7704331627050829,1.8127117640255854,1.903645257952661,0.4660960922675939,0.3361033040435743,1.8425624840675678,0.4019244435121377,1.8879654088096331,1.6748062009646725,0.6083279988458724,0.17389552973193292
Costa Rica,0.29343569549170945,0.4840827169462569,1.5064531198822704,1.9125623007213803,1.356521459117321,0.15665914484805515,1.8634809389423124,1.4628248203550769,0.25562040683096504,0.13333583427312848,1.946475384451759,0.37591582914463173,0.1624951203953936,0.4205208676931139,1.5300382396735188,0.4225871457509213,0.4584807902597495,1.9314950001166296,0.17187505185157703,1.0,1.5802571616873342,1.968872105517562,1.323676647627061,0.20490596415169127,0.13044465157733912,1.655140154871135,0.09211408997977855,1.8831532416386336,1.0341992960206279,1.5301884899020626,1.8551351453213825,0.2853944337931151,1.6554921798919382,0.20463190494821004,0.19471664921402393,1.8085712281690467,0.2717178524040837,0.6987560949883933,1.6291236849810655,1.1265736284275827,1.8251372898821758,1.655853980614585,0.23287677015217825,1.8015733932791733,0.5143444385100248,1.9876853149524425,0.41149321622200413,0.8668042377897675,0.1935766999226143,1.9429373644912913,1.9179062898516708,1.9140355923342374,0.24707865395741727,0.539278253686133,0.22021538389482884,0.948276894972247,1.9473402245048972,0.43834357988210426,0.17680523382583796,1.038891929052948,1.257107950485005,0.10976635177218651,0.513365941479778,0.47303555054922863,1.1079910856416668,0.4640536393649175,0.17312580484227333,0.45737941959188266,0.13743610283577412,0.41060682110511315,0.3586371732749954,1.762324910292082,0.8135073777854448,1.9371726760996286,1.929597030851215,0.25751598519693264,0.2768136410148395,0.42531166585288877,0.5220160536901022,1.9022341955783553,0.5879334233111314,1.6631488087631183,0.8781945517137746,1.8348984840216909,1.8583797672874889,0.5549409112963216,0.1857554264692279,1.7749327774958914,0.4856135775544956,1.8776481632881117,1.6905019810004376,0.7067234846825696,0.12534384651522004
Croatia,1.66174622469498,1.4104630761324009,1.063232235510334,1.5239025706085225,1.4438635407480804,1.543840605897727,1.3999748447395115,1.0715868608848182,1.4996166410694205,1.6042531946682177,1.1518552944230391,1.4529610685539756,1.5303424257449265,1.435124767593507,1.0131130871184908,1.4352832772251685,1.4347558852598876,1.4278200648538633,1.5461382795834284,1.5802571616873342,1.0,1.2815976015842512,1.2344405570717192,1.5204514783694592,1.543825165073727,1.5820425435347925,1.559586683589603,1.069566218710038,1.2444353855279615,1.047537131999805,1.5462600171411698,1.4892192316212511,1.0669227450644747,1.5268039438202237,1.528682511301964,1.458641776134669,1.499908058857865,1.335392953626201,1.6607106341889772,1.274428389041117,1.507374012003444,1.0578075949887287,1.5080492436003965,1.4680496527388782,1.39560807668337,1.2142023101029125,1.4355541466468518,1.574152694979551,1.5479567090494064,1.2546175468820049,1.3687882944494738,1.4200438522165821,1.5013095749940493,1.3910797042867356,1.5123694797524014,1.6546246695920266,1.3599621213627333,1.534002078723717,1.526497883606112,1.3487911242610744,1.1963405152592654,1.5462450766572902,1.4089430837314842,1.7074708695655643,1.2268174474714804,1.689898631239429,1.5309730745507362,1.4412789409895326,1.540601234242116,1.4310341589574362,1.4610291143067116,1.4049625540125206,1.6344909133320304,1.25201571370144,1.3853082538615222,1.5095843797357078,1.4862260170362955,1.4540985838646043,1.5875526054696536,1.4179182546227285,1.3822134170808962,1.1884183421459489,1.2510448679479105,1.0845672134721203,1.4382453920210738,1.3791113751832562,1.6220268177545265,1.5104966871499057,1.4104120675651344,1.2222300323050508,1.083050964077768,1.3475520041998803,1.6016936288516836
Czech Republic,1.933687186032141,1.9612976961915694,1.3916323690580386,0.6055402549125128,1.5890793836817596,1.976989749319534,0.7554661759291821,1.4578805452101748,1.9803345133760921,1.9605920910987282,0.4257122900986616,1.9737353477608195,1.973279035884955,1.9683467043526375,1.3631039530634879,1.9695414788303136,1.9584645276986181,0.40903462535512536,1.977365676707803,1.968872105517562,1.2815976015842512,1.0,1.4658878575196208,1.9808116878316702,1.9796745621381089,1.0649997546669623,1.9716002936947084,0.6483613139516944,1.7938154484749207,1.394590171549273,0.5833826404341756,1.9804257276622552,1.1146531718254287,1.9799626252701379,1.9759619605780352,0.6776271970058154,1.9735366435985835,1.9195274367920185,0.994012413734885,1.7114940066714222,0.730247946305173,1.2378036104662642,1.9751163102716771,0.784981587050879,1.956308643670123,0.29372658689320646,1.9688182683285917,1.7887643811383962,1.9614028988606327,0.5337812194883147,0.48715506562598804,0.5021552720140076,1.9786109343623526,1.952352108472752,1.983044444481407,1.6307791229521738,0.441164859314831,1.9507711769303473,1.978452314321964,1.765474747180916,1.611771353034691,1.9765217304678206,1.9580439029591883,1.8845077823713865,1.7171948976752103,1.8669602346628094,1.9787550961547355,1.96192182388331,1.974398788935255,1.958838529794582,1.979397352906411,0.6642603586885762,1.71446523679053,0.23498303229031248,0.6290735230919152,1.9736710186047,1.9763483710904335,1.9641780721167144,1.8710036853186436,0.4180619155929093,1.9275587928450784,1.1846920533629046,1.8455823265218976,0.9715105252330166,0.6764052868467646,1.9475037438434653,1.9414180014371707,0.8649477364496672,1.9619396550337171,0.8267604446791839,1.201123257581044,1.895103977747516,1.9705597317314216
