Country Name,Albania,Angola,Australia,Austria,Azerbaijan,Bangladesh,Belarus,Belgium,Bolivia,Brazil,Bulgaria,Burkina Faso,Cambodia,Cameroon,Canada,Chad,Chile,China,Colombia,Costa Rica,Croatia,Czech Republic,Denmark,Dominican Republic,Ecuador,"Egypt, Arab Rep.",El Salvador,Estonia,Finland,France,Germany,Ghana,Greece,Guatemala,Honduras,Hungary,India,Indonesia,"Iran, Islamic Rep.",Ireland,Israel,Italy,Jamaica,Japan,Jordan,Kazakhstan,Kenya,"Korea, Rep.",Kuwait,Kyrgyz Republic,Latvia,Lithuania,Madagascar,Mali,Mexico,Moldova,Mongolia,Morocco,Nepal,Netherlands,New Zealand,Nicaragua,Nigeria,North Macedonia,Norway,Oman,Pakistan,Panama,Paraguay,Peru,Philippines,Poland,Portugal,Romania,Russian Federation,Rwanda,Saudi Arabia,Senegal,Singapore,Slovak Republic,South Africa,Spain,Sri Lanka,Sweden,Switzerland,Tanzania,Thailand,Tunisia,Uganda,Ukraine,United Kingdom,United States,Uruguay
Albania,1.0,0.009833743748322667,0.018342877825388796,0.01807557073614284,0.01511043689864187,0.01589643710367495,0.03205138231243718,0.01717815898180773,0.014356947644747478,0.004937694860428817,0.029226538879581827,0.009945690808581686,0.014000171634290773,0.009316401957934373,0.017656220131826213,0.01109501002936824,0.009783859819086891,0.01650862490580047,0.011146666604216746,0.005122127737825865,0.01579598335186675,0.034800752455239406,0.015432925153788024,0.006347340780586568,0.00624876758019917,0.019070532615939127,0.011319887521089788,0.02612938366745355,0.019522378671201192,0.01687367897780015,0.021201919710749542,0.007783708355163129,0.020295026224405585,0.01872835012265259,0.02311006893165688,0.022224753605710745,0.016134692871898733,0.011288262839698082,0.01867822254446579,0.014270674893139441,0.01764372261809305,0.019511561816827987,0.00866394774373498,0.020049801250763593,0.01838815599786312,0.03564927638007977,0.01717498629616792,0.015487909692406501,0.009362671294495242,0.03248633025139087,0.030943435219305874,0.03244750524023649,0.010250513899852456,0.009781682492380084,0.007428247072445621,0.012544724939592262,0.03700202643515445,0.009507279100136917,0.03159070587047949,0.012668826524236709,0.018329690913239324,0.006193172334226572,0.009266541261383125,0.006481976551041272,0.0166693305224158,0.0039011490524627863,0.01111642387358479,0.010172497154944431,0.0115266238379229,0.01059887992317306,0.015137149337269345,0.021305355550168176,0.011864158706909501,0.030674937004023944,0.034519286850461614,0.012257514376189006,0.022348958343268315,0.00849083757682567,0.006860415640296863,0.02718207847530328,0.010809532747216003,0.01790172509755146,0.013181981802497198,0.02298136393494668,0.01982713590637482,0.009832108455817695,0.010183083149348899,0.02002780818765428,0.0150512184334308,0.031279221877667227,0.02050833037474304,0.011578569769380362,0.007598619942090549
Angola,0.009833743748322667,1.0,0.012983525631400598,0.018174073988919986,0.011081221427355825,0.01666379229025107,0.030530780460436446,0.011613662867350494,0.013237696933795652,0.008732205281973804,0.025685341548959892,0.0035884873210838566,0.01358493909662533,0.0007264865715973703,0.012828738271673246,0.004540634694307339,0.002274953925754876,0.01574356328243718,0.011935690916171353,0.006646382500253787,0.01192831386255153,0.03227684075190809,0.010198583973015478,0.003704859956958123,0.0047774260693500235,0.0201300986635356,0.012318743426644576,0.021399216790009314,0.010425028102770158,0.012340415950815524,0.023805485029920363,0.002170878519827878,0.015257980790031642,0.019080147422451888,0.023436403785752277,0.02524888856678028,0.015227761661069504,0.006422145697861506,0.02259995051607304,0.008847039092862417,0.016925207671133077,0.014960877653246302,0.005607811495478273,0.01875706257790809,0.013103217865894816,0.03280134059874439,0.013619265100536054,0.013308167416469487,0.009544555351230078,0.03218403201165027,0.0306676938053412,0.032359096202669545,0.007907091641693991,0.0012764897630762294,0.003663154960840944,0.01223676761343633,0.037359957691731074,0.007415933346409116,0.0320830330857887,0.008640607664709053,0.011758009765236752,0.004632602451558715,0.004220819472933623,0.0101561592068681,0.009028620079171643,0.011425213981818947,0.011024415735243818,0.006382478120090696,0.011616297215075724,0.0031831698100793725,0.011955102351070964,0.019153198306021774,0.01103607641376087,0.028976594529732235,0.03384840883853761,0.011254700059351561,0.02073564018586361,0.0038193189665283707,0.008340031432520122,0.026301569031601565,0.0061992133576799415,0.012701740355343166,0.009495907282029408,0.01821762037366064,0.018152962019589984,0.0014911276051004765,0.008959712251925598,0.020449942713226716,0.00916227221719617,0.028135860460450836,0.015691883964883475,0.0037400955509222637,0.006796185918887723
Australia,0.018342877825388796,0.012983525631400598,1.0,0.012082299480312898,0.008988525898396486,0.02963263878977373,0.02186208818163942,0.002081480210678296,0.026066044169493558,0.020229675864467632,0.015002373198321968,0.016508303315034577,0.02653862530877174,0.013663207002810224,0.002765137391285281,0.017216100228418626,0.012273149993525873,0.010834769542885926,0.024919205227692573,0.0187834881551558,0.007622564569673414,0.02493167593673528,0.007538116529394235,0.014219087096863448,0.016893366475436336,0.014204452314591621,0.025256956658942023,0.011121080820032584,0.010039741720492285,0.005075255006591153,0.017590532304328645,0.014718260559720243,0.006379317762473652,0.03196877979484716,0.036252594005698295,0.019208295008724674,0.027886902058459104,0.008045930247164882,0.019400766063474316,0.005785700728667411,0.011356503925087498,0.003633200672346837,0.018570742412536204,0.011571142382574118,0.023460020784650704,0.023033942148300526,0.02535716671875622,0.013534381000913758,0.02240427961165259,0.02213836398446678,0.023869591077827986,0.023524725398397762,0.020861830903770234,0.01173214542134239,0.016481566214213948,0.01135841700194446,0.027969695920000794,0.009581949929117749,0.044873578470946675,0.006102920156344274,0.004989267001023061,0.016760228429128894,0.00981375116206327,0.014914892605263862,0.006824639952705447,0.016422023010326883,0.024005912913637913,0.009037393375045544,0.0245977836578797,0.015601974597389373,0.024568471361588913,0.013894998648545324,0.016765320830172376,0.020982796688043308,0.024689613231995484,0.024100459741544056,0.03307982003671064,0.010524783682243855,0.013674084232802886,0.0182537127443921,0.008154611779220656,0.005452593817363737,0.008824478230460649,0.006561555112712551,0.010314792787916699,0.011496533546091118,0.011215425663934108,0.01326393235612297,0.02073301520401148,0.01609448132236957,0.004239642149651221,0.012474718464920324,0.012562964388726769
Austria,0.01807557073614284,0.018174073988919986,0.012082299480312898,1.0,0.010079689199541877,0.03242128404404498,0.016670784795924796,0.011825030807388042,0.03021128864078444,0.02150868418174785,0.011522643446696595,0.02124360636725445,0.030128553160648625,0.018442682036358432,0.010022280260697954,0.022416182752079458,0.01749544070427506,0.0030404099895992537,0.027561821895838237,0.020480395233471456,0.0075419630227833824,0.017197512979631957,0.010966822182701091,0.017183103074131848,0.019499823084417865,0.0065128252066387815,0.027685434854352098,0.012117065869876747,0.021331562797346167,0.008692888220456713,0.006583233403141471,0.01837006378577429,0.010655789440213498,0.03521910699266249,0.03968114662542396,0.008350235849065985,0.032257380557250394,0.012114020138427488,0.008429789624126648,0.014967655608246267,0.003567774497213068,0.010649853945477928,0.02234774751663227,0.005335632574428624,0.03127542849109059,0.01765710147131643,0.03160156396089251,0.016891807316610413,0.025521489972604446,0.015582590393545136,0.015672081900285982,0.014985109459629248,0.024848525109203597,0.01701528858422091,0.019726275115334455,0.007655156423169563,0.01983997673202702,0.011103335817648927,0.04823928048845874,0.011883790197728531,0.01594392100929292,0.019409585523197298,0.014021931070403115,0.011689690740815365,0.017322107257751754,0.014447310885152477,0.027218505146161028,0.011907506282906056,0.02768100475141811,0.021193016605098668,0.02968624315358332,0.008699912450536522,0.01256057261993408,0.014159475349049723,0.017195129607780753,0.0280255295003025,0.03821441572493347,0.014494654382102765,0.016071678155265362,0.011145259549314506,0.012428604211756561,0.008988909034953857,0.008684490502928858,0.011312471456486665,0.0047787132434168765,0.016930114890402043,0.009648217655006557,0.00569709741630634,0.027304664459708573,0.017978850701982938,0.011312585871872624,0.01903946032000161,0.012431268808877597
Azerbaijan,0.01511043689864187,0.011081221427355825,0.008988525898396486,0.010079689199541877,1.0,0.025207987038081303,0.02136507847595818,0.007623847154148622,0.023110513871957873,0.015413627420142673,0.01830632400169836,0.014189303390683769,0.02299946966194617,0.01141910346416261,0.007888268476144697,0.015364186874430343,0.010561508451376026,0.009163792278830612,0.02040082168415027,0.014337201586798897,0.007928795873382298,0.025798587554863868,0.009732896741662582,0.010954448239758446,0.012732574892493305,0.01178647759994969,0.02062849216273391,0.016747965121409226,0.012817996254144275,0.006544686483333935,0.01541145077616253,0.01145219454480347,0.012590429063602917,0.028020317778868587,0.03246493014997895,0.017214523393900703,0.025137258635687627,0.007432590990547175,0.01682818559532973,0.010253245010237711,0.00979375476368688,0.008644098906194695,0.015260698562339433,0.010776222726724832,0.023992517301808444,0.024401538104170666,0.024549581676179048,0.012736682930027832,0.018365912047339103,0.02263233541107864,0.023246420293934297,0.022436134764774112,0.01776329754528292,0.010172372583828516,0.01268638430053528,0.01068047275175971,0.02724707172337985,0.008353462361041791,0.04099469849361055,0.008094006511421144,0.010350311175286835,0.012722431796067324,0.008425458962665866,0.01188621603839808,0.01045234478227762,0.014371564961516837,0.020082054476264065,0.008087587898521546,0.020540635421126295,0.01413438685405982,0.022630172852660523,0.01555860610593624,0.01426608024372279,0.023444863056500592,0.02432052467629084,0.020898811872634527,0.031127946334129936,0.00899100155614908,0.011619863454060481,0.019958781294901067,0.008040527112349774,0.008345141190738814,0.007596475931380397,0.01061769870184343,0.009394337906900405,0.010190832371056197,0.00921289913510089,0.011326125735837798,0.020167393144966878,0.02029199211265623,0.009146440583691854,0.01206841418892149,0.00990839297709089
Bangladesh,0.01589643710367495,0.01666379229025107,0.02963263878977373,0.03242128404404498,0.025207987038081303,1.0,0.0461890402511884,0.028276808505681796,0.003982807022782683,0.011229890490566533,0.042147395298830256,0.013124882379003076,0.0030965872798630165,0.016004662615778112,0.029488072275974914,0.01248532981854745,0.01763890743241462,0.030162496898553184,0.00488643399233555,0.012024801994356236,0.02745912201219347,0.04833609925849411,0.025804271928347618,0.015868948126680674,0.013286654439323151,0.03441992424902816,0.004785732424070495,0.038061582267979996,0.022008421492112462,0.028703016305562896,0.03660645191857928,0.015169029511828639,0.0315219446605862,0.0028341704038040345,0.007260173334364071,0.036256489396817373,0.002986330635081987,0.022560664776455127,0.03441134972633608,0.025477999969811777,0.031830099089902204,0.03154366147253545,0.01109212895236641,0.03397090574074671,0.01129525945406726,0.049190241589503754,0.007851764828706607,0.02280707417164854,0.007290320423986815,0.04740135031305927,0.042744931681526446,0.047353829468054325,0.008771003715864948,0.017926436473504427,0.013437832771561862,0.02669318147865147,0.05224078465699761,0.022462190974599054,0.015832215380214287,0.024993476556644637,0.02729364255459522,0.013448589895149039,0.020220280013085748,0.021502479598693176,0.024137059347641522,0.019417870485064267,0.0056549631421659845,0.02201318700147905,0.005118909444607684,0.014076118161447639,0.007027931658518611,0.03507246527472016,0.020668771983610938,0.04466414780583012,0.049199390999866865,0.005732244045270686,0.007068949229782002,0.019651288080951772,0.017396559821990207,0.04192130463158478,0.022394208922416683,0.029291331314579973,0.02501792699173604,0.03482925050034125,0.03361590305471891,0.01814444043788289,0.02312342902948608,0.03503952002867634,0.010272192310208357,0.04456818389317225,0.032322715252129874,0.018094054388818538,0.02013865857187843
Belarus,0.03205138231243718,0.030530780460436446,0.02186208818163942,0.016670784795924796,0.02136507847595818,0.0461890402511884,1.0,0.022308121786764012,0.04333310322335885,0.035497173344654465,0.014808221551561264,0.033904634847512966,0.04344167613576488,0.030931842075114336,0.020710569910060032,0.034984291066023646,0.029481936991027715,0.018751630374997545,0.041311128625183484,0.0342450186878491,0.020833374640269173,0.014700087237328121,0.02357393027645869,0.030366701171393812,0.032905509653265476,0.015433875611577745,0.04141631560708863,0.019048306390553306,0.03155335885554565,0.01940849587220751,0.01705007614262077,0.031227140876703627,0.022220362288666244,0.04886110279985629,0.05332283215168562,0.019326272855996203,0.0454242660482822,0.024156015390485477,0.021173222159902222,0.025726837126463852,0.0167655577005837,0.019572717507315644,0.03543023021303795,0.014355370647481769,0.04347285257947453,0.01293838901226806,0.04412180073594203,0.025621197402694605,0.03900615072516705,0.010917453807224434,0.014470955639550365,0.00733713907283595,0.037898264147188,0.02931157579958304,0.03283932624325727,0.020711140513528938,0.009061103905336137,0.023737820162961092,0.06195873886053282,0.023539430533440167,0.026085254763275407,0.032748007960346055,0.026349413710246773,0.026277204334598223,0.028462495653233368,0.02821923802677253,0.04065044699131872,0.024303442563238888,0.04114158619450868,0.03368678319371481,0.04235531160368467,0.01801469819148023,0.028012540277471326,0.014982211223452618,0.0055606579280637145,0.04128824081805183,0.05111532939220643,0.026778114029885704,0.02959551963028763,0.015352800834649275,0.02444049101175818,0.02050195006153522,0.021949371402495206,0.01657273837131705,0.01464506083066567,0.02925119166662951,0.02356942660751833,0.014539363917453819,0.0396803120757358,0.01045910533883862,0.01885655561815636,0.03161096196697928,0.026300952589937976
Belgium,0.01717815898180773,0.011613662867350494,0.002081480210678296,0.011825030807388042,0.007623847154148622,0.028276808505681796,0.022308121786764012,1.0,0.024799407944615763,0.018820010358887952,0.015402600845069113,0.01517655757585152,0.025197063771905934,0.012275272575285505,0.0028630546936681545,0.0159633693409107,0.0108489062188139,0.010379185296388904,0.023533012200083366,0.01737949207406215,0.0064437362645614095,0.025128354152082154,0.006290845922247074,0.012814524028309904,0.015466736984834169,0.01426794103622127,0.023837493485812437,0.012155640214550774,0.009715882224301113,0.004352584830853875,0.017794751668522204,0.013291773257754684,0.006983609334873492,0.030677372163620074,0.035005488800608726,0.019405531699872546,0.026702428674890286,0.0067964231129640775,0.019382685253772253,0.005217378435298069,0.01106014417483115,0.003646709020710166,0.01719029078774809,0.011604918641510366,0.02265857019789863,0.023382162333148604,0.02439851322422229,0.013243072440385018,0.02101587113354064,0.022501079636287804,0.024057472393034296,0.023979292250423105,0.0195183367564067,0.010350557878040649,0.015056301603732492,0.011232777577456004,0.02850773590882783,0.008597743829981495,0.04364413383835448,0.004791446162858803,0.0052312468936924345,0.015335890636165935,0.008454672773832226,0.013974770265916198,0.006154427055392904,0.01566465018597315,0.02263216829356084,0.007849383338280787,0.023206458221242246,0.014368554322967554,0.023370557602380722,0.013837884551038258,0.015585814658377354,0.021454413347138816,0.025169798145087068,0.022825637692321356,0.03200669189968188,0.009130405854478479,0.012621943163188777,0.018575655161175895,0.006953509276361855,0.005101803825981508,0.007723295530043543,0.006960848442846717,0.01041711406656455,0.010137476123593506,0.010239386972825058,0.013335719781115968,0.019717489859764053,0.016836281423535843,0.0042321537654683005,0.011676494979108352,0.011396059004386182
Bolivia,0.014356947644747478,0.013237696933795652,0.026066044169493558,0.03021128864078444,0.023110513871957873,0.003982807022782683,0.04333310322335885,0.024799407944615763,1.0,0.009949273877359572,0.03891555463125302,0.009649283357914477,0.002527120413429346,0.012632936190424904,0.026007014485089255,0.008850961001093338,0.014402323886154481,0.02765942875496627,0.00381488701522265,0.009863354305793244,0.024446908322106255,0.04523294935239584,0.022395878683496965,0.013059585545027364,0.010715091946905068,0.03219810085595878,0.004592245751225602,0.034544654073522627,0.018206197697437483,0.025525526238491025,0.034710869602276415,0.012106383208267303,0.028110050630294155,0.005907107522366914,0.010206568478555318,0.03536793662794184,0.002433692884516528,0.0194024994761563,0.03299466236380191,0.02205908458986195,0.029305943432219532,0.028196736448378428,0.007908293600622215,0.03125592424477704,0.0076219489364815285,0.04601527356431828,0.00440404600602538,0.01992506446416582,0.005973145798797217,0.04485579316757963,0.040996262523268046,0.04478772002866899,0.005435082729563212,0.014513024237242197,0.010544105113432805,0.024122378771365978,0.04983020486111698,0.019776854208282173,0.01884898873720797,0.021836298021900628,0.023739065774902826,0.01080226981410085,0.017063616526779887,0.019748780151821133,0.0205347262246535,0.017782870726147842,0.0033285494465117495,0.01903736736676801,0.003529692338325509,0.01046470708332044,0.003192747862272152,0.03202202423928466,0.01881273707971655,0.04159081683948933,0.046543772953467795,0.002983761394135668,0.008047253491537933,0.016591385114723925,0.015977108150940802,0.03917319394074051,0.019240685206162563,0.02585145994989493,0.022014684555165254,0.03145165513370434,0.0308640556787374,0.01468625775411554,0.02057938428687118,0.03268129653180726,0.006296161404950308,0.04136475530853012,0.028916419883657035,0.014341570206810282,0.017796156318131022
Brazil,0.004937694860428817,0.008732205281973804,0.020229675864467632,0.02150868418174785,0.015413627420142673,0.011229890490566533,0.035497173344654465,0.018820010358887952,0.009949273877359572,1.0,0.03192689168403187,0.007338055469716505,0.009422433983620908,0.008063426673574618,0.01977266296271118,0.008179634684981084,0.00949202183249005,0.019373992487535817,0.006485397608146527,0.0024443182734013814,0.01740099265033293,0.03792153998103616,0.016419595354893998,0.006136407748968077,0.003959098138594368,0.023293915472812322,0.006687578138005341,0.028363475114788973,0.0190433342935163,0.018810481079113893,0.025389401724566024,0.006621755823319106,0.02194161588582122,0.014060279834213749,0.018465341776844297,0.025465515636535294,0.011528011484272006,0.012763363981545884,0.0232216696201134,0.01591521554089741,0.02102965033561346,0.021653950071702073,0.004835809673129502,0.0232784625773294,0.014723502851833119,0.03878646026782169,0.01288305943013936,0.017490450014487166,0.004600923470567424,0.03642750264468348,0.0330765779267613,0.036397455572287775,0.006035748081085131,0.009415525409912598,0.005305019752124507,0.015861506079276798,0.041175119914133425,0.011854739873251613,0.02698348004070704,0.014772882971386141,0.01952103198418833,0.00416827558259644,0.010527232848607754,0.010286825776616935,0.017272232930526002,0.00829767462798047,0.006635315060035976,0.011900236412506614,0.006987087176252831,0.007789444767690252,0.011146785594240002,0.024532899697390177,0.0118020029032685,0.03410073473992869,0.03833338714416188,0.007434394107279543,0.017818742601902807,0.009761137829365024,0.008015505799995203,0.03104330193226775,0.012491334248611964,0.019700124223916458,0.014959964535469703,0.025077631560046557,0.02292314815669625,0.009377138978222687,0.012488439327983296,0.023990692065589063,0.011610381897411927,0.03420945440901255,0.02257622400394242,0.010736993730496936,0.009434786915402097
Bulgaria,0.029226538879581827,0.025685341548959892,0.015002373198321968,0.011522643446696595,0.01830632400169836,0.042147395298830256,0.014808221551561264,0.015402600845069113,0.03891555463125302,0.03192689168403187,1.0,0.02927175624279492,0.03918012972060747,0.026282729470386804,0.013979443268494705,0.03016917496230908,0.024537103528953146,0.012761893597372726,0.03731536406334858,0.03051872833050568,0.015088115133534813,0.011078525228983347,0.016736143230089737,0.02630072631895245,0.028941170738399656,0.013981355748791446,0.03747277520923352,0.00626862369696863,0.024365779191292417,0.014110638457346562,0.012710412218959738,0.02697945512782213,0.01237019534342568,0.04469380775325224,0.04909346550381009,0.01413855543795557,0.04090885926668144,0.019590495615440743,0.015705454096249995,0.01835898803962125,0.011842847447898795,0.013010646222539331,0.031121262319709,0.010864214799538623,0.03709982362878805,0.010042923219026627,0.03879575509931492,0.022860373871108383,0.03486819249006062,0.01015116908103293,0.010949219400347194,0.01222239409265615,0.03352988804994243,0.024408998735325156,0.028713567791144874,0.016792683568549037,0.015276839605413631,0.02009753636560661,0.05774349126914364,0.017230291610731408,0.019005197643301955,0.028772371588618485,0.021933525019549326,0.02277825953987262,0.020167057627416673,0.025462936997428832,0.03650843074497987,0.020169406922578598,0.03702985373028703,0.02862557920922164,0.03760050087380096,0.009915782063111861,0.022139390515487956,0.007639267815815118,0.013966950187392713,0.03692516095013261,0.04631891438836872,0.022500977187735992,0.02542083846237172,0.009212804697184286,0.019754169619336265,0.013825173628294125,0.017148612917318028,0.010042012222978888,0.009859122278615188,0.024254673981533796,0.01945440733563583,0.012276221644843424,0.03410263121389873,0.01002413168306203,0.012925778425396495,0.02611908174688308,0.022493969283214732
Burkina Faso,0.009945690808581686,0.0035884873210838566,0.016508303315034577,0.02124360636725445,0.014189303390683769,0.013124882379003076,0.033904634847512966,0.01517655757585152,0.009649283357914477,0.007338055469716505,0.02927175624279492,1.0,0.010030437995389578,0.0030046017527204346,0.016393503040115425,0.001275987838798265,0.004801219848674215,0.018730692762401226,0.008444515386839269,0.0053768451467013844,0.015065217432543881,0.035632813639069304,0.01289975248374303,0.0044747874016011525,0.0038516135968497513,0.023277109702321414,0.008957086245124438,0.024952629889905677,0.012214783717119804,0.01590816441039725,0.026469141724300413,0.0029074279652053165,0.018473998505274824,0.015502499235118282,0.019849802280688597,0.027763458110103358,0.011648805286447985,0.009862569672809511,0.02513462307553948,0.01242347354032061,0.020175895488056643,0.018548266072983013,0.0030108182029768057,0.022047444372747946,0.010440544627153797,0.03637718716438876,0.010372929745846414,0.014616567668585077,0.006883944822640837,0.03558114431318664,0.033258587544133036,0.03557356102660333,0.004353920006439295,0.004864106216719752,0.002523464748254753,0.015022330474006884,0.04067272689447208,0.010605503419955548,0.02849566819175203,0.012214341578842925,0.014564514990817958,0.0039016928552255913,0.007558145726215064,0.01170193108964281,0.01158614973155552,0.0121257601928192,0.007519630535756916,0.009656741551386063,0.008159673223282309,0.0017346062045120506,0.00845627852383762,0.022423347557101174,0.012441496805267627,0.03213297239664934,0.03722485833301036,0.007667205470606989,0.017217583553731083,0.007141218647040274,0.009486997000292334,0.029717867387470776,0.009681668362660923,0.01621547788063924,0.012659621710150466,0.02180399139357545,0.021526717098401222,0.005042988579933863,0.011753990398274369,0.02365123089948203,0.006342648089638773,0.03172202980621779,0.01927404376778624,0.005391015048117994,0.009310913881031772
Cambodia,0.014000171634290773,0.01358493909662533,0.02653862530877174,0.030128553160648625,0.02299946966194617,0.0030965872798630165,0.04344167613576488,0.025197063771905934,0.002527120413429346,0.009422433983620908,0.03918012972060747,0.010030437995389578,1.0,0.01294000215960036,0.026413374690630525,0.009408942022231354,0.014643031454267775,0.027634220349552912,0.003126724729811262,0.009669413674079579,0.02459034224278639,0.04544040851596262,0.02273707303267161,0.013090425286014264,0.010652989386398694,0.03211242907807913,0.0027537496659741103,0.03497895830091949,0.01941518918507539,0.025754618238155228,0.03451298882689978,0.0122470134258311,0.028461310583977176,0.005515361643630656,0.009923803651195712,0.03479519595636893,0.00284849769379225,0.019604508121788124,0.03261405181098498,0.022424620759963116,0.029289964090703773,0.028516487686533986,0.008059284307132306,0.03129616795859874,0.009793363161390841,0.04625889340227145,0.006649877942461918,0.020479363423993546,0.004937306410476199,0.0448756619175468,0.040670118445778024,0.044813437245485435,0.005678939830021644,0.014852595086741622,0.010603977028586948,0.024131530480693122,0.04981053879559913,0.019814027534297708,0.018573099806782893,0.022062765239036948,0.024203687668633605,0.010773408608748673,0.017260216946919905,0.019477050633028046,0.021041254084154595,0.017453470283384034,0.002922866378588547,0.01916601922034538,0.002478726775546231,0.010984095029636086,0.005545848261990958,0.032212641363226685,0.018302674148476333,0.04179428799892161,0.04659377889037033,0.0030647528813259792,0.008402535317099927,0.01675122802053737,0.015433131782467448,0.03926532296539789,0.019445183774353968,0.026223600428099868,0.022150742597197768,0.03178445321342929,0.03093568265002398,0.015059895521135723,0.020555996076099994,0.03263517251042934,0.008187874284178819,0.04162085666876982,0.029268880138622246,0.015044378201850983,0.017698554050265918
Cameroon,0.009316401957934373,0.0007264865715973703,0.013663207002810224,0.018442682036358432,0.01141910346416261,0.016004662615778112,0.030931842075114336,0.012275272575285505,0.012632936190424904,0.008063426673574618,0.026282729470386804,0.0030046017527204346,0.01294000215960036,1.0,0.013483409812327178,0.0040548206454645176,0.0023646093540786606,0.016009562465205164,0.011259981052190948,0.005967059898191098,0.012285887402490144,0.03274617688741162,0.010567060322832025,0.0031165173850268495,0.00410895565619607,0.020468244073202913,0.011617270813022327,0.022059113207361796,0.011068429538691296,0.012905445637876517,0.0239835659683983,0.0015601454126561015,0.01577602675924153,0.018447166631357766,0.0228189910793937,0.02538478240553739,0.014650828864133077,0.00687718730628474,0.022749907944586135,0.009485240729398573,0.017291523674450516,0.015582935472994264,0.004957550285801048,0.019149064741441717,0.012872580797872075,0.03338328252598354,0.013209528299399066,0.013389625475374718,0.008896618570996535,0.03263203768953173,0.03091267494067155,0.03272173682011466,0.007267213164970969,0.0019323407239972886,0.002955328157735218,0.012359690238439585,0.03776676145245586,0.007757870788127965,0.03146769942537288,0.009213152844723179,0.012397311574614735,0.003966191743475837,0.004605324504206937,0.009832010413331163,0.00968959985213767,0.010995043234486914,0.010357030789630527,0.00674786630599195,0.010935450075139344,0.0027793534549175017,0.011431011835748048,0.019550733289453608,0.010869181414828283,0.029384713318691417,0.034281254501007045,0.010643309443666434,0.02021163241030147,0.004200697041885942,0.008012426252411374,0.026749880316479104,0.00668589475184353,0.01331225969950914,0.009803283604290629,0.0188457390561301,0.018583578913974788,0.0021968742592072734,0.009155056171897729,0.020807387521405582,0.008862693619198265,0.028731819899008453,0.01632889633214691,0.004051386327166953,0.006883752688387158
Canada,0.017656220131826213,0.012828738271673246,0.002765137391285281,0.010022280260697954,0.007888268476144697,0.029488072275974914,0.020710569910060032,0.0028630546936681545,0.026007014485089255,0.01977266296271118,0.013979443268494705,0.016393503040115425,0.026413374690630525,0.013483409812327178,1.0,0.01716062834381813,0.011930186560203435,0.008346333898469806,0.024728191161098572,0.018322169747308777,0.005952022878637752,0.023314709955358323,0.006080404400716843,0.013842025456446347,0.01653897382296145,0.012336219194875386,0.02498643827979216,0.01089488499400729,0.011517080569213812,0.0027502670741614524,0.016044994307291865,0.014419218272044619,0.006272210591821928,0.03189260388876736,0.03620995722848615,0.017632858422397226,0.02787634629896794,0.007074644293166071,0.017385608766054658,0.0061358870457610135,0.008890065571456005,0.002981168950063503,0.01839693210454607,0.00972235690344712,0.023616335209243004,0.021785445525876655,0.025442688996605067,0.01278506648125749,0.022214445060402696,0.021534757116094018,0.022235827981013107,0.022415705509694905,0.020734890808329368,0.01156306047109756,0.016188378299897506,0.009514473787443292,0.02710608137830556,0.008200449576510324,0.04484324166430839,0.005292133306275992,0.006202964363496661,0.01638586023854733,0.009379253240460732,0.012905254133661906,0.007872880756856623,0.014513489807036274,0.02383836639695791,0.007872429163690298,0.02440140595325842,0.015552820424940238,0.024548008642277023,0.012573995682147933,0.014888200100807691,0.019736578900077902,0.023614008008267063,0.02403556817432784,0.0331163970972017,0.010088772200353245,0.013089527381524106,0.017249528552215856,0.007297906656191738,0.003993003521748648,0.006917252967677675,0.006176385080017604,0.008689888722165019,0.011354450271677358,0.009183756821147103,0.011520756765204603,0.020786069345135466,0.016248005766011046,0.003979562539911503,0.012641585261559713,0.010884658561526482
Chad,0.01109501002936824,0.004540634694307339,0.017216100228418626,0.022416182752079458,0.015364186874430343,0.01248532981854745,0.034984291066023646,0.0159633693409107,0.008850961001093338,0.008179634684981084,0.03016917496230908,0.001275987838798265,0.009408942022231354,0.0040548206454645176,0.01716062834381813,1.0,0.005812625030608115,0.019932222463736694,0.00790208423877349,0.006383411303956373,0.016135883889814615,0.03659351595530599,0.013684733164980678,0.005696683031211943,0.004970706209152509,0.02446028360262737,0.008555845558484893,0.025693852875836143,0.011950236704686618,0.01687037818365139,0.027696002271040333,0.004155129516438223,0.019288077903112315,0.014752890849438281,0.019049469613964,0.028988052213887953,0.010749630404741611,0.010928458173527276,0.026359463865245285,0.013226837004383565,0.02132685731250976,0.01939822619482469,0.003582214593329406,0.023189718668334608,0.009223212736013344,0.03728477022238768,0.009185551348934257,0.015125308544403087,0.007156050356436645,0.03668684798606888,0.03433316937247452,0.03673656585999197,0.003821174456513103,0.005811010947892401,0.0037198729932289725,0.016206526206436606,0.04181191641017719,0.011769519692773726,0.027683597700399878,0.013158980078361898,0.014997248179064065,0.0050571736919431225,0.008657617662939052,0.012950303005868814,0.011863253410100466,0.01336489276639094,0.006975220088391548,0.010787576515208796,0.007689518044078158,0.0019884711918313636,0.007432052298893163,0.023386669684528332,0.013445398313442432,0.03309083434273023,0.03833533530169634,0.006884370577774244,0.016198087816425028,0.008251317877930231,0.010740131701198658,0.030763610924723593,0.010726999955955347,0.017023504506052365,0.013811648710825273,0.022654639403516155,0.022637496947708852,0.005927803832954624,0.012971714808940884,0.02482079914211423,0.005124395206015687,0.03261834620829143,0.020098135839932856,0.005960329452416606,0.010537756937745366
Chile,0.009783859819086891,0.002274953925754876,0.012273149993525873,0.01749544070427506,0.010561508451376026,0.01763890743241462,0.029481936991027715,0.0108489062188139,0.014402323886154481,0.00949202183249005,0.024537103528953146,0.004801219848674215,0.014643031454267775,0.0023646093540786606,0.011930186560203435,0.005812625030608115,1.0,0.015098400132574756,0.01283665148355466,0.00715949012650567,0.011130734462954867,0.03153585171276682,0.01058066287559248,0.004376817193556445,0.005636214395364633,0.019155548879036102,0.013059140078662112,0.02085757096060098,0.00993998042712315,0.011123361441267302,0.02343475898920617,0.0030785811748977494,0.015060825037085383,0.02015719339349531,0.024559172852462105,0.025016419844238427,0.016440842097998065,0.0053922472815692915,0.022270189634902227,0.007861759087648893,0.016139160286073505,0.013908815025817972,0.006767051550875513,0.017709294549250614,0.013991090314879046,0.031654701078600175,0.014848372517052445,0.011424613366853863,0.010669352973958136,0.030949843701735407,0.03046943779343201,0.03130420649454971,0.008996952160644603,0.002442370030331416,0.004537967676396699,0.011227187568835846,0.036200249832241044,0.006537525698220863,0.033209379494697086,0.007438725318528742,0.010607335221559242,0.005354802890570738,0.0035780078487501975,0.009483337440238753,0.00811713426286631,0.010943039790836585,0.011987264145078808,0.00559575630401742,0.01252218990690361,0.004462831632626515,0.013217844442190037,0.018834990021624195,0.011024865353172611,0.028577582499277613,0.032656516532768666,0.01240245958913603,0.022001483194571746,0.003030927538969737,0.007560908130317379,0.02545533216274259,0.005074714207720348,0.012174693910101954,0.00891127279923047,0.017220312974606748,0.016970539369543645,0.0029194350925775786,0.008608308174896296,0.019429351865870644,0.010273651765332223,0.02697923893181376,0.014725117485888901,0.005095549107130076,0.006620247450141179
China,0.01650862490580047,0.01574356328243718,0.010834769542885926,0.0030404099895992537,0.009163792278830612,0.030162496898553184,0.018751630374997545,0.010379185296388904,0.02765942875496627,0.019373992487535817,0.012761893597372726,0.018730692762401226,0.027634220349552912,0.016009562465205164,0.008346333898469806,0.019932222463736694,0.015098400132574756,1.0,0.025276062986229142,0.018148712630799032,0.005231748777919655,0.018930696505169608,0.00856310048322561,0.014609257534904076,0.01698181859332961,0.006870841262781508,0.02537685568823186,0.011257516682818472,0.01894259587472739,0.006760116930292052,0.008570045273437053,0.015834962157652503,0.009994265105221514,0.03289674570060058,0.03737540713629847,0.010185062448681961,0.029733181922346277,0.009726668589556751,0.009246451726487168,0.012592022771340949,0.0028995287381961684,0.010142197688875742,0.01977799870594607,0.005408498997612135,0.02884585474753606,0.019443788574638732,0.029102792457363733,0.015206111182464104,0.023096741821994945,0.017343256857755646,0.017248583272311897,0.0172027596149272,0.02227623350550887,0.014588098318207083,0.017147782496940912,0.005652425390783176,0.02217786915003002,0.008707257475539486,0.04598429723131633,0.009497048734120524,0.013864467268411252,0.016865749589194557,0.011601940002449001,0.010037061495408117,0.014942183724875943,0.012918352154767936,0.02475841386350011,0.00950364366266571,0.025231762420374927,0.018729369062298752,0.027150521145890418,0.00824851389827603,0.009977186851991397,0.016097623697535073,0.019679107530842118,0.025521888544713885,0.035640105128973004,0.012084370072274614,0.013814243749180694,0.012870067675698676,0.010038441291280491,0.008136784305153468,0.006257837732153296,0.011037478779037225,0.004710906008408026,0.014500715667760069,0.007080663013027284,0.0060691659256879365,0.024872106127100845,0.019098019905605838,0.01075782726439751,0.016491550539664526,0.010031284413613702
Colombia,0.011146666604216746,0.011935690916171353,0.024919205227692573,0.027561821895838237,0.02040082168415027,0.00488643399233555,0.041311128625183484,0.023533012200083366,0.00381488701522265,0.006485397608146527,0.03731536406334858,0.008444515386839269,0.003126724729811262,0.011259981052190948,0.024728191161098572,0.00790208423877349,0.01283665148355466,0.025276062986229142,1.0,0.007139903447315116,0.022619394347086166,0.043482217428968226,0.021057626711053695,0.011018753911472971,0.008416475105105032,0.029555874168904907,0.0015030209557493506,0.03331196099899061,0.01925216473923019,0.02387041254021446,0.03178938604917212,0.01035132289372509,0.02675623484103684,0.007657331723539273,0.01212654929518234,0.031810331913714615,0.005055545747836249,0.017742645471518968,0.029706985781184553,0.02069405525984093,0.02694381438967906,0.026745452729192196,0.006348477429699277,0.02909068630195589,0.010982902752687533,0.044343137348610555,0.00805329018417702,0.019514471902527593,0.0029306164763073955,0.042516466185080044,0.038361612641823806,0.042468327279577715,0.004109386737569248,0.013189001168106446,0.00860282325549981,0.02180676170734254,0.04736312798085234,0.017580115194028908,0.020714760888344952,0.020151260998497764,0.022561639541065236,0.00858121352511414,0.015406807330669113,0.016693807617572866,0.01949363626424188,0.014634349447953263,0.0015890870212126348,0.01716196443694367,0.0015750955064165147,0.00943627745878145,0.006525100588327627,0.030208944423469917,0.016422005323087636,0.039800984945337535,0.04431308747498545,0.002097999965338812,0.011385171709388898,0.014814392949283663,0.012926564921977326,0.03703544244155207,0.017570574477463,0.024529615073608627,0.02017220815477565,0.03004528025826372,0.028734086493522513,0.013423418974721886,0.018238342524602425,0.03016213613656525,0.008718031585352299,0.03972622470311159,0.02754444627253282,0.013527817516503908,0.015252705772295545
Costa Rica,0.005122127737825865,0.006646382500253787,0.0187834881551558,0.020480395233471456,0.014337201586798897,0.012024801994356236,0.0342450186878491,0.01737949207406215,0.009863354305793244,0.0024443182734013814,0.03051872833050568,0.0053768451467013844,0.009669413674079579,0.005967059898191098,0.018322169747308777,0.006383411303956373,0.00715949012650567,0.018148712630799032,0.007139903447315116,1.0,0.01595332906788441,0.0365611447747005,0.01499732001917928,0.00482642943664518,0.002278037352294012,0.022465978915196014,0.007243652405140859,0.026913484942521958,0.016759228865167643,0.017362829567038877,0.024855015852811684,0.004534419204806581,0.020495731862730033,0.014781582142588094,0.01925887476397489,0.025750181156258822,0.011813670969142797,0.011327441516038893,0.023214789840028748,0.01417810335124009,0.01982588782567775,0.02020485524108275,0.0035433262511781476,0.02201684145715713,0.013578900234301593,0.03743505239124837,0.012279115206465723,0.015262831184471115,0.005045505539187173,0.0353766405765996,0.03276855366627494,0.03532913482695211,0.005197980673576169,0.007582519420203826,0.003232449833628145,0.01467864187169577,0.040233053358598524,0.010517428510485828,0.027854558769859428,0.013339143467551296,0.017410222255852377,0.002218172728647639,0.009117872202871871,0.009895791176469756,0.015117431281100428,0.008102228171607441,0.006748703535592697,0.010449822112021086,0.007205741107042398,0.005845783395470532,0.010378433314428559,0.023220814338328313,0.011293791201172455,0.032804843145450825,0.037186186982445246,0.007635292045528202,0.017908799554100494,0.008265493915509107,0.0071605063085905946,0.029912056550732636,0.011043018019934705,0.018256302740612077,0.013509359573710753,0.02362736858106676,0.021653903609456085,0.007850082670134229,0.011150838694544238,0.023034730215385706,0.010239760253128902,0.03284533200866475,0.021125793582285803,0.008768306643686241,0.008117713763408908
