Country Name,Albania,Angola,Australia,Azerbaijan,Bangladesh,Belarus,Belgium,Bolivia,Brazil,Bulgaria,Cambodia,Cameroon,Canada,Chile,China,Colombia,Costa Rica,Croatia,Czech Republic,Denmark,Ecuador,"Egypt, Arab Rep.",El Salvador,Estonia,Finland,France,Georgia,Germany,Ghana,Guatemala,Honduras,Hungary,India,Indonesia,Israel,Italy,Jamaica,Japan,Jordan,Kazakhstan,Kenya,"Korea, Rep.",Kyrgyz Republic,Latvia,Lithuania,Malaysia,Mexico,Mongolia,Morocco,Nepal,Netherlands,New Zealand,Nigeria,North Macedonia,Norway,Oman,Pakistan,Panama,Paraguay,Peru,Philippines,Poland,Portugal,Romania,Russian Federation,Saudi Arabia,Senegal,Slovak Republic,South Africa,Spain,Sri Lanka,Sweden,Switzerland,Tanzania,Thailand,Tunisia,Turkey,Ukraine,United Kingdom,United States,Uruguay
Albania,1.0,0.13700668498744445,0.3607096511544255,0.31539859918365043,0.17567703146406577,0.7861239493438561,0.316509106691599,0.1512774891561976,0.05574977279034721,0.8648541588347488,0.14772760684636946,0.12119561375457791,0.3377728740009107,0.12658961097670648,0.4877341827210586,0.12433546054069686,0.06794104702453618,0.3719697381555479,1.062700466789403,0.28866181433528143,0.07452263300952414,0.3859806214827129,0.12966751814952127,0.7018688908122738,0.2917292487231222,0.312288289255605,0.875222191076987,0.48372751751305326,0.10743638525409613,0.21025899274901372,0.27880488962093924,0.4849038390248882,0.17315543923898113,0.18950217705286995,0.4340859776461702,0.40055461148710403,0.09611592331308202,0.4535813007523902,0.20028216161243717,1.1516760120355576,0.18768351717863122,0.2742266820254625,0.9404692499566618,0.8661633532319218,0.7283712751790765,0.06481370568087882,0.09860036759521759,1.0403387541425235,0.11927041111158299,0.4311101485008549,0.2209431648508277,0.3485875928075587,0.1493392214841981,0.13882932418363544,0.2638753425405985,0.07118323466970536,0.11077009390210418,0.1532512609505291,0.12186599911005452,0.12312433178632082,0.16021004059276372,0.40966485412245157,0.20270444660398665,0.810343050457837,1.0538650794783657,0.24812865424540181,0.12781114749485353,0.6026654770369184,0.16805012647250986,0.38338091911052985,0.2951892383581126,0.5539254012936623,0.42311779942834316,0.14577793776179782,0.20855460579972532,0.41968701933440633,0.08912155009590911,0.7033167733189878,0.4328196498125171,0.1655136545875502,0.13609132488912964
Angola,0.13700668498744445,1.0,0.23060363211861332,0.16494587260046378,0.24453562423437525,0.618583260347196,0.1953740369797225,0.1895806274045499,0.11284905889368713,0.650852803182329,0.1922572051772743,0.02421258197108439,0.21912513206777579,0.03612993928081559,0.3897351510342393,0.16163055015393793,0.09676240470032313,0.28011757327606895,0.8380547603421182,0.2565279027670226,0.06870902208227334,0.3650357132634329,0.1753595540445072,0.5244959515725165,0.16368759835422333,0.24957039319679056,0.9091764805982404,0.5436350050417479,0.03786928358578445,0.28284504029746116,0.36720768525392977,0.5165807974668463,0.2205562956837215,0.09576665618272096,0.40433273343132803,0.25125955408125605,0.076006546862672,0.44882643165244784,0.1638552345540797,0.9592010687348534,0.18431393138413046,0.31161534376244115,0.722215858737049,0.7051761749623652,0.8059793320993838,0.11536399050613502,0.05624066774764486,1.0943361482891454,0.058338981552689045,0.5263234862088382,0.163446383904482,0.22756273327254395,0.044093798657778877,0.11588331544547217,0.17700949226698917,0.15936776479928916,0.14201588368217305,0.05993338132306225,0.16183562549242908,0.04096540779873281,0.16879344401015378,0.3995481119037936,0.17580074050124408,0.6946039867182563,0.7580458831476291,0.317117445123836,0.03525598311567826,0.6642329605132862,0.056594103303233556,0.2562878178003997,0.19621549327037524,0.32772062916170486,0.3719820468328361,0.03451800598076671,0.09247273875425041,0.4160079598804747,0.06620194122863465,0.5106562040973139,0.27187400548759477,0.0744992886982277,0.07094347576406632
Australia,0.3607096511544255,0.23060363211861332,1.0,0.15419011297623042,0.6144867724632337,0.32340205299295743,0.053709077518833886,0.5672392940015111,0.40581861300418515,0.31755667509469154,0.565945888735101,0.2551651923011452,0.06811225726251341,0.2793684531809695,0.19756413977008067,0.5224730604314246,0.3796609238186299,0.13058391239166958,0.5149234803330742,0.12524187453961755,0.35695465573338453,0.162504540898694,0.5275488017291317,0.25793570095113716,0.15010702725650898,0.09786065953179526,0.4317009000784185,0.2807101096440446,0.30306913772857147,0.6709866224338296,0.7677703691786932,0.3392530624888309,0.6112856846023288,0.1829859242945061,0.17927845268931333,0.059974517473364214,0.40236232149612583,0.1627766441816511,0.4950580647651022,0.546819244710229,0.5724139059784867,0.2945578429776635,0.3448002469009806,0.43807249893074596,0.4432458488229612,0.39763612171207363,0.3490681638706257,0.6081563841103119,0.21066138194688291,0.9355287145228746,0.15228627842381004,0.1226152216495785,0.18179288391123385,0.22275854220449806,0.1276155286599972,0.31696101263435683,0.505647274726037,0.17795002588103023,0.5199097019063452,0.3176461462906305,0.5424474950998293,0.20766212161105296,0.2971671446986888,0.38579117763421117,0.3999020744816649,0.7095951631510882,0.2203103559611114,0.30144946808878725,0.17756005776215222,0.0816151323209714,0.18225751863399933,0.12321951089435978,0.16616778829791778,0.19418932529070035,0.20393826996356532,0.1475763984014029,0.2884058683181183,0.27582505872917273,0.09632537662754645,0.20142111318429523,0.2385334781825307
Azerbaijan,0.31539859918365043,0.16494587260046378,0.15419011297623042,1.0,0.39959446239760066,0.4054448745811176,0.15062601325002264,0.34369386259742424,0.2638550382051573,0.3296697374260898,0.35004424235037357,0.17568027790537455,0.1557459663383458,0.16800062420486164,0.1918046082508826,0.31866160662715737,0.24914513964029203,0.18888051076694617,0.574324862081812,0.1590765254683481,0.2297617696150999,0.18315198500504934,0.32597276777112905,0.2833299872357054,0.18214566302443919,0.15786327773588532,0.4807044591664754,0.3293042291953031,0.19520625702727962,0.4319450413693998,0.5127203769306701,0.3963351498248646,0.3806180478197155,0.164252558834047,0.20066590646081803,0.14391494404832683,0.2282952717005205,0.19577270071138012,0.32266108690548456,0.59801756718914,0.34432190120355055,0.2325480792883766,0.415052389506797,0.45684136870915604,0.4710914060486999,0.2705331136902383,0.21480432065131255,0.6375236130971385,0.16776128197910437,0.6699146263533879,0.14457147361548608,0.14727079914677838,0.1603803411956981,0.20383827062794,0.16625706027872825,0.2942214706578848,0.304521869651325,0.16770656418688282,0.3152658605669604,0.19045545984966109,0.33363555467168815,0.2588907056034989,0.2377110459520214,0.4739624708165654,0.4700783793158826,0.4710364855679071,0.16510212626484536,0.3347424306132645,0.162995404341347,0.13736937429557822,0.1649411605919101,0.21957525253697607,0.16204672696721448,0.15150417288773643,0.17279439062516208,0.18702515348230028,0.23663729646941137,0.3352208998427664,0.16450514610578998,0.18272167515770651,0.2068694529039119
Bangladesh,0.17567703146406577,0.24453562423437525,0.6144867724632337,0.39959446239760066,1.0,1.0869013878839138,0.554790798015909,0.0640620745691943,0.16215628002393143,1.2141892212356635,0.06677797921951964,0.21984845243058362,0.5964636798637171,0.1993232678272278,0.7421145208902726,0.07669114993919587,0.12891414032270115,0.6442794633402179,1.552350543541256,0.5804576569150173,0.17646970395049794,0.7245953314566511,0.07043789872108644,1.0730526024887979,0.356767737460979,0.5742831534699524,1.3350427605660682,0.9453468604086098,0.1953086717588816,0.06715077452172341,0.09762302097459635,0.8474071045719545,0.05900772201171611,0.4014037647354165,0.7565177861866654,0.6865793076410975,0.1551302584367109,0.7949880638503893,0.1302368393635018,1.6190424689855203,0.09425805174328566,0.25008480577038217,1.3288404384120946,1.2624107487347889,1.1369605217650802,0.1219980596876884,0.16683198694120613,1.414466567635919,0.3307207193000901,0.22077090446403017,0.42211925096556047,0.44826777675338747,0.3288360191950953,0.2706727191986864,0.3579273765971911,0.24759512038671758,0.07344636230035187,0.3579295325608061,0.06162205206129259,0.18310746897177496,0.09391384750381404,0.7723011997279484,0.37030273284940796,1.2776435114386537,1.381457257540188,0.08081078613982201,0.2690474028866787,1.0569737602502127,0.347073601991928,0.6719469111251763,0.5186522160588596,0.8596412001084159,0.7186613795189307,0.28661248444765375,0.40350978737985677,0.7762291814964212,0.24954340234768974,1.0390536124058392,0.6935486893514966,0.27780321415894904,0.3488034203095761
Belarus,0.7861239493438561,0.618583260347196,0.32340205299295743,0.4054448745811176,1.0869013878839138,1.0,0.342898188639961,1.0262417105322845,0.8586611107285361,0.1458877799687726,1.0321682538685093,0.6516367752138372,0.3242908739058892,0.6835351951628671,0.3773091172919545,0.9860655275106388,0.8199066235899543,0.34436208495179566,0.23333903681359972,0.37380183231401054,0.7885280874529798,0.3773964850122813,0.9814499914176003,0.172717560564918,0.45944038312844787,0.35250783135881136,0.1818403949689663,0.3324233606410828,0.711992124605647,1.129284653480317,1.2214288214806361,0.34022146094259764,1.085758312012819,0.49044352007781,0.3728702216112951,0.2694224177874438,0.8424975797749136,0.3135051682178075,0.9164216461655417,0.2756254932429878,0.9947786952882179,0.46706219609515776,0.1962465291193714,0.21064989367821962,0.15314323972335245,0.8396667620821089,0.7731990338317685,0.166398544640924,0.5686980468528646,1.381242266020618,0.4236683313852717,0.35874733976344125,0.5476833584875923,0.5711331570632383,0.40225266488352096,0.7059967409977144,0.9678491644090303,0.5440642072218802,0.9797172959357991,0.7272039538763826,0.9871674841001742,0.3238345255641877,0.5754519463994261,0.21565499537418042,0.16006061704855554,1.184528733674927,0.6065654795880784,0.23842536080178045,0.5421354874752723,0.23679352136701762,0.42638421353322276,0.15211696367345134,0.322860470678459,0.5615678546511369,0.5240503590423946,0.3639385361603662,0.7072949388523229,0.21659776861199156,0.26081927385988574,0.5345213047924406,0.582004153780827
Belgium,0.316509106691599,0.1953740369797225,0.053709077518833886,0.15062601325002264,0.554790798015909,0.342898188639961,1.0,0.511051330901231,0.3475225290696133,0.3367365962544029,0.5063901793471604,0.23354832320382224,0.04720146314620735,0.23633242756037234,0.15758785681771806,0.46133362680391493,0.33416857290178525,0.11851354037123785,0.5343797694584491,0.10998147839687597,0.30969322260271365,0.15114000935991576,0.46863951139125104,0.27967691145886964,0.11951990772478982,0.07372019487025172,0.4305128471789543,0.29203064630833603,0.27613414669100556,0.6188282607161576,0.7097265931687304,0.35902683913734723,0.5493393634390876,0.1460216639292545,0.14937038667819783,0.07254062548224752,0.35957949355525554,0.14186093748426512,0.49202452533790825,0.5510102478662051,0.5291775172886172,0.2753192885329916,0.3869901932503094,0.4713782761531643,0.4383967562964909,0.3481409824225601,0.30429616231428064,0.6139553071393087,0.18054753666159548,0.863295650524454,0.08998070766865929,0.12871259428652668,0.1475194565549945,0.21974323989034375,0.09810651658145428,0.2889300442393261,0.4479957200895795,0.14792051475545426,0.4592719716849214,0.28518683071867656,0.48600134750966956,0.2311556875192994,0.2864369993961332,0.4268641970514039,0.4207241662895545,0.6599015102799151,0.19390970183088083,0.33345932010551027,0.14792743113281298,0.08464097019977299,0.14618277991900783,0.1347439870027368,0.14515599790032813,0.1582564499345821,0.196115023811565,0.1317932695323779,0.25884475508672095,0.2938427794237276,0.07926959977755171,0.1702353526309404,0.21710449374160573
Bolivia,0.1512774891561976,0.1895806274045499,0.5672392940015111,0.34369386259742424,0.0640620745691943,1.0262417105322845,0.511051330901231,1.0,0.12328039487436854,1.083804294552792,0.0756781294692476,0.16627010438795448,0.5438073848190452,0.1382392776846971,0.6567652218359256,0.05714663175574175,0.09367281044790271,0.5691497064254508,1.4179582099521097,0.5153574252399411,0.11663800014820691,0.639161921776528,0.06485170728785683,0.9399861984094477,0.3188110555068498,0.5073030684205561,1.3373339528057089,0.8785857068026675,0.14372854951950187,0.0833805550423426,0.12501125085532197,0.8069584400692168,0.05767123421761047,0.33254898809372513,0.6794536215720347,0.6266499951960528,0.10133411314423035,0.7163025997116159,0.09281325376486554,1.4214047414490136,0.06300322044920029,0.2578738780408595,1.2436139075000516,1.1998905724220479,1.120928372107977,0.10090780848184994,0.12052262968545835,1.4288691530054525,0.24776352202874735,0.2616064785849811,0.37569626461078554,0.41362118891765515,0.2647271886994629,0.20594693914162804,0.3174806580611376,0.21883413574498012,0.06766785667644326,0.2883754861017499,0.07057311843958711,0.12916017344090344,0.05101879217437108,0.7011007821957119,0.3255862535517168,1.218630318107224,1.2495039833036676,0.10930751450278231,0.20873184568700853,0.9917083424968183,0.29052734245326894,0.6193381688406153,0.4551165332306082,0.7698914363116591,0.6439605902860936,0.2274855775514472,0.32533622517569233,0.6973141037273208,0.18241017303579504,0.900689521379553,0.6325111350060433,0.22739393187393736,0.27090288053893496
Brazil,0.05574977279034721,0.11284905889368713,0.40581861300418515,0.2638550382051573,0.16215628002393143,0.8586611107285361,0.3475225290696133,0.12328039487436854,1.0,0.9768512646960087,0.12680958510475684,0.10052047816352463,0.38364461345980916,0.09996475109725211,0.5403884678531721,0.07326752597325076,0.049131410136972836,0.4167371777306329,1.1845071326907959,0.3646882536102186,0.05171885088855094,0.45740851624438555,0.10783713835427755,0.7764333021337427,0.3093386677757751,0.3659393001242501,0.9826827161138373,0.5799367477960299,0.072579524525751,0.17614729160321163,0.25605186276055697,0.5353614628219201,0.13363707437922492,0.2057648797252167,0.5617858274704426,0.4605080371740069,0.05817235522131178,0.5361158842320953,0.16518635642028304,1.2876284968358263,0.147852140750858,0.3126943562654212,1.0820077285850438,0.9226881883170076,0.801595888129951,0.05801932584199096,0.06721915948291599,1.1487246516462317,0.1366400186525464,0.41677856961143406,0.22570176386130378,0.35498901663658755,0.14305119247150913,0.12470167565584345,0.28232088301140923,0.13066462211378974,0.08335279054330275,0.16252277638015863,0.10204793392493294,0.09168997725269962,0.13161991019264566,0.49868689936911215,0.19848840016713415,0.9470748125375232,1.1357530028889118,0.21959216483271243,0.10494329045780237,0.6735088390183839,0.156934810728046,0.45259275525393383,0.31510045804342657,0.6141260067894201,0.5357244341225724,0.13119314577567276,0.21797336827890243,0.5185656366795992,0.0797298885732515,0.7792173650736274,0.46521170005249946,0.16485260108384214,0.16535881401072935
Bulgaria,0.8648541588347488,0.650852803182329,0.31755667509469154,0.3296697374260898,1.2141892212356635,0.1458877799687726,0.3367365962544029,1.083804294552792,0.9768512646960087,1.0,1.1363707947461965,0.6836308468882181,0.2927418784056458,0.6645176518210587,0.24925027782906228,1.0964095158183031,0.9467926963937539,0.2859633899288011,0.20526798944903069,0.3861312002356143,0.8524158722026057,0.30670056816548785,1.1116266036718947,0.12134057688765537,0.453530223626123,0.32298994334987785,0.14852468288903012,0.2633095969367112,0.750348825377688,1.2687373324298676,1.3681446214375874,0.2976967486402653,1.131400599380048,0.48222906594824966,0.2778864433491671,0.25495150755936974,0.8749905912511239,0.26564039666271416,0.892474087263052,0.19592654534108,0.9706260490085252,0.5127922581348117,0.12625347525385835,0.21642334243202982,0.17060033807795702,0.9841822453990823,0.8190289128105507,0.21411575704713956,0.5610275159848717,1.5310531642654979,0.44270611175534025,0.40199501892975553,0.5515737369848106,0.6551237758753926,0.46077794859498905,0.7292162556224181,1.072053997409202,0.5192707032275911,1.0943244142889905,0.7578181341285772,0.9786292771288362,0.2792713191733651,0.533638172816524,0.17933766119156655,0.13335825796831455,1.2859475901873618,0.6007214354178081,0.19553698303633885,0.5173499282568537,0.24097394894034466,0.3975461360476854,0.1588140465904329,0.2278770565818231,0.6047383205614935,0.5117560554067639,0.27261966675939675,0.7380747879639791,0.1871484554953594,0.2373783835345888,0.5885443045778624,0.5888482872043448
Cambodia,0.14772760684636946,0.1922572051772743,0.565945888735101,0.35004424235037357,0.06677797921951964,1.0321682538685093,0.5063901793471604,0.0756781294692476,0.12680958510475684,1.1363707947461965,1.0,0.1782877756062384,0.5459706060393225,0.15907141670605698,0.6663480251768671,0.06695077058250354,0.11472651353474755,0.5878051703433657,1.4470162553638632,0.5231055674738759,0.14039016450253358,0.6631417718058388,0.04981439331487625,0.9814721597108599,0.33411284524579643,0.5220434876705273,1.281775852983821,0.8791797031039581,0.15711188306534468,0.05890405296803239,0.12538846400817769,0.7895449743198036,0.05483175374866814,0.3360782418571312,0.6906777252293239,0.6242696938844656,0.11706838416408336,0.7318387934053368,0.1236105857520434,1.513091083377753,0.10101856381646615,0.24804474045023664,1.24524258598629,1.1889665608226674,1.074060488667693,0.1014456722936257,0.13637323042321065,1.3753947592636964,0.2632691955834068,0.2340609755010725,0.3766393075411356,0.4139376144925718,0.2756557033649032,0.23744392095637623,0.3214135928009782,0.22584313349116963,0.05403608353143874,0.30504760538950726,0.05565160832450092,0.1422813652573671,0.09376683578052153,0.7138556326733577,0.31827355150505043,1.21005629785852,1.2814113073685551,0.10598652244921267,0.22625228579846401,0.9934468074405494,0.2942088809812309,0.616750536531862,0.47365157713720707,0.7794533499174037,0.6582612138521773,0.23655397901402841,0.3519452624140572,0.718901979087584,0.20782126033897655,0.9496757551047141,0.6333850395854947,0.2308859315272112,0.2874134829793162
Cameroon,0.12119561375457791,0.02421258197108439,0.2551651923011452,0.17568027790537455,0.21984845243058362,0.6516367752138372,0.23354832320382224,0.16627010438795448,0.10052047816352463,0.6836308468882181,0.1782877756062384,1.0,0.25070386479230644,0.03265882733792583,0.4003396977803089,0.14314572428905759,0.08174757002445199,0.2895429048577046,0.8793507090357677,0.2806903140308813,0.0562750311161124,0.3766470634921696,0.15689718854839427,0.5425264853675003,0.18749181677962135,0.2696328392109852,0.9566293342828056,0.5493391740904248,0.028259626317951952,0.2629341034545838,0.3494757488694513,0.5221223345907373,0.2025253227052932,0.10641222276150869,0.41791910999592485,0.2793752580539249,0.0597758427119659,0.4602366977886321,0.14411564202626254,0.9988177468841186,0.1611867560021855,0.2991987395737341,0.7514941165180354,0.7379837835651505,0.8077795483000973,0.10260651526931555,0.04474742628183612,1.1507612622794627,0.059342410298469844,0.5093604720708247,0.16571162134972311,0.24771887142991011,0.05313945097414102,0.11019337424401557,0.18950184494008548,0.149576138097929,0.12688872217041894,0.06726671060369818,0.14459702101738242,0.035346928934019695,0.1464940114333345,0.40972082178573277,0.17810986178439236,0.7277434050432323,0.7892149012984195,0.29506527309490865,0.028257152764640275,0.6733096569982564,0.06432975058236565,0.2894816128766428,0.20656652058090516,0.3621756786150948,0.38599965175162065,0.0446786257753429,0.09491303636932377,0.4286257977529216,0.05921982126206379,0.5215043883813011,0.30074564786966673,0.0806695233485451,0.0658227615447623
Canada,0.3377728740009107,0.21912513206777579,0.06811225726251341,0.1557459663383458,0.5964636798637171,0.3242908739058892,0.04720146314620735,0.5438073848190452,0.38364461345980916,0.2927418784056458,0.5459706060393225,0.25070386479230644,1.0,0.25040844626451075,0.13124578123460773,0.5023458067655807,0.3577268967190578,0.10167822262288093,0.48585977288263477,0.11247043765300943,0.33456893915866104,0.1268783065512676,0.5011616700554565,0.23753883744286589,0.13742223250049435,0.056786417014762725,0.4253235385954279,0.24526801881220733,0.2999242885159979,0.6488109563594506,0.7428211778188553,0.3295042643686388,0.5913295356935697,0.12422300469185443,0.11883791531130175,0.06526923339475191,0.38784575861793136,0.12290036510803509,0.5199398723267932,0.5349264678354091,0.5723283380434055,0.27979100621454606,0.3507304497586583,0.4508929095505434,0.43932423482035377,0.37622711302814316,0.33778718542370473,0.5715561080744038,0.191275071265161,0.888705003207193,0.09622949810112763,0.12875645997776328,0.15810613446127145,0.25288136148086304,0.11008412034580947,0.3031823861726288,0.48514573376825004,0.15534221945028726,0.49802300244483455,0.3125620864580386,0.5224662041201283,0.21758614892932537,0.28571962845504645,0.3776990282496019,0.4049974070077774,0.6983461565699989,0.2023158460159292,0.3067719952437975,0.15018770545359691,0.08766552510992745,0.1209424814931338,0.1162507306373827,0.1210390366890376,0.18239376671061008,0.2010009743156137,0.11704776837319458,0.2777872558964829,0.2644054095654856,0.06660047219343876,0.1918646003851459,0.2252671597124113
Chile,0.12658961097670648,0.03612993928081559,0.2793684531809695,0.16800062420486164,0.1993232678272278,0.6835351951628671,0.23633242756037234,0.1382392776846971,0.09996475109725211,0.6645176518210587,0.15907141670605698,0.03265882733792583,0.25040844626451075,1.0,0.3651571990487119,0.12102944491999748,0.07914145415130941,0.2642584055284584,0.8878236663108477,0.2575009818390044,0.046062374248137083,0.357302180678438,0.13793222997134957,0.5422320348488749,0.18934709571846414,0.23806516445015244,0.9193523204140726,0.5399911775538234,0.03772610609785207,0.23263402246450024,0.3163260583330219,0.5298761457675054,0.17744362653112586,0.08697725054609268,0.37892823576019935,0.3074573441427896,0.05313163704444976,0.42141493725172674,0.1302239757115521,0.9868543614624753,0.1404210208067922,0.2786837590531541,0.7756598260185571,0.7835468791007508,0.8206736900077318,0.09605450150133246,0.03866778505117527,1.1135597157139545,0.06050372387886077,0.47190800434133673,0.1561778586579181,0.259151999997737,0.05569389327353513,0.10462970368146185,0.17523022079809736,0.14603983898881265,0.11214144423690475,0.06422239395875129,0.12271685771609378,0.03145051819940545,0.12329791515961508,0.40237096956644713,0.1791022896091449,0.7533034076080085,0.8050455563146178,0.2646322233799331,0.03879295651265402,0.672194301373563,0.06326818065756196,0.2876691132708904,0.17338598713695794,0.3818686943923359,0.3446263055934933,0.04944352313196268,0.10156869063478671,0.3933459257814328,0.060353854528033296,0.5310471858718357,0.31510792543637023,0.08491614670326611,0.07165494547895876
China,0.4877341827210586,0.3897351510342393,0.19756413977008067,0.1918046082508826,0.7421145208902726,0.3773091172919545,0.15758785681771806,0.6567652218359256,0.5403884678531721,0.24925027782906228,0.6663480251768671,0.4003396977803089,0.13124578123460773,0.3651571990487119,1.0,0.6439023925235947,0.4988295215509583,0.10390466061483791,0.4274384786128261,0.15346153790460357,0.4582292238021929,0.12365291165949063,0.6438032398881586,0.25704904255952865,0.23228873528343097,0.09486341320208364,0.3047022211343778,0.1358922771297375,0.4106568042075274,0.7777013311009175,0.8651175170303864,0.19887655574576546,0.7116883402476899,0.2332496933095028,0.04910219312181602,0.16607232208648057,0.5062560867187135,0.07845552624136287,0.6243004870397785,0.40396131742340136,0.6551187286012862,0.29379416319007845,0.3552060238227447,0.37590773466093674,0.3365314013970412,0.5316809963096474,0.4510956601842287,0.4565531448276483,0.20458658564405985,1.047784560736912,0.16451808757131262,0.23265800574314552,0.3072725103621848,0.28226122127910613,0.22103891646734278,0.35111416471663404,0.6079975850238484,0.2659481718844121,0.6237646324203778,0.45955571111456817,0.614976419700869,0.18985092685369276,0.21066539350076566,0.3566278928225325,0.3983445901993686,0.8005960784838685,0.3129831531391143,0.2449218756367765,0.25274043862430295,0.14726780757651253,0.1284740334482784,0.19759549953857014,0.07263125423863484,0.3644504838743746,0.19150746744615216,0.10217895800190166,0.40189080053000514,0.38475179528598163,0.18275262772652137,0.40179337491281,0.29819133416847343
Colombia,0.12433546054069686,0.16163055015393793,0.5224730604314246,0.31866160662715737,0.07669114993919587,0.9860655275106388,0.46133362680391493,0.05714663175574175,0.07326752597325076,1.0964095158183031,0.06695077058250354,0.14314572428905759,0.5023458067655807,0.12102944491999748,0.6439023925235947,1.0,0.07643062982403825,0.5317463609040698,1.3750540850969146,0.4856091593553256,0.09134373323745279,0.6293908210962836,0.058392482825801784,0.9327901486143616,0.32348901069894376,0.48022960076370486,1.159766948928294,0.8060566579512369,0.12019097941953746,0.10224882184413353,0.1674924991198583,0.6983272307741171,0.06276372150349843,0.3076048586857215,0.6594752421917087,0.5906909704537482,0.07270259632306533,0.6996588921291661,0.11988537024940354,1.425307433400322,0.09417687304957115,0.2660505314206817,1.2226266671740686,1.1137050804265112,0.9626445395000769,0.07405015729004644,0.09167623140864822,1.3109976603721833,0.2358195249728393,0.30983692184781697,0.33145347076092013,0.39072123040995865,0.23372120980507075,0.18725097421404904,0.29777329095930516,0.19023999436860575,0.05050804073577991,0.25929902602756527,0.05671097539775244,0.10796913253545762,0.08209084725001467,0.6510759403605608,0.26540430466604525,1.1416932879418293,1.2547342796691345,0.13119310267928852,0.1822900415036715,0.9098522308232063,0.255824287697515,0.5752273016362148,0.4209880651821346,0.7464067731868915,0.6245469346280172,0.2029050968421757,0.3069062626409469,0.6798530538702909,0.1619591580555337,0.894404674412472,0.5938940447109902,0.20374046777810173,0.25512025118309967
Costa Rica,0.06794104702453618,0.09676240470032313,0.3796609238186299,0.24914513964029203,0.12891414032270115,0.8199066235899543,0.33416857290178525,0.09367281044790271,0.049131410136972836,0.9467926963937539,0.11472651353474755,0.08174757002445199,0.3577268967190578,0.07914145415130941,0.4988295215509583,0.07643062982403825,1.0,0.3838216346054967,1.1474758884576277,0.34930181698877005,0.04118168683090062,0.4752940726902153,0.06890954871253105,0.7477889802075792,0.27226077781035546,0.3293153039495449,1.0515827036814078,0.5976846901575477,0.06266005438871161,0.1618939386500957,0.25140883236543476,0.545707254348413,0.12659939622866126,0.17441352505141874,0.5236806667604967,0.42213785283848093,0.054979710813709476,0.5654827591235566,0.15117086436139326,1.2857302677598021,0.13356313200796519,0.2773803064284761,1.0212292889302654,0.9193893830344549,0.8132794910538365,0.05241910726479232,0.054370201882076946,1.2202721315750815,0.11473593229046816,0.38657693716526154,0.2162356993755816,0.3363641145642237,0.1269222305323782,0.12204760607440363,0.25170610577875485,0.11639072458844807,0.07081482960435917,0.14056390542603034,0.07311357089913179,0.07392970234360718,0.10732426062119377,0.48823622493565677,0.20141811622136865,0.9221439175130859,1.0757479012679854,0.2106364266280706,0.09393223525550931,0.705929465237528,0.14250129832667804,0.42440881625986504,0.28241436560890343,0.5650118167814915,0.5027540090605246,0.10954141789669503,0.1881120480704498,0.5283909214792669,0.07466038328550673,0.7358965289459155,0.4397672252856696,0.1342568824485042,0.13690548313440373
Croatia,0.3719697381555479,0.28011757327606895,0.13058391239166958,0.18888051076694617,0.6442794633402179,0.34436208495179566,0.11851354037123785,0.5691497064254508,0.4167371777306329,0.2859633899288011,0.5878051703433657,0.2895429048577046,0.10167822262288093,0.2642584055284584,0.10390466061483791,0.5317463609040698,0.3838216346054967,1.0,0.39569062572394015,0.10557280296570606,0.34235322870254115,0.15647763133861545,0.5473484824902132,0.21164149967593235,0.2176022206397674,0.08484926810824198,0.36145455472572574,0.19166071120929626,0.2968899600175341,0.7054840751029061,0.8183899548861587,0.23459928167410973,0.6127508126893219,0.12931655680719667,0.11152355057996405,0.1349634835270873,0.3956772397271159,0.14978126361734623,0.5428510904831111,0.45635417162262915,0.5705510801277692,0.3014220376344038,0.3748592019998426,0.3760080044840496,0.3841184888722017,0.41957746883022906,0.33653789226666964,0.49485949999131995,0.17615369891063862,0.9918710137199833,0.11839430929134848,0.19997413868240277,0.1813535046021501,0.2475013560701911,0.1935260707448969,0.274989681058898,0.5166244591222136,0.15577723062612805,0.534057928033154,0.3535034607544747,0.5385547054101457,0.1867802094450345,0.20739127445094072,0.3383748552833551,0.42593975980945825,0.7428683242388477,0.20850700543554787,0.24988748660930182,0.14771338969171383,0.12519533066303465,0.08772446618134144,0.16028813081455895,0.13691764204200454,0.22521622778674186,0.1376073798290247,0.1538982036650974,0.2683869518978508,0.3471375342817387,0.14176392639607238,0.2549916601914197,0.18664001180155693
Czech Republic,1.062700466789403,0.8380547603421182,0.5149234803330742,0.574324862081812,1.552350543541256,0.23333903681359972,0.5343797694584491,1.4179582099521097,1.1845071326907959,0.20526798944903069,1.4470162553638632,0.8793507090357677,0.48585977288263477,0.8878236663108477,0.4274384786128261,1.3750540850969146,1.1474758884576277,0.39569062572394015,1.0,0.5347337884434111,1.042602964595298,0.4851529593319867,1.3861061389293003,0.22379864539697153,0.7572601394725006,0.5176130596917283,0.17662006523130094,0.36277802258681646,0.9461093155864118,1.6371544475218254,1.772023525589966,0.3515049499461631,1.4753565822497494,0.6275213784562683,0.4566488941216261,0.44463993177340816,1.0992480933587563,0.42313297772793135,1.29111355073074,0.15085981739296708,1.3539116775360074,0.781784078696231,0.15600454222608326,0.18638748184125514,0.19625130055533013,1.1852025057070887,1.0198828579296126,0.12005647914727274,0.7042851372823369,2.0235246476846434,0.6074800227990004,0.6903895603984861,0.7226428073907695,0.8880080845854875,0.7434811707600256,0.9222748689353157,1.3539651234760381,0.6768229793909075,1.3689564852583362,0.9711194116388289,1.3418612081315446,0.3600169391911739,0.6594670448730242,0.15291329817806215,0.18264157726742028,1.711782536761786,0.7831179540614979,0.19970114543398335,0.6733057240797833,0.4244941499403182,0.5020922575162898,0.312301116442919,0.39348970681534967,0.7760532557088058,0.6356035552546537,0.44131046304163174,0.9025916776154337,0.28809986474915295,0.439083755716269,0.8242547680395741,0.7293730587897721
Denmark,0.28866181433528143,0.2565279027670226,0.12524187453961755,0.1590765254683481,0.5804576569150173,0.37380183231401054,0.10998147839687597,0.5153574252399411,0.3646882536102186,0.3861312002356143,0.5231055674738759,0.2806903140308813,0.11247043765300943,0.2575009818390044,0.15346153790460357,0.4856091593553256,0.34930181698877005,0.10557280296570606,0.5347337884434111,1.0,0.31832708890972033,0.17465303679514682,0.4933583498197631,0.27480454074393246,0.16957530335930504,0.09751620327919466,0.5302230661005803,0.28835904433271303,0.2845137401349155,0.6229406012223089,0.7140874279096745,0.3068606868048435,0.561815205690981,0.15136729090936207,0.15525388949706387,0.1427804510127597,0.3677936618784723,0.17136115445386574,0.49775476400085866,0.6262539011260113,0.5204767851733729,0.2553767791590055,0.47015764329649073,0.44777938127109607,0.5178049219819632,0.3720505830667742,0.3127272557685023,0.6803194627579173,0.1680218663601685,0.8718755574165022,0.10552455067120889,0.15154551069390013,0.18507579732695503,0.19105565046080905,0.1340568523698822,0.2260873762771035,0.46271035598276894,0.17559962308797078,0.4786809875358762,0.3293495318136017,0.48460928704915324,0.18986314992652525,0.20759213616873226,0.43112906677642043,0.5151451870679804,0.6565599941484666,0.21564929029511293,0.30898824999657093,0.15896101488825046,0.12386390185969534,0.10768090238770167,0.18745018981129707,0.17100130263960198,0.2048827013386329,0.15420663254637276,0.17392708777486726,0.24939236183792182,0.3642807338621604,0.1604944706657226,0.20190287420666647,0.18796345316916713
Ecuador,0.07452263300952414,0.06870902208227334,0.35695465573338453,0.2297617696150999,0.17646970395049794,0.7885280874529798,0.30969322260271365,0.11663800014820691,0.05171885088855094,0.8524158722026057,0.14039016450253358,0.0562750311161124,0.33456893915866104,0.046062374248137083,0.4582292238021929,0.09134373323745279,0.04118168683090062,0.34235322870254115,1.042602964595298,0.31832708890972033,1.0,0.43149801740411636,0.11350512559219988,0.6552570477697869,0.254442661426275,0.30442385220123364,1.042080852133588,0.562051460841137,0.03797677971170452,0.2067397959630271,0.29449069274525463,0.5235669077344897,0.15455414414666344,0.13549414201541463,0.4804208614545802,0.39786842478706863,0.03476003005234121,0.5265531363721921,0.1375059720857709,1.1775107491701804,0.12932910897588787,0.28380871816366426,0.9491351007244936,0.8544663460889835,0.7931195309133816,0.06890646863196676,0.03601800026634372,1.2156237620400452,0.0796682215454349,0.4530078330699034,0.19355458563198819,0.32127752353429884,0.09437111188746297,0.09664331959801464,0.22815053023396492,0.12098862056652124,0.08832100297829654,0.10600788580509957,0.10364270254775032,0.053864485276411134,0.1034074558058942,0.44850691227925865,0.17820554470974295,0.8562970588677972,0.9730077237295129,0.24264720064093193,0.06282227460022899,0.673887456548034,0.10623600873759934,0.39226209439852966,0.25080261842944196,0.5012261759449874,0.4575455567053526,0.08352197630986943,0.14736234594898825,0.48654406631937097,0.04622972827507538,0.6410524641928752,0.41788422129762337,0.1173163974507618,0.09917787966801833
"Egypt, Arab Rep.",0.3859806214827129,0.3650357132634329,0.162504540898694,0.18315198500504934,0.7245953314566511,0.3773964850122813,0.15114000935991576,0.639161921776528,0.45740851624438555,0.30670056816548785,0.6631417718058388,0.3766470634921696,0.1268783065512676,0.357302180678438,0.12365291165949063,0.6293908210962836,0.4752940726902153,0.15647763133861545,0.4851529593319867,0.17465303679514682,0.43149801740411636,1.0,0.6361390881998821,0.3025586781895686,0.2591779220233552,0.13219864264654133,0.3529204642662043,0.13442909359400018,0.3897712510350363,0.7711503751905985,0.860412919902467,0.19032705898435992,0.6867655827648528,0.2583418807392631,0.07469791443468951,0.15655670294325116,0.4961796158056867,0.05360423773500586,0.5852110143215785,0.4945575569365215,0.6275681321568154,0.28342070624872784,0.38315162164097,0.436438091980549,0.29800176056458966,0.5157177089016072,0.42905545995817224,0.5217811362380422,0.2588139041070119,1.020420836106022,0.21672486106204258,0.21343323577615358,0.2823813856802719,0.23141227132241962,0.2170633532417938,0.28656790682742506,0.6107827931346761,0.2503258766671639,0.6260556620427191,0.43908893692234163,0.6012195840143824,0.13892023534913256,0.14016647250505856,0.3887962110312962,0.44119045873661655,0.7861195602734596,0.3032779705383465,0.2193737867501797,0.26964722882539516,0.1708198551353161,0.21648901920922933,0.20555246218167628,0.06580074312020817,0.3348877226121497,0.21952529358508052,0.03854322352165049,0.31740427800499305,0.4394531560425201,0.184497848829228,0.3650708624252073,0.24965898736073994
El Salvador,0.12966751814952127,0.1753595540445072,0.5275488017291317,0.32597276777112905,0.07043789872108644,0.9814499914176003,0.46863951139125104,0.06485170728785683,0.10783713835427755,1.1116266036718947,0.04981439331487625,0.15689718854839427,0.5011616700554565,0.13793222997134957,0.6438032398881586,0.058392482825801784,0.06890954871253105,0.5473484824902132,1.3861061389293003,0.4933583498197631,0.11350512559219988,0.6361390881998821,1.0,0.948797534446261,0.31806101203795256,0.47311798994549503,1.1774712323495395,0.8177612659126215,0.13651260678215008,0.08203178704285857,0.1609953042271011,0.7109877938833068,0.07751683489899291,0.3072457933447492,0.6666217233591432,0.5805422752412026,0.09620029401005858,0.7060370085897052,0.13683681808497114,1.498810865371491,0.10981815532296585,0.2532734965124028,1.2047895519001213,1.1122742341783567,0.9767313243219358,0.07390121118484438,0.11278310072307501,1.3176989699770896,0.23851233425696153,0.2683937868362063,0.3384945474380293,0.39329915543855665,0.24596449130387774,0.20648956425125978,0.3004820190017515,0.19651075356557726,0.07006844104299118,0.2701181579519808,0.04892306453237416,0.12607726796675664,0.09698743635468854,0.6630122823678691,0.2803752083533063,1.1420416862948117,1.2581781997345387,0.1423405039901543,0.19406421659035572,0.9234985039439889,0.27154361613615263,0.5777965166659784,0.4314490720645763,0.7416822747905217,0.6346542203546528,0.20765873825415335,0.3168696917814726,0.6876087703372933,0.18126698504665142,0.9116545475556037,0.5858978523546623,0.20342371767525136,0.2643971787339537
Estonia,0.7018688908122738,0.5244959515725165,0.25793570095113716,0.2833299872357054,1.0730526024887979,0.172717560564918,0.27967691145886964,0.9399861984094477,0.7764333021337427,0.12134057688765537,0.9814721597108599,0.5425264853675003,0.23753883744286589,0.5422320348488749,0.25704904255952865,0.9327901486143616,0.7477889802075792,0.21164149967593235,0.22379864539697153,0.27480454074393246,0.6552570477697869,0.3025586781895686,0.948797534446261,1.0,0.4294181984830544,0.270524471122924,0.1897013760429803,0.26756347404364145,0.5806423002748592,1.1371545595235635,1.246419763131163,0.3254446491414428,0.9913843907634654,0.38729368105556106,0.25686265450070983,0.2212345435854557,0.7079187815596949,0.2679903725556673,0.7833992224445915,0.23775872246491672,0.8559019721320807,0.4603272855497513,0.14318579583099916,0.2122758000000912,0.21629793348579182,0.7810282802032285,0.6391417180071755,0.26894337423859527,0.4189066183946495,1.4314692590373195,0.34705131650222076,0.3292281121931039,0.4317654108335014,0.5166118154257726,0.3883343005120195,0.5688670104055854,0.9106805916825332,0.4002890845310396,0.9318609650871429,0.6216223091960835,0.8570422898237565,0.24826397980466475,0.4261193039792598,0.14051888301083518,0.22207836987267637,1.155330681245826,0.4691774186332047,0.16503837850279823,0.4132391592637137,0.16871221782908652,0.2952531982668316,0.1411910424234555,0.22514019812716984,0.4807197525201732,0.36205868599115243,0.2810515254849635,0.5416689900417913,0.17956749738091224,0.2056041265228184,0.4999024346560431,0.4107240749722639
Finland,0.2917292487231222,0.16368759835422333,0.15010702725650898,0.18214566302443919,0.356767737460979,0.45944038312844787,0.11951990772478982,0.3188110555068498,0.3093386677757751,0.453530223626123,0.33411284524579643,0.18749181677962135,0.13742223250049435,0.18934709571846414,0.23228873528343097,0.32348901069894376,0.27226077781035546,0.2176022206397674,0.7572601394725006,0.16957530335930504,0.254442661426275,0.2591779220233552,0.31806101203795256,0.4294181984830544,1.0,0.15748288220313492,0.5552600713708487,0.42327774961667897,0.21926360873349304,0.3795522886343521,0.4344931033478975,0.5143139117865193,0.3459240373388885,0.18303554258347507,0.23447863177816058,0.1572056324647726,0.26501698145380076,0.2456169816639906,0.3003055387404696,0.6907272134427822,0.3155594006827874,0.22270253069452833,0.5490241180991616,0.6013768209890461,0.57812071423766,0.2901117126116349,0.24386856333974366,0.7447387587810004,0.18755264400733357,0.5657777192850164,0.1115847180335888,0.10681204456652252,0.15794551436472457,0.2461678562162792,0.08316311202944193,0.29270184881813666,0.3145757546253961,0.16288880080954357,0.31274979054012764,0.21371655252958732,0.30055834508975576,0.39452117093241856,0.32517603297644604,0.6784467060483527,0.5452408974505762,0.4088362296715039,0.1755253492516057,0.5509779939160249,0.16573507620475073,0.17550031693449922,0.1995152467813437,0.2289255988437213,0.2688653404238999,0.1445539261278708,0.1975978979905851,0.25574188304914114,0.2450035003235448,0.39813676395933395,0.1728237488049253,0.12399049923087044,0.22496070734719015
