Country Name,Albania,Angola,Australia,Austria,Azerbaijan,Bangladesh,Belarus,Belgium,Bolivia,Brazil,Bulgaria,Burkina Faso,Cambodia,Cameroon,Canada,Chad,Chile,China,Colombia,Costa Rica,Croatia,Czech Republic,Denmark,Dominican Republic,Ecuador,"Egypt, Arab Rep.",El Salvador,Estonia,Finland,France,Germany,Ghana,Greece,Guatemala,Honduras,Hungary,India,Indonesia,"Iran, Islamic Rep.",Ireland,Israel,Italy,Jamaica,Japan,Jordan,Kazakhstan,Kenya,"Korea, Rep.",Kuwait,Kyrgyz Republic,Latvia,Lithuania,Madagascar,Mali,Mexico,Moldova,Mongolia,Morocco,Nepal,Netherlands,New Zealand,Nicaragua,Nigeria,North Macedonia,Norway,Oman,Pakistan,Panama,Paraguay,Peru,Philippines,Poland,Portugal,Romania,Russian Federation,Rwanda,Saudi Arabia,Senegal,Singapore,Slovak Republic,South Africa,Spain,Sri Lanka,Sweden,Switzerland,Tanzania,Thailand,Tunisia,Uganda,Ukraine,United Kingdom,United States,Uruguay
Albania,1.0,0.1326738880045601,0.36385393325762616,0.529245722234494,0.33873661310532965,0.1774536148178409,0.7848902418896938,0.3324655662756051,0.15316375064416132,0.053724825066757464,0.9509134308263244,0.12027057358469284,0.1513518501541962,0.11914545301676563,0.35652882800437846,0.13668645234899304,0.127115979335634,0.5005147943207556,0.10267211645499813,0.06413697622012021,0.36550293478117474,1.1529683381945635,0.30483606789237727,0.09854971330139667,0.07351114322302124,0.38174874602678593,0.10550412661923203,0.7323189017057465,0.3151387069972291,0.30835564007320915,0.5816541395305009,0.10404283168726164,0.45444594283032,0.20589941246528146,0.28845774259274115,0.5697767777730823,0.1638582400774905,0.19040955919595426,0.435820931253615,0.27690387713266496,0.41534191244528407,0.40920189034324506,0.0855614409884374,0.43061620853080684,0.22834514514164836,1.2380257022978827,0.1952639629793194,0.3122661938554715,0.07084273273947442,0.9042132434254433,0.9738861114074019,0.8531148194139321,0.10746462508992666,0.14815856376677267,0.09262508511267645,0.24480064635464446,1.1442570370607772,0.11974603667886513,0.44506732453331665,0.23313468060415962,0.3471346655401678,0.07085213290388703,0.14798633615828913,0.1379621533404787,0.2648934156836532,0.05357360984901682,0.11388813119648564,0.14975486756550807,0.11590853079016963,0.11854186129084163,0.17151337823475157,0.48593145392175796,0.2121266183143161,0.9029127491399269,0.9861698424241037,0.1184587631931476,0.2707058209149418,0.127029769916608,0.13572001676271747,0.7107848816197431,0.16408292497906848,0.4072655735122494,0.2634536060678852,0.5447209515406527,0.4365173433969605,0.14029856645234645,0.17763132919354574,0.4265601464174123,0.18079213508373576,0.7125205918836319,0.4408141425254454,0.16173805406321298,0.1368456913994098
Angola,0.1326738880045601,1.0,0.24452124509886827,0.5617102527837844,0.23477692939437358,0.23716411496621453,0.6624122113971462,0.2331220977500373,0.1913011662145774,0.11277405351544012,0.7373026086956154,0.04658054882481977,0.19022404048242883,0.023845966518324213,0.2483193738271276,0.06018612564555184,0.039036471729393646,0.476034389970578,0.15042442068947628,0.09665647107636471,0.314608445053063,0.9931000998333988,0.29660413333239416,0.04812086523729417,0.06687790129774307,0.3673461599897422,0.15954861543097484,0.5617791789700564,0.1690298135668848,0.2670009897463925,0.6910350174414288,0.037324640901453765,0.34114746407108576,0.28759698089053026,0.37769706601351943,0.6624458153477873,0.2138238067056647,0.11206113953476346,0.44507655627553866,0.17625731557959323,0.40507612349624433,0.27948619710287714,0.07506452585067361,0.4184214613528663,0.20642518422332487,0.8952600806108831,0.21388034347703253,0.33150896979027644,0.1146861079078863,0.6552236802272475,0.8331025155864239,0.8996923554974278,0.10089955314939478,0.033925565877982705,0.054768423830825,0.23079582940082302,1.0384337602617006,0.051261662534783786,0.5714140998655334,0.19970772812387116,0.24071436135210367,0.06965701562643203,0.05082691486338925,0.13938832221494055,0.18858781251699244,0.14380572565767835,0.1509499134699492,0.0655325471184511,0.1498313203663747,0.040399227538488874,0.19391429801411708,0.5158367947974,0.20755381629673095,0.8259678190229084,0.7405233568195546,0.1436797767705598,0.3465799083158204,0.0399068619685185,0.2021519029467845,0.8089327179635926,0.06125867215935585,0.3091055251220033,0.2254594897758994,0.3492778505369708,0.3954304092062474,0.03237679104451105,0.0955382446688055,0.44349303065789847,0.13652000545012946,0.513599082342542,0.30146108760567325,0.08050087169181636,0.08115805893666739
Australia,0.36385393325762616,0.24452124509886827,1.0,0.17051934239188013,0.1785023537786529,0.6148075440836844,0.37060255723667046,0.05262129972653026,0.5760515328258915,0.3969842592256232,0.3669973048591604,0.3417618572416067,0.5653268995206422,0.2754147277172275,0.07796612172269865,0.3483151441909951,0.29205704266290144,0.22122257566439732,0.5005688912071844,0.3824033186782666,0.1407804436268534,0.5409882580104451,0.12027053617753955,0.29896262228985,0.3541403263982563,0.14187261044392974,0.5061959381902374,0.2464720628335221,0.2035322493871262,0.11221036975935242,0.2894113097517045,0.3237116401592427,0.11948852941189916,0.6869386642768359,0.7787242402974689,0.33501048968375313,0.6090820192329015,0.20422145807776104,0.32985597195412786,0.12819454930974444,0.1540859373144889,0.07814210958367776,0.3878841089877512,0.13208660577211756,0.5961759737308011,0.49872628551375553,0.6345188899007199,0.3100507464697041,0.43386818767695756,0.31632402579511343,0.4376347461340818,0.43184252504671516,0.4527025367294948,0.2181045387570036,0.3564443981728212,0.23425045195591757,0.5669690803035078,0.2292428943322312,0.9892941507715773,0.1573879329229805,0.1349335156299785,0.3558282720641154,0.20212255786595618,0.2815175667615837,0.13626351929644132,0.3274969003612006,0.5079882142350485,0.19712790623799276,0.5091087033974597,0.3190329233104924,0.5794277125187319,0.2117430447315174,0.2715128143215757,0.38277644568354197,0.413562844265676,0.5158032719757653,0.7771199954789187,0.2372021436062628,0.32551392677180147,0.32673102291487743,0.20311703138479814,0.10784212873515706,0.18700550039408223,0.1429973768727663,0.1695330901346693,0.20602135940537128,0.20643172723565828,0.1451149286237446,0.47863072238568216,0.28022798983613023,0.10514567082154783,0.20681582728145803,0.24211939373368338
Austria,0.529245722234494,0.5617102527837844,0.17051934239188013,1.0,0.2029938419194511,0.9083354315069051,0.3159158072447832,0.16511226119329375,0.8564652532715423,0.6508489526399738,0.19474290338375544,0.6529174481940045,0.8548656439754533,0.5816692079743413,0.14996522041995153,0.682063313284543,0.5432121402954484,0.08383209174661135,0.7910348818857502,0.6304110379693084,0.15054746069466524,0.34209754265413783,0.18450075056560536,0.5456708938162315,0.6019877755329891,0.11541262341172923,0.7987483522553227,0.1951955473432247,0.38389972787825155,0.153005538373793,0.10684456452549274,0.5812072674817734,0.19573102664901537,0.9762781644197045,1.0831226077726233,0.1413020885960059,0.8947384092395289,0.3165766864424222,0.1228236537416377,0.24613897271279345,0.09911845932032873,0.1429888645043535,0.6664074856027976,0.10021607980019046,0.90757586450311,0.302670916933664,0.899706968337767,0.42779167006815055,0.7404719890772075,0.25337923848467947,0.29859104422859384,0.1904635697224636,0.7298091197914385,0.514346113605708,0.6095396552620246,0.18721475062955786,0.3087660745718881,0.34969674352240143,1.2908944943085015,0.2311027634879505,0.26335515347165744,0.6011155066825761,0.440175479040398,0.33340383452402456,0.2883176015446346,0.414064831590829,0.7932664732328917,0.3773619241382836,0.7996810933428563,0.6497195703738626,0.8541260193829886,0.14871221625054437,0.3079661651329218,0.27896437493761084,0.34403863820892044,0.7998402210993935,1.0568965953577445,0.4652596419189563,0.43848628430807046,0.1734979737587818,0.3583215728460913,0.14040410484387533,0.19784820534937825,0.16214219483192688,0.08678983696839837,0.4930060571783216,0.3073139340086859,0.0914788156010978,0.807833294367238,0.2816188469377358,0.14685019360474094,0.49129838201159237,0.40157261261508587
Azerbaijan,0.33873661310532965,0.23477692939437358,0.1785023537786529,0.2029938419194511,1.0,0.5066732655790116,0.40099764023860485,0.1792825522827134,0.46811353456103094,0.3144014793793687,0.2970165823477025,0.29322543727547223,0.45509957078019225,0.24476292352130452,0.16754030720494476,0.315792778929894,0.2321288912342107,0.2182118209845265,0.3958212318985981,0.3120937514068386,0.20051933844575376,0.44965915404310236,0.18323709387615356,0.25237146170254926,0.2830971706874319,0.1827963839573591,0.4100097502718013,0.25213340748620966,0.2687753232462746,0.1734932552456716,0.23938126984074207,0.2575863106642655,0.17789463995317137,0.5786258097203668,0.6765725455099866,0.2662270119495117,0.4842800054225752,0.18323816194999837,0.2259387123324992,0.17018750299372445,0.19724639407443648,0.15527879929256652,0.29714409561085997,0.18932485596835588,0.5177472759012607,0.4471381038744009,0.5064112423093187,0.2984970261572284,0.3212720105286229,0.37069858416802326,0.35628609202133515,0.366197778993578,0.35579361390463116,0.21968548388829198,0.2812015523864059,0.22927651606452518,0.46907554697999754,0.20080153923974775,0.9016968851158909,0.17047775420006833,0.1902349568818205,0.28182786748259275,0.1945390943264864,0.2589721241163918,0.1977110606306816,0.31854227581278194,0.4057136906541695,0.18933077829481262,0.4029637032871475,0.26395482800066017,0.4814138051664134,0.20895330157100295,0.22725343555311947,0.33992470036398437,0.4623135295055864,0.3959403271590741,0.6600803418033946,0.20682135450562575,0.2508771351049228,0.2695201785880099,0.18611944879750167,0.14760027359150454,0.18424492659383807,0.21852115953940446,0.16103159149873433,0.2095931118079684,0.19048566089205116,0.18870678770110713,0.42761031700391705,0.3099966934396498,0.1812968230485183,0.22721933048796064,0.2269327264981111
Bangladesh,0.1774536148178409,0.23716411496621453,0.6148075440836844,0.9083354315069051,0.5066732655790116,1.0,1.0943841369794698,0.5863798820978545,0.06586911169416668,0.16894261708210892,1.330146098734459,0.17046879308234975,0.07026919751887462,0.21703822916217264,0.6679884795767066,0.1614361289996067,0.18993608349033067,0.815328107151124,0.08185110293794948,0.12609449134120979,0.6794537220734872,1.7157021657558211,0.6256835070669342,0.24376331698636025,0.17483833101821683,0.7043688498519722,0.07045658515604802,1.1222543691842792,0.36384888465148174,0.5802545067123668,1.0937275085680402,0.1917775472196682,0.7546144428004857,0.07663399173992985,0.09443834948562099,0.9801981467288057,0.06210804980373974,0.39219961534602144,0.8800950852220398,0.4720565697689508,0.7264065219070589,0.7214554405430071,0.15802885001930264,0.7388122008904152,0.1412195131316573,1.5813826249323313,0.1016399078807747,0.27987532224093725,0.14564064994589368,1.2590949429444294,1.4058018667779295,1.2600657030392046,0.107823726066059,0.260443429645814,0.1714142968507308,0.4875284031240121,1.5562918085456405,0.30431847556156755,0.24650126968309288,0.47915510255105187,0.4973898999711669,0.15936967451605683,0.3255532051173967,0.37607753431633617,0.38445900500151736,0.21674031835077542,0.07068924923387138,0.3703790146995115,0.05646381687459198,0.1845387912178058,0.10256855891177336,0.9137252796697184,0.42782873040162195,1.4294507735004254,1.380242829756178,0.08404201879217199,0.11211202267891252,0.26461425912061304,0.2634347958735811,1.2010488357616784,0.35199687450011785,0.7348772031132847,0.5635352666920581,0.879820440709721,0.7514607510247423,0.2779831664518979,0.4252133148180184,0.7832259094085261,0.13088374767320582,1.0196022177063178,0.7233199654275467,0.29619117171930726,0.3699930562464482
Belarus,0.7848902418896938,0.6624122113971462,0.37060255723667046,0.3159158072447832,0.40099764023860485,1.0943841369794698,1.0,0.3587084563555969,1.0682929709318871,0.8149422621118405,0.20548229355852712,0.7769424412131333,1.0531895500874877,0.6954184440417408,0.346848793287377,0.7788153110625292,0.7123274255955105,0.4080834638551012,0.9759595920070654,0.8206461840065027,0.39289685768526494,0.2835578674560027,0.4126521357448729,0.7122895785654302,0.8007173006714616,0.42284513346658104,0.9809523269484108,0.2363312633342319,0.5273452895336354,0.3892085874181918,0.34498935665807173,0.7562018330056555,0.29446296910365544,1.1680173332791401,1.2636296440001482,0.3618401083996049,1.1019075785693753,0.5238992694353409,0.42106822143683825,0.414975491689748,0.4170423320241479,0.31549288113253326,0.8523291834596309,0.3567912177979809,1.0414098850006366,0.29473902874867863,1.0933019014125216,0.5474796161357107,0.9158073603253682,0.20731307985955183,0.22387989374965397,0.19975216466827383,0.933757955830432,0.6193567884923262,0.8066353337137311,0.5517814201945779,0.2267911855678086,0.6391403438174932,1.4752102599219445,0.43964181157003535,0.3810711860852055,0.7967774020537914,0.5760386366049489,0.665377419369583,0.4276382912670632,0.7089674333922134,0.9875218511199235,0.5829162756044739,0.990743590693487,0.76097574216568,1.0826719765671786,0.36168723919315127,0.6082270461276839,0.2308054938354588,0.15276081054282958,1.0037770043218939,1.2694038158466474,0.6502985333962925,0.6718614627638417,0.26216573129205567,0.5738148852253013,0.28879281480098673,0.4709248512596357,0.19998067750872142,0.3603712586794804,0.6012649672808303,0.587549384439782,0.4114190071685052,0.9130985829360687,0.22306832747590652,0.2996368107549782,0.5715188557116844,0.6192632180573426
Belgium,0.3324655662756051,0.2331220977500373,0.05262129972653026,0.16511226119329375,0.1792825522827134,0.5863798820978545,0.3587084563555969,1.0,0.5441672500551626,0.3555547884300263,0.3558142125864349,0.3409682443071397,0.5371057579423263,0.2610621450861573,0.06933776424600255,0.3452219670840059,0.2626740600660622,0.1902281438647913,0.4729679485182464,0.3408287772749349,0.11863926949402767,0.5207720916958338,0.10477994334306115,0.27942062358895303,0.32141879616985847,0.1288089424403573,0.4717475009387335,0.2550991973982297,0.19730951232461402,0.08487326717248103,0.30195802220593904,0.3016208258241325,0.14124448488889496,0.6456363494349947,0.7417207805940111,0.3358087698715411,0.5864126991455814,0.1582103097759903,0.29323552419223775,0.1067754874027454,0.11893858682587372,0.0861876773202985,0.35984794036535606,0.10887217164948884,0.608298355417004,0.5227198694889388,0.6094097740942893,0.31375400788041624,0.40786824043597786,0.3324277722101261,0.43893392465625664,0.4516025521918114,0.4232413068371461,0.19197434756047446,0.3316282427555264,0.2244095338113958,0.5919549420986001,0.19869881441882775,0.9569354627753741,0.09853565291542785,0.1456530127449173,0.31629053186697287,0.16558336825380532,0.26599635791329224,0.13113308421716874,0.2953670428978954,0.4747793825249499,0.1615160535793245,0.4780623012431442,0.30486986560876694,0.5543788277665631,0.21988788445207083,0.23824210995339834,0.4117928934756903,0.41928898287383715,0.4854986530461023,0.7360418589775686,0.21385229945641024,0.2899141665075634,0.3277867112046751,0.1667067326737014,0.11084376071889354,0.14861572891524072,0.13047887678566744,0.15109748228344624,0.1820357044110333,0.19451432571110355,0.12941997951272435,0.4947420947892105,0.30533257468072694,0.08804922415389305,0.18539935132026625,0.22241271404435423
Bolivia,0.15316375064416132,0.1913011662145774,0.5760515328258915,0.8564652532715423,0.46811353456103094,0.06586911169416668,1.0682929709318871,0.5441672500551626,1.0,0.1280855597442919,1.215716051449194,0.12753408401005903,0.08113385735444142,0.17223832156742072,0.6282488475461557,0.11778835059365558,0.1548264819390641,0.7519648501890313,0.05962338233739736,0.11083248820325473,0.6075375376076607,1.6255963570641674,0.5731010715540119,0.18865907633930998,0.14049817159512495,0.6412506096788093,0.06738812250187762,1.0115468906454002,0.3284497406833376,0.5433555143248074,1.0236797954006978,0.14617196761026388,0.7145411075229453,0.08642045321059219,0.12192332317722007,0.9628192105679352,0.057242739571571416,0.3501273574099525,0.8275502047409082,0.45105993967853014,0.668008267029955,0.6801183918055713,0.12067786282517445,0.6812242879707884,0.09869489190085004,1.3997696042589505,0.06829546913283263,0.2890812438007296,0.10507275029168592,1.1960448866325173,1.3837047677804046,1.2690671833420468,0.0776847727081908,0.22016478975454018,0.12417008315621675,0.4173480545074111,1.527685611121199,0.25395873019319315,0.28092870263577474,0.4314703934463753,0.4688782176779708,0.1303655753645073,0.272825353037828,0.30402159205060847,0.3518348118764592,0.20502088068659655,0.06217133425605392,0.30884284552721564,0.06905886402997471,0.1472028697798206,0.057398522595321605,0.8559769844294476,0.36370989632835493,1.3779864095500312,1.2947687620240327,0.06391948622435742,0.11178079477764805,0.20920937927314373,0.2763358789069189,1.169116340145358,0.2933444338362875,0.6908150512645131,0.49356798852229766,0.8086977802503208,0.681608676044445,0.24322973101042436,0.35733123038649517,0.7196914528563731,0.09122710473376419,0.9263204603580721,0.6960638318356523,0.2677489930425564,0.29941311126129966
Brazil,0.053724825066757464,0.11277405351544012,0.3969842592256232,0.6508489526399738,0.3144014793793687,0.16894261708210892,0.8149422621118405,0.3555547884300263,0.1280855597442919,1.0,1.048909749995917,0.09852880033199232,0.13254207393675652,0.1014205124973672,0.3945284300200883,0.111628836593894,0.10686039944477996,0.5878369174085204,0.07867949090432594,0.048167583151776605,0.4278384179895697,1.2543219420647627,0.36400923550176334,0.0709781597764825,0.051337904805386136,0.4874436433101227,0.09224647500163685,0.8355559607795401,0.31147757929136516,0.3383542776382779,0.6411473025975487,0.07739475815230648,0.4996655582640279,0.19830752818845668,0.29283350381795703,0.6344678131323427,0.1495818893707108,0.17942302402305682,0.44505546674413715,0.2919452232138521,0.4957593480020878,0.44682947712722076,0.05624691834706505,0.5063759438573912,0.20629376205422922,1.2748136619802846,0.17466832547176617,0.30737671416956047,0.06560664536735394,0.9630533983948272,1.0353233120624277,0.8739491579693701,0.08060938473462329,0.12989834511253495,0.06871661346467806,0.29935825781564135,1.2580674207401772,0.11323954690066654,0.4687272219049688,0.237982765814103,0.3580020773999918,0.0467081228738839,0.1334499295145411,0.17878605289943472,0.2863360270582861,0.08082247219149691,0.09979483899468322,0.14381749630778287,0.10123796009745151,0.08962744831210984,0.15011470846944358,0.5550324478295219,0.23060459735412586,1.0135044750605628,1.0477691498288224,0.08941368630801891,0.2671859639430464,0.1032465122604791,0.15947692403309938,0.758946859576044,0.13576446232325992,0.45039364582688246,0.3070061989654037,0.5688291550819087,0.4962404271977563,0.12920617165034348,0.2004890758668945,0.5550505483618199,0.15480693280814592,0.7593874775354806,0.46202635445328427,0.1649824171742754,0.14706742494248617
Bulgaria,0.9509134308263244,0.7373026086956154,0.3669973048591604,0.19474290338375544,0.2970165823477025,1.330146098734459,0.20548229355852712,0.3558142125864349,1.215716051449194,1.048909749995917,1.0,0.8595261257338952,1.251440861165799,0.7781581405926635,0.35282588534211634,0.8612397262017621,0.7638113783016889,0.25078123342269903,1.2100279870619035,1.0242710103738741,0.30588453092102175,0.22539821993219875,0.38803089425895754,0.7989269291868717,0.9339785323386895,0.3435025554430997,1.205453951767048,0.1354328221464289,0.5746576416561755,0.3850112498473386,0.24735984085139576,0.8411498776407301,0.3052959024962178,1.393816253469265,1.4942280108552233,0.28333740617452313,1.2677872795774727,0.5445906303410054,0.31373551986057896,0.4666053505675505,0.30270863826982874,0.3228721669306821,0.9606765105871521,0.31244240169532445,1.0402320151717688,0.19133381460831794,1.1185388550517186,0.6255949964773817,1.1299584131143776,0.16238389913752677,0.21005999677412823,0.15626501392019104,1.0359034376472593,0.6923694441566648,0.9039416045034356,0.47846205141546716,0.188871114473412,0.609627529346776,1.6892914503283432,0.4399961705719452,0.5047225312024057,0.964649707485611,0.633530926554259,0.6720748367390983,0.5521766981526108,0.7921944409398691,1.1856758891674288,0.5830740900397827,1.1995278675281407,0.8435078518100875,1.1221308340768266,0.2604595747698879,0.5308522426277361,0.17912221264731798,0.19250361437904878,1.1257862188687624,1.4430032287769432,0.6816074243612477,0.725704711365031,0.20068281304258126,0.5911268135558774,0.21874960856829645,0.4099105323931785,0.1727802474187929,0.2219082456521508,0.6802879815145304,0.5385626804833606,0.3112443010807019,0.9454873161352602,0.14954321981856383,0.2873148572960431,0.6765246013886672,0.6224235735783905
Burkina Faso,0.12027057358469284,0.04658054882481977,0.3417618572416067,0.6529174481940045,0.29322543727547223,0.17046879308234975,0.7769424412131333,0.3409682443071397,0.12753408401005903,0.09852880033199232,0.8595261257338952,1.0,0.1240996818473418,0.033605514070274345,0.3616552251547923,0.03737365930032202,0.03167639976054912,0.5483154606232714,0.094948626154127,0.0771057754347956,0.3869045664163552,1.1637637760192698,0.37917083831800835,0.054176181520945166,0.04908055631143485,0.43744487847248326,0.10892246621672205,0.66071514292283,0.2248129800277189,0.3579475358498658,0.7800499044148087,0.03886780532670661,0.4093933257365887,0.21244166745787335,0.2889428560995249,0.7336228368826513,0.13434971035227378,0.16303513114700527,0.5412531609171087,0.25979544665620125,0.47109168305646154,0.39829415931904444,0.05096655039813916,0.4840957479702742,0.1399590835144888,1.0162182136016853,0.13590510009524898,0.29552247405776677,0.09285591952152067,0.7868662361281914,0.9746468101585394,1.0109994426032636,0.062445155745818354,0.06998068440537514,0.04332825250686331,0.26911622766363064,1.1104498111584094,0.08656066109365651,0.48031138194321765,0.25650064077156476,0.29644015355026365,0.05150506744855238,0.1024279665859516,0.15696021058784515,0.22787667269216205,0.13970139138570078,0.09553371752022455,0.12391358102009775,0.09808243665908253,0.03783813615478135,0.12527774206392245,0.6062769111895224,0.23756645418855235,0.9573910785913029,0.8663396785546409,0.08771861984767262,0.2623722663982786,0.05949302375490928,0.1901304589777532,0.9061255592954962,0.12149938252774212,0.39560162862058906,0.2880435245357874,0.4713302026966125,0.46984032382481816,0.07989524682875496,0.15337851838528938,0.5146880851226353,0.08013495280415947,0.5946521154074218,0.4093185877120523,0.1198878049142566,0.12566940008340224
Cambodia,0.1513518501541962,0.19022404048242883,0.5653268995206422,0.8548656439754533,0.45509957078019225,0.07026919751887462,1.0531895500874877,0.5371057579423263,0.08113385735444142,0.13254207393675652,1.251440861165799,0.1240996818473418,1.0,0.1695463148675104,0.6068395604744689,0.12038579396162219,0.1581956528007772,0.7548938200176983,0.06466642349921356,0.11216922224344833,0.6114259079676745,1.6069451106292294,0.5721010889845166,0.1986280583149153,0.14126259040173195,0.6506956550874752,0.052116324569128236,1.034492409724556,0.33735766947123713,0.5397817023444015,1.0224564947020847,0.1477222929764201,0.7027561999092391,0.06920585911533664,0.13387132978575486,0.9228880294296544,0.05129350455715978,0.3541904293201837,0.7960930741552075,0.4224784536325117,0.6738248400810039,0.6702667255403019,0.12338936568166503,0.6817869888030792,0.14146363117304195,1.46723918135273,0.1042757372075368,0.27258344168839166,0.1182703837443817,1.180481450608221,1.3286496604920117,1.1891623785432797,0.07840202382655007,0.21181832199362258,0.13433931995733325,0.4305333482101338,1.511483510370303,0.26571488453482583,0.2835607021911041,0.4278918322833853,0.4554665096768467,0.1211885209028464,0.2710102967211301,0.34012607289872987,0.3473504395147774,0.1930612876051386,0.05367969164029121,0.3094617970683967,0.061272120243066636,0.14288437019627578,0.09375304482484204,0.8460973868498461,0.3901566517112816,1.3587700302604269,1.280042421133102,0.0644170886298075,0.12763567636308587,0.21363909476219003,0.2359709522093458,1.1380076827048702,0.3048583858508843,0.6778722740169776,0.48561253087700873,0.8010711421944179,0.6838184806177637,0.23299793311112796,0.35317737329115234,0.7238919161998263,0.11376873868545345,0.933657162968587,0.674080911455332,0.2613239639437056,0.3181146560752591
Cameroon,0.11914545301676563,0.023845966518324213,0.2754147277172275,0.5816692079743413,0.24476292352130452,0.21703822916217264,0.6954184440417408,0.2610621450861573,0.17223832156742072,0.1014205124973672,0.7781581405926635,0.033605514070274345,0.1695463148675104,1.0,0.28641716083538415,0.044967668417776274,0.03462220503913968,0.4855658959535325,0.13149580335610012,0.08360616930796702,0.321614522316955,1.030528260335007,0.32353288092759813,0.036974431435459365,0.05766291041226046,0.3753952626574296,0.14109324221051497,0.5856581776025462,0.19135018445134064,0.2952650984631856,0.6974371530254356,0.0292523067681697,0.35645269175736227,0.2692801950833757,0.3533229241648498,0.667992879016297,0.1891421998097611,0.11312657957696873,0.4599747016592398,0.20127431883259522,0.41224913201235747,0.31609257100300925,0.06034954115121627,0.4229058198065566,0.18156595663175912,0.9315949727663132,0.18797447957185914,0.315960895772016,0.09962648041978284,0.6954801220417243,0.8711690796355335,0.9463043406733814,0.08717721445787219,0.04516941524883206,0.043984539808656214,0.23832954530904846,1.05823316123936,0.05880873511102,0.5439263285844808,0.20973981254520277,0.25857802409659386,0.05806499124852377,0.05884119682746383,0.1361552486570395,0.19906389832360885,0.13072860023305063,0.13493890833753108,0.07409401957238232,0.1306081920148338,0.03438798500488982,0.17196996680163112,0.5278714115118307,0.2109759692312689,0.8549339542470143,0.7740191096769297,0.12144801006677053,0.3230731941258613,0.03602985677244025,0.19121515863104516,0.8303107018487743,0.0735716807923536,0.3291814211335063,0.23292981168267482,0.38785702533992117,0.4053125388022915,0.050286919944825426,0.10944487518665391,0.45095197376630225,0.11391969280424455,0.5375865664442065,0.33137248360981597,0.08920001821377352,0.08201011427315785
Canada,0.35652882800437846,0.2483193738271276,0.07796612172269865,0.14996522041995153,0.16754030720494476,0.6679884795767066,0.346848793287377,0.06933776424600255,0.6282488475461557,0.3945284300200883,0.35282588534211634,0.3616552251547923,0.6068395604744689,0.28641716083538415,1.0,0.3828155540352861,0.29581687450445837,0.16332753138354364,0.5480297184517877,0.3857797427405524,0.12104010260166467,0.5633701713886509,0.12022211913466593,0.29206534301374953,0.3565376694647321,0.13153092976359368,0.5457398619138343,0.2579193400190533,0.2226869196762172,0.07136094860426986,0.3008441962949138,0.33116558314044786,0.12734752672263897,0.7407923415169696,0.8443195550215457,0.3521490002124452,0.6619536105363997,0.14268096634917607,0.33144829798143555,0.09456281033640149,0.11709850013032236,0.06380521713054138,0.41478308650750695,0.11778448613329712,0.6394152758751195,0.5115334800642146,0.6842812699755851,0.34791484629499936,0.4813769053124238,0.2885697307268551,0.4855999575767315,0.4458544545508989,0.49049051423364354,0.21948780033430695,0.3733451405874396,0.21775225146421767,0.5698316773217458,0.19502709832038367,1.041811839751532,0.12143260825137703,0.15278033179721615,0.3551335433067946,0.18010553087270126,0.27845947045870895,0.13584671211468505,0.3065285740770972,0.5495728265305257,0.16164577541709396,0.552944351731605,0.3420271499065499,0.6191779121550154,0.25413474025840443,0.2803886490006168,0.4294150949261907,0.38728599423023824,0.5636731646391997,0.8210060506302831,0.2328423713274958,0.3054826305203558,0.36940118658542925,0.16966064597428107,0.10038712014921974,0.12302827516024029,0.12656905794102832,0.1431041058693716,0.20572646922312088,0.17982042439526336,0.12787212539330262,0.5253529229057099,0.2722311084295111,0.08577676495787764,0.21684574933304188,0.22426196096019352
Chad,0.13668645234899304,0.06018612564555184,0.3483151441909951,0.682063313284543,0.315792778929894,0.1614361289996067,0.7788153110625292,0.3452219670840059,0.11778835059365558,0.111628836593894,0.8612397262017621,0.03737365930032202,0.12038579396162219,0.044967668417776274,0.3828155540352861,1.0,0.04618822430413708,0.5719352764226886,0.10052987782037157,0.08628186885255132,0.4114832481840484,1.19436544425768,0.40735052386408827,0.06009521314149077,0.06389149777166758,0.45968366460879756,0.11576388771960125,0.6635266811240377,0.22206461868291535,0.38863968854228925,0.8163488333804313,0.04092359617467897,0.4108783400344682,0.20299358012344434,0.2793926326290698,0.7730920384214962,0.1275145543106239,0.19352411664708677,0.5898469003243451,0.2771110923769783,0.49643647439164684,0.41175342696886486,0.056831845748076676,0.5087734179615067,0.12625963247413383,1.0188086253548325,0.12262203302416733,0.2858956772849137,0.09719390145295298,0.7855879472035391,0.9988616571866724,1.0483404591477912,0.059047453954566426,0.08239196364166676,0.04911204747807374,0.28320358990305583,1.1051643577379122,0.09975851282902648,0.46630178142478884,0.27617837806736417,0.29326745533726195,0.06644975060195815,0.11760435027944335,0.17218336442426727,0.2444399094220578,0.15763547129850383,0.09328826876988511,0.1457350736320643,0.10765661920390601,0.04081607041768015,0.12420950641259379,0.6423510660300272,0.2527583221795331,0.9817930437578968,0.8701727873660342,0.0878707999530769,0.25848292063627354,0.0711408224789534,0.19603183455827553,0.9525848956549732,0.13586009507578,0.4040340846961726,0.3179405452429924,0.47722418456751303,0.4981796986277184,0.09481757167324062,0.16894236729370818,0.5369524852651584,0.07101383450298021,0.5908845869680749,0.42275326059291785,0.13377449507820421,0.13093883869394302
Chile,0.127115979335634,0.039036471729393646,0.29205704266290144,0.5432121402954484,0.2321288912342107,0.18993608349033067,0.7123274255955105,0.2626740600660622,0.1548264819390641,0.10686039944477996,0.7638113783016889,0.03167639976054912,0.1581956528007772,0.03462220503913968,0.29581687450445837,0.04618822430413708,1.0,0.4635343610428758,0.11508561034167769,0.07602467853540343,0.2996612757995686,1.0403400224843256,0.30500289795003394,0.04911047982740732,0.048959030191460695,0.3531456278143039,0.13646010650342624,0.5810831412716184,0.18690013194793234,0.25771001727485504,0.6940395104611685,0.037369228185821474,0.37371063053412235,0.24836361520899639,0.3344080129988815,0.669146735312322,0.16820488206683787,0.101917404187055,0.47712861572367904,0.1916674169931693,0.3952477190024649,0.3347746299384782,0.055704062529910114,0.405065130143594,0.1620228757739165,0.9523608040420236,0.16321136404889416,0.2990148257713353,0.08806707130835026,0.7197333221938692,0.8871951204115628,0.9546327858334109,0.07677202521802964,0.04165727067479544,0.04179672161543774,0.22910250260379955,1.0837960604489243,0.06672521925305652,0.5209225259459531,0.18675763843614213,0.2689508760657078,0.05411356672222359,0.05787181929985735,0.1364401641506502,0.1868054163675195,0.13484123741656998,0.10962733232390148,0.07920530945688528,0.11778401408085815,0.03201839068172413,0.1580654786996426,0.5117939301080209,0.2117778444497654,0.8906574332706935,0.7953174341498492,0.10645734652051958,0.29952427427143014,0.03607339048368105,0.1909854616382509,0.8369882405893736,0.07399601403812733,0.3493800335223894,0.2198689544723995,0.4076394561110289,0.3858361741978269,0.04852910834058252,0.11030153905837262,0.422705977196538,0.10196203149052008,0.5599506978236666,0.3469106290010455,0.0921119784121271,0.10091077573392498
China,0.5005147943207556,0.476034389970578,0.22122257566439732,0.08383209174661135,0.2182118209845265,0.815328107151124,0.4080834638551012,0.1902281438647913,0.7519648501890313,0.5878369174085204,0.25078123342269903,0.5483154606232714,0.7548938200176983,0.4855658959535325,0.16332753138354364,0.5719352764226886,0.4635343610428758,1.0,0.7061353085699317,0.5585653748971053,0.11588230013360018,0.4327012547257338,0.17851423306337483,0.4645566131861396,0.5218394526726363,0.1305947441437311,0.713113031582016,0.2556784970085769,0.37709196449028964,0.1189424977042915,0.1638332596207107,0.48519673021882026,0.22517059338600384,0.8783368431410985,0.9797757608833106,0.22185352463331953,0.7923142292751666,0.2973241213157479,0.18802749374910918,0.25085445413773916,0.06290488636659602,0.19596978619522917,0.5797270090655093,0.09018819723518476,0.7716442550917121,0.38503622946920724,0.7799032750436263,0.38488350316631453,0.661080946944264,0.3690704025447501,0.3954647637305388,0.3446680680195621,0.6360169332761336,0.44841575814357165,0.5196318823398923,0.12212308413967235,0.4418844531325391,0.27421680560960104,1.169531943671544,0.21895667669803878,0.2822457307609808,0.5203731627229558,0.3816160130610947,0.2589874811594306,0.28824747307153514,0.3545066235432024,0.6960351694978526,0.3346513107380803,0.7083343693117149,0.545734281425484,0.7353602951498249,0.19168697374441196,0.22693689888890062,0.37483978376748883,0.405130842007794,0.7022578363636364,0.9380124333016452,0.39541607975224674,0.38815867954484096,0.2801923609065751,0.32200553114284136,0.1443913137455933,0.17586870830145546,0.2026254246075803,0.07773394060043307,0.44631610929098314,0.23805688639417272,0.10289070781046947,0.6776608209283614,0.4020330528034284,0.20295618626105133,0.49167094270741846,0.32988108002652616
Colombia,0.10267211645499813,0.15042442068947628,0.5005688912071844,0.7910348818857502,0.3958212318985981,0.08185110293794948,0.9759595920070654,0.4729679485182464,0.05962338233739736,0.07867949090432594,1.2100279870619035,0.094948626154127,0.06466642349921356,0.13149580335610012,0.5480297184517877,0.10052987782037157,0.11508561034167769,0.7061353085699317,1.0,0.07320398528715696,0.560149283628429,1.5229802886236663,0.5071031773279066,0.14561173914823008,0.09330565933312113,0.5989104217784984,0.058365027312696605,0.9881057046973071,0.3238142974216763,0.47693870317804443,0.9238844164243538,0.11065350625177264,0.6462435265275644,0.112373984064115,0.17639323720293842,0.8120915935787008,0.057328341022160334,0.2886560114371154,0.6919447051454787,0.37958906826561656,0.6182717870937455,0.5977992334565927,0.07686300157499343,0.6307645999541405,0.14387426833126168,1.3807507324496862,0.1056014981026761,0.29480160234901487,0.07254815612294035,1.1370521759041927,1.239620258138981,1.0743398654772118,0.06041387744776544,0.17234633427228008,0.0875702702118619,0.3890710236260748,1.4519350070062178,0.2091142345589859,0.3540485375654182,0.36270207413127564,0.4157457873372041,0.08081518762705539,0.22189179235915632,0.27416878843749765,0.31229677784613485,0.16125279947992655,0.04993673014507896,0.2606862343907363,0.055747689246726045,0.11116980535543569,0.09540306990724381,0.7612463825082779,0.3264770265293778,1.261949485992027,1.235565734470837,0.05373195370732367,0.18305472633956882,0.16454074766347057,0.20834915780941105,1.020506327461156,0.23892537107693745,0.6164820398414036,0.4443061649349903,0.7375114704030513,0.6264832733572616,0.18386852277662746,0.31217998722845575,0.6757509072947099,0.1139544119361271,0.8687126395603646,0.6110332238742223,0.20788560850911414,0.26051049246720176
Costa Rica,0.06413697622012021,0.09665647107636471,0.3824033186782666,0.6304110379693084,0.3120937514068386,0.12609449134120979,0.8206461840065027,0.3408287772749349,0.11083248820325473,0.048167583151776605,1.0242710103738741,0.0771057754347956,0.11216922224344833,0.08360616930796702,0.3857797427405524,0.08628186885255132,0.07602467853540343,0.5585653748971053,0.07320398528715696,1.0,0.39752754159843834,1.2394300554869115,0.3569010863631948,0.07204310315437332,0.04480016374589191,0.45881430488169467,0.07544774313919994,0.8075361519894624,0.2875607312698517,0.32725129103076833,0.6944597222114726,0.06304143291002906,0.4918849830872891,0.18477025731766766,0.25609305455655423,0.6512468917370163,0.13205550121926096,0.17324363255070027,0.4913310044383875,0.2726704467079716,0.4708150894674421,0.4358370481536784,0.052265550285636175,0.48001962602183856,0.18374957250916593,1.239089242225517,0.1527069393281567,0.29725010700477394,0.05079726867917464,0.9250555614841806,1.0313092090963862,0.9233586010399919,0.06330106673257557,0.10237255601663331,0.054038335527274745,0.2786402328722677,1.3247118392466384,0.10402927976660153,0.44039841497534593,0.24056294867003825,0.34732198450695057,0.04067031492079751,0.12274668972230707,0.17378072222711932,0.26282336035501186,0.08840199711122312,0.08013758898615281,0.13829164959831128,0.07647677978645781,0.07286473942427849,0.1361167908641923,0.570813698045166,0.22964691533572934,1.0175953015359143,1.007067816851068,0.07368034793737516,0.2340209934843148,0.08859966321115617,0.16330783221491385,0.813621945415204,0.13336487937373512,0.4424670966948436,0.2782715138500521,0.5566510004824341,0.47565295413862607,0.10775835487544971,0.17378911876713976,0.5286249474171651,0.13372061522930823,0.7332151853865254,0.451335677119611,0.13841951613240927,0.13659898261171122
Croatia,0.36550293478117474,0.314608445053063,0.1407804436268534,0.15054746069466524,0.20051933844575376,0.6794537220734872,0.39289685768526494,0.11863926949402767,0.6075375376076607,0.4278384179895697,0.30588453092102175,0.3869045664163552,0.6114259079676745,0.321614522316955,0.12104010260166467,0.4114832481840484,0.2996612757995686,0.11588230013360018,0.560149283628429,0.39752754159843834,1.0,0.484663430167772,0.10212531617233764,0.2957066323221775,0.35836866342997775,0.13526336558891855,0.5682111588478002,0.22651233955141867,0.28378454380468054,0.08443494876372373,0.25489280365677003,0.3234539368387647,0.1581783591629616,0.7296769054907867,0.8352017981401276,0.31218213798462224,0.6583649908831503,0.15175762157384012,0.2747895123582889,0.15023450789842238,0.08696512110971574,0.14074961132383787,0.4164892950814597,0.11846293255277907,0.6114775437782061,0.4861629759599422,0.6219343854660231,0.3159522155848993,0.49425181050654676,0.33220556770899523,0.43124990427298393,0.43063101797928494,0.47649874608815634,0.2723860498160704,0.3585741897789794,0.15572164348349646,0.543324487187598,0.1874319165330827,1.0371255372081942,0.11201192235330953,0.21257150159651317,0.35733707767801326,0.20838262319465115,0.2019369791073671,0.2212587178499322,0.2759456359453074,0.5380260562467545,0.17504171293558943,0.5522938527618684,0.38008830815567024,0.5867876016333204,0.21905785679396497,0.214409578804298,0.4119062071906757,0.4243054158271493,0.5552609679812315,0.7860266495435579,0.23549518694383695,0.28444836466315354,0.33357836124637563,0.16919710296564783,0.13340373759562554,0.09385357419070503,0.1649269761807731,0.12745049204979084,0.2636533905845019,0.1437486835404485,0.1303306158643356,0.5294996565373328,0.3736256052204543,0.14409964642055106,0.291892530373437,0.19524008201147314
