Country Name,Albania,Angola,Australia,Azerbaijan,Bangladesh,Belarus,Belgium,Bolivia,Brazil,Bulgaria,Cambodia,Cameroon,Canada,Chile,China,Colombia,Costa Rica,Croatia,Czech Republic,Denmark,Ecuador,"Egypt, Arab Rep.",El Salvador,Estonia,Finland,France,Georgia,Germany,Ghana,Guatemala,Honduras,Hungary,India,Indonesia,Israel,Italy,Jamaica,Japan,Jordan,Kazakhstan,Kenya,"Korea, Rep.",Kyrgyz Republic,Latvia,Lithuania,Malaysia,Mexico,Mongolia,Morocco,Nepal,Netherlands,New Zealand,Nigeria,North Macedonia,Norway,Oman,Pakistan,Panama,Paraguay,Peru,Philippines,Poland,Portugal,Romania,Russian Federation,Saudi Arabia,Senegal,Slovak Republic,South Africa,Spain,Sri Lanka,Sweden,Switzerland,Tanzania,Thailand,Tunisia,Turkey,Ukraine,United Kingdom,United States,Uruguay
Albania,1.0,0.023292300991104787,0.03736308202365319,0.04644337070177354,0.015138029448438528,0.05007855720033948,0.035007399875215346,0.017993260339662497,0.009900915477332408,0.05023328012295038,0.015158936248344745,0.0216445996491191,0.0352554830297437,0.0192821833018155,0.02708143244723839,0.014998920527767346,0.009151347487211213,0.04403809020524328,0.05229065593293273,0.03944564352819743,0.014438730913476224,0.019087645048272737,0.011937358201850308,0.0529877207784626,0.03695785968863592,0.031122776541081382,0.0346397978487721,0.033344422846395175,0.017881626390823337,0.017991423568255217,0.0199829750240756,0.04220319816678299,0.02038132344041526,0.025419215464189175,0.027440624513690084,0.0371373915501511,0.017736593369215667,0.0271706236852586,0.02686583799312777,0.057481153797362225,0.0242439813959978,0.05981825463483734,0.05324631515241623,0.06175774566947816,0.03784724504582548,0.008115364527969033,0.016431814208208495,0.037034890975278144,0.017131506690776805,0.02522106058217269,0.030359249322076454,0.04553024728466844,0.023247261186586373,0.031125163744049153,0.036658241759590524,0.00939796687903313,0.014433733461860776,0.02165630828270367,0.013489585906988618,0.022319389024789197,0.02106309436034494,0.04086457160366499,0.03787580420591594,0.056697295171752926,0.0509953252197434,0.02122256178592072,0.01959365308235387,0.04689559052585982,0.02251019377223522,0.043924869404040216,0.027140945341961376,0.04476144388329924,0.029071488184344532,0.025179830056456652,0.018593046634222045,0.021353349772962382,0.014690292873753383,0.05239261702443135,0.03974852439810166,0.03157917281136643,0.01779537330850386
Angola,0.023292300991104787,1.0,0.02089354738711804,0.041830661462058466,0.020157201429835,0.04706806479131144,0.016733257611996375,0.013491419269418629,0.017001348735297194,0.03794531423053578,0.01911874947849111,0.0018314089185465165,0.01861777138122417,0.007257970374087709,0.013781724822008066,0.015366474522751779,0.01638693907555825,0.03343178816156658,0.041096345517660504,0.026768409110889426,0.009750592453203713,0.020441810442592353,0.01994089383307388,0.038791676001860155,0.019775251188445767,0.015034540355258754,0.02563071589244817,0.02878595318369548,0.005484045736067038,0.019811464025078482,0.024621341963167707,0.03789877349333683,0.015177437562548387,0.005502805090628525,0.01927678186776378,0.01949347138217484,0.00879417870617264,0.021388803312104868,0.011882492138385343,0.04372451211985422,0.011119001111434023,0.06535386706638249,0.04622044168409473,0.05398748681959435,0.036880877418869376,0.020763929312562608,0.0073639433738818824,0.03129700766536157,0.009391983048578344,0.03386903737457434,0.01573385549974607,0.03465555909624561,0.0034768018643881317,0.03252724977830254,0.02271960044285259,0.027047904342024535,0.014508702929516847,0.005423639007336658,0.01727332877855533,0.006108173225603793,0.01127762652744371,0.03744046140253628,0.03601364143910341,0.048520522606213534,0.043341423210772494,0.02070713389338005,0.005296325544020351,0.04266421956472617,0.005959641046105472,0.02832045228071287,0.00911809472673839,0.02652411294219094,0.02386057085893311,0.002396467063665791,0.009661101537965245,0.018795008338754648,0.01007613660733822,0.04156822196382154,0.023335204246766415,0.014588349202827148,0.008806550523388235
Australia,0.03736308202365319,0.02089354738711804,1.0,0.047068120939494404,0.0367285672632033,0.04467733859085774,0.017339240011494565,0.031030121870008146,0.03312810884065485,0.030630938892456695,0.0339024828530791,0.021635394285628592,0.01821346504455492,0.021489651383903494,0.021823555479556275,0.033052068193829734,0.03117849502622287,0.03602975173484939,0.03567838384209204,0.03040359623509825,0.027120414386106965,0.028235316062135647,0.035015915851022886,0.03212454591674081,0.02313508714918506,0.017867448112234844,0.023900169832701552,0.03568387055482133,0.023866760219240536,0.03706441282954315,0.04047415826402831,0.03929489636034942,0.03201690601477003,0.019125050821768626,0.02568164384342672,0.017320690531059304,0.02636165962167895,0.021756211143129645,0.02546574477999076,0.03654787214497781,0.02728524509100074,0.06537845799131514,0.04181941037344494,0.050915056290166655,0.0340165403015953,0.03409469668492749,0.025736058204444804,0.0288581197558599,0.023195348811916344,0.0482143760743016,0.023280768417445814,0.03153636730047787,0.020321279632385964,0.04423824965499697,0.0232519239810034,0.03777824582294815,0.03158335620892039,0.020312707578984898,0.032878220154668236,0.021726070348114804,0.028788312288332688,0.03779734929884375,0.04232952458693154,0.04482127100234587,0.04223489440018792,0.03540362445610275,0.02120878303549749,0.04512798609692538,0.018687849810888935,0.02745697601445028,0.01975025499340212,0.024522046503582865,0.025927609147328504,0.019853117847735833,0.023057671956566717,0.02526268473620732,0.026416106335024763,0.03353168558692293,0.019920093209187698,0.019495646441550024,0.025007487249573006
Azerbaijan,0.04644337070177354,0.041830661462058466,0.047068120939494404,1.0,0.047692049508931855,0.05325879365145002,0.04146307313260988,0.04522508860800305,0.04575346620805999,0.057813439015849774,0.04660809268017853,0.041742787752564736,0.04652189790577701,0.040895063053733985,0.04344921702746163,0.0459203644219028,0.044412839399171046,0.05834203774200499,0.06037894554719371,0.046101621268384185,0.04316645664962106,0.04272205353973639,0.04690729170335845,0.05120668281351325,0.040643095288095406,0.041740932628325046,0.04506456277857361,0.042465695529594005,0.04204486317619866,0.048186853405870374,0.05083571229305728,0.05792530474365419,0.0466624862558009,0.04134768538891935,0.04311683462081728,0.04078573135841955,0.043741044558494466,0.04412056759314173,0.04354010779764644,0.056178785762387086,0.04464460082131247,0.054106368294429254,0.051419598566833216,0.06532955555366787,0.0449557981583673,0.04626833927763646,0.04244175499664703,0.04652008966537498,0.04060278275182682,0.05564227161000987,0.04569353076927153,0.04714161751394554,0.041609987212629,0.048564726400191764,0.04137493329669425,0.04669169805110603,0.04508963383663097,0.04144951796870513,0.04608828722824742,0.042393880889366645,0.044242016621108216,0.06014607003239743,0.05242979985329411,0.06759785829704223,0.050545971458789564,0.04750736825658497,0.041031983329166154,0.05765468401342651,0.040770053526585,0.04839457449402814,0.04258282765854894,0.045462806964745583,0.034092070615919,0.042000421593727334,0.041944556647640976,0.04191433876224478,0.043046441682727754,0.04782690686374988,0.03906779404019343,0.04089709313770315,0.04261060550593412
Bangladesh,0.015138029448438528,0.020157201429835,0.0367285672632033,0.047692049508931855,1.0,0.05656835975855186,0.034293974220569845,0.007599378638778734,0.00896806100721579,0.05121567355102995,0.005456794270540702,0.018584270298424275,0.03514374071747547,0.01887679080176995,0.029076188564571472,0.005791527209352952,0.010054046849920867,0.04366011232780576,0.05424898478301855,0.03740082807422268,0.012251721729009268,0.02897100723707877,0.005319911693627554,0.05175162150243644,0.035135406098982164,0.03203474563490401,0.04097307514612091,0.03741399251720578,0.01582397465522414,0.0038917046987592256,0.005878269979392465,0.04454207997550682,0.007897987241903248,0.02470206111374204,0.03132125039807971,0.037273657081362876,0.012161954057261575,0.032568450599843535,0.019412147073366866,0.059147297705599615,0.01477661049980458,0.06401311518416716,0.05748615980672153,0.06312213151443961,0.04581610987247177,0.011126237990190462,0.013709223286054981,0.045396284074140654,0.020574097806711666,0.015378009157031306,0.030338163698869058,0.04511640817870007,0.022115313766193894,0.03421274864824587,0.035210314462282274,0.01987742283593886,0.0058504911457891275,0.022052788496207103,0.005066469199472232,0.017273103431169348,0.0132244277818361,0.04327519742694059,0.037020429341697664,0.058134495882131106,0.05667236221498765,0.008781758751043822,0.019777663331175234,0.05008623555988913,0.022638211772096056,0.04227882057109181,0.02670985997646174,0.04463263541766889,0.03360258804661647,0.022090403185971445,0.02069617384514094,0.029636409847924254,0.01467690728799942,0.05574936856579635,0.04004840480636293,0.027122100257925764,0.01865247422272219
Belarus,0.05007855720033948,0.04706806479131144,0.04467733859085774,0.05325879365145002,0.05656835975855186,1.0,0.04360165644227023,0.05363182653332959,0.051743057704662,0.050622216305548945,0.05479629915150101,0.047065879615287805,0.036697199721487175,0.04513968160241676,0.045361874707104115,0.05405524899743867,0.04989517126465049,0.053291926648500944,0.05255142822593257,0.04790058100328065,0.04883994880662211,0.03967446192884267,0.05420659820004798,0.056143489441300314,0.04441458079788763,0.043125342004024396,0.0395870411510269,0.042448048696935116,0.047066151812744365,0.05751508904218612,0.0606773223931908,0.04732694453485986,0.056038460646207634,0.045133851363810824,0.042781377275830534,0.043585132241536026,0.05048871163277903,0.038903053768669406,0.05155625835307432,0.05229248854287396,0.05313621563680892,0.059855113836004836,0.05771229101084185,0.044927419049198634,0.034875394360948254,0.05116029765862249,0.048267277649045225,0.037734866822348834,0.04324974430716095,0.06592614982782796,0.045301212722189996,0.04598652754680883,0.04547016824758275,0.05015387328302246,0.04127644993950877,0.049114908754691905,0.05249313324776005,0.04454172625827333,0.05356097627273253,0.049049955525416696,0.05216531052588233,0.05746618129517086,0.06461068469450197,0.05732678270405162,0.03005152833940909,0.05750049655684649,0.044528768700363326,0.0628592245198237,0.044246076391323386,0.04571073578766629,0.04583401409499076,0.04339613626829396,0.04338539753202158,0.0470553806765919,0.04494961042035761,0.039537926055273134,0.0478362779307138,0.032419773098749265,0.041318013067210654,0.04352103251206801,0.046828026983770116
Belgium,0.035007399875215346,0.016733257611996375,0.017339240011494565,0.04146307313260988,0.034293974220569845,0.04360165644227023,1.0,0.028113075885679812,0.03065465004971827,0.032218019914014434,0.03179584696853922,0.01766791117335452,0.014711940857226482,0.017912598693784,0.018557530240097795,0.030328072086962646,0.028794529794880955,0.0317930688257083,0.03393744748689767,0.021082577882364745,0.024063471336560723,0.025372232708719404,0.03290337829493266,0.030831413767819768,0.01542277800895915,0.010024356739010636,0.02181133492027363,0.029858326315617953,0.02030029447177926,0.03440665191064427,0.03831198063500157,0.038574669133447356,0.029405766236529803,0.014644662921550509,0.02036432396894435,0.01088790796602566,0.023433312363151982,0.02272086139068236,0.021903203421217567,0.03583880951551526,0.024031292866468882,0.06557530928421418,0.04148378382069846,0.05191911310716453,0.03468113003535867,0.032165000462578384,0.022297875797038253,0.027033039728003472,0.01953830375031116,0.046414869573796744,0.0178050226251153,0.029700119211017593,0.016046157893366407,0.034730321723152116,0.017224751721776066,0.03603096789376212,0.028845215780023487,0.01634215303431231,0.03055229681767549,0.01851997070201634,0.02538272403293927,0.033512335232222856,0.0400664441766891,0.04313195889003686,0.04051210607479887,0.033063833181219894,0.01729848846862122,0.04264821941737303,0.014703764895360166,0.02338759895406394,0.01577250506025683,0.018229993764234367,0.024156323004236813,0.015567979150484334,0.019799812628853098,0.022330126791563785,0.023429320531944242,0.0346359464990205,0.014047229826567354,0.0192084321528574,0.021643995982622375
Bolivia,0.017993260339662497,0.013491419269418629,0.031030121870008146,0.04522508860800305,0.007599378638778734,0.05363182653332959,0.028113075885679812,1.0,0.010622572053750142,0.046968688156976905,0.008402059112648167,0.012151176086931788,0.029359012865591602,0.013379830696793077,0.024544744435257206,0.005249879288370687,0.010787155507977158,0.03972518695494736,0.05064650488607506,0.03347230568058864,0.00852743092433095,0.02664194184942461,0.009792707450501387,0.04746929674060919,0.028441524491004358,0.026303554142886584,0.03687179592647688,0.03531383926311377,0.010226746516352834,0.0065971411478034725,0.01131271166038836,0.04298433299049053,0.004324521859498681,0.018568626176983568,0.02767191687394661,0.031161856267413406,0.007162077488915482,0.029338070145509872,0.012385565769489605,0.05439223275670339,0.007550994252949141,0.06439530593506089,0.05405422628065645,0.06042144207203506,0.043750446680921984,0.014032479541096722,0.008548555868787455,0.041794836957436396,0.01629426670059618,0.02072412048549574,0.024842480454430632,0.040660298067764444,0.016018120293120462,0.03316620985373917,0.029943974344757318,0.02301234585985833,0.004258435386262011,0.016552012879118668,0.007112608049564522,0.01125568756309518,0.006156356693715922,0.041876987533178284,0.03685916037842865,0.055467044192604106,0.052424228104987015,0.008809064849256282,0.014306560630519135,0.04826887168753489,0.01709031549896281,0.037171152889551175,0.02115853441659476,0.03832234101485304,0.030775332595138084,0.015471364189809454,0.016881199319668687,0.02663445630138043,0.011560254673297002,0.05088443523646809,0.03414325729305035,0.021560424033510075,0.014671289377314942
Brazil,0.009900915477332408,0.017001348735297194,0.03312810884065485,0.04575346620805999,0.00896806100721579,0.051743057704662,0.03065465004971827,0.010622572053750142,1.0,0.04661226101258238,0.009347327947937108,0.01530092159470488,0.030926743248101247,0.015428867124285152,0.022256821718459635,0.006495659871741787,0.004942418219762613,0.039950176933717295,0.04813360251857542,0.03403231883247528,0.007302945014318645,0.02118963874479447,0.0070074262567053165,0.04789672528369331,0.0337543161055556,0.02737276728669689,0.033410927308985615,0.03059872410595485,0.011870419003068131,0.01148813157578216,0.014629122072658318,0.038689215784866914,0.01176598995146231,0.02001820374196828,0.024660086236981054,0.033292947906807716,0.009411895406027262,0.025858963182618058,0.021283732789539628,0.05368841070440735,0.01719631853106995,0.06314076156934903,0.05221992255462036,0.05864535892013071,0.039202369548034126,0.007812809498278162,0.009832059607841498,0.037597171963330595,0.014537227344002762,0.023368137570023862,0.026468205039684164,0.0432111046871226,0.017622771352855924,0.03131931817922011,0.0332337321010763,0.014657736294735555,0.00666137848411756,0.016730496289606493,0.006805696311363908,0.015046850134476457,0.015176621789564635,0.03838182515200784,0.033984942868532625,0.053120848960111336,0.051169264624398594,0.015925841291364762,0.015025399207928114,0.04500776082780109,0.017684458021255848,0.03885606148162411,0.021249667669435448,0.040605722152744314,0.027878745470904128,0.018691239576832996,0.013727861562909408,0.02191070440728235,0.008054312003217764,0.05155805402890636,0.03628482859743004,0.025047563800005633,0.012044124287592703
Bulgaria,0.05023328012295038,0.03794531423053578,0.030630938892456695,0.057813439015849774,0.05121567355102995,0.050622216305548945,0.032218019914014434,0.046968688156976905,0.04661226101258238,1.0,0.04806379649166261,0.03837975494533224,0.031382211246508813,0.038538599596821384,0.03379699500546433,0.04778618391575381,0.045053418424604856,0.0425987185501351,0.029547105491003565,0.03639104405888879,0.04220294367840596,0.04000091697987973,0.04885230905747291,0.03324024057545404,0.03879458445976313,0.034363791640625675,0.031050640001184564,0.04016880948098653,0.0401114789191364,0.052158658539203366,0.054889356788743834,0.03935275943914814,0.04719391330150137,0.03540817716160261,0.03584948420345844,0.030023809856452473,0.041690392193992454,0.03600469582442536,0.04374620291871128,0.04248179535283292,0.044535704992636496,0.07844147374580508,0.04853953615784468,0.052679690225482065,0.03595461274892763,0.04728466848834395,0.041539524966757294,0.03426189960752348,0.03857075392486574,0.06245494715990696,0.032797841529016145,0.04838357777954325,0.036757645722924635,0.051140851197196406,0.03100526603593259,0.048052018856746544,0.04654922834172603,0.03628937101310109,0.047254496800830194,0.03772084378699903,0.04631003837365661,0.03462527825705559,0.049935730607108895,0.028722992328205937,0.046871225232337325,0.05086332159768015,0.037600845154793706,0.03444351423824519,0.03474515357961126,0.03728455307050434,0.03405799278897356,0.03292259900348182,0.031486441363149965,0.03663364122673855,0.036750100411936756,0.03692526330921263,0.04074643286986642,0.03857601795144476,0.03507429918046921,0.0367674138808242,0.039308157645323576
Cambodia,0.015158936248344745,0.01911874947849111,0.0339024828530791,0.04660809268017853,0.005456794270540702,0.05479629915150101,0.03179584696853922,0.008402059112648167,0.009347327947937108,0.04806379649166261,1.0,0.017433088311225513,0.03317603470134489,0.01670628210491926,0.028030344504048586,0.008139259889284633,0.008101240246915588,0.042941901541743314,0.05166482132631913,0.03508545641491978,0.011519007189911558,0.027676455253704064,0.003559747734319297,0.04865195605358864,0.03347120294344959,0.030280817361372062,0.03891148961871806,0.036284525802038906,0.01480159099145278,0.008355699621202728,0.008680370361000046,0.04361830476972782,0.008664592439310347,0.02358797361274329,0.030102941765420166,0.034970432572415215,0.01119950569404997,0.03054597158703546,0.018242839305334903,0.057562730492428694,0.014200400831502279,0.06198574353148935,0.05608807975585189,0.061848330511909785,0.043075612487331494,0.008614923920947332,0.013020594653218682,0.0432885385053479,0.01920608949509605,0.01658922540518475,0.028895398263811087,0.04274300973187483,0.021104565428077444,0.03381923729354303,0.032073407119657074,0.017670131916552742,0.006149174131922817,0.020754279138749367,0.002849093084484465,0.015083518942473107,0.013610779645306183,0.03992221657139809,0.03529705384064315,0.055550733399235136,0.05608296249300097,0.0078464191399389,0.01823081805496188,0.047295814224111096,0.02065009146312993,0.040682441067410854,0.025658506918126385,0.04310154183896462,0.030650536034536078,0.02099374469201291,0.019278077430034093,0.027973086183033992,0.013749041151836183,0.0535673296387261,0.0378562109262396,0.02544696631189392,0.018175196980871684
Cameroon,0.0216445996491191,0.0018314089185465165,0.021635394285628592,0.041742787752564736,0.018584270298424275,0.047065879615287805,0.01766791117335452,0.012151176086931788,0.01530092159470488,0.03837975494533224,0.017433088311225513,1.0,0.019419003768062323,0.006265142418196014,0.014186764428712974,0.01386446598512251,0.014582524004613797,0.0338961033401583,0.0415110922573729,0.026965223876328187,0.008030056563794227,0.019837505768949847,0.018183415723765823,0.03933314111982912,0.020731067273367716,0.015829550435583182,0.026009795402006614,0.028581114104819897,0.0037922014676318506,0.01844977689490521,0.023175760202944696,0.03771661900118643,0.013948003198664094,0.006604692094440815,0.019289340599640107,0.02052012456455557,0.007209282387778061,0.021206260997118167,0.011833806454498164,0.044646499477803595,0.010567887196531655,0.06456092366688691,0.04666257581711686,0.054160484642733916,0.03654947888786224,0.018959268731357365,0.0056742066981717194,0.03152633846719955,0.008526688753132781,0.03240363638922222,0.016307930025802744,0.03496457342804101,0.004204117565848669,0.03195609570920477,0.023016362177281417,0.02533074050662165,0.012869418569673838,0.005396146914010161,0.015554759863331803,0.005118633778563832,0.010501637570044936,0.03699062131319128,0.035409107736984816,0.04866258520331258,0.04394978490544062,0.019390616860348278,0.00444165406971153,0.04248066222019365,0.005877715869516252,0.029051904695300286,0.009946134865062451,0.027796932968485275,0.02347400331202274,0.003920833965127395,0.008802540060686299,0.018382828227060624,0.00850472873101774,0.04217335389561515,0.024238988984938318,0.014922285701743315,0.007886141767587935
Canada,0.0352554830297437,0.01861777138122417,0.01821346504455492,0.04652189790577701,0.03514374071747547,0.036697199721487175,0.014711940857226482,0.029359012865591602,0.030926743248101247,0.031382211246508813,0.03317603470134489,0.019419003768062323,1.0,0.02050769850631216,0.018890182794207906,0.03095081101886054,0.029749054491343165,0.032010726343167845,0.03351319783556504,0.025089310909094192,0.024929038803510738,0.025373789349307285,0.03386521356115493,0.035224432476452155,0.020589094945619047,0.015999608188531942,0.022226757361801838,0.02834028638124215,0.02158578088661543,0.035142941260566864,0.039219930781366395,0.03491815237850676,0.030589865548651403,0.016463867605353726,0.020484067679785726,0.017137013562440583,0.02457177234985585,0.022798987284956905,0.024967842522090247,0.03585216461845594,0.026156101679480813,0.0649001726590306,0.044918164847622864,0.04436339977921168,0.03203697429572022,0.033078648265047875,0.02345625112466373,0.02720941373870797,0.020813690655880644,0.04763635542402837,0.01839297246489146,0.02996191238818283,0.01745243911869704,0.038827134929952274,0.020273130755780668,0.036473776205312274,0.02968324952914653,0.017738352925685714,0.03168096324470174,0.020903932659325834,0.027136580202477705,0.03672429735089739,0.043979393701719376,0.04204244195498638,0.03510608055826861,0.03497501292503646,0.018961761385356084,0.044608935133616884,0.01710047583686965,0.020738682245959945,0.016658228244967523,0.02216124013897229,0.028214204712050286,0.01748260681426003,0.020490750174783717,0.0228020442753956,0.024030301305054316,0.031456120532651906,0.017439476792146046,0.016321908557764477,0.022015494623498052
Chile,0.0192821833018155,0.007257970374087709,0.021489651383903494,0.040895063053733985,0.01887679080176995,0.04513968160241676,0.017912598693784,0.013379830696793077,0.015428867124285152,0.038538599596821384,0.01670628210491926,0.006265142418196014,0.02050769850631216,1.0,0.016858960788010243,0.015359206615954964,0.012872418100339685,0.03544302603195073,0.04295997975375959,0.02864923120598012,0.008947073078795352,0.01735309597560435,0.0172348847685075,0.04035424989122307,0.02001589547021952,0.016430343683996648,0.02550968709000102,0.029920882779143353,0.005634516695712526,0.01948996240360017,0.02356911591940349,0.03975058643173474,0.016152229713145273,0.009928654605456196,0.020063546238984688,0.02066001984209418,0.009732513714190436,0.020297766215679233,0.012174242786281233,0.046310660072809214,0.012519479816181551,0.0612007147686322,0.04626576443078367,0.0559137358530731,0.03423417933226971,0.0165517473402791,0.0072616231214982195,0.03005847068167453,0.0065524868818075815,0.03144123694391208,0.016988938151846978,0.033849141672729836,0.008111277169038875,0.030933966797856982,0.02165824344067841,0.02231393082546437,0.013425806280102474,0.007373741883846133,0.015083225301338021,0.00792028871375246,0.01148617031393354,0.036400158562016484,0.036216587807223394,0.0495010268492185,0.0436654044452393,0.018928186215988952,0.00424426744073775,0.04194754912758174,0.006484241254720844,0.031233045133622902,0.013772595040501486,0.029215863245845623,0.02167954441931923,0.009062403519832138,0.009979077528285932,0.01629888285632957,0.009634410476309906,0.040973634464675605,0.024276120734253386,0.01779561728391206,0.01036831832677991
China,0.02708143244723839,0.013781724822008066,0.021823555479556275,0.04344921702746163,0.029076188564571472,0.045361874707104115,0.018557530240097795,0.024544744435257206,0.022256821718459635,0.03379699500546433,0.028030344504048586,0.014186764428712974,0.018890182794207906,0.016858960788010243,1.0,0.02375658801619349,0.022684654826117475,0.03137504017171138,0.032412450712115466,0.02606784456602232,0.017280374583671015,0.016591699148560828,0.02767305081999291,0.035040036975114375,0.027164965867764738,0.014859569329404368,0.01533925045256337,0.0211611905153245,0.015295150330689589,0.029706946886622173,0.034330200983235845,0.031066958212916468,0.025424708673511636,0.00932257884990916,0.013673513647897397,0.019680756417236645,0.017840793749084947,0.01676420761061676,0.025545472005711996,0.03658938526723042,0.024363101290818288,0.06876714095515041,0.040738935718214964,0.04956414293617014,0.03154945153652791,0.026549489959057825,0.016586498280909228,0.021875256961577928,0.01318968433846567,0.04408706976703208,0.018071147279856325,0.038164656572639795,0.010681597466882334,0.034419042792823526,0.027761234659618956,0.029137150685065467,0.023695293458415773,0.00982672868766316,0.02578422700117598,0.016576479557689233,0.02415415171391396,0.03369648481397338,0.034742228413020694,0.042588157182879914,0.03918368132252477,0.032251394053656866,0.013034595193766046,0.037638938424621536,0.010903917411144205,0.027611075222257937,0.005582802132566227,0.02464221148756324,0.020825213605384668,0.012476260378527016,0.009372304979827632,0.013671284761494866,0.014796356897018772,0.040315932542249036,0.023730201664455983,0.020020289150531195,0.010797045540922121
Colombia,0.014998920527767346,0.015366474522751779,0.033052068193829734,0.0459203644219028,0.005791527209352952,0.05405524899743867,0.030328072086962646,0.005249879288370687,0.006495659871741787,0.04778618391575381,0.008139259889284633,0.01386446598512251,0.03095081101886054,0.015359206615954964,0.02375658801619349,1.0,0.00881030048919798,0.03999852034881973,0.050175712416845104,0.03421712092405153,0.007609883828387618,0.025322717546862047,0.007825033882044674,0.04839677530184554,0.03193549917341733,0.027619887999092877,0.03638343706105516,0.033485911879310944,0.011175881666132644,0.0062565110842499,0.011005141422446203,0.0410420851659654,0.006141378199919542,0.019601721274692462,0.02684579987244906,0.03313725687042559,0.007507245791878656,0.028722661666044716,0.017276412040810752,0.054611003870953516,0.012388411026548465,0.0649104549819831,0.05388983391884295,0.05993292376115249,0.04308768599314814,0.012016005066723987,0.00896563647622285,0.041161993844246,0.016319431899696157,0.021027138648255235,0.02626637492348472,0.04289844437560016,0.01705419044801747,0.032639973454854754,0.032738671358399495,0.02039036313358866,0.0031887393367184638,0.017128149675990526,0.005919933831735044,0.01336106295392524,0.010623574821224169,0.04122919020447829,0.035552130905835505,0.055054164203510066,0.05259744467661758,0.011860371523448078,0.015312685405139683,0.04761652844661544,0.018126587607695366,0.03841016760141346,0.021365096925000687,0.040049896829234495,0.03057630062532942,0.01716841334236681,0.015903269201014304,0.0256506079830023,0.00996395066458735,0.052430678331174055,0.036146101507394404,0.02341708820783567,0.013393997927841985
Costa Rica,0.009151347487211213,0.01638693907555825,0.03117849502622287,0.044412839399171046,0.010054046849920867,0.04989517126465049,0.028794529794880955,0.010787155507977158,0.004942418219762613,0.045053418424604856,0.008101240246915588,0.014582524004613797,0.029749054491343165,0.012872418100339685,0.022684654826117475,0.00881030048919798,1.0,0.040248557124528475,0.047788001469660106,0.033419841284131016,0.007263946141771092,0.01984446627588146,0.0062050004128383586,0.046756130713282745,0.03152597195661016,0.026095964444334412,0.03234369467430179,0.031176857300901965,0.011062608397876227,0.012891988276099248,0.015427577915152375,0.039816759647204256,0.012743015933218875,0.019536833052576606,0.024536016813357462,0.03153026703611053,0.009621681162651129,0.02465446146236033,0.01956921826528272,0.05351689425655207,0.01643359709959387,0.06053775701271247,0.05157127420134049,0.05885408986776844,0.037293734704968017,0.004635285416062852,0.009446671310239463,0.036193376749842104,0.012986620003848677,0.023018710900804897,0.025382274389704973,0.041041304027668556,0.017158484892406393,0.030790612206077365,0.03053540108064365,0.012519740245113127,0.007051565911424848,0.015975240754714553,0.006036368345173584,0.013915587511695058,0.01450438321744368,0.03707673071119473,0.034266118844242216,0.05270543126929111,0.0505329519766307,0.014699160092648031,0.013586352525397399,0.0438793486184789,0.0162505760053863,0.038393770300879794,0.021426669918749707,0.03966487505083883,0.025742336446972106,0.018264737260844356,0.013453107687592237,0.020499588234126283,0.008366768241345612,0.04953480459231271,0.03454737790441017,0.024407831330913204,0.01276309200406685
Croatia,0.04403809020524328,0.03343178816156658,0.03602975173484939,0.05834203774200499,0.04366011232780576,0.053291926648500944,0.0317930688257083,0.03972518695494736,0.039950176933717295,0.0425987185501351,0.042941901541743314,0.0338961033401583,0.032010726343167845,0.03544302603195073,0.03137504017171138,0.03999852034881973,0.040248557124528475,1.0,0.041560266153298844,0.03917605095126728,0.03641777427042337,0.037786035011866476,0.043082567197798724,0.04563744452299087,0.04030320359733395,0.032803270434436545,0.035970707749356165,0.039657268957073145,0.03494462463024036,0.043576855357065666,0.04702472774768275,0.033903598628678505,0.04008296401937206,0.03205048134478671,0.03456353293776573,0.0366731586429019,0.0360670687138115,0.04056654746595017,0.038802802526014014,0.04822630511547126,0.03847206546169523,0.07878175426687228,0.04875279484171117,0.05783614512184035,0.04668882397252305,0.04291277154239688,0.03574856847915,0.04025718005771474,0.034888920152834235,0.054823669110420005,0.036660107123884275,0.04836395541298334,0.03263255425170999,0.04360934439415409,0.04060119264073886,0.04629165708111727,0.04000797931870515,0.032665591397673235,0.041408149711370225,0.034911986873801495,0.03871631849180914,0.04404987501644304,0.05357025650748825,0.04347526133647551,0.048426518616516576,0.04497333416281446,0.034022299612701964,0.056365994384713326,0.03303704775117172,0.042987690249826974,0.031286130811306746,0.03704875857435707,0.042975912899392135,0.03267718166805684,0.03363097998700006,0.03629534767684959,0.035514942363935764,0.05131126383953266,0.037957557839382226,0.036379690072030464,0.03384117297371325
Czech Republic,0.05229065593293273,0.041096345517660504,0.03567838384209204,0.06037894554719371,0.05424898478301855,0.05255142822593257,0.03393744748689767,0.05064650488607506,0.04813360251857542,0.029547105491003565,0.05166482132631913,0.0415110922573729,0.03351319783556504,0.04295997975375959,0.032412450712115466,0.050175712416845104,0.047788001469660106,0.041560266153298844,1.0,0.032244642293884566,0.044548831662608854,0.04086344642086952,0.05183194026955498,0.02508742097404613,0.04700487967298711,0.036432603923502054,0.02919489801992767,0.03153031427819678,0.04304511521378041,0.055414949425472884,0.05836484847090811,0.03480372494954957,0.05026662553018094,0.037665533311052435,0.033000779181425556,0.03358914322329133,0.044171208368720065,0.0350250972873798,0.04986631351351494,0.03198754602354227,0.04928490518314684,0.07895714284973428,0.04943039546141344,0.04473767338622922,0.0416964656468697,0.050054763455420204,0.04432122961013297,0.03272632325702463,0.041342592812688476,0.06715645039940006,0.037861382390806844,0.0458741017346488,0.03915628397538766,0.04823254798616317,0.04189107597425478,0.05000001679122167,0.049554204118765925,0.038503699795905476,0.05035363989724801,0.04125075035703048,0.05090865159700077,0.02880412575010838,0.044586146276485196,0.029887543045933686,0.04606084687569665,0.05595385254730829,0.04069939204446388,0.042313672382101056,0.037737633356961384,0.034025400871444914,0.03447191844471746,0.03440416581601629,0.03609211280415677,0.03943564351112582,0.03760590862164256,0.03773518717734493,0.04221620618735206,0.047979701037756235,0.03715957509496908,0.03967012467324015,0.04016340813978279
Denmark,0.03944564352819743,0.026768409110889426,0.03040359623509825,0.046101621268384185,0.03740082807422268,0.04790058100328065,0.021082577882364745,0.03347230568058864,0.03403231883247528,0.03639104405888879,0.03508545641491978,0.026965223876328187,0.025089310909094192,0.02864923120598012,0.02606784456602232,0.03421712092405153,0.033419841284131016,0.03917605095126728,0.032244642293884566,1.0,0.030027970434859812,0.0339634436658948,0.03610611347215363,0.03004881560071952,0.030370659786281576,0.02396930416430019,0.030956708013603194,0.025749221010022135,0.028521682243942036,0.037909016754006944,0.04057638580323794,0.03592690182668731,0.03313180598729282,0.02597521841365856,0.022628115154228492,0.023494157934052403,0.028951180569794625,0.02880788616102917,0.03204465210343462,0.038577154448143414,0.03147042044361645,0.06754538398410527,0.04539872921053399,0.049656299198145855,0.037797808051369626,0.03593073568786183,0.02945996904612567,0.03597204163556969,0.02920108826759645,0.04867239695754989,0.02386110202623558,0.038233339578442806,0.02641534133202612,0.032938444678103196,0.022396738759956673,0.03869830836074216,0.03325451623350214,0.026514742139011418,0.03429487725249964,0.0260018906914201,0.03348653847764012,0.029260207189114828,0.03155775912490981,0.03668745338818765,0.04600040867388383,0.03744355618466996,0.027419649719614733,0.04277479824007314,0.025523987605207642,0.021447919669344607,0.02481160150651292,0.025163456204432076,0.028950114001950078,0.02578722635833391,0.026727097491560218,0.03141071820905896,0.029092129602526134,0.04110418053030803,0.02319624958782829,0.02598253059743096,0.028324434357821057
Ecuador,0.014438730913476224,0.009750592453203713,0.027120414386106965,0.04316645664962106,0.012251721729009268,0.04883994880662211,0.024063471336560723,0.00852743092433095,0.007302945014318645,0.04220294367840596,0.011519007189911558,0.008030056563794227,0.024929038803510738,0.008947073078795352,0.017280374583671015,0.007609883828387618,0.007263946141771092,0.03641777427042337,0.044548831662608854,0.030027970434859812,1.0,0.018790210487081224,0.011144992295173461,0.043451365742042836,0.027096927859519403,0.021167949761283878,0.02900798623793882,0.028750995106810298,0.004608571934043925,0.013264200083476731,0.017696215948895016,0.037599904902173215,0.010584799024172134,0.013119479304103423,0.02084114047794193,0.026803828677980163,0.003879919711620515,0.02235929855582929,0.015628362456538213,0.04902498222815601,0.012320465127192586,0.06315630212093293,0.048889803627392356,0.05620433426150384,0.03701758661781021,0.0118446732996502,0.002671262393012697,0.03380762593835809,0.009032386737171688,0.026973042803431303,0.020776169234837084,0.038661409322796915,0.010605326847297088,0.030565525354302705,0.02770411511994544,0.018764137813882392,0.006699786614062129,0.010021995786160014,0.009020981726887676,0.008646513668809013,0.010676025157688228,0.036929161989521606,0.03394916240723717,0.05054186851919691,0.04713809657002223,0.01594983376085092,0.00814366974630181,0.04314707633318018,0.01094682479408228,0.033770047567134275,0.015092974162398123,0.03423612052200109,0.024621639433848888,0.011554363521206047,0.00875185282056858,0.018565164703905464,0.003172551663192211,0.046565161380128096,0.03009834584900395,0.01955883889592532,0.00689324327816961
"Egypt, Arab Rep.",0.019087645048272737,0.020441810442592353,0.028235316062135647,0.04272205353973639,0.02897100723707877,0.03967446192884267,0.025372232708719404,0.02664194184942461,0.02118963874479447,0.04000091697987973,0.027676455253704064,0.019837505768949847,0.025373789349307285,0.01735309597560435,0.016591699148560828,0.025322717546862047,0.01984446627588146,0.037786035011866476,0.04086344642086952,0.0339634436658948,0.018790210487081224,1.0,0.02598811070665573,0.04430863286314551,0.029914087303051652,0.020745621784228806,0.017108121647987043,0.025109887605809938,0.018195930319018883,0.030700541952801363,0.03470881848906786,0.03640378959303474,0.029344068937180195,0.018153399002126962,0.01717407265869281,0.026107639226370532,0.021968778482161173,0.01603884787307049,0.029079566957827225,0.04469194026656124,0.028798173852555477,0.06102742717755416,0.0426904078213174,0.05383928282344831,0.026282654201413763,0.02195909076401318,0.018959325159474585,0.018467482779054772,0.011592481074223596,0.0419948676400126,0.022858361550305878,0.0393811053112261,0.01788742234928632,0.03130154023540753,0.030591508112390864,0.020674545078246016,0.02446108863295853,0.015479021635827601,0.025446219550505102,0.022684534285599193,0.02638873540601496,0.03620493367650658,0.03887391942046027,0.048600282809707275,0.03753475931611145,0.032853905375444185,0.01564650132177125,0.04023002099054879,0.016241953879788246,0.035688695923661994,0.018923366186334032,0.03266807143762958,0.020199710991256236,0.021050106669809845,0.013613311711674864,0.004014316623262085,0.0167841866171563,0.03998240159882109,0.028785430445129375,0.028198467112410062,0.015317477104612355
El Salvador,0.011937358201850308,0.01994089383307388,0.035015915851022886,0.04690729170335845,0.005319911693627554,0.05420659820004798,0.03290337829493266,0.009792707450501387,0.0070074262567053165,0.04885230905747291,0.003559747734319297,0.018183415723765823,0.03386521356115493,0.0172348847685075,0.02767305081999291,0.007825033882044674,0.0062050004128383586,0.043082567197798724,0.05183194026955498,0.03610611347215363,0.011144992295173461,0.02598811070665573,1.0,0.049823877115167,0.03483538001013999,0.030729614299081286,0.0382561695148193,0.03536496818291095,0.01504850114351826,0.008997719872605342,0.009712214567923028,0.0429278334621164,0.01061175552246776,0.0239834348629102,0.02946866352794244,0.035882165656525564,0.011876030840815923,0.02986316917747451,0.02041576492263914,0.05778233462317434,0.016440120625406274,0.0616519254226769,0.05573529219450464,0.06186990090896354,0.042280831362334674,0.00608951286559606,0.013108426754510684,0.04231292244497129,0.018607438427778664,0.017242554059550667,0.029382882170049206,0.043737297765201424,0.02147056432734951,0.03303430951643583,0.03363398407818272,0.015099022714929605,0.006406654794776728,0.020822280904350662,0.003022561827273029,0.01655500470577444,0.014997236955399071,0.03993870431463794,0.03539289402687919,0.055843078748446226,0.05538200241741867,0.010706792819520076,0.018383154060092513,0.04723295690498988,0.02103656651812966,0.041604467744220504,0.025881357206881048,0.04390689729768254,0.030515755964726356,0.02186233712611422,0.018721499780234744,0.026687309450058733,0.013030762781197455,0.05397406411877574,0.03873991622381545,0.026863403307941486,0.017516208622640167
