Country Name,Albania,Angola,Australia,Azerbaijan,Bangladesh,Belarus,Belgium,Bolivia,Brazil,Bulgaria,Cambodia,Cameroon,Canada,Chile,China,Colombia,Costa Rica,Croatia,Czech Republic,Denmark,Ecuador,"Egypt, Arab Rep.",El Salvador,Estonia,Finland,France,Georgia,Germany,Ghana,Guatemala,Honduras,Hungary,India,Indonesia,Israel,Italy,Jamaica,Japan,Jordan,Kazakhstan,Kenya,"Korea, Rep.",Kyrgyz Republic,Latvia,Lithuania,Malaysia,Mexico,Mongolia,Morocco,Nepal,Netherlands,New Zealand,Nigeria,North Macedonia,Norway,Oman,Pakistan,Panama,Paraguay,Peru,Philippines,Poland,Portugal,Romania,Russian Federation,Saudi Arabia,Senegal,Slovak Republic,South Africa,Spain,Sri Lanka,Sweden,Switzerland,Tanzania,Thailand,Tunisia,Turkey,Ukraine,United Kingdom,United States,Uruguay
Albania,1.0,0.5254750048847225,0.4515295266968228,0.19653311801110587,0.12928466214994933,0.6818709311166516,0.42074409945596875,0.13759368848827763,0.03693294572907535,0.3597557404254327,0.08946971762345617,0.12926249175876955,0.4743882654549804,0.12818219535622694,0.6266843406581327,0.08389751085254836,0.10222615919874407,0.3938846854995378,0.3426473747444729,0.17951065679929096,0.08458214888302915,0.6267867182258826,0.13432187019185718,0.3128298505697026,0.294024446441184,0.2981836976718688,0.6877828100638425,0.13124723972386795,0.06699203157012973,0.1441474161068342,0.1298299961946726,0.537209330140035,0.11592886761494628,0.1146711362076359,0.39444196981489166,0.12865367821771795,0.077668843227154,0.17160483922057856,0.25813824172998073,0.6018219602962045,0.2017600024093699,0.32617138822066016,0.5508563541833755,0.35988862845959024,0.6352842565785471,0.05415532837037711,0.06613493285025701,0.7097449746945229,0.10515131440897087,0.1896422673665688,0.24319516912461855,0.485025916968369,0.3006394762812902,0.21678870084562402,0.6331932852147203,0.045399722838750475,0.0744881844141929,0.07401014145204252,0.051204797721143766,0.1447214515169126,0.10387779134429521,0.623329435765528,0.1794546048808889,0.4595878781361115,0.5663320383777591,0.038621027867388164,0.22045731356584153,0.6672666210824061,0.28533431003279525,0.2531307547621834,0.312355153706806,0.39924297151418175,0.5045543597094637,0.5491881160242488,0.490168523646069,0.4264270790992578,0.057500674882243946,0.5793564516681239,0.42491554965416356,0.5398699307377903,0.11191151628154955
Angola,0.5254750048847225,1.0,0.680326683945712,0.7464906677208637,0.4994589783469743,0.9941227451832713,0.5908852224973807,0.5104877178432511,0.5885581148889157,0.6413249644640306,0.653249317223966,0.4627136206404452,0.7363110341891381,0.6842470978754323,1.1032330291110197,0.5652778925766999,0.6483469300842154,0.5792865239293529,0.6084080922885718,0.5250856743833138,0.55057675474666,1.0141792596065007,0.5633059183579736,0.5975292353290464,0.5445794033263005,0.5664384452456213,0.8760264557532027,0.480299447036848,0.5436720994631755,0.5419674913210976,0.5283519962566098,0.717121267269873,0.521861407507139,0.5241405268937216,0.6237103077296956,0.5088861859708037,0.5726370019907241,0.525789652283021,0.3979830152667122,0.8804024575071485,0.44028070195652125,0.8548445588334221,0.9702114894878872,0.6318525201478071,0.9338033327164716,0.5692032324249783,0.5596797857110977,1.131123649388641,0.6764202498117888,0.47542269066870957,0.5333552811928527,0.7888521731492932,0.8537040238266626,0.8016705350068057,0.9897597901030748,0.6324058303721944,0.5500917966875307,0.542467069632374,0.5638016055220619,0.4625376260519796,0.5601052899913325,0.9244054820778517,0.5195110062781354,0.7524235576857945,0.8240161897915754,0.5896984111786849,0.4628502039670292,1.0442788264594283,0.7486235607060099,0.5954881939614906,0.6051389363790053,0.6685178488250519,0.775682112394167,0.5627154542544984,0.9571305262389396,0.9307781966721564,0.5657929927241206,0.7584303988051386,0.728471355883064,0.8498642902638418,0.5923190165278173
Australia,0.4515295266968228,0.680326683945712,1.0,1.262202482400697,0.7731413730483979,0.7289670430220212,0.16106270347222168,0.744665198163747,0.9701233092041855,0.22613536694245015,1.1380246268985623,0.878266521776553,0.09426351441116008,1.2029713612523678,1.3224598174730366,0.8738370573338768,1.1735166912618946,0.2532200899759731,0.2550012230731425,0.6296938363759323,0.8509930100559021,1.3236567719669043,0.74133572818285,0.32389299243179065,0.36426258363754765,0.3509632337776152,0.569465742240416,1.0089045823208378,0.9705573247066649,0.7262840935123434,0.7483240104157923,0.2226558220857207,0.7867859057535879,0.8059442330574516,0.13457116210355183,0.7749990529154662,0.875328862075799,0.6475554843843073,0.5693781902221925,0.35401653626321394,0.6454966965362489,1.0970870021326742,1.300237684928058,0.23273256677155377,0.43868642847057704,0.9226852211766442,0.9245003824078052,1.224703089795928,1.165614582557827,0.6500469345308817,0.4813020344320259,0.17946850757966637,1.098986483423357,1.1892130421515819,1.0822676977342152,1.0262936981935564,0.8896791141480199,0.9914191953955055,0.9496703794373154,0.8437289862054898,0.8667848380906341,0.4131992682978994,0.6412823234604693,0.21291662593981767,0.26517999074200543,0.951976446774362,1.2026656269782807,0.5761450949936922,1.439739561964799,0.48733029618616275,0.33870322064958097,0.16164150507895425,0.1522917853866389,0.34131741934666787,1.330822754041135,1.3483948939207653,1.0201376840009242,0.2655284203680873,0.17558490796548562,0.26383989775514916,0.8574955980607849
Azerbaijan,0.19653311801110587,0.7464906677208637,1.262202482400697,1.0,0.25261016489030413,0.498517336640788,0.46179512193140854,0.2554669795989082,0.17142692435946072,0.408529151340689,0.1152823195456781,0.24275839662337936,0.4803840163067222,0.061789339418100046,0.3966830700403082,0.20445166403899542,0.10048537662774186,0.4469958381095606,0.3995055747934487,0.2898452008790742,0.21539477117252,0.3803772016758874,0.2478301790596596,0.37853151743885355,0.37362325555267256,0.3736338507598355,0.5394288569076714,0.21443031982365043,0.18342889568100088,0.25518114709658996,0.2507087146354076,0.5362073911954708,0.24208738202219146,0.23801271237934132,0.4367980672999317,0.2584051311797166,0.20238096224804397,0.2822714226381839,0.3581484329343097,0.534756921365502,0.3146245926436187,0.2490340903759449,0.30727344434524145,0.41008954909026396,0.5441982449110687,0.19206207465740444,0.19364645085549656,0.4770890991471186,0.08691434408929856,0.29498908210038294,0.33826367215009234,0.48168796841041434,0.24054742742981547,0.0819249796739611,0.39290433668562413,0.14205654438178045,0.20275570283370997,0.19166494139150594,0.18837735440504555,0.257510363742342,0.20989577252779248,0.54130380086025,0.2863755459133838,0.47523113134374084,0.5235979096961121,0.17982080775868992,0.25746180461786794,0.5556331332704683,0.16177935990768338,0.33179293489825823,0.3773572413331166,0.43463900092483876,0.4954808415214572,0.5693883388853198,0.24961052405500983,0.19823097770511214,0.16643932882580043,0.5417409931291995,0.44487951577655777,0.514799892147077,0.21041244090595693
Bangladesh,0.12928466214994933,0.4994589783469743,0.7731413730483979,0.25261016489030413,1.0,0.8200985786252877,0.37717342332351755,0.030144235845011545,0.12364063522653078,0.3181210891344238,0.2314290960863025,0.07226048194633122,0.46259015289975874,0.2878867004239724,0.8440455659002482,0.08107701314367718,0.2512262449224966,0.33606928360120786,0.2922683541976623,0.08646159216160289,0.05908936861042397,0.8346845519092251,0.0765385827268562,0.2573042652304952,0.22453355775407968,0.23347016059673353,0.7944090236756772,0.1374932911183687,0.11103848492246747,0.06614243620376979,0.03711790712739435,0.5262604922041622,0.022995048749018105,0.042256291996420836,0.3531438076616971,0.04180289912905902,0.08411392696894582,0.07706367977376391,0.15477358818549591,0.6442755574841433,0.09282784158889885,0.4776523547526163,0.7618746053875922,0.31535480183285564,0.6968966561729529,0.09727428391821313,0.09097780209180555,0.9088960647958735,0.25886474665005144,0.08207263941582958,0.16354237800004165,0.4845825906898727,0.45137727816193757,0.3956111478628827,0.8294394134051476,0.17410744934374486,0.0746418984748427,0.12596700103314146,0.106458274951258,0.07055626779259434,0.09034567316211427,0.6785438556036979,0.087673785545186,0.4425537756226691,0.5894956481525975,0.11527756562434407,0.2662723671461748,0.7519323967118511,0.45341864566771134,0.1977155488513245,0.2619247435840843,0.36973239471350366,0.5042089870588726,0.513785601573104,0.7010719179939581,0.6372301988253771,0.14104692053648699,0.5932433040811518,0.4092952287458646,0.5551337823184667,0.11743418653030752
Belarus,0.6818709311166516,0.9941227451832713,0.7289670430220212,0.498517336640788,0.8200985786252877,1.0,0.4731513525612725,0.615644982980358,0.6131058270458706,0.4856950910090826,0.6214320399311647,0.6763097559291418,0.3950726420381536,0.5870030131301988,0.43395832889718644,0.6024582212416428,0.6223042703936346,0.5341367695302519,0.5042663826548431,0.5921354308397807,0.6120598212611189,0.38469738958365984,0.5847564203491948,0.5184593157436198,0.5410006542031284,0.5306654819975365,0.20736332316693157,0.6967574383442682,0.6370272142601869,0.5940874105784139,0.6069161803268892,0.41424266241244473,0.619158151661511,0.6236942905562554,0.46656501324374167,0.634213679500407,0.5990308882376619,0.5929718139649631,0.6508678299940669,0.24196985245014996,0.6422767938295134,0.44406156281457626,0.3790844265198721,0.4958952786776678,0.20170753410800465,0.6163794254176488,0.6233543254704274,0.35363008287620534,0.5973349162626859,0.6218284215382421,0.5665538588321279,0.3855122850241987,0.4583674541692808,0.48374453869811745,0.22014963005480054,0.5868132045484467,0.6164576386078904,0.6597686845747817,0.6303143976955508,0.6766523175287519,0.5998041222201825,0.21741858029297886,0.595918204153361,0.45662120152494157,0.2893933823367768,0.6143340492631522,0.811795076266533,0.19477537216223256,0.6864492452581553,0.5421080596139579,0.5176592213500668,0.45219183194608925,0.3632096866967373,0.5305962109880129,0.4235403287027165,0.4657169144035128,0.6389864401218697,0.32749097629940277,0.4293918898739329,0.3435512030391702,0.5760016107903781
Belgium,0.42074409945596875,0.5908852224973807,0.16106270347222168,0.46179512193140854,0.37717342332351755,0.4731513525612725,1.0,0.6573111458769806,0.9040275049387652,0.24997709395763051,1.093441820980697,0.7588754173799378,0.26829267060041107,1.198377651300408,1.6139848915516277,0.8088214800068044,1.12704521892287,0.21357418699345265,0.24932306223820497,0.5466741598979491,0.7731757884864763,1.671961061950035,0.6793319563820946,0.2992425163356127,0.2803978899249287,0.28260395587039355,0.7300409190683109,0.8846512977581226,0.8822447360163829,0.6575923950913241,0.6663397499498005,0.31566708954095724,0.6977091707405104,0.7147404290293503,0.12040431459634672,0.6714222805204151,0.8123875999401201,0.5686251158787214,0.4426800739767299,0.5231463912264348,0.5255815637453904,1.3537336461875467,1.6226624183423086,0.2559527953160305,0.6175791467123709,0.8496876910793691,0.8472968398753957,1.5694295608105142,1.149075192724238,0.5545315072389421,0.39550536349998067,0.36570974410085205,1.3255175767587983,1.3291300195740956,1.4503172770792998,0.9888512730519408,0.8115952641221333,0.890207375213351,0.8657190631606538,0.7239623740627407,0.8061525889963218,0.5958274372042507,0.5602742279724794,0.36237213707860744,0.4192418547172778,0.884152776468806,1.0269503640377213,0.7983530069815876,1.4079336694070008,0.45947055197444114,0.3197522086806062,0.2117759449587808,0.32606189254032136,0.3325333989804851,1.60795532035317,1.571659652622314,0.9366636221016388,0.36302465942485146,0.3038605459138838,0.449253894722259,0.8185989643619691
Bolivia,0.13759368848827763,0.5104877178432511,0.744665198163747,0.2554669795989082,0.030144235845011545,0.615644982980358,0.6573111458769806,1.0,0.13809468598969898,0.3015035373151272,0.25256687069505335,0.09992597288300546,0.4480887570646196,0.30659355595438187,0.872070252071739,0.08063339145633194,0.27352631539863226,0.3247983533282672,0.2757238543837907,0.07047068324492758,0.06638745208622729,0.8607567106083025,0.05440617303416955,0.2399117090565691,0.21235432841015708,0.219549096614374,0.785586897336908,0.16036555268643765,0.1288172731655041,0.03860117470553621,0.01958951855194477,0.5144231934315007,0.03358119008470278,0.04520222605847047,0.34020959012198126,0.06545801655716653,0.08466312546243485,0.05698977357136277,0.15716668052871957,0.6313005704047243,0.09986439452235203,0.47461209905039636,0.7876128838645444,0.2984168025600419,0.6845643366841808,0.1126127347145207,0.10579354765184128,0.9278731244386712,0.277379976244922,0.06655929451113433,0.15135445237757236,0.4690932769479963,0.44905023177621456,0.40670176179843,0.8430666427118321,0.18296335127049781,0.08432502164831265,0.15247399309196638,0.12663133175847024,0.0951238450008931,0.08227250867462828,0.6658309586001897,0.06538097648227362,0.42623621105495385,0.5762881004430487,0.1306312002321528,0.3021046903371369,0.7411070374419229,0.4888176201942443,0.17588798499227326,0.24425739709380745,0.354997397417885,0.48987798593342474,0.5070658742915931,0.7272738315393831,0.6643870773806233,0.16141041206782816,0.581688734271268,0.39317904571243845,0.5405422987966993,0.10313769742144807
Brazil,0.03693294572907535,0.5885581148889157,0.9701233092041855,0.17142692435946072,0.12364063522653078,0.6131058270458706,0.9040275049387652,0.13809468598969898,1.0,0.35293703608674454,0.09918856718607191,0.10300207272353884,0.4722373828476173,0.14495920459013595,0.6600911570779531,0.058762841677084614,0.1166267898401539,0.3835401371202707,0.3344033451828666,0.16325221477150917,0.06107524032149697,0.6527950894507267,0.11794432238217774,0.30372208766406045,0.28405785578489406,0.28850803518083173,0.6997615748360668,0.10728986781656129,0.037439209017447066,0.1244164464339659,0.10940966974285186,0.5359614658151076,0.09348193816650548,0.09244545817502561,0.3883810631183269,0.11186159379165726,0.0544620284941635,0.15434864897053216,0.23957010048510385,0.6073969936044513,0.18371423985365548,0.34435909139304605,0.5780609071458789,0.3523416862154503,0.643513582909115,0.03234212876618634,0.03384855858447742,0.7371327343839149,0.11947683174826881,0.16843583747200583,0.2315331472752966,0.4842921905574687,0.32290898662747586,0.2406588636541479,0.6554548942447629,0.05492419205502705,0.04598525172631252,0.05816771851599226,0.02885984791001115,0.12022719042708047,0.07841290740230428,0.630805218822462,0.1620060813701607,0.4556085460155697,0.5693052947334057,0.01490186285803656,0.21300807805985508,0.6793740418400162,0.3065523703888164,0.2432563113834594,0.3046979638620506,0.3951629601026895,0.5040012138261681,0.5429086360556507,0.5159776832667266,0.4549310951331903,0.040090341991974615,0.5809747162729048,0.4221325151093072,0.5417433540412702,0.09618715754367499
Bulgaria,0.3597557404254327,0.6413249644640306,0.22613536694245015,0.408529151340689,0.3181210891344238,0.4856950910090826,0.24997709395763051,0.3015035373151272,0.35293703608674454,1.0,0.8626633389124331,0.6097983692377108,0.2180305952280744,0.9424875370428875,1.2696271632588585,0.5854314569753728,0.9012249068466525,0.20168723980762204,0.046873734049826005,0.37399039171134163,0.5697652154395934,1.267244827766049,0.459995111517702,0.09553074039427616,0.173914817131988,0.148404732075183,0.6831088704132044,0.7220481570682172,0.6841354848741478,0.4483214679577573,0.476186336735861,0.3356407055726786,0.5153696151629873,0.5289206097337072,0.10834459578953591,0.5164731991394006,0.5878942822095645,0.3869712364750979,0.3784232799657148,0.4654389114710329,0.4206696716703808,0.9567738975356104,1.2477638712564583,0.039099975292169846,0.5391679010751279,0.6417735877184789,0.6399861202858341,1.1844987303920276,0.8972459491398591,0.3983103788363741,0.25784972754105967,0.24769143770175098,0.9374790753935025,1.0042941687812763,1.0895023770929062,0.7414458200158536,0.6051917097655444,0.7122798508167824,0.6690672658255232,0.5803237314648372,0.5739040118132278,0.5144232962893684,0.3783974070818413,0.21538238101514795,0.3907606553281436,0.6692524830861839,0.9200438275240662,0.6357711272063494,1.198645716627084,0.22253296033988984,0.10702919399601364,0.09745373584699586,0.27497739433435003,0.40200212514691536,1.257396012903884,1.248633763755414,0.7346626367531673,0.4058913684806555,0.14119232032945814,0.3484544438928183,0.5607647493160364
Cambodia,0.08946971762345617,0.653249317223966,1.1380246268985623,0.1152823195456781,0.2314290960863025,0.6214320399311647,1.093441820980697,0.25256687069505335,0.09918856718607191,0.8626633389124331,1.0,0.1560102639725214,0.4907780898999058,0.0628952262154179,0.5259019507882265,0.13388053818071047,0.036308953762043246,0.4201215813928224,0.3757002463307791,0.227658727406021,0.13933597844674536,0.5167735740581247,0.18769633672299801,0.34893673640906075,0.3332191406284315,0.3363116540719258,0.6459675392272987,0.1310441044470632,0.09841682990449488,0.19316434071362512,0.18115674739823168,0.5509338322267329,0.16608554653376753,0.16320542535479526,0.42204427262744426,0.17815585058514677,0.13179879535615344,0.22016737448349546,0.2911513195590903,0.5927455556110325,0.24224387112733903,0.30915883857787924,0.4479300239845029,0.3907260134781451,0.6169609494935812,0.11072021918569577,0.1081561231843113,0.6087195420654139,0.035060722955774434,0.23083998287171473,0.2872277708662272,0.4983987491878166,0.29305485944970666,0.17122312640050927,0.5374277988230198,0.08235835258766186,0.12516974098803899,0.09557264448251628,0.09927846837126973,0.1727801149982528,0.14646934094758232,0.608519844095647,0.22690724396355325,0.47803666457834554,0.5662135855830305,0.09339006513443801,0.18230649088229486,0.6391784031517517,0.1932108501932873,0.29579116711771786,0.35006851426144636,0.4263573243211335,0.5157873089188685,0.5646887525314058,0.38483039747309167,0.3284396421698223,0.07496679630108062,0.5807493836191614,0.4466305801996797,0.5457371149233021,0.16000724013546447
Cameroon,0.12926249175876955,0.4627136206404452,0.878266521776553,0.24275839662337936,0.07226048194633122,0.6763097559291418,0.7588754173799378,0.09992597288300546,0.10300207272353884,0.6097983692377108,0.1560102639725214,1.0,0.49160750692044775,0.24269473907419598,0.7635791657098892,0.10155081589615719,0.20306990661145302,0.367434464933588,0.33289668771175296,0.14444620791553703,0.08531434377066534,0.746120425564326,0.13242655838636053,0.3012517188048952,0.2682393980630172,0.2781788881428482,0.7751265431507242,0.07547765189387926,0.08124291573282441,0.1230008758247886,0.09879405484100048,0.5500283910816699,0.07716567148197087,0.08210898040694448,0.3885923302930862,0.07949393560774014,0.10554974296140754,0.13705904971662525,0.17521148956625757,0.6571680520054696,0.12349252109147241,0.4648624771407071,0.6774276912644782,0.3545012402092142,0.7037951572237584,0.09369199015445208,0.08275259599799534,0.834753022567731,0.21770992558154323,0.12750082971823468,0.21307458384109315,0.5124800753718266,0.4441661305143907,0.3608817599458821,0.7553187012700426,0.16268930108816873,0.08209342773047201,0.0822027824463685,0.08876346980170155,0.04779491383746403,0.1117176586804718,0.68782223387104,0.1439641982434476,0.4727884923716099,0.6079582989505498,0.10725981732721086,0.1830610901648719,0.751888704099767,0.37534495111851457,0.24810869205676192,0.3061197887673495,0.4060071115473442,0.5302415406780405,0.5294289653674655,0.6203128806071132,0.5612413595515371,0.10396591418583952,0.6105659462726202,0.44327313757947395,0.5779302460811416,0.1471949684094819
Canada,0.4743882654549804,0.7363110341891381,0.09426351441116008,0.4803840163067222,0.46259015289975874,0.3950726420381536,0.26829267060041107,0.4480887570646196,0.4722373828476173,0.2180305952280744,0.4907780898999058,0.49160750692044775,1.0,1.1617071743529206,1.1578565477048721,0.8896909469344753,1.155361712452686,0.3145181795592842,0.2931483827729297,0.6682726522306071,0.874666420000756,1.1451162421223888,0.764378974537532,0.36068952549046146,0.41746114005610624,0.3990681927039061,0.5014013741177916,1.0470004377663624,0.9906626205868482,0.7544745841528535,0.7809717951895346,0.2031425283398653,0.8203848976052868,0.8385502608032774,0.19928258502486934,0.8160501046009039,0.8897079785849688,0.6848653702143519,0.6327982295115133,0.2769450302236926,0.7018143055332589,0.9747498732899466,1.1318733865653399,0.2613712906290619,0.35490240278028956,0.9398413892855119,0.9430530999274681,1.0518869002125832,1.1349895468315618,0.6965105267960655,0.5283636803654836,0.09181620613276952,0.9850849862497284,1.0933961722046364,0.9211998039508428,1.0150528865435862,0.9106668787792949,1.0175131322595887,0.9691711386533983,0.8917276510921915,0.8810696409286828,0.32822103967757454,0.6790420304859874,0.16809213438972642,0.19928305058839432,0.9633612630938719,1.2573385852582315,0.46603115132288236,1.390643743983668,0.5127783648177724,0.3707709998379882,0.18423707859180727,0.07148644275728984,0.37015908810345455,1.1757152914492055,1.2082118720052533,1.0343425466047675,0.24357362009410166,0.15280804400642647,0.16515505179319562,0.861543750075386
Chile,0.12818219535622694,0.6842470978754323,1.2029713612523678,0.061789339418100046,0.2878867004239724,0.5870030131301988,1.198377651300408,0.30659355595438187,0.14495920459013595,0.9424875370428875,0.0628952262154179,0.24269473907419598,1.1617071743529206,1.0,0.4664466745392086,0.16105121644991802,0.044231330743049385,0.4307205862959211,0.38369276069500163,0.25423466439717324,0.17046771222676219,0.4526650690075311,0.2110976911635545,0.3597452264060763,0.3499311508624123,0.3515786770384205,0.5899857009555297,0.16375413483447657,0.13207999477890248,0.2176945548709946,0.2099349818753412,0.5413584633132794,0.19847917303086987,0.19429771501920373,0.42653266835477865,0.21394678884400672,0.1591002516822054,0.24607958326352358,0.3208838534746128,0.5621846476951095,0.2742824088444687,0.2743600952418855,0.38090877078929164,0.396562027707525,0.5794756921422879,0.14415518712287054,0.14473778896244419,0.5475553865158034,0.033864083484179346,0.2568779153679533,0.3090114823374895,0.4871833422347453,0.2602205188650543,0.12075606568001253,0.46667892312480563,0.09705303058127127,0.15621926015442858,0.13822973627196322,0.1375710456006544,0.20924811707184526,0.1691338828822889,0.5736512155258137,0.25080943147081386,0.4733945614642193,0.5429934069767502,0.1306195118872372,0.21240927305736557,0.5971139991246408,0.17140713976137065,0.3085298862803822,0.3591642089085945,0.42723810175887167,0.5032077797780348,0.5647651878043114,0.3222426840346205,0.26803252564329433,0.11225116250766527,0.559342387381066,0.44253497111226214,0.5279929481160359,0.17520552904039055
China,0.6266843406581327,1.1032330291110197,1.3224598174730366,0.3966830700403082,0.8440455659002482,0.43395832889718644,1.6139848915516277,0.872070252071739,0.6600911570779531,1.2696271632588585,0.5259019507882265,0.7635791657098892,1.1578565477048721,0.4664466745392086,1.0,0.42067153360527676,0.35289157166949287,0.5362274242713868,0.49233230159572544,0.46383606741757416,0.42690191331221544,0.1085731520540589,0.438374440451732,0.48682302183905646,0.494418155220082,0.490304068814665,0.41790500165739863,0.44177238917597045,0.413024173479014,0.4466628594257461,0.4463235734205438,0.525055806838635,0.44393736835977654,0.44316431909320303,0.5000487443274968,0.4539179324120325,0.41756512321986683,0.4605591541488165,0.5222141805838568,0.4358924936194798,0.4914616115573786,0.3657063332075893,0.11724027186932666,0.49353841956225253,0.4146760644894006,0.4125780811943767,0.41844839888876645,0.11202110167620262,0.3494318386380364,0.47699223063996804,0.4828827983090757,0.4735600831429717,0.36492933211043677,0.29442375475602584,0.1864135301012112,0.37836720317656436,0.4211162605063571,0.41714915705122807,0.411836077390347,0.46619591463578747,0.42432209812369664,0.4190553419146131,0.4632114925227269,0.4983333776230115,0.4576350055260569,0.40569839076268127,0.4564434389181822,0.372351013835137,0.29869695737858176,0.4688297406929497,0.4841363573927742,0.4887783703205004,0.4756428150563098,0.5963063590918878,0.15147366859134012,0.1627555118373274,0.4020923145930759,0.4924266437097084,0.4780557493322661,0.46536039040766597,0.4166435055479444
Colombia,0.08389751085254836,0.5652778925766999,0.8738370573338768,0.20445166403899542,0.08107701314367718,0.6024582212416428,0.8088214800068044,0.08063339145633194,0.058762841677084614,0.5854314569753728,0.13388053818071047,0.10155081589615719,0.8896909469344753,0.16105121644991802,0.42067153360527676,1.0,0.18705141401585007,0.3561693212768652,0.30454170674483266,0.12602715917611568,0.03029390145399262,0.7411673096166695,0.0716868221827877,0.27170617165323224,0.25451308283029145,0.2581457308821616,0.7193756111257917,0.12698034548064993,0.06944635801359368,0.07534496263098742,0.06772959930850761,0.521267107277681,0.060721993423850554,0.05748694159572267,0.36442605708335163,0.09655435911399109,0.01349050898126919,0.11370331715101553,0.21471493050763799,0.6059925286783525,0.1600144328821106,0.37070726797511455,0.6652070963252246,0.3233378552247008,0.6482972546415458,0.05472868390730883,0.044567125496930385,0.8168165402922645,0.18409532283892951,0.128460146476491,0.19970697014609826,0.46794236788278654,0.34861375473801803,0.29598947703466316,0.7251162078992528,0.0964790800270563,0.027869379149453203,0.10478377496344347,0.0707249980130051,0.10997364529342865,0.028043048951820623,0.6333735482045064,0.12019997685447649,0.43383343997691265,0.562239979394703,0.06170163335470191,0.26612088762490815,0.6926610237882198,0.3959276305011804,0.20576483434473108,0.2736335803095551,0.37233992879289385,0.48924527088437014,0.5270765623014981,0.6033972319793782,0.5429513590676486,0.09447264958814129,0.5730660978300179,0.40086084964178775,0.530965081222613,0.05307014660273555
Costa Rica,0.10222615919874407,0.6483469300842154,1.1735166912618946,0.10048537662774186,0.2512262449224966,0.6223042703936346,1.12704521892287,0.27352631539863226,0.1166267898401539,0.9012249068466525,0.036308953762043246,0.20306990661145302,1.155361712452686,0.044231330743049385,0.35289157166949287,0.18705141401585007,1.0,0.4267551428225137,0.3810215417023275,0.23852899133198008,0.15101000731899708,0.4858987299049214,0.19875116078703142,0.35555664120950325,0.3405446959354625,0.34394097416166336,0.6260517035863715,0.13642366419380386,0.10687737743637434,0.20455741663062713,0.1923675790385556,0.5490732404228823,0.17766959569302215,0.1746945715634866,0.425840908542684,0.188793146560261,0.14402640826272084,0.23101987001577215,0.29987902501051555,0.5836676290983158,0.25120928022328287,0.30788200995616566,0.4174115998132112,0.3955631381601645,0.6052261325170748,0.12130163447664954,0.12282884072561055,0.5792091196637897,0.03869206250936394,0.24036445591947658,0.2963255021668104,0.4970831452453185,0.29144900308592947,0.16208128229716415,0.5082388945704757,0.08945267942786082,0.1363424550686446,0.10392501218409679,0.11017543740579859,0.1828495353765338,0.15805620793328,0.5977612982188922,0.23660046077538271,0.4794348124628574,0.55992116936559,0.1080530260935978,0.17497028411673146,0.6249067545634688,0.16840627415377987,0.30346472331291524,0.3553827659494599,0.42892870156654034,0.5137684679977775,0.5646519144201476,0.3595533334471633,0.30298226134081324,0.08348722713740304,0.574762990384668,0.44819813985759277,0.5417011039483578,0.1696828012529648
Croatia,0.3938846854995378,0.5792865239293529,0.2532200899759731,0.4469958381095606,0.33606928360120786,0.5341367695302519,0.21357418699345265,0.3247983533282672,0.3835401371202707,0.20168723980762204,0.4201215813928224,0.367434464933588,0.3145181795592842,0.4307205862959211,0.5362274242713868,0.3561693212768652,0.4267551428225137,1.0,0.22972379255433015,0.4692132099287485,0.6659321993665078,1.5743306829245483,0.5761231819018915,0.2563447609635242,0.266788008774582,0.2625002411202104,0.8668150859567115,0.7687514374475024,0.7684280104483305,0.5480566107245294,0.5681500673859622,0.37810866236867113,0.6009893211114902,0.6149457119154591,0.2046189033145135,0.5925662320513376,0.6945466585462929,0.4796350786343437,0.3775816059289567,0.6170319196103785,0.46202589100924313,1.2417817122111348,1.5289678727341511,0.23092690382829645,0.7083369251947949,0.7372170344202112,0.7283187884399382,1.5195247772895293,1.007308751896008,0.45944459439800606,0.3518505551297547,0.4099591133985633,1.202846570403436,1.1867127021955735,1.4206786090685068,0.8630869351104244,0.6997807360136753,0.787085840462378,0.7608496168625152,0.624663614774187,0.6758167111530715,0.6795676886271187,0.47471396013881184,0.324998719499983,0.5172217020908079,0.7693711712568566,0.9389458406442641,0.8595579389522076,1.2851704899644902,0.3817879599397237,0.3036708272047938,0.2965161655152181,0.39637362681792376,0.347514458989029,1.5029675955647144,1.4596417482268942,0.8187880994279566,0.47510590127603325,0.34481618223253013,0.5040494337953731,0.687574970803902
Czech Republic,0.3426473747444729,0.6084080922885718,0.2550012230731425,0.3995055747934487,0.2922683541976623,0.5042663826548431,0.24932306223820497,0.2757238543837907,0.3344033451828666,0.046873734049826005,0.3757002463307791,0.33289668771175296,0.2931483827729297,0.38369276069500163,0.49233230159572544,0.30454170674483266,0.3810215417023275,0.22972379255433015,1.0,0.3301052043585709,0.5197081907269002,1.2862434056173175,0.4145731769175973,0.06154659187013542,0.13801160828750936,0.1153997486888181,0.7296241349348614,0.660374795135725,0.6282503034299162,0.4012419683748755,0.4282128649759975,0.35136360188253773,0.466300516137808,0.47814054522524835,0.12145584200417961,0.468745027513055,0.5380549226308389,0.3419461807925123,0.3318949628263343,0.5016021301691838,0.37317743796175157,0.9480848667491311,1.2599109053285031,0.04469017036946822,0.5768845541115966,0.5908368401455457,0.5878531928638063,1.2148403728539237,0.8433216800852281,0.3480890022334048,0.2189264040867291,0.28552908995002235,0.9230310417839674,0.9698322061297812,1.1298021886414882,0.6890904661619397,0.5532139141731033,0.6572150309019549,0.6167098673732828,0.5261933420168472,0.5224059979325638,0.5515257540063314,0.3316276428364015,0.2416852007635694,0.42463182185597265,0.6185359271430493,0.8529287474192633,0.6748196767279834,1.1398665809811646,0.18840522282391245,0.07697550938550712,0.1287144706835154,0.30817628842049954,0.4001582725535494,1.2565155967375627,1.2351716540067672,0.6784392353356298,0.43270607588666404,0.18470199521564618,0.38248340985646395,0.5121204213833013
Denmark,0.17951065679929096,0.5250856743833138,0.6296938363759323,0.2898452008790742,0.08646159216160289,0.5921354308397807,0.5466741598979491,0.07047068324492758,0.16325221477150917,0.37399039171134163,0.227658727406021,0.14444620791553703,0.6682726522306071,0.25423466439717324,0.46383606741757416,0.12602715917611568,0.23852899133198008,0.4692132099287485,0.3301052043585709,1.0,0.1365637371737156,0.9892703808525404,0.08023149510434534,0.1964224885290564,0.16145353126197426,0.16890423025393927,0.8230601635076187,0.24657510413989076,0.21179160066064956,0.07187675741579418,0.07440027132300836,0.4951071195618391,0.09823551678397736,0.11076135386007427,0.30350347112073195,0.10496771288784146,0.15408146279871995,0.022915647138312793,0.14252314736138522,0.6308851290399979,0.09312987690642648,0.558781495452127,0.9181925188183049,0.2625980679716816,0.692828198325275,0.18593651229907251,0.18422971081039377,1.034915173444006,0.3706220960166716,0.07037089099934815,0.0930613808663394,0.451205376309315,0.5294607093068602,0.5066965220565327,0.9607245012257986,0.2610658860286016,0.16029272376928508,0.23133743902758178,0.2015716373397075,0.16263357011977705,0.15409803944647205,0.6712952788862943,0.03741273977408258,0.40657171862513003,0.5671745698665457,0.2045663578077876,0.3871491646297269,0.7611785927323255,0.5969096226771029,0.13414285915164767,0.20152094603147133,0.3198960752410027,0.4716155070213402,0.4883699167531978,0.8564763451719476,0.7900799444214762,0.24618504598511698,0.5698360196706199,0.36587257868851814,0.5294759671995982,0.1592360798588352
Ecuador,0.08458214888302915,0.55057675474666,0.8509930100559021,0.21539477117252,0.05908936861042397,0.6120598212611189,0.7731757884864763,0.06638745208622729,0.06107524032149697,0.5697652154395934,0.13933597844674536,0.08531434377066534,0.874666420000756,0.17046771222676219,0.42690191331221544,0.03029390145399262,0.15101000731899708,0.6659321993665078,0.5197081907269002,0.1365637371737156,1.0,0.7591122033934481,0.06877817355394215,0.2702147328186584,0.24669652194966318,0.2523630032048827,0.7434515078728866,0.12512888182426515,0.0687988554759801,0.07327198742701954,0.05344022404114139,0.5249168947405215,0.03865252221181261,0.043519839917610166,0.36321161283636544,0.06920250113572658,0.027526472159255272,0.10341631837675931,0.19998494445484546,0.6187921161377167,0.14020523232718277,0.39936849675829095,0.6838562258434153,0.3241227154353916,0.6637741440976745,0.04656649841535624,0.0447780371214853,0.8346609199763353,0.19703410893554363,0.11981673753059816,0.18906714643857098,0.47508702276869597,0.37437245966342886,0.31843080414556346,0.7508720118434068,0.11024070113505495,0.02251470023661997,0.09356689043329985,0.0603678071300262,0.09515623138191386,0.052680432430783526,0.6479288861901302,0.11200918351836203,0.44009635987147644,0.5720708670113525,0.060429279086902626,0.25461762475536304,0.7098679606105116,0.397161340493399,0.2058565176859416,0.2718558917924066,0.3728834719049811,0.49590498351307627,0.5261972007179456,0.622108363289116,0.5592115696342941,0.09505932949459947,0.581130217307795,0.4054266738554475,0.5398720290419458,0.07542555669214915
"Egypt, Arab Rep.",0.6267867182258826,1.0141792596065007,1.3236567719669043,0.3803772016758874,0.8346845519092251,0.38469738958365984,1.671961061950035,0.8607567106083025,0.6527950894507267,1.267244827766049,0.5167735740581247,0.746120425564326,1.1451162421223888,0.4526650690075311,0.1085731520540589,0.7411673096166695,0.4858987299049214,1.5743306829245483,1.2862434056173175,0.9892703808525404,0.7591122033934481,1.0,0.4383473253185835,0.48024573465010456,0.48967796480594833,0.48472122289847314,0.38833410312206273,0.4402755509384034,0.4145324766067826,0.4455201007870406,0.44728740425401864,0.5145299775567389,0.4459911281939511,0.44442598080540047,0.4882681546377786,0.45877102386723767,0.4178892878793556,0.46039217717864733,0.5226332557609861,0.4140984672338785,0.49406799553915126,0.3578303357218187,0.06708974182039498,0.48549685254700464,0.3941091386733944,0.4158108825321441,0.41908375248537805,0.10922761342232186,0.34783142985514887,0.4765295407535986,0.48108823364739806,0.45844188568189614,0.3604753587527751,0.2894665732970618,0.12769305271750234,0.37966860771752275,0.42246366651505374,0.42232210546406146,0.4164812058768992,0.4680481018834635,0.4215622312187785,0.39955058759031126,0.4631376011410055,0.4920713423228893,0.43690784728148435,0.40869730015936856,0.463162808868063,0.3598986035735312,0.30899170377977053,0.4647503459530778,0.4783078759378805,0.47646834519765574,0.45980744060180295,0.5869242723809726,0.12091012561183596,0.15413989571561518,0.40406034624229964,0.4705990563190077,0.46417754154611923,0.4513934023760996,0.41408591876951195
El Salvador,0.13432187019185718,0.5633059183579736,0.74133572818285,0.2478301790596596,0.0765385827268562,0.5847564203491948,0.6793319563820946,0.05440617303416955,0.11794432238217774,0.459995111517702,0.18769633672299801,0.13242655838636053,0.764378974537532,0.2110976911635545,0.438374440451732,0.0716868221827877,0.19875116078703142,0.5761231819018915,0.4145731769175973,0.08023149510434534,0.06877817355394215,0.4383473253185835,1.0,0.22574837508068432,0.20776498851267694,0.2108202672488177,0.7559854761778196,0.20003244490634609,0.14850838907963637,0.02714224302092376,0.04093877835702163,0.5010219268587212,0.06469997817855365,0.07032846174357571,0.3288148892546339,0.09739048744815446,0.07956888043120548,0.05950853804394189,0.19195818130326714,0.6049671799159376,0.13757256333753667,0.43402774321301607,0.7956272104321926,0.2836397151867403,0.6560986101265842,0.12164226601245329,0.12078913404996959,0.9247229235099312,0.28150526471420156,0.09505580894831277,0.1483913680299339,0.44627616995660346,0.4076250378912651,0.39136702709231286,0.8366680993671185,0.1744391115917558,0.09589311381148256,0.1779874186197846,0.1407450391339123,0.1428492877442252,0.07952878839041559,0.6379744313058499,0.06629654313781295,0.40831098553129264,0.5528324523524086,0.1358311189675748,0.34874751488913136,0.7107261397661256,0.51265952359873,0.15238067686286005,0.22660411895573254,0.3366058231463059,0.4692701293628711,0.5082525908580106,0.7344541491829017,0.6715243915982313,0.17894175574139987,0.5626524880514551,0.3704884076829036,0.5166666539884479,0.07451846540715198
Estonia,0.3128298505697026,0.5975292353290464,0.32389299243179065,0.37853151743885355,0.2573042652304952,0.5184593157436198,0.2992425163356127,0.2399117090565691,0.30372208766406045,0.09553074039427616,0.34893673640906075,0.3012517188048952,0.36068952549046146,0.3597452264060763,0.48682302183905646,0.27170617165323224,0.35555664120950325,0.2563447609635242,0.06154659187013542,0.1964224885290564,0.2702147328186584,0.48024573465010456,0.22574837508068432,1.0,0.09838515450227128,0.07259251988528573,0.7533840218870289,0.5713194245984972,0.5368322839570401,0.3224610310736415,0.3484037803453173,0.3857680156845,0.38470500526847995,0.3956557971191322,0.157755569446206,0.38881409695119207,0.44976027046501565,0.26802805848252154,0.28095536643024405,0.5301322554594118,0.30780553795839455,0.8653492280227337,1.2233790643602978,0.08771960713830278,0.6029749581726264,0.5001969534913472,0.49785117426562014,1.2027582547454312,0.7424585698381561,0.28068933781276584,0.15818534805995846,0.31934021189264816,0.8367824590863022,0.8774262857079788,1.1225082260101078,0.5927041731391974,0.4651699634115289,0.564894648005563,0.5252514893795117,0.4476242200777905,0.4360601136051376,0.5783123055051154,0.25953053170091517,0.2753295358877682,0.455823407095169,0.5259194557502954,0.7561113459904212,0.6956643034748304,1.0357408674811381,0.12405113551216844,0.051133372648908854,0.16656226243619174,0.34411183200979667,0.42067803259746783,1.2054312774699818,1.1700535040226288,0.5840922413560844,0.4628758266454546,0.217604106046671,0.4144386210954419,0.42533071808178036
Finland,0.294024446441184,0.5445794033263005,0.36426258363754765,0.37362325555267256,0.22453355775407968,0.5410006542031284,0.2803978899249287,0.21235432841015708,0.28405785578489406,0.173914817131988,0.3332191406284315,0.2682393980630172,0.41746114005610624,0.3499311508624123,0.494418155220082,0.25451308283029145,0.3405446959354625,0.266788008774582,0.13801160828750936,0.16145353126197426,0.24669652194966318,0.48967796480594833,0.20776498851267694,0.09838515450227128,1.0,0.03253429961806855,0.839383358206249,0.49586463867238517,0.4723413663400442,0.285009235480663,0.2972235769177617,0.4242974805478857,0.32639985891621864,0.34124363817343967,0.18341088495416025,0.3177441558978099,0.4027217240956974,0.22089710081319014,0.2049106377373355,0.5979792075435241,0.22895758863628066,0.9086079915658745,1.2631997918485163,0.16719944896161593,0.6778041764184589,0.4404355229296775,0.4400051929853534,1.2880629155883911,0.6823188066075083,0.23133703594378605,0.09045921454449153,0.3918452110146636,0.8664253558073172,0.8559526030419892,1.2303363656264072,0.541662258021002,0.40962730277348247,0.4899495438654176,0.45944701490807993,0.3748600473464917,0.3966234668129341,0.6525882029445603,0.21813690776059275,0.3515252780325302,0.5150963809274859,0.4672493279102426,0.6455671620988945,0.7843926894916555,0.9388855362018874,0.15039614623492517,0.11345104657449274,0.2167057310816716,0.40443650187570446,0.4237806931444839,1.2196844481760174,1.1581972718511608,0.5164914102545662,0.5038608320972906,0.289231765744223,0.48571674486406297,0.39692457567193956
