Country Name,Albania,Angola,Australia,Azerbaijan,Bangladesh,Belarus,Belgium,Bolivia,Brazil,Bulgaria,Cambodia,Cameroon,Canada,Chile,China,Colombia,Costa Rica,Croatia,Czech Republic,Denmark,Ecuador,"Egypt, Arab Rep.",El Salvador,Estonia,Finland,France,Georgia,Germany,Ghana,Guatemala,Honduras,Hungary,India,Indonesia,Israel,Italy,Jamaica,Japan,Jordan,Kazakhstan,Kenya,"Korea, Rep.",Kyrgyz Republic,Latvia,Lithuania,Malaysia,Mexico,Mongolia,Morocco,Nepal,Netherlands,New Zealand,Nigeria,North Macedonia,Norway,Oman,Pakistan,Panama,Paraguay,Peru,Philippines,Poland,Portugal,Romania,Russian Federation,Saudi Arabia,Senegal,Slovak Republic,South Africa,Spain,Sri Lanka,Sweden,Switzerland,Tanzania,Thailand,Tunisia,Turkey,Ukraine,United Kingdom,United States,Uruguay
Albania,1.0,0.01703801958278535,0.02126480773311547,0.010442480471300636,0.003745633761037587,0.01647556675940039,0.019913293300157498,0.00705035103772369,0.0035061605773493527,0.029012181857985972,0.00626388240739461,0.011950813622405755,0.02129446700158384,0.006986472946266969,0.011675979752440302,0.0025016104321466284,0.0029774234365550225,0.02101175167166847,0.033971120395922545,0.02547590608168955,0.005715245737509009,0.013109818291666544,0.00469968111016292,0.02800774994907426,0.030278970409431838,0.025508190745990388,0.01643441332028058,0.02432818447263484,0.006366077472980374,0.005611144502361347,0.007985405719504152,0.019664110554404816,0.0043688507141147245,0.010166557614948498,0.021585985659967135,0.026021199863326332,0.0037735345101964812,0.040501138173587956,0.01054713813646047,0.021500681485842048,0.008278982900097386,0.013226147866448233,0.011189602813115684,0.027554827313633876,0.01801811006885787,0.00148874547756774,0.003711817812467808,0.015799321994904695,0.0056704868148167095,0.006159744166389076,0.02619712133803382,0.020075329365390738,0.019355944435561618,0.008132732899802653,0.015482066748276695,0.03400145164114631,0.002545304891902576,0.012212298756675673,0.0012035257921946404,0.006414932188248838,0.003723432143819974,0.019734643094134433,0.02630434172911633,0.02209911997025961,0.022400154738163175,0.01863643365274554,0.014768596539018342,0.01856913808400797,0.009281624536938851,0.026966120734567785,0.023413404212074936,0.024124258520982,0.019397675235046877,0.017410936017257454,0.013316271236079587,0.009039951441311095,0.008462474625143112,0.01887298009647112,0.021792323938575425,0.018803360896608463,0.010803458190421668
Angola,0.01703801958278535,1.0,0.006313249945604578,0.0265976972123301,0.01816408792865495,0.008888415066802954,0.004494589317201518,0.010773724963687914,0.013645425439920238,0.013948189099077506,0.02309719301132462,0.005142518984872574,0.006598225324228875,0.010973870704010217,0.013086763128776399,0.017145903004712144,0.01648180415619331,0.0049923213817115895,0.019068278250699507,0.008804879419907097,0.011746662314588744,0.009258768786301264,0.0185204915976327,0.012420047868053995,0.015039102511859548,0.009882938721072486,0.005702617504453491,0.00729226977420884,0.010686320347814488,0.021012356099774934,0.024299302725156492,0.005565882955281068,0.014273183642160538,0.0069820088666561345,0.006269316121180608,0.009217860072747313,0.020614802988797608,0.024139491459542792,0.007590663534562397,0.011702481352803079,0.010107172228622445,0.004263597757902386,0.013945111697362395,0.012321587533712819,0.005744321971547067,0.01791657710483652,0.01369739168902641,0.017764208667071,0.012219298967328984,0.018329176484424704,0.010209388673559526,0.00483376199778372,0.0023224315114021574,0.009926803990214155,0.0035964079184963027,0.05091795072259078,0.015606568507450798,0.004829173773377069,0.017068297356926908,0.010917263345887942,0.015007932100003285,0.009727634395611199,0.009564458627376204,0.006662416477938381,0.01130272255122721,0.035674355646648094,0.0023346492945897023,0.009790066683359817,0.009388744981737019,0.01074298371863764,0.007516455806539416,0.009339050860810525,0.004274361423760635,0.0009196817519948521,0.005600059873527563,0.013403719806945815,0.008575765045194077,0.004968566168277771,0.006463618214235538,0.003591621094458945,0.006478570108641544
Australia,0.02126480773311547,0.006313249945604578,1.0,0.029150117233671217,0.02311768089585149,0.007129629085857404,0.0022480460752746425,0.016026905774150495,0.01801511938106672,0.007894890856095288,0.026228761994152573,0.010524560251545348,0.0008084018904601474,0.01447117034885027,0.013342812576755984,0.02157594380278401,0.01969874471291066,0.002041601569709013,0.012993655328581743,0.005479272936654953,0.01669871449166171,0.009993144481199277,0.02352574372447557,0.006753494836543903,0.009076822915935171,0.0043849269695985325,0.0052520749540733635,0.006212506731948511,0.015145363402793823,0.025891319505000007,0.02913264847787613,0.0018076178283342875,0.019318851237748076,0.012421025081504744,0.001088736176511645,0.0064786187713760926,0.02497237090976622,0.019419868305743833,0.013614026001691603,0.007294041360362632,0.015912143050615987,0.008540366286237647,0.014907862322739846,0.0063199541477292715,0.003589637144917314,0.02239618608409354,0.01817892442192788,0.01690487120132657,0.015818939746386814,0.023503080311107722,0.00542178568872033,0.0016061284034824266,0.005276519331517296,0.01346662745328485,0.005813413345079153,0.0537729030833124,0.020095626169200274,0.010098685085050029,0.021384764059064545,0.01593578176200999,0.019424924485655255,0.0057043910370569665,0.0062627596991000475,0.0018253893195923172,0.00657289119284059,0.03929678850477034,0.007746461136168664,0.0061319045547766175,0.012097821707876552,0.006173884505122507,0.0030085131686041337,0.0030998728416570683,0.0021443494698104464,0.006512468353151782,0.008056259781561584,0.015267693957906683,0.013156208988111484,0.002507649127732051,0.0012607120700139805,0.0029372423535308782,0.01158741694300108
Azerbaijan,0.010442480471300636,0.0265976972123301,0.029150117233671217,1.0,0.013522814460203635,0.0221057074552884,0.028757066980543488,0.017298131577108584,0.013604719493930637,0.03554110143888089,0.0057835535804117225,0.02173438178691655,0.02899149496533809,0.015669002052210418,0.016872434558695092,0.012400818440329843,0.010161516246593744,0.029721931606339066,0.0397951760739779,0.03439328970596742,0.015832297581757453,0.019297032684301493,0.013785600337815465,0.03545041384771905,0.03719408404243379,0.03350569076599926,0.024208587194735676,0.03381113131364746,0.016280986036026672,0.013773232000377273,0.013109882267339907,0.028151706024673057,0.014783485277379516,0.020056451732152782,0.029856148562198453,0.03516489090864651,0.010984188673594563,0.048213123763653484,0.020749327542414413,0.02588646776541069,0.01861492113535156,0.02307164169738481,0.0149116007673703,0.03464109814680409,0.025638089572748175,0.011311847902641572,0.014037446444275438,0.01613876484769614,0.014526169438894038,0.015638541530135636,0.03454979797549328,0.02837488194999004,0.028900282563998826,0.016820199286153747,0.024237735985709576,0.02471869838005553,0.012926409739440533,0.021883257079113677,0.011375927434103913,0.016715402220688798,0.013855080148968003,0.02530254267795543,0.03526742608945026,0.03013109842772667,0.027231459055436138,0.01350247258605243,0.02426481921060384,0.024513766357968342,0.017449162276353982,0.03531827481728986,0.0319124864057471,0.03135446249429155,0.02791963477327907,0.027104572104670488,0.02155604715998463,0.013938965573800317,0.018219123891264448,0.026842301972999704,0.029751950528869166,0.0275728875664001,0.020794169760256834
Bangladesh,0.003745633761037587,0.01816408792865495,0.02311768089585149,0.013522814460203635,1.0,0.018845102060272744,0.021600234666012023,0.007408523646207668,0.005295828480326765,0.03094422069914348,0.007818572574604468,0.01304817334603759,0.023167255936157958,0.009184648905836772,0.014455499849441248,0.002595093764917353,0.006167318587155461,0.02263134739539811,0.035961792095825736,0.026887980912616825,0.006460815140179672,0.015431388905751034,0.002199545163320923,0.02982903043993478,0.03217468104187219,0.027280492252453735,0.018521937885819743,0.025318080327517478,0.0079819011225811,0.0031641560285020163,0.006139446418480176,0.0215233377433943,0.003893187318513643,0.011184840302328183,0.023374096688657912,0.027351939144363107,0.003253216388039573,0.04213488760869802,0.011070538198831444,0.023932750994841365,0.008527541558601994,0.014630494810755316,0.014177241305351477,0.029431547735320644,0.020027104695233118,0.0025891869132716244,0.005063914517267451,0.018989185824978962,0.008023737662830717,0.0025245002134003567,0.027873525025380413,0.021856190923213146,0.0204074958426197,0.01052937196871184,0.01730534140597545,0.033743737158754054,0.0032605953371548403,0.013405277640273036,0.0028191104432326716,0.007308820330907579,0.004161167639732382,0.022016201556439036,0.027680821618728823,0.023837862807204416,0.0247754592838398,0.018070890084159182,0.016031201763449566,0.02079927076972415,0.011291215496617216,0.028593354404374733,0.0250827347072608,0.02604610821887154,0.021122759084782092,0.01838389300322708,0.015280015762332,0.011999017603927636,0.009970688582263167,0.020798534094966167,0.023611348483735528,0.020455171899339618,0.011719981316070006
Belarus,0.01647556675940039,0.008888415066802954,0.007129629085857404,0.0221057074552884,0.018845102060272744,1.0,0.007306634265448512,0.012493722956300114,0.013549372536024552,0.013561840511971016,0.01983858539122665,0.00846480399125245,0.006926514047411914,0.009661495985352576,0.006794575613773805,0.01682682768332437,0.014085253605592353,0.007848806831326821,0.01809639989613654,0.012507453916401842,0.01280284191453271,0.0036160602828504062,0.019186281674070275,0.01334884977815912,0.01512113577877237,0.011441005361979817,0.0036266506619220488,0.012287878005802923,0.011213046164770037,0.021312013557250844,0.024449267882914977,0.0063402229119425306,0.015381290899443317,0.00959840901801,0.007905886044886665,0.013425067703919203,0.019923252550312326,0.026127205476883707,0.011205830815583512,0.005110459843177159,0.01293562915557489,0.007734204537319733,0.00792131068653963,0.012560262160829424,0.003760911331955287,0.017566578207908686,0.0137912115431371,0.010536049660912438,0.01086211631797923,0.019616307661802536,0.012551327692211667,0.006564711084012293,0.009909006466604281,0.008369976876468125,0.005434164724113425,0.046794703688726846,0.01559334994651872,0.007938329735907487,0.016727563978297496,0.012346608472399535,0.014753558235580437,0.00339883649704484,0.013376442482693901,0.008040116275664503,0.005932812269399203,0.0331691883744975,0.007754472344770403,0.0027779800359666595,0.0077881120516498535,0.013253905068790262,0.009954087970181259,0.009252423532610137,0.006256030737148997,0.009746631680998603,0.004347019694472071,0.008170820537566056,0.009494608621005837,0.0051414363481745995,0.007705514472716222,0.006480988601165118,0.009143457503146664
Belgium,0.019913293300157498,0.004494589317201518,0.0022480460752746425,0.028757066980543488,0.021600234666012023,0.007306634265448512,1.0,0.014399789820789892,0.016648406598444455,0.009618619162039595,0.025486972633548214,0.00880061857531817,0.0030086272493505097,0.013424838853608479,0.013733492687750645,0.02023370148723238,0.01883554586067118,0.0012252884013711498,0.014734188032457783,0.005706577136418752,0.01514764098901299,0.010137713623662217,0.022008663326727438,0.008274473992325726,0.010768320235847553,0.005698049556738653,0.004714012138818766,0.005126114122793105,0.013715065090931892,0.02441978762996257,0.027685854167385737,0.00247076648085301,0.017758827980878803,0.010734962477019275,0.001871214304324522,0.0064080567375721445,0.023686716710458564,0.020592077488171767,0.011831257691610355,0.009186340471155843,0.014171881588232642,0.006969740478800282,0.015073656900492175,0.008005708952614777,0.003789556760980109,0.021049317168185623,0.016776825163727183,0.017373774351985973,0.014755552230856022,0.021917262666603748,0.006290961366522772,0.0014805807975596826,0.003143172759560142,0.012439857094422722,0.004540741051313518,0.053238785775279074,0.01871775651798535,0.00839433793343762,0.020054273101622912,0.014335733050343177,0.018105391735214894,0.00740230188166852,0.006567719147972505,0.003322128019786238,0.008575571144921985,0.038345146865259985,0.005966174050947438,0.007646989994072489,0.011317858800710236,0.007054034602059781,0.00350191298130667,0.005069096077517889,0.0013438788681699454,0.004692111461319452,0.007201549141397016,0.015154434691815431,0.011641377159369186,0.002647227706329802,0.002757901246358049,0.0016439281418532052,0.00996013943669141
Bolivia,0.00705035103772369,0.010773724963687914,0.016026905774150495,0.017298131577108584,0.007408523646207668,0.012493722956300114,0.014399789820789892,1.0,0.0037260159341175503,0.02391229008124936,0.013297665125873364,0.005696927964437655,0.016111372607821462,0.004746047393495043,0.012207265828419259,0.00657575243313625,0.007422064426186524,0.015382976879490806,0.028985657436687347,0.01953468852807624,0.0015290260150846453,0.010235322412373727,0.0077467987233958155,0.02267150135102208,0.02510371517100324,0.020097757323714497,0.011860714437802577,0.017909634999267753,0.0022745840585703704,0.010242824393553056,0.013529371111573403,0.014485912597510196,0.003517986235050897,0.0038038547781704584,0.016220335490949193,0.019980126641897713,0.010004136499614248,0.03482979483052592,0.0037859473299693054,0.0176024416239833,0.001955416479478604,0.007494098655626382,0.012490250472990669,0.022344529411847662,0.013197190460892318,0.007352604548067471,0.0033653785767129903,0.017419284732329673,0.00468206320236892,0.007567077671179275,0.02062746536811099,0.014694538504733698,0.013002823945607115,0.005084309384572997,0.010235586842171341,0.04090192691720258,0.005138625855619568,0.006067830862932898,0.0069444025013577085,0.0016910469053772576,0.004401770728907124,0.015547737281381832,0.020316507471577913,0.016638683445490448,0.018363357842252605,0.02531769044973872,0.008682529446165124,0.014311382491427412,0.006332899799511941,0.02132397683849498,0.017846045993606435,0.019045760606364603,0.013942823388051811,0.01097713338849305,0.00843529427798778,0.01028050146922879,0.0030723312461160305,0.013835921750819918,0.0164723598688014,0.013230978260883625,0.004441760883504428
Brazil,0.0035061605773493527,0.013645425439920238,0.01801511938106672,0.013604719493930637,0.005295828480326765,0.013549372536024552,0.016648406598444455,0.0037260159341175503,1.0,0.025776837022622578,0.009768675473767257,0.008526396481760238,0.018045137825146756,0.0038889565158428214,0.010464466166490698,0.0035854100579242173,0.003754097341009449,0.017735657760691734,0.030759803865840932,0.02216298246849371,0.002228066790926965,0.010135664766771144,0.0057095455687341395,0.024759058309557973,0.02703413237354808,0.022258094205222685,0.013263147615668342,0.02092513482753194,0.0029679133919782046,0.007907233721121785,0.011127033275503639,0.01641463063993858,0.0023360167980585917,0.0067223000970742346,0.018335994507182325,0.022687803759924907,0.007047500714147226,0.037240170487382776,0.0072607606382627315,0.018638471229676906,0.005247670336407335,0.009823872981141032,0.01041486704577896,0.02430674030050966,0.014806069527226597,0.00440218256003142,0.0006754487378305115,0.015403701160813217,0.002797299900954344,0.006209447871332001,0.022936891036442086,0.01682477545575478,0.015955412624787044,0.005258072917233198,0.012232784691041002,0.037483729198659374,0.0020808328944558457,0.008816361530397882,0.003423568883343477,0.0033860315391935633,0.0018952888799513984,0.016723213461399034,0.022984150797553834,0.018846083567721043,0.019479630806753672,0.02204773313295077,0.011400553738816687,0.015510710658220083,0.006079915962194116,0.023697214873989552,0.020149952702891927,0.020883108172775493,0.01614072302267963,0.013987373436674328,0.010083334153754859,0.008072010244665504,0.005095422465294312,0.015631252796799146,0.018543810062290122,0.015534071582504012,0.0073124487271584385
Bulgaria,0.029012181857985972,0.013948189099077506,0.007894890856095288,0.03554110143888089,0.03094422069914348,0.013561840511971016,0.009618619162039595,0.02391229008124936,0.025776837022622578,1.0,0.033283784058420064,0.018409111119291912,0.007801400552401433,0.022065630711717965,0.018670152038830132,0.02930281642271292,0.027058126593729075,0.008992459844504658,0.005122352820770565,0.007260192349549868,0.02455438557445248,0.01646520936426501,0.03134938231815956,0.0024686416423884356,0.0029780444022412082,0.0047520054763967295,0.012649097106200512,0.010306151240198978,0.022962543813861477,0.03368012041309777,0.03690336031198501,0.009438066838125285,0.027177003945863785,0.02031575630397503,0.007768702608914689,0.008323573716324171,0.03262905751205627,0.012794972194006965,0.02143256001918941,0.009788906157122688,0.023789266546078696,0.016419960649056767,0.020678648498150657,0.0016276736337477507,0.01101494567324051,0.030113627737675744,0.025958060862663116,0.02099407692307216,0.02341068864311486,0.0313720799153894,0.005538308996704332,0.009309380886170532,0.012258374855042286,0.021004838829808508,0.01367921951489912,0.06025872022461586,0.02785426677250813,0.01799020023072602,0.029115101735330266,0.02381527558989679,0.027126678972917293,0.010243968508696015,0.007063746095658659,0.007433394774575307,0.008409537014584165,0.04653935113895125,0.015578524190906412,0.011062549074621697,0.019732047203423038,0.004968002450346297,0.006453329235933562,0.00489848472406262,0.010024970711830786,0.014094310749549664,0.015696024712588342,0.0217258489898938,0.02101051420627511,0.010148679567103538,0.007526325912673764,0.010796026486286954,0.019475682186891392
Cambodia,0.00626388240739461,0.02309719301132462,0.026228761994152573,0.0057835535804117225,0.007818572574604468,0.01983858539122665,0.025486972633548214,0.013297665125873364,0.009768675473767257,0.033283784058420064,1.0,0.01811553934039839,0.026145707926270887,0.012132255191627781,0.014795347847388472,0.00729860654034536,0.006656626710566282,0.02656625927519642,0.0379226605086317,0.031192836274459144,0.011974672121986416,0.016822087341606652,0.008126987674000052,0.032821632710503944,0.0347392229095187,0.030613298338922092,0.02100168525314995,0.03037172100682328,0.012575152196097481,0.0082415870188176,0.008094202622026314,0.024978382121733055,0.0099465825829039,0.016372905667792252,0.026817696568764027,0.03185818265920215,0.00533594742395357,0.045605733300368885,0.016741515830773594,0.02453874438143094,0.01430726059996438,0.019410255077857676,0.013668388431761996,0.03213537762799828,0.02263949269158532,0.0060574330749791514,0.009935269320940349,0.015925707639975167,0.010884707690399039,0.00999606227134419,0.03152942174085566,0.025328408662813558,0.025417421523495718,0.013185914732036707,0.02094628888223938,0.027821176444245366,0.00824211473430783,0.01831431736626512,0.006359650011365218,0.01250805254136542,0.009399156616679796,0.023236806666908066,0.03205463721751836,0.02727422728782937,0.025602830782253155,0.013341057598027731,0.020781650711495403,0.02228157486285051,0.014266153737912105,0.03235474671572822,0.028833155517443716,0.028680231297183664,0.024794487600608723,0.02354424931590701,0.01832497303614669,0.011767010286091738,0.014587197403543415,0.023756275412373327,0.02684314426577866,0.024358007384903842,0.01705676137268381
Cameroon,0.011950813622405755,0.005142518984872574,0.010524560251545348,0.02173438178691655,0.01304817334603759,0.00846480399125245,0.00880061857531817,0.005696927964437655,0.008526396481760238,0.018409111119291912,0.01811553934039839,1.0,0.010664545925755171,0.00610987344545997,0.011230106927944674,0.012004347040284755,0.011579455182640534,0.00971019277385997,0.02351640545877037,0.013844442061121186,0.006610858333282896,0.008002808913305156,0.013426462814541466,0.017058796364055256,0.019567710900614942,0.01447953946936789,0.007052567229780678,0.012401390255376067,0.005585223055841109,0.015901406664274677,0.01918761893881868,0.00916958978762606,0.009163860329853338,0.001955440240794065,0.010648893754676493,0.014303823952839793,0.015472604220098085,0.02913302604855188,0.0032646139319399323,0.012990346120335188,0.005389320310742655,0.003145299269434423,0.01187158861637538,0.016803724810735228,0.008099472497125329,0.012774155168275946,0.008562948011567527,0.016373923546330906,0.0072369843074761185,0.013262639171689098,0.014955951523149828,0.009111089816529425,0.007435900610634052,0.005979920325108977,0.004891813796905921,0.04592404278934008,0.010466259707450612,0.0006267119143513282,0.011949510276677129,0.005774744534645045,0.009865572866307237,0.010873539055200783,0.014633313820694261,0.011016754439067933,0.01354481169694655,0.03057248472326959,0.0029872637516117134,0.010350984857547228,0.005387751145315674,0.01563614940253832,0.012185140666306878,0.013612509033828721,0.00838470135341031,0.0054620701158829095,0.004151425277775406,0.010348398811197718,0.0035286903830218973,0.008579560694290958,0.010900774393453522,0.007618971080476674,0.0017381952383600451
Canada,0.02129446700158384,0.006598225324228875,0.0008084018904601474,0.02899149496533809,0.023167255936157958,0.006926514047411914,0.0030086272493505097,0.016111372607821462,0.018045137825146756,0.007801400552401433,0.026145707926270887,0.010664545925755171,1.0,0.014461533460102826,0.012930852772493185,0.021599679019342934,0.01965159186385109,0.00283451921255636,0.012880571693575642,0.0058371205672418935,0.016760148468714736,0.009758254738087235,0.023574515612394088,0.0067516703906600264,0.009008619341350006,0.004515636752918422,0.005196075776983515,0.00684144561590193,0.015188637880324223,0.025930161068808372,0.029167203101267324,0.0018070948180179654,0.019381780223333707,0.012533599051450057,0.001750233085596753,0.006918234268012644,0.024983840726442958,0.01947222745468464,0.013796237629728708,0.006616788248618772,0.01605342286949622,0.00861858955212922,0.01462472701540135,0.006265524046559635,0.0035222444753464656,0.022418617558779573,0.01821319764109371,0.01639245460736395,0.01580926993331049,0.023572806378770142,0.005670741480844739,0.0018243304104941412,0.006053026631955611,0.01344819465595972,0.005878106478496031,0.053634949903019924,0.020125114789397543,0.010225312629828598,0.02140820708028136,0.01601388381883184,0.019443178093643664,0.005161907053893427,0.006556528097034698,0.0015395369426334125,0.00583165467732091,0.03924570485677035,0.00793454815665469,0.005532671091082274,0.012088296593467404,0.006330277658326507,0.003354963455254819,0.0029517531920328225,0.002356182948464385,0.007035368595501524,0.008046455093505102,0.015077687714615099,0.013215917619196816,0.002555968642484845,0.0012733600997258266,0.0031324646297030854,0.011676215654554328
Chile,0.006986472946266969,0.010973870704010217,0.01447117034885027,0.015669002052210418,0.009184648905836772,0.009661495985352576,0.013424838853608479,0.004746047393495043,0.0038889565158428214,0.022065630711717965,0.012132255191627781,0.00610987344545997,0.014461533460102826,1.0,0.007556324298654422,0.007276891524733509,0.005516139088452042,0.014538227570930299,0.026992453008284643,0.019118986491189104,0.003805677517328341,0.006341138157978815,0.009539544235506467,0.021213089869924203,0.023367870630318765,0.01881171529149181,0.009449192612860624,0.01824061099416158,0.002485723355135862,0.011728656612770673,0.014912046258589563,0.012987832443365396,0.005777524304846108,0.004842690931421452,0.014921279244681106,0.01974650897802882,0.01056342684594494,0.03386695623910711,0.006981326606334694,0.014754252133109288,0.005902250263610688,0.007437087989898607,0.007771963739469706,0.020673386496574776,0.011052461637597202,0.008071150170751136,0.004131222040354137,0.012722610344001553,0.0013477841762448764,0.00999926985165438,0.019608174050333483,0.013421872371091607,0.013291428319337837,0.0018439268927616464,0.00889366249808261,0.03994807454335017,0.005940445999887629,0.0062188616462509035,0.007120841881942575,0.003724708453398232,0.005140231614988667,0.012836987394444908,0.019971673263748893,0.015447699209816567,0.015591027453144607,0.02492265696394688,0.008652691115441872,0.011631563050815405,0.00275098403200205,0.02042467694337356,0.016864002362542107,0.017210369564582665,0.012820219056348616,0.011447069859826282,0.0064156215037399515,0.005547008844652731,0.002926352748222854,0.01198411383899059,0.015053340742518486,0.012316171749355117,0.005280208491762201
China,0.011675979752440302,0.013086763128776399,0.013342812576755984,0.016872434558695092,0.014455499849441248,0.006794575613773805,0.013733492687750645,0.012207265828419259,0.010464466166490698,0.018670152038830132,0.014795347847388472,0.011230106927944674,0.012930852772493185,0.007556324298654422,1.0,0.012927648759411152,0.009073340599610529,0.014194258321010563,0.023140308510588913,0.018653428293542038,0.011355388777077436,0.004122117046565459,0.015717510683411925,0.018749072773484383,0.02041959455378156,0.017309355512800943,0.010096290331066075,0.018684849583043495,0.009970785017534114,0.017082973101359256,0.01948965106863295,0.012687503942893367,0.01273412665194986,0.011451122741907774,0.014191299408741219,0.019734704180054966,0.014982988788387015,0.031382435442872295,0.013393555044640302,0.010001752823181161,0.012969158492136371,0.010578558179406181,0.0024828939348865253,0.01784439244502555,0.010250943578107309,0.012737216040626772,0.010888643105626225,0.00528966928013686,0.007982277187878568,0.016244350397752207,0.018570648337853865,0.012662912014797297,0.014608124779240266,0.007185876351800081,0.009996159046334743,0.041589378864616104,0.011967100477190924,0.010722904226983384,0.011959251855140546,0.011089695463584875,0.012055720564853413,0.008669422235848647,0.01946114997480839,0.013700999518277359,0.010928208915372746,0.02812390395930142,0.011473983294878084,0.0077783694140935175,0.006169994139108509,0.018985616536038936,0.016048320825577004,0.015023604640132953,0.012472794721015291,0.013957973155412045,0.00783953224004012,0.0032940621195258154,0.009645517545065471,0.011789327967220778,0.013680863404293012,0.012256545266024538,0.011204969903527776
Colombia,0.0025016104321466284,0.017145903004712144,0.02157594380278401,0.012400818440329843,0.002595093764917353,0.01682682768332437,0.02023370148723238,0.00657575243313625,0.0035854100579242173,0.02930281642271292,0.00729860654034536,0.012004347040284755,0.021599679019342934,0.007276891524733509,0.012927648759411152,1.0,0.004668416424009446,0.021320523505102135,0.034258484839202547,0.025732928372373343,0.005437445260909567,0.013441848061858075,0.002814974507495518,0.028325596275690357,0.030575086575158932,0.025835915111759797,0.01672300803601785,0.02439059392152667,0.006537368721644211,0.004485656032617637,0.0076395794935690394,0.019980418914788006,0.0030838396122503,0.010177720512449431,0.02191375962109432,0.026243547339240513,0.003472196400202596,0.04082525370568727,0.010252898363729519,0.021878530943531448,0.007745771194453117,0.013370314571211895,0.012589853553762501,0.027855488214814823,0.018305751801542473,0.0017673042751343694,0.0034733609955725185,0.01747254193665176,0.0059778810406761855,0.0038304619971116856,0.026521712689874584,0.020403536744781067,0.019436265797190624,0.008458558980091185,0.015809357101047,0.03443149757132832,0.0015421562678544585,0.012327233727810671,0.001757840135371529,0.006230727727760717,0.002248463308488159,0.020059237390255166,0.0265489816963982,0.022427651990447234,0.02275771303580993,0.01876868681222058,0.014934699480831632,0.01887956343233622,0.009571057419897302,0.027282577657898967,0.02373519711703042,0.024418330089495427,0.01972447410690096,0.017437812577629976,0.01360776221380427,0.01031380786584093,0.008658113782741136,0.019167920564366656,0.02211450312498754,0.019119460721524494,0.010683061440839938
Costa Rica,0.0029774234365550225,0.01648180415619331,0.01969874471291066,0.010161516246593744,0.006167318587155461,0.014085253605592353,0.01883554586067118,0.007422064426186524,0.003754097341009449,0.027058126593729075,0.006656626710566282,0.011579455182640534,0.01965159186385109,0.005516139088452042,0.009073340599610529,0.004668416424009446,1.0,0.019927846508294975,0.03187319838529961,0.02454208665451085,0.005925004936858009,0.010781235448717475,0.007429974388004597,0.02638599288050394,0.028428696557982185,0.024071986879769174,0.014459267443864053,0.023737715913538012,0.006182885115834516,0.008475897331179361,0.01043282632043524,0.018345557885857223,0.005771045164863084,0.009928059853903628,0.020227443959421602,0.025201613140845774,0.006101470795447558,0.03911789611391683,0.010688596874528365,0.019075089879494616,0.008732849136792335,0.012928084228999697,0.008682654816128241,0.025774975321333243,0.016133125659334266,0.003965809321911924,0.004398143908407832,0.012910457301865423,0.004409494720065613,0.00836272158737022,0.024933851676136314,0.01873402674085135,0.018796628882913162,0.006691729862653845,0.014294990283265202,0.034453850582250645,0.004226578729698508,0.011734914520350937,0.0034123123066028965,0.006824997749119983,0.00488947149752737,0.01739739060415948,0.02540183047963368,0.020727415590957324,0.019994160984506706,0.0195981393699654,0.014156345089572961,0.016288474644874828,0.007652973260505653,0.02576007113580343,0.022216390528271155,0.022298535170474414,0.018172769632312773,0.016962457444710394,0.011700748990585786,0.006523965824571731,0.008068054398561385,0.017193184770730435,0.020303526511533394,0.017713106561137417,0.010702188008818938
Croatia,0.02101175167166847,0.0049923213817115895,0.002041601569709013,0.029721931606339066,0.02263134739539811,0.007848806831326821,0.0012252884013711498,0.015382976879490806,0.017735657760691734,0.008992459844504658,0.02656625927519642,0.00971019277385997,0.00283451921255636,0.014538227570930299,0.014194258321010563,0.021320523505102135,0.019927846508294975,1.0,0.014075987078111973,0.004677749918806164,0.016172405111267947,0.010759113989199777,0.02303752432916772,0.007439584525882101,0.010048337069577622,0.004892901312322775,0.005583942437021553,0.00472680882115379,0.01479109721645386,0.02546489331141349,0.028737405423442174,0.0023540841008341065,0.018777694439008088,0.011665146099157248,0.0015157974668252746,0.005599129972386473,0.02478064518942286,0.01951935715439141,0.012534931646421901,0.00913725054212301,0.014986634520357794,0.008009664254001363,0.015694942215161226,0.007404316815824883,0.004103704347629855,0.022131688075994443,0.01785557867542887,0.017773850615109346,0.015871984561370445,0.02292312765285864,0.0052522397729722345,0.0017617927813380094,0.0035247756504803393,0.01355455727851303,0.005644941468317351,0.05427017156163731,0.01979757646154605,0.009328555657056191,0.021146127778560706,0.015343028942123709,0.01919404893617715,0.007381811574289822,0.005552306463733899,0.0030288238442770787,0.008503437542617997,0.039460550715252424,0.006766354647162787,0.0075415596381312065,0.012308443123979997,0.005967791673023864,0.002630213361754112,0.004711757214544146,0.0018028129273153753,0.0051491972669121385,0.008242057330813603,0.01594797927440843,0.012697117194893887,0.003074814382285489,0.0024612859022153776,0.0022227760921240706,0.010954309188534383
Czech Republic,0.033971120395922545,0.019068278250699507,0.012993655328581743,0.0397951760739779,0.035961792095825736,0.01809639989613654,0.014734188032457783,0.028985657436687347,0.030759803865840932,0.005122352820770565,0.0379226605086317,0.02351640545877037,0.012880571693575642,0.026992453008284643,0.023140308510588913,0.034258484839202547,0.03187319838529961,0.014075987078111973,1.0,0.01114037164164361,0.029599278883795155,0.02114089400332765,0.036363565947414196,0.006723966860859679,0.005005024450314261,0.00924653725578504,0.017545229967127117,0.0141412591022292,0.027987830625741006,0.03866697829116285,0.041877578932471286,0.014500266227968584,0.03222318961967225,0.02541108780903594,0.012885563451648707,0.011798441256861743,0.03754464729300426,0.00950686197654735,0.0265535701168732,0.013909381376102387,0.028900728654568074,0.021491572051022798,0.024887906650946267,0.006749862888706758,0.015955394717192636,0.03506108286013656,0.03095040199959256,0.024428095766521895,0.028329393355369305,0.036427521667402735,0.009395102249856707,0.014426061955680464,0.017362911035292448,0.025903557494146547,0.018750761410683676,0.06450373988713753,0.03283470184327773,0.02309229917334571,0.034078581662219526,0.028883297959865196,0.0320798944925705,0.014701344379268351,0.01065119164527561,0.012553083839092089,0.01257000387809974,0.05123249001957812,0.020697116125540215,0.01564884504834936,0.024698813395788822,0.008870155591428128,0.011564801638627657,0.009940534106825627,0.015131908036409842,0.019211739480298445,0.020683568499195535,0.02622956755324889,0.0260595931600039,0.015172662921168163,0.01264644151328845,0.015908834729281784,0.024554521681960678
Denmark,0.02547590608168955,0.008804879419907097,0.005479272936654953,0.03439328970596742,0.026887980912616825,0.012507453916401842,0.005706577136418752,0.01953468852807624,0.02216298246849371,0.007260192349549868,0.031192836274459144,0.013844442061121186,0.0058371205672418935,0.019118986491189104,0.018653428293542038,0.025732928372373343,0.02454208665451085,0.004677749918806164,0.01114037164164361,1.0,0.020436879025705047,0.015393685982472613,0.027270879380267038,0.00483828919803779,0.006626523316392172,0.0027960744159430772,0.010232578749477288,0.0030778539317504756,0.019198606571252774,0.02974126655871431,0.03302615718064551,0.006467303390412889,0.023007070793084998,0.01573696103636905,0.00460202072724503,0.0012813667005347742,0.029203768800925966,0.01533522041656539,0.016358161365229513,0.01198065854678625,0.018903998095880576,0.012364100129823374,0.020311818783341398,0.005897534910344373,0.008779054874369202,0.026524994515626666,0.022259752355651675,0.022036508959208143,0.020439921805126594,0.02710144159196012,0.0017487697534452537,0.00608319177950949,0.006810595639624558,0.01812885507640111,0.010247260313642365,0.058925573548758284,0.024194217783603342,0.013483152379640472,0.025581054192978795,0.019584707218154293,0.023605449365271914,0.010866943832087455,0.0008756559388075154,0.005563033657098246,0.010992771406192727,0.044024618013046614,0.010857918423460672,0.011284793305563378,0.016960311636812987,0.002643721298640504,0.0026107807026250806,0.004780197475111407,0.006478842317986285,0.008805947275483466,0.012881943079513954,0.020618986333228593,0.017074869458444827,0.007571148318930705,0.004974702055955877,0.006839622714002825,0.015168343684203464
Ecuador,0.005715245737509009,0.011746662314588744,0.01669871449166171,0.015832297581757453,0.006460815140179672,0.01280284191453271,0.01514764098901299,0.0015290260150846453,0.002228066790926965,0.02455438557445248,0.011974672121986416,0.006610858333282896,0.016760148468714736,0.003805677517328341,0.011355388777077436,0.005437445260909567,0.005925004936858009,0.016172405111267947,0.029599278883795155,0.020436879025705047,1.0,0.009877846415850714,0.006865145502961801,0.02339153487459712,0.025767986750458407,0.020834205938618792,0.012288691429330846,0.018960442296202046,0.0016977903472664808,0.009308337538906294,0.012590934580547188,0.01511762617596593,0.0026244411869158326,0.004765565795314003,0.016934200795767993,0.02090966467896963,0.008892947316120628,0.03567410583865237,0.005115450904871713,0.0179119243433084,0.003188056130033044,0.008179886138595983,0.011538834824226346,0.023017638914608025,0.013717065276895604,0.0061961181307985756,0.0020841274637781234,0.01649501104917645,0.003488371906888195,0.006846694578190661,0.0214154476302195,0.015414394030957953,0.014017509100847658,0.004787771847281151,0.010886190708436844,0.039643040436431166,0.003927043336873379,0.006959630223320674,0.0056150406523284135,0.001740563344296137,0.0032846873475870916,0.015902969724905156,0.02123420538143116,0.017386852696556168,0.018708093616195638,0.024119713381106755,0.009584814901864518,0.014659197897084504,0.005910086482080198,0.02213311904890175,0.018625466228879572,0.019663732182021457,0.014673609515841754,0.012008679295303781,0.008950573720879186,0.009230021126776684,0.0035442892087325798,0.01442673927810471,0.0171772119870516,0.013998162509429608,0.00527193880593437
"Egypt, Arab Rep.",0.013109818291666544,0.009258768786301264,0.009993144481199277,0.019297032684301493,0.015431388905751034,0.0036160602828504062,0.010137713623662217,0.010235322412373727,0.010135664766771144,0.01646520936426501,0.016822087341606652,0.008002808913305156,0.009758254738087235,0.006341138157978815,0.004122117046565459,0.013441848061858075,0.010781235448717475,0.010759113989199777,0.02114089400332765,0.015393685982472613,0.009877846415850714,1.0,0.01578053554474753,0.01616332773808331,0.017964127519976336,0.014267936012508748,0.00628297331233204,0.015214764242751255,0.00823654078112239,0.017924122130188472,0.021074580195067586,0.0092687298937767,0.011973676974322521,0.00871525719512297,0.01079600014998407,0.016354364163959065,0.016579595924363,0.028949759858778918,0.010455500432054912,0.008530437723449014,0.010661013208424308,0.007238910747723012,0.004957082330977402,0.015392822443495793,0.006705804703535222,0.014194818325532658,0.010374074047043803,0.008697008409815132,0.00746774224331794,0.01619365626612457,0.015406216330682121,0.009311911061727443,0.010718537579086097,0.00586608061932027,0.00598913464485521,0.0439813374858828,0.012183499938446453,0.0074925712354945665,0.013331316254651787,0.009223497236836489,0.011448970047448125,0.006627968873205635,0.01625543654769973,0.010851846416115996,0.009345236280880954,0.030103088631981658,0.007787902692282328,0.00551059061954051,0.004377341757018835,0.016075613690200344,0.01282345198002309,0.012061255426745103,0.00899125478787291,0.01013767273861273,0.004016480733524987,0.005358280105950604,0.007283073891801915,0.008132873021929821,0.010537720585913976,0.008769542494070389,0.008363848479353174
El Salvador,0.00469968111016292,0.0185204915976327,0.02352574372447557,0.013785600337815465,0.002199545163320923,0.019186281674070275,0.022008663326727438,0.0077467987233958155,0.0057095455687341395,0.03134938231815956,0.008126987674000052,0.013426462814541466,0.023574515612394088,0.009539544235506467,0.015717510683411925,0.002814974507495518,0.007429974388004597,0.02303752432916772,0.036363565947414196,0.027270879380267038,0.006865145502961801,0.01578053554474753,1.0,0.030237911889515336,0.0325815550877653,0.027689391893254398,0.01891021279117887,0.025618216770620997,0.008387867170000791,0.002520617783361219,0.005807518727213913,0.021930754040420948,0.004267093948231148,0.01154906789472617,0.02378304524888988,0.027724448498768296,0.002952689712159899,0.0425353050029933,0.01132675042343176,0.0242621185668579,0.008747224760810504,0.015038950912467017,0.015404198077767127,0.029839087511886127,0.020424640430473977,0.003582258988054562,0.005490284498060074,0.020273551804122714,0.008424673252237194,0.0021760061083639665,0.028280365595474276,0.022265147215993417,0.02073937033678114,0.010832614717579975,0.01771365436667347,0.033927448894561764,0.003835470755142587,0.013789013621038817,0.004042744612862502,0.007705872390796988,0.0044333649538429885,0.022376489852352667,0.028058086425881763,0.024246484943142545,0.025118830112233648,0.018202853983115733,0.016413132862752373,0.021167836689519572,0.011753391613783085,0.02899783584279293,0.025489993491388387,0.026451047452226286,0.02153148371703934,0.018709714387946632,0.015680680088294634,0.013126521360197058,0.01037963410999015,0.021202776523454956,0.024020159318401,0.020862517135017473,0.012110408707912062
