Country Name,Albania,Angola,Australia,Azerbaijan,Bangladesh,Belarus,Belgium,Bolivia,Brazil,Bulgaria,Cambodia,Cameroon,Canada,Chile,China,Colombia,Costa Rica,Croatia,Czech Republic,Denmark,Ecuador,"Egypt, Arab Rep.",El Salvador,Estonia,Finland,France,Georgia,Germany,Ghana,Guatemala,Honduras,Hungary,India,Indonesia,Israel,Italy,Jamaica,Japan,Jordan,Kazakhstan,Kenya,"Korea, Rep.",Kyrgyz Republic,Latvia,Lithuania,Malaysia,Mexico,Mongolia,Morocco,Nepal,Netherlands,New Zealand,Nigeria,North Macedonia,Norway,Oman,Pakistan,Panama,Paraguay,Peru,Philippines,Poland,Portugal,Romania,Russian Federation,Saudi Arabia,Senegal,Slovak Republic,South Africa,Spain,Sri Lanka,Sweden,Switzerland,Tanzania,Thailand,Tunisia,Turkey,Ukraine,United Kingdom,United States,Uruguay
Albania,1.0,0.017009521286206492,0.01991997476384156,0.01720472368427775,0.010073431581249383,0.018026779218864756,0.01944174050704551,0.010790207897200785,0.00551445866212689,0.025971927485451376,0.012881204266207721,0.012912077531491439,0.01947751484458993,0.007716660351067792,0.017377104536204304,0.007240573951598532,0.0062738443159641236,0.020891162149317823,0.03108477172507861,0.02362135874306959,0.008179351957975258,0.01381092176859525,0.009665711750419675,0.02492368007047036,0.02815996800106442,0.023427547909345165,0.018845260962624212,0.023790202132605364,0.008783904288742182,0.01164935679952616,0.011730595346763061,0.01997561869450226,0.008477708650663631,0.011608252663873879,0.020157858019553478,0.025328315570553407,0.006893363077706753,0.03600613160797707,0.015074244967990948,0.024893850344129886,0.012721993329654626,0.01546142400958078,0.016377950134236187,0.0250562218788596,0.018013466617647248,0.005530765476201828,0.006972666735189576,0.02602304844214941,0.007041350482851225,0.01632628039183853,0.024390077541395074,0.018058799216314644,0.018921960169033098,0.010276167242059566,0.014908808598705312,0.030255669061751093,0.006861570428869988,0.012132371604762793,0.0049196144195809985,0.011852623237578177,0.010064140980912075,0.021747749809121694,0.02391704777183488,0.02016832706727894,0.024624146185031136,0.017896954546766663,0.0143877128662186,0.01996092551932289,0.009671346815660295,0.02363891577940063,0.02085322967827892,0.021972016149490153,0.01766997573353375,0.017777307330911613,0.012833397045144012,0.01333173061204862,0.00932344000639371,0.019456635398829063,0.0194440769123031,0.01696643488322702,0.012976879909871971
Angola,0.017009521286206492,1.0,0.011383889677115067,0.029735439262663567,0.016772058121770687,0.016437206513581593,0.00801205145066153,0.00928211065190775,0.012690959708709313,0.017757677118682716,0.02589207510657895,0.004841462288266188,0.012038665855509475,0.011898143540374922,0.02372735768674403,0.01466413165658377,0.01755938131513456,0.01073735735536289,0.02397245161438799,0.009209774051779165,0.010252384019578143,0.016041839813593205,0.015659627121945588,0.014779218117937334,0.017322149087769228,0.011447274680159958,0.013460284028023333,0.00992016700940429,0.009654844020418383,0.01784344050861267,0.021030559401452077,0.014001509019597472,0.012576033493579301,0.006869209823206396,0.009493969342325605,0.010400238335224694,0.01754393552999408,0.022447709538173398,0.009613496653789244,0.023986783357705314,0.010672082855479288,0.009434558041987114,0.02223346376100269,0.017228255446428777,0.013200026313734303,0.016319149753646695,0.012690318403862474,0.03315381222762117,0.01365893324149009,0.018277221425832258,0.01111367294859695,0.008677264923634454,0.0022722344251835465,0.012903433105112449,0.0065888046377258255,0.04634352649345322,0.013492000715482871,0.005029195594243082,0.016210016977591387,0.012487403714116814,0.01267277047132294,0.020692258092577895,0.00988036249899288,0.013635557703649593,0.022531130330568794,0.033654096968785664,0.0030936170842671743,0.020334537240478442,0.013612129495721435,0.01089383800237539,0.009051660945268263,0.013021879136618744,0.008345780004187071,0.0019901007684116003,0.009850073194874397,0.02071018968650795,0.008240075998059091,0.012680516337444228,0.009223896623390564,0.007605315079484449,0.005963301686851742
Australia,0.01991997476384156,0.011383889677115067,1.0,0.027791994049518057,0.024313037206372092,0.009014933056751414,0.0046454526262865925,0.01760317806406328,0.017077516291259986,0.008771632270573291,0.02672235106762672,0.013613428934704245,0.0024132315872948213,0.013609654870181601,0.019381378269234768,0.02021224167475843,0.01921791184641266,0.005616344892352894,0.014187720691049358,0.00831542508673374,0.016700010710749724,0.013267135221883606,0.022088926517708198,0.006770162831624837,0.008895999422799736,0.005378829708277285,0.005918223686871571,0.010974715183556085,0.015753867323763507,0.025118126005920755,0.028014730750680145,0.0056183058762288495,0.019781626088578568,0.014376541577118386,0.00283881121390664,0.01028189228422315,0.022506136313996946,0.017160263236839408,0.01978431086557789,0.01393951941682373,0.020106504981689262,0.008897138449235144,0.018236264773737583,0.008368031864696491,0.0047340394468777455,0.02132735650653752,0.018159177830479278,0.028026575776948066,0.015419859742331378,0.027171545253326285,0.007037437382290821,0.003806758741921701,0.011309190005894795,0.011418777668627826,0.006695317323499216,0.046928707502645495,0.019342211475604405,0.012099396121933538,0.02077544490263861,0.019776082613242922,0.01886006882734677,0.010834056180292926,0.00831647163997806,0.006527312437687614,0.012221839514426527,0.03654363754514627,0.011497716031050513,0.012085834875855236,0.014998714366389911,0.0073870604751395084,0.005505689544760037,0.0058062961650860116,0.0035659016700966633,0.012403586217077262,0.008498636846518763,0.017190174273041446,0.013994587228740913,0.0037345785940204523,0.004458710901799598,0.004996422151011272,0.012651228457625133
Azerbaijan,0.01720472368427775,0.029735439262663567,0.027791994049518057,1.0,0.023322759904703252,0.020520815909317345,0.029304317497442476,0.02530395533533369,0.019427862306270173,0.03071260232835198,0.01131901975063048,0.026226896334155234,0.026803282457863255,0.018136704050500264,0.016304231664670557,0.02036565167132037,0.013677366309107632,0.030632289131353328,0.03389598782617599,0.03429118554688741,0.02292673735318603,0.017118269072229707,0.024103555616651333,0.031825975702585683,0.03428533222127779,0.031834298216538076,0.02564306536856661,0.03604810736736386,0.021923325185854107,0.024596178972384412,0.02380045215985934,0.027368903442641236,0.02315611706948616,0.02595199551107573,0.029073611782933117,0.0362349896975102,0.01917996871007387,0.044240365358314056,0.029293545683315214,0.023837318176602656,0.02759666784492773,0.026451780906849465,0.012616514137795028,0.030524803293866812,0.02431805400601831,0.01869083480238947,0.020397408212561533,0.01767458705106796,0.017081140334419084,0.02889199901809048,0.03350198790163819,0.027014225092903514,0.031643728069290195,0.018933992234632463,0.02506444174657714,0.023936175822021892,0.020531563058067224,0.025540986808752553,0.018294893403074934,0.02470375367727975,0.022156378833730773,0.023078772141741907,0.034423962164476955,0.02817748896027627,0.02506425809826528,0.017573121749671267,0.02711991457687846,0.021340839959003162,0.01817519637552198,0.03262416971668414,0.030035111884452306,0.028299480287884878,0.027270111448872845,0.030909267995542816,0.021453474117541456,0.011999840754551192,0.02259531661234487,0.02675247681244658,0.027839959662009056,0.026997854193869266,0.02626307981293749
Bangladesh,0.010073431581249383,0.016772058121770687,0.024313037206372092,0.023322759904703252,1.0,0.023883210379191666,0.022452562131240836,0.007998928021031106,0.00826734305588103,0.030594919026728673,0.016620587195147602,0.012092941528030192,0.02421242262163285,0.012351604111352908,0.024750329574380565,0.006235554362238784,0.01164565359231333,0.02464035530866418,0.036432224792599444,0.02549908668887812,0.008112453207251449,0.01922168630326279,0.007591160037742581,0.02881975926729059,0.03196795530727962,0.026556284753333728,0.02398652982265807,0.025505934478122536,0.00874635235833231,0.005892072694934465,0.005599590399086212,0.025439278454707167,0.005049435636744732,0.011471857247157912,0.023636878552714395,0.02673770833979213,0.00665511577731393,0.03882335291341363,0.009741854307558525,0.03196806036933423,0.007636322357776877,0.01905819861390158,0.02290661638651863,0.02984343296654601,0.02338361879072331,0.0066754197800346915,0.0067837054677089646,0.032661948824263244,0.011796608085340466,0.007752780102681168,0.026897634357569342,0.02160340975684456,0.01878155998705448,0.016452198534192032,0.01790127392808552,0.03390399484116939,0.005831259607924628,0.012950759870045642,0.00673094405104091,0.008105078496915103,0.007993632714279787,0.028804144857171563,0.02602467652427403,0.025408251725463845,0.03158459385320983,0.01940926958139228,0.014588484516042857,0.027056782992600663,0.013687677638024141,0.025994939659327275,0.02351036298623521,0.02571684717178721,0.02150239959232923,0.017019809316865937,0.016917925547862856,0.02046345620400733,0.01039169185281836,0.024393058661274374,0.022647960805976954,0.02048895684037502,0.013705036100822202
Belarus,0.018026779218864756,0.016437206513581593,0.009014933056751414,0.020520815909317345,0.023883210379191666,1.0,0.0117160772655537,0.01916785075193184,0.016266301188347286,0.01139793358660371,0.02198696664079298,0.016360840747391355,0.007896936000468221,0.011721767870665261,0.014426302580855097,0.01917977740808648,0.015586797298401405,0.013168091903616922,0.015557905395313763,0.01611852068613356,0.01750349734968434,0.008732207314762304,0.02244831217692421,0.01210296700436781,0.014015571950416705,0.01245053588432728,0.008083942721754288,0.019147226937549135,0.016030563785266502,0.02488972533715838,0.02717420119253013,0.009760791838532847,0.02018866413611705,0.01715583319849285,0.010660038296247298,0.018174044474908495,0.020926619528312426,0.024095579604728492,0.022446940440758952,0.009255727053953366,0.02221165727470212,0.012867441639005935,0.010936509754663471,0.011394729594680941,0.005966562369240991,0.019625897009822348,0.017503614095385107,0.02165366983881943,0.013136977144569783,0.027756404206349842,0.01441198513707098,0.009636588976560764,0.01734222208949683,0.009511726090487534,0.01016219531879107,0.04158905876832395,0.018635711994559517,0.015033495721344176,0.01921408273494574,0.02005019511027023,0.01849923717833236,0.007000139642496901,0.01617237905858516,0.01113778889988649,0.008509895550862123,0.03237618884950957,0.015190190100290438,0.008035263384546076,0.012972931837952582,0.014226619208474888,0.012123707129897186,0.009091024744930377,0.010035644426949241,0.017682973520675632,0.008408292596898539,0.010890500696575198,0.014885972335211694,0.008478731210750306,0.009915002469874867,0.010516118627565811,0.015605775727515108
Belgium,0.01944174050704551,0.00801205145066153,0.0046454526262865925,0.029304317497442476,0.022452562131240836,0.0117160772655537,1.0,0.015032807549281482,0.01600553098534211,0.012092629486965715,0.02755168811638511,0.01103196568188421,0.0061339223218437,0.013302377072107737,0.022235304684565343,0.018528782362317423,0.019540553601134308,0.005294816922039737,0.017828458947461986,0.005640598403089766,0.014769969998590711,0.015143826081926342,0.0199404414029523,0.009096989334527279,0.010479578800834595,0.0052557877765793135,0.006861623480475818,0.00777737016000426,0.014094699487295304,0.022784665768808467,0.02618240676895862,0.007903902748392932,0.017838691526935704,0.011890132992489474,0.0028326840721427573,0.007071801836278772,0.021164239302988122,0.017405908149840818,0.01704656624609926,0.01789478893994913,0.017691708766459167,0.006944640724233157,0.02059230287324474,0.011571267474781441,0.0077071483913857585,0.0201849129116084,0.01676385132081743,0.031364895803175495,0.015243508205152537,0.024622377251601883,0.0055026989561809845,0.004654290251890136,0.007626810341606217,0.011421699003632286,0.0054001037680572106,0.047534482749488564,0.017772528501895108,0.009884587928470972,0.02001039692544862,0.017979178046299466,0.016745375514368378,0.01487376552664568,0.006164742164103573,0.009209750919128745,0.016047455202139276,0.03655382120381623,0.008987623712874235,0.01593150945422671,0.015590245851223594,0.0075753185562339636,0.005112955448741994,0.00774760056274511,0.003405339275656343,0.008720497302885263,0.009034330698795109,0.019430596145758462,0.01236727764080355,0.005713584357327708,0.005307616089354773,0.0042909390086591425,0.009567727796321267
Bolivia,0.010790207897200785,0.00928211065190775,0.01760317806406328,0.02530395533533369,0.007998928021031106,0.01916785075193184,0.015032807549281482,1.0,0.006372274686904587,0.024617112124657604,0.020140278349891277,0.005001424763043019,0.017921853747344143,0.008984652727846825,0.023604652496516963,0.006344304676396771,0.012576194295692792,0.0174545797230948,0.030685731853758915,0.017898633664653815,0.0030784079314091412,0.016536875186410983,0.0072027703081101475,0.022284731497151895,0.024961159647719052,0.019373726232603857,0.0174923043860487,0.017738929171814966,0.00411513830502714,0.00872018296457423,0.011865691130483079,0.019206996921678418,0.0039762231709366625,0.004225929364887367,0.01652670684335682,0.01889313864949783,0.009127987834984603,0.031350901118108905,0.005828076098796131,0.027504959548346482,0.004765257685136226,0.012168498003616532,0.021652864157498744,0.02388648868586278,0.01756761497212321,0.008947921879684208,0.005502448070735008,0.032771327538791147,0.009795933199008315,0.01046605462434139,0.019450083665239835,0.015061762182208836,0.011237353226950821,0.011946959057212313,0.011151666174594866,0.03883940458919823,0.005432479097610884,0.005951027462646238,0.00903529634622323,0.006919503694366318,0.0051040006075856355,0.02415463829710317,0.01857929760762082,0.019476155991056707,0.02662057662928307,0.02567480877555209,0.007572535551021144,0.023196863778552044,0.011938744333762796,0.01921707505871512,0.016679171942784884,0.01949079164812586,0.014667138346760254,0.009443814281268397,0.011731188240086262,0.01935352824806312,0.004778918837043567,0.017801232585006474,0.0161222787786422,0.013790336519501343,0.0059639885951351685
Brazil,0.00551445866212689,0.012690959708709313,0.017077516291259986,0.019427862306270173,0.00826734305588103,0.016266301188347286,0.01600553098534211,0.006372274686904587,1.0,0.023658165245468772,0.014553856681762308,0.00829697253630928,0.016918238457457324,0.004694552835744284,0.018581899286654362,0.004392843543193694,0.006679860404041326,0.01794523801366563,0.029218473699342756,0.020064584105679507,0.0037203245684567497,0.012700151882816469,0.0077414364957497095,0.022165194229868332,0.02524302528398226,0.02023176116508505,0.016371392689207176,0.020389238064084797,0.0038358219718984204,0.00985245371766908,0.011408205792970721,0.01783723298887261,0.004766842773260502,0.007486269413032683,0.01694022873909999,0.02158752669210625,0.006077867410500962,0.03295076814401701,0.010987572314984644,0.024041709575975845,0.009069357327112967,0.012253164881268281,0.016800493088800533,0.022823120786688977,0.015647582714747182,0.005106014824071669,0.0025527921262912673,0.027437465392501015,0.004750744960463474,0.013668336808361076,0.020955043662189726,0.014861063701840403,0.014748392123987849,0.008439440107520107,0.011239786718717738,0.03411592623356102,0.003162374945852037,0.007850248171303888,0.004350171855477461,0.008413387813532803,0.005803133168879115,0.020799760716429066,0.020461115873791787,0.018317433959850773,0.02366811007022429,0.021168271107533086,0.010094566346010603,0.01937672164510584,0.007900328826746527,0.02019171762068242,0.017405939523450504,0.019065740556218094,0.014670315491156351,0.013442684990958624,0.009568212882684713,0.013902570887729313,0.004701492916854537,0.0168412879546121,0.016215248626732497,0.013836529473736245,0.00877291456324734
Bulgaria,0.025971927485451376,0.017757677118682716,0.008771632270573291,0.03071260232835198,0.030594919026728673,0.01139793358660371,0.012092629486965715,0.024617112124657604,0.023658165245468772,1.0,0.030914201913195164,0.020155601956561922,0.00760194340447956,0.019640464788057657,0.019775493398872756,0.027067845968086514,0.02411270118676915,0.012258654702269303,0.00653330211648008,0.012722821476034972,0.023757851451195706,0.01548376065517067,0.029693177743081983,0.004600180365326596,0.00734901552961292,0.008420470745574499,0.01284490689200673,0.016793910816951294,0.022293538546633074,0.03235087848085623,0.03481078692149242,0.010286111619434978,0.02655383461950544,0.021694650910107926,0.009893670816930924,0.015020175953075332,0.02933735752980695,0.014939813225778772,0.02589277062075449,0.012137083220307102,0.026424929643701505,0.017266285158421654,0.01906611371289351,0.003911097787738531,0.009821546837788483,0.027298629128293228,0.024617577004494153,0.02627147730658577,0.021183668780146603,0.0338480695457642,0.010395057892359609,0.009903229535057822,0.017422464137529584,0.018071327010875014,0.01385255271710042,0.0518562691568566,0.02599273220813561,0.018962337831265157,0.026794515509399767,0.02552483470617038,0.02591090901572327,0.01074104706495456,0.01203857904279272,0.008754765036332433,0.010302649151215598,0.041637696048904056,0.01781882236241874,0.01157565899284601,0.019058202537573055,0.00885732155017188,0.009674430537769967,0.006443994187946718,0.01074396500673003,0.018866275922511784,0.014422061951594721,0.01954275832301596,0.02060661695002208,0.010823225460420525,0.00877881253319081,0.011484136382276314,0.020325372559905724
Cambodia,0.012881204266207721,0.02589207510657895,0.02672235106762672,0.01131901975063048,0.016620587195147602,0.02198696664079298,0.02755168811638511,0.020140278349891277,0.014553856681762308,0.030914201913195164,1.0,0.02169058778255869,0.02582856582655856,0.015064087144425052,0.018294002603610846,0.015301932475557868,0.009762715734690371,0.029331598865108985,0.03477505501051331,0.031931275170128164,0.01802120543681594,0.016761698379766318,0.01894731607933351,0.030966483455477638,0.034184801412012585,0.030723335276041083,0.025835846631446963,0.03313820434532601,0.017505600211841353,0.018906975794982593,0.01749076089185751,0.026726169352841,0.01731056552545222,0.021222215840277645,0.02761953292399068,0.03384476310347531,0.014175745298681708,0.043221147781762774,0.023037247923817873,0.02692194366780407,0.02142366775524669,0.023813931882335465,0.01624860528561035,0.030221025853057637,0.023852201964888544,0.013912831805504901,0.014724015996692461,0.021353497956300666,0.01280355317658826,0.022513021450962102,0.0319945653254606,0.025036827069313365,0.027871380357622728,0.017669659032192853,0.02275576034174915,0.02583545002586294,0.015555442832264562,0.021257717900508056,0.012485129780278329,0.018437316134054294,0.017824273079613435,0.024866079395190702,0.03197067127058678,0.027410835532826167,0.02807446819773006,0.012572356027431989,0.022982696458326422,0.022417780633956327,0.014237209076465918,0.030251412621504756,0.02759434885009527,0.027391241193075587,0.025506817120196368,0.026691293036572163,0.018921503642948687,0.013130505816241577,0.01823475920735392,0.026181544210192788,0.026196348966450674,0.02470045634117194,0.0227392547783796
Cameroon,0.012912077531491439,0.004841462288266188,0.013613428934704245,0.026226896334155234,0.012092941528030192,0.016360840747391355,0.01103196568188421,0.005001424763043019,0.00829697253630928,0.020155601956561922,0.02169058778255869,1.0,0.013870588239009636,0.008511125224163293,0.021986083183248458,0.010142077508028929,0.013521281281013962,0.013736746722269662,0.02631735546713554,0.013551638196071311,0.005897453342132868,0.014285151035429156,0.011760608043373047,0.01773952340937647,0.02063045246598187,0.014941432861489409,0.014702116951111453,0.014131009280070512,0.005146558573217015,0.013615023612558131,0.016526516238989115,0.015670971782495845,0.00797495268387746,0.003699929100089101,0.012349871919077163,0.01488620871728402,0.013054227210723591,0.02683028667137296,0.006623398108020703,0.024481686486704454,0.006956577715002071,0.009975139832581087,0.02018967262286547,0.01953280756046498,0.014126915242035864,0.011796414628909029,0.007997613408403301,0.031228642000279166,0.00990568686945534,0.014578276576325266,0.015041321568530715,0.010689446498644487,0.006970826164751417,0.01095160451496093,0.007328759612103115,0.04211636638352351,0.008869601100915525,0.002301553312355795,0.011640865126796629,0.008548337079741047,0.008555838097757574,0.021133629778354857,0.014089767404511191,0.015530311815512269,0.023418255175232716,0.028967477518578377,0.0027391041779745748,0.020211917970713113,0.010505754210358239,0.014400223269868966,0.012026118008363803,0.015139782945610893,0.010516985471886035,0.0055354305490028346,0.008720825137378208,0.018264227488441066,0.004040721999139866,0.014378299719446413,0.011582368889709947,0.00951410338810271,0.004524216912297146
Canada,0.01947751484458993,0.012038665855509475,0.0024132315872948213,0.026803282457863255,0.02421242262163285,0.007896936000468221,0.0061339223218437,0.017921853747344143,0.016918238457457324,0.00760194340447956,0.02582856582655856,0.013870588239009636,1.0,0.013172199794388783,0.01778369285909544,0.020247475962073023,0.018468370012196658,0.007098195170971745,0.013125029498661256,0.009371324342653194,0.016849647074504103,0.011966941414994069,0.022478577599266268,0.006036903069468631,0.009388449585275307,0.006170298493891826,0.006952554463287141,0.012392049475597104,0.0157770887916741,0.025423113307536375,0.02806478439155133,0.005350871998260378,0.01983307382440319,0.01489392746379484,0.004382578513436297,0.011772300298678741,0.02252649550570519,0.0178560374251012,0.02004048975124195,0.012801825712542927,0.02025580669313504,0.009954932984613439,0.016760053370744595,0.006900143732215681,0.003789727714938134,0.020964034094508636,0.0180182780468574,0.02626046563497542,0.014900994567488104,0.027470969129828725,0.008138412327990095,0.0035578894123796125,0.012135155890286525,0.01126899766304699,0.007093725978660753,0.0464895984935642,0.019321721474636528,0.012337924728527646,0.020402094948092364,0.019482724885091823,0.01917779197074528,0.009548464282184586,0.009100456732941705,0.005559634314269315,0.011203348233346727,0.03590624458392318,0.011741605308007632,0.010315334840372286,0.01394831774286291,0.007289410446885144,0.005614932633277509,0.004893719717683539,0.004061394374977295,0.01314906813608705,0.00790890952324613,0.015870264184712008,0.013987098625292776,0.0046852687015347646,0.004137948340983962,0.004900186202258276,0.01337711500824904
Chile,0.007716660351067792,0.011898143540374922,0.013609654870181601,0.018136704050500264,0.012351604111352908,0.011721767870665261,0.013302377072107737,0.008984652727846825,0.004694552835744284,0.019640464788057657,0.015064087144425052,0.008511125224163293,0.013172199794388783,1.0,0.015742958487901106,0.008025888886740972,0.006510218407333036,0.015407509427325576,0.025093356664887576,0.017742839716542662,0.006670560174462082,0.008836139057187798,0.011675131072986959,0.018516574382990557,0.021566908275354447,0.016992100104527078,0.012947762720777845,0.01902343191150756,0.005397401507079023,0.013881499783618405,0.01572007046714084,0.014627271917575855,0.008841020142370327,0.008498579018790113,0.013789427453564389,0.019604167774593784,0.009897095221890992,0.02999166464494951,0.01312407720991361,0.01977879447620433,0.01195227046368089,0.010626269396073395,0.013175374937682224,0.018980113854512214,0.011802859515940511,0.008607048419061437,0.0060676209948847025,0.024583140985038308,0.0032268090330005053,0.017047989911206072,0.018080852098527795,0.011594708244513967,0.013874945082665206,0.00542747105810604,0.008317158545333311,0.03551254728875364,0.007178963496493204,0.007515126703453481,0.007859435872920364,0.010090952072847726,0.008303047685230805,0.016608059335616942,0.018124411153069585,0.015096014511931962,0.019366257375899056,0.023601027080744377,0.009237214585645718,0.0153645444692264,0.005768779260425488,0.017273009953875044,0.01445886038934426,0.015216173280789088,0.011593845724708967,0.012962167538745852,0.005732036634458919,0.010683218107761643,0.004977389039567171,0.013407856534304138,0.012802044510765533,0.010939144652139769,0.0087369501162392
China,0.017377104536204304,0.02372735768674403,0.019381378269234768,0.016304231664670557,0.024750329574380565,0.014426302580855097,0.022235304684565343,0.023604652496516963,0.018581899286654362,0.019775493398872756,0.018294002603610846,0.021986083183248458,0.01778369285909544,0.015742958487901106,1.0,0.022266936238361967,0.014067197529164958,0.02192924008081754,0.022530929772497706,0.02601965276976282,0.02114862023344426,0.01035433774214578,0.025443971785858253,0.02151039833079477,0.02553944764030279,0.023191788152348264,0.020035547077809808,0.02815200323636209,0.019789289033632886,0.02777079765913574,0.027402115352767605,0.018494086729416187,0.022556631182166883,0.022636143742554432,0.021054477232654467,0.02869828280820513,0.022311271308894206,0.033754037803010783,0.026389180867583475,0.01590162126822854,0.024742103495076693,0.02208417068465197,0.008284305067694155,0.019490285502622384,0.01622707452830767,0.01950399494246334,0.020253806696711153,0.011478385852967116,0.016177533557775455,0.030622582496504812,0.0252995704169845,0.01859321031677538,0.025081483617849912,0.016293564988635677,0.018862111134164024,0.03615117567024704,0.020935594877787258,0.02060280788214358,0.01866287356376811,0.02313727614372301,0.023287528574485655,0.014258652178239517,0.025705694186343154,0.016593597901020846,0.016600892050091937,0.027174048437469706,0.021477082018852352,0.010681736252485283,0.012750224876826427,0.022894566312784907,0.02164485211707752,0.01998077517850724,0.019169610725284197,0.025342955718828858,0.01562816771015547,0.00787129411549183,0.01928831730602431,0.01982070180229325,0.0191640988294655,0.019065622916933114,0.022861331913962196
Colombia,0.007240573951598532,0.01466413165658377,0.02021224167475843,0.02036565167132037,0.006235554362238784,0.01917977740808648,0.018528782362317423,0.006344304676396771,0.004392843543193694,0.027067845968086514,0.015301932475557868,0.010142077508028929,0.020247475962073023,0.008025888886740972,0.022266936238361967,1.0,0.0091050171904488,0.020873720803504258,0.03272023051852744,0.02242827030071908,0.005062962712389802,0.01610873549589085,0.005297623895501335,0.025358532758965695,0.027956363074555398,0.022946450564767667,0.018846828760730138,0.022530220631421485,0.005943615148789254,0.005976290312531712,0.008500989673552553,0.02116900426773338,0.004363672178525894,0.008923476425465721,0.019793581984955053,0.023569847735101377,0.003631329419521589,0.035641816332414845,0.011094341962036361,0.027288633411592704,0.00941829985150645,0.014375807244617756,0.019626023652618275,0.026282181056831076,0.018980031724536515,0.005474917388953147,0.0035961949573696706,0.03056463259202482,0.007699251599261598,0.010834257722511514,0.023413052600734403,0.01809986501834731,0.016707404923215877,0.011144825201834666,0.014098098705761999,0.033015627414231676,0.0026320468745543455,0.010377594840253964,0.005620987100008806,0.00838744158590925,0.00378993542003847,0.024215889528864255,0.02302610885380505,0.022081902463159293,0.026880275462498788,0.020153861996105527,0.0124360828379027,0.023134320164591125,0.01169449517465395,0.02322317917910644,0.020317069241529023,0.022010639015439603,0.0177816917824943,0.01501207040278295,0.012983627468784807,0.017018756706764556,0.0074131052304658145,0.01969846016629295,0.019330427727681874,0.016979416003439992,0.010061969111163598
Costa Rica,0.0062738443159641236,0.01755938131513456,0.01921791184641266,0.013677366309107632,0.01164565359231333,0.015586797298401405,0.019540553601134308,0.012576194295692792,0.006679860404041326,0.02411270118676915,0.009762715734690371,0.013521281281013962,0.018468370012196658,0.006510218407333036,0.014067197529164958,0.0091050171904488,1.0,0.02111915224606401,0.029055651572269636,0.023892332545069353,0.010135473449666853,0.010129255111794175,0.01308856152345385,0.023712151040509048,0.02714049062823741,0.022872769365217226,0.018565379851302587,0.02513241812654998,0.00909914339463446,0.014341756291919576,0.014122580392979802,0.019667838241673216,0.010401136039227042,0.013366345309380698,0.01973059575626522,0.025899547206373344,0.008968974691974526,0.03574817460262562,0.01615517515475797,0.022444163784558085,0.01424812562369267,0.016639984766553283,0.012054877634779247,0.02352402568178,0.016764018515766387,0.007101668603383545,0.007768016906777196,0.021690065099414547,0.0056697319359151985,0.0177222302949762,0.0241520154930513,0.0172172589930975,0.019630889506708896,0.010330921630093418,0.014455666270610422,0.030548550334463343,0.008236085707766714,0.01291381836517593,0.0057392934010707455,0.012070270448457874,0.010977655484231455,0.019698511681053778,0.024137195205945535,0.01958966736160424,0.022650221409215052,0.018041904831798978,0.0146912256279819,0.01749979819692945,0.006408943254515977,0.02272714532634827,0.02016550137000694,0.020441018518406524,0.017449200285611623,0.018662874230552264,0.011205486972016355,0.009155038781631198,0.009787367131709518,0.01905482653769932,0.018304794687505406,0.01676589878708589,0.014517321532068084
Croatia,0.020891162149317823,0.01073735735536289,0.005616344892352894,0.030632289131353328,0.02464035530866418,0.013168091903616922,0.005294816922039737,0.0174545797230948,0.01794523801366563,0.012258654702269303,0.029331598865108985,0.013736746722269662,0.007098195170971745,0.015407509427325576,0.02192924008081754,0.020873720803504258,0.02111915224606401,1.0,0.017486262613638368,0.007657996841512558,0.016789214784276786,0.016971125391261565,0.021533547258981423,0.009336946248317416,0.011533430041128565,0.007303329966344366,0.007987864081365792,0.007938901102937204,0.016354680063025397,0.025057980894625194,0.027923248394052542,0.00719995528305353,0.019784923437386415,0.014399505025741503,0.005541696158382716,0.00895575379836053,0.023022946787981086,0.017065534471294323,0.019609729822759013,0.01777178481495978,0.019629394773856935,0.008913874464309844,0.021785990249755922,0.011188459240581284,0.008294226521340632,0.021896181912160646,0.019223666434715406,0.03167858014710411,0.01769193496152968,0.02689855925078269,0.007947952353572482,0.006643142566211477,0.010276722560451104,0.01333388653479502,0.008411755941582418,0.04836830749263221,0.01978898371355317,0.01227994574156679,0.021523746651459126,0.020403506921486923,0.01936433109943341,0.014545257455718693,0.007873048792374734,0.007207837278524783,0.01593740556699533,0.038059161015695765,0.011749883273912971,0.015816091177460835,0.017224473761798923,0.008829568176147523,0.008304004532465204,0.010541031444981724,0.005850395034608083,0.011679921318205038,0.011172607977999688,0.020605101971170867,0.014743749128509993,0.006526488093288349,0.007692559659874368,0.006794049078674165,0.012199023283594727
Czech Republic,0.03108477172507861,0.02397245161438799,0.014187720691049358,0.03389598782617599,0.036432224792599444,0.015557905395313763,0.017828458947461986,0.030685731853758915,0.029218473699342756,0.00653330211648008,0.03477505501051331,0.02631735546713554,0.013125029498661256,0.025093356664887576,0.022530929772497706,0.03272023051852744,0.029055651572269636,0.017486262613638368,1.0,0.018102220622787137,0.029636932510816852,0.020103498253777916,0.035426714734591434,0.009872254890260513,0.01051601237136186,0.014045220131853772,0.017446151363158562,0.021731052360521263,0.028261546131699497,0.03817498032475354,0.0405389919677615,0.014440795584296267,0.032425039817865146,0.02768253287903402,0.015683520007382365,0.020010662452006615,0.0348391621103699,0.015952904074458315,0.03203021666655986,0.012162765704294583,0.032540862541372416,0.02238904331472691,0.022415098928690907,0.007811722018695637,0.014627513119183816,0.03282098511721018,0.030253069229660798,0.027030047305233222,0.026308705699699543,0.03995135079236718,0.015666276329963733,0.015896446296967636,0.02350355943601778,0.023054610369138154,0.01989203117636584,0.05541001256102433,0.03176889711074404,0.0250175675404039,0.03222043773758082,0.03135390976997644,0.03176984801189233,0.012339177330345277,0.017189523488169815,0.013708469636498424,0.0109719216139198,0.04592256070554463,0.02400308831403338,0.013609416973908928,0.024236427013166438,0.014330939036539992,0.015395263524000016,0.012041881161435397,0.01666442518968753,0.024958660532770682,0.01993892678391902,0.023071640259682436,0.02655154270058732,0.015507523068585709,0.015062604668066082,0.017363458744531966,0.02634096885788811
Denmark,0.02362135874306959,0.009209774051779165,0.00831542508673374,0.03429118554688741,0.02549908668887812,0.01611852068613356,0.005640598403089766,0.017898633664653815,0.020064584105679507,0.012722821476034972,0.031931275170128164,0.013551638196071311,0.009371324342653194,0.017742839716542662,0.02601965276976282,0.02242827030071908,0.023892332545069353,0.007657996841512558,0.018102220622787137,1.0,0.01823710201761964,0.019113782539723366,0.02345452882461329,0.008832105110057834,0.009951228055021594,0.004971140672307727,0.01180574240599689,0.005598273655870548,0.017676484126217223,0.026125401946262776,0.02955936793499322,0.011364357519526752,0.021076138002957795,0.014784833287248804,0.006056044829055421,0.0033792344850612473,0.025261449758797776,0.013600180895853417,0.01841588725752202,0.02143901526852731,0.019609372889442128,0.011504084335000072,0.024836416926864682,0.012340021365486594,0.012026318020437224,0.02407153346323069,0.020487319489313153,0.03492890747257712,0.01963403251692494,0.026795086635440973,0.0036137196770770035,0.007976979481513128,0.007704446132370283,0.0166371584587709,0.00972219959085452,0.05241372756405713,0.02156108633560446,0.01280270937421832,0.02387963158208708,0.020226104175823822,0.020481212758112946,0.018584312895248842,0.002378266861317876,0.011267718776839075,0.01939938786772825,0.040918146075073686,0.01112814032377017,0.019525421665661957,0.019245765722688005,0.005769710342270915,0.005811156151798463,0.009438348774435078,0.007435442055565976,0.009342321415885283,0.013397247602127656,0.023935612238701776,0.01586915500315654,0.010249467520879707,0.007535650967144877,0.007888475249689816,0.012938075735254536
Ecuador,0.008179351957975258,0.010252384019578143,0.016700010710749724,0.02292673735318603,0.008112453207251449,0.01750349734968434,0.014769969998590711,0.0030784079314091412,0.0037203245684567497,0.023757851451195706,0.01802120543681594,0.005897453342132868,0.016849647074504103,0.006670560174462082,0.02114862023344426,0.005062962712389802,0.010135473449666853,0.016789214784276786,0.029636932510816852,0.01823710201761964,1.0,0.014751942959604369,0.006529168967827162,0.021689232989931626,0.024615852714835205,0.019191258777700036,0.01627452811497615,0.018163196421267045,0.0028009786080121332,0.009064806002648008,0.01153808385927716,0.017888484093988997,0.0033902906430763164,0.004754586955117409,0.01604087246345936,0.01952219761437129,0.0075061859857824325,0.031543185810918924,0.008281177144067398,0.02562351418318614,0.006435675363928761,0.01131812985266047,0.0195150575961747,0.022906256495735668,0.016096250061142865,0.0071028950335238076,0.0038819363705591805,0.03046567509146769,0.007611051352363852,0.011913703089019477,0.019592763293271073,0.014340146454234926,0.012285416619682406,0.009806576322431955,0.010439020691872889,0.036776483771300425,0.0037848215239185213,0.005788067026448341,0.0068412089075113435,0.0071789662255977715,0.004893093325059914,0.022208584057984558,0.01883014505475378,0.018203281013412436,0.024902319162595582,0.023931702363659248,0.008041665234692437,0.02113811353072393,0.010019555863577603,0.01913037076325814,0.01651094386299162,0.01892456065681339,0.013950083058654897,0.010758807047142306,0.010193389502834745,0.01693068525030057,0.003478860172358281,0.016693926030175145,0.015619212017574107,0.013122075209149271,0.0062259880945841955
"Egypt, Arab Rep.",0.01381092176859525,0.016041839813593205,0.013267135221883606,0.017118269072229707,0.01922168630326279,0.008732207314762304,0.015143826081926342,0.016536875186410983,0.012700151882816469,0.01548376065517067,0.016761698379766318,0.014285151035429156,0.011966941414994069,0.008836139057187798,0.01035433774214578,0.01610873549589085,0.010129255111794175,0.016971125391261565,0.020103498253777916,0.019113782539723366,0.014751942959604369,1.0,0.020156159797567845,0.01639221953976476,0.01952860526363013,0.01645072832028351,0.01417598486329088,0.022009386099634466,0.012731331748865222,0.02185019094489246,0.023029230099973153,0.014524691612992826,0.016658689678706234,0.015154937771931904,0.014140772091191177,0.02155120430666009,0.017427788210956075,0.028554542704877183,0.019014908404914793,0.015003541749137568,0.01840702732610361,0.015549694376484721,0.007036116962245065,0.01590141148908333,0.01108597525566088,0.015220839986590557,0.013669676849736028,0.017782142856979814,0.009313861044228407,0.02421661274725505,0.01824154294167544,0.011815979520905347,0.01751740085599841,0.010154739386439378,0.01104222726902672,0.037905614449178525,0.01502462606593723,0.013267489081036896,0.014468993508490055,0.016592315299007863,0.016148479080173785,0.012782044801983363,0.01913047881995102,0.01359485402925635,0.014809376835391878,0.027034492036699102,0.013718465669007626,0.010361867003233863,0.006835421516543399,0.01659992718987144,0.01435167524745828,0.012817758580049257,0.012405194461873423,0.017512852515229917,0.008060277679234314,0.006302809718816791,0.012003653364229152,0.014060651989738616,0.011971449177255023,0.012293657663438803,0.01542553086039628
El Salvador,0.009665711750419675,0.015659627121945588,0.022088926517708198,0.024103555616651333,0.007591160037742581,0.02244831217692421,0.0199404414029523,0.0072027703081101475,0.0077414364957497095,0.029693177743081983,0.01894731607933351,0.011760608043373047,0.022478577599266268,0.011675131072986959,0.025443971785858253,0.005297623895501335,0.01308856152345385,0.021533547258981423,0.035426714734591434,0.02345452882461329,0.006529168967827162,0.020156159797567845,1.0,0.027496970894153594,0.03001641703635838,0.02474579980776011,0.02053983339770321,0.022437865676646917,0.008715619917945065,0.004773531033366305,0.007471468412362287,0.022828315637525055,0.005556084085130189,0.009841210836561622,0.02150834592955654,0.024221213108431252,0.0055133153011595,0.0368110649899034,0.011769987394705654,0.030306252732219634,0.009557817440102841,0.015197553820753723,0.023790939278773196,0.028669875865932375,0.021310417024526778,0.008234462719570665,0.0076818749616299215,0.034504236014026135,0.011956854273821023,0.009947640089730349,0.024960955499743327,0.02020854199736154,0.017464106675265264,0.013833662779877609,0.01620054962363431,0.033859385927987755,0.005906750158624826,0.011891732113341784,0.00839182163109033,0.010510095955243817,0.006336058633784263,0.026978215449254203,0.024180546055845433,0.023735727463795802,0.029739371659241176,0.02177922227050822,0.014058560916934349,0.026214403340055547,0.015430250494707556,0.02505874111351878,0.022415229672977238,0.0248294762143751,0.01961629426372496,0.01575328926193922,0.01593650164867639,0.020989654384616897,0.009926178130694007,0.02146140727074193,0.021636910814883566,0.01891474016658694,0.010784289175464186
