Country Name,Albania,Angola,Australia,Azerbaijan,Bangladesh,Belarus,Belgium,Bolivia,Brazil,Bulgaria,Cambodia,Cameroon,Canada,Chile,China,Colombia,Costa Rica,Croatia,Czech Republic,Denmark,Ecuador,"Egypt, Arab Rep.",El Salvador,Estonia,Finland,France,Georgia,Germany,Ghana,Guatemala,Honduras,Hungary,India,Indonesia,Israel,Italy,Jamaica,Japan,Jordan,Kazakhstan,Kenya,"Korea, Rep.",Kyrgyz Republic,Latvia,Lithuania,Malaysia,Mexico,Mongolia,Morocco,Nepal,Netherlands,New Zealand,Nigeria,North Macedonia,Norway,Oman,Pakistan,Panama,Paraguay,Peru,Philippines,Poland,Portugal,Romania,Russian Federation,Saudi Arabia,Senegal,Slovak Republic,South Africa,Spain,Sri Lanka,Sweden,Switzerland,Tanzania,Thailand,Tunisia,Turkey,Ukraine,United Kingdom,United States,Uruguay
Albania,1.0,0.5244210683637813,0.7127022389638106,0.5888215120645822,0.5152843787086623,0.5514621711527687,0.4467360996919959,0.5005543558804261,0.44565945340903446,0.7194906493641158,0.9140219075421737,0.40054394979537733,0.3902309098459684,2.477139351688925,0.8174211199900812,0.5874130125508661,0.6858024243231831,0.4536322659803385,0.48782573944309415,0.5226484153561,0.5432726724775117,0.5979737464429538,0.5244212736741644,0.8498767575346957,1.3135697472508934,0.5403820569431236,1.1709364115437721,0.41751745904607884,0.6126621287306955,0.43300813551465817,0.6496713881215235,0.3982126205341308,1.0337727202018319,0.6112747548369161,0.6817860609688341,0.5861315570401449,0.4789213084667183,0.9097837865152876,0.7214147286923169,0.46607517468425524,0.4602543949919886,0.5666172361906933,0.42373373311101054,0.8438484648935294,0.9128990537112329,0.4603794923316287,0.43219367308559425,1.9072359926458835,1.5772249194286567,0.5867422866469236,0.4559548391510458,1.34302066507084,0.5244214501447061,0.6473048153525245,0.41524042439472314,2.4931040519167786,0.6927745704573465,0.4182672075024442,0.5169166420828453,0.5279086139997673,0.4611420312731761,0.7069394338253681,0.7193569981802407,1.137096321145576,1.5771742505280688,0.4591014644065636,0.7642792674243643,1.4318023057231768,0.6177114057831603,0.48175710429406915,0.4789377236571022,0.35162686721370207,0.5264698945006511,0.44495574213347416,0.38196557111633933,0.8230891375865903,0.4387803287673705,0.5420677598216097,1.5186923308930729,0.38706452573465433,0.5342243862261401
Angola,0.5244210683637813,1.0,0.2866013469335916,0.14176232654082713,0.359352312123792,0.16998857243601442,0.2953862026644659,0.43991570379141626,0.1239765154693707,0.3233767924528523,0.34936201780810305,0.2440033227886214,0.27368988369711084,1.3026235909888089,0.43327615286000676,0.4395039296852134,0.3650478948606867,0.22785748162403768,0.3165193697280306,0.38017932889856615,0.3607534693431208,0.15016112305293874,0.0,0.5753884101436293,0.9517830495725238,0.13006326936213772,0.5179617911818398,0.1993886340077202,0.29045830397525463,0.33133920880418966,0.24225958102478037,0.2315755871996631,0.5013798644123825,0.16723561005649085,0.7052184278066864,0.12572146118264962,0.2606605828917484,0.47519514824272646,1.0436277910947442,0.546934586210421,0.20048414072478205,0.09392448968282746,0.22252145873148174,0.291346062196822,0.9332150540753492,0.19699383386345715,0.7818915339087497,0.9443665161839373,1.66642523661117,0.2537466983175532,0.1883505003219444,0.7345130971111986,0.0,0.8830403109193112,0.1509517414053034,1.187211926998612,0.8899154836108587,0.34214820538088403,0.23158450269794428,0.6242942320463954,0.1857921430784458,0.318183723654123,0.25904005600279184,0.461353124686402,0.704052752765472,0.7203450038759124,1.2504641415688986,0.6682494706848717,0.23279325610117163,0.10365369873852018,0.17443182216893158,0.26878046363663044,0.006839922556376203,0.14358242993846723,0.20535663513520094,1.0585844476936543,0.24326995422580658,0.6661952150329784,1.4138037309084122,0.27557546934293936,0.16720169234165375
Australia,0.7127022389638106,0.2866013469335916,1.0,0.30206470121352225,0.419985240289793,0.2954999360760868,0.3913043961164902,0.48245643819956163,0.2904248280562756,0.31738459014405535,0.28384395970750775,0.3498654473372842,0.34449833674766744,1.03573030752219,0.366313474227271,0.5261375620121251,0.3771787925810527,0.313898284848284,0.39608355052454475,0.4811603800694942,0.44376715718329174,0.24735334052827418,0.235206722681255,0.5797551189612743,0.7538204966284276,0.23236548497179949,0.35679819632139503,0.33419417819684843,0.28231153426423106,0.39417934540708005,0.30681478055144146,0.3443434377545691,0.4757611379076022,0.24521359739560683,0.7380110562310072,0.27039450697507333,0.3016911942015361,0.5137614912349032,0.9654566688028504,0.5916704345458002,0.31614211519463914,0.2569353513794183,0.31346392751895163,0.3033977411028704,0.9417953303185688,0.3171170351646718,0.7019480657261742,0.7657713678054089,1.1159687711576953,0.2749461357461794,0.3451714545476653,0.6685750738995256,0.23520684570009345,0.8156166958357078,0.28214131357601824,0.8974776994038149,0.8146849448091825,0.4358321218858089,0.3591624991229909,0.5896202825241093,0.26198162168688016,0.3267507710035478,0.34961050864719745,0.38654701803494235,0.5429586422740541,0.6516086203841649,0.9782718538456082,0.48405626756027126,0.30104536646293256,0.26410689445476015,0.3211888495781133,0.3753294563880315,0.2335448803734718,0.2628047560431101,0.32790267442487714,0.9761202659849306,0.35478477894795196,0.6770871481540387,1.006474340326076,0.3654312438006616,0.3060575451917758
Azerbaijan,0.5888215120645822,0.14176232654082713,0.30206470121352225,1.0,0.37490617251702174,0.22373926925367868,0.3367724042334169,0.5108618060945479,0.19985947882876323,0.3808025606395482,0.33429369444323953,0.254004755669945,0.3203409300847238,1.2377701048458356,0.45012044651877237,0.47609283616473624,0.44046601802884805,0.2972686746423437,0.3777520780021756,0.4147061096007701,0.4163239760268673,0.2067040598888784,0.13698707669668633,0.6021949255377764,0.9571108502956733,0.18361575459360405,0.5162985574674267,0.2226555973541551,0.31852549653692336,0.39310775102074225,0.21279916504879956,0.25783565695793603,0.4714531377564914,0.17185591789050436,0.7417790869081026,0.202484509976267,0.30349447034703325,0.4582872667410809,1.0693245734169923,0.5596594545047211,0.2228122408802587,0.1418696072371448,0.29252598075661407,0.35047832374227356,0.9623030667092126,0.2577382499118157,0.8014872125546759,0.8735256189945931,1.6930560786762017,0.29258124365409016,0.1982234525350963,0.731077220162195,0.13698713872923962,0.9178807843794262,0.21025651394798878,1.1185401495629799,0.9269960067397927,0.35155136385455843,0.28782628240665303,0.6209013102435247,0.25682748561935737,0.2959019235102109,0.27026273481918606,0.5110318583425866,0.6745820347116454,0.7178786663524577,1.275388480877298,0.6507372162430641,0.2658319115970035,0.17267552227121707,0.20601019123224917,0.3369488050611766,0.13865639456562487,0.21635478802598437,0.26932402935012756,1.0273938594906493,0.2974868015068762,0.7069825931260814,1.3761444862139696,0.30299092962693447,0.20240695059962818
Bangladesh,0.5152843787086623,0.359352312123792,0.419985240289793,0.37490617251702174,1.0,0.3488128914874594,0.1994135681350062,0.4106578922465247,0.2919006632236933,0.32270763747143116,0.41436328631156244,0.24447836423974917,0.2392758645085518,1.2145577275670831,0.3642293018006476,0.5145859692930916,0.4562988433290905,0.28424169897126245,0.37750308623488793,0.3711092455714094,0.4508573519191821,0.31512003352817397,0.2754790475566485,0.5737613236748593,0.9228244753685199,0.2300942940144638,0.5305278397910643,0.27431996471292897,0.23634218143741612,0.30623873351951986,0.26445474651104217,0.2521517716961256,0.46004324440306005,0.3179818077839192,0.6455033014794533,0.3258564521582318,0.2526801524348613,0.5281129582766396,0.8881319231222039,0.4859453868453527,0.17811099720391313,0.32066885147650226,0.2849849700230019,0.3892333116235287,0.8383126964372636,0.3246430903923107,0.48924725531271857,0.8978715907236486,1.867992064294514,0.24276006820635365,0.2734689825864967,0.7352647218692447,0.27547910664808517,0.8102860597266538,0.21535162553555814,1.261880462573818,0.7813716833489722,0.3505396808936921,0.2748428275050987,0.4489046506807671,0.2094977724637446,0.2942775490035354,0.3807553129990287,0.5696669521100728,0.6467706194767232,0.5005487388258076,1.201014905097394,0.6429717417453663,0.2120649862269372,0.22368984221250882,0.2696903040424372,0.3214408816013766,0.27456766598231147,0.2007572898748964,0.2575702002223357,0.8414099312874638,0.2896698268543723,0.5762279790840796,1.5762977220026553,0.17436732743232342,0.3169888407280934
Belarus,0.5514621711527687,0.16998857243601442,0.2954999360760868,0.22373926925367868,0.3488128914874594,1.0,0.49132395015247127,0.6488533620002329,0.2006692454427853,0.4942443460290245,0.4586234651528353,0.4134648538025135,0.5030620356529599,1.3391186003282902,0.652861636492826,0.4583448188628939,0.32529105337344105,0.31215960405721516,0.30775453567980543,0.411368783289167,0.30408362790715376,0.2816549665293468,0.1927976577229255,0.7408996085720758,1.185154574313152,0.32170065686797605,0.6466112525086851,0.3531309587590376,0.5039321382730894,0.5433682360520897,0.3702392273175974,0.38014520137961405,0.6717048994316509,0.30319752613091777,0.778953678872835,0.17603900068795472,0.481915068855579,0.5263058438170024,1.3810212199294367,0.7612655158235455,0.37857527581687667,0.239409517725864,0.392273155970345,0.4273368210909974,1.142852609902926,0.18860158652541306,1.1492181154087815,0.9839572029390301,1.5624848712860473,0.4714621547378984,0.30038552697814624,0.7500032469204773,0.19279786280083505,1.1585299252056354,0.3165535694174317,1.1931536309539372,1.177851367064645,0.47911459849595645,0.30158028659936387,0.9526870865801151,0.3907338154118648,0.46308205874902897,0.41099328276651886,0.5515522174242679,0.8360709054779828,1.0843820655419345,1.5261661667664321,0.7591544010561351,0.41772071214744855,0.27208097657683605,0.32025565209098633,0.4424468298938255,0.1914280799257422,0.3150290796870804,0.33995459262543704,1.3285088567249135,0.43951109669038824,0.8278450063233441,1.3823750797451906,0.4670113168600102,0.250457699696259
Belgium,0.4467360996919959,0.2953862026644659,0.3913043961164902,0.3367724042334169,0.1994135681350062,0.49132395015247127,1.0,0.37944675054986554,0.2447579911362463,0.388556777592103,0.5057121196428201,0.20589143481885797,0.19041421982476167,1.5620272362377394,0.4729650670322959,0.48301665070166705,0.4673558946789236,0.2685417700051766,0.35624964085480854,0.36263793433797514,0.43137249748030737,0.3152608524552312,0.26283700830479734,0.5601227828530703,1.0573740182164977,0.25027900014961957,0.6568902035397347,0.2531843886267177,0.30732631605908833,0.25503245045001827,0.35414421186824113,0.2069341921721564,0.5555510310611161,0.34244436351152907,0.6475053000132034,0.334355915046374,0.26613372081897185,0.5935916049164432,0.8768176345404937,0.4384230847168044,0.19093980381032447,0.3162550321187052,0.23246797619483903,0.43168233192178,0.8375147135296398,0.2866339320979637,0.5540361501440881,1.187462624785348,2.37171070386929,0.2871900865186112,0.23970279357646745,0.9064433625906585,0.26283712189998587,0.770286455641079,0.1835039085459777,1.6286549649303708,0.777916053322323,0.29372837837601856,0.29680892678522885,0.508505303551519,0.20236273149211276,0.3891106700001695,0.3804904044184626,0.6513912581928049,0.863792775889651,0.5784765203969736,1.28198667566514,0.8273569788157389,0.26052838943203266,0.2113537352303755,0.24014728452743958,0.2705359206834669,0.26320356956865426,0.18685659345400832,0.20518702996173924,0.9361131051215872,0.24938423900599407,0.5504670595370487,2.010655443393616,0.1915928168084063,0.2901799141728173
Bolivia,0.5005543558804261,0.43991570379141626,0.48245643819956163,0.5108618060945479,0.4106578922465247,0.6488533620002329,0.37944675054986554,1.0,0.36132140278613745,0.5060655256889806,0.7761837309399479,0.3740137661511168,0.3120928523484758,2.113144568991526,0.6496625570180334,0.5492651629977948,0.5884461985872432,0.36953733801296873,0.4310087501131818,0.4752399671626218,0.5067174324633106,0.47437438365133777,0.41220550065290934,0.6890940914756978,1.0997414173498106,0.4261545515509118,1.0097784689296785,0.36137826429516295,0.4971713984447312,0.2338576520146365,0.5901620207081484,0.35493411087153787,0.8104023515808566,0.5412732588586813,0.6730470951939392,0.4696383668517288,0.39507961696032406,0.7956729956339184,0.7903830375907238,0.4936555291575233,0.4023274005201056,0.45083100112346886,0.3080164558266309,0.5910426945850626,0.8916645873958019,0.40018076270153646,0.529487770465008,1.710419761745731,1.5997422384978954,0.4564689452555034,0.3898189292981788,1.2044663589271198,0.4122056609302612,0.6780942422280679,0.3451180982953428,2.14320851824451,0.7304215720244105,0.405651956929587,0.4290038609669227,0.5275439008030618,0.36705151381577766,0.6176455435547762,0.5308396865510804,0.8840582039751661,1.2621299799394028,0.5703613027228197,0.8577969774001881,1.2413320951427662,0.4814039102258571,0.3776456393966852,0.3750361204087445,0.30484118935411475,0.4132004475711456,0.3585033761901237,0.310516750397913,0.9427726766585989,0.33790984041072203,0.5653277368006314,1.4025894185127799,0.3687416455919243,0.43335003330784766
Brazil,0.44565945340903446,0.1239765154693707,0.2904248280562756,0.19985947882876323,0.2919006632236933,0.2006692454427853,0.2447579911362463,0.36132140278613745,1.0,0.4872617379826118,0.5444430604072755,0.2481402043171989,0.3442662499494973,1.5914418359596925,0.6396059199923986,0.398342355973573,0.42756859210322073,0.21231394851037508,0.26871072031468934,0.3631567478684023,0.3331431168799373,0.27065844151783097,0.1453303798132669,0.6455851045812929,1.2278078368565195,0.26773842892544986,0.7279033284253996,0.2113473027677167,0.4528950341525836,0.3843181337907272,0.3825062117583039,0.2145072604278158,0.7068798394515035,0.28945940794772046,0.6664106805500476,0.21141862666029834,0.3784206475770832,0.6199496381543412,1.137945115233555,0.5369131541992925,0.26750345596677194,0.20943017100064412,0.22163773410649942,0.45172763551360073,0.9588291184410697,0.12364754591289846,0.9131467734323633,1.2208935971077355,2.4492873502904957,0.4050428379059454,0.1740330972621034,0.9419522942141227,0.1453305065874664,0.9260995866243729,0.1616497058059491,1.5634425925041449,0.9330900218057188,0.31015324810232603,0.2803189776305662,0.7886320209615096,0.2759125684999905,0.4775612141171711,0.39666524075522225,0.6530662830872632,0.9784888938177041,0.8848915477641695,1.660322847184727,0.9132972849256653,0.36845280141392395,0.17732075219921067,0.19719767837749969,0.2770553872567548,0.1482195431297108,0.1958328161369968,0.16056460380224624,1.1659170411017301,0.2941687175420528,0.6510432192506154,2.140207791200336,0.3122500738226455,0.1908588652400865
Bulgaria,0.7194906493641158,0.3233767924528523,0.31738459014405535,0.3808025606395482,0.32270763747143116,0.4942443460290245,0.388556777592103,0.5060655256889806,0.4872617379826118,1.0,0.30111140800901554,0.31248087453900547,0.24939350534108237,1.0833909969309503,0.20081805582554527,0.5215464245917747,0.40244654695142523,0.28677491819501805,0.3862862479878095,0.4499132641744526,0.44011161240122837,0.22717203960409385,0.23573369002292077,0.5574846902917462,0.6421834688180146,0.17349247799044762,0.4458416709183754,0.29171577937821613,0.15871935297068412,0.3056360293554562,0.27691120794514457,0.305267781634934,0.3376454709806753,0.26953181416866817,0.6808714418503945,0.28009085388978694,0.200474134304424,0.41702617356398247,0.8378647996611907,0.5229111059758493,0.2689971761885858,0.23667493951969626,0.2883305464880454,0.26114695122951886,0.8530060704426771,0.3402900465959212,0.532395737782028,0.7776658943520082,1.2261025361418798,0.1680237435444241,0.30963798054315894,0.6033874069697273,0.23573372468884726,0.7018239622414156,0.25344572072604316,0.9477702136726365,0.6863621083834439,0.3862038513570335,0.2696985950959573,0.44302687706417165,0.2112869289658672,0.24474890952542994,0.24520199465269382,0.4177737618024187,0.4687946021291471,0.4949783177210451,0.888731943616546,0.5105001395204857,0.23635202725830032,0.22493070578824326,0.2880120243994824,0.29586651080727017,0.23266723257840366,0.23788331401702564,0.29165974619367324,0.8107050326914761,0.27052659511760996,0.6008030516691887,1.097297901250399,0.2969149596132315,0.32023025385863807
Cambodia,0.9140219075421737,0.34936201780810305,0.28384395970750775,0.33429369444323953,0.41436328631156244,0.4586234651528353,0.5057121196428201,0.7761837309399479,0.5444430604072755,0.30111140800901554,1.0,0.3492198062152446,0.3403312529284392,0.7899310297318841,0.25663483519793473,0.547134927034736,0.3876871927115932,0.3607093103313741,0.43795442726365036,0.46251885036723034,0.4630699771966208,0.23260622375585094,0.24490459264782455,0.5748864551655732,0.5606699972228484,0.21343731204620855,0.2788889774945853,0.33451594890316455,0.21960151605804443,0.39394347548368,0.20937572939302887,0.3551255049095706,0.29552013542067923,0.2366648784231569,0.7328128000509815,0.27043628592011143,0.28470203723746756,0.36844207028315334,0.8735608732188613,0.5761737821959503,0.28888848491608854,0.2449781369270909,0.3521299325955717,0.25158409050508024,0.9035582801214712,0.35669875393015205,0.6364008936568762,0.541632076688628,0.9867593879354415,0.23529463860406033,0.33631979774866244,0.4518926320112924,0.24490464732220338,0.7326758118645682,0.30402231122499634,0.6197621068763619,0.7421037690054063,0.4390924504689019,0.33359364488762416,0.5092337240237048,0.28241053346923467,0.1964300481525912,0.2742065142676281,0.34517087417371994,0.2945923931726074,0.5618993117511831,0.8723285895659946,0.30834822939970624,0.23742872410461388,0.26758669466952445,0.3117284829094037,0.3970085528880347,0.24351561693482598,0.2837956688651149,0.36000567576291187,0.796865179433222,0.35523651383196875,0.6540253072025934,0.8325008477291219,0.35247955224850797,0.3111438428478626
Cameroon,0.40054394979537733,0.2440033227886214,0.3498654473372842,0.254004755669945,0.24447836423974917,0.4134648538025135,0.20589143481885797,0.3740137661511168,0.2481402043171989,0.31248087453900547,0.3492198062152446,1.0,0.24111157368254033,1.5896602529907442,0.5756324639348718,0.47087838080997896,0.5083236144581598,0.246058456504547,0.3396298177683767,0.3643699308793017,0.4165870226525118,0.32225826855702444,0.24297507969847812,0.6112473126879177,1.210840893673074,0.26016945083451126,0.7007663588789677,0.13630713764818284,0.369087943843252,0.3037859977350975,0.340686557469171,0.060989439909805945,0.6326650514217528,0.3300670654641364,0.6519217870077109,0.32675391774381385,0.3033542524939676,0.6173180533648739,0.9075723431416463,0.3594082779361163,0.17722646892245425,0.29103599941980474,0.2053076229896139,0.4965249433335762,0.8519890971782934,0.24527308679590343,0.6414152839871518,1.2236914257119387,3.0652126098376478,0.3439365759350898,0.16204624329883865,0.9415942669937554,0.24297521376620632,0.8011971800000363,0.13451902318048714,1.695326350345663,0.8152442124355799,0.174783953582774,0.291003218279165,0.5967970649894907,0.245430313796839,0.395383970434141,0.4231036121205266,0.7484175510641817,0.9581384082696938,0.6488488540572805,1.6446308422699185,0.8926032569760038,0.3143261212995128,0.1959949487823421,0.19879851845847696,0.2899148749243996,0.24540384036275198,0.18581418161033922,0.16103640851149142,0.9414753448514658,0.2922448858150786,0.560243781320543,2.6838786494682076,0.14408971889696878,0.24482355234488173
Canada,0.3902309098459684,0.27368988369711084,0.34449833674766744,0.3203409300847238,0.2392758645085518,0.5030620356529599,0.19041421982476167,0.3120928523484758,0.3442662499494973,0.24939350534108237,0.3403312529284392,0.24111157368254033,1.0,1.5685569093993452,0.37561191240706615,0.4765730352285724,0.4883192100720702,0.26010961747859584,0.3620622770016605,0.3941689934036509,0.433693127677227,0.2949221811805962,0.23843184182867402,0.47903359722497285,0.904083158710154,0.20275068633029772,0.6126774605019851,0.20347551343980097,0.2360865021723127,0.17337487261960088,0.342439213637296,0.19638994416833366,0.5033088169304129,0.3062637679900692,0.6289415008620259,0.3159349145452231,0.1703518153506595,0.5853637822630542,0.781391401679702,0.40986000059454436,0.1868696583039975,0.2693488559264394,0.17898620116459374,0.3762637845051962,0.7964096299427098,0.2968251534605771,0.4640610147874693,1.190329253485219,1.9077899459227778,0.19706231804906138,0.22666256193192638,0.9211995586424236,0.2384318998782399,0.6707697495757806,0.16108619024428028,1.5828549369285891,0.6816357782150193,0.28681666258763017,0.3084569625890622,0.35812353184959467,0.12590955206214446,0.3700020532769444,0.31521265141248617,0.6054303522394848,0.8210481653938035,0.43328376476015007,0.988074252522685,0.8121900649303275,0.22764462147023695,0.18158239531365797,0.2196005955290688,0.17716127947331275,0.2394411510309663,0.16985443721598628,0.19178580286154953,0.8313594848808497,0.14358793377407572,0.5317117260720252,1.6443623674445507,0.1899635522226244,0.2757551928663915
Chile,2.477139351688925,1.3026235909888089,1.03573030752219,1.2377701048458356,1.2145577275670831,1.3391186003282902,1.5620272362377394,2.113144568991526,1.5914418359596925,1.0833909969309503,0.7899310297318841,1.5896602529907442,1.5685569093993452,1.0,0.5211040979195875,0.718106666916538,0.6041764785860476,0.6102347228869143,0.6287544129640132,0.6362759230854698,0.6570639806382134,0.5838426125237646,0.588363353643947,0.7230248783848107,0.5332515793480803,0.5682249012030097,0.4666567957788003,0.6172607586861606,0.5386730487926242,0.6019703057133786,0.5825749087722172,0.6047277668021378,0.6329787739567381,0.5902650411553958,0.7105266437156411,0.6072109258883909,0.5655590869867029,0.7551776084045673,0.7973253362354208,0.6590755587533244,0.5828414307072962,0.6005097317310845,0.5974749037515574,0.5542665627139566,0.9727119230264947,0.6096771354528094,0.6295258719974943,0.6390860537226695,0.7224593289302166,0.5476679730461174,0.6275186869684638,0.6363786580626426,0.5883633076188002,0.6487732952111226,0.5859797149905099,0.41681342101908864,0.6269191738828718,0.6423842734060375,0.6370956195950175,0.6102558093208917,0.5713860583719967,0.5802398951292049,0.6354262196282983,0.5646816094969535,0.45617375963352746,0.5978208546071001,0.7450510035669768,0.4333585588581079,0.5592040075135555,0.5911445174913638,0.6092861586691022,0.6212556691341604,0.5878430690852019,0.5759602302181316,0.601853803045511,0.6590129089891071,0.6120736685083185,0.6628096835666331,0.6999771595778751,0.5855261393685122,0.6220100089981602
China,0.8174211199900812,0.43327615286000676,0.366313474227271,0.45012044651877237,0.3642293018006476,0.652861636492826,0.4729650670322959,0.6496625570180334,0.6396059199923986,0.20081805582554527,0.25663483519793473,0.5756324639348718,0.37561191240706615,0.5211040979195875,1.0,0.5323202441679616,0.4584016927640431,0.33927462451696255,0.42495598593236084,0.45390917728926694,0.47390784493379623,0.2661706752327546,0.277983023905377,0.5281028219110283,0.46490253238758505,0.20286534109317253,0.3435160592269928,0.3089189098037352,0.11685213498957622,0.30833300971912514,0.26386735341475326,0.32161733264762604,0.27841065234788587,0.27065178686712743,0.6396416059600283,0.3279325988414908,0.182681078607088,0.4395099712287096,0.7525995494797745,0.49497934782896236,0.2637724963933126,0.2785102305724935,0.3081232066116913,0.2768593560064831,0.7923786723920659,0.37096053713745236,0.44973917931034235,0.655922993163896,1.1436790659854803,0.13909954599980456,0.33090258450200677,0.5888073387639202,0.27798298986229303,0.6066372779525738,0.27651152898903847,0.7909182041467452,0.5645457084983255,0.39286695984501446,0.32667292615802695,0.3387830648869264,0.21795506425996836,0.23516052759346756,0.26714945961683456,0.3764882628426213,0.3203205032501925,0.37163509495318453,0.781409430323697,0.4127402746213136,0.22773406079552766,0.26148786967895404,0.30631461129849863,0.3198148771364654,0.2769638578342541,0.25779288731638605,0.31817119003369526,0.6430285514880658,0.2787591577900511,0.5603049028584003,0.972965374735438,0.2897475913712956,0.34229891187227485
Colombia,0.5874130125508661,0.4395039296852134,0.5261375620121251,0.47609283616473624,0.5145859692930916,0.4583448188628939,0.48301665070166705,0.5492651629977948,0.398342355973573,0.5215464245917747,0.547134927034736,0.47087838080997896,0.4765730352285724,0.718106666916538,0.5323202441679616,1.0,0.9887923556979982,0.8760746841299768,0.6783469254297398,0.934042815072373,0.7227634018762631,0.9694882024036182,0.8332179341848122,1.2662703371666542,1.9406041221983636,1.0479694762549605,1.52874654231083,0.9478701403194952,1.286531610055005,1.1130388824705688,1.2060264612520968,0.9465107409057135,1.548031537978166,0.9932328775656543,0.6810084707807761,0.8198999304232238,1.1833800456309647,1.4746294179627795,2.3751444189705713,1.2959361002963081,1.0836035987335246,0.8775399343214223,0.8767190668769342,1.1398318590829446,1.6063212409548824,0.6645641825498763,1.551067588196455,2.0941472038221187,2.676468068423994,1.2097936419790518,0.878803852226557,1.9239818247178702,0.8332191121099755,1.6866979432066183,0.9128912847128544,2.3975346715850248,1.5017434123960431,1.015785965561983,1.0637746693359145,1.5938976178164441,1.0461643152967255,1.3512800508568308,1.1245068450391595,1.3365260299316604,1.7895098814467567,1.6099867333531768,2.506526058253161,1.7485735135574594,1.1620937084452108,0.9279788724760062,0.8802399568282906,0.9257563600715665,0.8376022010860047,0.9583726833132464,0.8455456968237259,1.6086829963885902,0.9793505658819956,1.3859953338444144,2.666187078152285,1.1479844596548312,0.8039818489409494
Costa Rica,0.6858024243231831,0.3650478948606867,0.3771787925810527,0.44046601802884805,0.4562988433290905,0.32529105337344105,0.4673558946789236,0.5884461985872432,0.42756859210322073,0.40244654695142523,0.3876871927115932,0.5083236144581598,0.4883192100720702,0.6041764785860476,0.4584016927640431,0.9887923556979982,1.0,0.4473616464712015,0.4090769052668539,0.5358105709479214,0.36845300015927884,0.4565239469639984,0.3768520389684519,0.7508951045699513,1.0374994955765409,0.47057007305940407,0.6920252907924406,0.5558437518660282,0.6028643659570523,0.6126774303619428,0.5850053112637892,0.5667134712166987,0.739459603420344,0.4888464106599498,0.823304948777904,0.3555585096884963,0.5735482554017846,0.7081021076100887,1.1931066957318446,0.878715569449917,0.5761669965986672,0.4124871823251841,0.516263896013658,0.436026144557167,1.270968940080662,0.3883888814783032,1.0547789012283815,1.1045034488404377,1.0878059229453796,0.5617341228552167,0.510713590798828,0.8806627069722769,0.3768525418197483,1.0919760976100954,0.4876960484826485,1.1976497387063678,1.1853994772623326,0.6634164828689574,0.5118188545896843,0.9704445599503947,0.5055281584690973,0.6365303661809253,0.5084901852492202,0.5082677200241705,0.8597502899327315,1.0566934718589003,1.2039092787880603,0.8060247401075639,0.5431916524166565,0.4455541235701966,0.45986373859293417,0.5392270335950327,0.3742963756743528,0.46846545523897415,0.5089542172632561,1.3588414169276022,0.5335255338268836,0.8277118790667932,1.0253009128214645,0.6519584823951537,0.4260006267612233
Croatia,0.4536322659803385,0.22785748162403768,0.313898284848284,0.2972686746423437,0.28424169897126245,0.31215960405721516,0.2685417700051766,0.36953733801296873,0.21231394851037508,0.28677491819501805,0.3607093103313741,0.246058456504547,0.26010961747859584,0.6102347228869143,0.33927462451696255,0.8760746841299768,0.4473616464712015,1.0,0.20843800764959008,0.35203099387718084,0.3794823385034101,0.3266140341554634,0.24402336462444,0.6506190513821237,1.2703675752435681,0.3044545044616491,0.7512080975114666,0.2824579654351459,0.45051012327877527,0.3760237907915828,0.41541260533632485,0.2382791118449141,0.7177534176852931,0.37122779290799063,0.6759118005235388,0.29967104379050274,0.3917319923926887,0.6426481312015097,1.0921990112679185,0.5434660833245786,0.31232289167340643,0.3106724166816707,0.25353926336314647,0.46775236090548167,0.9396483729452443,0.19943832838493586,0.8430853201016737,1.2302364878615515,2.3515990742042385,0.42058400242332566,0.2569772760480055,0.9454430556056297,0.24402358654173983,0.9273313541507541,0.19715202596886092,1.6338739081484042,0.9224276037921211,0.3474883944203271,0.2958368265275766,0.8019899556983069,0.3036067347453315,0.48051785990852586,0.4741677971890137,0.7069219376673951,0.9832254694169862,0.8933239377626185,1.7025833317599277,0.9101098778601046,0.38998631995214095,0.24710178767802282,0.24208258859311413,0.33449981617666535,0.24182995071158697,0.22209282157821814,0.1858746179369926,1.1648457557419936,0.3593780363202122,0.5627486007428992,2.1330264048214134,0.31291755772062557,0.29927332236619214
Czech Republic,0.48782573944309415,0.3165193697280306,0.39608355052454475,0.3777520780021756,0.37750308623488793,0.30775453567980543,0.35624964085480854,0.4310087501131818,0.26871072031468934,0.3862862479878095,0.43795442726365036,0.3396298177683767,0.3620622770016605,0.6287544129640132,0.42495598593236084,0.6783469254297398,0.4090769052668539,0.20843800764959008,1.0,0.41500009416353856,0.3369812937800594,0.5473980414933471,0.4299253639005051,0.9177760211423558,1.7370338200252973,0.586697923313271,1.0424154577698013,0.5381087326515832,0.8138894845110259,0.7122054463196875,0.6986895373427033,0.48851125202859697,1.072802362996036,0.5923565881248819,0.6913559140450323,0.41965682873265003,0.752401689456205,0.8888335464691046,1.6239265663083982,0.870054580368593,0.6109828387747603,0.500326254114674,0.49007712232895484,0.6917821328245304,1.192486137275666,0.2436162213820805,1.22624837428237,1.5650176030109533,2.6141041924712773,0.7651101322242222,0.45185764903379344,1.2044607888292687,0.4299260575353171,1.2228673406533643,0.4600011557495442,1.997366193217042,1.1285887167653317,0.5706032785817055,0.5204117813633661,1.3598102224802175,0.6073335994421558,0.8069938218156956,0.7085405107961914,0.8985408243443347,1.3384092067033075,1.3920437559874623,2.6803082260216695,1.215628611206234,0.6842358205284246,0.4807485982779595,0.47949641745653565,0.5833878266095902,0.42842586635039376,0.49666827998954155,0.4091154906655132,1.3645423597046078,0.6351930366070465,0.6190134393115995,2.56049669472239,0.6617453794859776,0.44623628224464734
Denmark,0.5226484153561,0.38017932889856615,0.4811603800694942,0.4147061096007701,0.3711092455714094,0.411368783289167,0.36263793433797514,0.4752399671626218,0.3631567478684023,0.4499132641744526,0.46251885036723034,0.3643699308793017,0.3941689934036509,0.6362759230854698,0.45390917728926694,0.934042815072373,0.5358105709479214,0.35203099387718084,0.41500009416353856,1.0,0.424634913059225,0.5920287157019914,0.4759101981709085,0.9336101210574341,1.8312826590539644,0.6204273494456224,1.0578117956638549,0.5741401436861908,0.8337353100071734,0.7121614218982167,0.7085726329811142,0.5362771837857869,1.05720331853839,0.6517253618037147,0.7185640204338768,0.4537161437810538,0.795070674222634,0.890509317316651,1.3717578813206268,0.9404560662726794,0.5839009941721945,0.5659904958436502,0.5505895614862217,0.6744220717991256,1.2091909459936727,0.32698527959966706,1.1744319367972338,1.5912226577068853,2.1666030988786917,0.7899416385224712,0.4544313141367468,1.1901557022770088,0.47591091546214687,1.203786163663145,0.4977777919618932,2.0492575062416725,1.1774408096037,0.6475191240032623,0.5508721991524773,1.3594585069951912,0.628505726875652,0.8226074514556517,0.7348578438011596,0.8760619710375678,1.3288896228970415,1.3833167769612416,2.2057451375290875,1.1986548056681439,0.6460139453133089,0.5131222386159572,0.49515564282035235,0.6486464915885111,0.47582336423172195,0.5048979355973917,0.45037858179865087,1.3000224183298839,0.6775299595507475,0.6496182095443419,2.101040178924911,0.6477970906984669,0.4470992221103133
Ecuador,0.5432726724775117,0.3607534693431208,0.44376715718329174,0.4163239760268673,0.4508573519191821,0.30408362790715376,0.43137249748030737,0.5067174324633106,0.3331431168799373,0.44011161240122837,0.4630699771966208,0.4165870226525118,0.433693127677227,0.6570639806382134,0.47390784493379623,0.7227634018762631,0.36845300015927884,0.3794823385034101,0.3369812937800594,0.424634913059225,1.0,0.6573870874606667,0.5276757305015259,1.0689807840862848,1.8582908493395025,0.721823714847313,1.070785984598287,0.7000748555643247,0.9756970536952116,0.9627892850187785,0.8055933326490351,0.714541861400252,1.17072358533711,0.6696519092408054,0.798378629789745,0.4612737453549795,0.9179054951763145,0.9611543162596989,2.3488343431395333,1.243187635657221,0.7944098186791033,0.5560280293749059,0.702146568051109,0.7746282141574801,1.6098126746687562,0.39219226101032295,1.5368998469294917,1.489362505508114,2.12203471445797,0.9109002392892542,0.5961606544527966,1.195427440273256,0.5276768137132128,1.7427021942691692,0.6605470467009821,1.7607858997060852,1.5872025334067446,0.7882278164843521,0.6676637122501878,1.6344886315565683,0.7870826660017854,0.9393117241118184,0.7494451451137165,0.8846418908034178,1.3726668125405492,1.748145496221239,2.5812933719222833,1.2559052467375063,0.836435886748459,0.6250461631595363,0.6333304136444824,0.7462354191073812,0.5288457785825592,0.6940438733493597,0.6539054261253217,1.7356534837599547,0.7816461738201762,1.1718081385895722,2.0023176938643688,0.9234758879985611,0.5440767897741106
"Egypt, Arab Rep.",0.5979737464429538,0.15016112305293874,0.24735334052827418,0.2067040598888784,0.31512003352817397,0.2816549665293468,0.3152608524552312,0.47437438365133777,0.27065844151783097,0.22717203960409385,0.23260622375585094,0.32225826855702444,0.2949221811805962,0.5838426125237646,0.2661706752327546,0.9694882024036182,0.4565239469639984,0.3266140341554634,0.5473980414933471,0.5920287157019914,0.6573870874606667,1.0,0.13595356280675008,0.5927021479426745,0.8549297538359839,0.14750162325352442,0.4612823602642028,0.24832420963389373,0.2568039722846128,0.3401446668133048,0.23421254147965023,0.2778834562597481,0.47898678050792015,0.17323077566329573,0.7268306667826017,0.19216668248517388,0.25389827092080197,0.4375304090433302,1.0041037410634004,0.5606688982472965,0.2281523862883576,0.15574486174613644,0.24473582320502388,0.29050813307807616,0.9320918330955391,0.26195856077416424,0.7271703885153923,0.8545941027899561,1.4821366658601725,0.23701834519032314,0.2644601297121028,0.6529003548464891,0.13595361941829764,0.8583268199705097,0.2064725065239248,1.0452125345095458,0.8527056108064824,0.37786072814859145,0.24987895785384315,0.5806651604027367,0.21853941222385903,0.285931722316318,0.27520338699003316,0.44342176363056807,0.6102457702837678,0.6506368994833803,1.1450152919966068,0.5807380938336841,0.25381780719916464,0.19028566181373707,0.24412072863909304,0.3164533738796023,0.13516557792222297,0.1916392544936487,0.24511908940812963,0.9860458414228459,0.29255621420889877,0.6741438763614412,1.2774927761577295,0.28977827294687597,0.24790904780208592
El Salvador,0.5244212736741644,0.0,0.235206722681255,0.13698707669668633,0.2754790475566485,0.1927976577229255,0.26283700830479734,0.41220550065290934,0.1453303798132669,0.23573369002292077,0.24490459264782455,0.24297507969847812,0.23843184182867402,0.588363353643947,0.277983023905377,0.8332179341848122,0.3768520389684519,0.24402336462444,0.4299253639005051,0.4759101981709085,0.5276757305015259,0.13595356280675008,1.0,0.5753883559479261,0.951782855127323,0.13006325929558665,0.5179617644927391,0.19938861544612324,0.29045826580605255,0.33133915880401626,0.24225956502876175,0.23157555784297706,0.501379817919142,0.16723560698860396,0.7052184609540219,0.12572145963315345,0.26066054958097384,0.4751951428789775,1.0436274316403014,0.5469344753546089,0.2004841164893883,0.0939244884845033,0.2225214370384048,0.2913460552640857,0.9332149509802912,0.19699382452740605,0.7818912045075253,0.9443577368483846,1.6664249313115034,0.25374666929173506,0.18835923298467785,0.7345130948694626,0.0,0.8830400848181856,0.15096261798287933,1.1872118530636042,0.8899152799852151,0.3421481595732665,0.23158448226456868,0.624294051822729,0.1857921226494204,0.3181836935242049,0.2590400493500658,0.4613531394830959,0.7040526975130494,0.7203447600875523,1.2504636590858393,0.6682494448565895,0.2327932332434464,0.10365369092276809,0.1744318093423519,0.2687804390175667,0.00683992232231237,0.14358241534880584,0.20535661248764084,1.0585842349463122,0.24326993311510467,0.6661950798490203,1.4138035101538202,0.27557542152236325,0.16720168765586427
Estonia,0.8498767575346957,0.5753884101436293,0.5797551189612743,0.6021949255377764,0.5737613236748593,0.7408996085720758,0.5601227828530703,0.6890940914756978,0.6455851045812929,0.5574846902917462,0.5748864551655732,0.6112473126879177,0.47903359722497285,0.7230248783848107,0.5281028219110283,1.2662703371666542,0.7508951045699513,0.6506190513821237,0.9177760211423558,0.9336101210574341,1.0689807840862848,0.5927021479426745,0.5753883559479261,1.0,1.1832196524685759,0.695739710522558,1.2419398936543877,0.5841357036292857,0.8148853085664892,0.5397634908070231,0.8741674235099759,0.5334930345005854,1.109202913765644,0.7685410621659725,0.7386697546859162,0.6631113982265855,0.6902756864007211,1.1638298810700316,0.866689305194832,0.5853144915710303,0.6309479366877392,0.6761575114998762,0.49588091247593086,0.7887173932836857,0.9263383011737061,0.5427963963004527,0.7309940706905637,2.019264373395745,1.250342346666071,0.7424303601724694,0.5406991830087277,1.7405014019560123,0.6210806497085178,0.7383288411284123,0.5365117479253616,2.0228689804848767,0.829574204326804,0.5680170953829815,0.7241770842305272,0.6906762699042682,0.603185024887429,0.9599687790726439,0.7617077876127396,1.0349880551058424,1.6180040237759308,0.7757534556146316,0.8664338694551625,1.5591466274437253,0.7141332326469931,0.598306056126591,0.5607092473034615,0.5165625987262956,0.6239982616974783,0.5864279019668398,0.5006032421911005,1.0797283634058827,0.5248030853768804,0.671016394493301,1.0520199500026262,0.6049178738462795,0.5915435002503182
Finland,1.3135697472508934,0.9517830495725238,0.7538204966284276,0.9571108502956733,0.9228244753685199,1.185154574313152,1.0573740182164977,1.0997414173498106,1.2278078368565195,0.6421834688180146,0.5606699972228484,1.210840893673074,0.904083158710154,0.5332515793480803,0.46490253238758505,1.9406041221983636,1.0374994955765409,1.2703675752435681,1.7370338200252973,1.8312826590539644,1.8582908493395025,0.8549297538359839,0.951782855127323,1.1832196524685759,1.0,0.4860436382142221,0.5495106319402174,0.5138578280679905,0.43188404007484066,0.4831724587693506,0.5475503633071529,0.49855173960140725,0.48516071166119107,0.5521516092754618,0.6194289656570174,0.546215680928464,0.4505782796366855,0.7283498749867731,0.6096800218276462,0.5360270334897591,0.4941715616453285,0.5332111291653995,0.502811429203027,0.4834588945590664,0.8373386427744521,0.5194045532343583,0.4790342107456792,0.8251327277439201,0.8243924247700156,0.4311594544592939,0.5200262511824386,0.8315225817745984,0.5193063506693123,0.44817893992517316,0.4900933832816627,0.7366315113452492,0.42383716719226483,0.5289377596009057,0.5501319310219148,0.42949519636818706,0.46802147943667793,0.530034562022035,0.508992203953532,0.536785101890893,0.4341520480056463,0.4368398064421335,0.6638809221279843,0.6306689448384916,0.47465866148468633,0.4993265680339036,0.5207507275848848,0.5094058686220363,0.5192924980365783,0.4914685801299054,0.49550044510938,0.5810432511870088,0.488249195557475,0.4956499313945059,0.6223809081790606,0.48249273515130686,0.5437293485687161
