Country Name,Albania,Angola,Australia,Azerbaijan,Bangladesh,Belarus,Belgium,Bolivia,Brazil,Bulgaria,Cambodia,Cameroon,Canada,Chile,China,Colombia,Costa Rica,Croatia,Czech Republic,Denmark,Ecuador,"Egypt, Arab Rep.",El Salvador,Estonia,Finland,France,Georgia,Germany,Ghana,Guatemala,Honduras,Hungary,India,Indonesia,Israel,Italy,Jamaica,Japan,Jordan,Kazakhstan,Kenya,"Korea, Rep.",Kyrgyz Republic,Latvia,Lithuania,Malaysia,Mexico,Mongolia,Morocco,Nepal,Netherlands,New Zealand,Nigeria,North Macedonia,Norway,Oman,Pakistan,Panama,Paraguay,Peru,Philippines,Poland,Portugal,Romania,Russian Federation,Saudi Arabia,Senegal,Slovak Republic,South Africa,Spain,Sri Lanka,Sweden,Switzerland,Tanzania,Thailand,Tunisia,Turkey,Ukraine,United Kingdom,United States,Uruguay
Albania,1.0,0.22282650189350078,0.38719643990369446,0.14662651157229684,0.1555744165544092,0.20858737910962163,0.1691987718922642,0.09696273898569868,0.09744057272353715,0.22204755450395186,0.1559260111618764,0.0766653332958066,0.21217603470433624,0.06834297616159013,0.14343892986394968,0.13764814248653037,0.15930407781401423,0.4055456814057737,0.484256922400302,0.0622136477451736,0.5493339275114334,0.14976349120816115,0.10787814079259919,0.1979726453080246,0.09013916468975372,0.17270319190734265,0.4415480471197577,0.15533965408041256,0.08534458084939606,0.5137276132612452,0.1360346431935027,0.376782851619775,0.14766132141154548,0.23583839704851225,0.24636319494588663,0.35507507632104257,0.24176163423698135,0.25971162507402756,0.11242268129025518,0.0723050030195091,0.08954671062281339,0.33960633199614454,0.1390286356372804,0.22000912149505744,0.1687445390785547,0.2664471731667666,0.10432358169922296,0.2506715522794608,0.13620951510307097,0.16518666236918272,0.20015744206316688,0.480246085381805,0.10504114431537029,0.23255447836117757,0.1992094158813455,0.14887444199074515,0.11444935732263639,0.1006370039252206,0.23918779831003628,0.05760036036697591,0.12554477825149798,0.41685788179272887,0.24153946763414802,0.20446529466200977,0.147485861205729,0.14831605329340308,0.09294140875850793,0.3940923227525066,0.15184377072560915,0.32019654362522093,0.2591050183691507,0.1599628161758232,0.16309476060995606,0.22675390241377555,0.17153890237452038,0.09064512783458942,0.22502552264645953,0.1482596703115175,0.06585273132193331,0.15136180837441618,0.19917554973406607
Angola,0.22282650189350078,1.0,0.7398604944515311,0.21383283314629653,0.3021370161067455,0.4744151752736252,0.3407979625311073,0.20411734509704252,0.1594856815356658,0.4600749112109155,0.06429371118807314,0.12457466617786489,0.42581897761390974,0.17619156067687833,0.215866476400482,0.16830872600740218,0.3277156853078198,0.18970068497701148,0.6346810879105902,0.15463374043779876,0.7031259097336063,0.05361473326802657,0.12940211213290384,0.16811983763703736,0.18856017668465086,0.3494626866728253,0.6750756012295748,0.3129558601100302,0.12437146965789928,0.7573668961206756,0.07115973131439934,0.6399809390595961,0.2422099835167507,0.07914288129449706,0.32671444983086767,0.7472735046619692,0.47366142656968135,0.5182716544213926,0.28731940676823886,0.23068371260137785,0.16943925811277802,0.7254171923495202,0.2908434196951927,0.08473126343389778,0.2265106546110703,0.07758371449745893,0.2771997171471379,0.4088618425229692,0.28603001840262937,0.32944609815738124,0.4509644594169685,0.7844293372937835,0.15025997387165146,0.3671326865725614,0.42997773938657047,0.16808666654123047,0.2721565934363398,0.20237673301614525,0.09078009891642388,0.2108289817717972,0.07543931312714197,0.6693571228598003,0.4984153775686262,0.5157903047256088,0.2427200984722709,0.229531308110721,0.29418702609797,0.560069237067808,0.2832847490573595,0.6472447115226299,0.08501068453663815,0.3692358663308496,0.33612620794195147,0.05238698279491108,0.08148539816272893,0.2161474109233437,0.4752728171613212,0.23304226920341364,0.21017203275246488,0.2990752417587289,0.43678596894826605
Australia,0.38719643990369446,0.7398604944515311,1.0,0.30816033642854795,0.2769803911501747,0.19808982542149867,0.25561100644089557,0.3271588804042836,0.38352527313902557,0.20696085545115875,0.5878331412374841,0.44678692223519323,0.22844580295725292,0.3474216021148649,0.31070476305199424,0.42448269734079414,0.2626771402187634,0.8869801094660545,0.3148181092722253,0.41225814877632105,0.444992481220283,0.6087638907176556,0.4199801632194098,0.5291196536877433,0.3401885548996906,0.263326922813651,0.15838588458920752,0.276607385751731,0.43025863182622925,0.18048320714857138,0.5596219034653066,0.20722113016063265,0.2863551649265066,0.7695706841248693,0.3607906047829359,0.1475761197325557,0.21530378687083976,0.13415536953177215,0.2693882302225198,0.3260259911651142,0.37520284268695825,0.15275411535181546,0.29117807965168063,0.7526795286441049,0.3637448968831243,0.7380189581943092,0.31829285964301335,0.16453149110617518,0.2855916997227306,0.2798713032505395,0.22453616514187422,0.2521486906271655,0.38944068757806294,0.41114592483739815,0.22949112224267676,0.5914161582884961,0.29947614254359156,0.3260147431109385,0.7109767130965456,0.34306212031567707,0.5518312242720884,0.14504105695202724,0.18823111587282515,0.20909376725628898,0.2838437738524553,0.2970243977228718,0.31840409251988744,0.1581762157112197,0.2839309756256517,0.17359564370805994,0.7297508181582351,0.2549319868228001,0.2610712544791741,0.7044494585574816,0.5820021402448048,0.3210943194210142,0.2136975705509804,0.29764629091392214,0.32816409427999926,0.2850412494601494,0.22019134064460347
Azerbaijan,0.14662651157229684,0.21383283314629653,0.30816033642854795,1.0,0.05831688683211675,0.1190302554610996,0.09029352546068437,0.02467510775456469,0.0400687312592862,0.13920606522656906,0.1413231647893801,0.17427557312260003,0.13740484491996796,0.045290967545062566,0.004400900257849311,0.2619375445668327,0.05498597151835588,0.3820872868207852,0.5522507455103076,0.09551140329867314,0.5609366716882952,0.17477374186588346,0.05369808710216467,0.25340235626759955,0.03799717285307924,0.07238980550846691,0.4293906598525359,0.06600618818210172,0.07560569478668239,0.42498132360386154,0.14164451243671158,0.383188524078571,0.019505012169616948,0.27647833019561663,0.23218986966036215,0.2711376075783245,0.2084239859012655,0.14232669784923319,0.10655368362024692,0.04919674945865832,0.04164134897320282,0.22198654485107827,0.060240060502789405,0.2706554718272478,0.20927733646364302,0.3417231419744994,0.08275556513333238,0.24512513465930055,0.04155263338335219,0.07018260642022212,0.15579700511470435,0.3601045015363356,0.03839976831202915,0.2563385058590554,0.12015452253926012,0.23326419804435186,0.050682301405237634,0.03287914746020912,0.3061357566355728,0.06572752336011731,0.1784435164515301,0.2943327837580428,0.1316112623699452,0.14298120545059384,0.018016550530208453,0.012472219510581084,0.1005325843626558,0.40170847723377323,0.04208135722002926,0.20982858374133112,0.2893194173399326,0.10658315633415039,0.06474647681055828,0.22924444513679995,0.20568988924654708,0.043593615076840314,0.1444626059950907,0.012284844273864753,0.05249347368787391,0.061793447514533445,0.10411793185722276
Bangladesh,0.1555744165544092,0.3021370161067455,0.2769803911501747,0.05831688683211675,1.0,0.06305865675780048,0.027644684756263305,0.07097869447274469,0.09459960467509207,0.08036436387568618,0.2052709327394902,0.2137953138114005,0.07242198952155476,0.06356916186898934,0.06274636429963998,0.22314821120306716,0.02336604720284252,0.4604781208704995,0.48403615385121934,0.134697232806086,0.5561581716624997,0.23729032127904928,0.1389301548656084,0.3135651279154873,0.06961872337916386,0.01920255802535059,0.38243519275592375,0.02203478840033135,0.14960117587057625,0.3552498036503333,0.21140883587763085,0.3075283873054516,0.02907505522759002,0.3430883378150933,0.21366043204540527,0.22384493524366478,0.1025654720610236,0.09499946620651695,0.10895682871907283,0.057871041451357325,0.10795620947324178,0.16659853413434614,0.026963895798123166,0.30793760272751364,0.1948299178833373,0.4149170833518683,0.0571540735320801,0.19386184322849048,0.030279904568439125,0.01888251644567024,0.07986976343710173,0.3190609970327172,0.11558392334112574,0.2577812436733078,0.06060887494031458,0.22464210658941558,0.05253745102528837,0.06742875066077508,0.36105658978980054,0.10154182555074423,0.25143338062725173,0.2701971287027112,0.07822597330280162,0.10272723605447015,0.02836355996104148,0.036518173781532964,0.10082866904614901,0.3651119809538441,0.017847901997511406,0.15113169490146774,0.3605418347054629,0.040767709299914134,0.020620884692050756,0.31624522212759526,0.2915740601491429,0.07001220741974964,0.09615194192112386,0.04089532744852953,0.0826207833288243,0.012360798267785578,0.06109201923573687
Belarus,0.20858737910962163,0.4744151752736252,0.19808982542149867,0.1190302554610996,0.06305865675780048,1.0,0.04640146465335221,0.14274715249877748,0.20409696128867447,0.04123464225481718,0.32808046775856226,0.2959757484415544,0.042207161142159305,0.1204984405722285,0.12403506858313615,0.23111996789850967,0.04861565257463285,0.6316833254415997,0.3464836236071722,0.24095229937047538,0.4842063833464051,0.3784757350569745,0.2356632062496344,0.4503256935575638,0.13288449013180073,0.039021656347516864,0.2790072664984454,0.04885784612367025,0.20804685735132938,0.22432242697734725,0.3545282647873865,0.12702216964571414,0.08438483512202069,0.49395135165269866,0.1920904120345396,0.129845837160874,0.04034952536315428,0.035179735281391566,0.13658485820483385,0.13029908164760332,0.17716227359295672,0.07271992756623699,0.06170772101902813,0.4427346606401666,0.2467400172450117,0.5752174075412819,0.08529134716813763,0.16946284330899553,0.07173076092495198,0.052466600483630554,0.032744271749157755,0.20846278135031596,0.20543782609284944,0.31042629717142745,0.029451281370950683,0.2793148712421193,0.10719067386147044,0.13908758055424109,0.4683603040356929,0.16988924764884292,0.36370894296499234,0.17234732199051875,0.038107163487085816,0.06155003434711831,0.08506540152246711,0.10093367062763153,0.15036557532105105,0.25924732241071535,0.06089658304702664,0.0439459920925116,0.48934185933000857,0.043738204385643326,0.04004870103113667,0.48439570155712725,0.4290610995833961,0.13463244237348876,0.044674701914640125,0.09953849845046178,0.15972478599197598,0.060243921844510384,0.033308675667860305
Belgium,0.1691987718922642,0.3407979625311073,0.25561100644089557,0.09029352546068437,0.027644684756263305,0.04640146465335221,1.0,0.08852204001670902,0.12605354236608668,0.05126559673231795,0.2389105489617744,0.21311940936732196,0.047506418566464814,0.08719887884618405,0.0940705568668273,0.17401374424084587,0.030309498393959633,0.49793913356111574,0.4609058029478462,0.14693116087212096,0.5484421417054035,0.25778991084712055,0.16236311288132754,0.3456609316885525,0.09620551780192321,0.029675797184253172,0.3389976273382354,0.04137582301294562,0.16381844455521924,0.3094301759018515,0.23331729964041867,0.2414344400164661,0.06023344331795638,0.35601704918177945,0.18680726565338596,0.2160975467557901,0.05928839581356771,0.0655510510006071,0.11514266527229197,0.07545607559366999,0.13279932292907956,0.1448101041332078,0.042718083445603794,0.3260646691193583,0.188352444961501,0.45010965827627136,0.04903772686120986,0.16681049511365045,0.04419237788037034,0.030452607592697523,0.04572154482388219,0.28466801969481204,0.1375577131399619,0.26306538290795883,0.032986400700113966,0.23871750440321818,0.042915699996124074,0.0928772810877111,0.3644660406517414,0.1180822589797357,0.28668574147046255,0.24308508462673473,0.06156989965593651,0.0986861817267903,0.06169362276838952,0.0719664645910405,0.10014593055324095,0.3194832313814561,0.04341825466924085,0.12985761515036187,0.36692733410792444,0.03416330255901806,0.02617885720812499,0.3524761830426991,0.3295278604682461,0.0903229741675981,0.06734734845678156,0.07375708403350448,0.09629444973015763,0.03840487881367896,0.04436601196568102
Bolivia,0.09696273898569868,0.20411734509704252,0.3271588804042836,0.02467510775456469,0.07097869447274469,0.14274715249877748,0.08852204001670902,1.0,0.030103764267920302,0.14840091163419303,0.13381260393704203,0.13282232218337806,0.16836700183374675,0.040502038120259404,0.023021044516643996,0.1930866594673264,0.06761617770580308,0.39171413181297754,0.5550907797835319,0.09775011734318445,0.5565835871405403,0.15556741540885724,0.04286251090450763,0.2516878809210934,0.03269074719379328,0.10117440169322411,0.4298393732172462,0.07405648573868093,0.065648132549254,0.44763707798260977,0.1341568985962113,0.3983030087879768,0.04597964884876596,0.26018993235976257,0.22735249540501976,0.29639210894756374,0.19920053441034377,0.17724620751863304,0.1177052956688309,0.03400747082312125,0.03524994678684881,0.25768631503724226,0.06321792292914158,0.26685420822435596,0.1815567206224504,0.3364832033549575,0.07681399952120171,0.21927738343264555,0.04476614038391519,0.09160284701181914,0.17133015964932666,0.38706278615263484,0.0294158924453973,0.2732817052357447,0.15566552727882763,0.20742123509650726,0.050984311407335225,0.018291159346224134,0.2587650121040299,0.04738725573876612,0.1510584631576183,0.31592717911225954,0.15700864549453633,0.15592811567570822,0.04591596014741384,0.03746980735093469,0.09721221198257321,0.3895072714049641,0.06910515102604062,0.23295239379617175,0.2755066392356993,0.12184178141770047,0.0919857374704017,0.21736972797748774,0.2000504154409605,0.05248712129182903,0.17931814225506457,0.02870194887702751,0.0508280022446822,0.07623143788253944,0.12962179922675993
Brazil,0.09744057272353715,0.1594856815356658,0.38352527313902557,0.0400687312592862,0.09459960467509207,0.20409696128867447,0.12605354236608668,0.030103764267920302,1.0,0.1918909766788798,0.10146744050804365,0.08168849817163079,0.20134045135513592,0.05891326824967866,0.036433337755873985,0.17371158734176959,0.12304935521092586,0.370118092991527,0.5577435757078146,0.06200657460663875,0.5479572784070124,0.12700461963785087,0.01345396159746487,0.21448622402640702,0.04657316143119389,0.1309965752073197,0.46480014667229075,0.12308066186788497,0.0313836687597315,0.48735432114720834,0.08460671418008486,0.444188043703523,0.07267682381319113,0.20846482774567163,0.24461241808214934,0.3314370663868559,0.22303710158182882,0.2399093602255435,0.10575110332082996,0.052092969064455014,0.017922893056236427,0.3171641625262714,0.11729243695123942,0.24970166852931822,0.1754023763761086,0.27878880385261096,0.08882350876604159,0.23811135948402365,0.07752791844673945,0.11487446113925628,0.21301926989286768,0.4562601608463453,0.008259854531917687,0.27917566129321136,0.2073652920498832,0.2008987652465625,0.06894294568962506,0.03405860238024952,0.2418779507646189,0.0476676293969375,0.10901207195671697,0.3718943577314282,0.19543395226079358,0.20104484904896472,0.07612453959926688,0.05653911244919893,0.11705200792834441,0.4299734131620878,0.10256902799521289,0.29282679567764713,0.25026723904652864,0.16140382084182003,0.13979873643676932,0.18894098241560986,0.18071383742957162,0.07226535488780886,0.2281380054820138,0.05775789701709655,0.04930831670619906,0.10069930047648976,0.179096903382284
Bulgaria,0.22204755450395186,0.4600749112109155,0.20696085545115875,0.13920606522656906,0.08036436387568618,0.04123464225481718,0.05126559673231795,0.14840091163419303,0.1918909766788798,1.0,0.3695849368761504,0.2475579797334847,0.035434599802107364,0.16589765734206172,0.13898171733205092,0.19429821574282047,0.07204168090408417,0.6471468442069989,0.37254320807840974,0.2043452453974309,0.48898204638382625,0.3757828088959848,0.2257450302525727,0.35521195287491114,0.17989663224469404,0.05633349733097237,0.2981814908957485,0.06846540028796694,0.2690343166193814,0.24095338943608985,0.3253275137475436,0.1638015467138002,0.11434399865127023,0.44727174938892866,0.18486964787005478,0.14736763547725154,0.0322661080927831,0.061163272462739254,0.11869573430667729,0.1383461745282293,0.1951393630868017,0.08570478069939741,0.0829000099539999,0.4437437213073402,0.2256524679377569,0.5411297974049435,0.08857478402382943,0.14213526934980333,0.08861969762539007,0.06486389166974846,0.04780725957168147,0.24141457640859457,0.20396223811873046,0.3029897027031999,0.037119749555136916,0.2998530927802575,0.1012107773931526,0.15038277687786628,0.42164484815357267,0.18467022603831312,0.37785980482302395,0.20640984157989628,0.044318605116141774,0.08053029291163744,0.11422700306319503,0.12961178059112807,0.14977702829759695,0.256642452231846,0.08734143318917892,0.06978218967965816,0.49081911960889657,0.05876000620504057,0.06288791914052724,0.4841143526077825,0.38719424291903515,0.15591726660219193,0.04272822945158808,0.12829215918025821,0.16914892510461152,0.07866186993774929,0.04850441015029203
Cambodia,0.1559260111618764,0.06429371118807314,0.5878331412374841,0.1413231647893801,0.2052709327394902,0.32808046775856226,0.2389105489617744,0.13381260393704203,0.10146744050804365,0.3695849368761504,1.0,0.1083539038447181,0.3292742480900589,0.12039405305547854,0.1409713160749356,0.16872872042484593,0.2271368315374371,0.23135748765396333,0.5264791017433484,0.10711626939546531,0.6051328843198742,0.06239682224081436,0.08199861347597831,0.17449781663881367,0.13108074101917022,0.24804043285554053,0.6300508767356107,0.2174152576512095,0.0788832536410152,0.6210106913811702,0.04717892593061107,0.4651417166200983,0.16311251928010706,0.0960509809559903,0.33490849906357056,0.5342641380261748,0.38254458880208636,0.4028501700358086,0.20107189563495725,0.16472536937046123,0.1175412275956961,0.5142314281389258,0.20628803001370336,0.09186125494355651,0.2090821709490843,0.14385910353392783,0.1851507794441921,0.37835193843849324,0.19828654613676197,0.23438746977072442,0.3155421236926885,0.6533379051350308,0.0950821171875326,0.29385887883542194,0.30773854821138463,0.13375148473542492,0.17000565112336424,0.14559841223304157,0.15669724505096552,0.1311961854184261,0.045876143486429405,0.5983519613025292,0.37472866841548724,0.38235913075855915,0.16436681874409947,0.15568585633829135,0.2274685011048865,0.5563969888311792,0.19640044044949262,0.4582118670841748,0.12435856797834025,0.26945413844871047,0.2380077696170854,0.08089798978854543,0.09350015328267436,0.14245240561577172,0.3240182665539708,0.15633100360148164,0.13962707574920455,0.20681292351275943,0.29989535515012644
Cameroon,0.0766653332958066,0.12457466617786489,0.44678692223519323,0.17427557312260003,0.2137953138114005,0.2959757484415544,0.21311940936732196,0.13282232218337806,0.08168849817163079,0.2475579797334847,0.1083539038447181,1.0,0.24209101672840178,0.124602582555531,0.1712176659885252,0.09601387923665339,0.23149149442232325,0.35208590937176343,0.5300237714460982,0.0354913367751733,0.5649564465226077,0.07313550436341962,0.045361381566924375,0.18119078957228107,0.11738701879734192,0.24525534934145055,0.46939466851558603,0.23839765252580883,0.05583663956892346,0.5886980602512166,0.07973022760476234,0.4282017778467584,0.2030452238538757,0.1685210501029772,0.2524927120623508,0.4291273277372747,0.2561263689404347,0.32953238910745863,0.11923610818694202,0.14499145054905743,0.08541088559461674,0.39550917853179685,0.22328603608867093,0.16741081158222404,0.15777233191384626,0.19896429700270257,0.1416910072096161,0.2566279672132057,0.18781489767327697,0.229267580539801,0.25971020677563506,0.5250730580075036,0.07439314146235998,0.3054862133786768,0.2600003014654214,0.13006339263354735,0.12381822114368635,0.14590724336389213,0.19005174434655842,0.06716785108803419,0.07883694299659341,0.4939011790182081,0.2857457259230389,0.2627626506998316,0.20509411480316755,0.1918726621743104,0.1401570129670567,0.4062623221126697,0.22381326007589708,0.40657275870416265,0.201585860101818,0.23166115721532157,0.2564889710397239,0.1584554865277211,0.15844280149003362,0.09637533288678113,0.2816748789507892,0.18930167111076854,0.10704773792085687,0.2205426433916139,0.26259397183786193
Canada,0.21217603470433624,0.42581897761390974,0.22844580295725292,0.13740484491996796,0.07242198952155476,0.042207161142159305,0.047506418566464814,0.16836700183374675,0.20134045135513592,0.035434599802107364,0.3292742480900589,0.24209101672840178,1.0,0.14432384961993242,0.14435834446164594,0.1772092536601839,0.06684215092885379,0.591414566520484,0.395246193921992,0.20323155269437795,0.510903069990671,0.3417821153807351,0.21995810583782552,0.3623751571247025,0.16127870443122175,0.051502092684036216,0.33479417377052745,0.07265208283742716,0.23359154175134333,0.2880016137168626,0.30348079505040426,0.17690519852077394,0.10508075706100767,0.41895473415327567,0.16657584365204467,0.17843918608980322,0.03347510994288233,0.06293249027084288,0.12332166925574276,0.139575479985016,0.20955149390345437,0.11184359639036934,0.07912444923931092,0.3950037961451271,0.22763327649059123,0.5315992077414948,0.07717369253130915,0.17298905147364685,0.09876471717321175,0.06086789646837218,0.041771966797275184,0.26026595097063987,0.20927465095580242,0.30782902093041187,0.02632523169076184,0.26972878439067405,0.08770230607357404,0.17212794875991036,0.4126864310257941,0.16669322085796898,0.3356873722423016,0.24125734142141805,0.047591194828651706,0.08939478775388765,0.10347693243464531,0.1182601086380542,0.14857501005188287,0.29961639393012884,0.09000223138930888,0.09947082697144358,0.4311729310926143,0.0334728385877015,0.054450841330259014,0.44942779834547747,0.3831227718076031,0.1408820427499161,0.0352834778476733,0.11701942132427443,0.14087192910125826,0.082249987208113,0.04530073655981465
Chile,0.06834297616159013,0.17619156067687833,0.3474216021148649,0.045290967545062566,0.06356916186898934,0.1204984405722285,0.08719887884618405,0.040502038120259404,0.05891326824967866,0.16589765734206172,0.12039405305547854,0.124602582555531,0.14432384961993242,1.0,0.041306889508423594,0.16348378511800293,0.06949681039268837,0.3366712938200166,0.5058121372957408,0.11233147074360969,0.5827152385209438,0.11593423280543677,0.06305763646350246,0.2580345613329391,0.029724525128181745,0.07754453913856876,0.4466604698447737,0.06101276801641925,0.05888957983826315,0.4648836735451799,0.1425793450115899,0.3576060283221025,0.0408994083845495,0.2509667128164149,0.21390022283000076,0.32477283777310884,0.20031802006636795,0.1631879748429407,0.13589381789661006,0.035567404141615244,0.049454765165434816,0.2725624566948135,0.05613156708814218,0.20912712833159258,0.2059800902393108,0.2836525291630183,0.10482955936678831,0.25868335975738477,0.06328929795129065,0.0725395796518234,0.14428160422486766,0.38440128299438,0.05627268247529227,0.265479572407361,0.12766717205596595,0.16017824841541764,0.08337925984275504,0.03097117049405304,0.24596100392597242,0.04420301581700853,0.12042856195244084,0.35124033379708264,0.1650495233454106,0.18239964040631543,0.04043167431380568,0.04402833177933155,0.08963790401806385,0.3925677443918162,0.05356122904770594,0.2373090274259433,0.23715522606075512,0.0937225433836282,0.06571365981668806,0.18241414414385337,0.15587950089507616,0.04567532569669808,0.15669420681355237,0.048050932408809865,0.042244008479557754,0.060100200690106076,0.1177829052655428
China,0.14343892986394968,0.215866476400482,0.31070476305199424,0.004400900257849311,0.06274636429963998,0.12403506858313615,0.0940705568668273,0.023021044516643996,0.036433337755873985,0.13898171733205092,0.1409713160749356,0.1712176659885252,0.14435834446164594,0.041306889508423594,1.0,0.24879097619819912,0.057686735882575335,0.38073141943859207,0.5567427029903497,0.09743047216603976,0.5650879709941057,0.17153216059334325,0.05009273787730065,0.2583159418114649,0.03287103609342043,0.07827218905219832,0.4266686914807766,0.06212855519246563,0.07660242358610111,0.42689306583989906,0.14170409120836622,0.38624246571190013,0.025185937925573387,0.27454056712292546,0.22857517101392022,0.2735149054970428,0.20999740627999777,0.14343506490654984,0.1075201908591745,0.05566383652842144,0.03738509513574709,0.22345600389245732,0.05947124871703782,0.27233333964245315,0.2091392970482456,0.33642494671765727,0.08653289467493183,0.24022170994986597,0.04311124223291635,0.07497886669569936,0.15994903547350933,0.3572194010054408,0.034631087018849926,0.2644904362007853,0.12779078874962047,0.2357775860053653,0.049656831103874866,0.029049076800752832,0.29837834467522567,0.059203000625881796,0.1731717067545539,0.29245271090122604,0.13562421021303353,0.14615883986467162,0.026867092716664293,0.016888720009047398,0.10281240216950283,0.397109712080444,0.04665069398679908,0.21111289138478,0.28662188739907085,0.10970513470225224,0.06870838463314169,0.22161716658316627,0.20212506046877377,0.04030702650388632,0.1469416174336569,0.013686833163491285,0.053905225290920344,0.06827572319869663,0.1108859491311324
Colombia,0.13764814248653037,0.16830872600740218,0.42448269734079414,0.2619375445668327,0.22314821120306716,0.23111996789850967,0.17401374424084587,0.1930866594673264,0.17371158734176959,0.19429821574282047,0.16872872042484593,0.09601387923665339,0.1772092536601839,0.16348378511800293,0.24879097619819912,1.0,0.23171587389160855,0.23853938967475358,0.6600206677533239,0.12055286577632338,0.7295900837676346,0.1319899120149711,0.13274980415206447,0.21574106684991648,0.17215969541430048,0.2341725837735619,0.3854337647544903,0.24318804221296716,0.11789588462395761,0.4351462501822779,0.1615757602647795,0.292219298506335,0.2754987084423097,0.181665776648237,0.10565157419622434,0.4273306156899667,0.1819889856508804,0.25855446112043257,0.16483118416169754,0.19494837914470345,0.16148367217417484,0.3361863836223954,0.24672373632207575,0.2148714223964539,0.19469279448655008,0.12268676242520621,0.13834198062658729,0.23393568090220182,0.2360734771368841,0.23570137746066996,0.19702937081552024,0.47420254159626796,0.16016559203602973,0.3054017607782381,0.18408379558450666,0.22257114556616106,0.16030784872932927,0.22019349845794647,0.23164148347711047,0.15085118376259216,0.13812188228994757,0.37267249132917235,0.226174501110391,0.23825735062107345,0.27712258748695406,0.276620777858511,0.1880556172917616,0.309020852598184,0.25772170488484797,0.26478807674637955,0.21434066150275707,0.21410417795692271,0.24199133196253195,0.20907658387754485,0.1618868918503472,0.1818103070366967,0.21292633141867118,0.26830281799468797,0.18090737250248912,0.23152973056389634,0.2107341748636023
Costa Rica,0.15930407781401423,0.3277156853078198,0.2626771402187634,0.05498597151835588,0.02336604720284252,0.04861565257463285,0.030309498393959633,0.06761617770580308,0.12304935521092586,0.07204168090408417,0.2271368315374371,0.23149149442232325,0.06684215092885379,0.06949681039268837,0.057686735882575335,0.23171587389160855,1.0,0.4848125531478994,0.46781464807995876,0.14616751560358693,0.5503904977759384,0.2563524774628041,0.16107490697689344,0.33888038738610493,0.07585877757225545,0.02154271305034855,0.361281541417614,0.024612455957698953,0.15135897828041384,0.33439425777382026,0.24040954855364885,0.2834043779547404,0.03854889966986355,0.3682512423778379,0.2162256425854884,0.20423411714136247,0.09463390653133302,0.07778209891063342,0.11462107987554246,0.05859664024668759,0.11578049829571188,0.14789952561441957,0.02954373329455945,0.32737198377115384,0.2092660980874102,0.43707724132774306,0.06531720117899908,0.18417299809558837,0.03140601710648655,0.025416083911110943,0.06478106851052695,0.2958132692047974,0.13221586409871808,0.26938431581082406,0.048206322463144824,0.23222655543085263,0.06098492143843076,0.0611458959908861,0.38948567330338524,0.11236522387523967,0.27396230800834087,0.25615801674077454,0.07334633565108017,0.08943436969379989,0.03859439054725053,0.04559889409182849,0.1042160147256993,0.3453714667536065,0.03060225850972431,0.1325090826004611,0.36865057721082584,0.035876286123178835,0.020157832256060937,0.340190106707405,0.31570328632565536,0.0745071797686328,0.08315972736546004,0.04016593425727877,0.0951132967802314,0.021789171332217222,0.044529648344803635
Croatia,0.4055456814057737,0.18970068497701148,0.8869801094660545,0.3820872868207852,0.4604781208704995,0.6316833254415997,0.49793913356111574,0.39171413181297754,0.370118092991527,0.6471468442069989,0.23135748765396333,0.35208590937176343,0.591414566520484,0.3366712938200166,0.38073141943859207,0.23853938967475358,0.4848125531478994,1.0,0.9343396315083512,0.3683053931967397,0.9955315480475334,0.23564911029637858,0.3321502307639227,0.3201575015778587,0.3584295913799359,0.5035518471724765,0.8131771752250809,0.4647881414323366,0.3269296601977196,0.8568633754442322,0.25856232372539717,0.8474936167627792,0.4074721380010161,0.18007308548325104,0.32869139739290737,0.957211590919983,0.6533867007506646,0.6668464900733055,0.5043655680986431,0.4255186651464686,0.36207993291809315,0.9008782520790519,0.44175127194195785,0.19385476389021325,0.36797835956263597,0.16018417301673712,0.4611468626739785,0.5764735348035006,0.4478967227841622,0.48477347421656714,0.6072870230183105,0.9368490216248547,0.3493216619627083,0.5173970490853479,0.5793516483831821,0.2866022153533222,0.45298507151909007,0.38453753339951746,0.21792968524316758,0.3898791645829307,0.31833632537755296,0.8209841418209397,0.6550408607487948,0.682169730829092,0.4080686793222438,0.39301202138845676,0.4592586069360449,0.7155174984186674,0.4409404132906786,0.8019152782715537,0.21201497406954306,0.5163334989012851,0.48875579618145665,0.23935152973010337,0.3208138653573315,0.36557115641825794,0.6197817248969751,0.39977382502563935,0.38327977634346544,0.45339194947212624,0.5823285192191314
Czech Republic,0.484256922400302,0.6346810879105902,0.3148181092722253,0.5522507455103076,0.48403615385121934,0.3464836236071722,0.4609058029478462,0.5550907797835319,0.5577435757078146,0.37254320807840974,0.5264791017433484,0.5300237714460982,0.395246193921992,0.5058121372957408,0.5567427029903497,0.6600206677533239,0.46781464807995876,0.9343396315083512,1.0,0.5177862170953573,0.239670823691809,0.5527644784854393,0.5527675210970532,0.5876811235408634,0.519186481649584,0.4501540291923299,0.6269249807222187,0.48289010065054616,0.5408038709002025,0.24203470718157002,0.5305310851302636,0.24292724459222173,0.5189899906942598,0.6590704610917779,0.5157486777049916,0.18736679578566806,0.3670571395423725,0.41658940536886346,0.39834654470518743,0.5354883691657991,0.5449117526499934,0.25297618392783294,0.4839888112136975,0.6130481664329652,0.5599523362092637,0.7854910668198682,0.5231811885334257,0.6027583422264413,0.477622307427239,0.46344010335891006,0.3959447249051369,0.4508637697513276,0.5612715773918362,0.39615327678183554,0.41501215972027533,0.48213131604078097,0.48622331040018546,0.5535708394541766,0.68572993390896,0.4842359478360585,0.5201867040123122,0.3113926349121543,0.35225452861007933,0.33698960411916973,0.5179934702558352,0.5340591003585637,0.4437846393971028,0.6101375157421273,0.4953698863730682,0.2951462401408192,0.6700290477858536,0.4229149135836353,0.4621608250331479,0.5880676873811335,0.5579682526424403,0.48650334321268407,0.3640544149355366,0.5329410454676146,0.4692991834825829,0.49264858470689726,0.4102563013556286
Denmark,0.0622136477451736,0.15463374043779876,0.41225814877632105,0.09551140329867314,0.134697232806086,0.24095229937047538,0.14693116087212096,0.09775011734318445,0.06200657460663875,0.2043452453974309,0.10711626939546531,0.0354913367751733,0.20323155269437795,0.11233147074360969,0.09743047216603976,0.12055286577632338,0.14616751560358693,0.3683053931967397,0.5177862170953573,1.0,0.5478754590532104,0.09609498104912459,0.05163989720691084,0.1893669582109707,0.10524318792867468,0.1623652935766508,0.44008501666932864,0.1509840875788106,0.07161416018053546,0.5288973302373953,0.07804044250723721,0.42868766358406607,0.10933940534489092,0.17599639335338982,0.25381641986560305,0.3868965346239083,0.21531494191714667,0.25317802828550195,0.1014629577075522,0.10100014785240041,0.07213208102469032,0.3617694396904738,0.13779491979860012,0.20585676222710853,0.16449356753977004,0.23792731566129846,0.10082043686525058,0.21748925970546534,0.13060911726677205,0.15647451607579654,0.22072158946710113,0.4888245091819301,0.06537941673579925,0.24988451081055668,0.20395398790897393,0.14564300154540108,0.090147735669033,0.10308924088575289,0.20342650268098242,0.07032540001585677,0.10175408914040737,0.44759498510525153,0.22753580347819363,0.23270312317621925,0.10876678380599555,0.10168730242610621,0.136000910698958,0.3745423198029172,0.1315766484836438,0.33558030668806804,0.2165583228845135,0.18009260574298425,0.16316913327679675,0.17767511449756462,0.1883522517062671,0.0869506145858942,0.24192858049901952,0.1043145980840752,0.09090018224817034,0.1364897995224265,0.21414220159946615
Ecuador,0.5493339275114334,0.7031259097336063,0.444992481220283,0.5609366716882952,0.5561581716624997,0.4842063833464051,0.5484421417054035,0.5565835871405403,0.5479572784070124,0.48898204638382625,0.6051328843198742,0.5649564465226077,0.510903069990671,0.5827152385209438,0.5650879709941057,0.7295900837676346,0.5503904977759384,0.9955315480475334,0.239670823691809,0.5478754590532104,1.0,0.614225432828142,0.5506036253664905,0.5725223102849699,0.5770704156235873,0.5484949802268594,0.715559245186655,0.5646182770211496,0.573718904087652,0.49728945906742916,0.608263076086883,0.4785552531453896,0.5605776377023977,0.7608317645064112,0.7364957880292844,0.37673940020616614,0.49281598412818717,0.5051989819641666,0.47651106936529686,0.5521589753642986,0.561820545548249,0.4358619376628402,0.5662018360745347,0.70998207381254,0.54917995002827,0.8315124020998242,0.5317629256601296,0.6322726851759723,0.5410217994204518,0.553160187952112,0.5110619957004352,0.6291238568994402,0.5527054304933784,0.5696789074685409,0.5234515105827922,0.630094102637881,0.5141366513815693,0.5585097833566006,0.7524202319874281,0.5364008050924475,0.5925913158247551,0.5131111919235828,0.47212041470823274,0.48492723021714257,0.5599229348763592,0.5617936308485911,0.5114030727369344,0.6938776966544826,0.5623512506251211,0.4750172485049421,0.7363219699839616,0.5170920477347913,0.5608350667276687,0.6521399344199955,0.6127722231312578,0.5488424609943054,0.5064041551337629,0.5591318524409443,0.5569085204193357,0.5624891272477649,0.5155775738368035
"Egypt, Arab Rep.",0.14976349120816115,0.05361473326802657,0.6087638907176556,0.17477374186588346,0.23729032127904928,0.3784757350569745,0.25778991084712055,0.15556741540885724,0.12700461963785087,0.3757828088959848,0.06239682224081436,0.07313550436341962,0.3417821153807351,0.11593423280543677,0.17153216059334325,0.1319899120149711,0.2563524774628041,0.23564911029637858,0.5527644784854393,0.09609498104912459,0.614225432828142,1.0,0.09769409323210893,0.152154293676856,0.13765672788755529,0.2748321354847272,0.605283874046606,0.24627978204637085,0.09493204183092355,0.6917642208613646,0.04505649690518351,0.5101425891533901,0.1993385022474147,0.09110261239459233,0.313240001976697,0.6136802950489283,0.3925605757979308,0.42666469796919526,0.20703620201079972,0.1775581113364809,0.12917629505693629,0.5819882961086609,0.22946103173358415,0.09126695740121443,0.18783748227247732,0.1069447754137039,0.2161547821548901,0.3529246306379833,0.23185827072139162,0.25735580946196834,0.3512978521962271,0.6882371988178102,0.11668727564100023,0.3064958047677841,0.32580323163871083,0.12455898163601234,0.2099702089831883,0.16548040989975196,0.13220642805863123,0.15276878679934935,0.0723789614856864,0.6303067137617453,0.40658662180245325,0.41297505950546476,0.19970197755227967,0.18869228083596587,0.2138752169642691,0.5171207701024307,0.2286890191338757,0.5290824667802911,0.09667801219130798,0.2856756386822141,0.26418690999633426,0.05559505042529986,0.07668272261868789,0.173611381627911,0.3700083000737257,0.1903939508140958,0.1337594948306567,0.23550899692902924,0.336266592962148
El Salvador,0.10787814079259919,0.12940211213290384,0.4199801632194098,0.05369808710216467,0.1389301548656084,0.2356632062496344,0.16236311288132754,0.04286251090450763,0.01345396159746487,0.2257450302525727,0.08199861347597831,0.045361381566924375,0.21995810583782552,0.06305763646350246,0.05009273787730065,0.13274980415206447,0.16107490697689344,0.3321502307639227,0.5527675210970532,0.05163989720691084,0.5506036253664905,0.09769409323210893,1.0,0.18948941359394847,0.049120162856228,0.1808767751758161,0.47348636110582004,0.15381965574582254,0.02512946774726152,0.542663084592868,0.06633892774810207,0.46441738183676273,0.08678015260102584,0.17827936304378805,0.2335478874489764,0.3811544451141896,0.24048046079987165,0.29676891253424176,0.11495526985307875,0.07752342174633603,0.021801356127318705,0.3604478476596937,0.1319730968300418,0.21222331834963645,0.16330131689118035,0.23801177860497624,0.11791050248185661,0.24134256312055796,0.10703733510414076,0.15868722861564674,0.23421276547966802,0.4949722706115581,0.00966905070634616,0.2802023503553654,0.24264401001498423,0.1794548188782323,0.08895520994809586,0.046565700606148897,0.20744361227448946,0.050536044583888495,0.08183489369105293,0.4184024242197047,0.23265824023165566,0.23333339218244323,0.08745832637714568,0.06979635596501754,0.12910804626961916,0.4345476364816059,0.12559455934447317,0.3374655535033926,0.21528234103891133,0.18931634736588654,0.17989240026801803,0.16035911963296398,0.1444443367346644,0.07345962968291767,0.2680522347899604,0.07175193133197225,0.057666743020271444,0.1395935625767877,0.22192448723040809
Estonia,0.1979726453080246,0.16811983763703736,0.5291196536877433,0.25340235626759955,0.3135651279154873,0.4503256935575638,0.3456609316885525,0.2516878809210934,0.21448622402640702,0.35521195287491114,0.17449781663881367,0.18119078957228107,0.3623751571247025,0.2580345613329391,0.2583159418114649,0.21574106684991648,0.33888038738610493,0.3201575015778587,0.5876811235408634,0.1893669582109707,0.5725223102849699,0.152154293676856,0.18948941359394847,1.0,0.257882174246684,0.35104301131456483,0.5461268988207222,0.3271288561068564,0.20251249174672067,0.5179335323174509,0.15238521093260388,0.47245084757901057,0.2729317961645116,0.18563836965603686,0.33309925948368124,0.5063443694396733,0.36308198787568835,0.44390345918456653,0.22028358717084218,0.26403809099809583,0.21872690819737162,0.48939845981190705,0.31143903444244436,0.1931918424730624,0.20322196705567638,0.2389070407343934,0.2684996992926556,0.3310434583391023,0.30078118495644135,0.33035757564395485,0.4197591054305323,0.6720238344895311,0.2053127332378317,0.2410865856383635,0.40082257765112594,0.21614843800906836,0.2577599946204072,0.25399526915738024,0.210599205002728,0.23451194712505496,0.17869004275042125,0.5274947947494939,0.4098453951079609,0.36649100991118233,0.27300358350740916,0.26451347472901804,0.29138177148478683,0.4458163091276124,0.30614108094947,0.4639260946453867,0.18870954601140819,0.37852918064926555,0.34667069977974174,0.15719659313869142,0.1884857556611818,0.2588318332881284,0.40467355532852467,0.26819079048348515,0.25572558387894434,0.3119130200756457,0.4309333744997682
