Country Name,Albania,Angola,Australia,Azerbaijan,Bangladesh,Belarus,Belgium,Bolivia,Brazil,Bulgaria,Cambodia,Cameroon,Canada,Chile,China,Colombia,Costa Rica,Croatia,Czech Republic,Denmark,Ecuador,"Egypt, Arab Rep.",El Salvador,Estonia,Finland,France,Georgia,Germany,Ghana,Guatemala,Honduras,Hungary,India,Indonesia,Israel,Italy,Jamaica,Japan,Jordan,Kazakhstan,Kenya,"Korea, Rep.",Kyrgyz Republic,Latvia,Lithuania,Malaysia,Mexico,Mongolia,Morocco,Nepal,Netherlands,New Zealand,Nigeria,North Macedonia,Norway,Oman,Pakistan,Panama,Paraguay,Peru,Philippines,Poland,Portugal,Romania,Russian Federation,Saudi Arabia,Senegal,Slovak Republic,South Africa,Spain,Sri Lanka,Sweden,Switzerland,Tanzania,Thailand,Tunisia,Turkey,Ukraine,United Kingdom,United States,Uruguay
Albania,1.0,0.020866158733908267,0.04929653530010083,0.019120492608099438,0.019414880509219364,0.018726478381629483,0.01963372652996797,0.018720779839818544,0.018692728508673342,0.02174355055588013,0.025721392047301807,0.02030093039753674,0.023155477670393523,0.020865962712239314,0.018745508174805584,0.040517672732115595,0.017531681650428992,0.049477910711423836,0.04194892900993,0.025181795567179012,0.07020764550155849,0.02517628069336302,0.01890730477089396,0.07796731697300266,0.018839347358069528,0.019428462534424727,0.05111476861177159,0.020470860418052475,0.01862364845056441,0.0534944271773362,0.023340565991487764,0.027732738990552327,0.018601709674374026,0.027326993921539096,0.050633747935747014,0.028514824820969658,0.024015307113840093,0.02958302283462441,0.027960673957463683,0.020421128453173593,0.01871970954649974,0.024198244500639992,0.019876049767317272,0.02941472636429591,0.060491584955830215,0.028426062023111,0.024909759267070848,0.03270498775431395,0.021369681555890918,0.019578115324393606,0.020377868474750132,0.0692004117125416,0.01885967191012799,0.05228588653378805,0.020340144761670342,0.036151098445533415,0.023725566316447223,0.019662759106394975,0.03876383953256428,0.02030414879079107,0.01572055554393836,0.02995044805962339,0.020542264727004607,0.02721882011255046,0.018699766822286024,0.01909743919855746,0.025384780919482045,0.04446664414088962,0.01917250608600281,0.02251535743937647,0.038387844429689094,0.024227795625718883,0.01909639485210717,0.018867200693587355,0.020027093123949093,0.021351603669020718,0.024255024646331034,0.018939604714246553,0.018741121901974064,0.019880375574790388,0.02093575733526357
Angola,0.020866158733908267,1.0,0.045721102149982325,0.009984768003878097,0.0120817224869,0.01583899778469517,0.014552146468146024,0.011092100082689512,0.008483915085447748,0.017669357799836822,0.01046809428624843,0.011473500219949619,0.014785967162251728,0.013015608208706958,0.009906727987841065,0.03274121384574396,0.013298371834478146,0.04626750947521532,0.043877464828361905,0.014412769406015043,0.07417169280779547,0.01457584538392445,0.007336286456728517,0.07217396474314007,0.01029148408310335,0.01255604846131435,0.05053951192987272,0.0122323477351084,0.007845186709236172,0.04610827834970523,0.011096174934404485,0.024340662318462016,0.010833840120856171,0.01847713721096565,0.0442971577197133,0.029248495890746438,0.016518511477036604,0.029328449633282083,0.030969845690632075,0.012443421528944787,0.009103760609033892,0.021790586518892992,0.011776330417824275,0.020666220087514835,0.05837622168714256,0.016591444028014025,0.014132131759725499,0.03534241030616049,0.0147683997061843,0.012201099586850875,0.016874780201506585,0.07020092774265513,0.008031158464532348,0.04981604624790437,0.01384693779654427,0.02634732075855996,0.01511065289011286,0.010325871463016846,0.032535830563956016,0.013842645878186661,0.010034832181358363,0.03469033179658263,0.019997789737060793,0.02332595755461576,0.010800925245787896,0.010439543138259072,0.028787293732335004,0.04572390486643731,0.011535682238727694,0.019012131944772952,0.030699082455945634,0.014054442033211585,0.012336727054533779,0.010905390361614345,0.013130513926846417,0.01460273721101106,0.017353524897678854,0.010614118610396512,0.01645226074315153,0.011686107913164007,0.01662033516624803
Australia,0.04929653530010083,0.045721102149982325,1.0,0.04127050131371653,0.04259624314736005,0.0399221545536918,0.045417328329960344,0.04196676400573967,0.04183956655816928,0.04117497282306411,0.04834725577309374,0.04405425045900162,0.04195088514155156,0.04704080291686271,0.04157565722162896,0.04899815602932487,0.041072194031958116,0.0713839169735553,0.04989903500868384,0.03907318009064051,0.08647805865855547,0.048201872419315776,0.042401039208486056,0.07491694577044697,0.04186821759548364,0.040516117107504614,0.0396329547086754,0.04065359680425067,0.04338774374569968,0.056604743291483225,0.04388963893006969,0.042315678596270424,0.041361160152375745,0.05332646685092785,0.036018007152003685,0.04516513896217268,0.040415636911771864,0.04659688703225294,0.05842767393979107,0.042031002097635335,0.0415283701913351,0.041145708395257004,0.040384935199804746,0.050558982206762776,0.06823986179631153,0.05318430630458877,0.04092923283565486,0.048861833703703964,0.03942677142817463,0.04062847489604628,0.04442401216027692,0.07128485587817199,0.04213927334730586,0.06337767639233788,0.04071835839305055,0.060345647618102176,0.03654890105496015,0.041815179628472886,0.05143890408838495,0.04147268262131329,0.046557017759920674,0.04541373055443107,0.04558629695789361,0.03973482679226475,0.04113508247970979,0.041214997640092364,0.053693889034959356,0.03978231136355993,0.0412870739791108,0.040834761896724366,0.04817324441669393,0.04240408635458804,0.040740039715725124,0.04763429163141389,0.04596886373736539,0.04455217315707742,0.04511031087212295,0.04155123835263263,0.04328816882381844,0.04120899681263524,0.04013420250152345
Azerbaijan,0.019120492608099438,0.009984768003878097,0.04127050131371653,1.0,0.003922705235488848,0.006741944813603145,0.008775380681237252,0.0060146395931548234,0.0021553178941159062,0.010464378624513897,0.012634241472338097,0.009341604698237598,0.007476381712560308,0.010360061285105126,0.0008693326438477378,0.03281745901906139,0.005867567494353474,0.047673438280296146,0.04016798800053606,0.01255782177696112,0.07063843801726075,0.016504860374688613,0.0026935802421038805,0.0711182686575897,0.005255342504646523,0.0028444978811195125,0.04660575038059799,0.0037936348550730707,0.004379121058416228,0.04290224359707899,0.012344373596314738,0.019112015089381994,0.0017777366329332104,0.022075891402070846,0.04431408126796698,0.022005214393479623,0.00907468964343588,0.023773846284245545,0.028528056464270677,0.006852635504546147,0.0036646758506241827,0.012925356536918682,0.0034768647774019276,0.023254108421593974,0.05609546400062195,0.020043773846288915,0.009807374143260179,0.031616482049936764,0.009278087015032205,0.0028600688421239625,0.010510471857111594,0.06593508033073277,0.002019985273116416,0.04908170297470218,0.005098592842813571,0.02840426909899256,0.010334232861280148,0.003663388795286797,0.035129318224978966,0.01015260962786372,0.010319425081469094,0.028985037109744746,0.013679060269253931,0.017758853541437778,0.0012433973548368756,0.0008712542509969449,0.026606638078560806,0.041013854518076355,0.0023989666643782037,0.010734266355148991,0.032127801528013276,0.00682148347875082,0.0024436449558452966,0.013396110359207757,0.013644747419050004,0.011179947658988993,0.01101061520625142,0.0019251545235640282,0.013838047674782607,0.0028347454314142204,0.010033664833540047
Bangladesh,0.019414880509219364,0.0120817224869,0.04259624314736005,0.003922705235488848,1.0,0.006817913902190819,0.007651680730594986,0.00704160290216829,0.0048750346948268014,0.010152728081839531,0.013799079870857451,0.010896865049348788,0.006967753056056298,0.01155547478458195,0.004096150352561833,0.03309260694510123,0.0065680758708958654,0.04806801650763561,0.03998780435970009,0.014544617589180322,0.06993214959589944,0.016891836086207136,0.0055237103533529175,0.07094402534450447,0.006730142358791767,0.003590527825730085,0.046589906599264784,0.005133160627720273,0.0069697497741377625,0.042810913220937344,0.014882131044518743,0.01875890718742206,0.003964910007211735,0.023584212911963835,0.045056421663042336,0.020872358736592888,0.008872783547915465,0.023525186621186234,0.028310184712386336,0.007889772632431917,0.006708295202373254,0.012192394219288732,0.0050936891383847405,0.024172954507618374,0.05581037663796641,0.020486695852404712,0.009577599431996865,0.030878152481968797,0.01049341537989524,0.0036909208558665216,0.010248932223850217,0.06488949080779895,0.005015609164675481,0.04942458797288033,0.0047084108438607605,0.029595366957549,0.011898080698999395,0.005238796863782641,0.03686221459820923,0.011545339064477562,0.012335085388859792,0.028311248831771284,0.01361427129607285,0.01771788054199559,0.0036365967250773018,0.003732187328242162,0.025346669566730106,0.040808676291694164,0.003076665965331257,0.009175408294558667,0.0334448948434131,0.0067749445828395,0.003664790873412004,0.0155078068190067,0.014462390560072683,0.012666415874231769,0.00983803509426005,0.004277950407416783,0.014632017233472962,0.0031189920794395588,0.010776206045523658
Belarus,0.018726478381629483,0.01583899778469517,0.0399221545536918,0.006741944813603145,0.006817913902190819,1.0,0.010445752887494872,0.008778296139906527,0.008091825202438356,0.009334592258485036,0.017536709743309332,0.012368450522663877,0.010279589313481245,0.013458011940406491,0.006723933429201208,0.03376487898655573,0.005842625865070214,0.049503562949051796,0.038293894761620685,0.015796781170302795,0.06788981516768292,0.02000522433252417,0.008953241315539798,0.06937286709325666,0.008467577748112845,0.005157166885186753,0.04609339982846441,0.006389211206533966,0.009440213998633972,0.044115555345139584,0.016711389893079263,0.01864296338482144,0.006036842605497133,0.025549988920017676,0.04565332523670813,0.019853098694711534,0.009840421409007719,0.020133773590626812,0.027637896778871615,0.009227650132321482,0.008277030376026683,0.009955640642071904,0.007645193651490248,0.02519762893038221,0.05379910671346679,0.0243967367174016,0.012404065223128615,0.03066362452385194,0.010503147582878944,0.006248370632422663,0.010336119913425491,0.06315229736712291,0.008340965127506412,0.051192527639897345,0.007074935152530087,0.03159114176362788,0.012716532938734756,0.008337850610318514,0.03884637665179687,0.010713882831976856,0.013025415540258895,0.025414602651628575,0.012452206004088383,0.01765853027489379,0.006068356173264384,0.00652006803169988,0.025823359385979447,0.038681253360692086,0.0063857445028874475,0.009084711024093663,0.03392721307616937,0.009244918692719189,0.005015352433823454,0.01685185119842058,0.016251885959842692,0.013257073579218969,0.012877778048923226,0.006778391295003387,0.015099628686911106,0.006492327355155703,0.009653500138660332
Belgium,0.01963372652996797,0.014552146468146024,0.045417328329960344,0.008775380681237252,0.007651680730594986,0.010445752887494872,1.0,0.010028407471958819,0.00966366770481321,0.013332898430663665,0.016558915517440584,0.014268322739038473,0.008848823034037685,0.013705482981666383,0.008792658016179214,0.03619532041047095,0.009520136109625198,0.04726361384300133,0.04186689140687534,0.016994851828838656,0.07106187319460089,0.020652525503413538,0.009619204581628439,0.07242437783084879,0.010055272956113725,0.00847023844403842,0.047139315948012454,0.009980696393849757,0.010725989531663966,0.04283666746688886,0.01640670950206998,0.0194847442771532,0.00851374647550913,0.02544970029278889,0.04912427871897134,0.024255189921087453,0.011440903367419214,0.024269495597845935,0.025421063229695784,0.011789287255970723,0.010654786932292796,0.015113902152858526,0.00923517429864424,0.024587313105110527,0.057051372333794544,0.023323763117986767,0.013410062308223574,0.032847344649003796,0.012197575807954275,0.008493445077836984,0.012861306204982593,0.06712257757958888,0.00931751538700152,0.049259628992636535,0.008961632524383433,0.02930185909678613,0.015068881784270283,0.010165592165680118,0.037238485318035294,0.013190270850206829,0.014963895727252114,0.029035886116598422,0.014005559399388039,0.01926146165597418,0.008616892795642732,0.008684467471527473,0.026564052233165228,0.041240652477699175,0.008245889611804936,0.012201314215188663,0.0345629679913493,0.010488527240042464,0.008544776081639576,0.017834972385288392,0.0170614420194045,0.015364014955512166,0.011910346706055066,0.009030224780611726,0.015827598024640597,0.008391325622940485,0.012947484978099569
Bolivia,0.018720779839818544,0.011092100082689512,0.04196676400573967,0.0060146395931548234,0.00704160290216829,0.008778296139906527,0.010028407471958819,1.0,0.005934248042016403,0.013818134792815491,0.014737544419810766,0.011835535056977393,0.009716611514837553,0.010992025207390713,0.005626524702554878,0.03434013705358207,0.008934243647150054,0.047416067906119685,0.04110591993803292,0.013197969439328936,0.07045736277651428,0.016253222726813853,0.006078127464486672,0.07307687283089594,0.0073569961564171294,0.006543189621846109,0.04662545267622176,0.00722147047249488,0.006805033143482666,0.047079232744969834,0.015992999643209663,0.019351668851186027,0.0056328423780402075,0.02517289015241002,0.044917764507750646,0.02350346472202484,0.01166208249039812,0.024318243495161394,0.027613519665294635,0.009983888614420157,0.0067281418441566794,0.01425901845845133,0.008094606884467994,0.02164006728924878,0.05375347800431313,0.021129265310030534,0.012333472739793475,0.02745895060395313,0.012311325736817353,0.006711677066424751,0.010526446814930767,0.06704777342466556,0.0058625868678544805,0.05008177036996078,0.0076673689237508605,0.031073556590291852,0.012498068114917429,0.007374835099385862,0.03362776874337354,0.011028770250716231,0.011507361971270905,0.028363513341374602,0.014276913542016453,0.019553053835787416,0.005671141725101281,0.005830631104761544,0.026237809024231246,0.04128974953610845,0.006277104055915381,0.012198014911977383,0.03229229251427137,0.009195837375423798,0.006322540436717268,0.013527732606016458,0.013010627223074493,0.01318973698891772,0.012455618763841717,0.0060049344263681794,0.014992021840191981,0.006747015639048819,0.01119541921664838
Brazil,0.018692728508673342,0.008483915085447748,0.04183956655816928,0.0021553178941159062,0.0048750346948268014,0.008091825202438356,0.00966366770481321,0.005934248042016403,1.0,0.011192202971129507,0.012523177072792383,0.008982809281020921,0.008542882139226129,0.010386680664021606,0.002272078751087092,0.032201791982244765,0.006789564700025937,0.04717539427481779,0.04090301797449055,0.012437960993551574,0.07122709137091628,0.015794775253658536,0.001666323301310077,0.07123797297519356,0.005948388981764105,0.004366820153775533,0.046954860918683734,0.004894269887306232,0.004201706594926585,0.043561532752352916,0.012069495069805241,0.019853576448744244,0.0028053115638779114,0.021227307100558923,0.04376158416549099,0.022822290874422467,0.010120984080824524,0.024027521497867646,0.02839283810866021,0.007090264981689842,0.0035611809672418185,0.014128872994490865,0.004918997311503242,0.02289802352186566,0.05581266638422058,0.01867931323071245,0.010114491543150318,0.03148246931171546,0.009700762479246887,0.004244597478908685,0.011113936608060922,0.06627231040672929,0.00134269036098972,0.04901223364555954,0.0066887116399764685,0.028512164235334973,0.010333884210409743,0.003950413848002684,0.034476877803603624,0.01041566417204135,0.009330534125238996,0.029305347609410396,0.014116754295109708,0.018520660352902736,0.0025552110754271523,0.002449390288045627,0.026389659455276746,0.04124902540596237,0.003576737350489876,0.011968838297271663,0.03179706548091015,0.007999386956956789,0.004156582642417922,0.012161270087602013,0.012466862541435334,0.011576483288238995,0.011995008838414754,0.0026205282008399215,0.0140824312148283,0.004244388031600217,0.0108154439347093
Bulgaria,0.02174355055588013,0.017669357799836822,0.04117497282306411,0.010464378624513897,0.010152728081839531,0.009334592258485036,0.013332898430663665,0.013818134792815491,0.011192202971129507,1.0,0.01871727488975541,0.013691235941512864,0.011593248481163224,0.015565827331417259,0.010866276020602611,0.03426942086343102,0.010502722073409755,0.05369092176282908,0.03538268909341152,0.015394444546540103,0.06937744944339605,0.022917907369023115,0.012032920195352133,0.06956330593715272,0.01213832092218309,0.00906121660285501,0.048586915937951454,0.01051345205701607,0.01357156378720181,0.0422695379512805,0.017594367300808395,0.020482792772420516,0.010164392281372097,0.025982864951117127,0.04530551932167779,0.020750614946096046,0.011826975210527795,0.02138511946048502,0.028580160158255936,0.01102702765724038,0.011119098483389982,0.010906512095814535,0.010177042355172581,0.028987107600133982,0.054365611163741064,0.023012086317304902,0.013032189963280887,0.03300074348257613,0.013224744305436457,0.009502569049858037,0.014133640895211604,0.06300329325595734,0.011598055497112958,0.04738188859756555,0.010451628077009136,0.03187849311564337,0.014642505258110715,0.01123298112159111,0.041307383059174974,0.015376399153118794,0.015455349013443882,0.02646815812699465,0.013795730710463092,0.020191624140546597,0.010046029392763183,0.01027601999416989,0.028214606833367507,0.039696721673158526,0.010147293752054436,0.011544665305891568,0.03414680180396262,0.011151256068790185,0.009508188211558658,0.01779965146723497,0.01895817840444907,0.015738671857874257,0.01391769496887563,0.010967250447314366,0.01835004550311432,0.01058563368612392,0.015162333525811023
Cambodia,0.025721392047301807,0.01046809428624843,0.04834725577309374,0.012634241472338097,0.013799079870857451,0.017536709743309332,0.016558915517440584,0.014737544419810766,0.012523177072792383,0.01871727488975541,1.0,0.0129676037730305,0.015024258622283267,0.012362684749947592,0.012556908272398632,0.03716760029388184,0.015738490184331877,0.04783273927376842,0.04245023605998349,0.017179134071616135,0.07225172534109443,0.015928027027844766,0.011376972727305139,0.07391590938110543,0.011749881378890584,0.01472467588627587,0.05336842509609932,0.014343619420609958,0.010236732788325527,0.04522913900803559,0.01251946349721396,0.025941722960829344,0.013687233742290231,0.02171281003642944,0.049546501685070375,0.02778229418802469,0.018224535446687052,0.03197907240366798,0.03378145484462356,0.014126400305967915,0.012345628195503404,0.022197099140672753,0.013425016812161928,0.022836519109535772,0.06004530251391695,0.018447112798533526,0.015295367916436766,0.03785521919568338,0.018062406237989197,0.014417986554689509,0.018016026639079703,0.07271396058496801,0.011700276281280706,0.049320391119781065,0.014908327132963002,0.022692204614657707,0.018278292525407504,0.012417993219838115,0.034310647170338694,0.0172484123540542,0.015875919450180756,0.03864185729220497,0.021390732427056663,0.023110476304975692,0.013624040387084502,0.01304218699737809,0.030581424870444823,0.049471132854036204,0.013852405693939527,0.018895370686952656,0.030941453577411408,0.012471899190557108,0.014306570936467762,0.01588708275496128,0.018995563951616147,0.013027799920739542,0.015143346802540682,0.0133548283994393,0.019553305066539624,0.013796084558320501,0.018387291947755742
Cameroon,0.02030093039753674,0.011473500219949619,0.04405425045900162,0.009341604698237598,0.010896865049348788,0.012368450522663877,0.014268322739038473,0.011835535056977393,0.008982809281020921,0.013691235941512864,0.0129676037730305,1.0,0.01434445019641634,0.013659081158642632,0.009674591000742687,0.03442124034897338,0.010845625837499604,0.04730037852796692,0.04133959912510663,0.016156019370524122,0.07123460735192426,0.019062025231182694,0.009089037168768747,0.07161989270045582,0.011332362798268727,0.010912232034265536,0.04948534599320554,0.012415202211968943,0.008801757149176177,0.04613180434330744,0.012796463645697876,0.02816430073204938,0.010255709035597525,0.02313797693488178,0.047248689845666436,0.022223770676892782,0.015527896595727612,0.025882943363978533,0.030571484376040858,0.0044060822880919075,0.009477328063071602,0.01819219856541384,0.010885754906300713,0.026143090933277057,0.05535173019485421,0.019667317074082747,0.01515387271556287,0.03276622889188211,0.01403930159059837,0.010938043767660603,0.017086063095435467,0.0668899143424177,0.009140409641483977,0.04664416338908518,0.01287327414733557,0.03017084636282188,0.014806103935498704,0.006681675154333381,0.03549182295780361,0.013230100353932161,0.012960261647467552,0.034788767703534895,0.017483166606254825,0.01682289823023508,0.009752597696286749,0.009793686070051152,0.027857352463805,0.04271248421702157,0.010349820828617145,0.017064543684578156,0.030387607101323558,0.011877889534008585,0.010498501654044702,0.01440002432170746,0.014658927872011736,0.010413207822192082,0.014533038159758675,0.00986132687471322,0.017793300402402592,0.011341445047821145,0.017101100973041197
Canada,0.023155477670393523,0.014785967162251728,0.04195088514155156,0.007476381712560308,0.006967753056056298,0.010279589313481245,0.008848823034037685,0.009716611514837553,0.008542882139226129,0.011593248481163224,0.015024258622283267,0.01434445019641634,1.0,0.010734418175255828,0.007603869960409813,0.033429681569478197,0.010183588597372777,0.049204242400744475,0.04094182919240094,0.014563376997843809,0.07140908527589744,0.018097690158320703,0.008887417495576795,0.07465010779871464,0.00978766311110145,0.006495659807925548,0.04636548737453695,0.007097830720147158,0.010389837489528134,0.04102757838850476,0.015209085878070386,0.01725028517623313,0.007029763968247983,0.025250388158421636,0.0446992360504646,0.021647161316822847,0.00957109907375466,0.02412569530639956,0.028514999194706583,0.011390005286377297,0.009747566070399376,0.012115662281782864,0.007139745195803487,0.02644407572993875,0.05606023023615247,0.0218386620629988,0.010751024172494407,0.03164600135930855,0.012074543254040343,0.006393997136301963,0.009537351128024304,0.06886000335364052,0.008446345532914195,0.047273768334318775,0.006126733069634411,0.02794958132235746,0.012821110703663999,0.009048036029950985,0.03485845378931494,0.01525702450427833,0.016173498626581774,0.029382333205578825,0.012408898840860714,0.0183696193053647,0.007230328971206237,0.007100923880055672,0.02753535957389821,0.04122561371091411,0.006219233471222358,0.00849379647157513,0.03423267463273769,0.00570139541466323,0.006750815762984283,0.017738128048940656,0.017793960805479837,0.013174916842735158,0.008297339744913477,0.0073523450626817016,0.017230321876292125,0.006907792793476976,0.01118050482353181
Chile,0.020865962712239314,0.013015608208706958,0.04704080291686271,0.010360061285105126,0.01155547478458195,0.013458011940406491,0.013705482981666383,0.010992025207390713,0.010386680664021606,0.015565827331417259,0.012362684749947592,0.013659081158642632,0.010734418175255828,1.0,0.009941149004321111,0.03442005866677624,0.01267674178914578,0.04896018265514724,0.041788613357442994,0.016877114247511125,0.07054330977186199,0.015488285672840873,0.010020539080461296,0.07896096417923541,0.010897891580239334,0.010973046096445211,0.054282601674310205,0.010839674119896866,0.009869122686801672,0.04746193399957711,0.01552533850534822,0.02105953884486652,0.009869932794525244,0.021525359106334168,0.047614707688075505,0.023886653079456567,0.015160767307495741,0.026497832836411925,0.02758745418289721,0.013330608933185915,0.010260645797424282,0.017299808564038108,0.011865022654670508,0.023602155221663812,0.0556496474849237,0.02170593303338271,0.014383954929984072,0.03095489559157547,0.017686221646809244,0.010945852527186108,0.009803904433958845,0.07203144770265862,0.009972800104891884,0.04876784529342441,0.01097298786449984,0.023315894037797037,0.016947745135057767,0.011329534333994147,0.03469738062398927,0.016416332351925737,0.013146312859434394,0.030960270757213297,0.012768641833625605,0.023845746485846878,0.010451506933802838,0.010272545367605712,0.02771633723341052,0.0484630450459981,0.010716212833605425,0.014171003590029785,0.03473834222517904,0.010200434329837915,0.010712020486961729,0.013751236790632232,0.017719517262688337,0.01152732027389008,0.011217641852037245,0.01004101430896948,0.017001905385810416,0.011095774441584334,0.014051859364354977
China,0.018745508174805584,0.009906727987841065,0.04157565722162896,0.0008693326438477378,0.004096150352561833,0.006723933429201208,0.008792658016179214,0.005626524702554878,0.002272078751087092,0.010866276020602611,0.012556908272398632,0.009674591000742687,0.007603869960409813,0.009941149004321111,1.0,0.033025077571851094,0.005936912739725001,0.047668093131903726,0.040118155277597496,0.012720454264311905,0.07057632149861497,0.016195558922935796,0.0026216577449714043,0.07142591877044777,0.004859520901102455,0.003054351480234827,0.04685662941181638,0.0037051025081480133,0.0039484457426800425,0.04321221214669484,0.012424413319891994,0.018813703449471406,0.0016227908017121748,0.02198691808049736,0.04454629304886782,0.022179788290945933,0.009333514164497837,0.02379804023933875,0.028271851100475295,0.0073655577362326564,0.003566923781204424,0.012966322036195167,0.0037856950333056043,0.022921971028375447,0.05610624737224374,0.020171567377214535,0.010107520767388741,0.031490990562362396,0.00957180952753415,0.003188898004702311,0.0101089775296368,0.0662480057415914,0.0019516282132627004,0.04935125229622787,0.005116389999527335,0.028130210981175213,0.010669731489395193,0.00409295914671018,0.03492446739576464,0.010158563289744776,0.009940323964040034,0.028882660729715223,0.013565885815601104,0.018168990680150415,0.0014197884719063841,0.0010430152025784794,0.02638738054235052,0.04129008801034612,0.0025658437440062845,0.01073428119596991,0.032353520870677895,0.007011093733585196,0.0025312010478679443,0.013138772794855933,0.013525429104275857,0.011183837405715543,0.01106460968927504,0.0019175219085191164,0.013646147448752033,0.0029747834647905406,0.009814366145875376
Colombia,0.040517672732115595,0.03274121384574396,0.04899815602932487,0.03281745901906139,0.03309260694510123,0.03376487898655573,0.03619532041047095,0.03434013705358207,0.032201791982244765,0.03426942086343102,0.03716760029388184,0.03442124034897338,0.033429681569478197,0.03442005866677624,0.033025077571851094,1.0,0.03365498879313,0.05356590984201119,0.05928549883131109,0.03555587961612623,0.07425470567364209,0.031712329785115206,0.03251983966404488,0.07252772551619996,0.0348355880926191,0.033017249021433964,0.057858551407950536,0.03247632167872593,0.034175652767649146,0.054797728898582414,0.033320691622287096,0.03822654124978994,0.03264342074405319,0.033301335562019745,0.0343577039566776,0.03804875460718545,0.034405725355230045,0.03102009582622613,0.04570505912900355,0.03328428555375616,0.034252308266388455,0.035626811876814796,0.034022257721903426,0.03862134919762694,0.053843199844522155,0.035740913367448494,0.03231105933125343,0.046924243820215754,0.03264806893067506,0.03340538844433881,0.0322311773215938,0.07334024191978486,0.03258456136124737,0.058786975087076705,0.03409895017958451,0.04111856870172046,0.0348292025393325,0.03368720639225444,0.04939719559833665,0.03396002353219716,0.033544695303291315,0.041141947075908424,0.03297847248743794,0.0385401095399369,0.03280605464483164,0.03294228377442857,0.03854954429481542,0.047993721871578965,0.03266940728795377,0.0336262888548313,0.04515646795345256,0.033848543614888135,0.03331123794060717,0.034429005922064444,0.03360404701654845,0.033897902835449585,0.03686663841796184,0.03257404393506592,0.03475637443494774,0.03283471565821187,0.035069921897551294
Costa Rica,0.017531681650428992,0.013298371834478146,0.041072194031958116,0.005867567494353474,0.0065680758708958654,0.005842625865070214,0.009520136109625198,0.008934243647150054,0.006789564700025937,0.010502722073409755,0.015738490184331877,0.010845625837499604,0.010183588597372777,0.01267674178914578,0.005936912739725001,0.03365498879313,1.0,0.04867023894253577,0.03904980440673361,0.01570398982576895,0.06788960867190616,0.017214045851050384,0.007287623793835759,0.07096802282002981,0.007854367644323885,0.005773500697982072,0.04608497042374172,0.007300984725783708,0.008056590216517315,0.04312102194980821,0.014032999305644622,0.02002159821922609,0.0055895622906014745,0.022800779292165303,0.04486578017053352,0.02274952311121293,0.008836105077783792,0.02301874226831375,0.027135361452037862,0.008392291103377029,0.006375924778604587,0.012990715575494166,0.007357608278868199,0.02455621678756235,0.05651401643410172,0.021985328994943466,0.010851179332566933,0.03196421660650656,0.009325234590509126,0.005998726158244358,0.012019941231802781,0.06525939517976269,0.00685347629808967,0.04925260238160919,0.007654617725531485,0.029745166050222642,0.011296108004390277,0.007234011008498192,0.03676667601528002,0.010422747042309033,0.011887508082214905,0.027704351072289086,0.014247522344945873,0.01748416463379727,0.005627051612286699,0.006026059173615529,0.027484851810122814,0.03994271296553803,0.00643333738867647,0.011520898822670805,0.03497466749286454,0.00961767085020339,0.005498471562571747,0.016045763544984354,0.01402563372757735,0.012363746968778167,0.012899935955834586,0.0063013243835824675,0.01452012402815954,0.006740410926619321,0.010519043507066825
Croatia,0.049477910711423836,0.04626750947521532,0.0713839169735553,0.047673438280296146,0.04806801650763561,0.049503562949051796,0.04726361384300133,0.047416067906119685,0.04717539427481779,0.05369092176282908,0.04783273927376842,0.04730037852796692,0.049204242400744475,0.04896018265514724,0.047668093131903726,0.05356590984201119,0.04867023894253577,1.0,0.08485807348066489,0.048916049036241506,0.0746583276763349,0.04863108790750602,0.0471095407183806,0.0847725413360824,0.04979648590151475,0.048700724498929884,0.0599865809393689,0.048419819944597105,0.046929202255872556,0.07190796460839749,0.048014524325772585,0.05595533416828328,0.04784263642356704,0.05235795024940153,0.07348703192457352,0.051156604670491664,0.0512768056700121,0.054428117727367685,0.051991937873503424,0.047749833610340894,0.04854615136551671,0.05214304048025049,0.04852832356915067,0.048065988273123174,0.07189990125046591,0.043651084634111395,0.05199591856462634,0.058468123791303214,0.04580451045625259,0.04828777974981644,0.04878432971253914,0.08461479100335095,0.04724760049547048,0.06643976084992925,0.05000388014266597,0.05725440191711011,0.048660339522423005,0.047875587636322166,0.05368624654019397,0.04620116696737454,0.04802799926590833,0.05963038596332715,0.04672357308384588,0.04558761049523099,0.04783581647143195,0.04798802491572673,0.051187505548588516,0.06334271115506288,0.047777475100145725,0.04992365137127817,0.045950394520053756,0.04865198345597655,0.048406102529795464,0.04586575742762182,0.045816774168673705,0.046572874468428054,0.04929704690162672,0.04664591911180043,0.0485258196195163,0.04809210442456333,0.04703286235576843
Czech Republic,0.04194892900993,0.043877464828361905,0.04989903500868384,0.04016798800053606,0.03998780435970009,0.038293894761620685,0.04186689140687534,0.04110591993803292,0.04090301797449055,0.03538268909341152,0.04245023605998349,0.04133959912510663,0.04094182919240094,0.041788613357442994,0.040118155277597496,0.05928549883131109,0.03904980440673361,0.08485807348066489,1.0,0.04237504740262395,0.0810250756547403,0.045355492038168535,0.04096987509074307,0.08006730693431506,0.03778552090162507,0.03955523086217358,0.06421060914335518,0.040418132745381974,0.04068166671831519,0.055335629122399164,0.04214352327034675,0.04097379497987275,0.040177114792835304,0.04761501211766093,0.05681827042705006,0.043908321340665885,0.0409493903008322,0.04586431248199403,0.05152813132101438,0.040696586189781225,0.039486365712329295,0.03921937417757142,0.03948101511641699,0.050391485099468065,0.07104636503760277,0.051193483750496545,0.04000110404546997,0.05064231917500684,0.04248253689853778,0.04012930468403264,0.0421049195011806,0.07564650579785862,0.0407522379707941,0.06256859263392935,0.03905975853645234,0.04879350305201079,0.04268515420390587,0.040314511071346516,0.057120914790784454,0.04174404970281022,0.04172833994230594,0.04741353960485177,0.044212121860283324,0.04634623020143474,0.040094214979741846,0.04003412967032667,0.04594690879137815,0.05433112312526971,0.04012818836939015,0.0395403790904199,0.05510922698870453,0.04060911168890528,0.03953961781526675,0.04407006935934514,0.04502013724766558,0.04214846020288433,0.041620297354440235,0.04138409806295786,0.04317510837256097,0.0404467743039652,0.042858188859847435
Denmark,0.025181795567179012,0.014412769406015043,0.03907318009064051,0.01255782177696112,0.014544617589180322,0.015796781170302795,0.016994851828838656,0.013197969439328936,0.012437960993551574,0.015394444546540103,0.017179134071616135,0.016156019370524122,0.014563376997843809,0.016877114247511125,0.012720454264311905,0.03555587961612623,0.01570398982576895,0.048916049036241506,0.04237504740262395,1.0,0.07397119335700364,0.02068903638131205,0.01231306034131815,0.07110883546516537,0.013071853318075357,0.01298354545492172,0.04744432609386184,0.013100989328282847,0.013436691787711242,0.04789314637701604,0.016924412098309707,0.02195398237212876,0.012851073561117315,0.028245692753981796,0.044126213214691436,0.02744557552818134,0.01578497592712231,0.029000203687666405,0.02957677675492542,0.014916005291842022,0.01178460611840148,0.016567462440396658,0.012761157421744967,0.02286926948674261,0.0559800828768053,0.02128522263253186,0.017329060570724916,0.03326287031409933,0.015049213919823041,0.012714188487016578,0.018091257234499288,0.06695256756831602,0.012323831334145129,0.04433236509845097,0.014235987223706378,0.03342257983920513,0.013856079784266642,0.013851861726402365,0.035614319802919736,0.01504988841730804,0.015958315333273725,0.031167754065477348,0.01809701563161044,0.022454635993032965,0.012789183963481207,0.012594552115279475,0.031997381322914194,0.04326855126781802,0.013417757991575687,0.016488128995298054,0.029995248163519717,0.013635572004603167,0.013214222844833548,0.01400662042593367,0.0160220686156771,0.019199548485471302,0.015816333130294447,0.012734337348106651,0.01768193564486241,0.013605922388357727,0.017096522397122095
Ecuador,0.07020764550155849,0.07417169280779547,0.08647805865855547,0.07063843801726075,0.06993214959589944,0.06788981516768292,0.07106187319460089,0.07045736277651428,0.07122709137091628,0.06937744944339605,0.07225172534109443,0.07123460735192426,0.07140908527589744,0.07054330977186199,0.07057632149861497,0.07425470567364209,0.06788960867190616,0.0746583276763349,0.0810250756547403,0.07397119335700364,1.0,0.06971285244990855,0.07147608910081298,0.09873040378283572,0.07184281654623195,0.07032360178636682,0.08427904399837326,0.07063458101771611,0.07116138065373244,0.08984913752594788,0.07362787759632439,0.07153554249374236,0.07043101258634676,0.07443449226177638,0.0890313032437729,0.06444303565037712,0.07091630385526673,0.0702250311102918,0.0746331614377922,0.07058969995079202,0.07080907868176955,0.06717309152781997,0.07123306139487223,0.07369793076624041,0.08552693127055726,0.07233731896027364,0.07100533984970772,0.0733871798349186,0.068469912613904,0.07051267182818746,0.06869051939161785,0.09008229218783954,0.07125465304350906,0.08687863768535663,0.07064197130988009,0.0777293589927108,0.07239861339481304,0.0714477717848714,0.08658202030325089,0.06630098524799666,0.0706924880934006,0.07230451102977213,0.06784630812567813,0.0723031525171205,0.07047198407583138,0.07091252369045023,0.07258079353906588,0.08241720625867344,0.07050606614715563,0.06867403804682026,0.079398918686902,0.06942643421525334,0.07002651866306213,0.07106981868103238,0.07050196747706598,0.06780112708329739,0.07123913326225255,0.07041314581122682,0.07219245071470308,0.07080926939999475,0.0704232510198686
"Egypt, Arab Rep.",0.02517628069336302,0.01457584538392445,0.048201872419315776,0.016504860374688613,0.016891836086207136,0.02000522433252417,0.020652525503413538,0.016253222726813853,0.015794775253658536,0.022917907369023115,0.015928027027844766,0.019062025231182694,0.018097690158320703,0.015488285672840873,0.016195558922935796,0.031712329785115206,0.017214045851050384,0.04863108790750602,0.045355492038168535,0.02068903638131205,0.06971285244990855,1.0,0.015295980377393837,0.07695787107637053,0.016622610503369512,0.01787973907613676,0.05299951250393197,0.017153465792586264,0.015091855799079536,0.04983006207628099,0.01845928076949082,0.02549915933562679,0.016475497271181968,0.022288092020667734,0.0428554113085209,0.030906055392754008,0.02008283202227741,0.03200520318303675,0.03138768317341092,0.01921748330118705,0.01597753153395957,0.023315294424137985,0.018633849526178928,0.024428536934641053,0.05811609778043706,0.01996430619629509,0.01869340048036387,0.034822771745165744,0.020619840467682768,0.01768229013759778,0.017786551380899143,0.07339362418408459,0.015543014027424692,0.050490131235088845,0.018440169782434082,0.027833661612132618,0.021382124259146207,0.017240794392707072,0.03362102509804316,0.019917559468460508,0.017874682372057325,0.0361570804435943,0.022293616122833166,0.026705600804207665,0.01683638205039955,0.016715696073370662,0.028605795432176197,0.04932475182404202,0.016952281606145706,0.019670783711832552,0.038419008945741684,0.01711886271751966,0.017621371733648448,0.017687867198895514,0.01432797271444315,0.019111265311767496,0.01846377179473495,0.016624139696103973,0.022986477577168138,0.017549831215744924,0.019251012927926553
El Salvador,0.01890730477089396,0.007336286456728517,0.042401039208486056,0.0026935802421038805,0.0055237103533529175,0.008953241315539798,0.009619204581628439,0.006078127464486672,0.001666323301310077,0.012032920195352133,0.011376972727305139,0.009089037168768747,0.008887417495576795,0.010020539080461296,0.0026216577449714043,0.03251983966404488,0.007287623793835759,0.0471095407183806,0.04096987509074307,0.01231306034131815,0.07147608910081298,0.015295980377393837,1.0,0.07144635542571204,0.0052940697225881735,0.005283762865820628,0.04756856571094518,0.0055010891544232604,0.0032964662547062306,0.04373042754060558,0.01134752077548064,0.02001517742948376,0.003626278350948947,0.0207717742093224,0.04413431092140067,0.0238035531015508,0.010655901101371556,0.024867607801181284,0.02862122319793408,0.007663629476196776,0.0035057613298812647,0.015071615372190914,0.005228946390207393,0.02202169739573527,0.056383429903298546,0.018629927536448623,0.010270056563007897,0.032139453463084416,0.010212590202628512,0.005097196711928848,0.0114934962499635,0.06706073949961998,0.0006948720086898052,0.049079488395607065,0.007069595373232874,0.027510191238359204,0.011005865769782025,0.004486470511110714,0.03408408781840879,0.010462076535489617,0.009077182853377452,0.030101729776414114,0.014802387428169273,0.01904344524662038,0.0035011922864761763,0.003128082722168312,0.02677576952173482,0.04212014161546221,0.00447121305670306,0.01264894602506063,0.031586123255002124,0.008246187232769323,0.005001618251348916,0.011873115344128883,0.01267431768606829,0.011414397787300795,0.012198686374854096,0.0035536317747653224,0.013783487938925502,0.0047625222181663235,0.011242155237724514
