Country Name,Albania,Angola,Australia,Austria,Azerbaijan,Bangladesh,Belarus,Belgium,Bolivia,Brazil,Bulgaria,Burkina Faso,Cambodia,Cameroon,Canada,Chad,Chile,China,Colombia,Costa Rica,Croatia,Czech Republic,Denmark,Dominican Republic,Ecuador,"Egypt, Arab Rep.",El Salvador,Estonia,Finland,France,Germany,Ghana,Greece,Guatemala,Honduras,Hungary,India,Indonesia,"Iran, Islamic Rep.",Ireland,Israel,Italy,Jamaica,Japan,Jordan,Kazakhstan,Kenya,"Korea, Rep.",Kuwait,Kyrgyz Republic,Latvia,Lithuania,Madagascar,Mali,Mexico,Moldova,Mongolia,Morocco,Nepal,Netherlands,New Zealand,Nicaragua,Nigeria,North Macedonia,Norway,Oman,Pakistan,Panama,Paraguay,Peru,Philippines,Poland,Portugal,Romania,Russian Federation,Rwanda,Saudi Arabia,Senegal,Singapore,Slovak Republic,South Africa,Spain,Sri Lanka,Sweden,Switzerland,Tanzania,Thailand,Tunisia,Uganda,Ukraine,United Kingdom,United States,Uruguay
Albania,1.0,0.10526222104344818,0.37633688132477505,0.13473894332714176,0.17965301132926748,0.13051753100939648,0.14985293481211703,0.2502824175187123,0.12116060406421217,0.08879567548350727,0.09983773450300013,0.10525910083231985,0.22189737254526531,0.0895831662713463,0.08672108086033775,0.1353225121412932,0.1350395648322409,0.09069274026218649,0.1131061818072352,0.24800450555190032,0.8151585417172686,0.09533247817321927,0.18707637602735078,0.09595932914708707,0.10629083951509183,0.3094881737672077,0.10526224049063963,0.14611763954006488,0.47822627443686166,0.08483743704384639,0.4588563574839049,0.23926062230685616,0.22958069154808727,0.06403642609353007,0.10779630729819799,0.3845935241270012,0.1340612929982303,0.24854712316536084,0.21475315099499784,0.07331680207644058,0.6526083723165012,0.05432627284222163,0.10831772126122541,0.5883656851503268,0.25630474812087206,0.30767056883500177,0.18856319921736575,0.09364631107780477,0.22957938092399166,0.21684869289505462,0.0960719303798341,0.1244474023467372,0.10866527210313519,0.6930412182717924,0.09663675178707762,0.038466217999238335,0.10732947193361782,0.13884630012437355,0.4154761535547964,0.8626298217438828,0.6941410307036276,0.10665045666030067,0.10524950510102081,0.17260107060620294,0.30596449456824093,0.4171994883208251,0.1046222823236429,0.11131512208111068,0.09254237531190854,0.13298198516272827,0.6920812964349171,0.06129507847194992,0.3732043662372913,0.15925253182774168,0.22348056243219616,0.6308987423464616,0.6930412182717924,0.1083762652120626,0.24261338654755293,0.0819991732906296,0.10526224049064004,0.22740610780447737,0.735031755007836,0.553609201988822,0.09619660008618777,0.12578751251833623,0.32325521619303116,0.08795556085696679,0.1028507724345268,0.1739686585389999,0.09506801627317447,0.10442026828980779,0.07100111563903125
Angola,0.10526222104344818,1.0,0.3840261909342498,0.05485608665653149,0.10131816444340616,0.22647790155612516,0.14945913745661438,0.34926284935265733,0.021197252268235153,0.13518965782788764,0.15580870172308528,0.0,0.18722144535382038,0.03159520488715333,0.028696726413590064,0.05267192581846101,0.06513559350855386,0.02784995502047713,0.031098760422382205,0.19701266471259093,0.8490651595330652,0.016223445563584488,0.19367775497842465,0.053003446041821445,0.046778367876720184,0.3056357693793621,0.0,0.16884281976481347,0.5102858753090527,0.0444698862681337,0.588935543169649,0.3566713920512437,0.32779069569960934,0.13060562424709235,0.009552120970905817,0.4995855541764648,0.04545588455757932,0.19715283022395258,0.3039279357122143,0.052314556114614365,0.669719778137876,0.07907202813320285,0.003986956813383592,0.7091094065891728,0.3164509395777503,0.2828738571673147,0.3219716743716889,0.032486631707143214,0.32778069350672584,0.13146499292739375,0.14856041126435943,0.19637479317004675,0.17201448289665278,0.689284496519536,0.020051732258727927,0.14076823547526846,0.1036241808698636,0.14474698960798732,0.4766796637838185,0.9137009564734805,0.6826230149260029,0.07106870715065426,0.0,0.15389460772495542,0.2720934799008841,0.3785355736670454,0.02261856581289931,0.03003204190977689,0.021466499839695275,0.04392784499144333,0.796671696314666,0.07899982645532441,0.3872451260507592,0.15061019055445835,0.3083485744914227,0.7626734649633158,0.689284496519536,0.005340488176708934,0.2016180267495549,0.08794918119323163,0.0,0.32028059228121525,0.814361111363001,0.6095642299749684,0.017465425625082073,0.02383960657944049,0.45033020892585224,0.03569579667820986,0.005645316294300083,0.14378830898481787,0.058721771070978666,0.21083697795707443,0.03922587484126282
Australia,0.37633688132477505,0.3840261909342498,1.0,0.5037604949581697,0.444343030309876,0.964980767165129,0.8437891444722213,1.174277542946687,0.566767504584598,0.8315907896167325,0.8546860220634194,0.5976573992626694,0.29097321503610013,0.6522555682834325,0.6434149853437382,0.5068313210096858,0.4862206559798364,0.6445842189554981,0.6441674638505359,0.296836288800611,2.1713482887140865,0.5951879443031564,0.40543873614128434,0.6929897141144328,0.6789153316622137,0.1167065419089847,0.5977143391874432,0.8307166808435328,0.20965528534271616,0.6747652485922788,1.2049802663469718,1.1278338014039417,1.1410852182631948,0.8074021621295165,0.5813157327937192,1.3089705574940127,0.5215891806556633,0.3037044614182467,1.1217699071799399,0.674205791569778,0.5362441927829827,0.697942650857766,0.5918651068552169,1.2315107912836196,0.9313503200626484,0.1698539181173341,1.010247483143751,0.5935670965451998,1.1410784169984627,0.5483791720195442,0.8570062442224566,0.9365205555567023,0.8994838131261647,0.89087347671907,0.6329908932348386,0.7858508920077499,0.6657990596888786,0.8611555227855086,1.225556385728035,1.9622929238847588,0.638226157035078,0.7248724907316382,0.5977217388669506,0.3765436836217246,0.20904505427421455,0.36045586623225945,0.6299036148748127,0.6373773814592737,0.5900334389421715,0.5237056114443829,0.7098069876123801,0.7227990703027156,0.08606488090896476,0.39823367891493994,1.1317068064336195,1.0099232618669856,0.89087347671907,0.5885237793196377,0.28281035955490463,0.7231932812771037,0.5977143391874413,1.1396305563629825,0.6344463791046367,0.6713359835757293,0.6277080456189266,0.5730777628612552,1.1835775310754693,0.6593661011483166,0.5995343640507399,0.37189557179189997,0.5424280273863505,0.912506737385746,0.6314771035458678
Austria,0.13473894332714176,0.05485608665653149,0.5037604949581697,1.0,0.05642484581363183,0.30098642674922815,0.21725350202882915,0.43704487312848744,0.04289702114558618,0.20440647470002055,0.22529823517264908,0.05937779013415609,0.14468453951604676,0.09310793173130212,0.08874831715264309,0.006424795064090609,0.015886809609461858,0.08895434861371214,0.08829691269964307,0.1548086576711444,0.984410230360869,0.05991045005786835,0.1707101819887021,0.11661221664897323,0.10853323982834961,0.2758779498628355,0.05940842113597997,0.22809909813220589,0.5046572748179439,0.10686146296049993,0.6931297038629272,0.44218488187194754,0.41343883619544086,0.19638543155808003,0.049499721164742896,0.5981182937858592,0.015007796167327577,0.15812541917389866,0.38807311161421787,0.11217796125977493,0.6685180950327785,0.13461509849931144,0.05573493180858643,0.8222303257442736,0.360080010787956,0.24774480000373442,0.3967880358981463,0.06619941865396786,0.4134290347928702,0.12302229160192119,0.21907777672422013,0.2705761979943144,0.24427836957905333,0.6907119643477504,0.08100183048991212,0.2001394438447324,0.14689973131528739,0.21515456568497954,0.5289050197975831,1.0618004295977554,0.6735870000001509,0.13541544507925365,0.0594085138335605,0.12077741965921249,0.23582002017518414,0.35700315993744064,0.08074408593763273,0.08361277338156418,0.059182626247015306,0.01636061101819743,0.8568175778614933,0.14102655640988773,0.3665476850257433,0.12057935090421076,0.39293644510469894,0.8641789835956167,0.6907119643477504,0.05373942944191086,0.1596299373579637,0.14897047039266972,0.05940842113598011,0.4056756344517823,0.868666162026644,0.6268639138756905,0.07799469040411665,0.046957234037732595,0.5437133974334577,0.09747198899199487,0.060396563185388746,0.10301158134897721,0.05700769939930138,0.2792900022868014,0.08892506677985651
Azerbaijan,0.17965301132926748,0.10131816444340616,0.444343030309876,0.05642484581363183,1.0,0.3858715029819456,0.2801625454445516,0.5288721668617233,0.09692249322070907,0.2783602187464765,0.30125638376431063,0.11934305167848275,0.12708415920193902,0.1563829810431317,0.15307575188667155,0.061857086120609354,0.06270436661928906,0.15207508015329768,0.14284190005140682,0.11701321689549339,1.0785076643873766,0.123966397643282,0.19624009061509295,0.17842762097559403,0.16656608435631806,0.2717478910982242,0.11937897070279754,0.292649279207203,0.5229808952198897,0.1714100247749554,0.8002017182141437,0.5379144983610453,0.5040964154685168,0.2726451293293846,0.10998121463691841,0.6995836733208294,0.06674503147547205,0.12579997852495434,0.4756225628273928,0.179967254305301,0.6777296191801334,0.2061629210784054,0.1147702872115651,0.928876094801785,0.4266446866810086,0.22571439881334449,0.4923991508148726,0.13035044458394446,0.5040863948224932,0.10576409727189345,0.2939617692335998,0.350290129645397,0.32151665048517897,0.7005976075938373,0.14238816563277107,0.2793931697727521,0.20687761388405254,0.28005287226479225,0.5980501758568085,1.165424816267504,0.6609011179122958,0.1956540096273509,0.1193791788965496,0.13620666657967534,0.20724290395483014,0.3303931552421284,0.1389575373289016,0.13881584904151428,0.12454001576588848,0.06874030974918659,0.9245213902761523,0.21182928555780384,0.37281233923943685,0.14622112836794304,0.4798090279692408,0.9657568650172189,0.7005976075938373,0.11307515378875607,0.13330077103738666,0.21764162832426293,0.11937897070279778,0.4946800403241485,0.9344702943611028,0.6758926604814336,0.1397434151925409,0.09652170818358519,0.6462332256669315,0.1611552246549053,0.12129820600395262,0.10948524707962937,0.11944903528742735,0.36363281121180596,0.15737823194633394
Bangladesh,0.13051753100939648,0.22647790155612516,0.964980767165129,0.30098642674922815,0.3858715029819456,1.0,0.12278521099963324,0.1015005656797153,0.18629510270572666,0.07401408720050798,0.07491475096550405,0.17112622146418588,0.2898566161028316,0.14844252958122112,0.14971016282127536,0.20701076234843604,0.2109977086632377,0.15104494273793792,0.16315878774183876,0.3084036779956877,0.6049930186580476,0.16754361570737067,0.26098075763974965,0.13892431825312107,0.14915433773589362,0.35984059428050735,0.17110904720636233,0.1356685166955872,0.48333403195908836,0.13919884799930268,0.29512977794695133,0.10156769486022664,0.08394777324692201,0.07302003507218086,0.17648262646140028,0.22555078607931034,0.2035264761477485,0.3073862143200048,0.07230953631146471,0.13314658935496917,0.6475117335099764,0.11995299748814575,0.17410762549643918,0.3970751040730307,0.2417388431510542,0.3585533325196432,0.10068216801995843,0.16732495573870498,0.08394741138021447,0.2606632481374182,0.06564978209230646,0.035642753599503606,0.049129849974983875,0.7179780289674869,0.1574152536409317,0.07812877070372658,0.15560269629610443,0.10764474884958329,0.3762685781363108,0.6210088196393215,0.7014502404279085,0.13468623369370078,0.17110916180356545,0.2490501276286234,0.3568250866270733,0.44750213579605236,0.16206451683558515,0.1645645385934513,0.1675828653420283,0.20239951103106543,0.5629038893573342,0.11180941663258374,0.4087481328849775,0.24078881425323295,0.08248813052787332,0.4536028344130524,0.7179780289674869,0.1749765309550865,0.3066956189530906,0.1172301093204349,0.1711090472063631,0.08315818858081546,0.626706702201418,0.5482268808067213,0.15870937254272527,0.18792396829560756,0.1741342653931083,0.1455161001091875,0.1693852444587573,0.25142710724849954,0.18184654483839932,0.04016874885174057,0.14716162397630347
Belarus,0.14985293481211703,0.14945913745661438,0.8437891444722213,0.21725350202882915,0.2801625454445516,0.12278521099963324,1.0,0.20735440241492145,0.1375890176604189,0.07197765528265357,0.09181605838603624,0.126716417045672,0.27831033467021504,0.1051308744174463,0.10945025436922527,0.1675227949102535,0.17910862534767447,0.10714064139414978,0.10583599926931289,0.2836095015363094,0.59636801787105,0.13284271651992538,0.2752890616165073,0.0869080513880516,0.09076193207269231,0.3693563802784986,0.12668485838075522,0.11762515206741239,0.5223915720447941,0.09721036971466082,0.42715341366183907,0.23369337915950317,0.19232091492850154,0.09363929262640167,0.1342718500838018,0.3368275634354025,0.16084301363789805,0.275850207640783,0.16951081454841127,0.09808033956640685,0.6552534151335772,0.10645944883086328,0.1289996528983124,0.5078735561112835,0.2846268283497953,0.35457423038029995,0.23958894459499147,0.13485441852676897,0.19230823496586663,0.2019163300688938,0.07620117050067547,0.09743344498306836,0.08640011468562743,0.7103147037827592,0.11189542558952675,0.12397376224341622,0.1232353408483177,0.03778179733442421,0.42003728139116653,0.6311087923148527,0.6985343158434142,0.07332283705363796,0.12668496903300572,0.24254416777426682,0.3452044584386861,0.41815678495423236,0.10920142223961207,0.11168849969667288,0.13586370404718615,0.15926990896583398,0.6673765862415656,0.09207257039842602,0.4337841752418818,0.2421765791567196,0.16635768231331866,0.5779533281927679,0.7103147037827592,0.13059494425011303,0.2901692395585393,0.07823226373039019,0.1266848583807558,0.18186755090232634,0.6937615044019186,0.5985859464412147,0.11442000621370024,0.13664614241387915,0.3052120821277077,0.10254652080062626,0.12657506733272714,0.24201419376280564,0.16639717399780873,0.14515194900115516,0.12115666257799051
Belgium,0.2502824175187123,0.34926284935265733,1.174277542946687,0.43704487312848744,0.5288721668617233,0.1015005656797153,0.20735440241492145,1.0,0.2487840167176723,0.14719381206210658,0.14650725471993384,0.2358041744202512,0.3364552609707387,0.21554673276462463,0.21717420855492517,0.267548921181986,0.27134303643163515,0.21794234404914473,0.22649920166236814,0.35276529671796086,0.492888165170503,0.23345825996388722,0.31045745904172045,0.20511090427633388,0.2134581738633333,0.3891754445684223,0.2357901165257662,0.185632521344993,0.47637955518688735,0.20718933692692595,0.19866981587089705,0.04925694427260384,0.015570048035435598,0.1517131878208442,0.24078392869074758,0.13357946011904548,0.26429806187011645,0.35170774597671994,0.03299848594737959,0.20296723753962634,0.6360031991207349,0.19266044171542604,0.23836117946938823,0.272910032467701,0.25982268269658004,0.3908499684067312,0.11296928342004416,0.2333021992683734,0.015569996068899035,0.3108914346703552,0.13877219153304665,0.10595912000444507,0.1220374343983166,0.7549565695556955,0.22338577281342822,0.1578014350178138,0.21992939566877404,0.16066384312284682,0.37361490731149444,0.4792487182705751,0.7037384291327243,0.1987042807411725,0.23578485459687237,0.3016995642032775,0.39087729208155386,0.47053970875855083,0.22682761319470857,0.22795255493669542,0.2338163865545164,0.2633201540704059,0.4664830850364844,0.1846015671569884,0.4251446121799055,0.29541807394910347,0.03845050235057151,0.3377238350753923,0.7549565695556955,0.23921163467863482,0.3515682999561446,0.18614261880374397,0.2357901165257673,0.02719625391247366,0.5428187225299063,0.5440836237265713,0.22474664044712844,0.24978476506639197,0.0892666868007201,0.21291403549779733,0.23422267308020964,0.30487004881634094,0.24695113511554087,0.11381028266337069,0.21647149290850878
Bolivia,0.12116060406421217,0.021197252268235153,0.566767504584598,0.04289702114558618,0.09692249322070907,0.18629510270572666,0.1375890176604189,0.2487840167176723,1.0,0.159248973170972,0.18048042298210204,0.02183748921829091,0.1779145262195545,0.05314836178211544,0.05066195011415484,0.03733238823757914,0.05342959794739838,0.04919742079100132,0.04464014605011408,0.18433534696290868,0.8759907930694292,0.03244934835586655,0.1947514822336399,0.07290161241886503,0.06403783732474451,0.3015332783585682,0.021838071832471297,0.18614440807561855,0.5157383316209945,0.06625647615809885,0.6257558207535987,0.3882670002386593,0.3573970906839779,0.15556943984722738,0.016750647520827017,0.5329936334619549,0.028839224729275862,0.18336919255008188,0.33255041410037645,0.07374922951780201,0.6700183736593044,0.10128095534463716,0.017880003728269152,0.7460568247679743,0.33443688473232747,0.2749232998364159,0.35315232114941775,0.044279165130834755,0.35739503048052823,0.12124459383230451,0.1731309991194819,0.2221815152098866,0.1973827165212039,0.6902942840794595,0.04096214128863154,0.1657367932392271,0.11613539115897101,0.16482071602990292,0.49545821358695336,0.9456098631697926,0.6794247222375264,0.08966549990226219,0.021838102209474686,0.14880557208093714,0.2624352967419443,0.3681640163290759,0.038885121243056826,0.04306991144647366,0.03570018916332787,0.02709255181928005,0.8231312540419716,0.10235036094059058,0.38760001556018686,0.14839307810662017,0.33629236158223286,0.7993223033338706,0.6902942840794595,0.01700355167665785,0.19091534973478996,0.10718550428434014,0.021838071832471367,0.3492942464050446,0.8377518911108218,0.6230599462411658,0.0388177073257998,0.010040577039217614,0.4840647331223327,0.057298919625699225,0.024592908441808142,0.13684027125829204,0.06368741747471382,0.2381119424787235,0.059760307182597366
Brazil,0.08879567548350727,0.13518965782788764,0.8315907896167325,0.20440647470002055,0.2783602187464765,0.07401408720050798,0.07197765528265357,0.14719381206210658,0.159248973170972,1.0,0.04134734264423957,0.11290441872180355,0.2590505913912368,0.086701206039335,0.08927466088144784,0.15553858478608235,0.16285340730678405,0.08976081109530777,0.10009775751076422,0.2735368204732916,0.6523749550500442,0.11183073637589576,0.24016846180599377,0.07312243906838582,0.08389435890938061,0.34690261447514675,0.11288333426587495,0.10671534586658928,0.4979758448079668,0.07604363991448754,0.39284837630434527,0.19076392980649595,0.16245073621799322,0.02485813463717138,0.11980417544191108,0.31294938948179785,0.1504017119987156,0.27157059632005054,0.14246520703509621,0.07177228227893516,0.6574775110629947,0.06647656875708625,0.11611603908572911,0.49619527441134914,0.2560481976278444,0.33793582760806756,0.17932917601278625,0.11342390136119457,0.1624365504194922,0.2083221706541176,0.013802472450139014,0.05149715324178597,0.03192006892957474,0.7012511213540629,0.0966129130340384,0.05781416974338215,0.1091994981144304,0.05342241463510107,0.39980993739778214,0.6872179167490493,0.6975472758578999,0.06709238603310307,0.11288343176049037,0.21858571895356274,0.3323861027601786,0.4242455979749259,0.1006917467637698,0.10323611565949127,0.11306294014964346,0.1490638938145385,0.6463010832508711,0.05038473941700351,0.40744359552358944,0.2119998423626007,0.14690584244485924,0.5567098259914928,0.7012511213540629,0.11734705716911575,0.27475498922462505,0.055299317952442646,0.11288333426587543,0.15623182133925997,0.6872518363486283,0.5693101010943618,0.09849678936015252,0.13001975098830204,0.2690258443778753,0.08332377689896393,0.11151630748698331,0.21785518225658934,0.1367256958147081,0.08452260004570118,0.09202270237407585
Bulgaria,0.09983773450300013,0.15580870172308528,0.8546860220634194,0.22529823517264908,0.30125638376431063,0.07491475096550405,0.09181605838603624,0.14650725471993384,0.18048042298210204,0.04134734264423957,1.0,0.12656732863709472,0.26790736373136503,0.10212407099582796,0.10428007910113936,0.16724628561093885,0.1738507734343482,0.10499900070100307,0.11532091295378408,0.28315543511793345,0.6477422100573899,0.12511908874366795,0.24710879320561951,0.09047062461653772,0.10045683835005563,0.35523747896690594,0.12654910390259166,0.1195725494746127,0.5070521723843077,0.09265295343151839,0.3812190476245887,0.18193137474107207,0.15608586038978078,0.044503847956565555,0.13296726190694366,0.2963549667792729,0.16242976994184605,0.28188564005148087,0.13749584096510709,0.08854053429147926,0.6651246146000218,0.08175154292250231,0.1296587053861637,0.4849300709854813,0.27046842009410915,0.3467982213665556,0.17112958282705454,0.12521393179759802,0.1560851391200652,0.2187545720616061,0.03799552056023389,0.05744797633138713,0.04491108363002032,0.7069952910654859,0.11139342198632377,0.06655923330154795,0.1198287014598509,0.07145319776390467,0.4114327385676731,0.6789081545993297,0.7041198014948006,0.08553704033128479,0.12654920811234097,0.22918165528272263,0.3415444675829822,0.4341082817275906,0.11556895203173814,0.11839667166263593,0.12583558398458372,0.1611928463716544,0.6464257056144385,0.06892941056336421,0.41522247762124614,0.22021792898182485,0.14465902362174454,0.547673087816062,0.7069952910654859,0.13078161291783819,0.2821455081765071,0.07774618968913265,0.12654910390259233,0.15083429030174325,0.6948633865124088,0.5772039583607894,0.11299887361247,0.14328837309085232,0.2588089031536758,0.09902872196364235,0.12554479790832784,0.2266286647759168,0.14698466677195576,0.08864576662124098,0.10567588489446243
Burkina Faso,0.10525910083231985,0.0,0.5976573992626694,0.05937779013415609,0.11934305167848275,0.17112622146418588,0.126716417045672,0.2358041744202512,0.02183748921829091,0.11290441872180355,0.12656732863709472,1.0,0.18719495300234879,0.031648412432422016,0.028696943582193744,0.052644131946647674,0.06511369529462147,0.027909861926028078,0.03115272621901242,0.1969868801251739,0.849148413241347,0.016223558837623196,0.19365114802611572,0.053036738119562846,0.0468155905983746,0.305612404479458,0.0,0.16886814366897784,0.5102773977595172,0.04450863019971637,0.58897940398101,0.3567018641110497,0.3278215451370817,0.13063652209168947,0.00938604349788875,0.4996259410074231,0.045423160554501685,0.19713306245565787,0.30396769160762427,0.05234763644798706,0.6697178364235731,0.07907278003434293,0.003986982013905416,0.7091639937605743,0.3164579301280165,0.2828523900946616,0.3219935123452915,0.03248686378918313,0.3278115430664603,0.13146536635227057,0.14858935585420985,0.19641068671555434,0.17205315620750558,0.689282071299808,0.020051874813913413,0.1407833235914725,0.10364188040188894,0.14477680199120033,0.4766966873882408,0.9137888667257942,0.6826196997835312,0.07109461209410754,0.0,0.1538610689394481,0.2720705914682962,0.3785253837075324,0.022691563814034633,0.03008720499256915,0.021466651395884166,0.04389389355811142,0.7966996598541503,0.07902305540942797,0.38722658919462555,0.15058411855692402,0.30838811897356044,0.7627188418532018,0.689282071299808,0.005340521814853846,0.2015926958806524,0.08799069243224161,0.0,0.3203198597455762,0.8143851324143369,0.609561616511728,0.017465548992902903,0.023839737670714307,0.45036875160918294,0.03569607238929503,0.005645354094520473,0.14376132103873743,0.0586708055579627,0.21086014244500573,0.03922619085900715
Cambodia,0.22189737254526531,0.18722144535382038,0.29097321503610013,0.14468453951604676,0.12708415920193902,0.2898566161028316,0.27831033467021504,0.3364552609707387,0.1779145262195545,0.2590505913912368,0.26790736373136503,0.18719495300234879,1.0,0.2830318741007059,0.27667646368388926,0.17580380006339455,0.1581701278613593,0.27785920229562994,0.27851569743614923,0.07386937494091081,1.5030382786466805,0.23974814493228214,0.15400484495092395,0.312981681547845,0.30344035147016707,0.158641981579654,0.24311140969640543,0.42608900768201946,0.43676854155147604,0.2994239717913962,0.9969450257749783,0.7043865172213619,0.6767596583627603,0.4015106580029338,0.23076027294721638,0.8955004366374086,0.1873597079238694,0.10144778151239994,0.6473116932833376,0.30192068609322603,0.6337202610359239,0.32103006605192186,0.2389239670260911,1.1343408285227523,0.5360656526667358,0.13137486200254211,0.6291123831928906,0.24107284241312624,0.6767481321519652,0.23584161496766498,0.4349702320907136,0.49798651610370165,0.46634766214936507,0.7211813280996081,0.26903331166269356,0.3939427721232226,0.3155484610397359,0.43443303715389825,0.7348719198072312,1.5930495574332166,0.6521859275190586,0.33637931105382596,0.24311198571961432,0.10432956553029571,0.13265134264959666,0.32373329663539196,0.26852862422797474,0.2719015375493782,0.23626333675144462,0.1892354443834725,0.9237035630004626,0.33614094412024476,0.2650570228630305,0.11711449686313699,0.6533990804863168,1.091668761334592,0.7211813280996081,0.2363787003626112,0.05394545914400492,0.3435778692991659,0.24311140969640563,0.6674635894761536,0.9182263795465171,0.6583511308643489,0.26512275241220035,0.22695894427065405,0.8236506434456359,0.28822314259044357,0.24385035921996662,0.07513514165971266,0.20132569340362683,0.49533068481784276,0.2689301444031603
Cameroon,0.0895831662713463,0.03159520488715333,0.6522555682834325,0.09310793173130212,0.1563829810431317,0.14844252958122112,0.1051308744174463,0.21554673276462463,0.05314836178211544,0.086701206039335,0.10212407099582796,0.031648412432422016,0.2830318741007059,1.0,0.006424474532899048,0.08023505134762443,0.09086938913023462,0.004370751857185272,0.025513819292170947,0.21794534220460263,0.791869314096757,0.03281290594992082,0.20396641451706488,0.023312882592595337,0.024322041624587162,0.317316688581512,0.03018882126013805,0.14316268361522883,0.5080573302912659,0.012387484065342971,0.5351566951991169,0.311653016347227,0.28332929261548034,0.0959978598492873,0.038576830995309,0.44893104827170766,0.07358957655433605,0.21742345791217052,0.2604668314711239,0.023963333933900852,0.6678844355146147,0.05355487362499271,0.0338341011277904,0.6513411728930428,0.2955021936867346,0.2984269673652671,0.2817887518200963,0.04205095312689387,0.2833188679006872,0.14763050627846805,0.11186904912610358,0.157653564106718,0.13431216209548746,0.6900552352015552,0.011508958007246554,0.1099171107543235,0.09082591584724427,0.11128536507745453,0.45211131750858113,0.8492129764331575,0.6871802967687548,0.042406309233637425,0.03018885697983176,0.16992237363838192,0.28898509959044466,0.3910158829951204,0.020656497305036978,0.028737178653522603,0.036479441966825295,0.07210791961950083,0.7587826717573827,0.047050180862687085,0.3933946757221689,0.16512356787363994,0.2649370271708077,0.707725843232979,0.6900552352015552,0.03535940514652243,0.22156743761214623,0.05916436922520816,0.030188821260138162,0.2761813321463939,0.7811715204663041,0.5974825787663218,0.013607980130878551,0.05029310366502786,0.4013212625708606,0.004014539137184023,0.029276889487905855,0.16290754039002767,0.07320510586817668,0.17450607593456727,0.02800874821138708
Canada,0.08672108086033775,0.028696726413590064,0.6434149853437382,0.08874831715264309,0.15307575188667155,0.14971016282127536,0.10945025436922527,0.21717420855492517,0.05066195011415484,0.08927466088144784,0.10428007910113936,0.028696943582193744,0.27667646368388926,0.006424474532899048,1.0,0.0768313027675523,0.08671933151147045,0.0050444179699900464,0.02951540254781396,0.21508074921717563,0.8038403757394329,0.02811923025501569,0.1991777770352052,0.029431754385776235,0.03067494384239659,0.31353933884110646,0.027522165490750972,0.14581123448925007,0.5059500124019927,0.01665233960354908,0.5406478756348506,0.3151488476083001,0.28762590431946605,0.0978828507352162,0.03524866776683735,0.45406963443843296,0.07064124759867638,0.21455268061972427,0.2649630723633293,0.023954734698821433,0.6667075262596156,0.052420631407555957,0.03133786881691247,0.6584260145984898,0.29590668916200163,0.2952865143931993,0.28316189664234054,0.03760706434899741,0.2876155373991178,0.14892993227860998,0.11546739311574164,0.16129349316008001,0.1379510487684266,0.6893703730378496,0.011225496968604006,0.1096489909715626,0.09005970173801711,0.11721985716676649,0.45359883515069166,0.8621762001405837,0.6869195295198371,0.048702579523711056,0.02752219869973026,0.1649809779358201,0.28617894075600925,0.38999599005810476,0.02168805116806771,0.03109857564561717,0.031202319531858164,0.06915536662769953,0.7619181200262034,0.04839170277960518,0.39007002080732267,0.15977108816979946,0.2696116103518071,0.7135208117498861,0.6893703730378496,0.03261486707493261,0.21808159007128694,0.06108015913031255,0.027522165490751073,0.2806371199938735,0.78451110773116,0.5962590927281021,0.011745043375277188,0.049102865436309144,0.40535838815424863,0.009150515851871927,0.02623973637883457,0.1581292323919025,0.06746038079930324,0.17596805130236673,0.02228345835771462
Chad,0.1353225121412932,0.05267192581846101,0.5068313210096858,0.006424795064090609,0.061857086120609354,0.20701076234843604,0.1675227949102535,0.267548921181986,0.03733238823757914,0.15553858478608235,0.16724628561093885,0.052644131946647674,0.17580380006339455,0.08023505134762443,0.0768313027675523,1.0,0.01968107180739213,0.08662235741000902,0.08504381135719538,0.15644946632956536,0.9720647711642932,0.05871314823783441,0.17503163700625604,0.11389500826716621,0.1054452178079282,0.2788863198994734,0.056930806643977754,0.224260548172892,0.5080417374917867,0.10463099292237837,0.6905375398525908,0.4403151479284401,0.4107859572812879,0.1948898695539072,0.04718521181367163,0.5947268955167021,0.010623032108187607,0.15852982214959707,0.38529460772434193,0.11014898126406461,0.6682249516441114,0.13351350241008167,0.053127964500072206,0.8183790968694988,0.3608189838566232,0.2501916027921274,0.39643665373571485,0.06576013821315614,0.41077615904453163,0.12133955548698044,0.21678296701742042,0.2682659286486401,0.24211354812028582,0.6909488084945484,0.07856908722019022,0.1996211521867543,0.14343231999365466,0.21167908896263496,0.5280764038044459,1.0493915933470956,0.6739297104687652,0.13235780546057455,0.05693089524557907,0.12394259698181288,0.2379076310340613,0.35636221690265335,0.07773053404454085,0.08091657540193933,0.058330486393882386,0.011924253298776655,0.8581048373365533,0.13941958080170805,0.3700347472092606,0.12443741065322794,0.3898248781913386,0.8624281055999847,0.6909488084945484,0.05117140963964817,0.16185509802693576,0.14635061998489887,0.05693080664397791,0.402734501433158,0.8703375173694569,0.6302226523835888,0.07564070557540621,0.04320633784600732,0.5414495524258734,0.09520737432806818,0.05826255271948347,0.1067981469289473,0.05946309998342793,0.27839728158482663,0.08794444268628199
Chile,0.1350395648322409,0.06513559350855386,0.4862206559798364,0.015886809609461858,0.06270436661928906,0.2109977086632377,0.17910862534767447,0.27134303643163515,0.05342959794739838,0.16285340730678405,0.1738507734343482,0.06511369529462147,0.1581701278613593,0.09086938913023462,0.08671933151147045,0.01968107180739213,1.0,0.0997099606691516,0.1020421357781637,0.14864117976421562,1.0185929384666121,0.0687098265047891,0.15844573904404027,0.12874369975732222,0.12166283695215731,0.265009150278333,0.07104709898907388,0.23657742966362177,0.497277487415216,0.11753578968302206,0.7085427500891239,0.45303193862887603,0.4256446930725515,0.20465519651480724,0.060720808884005745,0.6123510172017059,0.030043638275863118,0.1525793767653711,0.4005243973771819,0.12107642048959226,0.6640074844863345,0.1410896985109282,0.06776640396423798,0.8409300423079837,0.3653440618186111,0.23942278816979862,0.40351806367533777,0.07354142120796736,0.42563485576325033,0.13424550173663843,0.229388982810592,0.2811303037455944,0.25481800073780364,0.6906996258984717,0.09239519637653944,0.20539848465648833,0.15150209816561638,0.22891267323082193,0.5360275066150286,1.0978163906760825,0.6732640782131701,0.14849278403160765,0.07104721430047455,0.10750497485104384,0.22916594798545245,0.35623302441430676,0.09300047880774734,0.09701147603095776,0.06652023135866304,0.03112985638001656,0.8612370351799834,0.1496266059473592,0.3563029187020897,0.10589206544100586,0.4057125509853896,0.8781821791862714,0.6906996258984717,0.06557990112982723,0.15055467804733214,0.1582277750173547,0.07104709898907406,0.41798913640420393,0.8728447049521604,0.6234693289338693,0.08912008369182808,0.06168008771085363,0.5558100390799781,0.10823494373286163,0.07169785128409184,0.08876373150418096,0.053157791017688714,0.2865387890827891,0.09539130445301373
China,0.09069274026218649,0.02784995502047713,0.6445842189554981,0.08895434861371214,0.15207508015329768,0.15104494273793792,0.10714064139414978,0.21794234404914473,0.04919742079100132,0.08976081109530777,0.10499900070100307,0.027909861926028078,0.27785920229562994,0.004370751857185272,0.0050444179699900464,0.08662235741000902,0.0997099606691516,1.0,0.025053850207148277,0.215431941730563,0.7983113445218135,0.029923441335124014,0.20243770809207007,0.026829042838679207,0.026583629206969703,0.31555510904459977,0.02674767197409146,0.1455745294166243,0.5082209025126933,0.016296372647082655,0.5418096248366077,0.31684925706217004,0.2884169558570393,0.09979018394464247,0.035128967476567206,0.4547620223029266,0.07032906071252731,0.21455892800089843,0.26548489363829786,0.02579223024208349,0.667254579743503,0.05536251251820309,0.030433023618426404,0.6582830821301252,0.29771861655576604,0.29647454854267535,0.28628850606118034,0.039564617584550606,0.2884153918746494,0.1465071754385631,0.11607961720510372,0.1620324714863868,0.13866099941274002,0.689803922443537,0.008534110228964638,0.11297061080697487,0.09063042596308896,0.11522478438791289,0.4547122189812231,0.8566488045688366,0.6867503589404784,0.04585752124017792,0.02674770414525481,0.16729394791880375,0.2869190830075695,0.38922971120939537,0.017990869822097452,0.02795358897184616,0.033620587778808615,0.06878489985338934,0.763450227984301,0.05040016805819316,0.39246418489117546,0.16276458353516787,0.2698251026749246,0.7143656437801494,0.689803922443537,0.03194800617795585,0.21908267078646343,0.06126053553807865,0.026747671974091558,0.28119687406780497,0.7853703972086187,0.5988775296467931,0.010197891100045436,0.047261376707412095,0.4069057905668056,0.007842103963458687,0.025898491568170357,0.16028191876450595,0.07080443214360121,0.17844843864385188,0.026987972026701904
Colombia,0.1131061818072352,0.031098760422382205,0.6441674638505359,0.08829691269964307,0.14284190005140682,0.16315878774183876,0.10583599926931289,0.22649920166236814,0.04464014605011408,0.10009775751076422,0.11532091295378408,0.03115272621901242,0.27851569743614923,0.025513819292170947,0.02951540254781396,0.08504381135719538,0.1020421357781637,0.025053850207148277,1.0,0.21476537072173507,0.7856370375362743,0.041913492609474884,0.2168577801986508,0.03149010340718219,0.019965614204529292,0.3249517871904625,0.030340186035745956,0.15288564665657767,0.5198777099051385,0.03358324979368577,0.555927710288811,0.33402836510325146,0.3019759245400662,0.11798369090261539,0.03893419707207959,0.46858658960603095,0.06831292232280042,0.2142081276467737,0.277623936426627,0.047886129599447214,0.6741221036454098,0.07808428562172907,0.03200384565193278,0.6683582108899195,0.3106614970449469,0.3005086978662186,0.30883918540140937,0.05305759804399716,0.30196570864110206,0.12970911076896108,0.12883945157569252,0.17526521965720587,0.15154480965728367,0.6924485037216253,0.02089585465923582,0.13610844886029205,0.10342320542292209,0.11538273229010881,0.46538696341841185,0.8450358575697291,0.6847554392087902,0.04404649348964289,0.030340222099923396,0.17886896864120028,0.2885080759038374,0.3852212385858859,0.01885001306317262,0.018679357092908386,0.04761476183042342,0.06692240399267566,0.7773300256381829,0.0700653398938756,0.40364293703679216,0.1769045627758631,0.28109274381521765,0.728139275964138,0.6924485037216253,0.034013626988767746,0.22187221575003493,0.07560293133534467,0.03034018603574606,0.2938945598104995,0.7946320674182874,0.613036278045675,0.02321983681170821,0.03916029858884851,0.42425035552188956,0.028017036972020678,0.0315838855162952,0.16936475446431115,0.08641827517725315,0.19849314109707275,0.051862058745253105
Costa Rica,0.24800450555190032,0.19701266471259093,0.296836288800611,0.1548086576711444,0.11701321689549339,0.3084036779956877,0.2836095015363094,0.35276529671796086,0.18433534696290868,0.2735368204732916,0.28315543511793345,0.1969868801251739,0.07386937494091081,0.21794534220460263,0.21508074921717563,0.15644946632956536,0.14864117976421562,0.215431941730563,0.21476537072173507,1.0,1.480131691412528,0.27532968516185913,0.2374371517418369,0.34494028015421213,0.3313194396257764,0.20465912678884388,0.2730228676199337,0.46726372449250203,0.4947068131032007,0.33516742768154606,1.0615859248586745,0.7695785331257564,0.7329341710329982,0.4531633992099401,0.2609406913377418,0.9541021093322363,0.2096704385751085,0.06911356425583878,0.7000592819960025,0.34254495183961553,0.6537711620376098,0.3697776427699896,0.2677703283388815,1.191808147550056,0.598181468922312,0.12873533161534909,0.7071134922953276,0.27930437395686375,0.7329224294300988,0.21675903416609815,0.4814834239722578,0.5485800465385149,0.5147609130448858,0.7320975830219718,0.30087392185745176,0.45507216347178037,0.35885125995029327,0.4660797988838861,0.7939944299134337,1.5859541954829603,0.6363429708463194,0.3659907569847017,0.27302351728254215,0.17479116268391176,0.1050937753102023,0.2841604170055385,0.29721235330651785,0.2977805511469048,0.27410031748887054,0.2118755817770962,0.9918241940869816,0.3809687669585233,0.32058215237638465,0.1976622868005345,0.704585181586925,1.1626252036493532,0.7320975830219718,0.2654806382547908,0.06210687843381471,0.38551267659687216,0.2730228676199338,0.7216652673285252,1.0123416195602684,0.7516648201402346,0.29739970774945446,0.2480651887132987,0.8915216273097625,0.32292233867258996,0.2747853467517798,0.14433795874325275,0.25114983752135833,0.5589991072334519,0.31237406222806885
Croatia,0.8151585417172686,0.8490651595330652,2.1713482887140865,0.984410230360869,1.0785076643873766,0.6049930186580476,0.59636801787105,0.492888165170503,0.8759907930694292,0.6523749550500442,0.6477422100573899,0.849148413241347,1.5030382786466805,0.791869314096757,0.8038403757394329,0.9720647711642932,1.0185929384666121,0.7983113445218135,0.7856370375362743,1.480131691412528,1.0,0.49750937960778774,0.5031429014723301,0.4901712099741258,0.4923185121491383,0.5067818642116323,0.4990171632794667,0.4887163407326857,0.4972318609703309,0.49124386119227664,0.4118546370896311,0.4428124989476626,0.438321391832608,0.4775023252909738,0.5002713740925208,0.4366083949465273,0.5061496328169499,0.5226706083780097,0.4397856087870003,0.49103045872129175,0.6315426980087575,0.49019966845680596,0.4996933890381375,0.38678361009646106,0.46562479901861686,0.5187609686897189,0.4658150375864156,0.49584645192645105,0.43832153933743806,0.5248000641395425,0.47438893646273117,0.4635894579181793,0.46554680500824597,1.026344522344712,0.4956963863127912,0.47951654429630086,0.5207634744562124,0.47291851739619584,0.5633308754136812,0.31311086826490386,0.7218382217914692,0.48746541465878185,0.49901717246409777,0.5077837712106779,0.5242776262795712,0.5598859951064397,0.49794036786091267,0.4900125396088377,0.4978315141299803,0.5060162753541755,0.4532821393541641,0.48515589734377024,0.5032557861999521,0.5063225316088822,0.4384669879248139,0.41859639175480207,1.026344522344712,0.4999081540479517,0.5213735081031852,0.48649685659146275,0.49901716327946805,0.4457060591476179,0.40968449628543296,0.6249706148053253,0.4962356639802105,0.502816210370565,0.4349172416726522,0.4928688918568008,0.4972156961921753,0.5090413777377313,0.5006750963368976,0.4627094274825125,0.49443842073675515
