Country Name,Albania,Angola,Australia,Austria,Azerbaijan,Bangladesh,Belarus,Belgium,Bolivia,Brazil,Bulgaria,Burkina Faso,Cambodia,Cameroon,Canada,Chad,Chile,China,Colombia,Costa Rica,Croatia,Czech Republic,Denmark,Dominican Republic,Ecuador,"Egypt, Arab Rep.",El Salvador,Estonia,Finland,France,Germany,Ghana,Greece,Guatemala,Honduras,Hungary,India,Indonesia,"Iran, Islamic Rep.",Ireland,Israel,Italy,Jamaica,Japan,Jordan,Kazakhstan,Kenya,"Korea, Rep.",Kuwait,Kyrgyz Republic,Latvia,Lithuania,Madagascar,Mali,Mexico,Moldova,Mongolia,Morocco,Nepal,Netherlands,New Zealand,Nicaragua,Nigeria,North Macedonia,Norway,Oman,Pakistan,Panama,Paraguay,Peru,Philippines,Poland,Portugal,Romania,Russian Federation,Rwanda,Saudi Arabia,Senegal,Singapore,Slovak Republic,South Africa,Spain,Sri Lanka,Sweden,Switzerland,Tanzania,Thailand,Tunisia,Uganda,Ukraine,United Kingdom,United States,Uruguay
Albania,1.0,1.9896294084587465,0.9078508356213338,0.27303892022090226,0.3739601341053283,1.9885526119743127,0.25474408819681404,0.37033811530124017,1.9858699581283834,1.9940596065735703,0.16846935917272537,1.9896290061477155,1.9371715508254304,1.9928722692317398,1.993255676682714,1.98122112668294,0.2760737421654872,0.17140535048164607,1.9886142895609578,0.5557812950345155,0.8583225210475965,0.18494532059778307,0.40043000233633036,0.176926032423592,1.9902755918095718,1.8615400479218147,1.9896294275415782,0.25387757662607985,1.131699439573308,0.15812953569754162,0.6105300212166145,1.9674217363794264,0.3453815040314251,1.9968231318439067,1.9889388296965984,0.5084599885462009,0.26875686928330056,1.922101221550664,0.3267912891156495,0.1367624943560955,1.5958095279289466,0.10048952117400824,0.2098572127991941,0.7341063434609004,1.944349873353262,0.7276859550528358,1.9774070783316187,1.9917344492377758,0.345373595366217,0.424110754416356,0.1646109009518461,0.20600853224120075,1.991593912185462,,1.9915566606343897,0.06868095696934741,1.9901694523596443,0.2356903395801482,0.6903101641102876,0.8930956163404652,1.2002278557178954,1.9906341606312088,1.989630069815723,0.3749071369534821,0.715999036267304,1.7814300550870552,1.9901097088371436,1.9888214244075837,1.991879559162959,1.982193090109131,1.682423724776986,0.11206029724701101,0.8796658830326505,0.3403567286045878,0.33889323118676346,1.8213522931736792,,1.9889079768197109,1.9256098931586,0.14952202717408938,1.9896294275415778,0.34192001010130174,1.5429536572625742,1.042452753592305,0.1832135340338525,1.9848789646909881,0.46052150797082547,0.16508888029878174,1.9900777304353354,0.37623854955550884,0.1898194982342282,0.17717203703309206,0.1354955078308845
Angola,1.9896294084587465,1.0,1.8237360480551954,1.9974308908056042,1.9907980883197502,0.3440264943807059,1.9861661135863562,1.9406341866523211,0.03797250035008459,0.21667843462628042,1.9851634518742458,6.30397600108268e-05,0.37821119244594026,0.05462263137802679,0.04980738445188577,0.09701522444727055,1.996320406673822,1.9994164320899188,0.05381832822394365,1.9601415837724376,1.8010488464154688,1.999791214365747,1.9643356620054266,1.9979808840748714,0.07971401477498183,0.6443549994290346,8.168500705758182e-07,1.9816223881160535,1.6915698491318405,1.9985498074006027,1.857163799109919,0.5007943124081646,1.9461833216053617,0.2121108511198681,0.016920424778134557,1.9004435066125513,1.998271800635375,0.39379802099512595,1.9527876479537876,1.9979917868345443,1.0742135876548835,1.9954832792811343,1.999987324397621,1.8131661001150576,0.5326983156708254,1.9087931352857954,0.4756574719069055,0.05767963958123893,1.9461855900976093,1.986105473235469,1.9860950526071017,1.9771560885107007,0.2686148290756716,,0.03489534515372174,1.986555046124314,0.17517927891044563,1.987013527048571,1.8605792123385356,1.7748859307343656,1.700228292742092,0.11864427457508689,6.588049240168223e-06,1.9770062008140106,1.9174758935571379,0.7301912859437872,0.03942578578275059,0.05229264663012162,0.038196961368933885,0.08022419214285835,1.1983543645419317,1.995580388721426,1.8274630970723678,1.9786132394067057,1.951750586200814,0.9519848219488455,,0.009585846493028634,0.4041771748327188,1.9945646090039213,8.172577143193536e-07,1.9487220420054727,1.3351456335776117,1.7110065490802293,1.9997683788807192,0.04251046467478023,1.907421364105171,1.999054992975407,0.009774362791900321,1.9800831822456575,1.997133149836558,1.9724023502069132,1.9988238198735138
Australia,0.9078508356213338,1.8237360480551954,1.0,0.7305097486173204,0.6751414859740723,1.6773230884022026,1.0127861941489174,1.2174184525018776,1.8348981347761892,1.7326405377379073,1.0130153769738928,1.8237600978485287,1.9449272100084116,1.8024071937254385,1.8062712540665176,1.860079495484566,0.7098425863580776,0.8605962722030789,1.8034915690032551,0.49113746607330444,1.4848818470558616,0.81570071826901,0.5869016435194387,0.9011528733373649,1.7901537899582114,1.9905948950809629,1.8237358674378648,0.9977838450814939,0.32384471550347976,0.8847524288407078,1.4018219374070693,1.590416364008808,1.1973851659621086,1.7428921787331901,1.8305434046337379,1.3162296664225694,0.7509567351912437,1.9350012891429151,1.1786770569953038,0.8838412236199608,1.7789901003068342,0.8981928604940799,0.8161271160051873,1.4975542536688677,1.7036064549818792,0.29215243083946035,1.6377350639304924,1.8271569622835158,1.1973777639954164,0.7972353497422868,1.0153336186592392,1.067857869412195,1.7068107901413956,,1.8097214022940291,0.9651198478564397,1.7950123747564735,1.0204883305380719,1.1538085956011035,1.5592453428215702,1.0313988971704562,1.7722355655997268,1.8237346527988727,0.5700542696243525,0.3624106608264154,1.887300119756368,1.8102952895607858,1.8073438075260013,1.8285377756667884,1.8527957431297137,1.0245428588590824,0.9196654703760604,0.13901133549033381,0.5920769355597687,1.1833897407596872,1.2537810929032185,,1.8273430415564706,1.945742279565083,0.9257324938020235,1.823735867437871,1.1909748450452449,0.8361031911958615,0.7338085143195396,0.8466275619074475,1.8319571305020248,1.2905759233568155,0.872525698899589,1.8233451370787233,0.5670718044894044,0.7586641654470426,1.0573795495597333,0.8451975839334673
Austria,0.27303892022090226,1.9974308908056042,0.7305097486173204,1.0,0.10297121846803423,1.9513275247696127,0.3298521684082977,0.5799248643964753,1.998627950582601,1.974987332793644,0.3386744761215059,1.9974336243319604,1.9803054068934427,1.9939782278295142,1.9944846330631085,1.999968650539642,0.028480626152831798,0.14864193282987953,1.9945632934506774,0.30032922074293134,0.9438641426007042,0.10244667562844155,0.3153981299043901,0.1906935980197015,1.9920256437531345,1.9222268838221177,1.9974308696597267,0.3519110282606123,0.983950660552173,0.1763410635112541,0.8305654267701663,1.9099562680050342,0.5570923043523539,1.9763750821937263,1.998191927157767,0.7150045727266101,0.026408627456293226,1.97673946138812,0.5292142445021004,0.18499927342666234,1.7110678581104615,0.21995086229737168,0.09531146645595444,0.9340026746696293,1.9161683510510044,0.49998058500718245,1.920388090448921,1.9968020443226102,0.5570829550636436,0.21341835954809862,0.33411394446749715,0.3992373221381008,1.966078264506479,,1.995368003695283,0.3156182220756166,1.9855961231111474,0.32650823965062215,0.7678494788505731,1.0047600429502408,1.0161374587199983,1.988062195670991,1.997430668309117,0.2270220261038335,0.47262887319176117,1.8851329226658655,1.9953982543337085,1.9950698367349526,1.9974275826168795,1.9997927099053623,1.5398248536983081,0.22824880931648683,0.7246734333786965,0.22316344891918816,0.5341457827680465,1.7096941386208868,,1.997883122029693,1.9762651281863566,0.24035995261651089,1.9974308696597274,0.5469309194976936,1.4240801119833042,0.9838429306902507,0.13128457672754548,1.9983641867493258,0.6931341439246784,0.16185614303820547,1.9973420884343498,0.19318967159170414,0.09983443235753688,0.4197698844521456,0.1496285030802899
Azerbaijan,0.3739601341053283,1.9907980883197502,0.6751414859740723,0.10297121846803423,1.0,1.928224708869807,0.40238926026043936,0.6651955704271655,1.9937905219692593,1.9584954177245582,0.42784792704892255,1.9908018971746138,1.9867855898480244,1.9848900673934413,1.985416853836069,1.9973384864880277,0.10545338670856794,0.2393256423603694,1.9873328483187291,0.21226042893844285,0.9847945077046679,0.19943832680502327,0.33795336326685244,0.27513567191312355,1.98325815617076,1.9354338936885098,1.9907980508320042,0.4258376350018221,0.9339543961506981,0.2665257114072014,0.9116268692356647,1.8797339216016447,0.643463722701655,1.959338472761798,1.9920816150099117,0.7961056830330091,0.1106049811779127,1.987161425017882,0.61446412637294,0.2795192077485977,1.7454371700363334,0.3171468231625683,0.18468803928689095,1.0085612746109478,1.8965557995049067,0.423663888297773,1.890135055588026,1.9890155084978463,0.6434543915036443,0.17313803279241094,0.4233775659377752,0.48843654191186586,1.9473103914590726,,1.987278759343207,0.41474821313085763,1.9745955728833202,0.40210650118287483,0.8120120675379178,1.0514523665868054,0.9427411125165674,1.9777404832983667,1.9907975323837184,0.23903580557603143,0.3870457057939662,1.9145004050697259,1.9878834555977225,1.987914108642961,1.9899037238729036,1.9967585858570849,1.4806540987150063,0.3230427526702188,0.6797734281191213,0.252684775679565,0.6180347092644032,1.6608614933075807,,1.9916817481556874,1.9855916647651546,0.3309100768906467,1.990798050832006,0.6320211625928654,1.3770894025841227,0.9719620688087227,0.22150982371615316,1.9938692943474363,0.7810355419187027,0.2521290883254816,1.9904859099062333,0.19187406723027736,0.19633225999231188,0.5151253297273728,0.24910380893225184
Bangladesh,1.9885526119743127,0.3440264943807059,1.6773230884022026,1.9513275247696127,1.928224708869807,1.0,1.988359242985337,1.9937188660899103,0.37929966649587876,0.13386658205665716,1.9956588079191488,0.34406563439113824,0.6886075975754545,0.290823220092323,0.29494294611367783,0.43607316534976576,1.9484973270068795,1.977832050159536,0.3187745575656737,1.8633996977764857,1.8732437639706836,1.9710749018329845,1.9082730919789794,1.9822370526106616,0.2866708817929092,0.9217529994063686,0.34402611829786034,1.9849012593611073,1.5201138813183408,1.981699385869368,1.9541075490273234,0.1620812343655272,1.995568214792064,0.13442428345721258,0.3580506297079313,1.9748800966447526,1.9543540031820332,0.71659666411364,1.996657105163897,1.983187109161247,1.2683839876718146,1.9865122176851269,1.9689734035709203,1.9269714696785794,0.4758998567356877,1.7826104331390233,0.17100247670361995,0.3388134841572395,1.9955687628947893,1.929851896062402,1.996556801893383,1.9990494311180333,0.08653732828481972,,0.31100196274948017,1.9946147943161576,0.29810541569337234,1.9910381597544045,1.8832418380793277,1.8705638436881804,1.5585538806575945,0.25309783207714714,0.34402077653568447,1.9160388626935252,1.79277327600176,1.0135142957325531,0.3195688589944897,0.3241954264981894,0.34025533853302187,0.4219688667453339,0.9091855903149296,1.9885917756555436,1.6923650748895134,1.9237786417157963,1.9956914922548539,0.6396774265071945,,0.3533596963274082,0.7218670560411095,1.9875907177947363,0.34402611829787644,1.995682760900656,1.1080108565369629,1.619190850153041,1.9751242024911706,0.38082845831480416,1.9823715684451606,1.9797117062120713,0.34113711418748766,1.9154324286754618,1.9633617352087616,1.9987047770270803,1.978380646534433
Belarus,0.25474408819681404,1.9861661135863562,1.0127861941489174,0.3298521684082977,0.40238926026043936,1.988359242985337,1.0,0.3057779638968006,1.9833194360203739,1.996319767950319,0.15041653698873364,1.9861593636960797,1.9084251949379512,1.990915381880906,1.9900554456125663,1.9736465257407287,0.35057360605470433,0.19463500476332116,1.9908319860534347,0.6033396154062088,0.6970661465226595,0.2477244908435284,0.5767922921917341,0.154219788073925,1.9934582416990434,1.812288030427356,1.98616615469784,0.19782020710090703,1.2487019197060847,0.17447416276741412,0.5907259306236158,1.9688794475022187,0.2875885200301553,1.9935652676020226,1.9841996676692697,0.4491687134562441,0.30823171832394697,1.9145015856247376,0.25562358330191093,0.17622008365733827,1.6667072110162768,0.19028154665709898,0.23963003141573763,0.6598624923567393,1.9306028925925096,0.8020172745888263,1.9634044645929425,1.984137482235021,0.28757768744037626,0.37578040555275893,0.12699193376596013,0.15767468596976916,1.9949395408310076,,1.9895478591012477,0.21591743105685202,1.9881663213955714,0.06204138984191164,0.7072180727629166,0.7221611723762434,1.1270873748187973,1.995901478374369,1.9861664579322575,0.5069843247604888,0.7675537409441051,1.8154700839941678,1.9900964448193053,1.9896225770090623,1.9837848766228101,1.976635153560578,1.7120931863308888,0.16280249546971345,1.0121807980624162,0.5007204190567353,0.24954922377350192,1.8414472347371196,,1.9851803924687952,1.902529666818091,0.13737744782855418,1.9861661546978353,0.2709452802709486,1.6169187907449878,1.1799228557180892,0.20933710786504667,1.9836702198600176,0.4387661613779291,0.18519880010396625,1.9861402329385038,0.5038025627090286,0.32033725221325604,0.2424688122972062,0.22273462138937955
Belgium,0.37033811530124017,1.9406341866523211,1.2174184525018776,0.5799248643964753,0.6651955704271655,1.9937188660899103,0.3057779638968006,1.0,1.9320985899215812,1.9815074755183701,0.26244477550246875,1.9406226860466746,1.8191582342201464,1.9531171498914839,1.951792501806832,1.915057227448969,0.5947521931622612,0.43686814451764006,1.9486825382155373,0.8594907285637208,0.5981484395154631,0.4826088147370397,0.7442984802131742,0.3995791471727147,1.9560126124221693,1.6971660041676428,1.9406342852751997,0.3416226427379201,1.4150668594719369,0.40951732315080464,0.3002789156607855,1.9983576233033977,0.025380135496449564,1.9795263776662297,1.9368123304697011,0.19264457835474302,0.5638972037658281,1.8117953147622088,0.05393751345476381,0.40254472835802857,1.500726075446382,0.3808454458147622,0.4901415675012759,0.38482742235069517,1.9278903077435867,1.0387644275671761,1.990086366947629,1.9407445338057288,0.02538837154821976,0.6348331783746821,0.25267654277735274,0.18707583116115872,1.9879531896173606,,1.9487362412827975,0.30403242891197396,1.9534005163866113,0.2860934807569982,0.6938271052925905,0.5732851062501428,1.3002668593989397,1.9636951540300651,1.9406354412729236,0.7207272872080798,1.0150540181478276,1.6684732989211577,1.9474207721258552,1.9470236646662076,1.940182428898896,1.919695685373453,1.8434557552080897,0.35958397346517584,1.1962635982482588,0.6972469280132194,0.06248623231950759,1.936667300587631,,1.93829419900144,1.8058826782172224,0.35997649397415454,1.9406342852751952,0.04398340122498128,1.743873540813379,1.2688417023439498,0.45409645518323133,1.9323070736236574,0.14068688430466728,0.4238087504392556,1.941186145952271,0.7232663544177951,0.5316593161413544,0.20951845076398987,0.4411847914492469
Bolivia,1.9858699581283834,0.03797250035008459,1.8348981347761892,1.998627950582601,1.9937905219692593,0.37929966649587876,1.9833194360203739,1.9320985899215812,1.0,0.2509118893422357,1.9807328291085,0.03794457171322234,0.35169490122996433,0.09028094531114247,0.08639792102035221,0.06748091473601214,1.9976169333288567,1.9982438658128183,0.07586561360084294,1.9665724438650862,1.7929082180431635,1.9991989036190676,1.965533380030533,1.9963047890678522,0.10724419929983994,0.6196812217528741,0.03797277537013346,1.978403352601196,1.704688294831417,1.9968910125978914,1.8435683162649765,0.5357334715175515,1.9379704268173161,0.24821642852007403,0.029332771239170736,1.889856181820393,1.9993305551442284,0.3586142228769706,1.945176448470013,1.9961485423107486,1.0470855224972093,1.99284890373763,1.9997562356215328,1.7987978402790195,0.551201897447802,1.9179637891518593,0.5118426487551959,0.07713781698888571,1.937972895932376,1.988556647481044,1.9817226856854886,1.9716891222748636,0.30306613041383285,,0.07012728417980743,1.9820236342772026,0.19277469410314313,1.9836692735321766,1.855190699597739,1.7644796292307934,1.712172955281248,0.14724349821317162,0.03797846109791029,1.9794361988161981,1.9267557393329675,0.6957485206935932,0.06653462934752734,0.0736403941931321,0.06243807311599404,0.04856822113031843,1.2255415601000264,1.9928354316020527,1.836793516074665,1.9801354228796004,1.9443294229155368,0.9823423421512036,,0.029654405722937812,0.3746418243315033,1.9922059000413164,0.03797277537013639,1.9408447126557713,1.355788163755277,1.7152991163213025,1.9988914851953727,0.017699122500284294,1.8964363416406933,1.9976454336694518,0.04279906784887172,1.982723874457429,1.996753100361944,1.9660166463022328,1.9973671703255524
Brazil,1.9940596065735703,0.21667843462628042,1.7326405377379073,1.974987332793644,1.9584954177245582,0.13386658205665716,1.996319767950319,1.9815074755183701,0.2509118893422357,1.0,1.9987841576123044,0.21672384062799968,0.5794740111409318,0.16239625340962582,0.16807870060809532,0.31183166905993304,1.9724430643201172,1.9928750238553534,0.1871374827400229,1.9056219377480457,1.8590985786569234,1.9883182244938973,1.9312912016758226,1.9955015049944955,0.15441741311370574,0.8272604174815263,0.21667802400009534,1.991427925836963,1.580652525172005,1.9950187184100465,1.924272663051499,0.29232970214037185,1.984587697777804,0.04383329800716857,0.23190616754334134,1.9547374675949718,1.9775166752961597,0.5962542852330927,1.9879401835577901,1.9955492476540722,1.1829995136333324,1.9962284888916442,1.9874831805590438,1.8928355311723566,0.47961850022623,1.8339576445414125,0.2912164741299455,0.2189821706064112,1.9845889317250254,1.9592891505259253,1.9998609505357021,1.99816717292702,0.053994228296702,,0.18241888770528178,1.997307773512129,0.19987280429252763,1.9979590167280183,1.8795983879532294,1.8481584495619376,1.6228040320240447,0.12087058292493913,0.21667310264654324,1.942750321489373,1.844816082214222,0.8977931170386895,0.18981444436825573,0.19450348325620606,0.2189410321432368,0.2960148794330062,1.0181041263013972,1.9978846472137475,1.7416815490699087,1.9476178025224333,1.987297059541184,0.756542540565563,,0.2261927900565508,0.6086430956848519,1.9974784756319939,0.21667802400011632,1.9858308069158002,1.1860111428657047,1.6477275864531171,1.9912886145139883,0.2515090129542253,1.9610049974613328,1.9939395006050578,0.21439824136684169,1.9437448039516174,1.9813395928477604,1.99474352210006,1.9923267673611331
Bulgaria,0.16846935917272537,1.9851634518742458,1.0130153769738928,0.3386744761215059,0.42784792704892255,1.9956588079191488,0.15041653698873364,0.26244477550246875,1.9807328291085,1.9987841576123044,1.0,1.985158277859284,1.9087461684174531,1.9908018527736189,1.990312710449661,1.9716964886291384,0.35299378295577005,0.19762466739911877,1.988305116091775,0.6267540674385994,0.7385364289065093,0.2416794355517632,0.5325910094368463,0.166234698394672,1.9913976365043975,1.813971395308873,1.9851634984811022,0.20805623620521685,1.2396453134817327,0.17218424857592982,0.5297756706543074,1.9803040180240958,0.23942388802805417,1.9984518881193911,1.9833437590320955,0.40335347251860765,0.32300936111912876,1.9021976192635637,0.2128451071888663,0.16479773731399414,1.5998003246590775,0.15125559864082133,0.24969921619901894,0.6323292722139698,1.9345672579693276,0.8148533332547311,1.9805081600720094,1.9853371917444709,0.23941467281793427,0.42186991918043887,0.06538004710111735,0.09585331656974093,1.9985467067048133,,1.988879465626547,0.11961800782795395,1.9878691263104753,0.12132370834864202,0.7135480846900254,0.7593848154141807,1.179617037395349,1.9940199871863775,1.9851640929338379,0.4973520677149591,0.7904313532715327,1.7769547577937383,1.9880629985495195,1.9874855647358975,1.9850837716119634,1.974208128749974,1.7297576654786306,0.12606347377058297,0.9938494808067295,0.47111754656012766,0.22302301092006804,1.8573233098162356,,1.9840213769701895,1.9006610171931066,0.1415289593159499,1.9851634984811015,0.23085219940756985,1.6173935144998242,1.139472377927488,0.21420747594972667,1.9806643035343625,0.37982026843363453,0.18522255515060979,1.9853523907229627,0.4886825252886064,0.2928710879112422,0.15244011904087465,0.20119626756423017
Burkina Faso,1.9896290061477155,6.30397600108268e-05,1.8237600978485287,1.9974336243319604,1.9908018971746138,0.34406563439113824,1.9861593636960797,1.9406226860466746,0.03794457171322234,0.21672384062799968,1.985158277859284,1.0,0.37815398293981994,0.05466930700207086,0.049844964770315595,0.09696334931062549,1.9963239714448224,1.9994153321127461,0.053880677896473425,1.960150854723466,1.8010240964049147,1.999791707060475,1.9643464350344297,1.9979783400990963,0.07977556442331334,0.6442984537182008,6.342000551734916e-05,1.981617333748475,1.6916017541309412,1.998548030204107,1.857147930429722,0.5008335208900232,1.9461725655707443,0.2121468909115077,0.01686034358171291,1.90042910085772,1.9982737396422996,0.3937559368538778,1.9527771960021292,1.9979902741226545,1.0742077614545855,1.9954818572783934,1.999987429979168,1.8131447970698105,0.5327070042363471,1.908808824908111,0.4756833819751319,0.05765619866841391,1.94617483423864,1.9861049997868105,1.986089630448144,1.9771491959215381,0.2686603396162921,,0.03494678036345817,1.9865525426042019,0.1751940291613966,1.9870068001084666,1.8605747807466138,1.7748573000354473,1.700227967832101,0.11870404847391178,6.462471436925712e-05,1.9770152588151713,1.9174893923761072,0.7301769217000474,0.0394802367025557,0.05234322912327441,0.038156402105493564,0.08017760607830506,1.198391734217724,1.9955780359453343,1.8274879877755978,1.9786223110085526,1.9517397223002613,0.9520252902232288,,0.009539265058461175,0.40412541713974115,1.994561733924984,6.342000901852513e-05,1.948711247027029,1.3351874797653032,1.711030537217695,1.9997676598020309,0.04250045361027711,1.907408853062005,1.9990535572671075,0.009768452095023939,1.980091968587952,1.9971361515078316,1.97239718489353,1.9988237587220488
Cambodia,1.9371715508254304,0.37821119244594026,1.9449272100084116,1.9803054068934427,1.9867855898480244,0.6886075975754545,1.9084251949379512,1.8191582342201464,0.35169490122996433,0.5794740111409318,1.9087461684174531,0.37815398293981994,1.0,0.42892557370142664,0.4207658108464107,0.28535591709636393,1.9832256718578454,1.9548514198918772,0.42488404587345224,1.9956317058706228,1.6276364189325454,1.9649412017595773,1.9840767876334673,1.9449752734500398,0.45516435580598197,0.28483755225508167,0.37821160835190243,1.9099449194226732,1.8600444449164388,1.9489545804969166,1.6990161575242577,0.8335236521769953,1.8293030595517954,0.5630234044969133,0.36164723619803574,1.7582375818165867,1.9770152315764042,0.18087342604176498,1.839771681655912,1.9482933413900205,0.974859767281719,1.9431350845765556,1.9649445668284349,1.6265110101142497,0.7250184497352561,1.9852820984573356,0.7777672794882203,0.3740732798109773,1.8293068314039975,1.963564228520594,1.9086864584999246,1.8884213206398526,0.628371113114455,,0.4116267350826011,1.9214182448560002,0.47073677929201135,1.908241545735528,1.7902990870680857,1.5733649871986453,1.7446876599860695,0.49380604664702193,0.37821475820664324,1.9921868970977548,1.9849455783281162,0.5853792253508194,0.4116819098773202,0.4162522111818525,0.36789409310603366,0.3050337423944763,1.4652492385847835,1.9386538920063512,1.9459265331676596,1.9905203700075502,1.837183489995203,1.251461854268961,,0.36936336016462157,0.09525592332177514,1.9357270008757819,0.3782116083518825,1.8329102399321429,1.5838937544046399,1.814749889386995,1.9582491203647097,0.35800564664814105,1.7717218761650286,1.952050513664306,0.3792315804099215,1.9959387695491624,1.9744378464689856,1.8881035185825719,1.9575266228809882
Cameroon,1.9928722692317398,0.05462263137802679,1.8024071937254385,1.9939782278295142,1.9848900673934413,0.290823220092323,1.990915381880906,1.9531171498914839,0.09028094531114247,0.16239625340962582,1.9908018527736189,0.05466930700207086,0.42892557370142664,1.0,0.011380076902929697,0.15119718859359732,1.9924868846709678,1.9999855632192614,0.04502964315531,1.9485596987795437,1.8177595043994332,1.9991115449046242,1.9579985577666639,1.9995929746977446,0.04234279381952753,0.6909229828587484,0.05462222623118896,1.9862173860738312,1.6649951489506005,1.9998824647981623,1.876257674662102,0.44835849937108296,1.958043406409843,0.15948831319002688,0.07034532537061655,1.9162617556109593,1.9952561376481999,0.44518549316366546,1.9638473265689975,1.9995602053602406,1.1017251457487809,1.9978307049510229,1.9990578885100216,1.8353964235376061,0.5124538131396654,1.8919638902100087,0.42734583098220874,0.07635434760529838,1.958045412406233,1.9817542582374024,1.991775309605477,1.9846407510228927,0.2144112514902462,,0.020418005747085556,1.9914104249749878,0.1569021580151768,1.992019374215343,1.867152080709922,1.7954944399967236,1.6830244160763363,0.07228376800204915,0.054617362391874494,1.970356556817154,1.901258051709653,0.7718212529707278,0.036701754852403526,0.051123244795919606,0.06641280227106715,0.1347392860212307,1.1541755727745198,1.9983608565440154,1.8074842052878028,1.9728029334473824,1.9628847252552586,0.9036267658791776,,0.06420427469141851,0.4559575382931459,1.997431691247925,0.054622226231209284,1.9602571172854732,1.2980281497604287,1.6962667725164005,1.9998532966786537,0.0917378961507672,1.9230320119765587,1.9999882524951806,0.05301401604750079,1.9729968708393695,1.9953212287387327,1.9801910941179037,1.999372063072794
Canada,1.993255676682714,0.04980738445188577,1.8062712540665176,1.9944846330631085,1.985416853836069,0.29494294611367783,1.9900554456125663,1.951792501806832,0.08639792102035221,0.16807870060809532,1.990312710449661,0.049844964770315595,0.4207658108464107,0.011380076902929697,1.0,0.14487483666999604,1.9931508954315051,1.9999809255520014,0.05219395632862877,1.94983382365246,1.8137332460775468,1.9993468553392773,1.9600363733130262,1.999348586709371,0.053450625611778366,0.6822136068570723,0.04980701672030878,1.985694068117065,1.670088305266993,1.999787842785759,1.874398247783291,0.4527234103934114,1.9568332055278654,0.16258056176903612,0.06428456469650272,1.9145645768531845,1.9956224312692756,0.4397508737433781,1.9626349309713347,1.999560064585034,1.1017538210922935,1.9979221385207584,1.9991916285618114,1.83266586151053,0.512176691985263,1.8942337192377947,0.4287183478973342,0.06826863371177701,1.956835233109407,1.9813793254021712,1.9912367617790114,1.9839305344606895,0.22018455984453406,,0.019893978175145453,1.9914598146233127,0.15567659978050563,1.9911341286717406,1.8668568204315736,1.790986782012247,1.6812314103746417,0.0831050726859506,0.04980145328999446,1.9720741361708352,1.9030792158833039,0.7716323018289157,0.03855866987198852,0.05537724604196448,0.05681469562149986,0.1292898828947868,1.1589121725150764,1.9982653863210824,1.8115740262794209,1.9745635591490458,1.9616034979119787,0.9087386410543971,,0.05923238984771801,0.4490139593941531,1.9972598935834356,0.04980701672032661,1.959017668642658,1.304618394504976,1.7003748117098874,1.9998892346456527,0.08966794811038394,1.92174512865101,1.999936034874033,0.04755233827496371,1.9745641440875783,1.9960252379801156,1.9798880051322825,1.9996027798889473
Chad,1.98122112668294,0.09701522444727055,1.860079495484566,1.999968650539642,1.9973384864880277,0.43607316534976576,1.9736465257407287,1.915057227448969,0.06748091473601214,0.31183166905993304,1.9716964886291384,0.09696334931062549,0.28535591709636393,0.15119718859359732,0.14487483666999604,1.0,1.9996902265814307,1.9947628241630073,0.1418580322161699,1.9769202278479148,1.765578465915765,1.9974825419679632,1.9737452282641865,1.9913196917012599,0.1732612266176187,0.5571328043052676,0.09701563684561973,1.969874160772862,1.7383785882830067,1.9925420078290093,1.8203499956461044,0.5912238139849018,1.9217582893208363,0.30409095062303937,0.0810123011700167,1.8690707697382962,1.9999125054986653,0.3042984949307368,1.9296382913962613,1.9917445184949587,1.0311936008679223,1.988082739797801,1.9979400043910243,1.7701394203115766,0.5747575719153771,1.9354885773923465,0.5582467953958533,0.11218613261502579,1.9217610074435545,1.9889066626970822,1.9724899245184095,1.9604294888739693,0.36356447079135285,,0.13183680413211005,1.9750915819590558,0.23365994617226557,1.9740288470644314,1.8465667337020117,1.732335046308798,1.7229253754586575,0.21317715209984456,0.09701990052026749,1.986429080455881,1.9425675900538235,0.6651620511106248,0.13041770654383128,0.13573392518738941,0.09985994794438571,0.020860848296994746,1.2739055464854103,1.9872414423255134,1.8619622257388118,1.9867368689798917,1.9284029602378148,1.0352863636229197,,0.08754288377566055,0.3108973227166542,1.986026171861618,0.09701563684560371,1.9247780469083595,1.4018955612088686,1.7379544450478737,1.9959505620227203,0.07435201017223028,1.876921881232689,1.993748805485536,0.09938944137759197,1.98997782162848,1.9972927503113018,1.9557385261338274,1.9945274333029592
Chile,0.2760737421654872,1.996320406673822,0.7098425863580776,0.028480626152831798,0.10545338670856794,1.9484973270068795,0.35057360605470433,0.5947521931622612,1.9976169333288567,1.9724430643201172,0.35299378295577005,1.9963239714448224,1.9832256718578454,1.9924868846709678,1.9931508954315051,1.9996902265814307,1.0,0.1666955032099121,1.9927205148519085,0.28890603576956425,0.9650298363742069,0.11756947937949092,0.29197909693361274,0.2106258241183473,1.9899584060330455,1.9285361135203867,1.9963203810291892,0.36479929895582336,0.96403878417251,0.19398907035945076,0.8423414289567247,1.9062324850582384,0.5716405952770749,1.974388846056117,1.9972728252175267,0.728759967435283,0.053008963720222665,1.9782378245439025,0.5446394848122997,0.19969205950502317,1.7095333259584105,0.2304021072836205,0.1159548797262513,0.9486900779143628,1.914656355403712,0.483597751913097,1.9184421263599898,1.9960507135015302,0.5716313574017979,0.23349305803054404,0.34953602844278536,0.41419403057794035,1.9631585701646501,,1.9939657964493074,0.3233089934927002,1.9846520882775913,0.34746104814196693,0.7730856256847773,1.0258195416634024,1.0243283340610974,1.9856202121568631,1.9963201943522304,0.20194749051520738,0.4601507682944461,1.8839584517465804,1.9938823413292592,1.9933511329096227,1.9967457187196724,1.9992474306792145,1.530737885866319,0.24206739844257927,0.7019088724902933,0.19574999030199414,0.550099271163062,1.7023044522096287,,1.9968396159290425,1.9788523815741093,0.2553387210603247,1.9963203810291903,0.5619104529197684,1.4086280255332368,0.9678852752382022,0.1500881551686146,1.9971703025463765,0.7048688248901908,0.17980805549413756,1.9962475132028081,0.16641968748392919,0.09304023838960995,0.429406726303803,0.16048817276788646
China,0.17140535048164607,1.9994164320899188,0.8605962722030789,0.14864193282987953,0.2393256423603694,1.977832050159536,0.19463500476332116,0.43686814451764006,1.9982438658128183,1.9928750238553534,0.19762466739911877,1.9994153321127461,1.9548514198918772,1.9999855632192614,1.9999809255520014,1.9947628241630073,0.1666955032099121,1.0,1.999511171703344,0.44438566594867895,0.8390795414309665,0.05426929765404696,0.40337096801015876,0.0464247485213711,1.9994669553952449,1.8792088876279638,1.999416441479998,0.23785786686440863,1.1028116805936847,0.028392207094630736,0.6990783580215955,1.9476434525704278,0.4138689187699095,1.9931496060665381,1.9989784742907943,0.5787113228683907,0.1312665032765159,1.9514033232593513,0.38499547206713775,0.04508840434057647,1.67236155747352,0.09601929206023595,0.055107741965608636,0.800737322857474,1.932650523325552,0.6422203610026358,1.9525941070779678,1.9987165235366453,0.41385924674176877,0.2670724386254963,0.18760726449156492,0.2536960836492511,1.9877654292036886,,1.999943589751738,0.1898180175728519,1.9938884160015826,0.18448583366492682,0.7186304618909741,0.8864446953439427,1.078862278993822,1.9984761172113525,1.9994165615551385,0.3367585281630602,0.6145083453153591,1.8471976275430098,1.9997461240544134,1.9993845998257396,1.9990663195275233,1.9958839268195976,1.6296160118136676,0.08649484268409334,0.8504740766517853,0.3230394069355991,0.3897591714043277,1.7812359183990625,,1.9991627013864222,1.94880233226372,0.10470265174524805,1.9994164414799975,0.4030342683189551,1.517168518321786,1.0567980558673178,0.018197280151960222,1.9981492902440312,0.5555790003715064,0.01391182359507045,1.999451757320431,0.3213737517092051,0.1319135863672407,0.2864001745684067,0.04818257251396155
Colombia,1.9886142895609578,0.05381832822394365,1.8034915690032551,1.9945632934506774,1.9873328483187291,0.3187745575656737,1.9908319860534347,1.9486825382155373,0.07586561360084294,0.1871374827400229,1.988305116091775,0.053880677896473425,0.42488404587345224,0.04502964315531,0.05219395632862877,0.1418580322161699,1.9927205148519085,1.999511171703344,1.0,1.9524464765652811,1.8213045986054277,1.998606778515743,1.9543793029778551,1.9992837336234792,0.03408115302452906,0.6909209546914648,0.05381792926105764,1.9848471335652071,1.6649720453901382,1.9991681373928887,1.8685581715428503,0.4740497494448531,1.9536232099642714,0.19252225665416065,0.0695361013261657,1.9107380673742527,1.9960838379711774,0.4278997064810404,1.9600676894065088,1.998307998357011,1.0775466771929285,1.9955612956784465,1.999192743419277,1.8290251355993463,0.5302723213400825,1.8958987616533263,0.46168740034430994,0.0943804211879601,1.9536253444750742,1.9865158991791014,1.9894612878184619,1.9816324167569763,0.2378194952600278,,0.03650500807213914,1.987278072807196,0.17509499850933044,1.9917202825630227,1.8630574382002756,1.7979737107296285,1.7032021551035736,0.07369325489531597,0.053817819216819926,1.9685464113294961,1.9065808258246981,0.7387569102354569,0.03281917067204105,0.032501763556224576,0.08497029115862795,0.12241901110508151,1.1701521559973944,1.996499815641108,1.8063390020440087,1.9700628170140875,1.9593970788461685,0.9217955247432266,,0.06052849571886122,0.4459098956718817,1.995965358807371,0.0538179292610824,1.95623618311297,1.3008091039979357,1.6903860337405383,1.9995880626992484,0.06998855804676749,1.9159452196150486,1.9994149793519198,0.056061091831785745,1.972057154671623,1.993736301618065,1.9751646049175091,1.997929242235026
Costa Rica,0.5557812950345155,1.9601415837724376,0.49113746607330444,0.30032922074293134,0.21226042893844285,1.8633996977764857,0.6033396154062088,0.8594907285637208,1.9665724438650862,1.9056219377480457,0.6267540674385994,1.960150854723466,1.9956317058706228,1.9485596987795437,1.94983382365246,1.9769202278479148,0.28890603576956425,0.44438566594867895,1.9524464765652811,1.0,1.139669120190793,0.40062586898031627,0.36138541964221144,0.4821069227508317,1.9448819748887165,1.9713673319418392,1.9601415032605745,0.6129899847367535,0.7613487365443069,0.47159306053019606,1.0904473300364053,1.7993402747054035,0.8382590822511605,1.908001116648292,1.9631260987056627,0.9814244519841084,0.31548512741665025,1.9967827581684907,0.8111275078137705,0.4807736738339512,1.7880748507935358,0.512249861590429,0.3907202249151138,1.185809962065299,1.84706102853771,0.21809475798424313,1.817631289822797,1.958493737296995,0.8382501434438436,0.32622523427212763,0.6250728103798483,0.687966557768506,1.8890418672756866,,1.9529616193304795,0.6046979107747414,1.9364029212182914,0.6068781514175927,0.918635690743554,1.215522734723949,0.879721546877946,1.935185269775523,1.960140536635341,0.27422573916996834,0.17834869260413605,1.9445738280892135,1.953966433209366,1.9538492241581051,1.9597442264295535,1.974484106770975,1.331270255655152,0.5238246300985833,0.5123325192069778,0.30475041079311127,0.814576161281634,1.5348811600440069,,1.9620232837567522,1.9974376182827644,0.5296297914268541,1.960141503260578,0.8276576977425283,1.22513084733504,0.8929725827694508,0.4270682681471941,1.9663066028296665,0.9668947388893366,0.4573588864371385,1.9596305411996942,0.22700955427968506,0.3714444657420752,0.7060274741259326,0.44613549473050357
Croatia,0.8583225210475965,1.8010488464154688,1.4848818470558616,0.9438641426007042,0.9847945077046679,1.8732437639706836,0.6970661465226595,0.5981484395154631,1.7929082180431635,1.8590985786569234,0.7385364289065093,1.8010240964049147,1.6276364189325454,1.8177595043994332,1.8137332460775468,1.765578465915765,0.9650298363742069,0.8390795414309665,1.8213045986054277,1.139669120190793,1.0,0.8796049139049642,1.121339534101466,0.8010347296032002,1.830945896745561,1.4613919404886984,1.8010490303836737,0.743946484853976,1.646348074813372,0.820436404903534,0.5955485836768699,1.892081120361011,0.6135219763412797,1.8469922100499074,1.7944565143487532,0.5537060538492082,0.9248376612923432,1.6530948151920175,0.6135620760863932,0.8265145005945488,1.496261113734782,0.829994098432035,0.8728701490812604,0.5191273873079182,1.8114648450885784,1.3016159615172271,1.853632921592352,1.7956023787538364,0.6135245220969213,0.8942065063331266,0.728339366621134,0.6919166746082615,1.8710753595041696,,1.8127640477927751,0.8041408736600972,1.8062508941509277,0.6915656938731491,0.9160272335382368,0.3474030180255667,1.243479948524726,1.8437539484568843,1.8010496001408103,1.1041198098313703,1.2595625471416918,1.6066185109551296,1.8134738748111747,1.8221403543118377,1.7926396084871636,1.774299246541938,1.8563076436248394,0.8035978610546826,1.4902247464771126,1.0991052050163623,0.6020517463684265,1.9045098562932732,,1.7979927630653463,1.6239005774821444,0.7916346221936056,1.8010490303836628,0.614341489611496,1.8695554398280971,1.4520804755737453,0.8496689689274488,1.7964508914677049,0.6206172206801084,0.8297189042002951,1.8014440979724073,1.0964718301991432,0.9441398544524061,0.744760093471072,0.8645315251905938
Czech Republic,0.18494532059778307,1.999791214365747,0.81570071826901,0.10244667562844155,0.19943832680502327,1.9710749018329845,0.2477244908435284,0.4826088147370397,1.9991989036190676,1.9883182244938973,0.2416794355517632,1.999791707060475,1.9649412017595773,1.9991115449046242,1.9993468553392773,1.9974825419679632,0.11756947937949092,0.05426929765404696,1.998606778515743,0.40062586898031627,0.8796049139049642,1.0,0.35721144218684725,0.09887721277602864,1.9977709151569838,1.8956043945229608,1.9997912152813941,0.2740908296747103,1.059357144085766,0.07901580982291602,0.7374939822138665,1.9376508201352494,0.4592872788711359,1.9893680772147844,1.9997934812460567,0.6214667345076925,0.09024561633405644,1.9595078469589278,0.43151356694490917,0.08686061179721596,1.6761128176810107,0.1261915908630156,0.03224591939699236,0.8441821815199665,1.929509462087377,0.5962001529868651,1.9453650066454584,1.9993966572298851,0.4592779430144998,0.25361462970792586,0.23459428080798303,0.2999129284425453,1.9820656808426929,,1.9994746312983336,0.2189073614373415,1.9922830394693836,0.23708373967289215,0.7282822537775417,0.9325741878704824,1.0676379533464573,1.9957765091637845,1.9997912716431907,0.29120749088016556,0.5708976448100804,1.8554735358538537,1.9991133828358592,1.9988093430808476,1.9999502748937652,1.9980685335533832,1.6026099156537446,0.12781304135278196,0.8033282160171634,0.27516558461613805,0.43738789425725877,1.7602540182167006,,1.999756641837015,1.9589803602834008,0.14811160040131244,1.9997912152813944,0.44952658417683083,1.4855120615512143,1.022447095093896,0.040411694455270514,1.998956159425088,0.5968623194147963,0.06568910065547517,1.9998335808978651,0.2704454360455941,0.08479787517510647,0.32243903148381264,0.0533647927231452
