Country Name,Albania,Angola,Australia,Austria,Azerbaijan,Bangladesh,Belarus,Belgium,Bolivia,Brazil,Bulgaria,Burkina Faso,Cambodia,Cameroon,Canada,Chad,Chile,China,Colombia,Costa Rica,Croatia,Czech Republic,Denmark,Dominican Republic,Ecuador,"Egypt, Arab Rep.",El Salvador,Estonia,Finland,France,Germany,Ghana,Greece,Guatemala,Honduras,Hungary,India,Indonesia,"Iran, Islamic Rep.",Ireland,Israel,Italy,Jamaica,Japan,Jordan,Kazakhstan,Kenya,"Korea, Rep.",Kuwait,Kyrgyz Republic,Latvia,Lithuania,Madagascar,Mali,Mexico,Moldova,Mongolia,Morocco,Nepal,Netherlands,New Zealand,Nicaragua,Nigeria,North Macedonia,Norway,Oman,Pakistan,Panama,Paraguay,Peru,Philippines,Poland,Portugal,Romania,Russian Federation,Rwanda,Saudi Arabia,Senegal,Singapore,Slovak Republic,South Africa,Spain,Sri Lanka,Sweden,Switzerland,Tanzania,Thailand,Tunisia,Uganda,Ukraine,United Kingdom,United States,Uruguay
Albania,1.0,0.010011035516276783,0.0016985465254417912,0.0007367677823770828,0.005918675501053016,0.0028176016522811,0.0014620799154040258,0.0007315900686317119,0.0059820030554302425,0.007637303543805892,0.006900398983165142,0.009742388897560543,0.020539122022244928,0.004913962653300046,0.0017666843978508253,0.022473695853807908,0.006709884357306658,0.01014064197812478,0.00470993186283631,0.0023110086416504253,0.0013181473915911286,0.0007391164859970828,0.011716989283691796,0.002814984889288878,0.006575872148877728,0.027015493718401604,0.009426781494402788,0.0019572641262552825,0.001482833556763493,0.004961827220562983,0.0013797539954424956,0.008574568558237152,0.0033398342957295193,0.012289026129651388,0.005129892183588782,0.0015882181088678303,0.002035622880543369,0.009334410535000955,0.006689295703299646,0.010397013047154076,0.008459087102288966,0.005319771129136019,0.005770427756193261,0.001515045874293209,0.0022513161303808764,0.005609231541553499,0.008318403634476694,0.003864308237246443,0.012981632086192471,0.003119353336550424,0.0013986938285249688,0.003450354445875236,0.0043815050217211,0.0016275303933500616,0.003810019808600339,0.005551786178030365,0.0021256186343920312,0.0007056838065412863,0.0007350137953948199,0.0015675584295507853,0.0015973042615905516,0.02578303525381304,0.009280112183479449,0.002680884027986641,0.0013481532964574557,0.010468213372039726,0.011828154319541082,0.004320192459671957,0.02167639408793092,0.0038144734927745504,0.004044490045580533,0.0010168063755346156,0.0011418801729387868,0.004905706597311854,0.001220459522830217,0.005032801872203478,0.0016275303933500616,0.006681404986173646,0.010657080127552353,0.000860105794972448,0.003905762209363855,0.003316915098785369,0.0022613286494438957,0.00145492926068528,0.0016096065245936948,0.010016188699434322,0.0017565996301157065,0.001153519866970965,0.01830923610311462,0.0005959503148569227,0.0031409923399475918,0.0003273084491227353,0.0204700028963635
Angola,0.010011035516276783,1.0,0.010120091477964568,0.009307930766629315,0.015707153177029823,0.0072581102509413,0.011294244877258183,0.01021544288053822,0.0040340786500987,0.0028951483486859587,0.016812285526711775,0.000268670330710193,0.011099421508903027,0.005110402790519993,0.00824652090149518,0.012548498558684116,0.016581693815332546,0.020151618349238794,0.0053155509269741715,0.011843011071026456,0.008974710063876207,0.009281627852564448,0.02145610523505672,0.012810213295265585,0.003515700052578506,0.018689484801319687,0.0005842805668036469,0.011861739638589403,0.008661045930695851,0.014966574065794883,0.00864554042160076,0.0037193356400925127,0.013006334266757999,0.002807336919625369,0.004882853314387677,0.010876276882385516,0.011963307554103585,0.0033638577272816442,0.01633396368874227,0.0204033686989695,0.008407805740404667,0.015322848916228312,0.01576785020266723,0.008501170324684303,0.007821194389341927,0.014886951268377384,0.0035032965961671004,0.0061469526841883716,0.02257336547552657,0.0130531616035659,0.011297403065964037,0.01328475690888848,0.00580578717215988,0.008385570957598936,0.0062050566822168095,0.01552806721172179,0.007891737808948661,0.010499139566042372,0.009935839004936838,0.009402165417929712,0.008419933196462216,0.01599090182679891,0.0007309543230635243,0.012437015773486083,0.008712586998936145,0.00713052181030301,0.0018805003106207392,0.005694973549128265,0.011666618799934154,0.006206798625772724,0.008200958404663915,0.011009543437296475,0.009349867969828524,0.014672648242376253,0.008805505116383346,0.00707568000467139,0.008385570957598936,0.0033309651937117623,0.0034916434217370403,0.009152627355162271,0.0061053878948178954,0.012953209876328654,0.00855338448835171,0.008627879114599503,0.011619648877709386,0.00030748022481249745,0.01126833652269428,0.011163161069656528,0.008301715043423136,0.009638541381773351,0.013082005130307585,0.009784326915090572,0.030468540964383832
Australia,0.0016985465254417912,0.010120091477964568,1.0,0.0015459163134330617,0.005695429310821181,0.0029797918294004063,0.0024109824244282377,0.002422172453104689,0.006238472664997749,0.007361248372159566,0.007609799242476359,0.009857195236706726,0.02103962123003299,0.005097770110176562,0.002200316105941204,0.022665228864198757,0.006614013988348138,0.010517459590538143,0.004907836257606638,0.0018152486354756794,0.002476196279475926,0.0016395367183100226,0.011340416275235904,0.0035344261137577335,0.006611933474399871,0.02761773746612131,0.00954822607722643,0.002747656207416928,0.00166628700485285,0.005538022964709157,0.0020838167319847706,0.007918653069718356,0.004268709568027662,0.011914359842755266,0.005397301532759404,0.003257971729551882,0.0024533153933258686,0.009932437595806263,0.0075575525842838925,0.010830639150658811,0.009247355614552128,0.005891372257868092,0.0061291096940059185,0.002096728187893452,0.0024847070274870513,0.004911864146669491,0.00782982531359031,0.004165027983385087,0.013811976191696086,0.003473832007568164,0.0023569947087358346,0.004306727281422727,0.004321341183246241,0.002083270500037767,0.004080477354447645,0.006189395244861442,0.00252355093015886,0.001989625202094161,0.0022048867428672314,0.0030980564374667096,0.002022599985486051,0.025315157089811417,0.00940477709720455,0.0025238615674821937,0.001713451824948321,0.011267656203943967,0.011798210029387862,0.004549503490545408,0.02168367979217944,0.0041841814530591045,0.002948448330521529,0.0019511407498275055,0.0009225187671684141,0.004582703362526505,0.001986971924739874,0.00417552977720276,0.002083270500037767,0.006888562714209279,0.011208223895657059,0.0017665620291570856,0.0042048948481175265,0.004251407381726358,0.001591449229526851,0.0018476115538845908,0.00233387206473917,0.010169156996190278,0.003302342177984071,0.0019974919219250013,0.01826143951146516,0.0012395679281943862,0.0034223813414997898,0.0019251903205717853,0.02061485613388073
Austria,0.0007367677823770828,0.009307930766629315,0.0015459163134330617,1.0,0.006517469973518998,0.0020865219932952187,0.0021577860734643592,0.0012232774209203039,0.005289384706123093,0.006902892166108334,0.00763645661084388,0.00903948312213378,0.019942695678397328,0.004201217026777168,0.0010702904195808625,0.021799427569924607,0.007342284462491551,0.01085068209843848,0.003996419335112817,0.002791588872557639,0.0009349567839330494,9.797807573675734e-05,0.012338056741165395,0.003544792014803182,0.005853824820143888,0.026461368966114847,0.008724059015856545,0.0026393380158088674,0.0007473189268319637,0.005683737324030288,0.0007682101111380017,0.007840344190041579,0.00406298756271348,0.011555214780861245,0.004435728065029679,0.0022032672725897894,0.0026691396696188353,0.008766866087431576,0.007418795995699868,0.011114493191639836,0.008216852474997809,0.006042444206561522,0.0064600657885068025,0.0008623383002235574,0.0015200039052407112,0.0061003232444613465,0.007581635897717417,0.003164151166224056,0.013712958743339203,0.0037553269486284794,0.0021323988614538702,0.0041850236508072245,0.0036474876624664086,0.0009333201394632112,0.0031029923740782143,0.0062823931634925735,0.0014177122937793043,0.0013451851836944653,0.000985269742816724,0.001569290958384938,0.0008919283470355324,0.025048858252279583,0.008577485681984933,0.0032588885710495195,0.0006126697092930821,0.010208998757424887,0.011112010777191862,0.003612961033371758,0.02097448916332674,0.0031351907706361837,0.0034270891901686164,0.0017521140167027097,0.0007212017115121782,0.005508927392075829,0.0005982947962106364,0.004321741635422504,0.0009333201394632112,0.005983521226436262,0.01007377707559153,0.00023242621773947038,0.0032070952511395003,0.004038909068542318,0.001725206865823174,0.0007541420153447879,0.002321617009766419,0.00931893905408612,0.002409096824585082,0.0018794426176306864,0.01759945337661907,0.00039439765966896344,0.0037935021477662526,0.0006745202835264567,0.021161899195193297
Azerbaijan,0.005918675501053016,0.015707153177029823,0.005695429310821181,0.006517469973518998,1.0,0.008472977599498338,0.00494546887080082,0.006098635400837169,0.011752576302506937,0.013024047340505628,0.0034081498239884695,0.01544144963800759,0.02645416415970315,0.010623831103979983,0.007579781345559946,0.028252031013118527,0.0010135338647685953,0.004917743471630223,0.010423057394245955,0.0038956273427674624,0.007209490920829131,0.006569754786138911,0.005822262505686621,0.0033919884034443017,0.012192037609604989,0.03292655758737205,0.015129118216779144,0.004634824481555644,0.007078017786318084,0.0019332497718754608,0.007269623601924361,0.01358465157610017,0.004361563470064655,0.01760746307699297,0.010901683992224487,0.005854642006457213,0.003883451803273538,0.015253024760348378,0.004807085604135862,0.005256382967581503,0.01355159653362833,0.002161422770207616,0.0013374333179408237,0.007378866140617481,0.007932958681173621,0.0027074369234413756,0.013525240305821678,0.009642620448523303,0.00913260836426941,0.0027995107605116396,0.0049326869105403666,0.0036081824110255145,0.009905230138413722,0.007445769935614379,0.009563423586174355,0.0028349234740646634,0.007916971186970986,0.005614882794340937,0.006218842457495053,0.007256431539653412,0.007397204029354066,0.03100138587941651,0.014984037131031181,0.0032706129112629765,0.007067911037834191,0.01568391875691795,0.017424769048996376,0.010059006707945708,0.02732445786970677,0.00963393121536507,0.00846400253358746,0.0050330436272437926,0.006357385357103198,0.0017946957778211207,0.007104745784920277,0.009747101585964346,0.007445769935614379,0.01242668397520895,0.01657512422108419,0.006732877037470811,0.009681055373053877,0.004321369319919019,0.0072697303737777694,0.007120182109862578,0.004356829687715116,0.01574137202556035,0.0056179742790865616,0.004822114067662874,0.023908903580539924,0.006130772981145669,0.0028665868272509873,0.006240756117909872,0.014919569404447972
Bangladesh,0.0028176016522811,0.0072581102509413,0.0029797918294004063,0.0020865219932952187,0.008472977599498338,1.0,0.0042119457148846375,0.003200475473420874,0.003280132804085726,0.004821284877817343,0.009714999174872913,0.006990542674700532,0.018060265581598723,0.0021530480025000022,0.0010763763119168454,0.019786075299398267,0.009332509852076135,0.012928016201780065,0.0019504999642854697,0.0046490257933703375,0.001969779864112463,0.002078555310687115,0.014281522039991893,0.0056308788075901135,0.003774096093597517,0.02464762478261014,0.00667611994602574,0.004716296709263352,0.0014035683824471464,0.007769389421092199,0.0015205493726109006,0.005813861504857581,0.006079032623330932,0.00947193067601812,0.0024307817856057804,0.004090303602161481,0.004710447940456553,0.006988736139169735,0.009446394708331867,0.013197120509162271,0.00727512137975056,0.008128258175186032,0.008524745510821637,0.0013665216598904076,0.0006856735700209171,0.007878083479858368,0.005519997689990341,0.001185843454598877,0.015742953213084037,0.005802439706181946,0.004193202552027639,0.006241217468712837,0.001566154329534553,0.0012112061960411044,0.001101013080736023,0.008368404451631343,0.00072067750429609,0.0033921050786849824,0.00285363354159875,0.0026249369379999564,0.0012313866142747117,0.02296609591245801,0.0065300540607515075,0.005203007897719676,0.0014752082036460679,0.008957852713568559,0.009037062897643463,0.001586223116265057,0.018917769080542303,0.001210920905576887,0.002786229420106294,0.003834249054849623,0.0021310764602982023,0.007455076597382836,0.0016763206573200977,0.0030820522041150543,0.0012112061960411044,0.003955390268219322,0.008234469827813957,0.0019827025882152845,0.001225103990569162,0.006050070834890986,0.0016065038666359904,0.0013779764099714693,0.004406801141947239,0.007280544930147462,0.004346634462418637,0.003965784248455534,0.015530725727334393,0.002381370324157158,0.005824685360268858,0.002665253302103072,0.02321680225074411
Belarus,0.0014620799154040258,0.011294244877258183,0.0024109824244282377,0.0021577860734643592,0.00494546887080082,0.0042119457148846375,1.0,0.0011801633140102034,0.007265880733709199,0.009028908538553567,0.005523352027293214,0.011026181919407265,0.02154800282984199,0.0062520799997323375,0.0031372640134454547,0.02363162446649625,0.005695486798168928,0.008942814343641596,0.006051397624881782,0.0020679781540111023,0.002320396087981455,0.0021493224031314947,0.010689455834835136,0.0016181130890505606,0.007926654976201085,0.0279817005207973,0.010711474207439002,0.0006951600758600949,0.0029050300244007885,0.003753938133206512,0.0026988829368165437,0.009997944660508943,0.0019826242599109427,0.013673517052866579,0.006426905580682922,0.0013310234652326176,0.0011572217220342696,0.010329999081047654,0.005263218364120865,0.00915596110181514,0.009414047672405172,0.0040967168547834795,0.004676319166750916,0.0028516365941876056,0.0036312660985456857,0.005156373544055332,0.009729612454052683,0.005181052653310814,0.011555723591583744,0.0021624899452572033,0.0003256027796091963,0.0020299568207284443,0.005777322061755921,0.0030011636764529295,0.005149416527184401,0.0042447951281799215,0.003497060751283028,0.0008198412421944385,0.0013645484752006468,0.0023176792241414172,0.002980679210632551,0.02716546583823077,0.010565223869428075,0.002056972489149273,0.0027621970904546664,0.011426877027403706,0.01314470308232156,0.005653299736748269,0.02293123367179767,0.005101528226734597,0.005254829595364247,0.0006332289573330772,0.002557122780704366,0.0039197992481685845,0.0025402817871353436,0.006449584420108608,0.0030011636764529295,0.007970865654814434,0.011658731312919064,0.002231496704485979,0.00522945303403791,0.0019305357221979182,0.0036862643035636524,0.0028717651192006863,0.0006840782926224775,0.011283422278283776,0.001291288806181398,0.0005553400563810865,0.019590192841366164,0.0019824362833146657,0.0021231890809648877,0.0015486605659335254,0.019309292426606228
Belgium,0.0007315900686317119,0.01021544288053822,0.002422172453104689,0.0012232774209203039,0.006098635400837169,0.003200475473420874,0.0011801633140102034,1.0,0.006193995355214608,0.00799656038458315,0.006596968415523647,0.009947798414531219,0.020406727664917017,0.0051987067104394095,0.00212613175657546,0.022521636541904724,0.00684069931606944,0.010059479470137196,0.0050000174159703335,0.0026797422629805273,0.0012489771365588017,0.0011919707164846677,0.011828619530389922,0.002754111383175944,0.0068731459001962585,0.026830268263894584,0.009633651861645838,0.001822184912443869,0.0019462043611047223,0.0048773552832632565,0.0016806326203977619,0.00901167177658637,0.0028785593651020074,0.012631018477269362,0.0053607227608691325,0.0009937712890380303,0.0022340670908817624,0.009188400882248584,0.006246087596786494,0.010265217116855066,0.008250625742861322,0.005215618234922073,0.005811762337822102,0.0018345964412339575,0.002592435331083735,0.0059482035294944335,0.008717251995134455,0.004123597339741831,0.012542511406067903,0.003321984417051024,0.0011810028504844043,0.003073604041359896,0.004757128768032028,0.001994481484918865,0.00410199478021841,0.005345065960262858,0.002479854863902976,0.0005705589479319926,0.0005081293882964129,0.0011732947093513848,0.001979976222093796,0.026117114763467984,0.009487670416043684,0.002892370299675422,0.001790754453306044,0.010253068823854615,0.012072869532779579,0.004600807775628487,0.021840527451394375,0.00403938435837104,0.004630137091509884,0.001068849916149402,0.0016974497633472122,0.005069764586147408,0.0015271210920676252,0.0055348218249659225,0.001994481484918865,0.006898529049200842,0.010516882920460276,0.0012530765342699574,0.004176285381900043,0.0028501218498039665,0.0027998528690664375,0.0019015675188538386,0.0017447872626035327,0.010201041610389297,0.001190862590691947,0.0012883739875301115,0.01850519275184409,0.0012321824750987605,0.0032704539064386893,0.0006024686857379442,0.020426580423465207
Bolivia,0.0059820030554302425,0.0040340786500987,0.006238472664997749,0.005289384706123093,0.011752576302506937,0.003280132804085726,0.007265880733709199,0.006193995355214608,1.0,0.001953401520991709,0.012787773940981642,0.003765492476271246,0.014811202650639083,0.0011412751179047179,0.004222099373736227,0.016515080939958536,0.012607043263669758,0.016120744568163904,0.0013329406881335026,0.007924141139644942,0.004948714016334203,0.005257285382657556,0.017560120742516644,0.00877637969384307,0.0007612441369194327,0.021443010265377285,0.003450063577929092,0.007827926900302148,0.0046770668061049125,0.010933244423350492,0.004612492290332806,0.003854047791849654,0.009018307369738084,0.006487209592314582,0.000853765884401003,0.006897165093655543,0.007955023354625662,0.00393365253261291,0.012368646848658738,0.016369877216510204,0.007141483273679113,0.011289245384069991,0.011747006108434224,0.00446937219040927,0.003824056570102313,0.01110632464369123,0.0036017024281955134,0.0021255650562511637,0.01863952604643329,0.009042643004379321,0.007265709536215073,0.009267104032102923,0.0019574072142068567,0.004360706828828796,0.0021930542775974895,0.011494905523552536,0.003871682872327201,0.006466482713915473,0.005905286403096176,0.005435656235591032,0.004397995381969893,0.01994376985416477,0.0033034798645314584,0.008482873648304386,0.004704990194498364,0.006683710128848581,0.005879328151803711,0.001693993374803858,0.01569537062341666,0.002172784072959384,0.004621661682231479,0.0069763681373039895,0.005409457296936735,0.010735193750345016,0.004772349814729009,0.003904994186494511,0.004360706828828796,0.000704988134479267,0.005037481089873105,0.005122375010272828,0.0020826074738282,0.008973272125755032,0.004743798835747332,0.004638659392739865,0.007591511925344167,0.004034472616861441,0.007273813813049288,0.007132440864598488,0.012335790716660808,0.0056416272737367604,0.009078672824074534,0.005750265162463357,0.02644929317264491
Brazil,0.007637303543805892,0.0028951483486859587,0.007361248372159566,0.006902892166108334,0.013024047340505628,0.004821284877817343,0.009028908538553567,0.00799656038458315,0.001953401520991709,1.0,0.01453627243202622,0.0026478874539470646,0.013994398637430376,0.0028201169835855903,0.005892250615539219,0.015353419627888807,0.013929104262480849,0.017699342158240053,0.0030120766445871612,0.009129913148449544,0.006750492797909771,0.006898800555767717,0.018632160499368677,0.010446348932069815,0.0012527160664278594,0.021122222503894922,0.0023599524150754387,0.00953743403770587,0.0061705688343993495,0.012573297214857535,0.006330366888442161,0.00216237666678044,0.010865925821762231,0.004652860740970025,0.002707600361668338,0.008798165854311538,0.009472592214206904,0.004567650287971384,0.014232007722951787,0.0179838331719248,0.008739381901419544,0.01293255355245336,0.013283265966730016,0.006177357848234579,0.005406829477924358,0.01202077976553537,0.0018366619734500136,0.0038925796554751795,0.020521637505389947,0.010560858251622287,0.00901238146216788,0.011055848704145922,0.0032558261396165677,0.006029043346789345,0.003898566435783142,0.013183403169085521,0.005531996345449999,0.008209646414567486,0.007666806698723991,0.007325349787159238,0.006051470342566243,0.01814596819065825,0.00222751196029726,0.00976887906632818,0.006290231992162866,0.007989480789641856,0.004469478117880496,0.003409390771199744,0.014324648444805155,0.003983233794517164,0.005307081811988811,0.00865408578959092,0.006707944994746665,0.011943588712832003,0.0064886892640344885,0.004185858963915479,0.006029043346789345,0.001460295791517862,0.005090592679223401,0.006803483968612007,0.0038312891217819342,0.010830779590828465,0.0057698298370763524,0.006186202880088319,0.009214750369938029,0.003001720614227596,0.009122217255789815,0.008781135768918601,0.01090112125436023,0.00715310843450034,0.010549833338059686,0.007480771354139928,0.02791414299635611
Bulgaria,0.006900398983165142,0.016812285526711775,0.007609799242476359,0.00763645661084388,0.0034081498239884695,0.009714999174872913,0.005523352027293214,0.006596968415523647,0.012787773940981642,0.01453627243202622,1.0,0.0165445674361029,0.026635186086040076,0.011774089926743028,0.008646870076963782,0.02905495981058072,0.002834693523420538,0.003785883762578733,0.011572914850905777,0.00585875302343761,0.007839148542538487,0.007638039320998634,0.006500808736512185,0.004109109474275944,0.013448065780252573,0.03282270246656816,0.016230298528849114,0.004999033051854303,0.008378289183483698,0.0020979503228995278,0.008214681862219731,0.01544440434223965,0.004045796528146355,0.019186169192061238,0.011950067849637673,0.0059409033638790736,0.005165271883627227,0.015520934444826546,0.0018138561800846503,0.0038804313441649966,0.01247125440840295,0.0017644281498438786,0.0020780728264187436,0.008366142313257323,0.009144797879098655,0.0058921584297707726,0.015214977291315105,0.010704148756872246,0.006227996295551226,0.004239781787295433,0.005531076386276113,0.0035406452916003674,0.011280666289840285,0.008509297989235198,0.01067028839633737,0.0014396038049585833,0.00900784334221576,0.006334860136102537,0.006887074914161486,0.0075660011242981925,0.00848560557407584,0.032680180971614264,0.01608424877543139,0.005096031928289732,0.008248520405077163,0.014913894971495385,0.018667061266376867,0.0111753441617124,0.02843082727974624,0.010624869712023536,0.010541039072333041,0.005884385449467441,0.007953441325954061,0.0036352874814854145,0.008055151266847135,0.01178423979358894,0.008509297989235198,0.013492672649603802,0.016784601572200686,0.007733465424716488,0.010751865614476663,0.004089647970640981,0.009052672460249944,0.008354595798597955,0.005346638034700044,0.016797883077655,0.0056308442725170865,0.005764902715379153,0.025100587634973352,0.007413241724002036,0.004202157080600933,0.0070632184439565725,0.01401889998414832
Burkina Faso,0.009742388897560543,0.000268670330710193,0.009857195236706726,0.00903948312213378,0.01544144963800759,0.006990542674700532,0.011026181919407265,0.009947798414531219,0.003765492476271246,0.0026478874539470646,0.0165445674361029,1.0,0.011347049642958334,0.00484232675488095,0.007977924931706917,0.01281306471160406,0.01631518529353289,0.019882963421211434,0.0050474578526281955,0.011578569312231923,0.008706751073756167,0.009013051779847448,0.02119443955969616,0.012541574906441177,0.0032506937856702296,0.018838253559499703,0.00031561390503500166,0.011593222565481353,0.008393621742366873,0.014697912668520989,0.008376879228435346,0.003608748366253995,0.012740824064467223,0.002980025933473803,0.00461418728814973,0.010608846057867754,0.0116952452872486,0.0033286972703017222,0.016070048364204198,0.020134709951076347,0.008328499175844916,0.01505419604335553,0.015499440651065854,0.008232500041910683,0.00755321704665161,0.014630116582144123,0.0033220605588964304,0.0058783362648718775,0.022311744538938912,0.01278501977068097,0.011029090328943485,0.013017449145407253,0.005541350865027354,0.008116970407219655,0.005936573127013658,0.015259643393665616,0.007623216606213398,0.010230746576875373,0.009667613376892138,0.009137569958237803,0.008151382739817583,0.016252025077451264,0.0004622877803493543,0.0121712194873634,0.00844439468195984,0.007067693991357081,0.0021426111393382905,0.0054265221169621245,0.011935127201773189,0.005938189795271943,0.007951163358104996,0.010740881397950614,0.009084274904619981,0.014407894390532389,0.008536845711835937,0.0068316198674729985,0.008116970407219655,0.0030623085161527903,0.0035130894378637492,0.008883964164727453,0.0058367581308277055,0.012688187221835423,0.008292486585518864,0.008360008571012748,0.011351024256892238,0.00042362742973583875,0.011002313618091016,0.010894498408073267,0.008570316887538895,0.009370771275375375,0.012814191519081586,0.009515752633740906,0.03020026550776487
Cambodia,0.020539122022244928,0.011099421508903027,0.02103962123003299,0.019942695678397328,0.02645416415970315,0.018060265581598723,0.02154800282984199,0.020406727664917017,0.014811202650639083,0.013994398637430376,0.026635186086040076,0.011347049642958334,1.0,0.015952067523146016,0.018889473337521112,0.005684728534702988,0.027240546778265748,0.030360392612300696,0.01613595279652284,0.022700003884857205,0.019272071189593176,0.01988725188485607,0.03223273993455268,0.023160286690871987,0.01449594602652835,0.0089008576271713,0.011639046257918666,0.022036294764672247,0.019413706451653873,0.025253297105861883,0.01918505228917437,0.014482968825390234,0.0225924069838083,0.010665986560328392,0.015646441462571277,0.020856276761480802,0.022574414745823633,0.01121834883131681,0.025321678786733734,0.030502792798287697,0.01647775062035376,0.025565764184686847,0.02621480916597052,0.019080357806256013,0.018567950320351953,0.02591634237197408,0.014137055387742646,0.016874664006303323,0.0305461706369729,0.023658033472748932,0.021587628248207084,0.02319993924560121,0.016759061335906572,0.019021037597387207,0.016959343843551508,0.025572514154843375,0.018557189087536827,0.020857060450176587,0.020255707229012775,0.01923413599087427,0.019073748139789334,0.010969870737800093,0.011774886276350843,0.023201095003404528,0.019408920467691364,0.011870974817087867,0.009687691754027606,0.016493800041620883,0.006450651356995256,0.016860904828466906,0.01929708082884372,0.021446813531139426,0.020178215636932437,0.025443996498513356,0.01935090038653591,0.0181721511277398,0.019021037597387207,0.014183817689735662,0.009890023031576094,0.01972290330831373,0.016835277759853058,0.022556302717024794,0.019549324375082684,0.019335522449835385,0.022117879502052323,0.011000822102883409,0.021085127019327958,0.0216477935477518,0.006861414133368123,0.020334965940460067,0.023666307132746082,0.020222319756932124,0.04064671935792653
Cameroon,0.004913962653300046,0.005110402790519993,0.005097770110176562,0.004201217026777168,0.010623831103979983,0.0021530480025000022,0.0062520799997323375,0.0051987067104394095,0.0011412751179047179,0.0028201169835855903,0.011774089926743028,0.00484232675488095,0.015952067523146016,1.0,0.003147327354781049,0.017633045279623106,0.01148553108950618,0.015051141973015339,0.00021272403541188487,0.006786890432306819,0.003949778843443153,0.004179587111330117,0.016423867390046958,0.007724910912394,0.0016749239775459837,0.02257646466174735,0.004527337044394548,0.0067898326014900826,0.0035561206751860406,0.00987564658172838,0.0035640904774878147,0.004020046679248708,0.008055460427880433,0.007434227398353134,0.0003155948892082726,0.005978173324245687,0.006852918705879292,0.005012026407033898,0.011418356107470079,0.015310882993239554,0.007219994967195565,0.010233368384780886,0.010659295379593484,0.003415053041471005,0.002711057186195622,0.009966178888746945,0.003785219333351842,0.0010763111390314263,0.01770434846065308,0.007942798253619189,0.0062432023584316244,0.008269300734803395,0.0008305195168599597,0.0032864607608572606,0.0011056933673295921,0.010456536930718208,0.00278883637076709,0.005439821457593262,0.004887603216466667,0.004505242601559061,0.003317629488148107,0.020918460080838537,0.004380995603516572,0.00735345566086285,0.0036024400096714543,0.007377312544951024,0.006914224601008385,0.0005987818179570416,0.01677541473074856,0.0011651041841505526,0.0035881539771998767,0.005922202181350894,0.004274935253686971,0.00960306020040021,0.003724163025332886,0.0032879542463291546,0.0032864607608572606,0.0018029065213018875,0.006168314722382058,0.00406009445048108,0.0010229225793742657,0.008017515557690822,0.0036068166670923754,0.003518621456635302,0.006518976105664265,0.005128745979825256,0.00631007352281236,0.006067482450962426,0.013398311138443548,0.004529549897246665,0.00797247751821882,0.004713374410363757,0.02535852856817412
Canada,0.0017666843978508253,0.00824652090149518,0.002200316105941204,0.0010702904195808625,0.007579781345559946,0.0010763763119168454,0.0031372640134454547,0.00212613175657546,0.004222099373736227,0.005892250615539219,0.008646870076963782,0.007977924931706917,0.018889473337521112,0.003147327354781049,1.0,0.02072946107997933,0.008410709690044762,0.011906143092615127,0.0029433899358718455,0.0038202086726292616,0.0010433078659289458,0.0010354102895816474,0.013401917001104548,0.004578850971128142,0.00481159380727437,0.02542811412355353,0.007662357015208286,0.0036512744064061543,0.0005489954844329614,0.006728329848096931,0.00044558506420606963,0.0068856587251471275,0.005004379733828054,0.010539698905615246,0.0033688138547929673,0.0030399915312825814,0.00373943007016825,0.007735638878651001,0.008371128388439722,0.012163695947719965,0.0074376185642048365,0.007086111300182357,0.007524949099421066,0.0002918717736053498,0.000497935029756715,0.007111002792522295,0.0065963653645158705,0.0020996649386759523,0.014667846844073974,0.004825546592267013,0.0031201352074360293,0.005165832112324276,0.002640227464404561,0.0001391674262373232,0.002043467112063562,0.007313331000259191,0.0003611027738304706,0.0023176132869077793,0.001793962927576789,0.0017184901289222264,0.00018706544246421334,0.02403343068515173,0.0075157095385288905,0.004317447446016996,0.0005220927059608041,0.009417504750478908,0.010061549593651959,0.002553731660335766,0.019912805517964993,0.0020649006684526046,0.003222669698086091,0.002776663050195191,0.0013032147083146426,0.006570704205159219,0.0006000648182576966,0.0037297983483488032,0.0001391674262373232,0.004918697164813761,0.009029116829917246,0.0009151749821661568,0.0021415775597448637,0.0049762524214938195,0.0016538284516528544,0.00045985502524508186,0.0033734549437801856,0.00825427662469769,0.003275703848455747,0.0029201897324389837,0.016543130312416356,0.001449128560643938,0.004863778604243866,0.0015895039923738952,0.022227281824399057
Chad,0.022473695853807908,0.012548498558684116,0.022665228864198757,0.021799427569924607,0.028252031013118527,0.019786075299398267,0.02363162446649625,0.022521636541904724,0.016515080939958536,0.015353419627888807,0.02905495981058072,0.01281306471160406,0.005684728534702988,0.017633045279623106,0.02072946107997933,1.0,0.02911857609904798,0.03257152643611369,0.0178360161307435,0.024391509129161736,0.02132535198252987,0.021761814940563583,0.03398512660711303,0.02522125089874927,0.016063734375262158,0.01293048085271695,0.013124366974049584,0.024244619455635493,0.021188516208253884,0.027376393149968876,0.021094209801422514,0.015528254743125691,0.02509913480889782,0.011158580565861937,0.017368548606159516,0.023128038024216462,0.024467923569448522,0.013703783884791917,0.028267141970153405,0.03278664036788451,0.018985740597509904,0.027724811081637733,0.028243648337205392,0.020960228355522532,0.020338119106630588,0.027364160122351697,0.015196392865324163,0.01863896776825736,0.034286740973151125,0.025554647089018112,0.023668013981101365,0.025516786675032377,0.01835427456711526,0.020867159377468976,0.01870805385368194,0.027863310430654244,0.020382842631423426,0.022880889227172716,0.022297649173378772,0.02149976817573418,0.020907578918422876,0.005320741404083558,0.013269061525447733,0.024981473006406234,0.021219854812632735,0.014772636412395616,0.010884804242618423,0.018204225280796467,0.0020993932890522047,0.01866521218228767,0.020602639574180393,0.02344236890842858,0.021895833358639843,0.02722094721320761,0.02125337896924459,0.0194023282620349,0.020867159377468976,0.015831061573253258,0.012968833783165259,0.021615782211801333,0.018596583160036418,0.025026594845377823,0.02108913494959427,0.021149499872724863,0.02408143126813731,0.0125106666459511,0.023428875346502127,0.023614770121159052,0.004623933908014752,0.022156582610595863,0.025592269417817788,0.022202481077912575,0.04293291954947051
Chile,0.006709884357306658,0.016581693815332546,0.006614013988348138,0.007342284462491551,0.0010135338647685953,0.009332509852076135,0.005695486798168928,0.00684069931606944,0.012607043263669758,0.013929104262480849,0.002834693523420538,0.01631518529353289,0.027240546778265748,0.01148553108950618,0.008410709690044762,0.02911857609904798,1.0,0.004010098902879218,0.011282705203018993,0.004808100904583638,0.007968980725471612,0.00738861475393533,0.00500725604809734,0.004094867024440938,0.013069934018122821,0.033657745698393464,0.01600191152954685,0.005346841140622498,0.007930597359184638,0.0020946545263423404,0.008078975957432781,0.0145068229072026,0.0049145119870443055,0.018522680981183384,0.0117544506655737,0.006496031904859749,0.004680351494105113,0.016024492270344658,0.004468332446564633,0.0043532445894659344,0.013785969609310363,0.0019476304699994579,0.0011548536713836706,0.008198361715683937,0.008783044058272415,0.0035342738410038535,0.014443175256338155,0.010488598715907418,0.00821783773496499,0.0035963934693850662,0.005662403882458779,0.004199245477849679,0.010787910355225583,0.00827488655954025,0.010414509543593908,0.0024296703702427966,0.008751927874250274,0.006383567080625973,0.006984850183428877,0.008013009247914017,0.008229859383771153,0.031923033645220436,0.01585637500643553,0.0041606234663960585,0.00790756893259973,0.016091633635977824,0.01831391398108797,0.010915579735828993,0.028214968118405587,0.010472942699363257,0.009383438164906058,0.005793739923807691,0.007241321058057887,0.002142222528007311,0.007917134014005274,0.010667315255439808,0.00827488655954025,0.01328773235999929,0.01735281753551467,0.007546887232924733,0.0105290797300664,0.004899393967327851,0.008183527060722338,0.007969753509392769,0.005123517415728366,0.01661065101593503,0.0062693460694163445,0.005594158020101573,0.024803509002100627,0.006968134348203121,0.0035742605618033067,0.007020778108396226,0.01400134738212846
China,0.01014064197812478,0.020151618349238794,0.010517459590538143,0.01085068209843848,0.004917743471630223,0.012928016201780065,0.008942814343641596,0.010059479470137196,0.016120744568163904,0.017699342158240053,0.003785883762578733,0.019882963421211434,0.030360392612300696,0.015051141973015339,0.011906143092615127,0.03257152643611369,0.004010098902879218,1.0,0.01484655253461105,0.008704671575997941,0.011246296537331744,0.010871978454212686,0.004541000114628306,0.00735431311608928,0.016701667403827402,0.03659974767517932,0.019567351636223782,0.008334308519436976,0.011546073702314735,0.005196238140865172,0.011508833823139861,0.01843599749744958,0.007780926237125944,0.02234269232276801,0.015269617871371072,0.009517134696638528,0.008229552784146554,0.019183296173159035,0.005380958963270614,0.0005337902687344036,0.015880149254438466,0.0048467803342923015,0.004416346724394098,0.01165138679003208,0.012355326379815082,0.007473581437949785,0.018300383633420594,0.014004941927058139,0.00598859378623168,0.007139092513548387,0.008903536789054907,0.007163295899080232,0.014466676543768792,0.011767004559254042,0.0139493619231922,0.004790895623228543,0.012262857680333243,0.009691630790144144,0.01027388341220738,0.01118108709746628,0.011734096102173505,0.0358090639617975,0.019420679567970573,0.008003710659399449,0.011455641650166468,0.018696761839998365,0.021962420798243676,0.014459701560297567,0.0318161108107031,0.013949517497955546,0.013366674628997113,0.009146340610561325,0.011007833140581017,0.0061456232836815715,0.011349175490549649,0.014643998934491349,0.011767004559254042,0.016821492036308068,0.020486216577282473,0.010999089336227875,0.014046402396807347,0.0078087301118591225,0.012044761033604974,0.011550044252948661,0.008532730018138712,0.020155178092223655,0.009279611939722576,0.008988582804436884,0.028449097929312026,0.010558366325450087,0.007152300795377826,0.010380739404546428,0.010367103792230556
Colombia,0.00470993186283631,0.0053155509269741715,0.004907836257606638,0.003996419335112817,0.010423057394245955,0.0019504999642854697,0.006051397624881782,0.0050000174159703335,0.0013329406881335026,0.0030120766445871612,0.011572914850905777,0.0050474578526281955,0.01613595279652284,0.00021272403541188487,0.0029433899358718455,0.0178360161307435,0.011282705203018993,0.01484655253461105,1.0,0.006591200718086983,0.0037512349868870872,0.003975212869360039,0.016227345065667614,0.007521426826447844,0.001875266007718117,0.022749229177286855,0.004732441677013331,0.006587283888445113,0.003352584818158944,0.009671706261410503,0.00336161296131447,0.004207248250852114,0.007859342981058224,0.007631696177848079,0.0004896773798195669,0.005787598598683955,0.006647792110602204,0.005149436719413615,0.011223167945003793,0.015106725490941575,0.007111102906918084,0.010029499565372756,0.010454243180192628,0.0032122401819006594,0.002506097783977132,0.009785998826390002,0.003971888357748513,0.0008807645075375432,0.017510460424005926,0.00773763467505118,0.006041893306129321,0.00806973806731114,0.0007042722291817014,0.003082500455279781,0.0009031137366113173,0.010253610052468047,0.002584590718121544,0.005238338467904806,0.004686862779720881,0.004313931923901788,0.0031133468576335197,0.021117556957826335,0.00458608375626416,0.0071528932630580055,0.0033972816673473096,0.0074146763890174305,0.0071182296197827835,0.0004025458816722739,0.016980554596008113,0.0009711641480839087,0.003509868191901609,0.0057187629013399546,0.004076936547323638,0.0094038405279457,0.0035216497509582504,0.003313124573079935,0.003082500455279781,0.002005028484723035,0.006337551530340391,0.0038565697667714083,0.0008237554906571087,0.007822119385559718,0.0034368880081580146,0.0033142005410383,0.006314555472876993,0.0053333194786313095,0.006114243396816183,0.0058634449904773536,0.01360304731768257,0.004324866355763927,0.007767578747499097,0.00451139539928016,0.025153363461436123
Costa Rica,0.0023110086416504253,0.011843011071026456,0.0018152486354756794,0.002791588872557639,0.0038956273427674624,0.0046490257933703375,0.0020679781540111023,0.0026797422629805273,0.007924141139644942,0.009129913148449544,0.00585875302343761,0.011578569312231923,0.022700003884857205,0.006786890432306819,0.0038202086726292616,0.024391509129161736,0.004808100904583638,0.008704671575997941,0.006591200718086983,1.0,0.003611291410016813,0.0028567921572400755,0.009637049415063496,0.0019622780400805986,0.008328170477661824,0.029247524969229863,0.011267754878115696,0.0019999466619328925,0.00328869849916401,0.003769564238482303,0.0035591185643910677,0.009732695053544207,0.003634092979454221,0.013714613260199989,0.007077882930432933,0.0033044522186279272,0.0011234841188052277,0.011553335276673217,0.0059075345733002015,0.009020552306569826,0.010658359962595537,0.0041181869621233795,0.004326861602580927,0.0036448754293486258,0.004132175174812579,0.0033220910580772996,0.009637288943569635,0.0058331535088237026,0.01208237456853618,0.0017862330571976857,0.0021209799927029045,0.0030684292937023226,0.006037244150801716,0.0036918030270819487,0.005748794470177674,0.004436476320634435,0.004148746340304972,0.0021665382817250348,0.002664243556237988,0.003662465524465853,0.0036347467050646606,0.02712952223963369,0.011123415468245586,0.0010579733996750732,0.0032981599200646115,0.012694216944582098,0.013543021372133333,0.006231078065710012,0.023439040199471142,0.005839835173733336,0.00469807977587957,0.001811256668360638,0.002521788781203679,0.0028305837760306796,0.0033893800566974475,0.0059600160477479595,0.0036918030270819487,0.008585836521862303,0.01284855001133731,0.0030212087993660066,0.00587093094385357,0.003566703811278577,0.0033754282945845215,0.0034284168381019976,0.0015068802046353594,0.011884544953575268,0.0032184458274511826,0.0016336940155247026,0.020020618481823467,0.002400444357080176,0.0017359224788363824,0.0026303050209622605,0.018808702254986084
