Country Name,Albania,Angola,Australia,Austria,Azerbaijan,Bangladesh,Belarus,Belgium,Bolivia,Brazil,Bulgaria,Burkina Faso,Cambodia,Cameroon,Canada,Chad,Chile,China,Colombia,Costa Rica,Croatia,Czech Republic,Denmark,Dominican Republic,Ecuador,"Egypt, Arab Rep.",El Salvador,Estonia,Finland,France,Germany,Ghana,Greece,Guatemala,Honduras,Hungary,India,Indonesia,"Iran, Islamic Rep.",Ireland,Israel,Italy,Jamaica,Japan,Jordan,Kazakhstan,Kenya,"Korea, Rep.",Kuwait,Kyrgyz Republic,Latvia,Lithuania,Madagascar,Mali,Mexico,Moldova,Mongolia,Morocco,Nepal,Netherlands,New Zealand,Nicaragua,Nigeria,North Macedonia,Norway,Oman,Pakistan,Panama,Paraguay,Peru,Philippines,Poland,Portugal,Romania,Russian Federation,Rwanda,Saudi Arabia,Senegal,Singapore,Slovak Republic,South Africa,Spain,Sri Lanka,Sweden,Switzerland,Tanzania,Thailand,Tunisia,Uganda,Ukraine,United Kingdom,United States,Uruguay
Albania,1.0,0.27456457051320204,0.03364766341931966,0.008635346222311047,0.12099073964989274,0.09132584942309299,0.029230501246431145,0.009818916980857906,0.18474006141346389,0.219228662303462,0.15115603100029476,0.26860991585778515,0.5036528831262956,0.15967989795939444,0.044681228545313895,0.5627559840600235,0.13643633608615024,0.22076220578260794,0.1552507909417952,0.034036810448380556,0.017991468445607867,0.009188985919394599,0.35330805904626106,0.05441967929302316,0.19762143805500154,0.6858913619047161,0.2616245771343877,0.03930378666117573,0.037504790394084275,0.10136591859527588,0.029387170033914778,0.23848845516099834,0.06806779559710299,0.32302023702421145,0.16502533962219906,0.02603787231295615,0.03696412414608896,0.26536465210100035,0.1455047926002622,0.22647423380301654,0.18177591412259392,0.10923842151196717,0.12064325786615773,0.03248168447219543,0.05955929795455431,0.11209274929805665,0.23262395282578732,0.13043966631254034,0.28687295285850223,0.06267038226713281,0.02475305682349932,0.07101924373174678,0.14682302363603097,0.038830084983991764,0.1311403503524077,0.11357762334575128,0.06489865006646578,0.012417457903046242,0.014754031520481742,0.022442143829788402,0.028555821020158828,0.6461732674101246,0.2583770928148299,0.0448066443667792,0.025870126275977595,0.318577035655259,0.3141754087492684,0.145245738175096,0.529799598466031,0.12813705268146927,0.06720720742059003,0.018948687381563717,0.02548736942966423,0.09865571798274067,0.023132087527657386,0.08066248596815528,0.038830084983991764,0.2002562064916416,0.29154995788198046,0.014076725708418614,0.133603350003021,0.06969868298198761,0.05095642599329925,0.03801551010386697,0.029865627159510216,0.27487098280173095,0.02926858986462949,0.0219399943661589,0.462181292886777,0.008368485001773646,0.05989144514958614,0.008790343359075081,0.4593827769309787
Angola,0.27456457051320204,1.0,0.25740078326347954,0.24064096602683535,0.5862867305051335,0.1554070855341669,0.3676598905857088,0.2878941689960067,0.0583532605453983,0.047244936313568964,0.5980572280257201,0.011321625661611545,0.14794721501519154,0.08474528923449853,0.18393626406115407,0.19936217141233664,0.6328051248021361,0.776893931525153,0.08566603220231328,0.3761276165483883,0.2414943619939655,0.23886155916084575,0.6480527543847309,0.4594392575243478,0.044377981921385284,0.33317570422221954,0.020790252170222928,0.3875206323686604,0.1961399285082647,0.577863262620175,0.20280511243184887,0.06811832771725299,0.406217806816632,0.033265912374200124,0.07870098335561113,0.3291806095867619,0.4050104195584886,0.046684578160754164,0.4934226648975437,0.7820441274416373,0.23983861756272745,0.5724329731069014,0.6374210589228712,0.1955878963948163,0.18093076071809094,0.397296861940201,0.07434539691032166,0.1137114490219461,0.6099316851796385,0.4796527303469186,0.3571359418305619,0.4446729969830139,0.10270157775194252,0.18940891476387053,0.11541958278224893,0.5263350196924803,0.17454962395530738,0.31909552969401833,0.21417931447081587,0.2812052004455157,0.1987376352604332,0.2680550845711728,0.020068191477536357,0.38105038607587205,0.20486302538595158,0.12284757429401727,0.03347756687077641,0.09738197664795195,0.18302530303403688,0.11526252812618917,0.19273120303373661,0.34032640660713404,0.2264029872768916,0.48137471661794795,0.21289087411817806,0.15316203574881743,0.18940891476387053,0.04513327522114413,0.04772312089855257,0.23086914597962896,0.11260162680791244,0.40877092357786804,0.18724150008324209,0.19454958161415964,0.384695394510337,0.013212495222148235,0.3251878442424315,0.35627094576194296,0.1213966399192691,0.2529027642375442,0.45262127739435815,0.26130023243041545,1.0018754030041017
Australia,0.03364766341931966,0.25740078326347954,1.0,0.027690824198886632,0.15647439760479992,0.05370484197655112,0.052360756753535936,0.04759306434558977,0.16070144960818253,0.2049755628738615,0.1665012856298307,0.2511474496159932,0.47865062761846416,0.12408982785443665,0.04429752830550074,0.5378207166223852,0.17023132235381402,0.24269180292911832,0.12172455003128663,0.05226770290802174,0.03830246031826637,0.029123107223651856,0.36944687803721177,0.07877991814563534,0.17575200448199316,0.6821451253477901,0.2438133781810162,0.06223058120824493,0.03467351592064016,0.12726058463890555,0.04159095455390599,0.18523858377184338,0.08067350924232608,0.3147221332265394,0.13764880238954433,0.05851594172446328,0.0639168723743096,0.23566617675257232,0.1547333221487647,0.24382120291797504,0.19443475871693394,0.13017282206104758,0.14666893910490536,0.04228697547608906,0.04779964475435958,0.10765306726995108,0.17258418575783777,0.08452323407241166,0.2978776966724575,0.09317713502490543,0.04914364540857469,0.08494252669144584,0.08802785138900387,0.0437770034864213,0.08539444918003761,0.13376739203650562,0.04621777636401811,0.03816000125474667,0.04019485278188101,0.05164960036213437,0.037974123426468775,0.6304696308215169,0.24040419113167225,0.06577226288736604,0.03660951079520827,0.30426052094889766,0.3013003822455841,0.10658203208455327,0.5154831694960762,0.0906110040293498,0.04278877096774528,0.04373124119791874,0.019416492158783688,0.12507329717739724,0.03895736454861054,0.06478575609767911,0.0437770034864213,0.1792938483096916,0.272983428839382,0.0315913860649045,0.08984798427017518,0.07867005339223804,0.03368097602239853,0.03897771962023533,0.057044338540780726,0.25737022831847656,0.05531557385706121,0.047708147650312116,0.4441346478008614,0.024458398169316498,0.0891192065671754,0.03644860972322403,0.4723335245987335
Austria,0.008635346222311047,0.24064096602683535,0.027690824198886632,1.0,0.1389370362300494,0.06095654020586294,0.03903621841370428,0.01620407191926096,0.15277546812649723,0.19125273483876257,0.1620621143352083,0.23471858243842336,0.46626000936339784,0.12850307469706712,0.0290521211773985,0.5368609312936345,0.15850306086806767,0.2379074883448502,0.12431458718079069,0.053707772386025365,0.013354478512097534,0.0022599032764375193,0.38690954825915036,0.06911566567665711,0.16624973802411586,0.696028593750832,0.2277690257623396,0.05128790260337385,0.021127452611984815,0.11808197251292726,0.014033051554912634,0.21362268176852525,0.07980428417045018,0.2989820978664941,0.13364423196414837,0.03715055441796944,0.05075357473671219,0.22890281735803264,0.15613555544461213,0.23962040498863466,0.17721333146818216,0.12593652149226842,0.136212592024933,0.017125846346675883,0.043385979007509595,0.13449962507517435,0.2018043664486946,0.10481095030647222,0.3141143999641287,0.07719696776163498,0.03633593363568455,0.08279138919043585,0.11804289061405768,0.020941558144043526,0.10400688074740683,0.13119140893672157,0.05025753417049736,0.021512112183006082,0.016838191627986138,0.026322332366645912,0.01562013998717493,0.6281581945593071,0.22455186334991334,0.06339021454946503,0.011397421795757562,0.3210017490637509,0.28654668388319615,0.11546730820415307,0.49565821334030635,0.10427820266782414,0.06634639499197295,0.02933045195685796,0.014216394645304192,0.11504968995108633,0.008929764556652231,0.07891927868343174,0.020941558144043526,0.16765397239780533,0.2581580904014954,0.0033739152440310782,0.1060122142673717,0.07930980742407909,0.04300846309618897,0.02377590266386334,0.042640955972781114,0.24168382971178637,0.041301869877992836,0.03281099473606594,0.4308643492756329,0.0037541768403140663,0.07556891173680169,0.00790644240331223,0.4686268729835878
Azerbaijan,0.12099073964989274,0.5862867305051335,0.15647439760479992,0.1389370362300494,1.0,0.2325509718301639,0.06854106082948683,0.10978780512924302,0.43362737774640536,0.43630778461748243,0.0444924022308166,0.575971755069504,0.8051673704890455,0.36693419989585285,0.1877274771646551,0.9112840431472871,0.02024718121794833,0.061825445488144976,0.36013756376942674,0.07034019746650394,0.14086255495099875,0.13971663461923825,0.06877227744114586,0.039042677018963384,0.45102909288767146,0.6992976229872877,0.5639075042636351,0.06971854791539658,0.1754101172118661,0.027425070208705493,0.16555962154445938,0.35094538564953726,0.055599129012755655,0.5840797901004983,0.37958225069676,0.08784330320473263,0.057993185121369195,0.517868580750592,0.06563641017468513,0.07012991407221408,0.29056867500669614,0.03192712990074861,0.022763513567703064,0.17363461394113638,0.1958954481945819,0.06644564291700089,0.35284002056506214,0.3028916619417762,0.12281676715298936,0.025985609969789603,0.0743892973987682,0.04957135119281006,0.3265194559265656,0.1821787467969167,0.3004105556215949,0.04368288507645657,0.20241380195622516,0.09018999075357698,0.12654429733504746,0.11837770789843469,0.17396616036574125,0.9962759671426666,0.5582983921567719,0.07112632754047318,0.16418362678863913,0.4070541052364386,0.6453903288152398,0.3337134377577773,0.8922211447958956,0.29840890558606414,0.20695731097161668,0.08406085800471988,0.16194688334114712,0.04198898109650645,0.1558871392639691,0.23622587500764033,0.1821787467969167,0.46698658719790653,0.5321988535431834,0.14348573980606408,0.3061810490444131,0.056775380092083355,0.2209390757576821,0.1744252642228089,0.06533093343202917,0.5993658167586615,0.09144949849358888,0.07650328849471574,0.8168108463491958,0.13522556916672152,0.04506097066086087,0.12604130045735668,0.24747954524635904
Bangladesh,0.09132584942309299,0.1554070855341669,0.05370484197655112,0.06095654020586294,0.2325509718301639,1.0,0.1279700454849608,0.09115057033201274,0.06289038057272267,0.10078947747658876,0.252475876898295,0.14892887644337516,0.38922655455100297,0.04013927523379321,0.02328594252903246,0.44019581588615037,0.25004408663106875,0.3314300098274924,0.03563522947611847,0.14090372966663384,0.05676838558437158,0.06266875865854332,0.47793737644701656,0.162341857909952,0.0767058223743377,0.6029512894589728,0.14127837809099647,0.13386875342231583,0.029203167597869423,0.21015526215637398,0.04070530178796375,0.12596595354517193,0.16789672646992818,0.20498279256509655,0.04396571055686549,0.09762814485617485,0.1442677503212561,0.13567470015160626,0.24769672515252453,0.33213686764887956,0.21055150277674414,0.2173609720506878,0.23018506025837776,0.034183252052092356,0.017942478687943936,0.213076369509607,0.1220747143142116,0.01944624321686908,0.407878180449748,0.17238443182292645,0.1272512162424629,0.17496062263657403,0.03059633456660596,0.02668338354582092,0.018348199095511802,0.22258228120307777,0.011594470565026244,0.10937642636177394,0.06063050033103007,0.05580143111844349,0.03240629440440723,0.5298519446473572,0.13780956077927708,0.1571323594932499,0.04095065899098968,0.2871635235211025,0.1928379576797617,0.02744885446617601,0.4166773567050046,0.01777323627783617,0.057173292814884286,0.12038025234182759,0.03886706861248493,0.21239364021361215,0.049560249813155904,0.06599816935664152,0.02668338354582092,0.07780795770118601,0.17897337595862003,0.06104451357229046,0.01989809007932755,0.16762755013628594,0.02674190122026468,0.03353757048605818,0.13450019776309743,0.1535379549520997,0.09494069674423525,0.12371877286761426,0.3377637411549158,0.06309287590977739,0.16979669311192572,0.08777479841009134,0.5502053448323256
Belarus,0.029230501246431145,0.3676598905857088,0.052360756753535936,0.03903621841370428,0.06854106082948683,0.1279700454849608,1.0,0.02173265916090067,0.2656701362733104,0.31455273076837087,0.0922822060366264,0.36175916363516414,0.6068093205697963,0.2308935012715102,0.07526026948950287,0.6575765117631555,0.08104178950582719,0.1633825461923846,0.22329794762485103,0.026352032774246748,0.04616512459232869,0.03923099653511486,0.255771789916537,0.019308866497603328,0.28913827394945035,0.6840460593087607,0.35483666532719826,0.015977521483544754,0.06961679627697176,0.05333967395591893,0.06510978487309796,0.26048124944045153,0.02551950082341295,0.41483839867626066,0.23731460531144893,0.029698470409923405,0.0135834305857023,0.3306064286102788,0.0828979627343617,0.1637241236555228,0.20347493775259304,0.060375961456012345,0.07010494795704358,0.0667328415100567,0.09247512223196266,0.07656364899021842,0.25678518045288734,0.17618817834545178,0.23099221615147925,0.03056508624518811,0.007753560166574747,0.023359856908471366,0.20700168529452967,0.06904468886541737,0.17574025502469748,0.059621219616152854,0.09554042879039976,0.014906195458790655,0.03607306321467091,0.03680701465650654,0.05704379000575241,0.730030528944472,0.351618489362884,0.02138454861677322,0.05682869553455597,0.29014544810182985,0.40949781987412487,0.2030890169165595,0.630794296341446,0.17183075693609928,0.09502935379359712,0.012284699582002956,0.05434466571501301,0.04329854047678666,0.05819732781323425,0.11941925527132477,0.06904468886541737,0.2886856203745899,0.36186330292406793,0.04594145483935727,0.17944693473279505,0.02381748124860858,0.09998121568323903,0.07019239694254989,0.011563179648836241,0.3675689223281459,0.031071177064614375,0.009898418650891416,0.5602814598950707,0.0367094728971904,0.01993129555514153,0.03053000219505514,0.39185452091346895
Belgium,0.009818916980857906,0.2878941689960067,0.04759306434558977,0.01620407191926096,0.10978780512924302,0.09115057033201274,0.02173265916090067,1.0,0.19149367727423944,0.2351087304396402,0.1414457202589671,0.2820473697503333,0.5331512298174481,0.161200362962738,0.053409552589547604,0.5897556777999544,0.11931618586056006,0.21054531483099945,0.1562101445159467,0.03450571048053569,0.025096920351191238,0.01605201439097073,0.32894932131814913,0.04910881449421478,0.20891358101244592,0.6773419450499365,0.2751877118577978,0.032557090206919104,0.04468752428810055,0.0905045087300736,0.040497647416549154,0.24594953964480737,0.06497672923169029,0.3336651990963298,0.16766220671365492,0.018921895357530305,0.03136260090097298,0.27760460544192245,0.13311970046156238,0.21048902514628376,0.18467593828631781,0.10054783049582863,0.10937621980684709,0.04531152065165445,0.0691367118450873,0.10203385768650355,0.23721018727763785,0.11858472944539375,0.2783918550831799,0.052529748347557,0.02036958848899381,0.06136052681952814,0.1486164307989648,0.04791522360469622,0.12073563926637473,0.10212156278864562,0.07280505545424767,0.01309105812218958,0.01737101000725752,0.019581855984032115,0.03543838481812153,0.6613387407708735,0.2719988442487283,0.03873755494315881,0.03227488464571571,0.32045915980780193,0.3301451006820442,0.141502119497341,0.554375788545793,0.11324273555223813,0.07642078728175078,0.016605997664889044,0.0294774761785552,0.08030651578978037,0.031951509812436496,0.08687491764256167,0.04791522360469622,0.21136848772464975,0.3097473649226378,0.021384823200514436,0.12155810046957582,0.061916039651778304,0.06425070623725718,0.04437938661271343,0.026819575304286525,0.2878371026751564,0.022684678823792354,0.01845536986155652,0.48803723016082434,0.016406924598236672,0.04853693354218935,0.00977807088145996,0.4492540000348796
Bolivia,0.18474006141346389,0.0583532605453983,0.16070144960818253,0.15277546812649723,0.43362737774640536,0.06289038057272267,0.2656701362733104,0.19149367727423944,1.0,0.02327473472425659,0.4591859402675018,0.05387317267252631,0.2791277411040829,0.015501183823338649,0.09451287927569951,0.32039554553948824,0.4514028028614414,0.5298373269992981,0.015311754825657387,0.25391912682371104,0.15192647546036991,0.1503081257735397,0.5772020140367827,0.34707276143792565,0.014066447835585139,0.4273923329354167,0.04804587028944346,0.2737192643460682,0.10739093002169975,0.4152207726720616,0.11220560330473045,0.05302878550635895,0.25329423759324426,0.09562051378716852,0.013308405406857376,0.19699067222483801,0.3118560032014127,0.055775726392784025,0.3539906215744304,0.5355862829257676,0.24624751465132316,0.4128539219720475,0.4329117348575069,0.10517633161584355,0.08673473514287325,0.25401228349992067,0.04836542828011001,0.03260136219777457,0.5558955980069777,0.36055648931987516,0.25514980833723344,0.30197983120724603,0.02550930191296552,0.0993686031092777,0.032968030102633356,0.3708696224764606,0.08100851455886424,0.22923136649400921,0.1263417383853105,0.17964670599680468,0.11046744098855085,0.39852248369041,0.045292649885499,0.2792946057702642,0.11846211689257788,0.14593811169409387,0.09279944513635965,0.022432408402926013,0.3006219200249005,0.03280908059456497,0.09749752709408058,0.24868896576389968,0.1360007968679342,0.35898207021722617,0.12210724932190214,0.08475055982445648,0.0993686031092777,0.011217638184236434,0.07131750398951042,0.14133757936279928,0.03089288454931227,0.25770132104864485,0.09693149184071867,0.10537347042666881,0.29413874926944394,0.059888861778114505,0.19611257501647114,0.2657484341231478,0.22756726806663144,0.16253859649290134,0.3506287202400816,0.17073257191293126,0.7549460033948959
Brazil,0.219228662303462,0.047244936313568964,0.2049755628738615,0.19125273483876257,0.43630778461748243,0.10078947747658876,0.31455273076837087,0.2351087304396402,0.02327473472425659,1.0,0.5196762245294354,0.04278893028485034,0.22519077221904898,0.03744304240076585,0.13826129104821208,0.2784650172053489,0.4741835100200408,0.6004465010399792,0.03894287244480252,0.2702120932279036,0.1866940431889389,0.18771157154316812,0.5690203912245437,0.38266685118521326,0.017137222420406495,0.38262752385345045,0.034445629300001335,0.33050433687347186,0.14806481538950508,0.4579975737817956,0.15173487857867027,0.037445172760893625,0.3446119723498903,0.06873162045290251,0.03508555070225644,0.26313770402416536,0.33456607499257474,0.07046184299202773,0.43400597255682083,0.6052862802211735,0.28838358644989603,0.4695817097017173,0.47390226159036386,0.14784696879296041,0.1270301884013767,0.2610417136390851,0.0334685809896732,0.06276288430375881,0.5753219839395938,0.3750168465790312,0.29977193815718906,0.38454843474221423,0.05469878572993045,0.14369274367488208,0.06291179498432084,0.46377123896450567,0.12186608218563857,0.26610736259910517,0.1681611855363469,0.22594426726317865,0.15544973500623144,0.35930850486399,0.031527464474991274,0.29478278483196174,0.16025480988284124,0.15418420972219618,0.06672138227304808,0.048941220818057934,0.26171936560601317,0.06202259041855693,0.11243624558890958,0.28582599166931166,0.17883093865098101,0.3627165626794301,0.1588786856687208,0.0878451047293089,0.14369274367488208,0.01992593810229587,0.0716422604355676,0.17738783647974957,0.05982811050858705,0.34571159079805047,0.14036702637952336,0.1467448486472147,0.33121411667572764,0.047299821466786934,0.2642662175296062,0.30195158577247355,0.19032180222556094,0.20052987586136506,0.3634940855172177,0.20591854782926652,0.8375931659779814
Bulgaria,0.15115603100029476,0.5980572280257201,0.1665012856298307,0.1620621143352083,0.0444924022308166,0.252475876898295,0.0922822060366264,0.1414457202589671,0.4591859402675018,0.5196762245294354,1.0,0.5878962908821412,0.7828723946603866,0.38911378600275004,0.21376468731678827,0.9566457877345279,0.041210788291397044,0.049285154066776915,0.38384336623652304,0.0807569661323253,0.16844704049500153,0.16356763334278587,0.0959660593939882,0.05457521967975887,0.49400436307109724,0.692727261734126,0.5762807506649655,0.09259849582402316,0.1993492329852081,0.02695044275013761,0.19462144341897458,0.4657783049585424,0.07121864068515829,0.6971060707480486,0.40411389175596396,0.12193789501886731,0.07588636688644418,0.45207607607290967,0.034500292276114175,0.049505835290565264,0.283703808114696,0.030192301859150866,0.030325658502447755,0.20163142745467344,0.2214537335175149,0.09854185252707123,0.46485104052386916,0.325279995719694,0.07783292536926045,0.05591540548553539,0.10060825254331279,0.05871091092006106,0.3433626946216568,0.20830188346452735,0.3241471600062884,0.03378074018878188,0.22734304735194874,0.11626206248405349,0.1665110107751257,0.14983212932580192,0.19809742744635428,1.0356952476279129,0.5710554591423584,0.09454132494162779,0.18879665381761165,0.367072265541472,0.6723834849847223,0.3575934858358908,0.9398770998325914,0.32430457234125476,0.2521441585900602,0.10883879206047795,0.1794206672918464,0.05776993778212022,0.18456730154086998,0.30642186857635123,0.20830188346452735,0.48357937269213325,0.45379097866929213,0.16916470359949456,0.33034441759138033,0.06922056789805306,0.23204546487089478,0.2004098683238167,0.08654941785574288,0.595034231798092,0.12541165083441896,0.09984473925734713,0.8549454150997197,0.15700420409008917,0.06156096625037252,0.1547163486723955,0.21839689325318698
Burkina Faso,0.26860991585778515,0.011321625661611545,0.2511474496159932,0.23471858243842336,0.575971755069504,0.14892887644337516,0.36175916363516414,0.2820473697503333,0.05387317267252631,0.04278893028485034,0.5878962908821412,1.0,0.15537148198957415,0.07847491286976938,0.1777557119367031,0.20672474333842486,0.6225833286003651,0.7603799450253639,0.0798418617885287,0.3692283970921797,0.23553970733854865,0.2329069045054289,0.6393400733979269,0.45346294623106453,0.03951954547729017,0.33890327196394904,0.013295345896479155,0.38146873673263837,0.19018527385284784,0.5701935358380094,0.19675364457541739,0.06587856135772907,0.3953765320965963,0.037204335962056134,0.07339826050906437,0.321741618699569,0.3988717388751814,0.04394585511175206,0.481859101155902,0.7655301409418481,0.24180877406563214,0.5643857523906344,0.6298972586197531,0.18947188640437507,0.17493193722775854,0.38674598356313317,0.07111131275425941,0.10802744135529474,0.5994076781323219,0.4721221620968534,0.3511596305372785,0.43671197503862397,0.0975452242404605,0.1831638205054098,0.1095241788822375,0.5169892043124172,0.16841152954740837,0.31300506107109827,0.20765659584393104,0.27508426010315856,0.19249254100197247,0.276243564463891,0.018848706038549212,0.37456291557032584,0.19900518393154934,0.12411147215047488,0.030627135359979046,0.09191777497947282,0.19101312659109929,0.1094814270496913,0.18763915250223606,0.3343284386759833,0.22051287475548448,0.4751510949315215,0.20683940626174657,0.14811575742505909,0.1831638205054098,0.04163771627926344,0.045462053288847115,0.22488222025720722,0.10663507849437581,0.39803834436755364,0.18117096006837868,0.18853038482473303,0.37877301092192506,0.01488662284133696,0.31875311654585503,0.35034856217353094,0.12747529446882455,0.24704492278314194,0.4465923306359203,0.2551510958137876,0.9852858321615751
Cambodia,0.5036528831262956,0.14794721501519154,0.47865062761846416,0.46626000936339784,0.8051673704890455,0.38922655455100297,0.6068093205697963,0.5331512298174481,0.2791277411040829,0.22519077221904898,0.7828723946603866,0.15537148198957415,1.0,0.3257144374354939,0.41457056603706455,0.10157626972724584,0.7910785296199497,0.8665285045121378,0.32781062860334154,0.6112406349503525,0.47043769097169763,0.46564037785596357,0.8160405383806945,0.6923906191336957,0.2529257539900089,0.17724380680254803,0.16453984916877126,0.6239690847262843,0.42129282196151835,0.7807764214260977,0.4330159305703699,0.218770749559773,0.6659733961446511,0.15717267444240238,0.3189886228843535,0.5936600178723027,0.6294499968786836,0.2050131849858765,0.6818032910114711,0.8441754819881617,0.3831371389712711,0.7706338524149863,0.7815759147474317,0.4262842203096212,0.4088389486978283,0.7333703153870545,0.2369768465748106,0.36819500832151525,0.750321494631755,0.741986610892734,0.5966959555459008,0.6985052138605149,0.3459986705178475,0.42014943734449284,0.36729629889099186,0.7378775193342337,0.4039175223569327,0.5542118362957302,0.44027110980426093,0.5193289861538675,0.4277369643570055,0.16894413502878344,0.1695289236655969,0.6116916861033462,0.43141304555784754,0.16159122269258486,0.11936940594242768,0.34759642749591296,0.09991469669813613,0.37127260620484026,0.4065513616505039,0.5720263760237212,0.44847819807977096,0.7263754686632836,0.44237438379236194,0.35620364558260775,0.42014943734449284,0.2564552442432374,0.1799003557647536,0.4590473975641928,0.36574961682691925,0.6705612713030898,0.41398039814401677,0.4221474592677989,0.6116222169176004,0.1420047863123272,0.5910090081677741,0.5840655671749422,0.0853306453961031,0.4769370587985539,0.6801698600027475,0.49501676191907384,1.1856758207478593
Cameroon,0.15967989795939444,0.08474528923449853,0.12408982785443665,0.12850307469706712,0.36693419989585285,0.04013927523379321,0.2308935012715102,0.161200362962738,0.015501183823338649,0.03744304240076585,0.38911378600275004,0.07847491286976938,0.3257144374354939,1.0,0.07139868072169595,0.35851036320135016,0.38390528163063764,0.4628369339607551,0.006911594562114709,0.20238103658206777,0.1269342844376206,0.12690557954926326,0.563404255946667,0.29841103610127956,0.023712630719265576,0.4753778808745958,0.07224886216728407,0.24234944060205907,0.08347875508626956,0.34656011236574114,0.0887502469308647,0.055211475461614506,0.2250661546545695,0.12971458714777914,0.008115087344083616,0.16373261823607071,0.26538668629710105,0.06920384302453148,0.33807488560423316,0.46634262413829564,0.24529678065262173,0.35373320212392145,0.3649492267317544,0.08340367165685478,0.06397845539203204,0.21999720010396626,0.052860020556689646,0.013673867572440074,0.524556834712655,0.30525667368801884,0.22408837099919732,0.2733304653920798,0.01233548003108112,0.07878285276763325,0.014192569597055754,0.35533166242962466,0.058627423802734696,0.20176137003716452,0.10529598919604646,0.1469938165737002,0.08978198669160548,0.44176343097786624,0.0697634563553827,0.2298325488663913,0.09360969874621503,0.17296395736686315,0.12241226741968828,0.010118472250299354,0.33834497611552405,0.014603366426793829,0.0671913848773637,0.22125857113022232,0.11241012191727434,0.3184120098812666,0.09718612162382806,0.05952477702738537,0.07878285276763325,0.023767432115257198,0.09597774729192401,0.11703594614376142,0.013170243193414005,0.22949150763809426,0.07551718335543331,0.08267666845419744,0.2642143065145841,0.08532677420866364,0.16174080751122646,0.23984954682771842,0.2633132650018646,0.13797231634982962,0.29923320921742014,0.14510984249553904,0.6858926999974834
Canada,0.044681228545313895,0.18393626406115407,0.04429752830550074,0.0290521211773985,0.1877274771646551,0.02328594252903246,0.07526026948950287,0.053409552589547604,0.09451287927569951,0.13826129104821208,0.21376468731678827,0.1777557119367031,0.41457056603706455,0.07139868072169595,1.0,0.4956581146060249,0.19297721134166423,0.27913838876029085,0.06676236880939249,0.09689193699526097,0.029344011423490163,0.02818404258170673,0.4397547308048909,0.10747012515884366,0.10735897292954602,0.663161934400911,0.17056969216588347,0.08727972462169623,0.010340254484637545,0.16290216385579992,0.009876021167890825,0.16430146325030903,0.12650747480058924,0.253547948168545,0.07507085414093201,0.07895470025490042,0.08879124369863334,0.18284207252438026,0.2135983601744615,0.29711539720661373,0.19562266557301158,0.1697490522526461,0.1735149139212014,0.006232091143051455,0.018395080099372824,0.16516626965138176,0.14552667063685615,0.0467066222543997,0.3732814874393282,0.11573177031862109,0.07618777490235151,0.11852741906148731,0.058893679022117534,0.0033168578927963988,0.04474961981797779,0.16437410999767788,0.006898725535856798,0.05694434193676581,0.04425059144846319,0.039796440268816596,0.004814032338079394,0.5858966980362152,0.16723124212493085,0.1050738690031486,0.012725895569878715,0.3348895724935199,0.23829088620551325,0.05686694013999799,0.4410823815071455,0.04545459520447134,0.07591982523091625,0.0663181886688374,0.025635040465268266,0.16740837873705627,0.018674448469185867,0.08183133418705096,0.0033168578927963988,0.10882660311320325,0.20925088099797878,0.025556984540072353,0.0474802304997648,0.12478112130690783,0.036501822277556384,0.008322962600866568,0.08068755694807977,0.18289173772033285,0.07668912449765714,0.07259117517761746,0.3884324316803819,0.03791396118461604,0.11539819718489444,0.039965439178071466,0.5046926287704934
Chad,0.5627559840600235,0.19936217141233664,0.5378207166223852,0.5368609312936345,0.9112840431472871,0.44019581588615037,0.6575765117631555,0.5897556777999544,0.32039554553948824,0.2784650172053489,0.9566457877345279,0.20672474333842486,0.10157626972724584,0.35851036320135016,0.4956581146060249,1.0,0.9409239207267605,1.1806864484389057,0.36013309509007363,0.6592451663736072,0.538038714710286,0.5358563487630541,1.0268890862487243,0.7411380652071872,0.29461196013060525,0.229972382885443,0.217892508993896,0.6712322222078245,0.5011018843923021,0.8656530655518838,0.511743175566099,0.2762430339267731,0.7226184770226008,0.17728429772765114,0.3508822720202987,0.6246239999240089,0.6809014511785456,0.24415137794372002,0.8857773369006877,1.168850988541886,0.404090516981841,0.8720649245886679,0.9172073426380183,0.5068366649545271,0.4816999845662683,0.7767929114444082,0.3021529831667493,0.3947524488845333,0.9973239104232844,0.7971216708313053,0.6419012089381702,0.7452567639288812,0.3769294524645286,0.5012083437416273,0.3972124706042014,0.8528452603545019,0.47837995151707124,0.6120198623183756,0.5054438460570981,0.5804512788686871,0.5096664674961651,0.07329289155131355,0.22178830635044655,0.6576491850889966,0.513261780098998,0.20952865454751277,0.15464883564507598,0.37784719439881354,0.0579827135890017,0.39880807247032174,0.4609160029926474,0.626889202461714,0.5172104606204859,0.7708495120106346,0.5187260381390377,0.4133360997441461,0.5012083437416273,0.2983737568395759,0.22738677489367434,0.5304749816293759,0.3951591894807731,0.7237299385186269,0.4657250001577244,0.5026873539790604,0.6652084403239309,0.19203590422858005,0.6201361526062736,0.6387363034265036,0.05427264733144593,0.5412236730020483,0.7281566325840958,0.5552104322181466,1.5866004735236279
Chile,0.13643633608615024,0.6328051248021361,0.17023132235381402,0.15850306086806767,0.02024718121794833,0.25004408663106875,0.08104178950582719,0.11931618586056006,0.4514028028614414,0.4741835100200408,0.041210788291397044,0.6225833286003651,0.7910785296199497,0.38390528163063764,0.19297721134166423,0.9409239207267605,1.0,0.059477907781632255,0.3769433509401364,0.08206584969925573,0.16356030165264274,0.16010497704887747,0.056652179143774295,0.0515600383235531,0.4834479111733577,0.7056052882420076,0.6110541334041808,0.08369443501517976,0.19151949501094256,0.023346838432263345,0.17980735139026113,0.390186692244486,0.06561103415866093,0.6122766210754659,0.3966030328933702,0.10238079741589445,0.07137983378523424,0.5181094742132155,0.060222246352648,0.06015303019539239,0.291855637287444,0.027606386879363287,0.015099361094824043,0.18236780590837204,0.20715244600115051,0.0751782207518967,0.39563895344773425,0.318434037764441,0.11201775263619154,0.03383302899360199,0.08961417388559773,0.05583579282991133,0.3434807731010604,0.1874899731392067,0.31633052488282265,0.038415734389108364,0.21234824259198867,0.10759343696753176,0.14598693513406535,0.13762180730614407,0.17882940882110923,1.0199389143576791,0.6056066146416259,0.08601117421515472,0.175895617663828,0.4074004921873266,0.686438321935034,0.35008163072347354,0.9221664762637726,0.3165738543684893,0.2416578265949476,0.09996048133231361,0.1761864958764315,0.049384814000523025,0.17569953163992905,0.2724948649262515,0.1874899731392067,0.4934360896546537,0.5238761538307627,0.16624363068697037,0.3220813354978095,0.06293898652461732,0.2378271610759335,0.18816005417275922,0.07958066820528656,0.6441737749784312,0.1090340009566616,0.09321089876425287,0.8471491368798727,0.15514217172982137,0.055845910344837546,0.14438630291933588,0.2421861240390964
China,0.22076220578260794,0.776893931525153,0.24269180292911832,0.2379074883448502,0.061825445488144976,0.3314300098274924,0.1633825461923846,0.21054531483099945,0.5298373269992981,0.6004465010399792,0.049285154066776915,0.7603799450253639,0.8665285045121378,0.4628369339607551,0.27913838876029085,1.1806864484389057,0.059477907781632255,1.0,0.45647430262920285,0.15745473364184967,0.2384519639910191,0.23804979419994757,0.07678854697612444,0.11943859667853132,0.5703339379407557,0.7528656498302702,0.7410138723552909,0.15595688221547863,0.27241729738513687,0.07451415636121198,0.26306000127578344,0.565602862759347,0.13077814174609825,0.7966722858407237,0.4747456929754015,0.18090192328356497,0.14647846549502716,0.6262579991722064,0.0729396614429556,0.021625242563344277,0.36476995358811903,0.0739068815174975,0.05941991073220271,0.2684064430818779,0.2877649326009229,0.13679145426101946,0.5588456430229045,0.39651547463745956,0.08976077458137,0.09251695863535497,0.16930339667745123,0.12042936274877775,0.41695511768961446,0.27364694273620416,0.39544195534153415,0.08417284187809865,0.29430895062485507,0.187194832434445,0.23975138791283118,0.21813258825852092,0.26468352074273194,1.253363926924307,0.7320049910400835,0.164023212773453,0.26187168692766527,0.5037834202471883,0.8884642609647654,0.42928495506702685,1.1606456452713958,0.39436322683655756,0.34306587039926917,0.1800428222241868,0.2581934071499993,0.12081102321374793,0.2541951513269959,0.40099315827723725,0.27364694273620416,0.5718706436494955,0.6295146280767049,0.24202049906848253,0.4008168119376961,0.13044534706475805,0.31018687861110084,0.27170535415159897,0.15662604589791224,0.7860338566284467,0.18773520977742927,0.17107764737476194,1.0847834867346549,0.2323706826445471,0.12941269662273194,0.22680219817367783,0.14323561228467713
Colombia,0.1552507909417952,0.08566603220231328,0.12172455003128663,0.12431458718079069,0.36013756376942674,0.03563522947611847,0.22329794762485103,0.1562101445159467,0.015311754825657387,0.03894287244480252,0.38384336623652304,0.0798418617885287,0.32781062860334154,0.006911594562114709,0.06676236880939249,0.36013309509007363,0.3769433509401364,0.45647430262920285,1.0,0.2024557159338949,0.12258153450321435,0.1226077892609895,0.5615700680338834,0.2930991819463208,0.025338735653615913,0.4826608074995866,0.0736605644047024,0.23428644234396317,0.07933146287075857,0.3405969170489246,0.08419393374268203,0.05649388987087334,0.21656160060859148,0.13103021210304228,0.007618023723653,0.15669247451253315,0.2624596919829466,0.07117783506924752,0.3380050883698801,0.46056346558533556,0.24087922882234694,0.347770006807105,0.3584960348279861,0.07834132076792696,0.059081075071125005,0.22030722077798515,0.05363734134406306,0.01268213855791167,0.5214295283980823,0.3001565954397537,0.2173487560481511,0.2672941025903224,0.011549993050017027,0.07367001732941436,0.013003943904618037,0.3519669669379113,0.053725875025188,0.19588200034198913,0.1016560271304269,0.13830042548133606,0.08470827866121303,0.4423535492617173,0.07083426211028596,0.23047367254399695,0.08955240662840705,0.17321532606534212,0.12352557981319126,0.006754585883201103,0.3410265534482063,0.014405291046428237,0.06792009478855285,0.21579841679442865,0.10700077614693551,0.3202250006672953,0.09306945247998655,0.06188712522490605,0.07367001732941436,0.024871551369707395,0.09836934395065919,0.11282871642770378,0.011553319190029443,0.22229870261115128,0.0708896300014484,0.07811007375994469,0.25558279318691046,0.0865536815738921,0.15531435123823828,0.23467354825581396,0.2650291700109536,0.133587849090149,0.2951104153104737,0.14079488522083075,0.6794207658939336
Costa Rica,0.034036810448380556,0.3761276165483883,0.05226770290802174,0.053707772386025365,0.07034019746650394,0.14090372966663384,0.026352032774246748,0.03450571048053569,0.25391912682371104,0.2702120932279036,0.0807569661323253,0.3692283970921797,0.6112406349503525,0.20238103658206777,0.09689193699526097,0.6592451663736072,0.08206584969925573,0.15745473364184967,0.2024557159338949,1.0,0.05589043170581989,0.05420942999216599,0.24240422212408996,0.030300951722726177,0.26802880160451575,0.6757843399935608,0.3614776107621106,0.035027934092157625,0.08722090541283178,0.05283098105716896,0.07657752438999788,0.24402068142370803,0.04944520880921663,0.4368772142785441,0.2166801901228191,0.05014861473783416,0.016968184478170195,0.35231808106745366,0.0840212047537989,0.1578420841711365,0.21827320991186863,0.059256063326495134,0.06869709055290504,0.08390917449426946,0.10607806876498443,0.06341455168849372,0.23261535471670294,0.168362119634251,0.20024217087145235,0.03685347364171268,0.028303094314426597,0.04397007606059053,0.16406652584835787,0.09137605662097761,0.16926815332223605,0.05817483030740406,0.11394108203790462,0.026899667158939072,0.0453321331409976,0.047854882521458086,0.08271012780742967,0.743528763363268,0.3580145304668775,0.02274503858603938,0.07479756767323686,0.3084716461107314,0.4208918888856352,0.18793027973555607,0.651491593748794,0.1761826440018229,0.08027643850485155,0.023966504456670062,0.07612385688554119,0.03981112015536353,0.06874516569442596,0.1074241200446509,0.09137605662097761,0.2789922864602545,0.3828896259282123,0.0583823673333424,0.17403258446682554,0.049756878743146854,0.08788851480681092,0.08489646176424429,0.019635933230899294,0.3751291272096945,0.05245465682191597,0.021535847729879987,0.5750256416701831,0.05039757197411274,0.024450932544861498,0.03985411366673822,0.38930418686379104
Croatia,0.017991468445607867,0.2414943619939655,0.03830246031826637,0.013354478512097534,0.14086255495099875,0.05676838558437158,0.04616512459232869,0.025096920351191238,0.15192647546036991,0.1866940431889389,0.16844704049500153,0.23553970733854865,0.47043769097169763,0.1269342844376206,0.029344011423490163,0.538038714710286,0.16356030165264274,0.2384519639910191,0.12258153450321435,0.05589043170581989,1.0,0.012653816322566014,0.39253628990551725,0.07687879957973717,0.16460539326062354,0.678295303159598,0.2285543686151512,0.05533438942863014,0.024631288261017154,0.12388263726483392,0.017306025815947867,0.2052512887072431,0.08775889890301689,0.2947811136480364,0.1325374962414602,0.044377587396874,0.05709454348824178,0.23275720400372962,0.1641002684761592,0.24539159835568738,0.18393878637845573,0.13128443469437293,0.14113197819884446,0.02045498293984871,0.025288601971243968,0.1283330340400393,0.19690495210576012,0.10002001365392163,0.3207211216788043,0.08307270280035478,0.04521048597846675,0.09195029045993,0.10833168324172446,0.025059139762278665,0.09987080418782449,0.13855747162814086,0.037740388919250994,0.029604080727347742,0.02096989773951599,0.017914968394094566,0.019524479843691878,0.6258716386822806,0.22530688429559334,0.0664175636002545,0.018636102369199575,0.32273097309496107,0.2830425012362954,0.11265109353274919,0.4967293899467945,0.09835785103763389,0.07347449482337484,0.03802346240277471,0.02631809248707173,0.11591490482149133,0.014526156570913995,0.0861177091274298,0.025059139762278665,0.16765985720703955,0.2594315507262408,0.011222465619223021,0.10287338873463744,0.08795239890420414,0.044272865566596376,0.02317330294369649,0.05003404226185043,0.24178244618967218,0.046016572696460506,0.04122355128383115,0.4326652153590176,0.01660766414720874,0.08095659606098204,0.01484185332662788,0.47213307075120264
