Country Name,Albania,Angola,Australia,Azerbaijan,Bangladesh,Belarus,Belgium,Bolivia,Brazil,Bulgaria,Cambodia,Cameroon,Canada,Chile,China,Colombia,Costa Rica,Croatia,Czech Republic,Denmark,Ecuador,"Egypt, Arab Rep.",El Salvador,Estonia,Finland,France,Georgia,Germany,Ghana,Guatemala,Honduras,Hungary,India,Indonesia,Israel,Italy,Jamaica,Japan,Jordan,Kazakhstan,Kenya,"Korea, Rep.",Kyrgyz Republic,Latvia,Lithuania,Malaysia,Mexico,Mongolia,Morocco,Nepal,Netherlands,New Zealand,Nigeria,North Macedonia,Norway,Oman,Pakistan,Panama,Paraguay,Peru,Philippines,Poland,Portugal,Romania,Russian Federation,Saudi Arabia,Senegal,Slovak Republic,South Africa,Spain,Sri Lanka,Sweden,Switzerland,Tanzania,Thailand,Tunisia,Turkey,Ukraine,United Kingdom,United States,Uruguay
Albania,1.0,0.15490015500107415,0.029163243511541682,0.08257878202916535,0.04623112302025044,0.02523050148194678,0.01371358938742337,0.0927639709783354,0.12364817102504522,0.11817717986530074,0.285215971215468,0.07765018839433663,0.02845180063503992,0.09783347715861171,0.16111487350227097,0.07416649180357862,0.030176491294678375,0.021189035345071848,0.012625319708884595,0.16552447255716343,0.10375517820855436,0.38881627090760973,0.14598700305719728,0.03349338835988324,0.025396308588984538,0.07879278324317544,0.008976639632124646,0.021534140384417127,0.14529206914976636,0.19797169755600974,0.07993403776167483,0.03272531907147532,0.028879207188554856,0.13445304836465577,0.13952101066180686,0.08581831359798316,0.08888923850897487,0.023910264057570144,0.03483802727390094,0.07804862166705477,0.14075997176142332,0.06072256688623358,0.042576233767097245,0.02363159885334388,0.05858198682325218,0.049848945226419944,0.060226137989574276,0.03443421023473005,0.011864094347214886,0.01983913475150925,0.027112975256903253,0.026424013336917376,0.14374841411482014,0.038471940916113063,0.022785893388784867,0.1346586233854817,0.18408963518010568,0.06776638925064207,0.33142745940844814,0.05911765366164889,0.0753750130737697,0.01628771142398858,0.022379676528135523,0.07052511656103523,0.018992235726208954,0.026278497337518757,0.10377405860038055,0.013984844597261181,0.06136709188868286,0.059340120015929164,0.04306130008896633,0.02450072436737098,0.024753053737666397,0.1537281558221611,0.033485706896590424,0.017991771460953408,0.051827547988199524,0.011197305471688805,0.04603678533347228,0.004963335967756594,0.3283923210485436
Angola,0.15490015500107415,1.0,0.14875787202704183,0.23520890691957172,0.10954357594075202,0.17732945902031685,0.16077685620117382,0.06218542632278759,0.038019470135628564,0.27095076235617804,0.15603399791003847,0.07747356797691829,0.12663243914847738,0.25141767787879293,0.3157252857064511,0.08092494003754494,0.17496617578428225,0.13927220456948378,0.14265397061031632,0.3109849128883916,0.05196530670762865,0.29126553525262006,0.008920664059461961,0.18542623015119725,0.13119589362522568,0.23345047870578575,0.15061926610431728,0.1335652454608522,0.05179662437860005,0.05014451752925695,0.07502478619916067,0.1767644251980244,0.18290808915891207,0.057065466981673425,0.1648346446200799,0.24038816271673258,0.24358008637080594,0.1311508136657278,0.12077533481775857,0.20889734786171069,0.045292259889967906,0.09434063273544166,0.1964982225143672,0.17703789123843727,0.2109183044525541,0.1170652701020505,0.09480847981821715,0.12065482678061934,0.16362895034892305,0.15147100681842185,0.14873724713971057,0.12874818548999814,0.011161093101689085,0.18772720697850823,0.13289379852790578,0.10790792939201269,0.029917822156864345,0.08730202089468754,0.17689149010948868,0.09587379353944946,0.11007936884119453,0.1708918845112966,0.13991829932325192,0.2204220200107945,0.13619440669698543,0.12881347468660662,0.05115976732177395,0.14129265178182532,0.09361171949545785,0.2081141254870271,0.12594685102154626,0.13125939177598114,0.1794481699155054,0.003953442528644093,0.18019132108002767,0.17264084418345474,0.2064873564031069,0.1467690058281627,0.20029388636225076,0.1519911186176386,0.4826394003512188
Australia,0.029163243511541682,0.14875787202704183,1.0,0.08858579510634446,0.042636061878850814,0.04856747297445739,0.04270211540672931,0.08890881279359113,0.11374799084721791,0.13528222239742782,0.289584735778063,0.07296502054815182,0.03290492571721781,0.10498580614919116,0.17291690343013583,0.06966424390791442,0.028155327965708406,0.03987482660882029,0.0264972323050943,0.16533188836096002,0.09691385826529675,0.40131917486447033,0.1399925031964027,0.05423361602685474,0.02488167508896031,0.09337003505583537,0.03562503690977772,0.03237980212332825,0.13018461985856453,0.187257801315728,0.07648340076864875,0.06035367738570004,0.042569711706719957,0.138967919871253,0.15099245404976783,0.10013773139217598,0.1006265325796257,0.0323754138844973,0.0363006439561521,0.06430149157403732,0.1280626739814768,0.05871726115591906,0.0567574377794382,0.04755126409473399,0.07960598939171344,0.03403995903692535,0.05743326874042126,0.0366555810220149,0.038841577564209875,0.03697967262097743,0.05247506870676512,0.031561788866018466,0.13779396449521303,0.04116843113799729,0.026875763780041955,0.14405638672528104,0.17668826080864516,0.06401173367697643,0.32449615197974047,0.05832097823878644,0.05297681135014562,0.03919995759626575,0.014224529060516156,0.0726482177989721,0.03112938636001676,0.03171393985809536,0.09904555010807002,0.028138811237583976,0.059033626539512406,0.08325169673137058,0.024405754933006032,0.027856569138298985,0.04323384077144278,0.1480618725729366,0.06077673074504943,0.0390540480047328,0.06542590858343775,0.020468081749815153,0.057522315041088706,0.032154192686765115,0.338370841963556
Azerbaijan,0.08257878202916535,0.23520890691957172,0.08858579510634446,1.0,0.1258604679054894,0.06515572702567113,0.0816661567062729,0.17370329037918608,0.2014198802778474,0.06141459169731543,0.36628220638773623,0.15794977402752483,0.10960342401455252,0.017804901671731436,0.08609561742632879,0.15456650474706676,0.06086935866981157,0.10098020320820865,0.0938819365263193,0.09317142021972961,0.18346165184651894,0.4631218762105103,0.22633329959544035,0.058790388848485434,0.10433928456920925,0.027344257960339846,0.08893081175656478,0.1035686232496786,0.21760233757290862,0.2750353395797912,0.16077258252804275,0.07609330808276953,0.05377493756884661,0.21662392198043318,0.1958977556242034,0.030641718012770023,0.021143545607281773,0.10562464640094057,0.11532704112391877,0.05567939659868472,0.214761660598517,0.1415882975058263,0.04236067565443896,0.06507069477641743,0.04835348549933101,0.12171534950483948,0.14088483522489206,0.11545749652216951,0.07633103960022539,0.08998084773729396,0.09885073404154104,0.10747132438265625,0.22410440659393466,0.04892216410720725,0.10293880665255595,0.21032074456861652,0.2638041614415279,0.14830444915482144,0.4113143321664424,0.14042486723158643,0.13863214107217287,0.06808656604449675,0.09571749232862002,0.023753427237351875,0.10089076267722843,0.10747501435520337,0.18442169512444687,0.09549797348969843,0.1422241375459782,0.05945128229201766,0.11210836831298761,0.1047564546799652,0.058946194807406045,0.2343493750553428,0.07231641779816714,0.06572339134724607,0.03386743867043222,0.08901301447146125,0.03785917560396342,0.08644474907912966,0.25065389549606687
Bangladesh,0.04623112302025044,0.10954357594075202,0.042636061878850814,0.1258604679054894,1.0,0.0696605141297816,0.0545024510826428,0.0479356946275206,0.07754370274180243,0.1640427819351599,0.24711241913748408,0.03211629099647646,0.018106487140574966,0.1420510309207082,0.2068772846385141,0.02877881214316434,0.06622415786012195,0.034542974076070494,0.03373087804090434,0.2055957327840584,0.058014510682566384,0.3604709971450292,0.10063832400090313,0.07783509024176036,0.021846452807423637,0.124716770165495,0.04354437364034261,0.025795030511648796,0.1002380446946403,0.1518096538963867,0.03501312975531562,0.07316157645940007,0.07350177647269805,0.09738780505203713,0.13477110077642265,0.13185210527627514,0.13436605210570787,0.02309940183731051,0.012813271582889234,0.1065328738651501,0.09515184152835736,0.016339514140963508,0.08733022439775096,0.06924170558647577,0.10414668661514657,0.02373804931806536,0.015264342680009958,0.012496984894499817,0.05579954696912361,0.0463779853272564,0.04854270624130177,0.020053367916703414,0.09840203740940136,0.07889115398225807,0.023591859479251368,0.11204592767287208,0.13851961953176034,0.022568253007305535,0.28615103201963754,0.01591210035810373,0.044131150964131324,0.06230381988022049,0.031384445672415384,0.11202733337730632,0.028125087971255486,0.020220860935548996,0.05859899967119909,0.03262471680702349,0.016764772020846953,0.10346125088737852,0.026047983735768134,0.022394382990594153,0.07044040673405899,0.10862873995826823,0.07583492317287198,0.06378525725250504,0.09729782086446648,0.037378021214941874,0.09103273464501646,0.044040656657016265,0.37400307018724505
Belarus,0.02523050148194678,0.17732945902031685,0.04856747297445739,0.06515572702567113,0.0696605141297816,1.0,0.018221589354372077,0.11535086081271985,0.14702923919976085,0.09517218805987941,0.30200156186059274,0.10058740766761813,0.05178782743089231,0.07943183959301264,0.13904259611132647,0.09725146877078587,0.032792752447285876,0.03896935874162155,0.03648823797853776,0.15253739790458407,0.1268972438266357,0.39960310280674993,0.1684381690860148,0.01408077268286264,0.0497142395449805,0.056895324509203274,0.02734710827564857,0.04454456545464756,0.16859433662842863,0.2209697130262854,0.10254431158036689,0.019070978401634048,0.017356589924328748,0.15387305061862272,0.15263397758964695,0.06428399101828201,0.06794113631642566,0.046965829079005546,0.05790979980989883,0.07699220727371454,0.1632801744693174,0.0834377678919313,0.02399501585251637,0.006277480319221983,0.0353509095017336,0.07462056111589854,0.08321832460186253,0.0577303201311949,0.014273416953691677,0.03416364065694231,0.03400437472148405,0.04975439556666007,0.16620538759518383,0.03338666487226371,0.04660949480633959,0.15201560785800408,0.20681903032497284,0.0907981366615311,0.35325028118021756,0.08173071668585716,0.0980145047701098,0.011067105402727845,0.046203829824086974,0.05890815489571376,0.041881252247068235,0.04965281624956126,0.12631720312308942,0.037282923688798646,0.08422497280709164,0.03646153961145454,0.06625189057478881,0.048665140590933985,0.011237649635722527,0.17615930480114414,0.017635285879024517,0.010954099163798236,0.032877953140331644,0.035307679685589385,0.030720493702885418,0.02674949118593415,0.3067207138371153
Belgium,0.01371358938742337,0.16077685620117382,0.04270211540672931,0.0816661567062729,0.0545024510826428,0.018221589354372077,1.0,0.0987906586931842,0.13138236386235214,0.11068633826940584,0.28544888781129024,0.08446611633485174,0.036464331077121055,0.09594104788756076,0.15577963941605813,0.08108428662609556,0.038219344633898845,0.023017004578069464,0.02263857938463831,0.16647434642588804,0.11070012070899744,0.38479364121821746,0.15189901964264452,0.027616663916347203,0.035953149468769915,0.07354386446822998,0.01103835800103566,0.02877056036111175,0.15458331458960595,0.20531172632253492,0.08617940015166858,0.020557152247596147,0.029482403168018534,0.1361225681899875,0.13857889420811592,0.08054688418250562,0.08482984735112914,0.031428339464753555,0.04269097234510085,0.08605969075295013,0.14907119950197933,0.06730739079040986,0.04006561933547894,0.01704744322190319,0.050272316983303415,0.06172989137183711,0.06717289499609069,0.042154983573355585,0.007202717536359398,0.023212275216439072,0.019572568474759015,0.03463539040009937,0.14966996560742094,0.04314925295087816,0.032430682779411274,0.1345330148364327,0.19027627880722509,0.07467489559237124,0.3367211570882817,0.06536341709956647,0.08765896069860704,0.014505249732176045,0.03542503409580356,0.0724670508964367,0.026488298829096736,0.03443025481175667,0.10984765458921154,0.022919504324752777,0.0680659227869636,0.049002412039133435,0.05547095021537478,0.034071205253676566,0.02312377886882891,0.15945376805290765,0.02173776769962714,0.017060248263955642,0.048842231648877715,0.02416477226940787,0.045082824769938516,0.012167861190149438,0.3232326157811398
Bolivia,0.0927639709783354,0.06218542632278759,0.08890881279359113,0.17370329037918608,0.0479356946275206,0.11535086081271985,0.0987906586931842,1.0,0.03590419855720313,0.20915824218729084,0.20295060218423333,0.016089623000557964,0.06455973206455225,0.18972104788428892,0.2536903965202122,0.019325655458167283,0.11402081016877735,0.07750246965784627,0.08057220659188004,0.25163163109438547,0.013845497351434886,0.32416894834122795,0.05327373470205692,0.12353448212701174,0.06945593920174427,0.17134767952003813,0.08851488368005553,0.07141458182186759,0.06669540286206237,0.10749317159861585,0.013025206504978428,0.11538463979185926,0.12094217016650165,0.05751216288545608,0.13451886260531598,0.1783006343320227,0.1815417475889638,0.06902300289355116,0.05887177532783543,0.15163279103374572,0.059323013411655294,0.0323504488040043,0.13453734513504312,0.11493448829230464,0.14902246226209742,0.05919659908219905,0.03285955076942199,0.058598409997978086,0.10154760124061393,0.09013353428514805,0.08786762399275365,0.06669127386433672,0.05103599107176662,0.1264702911309586,0.07094775091245158,0.09101594596358017,0.09159205865853257,0.025490520197177197,0.23889225131541708,0.033730092262122535,0.06250491197591043,0.10875110235185317,0.07875254831211533,0.15940698238498396,0.0740624461827088,0.06673658197701078,0.011140979405627879,0.07919318564533262,0.03157651366949129,0.14666949760394893,0.06748427198542675,0.06932588309604047,0.1173481303576598,0.06101879791019879,0.11861036969141757,0.11052390527355314,0.1444294400599995,0.08489080497927552,0.13833196607925188,0.08983479652372973,0.42080029239063266
Brazil,0.12364817102504522,0.038019470135628564,0.11374799084721791,0.2014198802778474,0.07754370274180243,0.14702923919976085,0.13138236386235214,0.03590419855720313,1.0,0.24132635046559323,0.1924757677338601,0.04725685064307689,0.09548975441322242,0.21792328757549326,0.28398678554741663,0.05056605471364238,0.14067071422350005,0.11011879403123316,0.11124153726142401,0.2759193483313434,0.02224725967714199,0.3237634713771652,0.030595473849625746,0.15493773104145367,0.09878110802362926,0.2020956623501225,0.12064210538226453,0.10295493387487381,0.033216488958306735,0.07448716798708084,0.04646116595208524,0.1489194782094052,0.1505406183674951,0.0675067956165118,0.15607101277266638,0.2091460822170831,0.21139366245245728,0.10036051669301141,0.0895194984355527,0.17201784384153151,0.02788806902580266,0.06431185750264441,0.16442449235842435,0.1466840595433774,0.181441080457899,0.0819838142904726,0.06426072132097432,0.08957604224614155,0.13322161196802118,0.12116610470545292,0.12181258612500839,0.09751778706260689,0.028864131162033388,0.15384946643110597,0.10106180488318739,0.109585413475425,0.06356212517998082,0.05689853793869706,0.21111497175359253,0.0664193294697511,0.07219312022363421,0.13980015394713977,0.10636434892793231,0.18609000624973915,0.10545459254669437,0.09764738397253848,0.026701954769165925,0.11013800022781499,0.06346858003895002,0.18003907578386005,0.09061422653335657,0.09948657256617553,0.14785816020439332,0.03853830976676777,0.15204592938429332,0.14126595686722615,0.17443068087449254,0.11442426521568322,0.16776264674132363,0.12138344975205927,0.450534204173972
Bulgaria,0.11817717986530074,0.27095076235617804,0.13528222239742782,0.06141459169731543,0.1640427819351599,0.09517218805987941,0.11068633826940584,0.20915824218729084,0.24132635046559323,1.0,0.3859924466508302,0.19480405426763356,0.1460772016729599,0.05086430042671895,0.05230847119636114,0.19138833974364378,0.10898979906529535,0.13268434713562074,0.13048777161413175,0.10573881749529249,0.22097228537432687,0.4668965742383281,0.2621096215871169,0.08832593240994627,0.14337526898467945,0.043425660778380386,0.12112035380929503,0.13864849096465406,0.26248824410668853,0.3153190464039371,0.19659860161733228,0.0952722215031403,0.09353426015722693,0.2414814304072642,0.20646765721851992,0.03767923817129175,0.04109896337541763,0.14122397324005057,0.15208879295966077,0.11590851176895199,0.2577208907136347,0.17769384148034412,0.08031946621351746,0.0950681971417359,0.06084686291491479,0.16530450322001555,0.17746681540199433,0.1519923170901274,0.10856988045568064,0.12422463386822778,0.12389845267238496,0.14407181704788993,0.25988970208729334,0.0969177449148643,0.14071969630326442,0.22679647675672238,0.30040354702740524,0.18496562856369575,0.4460594492176716,0.17580535749087253,0.18773538883992832,0.10212994190082779,0.1376106737916976,0.07750416308689081,0.13615356873482734,0.1439296840857182,0.22020746154428086,0.13153130889156406,0.178428823882704,0.06459748609477955,0.1570575983284648,0.1423813351253197,0.09470729503050555,0.2695387354119254,0.0915783913226556,0.10090179437377376,0.07062695784557721,0.12803654406143666,0.07842638025256832,0.12032333347333446,0.21566838615435074
Cambodia,0.285215971215468,0.15603399791003847,0.289584735778063,0.36628220638773623,0.24711241913748408,0.30200156186059274,0.28544888781129024,0.20295060218423333,0.1924757677338601,0.3859924466508302,1.0,0.218195142601489,0.2600658037615515,0.38102896981654494,0.43559048089693847,0.22123373153473222,0.3114155733901292,0.2660346074400232,0.274602179169244,0.4475172155407515,0.1992808038765997,0.1472983877922217,0.16232088347287318,0.3099937595294543,0.2670158726375292,0.3566904998124237,0.278093266574359,0.26490369983321616,0.20273506544172223,0.15543421446577738,0.21421897765719858,0.2953359010373934,0.31317358117302496,0.1550146020071146,0.2521729758829142,0.36320321151273793,0.3688568099422182,0.2631746574660347,0.2552211235058639,0.353172161501073,0.1943797720032281,0.2310721684844771,0.3244046981443392,0.30228899699988204,0.33019738260623327,0.26173809821560384,0.23239093463402,0.2548381902340506,0.2903334086869649,0.28012132663598166,0.268409847026528,0.2620309632957771,0.16393818669455276,0.32264696110647983,0.2670025851312969,0.1898739172534107,0.14270870881416378,0.22625832308110935,0.12652468896620037,0.2314533676168208,0.2614115555146334,0.29886132611704797,0.27771091014388577,0.3553995399773436,0.2673804790687185,0.2619918714893009,0.19446699738749187,0.27274465295555883,0.23076549040108135,0.3234796002793763,0.26940187199108034,0.2656785091226746,0.30783875304098623,0.15544469615309534,0.29933142665990614,0.3011131001729258,0.3339839171822301,0.2806565889393463,0.33011475826653136,0.2809899484237362,0.5991217696642243
Cameroon,0.07765018839433663,0.07747356797691829,0.07296502054815182,0.15794977402752483,0.03211629099647646,0.10058740766761813,0.08446611633485174,0.016089623000557964,0.04725685064307689,0.19480405426763356,0.218195142601489,1.0,0.049289243911520876,0.17410108430682858,0.23860119541644192,0.0037597357394885383,0.09806695196161923,0.06325875207091766,0.06529954411805267,0.2362274301253511,0.026344540826530427,0.33725492706214594,0.06856035736394056,0.10876561618828381,0.05378920540640616,0.15631842749684158,0.0739006290201337,0.05645001737091233,0.07436425746511417,0.1209703003598595,0.004430633051369909,0.10182401964144991,0.1054807932119207,0.07104423796937136,0.1343766499686197,0.16335140816658436,0.16624888567763174,0.053945077236080774,0.0435211595279523,0.13582175525411358,0.0679977360637662,0.017303782207837536,0.11918726748581632,0.10020522836261522,0.1346863199834257,0.04427206704921078,0.017443487609736914,0.04331519508407343,0.08673790210762661,0.07565842246901291,0.07479430987618574,0.051391518149588936,0.06632199821637307,0.11071466988890336,0.05544585463862645,0.0978172341800177,0.10659973008040242,0.01003851436490674,0.2541952895924464,0.019193763980845706,0.05049049480924433,0.09371967238941536,0.06292117865877161,0.14369610952716186,0.05903199088929096,0.051472937158199075,0.026500157762153278,0.0640039675698372,0.01641570179558198,0.13293367792910563,0.0518305626394396,0.05390958185412925,0.10214081936556778,0.07652516343398394,0.10491401955382643,0.09537750205965592,0.12914217852647816,0.0693363044805309,0.12293227269475643,0.0749681935671618,0.4057140823450633
Canada,0.02845180063503992,0.12663243914847738,0.03290492571721781,0.10960342401455252,0.018106487140574966,0.05178782743089231,0.036464331077121055,0.06455973206455225,0.09548975441322242,0.1460772016729599,0.2600658037615515,0.049289243911520876,1.0,0.12546010568216642,0.18937206435915016,0.04586732882272689,0.05168710168997052,0.018272591420838834,0.016033094095919843,0.1909837451355226,0.07548199257170829,0.3689305754958103,0.11771526913414004,0.06017161039581255,0.008222414402736486,0.107057301834587,0.025468341867588094,0.007785292728154767,0.11820825260821533,0.16971369270638173,0.051639707210193946,0.05547568438931293,0.056430029713629745,0.1095180309330051,0.133833014721054,0.1141704315685288,0.1170431780577802,0.005049473723694315,0.007561839934061502,0.09582342273609493,0.11308985924248444,0.032388284574729434,0.07011074160315194,0.05121777322447414,0.08607679683370963,0.030400278317759672,0.031861804630296725,0.006136602482371251,0.03780796827290838,0.030778773011271535,0.03301226521480982,0.002182135774877291,0.11547563444384615,0.06341781581587874,0.006986004283203486,0.117778986929257,0.15583032824878232,0.039454975336905625,0.3032132671069048,0.030932663644219958,0.055748808528671125,0.044470554503898654,0.019221032656842465,0.0965614810348669,0.010034971830680898,0.002184012972382691,0.0754952954626705,0.014734688064763043,0.033031111320348965,0.08543416100182179,0.027496901555271465,0.006878373651126044,0.05286533407746809,0.12555393413132518,0.057898258276144636,0.04609429145185176,0.07994893349933116,0.02089983567173716,0.07399622534322715,0.025988921377570487,0.3566588203498682
Chile,0.09783347715861171,0.25141767787879293,0.10498580614919116,0.017804901671731436,0.1420510309207082,0.07943183959301264,0.09594104788756076,0.18972104788428892,0.21792328757549326,0.05086430042671895,0.38102896981654494,0.17410108430682858,0.12546010568216642,1.0,0.06965253441561353,0.17065218777985894,0.07757317215494174,0.11626738349908392,0.10958964030263398,0.08059590564952085,0.19967595648817438,0.47540565722464423,0.24253247749970763,0.07240471113745062,0.12036481868676296,0.030124326728447347,0.10390555670314018,0.1191592844134743,0.23453991526079912,0.2917321751486881,0.17683406040510394,0.08815808058403096,0.06923773056669687,0.23122171579800477,0.20390994850213437,0.02822695114493995,0.017967357141340293,0.12133422443048825,0.13131107814696874,0.06881232125433774,0.23186826313271755,0.15762633882579744,0.05737658174019334,0.07902214197707604,0.056470461961891316,0.13770525710108428,0.15693744731203818,0.13135939927263865,0.09120700546343252,0.10487231630940971,0.11315542834493374,0.1233480602679323,0.2403010205391328,0.06467119860800472,0.1189035771021678,0.22178698888170242,0.2800738654830886,0.1643668417212027,0.4276591465733698,0.15634029106041705,0.15544483018180577,0.08286631018799781,0.11183404898756769,0.03548745724020457,0.1165169769303052,0.12331106147426997,0.20053944948715482,0.11117931383991465,0.15824441254523894,0.06684909004252391,0.12855251230034895,0.12059836188812281,0.07383288246562103,0.2504429237436485,0.08402643238693108,0.08070972967734756,0.04731172863344803,0.1048795035807804,0.051978385251841897,0.10154082430114499,0.23370541750633575
China,0.16111487350227097,0.3157252857064511,0.17291690343013583,0.08609561742632879,0.2068772846385141,0.13904259611132647,0.15577963941605813,0.2536903965202122,0.28398678554741663,0.05230847119636114,0.43559048089693847,0.23860119541644192,0.18937206435915016,0.06965253441561353,1.0,0.23516458089099468,0.14529550890065196,0.17740960925804755,0.1733774955047167,0.08433974745349064,0.26468209205655613,0.5170522241629515,0.30683065509505997,0.13152357695809963,0.18543894406783268,0.08245393587188715,0.16548154816319519,0.18237039058033225,0.3022733117203848,0.3580182198842734,0.24086037487742862,0.14262007015530132,0.1335970878958294,0.2897741773970389,0.25054946518922344,0.07599929584697375,0.07274985158197225,0.1847876153688707,0.19542094293237997,0.13622627598683915,0.29859695877939113,0.22161985995306954,0.12002212172361833,0.13909985983836634,0.10688324848859425,0.20509823201705846,0.22119720260876632,0.19536676389257682,0.15243487554217053,0.16675892989169383,0.17044674430342904,0.1872732548034313,0.3045965970068656,0.13231253571439677,0.18333499437094042,0.27527284730297724,0.3449059309025966,0.22874906381304855,0.4915574662699876,0.2200276111056237,0.22422953540816373,0.14504657465325144,0.17813650426423908,0.10442065173801204,0.17973732166418824,0.1871901594050641,0.2646828040563722,0.17468100927091604,0.22233423332840568,0.11279907951849566,0.19608170729686897,0.18507252273691716,0.1365510259381263,0.31454312994291855,0.13861315254000306,0.14331652060327807,0.10979293555748042,0.1697788068986778,0.11669817505731957,0.16399025158428507,0.16793659902579866
Colombia,0.07416649180357862,0.08092494003754494,0.06966424390791442,0.15456650474706676,0.02877881214316434,0.09725146877078587,0.08108428662609556,0.019325655458167283,0.05056605471364238,0.19138833974364378,0.22123373153473222,0.0037597357394885383,0.04586732882272689,0.17065218777985894,0.23516458089099468,1.0,0.09472902743487206,0.060050774928136076,0.06186388164393654,0.23273552282770388,0.02968080956610727,0.3396362157081947,0.07201245844233706,0.10541159947411637,0.050330572402695874,0.15288173073303324,0.07049623098273104,0.05302026226688288,0.07735050546939318,0.12443663699377004,0.007086576250655999,0.09851893700827703,0.10205130423215998,0.07318217261210964,0.1328791796790062,0.15986826841639096,0.16281411527404602,0.05052688632660755,0.040158882395332635,0.13273083393956844,0.07134617407530752,0.0141092160418954,0.11581909386566228,0.09678529004449696,0.1312903195196847,0.04112468569239598,0.014069337463712668,0.039895411991098605,0.08336393242819883,0.07231599284566223,0.07178971192354545,0.04798278683053524,0.06977430121560263,0.10725261321403881,0.05202385693246091,0.09768791602521976,0.1100282869879766,0.006632618206061533,0.2576775317593673,0.015939939373384514,0.04927930600695269,0.09027307461850474,0.0594713975751735,0.14019567505730163,0.0556191502970849,0.04804943900004378,0.029940560749374175,0.06058780817075337,0.013089121061207,0.12960022987510808,0.04877817559020048,0.05043339989787004,0.09870594956247637,0.07991417832566358,0.10154095767187266,0.09194352364243627,0.1256996146084264,0.06587009830466066,0.11943253261321371,0.07150769897857454,0.40224072116117754
Costa Rica,0.030176491294678375,0.17496617578428225,0.028155327965708406,0.06086935866981157,0.06622415786012195,0.032792752447285876,0.038219344633898845,0.11402081016877735,0.14067071422350005,0.10898979906529535,0.3114155733901292,0.09806695196161923,0.05168710168997052,0.07757317215494174,0.14529550890065196,0.09472902743487206,1.0,0.04870262960327444,0.03768215963891669,0.1423772307965835,0.12310819027258925,0.41744154689384233,0.166123741218164,0.03520042228322266,0.04523504856686896,0.06649416635790789,0.03855544198629266,0.04727414615620692,0.1573178612295271,0.2143346931756558,0.10119116086278933,0.04883409973854876,0.019310317413865075,0.1608697905279175,0.1608005079029568,0.07361409166278975,0.07306280914196842,0.04869814474347804,0.05685941143171153,0.04849767723645996,0.15449217939960996,0.08236373212694159,0.03093030514188896,0.032070213138255255,0.05656805355336417,0.061453226463956324,0.08144572848457032,0.057098810428572386,0.03158540691975796,0.04051140938731959,0.05440174156893961,0.049663996721057896,0.16390401674231994,0.015943616026082463,0.04471268045459207,0.16197428248915552,0.2033202850704644,0.08864619778039219,0.3510443794370996,0.0815186612909942,0.0794922779803964,0.02618668268862739,0.03569401610783302,0.04731891930966569,0.04482441284437397,0.04974981419106317,0.12451811959308402,0.039580622545163285,0.08290456118463162,0.06268414122558233,0.05160442969021931,0.04651949056918873,0.023752967325907384,0.17420969687229734,0.0476302373272476,0.024148869019433927,0.03895476260746427,0.031414245972952136,0.03153633604971975,0.034893691291130124,0.3110762231325518
Croatia,0.021189035345071848,0.13927220456948378,0.03987482660882029,0.10098020320820865,0.034542974076070494,0.03896935874162155,0.023017004578069464,0.07750246965784627,0.11011879403123316,0.13268434713562074,0.2660346074400232,0.06325875207091766,0.018272591420838834,0.11626738349908392,0.17740960925804755,0.060050774928136076,0.04870262960327444,1.0,0.014506039653925919,0.184834362244634,0.08946715128552445,0.36941313590818986,0.13040228782961158,0.04787872082453682,0.021642009009922032,0.09519508919887261,0.014210300478775873,0.012360140977792708,0.13381642691532922,0.18367862420461675,0.06487189447652562,0.0402659596692924,0.047691076669948824,0.1169082874722377,0.1347503263046592,0.10244314129710543,0.10603135942506327,0.014093882773184461,0.023791999731294367,0.0962616572866584,0.12763188144580384,0.04626966358846007,0.05970715138703381,0.038987309550431413,0.07240769241034313,0.04740846221353811,0.04624015033749909,0.02275841941950119,0.02581412102074772,0.024274287839097804,0.016905004302929627,0.016999643956184942,0.128175540190968,0.05845751956136819,0.01751592048215228,0.12228918421543267,0.16877354478863954,0.05383611106699372,0.3151364940626706,0.04432150018892929,0.07222547996657282,0.03400368132662978,0.027762593686046,0.0906066065077419,0.011485841604121274,0.01686580711759331,0.08843612491995635,0.012850736310385224,0.047047734025351604,0.070683295056851,0.04296027508676401,0.018505057859168183,0.042746301391991814,0.13806965708807348,0.043346763412680504,0.035991658368471936,0.06953655067876008,0.02102944351516505,0.06508246947111797,0.01707005418716217,0.3449350494941291
Czech Republic,0.012625319708884595,0.14265397061031632,0.0264972323050943,0.0938819365263193,0.03373087804090434,0.03648823797853776,0.02263857938463831,0.08057220659188004,0.11124153726142401,0.13048777161413175,0.274602179169244,0.06529954411805267,0.016033094095919843,0.10958964030263398,0.1733774955047167,0.06186388164393654,0.03768215963891669,0.014506039653925919,1.0,0.1763331460954459,0.0914421511378628,0.38064540038988987,0.13373781045766633,0.04488921645682022,0.0135157922624648,0.09108469712884894,0.0120710283938057,0.009821665609060287,0.13300940370065564,0.18551411831655837,0.06766682747861177,0.042400039349372684,0.04047168581019302,0.12400222813604082,0.13763227575307585,0.09823696127901181,0.10102093679143304,0.01176230013433748,0.0224842024492984,0.08425414670450596,0.12823701936755538,0.04840161294065753,0.054194229845253135,0.03569122523562181,0.07071541377096242,0.03979335115752154,0.047883304877659856,0.022054645298891288,0.022566392763975523,0.021136095011376945,0.02684117259248573,0.013936641719643907,0.13149842039904722,0.04849318770579852,0.010303117129388585,0.12804292520221955,0.17182501812518233,0.055457553876936745,0.31920274429025103,0.046919598221646805,0.06521548394134659,0.028578044434230548,0.014879168406143055,0.08141555608014094,0.007246547926888116,0.013851968186321438,0.09152117696378424,0.0021453775376417804,0.04906045768196301,0.07089626546668741,0.03358666341045532,0.012539335256299728,0.03685094694737957,0.1415631626062519,0.044167972536745335,0.030112401030746448,0.06392685172924736,0.00709829001715552,0.05805921734091735,0.0110501400314336,0.34068497938019815
Denmark,0.16552447255716343,0.3109849128883916,0.16533188836096002,0.09317142021972961,0.2055957327840584,0.15253739790458407,0.16647434642588804,0.25163163109438547,0.2759193483313434,0.10573881749529249,0.4475172155407515,0.2362274301253511,0.1909837451355226,0.08059590564952085,0.08433974745349064,0.23273552282770388,0.1423772307965835,0.184834362244634,0.1763331460954459,1.0,0.2597647154595859,0.5450849100330909,0.3023693321833208,0.14522120244774267,0.1846360792432128,0.10700012714225696,0.1728452958441169,0.18564977656225812,0.288784226461457,0.34754833763901144,0.23942966052983156,0.16042016477204377,0.13955877710313622,0.29479913046820394,0.24925330108520272,0.10205012333696396,0.09577448463780301,0.1875854711686398,0.19641334572525612,0.11216151913281104,0.2893026381362471,0.2213343478879964,0.13095718905999787,0.1508457325488514,0.13154258047799114,0.19494273078883942,0.22018315958054518,0.19625740704620054,0.16187002928517122,0.17207963200018292,0.18510305953724382,0.1890687404815904,0.30020790554798116,0.12992567599152052,0.18434337593575603,0.2786454411211841,0.33787902435464084,0.22708720018704806,0.4848796157711124,0.22024178414728432,0.2093252758134091,0.15304990992945894,0.17465876625511026,0.09739027597600257,0.1833607051619812,0.18901320359988888,0.2619792609121348,0.1782081426893336,0.22162711042388275,0.14124684313896987,0.18827370903347684,0.184925306273085,0.14480413048051916,0.3100237046166865,0.1563280014977139,0.1510246373265211,0.12126087549234024,0.17055663479221114,0.12277431356800901,0.16971203871812096,0.19718490677592848
Ecuador,0.10375517820855436,0.05196530670762865,0.09691385826529675,0.18346165184651894,0.058014510682566384,0.1268972438266357,0.11070012070899744,0.013845497351434886,0.02224725967714199,0.22097228537432687,0.1992808038765997,0.026344540826530427,0.07548199257170829,0.19967595648817438,0.26468209205655613,0.02968080956610727,0.12310819027258925,0.08946715128552445,0.0914421511378628,0.2597647154595859,1.0,0.32470717816159256,0.043144570608764934,0.13494233015458362,0.07954269750574074,0.18247339526711892,0.10015965099727522,0.08268569288723564,0.05348438252699973,0.09503088341682862,0.024883166422343762,0.12780656053072112,0.131436348062127,0.05969165678796162,0.14147817153536335,0.1894276595234708,0.19226786555295733,0.08018608721466591,0.06962955854843941,0.15801558952536,0.04702309279734577,0.04358107266813231,0.14526356215628167,0.12645244754074192,0.16091835673822902,0.0656426525373184,0.04371754758954287,0.06950359651276455,0.11303257850989379,0.10123462754713025,0.10062458238354709,0.07758224430395227,0.04093594141074407,0.13586403529183813,0.08148661102969046,0.09663926470422815,0.08061537950369312,0.036168843957683286,0.22859111308735625,0.045387423271885975,0.06322436145335343,0.11989965284142404,0.08801246257072272,0.16852593067243174,0.08528219786369243,0.07766203506996407,0.007751288277489428,0.09020769408815299,0.042717222881153455,0.15903794056519485,0.07442744797393357,0.07983752569761998,0.12826868370744307,0.05120201671240029,0.13094570474606992,0.12153909809127499,0.15516251939527437,0.09518185987954297,0.14872981595455925,0.10116120506116455,0.4315708294098096
"Egypt, Arab Rep.",0.38881627090760973,0.29126553525262006,0.40131917486447033,0.4631218762105103,0.3604709971450292,0.39960310280674993,0.38479364121821746,0.32416894834122795,0.3237634713771652,0.4668965742383281,0.1472983877922217,0.33725492706214594,0.3689305754958103,0.47540565722464423,0.5170522241629515,0.3396362157081947,0.41744154689384233,0.36941313590818986,0.38064540038988987,0.5450849100330909,0.32470717816159256,1.0,0.29564311935698917,0.4064952919299049,0.37679754886645966,0.44732842846100584,0.38042385666689693,0.3716368260890696,0.33987575276028237,0.29947519396614847,0.3329140166157895,0.3888962162888138,0.4138209744982848,0.2710660287950954,0.3382903830953106,0.4530845430078678,0.460243338583114,0.3706492700522742,0.3654508964428056,0.4638180328994542,0.32921604377995783,0.3459067112507217,0.42188975042673416,0.40006715180701213,0.4201277438897107,0.3787903270961926,0.34758673265329615,0.364841209002462,0.3906511352744117,0.38334010442596655,0.3665686417939307,0.37054253294396045,0.2967743577682413,0.4265351711611114,0.3755338305862314,0.2900648353173223,0.2838476433225938,0.34316755094787116,0.2516973795098312,0.3454840010809278,0.3852104552411017,0.3991435533292685,0.3878758532118044,0.45667881139208494,0.37374460243395136,0.3704403138110193,0.31834862645747675,0.37866624197706583,0.34590211364216117,0.4110722556531597,0.38516949498126507,0.37453300537692363,0.40749760584865496,0.2900805682857216,0.39276465860207227,0.40154658909578667,0.4301699063376926,0.38749234842898006,0.42873593806324134,0.38409603545502635,0.6687075769719495
El Salvador,0.14598700305719728,0.008920664059461961,0.1399925031964027,0.22633329959544035,0.10063832400090313,0.1684381690860148,0.15189901964264452,0.05327373470205692,0.030595473849625746,0.2621096215871169,0.16232088347287318,0.06856035736394056,0.11771526913414004,0.24253247749970763,0.30683065509505997,0.07201245844233706,0.166123741218164,0.13040228782961158,0.13373781045766633,0.3023693321833208,0.043144570608764934,0.29564311935698917,1.0,0.17654476391602789,0.12229279572714884,0.22454712647575734,0.14172125511460112,0.12465183225408984,0.049284492068901446,0.057595642377809696,0.0661062425656141,0.16796749468315478,0.17399779376453306,0.05311732546803098,0.15959132828544717,0.23149149418796344,0.23467286463783085,0.12223524614152587,0.11186511864028488,0.20041179037286283,0.041932452563939404,0.08542413379814297,0.18759152150624145,0.16814047294245058,0.20205839736642714,0.10841982656718448,0.08589053605919196,0.11173793762797622,0.15472737160118458,0.14263662629230622,0.13997169043271776,0.11983123832797607,0.002240434931489396,0.17887111182846266,0.12397987990730727,0.10368637520994331,0.0386390028518551,0.07838709892999095,0.18578908687515835,0.08695898262351613,0.10214668486081939,0.16198110903028,0.13105441523130873,0.21159874764943223,0.12728019227463827,0.11989642814109791,0.04224072402990408,0.1323768385558844,0.08469291131153533,0.19931717030195326,0.1172583221515328,0.12235008825108001,0.1705350125412624,0.008654472548304981,0.17137566325747702,0.16372787738377842,0.19757739450950065,0.137861233165484,0.191390130375783,0.14308308704705275,0.4737764393469499
Estonia,0.03349338835988324,0.18542623015119725,0.05423361602685474,0.058790388848485434,0.07783509024176036,0.01408077268286264,0.027616663916347203,0.12353448212701174,0.15493773104145367,0.08832593240994627,0.3099937595294543,0.10876561618828381,0.06017161039581255,0.07240471113745062,0.13152357695809963,0.10541159947411637,0.03520042228322266,0.04787872082453682,0.04488921645682022,0.14522120244774267,0.13494233015458362,0.4064952919299049,0.17654476391602789,1.0,0.05764924899488765,0.04999385371949621,0.036404575421120085,0.05295783906040233,0.17614347663818786,0.22887148267009716,0.11077988149693492,0.024592051375242847,0.018553508233629775,0.16168624343964438,0.15496656702929526,0.057215397269485165,0.060865478599196554,0.05546982408827005,0.06635061385025144,0.07481481939727362,0.17113198462158377,0.09169825859556008,0.02056447027965351,0.014101326374191437,0.030076644466277218,0.0813072023584515,0.09145937274593845,0.06609794623385215,0.024178134680123177,0.041293753589639035,0.04311657045936456,0.05814756726799937,0.17431457422850663,0.032680618320969725,0.05487642100674867,0.15799995876929407,0.21477127129210263,0.09899724786623605,0.36132781007617887,0.09004855755053727,0.10446428315243556,0.019105459265062755,0.053278495879913235,0.053608995727722396,0.05047689453534526,0.058048848467428506,0.13449125521196428,0.0458206260089432,0.09248982221909163,0.032855955840089955,0.07286255547587456,0.056649684783545984,0.015245244966807755,0.18424117153007236,0.021434889452466258,0.018312361213036227,0.02716059097710266,0.043034798591675326,0.026212844012038754,0.035445855372143904,0.29893860039937564
