Country Name,Albania,Angola,Australia,Austria,Azerbaijan,Bangladesh,Belarus,Belgium,Bolivia,Brazil,Bulgaria,Burkina Faso,Cambodia,Cameroon,Canada,Chad,Chile,China,Colombia,Costa Rica,Croatia,Czech Republic,Denmark,Dominican Republic,Ecuador,"Egypt, Arab Rep.",El Salvador,Estonia,Finland,France,Germany,Ghana,Greece,Guatemala,Honduras,Hungary,India,Indonesia,"Iran, Islamic Rep.",Ireland,Israel,Italy,Jamaica,Japan,Jordan,Kazakhstan,Kenya,"Korea, Rep.",Kuwait,Kyrgyz Republic,Latvia,Lithuania,Madagascar,Mali,Mexico,Moldova,Mongolia,Morocco,Nepal,Netherlands,New Zealand,Nicaragua,Nigeria,North Macedonia,Norway,Oman,Pakistan,Panama,Paraguay,Peru,Philippines,Poland,Portugal,Romania,Russian Federation,Rwanda,Saudi Arabia,Senegal,Singapore,Slovak Republic,South Africa,Spain,Sri Lanka,Sweden,Switzerland,Tanzania,Thailand,Tunisia,Uganda,Ukraine,United Kingdom,United States,Uruguay
Albania,1.0,0.17847629106472032,0.02998966848544447,0.013004394643615122,0.10831169725081703,0.049060997858712596,0.02865957006691233,0.013793120839858895,0.10642230560590735,0.13450554737643788,0.1271885781334538,0.17364243382335415,0.34813247421627413,0.08684443780504733,0.03059371234724051,0.4017011200329959,0.11791792701405503,0.18422074200558536,0.0839123466422384,0.043871380445222215,0.021811336053837456,0.012807632414129187,0.1821191115669718,0.05289729539753896,0.1176540357014165,0.4556236588176796,0.16796875137721803,0.036403072432806466,0.026337875510218375,0.0907242034580048,0.023581177561462267,0.14973568185093272,0.06087717980265071,0.21503255780820837,0.09059400872476116,0.032744492273483694,0.038159863290646835,0.1662246880481618,0.12075754031621674,0.18710400959878767,0.16851314797989927,0.09502407260359827,0.10563504389899865,0.025890653160515253,0.03711504568902691,0.10153984351720231,0.14456625146538302,0.06749790697512108,0.2345432346202371,0.06801099124183257,0.02574040320164271,0.06181962646876203,0.07682098694366504,0.028133168539411148,0.06713267994032261,0.09670084843883503,0.0371546603237855,0.013992232218532208,0.020095608950730794,0.027314213629453177,0.027399484166288998,0.4640489595202687,0.16533106601267575,0.044259888433208654,0.02340602147180952,0.2086378415474803,0.21236266323127403,0.0763914357303151,0.38385205836875513,0.06707218577625022,0.0756554545273331,0.01902400359877742,0.022393629561797634,0.07924547898557058,0.020518089289966752,0.09282963048054749,0.028133168539411148,0.11862357146891228,0.18272868440285145,0.014639437646788335,0.06879745889176664,0.06050605010452284,0.04348173476277759,0.025974361887219032,0.03095462142734965,0.18022557671717376,0.03362464129433801,0.022680170651120306,0.3261859064145285,0.011237701041482952,0.05405930694460693,0.005675994406203151,0.36387945384191794
Angola,0.17847629106472032,1.0,0.1768221573333222,0.16730473281098346,0.28338523869046783,0.13110777397571016,0.20468151229375459,0.18288839528348613,0.07211122190136952,0.05206108966398452,0.3032384005288732,0.004839943098165206,0.19171887003853086,0.09202969464488638,0.14836520355494848,0.22527071265713458,0.2948726839712687,0.3623263086216208,0.09479166605702297,0.21219512210538552,0.1623527170145727,0.1667757368135441,0.35199949541519493,0.23092846446819734,0.06163035093718726,0.32850749408819646,0.010520724712750977,0.21210594682123093,0.15445440158480073,0.2689356744711876,0.15518019654853327,0.07364692002949998,0.23143890418871113,0.050816369451103405,0.08799294675986648,0.1970993126153506,0.21517903488978213,0.0582710079428628,0.29070464774933336,0.3651227605001624,0.16626982567718127,0.2730851523184635,0.2836914041307181,0.152927971146174,0.14254597576038108,0.2589433696664744,0.0715624567311345,0.11131879494775575,0.40097027535774,0.2417816158394129,0.2027972617191876,0.2373015907994644,0.10446206344936465,0.1508521664587337,0.11162212467411921,0.27363400607967664,0.14184878633808107,0.18970776166219008,0.1738849860751447,0.1715489126426616,0.15233432684593634,0.2877414136942971,0.013161716403979616,0.2178037670588635,0.1567554417252963,0.13015098864501748,0.03454001640871445,0.10230886888046281,0.20583047294537463,0.11151401268835315,0.14570798385143885,0.19722174255133038,0.1649011340576526,0.25328704339454206,0.1583755847485535,0.1267309636912123,0.1508521664587337,0.05990830957767536,0.06281378863314757,0.1645000550033651,0.10985608110401318,0.2314040058123986,0.15042054126677537,0.1536765143483039,0.2089751119458622,0.006747171679396145,0.19957909385827255,0.2006972524218969,0.14794623494310077,0.17195420999682381,0.2319020975894448,0.17460052346333718,0.5414775480307489
Australia,0.02998966848544447,0.1768221573333222,1.0,0.026455424592414324,0.10857779697629506,0.048712809334028155,0.04890681321589835,0.04353526345279429,0.10682207645276515,0.12855656726714562,0.14082951135729962,0.17204546066615548,0.35572111611092744,0.08623592067707121,0.037694008311286095,0.4016286233520748,0.1201488596989732,0.1912163548667735,0.08366391315515471,0.03745586809094211,0.04170753737519432,0.028069004723248345,0.1789508810059307,0.06568590872506609,0.11531569693627138,0.46998694506822286,0.16644001997719987,0.054601386025469295,0.02862509129028836,0.10059533135286568,0.03644968078962478,0.13712516283633774,0.08382753651925284,0.20806935639740715,0.09121831250409312,0.06093379907230842,0.0460727373990649,0.17406624532204673,0.14028863835075447,0.19504670684521777,0.18201265883881526,0.10549471837684701,0.11218797723579207,0.036597126530408475,0.0414185005412314,0.0865200590756201,0.13411792953778875,0.06918004440022348,0.25293037608493035,0.07293146345383074,0.04756652019180976,0.0804618042426301,0.07290135810774244,0.03607165182950577,0.06819236608935064,0.10978757852403463,0.04229278180698129,0.03878516216687503,0.03838751487216079,0.05345067393105515,0.034662933947596224,0.45796300189044864,0.16383623582678217,0.04367467302676113,0.029645455430032205,0.22019688077944577,0.20959151556260722,0.0767552344753804,0.3813117199412796,0.07004324018296833,0.05294217836736705,0.03922418121630565,0.016510144297421786,0.07814442087097377,0.034505807331216096,0.07317626590992131,0.03607165182950577,0.11819485045814959,0.1910110229187401,0.030376156386459383,0.07031711403273617,0.08324378419047541,0.027808592731261003,0.03201345649708763,0.044646944005463686,0.17923696457418944,0.061591394588011404,0.039551318516917906,0.3235823396904636,0.021337703034155626,0.0612124526050818,0.03361121358156734,0.36955220956871837
Austria,0.013004394643615122,0.16730473281098346,0.026455424592414324,1.0,0.11754237405111798,0.03683970802974769,0.03971123199215373,0.02355120974764235,0.0953788352531021,0.12246642771100064,0.1393486481626476,0.16246825367779463,0.3391636280408965,0.07536795415128598,0.01900656311474542,0.3911255110165914,0.128193149396143,0.1955276287298015,0.07260765926637282,0.04945997079265551,0.01612080992482404,0.0017682160932002476,0.1920074209799477,0.06419506567587703,0.10625711829002611,0.4487489645775108,0.1567911242565222,0.047763267371045394,0.014178728936533429,0.1021543023581771,0.01343390922681899,0.13704422376773961,0.07313900230662357,0.20289110976626,0.07938419734258466,0.043295806664189404,0.04800286179574984,0.1575747552253677,0.13308783583567776,0.19869199443232471,0.1669571033192713,0.10689269121851012,0.11652928550803962,0.014971651764632771,0.025297087119581868,0.10624845011484842,0.13171926623166436,0.05610204074767714,0.2469722639340843,0.07652475123026212,0.03785337129927746,0.07414709606527292,0.06469142793897519,0.016539018163568345,0.05570843081718502,0.10915179629200543,0.025526647457668313,0.02462386863037484,0.02167531155559746,0.028175616130595948,0.015229596275752115,0.45262669080876716,0.15415178755258213,0.05320435455956993,0.010816835595392042,0.20400507682687954,0.20112266327289108,0.06507532195811004,0.3726377935716283,0.05605934867011896,0.0646584059012762,0.030838979579844533,0.013620510573711518,0.08913252881678259,0.010359103615698539,0.08083203841438043,0.016539018163568345,0.10744985103353617,0.1739546368311445,0.004551796335151802,0.05748978540678454,0.07270393508455113,0.03291654690049658,0.014409429918532146,0.04184662086462234,0.1693078653684836,0.045057256257620415,0.033735911338658706,0.31504525151678403,0.006478091183161045,0.064987259399098,0.01196959141039872,0.3753518046387331
Azerbaijan,0.10831169725081703,0.28338523869046783,0.10857779697629506,0.11754237405111798,1.0,0.15256833937355216,0.08622082848740364,0.10867608209150065,0.21218569594804268,0.23561313959246646,0.06502453587878504,0.2785750058917751,0.45429133527622373,0.19168860809116176,0.13639453967742826,0.5074907944239551,0.018190846423569208,0.08772856006858663,0.1891480239251288,0.07176839300370728,0.12583315275292006,0.1184012099963678,0.09277014372215606,0.06075459160572416,0.22205443310593406,0.5547867121747715,0.27292841930324474,0.08110027351790623,0.12964537803844509,0.03699927986051354,0.13061406990776392,0.24155195228763715,0.08395052578796959,0.31452266659274675,0.19615283011990745,0.10472868320002027,0.07021350623783419,0.2738138303348667,0.08718687281721481,0.09383628712905187,0.2555323426734539,0.04215482583288888,0.024661025627392297,0.13243469399107433,0.14190894708965787,0.05547479170791625,0.23760287020477494,0.1729206232843205,0.17475053711547217,0.04565384037651201,0.08843698545605314,0.06972819423541521,0.1791693587789645,0.13397526140992483,0.17245986026556914,0.05438578063226402,0.14269531773404212,0.0987423329351836,0.1160805795990424,0.12294293575867334,0.13218885741261419,0.565187523107045,0.27030370990924596,0.06876754777473332,0.12753877443629055,0.31123741727802223,0.3166448933032341,0.18174419369553235,0.48769164172068963,0.17328168299872262,0.15171747998091095,0.09093400784687222,0.11929557741219197,0.041578907669044506,0.1273740500886282,0.1743614333745013,0.13397526140992483,0.2239828902683978,0.2898732380109405,0.12102585855963441,0.17438731443858363,0.08301911705927492,0.13547389072611893,0.13095835470520367,0.07828434814535333,0.2857884539495768,0.10311640794596026,0.08652963570196391,0.4304340539878583,0.11258892780526333,0.056423662657404075,0.11303411111877185,0.26419480789732686
Bangladesh,0.049060997858712596,0.13110777397571016,0.048712809334028155,0.03683970802974769,0.15256833937355216,1.0,0.07583073528055694,0.056484178556323754,0.05972664611590074,0.08568229696184859,0.1758518418587398,0.12627762925911337,0.307446699940259,0.03915684736852582,0.018836326316197163,0.35562934185509043,0.16401999507725976,0.23218237128812758,0.03669394907654447,0.08188263234951765,0.03633653527271323,0.03661784702110139,0.22534957004274958,0.10096075971891989,0.06987275473799973,0.42291842735759416,0.12060819559546083,0.08365649621374313,0.023788720588858076,0.13893063301928604,0.02668638133274963,0.10223855352472759,0.10762226515451372,0.16610757712463856,0.04369277016339423,0.07461323791961397,0.08428280358440832,0.12677156956551033,0.16810588414746377,0.23544147824643472,0.15589188871967424,0.14367499000307812,0.15304167606403177,0.02399958765988046,0.013318074436045576,0.13399517702103766,0.09664547119011016,0.020887357190885168,0.281760874922852,0.11140071822082243,0.07417349224598618,0.11025084131530323,0.027925716320393743,0.0212053408757997,0.020179025788296286,0.1457414951549779,0.012743989372535614,0.06065418412324784,0.048203338744991366,0.050317895571842276,0.022137305667492682,0.41613832832541997,0.11797284085860464,0.08767843804835748,0.026047734359805147,0.18154240888730266,0.16476519893085106,0.029363140530507925,0.336385024849845,0.022020344312151944,0.050108431699274765,0.0675888834779018,0.034863833475277786,0.12371280905090985,0.029431549040208328,0.05647373361346388,0.0212053408757997,0.07147676202022955,0.14317396975221042,0.03479093737484942,0.02225431420829263,0.10729878277962915,0.028004167875546798,0.023713077816732608,0.07861694793215053,0.13340498989654145,0.07698146204545395,0.07055203481518108,0.27878464281199394,0.041257873721324945,0.10139329795802042,0.046115704097786585,0.41190188870769745
Belarus,0.02865957006691233,0.20468151229375459,0.04890681321589835,0.03971123199215373,0.08622082848740364,0.07583073528055694,1.0,0.02374748851329027,0.13276942536058614,0.16134034738069666,0.1008177797365743,0.1998554886414807,0.36962076543052863,0.1134439389815157,0.057427509799316594,0.42690817759017136,0.09503984257466352,0.1583106579852891,0.11067491751321937,0.03743532092563487,0.043236381455932595,0.03972794532724615,0.16465339479016225,0.027365709196653806,0.1444645891246297,0.471703739097908,0.1941925272303241,0.014091820745476479,0.053791204117234974,0.0649594177473682,0.050221119356506506,0.17569439072741785,0.03730524331806162,0.24145962008495697,0.11694138809174663,0.024526161059789397,0.020694332151431287,0.18993543058799336,0.09489481068821223,0.1611110587447999,0.18699221830323864,0.06976908001862404,0.0806514165363593,0.05252141203938466,0.06362715878260547,0.09240909367816348,0.1696875255258291,0.09388657041495449,0.208707882017093,0.046199988358798676,0.0071204430173421466,0.035843892860288634,0.10370545205049925,0.05498357003096249,0.09377791350162062,0.07202228006434001,0.06395476789337178,0.015558963303331038,0.038099613858105216,0.03792867949019435,0.053877744626104715,0.4908488110975569,0.1915597328869951,0.034340845997250305,0.05029728745556143,0.23031902544034497,0.2388252911063393,0.1031004605102695,0.40948713249207785,0.0934303824024119,0.09803659142110441,0.011679298527331353,0.04848291673314909,0.06300737954783035,0.04700887204643601,0.11696040178136263,0.05498357003096249,0.1449247248415981,0.2051712066006304,0.041364451012642314,0.09534081909022968,0.03640785569342474,0.06909031172046096,0.053486471726784036,0.012265187263157526,0.20645099265636932,0.02445136881227301,0.010932073484944705,0.3521892888285319,0.03743720158739966,0.034034780644137744,0.03135684546647734,0.33840499730732015
Belgium,0.013793120839858895,0.18288839528348613,0.04353526345279429,0.02355120974764235,0.10867608209150065,0.056484178556323754,0.02374748851329027,1.0,0.11100667912291169,0.141097417000795,0.12096277705679843,0.17807217951056295,0.34745160138683623,0.0923535716813531,0.03771548019845832,0.4045585905117031,0.11728853133940141,0.18044895056740815,0.08942184500655269,0.05075398773811567,0.023291151625558112,0.022630400508181853,0.1836683549652959,0.04971614658857253,0.1231496144782446,0.45134674726732327,0.1724218566250787,0.031872507667227636,0.036342718646830224,0.08708933736284782,0.02986087410628404,0.15844144073532418,0.051149074895193145,0.22127648072787132,0.09547468469830643,0.02054347053521206,0.03966592460341133,0.16667934415084323,0.11167201662868788,0.1828966327515469,0.16685214552525116,0.09106656017856218,0.10317993326013815,0.03250981295520271,0.04413421911795398,0.10874201729016748,0.15235964472757937,0.07286503709540164,0.22538211279658957,0.06774995972241245,0.020757495107200014,0.05466071475248841,0.08393830044013917,0.03544650698943863,0.07281193465850266,0.09156210844638404,0.043928185044883473,0.011542993276333263,0.02325736763976024,0.01966886495769214,0.03509003565902067,0.4694616907756873,0.169795277988418,0.04911314557629212,0.03263519244991091,0.2073531464985872,0.21704386448144838,0.08193027705447109,0.38775381333466347,0.07196893395861112,0.0880208356175593,0.018470342493088224,0.03539579173673774,0.08170499986724253,0.027190148858532867,0.10429704269606471,0.03544650698943863,0.12327283432007202,0.18255112006914795,0.023070097427743907,0.07419888280247787,0.05086035342700026,0.055632491048993586,0.034780579098420375,0.030698270210556645,0.18438255105270218,0.021801216520825097,0.022987530615564772,0.3303031617661695,0.02428584637792771,0.05412545432309137,0.012214118066626964,0.3600693744142788
Bolivia,0.10642230560590735,0.07211122190136952,0.10682207645276515,0.0953788352531021,0.21218569594804268,0.05972664611590074,0.13276942536058614,0.11100667912291169,1.0,0.03606450053591798,0.23162261444329896,0.06727613794291781,0.25090042724255573,0.020827347014353202,0.07639881593301809,0.29619789988997586,0.2232936285692095,0.29041558460009015,0.023229355766190736,0.141488242691558,0.09062630941059219,0.09479533886262273,0.28247831627551506,0.15891673531097375,0.01428386437302866,0.37407060127073266,0.06160223068320385,0.14028415695427177,0.08279996473451826,0.19693239374705157,0.08311542006642676,0.0688620500289771,0.1603065439724459,0.11235671933447734,0.016120597743395106,0.12597435990874617,0.14334830057302977,0.07341080671779138,0.22023498835887484,0.2932260935694542,0.14169217133574433,0.20111217348255225,0.21177976432158827,0.08089350006060367,0.07077078793979522,0.1914390868581125,0.06257785249888662,0.039480960644262895,0.33201116498978295,0.17047970205783497,0.13078216741451065,0.16556685241593933,0.03533296899343089,0.0788802884949783,0.039796996780327686,0.20183650925160254,0.06991623008588156,0.11770716665183562,0.10253848628574437,0.10060038210150378,0.08045348755569144,0.3589899178614352,0.058964759365662485,0.14653029608713994,0.08494113794314787,0.14085479525314595,0.10619799443361091,0.03056615680319994,0.27773275477881354,0.03945047732841715,0.0861653986354983,0.1251667203944685,0.09374039360817049,0.18223437550704802,0.08633024920544091,0.07428058498067563,0.0788802884949783,0.01235370074994687,0.08963453103105058,0.09248830095063644,0.03793248217405763,0.16022519355152337,0.08159791585359372,0.08182599951038012,0.13697713180643617,0.07399422973982345,0.12838684724083796,0.1286761805450053,0.219966591906492,0.10015943187505486,0.16001651471522108,0.10253128394306832,0.46983198658120046
Brazil,0.13450554737643788,0.05206108966398452,0.12855656726714562,0.12246642771100064,0.23561313959246646,0.08568229696184859,0.16134034738069666,0.141097417000795,0.03606450053591798,1.0,0.2612120834823095,0.047768787184124376,0.24197844311138528,0.0493761925209566,0.10419153462267401,0.2753728753829055,0.24788922248803275,0.3173178513243905,0.05248322722438694,0.16401464987817682,0.12003767386229344,0.12225707892912982,0.3044638699888331,0.18655055489371394,0.022532152357385,0.3734170057983549,0.042871865262845255,0.16887321828281454,0.10890850456360344,0.22441010284117618,0.11171395467105567,0.037311501419290335,0.1917038512981961,0.08071092989938398,0.04770146504521567,0.1575513449916435,0.1693442818492157,0.08124946972042979,0.25209826917900907,0.32074540913865796,0.1623694305537982,0.22910947723362085,0.23806094245344386,0.10919225839868027,0.09809238083390259,0.20821847254681822,0.034335909552602364,0.06850980691030695,0.3648409329423723,0.19516888265853852,0.15968937667712102,0.19550716215442884,0.0577946025687374,0.10664628827647923,0.0684012426395413,0.23100392123880975,0.09769092480307555,0.146211237518671,0.1309635097455122,0.1315986556864528,0.10772523315861124,0.33128231702225297,0.040666112280360954,0.17099982045532092,0.111660803163378,0.15328924053052806,0.08254125549826385,0.05966227051227314,0.25341691876151423,0.06982323056550815,0.09380109847704916,0.1532084763893283,0.11821612154157954,0.2062241954028818,0.11472684705016067,0.07480062175337275,0.10664628827647923,0.02723768341848333,0.094313699379945,0.12037373901033836,0.06718636411238932,0.19149815708800697,0.10189987363632552,0.1088950325897071,0.16415234537471385,0.056254125514002835,0.16007278505669995,0.1561662435440967,0.19588872047696204,0.12648422149588398,0.18630568046632698,0.1313662423953293,0.4965119014105331
Bulgaria,0.1271885781334538,0.3032384005288732,0.14082951135729962,0.1393486481626476,0.06502453587878504,0.1758518418587398,0.1008177797365743,0.12096277705679843,0.23162261444329896,0.2612120834823095,1.0,0.29844562795632734,0.4585232818650789,0.21297666479455468,0.1572646159972535,0.5225604606584644,0.0537684881896679,0.06735315013527542,0.2100239459571471,0.10964225190515794,0.1425625449220259,0.13940864800629038,0.10907859259114917,0.07676072987897652,0.24370707957881058,0.5467472460116625,0.29282303236263807,0.09417595728622037,0.15317115326262953,0.043259215106575176,0.14978013447115596,0.27509786511938517,0.0736798099462718,0.34140589246153985,0.21617789368358886,0.10722706059317719,0.0959047431592487,0.28193276865038897,0.03302815504334762,0.06721737446037554,0.2506081472266802,0.038090682391417996,0.04195303993324487,0.15227856586061136,0.1634150325998878,0.11641371187606202,0.26956951964634357,0.19350827898056214,0.11642454059708585,0.08014605729699689,0.10193973852110709,0.06671634954765612,0.20366784643793012,0.15482200107541932,0.19337619095818245,0.03437745434091127,0.16376478062627334,0.11553302835468034,0.13403619115603974,0.13370649380584246,0.15386007294094342,0.5890565400334916,0.2902092640667489,0.09992591463812048,0.15010371640826428,0.30740017903460987,0.3373192977380759,0.2025193092035301,0.5071747654982813,0.19269997403266917,0.19141303147788444,0.10865274132330736,0.1457312475964826,0.07795819993385494,0.14676604364072005,0.21269236439253905,0.15482200107541932,0.24388358885098577,0.2972402921444031,0.1411874186943284,0.1948442183034923,0.07359929874631124,0.16569685229543674,0.1528525377488561,0.09877040211493775,0.3045041384709597,0.10470724960296485,0.10614575655364426,0.449969202027209,0.13596424311161748,0.080445055819752,0.13023803734057454,0.24225604874010498
Burkina Faso,0.17364243382335415,0.004839943098165206,0.17204546066615548,0.16246825367779463,0.2785750058917751,0.12627762925911337,0.1998554886414807,0.17807217951056295,0.06727613794291781,0.047768787184124376,0.29844562795632734,1.0,0.19551092200326325,0.08719406281305574,0.14352772272295358,0.23004196446471215,0.2900518116922181,0.35750305847154423,0.08995561290594305,0.2073964731758562,0.15753294633198264,0.16193894006088586,0.34729342865133156,0.22609668716206177,0.05682753743951792,0.3313831022973866,0.005680804739968036,0.20728632373784128,0.1496229790379268,0.26410645126673715,0.1503444931131536,0.07092394223942329,0.22667393275324463,0.05400410511575122,0.08315411494224631,0.19232880634957847,0.2103460177310761,0.056778579457782835,0.28598615303698866,0.3603045311141456,0.1638921388192873,0.26826245072209204,0.2788606180045202,0.14809115722298835,0.1377114608889625,0.2542895017584718,0.06850857900990888,0.10648121508794682,0.3963596614687255,0.23696806290672254,0.19797082046694078,0.23249827702654727,0.09966389756220341,0.14601476336615246,0.1067840369936361,0.2688293746149886,0.13701142842059258,0.18487700591298703,0.16908262511121028,0.16677076079162026,0.1474978947641047,0.2924964187654325,0.008321799891753587,0.21299240058590047,0.15191989472541081,0.12984174661743722,0.039285889487718786,0.09747184295734454,0.21065480782008764,0.10667728548482514,0.14127315397119294,0.19238845505935404,0.16008531344640145,0.24849104985595521,0.15353951740685404,0.12249785998293651,0.14601476336615246,0.055069204187746336,0.06256091005820708,0.15966344607143818,0.10501747175271225,0.22663543229271568,0.1456725161700864,0.14884234108532185,0.20414020242756886,0.009312984380472466,0.19480807959005944,0.19586231240223476,0.15278266822620523,0.16712104529453106,0.22707202080437958,0.169769199747853,0.5366770425800618
Cambodia,0.34813247421627413,0.19171887003853086,0.35572111611092744,0.3391636280408965,0.45429133527622373,0.307446699940259,0.36962076543052863,0.34745160138683623,0.25090042724255573,0.24197844311138528,0.4585232818650789,0.19551092200326325,1.0,0.2709530719000148,0.32101984826151353,0.11161606586549408,0.4641355295848094,0.5227374070130066,0.2732439227885141,0.38762577208380394,0.3293863252648196,0.33812626950061775,0.5260595016243387,0.3963568924383566,0.24602887457561626,0.15434165226083732,0.20003004288257087,0.376660853194794,0.3291372405064429,0.43246732269538524,0.32593664765179003,0.2602288661766456,0.3866696732493379,0.19419737253433011,0.26555651706431416,0.3556455918902405,0.3851629988188412,0.18581571555640428,0.4376580014802427,0.5239871613714251,0.2752501360282517,0.43574554915953057,0.4492110933491232,0.32432643310537984,0.31615433220494854,0.4407119447187265,0.25562478921337484,0.28686583417875233,0.5337350178031496,0.4103715402216342,0.3679967191879864,0.3966763910021613,0.2855359448754039,0.32328352207190586,0.2878432819838498,0.4335319163562042,0.31518792460345463,0.35648902178869146,0.34207380654265424,0.3324535984641076,0.32499619477328856,0.21699250618474486,0.20214863899938854,0.39137208619141856,0.3300512936391366,0.196603872165517,0.1712828094514468,0.27963092295107583,0.1288140264763037,0.28592492119452995,0.3329254191574027,0.3649148569540311,0.34121059683176735,0.4266175546431341,0.32901538186553914,0.3155508967307782,0.32328352207190586,0.24092463993434293,0.1667416811825102,0.33536772497424155,0.2856903139353154,0.3868883762418594,0.33156036718985554,0.32712104740716735,0.37721139723345304,0.18824523309155905,0.3582433218108436,0.3689791340605249,0.12012995269587318,0.34493381526326733,0.40114073877792,0.3430955163189004,0.697783640864842
Cameroon,0.08684443780504733,0.09202969464488638,0.08623592067707121,0.07536795415128598,0.19168860809116176,0.03915684736852582,0.1134439389815157,0.0923535716813531,0.020827347014353202,0.0493761925209566,0.21297666479455468,0.08719406281305574,0.2709530719000148,1.0,0.05649511065477232,0.31661992990819676,0.20303286116551886,0.2707568918171713,0.0037993356874944277,0.12080121386881297,0.07168791078631821,0.07490133170995142,0.2627057471454712,0.1392973709753959,0.031115352623820147,0.3918249443483444,0.0815181158976956,0.12106848641492353,0.0625013378344748,0.17733766079327795,0.06358910549042718,0.07464105781499576,0.14259865401042324,0.12921869126776453,0.005799372090958741,0.10842338033399841,0.1232155281366073,0.092224513010998,0.20294285854774538,0.27377117961490094,0.14590317164798497,0.18174738338494525,0.1918498677296237,0.06121736622985432,0.05071651379333666,0.17084598434849438,0.06845502224475301,0.019697785452747262,0.31562130953671347,0.150255976300365,0.11159277034867016,0.1469608670000714,0.015256252860276404,0.05898617446392432,0.019733676613897317,0.18300673757976219,0.0499625965429385,0.09829973764264842,0.08362454771508754,0.08289240323726686,0.06041895335467995,0.3779636075783288,0.07887962221657559,0.1262711854565537,0.06476097494967258,0.15528413236384048,0.12584244124109037,0.010684616935288908,0.2975489196543695,0.020519779335595616,0.06838131447931334,0.10561155870800232,0.07329786018539772,0.1620884818722151,0.06672708206975901,0.06021633281714679,0.05898617446392432,0.03233559637444194,0.1085014471751821,0.07272058321481256,0.018174601235542466,0.142430685559914,0.061248157949970516,0.06180273545340321,0.11715405495115594,0.09426477850018763,0.11086328356262694,0.10892987797445758,0.23984321472632,0.07999731985983129,0.14007096066943756,0.0832300214946809,0.4503160934087707
Canada,0.03059371234724051,0.14836520355494848,0.037694008311286095,0.01900656311474542,0.13639453967742826,0.018836326316197163,0.057427509799316594,0.03771548019845832,0.07639881593301809,0.10419153462267401,0.1572646159972535,0.14352772272295358,0.32101984826151353,0.05649511065477232,1.0,0.3721879505482804,0.1471739869230363,0.21434117543485173,0.05372143707068209,0.06726063081187611,0.019267257552044878,0.018427726608935113,0.209934245034571,0.08284249350899196,0.08745712519851724,0.4328126089018792,0.13784959146609493,0.06535513771270361,0.009249793711866924,0.12087976670581893,0.007957113153699086,0.12087143142344081,0.08885647242196351,0.18462548998397021,0.06040864517767075,0.05626620616679162,0.06700310055266175,0.13948537519273185,0.14934555185910284,0.2173947352888336,0.15768516166440508,0.1254458881645177,0.13546290094422297,0.005219039539425968,0.00772212584761429,0.12240114970044155,0.11521063532765279,0.03715337826518908,0.26304284560874935,0.09500488164002567,0.05552408539767686,0.09149636174419393,0.04656302418186902,0.0024914298887190544,0.036787252298353515,0.12718921815237616,0.006707382803574193,0.04214758232717563,0.03178683458685957,0.03398979054699189,0.004858528380706279,0.4340712408292029,0.1352097605469458,0.07154252238082105,0.009127682558360438,0.18916345622201167,0.18225020430275454,0.046171951589153694,0.3537519289985637,0.03705691041151067,0.05874401215952811,0.049200868628448455,0.02167056569736002,0.10754838240776086,0.010622399230649785,0.07042414889744292,0.0024914298887190544,0.08848744902347952,0.15589892617699022,0.016273078939771864,0.03852420129563752,0.08853935295929538,0.027967061061754585,0.007358210249739282,0.060676739379897496,0.15034792815359416,0.058444941321101285,0.05244295152072535,0.2961429109048359,0.02425217765430022,0.08389269586930734,0.027341217538174926,0.3941211404043776
Chad,0.4017011200329959,0.22527071265713458,0.4016286233520748,0.3911255110165914,0.5074907944239551,0.35562934185509043,0.42690817759017136,0.4045585905117031,0.29619789988997586,0.2753728753829055,0.5225604606584644,0.23004196446471215,0.11161606586549408,0.31661992990819676,0.3721879505482804,1.0,0.5186298125933669,0.5839795085691303,0.3192566313221755,0.4368562590779916,0.38469690451392974,0.3904520889926658,0.5742169045137496,0.4535303243037437,0.28669087573691987,0.23193662070288015,0.23564762525656383,0.4341079756134635,0.3787695529739495,0.4911788101133543,0.37853527970219547,0.2819103639882802,0.4499745790017223,0.20433018350633764,0.31217123158674376,0.41648847718307214,0.4389164908136795,0.24348170884381634,0.5062295250280071,0.5861783703169636,0.3312710255066221,0.4948675711536689,0.5066183382974919,0.3764590138987144,0.3665396127063873,0.48285399719558747,0.2827412110402418,0.3354019896728438,0.6099590927435987,0.4652232036814978,0.4249774256748861,0.457702321263859,0.3294854384624559,0.37464491920362974,0.33586339190336945,0.49418923311420065,0.3657724442685641,0.41234571740082854,0.3962025543294705,0.39181159395228066,0.37623218811646775,0.10599537854825684,0.23825421658528437,0.4419789908043428,0.38083635739015465,0.25570735234112096,0.19327438929473092,0.32663916579066266,0.04078751496579707,0.3352459602551309,0.3680661539889821,0.4201331417062995,0.38948926958503355,0.47720683384361134,0.38175749684894533,0.3472059654299255,0.37464491920362974,0.28435775681224246,0.22959128965433295,0.38802109115973155,0.33396989711833097,0.45009812041875646,0.3752058910264504,0.37767981313350796,0.43220079551501495,0.2228257484530493,0.41894117730241964,0.4238596192699731,0.083117100131586,0.39602987361113295,0.45537487608927457,0.3974511068634347,0.7615341888619751
Chile,0.11791792701405503,0.2948726839712687,0.1201488596989732,0.128193149396143,0.018190846423569208,0.16401999507725976,0.09503984257466352,0.11728853133940141,0.2232936285692095,0.24788922248803275,0.0537684881896679,0.2900518116922181,0.4641355295848094,0.20303286116551886,0.1471739869230363,0.5186298125933669,1.0,0.07324132640511218,0.20029856304193608,0.08450587794089084,0.1361454294778474,0.12890890457381654,0.08076364917586946,0.06826710812791247,0.2334756232720691,0.5631742029633752,0.2843922245273331,0.08889861244374164,0.14060941832475346,0.036577215179205876,0.14098211844269587,0.25523839379598273,0.08645257772306032,0.32740887399746305,0.20732781465460395,0.1111864338776512,0.08036553677989379,0.28319327228287133,0.07944157286837386,0.07856380897199487,0.25926523478314734,0.03764827450206798,0.01991182574914583,0.14298534928652984,0.15296136196115726,0.0682866129556729,0.25150966727610735,0.18408506895967947,0.16061286946406353,0.05871670458346742,0.09664032505995146,0.07285077547017486,0.19098572515061185,0.144717300313835,0.18359798543254938,0.04779899176934898,0.15360645722110952,0.10828357460988743,0.1255846244370209,0.1324670492304122,0.14319395580579605,0.5772785103988836,0.28176129802684785,0.07820448850203385,0.13850536295695343,0.31632061808747,0.3282533792573698,0.19286026734177145,0.4996682202324863,0.184171551990471,0.16562592450428346,0.10001470685255501,0.13032155895711114,0.046336679278634954,0.1377648928241603,0.18822129133641757,0.144717300313835,0.23526444782401035,0.29949228626232455,0.1314260977787958,0.1854683061737673,0.0857858743770011,0.14722103983094237,0.14166949757551806,0.08763693069996348,0.29696811376138654,0.10892279239248338,0.09600594449121957,0.442158152544906,0.12320856881679718,0.06411408512105779,0.12253203332028575,0.25017653996826733
China,0.18422074200558536,0.3623263086216208,0.1912163548667735,0.1955276287298015,0.08772856006858663,0.23218237128812758,0.1583106579852891,0.18044895056740815,0.29041558460009015,0.3173178513243905,0.06735315013527542,0.35750305847154423,0.5227374070130066,0.2707568918171713,0.21434117543485173,0.5839795085691303,0.07324132640511218,1.0,0.2679423706281641,0.15586550271126617,0.20092557289787982,0.1959544746002617,0.08461795607430347,0.1316902979877152,0.301592945932675,0.610991024315522,0.35184182090048816,0.1514750958300101,0.20885734395014527,0.0936258405223424,0.20743221032119646,0.3266079091599581,0.13728204657677837,0.3971982963073362,0.2745609763971237,0.16945572991492674,0.1481636512537491,0.3450881465962998,0.09389946056066187,0.010085424132590809,0.3109317335276877,0.09028018381940757,0.07946808627641191,0.20969660657004424,0.22038806413101508,0.13739648868756418,0.32197352509202537,0.2513552174914469,0.1087914335773237,0.1250241431309737,0.16006013248876125,0.1276675606992413,0.2598072977447938,0.2118525287995463,0.2510771768700478,0.09246003571728446,0.22089275168045144,0.17301744622562562,0.1907516370779753,0.193897386172412,0.21050924462865775,0.6465416778421721,0.3492096879936326,0.14841990698953633,0.20622831782571877,0.37171413611651294,0.39617120038997805,0.26039923700742773,0.5668196209924347,0.25105467477655874,0.23804538808529185,0.16539732715571523,0.19969642883694771,0.11710312333119993,0.20423592104777985,0.2604911002405803,0.2118525287995463,0.3025811554378225,0.3604309033452704,0.1981538235999727,0.2527724729071189,0.1369495172790835,0.2178943630559689,0.20931582198459206,0.15372474604684133,0.3640712494265502,0.1669806280762576,0.16194757337549276,0.5095761454529071,0.1912533674115903,0.13162883347832446,0.188089770207954,0.18067123516783684
Colombia,0.0839123466422384,0.09479166605702297,0.08366391315515471,0.07260765926637282,0.1891480239251288,0.03669394907654447,0.11067491751321937,0.08942184500655269,0.023229355766190736,0.05248322722438694,0.2100239459571471,0.08995561290594305,0.2732439227885141,0.0037993356874944277,0.05372143707068209,0.3192566313221755,0.20029856304193608,0.2679423706281641,1.0,0.11833965819174597,0.06905354633462676,0.07211213112253433,0.25975870014210106,0.13650168665228946,0.03382623987572651,0.3937537727720525,0.08427895603021535,0.1182317051503596,0.059744260538365505,0.17450831088508617,0.06073868964096482,0.07765551058714978,0.13960610324893993,0.1323841205508834,0.007860816271564092,0.10545131422965062,0.12049634093000598,0.09367270932643115,0.19996621783263793,0.2708888793937687,0.14437843162777192,0.17880286906297005,0.18908821057921382,0.058406565786718996,0.048059327727763994,0.1686471192377959,0.07183752031830204,0.01715979992147386,0.3126025890057801,0.14785167378909111,0.10870049763610176,0.14400929447030103,0.014416557480267326,0.05620913728298451,0.017018606528124546,0.17993410722176578,0.04721963414933909,0.09551656330020797,0.08077240151065822,0.08035758367345254,0.05775415564842559,0.38072848594426645,0.08164014184412281,0.12343182730292408,0.062054070972700645,0.15492766975039743,0.12860380261678914,0.007739348361346391,0.30040499485272687,0.0176535326699247,0.06775519319244414,0.10274189320563022,0.07055297450987168,0.15917573273047575,0.06390349198853947,0.06063225557048517,0.05620913728298451,0.03503730798803257,0.11026907800093307,0.06991173633464368,0.015415801196084825,0.139460997531972,0.05888653357090638,0.05898046982133778,0.11436272540648217,0.09685575087009382,0.10779260926874175,0.10612307833732092,0.24262215070171086,0.0772022115874828,0.1371985133487877,0.08028982893886254,0.447413432116495
Costa Rica,0.043871380445222215,0.21219512210538552,0.03745586809094211,0.04945997079265551,0.07176839300370728,0.08188263234951765,0.03743532092563487,0.05075398773811567,0.141488242691558,0.16401464987817682,0.10964225190515794,0.2073964731758562,0.38762577208380394,0.12080121386881297,0.06726063081187611,0.4368562590779916,0.08450587794089084,0.15586550271126617,0.11833965819174597,1.0,0.06110518532222048,0.05073578405461877,0.1487210654751275,0.03807099543016877,0.15077288627391097,0.49617315882425456,0.20176418210709537,0.039258855928273294,0.059606860331713835,0.06754002656521887,0.06284623174502323,0.1710950707756835,0.06647293088724641,0.24319480973068758,0.1255323795346483,0.059236260158503945,0.02043738538527248,0.20640639085416232,0.11409117254903892,0.1603448756688242,0.20426297681475644,0.07387135606747923,0.07707574447936173,0.06413137050566727,0.07224840522716729,0.058678765142185126,0.16724497453031473,0.10259701883304613,0.22414981398663628,0.03744653235062525,0.038603908728936966,0.05761853163098139,0.10779410398963091,0.06500758329825104,0.10197776304600503,0.0808278590095287,0.07315246278523438,0.03988725529029093,0.0535990588819331,0.06462030542900249,0.06305797683351887,0.4939738995957959,0.19914677684369084,0.018857224942778604,0.05814235036303323,0.25048177430512725,0.24526152638394547,0.11109043541048401,0.4166147846159596,0.10327341471448512,0.08298038307010747,0.03417265222469831,0.048660280847609164,0.047425670637511554,0.05979454554837033,0.105116185015391,0.06500758329825104,0.1530810048124564,0.22285113107307775,0.05361452613374757,0.10400963643250447,0.06550332523749568,0.06408470585498714,0.06163976162062308,0.02713490314593879,0.21471611299499777,0.059141804166688856,0.03009733562019406,0.3591816383768493,0.043976067184810626,0.031615691863498226,0.04912823464387403,0.33446416837806037
Croatia,0.021811336053837456,0.1623527170145727,0.04170753737519432,0.01612080992482404,0.12583315275292006,0.03633653527271323,0.043236381455932595,0.023291151625558112,0.09062630941059219,0.12003767386229344,0.1425625449220259,0.15753294633198264,0.3293863252648196,0.07168791078631821,0.019267257552044878,0.38469690451392974,0.1361454294778474,0.20092557289787982,0.06905354633462676,0.06110518532222048,1.0,0.014808023907892954,0.20178181117420657,0.06962902139373281,0.10263844863819943,0.4362449780748449,0.15187863049109934,0.05167158626746013,0.021721393215167084,0.10754459914940909,0.013145623917385281,0.13739556838422678,0.0730377429019983,0.1998535774581601,0.07491341325881773,0.04039762389095098,0.05635133513869787,0.14906030418547841,0.13317842612934785,0.20378136820790654,0.16168454666641877,0.11223907663985433,0.12288183617644127,0.01488770998042657,0.024993763591388427,0.11900047557939188,0.1306480161576077,0.05226967308945853,0.2467394037015065,0.08325576317837839,0.04189772838428881,0.07657699350206752,0.0632471373027883,0.017566426591023854,0.052332095990070875,0.11359517468001137,0.024403516470767602,0.028693418435062425,0.024342557154673608,0.0170176590290735,0.017123435939181836,0.44894963501245927,0.1492501216726045,0.06438963252563523,0.017511901174471652,0.19672069397835173,0.196505011813123,0.06168159766194442,0.3671201658223221,0.05165262296345884,0.07322574165241917,0.03714516256427262,0.028029598735901537,0.09954069188319725,0.011789300018367943,0.08675045848240975,0.017566426591023854,0.10273398435091723,0.16456854828443757,0.01288719572925514,0.053726691182579896,0.07272394573338443,0.042975793450890955,0.018832460365112307,0.04886590163456089,0.16418607093405443,0.043393754252297224,0.040656028845330344,0.30984159585331966,0.021920589744209105,0.07316011866811323,0.0172448371827997,0.38092059814928964
