Country Name,Albania,Angola,Australia,Azerbaijan,Bangladesh,Belarus,Belgium,Bolivia,Brazil,Bulgaria,Cambodia,Cameroon,Canada,Chile,China,Colombia,Costa Rica,Croatia,Czech Republic,Denmark,Ecuador,"Egypt, Arab Rep.",El Salvador,Estonia,Finland,France,Georgia,Germany,Ghana,Guatemala,Honduras,Hungary,India,Indonesia,Israel,Italy,Jamaica,Japan,Jordan,Kazakhstan,Kenya,"Korea, Rep.",Kyrgyz Republic,Latvia,Lithuania,Malaysia,Mexico,Mongolia,Morocco,Nepal,Netherlands,New Zealand,Nigeria,North Macedonia,Norway,Oman,Pakistan,Panama,Paraguay,Peru,Philippines,Poland,Portugal,Romania,Russian Federation,Saudi Arabia,Senegal,Slovak Republic,South Africa,Spain,Sri Lanka,Sweden,Switzerland,Tanzania,Thailand,Tunisia,Turkey,Ukraine,United Kingdom,United States,Uruguay
Albania,1.0,0.008806606921473795,0.00333773493704556,0.0056957136771480545,0.002695321274827047,0.0029565100359980707,0.0015852487963385377,0.005276842775346309,0.007233227790034193,0.008251571638592607,0.0198020448708188,0.0043880553458675396,0.001629002593651932,0.005956973233405152,0.009418075049637289,0.004229563233618259,0.0031314184953396282,0.003219065657238182,0.0008440166658076611,0.01704733759559093,0.005982845574333655,0.03476982995738804,0.008294697483125045,0.005817524411961416,0.0017297758058584425,0.004708927843897062,0.0010253483563012742,0.0012639836008288617,0.009513353305702611,0.011453662639808272,0.004505121878865933,0.003980524223564106,0.0020463507888927816,0.010101101216527877,0.03794498790276226,0.00532147246744615,0.005328849748508852,0.0013822385724552928,0.002302313709907335,0.00789641621466803,0.009282591978757615,0.0035356960246836393,0.004114534455012488,0.0017459733666067142,0.0040108918136909505,0.004787400826537216,0.0033940434611420167,0.0020669962581712164,0.0015433731566607174,0.007165962300762673,0.0037345954971679343,0.001547791741464999,0.00816612994462653,0.003612898475506834,0.0014289790923637845,0.01904283142633227,0.01070969203334852,0.0038870483415578195,0.018829719880852375,0.0033276792850700653,0.006552259595988708,0.0011192270206564375,0.0021348236821934893,0.005162819400639222,0.0011673266966404229,0.0015133491136847044,0.005874161848198504,0.001001830298499717,0.0034531583199620373,0.004619276923417133,0.004605401731803462,0.002131333318670273,0.0016758752919279673,0.008864430774025866,0.0030285960332999753,0.0013092350390838461,0.0034757258011065047,0.0009818369692623627,0.0027669104654957245,0.0006233926818843086,0.018459676719547513
Angola,0.008806606921473795,1.0,0.008860947045573808,0.013936931757296734,0.006406374480269858,0.010575296108117261,0.009311929857687428,0.0035381191674037074,0.003012581962696106,0.01635594407209603,0.014760383010978735,0.00448614337168141,0.007298994100684019,0.014491131821649832,0.018172635222651456,0.004616958798842979,0.010430317785885683,0.008659846913551318,0.008210099830888154,0.022228709837900602,0.003023444226793245,0.0320596410728981,0.0005134816473841712,0.01199087542542541,0.007517978043271854,0.013435241937766384,0.008680698861424491,0.007683322594940884,0.00606501354387002,0.004134324332473071,0.004332670884759573,0.01080655513301196,0.01057883850113459,0.007187465517133568,0.03794268347298353,0.013669827533148328,0.014058057851637419,0.007555688632869124,0.007222820572817843,0.013590554152850983,0.006461076247786659,0.005444840080912478,0.01200653184146158,0.010208403060825908,0.012252974506140121,0.007382282203943972,0.005464929750277436,0.006975982937644259,0.009552239063695511,0.0101356410109322,0.00943950775571494,0.007450633650470274,0.0006424831409286002,0.010839277998637523,0.00768289805177319,0.017553143730582546,0.002678659687557874,0.005027841936156067,0.010172213997143197,0.005518796754053001,0.008192828219602766,0.009791590965447855,0.008112909313069015,0.012708469387325741,0.007848255100004562,0.007423497415475329,0.0029432250103312366,0.008143100963591915,0.005393362655665431,0.012324854307287931,0.00818577217020483,0.007636265040594348,0.010338815023147041,0.000703894640709209,0.010479330649714725,0.009940950193860756,0.012024186332639223,0.008405939858033926,0.011391558729923222,0.008652984444805818,0.027256305320194022
Australia,0.00333773493704556,0.008860947045573808,1.0,0.0058512376020336,0.003323745744484925,0.005164801298194814,0.0048255497543521495,0.005830223517688164,0.006480965699427958,0.010328364743649895,0.021655734958907293,0.004794363376229044,0.0033512933616915187,0.0062645681750803095,0.010694309414479292,0.0046333208013856885,0.002467038657002194,0.005328297861101822,0.0032122210941379335,0.01615567937511249,0.005894086420937554,0.03748017889289616,0.008384640940188494,0.00729301942661311,0.0025576168593726945,0.006531975045694843,0.004197394120730392,0.003651592569888524,0.0077339799784997415,0.010502588318242571,0.0051526078778088395,0.006645541913958693,0.0036082149096247113,0.01194043102719505,0.03905136532019925,0.006919173573960376,0.006612643894491307,0.0035205206229597386,0.003451376023103019,0.005503387187719676,0.008151694058191623,0.004351324088232399,0.005550713437833554,0.004664779310014887,0.006752507913568761,0.003580070905095932,0.00416500649884193,0.003483962474915117,0.004397538815022074,0.00772007527302594,0.006564903427041793,0.0033356683391232633,0.008265678935038876,0.002813264461633382,0.0029564777269190227,0.02034189687749211,0.010588504918969304,0.0044818367086277965,0.0186318857646596,0.004449896006650518,0.0039573364687939105,0.003937585709282316,0.0017420445803428622,0.004280042249291715,0.003567324882603122,0.003325740208251203,0.0062517697786570155,0.0033887753062579753,0.004307979963590519,0.007553856926197732,0.0033358754436479195,0.003262195351748239,0.003963098317941954,0.008999936319111248,0.006231782522062662,0.003870942758624958,0.005170498536135063,0.002527580808472347,0.0039927299314134225,0.0037437749594407934,0.01931558923249837
Azerbaijan,0.0056957136771480545,0.013936931757296734,0.0058512376020336,1.0,0.007562113243535896,0.005292140797547539,0.006093112155028522,0.01056090989932399,0.011719494090914715,0.007061700213957925,0.02480943138601533,0.009488802574145905,0.006863398399872831,0.0016095360275086151,0.005592824791004319,0.00940111857853544,0.0036418567613048297,0.0070341266051976116,0.00602210345377147,0.015245894720183601,0.011008043232082952,0.03864289108571073,0.013431568590949124,0.007073150176012844,0.006539135384907482,0.0033093197030860887,0.006176393845660203,0.006681242479610217,0.012614609694231163,0.015681241365316803,0.009726656504459603,0.006912248309614902,0.0036926863350355194,0.015338676845835996,0.03982834099827988,0.0049975049245230205,0.002364056812042051,0.006722098642273951,0.007097782658683902,0.005604362743441651,0.012194791776039538,0.008663671846436195,0.0033309991780329715,0.005057407337884481,0.005271953481800603,0.008413943286446705,0.008573587593497294,0.007169529307989031,0.005398085171842611,0.00976210165837075,0.00735059094409959,0.006700788923584941,0.013304693740254976,0.004531426742439845,0.006392136207291619,0.02336894481523991,0.015673372297095513,0.009082336054843664,0.023804391269683936,0.008652247187255822,0.008437680238729206,0.004951559853658491,0.006118818813337164,0.004180107626415201,0.006500220409098576,0.006751056711206856,0.011070131926454473,0.0061639925517782265,0.008676551132142567,0.006402171154294815,0.007667497384418613,0.0067630920365578965,0.004265040764100231,0.014110634288859456,0.006617669417888438,0.004662850123959083,0.003027826358803177,0.00571870985391117,0.0034764604417092276,0.006020051740903058,0.014188657704196419
Bangladesh,0.002695321274827047,0.006406374480269858,0.003323745744484925,0.007562113243535896,1.0,0.004740092850206199,0.0036250740793576926,0.0030284576913716726,0.004640673267341118,0.010691795999922763,0.01851180451772657,0.0019330174549814442,0.001143279620084521,0.008136522522266779,0.011892555822315312,0.0018847096227676903,0.00418582782376694,0.003618740801115399,0.0019649667322214847,0.018144302187178486,0.0035578505439449975,0.03426226955384515,0.005896030580487531,0.0070819393530886865,0.0013103704387557678,0.007205709316153449,0.0028350945306091662,0.001720306572095865,0.007006331256080491,0.008787749599412566,0.0021818774628396204,0.005762673270233116,0.004200475163161777,0.00918673142061168,0.03820010257683234,0.007780741706240229,0.007710203909380251,0.0014973834903621156,0.001563779385903216,0.008402421698658747,0.006800982214996853,0.0013105559919107553,0.005869595792209105,0.004196910552817547,0.006475768277825712,0.003928232861618024,0.0010620647179423596,0.0009497365972812166,0.0035291826272169907,0.007079146574766281,0.004623148431565212,0.0012404726380804262,0.005767897328731276,0.004988212819115728,0.0013440467053084735,0.0190592435614508,0.00833304097419499,0.00166545287543134,0.016396802641267517,0.0013050755103166795,0.004981315080477004,0.003627059477338745,0.002207319816384828,0.006907731829816057,0.0017856395669968532,0.0012527214047948622,0.0035119030677454696,0.0019628337245613235,0.0011894194795986552,0.006939405657305619,0.004052170944667713,0.0019269110810406268,0.004056440655500411,0.006576278303586143,0.005235659188437369,0.0036967507584637596,0.0057555664254539994,0.00210828883746975,0.0051583004364069976,0.0026930950823720883,0.021004978514950503
Belarus,0.0029565100359980707,0.010575296108117261,0.005164801298194814,0.005292140797547539,0.004740092850206199,1.0,0.0022019436489791495,0.007211377657662771,0.009232787143967233,0.007072836083495616,0.019896441648601312,0.006346406623932583,0.00378056305522463,0.005708486692851584,0.007982691606771331,0.006278241214572105,0.004201317876803031,0.00355658070867492,0.003162897554242218,0.017838216688362912,0.00803959596380321,0.03448817877153464,0.01007415913464637,0.005884892132875238,0.0041860994216632915,0.003615322899853604,0.0025412496908344597,0.0035547513367194384,0.011112670807602124,0.013164477376214932,0.006374997710460812,0.0038105219108232565,0.0025943531702273407,0.011916770667349233,0.04018881754246131,0.004491447034204081,0.004361686758991779,0.003495331488557669,0.004292680762841868,0.009009480651558998,0.010323299696615287,0.005503080188377712,0.003767720287542069,0.001928847802533025,0.0028408132941915858,0.007599663109948072,0.005405139067955227,0.0040730897618508404,0.0016711698599596548,0.007942326459583144,0.00269477868933127,0.003672025677160245,0.00994845676251224,0.004588729615791927,0.0036290746203893366,0.02122563354191862,0.012741167295846225,0.0059220510101554175,0.020147589527060826,0.0052709790668006235,0.008364092454557376,0.0021649502905594508,0.004682574952921486,0.006287273647547764,0.003210944545930981,0.003678114379090067,0.007712571977836027,0.003035110579082388,0.00542807964251435,0.003397472212735492,0.006844905199652454,0.004165626554337784,0.0021574797238360717,0.010710354400304416,0.002948658779689897,0.0021324837934798653,0.003730574390097364,0.0035202305693289456,0.00370277623018777,0.00279502203061044,0.017241207470618875
Belgium,0.0015852487963385377,0.009311929857687428,0.0048255497543521495,0.006093112155028522,0.0036250740793576926,0.0022019436489791495,1.0,0.005828546384513187,0.008133805375328892,0.007518224483224253,0.019060673483406804,0.005084550597790307,0.0024973560694875286,0.006327234334006986,0.009005407479960457,0.004971840539223747,0.0042563172392348116,0.0029115993327738458,0.0019227844408998508,0.01777357875414446,0.006744681214539232,0.03363181996107933,0.008807033755318862,0.005650141935363163,0.003035604479380489,0.004312226289428521,0.0008026345328331162,0.0020080176741546366,0.010561942772665868,0.012231667300146312,0.005072696895458612,0.0031515287823912887,0.0025890661523617848,0.009950945184603587,0.038174983329641254,0.004993547584515665,0.005188355182160747,0.002135598748555643,0.0031357508712466886,0.009190072958410872,0.01001823350296855,0.00420295987993952,0.004128105163662874,0.001133176034131444,0.0029738331661106772,0.006233891731801543,0.004111398422018329,0.002854302925583734,0.0009496902767646535,0.007420983911930241,0.0024297629791674123,0.002418730267564856,0.008680355755336582,0.004680380323963279,0.0025178797848766196,0.01916864070225036,0.0113074422194526,0.004598332196771215,0.019160792824742506,0.0038942117194381313,0.007943146590558005,0.0012919079285470788,0.003679451843482518,0.006214404252488939,0.0018568660900658044,0.002398193519150746,0.006416251251470634,0.0018244586147499865,0.004116156249590104,0.0033626640616768655,0.005926555301793114,0.003069550029730027,0.001885368713500303,0.00936119903337021,0.0017382578187306874,0.001552279606726035,0.0036012595296119367,0.0024673972484434504,0.003406267176127534,0.0012605002729002587,0.018155552870835125
Bolivia,0.005276842775346309,0.0035381191674037074,0.005830223517688164,0.01056090989932399,0.0030284576913716726,0.007211377657662771,0.005828546384513187,1.0,0.0029066800176955556,0.012961551765134435,0.016305432331125667,0.001151386309026709,0.0038028553278231622,0.011047329583058981,0.014653876265225125,0.0012170022872812387,0.007164539719925082,0.005503903091673554,0.004704895388739037,0.01988692794099692,0.001206961329178096,0.03274563046625639,0.003028246644522256,0.008993435522020064,0.004091414105530742,0.009914363720380152,0.0051714553684639696,0.00416079171114708,0.006449483931209491,0.0067317158978971005,0.0009012940558447047,0.007549397195301408,0.007097829214333165,0.0071186380846902245,0.03757032998751488,0.010234865104497115,0.010551464291117703,0.004046059495806296,0.003865398903795394,0.01091475889430385,0.006519697451122842,0.0020592171778838005,0.008631623274051993,0.0066940216844773946,0.008784446627525404,0.004869250704216927,0.0020035556307169693,0.0035181690459694733,0.006075118196615298,0.00797693327553887,0.0063076166866765475,0.003962359725286965,0.0029003629951432665,0.007611880350135022,0.004216099452509944,0.017516753719335504,0.00561999472870356,0.0016464206398030554,0.013628759613340511,0.002012353208080951,0.006365821812940975,0.006267412797077804,0.004809778616600992,0.009473849269497193,0.004340418518888204,0.003925808970131688,0.000667174067917138,0.0046471614624041735,0.0019160830398403852,0.008945224125698377,0.005547717376178054,0.004282221807574714,0.0068273942568000245,0.0036179228949924963,0.0070737976844702415,0.00642652290040237,0.008528186411657085,0.004935686144406108,0.007896832205990923,0.005127376067767744,0.023726952893172296
Brazil,0.007233227790034193,0.003012581962696106,0.006480965699427958,0.011719494090914715,0.004640673267341118,0.009232787143967233,0.008133805375328892,0.0029066800176955556,1.0,0.015129251658352705,0.017438974643998236,0.0031248276368669617,0.005734252588213382,0.012368954685320297,0.016452826212610055,0.003259279641785977,0.008122581389636,0.007502015254268959,0.006581167385697084,0.020252152255735074,0.0018132185330423838,0.03431962318082231,0.0026962197499219623,0.010704629612647844,0.00566152913976216,0.011809744466391919,0.007377682005398042,0.006229039682907422,0.00390890195737919,0.004315739741735931,0.0032999268944944402,0.009868107963255384,0.008721090616874117,0.008756239940918046,0.038143757539966607,0.01224389861579134,0.012235296874085066,0.00606740982469756,0.005598602059863079,0.010765845076243194,0.004719718468229812,0.0040642499405510735,0.010121416577381468,0.008804467397253194,0.011065995057606626,0.005158249419560548,0.004037446013313722,0.005413566909313517,0.008145345327115631,0.009049312437725868,0.008671141449499738,0.005857501030848255,0.002626510654770766,0.008726769602274573,0.005958699933647619,0.018721941266729544,0.004493082981557125,0.0037103202118866575,0.012416648978443644,0.004318560892284796,0.005220559932177175,0.008242127476192254,0.006008749303678263,0.010491043967502656,0.006375718854917097,0.005853369396559207,0.002501595406248601,0.006590666141375109,0.004052761881158807,0.011397832658905066,0.005988391001843946,0.00595542001310259,0.008664061663488863,0.003376514157670753,0.009584436760006572,0.008317917574682252,0.0102008915204885,0.006575906536188985,0.009509031498434312,0.007221842582171771,0.025450899018476143
Bulgaria,0.008251571638592607,0.01635594407209603,0.010328364743649895,0.007061700213957925,0.010691795999922763,0.007072836083495616,0.007518224483224253,0.012961551765134435,0.015129251658352705,1.0,0.024050029691958425,0.012248095480097901,0.009634623578070843,0.006401020869142758,0.004917368188905716,0.012113737143392964,0.008788540294901805,0.00903229782389323,0.008857912549035209,0.01752375699905558,0.013818935907288662,0.03607632778199465,0.015866240038927823,0.008449655735907252,0.00981335177345966,0.004803798576349527,0.008143234240829742,0.009171902287077476,0.01714565153311361,0.019214995411415636,0.012260051520840533,0.007003616206308218,0.0072792426709831866,0.015481156005409813,0.03915618000011901,0.005219177744561637,0.005150736973830053,0.009324999010431517,0.00996464540345196,0.01185280039816476,0.016537577953767753,0.011339558781626692,0.00700872806300887,0.00683656273023121,0.005066536493393884,0.01208226669315011,0.01129730308589437,0.009983016284520106,0.0075280504550684964,0.011612323687273447,0.008174117369434011,0.00952673368238888,0.01574346342412628,0.008763525160692487,0.009458237722398096,0.022208914083190003,0.018212252231264405,0.011736541289877361,0.0259998691514617,0.011120457858146636,0.013688788467341093,0.0073510209930697885,0.009828413981274433,0.008469639803001486,0.009052129254538516,0.009523047612605678,0.013552468802155222,0.008868398154847712,0.011318003650274312,0.005329720034039506,0.01152630071640405,0.00973784044415318,0.007086834966418634,0.0163508259379099,0.006525256468758273,0.0073344648839854905,0.006263419310806633,0.008963273113510787,0.006832161814947882,0.008277710439375202,0.012362794442432979
Cambodia,0.0198020448708188,0.014760383010978735,0.021655734958907293,0.02480943138601533,0.01851180451772657,0.019896441648601312,0.019060673483406804,0.016305432331125667,0.017438974643998236,0.024050029691958425,1.0,0.017164069916538675,0.018735617862464273,0.02532617119964469,0.026844764508482912,0.017319295113084176,0.02233265475198369,0.018429614375159067,0.01939151604727397,0.03369364342265203,0.016824393418769724,0.019306758306398112,0.014957793093266964,0.02130277351610619,0.019508804454455037,0.022865629695020828,0.018998593099056257,0.01879464510739754,0.019740688044619484,0.016843432637675827,0.01674345962610702,0.019474226760030314,0.02140326838356694,0.013599805195398839,0.042471839840712795,0.023045314154748617,0.02387928549925597,0.01873458098764124,0.018833927415849556,0.02686569798718946,0.01856107219368655,0.017546983182045686,0.022100991700369214,0.020118219841974264,0.02085346117845272,0.021020357802731694,0.0176374201005463,0.01851771649209802,0.01956080631245637,0.020062165751853017,0.017577937999078204,0.018836218750723718,0.015009746000267343,0.02269609731868828,0.019229110046830644,0.022262298827539027,0.015234020945080275,0.017431923103847658,0.013281784435504106,0.017348967149715424,0.022104834278688777,0.020232436738791305,0.020542108384932124,0.02482942021055659,0.01885803741167302,0.01881432759092151,0.016016558061355858,0.019181067069493695,0.017487342171518136,0.020182813194141207,0.02123889199118345,0.019253846436145763,0.020815572948205043,0.014700948715352224,0.01921793521821587,0.02043666869450262,0.022391495363879896,0.020029675086318532,0.022399315110603082,0.01935256092583884,0.035508883885965604
Cameroon,0.0043880553458675396,0.00448614337168141,0.004794363376229044,0.009488802574145905,0.0019330174549814442,0.006346406623932583,0.005084550597790307,0.001151386309026709,0.0031248276368669617,0.012248095480097901,0.017164069916538675,1.0,0.002840323275628829,0.010029984551890353,0.013734003197336957,0.00036999028408994265,0.006058431556277586,0.004773559888836054,0.0037482399232735076,0.01922952553562384,0.0017318215133490349,0.03341728311852962,0.003974097654981564,0.008309692517573708,0.003072012989629262,0.009011858323835761,0.004364353404825642,0.0032849770816491333,0.006223305725047843,0.007206805029140989,0.00045521459045680753,0.006965644129620292,0.006094319080410819,0.00799449576729361,0.037921422039636145,0.009417773452675002,0.009585813942104364,0.0031281790611135916,0.0029361070409650515,0.00987746150902236,0.006200912312953313,0.0011696737370829645,0.007668501255308857,0.005858689424965391,0.008042365492856805,0.004294552544211313,0.0010039604878737652,0.0025432621482344544,0.005200760516856697,0.007555437015705425,0.00570209143455035,0.002988444776272737,0.003845513325689714,0.0066327824860084065,0.003199977971277467,0.018233974704827717,0.0065007392235012385,0.0008611180218475997,0.014535512633292334,0.0012087616725939734,0.005508824384576843,0.005372112162052578,0.003807821113634581,0.008540286340713776,0.0034311625036861208,0.0029653049627097394,0.0015845803758724956,0.0037019598919625636,0.0009710366730815339,0.008321371135909385,0.004805977163375313,0.0033632141082876703,0.00588265193272452,0.004645476371162207,0.0064963533557154144,0.005496162305304509,0.00758876336039188,0.003937568251501368,0.006961137136503007,0.004287008915254784,0.022832120081322703
Canada,0.001629002593651932,0.007298994100684019,0.0033512933616915187,0.006863398399872831,0.001143279620084521,0.00378056305522463,0.0024973560694875286,0.0038028553278231622,0.005734252588213382,0.009634623578070843,0.018735617862464273,0.002840323275628829,1.0,0.007340663395396615,0.010894661066868564,0.0027381869931770095,0.0037656003287443824,0.0030323160475736917,0.0009177278155926592,0.01784439477127277,0.00450748559196942,0.034149098991439995,0.0067855131608362575,0.006434031330616,0.0009813269290415685,0.006173701584978192,0.0017004485478776723,0.0006492476360313573,0.008123211895635111,0.009891232774804666,0.0029714947185604545,0.0048100294189463285,0.003307369183377602,0.009324384815447858,0.038100317481738685,0.00676581289826642,0.006759251676299028,0.00036489485589125614,0.0013735385611683408,0.008377336223762166,0.007826407502530996,0.002017327886810269,0.00508838619830944,0.0030836224993541,0.0053496381631747,0.004344625883143661,0.00184057468525252,0.0006174863970486674,0.0024572755050468803,0.006985774670377619,0.0038051644184155155,0.0001993161920448553,0.006656511743833799,0.0044850553355379385,0.0005320529331677347,0.018977062627594438,0.009250144695129352,0.002416443476634282,0.017298197612965555,0.0018178037403249324,0.005766341244444601,0.0025450649922840493,0.002037814054207672,0.006348053976427717,0.0006562311974681299,0.00012505119633326965,0.004358062610304718,0.0008924419237224524,0.0019056575176774765,0.005817663468495791,0.004307966463231439,0.0015834633114882363,0.0030439608274338255,0.007415353579407401,0.004116040625191148,0.002655924323425418,0.004833805481440248,0.001332007119759228,0.004266286242771591,0.0015794719575271258,0.02001963881871392
Chile,0.005956973233405152,0.014491131821649832,0.0062645681750803095,0.0016095360275086151,0.008136522522266779,0.005708486692851584,0.006327234334006986,0.011047329583058981,0.012368954685320297,0.006401020869142758,0.02532617119964469,0.010029984551890353,0.007340663395396615,1.0,0.004866900108757638,0.009892501461909776,0.004370329445097852,0.007581696202105941,0.006461951903835855,0.014688944662810365,0.011519403062116695,0.03907388917203431,0.013983167632392296,0.007179071468759284,0.006994903106725672,0.0030473470462371835,0.006495441693041797,0.007088831184453941,0.013504705657159166,0.016461575755290923,0.01025147102796852,0.006909755722871482,0.0041123020847283484,0.01550820226234932,0.03934928583380662,0.004192363662577491,0.0020558361681733655,0.007172771915847161,0.007590536179439035,0.006005302124093129,0.013310205975980503,0.009192998898727848,0.004190153076983779,0.005253075859112675,0.005114661655298666,0.00860891639763868,0.00908871400855076,0.007685791345906617,0.005803483684891699,0.010091018510268017,0.007873424374020383,0.007199657269814092,0.013855615797468147,0.0046173197432419835,0.00689753632303039,0.022764012367013062,0.016204796341827955,0.009561324540290798,0.024482814588088302,0.00913951590796802,0.009239602217999235,0.005210951553259906,0.006484401454517334,0.003519311865831841,0.006938178547134064,0.007223718450973743,0.01160125384022343,0.006608472457238184,0.00918640430287608,0.0062189819060893955,0.007967323212599452,0.007212683435084985,0.0045858055106289715,0.014594078057038978,0.006525942589201108,0.0049940092893891435,0.0032323261711338924,0.006115133897507055,0.0033328067886415082,0.0063028087902064775,0.013226940762287986
China,0.009418075049637289,0.018172635222651456,0.010694309414479292,0.005592824791004319,0.011892555822315312,0.007982691606771331,0.009005407479960457,0.014653876265225125,0.016452826212610055,0.004917368188905716,0.026844764508482912,0.013734003197336957,0.010894661066868564,0.004866900108757638,1.0,0.013613389891640763,0.00875104839851661,0.010346578480358897,0.009992294410086476,0.016423073527078225,0.015372486282542024,0.038975505547090734,0.017660018825023032,0.009248204380197224,0.010857973827815054,0.004750499516202724,0.009532086324013886,0.010514534183306345,0.01783892919052832,0.020556448479033616,0.01384344596729186,0.008731862256694627,0.007735255518349589,0.018143238576577226,0.040918067497648404,0.005526980346845414,0.004234206366487504,0.010621971963754912,0.011207629534220814,0.010612718315182222,0.017225828339353478,0.012812486487244291,0.007035583697271597,0.008016622835134511,0.006376703363729404,0.013045429576440072,0.01273420427772213,0.0112534871124023,0.008671779076664086,0.012909118477505092,0.009775526792784317,0.010751292573643418,0.017531245555768623,0.008764048127328604,0.010563996103838872,0.02496703849238026,0.020055874031679917,0.013230030165443381,0.02803022353064074,0.012656152438245522,0.01386800630942197,0.008388139218927892,0.01066350488568072,0.007976905889152985,0.010326803187836147,0.010769679440078747,0.015231024161838407,0.010046034607673114,0.012791831386883707,0.006978738985943896,0.012254464879785671,0.010875390275692776,0.00785433346761392,0.018251264929174154,0.008405654597527094,0.008240966136620884,0.006501188084296306,0.009928221913478053,0.007192659848225214,0.009558942780247283,0.00937586279608775
Colombia,0.004229563233618259,0.004616958798842979,0.0046333208013856885,0.00940111857853544,0.0018847096227676903,0.006278241214572105,0.004971840539223747,0.0012170022872812387,0.003259279641785977,0.012113737143392964,0.017319295113084176,0.00036999028408994265,0.0027381869931770095,0.009892501461909776,0.013613389891640763,1.0,0.005972098901128823,0.00478145951968202,0.003636840528376216,0.019050419774051405,0.0017909042344943279,0.033576563578263344,0.0041061143210829685,0.008240677350127328,0.0029301942153238214,0.008893134905201109,0.004250125375998961,0.0031699670309843016,0.006408378340397112,0.007397971259684189,0.000620930575200142,0.006850449765142169,0.005985343372658548,0.007974075593991202,0.03782044017025477,0.00925444735564664,0.009472072128440765,0.0030232445155959557,0.002850096181517342,0.009775921937364556,0.006492263371951999,0.0011604508592499606,0.007615449681943841,0.005739048991000655,0.007926606335811484,0.004076763166150935,0.0009351721170034269,0.0024663768128930703,0.005119975875947875,0.007517111974166225,0.005723971690738778,0.002899581124000319,0.003977886927253952,0.0064519449138039165,0.003101046514643851,0.018028265272683548,0.00662602459804602,0.0007521780378966227,0.01468793109655718,0.0011374949337127453,0.005530588486040337,0.005244649835873536,0.0036307712658083654,0.008319441417897769,0.0033287409899136655,0.0028617980140998272,0.0017272262242742137,0.0036041946316178377,0.0009112448305905116,0.00820271798686492,0.004641352427572577,0.0032501975304886754,0.005769192407869243,0.004729255882422022,0.0063520705216922055,0.005382475331295807,0.007482003387370515,0.0037939415721946358,0.0067899389531391,0.004140435538222625,0.022670255280064836
Costa Rica,0.0031314184953396282,0.010430317785885683,0.002467038657002194,0.0036418567613048297,0.00418582782376694,0.004201317876803031,0.0042563172392348116,0.007164539719925082,0.008122581389636,0.008788540294901805,0.02233265475198369,0.006058431556277586,0.0037656003287443824,0.004370329445097852,0.00875104839851661,0.005972098901128823,1.0,0.004894253635778508,0.0031404387160387137,0.015891836733451983,0.007474342684235505,0.03725347781825866,0.009932535452606674,0.006423110306607951,0.0032315749240392146,0.004713058926391083,0.003870797481630672,0.0038004146079873,0.009200044769825718,0.012120823108406736,0.006356355281824906,0.005943438032769419,0.00201740214455143,0.012683925786136191,0.03898812084089144,0.005746154657015616,0.0046164976144187795,0.0037659376361640815,0.003976898385787943,0.005045429036492411,0.009042035020421984,0.005343827292959262,0.003530699277368612,0.003664222005211565,0.005398962547023502,0.005150357011397667,0.005226161107605855,0.004012190409221723,0.003544292221047063,0.007901137111234932,0.005836285523950376,0.003626804667308988,0.009807720794028406,0.002682971682894729,0.0032440478708929263,0.0213470494433515,0.012135962938089606,0.005704107145909136,0.02031132181396272,0.005401907597568296,0.005205980547601319,0.003064744626000594,0.0027076307746406046,0.003805108802874899,0.003652597114770914,0.0036805228931436483,0.007635039367651831,0.0033289834390364302,0.005352019903474385,0.006416045301785509,0.0046150809646352325,0.0037100080168940004,0.002678730729394983,0.010616269666090321,0.005553839144192728,0.0028063907157859134,0.003189835706818522,0.0026245718161816392,0.0026268628773574282,0.0035635478798556014,0.017571117361261195
Croatia,0.003219065657238182,0.008659846913551318,0.005328297861101822,0.0070341266051976116,0.003618740801115399,0.00355658070867492,0.0029115993327738458,0.005503903091673554,0.007502015254268959,0.00903229782389323,0.018429614375159067,0.004773559888836054,0.0030323160475736917,0.007581696202105941,0.010346578480358897,0.00478145951968202,0.004894253635778508,1.0,0.0029234248513152093,0.018248089627266532,0.006330716099014696,0.03318283432401455,0.00817794799910072,0.006861454611277117,0.0035760748919970342,0.0059096363131029925,0.0027356408533533655,0.0029242146787876342,0.009612885417549765,0.011267693665325132,0.004763580597260683,0.0037994324124874753,0.003957347392640891,0.010002601817398966,0.03866001277082604,0.00662593438230193,0.0065802580413436345,0.0028825561002380293,0.0034814016713104862,0.009578072591155933,0.00883418009220414,0.004124115019358103,0.005139842330142064,0.0034583649860571004,0.004913571140576031,0.006584591951204494,0.0040111344495213095,0.0032437321171364135,0.0028216604296793877,0.007639612831316608,0.0030177728861750957,0.0029631107151048054,0.008057484863115772,0.005743387478773759,0.003102487091411953,0.019923873933799997,0.010580947520000076,0.004761497487090513,0.018240908435776852,0.0038619504136378183,0.007549664968060551,0.0032760552174659952,0.004331876378637093,0.007486477822894591,0.0027798439560645333,0.0029968826298201307,0.005955710922397903,0.0028212042453134405,0.004010554775810399,0.005216154822054643,0.006022035527641314,0.0033566115592214025,0.0035843880151894742,0.008811949292759049,0.004037436921426694,0.003323108009024757,0.005021570011604069,0.003438291797584331,0.005039480788338095,0.0030167219040374994,0.019516083249808015
Czech Republic,0.0008440166658076611,0.008210099830888154,0.0032122210941379335,0.00602210345377147,0.0019649667322214847,0.003162897554242218,0.0019227844408998508,0.004704895388739037,0.006581167385697084,0.008857912549035209,0.01939151604727397,0.0037482399232735076,0.0009177278155926592,0.006461951903835855,0.009992294410086476,0.003636840528376216,0.0031404387160387137,0.0029234248513152093,1.0,0.017392363514970914,0.005395955004491071,0.034513754162534195,0.007696673421666854,0.006014527785262038,0.0011991245605152791,0.005276071455741937,0.0011585794333525841,0.0007355198567057799,0.008798075448368003,0.010750801375276578,0.003884212094131795,0.004336287309471488,0.002414782878043358,0.009894219922228595,0.03811854431789218,0.005970065316350551,0.005850714444221096,0.0007194537589472904,0.0017540015406691655,0.007945845130524036,0.008472053895435294,0.0028925517750213394,0.00431875205247097,0.0022799124193952423,0.004577500352755361,0.0046177640145303,0.002750972028617301,0.0013714859457651949,0.0017334332089596863,0.007030646387341369,0.00360330634223409,0.0007819785565171944,0.007567687341462988,0.003934276807341042,0.0006680680949460298,0.019263800553286515,0.010124238837883177,0.0033008440366758306,0.018211947050927324,0.0027198230629904624,0.0060417906794128185,0.0016733986974704776,0.0019424168090134415,0.00568202738649965,0.0005481178600300103,0.0007943403277190067,0.005269476475534135,0.00036444410918628134,0.0028183146120622834,0.005162206247839013,0.004429774815239764,0.0017191829859551403,0.0021394124033490454,0.008317456915486236,0.0035711926162508827,0.001759475262530256,0.003939372657010421,0.0007715851869058829,0.0033977007755776204,0.0009580222627551725,0.01911274463143487
Denmark,0.01704733759559093,0.022228709837900602,0.01615567937511249,0.015245894720183601,0.018144302187178486,0.017838216688362912,0.01777357875414446,0.01988692794099692,0.020252152255735074,0.01752375699905558,0.03369364342265203,0.01922952553562384,0.01784439477127277,0.014688944662810365,0.016423073527078225,0.019050419774051405,0.015891836733451983,0.018248089627266532,0.017392363514970914,1.0,0.019877859688399672,0.047274152956319655,0.021869573794197954,0.016877730739262273,0.017307567160562618,0.016306777136459966,0.017701387603770793,0.01771360820256653,0.02077058872640602,0.023336683912958515,0.019482781967090704,0.01783968381702097,0.016364146604434353,0.023161217927831098,0.03972550934598775,0.016210306873047368,0.015831868535304643,0.017831379892505033,0.017887996476322703,0.014205737855595223,0.021613018788416195,0.01894218065958422,0.016741580118326996,0.017180499817293866,0.017423084398596217,0.01661495842344949,0.018721020343497388,0.017965541610990295,0.01757504513538567,0.0191216478484716,0.01947247390590043,0.01779849407746359,0.02178033442427027,0.015518143014782396,0.01754966932544714,0.026261584929194816,0.023121530683052036,0.019004530488197925,0.0307153655609933,0.018859577011629318,0.017334037174473457,0.01696998772929422,0.016588174472189583,0.013876315665459604,0.017761022036327057,0.017789076971183444,0.020289137146484375,0.017579233731036866,0.018817241104854044,0.018203536540823954,0.017137168553750255,0.016503474134644692,0.016707620426188896,0.022196908858992014,0.01791326840250362,0.0168921351398543,0.016013445298390733,0.016932540107031924,0.01554273244340351,0.017386243524447717,0.019032502463553858
Ecuador,0.005982845574333655,0.003023444226793245,0.005894086420937554,0.011008043232082952,0.0035578505439449975,0.00803959596380321,0.006744681214539232,0.001206961329178096,0.0018132185330423838,0.013818935907288662,0.016824393418769724,0.0017318215133490349,0.00450748559196942,0.011519403062116695,0.015372486282542024,0.0017909042344943279,0.007474342684235505,0.006330716099014696,0.005395955004491071,0.019877859688399672,1.0,0.0335128377625539,0.0025385271785473137,0.009638933228619745,0.004585577647064365,0.010660891495144497,0.006032373849539657,0.004935207720190691,0.005482931205568919,0.00578283762400351,0.0017828810880029195,0.00846726006391658,0.0077041349215336416,0.007659791471216845,0.037654176311660986,0.010948617025356728,0.011209392818310713,0.004803562300307269,0.004469289607992762,0.010746705374431275,0.005957862768190884,0.0027540710491531194,0.009277776723295541,0.007519742459145403,0.009697416458883206,0.0046161717159513465,0.002697167224222107,0.004209263082241903,0.006904779896685939,0.008332059657322359,0.007353123918423136,0.004661281777494342,0.0024185603178147157,0.007913159944338412,0.004835819679934103,0.017705458188032763,0.004945361338558065,0.0022857406913593032,0.013112728323506826,0.002875790644087218,0.0057983419560198755,0.0070177859593142985,0.0051027728869240925,0.00970701851608869,0.005110205241309062,0.0046309251838036825,0.0009827004730145873,0.005372628587746578,0.0026704524929702096,0.009937171298937683,0.005467533525670642,0.004848063199522928,0.00752872735917602,0.0031586639556212366,0.008064346792270388,0.007149498209692689,0.009176399946305019,0.005486092759998372,0.008454260127676578,0.005913130217000896,0.02438472584719897
"Egypt, Arab Rep.",0.03476982995738804,0.0320596410728981,0.03748017889289616,0.03864289108571073,0.03426226955384515,0.03448817877153464,0.03363181996107933,0.03274563046625639,0.03431962318082231,0.03607632778199465,0.019306758306398112,0.03341728311852962,0.034149098991439995,0.03907388917203431,0.038975505547090734,0.033576563578263344,0.03725347781825866,0.03318283432401455,0.034513754162534195,0.047274152956319655,0.0335128377625539,1.0,0.03215642241792388,0.03504499403104462,0.03498874151519274,0.03628039338462959,0.03385097311925713,0.03396717875176004,0.03673030633578012,0.034284725127850316,0.033003798380100924,0.03343317323606802,0.03592337900049603,0.028030160610216435,0.04524098775853402,0.0367761862305329,0.037299188532926825,0.034034426660372194,0.03432208698338965,0.04201082498714653,0.035093483912396306,0.0334688186335759,0.035811555221683535,0.03447226696700908,0.03429684699996349,0.03676265915757571,0.03360170246295448,0.03403384269253166,0.03417050827227777,0.03492095441121649,0.03190312390494345,0.03418155837229364,0.03218197314029891,0.03795355189952611,0.034582336690844706,0.03331117726611214,0.03218360965033835,0.03355420832379779,0.031191403954864767,0.03324065423114966,0.0382782642862115,0.03484116923084654,0.03601711701683074,0.0396631727630713,0.034065233292437685,0.034189935271178584,0.032649726446918506,0.034329263188206276,0.033457540718456004,0.03346606029547882,0.03698657914996164,0.03465012836174224,0.035287726483426256,0.03199432772878645,0.033230003939601745,0.03500831610034603,0.03607812978229275,0.035236116296419755,0.03673833132057952,0.03431542061635148,0.04588545578278395
El Salvador,0.008294697483125045,0.0005134816473841712,0.008384640940188494,0.013431568590949124,0.005896030580487531,0.01007415913464637,0.008807033755318862,0.003028246644522256,0.0026962197499219623,0.015866240038927823,0.014957793093266964,0.003974097654981564,0.0067855131608362575,0.013983167632392296,0.017660018825023032,0.0041061143210829685,0.009932535452606674,0.00817794799910072,0.007696673421666854,0.021869573794197954,0.0025385271785473137,0.03215642241792388,1.0,0.011536592021396222,0.007009160554499708,0.012922961375657968,0.008171345079100585,0.007171142975854925,0.005946747486224421,0.004392567143724522,0.00381945264672777,0.010329818282151803,0.010066030619833664,0.007116864559119293,0.037907728352741754,0.013170094417184674,0.01354458740407531,0.007042515321107015,0.006719225613935904,0.013159504366497004,0.0062962150597552875,0.004935884623576407,0.011504528549336217,0.009698614576931863,0.011751533371865007,0.006964978454857052,0.004951638100848327,0.0064640240544142115,0.009042427689588751,0.009770011037150224,0.008964760548912544,0.0069372470565723455,0.00012900152628249152,0.010351693741478356,0.007170122649319226,0.017557634986886776,0.003034295757632506,0.004519670679464188,0.010665860773655582,0.005006218289200881,0.007827136748212078,0.009279060042632728,0.007615691474150413,0.012226882997549059,0.007335355824622492,0.006910015769962604,0.002430004581713086,0.00762999189003409,0.004879881010100361,0.011836672879610335,0.007753553712767199,0.00713462909322383,0.00982540919222348,0.0009186444505782485,0.009989668797694596,0.009427719024459208,0.011513900771554071,0.007894949635062173,0.01088278708016814,0.008142282526270236,0.026746040651143246
