Country Name,Albania,Angola,Australia,Austria,Azerbaijan,Bangladesh,Belarus,Belgium,Bolivia,Brazil,Bulgaria,Burkina Faso,Cambodia,Cameroon,Canada,Chad,Chile,China,Colombia,Costa Rica,Croatia,Czech Republic,Denmark,Dominican Republic,Ecuador,"Egypt, Arab Rep.",El Salvador,Estonia,Finland,France,Germany,Ghana,Greece,Guatemala,Honduras,Hungary,India,Indonesia,"Iran, Islamic Rep.",Ireland,Israel,Italy,Jamaica,Japan,Jordan,Kazakhstan,Kenya,"Korea, Rep.",Kuwait,Kyrgyz Republic,Latvia,Lithuania,Madagascar,Mali,Mexico,Moldova,Mongolia,Morocco,Nepal,Netherlands,New Zealand,Nicaragua,Nigeria,North Macedonia,Norway,Oman,Pakistan,Panama,Paraguay,Peru,Philippines,Poland,Portugal,Romania,Russian Federation,Rwanda,Saudi Arabia,Senegal,Singapore,Slovak Republic,South Africa,Spain,Sri Lanka,Sweden,Switzerland,Tanzania,Thailand,Tunisia,Uganda,Ukraine,United Kingdom,United States,Uruguay
Albania,1.0,0.00875531809175294,0.0031695402112541533,0.0009161429210700002,0.006352259206296307,0.002563066689117176,0.0028531061028611877,0.001506631731974849,0.005179181347496515,0.006939787453389353,0.007871814892394349,0.008515833134673231,0.01974143472641486,0.004261060125590242,0.0015483933661053165,0.019784354126656866,0.006044265183434031,0.009314726570373483,0.004153931488384253,0.0034356581636933834,0.0030861862043305055,0.0008290021316417439,0.016069261152014788,0.0030174814377665502,0.0059063541440664055,0.03371432227833974,0.008235176448192409,0.005519321423822626,0.0016439994018077296,0.004718135511352423,0.0012009394057080095,0.009071593614143888,0.004405412734776078,0.011000296874846553,0.004404385096860743,0.003789573300306326,0.0022680971216183492,0.009857065912295782,0.008052442689854505,0.009333661280733175,0.036384362272347474,0.0053509517259512475,0.005464535603113113,0.0013133345712390363,0.002189040520728738,0.007962796687347753,0.008844901853496802,0.0033997939234022756,0.015266115515328374,0.0059946391745377735,0.001694417883219946,0.0038080711528234042,0.003986490964450196,0.0014380223058574188,0.0032836800480176135,0.0050209993040768045,0.0019650563107250565,0.0015727488020352632,0.00681144250467792,0.0036359731387541256,0.0016048260004718742,0.024211125311803493,0.008104613955019201,0.0034241337171366367,0.0013722881523336651,0.01983010278826199,0.01072318077103424,0.0037904414962346153,0.01870458642005715,0.0032488025580716152,0.006406603470140102,0.0011336878586938172,0.0020287416498123764,0.00488385394732596,0.0011090237439917606,0.007111584748759604,0.0014380223058574188,0.005792018900276559,0.011148587738397213,0.0009518208257405012,0.003349817536296535,0.004383299906681361,0.004402993859489943,0.002026169105316232,0.0018057769179627052,0.008968680311763495,0.002933402733111725,0.0014189867228222572,0.016010932390353574,0.0009527432348962768,0.002753928667325822,0.0005924197694345553,0.017605418501492682
Angola,0.00875531809175294,1.0,0.008799989398587033,0.008306169176566087,0.014457861412015138,0.006587247139978558,0.010509365847415143,0.009218011189701853,0.003592824556364883,0.003329292277284218,0.015935679525153446,0.00024045629227959924,0.01451529916372094,0.0045807879563400655,0.007376041764135591,0.011348583776053094,0.01453362371025965,0.018018613213834214,0.004640952210227037,0.010772907603030665,0.008737314359524333,0.008274618299118816,0.021228308275193602,0.011580718014748597,0.0030326441283901624,0.031203503587737852,0.0005222096666111215,0.011683101127217922,0.007583638632691957,0.013393774514368515,0.007733519046133432,0.006367938060368484,0.011981433130404322,0.004208291790483733,0.004389712624138867,0.01054689676138578,0.010710211983517718,0.006912022892365424,0.015502510880456892,0.017995148050525975,0.03645786613957565,0.013681463659404723,0.014122043454160996,0.007618153754905192,0.007317050841340442,0.013918069178447835,0.006612557659341375,0.005559085287451485,0.022309476158149034,0.0133814086467864,0.010131358035176402,0.011975144966160024,0.005315846721258178,0.007498793013712628,0.005541987840083355,0.013429701534928175,0.0070879474035231834,0.009597111456250923,0.009962525015760707,0.009562778570265953,0.007732589378728026,0.015906167930402497,0.0006533435013512717,0.010617013584168243,0.007796268579776262,0.017974632379903512,0.002678412630672048,0.005073884632389285,0.010099555669735874,0.005549264194883099,0.00874357478748837,0.009762887344122157,0.008121327307156218,0.012341836342768664,0.007882977133684988,0.008114998557427219,0.007498793013712628,0.002976426050768671,0.007758861086433446,0.008150608832527,0.005459070148120805,0.012013561881318599,0.00805974014050551,0.00768993399474239,0.010394103998220189,0.000856649380369033,0.010178197348448418,0.009983024112453498,0.0072873408645408875,0.008445899757906742,0.011341077096179689,0.008615085493946463,0.02634070601174011
Australia,0.0031695402112541533,0.008799989398587033,1.0,0.002920006579465158,0.006482211289566653,0.0031565418095623235,0.0049301263382485715,0.004583598082245536,0.005687012471266174,0.006224458958910792,0.009831329612077036,0.008575406479689922,0.021450767446369017,0.00463586907002559,0.0031823879146414946,0.020090487055222362,0.006321388689953164,0.010477984558209547,0.00452239615700118,0.0029119984879885166,0.005078115875160654,0.0030573401013736182,0.015224993443958676,0.005032940117547887,0.005819709985090242,0.036287973383155404,0.008312527118900468,0.006920989240649437,0.002427594515087858,0.006379919079697106,0.003467890188026168,0.007379334252006246,0.007247210763603133,0.010095689128590657,0.0050016868393280125,0.006317609176881018,0.0036206809465995434,0.011575554995675235,0.010695116879133453,0.010619480950273333,0.03743407492126347,0.006800004186838658,0.006607640440963113,0.003343186282578025,0.003277982777556346,0.005892499713664078,0.007767660325726809,0.004164629429122298,0.017798399393749307,0.006959372410271337,0.004443114995692052,0.006410023544506063,0.0038043404301667397,0.0031579054842217303,0.004002579611419131,0.006971177066204966,0.0033086851351834226,0.004214500574325398,0.007336831779497497,0.006286579507180587,0.003231777468136635,0.023244988852801407,0.008190793678074652,0.0026671074447938117,0.0028138623071696516,0.02097512928828809,0.010608010353026357,0.004339789539821126,0.018517004259791733,0.004291582051012874,0.004055698210734961,0.003759675662035989,0.0016532073212798398,0.004048420312282895,0.003387695189412615,0.004737162973924817,0.0031579054842217303,0.006135213154653111,0.012854193571322095,0.0032179270558775576,0.004145956597302814,0.0071704209866856805,0.003204750552458093,0.003098050260703324,0.0038584163599186187,0.009085602586038827,0.00594745305584165,0.003738565492750627,0.01578418219060208,0.0024074211456618505,0.0038808139605382157,0.0035554978267814774,0.01840582832467775
Austria,0.0009161429210700002,0.008306169176566087,0.002920006579465158,1.0,0.006418411373354459,0.0018498614865613808,0.0030246928247689387,0.001971370300122991,0.0047550442543982776,0.006322904057635905,0.008464930305280071,0.008065790459920737,0.019524304130299285,0.00373849598118724,0.000942637021921229,0.019431056953590865,0.006357616090819906,0.00976031143276919,0.003699730463426827,0.003198303988238877,0.002840471653090036,0.00019276791680642672,0.016362027502885276,0.0033842555543226872,0.005449000231285263,0.033601955446648304,0.007784081404147118,0.0057640520884224425,0.0011082135724859907,0.005169676644558248,0.0008695718416059651,0.008291440082374252,0.005034296884326694,0.010321675893686821,0.003927161055312576,0.004253213399583474,0.0024217056765360985,0.009838970816285469,0.008670096303927103,0.009856581444664465,0.03664768285867907,0.005874624599354699,0.005818774479815915,0.000803629427835857,0.0016822141546847138,0.007788032629856424,0.00799339918243281,0.0028680555541862893,0.015927898585030194,0.005902684329938914,0.002236492277204845,0.004419753904949961,0.00333860729957494,0.000824096630780271,0.0027646214031624883,0.0058058679051153,0.0013284540182620446,0.0017323202159019316,0.006696030600469704,0.0035541180247457825,0.0008523360196656711,0.023775363298454786,0.007652980003419073,0.0036419140632410712,0.000565155018492459,0.02020575478384708,0.01029237188636386,0.0033344211847252873,0.018208083467064772,0.0028054658983012134,0.0057374426338580265,0.0016371189104457872,0.0017717956710689476,0.005317707034011323,0.0006844598042404222,0.006401648995955678,0.000824096630780271,0.0053353479227570355,0.011012505903403991,0.0005039161142759736,0.0028505843595618614,0.005003758977265463,0.004227651539606653,0.001657095394660129,0.0021161670314420737,0.008596124617849758,0.0036236684513550606,0.0017389942788958725,0.015570342249655643,0.0006434494686986055,0.0032536066533885286,0.0010582247574925238,0.018159983986248518
Azerbaijan,0.006352259206296307,0.014457861412015138,0.006482211289566653,0.006418411373354459,1.0,0.007908486286430965,0.005759966600490623,0.006676285637780631,0.011022314442836337,0.011858606629459204,0.0070647483505073055,0.014221645791878651,0.025234973759169964,0.009924450257346671,0.007328464502826213,0.025694620931658772,0.001910672303529534,0.005279771702248978,0.009929242695987328,0.003808178372992128,0.007287848957639988,0.006510045949674848,0.014657689888391237,0.0042301086710480095,0.011536164241050435,0.03750975867209874,0.013944843996029488,0.007503965914068227,0.00704202459180569,0.0036169798008815965,0.007160345423054162,0.01237479584300843,0.007047300168398474,0.015550018888271335,0.01019792277643295,0.007468801381500362,0.004119384930627929,0.015527862795193598,0.008715895502165633,0.0061285751256281015,0.03830521082060437,0.004976437689822832,0.0025600797609728176,0.0071944352899252955,0.007512254809532509,0.005321627704674704,0.012060299947958578,0.0090642040675304,0.014952794950663057,0.003348729884778846,0.0056525990396300374,0.0059088569176342105,0.009170024888013804,0.007218679805458115,0.00903329153794666,0.005863771613293643,0.007583275776136751,0.0058190405195095414,0.009850289547198398,0.007419917836071968,0.006922965330652812,0.029343273973756807,0.013816111637180687,0.005459235426984421,0.006824192350632412,0.024633167575689178,0.016287986933447393,0.00956962906038734,0.024153832392064083,0.009159779280566096,0.008197951220572729,0.005544189418322374,0.006696477511124181,0.0052097703912765666,0.007009282888900879,0.009361611727427955,0.007218679805458115,0.011565484829211685,0.016775619326835883,0.006731635423369084,0.009146461703905382,0.006905889593053594,0.00821319844903957,0.007230057100118526,0.004747760478667535,0.014829521895174076,0.007400112331101881,0.005158152794361299,0.021610818150305966,0.006269474873669737,0.004144331277138268,0.006614709323809343,0.013195749534483448
Bangladesh,0.002563066689117176,0.006587247139978558,0.0031565418095623235,0.0018498614865613808,0.007908486286430965,1.0,0.004531303158482902,0.0034469411599054997,0.003142144849230478,0.004495316441705297,0.010175026948358264,0.006348336154701179,0.018554869724172494,0.00202186575233201,0.001088715778099607,0.017821423117850985,0.008005960045752174,0.011573918705591147,0.0020633636939565115,0.004330537482127329,0.0034644296912829443,0.0018810249610975009,0.017111682308647208,0.005200462711638452,0.003724786975573374,0.03323227581825989,0.006068427275601956,0.006721903923125385,0.001246827157190994,0.007001249194579378,0.0016370530282079686,0.006689011443712606,0.006611577031234888,0.00847732393406331,0.0023043355338775683,0.005482748136877289,0.004156351415600114,0.009005046695281096,0.010291884501776306,0.011686513339603516,0.03662702712225313,0.007591224554847496,0.007599433861731581,0.0014250459929238848,0.001488085639516182,0.008414397135143888,0.006485099742631843,0.0013391118538119537,0.017534435078918567,0.007189170728083208,0.004002979094683805,0.00614941471460144,0.0015145537467722062,0.0011923329162732705,0.0011714120885203026,0.0075795145037117736,0.0009042968400305556,0.0034020960131636545,0.006729282000790847,0.004465573521184963,0.0013439788500867807,0.022005181392825094,0.005938228154963759,0.004731871293166168,0.001294401546489973,0.01984490702520797,0.00858444430978186,0.0017859592808001047,0.016464906882812394,0.0014383126408336853,0.0049684344697709945,0.0034690769466825372,0.0020985012722490475,0.006542982096551893,0.001699118407733151,0.005332946663995281,0.0011923329162732705,0.003661875677986314,0.010183428145452358,0.001867368825905899,0.0013049279063268486,0.006589535811846279,0.0038805021020441575,0.0018331344629107069,0.00394611815557255,0.006945270739626513,0.005009854935586435,0.0035780257080461546,0.013825219948648108,0.002014196101735763,0.0049659900859646755,0.002561371917730514,0.01997744464219794
Belarus,0.0028531061028611877,0.010509365847415143,0.0049301263382485715,0.0030246928247689387,0.005759966600490623,0.004531303158482902,1.0,0.0021527811050999434,0.007083914064406972,0.008884755848517037,0.0067049021546504535,0.010274006134219261,0.019956246295024092,0.0061846781629304745,0.00363034264960423,0.02122462941821291,0.005651809645456,0.007862277918856301,0.006164392011721032,0.004163561393417804,0.0033791466309463646,0.0030167678181694155,0.016814985086282295,0.002107843499953582,0.007924420662792269,0.033446899431678015,0.009998967651034108,0.005608194187320605,0.00400757153924268,0.0035732366119425886,0.003413146734692411,0.010585360522735739,0.003312747873557214,0.012665211292722639,0.006248776768495868,0.0036957907656029044,0.002547283058742026,0.011645851277762083,0.006488488977004986,0.007870186873947879,0.038516431882739406,0.004442030252321873,0.004422303247135035,0.0033572154473922745,0.00410871473472777,0.008812248790810622,0.00984292176348874,0.00532531198318336,0.013668706968896866,0.005388512374348395,0.0018376455312832574,0.002711508334027474,0.005977796055036547,0.003529046094870344,0.005255162794431579,0.004613559925878791,0.003904549674907947,0.0015855905944573885,0.007564705458798721,0.0025731122078895543,0.0034947861262619537,0.02620229342370628,0.009870996096954637,0.004383095603364252,0.0034587935827865906,0.02189290706705749,0.012717318034944539,0.005787053649074459,0.020039758590641644,0.005161135269183252,0.00800329746732527,0.0020578258935438523,0.004475814211965722,0.005977218498751435,0.0030904004964543335,0.008640532253418215,0.003529046094870344,0.00760918283019966,0.011719024048236085,0.0029259622894295496,0.005289028003057325,0.003255650565716123,0.006576650365893785,0.003988757609950883,0.00207501788300022,0.010792407132441688,0.003003754832524969,0.0020302964284572194,0.017691515673209143,0.0033566091770851824,0.0035261085233687876,0.002702164002388929,0.016371617130405525
Belgium,0.001506631731974849,0.009218011189701853,0.004583598082245536,0.001971370300122991,0.006676285637780631,0.0034469411599054997,0.0021527811050999434,1.0,0.00568963290962019,0.007791692371600014,0.0071823824125042774,0.008981417130764953,0.019057482389557897,0.00491202933043041,0.0023737531195199063,0.019925712601674358,0.006374345207465507,0.00894376253979568,0.004841197563044427,0.004392572258306857,0.0027965660528715703,0.0018394110431530994,0.01675991970981394,0.0026754424551299716,0.006608704612131927,0.03263186196341429,0.008704763466362102,0.005360639934481898,0.002885351870735215,0.004365491391214934,0.0019081116207462685,0.010068012291704993,0.0031651333487704362,0.01173718547215851,0.00493130200994339,0.003003309952401702,0.002723653645774942,0.009715490897962514,0.006855160975143528,0.008887212086855995,0.0366025423128708,0.005059922706473552,0.005343406192227366,0.002029418551610772,0.002981183618617551,0.009124312564229785,0.009544124933418037,0.004028439841102144,0.014090234238387789,0.006004409041691012,0.0011325451539507458,0.0028247057449568213,0.004885031132401667,0.002279190882536979,0.003956240662519538,0.004607893171091378,0.0027133708587668637,0.0010680085052571316,0.007053825516247148,0.0024400558974487013,0.0023867129772315453,0.024939173514603594,0.008576061263305085,0.004439423621513553,0.002401220963159812,0.019939743933535346,0.011267851588959104,0.004452885633285788,0.019009777294030635,0.003775351702422205,0.0076969470659449665,0.0012900267704268064,0.0034968186467001835,0.005884441835528537,0.0017644055739636402,0.008353927481471525,0.002279190882536979,0.006291534192227288,0.01061569740548916,0.001733793036084758,0.0039698388510938515,0.003189003443446316,0.005653239904634746,0.002917912243464788,0.0019847511807181708,0.009416106404646933,0.0017456121304163374,0.0016264241743084574,0.01643744915457157,0.0023528077280270347,0.0033386519527028786,0.0011978632933434064,0.01732400814535239
Bolivia,0.005179181347496515,0.003592824556364883,0.005687012471266174,0.0047550442543982776,0.011022314442836337,0.003142144849230478,0.007083914064406972,0.00568963290962019,1.0,0.00282057054444798,0.012504736264530861,0.0033537856083647594,0.01621060851730367,0.001172415912106316,0.003822078204049496,0.014734080806713973,0.011026532568221956,0.014445924204023894,0.0011853848549756448,0.007428805808264131,0.005491990817928924,0.004712667920350451,0.018851822291579633,0.00801606553999325,0.0011920931060552837,0.031804877353997445,0.0030739502347398545,0.008639451684256274,0.004093024392914535,0.009819102978978415,0.0041564158925852775,0.006327890227425928,0.008584757402508619,0.006462243840040378,0.000896826737346584,0.007259872112595049,0.007169604012395177,0.006863518921572674,0.012208677065238828,0.014447246617444254,0.036045919793675295,0.010183410363321939,0.0105582379806985,0.004052334792108445,0.0038879758348822086,0.011093053659844131,0.006333564993174331,0.002104791138201928,0.01921659871515341,0.010031805433956705,0.006569117924567953,0.008478934612947025,0.002205023167590731,0.00394345607060946,0.002019622610778884,0.009919221951313721,0.003568366012703021,0.006061054334806203,0.0076886983485237965,0.006337049681020123,0.004198368371247664,0.01929436013933926,0.0029438485860638656,0.007343842369746278,0.0042685087697857844,0.018158140195578945,0.005727836143031154,0.0016276809526776645,0.013596062595263823,0.0019898654252366184,0.006648288071905687,0.006187799183670732,0.004747795408609748,0.009080371401425636,0.004320012519310164,0.0064875132969146095,0.00394345607060946,0.0006841410911763481,0.00816676900292766,0.0046003475230884435,0.0019227817951035947,0.00860843052229671,0.005339752681181843,0.004265983005066916,0.006826433079069914,0.0038668456156325495,0.0067720342789843275,0.006413029334833698,0.010858011780914575,0.004916621105474123,0.0077928691596014675,0.005041475294929208,0.02277429065201736
Brazil,0.006939787453389353,0.003329292277284218,0.006224458958910792,0.006322904057635905,0.011858606629459204,0.004495316441705297,0.008884755848517037,0.007791692371600014,0.00282057054444798,1.0,0.014473802795754552,0.003163192931507332,0.01737072876615078,0.0029896348564992124,0.005520999840143632,0.014382152788433092,0.01210367348484903,0.015981259502753014,0.0031291120797396037,0.00811755700743998,0.007244175736969588,0.006351663213958894,0.019166571404713194,0.009677162303293154,0.0019034619767058514,0.03328829908937541,0.002980318852102818,0.010214571766447161,0.00545637158992997,0.011456649354933832,0.005992037020317103,0.0038551466573331318,0.010893189196768453,0.004154471810217027,0.0031645708953096812,0.009418409859438037,0.008523346863958456,0.008468918904060367,0.014572962765177623,0.01613219540758919,0.03657916802905918,0.011912285203086242,0.011966336882383188,0.005839518394959037,0.00539665296498474,0.010798102968103313,0.004556161314225416,0.0038930449957793275,0.021723909972323683,0.010979283870925921,0.008461475406134676,0.01057607623964579,0.0029979050204375713,0.005637568613687952,0.0038624877618796266,0.011891425509233888,0.005219437804232778,0.007874355077640768,0.008649305224586668,0.008404601328059511,0.005751184554961733,0.017668681837957827,0.0029008214863572696,0.008342079064157163,0.005765253872303085,0.019350176901884467,0.004937773078069499,0.0035481495659373165,0.012604877519055055,0.004127557972029266,0.005457686595784366,0.007938122622763586,0.005782451037187366,0.010000241440332926,0.006130511170781363,0.004868412227201794,0.005637568613687952,0.00249894204536553,0.00988500080112764,0.006333284411000165,0.003875201055072672,0.010881445272654222,0.005718491785989633,0.005732992848432913,0.00840702231297338,0.0039047939583183324,0.009138241872067493,0.008054061999801423,0.009880146599678194,0.006343652863744717,0.009189546001699219,0.006929425426216798,0.02428959059423635
Bulgaria,0.007871814892394349,0.015935679525153446,0.009831329612077036,0.008464930305280071,0.0070647483505073055,0.010175026948358264,0.0067049021546504535,0.0071823824125042774,0.012504736264530861,0.014473802795754552,1.0,0.015706420984078675,0.023871210845495223,0.01176080535995717,0.0091790748224821,0.02617870812211124,0.006160578139441937,0.0049695794221420115,0.011666215188378572,0.008334731485266027,0.008567833636965956,0.008417987255333884,0.016533358204764547,0.005684470750969658,0.013365550130335937,0.03493554533229243,0.01543847927269618,0.008067270104148237,0.009344081937228228,0.004566981699312681,0.008738315349864197,0.016295772991323093,0.0050190830723917485,0.01840209606193194,0.011800051876831101,0.006743646086480743,0.006878828489659482,0.015032967967728501,0.004320110401047997,0.004621947635850546,0.03753135240206382,0.004988192633406236,0.004984892777385633,0.008882756665264686,0.009487510744153604,0.011329630357098337,0.015732057025519722,0.010849956035900617,0.00945739818132794,0.007483781430635821,0.006495808219392102,0.004859727032567445,0.01159884499835016,0.009069731813183973,0.010826032472853332,0.004267755269097463,0.00950727019556779,0.007129053734366488,0.011053508423903844,0.007731597376929753,0.00902542179942496,0.031387519058426114,0.015313904825138619,0.008358053160294395,0.008986776451710895,0.022878980129561376,0.017846785859385147,0.011277206798096795,0.025542553718181153,0.010681768386113078,0.012969375739131036,0.0069768481195230546,0.009358873413804253,0.008083180566027767,0.008625334705112614,0.013934112096939058,0.009069731813183973,0.013105783497369553,0.016018789591246484,0.008452276481801463,0.010854712512274912,0.005131165625783789,0.011022048740892035,0.009273260329910169,0.006697985348914817,0.01605758612341209,0.00637497825901368,0.0069393627603758674,0.022982165702180615,0.008519803034390039,0.006460542477890369,0.007896080184890233,0.011765006009573345
Burkina Faso,0.008515833134673231,0.00024045629227959924,0.008575406479689922,0.008065790459920737,0.014221645791878651,0.006348336154701179,0.010274006134219261,0.008981417130764953,0.0033537856083647594,0.003163192931507332,0.015706420984078675,1.0,0.014612873800026963,0.004341005106152148,0.007135589899826209,0.011576351914542163,0.014295574311896533,0.017778549787372495,0.004401724968658959,0.010539387721559301,0.008509343848329364,0.008034200133893365,0.02105923324499541,0.011340741882207558,0.002803594669555562,0.031239278817531572,0.0002817594468561341,0.01146919627297709,0.007345193323778427,0.013153828535066775,0.007493581940155161,0.0062834869853932405,0.011753736672826268,0.004286728568746304,0.004149326124209974,0.010323352170956576,0.010470098352520107,0.006871021739853862,0.015281923955644611,0.017756808729581477,0.03643707991626854,0.013446640560768233,0.013881597382963377,0.007377799475482606,0.0070805714787365425,0.013711368662176754,0.006511782377454659,0.0053204712086650785,0.022103886690528644,0.01315110331227368,0.00989263907885748,0.011740908830079487,0.005082971833042334,0.007258340100968404,0.005301637480641,0.013196730310337648,0.006848116632560826,0.00935802536658831,0.009784589622765441,0.00933749165558963,0.0074929167468988185,0.016129967948407518,0.0004128922877920882,0.010388779276063034,0.007556156524227849,0.017988255157982982,0.002846678177361086,0.00483560068816036,0.01032933408363535,0.005309178495337778,0.008562195556151377,0.009522945129156843,0.007887816994209687,0.012117265111678169,0.007642751162551495,0.007953354525571648,0.007258340100968404,0.002736060915001987,0.007742721499078798,0.007910374685572118,0.005218617277857657,0.011785199914770186,0.007854178127277603,0.0074543155005460816,0.010153673196167947,0.0009540610376585367,0.009950128848559517,0.009742663173708355,0.00752655155090326,0.008206588890272247,0.01110284580373191,0.008375976095233073,0.02610262160847605
Cambodia,0.01974143472641486,0.01451529916372094,0.021450767446369017,0.019524304130299285,0.025234973759169964,0.018554869724172494,0.019956246295024092,0.019057482389557897,0.01621060851730367,0.01737072876615078,0.023871210845495223,0.014612873800026963,1.0,0.01710226450290059,0.018752741408542554,0.011050886938361095,0.025350701332995315,0.026873257904901995,0.017204232532373628,0.022514630279608257,0.018585509750663413,0.01941774829117705,0.032629310707646096,0.02143677871748052,0.016629154113854832,0.019374034044803094,0.014733616863669474,0.021109626068801488,0.019472242802273887,0.022938449990965004,0.01881532495478806,0.019735275419965555,0.01997105778568794,0.01674597757325778,0.016674765000291747,0.01937739347300002,0.021512724123630936,0.013515214901625496,0.02170144029049291,0.026606881424917732,0.04108115394604092,0.02317205996417901,0.024014829905817926,0.01876023365773784,0.0188507891741326,0.02690827891839478,0.01857789543659768,0.017542070689887834,0.025812842170711458,0.02328532825675254,0.020118462612568912,0.0207497946505778,0.018116481954643753,0.018833552397422917,0.01759952836242779,0.022702995400357088,0.01855452326619279,0.019666879318637878,0.019963207952028175,0.017926359879530365,0.019014646851447523,0.021160692344187274,0.014790836664361007,0.022408114283380826,0.01926591775848861,0.022147614107674962,0.014847900696420824,0.017354125787366236,0.012852776609405836,0.017300801954147252,0.022246914038565605,0.020235258660672734,0.020424192852122273,0.024378856221305287,0.018873598053858076,0.021745755182711674,0.018833552397422917,0.015887009361444764,0.010106907316419857,0.019170467302325665,0.017446958915642245,0.02009573729243322,0.020963160921156337,0.019236860468220877,0.020889958622798643,0.014376610977528527,0.019063706723508263,0.020498301545678173,0.013546510128995383,0.019999386693155482,0.022333655574981404,0.019327581204854467,0.034800060507499335
Cameroon,0.004261060125590242,0.0045807879563400655,0.00463586907002559,0.00373849598118724,0.009924450257346671,0.00202186575233201,0.0061846781629304745,0.00491202933043041,0.001172415912106316,0.0029896348564992124,0.01176080535995717,0.004341005106152148,0.01710226450290059,1.0,0.00282315331752734,0.015820421378807945,0.009976955963551061,0.013488121329229235,0.00039805519419017525,0.006299839077795267,0.004708051650460226,0.0037197349880391125,0.018190289162371445,0.0070669921691195675,0.0017964215433664491,0.0324353780594057,0.0040600108714151685,0.00793884874837881,0.0030435939246407752,0.008877573635903305,0.003239402752874449,0.0060348303361339,0.00795578831967769,0.006914893347873054,0.0004625623895307613,0.006656396779755988,0.006131045194243221,0.007741476777778623,0.01163085263568326,0.013529003704570757,0.036370319922831934,0.009317739367298983,0.00955501513702292,0.0030954959527367985,0.002919059973668557,0.010023509872785278,0.005968029929354173,0.0011685323581637943,0.018755724980618855,0.009051964190271702,0.005698896531323377,0.0077134345724967305,0.001128156364018352,0.0029464932376052754,0.0009881189571775853,0.009160748783394736,0.0025556557948957937,0.0051441856798254216,0.007232780481915294,0.005662425034268214,0.003191698024065064,0.020144653034620777,0.003929291549099269,0.006356835373988664,0.0032187735405419457,0.01890467373610587,0.006655980387700584,0.0008217823136619091,0.01453502220997995,0.0011586584481544922,0.005736991319231381,0.00525757380372988,0.003720378105374989,0.008144617668411522,0.0033740238209573423,0.00569823547419955,0.0029464932376052754,0.001645282507819584,0.008926062467205342,0.003624045250142783,0.0009449885939376006,0.007961308723520065,0.004588160395595079,0.0033105300432152884,0.005843841184866867,0.00492545855494313,0.006189565848054566,0.005444560828729851,0.011840716678248786,0.003887814565925316,0.00682373987495816,0.004167192751497203,0.021851354781658606
Canada,0.0015483933661053165,0.007376041764135591,0.0031823879146414946,0.000942637021921229,0.007328464502826213,0.001088715778099607,0.00363034264960423,0.0023737531195199063,0.003822078204049496,0.005520999840143632,0.0091790748224821,0.007135589899826209,0.018752741408542554,0.00282315331752734,1.0,0.018490025649418557,0.007291621139861211,0.010665903306567474,0.002788893978822477,0.003981119917553275,0.0029152280756513196,0.0009056007891853922,0.01682696779941239,0.004251764723779896,0.004554782247003767,0.03312500082817093,0.0068538329265826325,0.006105064896832826,0.000933726994868444,0.006056650875309397,0.0006184158642248731,0.007752573822298731,0.005537694608241229,0.009518694889234505,0.002990998436471958,0.004575341959167492,0.003361346883002502,0.00912730804029874,0.009224722415771247,0.010731476006721193,0.03653221460055167,0.006666555593389144,0.006746234701707893,0.0003486438857993031,0.0013072717873137951,0.00840222870571391,0.007461244685146083,0.001974378109361783,0.016463238698785097,0.0066539329016592685,0.002953185702720182,0.005079906588867251,0.0025535390641533893,0.00012341671985546454,0.0018402258654266156,0.006538605421484279,0.0005876596275598101,0.0024103982949669166,0.006640355347786237,0.0037087437713249943,0.0006984478340323542,0.022914020455473718,0.006722699162945123,0.00425260156714368,0.0005563146349191107,0.019764201173357202,0.009393283690954185,0.0024335560776235624,0.017285151848316326,0.0018647856319601458,0.005692868744321519,0.0024543585571383713,0.0019369337659607053,0.006009903614411787,0.0006249577977778659,0.006198901102840663,0.00012341671985546454,0.004401963370642141,0.010281740272356088,0.0008491089613737382,0.0019170027159092482,0.005522413680012445,0.004118600608758807,0.0015063216742564097,0.0030223502511141924,0.0076662921082777035,0.003948153041498859,0.002621509859434856,0.014643337893049292,0.0012857105797362163,0.004138868172353258,0.0015017208973922363,0.01906315404094282
Chad,0.019784354126656866,0.011348583776053094,0.020090487055222362,0.019431056953590865,0.025694620931658772,0.017821423117850985,0.02122462941821291,0.019925712601674358,0.014734080806713973,0.014382152788433092,0.02617870812211124,0.011576351914542163,0.011050886938361095,0.015820421378807945,0.018490025649418557,1.0,0.025749977276041856,0.028862953316142,0.01586713265632291,0.022086480128938806,0.019362052601527992,0.01937200228432509,0.03085477618727099,0.02249206121891404,0.014349304986583699,0.028398664338979165,0.01184449933804884,0.021949488336374067,0.018811371281194953,0.02427513855967738,0.018762400068488522,0.016067284886307872,0.02211800729464454,0.011981673707962574,0.015543371893265504,0.020776932242159363,0.021846332673591363,0.013066836863431743,0.025116788746889745,0.02871083216605611,0.038802329835718505,0.024406588215176103,0.02514768543716159,0.018676304730216794,0.018419320168614105,0.025133583827947028,0.01617595937662335,0.016705141288283314,0.030903542457115272,0.024259851203259207,0.02096257106655016,0.022460533721051522,0.016641636088602207,0.018608294445310723,0.016722391500239294,0.023981416809158555,0.01821116223418799,0.020471154381332395,0.019704042689352018,0.019812708882081902,0.018843986414329487,0.010191812230644384,0.011969393589269973,0.021753470098556424,0.018964918527348676,0.01964173133584624,0.010107983214209151,0.016243957468961928,0.004353775469071809,0.016628953247902978,0.019708964677810803,0.0207315623993732,0.019397909643624475,0.023458121525617114,0.018913257109076462,0.018845441435253487,0.018608294445310723,0.014177981757142657,0.012391910678960902,0.019208052844942175,0.016612587769048733,0.02219171038095974,0.01904636900834262,0.018790044606614844,0.021426030580011718,0.011044512085926477,0.020465484345146185,0.02099693301414303,0.005238689403771298,0.019635736693121904,0.022452953855533645,0.019561800077111786,0.037101612209632595
Chile,0.006044265183434031,0.01453362371025965,0.006321388689953164,0.006357616090819906,0.001910672303529534,0.008005960045752174,0.005651809645456,0.006374345207465507,0.011026532568221956,0.01210367348484903,0.006160578139441937,0.014295574311896533,0.025350701332995315,0.009976955963551061,0.007291621139861211,0.025749977276041856,1.0,0.004617320883768839,0.009911270659634291,0.004147264081477812,0.007394090276816139,0.006422282210518647,0.01395121071225483,0.003947898551704014,0.011550105080916787,0.037829697897457853,0.014016386111761243,0.007149407003586914,0.006969755033929409,0.002949924085671452,0.007054068211725225,0.012966977505338631,0.006387508504236457,0.015991819688674042,0.010227790447734099,0.0069778726635166466,0.0040110252815737215,0.015329512395139152,0.007957674626991328,0.005138471001011474,0.0377678182015142,0.003980833237554224,0.0019415612159392197,0.007129691866789687,0.007508912158336072,0.005695873772162689,0.012825653276199172,0.00911014846345703,0.014077218768302754,0.0045850845022611785,0.005295249042059007,0.00523514867984032,0.009311522548754302,0.0071756713761093605,0.009048146623810665,0.004510580687885333,0.007601879417915468,0.00571911011347048,0.009815392088993314,0.007581041543591726,0.006997338272303164,0.0294286631432036,0.013886558657615391,0.0048949568328270545,0.006819718087871185,0.02371846194068953,0.016337220183516965,0.009548509510013299,0.024424221580909525,0.009136588224625729,0.008769478259646349,0.005241718078671225,0.006513632456743422,0.004006407766578964,0.006918349376318313,0.009926556535038416,0.0071756713761093605,0.011605476306842234,0.016722570698337918,0.00662268739726437,0.009154481634059962,0.006264230817826158,0.008002645366996212,0.007166924809288556,0.004531155559711934,0.014805279991357431,0.006769551412036416,0.004951641720498317,0.02173504011267027,0.006116625957975752,0.0034255444269381888,0.0063507157805466055,0.012370159284163554
China,0.009314726570373483,0.018018613213834214,0.010477984558209547,0.00976031143276919,0.005279771702248978,0.011573918705591147,0.007862277918856301,0.00894376253979568,0.014445924204023894,0.015981259502753014,0.0049695794221420115,0.017778549787372495,0.026873257904901995,0.013488121329229235,0.010665903306567474,0.028862953316142,0.004617320883768839,1.0,0.013430174824145755,0.008309112091310683,0.010053501303765627,0.00977437139644419,0.01566067764006992,0.006455203645063516,0.015189245877877407,0.03774570205225094,0.0174973564691975,0.009178522874835202,0.010623712692683565,0.004636903350149166,0.010309584800913887,0.01708643418329583,0.00721658871967435,0.019886690981282505,0.013633841901693115,0.008782053485949858,0.0074612986718584,0.01786898090741963,0.006380551470274292,0.0015626939377832222,0.03926846402603528,0.005293167790933692,0.004034643996213094,0.010407581393544526,0.010944553108907294,0.009996511412298887,0.016553935401127748,0.01254708942423886,0.010598011543057822,0.006816151210675433,0.007941355741595723,0.006550256989996953,0.013037206413941736,0.010542555428613922,0.01250456874398436,0.005609066536150548,0.010992382857897286,0.00847074432576062,0.01252601885685603,0.009436803770384906,0.010382756303485615,0.03344517178329935,0.01736647503927813,0.00873595732337217,0.010300901287293145,0.02581615005675635,0.01997128138531795,0.013023197820802428,0.0278000272764167,0.012471553190588507,0.013156926881649171,0.008263085775864374,0.01044728051858783,0.008044051064092325,0.010138362611243018,0.014251295082952285,0.010542555428613922,0.015044057140670272,0.01869899363283644,0.009883030330833554,0.01257341349921873,0.007132959750789568,0.012033642354200862,0.010640346268675206,0.007647848805081136,0.01825486802411092,0.008620699506738098,0.008046432487860798,0.025276789054085487,0.009721198918960788,0.007052441200484845,0.00944182698031677,0.008711486820796189
Colombia,0.004153931488384253,0.004640952210227037,0.00452239615700118,0.003699730463426827,0.009929242695987328,0.0020633636939565115,0.006164392011721032,0.004841197563044427,0.0011853848549756448,0.0031291120797396037,0.011666215188378572,0.004401724968658959,0.017204232532373628,0.00039805519419017525,0.002788893978822477,0.01586713265632291,0.009911270659634291,0.013430174824145755,1.0,0.006302671473862821,0.004766364719926302,0.0036748523032870553,0.01803441436595358,0.0070288293656508415,0.001788087281878444,0.03259252936095949,0.004121311530887143,0.00789478252688764,0.002971194698910791,0.008820885270046477,0.003187008329711388,0.006243647950618106,0.007864364752001916,0.0070963579910213554,0.0005933177320582529,0.006566621353150876,0.006096665892048359,0.0076999844867428925,0.01154626535266175,0.013447754888640697,0.036278711468803286,0.009223616807228354,0.009511525992552996,0.0030550398544381668,0.0028993342382238694,0.010002111560291063,0.006270360193025027,0.0012272461336907763,0.018650724380327048,0.009122637650467648,0.005629277807175288,0.007631557532799273,0.0012660950268685283,0.002910565882820761,0.0009878841367082184,0.00900184319965196,0.0025514409656445846,0.0051238839436054395,0.007219818613136381,0.005737275521595536,0.003203898674110913,0.020159665290275016,0.003990934102873955,0.006213286224324344,0.0031945108430366867,0.01867936194736063,0.006708710918848453,0.0007436916080342083,0.0146320679626582,0.0011235703453411564,0.005833371146726294,0.005186473676215383,0.003603289098125143,0.007956601136587745,0.00333058000178551,0.0058135945461477165,0.002910565882820761,0.0017144132171637862,0.008964586873059056,0.0035808692607789973,0.0009437824094949758,0.007872151470123974,0.004450462112655481,0.0032585714091598154,0.0057971638084299846,0.004924516324331075,0.006062986093680907,0.005395655802997883,0.01189707853986201,0.003810011198740114,0.006714571996036155,0.004072123796483616,0.021740008044447583
Costa Rica,0.0034356581636933834,0.010772907603030665,0.0029119984879885166,0.003198303988238877,0.003808178372992128,0.004330537482127329,0.004163561393417804,0.004392572258306857,0.007428805808264131,0.00811755700743998,0.008334731485266027,0.010539387721559301,0.022514630279608257,0.006299839077795267,0.003981119917553275,0.022086480128938806,0.004147264081477812,0.008309112091310683,0.006302671473862821,1.0,0.004830859795660146,0.003341181584863084,0.01502129642705253,0.0034026664065053397,0.007821758200350254,0.03610586767279467,0.010265779026939762,0.006334907590329301,0.0035173840238736536,0.004460284280063716,0.003996574127039147,0.008883726901285978,0.006416412646380911,0.011888943240889842,0.006624409606439547,0.005970751444837344,0.0019901090209918245,0.012644845936813759,0.009450632070927216,0.008709872779768273,0.03741148821907299,0.005437846773339348,0.00437708839501471,0.003966943552415086,0.004149279898969571,0.004871634348596377,0.008781896615737335,0.005535372526816509,0.016499016211549238,0.004375452209135688,0.0037364808146201174,0.005339233215511189,0.005458857948126623,0.0038940129387140844,0.005477240393644037,0.0060005573245662325,0.004189152161530541,0.003554408240157025,0.0077025459690999885,0.005618444160237797,0.0036313658444062855,0.025576814879044337,0.010138657640380556,0.0030791138665299325,0.0034340496597265488,0.022347911359144906,0.012575777658763892,0.00598718254538849,0.02051506224248737,0.005685479141705401,0.004946071198310667,0.003196474704412563,0.0030954299923535403,0.003997761370656017,0.0038704010095221204,0.00602924160080928,0.0038940129387140844,0.007937814755473626,0.013983292956507703,0.00359815409467738,0.005609964754251941,0.006308805615637205,0.004902203395409854,0.003920322051653064,0.002684231363323162,0.01114915496596025,0.005749515969305924,0.0028571942017249262,0.017889423721674347,0.0029228829331665713,0.0026407611837185115,0.0037957131940747598,0.016492793456116244
